city,nis,date,delta,total
Aartselaar,11001,2020-04-01,0,12
Aartselaar,11001,2020-04-02,2,14
Aartselaar,11001,2020-04-03,0,14
Aartselaar,11001,2020-04-04,0,14
Aartselaar,11001,2020-04-05,1,15
Aartselaar,11001,2020-04-06,5,20
Aartselaar,11001,2020-04-07,1,21
Aartselaar,11001,2020-04-08,0,21
Aartselaar,11001,2020-04-09,3,24
Aartselaar,11001,2020-04-10,2,26
Aartselaar,11001,2020-04-11,36,62
Aartselaar,11001,2020-04-12,34,96
Aartselaar,11001,2020-04-13,8,104
Aartselaar,11001,2020-04-14,1,105
Aartselaar,11001,2020-04-15,0,105
Aartselaar,11001,2020-04-16,3,108
Aartselaar,11001,2020-04-17,0,108
Aartselaar,11001,2020-04-18,1,109
Aartselaar,11001,2020-04-19,0,109
Aartselaar,11001,2020-04-20,0,109
Aartselaar,11001,2020-04-21,2,111
Aartselaar,11001,2020-04-22,1,112
Aartselaar,11001,2020-04-23,1,113
Aartselaar,11001,2020-04-24,1,114
Aartselaar,11001,2020-04-25,2,116
Aartselaar,11001,2020-04-26,2,118
Aartselaar,11001,2020-04-27,0,118
Aartselaar,11001,2020-04-28,1,119
Aartselaar,11001,2020-04-29,0,119
Aartselaar,11001,2020-04-30,1,120
Aartselaar,11001,2020-05-01,1,121
Aartselaar,11001,2020-05-02,3,124
Aartselaar,11001,2020-05-03,0,124
Aartselaar,11001,2020-05-04,0,124
Aartselaar,11001,2020-05-05,0,124
Aartselaar,11001,2020-05-06,0,124
Aartselaar,11001,2020-05-07,2,126
Aartselaar,11001,2020-05-08,1,127
Aartselaar,11001,2020-05-09,0,127
Aartselaar,11001,2020-05-10,0,127
Aartselaar,11001,2020-05-11,0,127
Aartselaar,11001,2020-05-12,0,127
Aartselaar,11001,2020-05-13,0,127
Aartselaar,11001,2020-05-14,0,127
Aartselaar,11001,2020-05-15,0,127
Aartselaar,11001,2020-05-16,0,127
Aartselaar,11001,2020-05-17,0,127
Aartselaar,11001,2020-05-18,0,127
Aartselaar,11001,2020-05-19,0,127
Aartselaar,11001,2020-05-20,0,127
Aartselaar,11001,2020-05-21,1,128
Aartselaar,11001,2020-05-22,1,129
Aartselaar,11001,2020-05-23,1,130
Aartselaar,11001,2020-05-24,1,131
Aartselaar,11001,2020-05-25,0,131
Aartselaar,11001,2020-05-26,0,131
Aartselaar,11001,2020-05-27,0,131
Aartselaar,11001,2020-05-28,0,131
Aartselaar,11001,2020-05-29,0,131
Aartselaar,11001,2020-05-30,0,131
Aartselaar,11001,2020-05-31,0,131
Aartselaar,11001,2020-06-01,0,131
Aartselaar,11001,2020-06-02,1,132
Aartselaar,11001,2020-06-03,0,132
Aartselaar,11001,2020-06-04,0,132
Aartselaar,11001,2020-06-05,0,132
Aartselaar,11001,2020-06-06,0,132
Aartselaar,11001,2020-06-07,0,132
Aartselaar,11001,2020-06-08,0,132
Aartselaar,11001,2020-06-09,0,132
Aartselaar,11001,2020-06-10,0,132
Aartselaar,11001,2020-06-11,0,132
Aartselaar,11001,2020-06-12,0,132
Aartselaar,11001,2020-06-13,0,132
Aartselaar,11001,2020-06-14,0,132
Aartselaar,11001,2020-06-15,0,132
Aartselaar,11001,2020-06-16,0,132
Aartselaar,11001,2020-06-17,0,132
Aartselaar,11001,2020-06-18,0,132
Aartselaar,11001,2020-06-19,0,132
Aartselaar,11001,2020-06-20,0,132
Aartselaar,11001,2020-06-23,0,132
Aartselaar,11001,2020-06-24,0,132
Aartselaar,11001,2020-06-25,0,132
Aartselaar,11001,2020-06-26,0,132
Aartselaar,11001,2020-06-27,0,132
Aartselaar,11001,2020-06-30,1,133
Aartselaar,11001,2020-07-01,0,133
Aartselaar,11001,2020-07-02,0,133
Aartselaar,11001,2020-07-03,1,134
Aartselaar,11001,2020-07-04,0,134
Aartselaar,11001,2020-07-07,0,134
Aartselaar,11001,2020-07-08,0,134
Aartselaar,11001,2020-07-09,0,134
Aartselaar,11001,2020-07-10,0,134
Aartselaar,11001,2020-07-11,0,134
Aartselaar,11001,2020-07-14,0,134
Aartselaar,11001,2020-07-15,0,134
Aartselaar,11001,2020-07-16,0,134
Aartselaar,11001,2020-07-17,3,137
Aartselaar,11001,2020-07-18,1,138
Aartselaar,11001,2020-07-20,0,138
Aartselaar,11001,2020-07-21,1,139
Aartselaar,11001,2020-07-22,0,139
Aartselaar,11001,2020-07-23,1,140
Aartselaar,11001,2020-07-24,0,140
Aartselaar,11001,2020-07-25,3,143
Aartselaar,11001,2020-07-26,2,145
Aartselaar,11001,2020-07-27,0,145
Aartselaar,11001,2020-07-28,0,145
Aartselaar,11001,2020-07-29,0,145
Aartselaar,11001,2020-07-30,1,146
Aartselaar,11001,2020-07-31,2,148
Aartselaar,11001,2020-08-01,0,148
Aartselaar,11001,2020-08-02,2,150
Aartselaar,11001,2020-08-03,3,153
Aartselaar,11001,2020-08-04,0,153
Aartselaar,11001,2020-08-05,0,153
Aartselaar,11001,2020-08-06,0,153
Aartselaar,11001,2020-08-07,1,154
Aartselaar,11001,2020-08-08,3,157
Aartselaar,11001,2020-08-09,1,158
Aartselaar,11001,2020-08-10,0,158
Aartselaar,11001,2020-08-11,0,158
Aartselaar,11001,2020-08-12,0,158
Aartselaar,11001,2020-08-13,1,159
Aartselaar,11001,2020-08-14,3,162
Aartselaar,11001,2020-08-15,0,162
Aartselaar,11001,2020-08-16,0,162
Aartselaar,11001,2020-08-17,0,162
Aartselaar,11001,2020-08-18,0,162
Aartselaar,11001,2020-08-19,0,162
Aartselaar,11001,2020-08-20,1,163
Aartselaar,11001,2020-08-21,1,164
Aartselaar,11001,2020-08-22,1,165
Aartselaar,11001,2020-08-23,1,166
Aartselaar,11001,2020-08-24,4,170
Aartselaar,11001,2020-08-25,0,170
Aartselaar,11001,2020-08-26,1,171
Aartselaar,11001,2020-08-27,0,171
Aartselaar,11001,2020-08-28,1,172
Aartselaar,11001,2020-08-29,2,174
Aartselaar,11001,2020-08-30,1,175
Aartselaar,11001,2020-08-31,2,177
Aartselaar,11001,2020-09-01,0,177
Aartselaar,11001,2020-09-02,1,178
Aartselaar,11001,2020-09-03,0,178
Aartselaar,11001,2020-09-04,1,179
Aartselaar,11001,2020-09-05,0,179
Aartselaar,11001,2020-09-06,1,180
Aartselaar,11001,2020-09-07,1,181
Aartselaar,11001,2020-09-08,0,181
Aartselaar,11001,2020-09-09,1,182
Aartselaar,11001,2020-09-10,1,183
Aartselaar,11001,2020-09-11,2,185
Aartselaar,11001,2020-09-12,0,185
Aartselaar,11001,2020-09-13,2,187
Aartselaar,11001,2020-09-14,2,189
Aartselaar,11001,2020-09-15,2,191
Aartselaar,11001,2020-09-16,1,192
Aartselaar,11001,2020-09-17,1,193
Aartselaar,11001,2020-09-18,3,196
Aartselaar,11001,2020-09-19,3,199
Aartselaar,11001,2020-09-20,-1,198
Aartselaar,11001,2020-09-21,3,201
Aartselaar,11001,2020-09-22,1,202
Aartselaar,11001,2020-09-23,1,203
Aartselaar,11001,2020-09-24,2,205
Aartselaar,11001,2020-09-25,3,208
Aartselaar,11001,2020-09-26,2,210
Aartselaar,11001,2020-09-27,4,214
Aartselaar,11001,2020-09-28,1,215
Aartselaar,11001,2020-09-29,5,220
Aartselaar,11001,2020-09-30,2,222
Aartselaar,11001,2020-10-01,1,223
Aartselaar,11001,2020-10-02,5,228
Aartselaar,11001,2020-10-03,2,230
Aartselaar,11001,2020-10-04,1,231
Aartselaar,11001,2020-10-05,0,231
Aartselaar,11001,2020-10-06,1,232
Aartselaar,11001,2020-10-07,2,234
Aartselaar,11001,2020-10-08,3,237
Aartselaar,11001,2020-10-09,4,241
Aartselaar,11001,2020-10-10,4,245
Aartselaar,11001,2020-10-11,10,255
Aartselaar,11001,2020-10-12,5,260
Aartselaar,11001,2020-10-13,3,263
Aartselaar,11001,2020-10-14,7,270
Aartselaar,11001,2020-10-15,5,275
Aartselaar,11001,2020-10-16,10,285
Aartselaar,11001,2020-10-17,7,292
Aartselaar,11001,2020-10-18,11,303
Aartselaar,11001,2020-10-19,3,306
Aartselaar,11001,2020-10-20,4,310
Aartselaar,11001,2020-10-21,7,317
Aartselaar,11001,2020-10-22,5,322
Aartselaar,11001,2020-10-23,2,324
Aartselaar,11001,2020-10-24,7,331
Aartselaar,11001,2020-10-25,7,338
Aartselaar,11001,2020-10-26,9,347
Aartselaar,11001,2020-10-27,16,363
Aartselaar,11001,2020-10-28,15,378
Aartselaar,11001,2020-10-29,18,396
Aartselaar,11001,2020-10-30,14,410
Aartselaar,11001,2020-10-31,17,427
Aartselaar,11001,2020-11-01,12,439
Aartselaar,11001,2020-11-02,4,443
Aartselaar,11001,2020-11-03,8,451
Aartselaar,11001,2020-11-04,5,456
Aartselaar,11001,2020-11-05,10,466
Aartselaar,11001,2020-11-06,7,473
Aartselaar,11001,2020-11-07,5,478
Aartselaar,11001,2020-11-08,6,484
Aartselaar,11001,2020-11-09,12,496
Aartselaar,11001,2020-11-10,3,499
Aartselaar,11001,2020-11-11,3,502
Antwerpen,11002,2020-04-01,52,530
Antwerpen,11002,2020-04-02,62,592
Antwerpen,11002,2020-04-03,31,623
Antwerpen,11002,2020-04-04,55,678
Antwerpen,11002,2020-04-05,57,735
Antwerpen,11002,2020-04-06,61,796
Antwerpen,11002,2020-04-07,39,835
Antwerpen,11002,2020-04-08,31,866
Antwerpen,11002,2020-04-09,61,927
Antwerpen,11002,2020-04-10,61,988
Antwerpen,11002,2020-04-11,44,1032
Antwerpen,11002,2020-04-12,32,1064
Antwerpen,11002,2020-04-13,23,1087
Antwerpen,11002,2020-04-14,12,1099
Antwerpen,11002,2020-04-15,94,1193
Antwerpen,11002,2020-04-16,25,1218
Antwerpen,11002,2020-04-17,41,1259
Antwerpen,11002,2020-04-18,54,1313
Antwerpen,11002,2020-04-19,36,1349
Antwerpen,11002,2020-04-20,26,1375
Antwerpen,11002,2020-04-21,34,1409
Antwerpen,11002,2020-04-22,19,1428
Antwerpen,11002,2020-04-23,45,1473
Antwerpen,11002,2020-04-24,91,1564
Antwerpen,11002,2020-04-25,54,1618
Antwerpen,11002,2020-04-26,46,1664
Antwerpen,11002,2020-04-27,19,1683
Antwerpen,11002,2020-04-28,16,1699
Antwerpen,11002,2020-04-29,26,1725
Antwerpen,11002,2020-04-30,32,1757
Antwerpen,11002,2020-05-01,51,1808
Antwerpen,11002,2020-05-02,67,1875
Antwerpen,11002,2020-05-03,25,1900
Antwerpen,11002,2020-05-04,47,1947
Antwerpen,11002,2020-05-05,15,1962
Antwerpen,11002,2020-05-06,15,1977
Antwerpen,11002,2020-05-07,33,2010
Antwerpen,11002,2020-05-08,52,2062
Antwerpen,11002,2020-05-09,27,2089
Antwerpen,11002,2020-05-10,30,2119
Antwerpen,11002,2020-05-11,20,2139
Antwerpen,11002,2020-05-12,16,2155
Antwerpen,11002,2020-05-13,14,2169
Antwerpen,11002,2020-05-14,17,2186
Antwerpen,11002,2020-05-15,34,2220
Antwerpen,11002,2020-05-16,10,2230
Antwerpen,11002,2020-05-17,25,2255
Antwerpen,11002,2020-05-18,18,2273
Antwerpen,11002,2020-05-19,8,2281
Antwerpen,11002,2020-05-20,8,2289
Antwerpen,11002,2020-05-21,21,2310
Antwerpen,11002,2020-05-22,9,2319
Antwerpen,11002,2020-05-23,11,2330
Antwerpen,11002,2020-05-24,10,2340
Antwerpen,11002,2020-05-25,17,2357
Antwerpen,11002,2020-05-26,9,2366
Antwerpen,11002,2020-05-27,12,2378
Antwerpen,11002,2020-05-28,14,2392
Antwerpen,11002,2020-05-29,7,2399
Antwerpen,11002,2020-05-30,5,2404
Antwerpen,11002,2020-05-31,14,2418
Antwerpen,11002,2020-06-01,13,2431
Antwerpen,11002,2020-06-02,7,2438
Antwerpen,11002,2020-06-03,6,2444
Antwerpen,11002,2020-06-04,7,2451
Antwerpen,11002,2020-06-05,12,2463
Antwerpen,11002,2020-06-06,21,2484
Antwerpen,11002,2020-06-07,15,2499
Antwerpen,11002,2020-06-08,7,2506
Antwerpen,11002,2020-06-09,2,2508
Antwerpen,11002,2020-06-10,10,2518
Antwerpen,11002,2020-06-11,10,2528
Antwerpen,11002,2020-06-12,6,2534
Antwerpen,11002,2020-06-13,5,2539
Antwerpen,11002,2020-06-14,9,2548
Antwerpen,11002,2020-06-15,8,2556
Antwerpen,11002,2020-06-16,2,2558
Antwerpen,11002,2020-06-17,4,2562
Antwerpen,11002,2020-06-18,6,2568
Antwerpen,11002,2020-06-19,13,2581
Antwerpen,11002,2020-06-20,5,2586
Antwerpen,11002,2020-06-23,26,2612
Antwerpen,11002,2020-06-24,5,2617
Antwerpen,11002,2020-06-25,15,2632
Antwerpen,11002,2020-06-26,4,2636
Antwerpen,11002,2020-06-27,10,2646
Antwerpen,11002,2020-06-30,25,2671
Antwerpen,11002,2020-07-01,1,2672
Antwerpen,11002,2020-07-02,8,2680
Antwerpen,11002,2020-07-03,21,2701
Antwerpen,11002,2020-07-04,5,2706
Antwerpen,11002,2020-07-07,40,2746
Antwerpen,11002,2020-07-08,8,2754
Antwerpen,11002,2020-07-09,10,2764
Antwerpen,11002,2020-07-10,18,2782
Antwerpen,11002,2020-07-11,21,2803
Antwerpen,11002,2020-07-14,44,2847
Antwerpen,11002,2020-07-15,8,2855
Antwerpen,11002,2020-07-16,30,2885
Antwerpen,11002,2020-07-17,46,2931
Antwerpen,11002,2020-07-18,55,2986
Antwerpen,11002,2020-07-20,135,3121
Antwerpen,11002,2020-07-21,46,3167
Antwerpen,11002,2020-07-22,43,3210
Antwerpen,11002,2020-07-23,106,3316
Antwerpen,11002,2020-07-24,35,3351
Antwerpen,11002,2020-07-25,72,3423
Antwerpen,11002,2020-07-26,202,3625
Antwerpen,11002,2020-07-27,102,3727
Antwerpen,11002,2020-07-28,168,3895
Antwerpen,11002,2020-07-29,59,3954
Antwerpen,11002,2020-07-30,190,4144
Antwerpen,11002,2020-07-31,198,4342
Antwerpen,11002,2020-08-01,150,4492
Antwerpen,11002,2020-08-02,170,4662
Antwerpen,11002,2020-08-03,95,4757
Antwerpen,11002,2020-08-04,166,4923
Antwerpen,11002,2020-08-05,81,5004
Antwerpen,11002,2020-08-06,89,5093
Antwerpen,11002,2020-08-07,241,5334
Antwerpen,11002,2020-08-08,160,5494
Antwerpen,11002,2020-08-09,116,5610
Antwerpen,11002,2020-08-10,138,5748
Antwerpen,11002,2020-08-11,124,5872
Antwerpen,11002,2020-08-12,102,5974
Antwerpen,11002,2020-08-13,101,6075
Antwerpen,11002,2020-08-14,66,6141
Antwerpen,11002,2020-08-15,159,6300
Antwerpen,11002,2020-08-16,86,6386
Antwerpen,11002,2020-08-17,55,6441
Antwerpen,11002,2020-08-18,55,6496
Antwerpen,11002,2020-08-19,30,6526
Antwerpen,11002,2020-08-20,66,6592
Antwerpen,11002,2020-08-21,45,6637
Antwerpen,11002,2020-08-22,100,6737
Antwerpen,11002,2020-08-23,71,6808
Antwerpen,11002,2020-08-24,76,6884
Antwerpen,11002,2020-08-25,23,6907
Antwerpen,11002,2020-08-26,39,6946
Antwerpen,11002,2020-08-27,80,7026
Antwerpen,11002,2020-08-28,51,7077
Antwerpen,11002,2020-08-29,50,7127
Antwerpen,11002,2020-08-30,61,7188
Antwerpen,11002,2020-08-31,43,7231
Antwerpen,11002,2020-09-01,48,7279
Antwerpen,11002,2020-09-02,25,7304
Antwerpen,11002,2020-09-03,56,7360
Antwerpen,11002,2020-09-04,82,7442
Antwerpen,11002,2020-09-05,58,7500
Antwerpen,11002,2020-09-06,77,7577
Antwerpen,11002,2020-09-07,55,7632
Antwerpen,11002,2020-09-08,68,7700
Antwerpen,11002,2020-09-09,43,7743
Antwerpen,11002,2020-09-10,62,7805
Antwerpen,11002,2020-09-11,103,7908
Antwerpen,11002,2020-09-12,113,8021
Antwerpen,11002,2020-09-13,128,8149
Antwerpen,11002,2020-09-14,116,8265
Antwerpen,11002,2020-09-15,93,8358
Antwerpen,11002,2020-09-16,51,8409
Antwerpen,11002,2020-09-17,109,8518
Antwerpen,11002,2020-09-18,99,8617
Antwerpen,11002,2020-09-19,203,8820
Antwerpen,11002,2020-09-20,115,8935
Antwerpen,11002,2020-09-21,155,9090
Antwerpen,11002,2020-09-22,134,9224
Antwerpen,11002,2020-09-23,131,9355
Antwerpen,11002,2020-09-24,144,9499
Antwerpen,11002,2020-09-25,161,9660
Antwerpen,11002,2020-09-26,173,9833
Antwerpen,11002,2020-09-27,226,10059
Antwerpen,11002,2020-09-28,126,10185
Antwerpen,11002,2020-09-29,109,10294
Antwerpen,11002,2020-09-30,89,10383
Antwerpen,11002,2020-10-01,149,10532
Antwerpen,11002,2020-10-02,186,10718
Antwerpen,11002,2020-10-03,184,10902
Antwerpen,11002,2020-10-04,187,11089
Antwerpen,11002,2020-10-05,153,11242
Antwerpen,11002,2020-10-06,70,11312
Antwerpen,11002,2020-10-07,121,11433
Antwerpen,11002,2020-10-08,225,11658
Antwerpen,11002,2020-10-09,216,11874
Antwerpen,11002,2020-10-10,285,12159
Antwerpen,11002,2020-10-11,303,12462
Antwerpen,11002,2020-10-12,196,12658
Antwerpen,11002,2020-10-13,228,12886
Antwerpen,11002,2020-10-14,247,13133
Antwerpen,11002,2020-10-15,274,13407
Antwerpen,11002,2020-10-16,357,13764
Antwerpen,11002,2020-10-17,504,14268
Antwerpen,11002,2020-10-18,294,14562
Antwerpen,11002,2020-10-19,229,14791
Antwerpen,11002,2020-10-20,356,15147
Antwerpen,11002,2020-10-21,370,15517
Antwerpen,11002,2020-10-22,397,15914
Antwerpen,11002,2020-10-23,439,16353
Antwerpen,11002,2020-10-24,516,16869
Antwerpen,11002,2020-10-25,486,17355
Antwerpen,11002,2020-10-26,460,17815
Antwerpen,11002,2020-10-27,410,18225
Antwerpen,11002,2020-10-28,506,18731
Antwerpen,11002,2020-10-29,648,19379
Antwerpen,11002,2020-10-30,898,20277
Antwerpen,11002,2020-10-31,589,20866
Antwerpen,11002,2020-11-01,517,21383
Antwerpen,11002,2020-11-02,320,21703
Antwerpen,11002,2020-11-03,205,21908
Antwerpen,11002,2020-11-04,167,22075
Antwerpen,11002,2020-11-05,599,22674
Antwerpen,11002,2020-11-06,300,22974
Antwerpen,11002,2020-11-07,298,23272
Antwerpen,11002,2020-11-08,186,23458
Antwerpen,11002,2020-11-09,370,23828
Antwerpen,11002,2020-11-10,104,23932
Antwerpen,11002,2020-11-11,134,24066
Boechout,11004,2020-04-01,0,14
Boechout,11004,2020-04-02,0,14
Boechout,11004,2020-04-03,2,16
Boechout,11004,2020-04-04,0,16
Boechout,11004,2020-04-05,3,19
Boechout,11004,2020-04-06,1,20
Boechout,11004,2020-04-07,0,20
Boechout,11004,2020-04-08,1,21
Boechout,11004,2020-04-09,0,21
Boechout,11004,2020-04-10,0,21
Boechout,11004,2020-04-11,2,23
Boechout,11004,2020-04-12,1,24
Boechout,11004,2020-04-13,0,24
Boechout,11004,2020-04-14,0,24
Boechout,11004,2020-04-15,1,25
Boechout,11004,2020-04-16,0,25
Boechout,11004,2020-04-17,0,25
Boechout,11004,2020-04-18,0,25
Boechout,11004,2020-04-19,0,25
Boechout,11004,2020-04-20,1,26
Boechout,11004,2020-04-21,1,27
Boechout,11004,2020-04-22,1,28
Boechout,11004,2020-04-23,1,29
Boechout,11004,2020-04-24,0,29
Boechout,11004,2020-04-25,0,29
Boechout,11004,2020-04-26,0,29
Boechout,11004,2020-04-27,0,29
Boechout,11004,2020-04-28,0,29
Boechout,11004,2020-04-29,0,29
Boechout,11004,2020-04-30,0,29
Boechout,11004,2020-05-01,2,31
Boechout,11004,2020-05-02,0,31
Boechout,11004,2020-05-03,1,32
Boechout,11004,2020-05-04,0,32
Boechout,11004,2020-05-05,1,33
Boechout,11004,2020-05-06,0,33
Boechout,11004,2020-05-07,1,34
Boechout,11004,2020-05-08,0,34
Boechout,11004,2020-05-09,0,34
Boechout,11004,2020-05-10,0,34
Boechout,11004,2020-05-11,0,34
Boechout,11004,2020-05-12,0,34
Boechout,11004,2020-05-13,0,34
Boechout,11004,2020-05-14,0,34
Boechout,11004,2020-05-15,0,34
Boechout,11004,2020-05-16,1,35
Boechout,11004,2020-05-17,3,38
Boechout,11004,2020-05-18,0,38
Boechout,11004,2020-05-19,0,38
Boechout,11004,2020-05-20,0,38
Boechout,11004,2020-05-21,0,38
Boechout,11004,2020-05-22,0,38
Boechout,11004,2020-05-23,0,38
Boechout,11004,2020-05-24,0,38
Boechout,11004,2020-05-25,1,39
Boechout,11004,2020-05-26,0,39
Boechout,11004,2020-05-27,0,39
Boechout,11004,2020-05-28,0,39
Boechout,11004,2020-05-29,1,40
Boechout,11004,2020-05-30,0,40
Boechout,11004,2020-05-31,1,41
Boechout,11004,2020-06-01,0,41
Boechout,11004,2020-06-02,1,42
Boechout,11004,2020-06-03,0,42
Boechout,11004,2020-06-04,0,42
Boechout,11004,2020-06-05,0,42
Boechout,11004,2020-06-06,0,42
Boechout,11004,2020-06-07,0,42
Boechout,11004,2020-06-08,0,42
Boechout,11004,2020-06-09,0,42
Boechout,11004,2020-06-10,0,42
Boechout,11004,2020-06-11,0,42
Boechout,11004,2020-06-12,0,42
Boechout,11004,2020-06-13,0,42
Boechout,11004,2020-06-14,0,42
Boechout,11004,2020-06-15,1,43
Boechout,11004,2020-06-16,0,43
Boechout,11004,2020-06-17,0,43
Boechout,11004,2020-06-18,0,43
Boechout,11004,2020-06-19,0,43
Boechout,11004,2020-06-20,0,43
Boechout,11004,2020-06-23,0,43
Boechout,11004,2020-06-24,0,43
Boechout,11004,2020-06-25,0,43
Boechout,11004,2020-06-26,0,43
Boechout,11004,2020-06-27,0,43
Boechout,11004,2020-06-30,0,43
Boechout,11004,2020-07-01,0,43
Boechout,11004,2020-07-02,0,43
Boechout,11004,2020-07-03,0,43
Boechout,11004,2020-07-04,0,43
Boechout,11004,2020-07-07,0,43
Boechout,11004,2020-07-08,0,43
Boechout,11004,2020-07-09,0,43
Boechout,11004,2020-07-10,0,43
Boechout,11004,2020-07-11,0,43
Boechout,11004,2020-07-14,0,43
Boechout,11004,2020-07-15,0,43
Boechout,11004,2020-07-16,0,43
Boechout,11004,2020-07-17,0,43
Boechout,11004,2020-07-18,1,44
Boechout,11004,2020-07-20,0,44
Boechout,11004,2020-07-21,0,44
Boechout,11004,2020-07-22,0,44
Boechout,11004,2020-07-23,0,44
Boechout,11004,2020-07-24,0,44
Boechout,11004,2020-07-25,0,44
Boechout,11004,2020-07-26,4,48
Boechout,11004,2020-07-27,0,48
Boechout,11004,2020-07-28,2,50
Boechout,11004,2020-07-29,0,50
Boechout,11004,2020-07-30,1,51
Boechout,11004,2020-07-31,0,51
Boechout,11004,2020-08-01,0,51
Boechout,11004,2020-08-02,0,51
Boechout,11004,2020-08-03,0,51
Boechout,11004,2020-08-04,1,52
Boechout,11004,2020-08-05,1,53
Boechout,11004,2020-08-06,0,53
Boechout,11004,2020-08-07,4,57
Boechout,11004,2020-08-08,0,57
Boechout,11004,2020-08-09,0,57
Boechout,11004,2020-08-10,4,61
Boechout,11004,2020-08-11,0,61
Boechout,11004,2020-08-12,0,61
Boechout,11004,2020-08-13,0,61
Boechout,11004,2020-08-14,0,61
Boechout,11004,2020-08-15,0,61
Boechout,11004,2020-08-16,0,61
Boechout,11004,2020-08-17,0,61
Boechout,11004,2020-08-18,0,61
Boechout,11004,2020-08-19,0,61
Boechout,11004,2020-08-20,0,61
Boechout,11004,2020-08-21,1,62
Boechout,11004,2020-08-22,0,62
Boechout,11004,2020-08-23,0,62
Boechout,11004,2020-08-24,1,63
Boechout,11004,2020-08-25,0,63
Boechout,11004,2020-08-26,0,63
Boechout,11004,2020-08-27,1,64
Boechout,11004,2020-08-28,0,64
Boechout,11004,2020-08-29,0,64
Boechout,11004,2020-08-30,0,64
Boechout,11004,2020-08-31,0,64
Boechout,11004,2020-09-01,1,65
Boechout,11004,2020-09-02,0,65
Boechout,11004,2020-09-03,2,67
Boechout,11004,2020-09-04,1,68
Boechout,11004,2020-09-05,0,68
Boechout,11004,2020-09-06,0,68
Boechout,11004,2020-09-07,0,68
Boechout,11004,2020-09-08,0,68
Boechout,11004,2020-09-09,0,68
Boechout,11004,2020-09-10,1,69
Boechout,11004,2020-09-11,1,70
Boechout,11004,2020-09-12,0,70
Boechout,11004,2020-09-13,1,71
Boechout,11004,2020-09-14,0,71
Boechout,11004,2020-09-15,0,71
Boechout,11004,2020-09-16,3,74
Boechout,11004,2020-09-17,0,74
Boechout,11004,2020-09-18,1,75
Boechout,11004,2020-09-19,1,76
Boechout,11004,2020-09-20,1,77
Boechout,11004,2020-09-21,1,78
Boechout,11004,2020-09-22,0,78
Boechout,11004,2020-09-23,1,79
Boechout,11004,2020-09-24,1,80
Boechout,11004,2020-09-25,6,86
Boechout,11004,2020-09-26,0,86
Boechout,11004,2020-09-27,2,88
Boechout,11004,2020-09-28,2,90
Boechout,11004,2020-09-29,0,90
Boechout,11004,2020-09-30,3,93
Boechout,11004,2020-10-01,1,94
Boechout,11004,2020-10-02,2,96
Boechout,11004,2020-10-03,1,97
Boechout,11004,2020-10-04,0,97
Boechout,11004,2020-10-05,1,98
Boechout,11004,2020-10-06,1,99
Boechout,11004,2020-10-07,1,100
Boechout,11004,2020-10-08,1,101
Boechout,11004,2020-10-09,4,105
Boechout,11004,2020-10-10,3,108
Boechout,11004,2020-10-11,1,109
Boechout,11004,2020-10-12,4,113
Boechout,11004,2020-10-13,3,116
Boechout,11004,2020-10-14,7,123
Boechout,11004,2020-10-15,1,124
Boechout,11004,2020-10-16,5,129
Boechout,11004,2020-10-17,0,129
Boechout,11004,2020-10-18,8,137
Boechout,11004,2020-10-19,6,143
Boechout,11004,2020-10-20,6,149
Boechout,11004,2020-10-21,6,155
Boechout,11004,2020-10-22,2,157
Boechout,11004,2020-10-23,7,164
Boechout,11004,2020-10-24,10,174
Boechout,11004,2020-10-25,16,190
Boechout,11004,2020-10-26,11,201
Boechout,11004,2020-10-27,13,214
Boechout,11004,2020-10-28,8,222
Boechout,11004,2020-10-29,10,232
Boechout,11004,2020-10-30,11,243
Boechout,11004,2020-10-31,8,251
Boechout,11004,2020-11-01,4,255
Boechout,11004,2020-11-02,6,261
Boechout,11004,2020-11-03,3,264
Boechout,11004,2020-11-04,11,275
Boechout,11004,2020-11-05,7,282
Boechout,11004,2020-11-06,2,284
Boechout,11004,2020-11-07,6,290
Boechout,11004,2020-11-08,4,294
Boechout,11004,2020-11-09,5,299
Boechout,11004,2020-11-10,1,300
Boechout,11004,2020-11-11,1,301
Boom,11005,2020-04-01,1,23
Boom,11005,2020-04-02,3,26
Boom,11005,2020-04-03,3,29
Boom,11005,2020-04-04,1,30
Boom,11005,2020-04-05,5,35
Boom,11005,2020-04-06,1,36
Boom,11005,2020-04-07,0,36
Boom,11005,2020-04-08,1,37
Boom,11005,2020-04-09,2,39
Boom,11005,2020-04-10,2,41
Boom,11005,2020-04-11,11,52
Boom,11005,2020-04-12,5,57
Boom,11005,2020-04-13,0,57
Boom,11005,2020-04-14,0,57
Boom,11005,2020-04-15,3,60
Boom,11005,2020-04-16,2,62
Boom,11005,2020-04-17,0,62
Boom,11005,2020-04-18,3,65
Boom,11005,2020-04-19,1,66
Boom,11005,2020-04-20,0,66
Boom,11005,2020-04-21,1,67
Boom,11005,2020-04-22,2,69
Boom,11005,2020-04-23,0,69
Boom,11005,2020-04-24,0,69
Boom,11005,2020-04-25,0,69
Boom,11005,2020-04-26,2,71
Boom,11005,2020-04-27,0,71
Boom,11005,2020-04-28,0,71
Boom,11005,2020-04-29,0,71
Boom,11005,2020-04-30,1,72
Boom,11005,2020-05-01,0,72
Boom,11005,2020-05-02,1,73
Boom,11005,2020-05-03,0,73
Boom,11005,2020-05-04,2,75
Boom,11005,2020-05-05,2,77
Boom,11005,2020-05-06,0,77
Boom,11005,2020-05-07,1,78
Boom,11005,2020-05-08,0,78
Boom,11005,2020-05-09,0,78
Boom,11005,2020-05-10,0,78
Boom,11005,2020-05-11,1,79
Boom,11005,2020-05-12,0,79
Boom,11005,2020-05-13,3,82
Boom,11005,2020-05-14,0,82
Boom,11005,2020-05-15,1,83
Boom,11005,2020-05-16,0,83
Boom,11005,2020-05-17,0,83
Boom,11005,2020-05-18,1,84
Boom,11005,2020-05-19,0,84
Boom,11005,2020-05-20,0,84
Boom,11005,2020-05-21,3,87
Boom,11005,2020-05-22,1,88
Boom,11005,2020-05-23,1,89
Boom,11005,2020-05-24,4,93
Boom,11005,2020-05-25,0,93
Boom,11005,2020-05-26,0,93
Boom,11005,2020-05-27,0,93
Boom,11005,2020-05-28,-1,92
Boom,11005,2020-05-29,0,92
Boom,11005,2020-05-30,0,92
Boom,11005,2020-05-31,0,92
Boom,11005,2020-06-01,0,92
Boom,11005,2020-06-02,1,93
Boom,11005,2020-06-03,0,93
Boom,11005,2020-06-04,0,93
Boom,11005,2020-06-05,1,94
Boom,11005,2020-06-06,1,95
Boom,11005,2020-06-07,0,95
Boom,11005,2020-06-08,0,95
Boom,11005,2020-06-09,0,95
Boom,11005,2020-06-10,0,95
Boom,11005,2020-06-11,0,95
Boom,11005,2020-06-12,0,95
Boom,11005,2020-06-13,0,95
Boom,11005,2020-06-14,0,95
Boom,11005,2020-06-15,0,95
Boom,11005,2020-06-16,0,95
Boom,11005,2020-06-17,0,95
Boom,11005,2020-06-18,1,96
Boom,11005,2020-06-19,0,96
Boom,11005,2020-06-20,0,96
Boom,11005,2020-06-23,0,96
Boom,11005,2020-06-24,0,96
Boom,11005,2020-06-25,0,96
Boom,11005,2020-06-26,0,96
Boom,11005,2020-06-27,0,96
Boom,11005,2020-06-30,0,96
Boom,11005,2020-07-01,0,96
Boom,11005,2020-07-02,0,96
Boom,11005,2020-07-03,1,97
Boom,11005,2020-07-04,1,98
Boom,11005,2020-07-07,0,98
Boom,11005,2020-07-08,0,98
Boom,11005,2020-07-09,0,98
Boom,11005,2020-07-10,1,99
Boom,11005,2020-07-11,0,99
Boom,11005,2020-07-14,7,106
Boom,11005,2020-07-15,0,106
Boom,11005,2020-07-16,1,107
Boom,11005,2020-07-17,2,109
Boom,11005,2020-07-18,0,109
Boom,11005,2020-07-20,2,111
Boom,11005,2020-07-21,0,111
Boom,11005,2020-07-22,1,112
Boom,11005,2020-07-23,1,113
Boom,11005,2020-07-24,3,116
Boom,11005,2020-07-25,4,120
Boom,11005,2020-07-26,4,124
Boom,11005,2020-07-27,4,128
Boom,11005,2020-07-28,2,130
Boom,11005,2020-07-29,0,130
Boom,11005,2020-07-30,0,130
Boom,11005,2020-07-31,2,132
Boom,11005,2020-08-01,12,144
Boom,11005,2020-08-02,5,149
Boom,11005,2020-08-03,2,151
Boom,11005,2020-08-04,1,152
Boom,11005,2020-08-05,3,155
Boom,11005,2020-08-06,1,156
Boom,11005,2020-08-07,7,163
Boom,11005,2020-08-08,4,167
Boom,11005,2020-08-09,3,170
Boom,11005,2020-08-10,4,174
Boom,11005,2020-08-11,4,178
Boom,11005,2020-08-12,1,179
Boom,11005,2020-08-13,0,179
Boom,11005,2020-08-14,1,180
Boom,11005,2020-08-15,3,183
Boom,11005,2020-08-16,2,185
Boom,11005,2020-08-17,0,185
Boom,11005,2020-08-18,2,187
Boom,11005,2020-08-19,0,187
Boom,11005,2020-08-20,2,189
Boom,11005,2020-08-21,1,190
Boom,11005,2020-08-22,4,194
Boom,11005,2020-08-23,0,194
Boom,11005,2020-08-24,1,195
Boom,11005,2020-08-25,0,195
Boom,11005,2020-08-26,0,195
Boom,11005,2020-08-27,0,195
Boom,11005,2020-08-28,1,196
Boom,11005,2020-08-29,1,197
Boom,11005,2020-08-30,0,197
Boom,11005,2020-08-31,0,197
Boom,11005,2020-09-01,0,197
Boom,11005,2020-09-02,3,200
Boom,11005,2020-09-03,0,200
Boom,11005,2020-09-04,3,203
Boom,11005,2020-09-05,0,203
Boom,11005,2020-09-06,1,204
Boom,11005,2020-09-07,2,206
Boom,11005,2020-09-08,1,207
Boom,11005,2020-09-09,0,207
Boom,11005,2020-09-10,1,208
Boom,11005,2020-09-11,8,216
Boom,11005,2020-09-12,7,223
Boom,11005,2020-09-13,4,227
Boom,11005,2020-09-14,9,236
Boom,11005,2020-09-15,10,246
Boom,11005,2020-09-16,2,248
Boom,11005,2020-09-17,5,253
Boom,11005,2020-09-18,8,261
Boom,11005,2020-09-19,17,278
Boom,11005,2020-09-20,5,283
Boom,11005,2020-09-21,10,293
Boom,11005,2020-09-22,5,298
Boom,11005,2020-09-23,6,304
Boom,11005,2020-09-24,12,316
Boom,11005,2020-09-25,6,322
Boom,11005,2020-09-26,6,328
Boom,11005,2020-09-27,11,339
Boom,11005,2020-09-28,6,345
Boom,11005,2020-09-29,3,348
Boom,11005,2020-09-30,0,348
Boom,11005,2020-10-01,3,351
Boom,11005,2020-10-02,5,356
Boom,11005,2020-10-03,12,368
Boom,11005,2020-10-04,0,368
Boom,11005,2020-10-05,8,376
Boom,11005,2020-10-06,1,377
Boom,11005,2020-10-07,0,377
Boom,11005,2020-10-08,4,381
Boom,11005,2020-10-09,4,385
Boom,11005,2020-10-10,3,388
Boom,11005,2020-10-11,2,390
Boom,11005,2020-10-12,6,396
Boom,11005,2020-10-13,3,399
Boom,11005,2020-10-14,6,405
Boom,11005,2020-10-15,4,409
Boom,11005,2020-10-16,13,422
Boom,11005,2020-10-17,12,434
Boom,11005,2020-10-18,6,440
Boom,11005,2020-10-19,5,445
Boom,11005,2020-10-20,10,455
Boom,11005,2020-10-21,6,461
Boom,11005,2020-10-22,7,468
Boom,11005,2020-10-23,13,481
Boom,11005,2020-10-24,8,489
Boom,11005,2020-10-25,19,508
Boom,11005,2020-10-26,15,523
Boom,11005,2020-10-27,11,534
Boom,11005,2020-10-28,14,548
Boom,11005,2020-10-29,33,581
Boom,11005,2020-10-30,18,599
Boom,11005,2020-10-31,36,635
Boom,11005,2020-11-01,14,649
Boom,11005,2020-11-02,18,667
Boom,11005,2020-11-03,7,674
Boom,11005,2020-11-04,7,681
Boom,11005,2020-11-05,13,694
Boom,11005,2020-11-06,9,703
Boom,11005,2020-11-07,16,719
Boom,11005,2020-11-08,8,727
Boom,11005,2020-11-09,9,736
Boom,11005,2020-11-10,5,741
Boom,11005,2020-11-11,5,746
Borsbeek,11007,2020-04-01,0,6
Borsbeek,11007,2020-04-02,1,7
Borsbeek,11007,2020-04-03,0,7
Borsbeek,11007,2020-04-04,0,7
Borsbeek,11007,2020-04-05,5,12
Borsbeek,11007,2020-04-06,6,18
Borsbeek,11007,2020-04-07,6,24
Borsbeek,11007,2020-04-08,0,24
Borsbeek,11007,2020-04-09,7,31
Borsbeek,11007,2020-04-10,2,33
Borsbeek,11007,2020-04-11,4,37
Borsbeek,11007,2020-04-12,3,40
Borsbeek,11007,2020-04-13,0,40
Borsbeek,11007,2020-04-14,0,40
Borsbeek,11007,2020-04-15,0,40
Borsbeek,11007,2020-04-16,2,42
Borsbeek,11007,2020-04-17,0,42
Borsbeek,11007,2020-04-18,3,45
Borsbeek,11007,2020-04-19,0,45
Borsbeek,11007,2020-04-20,1,46
Borsbeek,11007,2020-04-21,26,72
Borsbeek,11007,2020-04-22,11,83
Borsbeek,11007,2020-04-23,2,85
Borsbeek,11007,2020-04-24,0,85
Borsbeek,11007,2020-04-25,0,85
Borsbeek,11007,2020-04-26,2,87
Borsbeek,11007,2020-04-27,0,87
Borsbeek,11007,2020-04-28,0,87
Borsbeek,11007,2020-04-29,0,87
Borsbeek,11007,2020-04-30,0,87
Borsbeek,11007,2020-05-01,1,88
Borsbeek,11007,2020-05-02,0,88
Borsbeek,11007,2020-05-03,0,88
Borsbeek,11007,2020-05-04,0,88
Borsbeek,11007,2020-05-05,0,88
Borsbeek,11007,2020-05-06,1,89
Borsbeek,11007,2020-05-07,0,89
Borsbeek,11007,2020-05-08,1,90
Borsbeek,11007,2020-05-09,1,91
Borsbeek,11007,2020-05-10,0,91
Borsbeek,11007,2020-05-11,0,91
Borsbeek,11007,2020-05-12,0,91
Borsbeek,11007,2020-05-13,0,91
Borsbeek,11007,2020-05-14,0,91
Borsbeek,11007,2020-05-15,1,92
Borsbeek,11007,2020-05-16,0,92
Borsbeek,11007,2020-05-17,0,92
Borsbeek,11007,2020-05-18,0,92
Borsbeek,11007,2020-05-19,0,92
Borsbeek,11007,2020-05-20,0,92
Borsbeek,11007,2020-05-21,1,93
Borsbeek,11007,2020-05-22,0,93
Borsbeek,11007,2020-05-23,1,94
Borsbeek,11007,2020-05-24,0,94
Borsbeek,11007,2020-05-25,0,94
Borsbeek,11007,2020-05-26,0,94
Borsbeek,11007,2020-05-27,0,94
Borsbeek,11007,2020-05-28,0,94
Borsbeek,11007,2020-05-29,0,94
Borsbeek,11007,2020-05-30,0,94
Borsbeek,11007,2020-05-31,0,94
Borsbeek,11007,2020-06-01,0,94
Borsbeek,11007,2020-06-02,0,94
Borsbeek,11007,2020-06-03,0,94
Borsbeek,11007,2020-06-04,0,94
Borsbeek,11007,2020-06-05,0,94
Borsbeek,11007,2020-06-06,0,94
Borsbeek,11007,2020-06-07,0,94
Borsbeek,11007,2020-06-08,0,94
Borsbeek,11007,2020-06-09,0,94
Borsbeek,11007,2020-06-10,0,94
Borsbeek,11007,2020-06-11,0,94
Borsbeek,11007,2020-06-12,0,94
Borsbeek,11007,2020-06-13,0,94
Borsbeek,11007,2020-06-14,0,94
Borsbeek,11007,2020-06-15,0,94
Borsbeek,11007,2020-06-16,0,94
Borsbeek,11007,2020-06-17,0,94
Borsbeek,11007,2020-06-18,0,94
Borsbeek,11007,2020-06-19,0,94
Borsbeek,11007,2020-06-20,1,95
Borsbeek,11007,2020-06-23,1,96
Borsbeek,11007,2020-06-24,0,96
Borsbeek,11007,2020-06-25,1,97
Borsbeek,11007,2020-06-26,0,97
Borsbeek,11007,2020-06-27,0,97
Borsbeek,11007,2020-06-30,0,97
Borsbeek,11007,2020-07-01,0,97
Borsbeek,11007,2020-07-02,0,97
Borsbeek,11007,2020-07-03,0,97
Borsbeek,11007,2020-07-04,0,97
Borsbeek,11007,2020-07-07,0,97
Borsbeek,11007,2020-07-08,0,97
Borsbeek,11007,2020-07-09,0,97
Borsbeek,11007,2020-07-10,0,97
Borsbeek,11007,2020-07-11,0,97
Borsbeek,11007,2020-07-14,0,97
Borsbeek,11007,2020-07-15,0,97
Borsbeek,11007,2020-07-16,0,97
Borsbeek,11007,2020-07-17,0,97
Borsbeek,11007,2020-07-18,1,98
Borsbeek,11007,2020-07-20,2,100
Borsbeek,11007,2020-07-21,1,101
Borsbeek,11007,2020-07-22,0,101
Borsbeek,11007,2020-07-23,1,102
Borsbeek,11007,2020-07-24,0,102
Borsbeek,11007,2020-07-25,2,104
Borsbeek,11007,2020-07-26,7,111
Borsbeek,11007,2020-07-27,0,111
Borsbeek,11007,2020-07-28,1,112
Borsbeek,11007,2020-07-29,3,115
Borsbeek,11007,2020-07-30,10,125
Borsbeek,11007,2020-07-31,3,128
Borsbeek,11007,2020-08-01,4,132
Borsbeek,11007,2020-08-02,1,133
Borsbeek,11007,2020-08-03,0,133
Borsbeek,11007,2020-08-04,2,135
Borsbeek,11007,2020-08-05,2,137
Borsbeek,11007,2020-08-06,1,138
Borsbeek,11007,2020-08-07,2,140
Borsbeek,11007,2020-08-08,1,141
Borsbeek,11007,2020-08-09,2,143
Borsbeek,11007,2020-08-10,2,145
Borsbeek,11007,2020-08-11,3,148
Borsbeek,11007,2020-08-12,0,148
Borsbeek,11007,2020-08-13,3,151
Borsbeek,11007,2020-08-14,0,151
Borsbeek,11007,2020-08-15,0,151
Borsbeek,11007,2020-08-16,1,152
Borsbeek,11007,2020-08-17,1,153
Borsbeek,11007,2020-08-18,0,153
Borsbeek,11007,2020-08-19,0,153
Borsbeek,11007,2020-08-20,0,153
Borsbeek,11007,2020-08-21,1,154
Borsbeek,11007,2020-08-22,1,155
Borsbeek,11007,2020-08-23,0,155
Borsbeek,11007,2020-08-24,1,156
Borsbeek,11007,2020-08-25,1,157
Borsbeek,11007,2020-08-26,0,157
Borsbeek,11007,2020-08-27,1,158
Borsbeek,11007,2020-08-28,0,158
Borsbeek,11007,2020-08-29,1,159
Borsbeek,11007,2020-08-30,0,159
Borsbeek,11007,2020-08-31,0,159
Borsbeek,11007,2020-09-01,4,163
Borsbeek,11007,2020-09-02,0,163
Borsbeek,11007,2020-09-03,0,163
Borsbeek,11007,2020-09-04,1,164
Borsbeek,11007,2020-09-05,1,165
Borsbeek,11007,2020-09-06,1,166
Borsbeek,11007,2020-09-07,0,166
Borsbeek,11007,2020-09-08,0,166
Borsbeek,11007,2020-09-09,0,166
Borsbeek,11007,2020-09-10,0,166
Borsbeek,11007,2020-09-11,0,166
Borsbeek,11007,2020-09-12,3,169
Borsbeek,11007,2020-09-13,2,171
Borsbeek,11007,2020-09-14,1,172
Borsbeek,11007,2020-09-15,1,173
Borsbeek,11007,2020-09-16,0,173
Borsbeek,11007,2020-09-17,0,173
Borsbeek,11007,2020-09-18,0,173
Borsbeek,11007,2020-09-19,1,174
Borsbeek,11007,2020-09-20,0,174
Borsbeek,11007,2020-09-21,1,175
Borsbeek,11007,2020-09-22,1,176
Borsbeek,11007,2020-09-23,1,177
Borsbeek,11007,2020-09-24,1,178
Borsbeek,11007,2020-09-25,1,179
Borsbeek,11007,2020-09-26,1,180
Borsbeek,11007,2020-09-27,0,180
Borsbeek,11007,2020-09-28,2,182
Borsbeek,11007,2020-09-29,1,183
Borsbeek,11007,2020-09-30,0,183
Borsbeek,11007,2020-10-01,3,186
Borsbeek,11007,2020-10-02,4,190
Borsbeek,11007,2020-10-03,1,191
Borsbeek,11007,2020-10-04,1,192
Borsbeek,11007,2020-10-05,1,193
Borsbeek,11007,2020-10-06,0,193
Borsbeek,11007,2020-10-07,2,195
Borsbeek,11007,2020-10-08,2,197
Borsbeek,11007,2020-10-09,4,201
Borsbeek,11007,2020-10-10,6,207
Borsbeek,11007,2020-10-11,5,212
Borsbeek,11007,2020-10-12,4,216
Borsbeek,11007,2020-10-13,1,217
Borsbeek,11007,2020-10-14,5,222
Borsbeek,11007,2020-10-15,3,225
Borsbeek,11007,2020-10-16,6,231
Borsbeek,11007,2020-10-17,7,238
Borsbeek,11007,2020-10-18,5,243
Borsbeek,11007,2020-10-19,3,246
Borsbeek,11007,2020-10-20,7,253
Borsbeek,11007,2020-10-21,5,258
Borsbeek,11007,2020-10-22,3,261
Borsbeek,11007,2020-10-23,11,272
Borsbeek,11007,2020-10-24,8,280
Borsbeek,11007,2020-10-25,6,286
Borsbeek,11007,2020-10-26,6,292
Borsbeek,11007,2020-10-27,2,294
Borsbeek,11007,2020-10-28,10,304
Borsbeek,11007,2020-10-29,8,312
Borsbeek,11007,2020-10-30,9,321
Borsbeek,11007,2020-10-31,17,338
Borsbeek,11007,2020-11-01,12,350
Borsbeek,11007,2020-11-02,10,360
Borsbeek,11007,2020-11-03,4,364
Borsbeek,11007,2020-11-04,6,370
Borsbeek,11007,2020-11-05,8,378
Borsbeek,11007,2020-11-06,2,380
Borsbeek,11007,2020-11-07,2,382
Borsbeek,11007,2020-11-08,0,382
Borsbeek,11007,2020-11-09,1,383
Borsbeek,11007,2020-11-10,3,386
Borsbeek,11007,2020-11-11,2,388
Brasschaat,11008,2020-04-01,15,36
Brasschaat,11008,2020-04-02,1,37
Brasschaat,11008,2020-04-03,1,38
Brasschaat,11008,2020-04-04,4,42
Brasschaat,11008,2020-04-05,8,50
Brasschaat,11008,2020-04-06,3,53
Brasschaat,11008,2020-04-07,3,56
Brasschaat,11008,2020-04-08,4,60
Brasschaat,11008,2020-04-09,13,73
Brasschaat,11008,2020-04-10,2,75
Brasschaat,11008,2020-04-11,5,80
Brasschaat,11008,2020-04-12,1,81
Brasschaat,11008,2020-04-13,1,82
Brasschaat,11008,2020-04-14,2,84
Brasschaat,11008,2020-04-15,1,85
Brasschaat,11008,2020-04-16,9,94
Brasschaat,11008,2020-04-17,3,97
Brasschaat,11008,2020-04-18,3,100
Brasschaat,11008,2020-04-19,3,103
Brasschaat,11008,2020-04-20,4,107
Brasschaat,11008,2020-04-21,2,109
Brasschaat,11008,2020-04-22,0,109
Brasschaat,11008,2020-04-23,3,112
Brasschaat,11008,2020-04-24,4,116
Brasschaat,11008,2020-04-25,4,120
Brasschaat,11008,2020-04-26,1,121
Brasschaat,11008,2020-04-27,3,124
Brasschaat,11008,2020-04-28,4,128
Brasschaat,11008,2020-04-29,2,130
Brasschaat,11008,2020-04-30,5,135
Brasschaat,11008,2020-05-01,2,137
Brasschaat,11008,2020-05-02,3,140
Brasschaat,11008,2020-05-03,1,141
Brasschaat,11008,2020-05-04,7,148
Brasschaat,11008,2020-05-05,1,149
Brasschaat,11008,2020-05-06,2,151
Brasschaat,11008,2020-05-07,5,156
Brasschaat,11008,2020-05-08,9,165
Brasschaat,11008,2020-05-09,4,169
Brasschaat,11008,2020-05-10,1,170
Brasschaat,11008,2020-05-11,5,175
Brasschaat,11008,2020-05-12,1,176
Brasschaat,11008,2020-05-13,0,176
Brasschaat,11008,2020-05-14,1,177
Brasschaat,11008,2020-05-15,3,180
Brasschaat,11008,2020-05-16,1,181
Brasschaat,11008,2020-05-17,0,181
Brasschaat,11008,2020-05-18,1,182
Brasschaat,11008,2020-05-19,1,183
Brasschaat,11008,2020-05-20,0,183
Brasschaat,11008,2020-05-21,0,183
Brasschaat,11008,2020-05-22,0,183
Brasschaat,11008,2020-05-23,1,184
Brasschaat,11008,2020-05-24,0,184
Brasschaat,11008,2020-05-25,1,185
Brasschaat,11008,2020-05-26,0,185
Brasschaat,11008,2020-05-27,1,186
Brasschaat,11008,2020-05-28,2,188
Brasschaat,11008,2020-05-29,0,188
Brasschaat,11008,2020-05-30,0,188
Brasschaat,11008,2020-05-31,2,190
Brasschaat,11008,2020-06-01,0,190
Brasschaat,11008,2020-06-02,0,190
Brasschaat,11008,2020-06-03,0,190
Brasschaat,11008,2020-06-04,0,190
Brasschaat,11008,2020-06-05,1,191
Brasschaat,11008,2020-06-06,1,192
Brasschaat,11008,2020-06-07,0,192
Brasschaat,11008,2020-06-08,0,192
Brasschaat,11008,2020-06-09,0,192
Brasschaat,11008,2020-06-10,0,192
Brasschaat,11008,2020-06-11,0,192
Brasschaat,11008,2020-06-12,0,192
Brasschaat,11008,2020-06-13,0,192
Brasschaat,11008,2020-06-14,0,192
Brasschaat,11008,2020-06-15,0,192
Brasschaat,11008,2020-06-16,0,192
Brasschaat,11008,2020-06-17,0,192
Brasschaat,11008,2020-06-18,1,193
Brasschaat,11008,2020-06-19,0,193
Brasschaat,11008,2020-06-20,0,193
Brasschaat,11008,2020-06-23,1,194
Brasschaat,11008,2020-06-24,0,194
Brasschaat,11008,2020-06-25,1,195
Brasschaat,11008,2020-06-26,0,195
Brasschaat,11008,2020-06-27,1,196
Brasschaat,11008,2020-06-30,0,196
Brasschaat,11008,2020-07-01,0,196
Brasschaat,11008,2020-07-02,0,196
Brasschaat,11008,2020-07-03,0,196
Brasschaat,11008,2020-07-04,0,196
Brasschaat,11008,2020-07-07,4,200
Brasschaat,11008,2020-07-08,0,200
Brasschaat,11008,2020-07-09,1,201
Brasschaat,11008,2020-07-10,0,201
Brasschaat,11008,2020-07-11,0,201
Brasschaat,11008,2020-07-14,0,201
Brasschaat,11008,2020-07-15,0,201
Brasschaat,11008,2020-07-16,3,204
Brasschaat,11008,2020-07-17,0,204
Brasschaat,11008,2020-07-18,2,206
Brasschaat,11008,2020-07-20,3,209
Brasschaat,11008,2020-07-21,1,210
Brasschaat,11008,2020-07-22,0,210
Brasschaat,11008,2020-07-23,1,211
Brasschaat,11008,2020-07-24,0,211
Brasschaat,11008,2020-07-25,0,211
Brasschaat,11008,2020-07-26,3,214
Brasschaat,11008,2020-07-27,0,214
Brasschaat,11008,2020-07-28,0,214
Brasschaat,11008,2020-07-29,0,214
Brasschaat,11008,2020-07-30,5,219
Brasschaat,11008,2020-07-31,3,222
Brasschaat,11008,2020-08-01,1,223
Brasschaat,11008,2020-08-02,1,224
Brasschaat,11008,2020-08-03,2,226
Brasschaat,11008,2020-08-04,2,228
Brasschaat,11008,2020-08-05,0,228
Brasschaat,11008,2020-08-06,5,233
Brasschaat,11008,2020-08-07,2,235
Brasschaat,11008,2020-08-08,6,241
Brasschaat,11008,2020-08-09,-7,234
Brasschaat,11008,2020-08-10,0,234
Brasschaat,11008,2020-08-11,1,235
Brasschaat,11008,2020-08-12,0,235
Brasschaat,11008,2020-08-13,4,239
Brasschaat,11008,2020-08-14,1,240
Brasschaat,11008,2020-08-15,0,240
Brasschaat,11008,2020-08-16,2,242
Brasschaat,11008,2020-08-17,0,242
Brasschaat,11008,2020-08-18,0,242
Brasschaat,11008,2020-08-19,0,242
Brasschaat,11008,2020-08-20,1,243
Brasschaat,11008,2020-08-21,0,243
Brasschaat,11008,2020-08-22,2,245
Brasschaat,11008,2020-08-23,1,246
Brasschaat,11008,2020-08-24,0,246
Brasschaat,11008,2020-08-25,0,246
Brasschaat,11008,2020-08-26,0,246
Brasschaat,11008,2020-08-27,1,247
Brasschaat,11008,2020-08-28,0,247
Brasschaat,11008,2020-08-29,2,249
Brasschaat,11008,2020-08-30,2,251
Brasschaat,11008,2020-08-31,1,252
Brasschaat,11008,2020-09-01,0,252
Brasschaat,11008,2020-09-02,3,255
Brasschaat,11008,2020-09-03,0,255
Brasschaat,11008,2020-09-04,2,257
Brasschaat,11008,2020-09-05,0,257
Brasschaat,11008,2020-09-06,2,259
Brasschaat,11008,2020-09-07,0,259
Brasschaat,11008,2020-09-08,4,263
Brasschaat,11008,2020-09-09,0,263
Brasschaat,11008,2020-09-10,1,264
Brasschaat,11008,2020-09-11,1,265
Brasschaat,11008,2020-09-12,1,266
Brasschaat,11008,2020-09-13,2,268
Brasschaat,11008,2020-09-14,4,272
Brasschaat,11008,2020-09-15,3,275
Brasschaat,11008,2020-09-16,0,275
Brasschaat,11008,2020-09-17,5,280
Brasschaat,11008,2020-09-18,0,280
Brasschaat,11008,2020-09-19,7,287
Brasschaat,11008,2020-09-20,0,287
Brasschaat,11008,2020-09-21,5,292
Brasschaat,11008,2020-09-22,3,295
Brasschaat,11008,2020-09-23,2,297
Brasschaat,11008,2020-09-24,5,302
Brasschaat,11008,2020-09-25,10,312
Brasschaat,11008,2020-09-26,6,318
Brasschaat,11008,2020-09-27,2,320
Brasschaat,11008,2020-09-28,3,323
Brasschaat,11008,2020-09-29,8,331
Brasschaat,11008,2020-09-30,3,334
Brasschaat,11008,2020-10-01,2,336
Brasschaat,11008,2020-10-02,3,339
Brasschaat,11008,2020-10-03,3,342
Brasschaat,11008,2020-10-04,0,342
Brasschaat,11008,2020-10-05,3,345
Brasschaat,11008,2020-10-06,5,350
Brasschaat,11008,2020-10-07,0,350
Brasschaat,11008,2020-10-08,9,359
Brasschaat,11008,2020-10-09,8,367
Brasschaat,11008,2020-10-10,9,376
Brasschaat,11008,2020-10-11,16,392
Brasschaat,11008,2020-10-12,4,396
Brasschaat,11008,2020-10-13,6,402
Brasschaat,11008,2020-10-14,15,417
Brasschaat,11008,2020-10-15,8,425
Brasschaat,11008,2020-10-16,15,440
Brasschaat,11008,2020-10-17,15,455
Brasschaat,11008,2020-10-18,7,462
Brasschaat,11008,2020-10-19,13,475
Brasschaat,11008,2020-10-20,12,487
Brasschaat,11008,2020-10-21,22,509
Brasschaat,11008,2020-10-22,11,520
Brasschaat,11008,2020-10-23,23,543
Brasschaat,11008,2020-10-24,26,569
Brasschaat,11008,2020-10-25,27,596
Brasschaat,11008,2020-10-26,7,603
Brasschaat,11008,2020-10-27,17,620
Brasschaat,11008,2020-10-28,32,652
Brasschaat,11008,2020-10-29,36,688
Brasschaat,11008,2020-10-30,40,728
Brasschaat,11008,2020-10-31,18,746
Brasschaat,11008,2020-11-01,24,770
Brasschaat,11008,2020-11-02,42,812
Brasschaat,11008,2020-11-03,11,823
Brasschaat,11008,2020-11-04,1,824
Brasschaat,11008,2020-11-05,20,844
Brasschaat,11008,2020-11-06,15,859
Brasschaat,11008,2020-11-07,23,882
Brasschaat,11008,2020-11-08,5,887
Brasschaat,11008,2020-11-09,15,902
Brasschaat,11008,2020-11-10,6,908
Brasschaat,11008,2020-11-11,7,915
Brecht,11009,2020-04-01,4,18
Brecht,11009,2020-04-02,1,19
Brecht,11009,2020-04-03,10,29
Brecht,11009,2020-04-04,1,30
Brecht,11009,2020-04-05,0,30
Brecht,11009,2020-04-06,3,33
Brecht,11009,2020-04-07,1,34
Brecht,11009,2020-04-08,2,36
Brecht,11009,2020-04-09,3,39
Brecht,11009,2020-04-10,2,41
Brecht,11009,2020-04-11,2,43
Brecht,11009,2020-04-12,3,46
Brecht,11009,2020-04-13,2,48
Brecht,11009,2020-04-14,0,48
Brecht,11009,2020-04-15,1,49
Brecht,11009,2020-04-16,5,54
Brecht,11009,2020-04-17,0,54
Brecht,11009,2020-04-18,3,57
Brecht,11009,2020-04-19,2,59
Brecht,11009,2020-04-20,2,61
Brecht,11009,2020-04-21,1,62
Brecht,11009,2020-04-22,0,62
Brecht,11009,2020-04-23,4,66
Brecht,11009,2020-04-24,3,69
Brecht,11009,2020-04-25,3,72
Brecht,11009,2020-04-26,1,73
Brecht,11009,2020-04-27,2,75
Brecht,11009,2020-04-28,3,78
Brecht,11009,2020-04-29,2,80
Brecht,11009,2020-04-30,0,80
Brecht,11009,2020-05-01,3,83
Brecht,11009,2020-05-02,1,84
Brecht,11009,2020-05-03,2,86
Brecht,11009,2020-05-04,2,88
Brecht,11009,2020-05-05,2,90
Brecht,11009,2020-05-06,2,92
Brecht,11009,2020-05-07,2,94
Brecht,11009,2020-05-08,3,97
Brecht,11009,2020-05-09,0,97
Brecht,11009,2020-05-10,0,97
Brecht,11009,2020-05-11,2,99
Brecht,11009,2020-05-12,3,102
Brecht,11009,2020-05-13,0,102
Brecht,11009,2020-05-14,0,102
Brecht,11009,2020-05-15,1,103
Brecht,11009,2020-05-16,0,103
Brecht,11009,2020-05-17,2,105
Brecht,11009,2020-05-18,1,106
Brecht,11009,2020-05-19,0,106
Brecht,11009,2020-05-20,1,107
Brecht,11009,2020-05-21,0,107
Brecht,11009,2020-05-22,0,107
Brecht,11009,2020-05-23,1,108
Brecht,11009,2020-05-24,0,108
Brecht,11009,2020-05-25,0,108
Brecht,11009,2020-05-26,0,108
Brecht,11009,2020-05-27,1,109
Brecht,11009,2020-05-28,0,109
Brecht,11009,2020-05-29,1,110
Brecht,11009,2020-05-30,1,111
Brecht,11009,2020-05-31,0,111
Brecht,11009,2020-06-01,1,112
Brecht,11009,2020-06-02,0,112
Brecht,11009,2020-06-03,0,112
Brecht,11009,2020-06-04,0,112
Brecht,11009,2020-06-05,0,112
Brecht,11009,2020-06-06,0,112
Brecht,11009,2020-06-07,0,112
Brecht,11009,2020-06-08,0,112
Brecht,11009,2020-06-09,0,112
Brecht,11009,2020-06-10,1,113
Brecht,11009,2020-06-11,0,113
Brecht,11009,2020-06-12,0,113
Brecht,11009,2020-06-13,1,114
Brecht,11009,2020-06-14,0,114
Brecht,11009,2020-06-15,0,114
Brecht,11009,2020-06-16,0,114
Brecht,11009,2020-06-17,1,115
Brecht,11009,2020-06-18,0,115
Brecht,11009,2020-06-19,1,116
Brecht,11009,2020-06-20,0,116
Brecht,11009,2020-06-23,0,116
Brecht,11009,2020-06-24,0,116
Brecht,11009,2020-06-25,0,116
Brecht,11009,2020-06-26,0,116
Brecht,11009,2020-06-27,0,116
Brecht,11009,2020-06-30,0,116
Brecht,11009,2020-07-01,0,116
Brecht,11009,2020-07-02,0,116
Brecht,11009,2020-07-03,0,116
Brecht,11009,2020-07-04,3,119
Brecht,11009,2020-07-07,1,120
Brecht,11009,2020-07-08,0,120
Brecht,11009,2020-07-09,0,120
Brecht,11009,2020-07-10,0,120
Brecht,11009,2020-07-11,0,120
Brecht,11009,2020-07-14,0,120
Brecht,11009,2020-07-15,0,120
Brecht,11009,2020-07-16,0,120
Brecht,11009,2020-07-17,1,121
Brecht,11009,2020-07-18,0,121
Brecht,11009,2020-07-20,0,121
Brecht,11009,2020-07-21,0,121
Brecht,11009,2020-07-22,0,121
Brecht,11009,2020-07-23,0,121
Brecht,11009,2020-07-24,0,121
Brecht,11009,2020-07-25,0,121
Brecht,11009,2020-07-26,2,123
Brecht,11009,2020-07-27,0,123
Brecht,11009,2020-07-28,0,123
Brecht,11009,2020-07-29,0,123
Brecht,11009,2020-07-30,3,126
Brecht,11009,2020-07-31,4,130
Brecht,11009,2020-08-01,2,132
Brecht,11009,2020-08-02,1,133
Brecht,11009,2020-08-03,3,136
Brecht,11009,2020-08-04,4,140
Brecht,11009,2020-08-05,0,140
Brecht,11009,2020-08-06,2,142
Brecht,11009,2020-08-07,1,143
Brecht,11009,2020-08-08,4,147
Brecht,11009,2020-08-09,1,148
Brecht,11009,2020-08-10,3,151
Brecht,11009,2020-08-11,0,151
Brecht,11009,2020-08-12,0,151
Brecht,11009,2020-08-13,3,154
Brecht,11009,2020-08-14,2,156
Brecht,11009,2020-08-15,1,157
Brecht,11009,2020-08-16,2,159
Brecht,11009,2020-08-17,1,160
Brecht,11009,2020-08-18,1,161
Brecht,11009,2020-08-19,2,163
Brecht,11009,2020-08-20,1,164
Brecht,11009,2020-08-21,1,165
Brecht,11009,2020-08-22,3,168
Brecht,11009,2020-08-23,1,169
Brecht,11009,2020-08-24,0,169
Brecht,11009,2020-08-25,0,169
Brecht,11009,2020-08-26,0,169
Brecht,11009,2020-08-27,0,169
Brecht,11009,2020-08-28,1,170
Brecht,11009,2020-08-29,2,172
Brecht,11009,2020-08-30,0,172
Brecht,11009,2020-08-31,1,173
Brecht,11009,2020-09-01,0,173
Brecht,11009,2020-09-02,1,174
Brecht,11009,2020-09-03,0,174
Brecht,11009,2020-09-04,2,176
Brecht,11009,2020-09-05,2,178
Brecht,11009,2020-09-06,0,178
Brecht,11009,2020-09-07,0,178
Brecht,11009,2020-09-08,2,180
Brecht,11009,2020-09-09,0,180
Brecht,11009,2020-09-10,0,180
Brecht,11009,2020-09-11,1,181
Brecht,11009,2020-09-12,1,182
Brecht,11009,2020-09-13,2,184
Brecht,11009,2020-09-14,0,184
Brecht,11009,2020-09-15,5,189
Brecht,11009,2020-09-16,0,189
Brecht,11009,2020-09-17,1,190
Brecht,11009,2020-09-18,2,192
Brecht,11009,2020-09-19,4,196
Brecht,11009,2020-09-20,-1,195
Brecht,11009,2020-09-21,5,200
Brecht,11009,2020-09-22,9,209
Brecht,11009,2020-09-23,2,211
Brecht,11009,2020-09-24,2,213
Brecht,11009,2020-09-25,7,220
Brecht,11009,2020-09-26,6,226
Brecht,11009,2020-09-27,1,227
Brecht,11009,2020-09-28,1,228
Brecht,11009,2020-09-29,2,230
Brecht,11009,2020-09-30,1,231
Brecht,11009,2020-10-01,5,236
Brecht,11009,2020-10-02,6,242
Brecht,11009,2020-10-03,5,247
Brecht,11009,2020-10-04,5,252
Brecht,11009,2020-10-05,8,260
Brecht,11009,2020-10-06,1,261
Brecht,11009,2020-10-07,8,269
Brecht,11009,2020-10-08,7,276
Brecht,11009,2020-10-09,2,278
Brecht,11009,2020-10-10,8,286
Brecht,11009,2020-10-11,10,296
Brecht,11009,2020-10-12,6,302
Brecht,11009,2020-10-13,2,304
Brecht,11009,2020-10-14,12,316
Brecht,11009,2020-10-15,2,318
Brecht,11009,2020-10-16,16,334
Brecht,11009,2020-10-17,18,352
Brecht,11009,2020-10-18,12,364
Brecht,11009,2020-10-19,12,376
Brecht,11009,2020-10-20,15,391
Brecht,11009,2020-10-21,14,405
Brecht,11009,2020-10-22,22,427
Brecht,11009,2020-10-23,20,447
Brecht,11009,2020-10-24,21,468
Brecht,11009,2020-10-25,22,490
Brecht,11009,2020-10-26,17,507
Brecht,11009,2020-10-27,19,526
Brecht,11009,2020-10-28,10,536
Brecht,11009,2020-10-29,14,550
Brecht,11009,2020-10-30,23,573
Brecht,11009,2020-10-31,28,601
Brecht,11009,2020-11-01,17,618
Brecht,11009,2020-11-02,11,629
Brecht,11009,2020-11-03,4,633
Brecht,11009,2020-11-04,11,644
Brecht,11009,2020-11-05,13,657
Brecht,11009,2020-11-06,6,663
Brecht,11009,2020-11-07,12,675
Brecht,11009,2020-11-08,1,676
Brecht,11009,2020-11-09,3,679
Brecht,11009,2020-11-10,6,685
Brecht,11009,2020-11-11,10,695
Edegem,11013,2020-04-01,4,30
Edegem,11013,2020-04-02,1,31
Edegem,11013,2020-04-03,2,33
Edegem,11013,2020-04-04,4,37
Edegem,11013,2020-04-05,3,40
Edegem,11013,2020-04-06,1,41
Edegem,11013,2020-04-07,0,41
Edegem,11013,2020-04-08,3,44
Edegem,11013,2020-04-09,2,46
Edegem,11013,2020-04-10,1,47
Edegem,11013,2020-04-11,2,49
Edegem,11013,2020-04-12,1,50
Edegem,11013,2020-04-13,0,50
Edegem,11013,2020-04-14,0,50
Edegem,11013,2020-04-15,1,51
Edegem,11013,2020-04-16,1,52
Edegem,11013,2020-04-17,1,53
Edegem,11013,2020-04-18,0,53
Edegem,11013,2020-04-19,0,53
Edegem,11013,2020-04-20,0,53
Edegem,11013,2020-04-21,0,53
Edegem,11013,2020-04-22,0,53
Edegem,11013,2020-04-23,1,54
Edegem,11013,2020-04-24,1,55
Edegem,11013,2020-04-25,0,55
Edegem,11013,2020-04-26,1,56
Edegem,11013,2020-04-27,0,56
Edegem,11013,2020-04-28,0,56
Edegem,11013,2020-04-29,0,56
Edegem,11013,2020-04-30,0,56
Edegem,11013,2020-05-01,2,58
Edegem,11013,2020-05-02,0,58
Edegem,11013,2020-05-03,2,60
Edegem,11013,2020-05-04,0,60
Edegem,11013,2020-05-05,0,60
Edegem,11013,2020-05-06,0,60
Edegem,11013,2020-05-07,3,63
Edegem,11013,2020-05-08,1,64
Edegem,11013,2020-05-09,1,65
Edegem,11013,2020-05-10,2,67
Edegem,11013,2020-05-11,1,68
Edegem,11013,2020-05-12,0,68
Edegem,11013,2020-05-13,1,69
Edegem,11013,2020-05-14,0,69
Edegem,11013,2020-05-15,0,69
Edegem,11013,2020-05-16,1,70
Edegem,11013,2020-05-17,1,71
Edegem,11013,2020-05-18,1,72
Edegem,11013,2020-05-19,0,72
Edegem,11013,2020-05-20,1,73
Edegem,11013,2020-05-21,1,74
Edegem,11013,2020-05-22,0,74
Edegem,11013,2020-05-23,0,74
Edegem,11013,2020-05-24,0,74
Edegem,11013,2020-05-25,0,74
Edegem,11013,2020-05-26,0,74
Edegem,11013,2020-05-27,0,74
Edegem,11013,2020-05-28,0,74
Edegem,11013,2020-05-29,0,74
Edegem,11013,2020-05-30,0,74
Edegem,11013,2020-05-31,1,75
Edegem,11013,2020-06-01,0,75
Edegem,11013,2020-06-02,0,75
Edegem,11013,2020-06-03,0,75
Edegem,11013,2020-06-04,0,75
Edegem,11013,2020-06-05,0,75
Edegem,11013,2020-06-06,0,75
Edegem,11013,2020-06-07,0,75
Edegem,11013,2020-06-08,0,75
Edegem,11013,2020-06-09,0,75
Edegem,11013,2020-06-10,0,75
Edegem,11013,2020-06-11,1,76
Edegem,11013,2020-06-12,0,76
Edegem,11013,2020-06-13,1,77
Edegem,11013,2020-06-14,0,77
Edegem,11013,2020-06-15,0,77
Edegem,11013,2020-06-16,0,77
Edegem,11013,2020-06-17,1,78
Edegem,11013,2020-06-18,0,78
Edegem,11013,2020-06-19,0,78
Edegem,11013,2020-06-20,0,78
Edegem,11013,2020-06-23,1,79
Edegem,11013,2020-06-24,0,79
Edegem,11013,2020-06-25,0,79
Edegem,11013,2020-06-26,0,79
Edegem,11013,2020-06-27,0,79
Edegem,11013,2020-06-30,0,79
Edegem,11013,2020-07-01,0,79
Edegem,11013,2020-07-02,0,79
Edegem,11013,2020-07-03,1,80
Edegem,11013,2020-07-04,0,80
Edegem,11013,2020-07-07,0,80
Edegem,11013,2020-07-08,0,80
Edegem,11013,2020-07-09,0,80
Edegem,11013,2020-07-10,0,80
Edegem,11013,2020-07-11,1,81
Edegem,11013,2020-07-14,2,83
Edegem,11013,2020-07-15,2,85
Edegem,11013,2020-07-16,0,85
Edegem,11013,2020-07-17,1,86
Edegem,11013,2020-07-18,1,87
Edegem,11013,2020-07-20,2,89
Edegem,11013,2020-07-21,0,89
Edegem,11013,2020-07-22,2,91
Edegem,11013,2020-07-23,0,91
Edegem,11013,2020-07-24,0,91
Edegem,11013,2020-07-25,1,92
Edegem,11013,2020-07-26,6,98
Edegem,11013,2020-07-27,2,100
Edegem,11013,2020-07-28,2,102
Edegem,11013,2020-07-29,1,103
Edegem,11013,2020-07-30,0,103
Edegem,11013,2020-07-31,2,105
Edegem,11013,2020-08-01,2,107
Edegem,11013,2020-08-02,1,108
Edegem,11013,2020-08-03,0,108
Edegem,11013,2020-08-04,3,111
Edegem,11013,2020-08-05,0,111
Edegem,11013,2020-08-06,2,113
Edegem,11013,2020-08-07,1,114
Edegem,11013,2020-08-08,1,115
Edegem,11013,2020-08-09,1,116
Edegem,11013,2020-08-10,1,117
Edegem,11013,2020-08-11,6,123
Edegem,11013,2020-08-12,2,125
Edegem,11013,2020-08-13,0,125
Edegem,11013,2020-08-14,1,126
Edegem,11013,2020-08-15,4,130
Edegem,11013,2020-08-16,0,130
Edegem,11013,2020-08-17,5,135
Edegem,11013,2020-08-18,1,136
Edegem,11013,2020-08-19,0,136
Edegem,11013,2020-08-20,2,138
Edegem,11013,2020-08-21,4,142
Edegem,11013,2020-08-22,0,142
Edegem,11013,2020-08-23,1,143
Edegem,11013,2020-08-24,0,143
Edegem,11013,2020-08-25,1,144
Edegem,11013,2020-08-26,0,144
Edegem,11013,2020-08-27,0,144
Edegem,11013,2020-08-28,0,144
Edegem,11013,2020-08-29,0,144
Edegem,11013,2020-08-30,0,144
Edegem,11013,2020-08-31,0,144
Edegem,11013,2020-09-01,2,146
Edegem,11013,2020-09-02,1,147
Edegem,11013,2020-09-03,0,147
Edegem,11013,2020-09-04,0,147
Edegem,11013,2020-09-05,2,149
Edegem,11013,2020-09-06,1,150
Edegem,11013,2020-09-07,4,154
Edegem,11013,2020-09-08,0,154
Edegem,11013,2020-09-09,2,156
Edegem,11013,2020-09-10,1,157
Edegem,11013,2020-09-11,2,159
Edegem,11013,2020-09-12,4,163
Edegem,11013,2020-09-13,5,168
Edegem,11013,2020-09-14,3,171
Edegem,11013,2020-09-15,1,172
Edegem,11013,2020-09-16,0,172
Edegem,11013,2020-09-17,0,172
Edegem,11013,2020-09-18,2,174
Edegem,11013,2020-09-19,11,185
Edegem,11013,2020-09-20,-1,184
Edegem,11013,2020-09-21,3,187
Edegem,11013,2020-09-22,6,193
Edegem,11013,2020-09-23,4,197
Edegem,11013,2020-09-24,2,199
Edegem,11013,2020-09-25,5,204
Edegem,11013,2020-09-26,4,208
Edegem,11013,2020-09-27,3,211
Edegem,11013,2020-09-28,4,215
Edegem,11013,2020-09-29,1,216
Edegem,11013,2020-09-30,2,218
Edegem,11013,2020-10-01,4,222
Edegem,11013,2020-10-02,4,226
Edegem,11013,2020-10-03,3,229
Edegem,11013,2020-10-04,9,238
Edegem,11013,2020-10-05,4,242
Edegem,11013,2020-10-06,1,243
Edegem,11013,2020-10-07,1,244
Edegem,11013,2020-10-08,6,250
Edegem,11013,2020-10-09,8,258
Edegem,11013,2020-10-10,11,269
Edegem,11013,2020-10-11,8,277
Edegem,11013,2020-10-12,9,286
Edegem,11013,2020-10-13,4,290
Edegem,11013,2020-10-14,7,297
Edegem,11013,2020-10-15,8,305
Edegem,11013,2020-10-16,16,321
Edegem,11013,2020-10-17,10,331
Edegem,11013,2020-10-18,11,342
Edegem,11013,2020-10-19,10,352
Edegem,11013,2020-10-20,11,363
Edegem,11013,2020-10-21,13,376
Edegem,11013,2020-10-22,6,382
Edegem,11013,2020-10-23,8,390
Edegem,11013,2020-10-24,23,413
Edegem,11013,2020-10-25,8,421
Edegem,11013,2020-10-26,20,441
Edegem,11013,2020-10-27,11,452
Edegem,11013,2020-10-28,15,467
Edegem,11013,2020-10-29,17,484
Edegem,11013,2020-10-30,23,507
Edegem,11013,2020-10-31,23,530
Edegem,11013,2020-11-01,16,546
Edegem,11013,2020-11-02,10,556
Edegem,11013,2020-11-03,6,562
Edegem,11013,2020-11-04,9,571
Edegem,11013,2020-11-05,14,585
Edegem,11013,2020-11-06,5,590
Edegem,11013,2020-11-07,9,599
Edegem,11013,2020-11-08,13,612
Edegem,11013,2020-11-09,10,622
Edegem,11013,2020-11-10,5,627
Edegem,11013,2020-11-11,3,630
Essen,11016,2020-04-01,2,17
Essen,11016,2020-04-02,0,17
Essen,11016,2020-04-03,0,17
Essen,11016,2020-04-04,1,18
Essen,11016,2020-04-05,1,19
Essen,11016,2020-04-06,2,21
Essen,11016,2020-04-07,1,22
Essen,11016,2020-04-08,3,25
Essen,11016,2020-04-09,0,25
Essen,11016,2020-04-10,4,29
Essen,11016,2020-04-11,1,30
Essen,11016,2020-04-12,1,31
Essen,11016,2020-04-13,1,32
Essen,11016,2020-04-14,4,36
Essen,11016,2020-04-15,1,37
Essen,11016,2020-04-16,1,38
Essen,11016,2020-04-17,3,41
Essen,11016,2020-04-18,0,41
Essen,11016,2020-04-19,3,44
Essen,11016,2020-04-20,0,44
Essen,11016,2020-04-21,1,45
Essen,11016,2020-04-22,0,45
Essen,11016,2020-04-23,1,46
Essen,11016,2020-04-24,1,47
Essen,11016,2020-04-25,2,49
Essen,11016,2020-04-26,0,49
Essen,11016,2020-04-27,4,53
Essen,11016,2020-04-28,0,53
Essen,11016,2020-04-29,2,55
Essen,11016,2020-04-30,1,56
Essen,11016,2020-05-01,0,56
Essen,11016,2020-05-02,2,58
Essen,11016,2020-05-03,0,58
Essen,11016,2020-05-04,3,61
Essen,11016,2020-05-05,3,64
Essen,11016,2020-05-06,0,64
Essen,11016,2020-05-07,2,66
Essen,11016,2020-05-08,3,69
Essen,11016,2020-05-09,0,69
Essen,11016,2020-05-10,1,70
Essen,11016,2020-05-11,2,72
Essen,11016,2020-05-12,2,74
Essen,11016,2020-05-13,0,74
Essen,11016,2020-05-14,0,74
Essen,11016,2020-05-15,0,74
Essen,11016,2020-05-16,0,74
Essen,11016,2020-05-17,1,75
Essen,11016,2020-05-18,1,76
Essen,11016,2020-05-19,0,76
Essen,11016,2020-05-20,0,76
Essen,11016,2020-05-21,4,80
Essen,11016,2020-05-22,0,80
Essen,11016,2020-05-23,4,84
Essen,11016,2020-05-24,0,84
Essen,11016,2020-05-25,2,86
Essen,11016,2020-05-26,0,86
Essen,11016,2020-05-27,0,86
Essen,11016,2020-05-28,2,88
Essen,11016,2020-05-29,4,92
Essen,11016,2020-05-30,1,93
Essen,11016,2020-05-31,1,94
Essen,11016,2020-06-01,1,95
Essen,11016,2020-06-02,0,95
Essen,11016,2020-06-03,0,95
Essen,11016,2020-06-04,0,95
Essen,11016,2020-06-05,0,95
Essen,11016,2020-06-06,0,95
Essen,11016,2020-06-07,0,95
Essen,11016,2020-06-08,0,95
Essen,11016,2020-06-09,0,95
Essen,11016,2020-06-10,0,95
Essen,11016,2020-06-11,2,97
Essen,11016,2020-06-12,0,97
Essen,11016,2020-06-13,1,98
Essen,11016,2020-06-14,0,98
Essen,11016,2020-06-15,0,98
Essen,11016,2020-06-16,0,98
Essen,11016,2020-06-17,0,98
Essen,11016,2020-06-18,0,98
Essen,11016,2020-06-19,0,98
Essen,11016,2020-06-20,0,98
Essen,11016,2020-06-23,0,98
Essen,11016,2020-06-24,0,98
Essen,11016,2020-06-25,0,98
Essen,11016,2020-06-26,0,98
Essen,11016,2020-06-27,1,99
Essen,11016,2020-06-30,0,99
Essen,11016,2020-07-01,0,99
Essen,11016,2020-07-02,0,99
Essen,11016,2020-07-03,0,99
Essen,11016,2020-07-04,0,99
Essen,11016,2020-07-07,0,99
Essen,11016,2020-07-08,0,99
Essen,11016,2020-07-09,0,99
Essen,11016,2020-07-10,0,99
Essen,11016,2020-07-11,0,99
Essen,11016,2020-07-14,0,99
Essen,11016,2020-07-15,0,99
Essen,11016,2020-07-16,1,100
Essen,11016,2020-07-17,0,100
Essen,11016,2020-07-18,0,100
Essen,11016,2020-07-20,5,105
Essen,11016,2020-07-21,0,105
Essen,11016,2020-07-22,0,105
Essen,11016,2020-07-23,1,106
Essen,11016,2020-07-24,0,106
Essen,11016,2020-07-25,1,107
Essen,11016,2020-07-26,2,109
Essen,11016,2020-07-27,0,109
Essen,11016,2020-07-28,1,110
Essen,11016,2020-07-29,0,110
Essen,11016,2020-07-30,2,112
Essen,11016,2020-07-31,0,112
Essen,11016,2020-08-01,1,113
Essen,11016,2020-08-02,0,113
Essen,11016,2020-08-03,0,113
Essen,11016,2020-08-04,2,115
Essen,11016,2020-08-05,0,115
Essen,11016,2020-08-06,1,116
Essen,11016,2020-08-07,0,116
Essen,11016,2020-08-08,0,116
Essen,11016,2020-08-09,-1,115
Essen,11016,2020-08-10,0,115
Essen,11016,2020-08-11,0,115
Essen,11016,2020-08-12,0,115
Essen,11016,2020-08-13,1,116
Essen,11016,2020-08-14,0,116
Essen,11016,2020-08-15,0,116
Essen,11016,2020-08-16,0,116
Essen,11016,2020-08-17,0,116
Essen,11016,2020-08-18,0,116
Essen,11016,2020-08-19,0,116
Essen,11016,2020-08-20,1,117
Essen,11016,2020-08-21,0,117
Essen,11016,2020-08-22,0,117
Essen,11016,2020-08-23,0,117
Essen,11016,2020-08-24,1,118
Essen,11016,2020-08-25,1,119
Essen,11016,2020-08-26,0,119
Essen,11016,2020-08-27,0,119
Essen,11016,2020-08-28,0,119
Essen,11016,2020-08-29,2,121
Essen,11016,2020-08-30,0,121
Essen,11016,2020-08-31,0,121
Essen,11016,2020-09-01,0,121
Essen,11016,2020-09-02,1,122
Essen,11016,2020-09-03,0,122
Essen,11016,2020-09-04,0,122
Essen,11016,2020-09-05,1,123
Essen,11016,2020-09-06,1,124
Essen,11016,2020-09-07,0,124
Essen,11016,2020-09-08,5,129
Essen,11016,2020-09-09,0,129
Essen,11016,2020-09-10,1,130
Essen,11016,2020-09-11,0,130
Essen,11016,2020-09-12,0,130
Essen,11016,2020-09-13,3,133
Essen,11016,2020-09-14,0,133
Essen,11016,2020-09-15,1,134
Essen,11016,2020-09-16,0,134
Essen,11016,2020-09-17,4,138
Essen,11016,2020-09-18,0,138
Essen,11016,2020-09-19,9,147
Essen,11016,2020-09-20,3,150
Essen,11016,2020-09-21,2,152
Essen,11016,2020-09-22,12,164
Essen,11016,2020-09-23,0,164
Essen,11016,2020-09-24,3,167
Essen,11016,2020-09-25,3,170
Essen,11016,2020-09-26,3,173
Essen,11016,2020-09-27,0,173
Essen,11016,2020-09-28,1,174
Essen,11016,2020-09-29,7,181
Essen,11016,2020-09-30,2,183
Essen,11016,2020-10-01,2,185
Essen,11016,2020-10-02,0,185
Essen,11016,2020-10-03,7,192
Essen,11016,2020-10-04,4,196
Essen,11016,2020-10-05,0,196
Essen,11016,2020-10-06,2,198
Essen,11016,2020-10-07,1,199
Essen,11016,2020-10-08,2,201
Essen,11016,2020-10-09,1,202
Essen,11016,2020-10-10,1,203
Essen,11016,2020-10-11,4,207
Essen,11016,2020-10-12,0,207
Essen,11016,2020-10-13,5,212
Essen,11016,2020-10-14,5,217
Essen,11016,2020-10-15,6,223
Essen,11016,2020-10-16,3,226
Essen,11016,2020-10-17,5,231
Essen,11016,2020-10-18,3,234
Essen,11016,2020-10-19,4,238
Essen,11016,2020-10-20,3,241
Essen,11016,2020-10-21,5,246
Essen,11016,2020-10-22,7,253
Essen,11016,2020-10-23,8,261
Essen,11016,2020-10-24,16,277
Essen,11016,2020-10-25,9,286
Essen,11016,2020-10-26,13,299
Essen,11016,2020-10-27,6,305
Essen,11016,2020-10-28,3,308
Essen,11016,2020-10-29,14,322
Essen,11016,2020-10-30,6,328
Essen,11016,2020-10-31,28,356
Essen,11016,2020-11-01,10,366
Essen,11016,2020-11-02,11,377
Essen,11016,2020-11-03,5,382
Essen,11016,2020-11-04,3,385
Essen,11016,2020-11-05,22,407
Essen,11016,2020-11-06,5,412
Essen,11016,2020-11-07,12,424
Essen,11016,2020-11-08,7,431
Essen,11016,2020-11-09,2,433
Essen,11016,2020-11-10,0,433
Essen,11016,2020-11-11,7,440
Hemiksem,11018,2020-04-01,0,16
Hemiksem,11018,2020-04-02,2,18
Hemiksem,11018,2020-04-03,1,19
Hemiksem,11018,2020-04-04,1,20
Hemiksem,11018,2020-04-05,3,23
Hemiksem,11018,2020-04-06,2,25
Hemiksem,11018,2020-04-07,0,25
Hemiksem,11018,2020-04-08,1,26
Hemiksem,11018,2020-04-09,3,29
Hemiksem,11018,2020-04-10,0,29
Hemiksem,11018,2020-04-11,1,30
Hemiksem,11018,2020-04-12,2,32
Hemiksem,11018,2020-04-13,2,34
Hemiksem,11018,2020-04-14,0,34
Hemiksem,11018,2020-04-15,0,34
Hemiksem,11018,2020-04-16,2,36
Hemiksem,11018,2020-04-17,0,36
Hemiksem,11018,2020-04-18,1,37
Hemiksem,11018,2020-04-19,0,37
Hemiksem,11018,2020-04-20,1,38
Hemiksem,11018,2020-04-21,2,40
Hemiksem,11018,2020-04-22,1,41
Hemiksem,11018,2020-04-23,0,41
Hemiksem,11018,2020-04-24,0,41
Hemiksem,11018,2020-04-25,0,41
Hemiksem,11018,2020-04-26,1,42
Hemiksem,11018,2020-04-27,1,43
Hemiksem,11018,2020-04-28,0,43
Hemiksem,11018,2020-04-29,0,43
Hemiksem,11018,2020-04-30,0,43
Hemiksem,11018,2020-05-01,1,44
Hemiksem,11018,2020-05-02,1,45
Hemiksem,11018,2020-05-03,0,45
Hemiksem,11018,2020-05-04,0,45
Hemiksem,11018,2020-05-05,0,45
Hemiksem,11018,2020-05-06,1,46
Hemiksem,11018,2020-05-07,1,47
Hemiksem,11018,2020-05-08,1,48
Hemiksem,11018,2020-05-09,0,48
Hemiksem,11018,2020-05-10,1,49
Hemiksem,11018,2020-05-11,0,49
Hemiksem,11018,2020-05-12,0,49
Hemiksem,11018,2020-05-13,1,50
Hemiksem,11018,2020-05-14,0,50
Hemiksem,11018,2020-05-15,1,51
Hemiksem,11018,2020-05-16,1,52
Hemiksem,11018,2020-05-17,0,52
Hemiksem,11018,2020-05-18,0,52
Hemiksem,11018,2020-05-19,0,52
Hemiksem,11018,2020-05-20,0,52
Hemiksem,11018,2020-05-21,1,53
Hemiksem,11018,2020-05-22,0,53
Hemiksem,11018,2020-05-23,0,53
Hemiksem,11018,2020-05-24,0,53
Hemiksem,11018,2020-05-25,0,53
Hemiksem,11018,2020-05-26,0,53
Hemiksem,11018,2020-05-27,0,53
Hemiksem,11018,2020-05-28,0,53
Hemiksem,11018,2020-05-29,0,53
Hemiksem,11018,2020-05-30,0,53
Hemiksem,11018,2020-05-31,0,53
Hemiksem,11018,2020-06-01,0,53
Hemiksem,11018,2020-06-02,0,53
Hemiksem,11018,2020-06-03,1,54
Hemiksem,11018,2020-06-04,1,55
Hemiksem,11018,2020-06-05,0,55
Hemiksem,11018,2020-06-06,0,55
Hemiksem,11018,2020-06-07,1,56
Hemiksem,11018,2020-06-08,0,56
Hemiksem,11018,2020-06-09,0,56
Hemiksem,11018,2020-06-10,0,56
Hemiksem,11018,2020-06-11,0,56
Hemiksem,11018,2020-06-12,0,56
Hemiksem,11018,2020-06-13,0,56
Hemiksem,11018,2020-06-14,0,56
Hemiksem,11018,2020-06-15,0,56
Hemiksem,11018,2020-06-16,0,56
Hemiksem,11018,2020-06-17,0,56
Hemiksem,11018,2020-06-18,0,56
Hemiksem,11018,2020-06-19,0,56
Hemiksem,11018,2020-06-20,0,56
Hemiksem,11018,2020-06-23,1,57
Hemiksem,11018,2020-06-24,0,57
Hemiksem,11018,2020-06-25,0,57
Hemiksem,11018,2020-06-26,0,57
Hemiksem,11018,2020-06-27,0,57
Hemiksem,11018,2020-06-30,0,57
Hemiksem,11018,2020-07-01,0,57
Hemiksem,11018,2020-07-02,0,57
Hemiksem,11018,2020-07-03,0,57
Hemiksem,11018,2020-07-04,0,57
Hemiksem,11018,2020-07-07,0,57
Hemiksem,11018,2020-07-08,0,57
Hemiksem,11018,2020-07-09,0,57
Hemiksem,11018,2020-07-10,0,57
Hemiksem,11018,2020-07-11,0,57
Hemiksem,11018,2020-07-14,1,58
Hemiksem,11018,2020-07-15,0,58
Hemiksem,11018,2020-07-16,0,58
Hemiksem,11018,2020-07-17,0,58
Hemiksem,11018,2020-07-18,0,58
Hemiksem,11018,2020-07-20,1,59
Hemiksem,11018,2020-07-21,0,59
Hemiksem,11018,2020-07-22,2,61
Hemiksem,11018,2020-07-23,1,62
Hemiksem,11018,2020-07-24,0,62
Hemiksem,11018,2020-07-25,0,62
Hemiksem,11018,2020-07-26,2,64
Hemiksem,11018,2020-07-27,0,64
Hemiksem,11018,2020-07-28,0,64
Hemiksem,11018,2020-07-29,0,64
Hemiksem,11018,2020-07-30,3,67
Hemiksem,11018,2020-07-31,0,67
Hemiksem,11018,2020-08-01,1,68
Hemiksem,11018,2020-08-02,3,71
Hemiksem,11018,2020-08-03,2,73
Hemiksem,11018,2020-08-04,4,77
Hemiksem,11018,2020-08-05,1,78
Hemiksem,11018,2020-08-06,1,79
Hemiksem,11018,2020-08-07,2,81
Hemiksem,11018,2020-08-08,1,82
Hemiksem,11018,2020-08-09,1,83
Hemiksem,11018,2020-08-10,1,84
Hemiksem,11018,2020-08-11,3,87
Hemiksem,11018,2020-08-12,2,89
Hemiksem,11018,2020-08-13,0,89
Hemiksem,11018,2020-08-14,1,90
Hemiksem,11018,2020-08-15,1,91
Hemiksem,11018,2020-08-16,0,91
Hemiksem,11018,2020-08-17,0,91
Hemiksem,11018,2020-08-18,0,91
Hemiksem,11018,2020-08-19,0,91
Hemiksem,11018,2020-08-20,1,92
Hemiksem,11018,2020-08-21,1,93
Hemiksem,11018,2020-08-22,2,95
Hemiksem,11018,2020-08-23,0,95
Hemiksem,11018,2020-08-24,0,95
Hemiksem,11018,2020-08-25,0,95
Hemiksem,11018,2020-08-26,0,95
Hemiksem,11018,2020-08-27,0,95
Hemiksem,11018,2020-08-28,0,95
Hemiksem,11018,2020-08-29,1,96
Hemiksem,11018,2020-08-30,0,96
Hemiksem,11018,2020-08-31,0,96
Hemiksem,11018,2020-09-01,2,98
Hemiksem,11018,2020-09-02,0,98
Hemiksem,11018,2020-09-03,0,98
Hemiksem,11018,2020-09-04,0,98
Hemiksem,11018,2020-09-05,0,98
Hemiksem,11018,2020-09-06,1,99
Hemiksem,11018,2020-09-07,0,99
Hemiksem,11018,2020-09-08,1,100
Hemiksem,11018,2020-09-09,1,101
Hemiksem,11018,2020-09-10,1,102
Hemiksem,11018,2020-09-11,0,102
Hemiksem,11018,2020-09-12,2,104
Hemiksem,11018,2020-09-13,0,104
Hemiksem,11018,2020-09-14,1,105
Hemiksem,11018,2020-09-15,1,106
Hemiksem,11018,2020-09-16,0,106
Hemiksem,11018,2020-09-17,3,109
Hemiksem,11018,2020-09-18,1,110
Hemiksem,11018,2020-09-19,4,114
Hemiksem,11018,2020-09-20,1,115
Hemiksem,11018,2020-09-21,4,119
Hemiksem,11018,2020-09-22,1,120
Hemiksem,11018,2020-09-23,1,121
Hemiksem,11018,2020-09-24,2,123
Hemiksem,11018,2020-09-25,1,124
Hemiksem,11018,2020-09-26,3,127
Hemiksem,11018,2020-09-27,2,129
Hemiksem,11018,2020-09-28,2,131
Hemiksem,11018,2020-09-29,0,131
Hemiksem,11018,2020-09-30,2,133
Hemiksem,11018,2020-10-01,2,135
Hemiksem,11018,2020-10-02,0,135
Hemiksem,11018,2020-10-03,4,139
Hemiksem,11018,2020-10-04,1,140
Hemiksem,11018,2020-10-05,2,142
Hemiksem,11018,2020-10-06,2,144
Hemiksem,11018,2020-10-07,6,150
Hemiksem,11018,2020-10-08,2,152
Hemiksem,11018,2020-10-09,4,156
Hemiksem,11018,2020-10-10,7,163
Hemiksem,11018,2020-10-11,13,176
Hemiksem,11018,2020-10-12,4,180
Hemiksem,11018,2020-10-13,3,183
Hemiksem,11018,2020-10-14,8,191
Hemiksem,11018,2020-10-15,7,198
Hemiksem,11018,2020-10-16,8,206
Hemiksem,11018,2020-10-17,4,210
Hemiksem,11018,2020-10-18,5,215
Hemiksem,11018,2020-10-19,3,218
Hemiksem,11018,2020-10-20,5,223
Hemiksem,11018,2020-10-21,5,228
Hemiksem,11018,2020-10-22,9,237
Hemiksem,11018,2020-10-23,4,241
Hemiksem,11018,2020-10-24,13,254
Hemiksem,11018,2020-10-25,13,267
Hemiksem,11018,2020-10-26,9,276
Hemiksem,11018,2020-10-27,8,284
Hemiksem,11018,2020-10-28,8,292
Hemiksem,11018,2020-10-29,22,314
Hemiksem,11018,2020-10-30,50,364
Hemiksem,11018,2020-10-31,33,397
Hemiksem,11018,2020-11-01,18,415
Hemiksem,11018,2020-11-02,8,423
Hemiksem,11018,2020-11-03,9,432
Hemiksem,11018,2020-11-04,6,438
Hemiksem,11018,2020-11-05,9,447
Hemiksem,11018,2020-11-06,9,456
Hemiksem,11018,2020-11-07,8,464
Hemiksem,11018,2020-11-08,3,467
Hemiksem,11018,2020-11-09,5,472
Hemiksem,11018,2020-11-10,1,473
Hemiksem,11018,2020-11-11,6,479
Hove (Antwerpen),11021,2020-04-01,1,12
Hove (Antwerpen),11021,2020-04-02,0,12
Hove (Antwerpen),11021,2020-04-03,2,14
Hove (Antwerpen),11021,2020-04-04,0,14
Hove (Antwerpen),11021,2020-04-05,0,14
Hove (Antwerpen),11021,2020-04-06,1,15
Hove (Antwerpen),11021,2020-04-07,0,15
Hove (Antwerpen),11021,2020-04-08,0,15
Hove (Antwerpen),11021,2020-04-09,2,17
Hove (Antwerpen),11021,2020-04-10,0,17
Hove (Antwerpen),11021,2020-04-11,1,18
Hove (Antwerpen),11021,2020-04-12,4,22
Hove (Antwerpen),11021,2020-04-13,1,23
Hove (Antwerpen),11021,2020-04-14,1,24
Hove (Antwerpen),11021,2020-04-15,1,25
Hove (Antwerpen),11021,2020-04-16,1,26
Hove (Antwerpen),11021,2020-04-17,0,26
Hove (Antwerpen),11021,2020-04-18,0,26
Hove (Antwerpen),11021,2020-04-19,0,26
Hove (Antwerpen),11021,2020-04-20,0,26
Hove (Antwerpen),11021,2020-04-21,0,26
Hove (Antwerpen),11021,2020-04-22,1,27
Hove (Antwerpen),11021,2020-04-23,2,29
Hove (Antwerpen),11021,2020-04-24,1,30
Hove (Antwerpen),11021,2020-04-25,1,31
Hove (Antwerpen),11021,2020-04-26,1,32
Hove (Antwerpen),11021,2020-04-27,0,32
Hove (Antwerpen),11021,2020-04-28,0,32
Hove (Antwerpen),11021,2020-04-29,0,32
Hove (Antwerpen),11021,2020-04-30,0,32
Hove (Antwerpen),11021,2020-05-01,0,32
Hove (Antwerpen),11021,2020-05-02,1,33
Hove (Antwerpen),11021,2020-05-03,1,34
Hove (Antwerpen),11021,2020-05-04,1,35
Hove (Antwerpen),11021,2020-05-05,0,35
Hove (Antwerpen),11021,2020-05-06,0,35
Hove (Antwerpen),11021,2020-05-07,15,50
Hove (Antwerpen),11021,2020-05-08,1,51
Hove (Antwerpen),11021,2020-05-09,1,52
Hove (Antwerpen),11021,2020-05-10,2,54
Hove (Antwerpen),11021,2020-05-11,0,54
Hove (Antwerpen),11021,2020-05-12,0,54
Hove (Antwerpen),11021,2020-05-13,1,55
Hove (Antwerpen),11021,2020-05-14,0,55
Hove (Antwerpen),11021,2020-05-15,0,55
Hove (Antwerpen),11021,2020-05-16,0,55
Hove (Antwerpen),11021,2020-05-17,0,55
Hove (Antwerpen),11021,2020-05-18,1,56
Hove (Antwerpen),11021,2020-05-19,0,56
Hove (Antwerpen),11021,2020-05-20,0,56
Hove (Antwerpen),11021,2020-05-21,0,56
Hove (Antwerpen),11021,2020-05-22,0,56
Hove (Antwerpen),11021,2020-05-23,0,56
Hove (Antwerpen),11021,2020-05-24,0,56
Hove (Antwerpen),11021,2020-05-25,1,57
Hove (Antwerpen),11021,2020-05-26,0,57
Hove (Antwerpen),11021,2020-05-27,0,57
Hove (Antwerpen),11021,2020-05-28,0,57
Hove (Antwerpen),11021,2020-05-29,0,57
Hove (Antwerpen),11021,2020-05-30,0,57
Hove (Antwerpen),11021,2020-05-31,0,57
Hove (Antwerpen),11021,2020-06-01,0,57
Hove (Antwerpen),11021,2020-06-02,0,57
Hove (Antwerpen),11021,2020-06-03,0,57
Hove (Antwerpen),11021,2020-06-04,0,57
Hove (Antwerpen),11021,2020-06-05,0,57
Hove (Antwerpen),11021,2020-06-06,1,58
Hove (Antwerpen),11021,2020-06-07,0,58
Hove (Antwerpen),11021,2020-06-08,0,58
Hove (Antwerpen),11021,2020-06-09,0,58
Hove (Antwerpen),11021,2020-06-10,0,58
Hove (Antwerpen),11021,2020-06-11,0,58
Hove (Antwerpen),11021,2020-06-12,0,58
Hove (Antwerpen),11021,2020-06-13,0,58
Hove (Antwerpen),11021,2020-06-14,0,58
Hove (Antwerpen),11021,2020-06-15,0,58
Hove (Antwerpen),11021,2020-06-16,0,58
Hove (Antwerpen),11021,2020-06-17,0,58
Hove (Antwerpen),11021,2020-06-18,0,58
Hove (Antwerpen),11021,2020-06-19,0,58
Hove (Antwerpen),11021,2020-06-20,0,58
Hove (Antwerpen),11021,2020-06-23,0,58
Hove (Antwerpen),11021,2020-06-24,0,58
Hove (Antwerpen),11021,2020-06-25,0,58
Hove (Antwerpen),11021,2020-06-26,0,58
Hove (Antwerpen),11021,2020-06-27,0,58
Hove (Antwerpen),11021,2020-06-30,0,58
Hove (Antwerpen),11021,2020-07-01,0,58
Hove (Antwerpen),11021,2020-07-02,0,58
Hove (Antwerpen),11021,2020-07-03,0,58
Hove (Antwerpen),11021,2020-07-04,0,58
Hove (Antwerpen),11021,2020-07-07,0,58
Hove (Antwerpen),11021,2020-07-08,0,58
Hove (Antwerpen),11021,2020-07-09,1,59
Hove (Antwerpen),11021,2020-07-10,0,59
Hove (Antwerpen),11021,2020-07-11,0,59
Hove (Antwerpen),11021,2020-07-14,0,59
Hove (Antwerpen),11021,2020-07-15,1,60
Hove (Antwerpen),11021,2020-07-16,0,60
Hove (Antwerpen),11021,2020-07-17,0,60
Hove (Antwerpen),11021,2020-07-18,1,61
Hove (Antwerpen),11021,2020-07-20,0,61
Hove (Antwerpen),11021,2020-07-21,0,61
Hove (Antwerpen),11021,2020-07-22,0,61
Hove (Antwerpen),11021,2020-07-23,0,61
Hove (Antwerpen),11021,2020-07-24,0,61
Hove (Antwerpen),11021,2020-07-25,0,61
Hove (Antwerpen),11021,2020-07-26,0,61
Hove (Antwerpen),11021,2020-07-27,0,61
Hove (Antwerpen),11021,2020-07-28,1,62
Hove (Antwerpen),11021,2020-07-29,0,62
Hove (Antwerpen),11021,2020-07-30,1,63
Hove (Antwerpen),11021,2020-07-31,1,64
Hove (Antwerpen),11021,2020-08-01,1,65
Hove (Antwerpen),11021,2020-08-02,0,65
Hove (Antwerpen),11021,2020-08-03,0,65
Hove (Antwerpen),11021,2020-08-04,0,65
Hove (Antwerpen),11021,2020-08-05,0,65
Hove (Antwerpen),11021,2020-08-06,0,65
Hove (Antwerpen),11021,2020-08-07,1,66
Hove (Antwerpen),11021,2020-08-08,2,68
Hove (Antwerpen),11021,2020-08-09,1,69
Hove (Antwerpen),11021,2020-08-10,0,69
Hove (Antwerpen),11021,2020-08-11,0,69
Hove (Antwerpen),11021,2020-08-12,0,69
Hove (Antwerpen),11021,2020-08-13,0,69
Hove (Antwerpen),11021,2020-08-14,1,70
Hove (Antwerpen),11021,2020-08-15,0,70
Hove (Antwerpen),11021,2020-08-16,0,70
Hove (Antwerpen),11021,2020-08-17,1,71
Hove (Antwerpen),11021,2020-08-18,0,71
Hove (Antwerpen),11021,2020-08-19,0,71
Hove (Antwerpen),11021,2020-08-20,0,71
Hove (Antwerpen),11021,2020-08-21,0,71
Hove (Antwerpen),11021,2020-08-22,0,71
Hove (Antwerpen),11021,2020-08-23,0,71
Hove (Antwerpen),11021,2020-08-24,0,71
Hove (Antwerpen),11021,2020-08-25,0,71
Hove (Antwerpen),11021,2020-08-26,0,71
Hove (Antwerpen),11021,2020-08-27,0,71
Hove (Antwerpen),11021,2020-08-28,0,71
Hove (Antwerpen),11021,2020-08-29,0,71
Hove (Antwerpen),11021,2020-08-30,0,71
Hove (Antwerpen),11021,2020-08-31,0,71
Hove (Antwerpen),11021,2020-09-01,0,71
Hove (Antwerpen),11021,2020-09-02,0,71
Hove (Antwerpen),11021,2020-09-03,0,71
Hove (Antwerpen),11021,2020-09-04,0,71
Hove (Antwerpen),11021,2020-09-05,0,71
Hove (Antwerpen),11021,2020-09-06,2,73
Hove (Antwerpen),11021,2020-09-07,1,74
Hove (Antwerpen),11021,2020-09-08,0,74
Hove (Antwerpen),11021,2020-09-09,0,74
Hove (Antwerpen),11021,2020-09-10,0,74
Hove (Antwerpen),11021,2020-09-11,0,74
Hove (Antwerpen),11021,2020-09-12,0,74
Hove (Antwerpen),11021,2020-09-13,3,77
Hove (Antwerpen),11021,2020-09-14,0,77
Hove (Antwerpen),11021,2020-09-15,0,77
Hove (Antwerpen),11021,2020-09-16,1,78
Hove (Antwerpen),11021,2020-09-17,1,79
Hove (Antwerpen),11021,2020-09-18,0,79
Hove (Antwerpen),11021,2020-09-19,4,83
Hove (Antwerpen),11021,2020-09-20,5,88
Hove (Antwerpen),11021,2020-09-21,1,89
Hove (Antwerpen),11021,2020-09-22,2,91
Hove (Antwerpen),11021,2020-09-23,1,92
Hove (Antwerpen),11021,2020-09-24,0,92
Hove (Antwerpen),11021,2020-09-25,0,92
Hove (Antwerpen),11021,2020-09-26,0,92
Hove (Antwerpen),11021,2020-09-27,0,92
Hove (Antwerpen),11021,2020-09-28,1,93
Hove (Antwerpen),11021,2020-09-29,1,94
Hove (Antwerpen),11021,2020-09-30,0,94
Hove (Antwerpen),11021,2020-10-01,0,94
Hove (Antwerpen),11021,2020-10-02,2,96
Hove (Antwerpen),11021,2020-10-03,0,96
Hove (Antwerpen),11021,2020-10-04,3,99
Hove (Antwerpen),11021,2020-10-05,1,100
Hove (Antwerpen),11021,2020-10-06,0,100
Hove (Antwerpen),11021,2020-10-07,1,101
Hove (Antwerpen),11021,2020-10-08,0,101
Hove (Antwerpen),11021,2020-10-09,4,105
Hove (Antwerpen),11021,2020-10-10,3,108
Hove (Antwerpen),11021,2020-10-11,2,110
Hove (Antwerpen),11021,2020-10-12,1,111
Hove (Antwerpen),11021,2020-10-13,1,112
Hove (Antwerpen),11021,2020-10-14,1,113
Hove (Antwerpen),11021,2020-10-15,0,113
Hove (Antwerpen),11021,2020-10-16,3,116
Hove (Antwerpen),11021,2020-10-17,1,117
Hove (Antwerpen),11021,2020-10-18,4,121
Hove (Antwerpen),11021,2020-10-19,1,122
Hove (Antwerpen),11021,2020-10-20,1,123
Hove (Antwerpen),11021,2020-10-21,6,129
Hove (Antwerpen),11021,2020-10-22,3,132
Hove (Antwerpen),11021,2020-10-23,1,133
Hove (Antwerpen),11021,2020-10-24,11,144
Hove (Antwerpen),11021,2020-10-25,8,152
Hove (Antwerpen),11021,2020-10-26,4,156
Hove (Antwerpen),11021,2020-10-27,7,163
Hove (Antwerpen),11021,2020-10-28,3,166
Hove (Antwerpen),11021,2020-10-29,4,170
Hove (Antwerpen),11021,2020-10-30,8,178
Hove (Antwerpen),11021,2020-10-31,4,182
Hove (Antwerpen),11021,2020-11-01,8,190
Hove (Antwerpen),11021,2020-11-02,4,194
Hove (Antwerpen),11021,2020-11-03,2,196
Hove (Antwerpen),11021,2020-11-04,4,200
Hove (Antwerpen),11021,2020-11-05,11,211
Hove (Antwerpen),11021,2020-11-06,2,213
Hove (Antwerpen),11021,2020-11-07,4,217
Hove (Antwerpen),11021,2020-11-08,0,217
Hove (Antwerpen),11021,2020-11-09,4,221
Hove (Antwerpen),11021,2020-11-10,0,221
Hove (Antwerpen),11021,2020-11-11,7,228
Kalmthout,11022,2020-04-01,0,12
Kalmthout,11022,2020-04-02,0,12
Kalmthout,11022,2020-04-03,2,14
Kalmthout,11022,2020-04-04,2,16
Kalmthout,11022,2020-04-05,0,16
Kalmthout,11022,2020-04-06,2,18
Kalmthout,11022,2020-04-07,2,20
Kalmthout,11022,2020-04-08,1,21
Kalmthout,11022,2020-04-09,1,22
Kalmthout,11022,2020-04-10,2,24
Kalmthout,11022,2020-04-11,1,25
Kalmthout,11022,2020-04-12,3,28
Kalmthout,11022,2020-04-13,0,28
Kalmthout,11022,2020-04-14,2,30
Kalmthout,11022,2020-04-15,3,33
Kalmthout,11022,2020-04-16,0,33
Kalmthout,11022,2020-04-17,2,35
Kalmthout,11022,2020-04-18,4,39
Kalmthout,11022,2020-04-19,9,48
Kalmthout,11022,2020-04-20,1,49
Kalmthout,11022,2020-04-21,5,54
Kalmthout,11022,2020-04-22,0,54
Kalmthout,11022,2020-04-23,6,60
Kalmthout,11022,2020-04-24,0,60
Kalmthout,11022,2020-04-25,1,61
Kalmthout,11022,2020-04-26,1,62
Kalmthout,11022,2020-04-27,1,63
Kalmthout,11022,2020-04-28,4,67
Kalmthout,11022,2020-04-29,2,69
Kalmthout,11022,2020-04-30,2,71
Kalmthout,11022,2020-05-01,0,71
Kalmthout,11022,2020-05-02,3,74
Kalmthout,11022,2020-05-03,0,74
Kalmthout,11022,2020-05-04,1,75
Kalmthout,11022,2020-05-05,0,75
Kalmthout,11022,2020-05-06,2,77
Kalmthout,11022,2020-05-07,2,79
Kalmthout,11022,2020-05-08,2,81
Kalmthout,11022,2020-05-09,4,85
Kalmthout,11022,2020-05-10,3,88
Kalmthout,11022,2020-05-11,0,88
Kalmthout,11022,2020-05-12,5,93
Kalmthout,11022,2020-05-13,1,94
Kalmthout,11022,2020-05-14,2,96
Kalmthout,11022,2020-05-15,2,98
Kalmthout,11022,2020-05-16,1,99
Kalmthout,11022,2020-05-17,2,101
Kalmthout,11022,2020-05-18,2,103
Kalmthout,11022,2020-05-19,1,104
Kalmthout,11022,2020-05-20,0,104
Kalmthout,11022,2020-05-21,1,105
Kalmthout,11022,2020-05-22,1,106
Kalmthout,11022,2020-05-23,1,107
Kalmthout,11022,2020-05-24,0,107
Kalmthout,11022,2020-05-25,2,109
Kalmthout,11022,2020-05-26,2,111
Kalmthout,11022,2020-05-27,0,111
Kalmthout,11022,2020-05-28,-1,110
Kalmthout,11022,2020-05-29,0,110
Kalmthout,11022,2020-05-30,0,110
Kalmthout,11022,2020-05-31,0,110
Kalmthout,11022,2020-06-01,0,110
Kalmthout,11022,2020-06-02,0,110
Kalmthout,11022,2020-06-03,1,111
Kalmthout,11022,2020-06-04,0,111
Kalmthout,11022,2020-06-05,0,111
Kalmthout,11022,2020-06-06,0,111
Kalmthout,11022,2020-06-07,0,111
Kalmthout,11022,2020-06-08,0,111
Kalmthout,11022,2020-06-09,0,111
Kalmthout,11022,2020-06-10,0,111
Kalmthout,11022,2020-06-11,0,111
Kalmthout,11022,2020-06-12,0,111
Kalmthout,11022,2020-06-13,0,111
Kalmthout,11022,2020-06-14,0,111
Kalmthout,11022,2020-06-15,0,111
Kalmthout,11022,2020-06-16,0,111
Kalmthout,11022,2020-06-17,0,111
Kalmthout,11022,2020-06-18,0,111
Kalmthout,11022,2020-06-19,1,112
Kalmthout,11022,2020-06-20,0,112
Kalmthout,11022,2020-06-23,0,112
Kalmthout,11022,2020-06-24,0,112
Kalmthout,11022,2020-06-25,0,112
Kalmthout,11022,2020-06-26,0,112
Kalmthout,11022,2020-06-27,0,112
Kalmthout,11022,2020-06-30,1,113
Kalmthout,11022,2020-07-01,0,113
Kalmthout,11022,2020-07-02,0,113
Kalmthout,11022,2020-07-03,0,113
Kalmthout,11022,2020-07-04,0,113
Kalmthout,11022,2020-07-07,0,113
Kalmthout,11022,2020-07-08,1,114
Kalmthout,11022,2020-07-09,2,116
Kalmthout,11022,2020-07-10,0,116
Kalmthout,11022,2020-07-11,0,116
Kalmthout,11022,2020-07-14,1,117
Kalmthout,11022,2020-07-15,0,117
Kalmthout,11022,2020-07-16,0,117
Kalmthout,11022,2020-07-17,0,117
Kalmthout,11022,2020-07-18,0,117
Kalmthout,11022,2020-07-20,1,118
Kalmthout,11022,2020-07-21,0,118
Kalmthout,11022,2020-07-22,0,118
Kalmthout,11022,2020-07-23,2,120
Kalmthout,11022,2020-07-24,0,120
Kalmthout,11022,2020-07-25,0,120
Kalmthout,11022,2020-07-26,3,123
Kalmthout,11022,2020-07-27,0,123
Kalmthout,11022,2020-07-28,0,123
Kalmthout,11022,2020-07-29,0,123
Kalmthout,11022,2020-07-30,0,123
Kalmthout,11022,2020-07-31,0,123
Kalmthout,11022,2020-08-01,0,123
Kalmthout,11022,2020-08-02,2,125
Kalmthout,11022,2020-08-03,0,125
Kalmthout,11022,2020-08-04,0,125
Kalmthout,11022,2020-08-05,0,125
Kalmthout,11022,2020-08-06,6,131
Kalmthout,11022,2020-08-07,0,131
Kalmthout,11022,2020-08-08,0,131
Kalmthout,11022,2020-08-09,-5,126
Kalmthout,11022,2020-08-10,0,126
Kalmthout,11022,2020-08-11,1,127
Kalmthout,11022,2020-08-12,0,127
Kalmthout,11022,2020-08-13,0,127
Kalmthout,11022,2020-08-14,2,129
Kalmthout,11022,2020-08-15,0,129
Kalmthout,11022,2020-08-16,0,129
Kalmthout,11022,2020-08-17,0,129
Kalmthout,11022,2020-08-18,0,129
Kalmthout,11022,2020-08-19,1,130
Kalmthout,11022,2020-08-20,0,130
Kalmthout,11022,2020-08-21,0,130
Kalmthout,11022,2020-08-22,1,131
Kalmthout,11022,2020-08-23,0,131
Kalmthout,11022,2020-08-24,0,131
Kalmthout,11022,2020-08-25,0,131
Kalmthout,11022,2020-08-26,0,131
Kalmthout,11022,2020-08-27,0,131
Kalmthout,11022,2020-08-28,0,131
Kalmthout,11022,2020-08-29,1,132
Kalmthout,11022,2020-08-30,0,132
Kalmthout,11022,2020-08-31,0,132
Kalmthout,11022,2020-09-01,0,132
Kalmthout,11022,2020-09-02,1,133
Kalmthout,11022,2020-09-03,0,133
Kalmthout,11022,2020-09-04,1,134
Kalmthout,11022,2020-09-05,0,134
Kalmthout,11022,2020-09-06,0,134
Kalmthout,11022,2020-09-07,2,136
Kalmthout,11022,2020-09-08,2,138
Kalmthout,11022,2020-09-09,0,138
Kalmthout,11022,2020-09-10,1,139
Kalmthout,11022,2020-09-11,0,139
Kalmthout,11022,2020-09-12,0,139
Kalmthout,11022,2020-09-13,3,142
Kalmthout,11022,2020-09-14,0,142
Kalmthout,11022,2020-09-15,0,142
Kalmthout,11022,2020-09-16,0,142
Kalmthout,11022,2020-09-17,1,143
Kalmthout,11022,2020-09-18,0,143
Kalmthout,11022,2020-09-19,3,146
Kalmthout,11022,2020-09-20,0,146
Kalmthout,11022,2020-09-21,0,146
Kalmthout,11022,2020-09-22,3,149
Kalmthout,11022,2020-09-23,0,149
Kalmthout,11022,2020-09-24,0,149
Kalmthout,11022,2020-09-25,2,151
Kalmthout,11022,2020-09-26,1,152
Kalmthout,11022,2020-09-27,0,152
Kalmthout,11022,2020-09-28,0,152
Kalmthout,11022,2020-09-29,1,153
Kalmthout,11022,2020-09-30,1,154
Kalmthout,11022,2020-10-01,2,156
Kalmthout,11022,2020-10-02,3,159
Kalmthout,11022,2020-10-03,2,161
Kalmthout,11022,2020-10-04,3,164
Kalmthout,11022,2020-10-05,0,164
Kalmthout,11022,2020-10-06,2,166
Kalmthout,11022,2020-10-07,0,166
Kalmthout,11022,2020-10-08,3,169
Kalmthout,11022,2020-10-09,2,171
Kalmthout,11022,2020-10-10,4,175
Kalmthout,11022,2020-10-11,6,181
Kalmthout,11022,2020-10-12,1,182
Kalmthout,11022,2020-10-13,3,185
Kalmthout,11022,2020-10-14,0,185
Kalmthout,11022,2020-10-15,6,191
Kalmthout,11022,2020-10-16,3,194
Kalmthout,11022,2020-10-17,5,199
Kalmthout,11022,2020-10-18,4,203
Kalmthout,11022,2020-10-19,6,209
Kalmthout,11022,2020-10-20,5,214
Kalmthout,11022,2020-10-21,4,218
Kalmthout,11022,2020-10-22,5,223
Kalmthout,11022,2020-10-23,10,233
Kalmthout,11022,2020-10-24,11,244
Kalmthout,11022,2020-10-25,6,250
Kalmthout,11022,2020-10-26,8,258
Kalmthout,11022,2020-10-27,10,268
Kalmthout,11022,2020-10-28,13,281
Kalmthout,11022,2020-10-29,8,289
Kalmthout,11022,2020-10-30,9,298
Kalmthout,11022,2020-10-31,13,311
Kalmthout,11022,2020-11-01,3,314
Kalmthout,11022,2020-11-02,9,323
Kalmthout,11022,2020-11-03,6,329
Kalmthout,11022,2020-11-04,3,332
Kalmthout,11022,2020-11-05,17,349
Kalmthout,11022,2020-11-06,6,355
Kalmthout,11022,2020-11-07,6,361
Kalmthout,11022,2020-11-08,5,366
Kalmthout,11022,2020-11-09,2,368
Kalmthout,11022,2020-11-10,0,368
Kalmthout,11022,2020-11-11,6,374
Kapellen (Antwerpen),11023,2020-04-01,1,19
Kapellen (Antwerpen),11023,2020-04-02,0,19
Kapellen (Antwerpen),11023,2020-04-03,4,23
Kapellen (Antwerpen),11023,2020-04-04,4,27
Kapellen (Antwerpen),11023,2020-04-05,4,31
Kapellen (Antwerpen),11023,2020-04-06,3,34
Kapellen (Antwerpen),11023,2020-04-07,1,35
Kapellen (Antwerpen),11023,2020-04-08,2,37
Kapellen (Antwerpen),11023,2020-04-09,2,39
Kapellen (Antwerpen),11023,2020-04-10,4,43
Kapellen (Antwerpen),11023,2020-04-11,0,43
Kapellen (Antwerpen),11023,2020-04-12,2,45
Kapellen (Antwerpen),11023,2020-04-13,1,46
Kapellen (Antwerpen),11023,2020-04-14,0,46
Kapellen (Antwerpen),11023,2020-04-15,2,48
Kapellen (Antwerpen),11023,2020-04-16,2,50
Kapellen (Antwerpen),11023,2020-04-17,1,51
Kapellen (Antwerpen),11023,2020-04-18,2,53
Kapellen (Antwerpen),11023,2020-04-19,1,54
Kapellen (Antwerpen),11023,2020-04-20,2,56
Kapellen (Antwerpen),11023,2020-04-21,4,60
Kapellen (Antwerpen),11023,2020-04-22,4,64
Kapellen (Antwerpen),11023,2020-04-23,5,69
Kapellen (Antwerpen),11023,2020-04-24,2,71
Kapellen (Antwerpen),11023,2020-04-25,3,74
Kapellen (Antwerpen),11023,2020-04-26,1,75
Kapellen (Antwerpen),11023,2020-04-27,3,78
Kapellen (Antwerpen),11023,2020-04-28,2,80
Kapellen (Antwerpen),11023,2020-04-29,0,80
Kapellen (Antwerpen),11023,2020-04-30,1,81
Kapellen (Antwerpen),11023,2020-05-01,3,84
Kapellen (Antwerpen),11023,2020-05-02,3,87
Kapellen (Antwerpen),11023,2020-05-03,0,87
Kapellen (Antwerpen),11023,2020-05-04,15,102
Kapellen (Antwerpen),11023,2020-05-05,3,105
Kapellen (Antwerpen),11023,2020-05-06,2,107
Kapellen (Antwerpen),11023,2020-05-07,3,110
Kapellen (Antwerpen),11023,2020-05-08,11,121
Kapellen (Antwerpen),11023,2020-05-09,7,128
Kapellen (Antwerpen),11023,2020-05-10,0,128
Kapellen (Antwerpen),11023,2020-05-11,2,130
Kapellen (Antwerpen),11023,2020-05-12,0,130
Kapellen (Antwerpen),11023,2020-05-13,0,130
Kapellen (Antwerpen),11023,2020-05-14,0,130
Kapellen (Antwerpen),11023,2020-05-15,3,133
Kapellen (Antwerpen),11023,2020-05-16,2,135
Kapellen (Antwerpen),11023,2020-05-17,1,136
Kapellen (Antwerpen),11023,2020-05-18,0,136
Kapellen (Antwerpen),11023,2020-05-19,0,136
Kapellen (Antwerpen),11023,2020-05-20,1,137
Kapellen (Antwerpen),11023,2020-05-21,4,141
Kapellen (Antwerpen),11023,2020-05-22,0,141
Kapellen (Antwerpen),11023,2020-05-23,6,147
Kapellen (Antwerpen),11023,2020-05-24,3,150
Kapellen (Antwerpen),11023,2020-05-25,1,151
Kapellen (Antwerpen),11023,2020-05-26,0,151
Kapellen (Antwerpen),11023,2020-05-27,0,151
Kapellen (Antwerpen),11023,2020-05-28,1,152
Kapellen (Antwerpen),11023,2020-05-29,2,154
Kapellen (Antwerpen),11023,2020-05-30,0,154
Kapellen (Antwerpen),11023,2020-05-31,0,154
Kapellen (Antwerpen),11023,2020-06-01,0,154
Kapellen (Antwerpen),11023,2020-06-02,2,156
Kapellen (Antwerpen),11023,2020-06-03,0,156
Kapellen (Antwerpen),11023,2020-06-04,0,156
Kapellen (Antwerpen),11023,2020-06-05,0,156
Kapellen (Antwerpen),11023,2020-06-06,1,157
Kapellen (Antwerpen),11023,2020-06-07,0,157
Kapellen (Antwerpen),11023,2020-06-08,0,157
Kapellen (Antwerpen),11023,2020-06-09,0,157
Kapellen (Antwerpen),11023,2020-06-10,0,157
Kapellen (Antwerpen),11023,2020-06-11,0,157
Kapellen (Antwerpen),11023,2020-06-12,0,157
Kapellen (Antwerpen),11023,2020-06-13,0,157
Kapellen (Antwerpen),11023,2020-06-14,0,157
Kapellen (Antwerpen),11023,2020-06-15,0,157
Kapellen (Antwerpen),11023,2020-06-16,0,157
Kapellen (Antwerpen),11023,2020-06-17,0,157
Kapellen (Antwerpen),11023,2020-06-18,0,157
Kapellen (Antwerpen),11023,2020-06-19,0,157
Kapellen (Antwerpen),11023,2020-06-20,0,157
Kapellen (Antwerpen),11023,2020-06-23,0,157
Kapellen (Antwerpen),11023,2020-06-24,1,158
Kapellen (Antwerpen),11023,2020-06-25,0,158
Kapellen (Antwerpen),11023,2020-06-26,0,158
Kapellen (Antwerpen),11023,2020-06-27,1,159
Kapellen (Antwerpen),11023,2020-06-30,1,160
Kapellen (Antwerpen),11023,2020-07-01,0,160
Kapellen (Antwerpen),11023,2020-07-02,0,160
Kapellen (Antwerpen),11023,2020-07-03,1,161
Kapellen (Antwerpen),11023,2020-07-04,0,161
Kapellen (Antwerpen),11023,2020-07-07,3,164
Kapellen (Antwerpen),11023,2020-07-08,0,164
Kapellen (Antwerpen),11023,2020-07-09,0,164
Kapellen (Antwerpen),11023,2020-07-10,0,164
Kapellen (Antwerpen),11023,2020-07-11,0,164
Kapellen (Antwerpen),11023,2020-07-14,0,164
Kapellen (Antwerpen),11023,2020-07-15,0,164
Kapellen (Antwerpen),11023,2020-07-16,2,166
Kapellen (Antwerpen),11023,2020-07-17,0,166
Kapellen (Antwerpen),11023,2020-07-18,0,166
Kapellen (Antwerpen),11023,2020-07-20,0,166
Kapellen (Antwerpen),11023,2020-07-21,0,166
Kapellen (Antwerpen),11023,2020-07-22,0,166
Kapellen (Antwerpen),11023,2020-07-23,0,166
Kapellen (Antwerpen),11023,2020-07-24,1,167
Kapellen (Antwerpen),11023,2020-07-25,0,167
Kapellen (Antwerpen),11023,2020-07-26,1,168
Kapellen (Antwerpen),11023,2020-07-27,0,168
Kapellen (Antwerpen),11023,2020-07-28,0,168
Kapellen (Antwerpen),11023,2020-07-29,0,168
Kapellen (Antwerpen),11023,2020-07-30,4,172
Kapellen (Antwerpen),11023,2020-07-31,5,177
Kapellen (Antwerpen),11023,2020-08-01,2,179
Kapellen (Antwerpen),11023,2020-08-02,1,180
Kapellen (Antwerpen),11023,2020-08-03,1,181
Kapellen (Antwerpen),11023,2020-08-04,1,182
Kapellen (Antwerpen),11023,2020-08-05,0,182
Kapellen (Antwerpen),11023,2020-08-06,5,187
Kapellen (Antwerpen),11023,2020-08-07,1,188
Kapellen (Antwerpen),11023,2020-08-08,1,189
Kapellen (Antwerpen),11023,2020-08-09,-1,188
Kapellen (Antwerpen),11023,2020-08-10,0,188
Kapellen (Antwerpen),11023,2020-08-11,5,193
Kapellen (Antwerpen),11023,2020-08-12,0,193
Kapellen (Antwerpen),11023,2020-08-13,2,195
Kapellen (Antwerpen),11023,2020-08-14,0,195
Kapellen (Antwerpen),11023,2020-08-15,2,197
Kapellen (Antwerpen),11023,2020-08-16,0,197
Kapellen (Antwerpen),11023,2020-08-17,0,197
Kapellen (Antwerpen),11023,2020-08-18,0,197
Kapellen (Antwerpen),11023,2020-08-19,0,197
Kapellen (Antwerpen),11023,2020-08-20,1,198
Kapellen (Antwerpen),11023,2020-08-21,1,199
Kapellen (Antwerpen),11023,2020-08-22,1,200
Kapellen (Antwerpen),11023,2020-08-23,0,200
Kapellen (Antwerpen),11023,2020-08-24,0,200
Kapellen (Antwerpen),11023,2020-08-25,0,200
Kapellen (Antwerpen),11023,2020-08-26,0,200
Kapellen (Antwerpen),11023,2020-08-27,0,200
Kapellen (Antwerpen),11023,2020-08-28,0,200
Kapellen (Antwerpen),11023,2020-08-29,0,200
Kapellen (Antwerpen),11023,2020-08-30,0,200
Kapellen (Antwerpen),11023,2020-08-31,0,200
Kapellen (Antwerpen),11023,2020-09-01,0,200
Kapellen (Antwerpen),11023,2020-09-02,0,200
Kapellen (Antwerpen),11023,2020-09-03,0,200
Kapellen (Antwerpen),11023,2020-09-04,0,200
Kapellen (Antwerpen),11023,2020-09-05,1,201
Kapellen (Antwerpen),11023,2020-09-06,4,205
Kapellen (Antwerpen),11023,2020-09-07,0,205
Kapellen (Antwerpen),11023,2020-09-08,0,205
Kapellen (Antwerpen),11023,2020-09-09,1,206
Kapellen (Antwerpen),11023,2020-09-10,1,207
Kapellen (Antwerpen),11023,2020-09-11,1,208
Kapellen (Antwerpen),11023,2020-09-12,3,211
Kapellen (Antwerpen),11023,2020-09-13,1,212
Kapellen (Antwerpen),11023,2020-09-14,2,214
Kapellen (Antwerpen),11023,2020-09-15,0,214
Kapellen (Antwerpen),11023,2020-09-16,2,216
Kapellen (Antwerpen),11023,2020-09-17,4,220
Kapellen (Antwerpen),11023,2020-09-18,1,221
Kapellen (Antwerpen),11023,2020-09-19,4,225
Kapellen (Antwerpen),11023,2020-09-20,1,226
Kapellen (Antwerpen),11023,2020-09-21,1,227
Kapellen (Antwerpen),11023,2020-09-22,5,232
Kapellen (Antwerpen),11023,2020-09-23,1,233
Kapellen (Antwerpen),11023,2020-09-24,3,236
Kapellen (Antwerpen),11023,2020-09-25,1,237
Kapellen (Antwerpen),11023,2020-09-26,2,239
Kapellen (Antwerpen),11023,2020-09-27,1,240
Kapellen (Antwerpen),11023,2020-09-28,0,240
Kapellen (Antwerpen),11023,2020-09-29,2,242
Kapellen (Antwerpen),11023,2020-09-30,2,244
Kapellen (Antwerpen),11023,2020-10-01,5,249
Kapellen (Antwerpen),11023,2020-10-02,2,251
Kapellen (Antwerpen),11023,2020-10-03,3,254
Kapellen (Antwerpen),11023,2020-10-04,1,255
Kapellen (Antwerpen),11023,2020-10-05,1,256
Kapellen (Antwerpen),11023,2020-10-06,1,257
Kapellen (Antwerpen),11023,2020-10-07,0,257
Kapellen (Antwerpen),11023,2020-10-08,3,260
Kapellen (Antwerpen),11023,2020-10-09,6,266
Kapellen (Antwerpen),11023,2020-10-10,10,276
Kapellen (Antwerpen),11023,2020-10-11,11,287
Kapellen (Antwerpen),11023,2020-10-12,13,300
Kapellen (Antwerpen),11023,2020-10-13,5,305
Kapellen (Antwerpen),11023,2020-10-14,15,320
Kapellen (Antwerpen),11023,2020-10-15,10,330
Kapellen (Antwerpen),11023,2020-10-16,6,336
Kapellen (Antwerpen),11023,2020-10-17,13,349
Kapellen (Antwerpen),11023,2020-10-18,15,364
Kapellen (Antwerpen),11023,2020-10-19,13,377
Kapellen (Antwerpen),11023,2020-10-20,6,383
Kapellen (Antwerpen),11023,2020-10-21,11,394
Kapellen (Antwerpen),11023,2020-10-22,13,407
Kapellen (Antwerpen),11023,2020-10-23,17,424
Kapellen (Antwerpen),11023,2020-10-24,22,446
Kapellen (Antwerpen),11023,2020-10-25,19,465
Kapellen (Antwerpen),11023,2020-10-26,16,481
Kapellen (Antwerpen),11023,2020-10-27,13,494
Kapellen (Antwerpen),11023,2020-10-28,26,520
Kapellen (Antwerpen),11023,2020-10-29,16,536
Kapellen (Antwerpen),11023,2020-10-30,17,553
Kapellen (Antwerpen),11023,2020-10-31,22,575
Kapellen (Antwerpen),11023,2020-11-01,16,591
Kapellen (Antwerpen),11023,2020-11-02,20,611
Kapellen (Antwerpen),11023,2020-11-03,6,617
Kapellen (Antwerpen),11023,2020-11-04,5,622
Kapellen (Antwerpen),11023,2020-11-05,19,641
Kapellen (Antwerpen),11023,2020-11-06,12,653
Kapellen (Antwerpen),11023,2020-11-07,24,677
Kapellen (Antwerpen),11023,2020-11-08,6,683
Kapellen (Antwerpen),11023,2020-11-09,9,692
Kapellen (Antwerpen),11023,2020-11-10,5,697
Kapellen (Antwerpen),11023,2020-11-11,4,701
Kontich,11024,2020-04-01,0,19
Kontich,11024,2020-04-02,0,19
Kontich,11024,2020-04-03,1,20
Kontich,11024,2020-04-04,0,20
Kontich,11024,2020-04-05,3,23
Kontich,11024,2020-04-06,0,23
Kontich,11024,2020-04-07,0,23
Kontich,11024,2020-04-08,2,25
Kontich,11024,2020-04-09,0,25
Kontich,11024,2020-04-10,0,25
Kontich,11024,2020-04-11,0,25
Kontich,11024,2020-04-12,3,28
Kontich,11024,2020-04-13,0,28
Kontich,11024,2020-04-14,3,31
Kontich,11024,2020-04-15,1,32
Kontich,11024,2020-04-16,4,36
Kontich,11024,2020-04-17,0,36
Kontich,11024,2020-04-18,0,36
Kontich,11024,2020-04-19,0,36
Kontich,11024,2020-04-20,0,36
Kontich,11024,2020-04-21,0,36
Kontich,11024,2020-04-22,1,37
Kontich,11024,2020-04-23,0,37
Kontich,11024,2020-04-24,1,38
Kontich,11024,2020-04-25,1,39
Kontich,11024,2020-04-26,0,39
Kontich,11024,2020-04-27,1,40
Kontich,11024,2020-04-28,0,40
Kontich,11024,2020-04-29,0,40
Kontich,11024,2020-04-30,2,42
Kontich,11024,2020-05-01,0,42
Kontich,11024,2020-05-02,0,42
Kontich,11024,2020-05-03,1,43
Kontich,11024,2020-05-04,0,43
Kontich,11024,2020-05-05,1,44
Kontich,11024,2020-05-06,0,44
Kontich,11024,2020-05-07,2,46
Kontich,11024,2020-05-08,1,47
Kontich,11024,2020-05-09,2,49
Kontich,11024,2020-05-10,0,49
Kontich,11024,2020-05-11,0,49
Kontich,11024,2020-05-12,1,50
Kontich,11024,2020-05-13,0,50
Kontich,11024,2020-05-14,0,50
Kontich,11024,2020-05-15,0,50
Kontich,11024,2020-05-16,0,50
Kontich,11024,2020-05-17,2,52
Kontich,11024,2020-05-18,0,52
Kontich,11024,2020-05-19,0,52
Kontich,11024,2020-05-20,0,52
Kontich,11024,2020-05-21,1,53
Kontich,11024,2020-05-22,0,53
Kontich,11024,2020-05-23,0,53
Kontich,11024,2020-05-24,0,53
Kontich,11024,2020-05-25,0,53
Kontich,11024,2020-05-26,0,53
Kontich,11024,2020-05-27,0,53
Kontich,11024,2020-05-28,1,54
Kontich,11024,2020-05-29,0,54
Kontich,11024,2020-05-30,1,55
Kontich,11024,2020-05-31,0,55
Kontich,11024,2020-06-01,0,55
Kontich,11024,2020-06-02,0,55
Kontich,11024,2020-06-03,0,55
Kontich,11024,2020-06-04,0,55
Kontich,11024,2020-06-05,0,55
Kontich,11024,2020-06-06,0,55
Kontich,11024,2020-06-07,0,55
Kontich,11024,2020-06-08,0,55
Kontich,11024,2020-06-09,0,55
Kontich,11024,2020-06-10,0,55
Kontich,11024,2020-06-11,0,55
Kontich,11024,2020-06-12,0,55
Kontich,11024,2020-06-13,0,55
Kontich,11024,2020-06-14,0,55
Kontich,11024,2020-06-15,0,55
Kontich,11024,2020-06-16,0,55
Kontich,11024,2020-06-17,1,56
Kontich,11024,2020-06-18,0,56
Kontich,11024,2020-06-19,0,56
Kontich,11024,2020-06-20,1,57
Kontich,11024,2020-06-23,0,57
Kontich,11024,2020-06-24,0,57
Kontich,11024,2020-06-25,0,57
Kontich,11024,2020-06-26,0,57
Kontich,11024,2020-06-27,0,57
Kontich,11024,2020-06-30,0,57
Kontich,11024,2020-07-01,0,57
Kontich,11024,2020-07-02,0,57
Kontich,11024,2020-07-03,0,57
Kontich,11024,2020-07-04,1,58
Kontich,11024,2020-07-07,1,59
Kontich,11024,2020-07-08,0,59
Kontich,11024,2020-07-09,1,60
Kontich,11024,2020-07-10,0,60
Kontich,11024,2020-07-11,0,60
Kontich,11024,2020-07-14,0,60
Kontich,11024,2020-07-15,0,60
Kontich,11024,2020-07-16,1,61
Kontich,11024,2020-07-17,2,63
Kontich,11024,2020-07-18,1,64
Kontich,11024,2020-07-20,5,69
Kontich,11024,2020-07-21,5,74
Kontich,11024,2020-07-22,1,75
Kontich,11024,2020-07-23,1,76
Kontich,11024,2020-07-24,1,77
Kontich,11024,2020-07-25,1,78
Kontich,11024,2020-07-26,4,82
Kontich,11024,2020-07-27,0,82
Kontich,11024,2020-07-28,4,86
Kontich,11024,2020-07-29,1,87
Kontich,11024,2020-07-30,2,89
Kontich,11024,2020-07-31,0,89
Kontich,11024,2020-08-01,1,90
Kontich,11024,2020-08-02,0,90
Kontich,11024,2020-08-03,0,90
Kontich,11024,2020-08-04,1,91
Kontich,11024,2020-08-05,1,92
Kontich,11024,2020-08-06,0,92
Kontich,11024,2020-08-07,2,94
Kontich,11024,2020-08-08,1,95
Kontich,11024,2020-08-09,0,95
Kontich,11024,2020-08-10,1,96
Kontich,11024,2020-08-11,0,96
Kontich,11024,2020-08-12,2,98
Kontich,11024,2020-08-13,0,98
Kontich,11024,2020-08-14,1,99
Kontich,11024,2020-08-15,1,100
Kontich,11024,2020-08-16,0,100
Kontich,11024,2020-08-17,0,100
Kontich,11024,2020-08-18,0,100
Kontich,11024,2020-08-19,0,100
Kontich,11024,2020-08-20,1,101
Kontich,11024,2020-08-21,0,101
Kontich,11024,2020-08-22,1,102
Kontich,11024,2020-08-23,1,103
Kontich,11024,2020-08-24,0,103
Kontich,11024,2020-08-25,1,104
Kontich,11024,2020-08-26,0,104
Kontich,11024,2020-08-27,0,104
Kontich,11024,2020-08-28,1,105
Kontich,11024,2020-08-29,0,105
Kontich,11024,2020-08-30,1,106
Kontich,11024,2020-08-31,0,106
Kontich,11024,2020-09-01,1,107
Kontich,11024,2020-09-02,1,108
Kontich,11024,2020-09-03,0,108
Kontich,11024,2020-09-04,0,108
Kontich,11024,2020-09-05,1,109
Kontich,11024,2020-09-06,1,110
Kontich,11024,2020-09-07,2,112
Kontich,11024,2020-09-08,2,114
Kontich,11024,2020-09-09,0,114
Kontich,11024,2020-09-10,0,114
Kontich,11024,2020-09-11,0,114
Kontich,11024,2020-09-12,0,114
Kontich,11024,2020-09-13,3,117
Kontich,11024,2020-09-14,2,119
Kontich,11024,2020-09-15,1,120
Kontich,11024,2020-09-16,1,121
Kontich,11024,2020-09-17,1,122
Kontich,11024,2020-09-18,0,122
Kontich,11024,2020-09-19,4,126
Kontich,11024,2020-09-20,2,128
Kontich,11024,2020-09-21,4,132
Kontich,11024,2020-09-22,5,137
Kontich,11024,2020-09-23,4,141
Kontich,11024,2020-09-24,2,143
Kontich,11024,2020-09-25,3,146
Kontich,11024,2020-09-26,2,148
Kontich,11024,2020-09-27,2,150
Kontich,11024,2020-09-28,4,154
Kontich,11024,2020-09-29,1,155
Kontich,11024,2020-09-30,3,158
Kontich,11024,2020-10-01,4,162
Kontich,11024,2020-10-02,2,164
Kontich,11024,2020-10-03,3,167
Kontich,11024,2020-10-04,5,172
Kontich,11024,2020-10-05,0,172
Kontich,11024,2020-10-06,4,176
Kontich,11024,2020-10-07,1,177
Kontich,11024,2020-10-08,1,178
Kontich,11024,2020-10-09,5,183
Kontich,11024,2020-10-10,6,189
Kontich,11024,2020-10-11,6,195
Kontich,11024,2020-10-12,9,204
Kontich,11024,2020-10-13,5,209
Kontich,11024,2020-10-14,13,222
Kontich,11024,2020-10-15,7,229
Kontich,11024,2020-10-16,6,235
Kontich,11024,2020-10-17,10,245
Kontich,11024,2020-10-18,6,251
Kontich,11024,2020-10-19,14,265
Kontich,11024,2020-10-20,4,269
Kontich,11024,2020-10-21,10,279
Kontich,11024,2020-10-22,7,286
Kontich,11024,2020-10-23,5,291
Kontich,11024,2020-10-24,25,316
Kontich,11024,2020-10-25,7,323
Kontich,11024,2020-10-26,14,337
Kontich,11024,2020-10-27,6,343
Kontich,11024,2020-10-28,16,359
Kontich,11024,2020-10-29,16,375
Kontich,11024,2020-10-30,21,396
Kontich,11024,2020-10-31,17,413
Kontich,11024,2020-11-01,12,425
Kontich,11024,2020-11-02,15,440
Kontich,11024,2020-11-03,3,443
Kontich,11024,2020-11-04,11,454
Kontich,11024,2020-11-05,16,470
Kontich,11024,2020-11-06,5,475
Kontich,11024,2020-11-07,2,477
Kontich,11024,2020-11-08,6,483
Kontich,11024,2020-11-09,5,488
Kontich,11024,2020-11-10,5,493
Kontich,11024,2020-11-11,4,497
Lint,11025,2020-04-01,0,7
Lint,11025,2020-04-02,1,8
Lint,11025,2020-04-03,1,9
Lint,11025,2020-04-04,0,9
Lint,11025,2020-04-05,0,9
Lint,11025,2020-04-06,0,9
Lint,11025,2020-04-07,0,9
Lint,11025,2020-04-08,0,9
Lint,11025,2020-04-09,0,9
Lint,11025,2020-04-10,2,11
Lint,11025,2020-04-11,0,11
Lint,11025,2020-04-12,0,11
Lint,11025,2020-04-13,0,11
Lint,11025,2020-04-14,0,11
Lint,11025,2020-04-15,0,11
Lint,11025,2020-04-16,0,11
Lint,11025,2020-04-17,1,12
Lint,11025,2020-04-18,0,12
Lint,11025,2020-04-19,1,13
Lint,11025,2020-04-20,0,13
Lint,11025,2020-04-21,0,13
Lint,11025,2020-04-22,0,13
Lint,11025,2020-04-23,1,14
Lint,11025,2020-04-24,1,15
Lint,11025,2020-04-25,0,15
Lint,11025,2020-04-26,3,18
Lint,11025,2020-04-27,1,19
Lint,11025,2020-04-28,0,19
Lint,11025,2020-04-29,0,19
Lint,11025,2020-04-30,0,19
Lint,11025,2020-05-01,0,19
Lint,11025,2020-05-02,0,19
Lint,11025,2020-05-03,0,19
Lint,11025,2020-05-04,0,19
Lint,11025,2020-05-05,0,19
Lint,11025,2020-05-06,0,19
Lint,11025,2020-05-07,0,19
Lint,11025,2020-05-08,1,20
Lint,11025,2020-05-09,0,20
Lint,11025,2020-05-10,0,20
Lint,11025,2020-05-11,0,20
Lint,11025,2020-05-12,0,20
Lint,11025,2020-05-13,0,20
Lint,11025,2020-05-14,0,20
Lint,11025,2020-05-15,0,20
Lint,11025,2020-05-16,0,20
Lint,11025,2020-05-17,0,20
Lint,11025,2020-05-18,0,20
Lint,11025,2020-05-19,0,20
Lint,11025,2020-05-20,0,20
Lint,11025,2020-05-21,0,20
Lint,11025,2020-05-22,0,20
Lint,11025,2020-05-23,0,20
Lint,11025,2020-05-24,0,20
Lint,11025,2020-05-25,0,20
Lint,11025,2020-05-26,0,20
Lint,11025,2020-05-27,0,20
Lint,11025,2020-05-28,0,20
Lint,11025,2020-05-29,0,20
Lint,11025,2020-05-30,0,20
Lint,11025,2020-05-31,0,20
Lint,11025,2020-06-01,0,20
Lint,11025,2020-06-02,0,20
Lint,11025,2020-06-03,0,20
Lint,11025,2020-06-04,0,20
Lint,11025,2020-06-05,0,20
Lint,11025,2020-06-06,0,20
Lint,11025,2020-06-07,0,20
Lint,11025,2020-06-08,0,20
Lint,11025,2020-06-09,0,20
Lint,11025,2020-06-10,0,20
Lint,11025,2020-06-11,0,20
Lint,11025,2020-06-12,0,20
Lint,11025,2020-06-13,0,20
Lint,11025,2020-06-14,0,20
Lint,11025,2020-06-15,0,20
Lint,11025,2020-06-16,0,20
Lint,11025,2020-06-17,1,21
Lint,11025,2020-06-18,0,21
Lint,11025,2020-06-19,0,21
Lint,11025,2020-06-20,0,21
Lint,11025,2020-06-23,1,22
Lint,11025,2020-06-24,0,22
Lint,11025,2020-06-25,0,22
Lint,11025,2020-06-26,0,22
Lint,11025,2020-06-27,0,22
Lint,11025,2020-06-30,0,22
Lint,11025,2020-07-01,0,22
Lint,11025,2020-07-02,0,22
Lint,11025,2020-07-03,0,22
Lint,11025,2020-07-04,0,22
Lint,11025,2020-07-07,0,22
Lint,11025,2020-07-08,0,22
Lint,11025,2020-07-09,0,22
Lint,11025,2020-07-10,0,22
Lint,11025,2020-07-11,0,22
Lint,11025,2020-07-14,1,23
Lint,11025,2020-07-15,0,23
Lint,11025,2020-07-16,0,23
Lint,11025,2020-07-17,0,23
Lint,11025,2020-07-18,1,24
Lint,11025,2020-07-20,1,25
Lint,11025,2020-07-21,4,29
Lint,11025,2020-07-22,4,33
Lint,11025,2020-07-23,0,33
Lint,11025,2020-07-24,0,33
Lint,11025,2020-07-25,1,34
Lint,11025,2020-07-26,2,36
Lint,11025,2020-07-27,0,36
Lint,11025,2020-07-28,3,39
Lint,11025,2020-07-29,0,39
Lint,11025,2020-07-30,2,41
Lint,11025,2020-07-31,1,42
Lint,11025,2020-08-01,0,42
Lint,11025,2020-08-02,0,42
Lint,11025,2020-08-03,0,42
Lint,11025,2020-08-04,0,42
Lint,11025,2020-08-05,0,42
Lint,11025,2020-08-06,0,42
Lint,11025,2020-08-07,0,42
Lint,11025,2020-08-08,2,44
Lint,11025,2020-08-09,0,44
Lint,11025,2020-08-10,0,44
Lint,11025,2020-08-11,0,44
Lint,11025,2020-08-12,1,45
Lint,11025,2020-08-13,0,45
Lint,11025,2020-08-14,0,45
Lint,11025,2020-08-15,0,45
Lint,11025,2020-08-16,1,46
Lint,11025,2020-08-17,1,47
Lint,11025,2020-08-18,0,47
Lint,11025,2020-08-19,0,47
Lint,11025,2020-08-20,0,47
Lint,11025,2020-08-21,1,48
Lint,11025,2020-08-22,2,50
Lint,11025,2020-08-23,0,50
Lint,11025,2020-08-24,2,52
Lint,11025,2020-08-25,0,52
Lint,11025,2020-08-26,0,52
Lint,11025,2020-08-27,0,52
Lint,11025,2020-08-28,0,52
Lint,11025,2020-08-29,0,52
Lint,11025,2020-08-30,0,52
Lint,11025,2020-08-31,0,52
Lint,11025,2020-09-01,0,52
Lint,11025,2020-09-02,0,52
Lint,11025,2020-09-03,0,52
Lint,11025,2020-09-04,0,52
Lint,11025,2020-09-05,0,52
Lint,11025,2020-09-06,0,52
Lint,11025,2020-09-07,0,52
Lint,11025,2020-09-08,0,52
Lint,11025,2020-09-09,0,52
Lint,11025,2020-09-10,0,52
Lint,11025,2020-09-11,0,52
Lint,11025,2020-09-12,0,52
Lint,11025,2020-09-13,0,52
Lint,11025,2020-09-14,0,52
Lint,11025,2020-09-15,0,52
Lint,11025,2020-09-16,1,53
Lint,11025,2020-09-17,0,53
Lint,11025,2020-09-18,1,54
Lint,11025,2020-09-19,0,54
Lint,11025,2020-09-20,0,54
Lint,11025,2020-09-21,1,55
Lint,11025,2020-09-22,1,56
Lint,11025,2020-09-23,1,57
Lint,11025,2020-09-24,1,58
Lint,11025,2020-09-25,2,60
Lint,11025,2020-09-26,0,60
Lint,11025,2020-09-27,0,60
Lint,11025,2020-09-28,2,62
Lint,11025,2020-09-29,1,63
Lint,11025,2020-09-30,0,63
Lint,11025,2020-10-01,0,63
Lint,11025,2020-10-02,2,65
Lint,11025,2020-10-03,3,68
Lint,11025,2020-10-04,0,68
Lint,11025,2020-10-05,1,69
Lint,11025,2020-10-06,1,70
Lint,11025,2020-10-07,1,71
Lint,11025,2020-10-08,0,71
Lint,11025,2020-10-09,1,72
Lint,11025,2020-10-10,1,73
Lint,11025,2020-10-11,7,80
Lint,11025,2020-10-12,2,82
Lint,11025,2020-10-13,1,83
Lint,11025,2020-10-14,4,87
Lint,11025,2020-10-15,2,89
Lint,11025,2020-10-16,3,92
Lint,11025,2020-10-17,1,93
Lint,11025,2020-10-18,0,93
Lint,11025,2020-10-19,1,94
Lint,11025,2020-10-20,4,98
Lint,11025,2020-10-21,2,100
Lint,11025,2020-10-22,3,103
Lint,11025,2020-10-23,0,103
Lint,11025,2020-10-24,12,115
Lint,11025,2020-10-25,11,126
Lint,11025,2020-10-26,5,131
Lint,11025,2020-10-27,10,141
Lint,11025,2020-10-28,4,145
Lint,11025,2020-10-29,5,150
Lint,11025,2020-10-30,9,159
Lint,11025,2020-10-31,12,171
Lint,11025,2020-11-01,4,175
Lint,11025,2020-11-02,6,181
Lint,11025,2020-11-03,5,186
Lint,11025,2020-11-04,1,187
Lint,11025,2020-11-05,5,192
Lint,11025,2020-11-06,0,192
Lint,11025,2020-11-07,2,194
Lint,11025,2020-11-08,2,196
Lint,11025,2020-11-09,2,198
Lint,11025,2020-11-10,4,202
Lint,11025,2020-11-11,0,202
Mortsel,11029,2020-04-01,1,28
Mortsel,11029,2020-04-02,1,29
Mortsel,11029,2020-04-03,3,32
Mortsel,11029,2020-04-04,0,32
Mortsel,11029,2020-04-05,2,34
Mortsel,11029,2020-04-06,2,36
Mortsel,11029,2020-04-07,1,37
Mortsel,11029,2020-04-08,0,37
Mortsel,11029,2020-04-09,5,42
Mortsel,11029,2020-04-10,4,46
Mortsel,11029,2020-04-11,1,47
Mortsel,11029,2020-04-12,1,48
Mortsel,11029,2020-04-13,0,48
Mortsel,11029,2020-04-14,2,50
Mortsel,11029,2020-04-15,0,50
Mortsel,11029,2020-04-16,4,54
Mortsel,11029,2020-04-17,2,56
Mortsel,11029,2020-04-18,5,61
Mortsel,11029,2020-04-19,1,62
Mortsel,11029,2020-04-20,0,62
Mortsel,11029,2020-04-21,0,62
Mortsel,11029,2020-04-22,1,63
Mortsel,11029,2020-04-23,10,73
Mortsel,11029,2020-04-24,4,77
Mortsel,11029,2020-04-25,2,79
Mortsel,11029,2020-04-26,0,79
Mortsel,11029,2020-04-27,0,79
Mortsel,11029,2020-04-28,0,79
Mortsel,11029,2020-04-29,1,80
Mortsel,11029,2020-04-30,2,82
Mortsel,11029,2020-05-01,4,86
Mortsel,11029,2020-05-02,0,86
Mortsel,11029,2020-05-03,2,88
Mortsel,11029,2020-05-04,2,90
Mortsel,11029,2020-05-05,0,90
Mortsel,11029,2020-05-06,1,91
Mortsel,11029,2020-05-07,4,95
Mortsel,11029,2020-05-08,2,97
Mortsel,11029,2020-05-09,1,98
Mortsel,11029,2020-05-10,1,99
Mortsel,11029,2020-05-11,1,100
Mortsel,11029,2020-05-12,0,100
Mortsel,11029,2020-05-13,0,100
Mortsel,11029,2020-05-14,0,100
Mortsel,11029,2020-05-15,1,101
Mortsel,11029,2020-05-16,0,101
Mortsel,11029,2020-05-17,0,101
Mortsel,11029,2020-05-18,0,101
Mortsel,11029,2020-05-19,0,101
Mortsel,11029,2020-05-20,1,102
Mortsel,11029,2020-05-21,0,102
Mortsel,11029,2020-05-22,2,104
Mortsel,11029,2020-05-23,0,104
Mortsel,11029,2020-05-24,0,104
Mortsel,11029,2020-05-25,3,107
Mortsel,11029,2020-05-26,0,107
Mortsel,11029,2020-05-27,0,107
Mortsel,11029,2020-05-28,0,107
Mortsel,11029,2020-05-29,0,107
Mortsel,11029,2020-05-30,0,107
Mortsel,11029,2020-05-31,2,109
Mortsel,11029,2020-06-01,0,109
Mortsel,11029,2020-06-02,0,109
Mortsel,11029,2020-06-03,0,109
Mortsel,11029,2020-06-04,0,109
Mortsel,11029,2020-06-05,0,109
Mortsel,11029,2020-06-06,0,109
Mortsel,11029,2020-06-07,0,109
Mortsel,11029,2020-06-08,0,109
Mortsel,11029,2020-06-09,0,109
Mortsel,11029,2020-06-10,0,109
Mortsel,11029,2020-06-11,0,109
Mortsel,11029,2020-06-12,0,109
Mortsel,11029,2020-06-13,0,109
Mortsel,11029,2020-06-14,0,109
Mortsel,11029,2020-06-15,0,109
Mortsel,11029,2020-06-16,0,109
Mortsel,11029,2020-06-17,0,109
Mortsel,11029,2020-06-18,0,109
Mortsel,11029,2020-06-19,0,109
Mortsel,11029,2020-06-20,0,109
Mortsel,11029,2020-06-23,1,110
Mortsel,11029,2020-06-24,0,110
Mortsel,11029,2020-06-25,0,110
Mortsel,11029,2020-06-26,0,110
Mortsel,11029,2020-06-27,0,110
Mortsel,11029,2020-06-30,2,112
Mortsel,11029,2020-07-01,0,112
Mortsel,11029,2020-07-02,1,113
Mortsel,11029,2020-07-03,1,114
Mortsel,11029,2020-07-04,0,114
Mortsel,11029,2020-07-07,2,116
Mortsel,11029,2020-07-08,0,116
Mortsel,11029,2020-07-09,0,116
Mortsel,11029,2020-07-10,1,117
Mortsel,11029,2020-07-11,1,118
Mortsel,11029,2020-07-14,1,119
Mortsel,11029,2020-07-15,1,120
Mortsel,11029,2020-07-16,1,121
Mortsel,11029,2020-07-17,0,121
Mortsel,11029,2020-07-18,2,123
Mortsel,11029,2020-07-20,2,125
Mortsel,11029,2020-07-21,0,125
Mortsel,11029,2020-07-22,0,125
Mortsel,11029,2020-07-23,0,125
Mortsel,11029,2020-07-24,1,126
Mortsel,11029,2020-07-25,0,126
Mortsel,11029,2020-07-26,11,137
Mortsel,11029,2020-07-27,1,138
Mortsel,11029,2020-07-28,1,139
Mortsel,11029,2020-07-29,2,141
Mortsel,11029,2020-07-30,5,146
Mortsel,11029,2020-07-31,0,146
Mortsel,11029,2020-08-01,3,149
Mortsel,11029,2020-08-02,3,152
Mortsel,11029,2020-08-03,3,155
Mortsel,11029,2020-08-04,1,156
Mortsel,11029,2020-08-05,1,157
Mortsel,11029,2020-08-06,0,157
Mortsel,11029,2020-08-07,6,163
Mortsel,11029,2020-08-08,1,164
Mortsel,11029,2020-08-09,2,166
Mortsel,11029,2020-08-10,3,169
Mortsel,11029,2020-08-11,1,170
Mortsel,11029,2020-08-12,2,172
Mortsel,11029,2020-08-13,1,173
Mortsel,11029,2020-08-14,-2,171
Mortsel,11029,2020-08-15,6,177
Mortsel,11029,2020-08-16,1,178
Mortsel,11029,2020-08-17,2,180
Mortsel,11029,2020-08-18,3,183
Mortsel,11029,2020-08-19,0,183
Mortsel,11029,2020-08-20,0,183
Mortsel,11029,2020-08-21,0,183
Mortsel,11029,2020-08-22,4,187
Mortsel,11029,2020-08-23,0,187
Mortsel,11029,2020-08-24,1,188
Mortsel,11029,2020-08-25,0,188
Mortsel,11029,2020-08-26,1,189
Mortsel,11029,2020-08-27,2,191
Mortsel,11029,2020-08-28,1,192
Mortsel,11029,2020-08-29,1,193
Mortsel,11029,2020-08-30,6,199
Mortsel,11029,2020-08-31,1,200
Mortsel,11029,2020-09-01,0,200
Mortsel,11029,2020-09-02,2,202
Mortsel,11029,2020-09-03,1,203
Mortsel,11029,2020-09-04,1,204
Mortsel,11029,2020-09-05,0,204
Mortsel,11029,2020-09-06,0,204
Mortsel,11029,2020-09-07,3,207
Mortsel,11029,2020-09-08,1,208
Mortsel,11029,2020-09-09,4,212
Mortsel,11029,2020-09-10,2,214
Mortsel,11029,2020-09-11,3,217
Mortsel,11029,2020-09-12,1,218
Mortsel,11029,2020-09-13,4,222
Mortsel,11029,2020-09-14,3,225
Mortsel,11029,2020-09-15,2,227
Mortsel,11029,2020-09-16,2,229
Mortsel,11029,2020-09-17,1,230
Mortsel,11029,2020-09-18,6,236
Mortsel,11029,2020-09-19,5,241
Mortsel,11029,2020-09-20,-1,240
Mortsel,11029,2020-09-21,1,241
Mortsel,11029,2020-09-22,4,245
Mortsel,11029,2020-09-23,3,248
Mortsel,11029,2020-09-24,5,253
Mortsel,11029,2020-09-25,3,256
Mortsel,11029,2020-09-26,4,260
Mortsel,11029,2020-09-27,5,265
Mortsel,11029,2020-09-28,3,268
Mortsel,11029,2020-09-29,4,272
Mortsel,11029,2020-09-30,6,278
Mortsel,11029,2020-10-01,8,286
Mortsel,11029,2020-10-02,4,290
Mortsel,11029,2020-10-03,4,294
Mortsel,11029,2020-10-04,4,298
Mortsel,11029,2020-10-05,3,301
Mortsel,11029,2020-10-06,5,306
Mortsel,11029,2020-10-07,6,312
Mortsel,11029,2020-10-08,3,315
Mortsel,11029,2020-10-09,3,318
Mortsel,11029,2020-10-10,5,323
Mortsel,11029,2020-10-11,6,329
Mortsel,11029,2020-10-12,7,336
Mortsel,11029,2020-10-13,6,342
Mortsel,11029,2020-10-14,5,347
Mortsel,11029,2020-10-15,8,355
Mortsel,11029,2020-10-16,8,363
Mortsel,11029,2020-10-17,8,371
Mortsel,11029,2020-10-18,6,377
Mortsel,11029,2020-10-19,10,387
Mortsel,11029,2020-10-20,20,407
Mortsel,11029,2020-10-21,15,422
Mortsel,11029,2020-10-22,10,432
Mortsel,11029,2020-10-23,12,444
Mortsel,11029,2020-10-24,24,468
Mortsel,11029,2020-10-25,16,484
Mortsel,11029,2020-10-26,16,500
Mortsel,11029,2020-10-27,14,514
Mortsel,11029,2020-10-28,19,533
Mortsel,11029,2020-10-29,20,553
Mortsel,11029,2020-10-30,22,575
Mortsel,11029,2020-10-31,15,590
Mortsel,11029,2020-11-01,19,609
Mortsel,11029,2020-11-02,7,616
Mortsel,11029,2020-11-03,6,622
Mortsel,11029,2020-11-04,11,633
Mortsel,11029,2020-11-05,14,647
Mortsel,11029,2020-11-06,10,657
Mortsel,11029,2020-11-07,4,661
Mortsel,11029,2020-11-08,7,668
Mortsel,11029,2020-11-09,3,671
Mortsel,11029,2020-11-10,4,675
Mortsel,11029,2020-11-11,13,688
Niel,11030,2020-04-01,5,5
Niel,11030,2020-04-02,0,5
Niel,11030,2020-04-03,3,8
Niel,11030,2020-04-04,0,8
Niel,11030,2020-04-05,2,10
Niel,11030,2020-04-06,0,10
Niel,11030,2020-04-07,0,10
Niel,11030,2020-04-08,0,10
Niel,11030,2020-04-09,0,10
Niel,11030,2020-04-10,1,11
Niel,11030,2020-04-11,2,13
Niel,11030,2020-04-12,0,13
Niel,11030,2020-04-13,0,13
Niel,11030,2020-04-14,0,13
Niel,11030,2020-04-15,0,13
Niel,11030,2020-04-16,1,14
Niel,11030,2020-04-17,1,15
Niel,11030,2020-04-18,1,16
Niel,11030,2020-04-19,0,16
Niel,11030,2020-04-20,0,16
Niel,11030,2020-04-21,1,17
Niel,11030,2020-04-22,2,19
Niel,11030,2020-04-23,1,20
Niel,11030,2020-04-24,2,22
Niel,11030,2020-04-25,0,22
Niel,11030,2020-04-26,1,23
Niel,11030,2020-04-27,1,24
Niel,11030,2020-04-28,0,24
Niel,11030,2020-04-29,0,24
Niel,11030,2020-04-30,1,25
Niel,11030,2020-05-01,1,26
Niel,11030,2020-05-02,0,26
Niel,11030,2020-05-03,0,26
Niel,11030,2020-05-04,0,26
Niel,11030,2020-05-05,3,29
Niel,11030,2020-05-06,2,31
Niel,11030,2020-05-07,0,31
Niel,11030,2020-05-08,2,33
Niel,11030,2020-05-09,1,34
Niel,11030,2020-05-10,3,37
Niel,11030,2020-05-11,0,37
Niel,11030,2020-05-12,0,37
Niel,11030,2020-05-13,0,37
Niel,11030,2020-05-14,0,37
Niel,11030,2020-05-15,0,37
Niel,11030,2020-05-16,0,37
Niel,11030,2020-05-17,0,37
Niel,11030,2020-05-18,0,37
Niel,11030,2020-05-19,0,37
Niel,11030,2020-05-20,0,37
Niel,11030,2020-05-21,1,38
Niel,11030,2020-05-22,0,38
Niel,11030,2020-05-23,0,38
Niel,11030,2020-05-24,1,39
Niel,11030,2020-05-25,0,39
Niel,11030,2020-05-26,1,40
Niel,11030,2020-05-27,0,40
Niel,11030,2020-05-28,0,40
Niel,11030,2020-05-29,0,40
Niel,11030,2020-05-30,0,40
Niel,11030,2020-05-31,0,40
Niel,11030,2020-06-01,0,40
Niel,11030,2020-06-02,0,40
Niel,11030,2020-06-03,0,40
Niel,11030,2020-06-04,0,40
Niel,11030,2020-06-05,0,40
Niel,11030,2020-06-06,0,40
Niel,11030,2020-06-07,0,40
Niel,11030,2020-06-08,1,41
Niel,11030,2020-06-09,0,41
Niel,11030,2020-06-10,0,41
Niel,11030,2020-06-11,0,41
Niel,11030,2020-06-12,0,41
Niel,11030,2020-06-13,0,41
Niel,11030,2020-06-14,0,41
Niel,11030,2020-06-15,0,41
Niel,11030,2020-06-16,1,42
Niel,11030,2020-06-17,0,42
Niel,11030,2020-06-18,0,42
Niel,11030,2020-06-19,0,42
Niel,11030,2020-06-20,0,42
Niel,11030,2020-06-23,0,42
Niel,11030,2020-06-24,0,42
Niel,11030,2020-06-25,0,42
Niel,11030,2020-06-26,0,42
Niel,11030,2020-06-27,0,42
Niel,11030,2020-06-30,0,42
Niel,11030,2020-07-01,0,42
Niel,11030,2020-07-02,0,42
Niel,11030,2020-07-03,0,42
Niel,11030,2020-07-04,0,42
Niel,11030,2020-07-07,0,42
Niel,11030,2020-07-08,1,43
Niel,11030,2020-07-09,0,43
Niel,11030,2020-07-10,0,43
Niel,11030,2020-07-11,0,43
Niel,11030,2020-07-14,0,43
Niel,11030,2020-07-15,0,43
Niel,11030,2020-07-16,0,43
Niel,11030,2020-07-17,1,44
Niel,11030,2020-07-18,0,44
Niel,11030,2020-07-20,0,44
Niel,11030,2020-07-21,1,45
Niel,11030,2020-07-22,0,45
Niel,11030,2020-07-23,0,45
Niel,11030,2020-07-24,0,45
Niel,11030,2020-07-25,0,45
Niel,11030,2020-07-26,4,49
Niel,11030,2020-07-27,2,51
Niel,11030,2020-07-28,0,51
Niel,11030,2020-07-29,1,52
Niel,11030,2020-07-30,4,56
Niel,11030,2020-07-31,0,56
Niel,11030,2020-08-01,2,58
Niel,11030,2020-08-02,3,61
Niel,11030,2020-08-03,1,62
Niel,11030,2020-08-04,1,63
Niel,11030,2020-08-05,1,64
Niel,11030,2020-08-06,0,64
Niel,11030,2020-08-07,0,64
Niel,11030,2020-08-08,2,66
Niel,11030,2020-08-09,1,67
Niel,11030,2020-08-10,0,67
Niel,11030,2020-08-11,0,67
Niel,11030,2020-08-12,0,67
Niel,11030,2020-08-13,1,68
Niel,11030,2020-08-14,1,69
Niel,11030,2020-08-15,0,69
Niel,11030,2020-08-16,0,69
Niel,11030,2020-08-17,0,69
Niel,11030,2020-08-18,0,69
Niel,11030,2020-08-19,1,70
Niel,11030,2020-08-20,1,71
Niel,11030,2020-08-21,1,72
Niel,11030,2020-08-22,1,73
Niel,11030,2020-08-23,0,73
Niel,11030,2020-08-24,1,74
Niel,11030,2020-08-25,0,74
Niel,11030,2020-08-26,0,74
Niel,11030,2020-08-27,0,74
Niel,11030,2020-08-28,0,74
Niel,11030,2020-08-29,0,74
Niel,11030,2020-08-30,1,75
Niel,11030,2020-08-31,0,75
Niel,11030,2020-09-01,0,75
Niel,11030,2020-09-02,3,78
Niel,11030,2020-09-03,0,78
Niel,11030,2020-09-04,0,78
Niel,11030,2020-09-05,0,78
Niel,11030,2020-09-06,0,78
Niel,11030,2020-09-07,0,78
Niel,11030,2020-09-08,2,80
Niel,11030,2020-09-09,0,80
Niel,11030,2020-09-10,0,80
Niel,11030,2020-09-11,0,80
Niel,11030,2020-09-12,0,80
Niel,11030,2020-09-13,0,80
Niel,11030,2020-09-14,1,81
Niel,11030,2020-09-15,2,83
Niel,11030,2020-09-16,0,83
Niel,11030,2020-09-17,9,92
Niel,11030,2020-09-18,9,101
Niel,11030,2020-09-19,6,107
Niel,11030,2020-09-20,-5,102
Niel,11030,2020-09-21,9,111
Niel,11030,2020-09-22,3,114
Niel,11030,2020-09-23,1,115
Niel,11030,2020-09-24,1,116
Niel,11030,2020-09-25,1,117
Niel,11030,2020-09-26,3,120
Niel,11030,2020-09-27,1,121
Niel,11030,2020-09-28,0,121
Niel,11030,2020-09-29,0,121
Niel,11030,2020-09-30,1,122
Niel,11030,2020-10-01,0,122
Niel,11030,2020-10-02,2,124
Niel,11030,2020-10-03,1,125
Niel,11030,2020-10-04,0,125
Niel,11030,2020-10-05,2,127
Niel,11030,2020-10-06,2,129
Niel,11030,2020-10-07,0,129
Niel,11030,2020-10-08,3,132
Niel,11030,2020-10-09,3,135
Niel,11030,2020-10-10,2,137
Niel,11030,2020-10-11,3,140
Niel,11030,2020-10-12,4,144
Niel,11030,2020-10-13,1,145
Niel,11030,2020-10-14,4,149
Niel,11030,2020-10-15,3,152
Niel,11030,2020-10-16,4,156
Niel,11030,2020-10-17,2,158
Niel,11030,2020-10-18,3,161
Niel,11030,2020-10-19,1,162
Niel,11030,2020-10-20,4,166
Niel,11030,2020-10-21,4,170
Niel,11030,2020-10-22,4,174
Niel,11030,2020-10-23,5,179
Niel,11030,2020-10-24,9,188
Niel,11030,2020-10-25,11,199
Niel,11030,2020-10-26,12,211
Niel,11030,2020-10-27,14,225
Niel,11030,2020-10-28,16,241
Niel,11030,2020-10-29,15,256
Niel,11030,2020-10-30,18,274
Niel,11030,2020-10-31,15,289
Niel,11030,2020-11-01,11,300
Niel,11030,2020-11-02,9,309
Niel,11030,2020-11-03,4,313
Niel,11030,2020-11-04,4,317
Niel,11030,2020-11-05,14,331
Niel,11030,2020-11-06,5,336
Niel,11030,2020-11-07,5,341
Niel,11030,2020-11-08,6,347
Niel,11030,2020-11-09,6,353
Niel,11030,2020-11-10,1,354
Niel,11030,2020-11-11,1,355
Ranst,11035,2020-04-01,2,17
Ranst,11035,2020-04-02,1,18
Ranst,11035,2020-04-03,2,20
Ranst,11035,2020-04-04,1,21
Ranst,11035,2020-04-05,1,22
Ranst,11035,2020-04-06,1,23
Ranst,11035,2020-04-07,1,24
Ranst,11035,2020-04-08,1,25
Ranst,11035,2020-04-09,4,29
Ranst,11035,2020-04-10,0,29
Ranst,11035,2020-04-11,0,29
Ranst,11035,2020-04-12,1,30
Ranst,11035,2020-04-13,0,30
Ranst,11035,2020-04-14,0,30
Ranst,11035,2020-04-15,0,30
Ranst,11035,2020-04-16,0,30
Ranst,11035,2020-04-17,1,31
Ranst,11035,2020-04-18,1,32
Ranst,11035,2020-04-19,0,32
Ranst,11035,2020-04-20,0,32
Ranst,11035,2020-04-21,1,33
Ranst,11035,2020-04-22,1,34
Ranst,11035,2020-04-23,0,34
Ranst,11035,2020-04-24,1,35
Ranst,11035,2020-04-25,1,36
Ranst,11035,2020-04-26,1,37
Ranst,11035,2020-04-27,0,37
Ranst,11035,2020-04-28,0,37
Ranst,11035,2020-04-29,0,37
Ranst,11035,2020-04-30,1,38
Ranst,11035,2020-05-01,0,38
Ranst,11035,2020-05-02,0,38
Ranst,11035,2020-05-03,0,38
Ranst,11035,2020-05-04,0,38
Ranst,11035,2020-05-05,0,38
Ranst,11035,2020-05-06,0,38
Ranst,11035,2020-05-07,0,38
Ranst,11035,2020-05-08,1,39
Ranst,11035,2020-05-09,0,39
Ranst,11035,2020-05-10,2,41
Ranst,11035,2020-05-11,0,41
Ranst,11035,2020-05-12,1,42
Ranst,11035,2020-05-13,1,43
Ranst,11035,2020-05-14,1,44
Ranst,11035,2020-05-15,0,44
Ranst,11035,2020-05-16,0,44
Ranst,11035,2020-05-17,0,44
Ranst,11035,2020-05-18,1,45
Ranst,11035,2020-05-19,0,45
Ranst,11035,2020-05-20,0,45
Ranst,11035,2020-05-21,0,45
Ranst,11035,2020-05-22,0,45
Ranst,11035,2020-05-23,0,45
Ranst,11035,2020-05-24,1,46
Ranst,11035,2020-05-25,0,46
Ranst,11035,2020-05-26,0,46
Ranst,11035,2020-05-27,0,46
Ranst,11035,2020-05-28,0,46
Ranst,11035,2020-05-29,0,46
Ranst,11035,2020-05-30,0,46
Ranst,11035,2020-05-31,0,46
Ranst,11035,2020-06-01,0,46
Ranst,11035,2020-06-02,1,47
Ranst,11035,2020-06-03,0,47
Ranst,11035,2020-06-04,0,47
Ranst,11035,2020-06-05,0,47
Ranst,11035,2020-06-06,0,47
Ranst,11035,2020-06-07,0,47
Ranst,11035,2020-06-08,0,47
Ranst,11035,2020-06-09,0,47
Ranst,11035,2020-06-10,0,47
Ranst,11035,2020-06-11,0,47
Ranst,11035,2020-06-12,0,47
Ranst,11035,2020-06-13,0,47
Ranst,11035,2020-06-14,1,48
Ranst,11035,2020-06-15,0,48
Ranst,11035,2020-06-16,0,48
Ranst,11035,2020-06-17,0,48
Ranst,11035,2020-06-18,0,48
Ranst,11035,2020-06-19,0,48
Ranst,11035,2020-06-20,0,48
Ranst,11035,2020-06-23,1,49
Ranst,11035,2020-06-24,0,49
Ranst,11035,2020-06-25,0,49
Ranst,11035,2020-06-26,0,49
Ranst,11035,2020-06-27,0,49
Ranst,11035,2020-06-30,0,49
Ranst,11035,2020-07-01,0,49
Ranst,11035,2020-07-02,0,49
Ranst,11035,2020-07-03,0,49
Ranst,11035,2020-07-04,0,49
Ranst,11035,2020-07-07,0,49
Ranst,11035,2020-07-08,0,49
Ranst,11035,2020-07-09,1,50
Ranst,11035,2020-07-10,0,50
Ranst,11035,2020-07-11,0,50
Ranst,11035,2020-07-14,0,50
Ranst,11035,2020-07-15,0,50
Ranst,11035,2020-07-16,0,50
Ranst,11035,2020-07-17,0,50
Ranst,11035,2020-07-18,0,50
Ranst,11035,2020-07-20,3,53
Ranst,11035,2020-07-21,0,53
Ranst,11035,2020-07-22,6,59
Ranst,11035,2020-07-23,3,62
Ranst,11035,2020-07-24,1,63
Ranst,11035,2020-07-25,2,65
Ranst,11035,2020-07-26,5,70
Ranst,11035,2020-07-27,3,73
Ranst,11035,2020-07-28,2,75
Ranst,11035,2020-07-29,6,81
Ranst,11035,2020-07-30,2,83
Ranst,11035,2020-07-31,1,84
Ranst,11035,2020-08-01,1,85
Ranst,11035,2020-08-02,2,87
Ranst,11035,2020-08-03,2,89
Ranst,11035,2020-08-04,0,89
Ranst,11035,2020-08-05,0,89
Ranst,11035,2020-08-06,1,90
Ranst,11035,2020-08-07,4,94
Ranst,11035,2020-08-08,1,95
Ranst,11035,2020-08-09,4,99
Ranst,11035,2020-08-10,1,100
Ranst,11035,2020-08-11,0,100
Ranst,11035,2020-08-12,0,100
Ranst,11035,2020-08-13,3,103
Ranst,11035,2020-08-14,0,103
Ranst,11035,2020-08-15,3,106
Ranst,11035,2020-08-16,0,106
Ranst,11035,2020-08-17,1,107
Ranst,11035,2020-08-18,0,107
Ranst,11035,2020-08-19,0,107
Ranst,11035,2020-08-20,0,107
Ranst,11035,2020-08-21,0,107
Ranst,11035,2020-08-22,0,107
Ranst,11035,2020-08-23,0,107
Ranst,11035,2020-08-24,0,107
Ranst,11035,2020-08-25,0,107
Ranst,11035,2020-08-26,0,107
Ranst,11035,2020-08-27,0,107
Ranst,11035,2020-08-28,0,107
Ranst,11035,2020-08-29,1,108
Ranst,11035,2020-08-30,0,108
Ranst,11035,2020-08-31,0,108
Ranst,11035,2020-09-01,1,109
Ranst,11035,2020-09-02,0,109
Ranst,11035,2020-09-03,0,109
Ranst,11035,2020-09-04,0,109
Ranst,11035,2020-09-05,1,110
Ranst,11035,2020-09-06,0,110
Ranst,11035,2020-09-07,1,111
Ranst,11035,2020-09-08,0,111
Ranst,11035,2020-09-09,0,111
Ranst,11035,2020-09-10,0,111
Ranst,11035,2020-09-11,0,111
Ranst,11035,2020-09-12,0,111
Ranst,11035,2020-09-13,2,113
Ranst,11035,2020-09-14,0,113
Ranst,11035,2020-09-15,1,114
Ranst,11035,2020-09-16,0,114
Ranst,11035,2020-09-17,1,115
Ranst,11035,2020-09-18,0,115
Ranst,11035,2020-09-19,4,119
Ranst,11035,2020-09-20,1,120
Ranst,11035,2020-09-21,2,122
Ranst,11035,2020-09-22,1,123
Ranst,11035,2020-09-23,1,124
Ranst,11035,2020-09-24,3,127
Ranst,11035,2020-09-25,3,130
Ranst,11035,2020-09-26,3,133
Ranst,11035,2020-09-27,6,139
Ranst,11035,2020-09-28,2,141
Ranst,11035,2020-09-29,0,141
Ranst,11035,2020-09-30,2,143
Ranst,11035,2020-10-01,3,146
Ranst,11035,2020-10-02,6,152
Ranst,11035,2020-10-03,5,157
Ranst,11035,2020-10-04,0,157
Ranst,11035,2020-10-05,1,158
Ranst,11035,2020-10-06,1,159
Ranst,11035,2020-10-07,2,161
Ranst,11035,2020-10-08,0,161
Ranst,11035,2020-10-09,7,168
Ranst,11035,2020-10-10,4,172
Ranst,11035,2020-10-11,4,176
Ranst,11035,2020-10-12,2,178
Ranst,11035,2020-10-13,5,183
Ranst,11035,2020-10-14,8,191
Ranst,11035,2020-10-15,5,196
Ranst,11035,2020-10-16,9,205
Ranst,11035,2020-10-17,9,214
Ranst,11035,2020-10-18,3,217
Ranst,11035,2020-10-19,5,222
Ranst,11035,2020-10-20,9,231
Ranst,11035,2020-10-21,19,250
Ranst,11035,2020-10-22,11,261
Ranst,11035,2020-10-23,11,272
Ranst,11035,2020-10-24,20,292
Ranst,11035,2020-10-25,21,313
Ranst,11035,2020-10-26,18,331
Ranst,11035,2020-10-27,7,338
Ranst,11035,2020-10-28,16,354
Ranst,11035,2020-10-29,17,371
Ranst,11035,2020-10-30,14,385
Ranst,11035,2020-10-31,16,401
Ranst,11035,2020-11-01,7,408
Ranst,11035,2020-11-02,15,423
Ranst,11035,2020-11-03,7,430
Ranst,11035,2020-11-04,4,434
Ranst,11035,2020-11-05,8,442
Ranst,11035,2020-11-06,7,449
Ranst,11035,2020-11-07,3,452
Ranst,11035,2020-11-08,2,454
Ranst,11035,2020-11-09,9,463
Ranst,11035,2020-11-10,4,467
Ranst,11035,2020-11-11,7,474
Rumst,11037,2020-04-01,1,18
Rumst,11037,2020-04-02,0,18
Rumst,11037,2020-04-03,1,19
Rumst,11037,2020-04-04,3,22
Rumst,11037,2020-04-05,1,23
Rumst,11037,2020-04-06,0,23
Rumst,11037,2020-04-07,1,24
Rumst,11037,2020-04-08,0,24
Rumst,11037,2020-04-09,1,25
Rumst,11037,2020-04-10,1,26
Rumst,11037,2020-04-11,2,28
Rumst,11037,2020-04-12,2,30
Rumst,11037,2020-04-13,7,37
Rumst,11037,2020-04-14,3,40
Rumst,11037,2020-04-15,5,45
Rumst,11037,2020-04-16,3,48
Rumst,11037,2020-04-17,0,48
Rumst,11037,2020-04-18,0,48
Rumst,11037,2020-04-19,1,49
Rumst,11037,2020-04-20,1,50
Rumst,11037,2020-04-21,2,52
Rumst,11037,2020-04-22,4,56
Rumst,11037,2020-04-23,1,57
Rumst,11037,2020-04-24,0,57
Rumst,11037,2020-04-25,0,57
Rumst,11037,2020-04-26,1,58
Rumst,11037,2020-04-27,0,58
Rumst,11037,2020-04-28,0,58
Rumst,11037,2020-04-29,0,58
Rumst,11037,2020-04-30,0,58
Rumst,11037,2020-05-01,0,58
Rumst,11037,2020-05-02,0,58
Rumst,11037,2020-05-03,0,58
Rumst,11037,2020-05-04,3,61
Rumst,11037,2020-05-05,0,61
Rumst,11037,2020-05-06,1,62
Rumst,11037,2020-05-07,1,63
Rumst,11037,2020-05-08,1,64
Rumst,11037,2020-05-09,2,66
Rumst,11037,2020-05-10,1,67
Rumst,11037,2020-05-11,0,67
Rumst,11037,2020-05-12,0,67
Rumst,11037,2020-05-13,0,67
Rumst,11037,2020-05-14,0,67
Rumst,11037,2020-05-15,0,67
Rumst,11037,2020-05-16,0,67
Rumst,11037,2020-05-17,1,68
Rumst,11037,2020-05-18,0,68
Rumst,11037,2020-05-19,0,68
Rumst,11037,2020-05-20,1,69
Rumst,11037,2020-05-21,1,70
Rumst,11037,2020-05-22,1,71
Rumst,11037,2020-05-23,0,71
Rumst,11037,2020-05-24,0,71
Rumst,11037,2020-05-25,0,71
Rumst,11037,2020-05-26,0,71
Rumst,11037,2020-05-27,0,71
Rumst,11037,2020-05-28,0,71
Rumst,11037,2020-05-29,0,71
Rumst,11037,2020-05-30,0,71
Rumst,11037,2020-05-31,0,71
Rumst,11037,2020-06-01,0,71
Rumst,11037,2020-06-02,0,71
Rumst,11037,2020-06-03,0,71
Rumst,11037,2020-06-04,0,71
Rumst,11037,2020-06-05,0,71
Rumst,11037,2020-06-06,0,71
Rumst,11037,2020-06-07,0,71
Rumst,11037,2020-06-08,0,71
Rumst,11037,2020-06-09,0,71
Rumst,11037,2020-06-10,0,71
Rumst,11037,2020-06-11,0,71
Rumst,11037,2020-06-12,0,71
Rumst,11037,2020-06-13,0,71
Rumst,11037,2020-06-14,0,71
Rumst,11037,2020-06-15,0,71
Rumst,11037,2020-06-16,0,71
Rumst,11037,2020-06-17,0,71
Rumst,11037,2020-06-18,0,71
Rumst,11037,2020-06-19,0,71
Rumst,11037,2020-06-20,0,71
Rumst,11037,2020-06-23,0,71
Rumst,11037,2020-06-24,0,71
Rumst,11037,2020-06-25,0,71
Rumst,11037,2020-06-26,0,71
Rumst,11037,2020-06-27,0,71
Rumst,11037,2020-06-30,0,71
Rumst,11037,2020-07-01,0,71
Rumst,11037,2020-07-02,0,71
Rumst,11037,2020-07-03,0,71
Rumst,11037,2020-07-04,0,71
Rumst,11037,2020-07-07,0,71
Rumst,11037,2020-07-08,0,71
Rumst,11037,2020-07-09,0,71
Rumst,11037,2020-07-10,0,71
Rumst,11037,2020-07-11,0,71
Rumst,11037,2020-07-14,0,71
Rumst,11037,2020-07-15,0,71
Rumst,11037,2020-07-16,0,71
Rumst,11037,2020-07-17,0,71
Rumst,11037,2020-07-18,0,71
Rumst,11037,2020-07-20,0,71
Rumst,11037,2020-07-21,0,71
Rumst,11037,2020-07-22,0,71
Rumst,11037,2020-07-23,1,72
Rumst,11037,2020-07-24,1,73
Rumst,11037,2020-07-25,1,74
Rumst,11037,2020-07-26,2,76
Rumst,11037,2020-07-27,0,76
Rumst,11037,2020-07-28,0,76
Rumst,11037,2020-07-29,0,76
Rumst,11037,2020-07-30,0,76
Rumst,11037,2020-07-31,0,76
Rumst,11037,2020-08-01,1,77
Rumst,11037,2020-08-02,0,77
Rumst,11037,2020-08-03,0,77
Rumst,11037,2020-08-04,1,78
Rumst,11037,2020-08-05,1,79
Rumst,11037,2020-08-06,1,80
Rumst,11037,2020-08-07,2,82
Rumst,11037,2020-08-08,0,82
Rumst,11037,2020-08-09,-1,81
Rumst,11037,2020-08-10,1,82
Rumst,11037,2020-08-11,0,82
Rumst,11037,2020-08-12,1,83
Rumst,11037,2020-08-13,0,83
Rumst,11037,2020-08-14,0,83
Rumst,11037,2020-08-15,1,84
Rumst,11037,2020-08-16,0,84
Rumst,11037,2020-08-17,0,84
Rumst,11037,2020-08-18,1,85
Rumst,11037,2020-08-19,1,86
Rumst,11037,2020-08-20,1,87
Rumst,11037,2020-08-21,0,87
Rumst,11037,2020-08-22,0,87
Rumst,11037,2020-08-23,0,87
Rumst,11037,2020-08-24,0,87
Rumst,11037,2020-08-25,0,87
Rumst,11037,2020-08-26,1,88
Rumst,11037,2020-08-27,0,88
Rumst,11037,2020-08-28,0,88
Rumst,11037,2020-08-29,0,88
Rumst,11037,2020-08-30,1,89
Rumst,11037,2020-08-31,0,89
Rumst,11037,2020-09-01,0,89
Rumst,11037,2020-09-02,1,90
Rumst,11037,2020-09-03,1,91
Rumst,11037,2020-09-04,0,91
Rumst,11037,2020-09-05,1,92
Rumst,11037,2020-09-06,3,95
Rumst,11037,2020-09-07,1,96
Rumst,11037,2020-09-08,1,97
Rumst,11037,2020-09-09,0,97
Rumst,11037,2020-09-10,0,97
Rumst,11037,2020-09-11,0,97
Rumst,11037,2020-09-12,2,99
Rumst,11037,2020-09-13,0,99
Rumst,11037,2020-09-14,3,102
Rumst,11037,2020-09-15,1,103
Rumst,11037,2020-09-16,1,104
Rumst,11037,2020-09-17,1,105
Rumst,11037,2020-09-18,0,105
Rumst,11037,2020-09-19,4,109
Rumst,11037,2020-09-20,0,109
Rumst,11037,2020-09-21,2,111
Rumst,11037,2020-09-22,1,112
Rumst,11037,2020-09-23,1,113
Rumst,11037,2020-09-24,1,114
Rumst,11037,2020-09-25,1,115
Rumst,11037,2020-09-26,3,118
Rumst,11037,2020-09-27,1,119
Rumst,11037,2020-09-28,0,119
Rumst,11037,2020-09-29,0,119
Rumst,11037,2020-09-30,1,120
Rumst,11037,2020-10-01,1,121
Rumst,11037,2020-10-02,1,122
Rumst,11037,2020-10-03,5,127
Rumst,11037,2020-10-04,2,129
Rumst,11037,2020-10-05,0,129
Rumst,11037,2020-10-06,1,130
Rumst,11037,2020-10-07,1,131
Rumst,11037,2020-10-08,2,133
Rumst,11037,2020-10-09,4,137
Rumst,11037,2020-10-10,5,142
Rumst,11037,2020-10-11,6,148
Rumst,11037,2020-10-12,5,153
Rumst,11037,2020-10-13,0,153
Rumst,11037,2020-10-14,4,157
Rumst,11037,2020-10-15,3,160
Rumst,11037,2020-10-16,2,162
Rumst,11037,2020-10-17,18,180
Rumst,11037,2020-10-18,4,184
Rumst,11037,2020-10-19,5,189
Rumst,11037,2020-10-20,3,192
Rumst,11037,2020-10-21,6,198
Rumst,11037,2020-10-22,6,204
Rumst,11037,2020-10-23,11,215
Rumst,11037,2020-10-24,9,224
Rumst,11037,2020-10-25,8,232
Rumst,11037,2020-10-26,8,240
Rumst,11037,2020-10-27,9,249
Rumst,11037,2020-10-28,19,268
Rumst,11037,2020-10-29,13,281
Rumst,11037,2020-10-30,21,302
Rumst,11037,2020-10-31,4,306
Rumst,11037,2020-11-01,25,331
Rumst,11037,2020-11-02,6,337
Rumst,11037,2020-11-03,4,341
Rumst,11037,2020-11-04,4,345
Rumst,11037,2020-11-05,14,359
Rumst,11037,2020-11-06,9,368
Rumst,11037,2020-11-07,8,376
Rumst,11037,2020-11-08,4,380
Rumst,11037,2020-11-09,12,392
Rumst,11037,2020-11-10,2,394
Rumst,11037,2020-11-11,3,397
Schelle,11038,2020-04-01,0,10
Schelle,11038,2020-04-02,2,12
Schelle,11038,2020-04-03,0,12
Schelle,11038,2020-04-04,1,13
Schelle,11038,2020-04-05,1,14
Schelle,11038,2020-04-06,0,14
Schelle,11038,2020-04-07,0,14
Schelle,11038,2020-04-08,0,14
Schelle,11038,2020-04-09,3,17
Schelle,11038,2020-04-10,0,17
Schelle,11038,2020-04-11,0,17
Schelle,11038,2020-04-12,1,18
Schelle,11038,2020-04-13,1,19
Schelle,11038,2020-04-14,0,19
Schelle,11038,2020-04-15,0,19
Schelle,11038,2020-04-16,0,19
Schelle,11038,2020-04-17,0,19
Schelle,11038,2020-04-18,1,20
Schelle,11038,2020-04-19,0,20
Schelle,11038,2020-04-20,0,20
Schelle,11038,2020-04-21,2,22
Schelle,11038,2020-04-22,0,22
Schelle,11038,2020-04-23,1,23
Schelle,11038,2020-04-24,0,23
Schelle,11038,2020-04-25,0,23
Schelle,11038,2020-04-26,1,24
Schelle,11038,2020-04-27,0,24
Schelle,11038,2020-04-28,0,24
Schelle,11038,2020-04-29,0,24
Schelle,11038,2020-04-30,0,24
Schelle,11038,2020-05-01,0,24
Schelle,11038,2020-05-02,1,25
Schelle,11038,2020-05-03,2,27
Schelle,11038,2020-05-04,0,27
Schelle,11038,2020-05-05,1,28
Schelle,11038,2020-05-06,0,28
Schelle,11038,2020-05-07,0,28
Schelle,11038,2020-05-08,0,28
Schelle,11038,2020-05-09,1,29
Schelle,11038,2020-05-10,0,29
Schelle,11038,2020-05-11,0,29
Schelle,11038,2020-05-12,0,29
Schelle,11038,2020-05-13,0,29
Schelle,11038,2020-05-14,0,29
Schelle,11038,2020-05-15,0,29
Schelle,11038,2020-05-16,0,29
Schelle,11038,2020-05-17,0,29
Schelle,11038,2020-05-18,1,30
Schelle,11038,2020-05-19,0,30
Schelle,11038,2020-05-20,0,30
Schelle,11038,2020-05-21,0,30
Schelle,11038,2020-05-22,2,32
Schelle,11038,2020-05-23,0,32
Schelle,11038,2020-05-24,0,32
Schelle,11038,2020-05-25,0,32
Schelle,11038,2020-05-26,0,32
Schelle,11038,2020-05-27,0,32
Schelle,11038,2020-05-28,0,32
Schelle,11038,2020-05-29,0,32
Schelle,11038,2020-05-30,0,32
Schelle,11038,2020-05-31,0,32
Schelle,11038,2020-06-01,0,32
Schelle,11038,2020-06-02,0,32
Schelle,11038,2020-06-03,0,32
Schelle,11038,2020-06-04,0,32
Schelle,11038,2020-06-05,0,32
Schelle,11038,2020-06-06,0,32
Schelle,11038,2020-06-07,0,32
Schelle,11038,2020-06-08,0,32
Schelle,11038,2020-06-09,1,33
Schelle,11038,2020-06-10,0,33
Schelle,11038,2020-06-11,0,33
Schelle,11038,2020-06-12,0,33
Schelle,11038,2020-06-13,0,33
Schelle,11038,2020-06-14,0,33
Schelle,11038,2020-06-15,0,33
Schelle,11038,2020-06-16,0,33
Schelle,11038,2020-06-17,0,33
Schelle,11038,2020-06-18,0,33
Schelle,11038,2020-06-19,0,33
Schelle,11038,2020-06-20,0,33
Schelle,11038,2020-06-23,0,33
Schelle,11038,2020-06-24,0,33
Schelle,11038,2020-06-25,0,33
Schelle,11038,2020-06-26,0,33
Schelle,11038,2020-06-27,0,33
Schelle,11038,2020-06-30,0,33
Schelle,11038,2020-07-01,0,33
Schelle,11038,2020-07-02,0,33
Schelle,11038,2020-07-03,0,33
Schelle,11038,2020-07-04,0,33
Schelle,11038,2020-07-07,0,33
Schelle,11038,2020-07-08,0,33
Schelle,11038,2020-07-09,0,33
Schelle,11038,2020-07-10,0,33
Schelle,11038,2020-07-11,0,33
Schelle,11038,2020-07-14,1,34
Schelle,11038,2020-07-15,0,34
Schelle,11038,2020-07-16,0,34
Schelle,11038,2020-07-17,0,34
Schelle,11038,2020-07-18,0,34
Schelle,11038,2020-07-20,2,36
Schelle,11038,2020-07-21,0,36
Schelle,11038,2020-07-22,2,38
Schelle,11038,2020-07-23,1,39
Schelle,11038,2020-07-24,0,39
Schelle,11038,2020-07-25,0,39
Schelle,11038,2020-07-26,0,39
Schelle,11038,2020-07-27,2,41
Schelle,11038,2020-07-28,0,41
Schelle,11038,2020-07-29,1,42
Schelle,11038,2020-07-30,0,42
Schelle,11038,2020-07-31,0,42
Schelle,11038,2020-08-01,0,42
Schelle,11038,2020-08-02,0,42
Schelle,11038,2020-08-03,1,43
Schelle,11038,2020-08-04,0,43
Schelle,11038,2020-08-05,0,43
Schelle,11038,2020-08-06,0,43
Schelle,11038,2020-08-07,1,44
Schelle,11038,2020-08-08,1,45
Schelle,11038,2020-08-09,0,45
Schelle,11038,2020-08-10,0,45
Schelle,11038,2020-08-11,0,45
Schelle,11038,2020-08-12,1,46
Schelle,11038,2020-08-13,1,47
Schelle,11038,2020-08-14,-1,46
Schelle,11038,2020-08-15,1,47
Schelle,11038,2020-08-16,0,47
Schelle,11038,2020-08-17,0,47
Schelle,11038,2020-08-18,0,47
Schelle,11038,2020-08-19,0,47
Schelle,11038,2020-08-20,0,47
Schelle,11038,2020-08-21,1,48
Schelle,11038,2020-08-22,0,48
Schelle,11038,2020-08-23,0,48
Schelle,11038,2020-08-24,1,49
Schelle,11038,2020-08-25,0,49
Schelle,11038,2020-08-26,0,49
Schelle,11038,2020-08-27,1,50
Schelle,11038,2020-08-28,2,52
Schelle,11038,2020-08-29,0,52
Schelle,11038,2020-08-30,0,52
Schelle,11038,2020-08-31,0,52
Schelle,11038,2020-09-01,0,52
Schelle,11038,2020-09-02,0,52
Schelle,11038,2020-09-03,0,52
Schelle,11038,2020-09-04,0,52
Schelle,11038,2020-09-05,0,52
Schelle,11038,2020-09-06,3,55
Schelle,11038,2020-09-07,0,55
Schelle,11038,2020-09-08,1,56
Schelle,11038,2020-09-09,1,57
Schelle,11038,2020-09-10,1,58
Schelle,11038,2020-09-11,0,58
Schelle,11038,2020-09-12,1,59
Schelle,11038,2020-09-13,0,59
Schelle,11038,2020-09-14,0,59
Schelle,11038,2020-09-15,0,59
Schelle,11038,2020-09-16,0,59
Schelle,11038,2020-09-17,1,60
Schelle,11038,2020-09-18,3,63
Schelle,11038,2020-09-19,0,63
Schelle,11038,2020-09-20,0,63
Schelle,11038,2020-09-21,2,65
Schelle,11038,2020-09-22,0,65
Schelle,11038,2020-09-23,0,65
Schelle,11038,2020-09-24,1,66
Schelle,11038,2020-09-25,0,66
Schelle,11038,2020-09-26,3,69
Schelle,11038,2020-09-27,2,71
Schelle,11038,2020-09-28,0,71
Schelle,11038,2020-09-29,1,72
Schelle,11038,2020-09-30,1,73
Schelle,11038,2020-10-01,0,73
Schelle,11038,2020-10-02,0,73
Schelle,11038,2020-10-03,0,73
Schelle,11038,2020-10-04,3,76
Schelle,11038,2020-10-05,0,76
Schelle,11038,2020-10-06,1,77
Schelle,11038,2020-10-07,1,78
Schelle,11038,2020-10-08,0,78
Schelle,11038,2020-10-09,7,85
Schelle,11038,2020-10-10,5,90
Schelle,11038,2020-10-11,7,97
Schelle,11038,2020-10-12,3,100
Schelle,11038,2020-10-13,1,101
Schelle,11038,2020-10-14,6,107
Schelle,11038,2020-10-15,2,109
Schelle,11038,2020-10-16,4,113
Schelle,11038,2020-10-17,2,115
Schelle,11038,2020-10-18,3,118
Schelle,11038,2020-10-19,4,122
Schelle,11038,2020-10-20,3,125
Schelle,11038,2020-10-21,0,125
Schelle,11038,2020-10-22,4,129
Schelle,11038,2020-10-23,5,134
Schelle,11038,2020-10-24,11,145
Schelle,11038,2020-10-25,6,151
Schelle,11038,2020-10-26,5,156
Schelle,11038,2020-10-27,14,170
Schelle,11038,2020-10-28,22,192
Schelle,11038,2020-10-29,4,196
Schelle,11038,2020-10-30,19,215
Schelle,11038,2020-10-31,13,228
Schelle,11038,2020-11-01,9,237
Schelle,11038,2020-11-02,4,241
Schelle,11038,2020-11-03,2,243
Schelle,11038,2020-11-04,4,247
Schelle,11038,2020-11-05,15,262
Schelle,11038,2020-11-06,4,266
Schelle,11038,2020-11-07,4,270
Schelle,11038,2020-11-08,3,273
Schelle,11038,2020-11-09,4,277
Schelle,11038,2020-11-10,4,281
Schelle,11038,2020-11-11,1,282
Schilde,11039,2020-04-01,1,17
Schilde,11039,2020-04-02,3,20
Schilde,11039,2020-04-03,6,26
Schilde,11039,2020-04-04,5,31
Schilde,11039,2020-04-05,3,34
Schilde,11039,2020-04-06,2,36
Schilde,11039,2020-04-07,1,37
Schilde,11039,2020-04-08,9,46
Schilde,11039,2020-04-09,7,53
Schilde,11039,2020-04-10,4,57
Schilde,11039,2020-04-11,7,64
Schilde,11039,2020-04-12,2,66
Schilde,11039,2020-04-13,4,70
Schilde,11039,2020-04-14,1,71
Schilde,11039,2020-04-15,1,72
Schilde,11039,2020-04-16,1,73
Schilde,11039,2020-04-17,2,75
Schilde,11039,2020-04-18,2,77
Schilde,11039,2020-04-19,0,77
Schilde,11039,2020-04-20,0,77
Schilde,11039,2020-04-21,0,77
Schilde,11039,2020-04-22,0,77
Schilde,11039,2020-04-23,1,78
Schilde,11039,2020-04-24,8,86
Schilde,11039,2020-04-25,0,86
Schilde,11039,2020-04-26,0,86
Schilde,11039,2020-04-27,0,86
Schilde,11039,2020-04-28,0,86
Schilde,11039,2020-04-29,2,88
Schilde,11039,2020-04-30,2,90
Schilde,11039,2020-05-01,0,90
Schilde,11039,2020-05-02,0,90
Schilde,11039,2020-05-03,0,90
Schilde,11039,2020-05-04,1,91
Schilde,11039,2020-05-05,1,92
Schilde,11039,2020-05-06,1,93
Schilde,11039,2020-05-07,2,95
Schilde,11039,2020-05-08,2,97
Schilde,11039,2020-05-09,0,97
Schilde,11039,2020-05-10,1,98
Schilde,11039,2020-05-11,0,98
Schilde,11039,2020-05-12,0,98
Schilde,11039,2020-05-13,0,98
Schilde,11039,2020-05-14,0,98
Schilde,11039,2020-05-15,1,99
Schilde,11039,2020-05-16,1,100
Schilde,11039,2020-05-17,1,101
Schilde,11039,2020-05-18,1,102
Schilde,11039,2020-05-19,1,103
Schilde,11039,2020-05-20,0,103
Schilde,11039,2020-05-21,0,103
Schilde,11039,2020-05-22,1,104
Schilde,11039,2020-05-23,1,105
Schilde,11039,2020-05-24,3,108
Schilde,11039,2020-05-25,0,108
Schilde,11039,2020-05-26,0,108
Schilde,11039,2020-05-27,0,108
Schilde,11039,2020-05-28,-2,106
Schilde,11039,2020-05-29,0,106
Schilde,11039,2020-05-30,0,106
Schilde,11039,2020-05-31,0,106
Schilde,11039,2020-06-01,0,106
Schilde,11039,2020-06-02,0,106
Schilde,11039,2020-06-03,0,106
Schilde,11039,2020-06-04,1,107
Schilde,11039,2020-06-05,0,107
Schilde,11039,2020-06-06,0,107
Schilde,11039,2020-06-07,1,108
Schilde,11039,2020-06-08,0,108
Schilde,11039,2020-06-09,1,109
Schilde,11039,2020-06-10,0,109
Schilde,11039,2020-06-11,2,111
Schilde,11039,2020-06-12,0,111
Schilde,11039,2020-06-13,0,111
Schilde,11039,2020-06-14,0,111
Schilde,11039,2020-06-15,0,111
Schilde,11039,2020-06-16,0,111
Schilde,11039,2020-06-17,1,112
Schilde,11039,2020-06-18,0,112
Schilde,11039,2020-06-19,0,112
Schilde,11039,2020-06-20,0,112
Schilde,11039,2020-06-23,0,112
Schilde,11039,2020-06-24,0,112
Schilde,11039,2020-06-25,0,112
Schilde,11039,2020-06-26,0,112
Schilde,11039,2020-06-27,0,112
Schilde,11039,2020-06-30,0,112
Schilde,11039,2020-07-01,0,112
Schilde,11039,2020-07-02,0,112
Schilde,11039,2020-07-03,0,112
Schilde,11039,2020-07-04,0,112
Schilde,11039,2020-07-07,0,112
Schilde,11039,2020-07-08,1,113
Schilde,11039,2020-07-09,1,114
Schilde,11039,2020-07-10,0,114
Schilde,11039,2020-07-11,0,114
Schilde,11039,2020-07-14,0,114
Schilde,11039,2020-07-15,0,114
Schilde,11039,2020-07-16,0,114
Schilde,11039,2020-07-17,0,114
Schilde,11039,2020-07-18,0,114
Schilde,11039,2020-07-20,0,114
Schilde,11039,2020-07-21,0,114
Schilde,11039,2020-07-22,0,114
Schilde,11039,2020-07-23,0,114
Schilde,11039,2020-07-24,0,114
Schilde,11039,2020-07-25,5,119
Schilde,11039,2020-07-26,1,120
Schilde,11039,2020-07-27,2,122
Schilde,11039,2020-07-28,1,123
Schilde,11039,2020-07-29,0,123
Schilde,11039,2020-07-30,0,123
Schilde,11039,2020-07-31,3,126
Schilde,11039,2020-08-01,0,126
Schilde,11039,2020-08-02,2,128
Schilde,11039,2020-08-03,4,132
Schilde,11039,2020-08-04,2,134
Schilde,11039,2020-08-05,0,134
Schilde,11039,2020-08-06,0,134
Schilde,11039,2020-08-07,2,136
Schilde,11039,2020-08-08,0,136
Schilde,11039,2020-08-09,0,136
Schilde,11039,2020-08-10,1,137
Schilde,11039,2020-08-11,0,137
Schilde,11039,2020-08-12,0,137
Schilde,11039,2020-08-13,6,143
Schilde,11039,2020-08-14,2,145
Schilde,11039,2020-08-15,1,146
Schilde,11039,2020-08-16,6,152
Schilde,11039,2020-08-17,0,152
Schilde,11039,2020-08-18,0,152
Schilde,11039,2020-08-19,1,153
Schilde,11039,2020-08-20,1,154
Schilde,11039,2020-08-21,0,154
Schilde,11039,2020-08-22,1,155
Schilde,11039,2020-08-23,0,155
Schilde,11039,2020-08-24,1,156
Schilde,11039,2020-08-25,0,156
Schilde,11039,2020-08-26,0,156
Schilde,11039,2020-08-27,0,156
Schilde,11039,2020-08-28,1,157
Schilde,11039,2020-08-29,0,157
Schilde,11039,2020-08-30,0,157
Schilde,11039,2020-08-31,0,157
Schilde,11039,2020-09-01,0,157
Schilde,11039,2020-09-02,0,157
Schilde,11039,2020-09-03,1,158
Schilde,11039,2020-09-04,0,158
Schilde,11039,2020-09-05,0,158
Schilde,11039,2020-09-06,0,158
Schilde,11039,2020-09-07,0,158
Schilde,11039,2020-09-08,0,158
Schilde,11039,2020-09-09,0,158
Schilde,11039,2020-09-10,0,158
Schilde,11039,2020-09-11,1,159
Schilde,11039,2020-09-12,1,160
Schilde,11039,2020-09-13,2,162
Schilde,11039,2020-09-14,2,164
Schilde,11039,2020-09-15,4,168
Schilde,11039,2020-09-16,1,169
Schilde,11039,2020-09-17,1,170
Schilde,11039,2020-09-18,5,175
Schilde,11039,2020-09-19,3,178
Schilde,11039,2020-09-20,0,178
Schilde,11039,2020-09-21,7,185
Schilde,11039,2020-09-22,4,189
Schilde,11039,2020-09-23,1,190
Schilde,11039,2020-09-24,6,196
Schilde,11039,2020-09-25,3,199
Schilde,11039,2020-09-26,6,205
Schilde,11039,2020-09-27,1,206
Schilde,11039,2020-09-28,6,212
Schilde,11039,2020-09-29,0,212
Schilde,11039,2020-09-30,1,213
Schilde,11039,2020-10-01,1,214
Schilde,11039,2020-10-02,7,221
Schilde,11039,2020-10-03,1,222
Schilde,11039,2020-10-04,5,227
Schilde,11039,2020-10-05,0,227
Schilde,11039,2020-10-06,0,227
Schilde,11039,2020-10-07,3,230
Schilde,11039,2020-10-08,7,237
Schilde,11039,2020-10-09,9,246
Schilde,11039,2020-10-10,15,261
Schilde,11039,2020-10-11,15,276
Schilde,11039,2020-10-12,9,285
Schilde,11039,2020-10-13,11,296
Schilde,11039,2020-10-14,10,306
Schilde,11039,2020-10-15,9,315
Schilde,11039,2020-10-16,15,330
Schilde,11039,2020-10-17,12,342
Schilde,11039,2020-10-18,6,348
Schilde,11039,2020-10-19,4,352
Schilde,11039,2020-10-20,14,366
Schilde,11039,2020-10-21,3,369
Schilde,11039,2020-10-22,8,377
Schilde,11039,2020-10-23,11,388
Schilde,11039,2020-10-24,10,398
Schilde,11039,2020-10-25,16,414
Schilde,11039,2020-10-26,17,431
Schilde,11039,2020-10-27,19,450
Schilde,11039,2020-10-28,13,463
Schilde,11039,2020-10-29,14,477
Schilde,11039,2020-10-30,11,488
Schilde,11039,2020-10-31,15,503
Schilde,11039,2020-11-01,14,517
Schilde,11039,2020-11-02,10,527
Schilde,11039,2020-11-03,11,538
Schilde,11039,2020-11-04,4,542
Schilde,11039,2020-11-05,12,554
Schilde,11039,2020-11-06,10,564
Schilde,11039,2020-11-07,4,568
Schilde,11039,2020-11-08,9,577
Schilde,11039,2020-11-09,7,584
Schilde,11039,2020-11-10,1,585
Schilde,11039,2020-11-11,2,587
Schoten,11040,2020-04-01,6,33
Schoten,11040,2020-04-02,5,38
Schoten,11040,2020-04-03,1,39
Schoten,11040,2020-04-04,1,40
Schoten,11040,2020-04-05,1,41
Schoten,11040,2020-04-06,3,44
Schoten,11040,2020-04-07,5,49
Schoten,11040,2020-04-08,1,50
Schoten,11040,2020-04-09,2,52
Schoten,11040,2020-04-10,0,52
Schoten,11040,2020-04-11,0,52
Schoten,11040,2020-04-12,2,54
Schoten,11040,2020-04-13,0,54
Schoten,11040,2020-04-14,2,56
Schoten,11040,2020-04-15,0,56
Schoten,11040,2020-04-16,2,58
Schoten,11040,2020-04-17,3,61
Schoten,11040,2020-04-18,4,65
Schoten,11040,2020-04-19,1,66
Schoten,11040,2020-04-20,0,66
Schoten,11040,2020-04-21,0,66
Schoten,11040,2020-04-22,2,68
Schoten,11040,2020-04-23,0,68
Schoten,11040,2020-04-24,2,70
Schoten,11040,2020-04-25,0,70
Schoten,11040,2020-04-26,0,70
Schoten,11040,2020-04-27,4,74
Schoten,11040,2020-04-28,1,75
Schoten,11040,2020-04-29,3,78
Schoten,11040,2020-04-30,1,79
Schoten,11040,2020-05-01,1,80
Schoten,11040,2020-05-02,1,81
Schoten,11040,2020-05-03,0,81
Schoten,11040,2020-05-04,2,83
Schoten,11040,2020-05-05,3,86
Schoten,11040,2020-05-06,2,88
Schoten,11040,2020-05-07,1,89
Schoten,11040,2020-05-08,6,95
Schoten,11040,2020-05-09,1,96
Schoten,11040,2020-05-10,2,98
Schoten,11040,2020-05-11,3,101
Schoten,11040,2020-05-12,0,101
Schoten,11040,2020-05-13,-1,100
Schoten,11040,2020-05-14,0,100
Schoten,11040,2020-05-15,0,100
Schoten,11040,2020-05-16,0,100
Schoten,11040,2020-05-17,1,101
Schoten,11040,2020-05-18,3,104
Schoten,11040,2020-05-19,0,104
Schoten,11040,2020-05-20,1,105
Schoten,11040,2020-05-21,1,106
Schoten,11040,2020-05-22,0,106
Schoten,11040,2020-05-23,0,106
Schoten,11040,2020-05-24,0,106
Schoten,11040,2020-05-25,2,108
Schoten,11040,2020-05-26,0,108
Schoten,11040,2020-05-27,3,111
Schoten,11040,2020-05-28,0,111
Schoten,11040,2020-05-29,1,112
Schoten,11040,2020-05-30,0,112
Schoten,11040,2020-05-31,1,113
Schoten,11040,2020-06-01,5,118
Schoten,11040,2020-06-02,0,118
Schoten,11040,2020-06-03,0,118
Schoten,11040,2020-06-04,0,118
Schoten,11040,2020-06-05,1,119
Schoten,11040,2020-06-06,0,119
Schoten,11040,2020-06-07,0,119
Schoten,11040,2020-06-08,0,119
Schoten,11040,2020-06-09,0,119
Schoten,11040,2020-06-10,0,119
Schoten,11040,2020-06-11,0,119
Schoten,11040,2020-06-12,0,119
Schoten,11040,2020-06-13,0,119
Schoten,11040,2020-06-14,1,120
Schoten,11040,2020-06-15,0,120
Schoten,11040,2020-06-16,0,120
Schoten,11040,2020-06-17,3,123
Schoten,11040,2020-06-18,0,123
Schoten,11040,2020-06-19,1,124
Schoten,11040,2020-06-20,0,124
Schoten,11040,2020-06-23,2,126
Schoten,11040,2020-06-24,2,128
Schoten,11040,2020-06-25,1,129
Schoten,11040,2020-06-26,0,129
Schoten,11040,2020-06-27,1,130
Schoten,11040,2020-06-30,0,130
Schoten,11040,2020-07-01,0,130
Schoten,11040,2020-07-02,0,130
Schoten,11040,2020-07-03,1,131
Schoten,11040,2020-07-04,0,131
Schoten,11040,2020-07-07,2,133
Schoten,11040,2020-07-08,2,135
Schoten,11040,2020-07-09,0,135
Schoten,11040,2020-07-10,2,137
Schoten,11040,2020-07-11,0,137
Schoten,11040,2020-07-14,2,139
Schoten,11040,2020-07-15,0,139
Schoten,11040,2020-07-16,2,141
Schoten,11040,2020-07-17,0,141
Schoten,11040,2020-07-18,0,141
Schoten,11040,2020-07-20,0,141
Schoten,11040,2020-07-21,0,141
Schoten,11040,2020-07-22,1,142
Schoten,11040,2020-07-23,1,143
Schoten,11040,2020-07-24,0,143
Schoten,11040,2020-07-25,0,143
Schoten,11040,2020-07-26,2,145
Schoten,11040,2020-07-27,2,147
Schoten,11040,2020-07-28,3,150
Schoten,11040,2020-07-29,2,152
Schoten,11040,2020-07-30,3,155
Schoten,11040,2020-07-31,4,159
Schoten,11040,2020-08-01,4,163
Schoten,11040,2020-08-02,0,163
Schoten,11040,2020-08-03,2,165
Schoten,11040,2020-08-04,6,171
Schoten,11040,2020-08-05,2,173
Schoten,11040,2020-08-06,4,177
Schoten,11040,2020-08-07,6,183
Schoten,11040,2020-08-08,2,185
Schoten,11040,2020-08-09,-1,184
Schoten,11040,2020-08-10,5,189
Schoten,11040,2020-08-11,3,192
Schoten,11040,2020-08-12,0,192
Schoten,11040,2020-08-13,1,193
Schoten,11040,2020-08-14,0,193
Schoten,11040,2020-08-15,2,195
Schoten,11040,2020-08-16,1,196
Schoten,11040,2020-08-17,0,196
Schoten,11040,2020-08-18,0,196
Schoten,11040,2020-08-19,0,196
Schoten,11040,2020-08-20,1,197
Schoten,11040,2020-08-21,2,199
Schoten,11040,2020-08-22,1,200
Schoten,11040,2020-08-23,0,200
Schoten,11040,2020-08-24,2,202
Schoten,11040,2020-08-25,1,203
Schoten,11040,2020-08-26,0,203
Schoten,11040,2020-08-27,0,203
Schoten,11040,2020-08-28,1,204
Schoten,11040,2020-08-29,2,206
Schoten,11040,2020-08-30,4,210
Schoten,11040,2020-08-31,1,211
Schoten,11040,2020-09-01,3,214
Schoten,11040,2020-09-02,0,214
Schoten,11040,2020-09-03,3,217
Schoten,11040,2020-09-04,1,218
Schoten,11040,2020-09-05,0,218
Schoten,11040,2020-09-06,4,222
Schoten,11040,2020-09-07,1,223
Schoten,11040,2020-09-08,1,224
Schoten,11040,2020-09-09,3,227
Schoten,11040,2020-09-10,2,229
Schoten,11040,2020-09-11,4,233
Schoten,11040,2020-09-12,11,244
Schoten,11040,2020-09-13,1,245
Schoten,11040,2020-09-14,6,251
Schoten,11040,2020-09-15,2,253
Schoten,11040,2020-09-16,3,256
Schoten,11040,2020-09-17,0,256
Schoten,11040,2020-09-18,1,257
Schoten,11040,2020-09-19,3,260
Schoten,11040,2020-09-20,0,260
Schoten,11040,2020-09-21,5,265
Schoten,11040,2020-09-22,2,267
Schoten,11040,2020-09-23,2,269
Schoten,11040,2020-09-24,7,276
Schoten,11040,2020-09-25,3,279
Schoten,11040,2020-09-26,7,286
Schoten,11040,2020-09-27,6,292
Schoten,11040,2020-09-28,1,293
Schoten,11040,2020-09-29,0,293
Schoten,11040,2020-09-30,3,296
Schoten,11040,2020-10-01,4,300
Schoten,11040,2020-10-02,4,304
Schoten,11040,2020-10-03,5,309
Schoten,11040,2020-10-04,2,311
Schoten,11040,2020-10-05,4,315
Schoten,11040,2020-10-06,3,318
Schoten,11040,2020-10-07,6,324
Schoten,11040,2020-10-08,9,333
Schoten,11040,2020-10-09,6,339
Schoten,11040,2020-10-10,13,352
Schoten,11040,2020-10-11,13,365
Schoten,11040,2020-10-12,12,377
Schoten,11040,2020-10-13,6,383
Schoten,11040,2020-10-14,14,397
Schoten,11040,2020-10-15,8,405
Schoten,11040,2020-10-16,13,418
Schoten,11040,2020-10-17,12,430
Schoten,11040,2020-10-18,20,450
Schoten,11040,2020-10-19,8,458
Schoten,11040,2020-10-20,21,479
Schoten,11040,2020-10-21,9,488
Schoten,11040,2020-10-22,10,498
Schoten,11040,2020-10-23,14,512
Schoten,11040,2020-10-24,24,536
Schoten,11040,2020-10-25,14,550
Schoten,11040,2020-10-26,24,574
Schoten,11040,2020-10-27,18,592
Schoten,11040,2020-10-28,27,619
Schoten,11040,2020-10-29,23,642
Schoten,11040,2020-10-30,32,674
Schoten,11040,2020-10-31,29,703
Schoten,11040,2020-11-01,26,729
Schoten,11040,2020-11-02,24,753
Schoten,11040,2020-11-03,12,765
Schoten,11040,2020-11-04,11,776
Schoten,11040,2020-11-05,18,794
Schoten,11040,2020-11-06,12,806
Schoten,11040,2020-11-07,15,821
Schoten,11040,2020-11-08,9,830
Schoten,11040,2020-11-09,14,844
Schoten,11040,2020-11-10,9,853
Schoten,11040,2020-11-11,10,863
Stabroek,11044,2020-04-01,4,19
Stabroek,11044,2020-04-02,0,19
Stabroek,11044,2020-04-03,1,20
Stabroek,11044,2020-04-04,4,24
Stabroek,11044,2020-04-05,0,24
Stabroek,11044,2020-04-06,3,27
Stabroek,11044,2020-04-07,3,30
Stabroek,11044,2020-04-08,1,31
Stabroek,11044,2020-04-09,6,37
Stabroek,11044,2020-04-10,0,37
Stabroek,11044,2020-04-11,0,37
Stabroek,11044,2020-04-12,0,37
Stabroek,11044,2020-04-13,1,38
Stabroek,11044,2020-04-14,1,39
Stabroek,11044,2020-04-15,0,39
Stabroek,11044,2020-04-16,3,42
Stabroek,11044,2020-04-17,3,45
Stabroek,11044,2020-04-18,5,50
Stabroek,11044,2020-04-19,0,50
Stabroek,11044,2020-04-20,1,51
Stabroek,11044,2020-04-21,1,52
Stabroek,11044,2020-04-22,1,53
Stabroek,11044,2020-04-23,1,54
Stabroek,11044,2020-04-24,2,56
Stabroek,11044,2020-04-25,4,60
Stabroek,11044,2020-04-26,2,62
Stabroek,11044,2020-04-27,1,63
Stabroek,11044,2020-04-28,1,64
Stabroek,11044,2020-04-29,3,67
Stabroek,11044,2020-04-30,2,69
Stabroek,11044,2020-05-01,0,69
Stabroek,11044,2020-05-02,3,72
Stabroek,11044,2020-05-03,0,72
Stabroek,11044,2020-05-04,1,73
Stabroek,11044,2020-05-05,3,76
Stabroek,11044,2020-05-06,1,77
Stabroek,11044,2020-05-07,2,79
Stabroek,11044,2020-05-08,4,83
Stabroek,11044,2020-05-09,2,85
Stabroek,11044,2020-05-10,0,85
Stabroek,11044,2020-05-11,1,86
Stabroek,11044,2020-05-12,1,87
Stabroek,11044,2020-05-13,2,89
Stabroek,11044,2020-05-14,0,89
Stabroek,11044,2020-05-15,1,90
Stabroek,11044,2020-05-16,0,90
Stabroek,11044,2020-05-17,1,91
Stabroek,11044,2020-05-18,2,93
Stabroek,11044,2020-05-19,0,93
Stabroek,11044,2020-05-20,0,93
Stabroek,11044,2020-05-21,2,95
Stabroek,11044,2020-05-22,0,95
Stabroek,11044,2020-05-23,1,96
Stabroek,11044,2020-05-24,0,96
Stabroek,11044,2020-05-25,1,97
Stabroek,11044,2020-05-26,1,98
Stabroek,11044,2020-05-27,0,98
Stabroek,11044,2020-05-28,0,98
Stabroek,11044,2020-05-29,1,99
Stabroek,11044,2020-05-30,0,99
Stabroek,11044,2020-05-31,1,100
Stabroek,11044,2020-06-01,0,100
Stabroek,11044,2020-06-02,0,100
Stabroek,11044,2020-06-03,0,100
Stabroek,11044,2020-06-04,0,100
Stabroek,11044,2020-06-05,0,100
Stabroek,11044,2020-06-06,0,100
Stabroek,11044,2020-06-07,0,100
Stabroek,11044,2020-06-08,0,100
Stabroek,11044,2020-06-09,0,100
Stabroek,11044,2020-06-10,0,100
Stabroek,11044,2020-06-11,0,100
Stabroek,11044,2020-06-12,0,100
Stabroek,11044,2020-06-13,0,100
Stabroek,11044,2020-06-14,0,100
Stabroek,11044,2020-06-15,0,100
Stabroek,11044,2020-06-16,0,100
Stabroek,11044,2020-06-17,0,100
Stabroek,11044,2020-06-18,0,100
Stabroek,11044,2020-06-19,0,100
Stabroek,11044,2020-06-20,2,102
Stabroek,11044,2020-06-23,1,103
Stabroek,11044,2020-06-24,0,103
Stabroek,11044,2020-06-25,0,103
Stabroek,11044,2020-06-26,0,103
Stabroek,11044,2020-06-27,0,103
Stabroek,11044,2020-06-30,1,104
Stabroek,11044,2020-07-01,0,104
Stabroek,11044,2020-07-02,0,104
Stabroek,11044,2020-07-03,2,106
Stabroek,11044,2020-07-04,0,106
Stabroek,11044,2020-07-07,1,107
Stabroek,11044,2020-07-08,0,107
Stabroek,11044,2020-07-09,0,107
Stabroek,11044,2020-07-10,4,111
Stabroek,11044,2020-07-11,0,111
Stabroek,11044,2020-07-14,1,112
Stabroek,11044,2020-07-15,0,112
Stabroek,11044,2020-07-16,1,113
Stabroek,11044,2020-07-17,0,113
Stabroek,11044,2020-07-18,0,113
Stabroek,11044,2020-07-20,0,113
Stabroek,11044,2020-07-21,0,113
Stabroek,11044,2020-07-22,0,113
Stabroek,11044,2020-07-23,1,114
Stabroek,11044,2020-07-24,0,114
Stabroek,11044,2020-07-25,2,116
Stabroek,11044,2020-07-26,6,122
Stabroek,11044,2020-07-27,0,122
Stabroek,11044,2020-07-28,0,122
Stabroek,11044,2020-07-29,1,123
Stabroek,11044,2020-07-30,1,124
Stabroek,11044,2020-07-31,1,125
Stabroek,11044,2020-08-01,0,125
Stabroek,11044,2020-08-02,0,125
Stabroek,11044,2020-08-03,1,126
Stabroek,11044,2020-08-04,1,127
Stabroek,11044,2020-08-05,0,127
Stabroek,11044,2020-08-06,0,127
Stabroek,11044,2020-08-07,1,128
Stabroek,11044,2020-08-08,0,128
Stabroek,11044,2020-08-09,0,128
Stabroek,11044,2020-08-10,0,128
Stabroek,11044,2020-08-11,4,132
Stabroek,11044,2020-08-12,0,132
Stabroek,11044,2020-08-13,2,134
Stabroek,11044,2020-08-14,-1,133
Stabroek,11044,2020-08-15,1,134
Stabroek,11044,2020-08-16,0,134
Stabroek,11044,2020-08-17,0,134
Stabroek,11044,2020-08-18,3,137
Stabroek,11044,2020-08-19,0,137
Stabroek,11044,2020-08-20,0,137
Stabroek,11044,2020-08-21,1,138
Stabroek,11044,2020-08-22,0,138
Stabroek,11044,2020-08-23,0,138
Stabroek,11044,2020-08-24,0,138
Stabroek,11044,2020-08-25,0,138
Stabroek,11044,2020-08-26,0,138
Stabroek,11044,2020-08-27,1,139
Stabroek,11044,2020-08-28,1,140
Stabroek,11044,2020-08-29,0,140
Stabroek,11044,2020-08-30,0,140
Stabroek,11044,2020-08-31,0,140
Stabroek,11044,2020-09-01,0,140
Stabroek,11044,2020-09-02,1,141
Stabroek,11044,2020-09-03,0,141
Stabroek,11044,2020-09-04,0,141
Stabroek,11044,2020-09-05,0,141
Stabroek,11044,2020-09-06,1,142
Stabroek,11044,2020-09-07,2,144
Stabroek,11044,2020-09-08,1,145
Stabroek,11044,2020-09-09,0,145
Stabroek,11044,2020-09-10,0,145
Stabroek,11044,2020-09-11,0,145
Stabroek,11044,2020-09-12,2,147
Stabroek,11044,2020-09-13,2,149
Stabroek,11044,2020-09-14,1,150
Stabroek,11044,2020-09-15,0,150
Stabroek,11044,2020-09-16,0,150
Stabroek,11044,2020-09-17,0,150
Stabroek,11044,2020-09-18,0,150
Stabroek,11044,2020-09-19,3,153
Stabroek,11044,2020-09-20,1,154
Stabroek,11044,2020-09-21,0,154
Stabroek,11044,2020-09-22,2,156
Stabroek,11044,2020-09-23,3,159
Stabroek,11044,2020-09-24,0,159
Stabroek,11044,2020-09-25,1,160
Stabroek,11044,2020-09-26,6,166
Stabroek,11044,2020-09-27,2,168
Stabroek,11044,2020-09-28,1,169
Stabroek,11044,2020-09-29,2,171
Stabroek,11044,2020-09-30,2,173
Stabroek,11044,2020-10-01,1,174
Stabroek,11044,2020-10-02,0,174
Stabroek,11044,2020-10-03,2,176
Stabroek,11044,2020-10-04,2,178
Stabroek,11044,2020-10-05,0,178
Stabroek,11044,2020-10-06,7,185
Stabroek,11044,2020-10-07,4,189
Stabroek,11044,2020-10-08,4,193
Stabroek,11044,2020-10-09,3,196
Stabroek,11044,2020-10-10,7,203
Stabroek,11044,2020-10-11,5,208
Stabroek,11044,2020-10-12,3,211
Stabroek,11044,2020-10-13,4,215
Stabroek,11044,2020-10-14,3,218
Stabroek,11044,2020-10-15,18,236
Stabroek,11044,2020-10-16,8,244
Stabroek,11044,2020-10-17,14,258
Stabroek,11044,2020-10-18,10,268
Stabroek,11044,2020-10-19,4,272
Stabroek,11044,2020-10-20,12,284
Stabroek,11044,2020-10-21,13,297
Stabroek,11044,2020-10-22,8,305
Stabroek,11044,2020-10-23,19,324
Stabroek,11044,2020-10-24,12,336
Stabroek,11044,2020-10-25,14,350
Stabroek,11044,2020-10-26,4,354
Stabroek,11044,2020-10-27,5,359
Stabroek,11044,2020-10-28,20,379
Stabroek,11044,2020-10-29,18,397
Stabroek,11044,2020-10-30,21,418
Stabroek,11044,2020-10-31,22,440
Stabroek,11044,2020-11-01,15,455
Stabroek,11044,2020-11-02,12,467
Stabroek,11044,2020-11-03,4,471
Stabroek,11044,2020-11-04,5,476
Stabroek,11044,2020-11-05,17,493
Stabroek,11044,2020-11-06,6,499
Stabroek,11044,2020-11-07,22,521
Stabroek,11044,2020-11-08,1,522
Stabroek,11044,2020-11-09,10,532
Stabroek,11044,2020-11-10,1,533
Stabroek,11044,2020-11-11,7,540
Wijnegem,11050,2020-04-01,0,0
Wijnegem,11050,2020-04-02,0,0
Wijnegem,11050,2020-04-03,5,5
Wijnegem,11050,2020-04-04,0,5
Wijnegem,11050,2020-04-05,1,6
Wijnegem,11050,2020-04-06,0,6
Wijnegem,11050,2020-04-07,1,7
Wijnegem,11050,2020-04-08,1,8
Wijnegem,11050,2020-04-09,1,9
Wijnegem,11050,2020-04-10,1,10
Wijnegem,11050,2020-04-11,0,10
Wijnegem,11050,2020-04-12,0,10
Wijnegem,11050,2020-04-13,0,10
Wijnegem,11050,2020-04-14,0,10
Wijnegem,11050,2020-04-15,0,10
Wijnegem,11050,2020-04-16,1,11
Wijnegem,11050,2020-04-17,0,11
Wijnegem,11050,2020-04-18,0,11
Wijnegem,11050,2020-04-19,0,11
Wijnegem,11050,2020-04-20,0,11
Wijnegem,11050,2020-04-21,1,12
Wijnegem,11050,2020-04-22,1,13
Wijnegem,11050,2020-04-23,0,13
Wijnegem,11050,2020-04-24,1,14
Wijnegem,11050,2020-04-25,0,14
Wijnegem,11050,2020-04-26,0,14
Wijnegem,11050,2020-04-27,0,14
Wijnegem,11050,2020-04-28,0,14
Wijnegem,11050,2020-04-29,1,15
Wijnegem,11050,2020-04-30,0,15
Wijnegem,11050,2020-05-01,0,15
Wijnegem,11050,2020-05-02,0,15
Wijnegem,11050,2020-05-03,0,15
Wijnegem,11050,2020-05-04,1,16
Wijnegem,11050,2020-05-05,0,16
Wijnegem,11050,2020-05-06,0,16
Wijnegem,11050,2020-05-07,0,16
Wijnegem,11050,2020-05-08,1,17
Wijnegem,11050,2020-05-09,0,17
Wijnegem,11050,2020-05-10,0,17
Wijnegem,11050,2020-05-11,0,17
Wijnegem,11050,2020-05-12,1,18
Wijnegem,11050,2020-05-13,0,18
Wijnegem,11050,2020-05-14,0,18
Wijnegem,11050,2020-05-15,0,18
Wijnegem,11050,2020-05-16,0,18
Wijnegem,11050,2020-05-17,1,19
Wijnegem,11050,2020-05-18,1,20
Wijnegem,11050,2020-05-19,0,20
Wijnegem,11050,2020-05-20,0,20
Wijnegem,11050,2020-05-21,0,20
Wijnegem,11050,2020-05-22,0,20
Wijnegem,11050,2020-05-23,0,20
Wijnegem,11050,2020-05-24,0,20
Wijnegem,11050,2020-05-25,0,20
Wijnegem,11050,2020-05-26,0,20
Wijnegem,11050,2020-05-27,0,20
Wijnegem,11050,2020-05-28,1,21
Wijnegem,11050,2020-05-29,0,21
Wijnegem,11050,2020-05-30,0,21
Wijnegem,11050,2020-05-31,0,21
Wijnegem,11050,2020-06-01,0,21
Wijnegem,11050,2020-06-02,0,21
Wijnegem,11050,2020-06-03,0,21
Wijnegem,11050,2020-06-04,0,21
Wijnegem,11050,2020-06-05,0,21
Wijnegem,11050,2020-06-06,0,21
Wijnegem,11050,2020-06-07,0,21
Wijnegem,11050,2020-06-08,0,21
Wijnegem,11050,2020-06-09,0,21
Wijnegem,11050,2020-06-10,0,21
Wijnegem,11050,2020-06-11,0,21
Wijnegem,11050,2020-06-12,0,21
Wijnegem,11050,2020-06-13,0,21
Wijnegem,11050,2020-06-14,0,21
Wijnegem,11050,2020-06-15,0,21
Wijnegem,11050,2020-06-16,0,21
Wijnegem,11050,2020-06-17,0,21
Wijnegem,11050,2020-06-18,0,21
Wijnegem,11050,2020-06-19,0,21
Wijnegem,11050,2020-06-20,0,21
Wijnegem,11050,2020-06-23,3,24
Wijnegem,11050,2020-06-24,0,24
Wijnegem,11050,2020-06-25,0,24
Wijnegem,11050,2020-06-26,1,25
Wijnegem,11050,2020-06-27,0,25
Wijnegem,11050,2020-06-30,0,25
Wijnegem,11050,2020-07-01,0,25
Wijnegem,11050,2020-07-02,0,25
Wijnegem,11050,2020-07-03,0,25
Wijnegem,11050,2020-07-04,0,25
Wijnegem,11050,2020-07-07,0,25
Wijnegem,11050,2020-07-08,0,25
Wijnegem,11050,2020-07-09,0,25
Wijnegem,11050,2020-07-10,0,25
Wijnegem,11050,2020-07-11,0,25
Wijnegem,11050,2020-07-14,0,25
Wijnegem,11050,2020-07-15,0,25
Wijnegem,11050,2020-07-16,0,25
Wijnegem,11050,2020-07-17,0,25
Wijnegem,11050,2020-07-18,0,25
Wijnegem,11050,2020-07-20,0,25
Wijnegem,11050,2020-07-21,0,25
Wijnegem,11050,2020-07-22,0,25
Wijnegem,11050,2020-07-23,2,27
Wijnegem,11050,2020-07-24,0,27
Wijnegem,11050,2020-07-25,0,27
Wijnegem,11050,2020-07-26,2,29
Wijnegem,11050,2020-07-27,2,31
Wijnegem,11050,2020-07-28,1,32
Wijnegem,11050,2020-07-29,0,32
Wijnegem,11050,2020-07-30,5,37
Wijnegem,11050,2020-07-31,8,45
Wijnegem,11050,2020-08-01,3,48
Wijnegem,11050,2020-08-02,2,50
Wijnegem,11050,2020-08-03,3,53
Wijnegem,11050,2020-08-04,2,55
Wijnegem,11050,2020-08-05,1,56
Wijnegem,11050,2020-08-06,1,57
Wijnegem,11050,2020-08-07,2,59
Wijnegem,11050,2020-08-08,3,62
Wijnegem,11050,2020-08-09,3,65
Wijnegem,11050,2020-08-10,0,65
Wijnegem,11050,2020-08-11,6,71
Wijnegem,11050,2020-08-12,2,73
Wijnegem,11050,2020-08-13,2,75
Wijnegem,11050,2020-08-14,2,77
Wijnegem,11050,2020-08-15,1,78
Wijnegem,11050,2020-08-16,12,90
Wijnegem,11050,2020-08-17,0,90
Wijnegem,11050,2020-08-18,2,92
Wijnegem,11050,2020-08-19,1,93
Wijnegem,11050,2020-08-20,2,95
Wijnegem,11050,2020-08-21,0,95
Wijnegem,11050,2020-08-22,1,96
Wijnegem,11050,2020-08-23,3,99
Wijnegem,11050,2020-08-24,2,101
Wijnegem,11050,2020-08-25,0,101
Wijnegem,11050,2020-08-26,0,101
Wijnegem,11050,2020-08-27,2,103
Wijnegem,11050,2020-08-28,0,103
Wijnegem,11050,2020-08-29,1,104
Wijnegem,11050,2020-08-30,1,105
Wijnegem,11050,2020-08-31,2,107
Wijnegem,11050,2020-09-01,0,107
Wijnegem,11050,2020-09-02,0,107
Wijnegem,11050,2020-09-03,0,107
Wijnegem,11050,2020-09-04,1,108
Wijnegem,11050,2020-09-05,1,109
Wijnegem,11050,2020-09-06,2,111
Wijnegem,11050,2020-09-07,1,112
Wijnegem,11050,2020-09-08,0,112
Wijnegem,11050,2020-09-09,0,112
Wijnegem,11050,2020-09-10,3,115
Wijnegem,11050,2020-09-11,1,116
Wijnegem,11050,2020-09-12,0,116
Wijnegem,11050,2020-09-13,0,116
Wijnegem,11050,2020-09-14,1,117
Wijnegem,11050,2020-09-15,1,118
Wijnegem,11050,2020-09-16,0,118
Wijnegem,11050,2020-09-17,1,119
Wijnegem,11050,2020-09-18,1,120
Wijnegem,11050,2020-09-19,3,123
Wijnegem,11050,2020-09-20,0,123
Wijnegem,11050,2020-09-21,3,126
Wijnegem,11050,2020-09-22,2,128
Wijnegem,11050,2020-09-23,3,131
Wijnegem,11050,2020-09-24,1,132
Wijnegem,11050,2020-09-25,2,134
Wijnegem,11050,2020-09-26,1,135
Wijnegem,11050,2020-09-27,0,135
Wijnegem,11050,2020-09-28,1,136
Wijnegem,11050,2020-09-29,1,137
Wijnegem,11050,2020-09-30,0,137
Wijnegem,11050,2020-10-01,0,137
Wijnegem,11050,2020-10-02,2,139
Wijnegem,11050,2020-10-03,2,141
Wijnegem,11050,2020-10-04,0,141
Wijnegem,11050,2020-10-05,1,142
Wijnegem,11050,2020-10-06,0,142
Wijnegem,11050,2020-10-07,1,143
Wijnegem,11050,2020-10-08,7,150
Wijnegem,11050,2020-10-09,0,150
Wijnegem,11050,2020-10-10,1,151
Wijnegem,11050,2020-10-11,11,162
Wijnegem,11050,2020-10-12,2,164
Wijnegem,11050,2020-10-13,5,169
Wijnegem,11050,2020-10-14,7,176
Wijnegem,11050,2020-10-15,3,179
Wijnegem,11050,2020-10-16,8,187
Wijnegem,11050,2020-10-17,11,198
Wijnegem,11050,2020-10-18,4,202
Wijnegem,11050,2020-10-19,6,208
Wijnegem,11050,2020-10-20,10,218
Wijnegem,11050,2020-10-21,3,221
Wijnegem,11050,2020-10-22,2,223
Wijnegem,11050,2020-10-23,11,234
Wijnegem,11050,2020-10-24,8,242
Wijnegem,11050,2020-10-25,8,250
Wijnegem,11050,2020-10-26,9,259
Wijnegem,11050,2020-10-27,2,261
Wijnegem,11050,2020-10-28,7,268
Wijnegem,11050,2020-10-29,11,279
Wijnegem,11050,2020-10-30,11,290
Wijnegem,11050,2020-10-31,9,299
Wijnegem,11050,2020-11-01,10,309
Wijnegem,11050,2020-11-02,6,315
Wijnegem,11050,2020-11-03,0,315
Wijnegem,11050,2020-11-04,2,317
Wijnegem,11050,2020-11-05,6,323
Wijnegem,11050,2020-11-06,8,331
Wijnegem,11050,2020-11-07,5,336
Wijnegem,11050,2020-11-08,3,339
Wijnegem,11050,2020-11-09,4,343
Wijnegem,11050,2020-11-10,2,345
Wijnegem,11050,2020-11-11,2,347
Wommelgem,11052,2020-04-01,1,14
Wommelgem,11052,2020-04-02,2,16
Wommelgem,11052,2020-04-03,0,16
Wommelgem,11052,2020-04-04,1,17
Wommelgem,11052,2020-04-05,1,18
Wommelgem,11052,2020-04-06,1,19
Wommelgem,11052,2020-04-07,0,19
Wommelgem,11052,2020-04-08,2,21
Wommelgem,11052,2020-04-09,1,22
Wommelgem,11052,2020-04-10,0,22
Wommelgem,11052,2020-04-11,1,23
Wommelgem,11052,2020-04-12,0,23
Wommelgem,11052,2020-04-13,0,23
Wommelgem,11052,2020-04-14,0,23
Wommelgem,11052,2020-04-15,0,23
Wommelgem,11052,2020-04-16,1,24
Wommelgem,11052,2020-04-17,0,24
Wommelgem,11052,2020-04-18,0,24
Wommelgem,11052,2020-04-19,0,24
Wommelgem,11052,2020-04-20,2,26
Wommelgem,11052,2020-04-21,3,29
Wommelgem,11052,2020-04-22,1,30
Wommelgem,11052,2020-04-23,2,32
Wommelgem,11052,2020-04-24,2,34
Wommelgem,11052,2020-04-25,0,34
Wommelgem,11052,2020-04-26,0,34
Wommelgem,11052,2020-04-27,0,34
Wommelgem,11052,2020-04-28,1,35
Wommelgem,11052,2020-04-29,1,36
Wommelgem,11052,2020-04-30,0,36
Wommelgem,11052,2020-05-01,2,38
Wommelgem,11052,2020-05-02,0,38
Wommelgem,11052,2020-05-03,0,38
Wommelgem,11052,2020-05-04,0,38
Wommelgem,11052,2020-05-05,0,38
Wommelgem,11052,2020-05-06,0,38
Wommelgem,11052,2020-05-07,2,40
Wommelgem,11052,2020-05-08,2,42
Wommelgem,11052,2020-05-09,1,43
Wommelgem,11052,2020-05-10,0,43
Wommelgem,11052,2020-05-11,0,43
Wommelgem,11052,2020-05-12,0,43
Wommelgem,11052,2020-05-13,0,43
Wommelgem,11052,2020-05-14,0,43
Wommelgem,11052,2020-05-15,0,43
Wommelgem,11052,2020-05-16,0,43
Wommelgem,11052,2020-05-17,1,44
Wommelgem,11052,2020-05-18,0,44
Wommelgem,11052,2020-05-19,1,45
Wommelgem,11052,2020-05-20,0,45
Wommelgem,11052,2020-05-21,0,45
Wommelgem,11052,2020-05-22,0,45
Wommelgem,11052,2020-05-23,0,45
Wommelgem,11052,2020-05-24,0,45
Wommelgem,11052,2020-05-25,0,45
Wommelgem,11052,2020-05-26,0,45
Wommelgem,11052,2020-05-27,1,46
Wommelgem,11052,2020-05-28,0,46
Wommelgem,11052,2020-05-29,0,46
Wommelgem,11052,2020-05-30,0,46
Wommelgem,11052,2020-05-31,0,46
Wommelgem,11052,2020-06-01,0,46
Wommelgem,11052,2020-06-02,0,46
Wommelgem,11052,2020-06-03,0,46
Wommelgem,11052,2020-06-04,0,46
Wommelgem,11052,2020-06-05,0,46
Wommelgem,11052,2020-06-06,0,46
Wommelgem,11052,2020-06-07,0,46
Wommelgem,11052,2020-06-08,0,46
Wommelgem,11052,2020-06-09,0,46
Wommelgem,11052,2020-06-10,0,46
Wommelgem,11052,2020-06-11,0,46
Wommelgem,11052,2020-06-12,1,47
Wommelgem,11052,2020-06-13,0,47
Wommelgem,11052,2020-06-14,0,47
Wommelgem,11052,2020-06-15,0,47
Wommelgem,11052,2020-06-16,0,47
Wommelgem,11052,2020-06-17,0,47
Wommelgem,11052,2020-06-18,0,47
Wommelgem,11052,2020-06-19,0,47
Wommelgem,11052,2020-06-20,0,47
Wommelgem,11052,2020-06-23,0,47
Wommelgem,11052,2020-06-24,0,47
Wommelgem,11052,2020-06-25,0,47
Wommelgem,11052,2020-06-26,0,47
Wommelgem,11052,2020-06-27,0,47
Wommelgem,11052,2020-06-30,0,47
Wommelgem,11052,2020-07-01,0,47
Wommelgem,11052,2020-07-02,0,47
Wommelgem,11052,2020-07-03,0,47
Wommelgem,11052,2020-07-04,0,47
Wommelgem,11052,2020-07-07,1,48
Wommelgem,11052,2020-07-08,0,48
Wommelgem,11052,2020-07-09,0,48
Wommelgem,11052,2020-07-10,0,48
Wommelgem,11052,2020-07-11,0,48
Wommelgem,11052,2020-07-14,3,51
Wommelgem,11052,2020-07-15,0,51
Wommelgem,11052,2020-07-16,0,51
Wommelgem,11052,2020-07-17,2,53
Wommelgem,11052,2020-07-18,0,53
Wommelgem,11052,2020-07-20,1,54
Wommelgem,11052,2020-07-21,1,55
Wommelgem,11052,2020-07-22,3,58
Wommelgem,11052,2020-07-23,1,59
Wommelgem,11052,2020-07-24,0,59
Wommelgem,11052,2020-07-25,2,61
Wommelgem,11052,2020-07-26,1,62
Wommelgem,11052,2020-07-27,0,62
Wommelgem,11052,2020-07-28,3,65
Wommelgem,11052,2020-07-29,0,65
Wommelgem,11052,2020-07-30,2,67
Wommelgem,11052,2020-07-31,1,68
Wommelgem,11052,2020-08-01,1,69
Wommelgem,11052,2020-08-02,2,71
Wommelgem,11052,2020-08-03,0,71
Wommelgem,11052,2020-08-04,1,72
Wommelgem,11052,2020-08-05,0,72
Wommelgem,11052,2020-08-06,0,72
Wommelgem,11052,2020-08-07,1,73
Wommelgem,11052,2020-08-08,1,74
Wommelgem,11052,2020-08-09,0,74
Wommelgem,11052,2020-08-10,0,74
Wommelgem,11052,2020-08-11,0,74
Wommelgem,11052,2020-08-12,0,74
Wommelgem,11052,2020-08-13,1,75
Wommelgem,11052,2020-08-14,0,75
Wommelgem,11052,2020-08-15,1,76
Wommelgem,11052,2020-08-16,1,77
Wommelgem,11052,2020-08-17,1,78
Wommelgem,11052,2020-08-18,1,79
Wommelgem,11052,2020-08-19,0,79
Wommelgem,11052,2020-08-20,0,79
Wommelgem,11052,2020-08-21,0,79
Wommelgem,11052,2020-08-22,1,80
Wommelgem,11052,2020-08-23,1,81
Wommelgem,11052,2020-08-24,1,82
Wommelgem,11052,2020-08-25,0,82
Wommelgem,11052,2020-08-26,1,83
Wommelgem,11052,2020-08-27,1,84
Wommelgem,11052,2020-08-28,2,86
Wommelgem,11052,2020-08-29,1,87
Wommelgem,11052,2020-08-30,0,87
Wommelgem,11052,2020-08-31,0,87
Wommelgem,11052,2020-09-01,0,87
Wommelgem,11052,2020-09-02,0,87
Wommelgem,11052,2020-09-03,0,87
Wommelgem,11052,2020-09-04,0,87
Wommelgem,11052,2020-09-05,0,87
Wommelgem,11052,2020-09-06,1,88
Wommelgem,11052,2020-09-07,0,88
Wommelgem,11052,2020-09-08,0,88
Wommelgem,11052,2020-09-09,0,88
Wommelgem,11052,2020-09-10,0,88
Wommelgem,11052,2020-09-11,2,90
Wommelgem,11052,2020-09-12,1,91
Wommelgem,11052,2020-09-13,0,91
Wommelgem,11052,2020-09-14,2,93
Wommelgem,11052,2020-09-15,0,93
Wommelgem,11052,2020-09-16,0,93
Wommelgem,11052,2020-09-17,0,93
Wommelgem,11052,2020-09-18,2,95
Wommelgem,11052,2020-09-19,1,96
Wommelgem,11052,2020-09-20,1,97
Wommelgem,11052,2020-09-21,2,99
Wommelgem,11052,2020-09-22,0,99
Wommelgem,11052,2020-09-23,1,100
Wommelgem,11052,2020-09-24,1,101
Wommelgem,11052,2020-09-25,1,102
Wommelgem,11052,2020-09-26,3,105
Wommelgem,11052,2020-09-27,4,109
Wommelgem,11052,2020-09-28,2,111
Wommelgem,11052,2020-09-29,1,112
Wommelgem,11052,2020-09-30,2,114
Wommelgem,11052,2020-10-01,1,115
Wommelgem,11052,2020-10-02,0,115
Wommelgem,11052,2020-10-03,0,115
Wommelgem,11052,2020-10-04,2,117
Wommelgem,11052,2020-10-05,0,117
Wommelgem,11052,2020-10-06,1,118
Wommelgem,11052,2020-10-07,0,118
Wommelgem,11052,2020-10-08,3,121
Wommelgem,11052,2020-10-09,2,123
Wommelgem,11052,2020-10-10,4,127
Wommelgem,11052,2020-10-11,4,131
Wommelgem,11052,2020-10-12,4,135
Wommelgem,11052,2020-10-13,2,137
Wommelgem,11052,2020-10-14,6,143
Wommelgem,11052,2020-10-15,2,145
Wommelgem,11052,2020-10-16,6,151
Wommelgem,11052,2020-10-17,5,156
Wommelgem,11052,2020-10-18,4,160
Wommelgem,11052,2020-10-19,4,164
Wommelgem,11052,2020-10-20,6,170
Wommelgem,11052,2020-10-21,10,180
Wommelgem,11052,2020-10-22,3,183
Wommelgem,11052,2020-10-23,15,198
Wommelgem,11052,2020-10-24,8,206
Wommelgem,11052,2020-10-25,4,210
Wommelgem,11052,2020-10-26,15,225
Wommelgem,11052,2020-10-27,12,237
Wommelgem,11052,2020-10-28,6,243
Wommelgem,11052,2020-10-29,4,247
Wommelgem,11052,2020-10-30,15,262
Wommelgem,11052,2020-10-31,7,269
Wommelgem,11052,2020-11-01,11,280
Wommelgem,11052,2020-11-02,13,293
Wommelgem,11052,2020-11-03,10,303
Wommelgem,11052,2020-11-04,4,307
Wommelgem,11052,2020-11-05,13,320
Wommelgem,11052,2020-11-06,6,326
Wommelgem,11052,2020-11-07,1,327
Wommelgem,11052,2020-11-08,4,331
Wommelgem,11052,2020-11-09,1,332
Wommelgem,11052,2020-11-10,2,334
Wommelgem,11052,2020-11-11,2,336
Wuustwezel,11053,2020-04-01,2,15
Wuustwezel,11053,2020-04-02,0,15
Wuustwezel,11053,2020-04-03,1,16
Wuustwezel,11053,2020-04-04,2,18
Wuustwezel,11053,2020-04-05,0,18
Wuustwezel,11053,2020-04-06,2,20
Wuustwezel,11053,2020-04-07,0,20
Wuustwezel,11053,2020-04-08,0,20
Wuustwezel,11053,2020-04-09,1,21
Wuustwezel,11053,2020-04-10,0,21
Wuustwezel,11053,2020-04-11,0,21
Wuustwezel,11053,2020-04-12,0,21
Wuustwezel,11053,2020-04-13,4,25
Wuustwezel,11053,2020-04-14,3,28
Wuustwezel,11053,2020-04-15,0,28
Wuustwezel,11053,2020-04-16,4,32
Wuustwezel,11053,2020-04-17,2,34
Wuustwezel,11053,2020-04-18,2,36
Wuustwezel,11053,2020-04-19,0,36
Wuustwezel,11053,2020-04-20,0,36
Wuustwezel,11053,2020-04-21,3,39
Wuustwezel,11053,2020-04-22,0,39
Wuustwezel,11053,2020-04-23,4,43
Wuustwezel,11053,2020-04-24,1,44
Wuustwezel,11053,2020-04-25,1,45
Wuustwezel,11053,2020-04-26,1,46
Wuustwezel,11053,2020-04-27,2,48
Wuustwezel,11053,2020-04-28,1,49
Wuustwezel,11053,2020-04-29,0,49
Wuustwezel,11053,2020-04-30,0,49
Wuustwezel,11053,2020-05-01,4,53
Wuustwezel,11053,2020-05-02,3,56
Wuustwezel,11053,2020-05-03,0,56
Wuustwezel,11053,2020-05-04,0,56
Wuustwezel,11053,2020-05-05,3,59
Wuustwezel,11053,2020-05-06,2,61
Wuustwezel,11053,2020-05-07,3,64
Wuustwezel,11053,2020-05-08,2,66
Wuustwezel,11053,2020-05-09,1,67
Wuustwezel,11053,2020-05-10,0,67
Wuustwezel,11053,2020-05-11,1,68
Wuustwezel,11053,2020-05-12,1,69
Wuustwezel,11053,2020-05-13,0,69
Wuustwezel,11053,2020-05-14,1,70
Wuustwezel,11053,2020-05-15,2,72
Wuustwezel,11053,2020-05-16,1,73
Wuustwezel,11053,2020-05-17,0,73
Wuustwezel,11053,2020-05-18,2,75
Wuustwezel,11053,2020-05-19,1,76
Wuustwezel,11053,2020-05-20,0,76
Wuustwezel,11053,2020-05-21,1,77
Wuustwezel,11053,2020-05-22,0,77
Wuustwezel,11053,2020-05-23,1,78
Wuustwezel,11053,2020-05-24,0,78
Wuustwezel,11053,2020-05-25,0,78
Wuustwezel,11053,2020-05-26,1,79
Wuustwezel,11053,2020-05-27,0,79
Wuustwezel,11053,2020-05-28,0,79
Wuustwezel,11053,2020-05-29,0,79
Wuustwezel,11053,2020-05-30,0,79
Wuustwezel,11053,2020-05-31,0,79
Wuustwezel,11053,2020-06-01,0,79
Wuustwezel,11053,2020-06-02,0,79
Wuustwezel,11053,2020-06-03,0,79
Wuustwezel,11053,2020-06-04,0,79
Wuustwezel,11053,2020-06-05,0,79
Wuustwezel,11053,2020-06-06,1,80
Wuustwezel,11053,2020-06-07,0,80
Wuustwezel,11053,2020-06-08,0,80
Wuustwezel,11053,2020-06-09,0,80
Wuustwezel,11053,2020-06-10,0,80
Wuustwezel,11053,2020-06-11,1,81
Wuustwezel,11053,2020-06-12,0,81
Wuustwezel,11053,2020-06-13,0,81
Wuustwezel,11053,2020-06-14,0,81
Wuustwezel,11053,2020-06-15,0,81
Wuustwezel,11053,2020-06-16,0,81
Wuustwezel,11053,2020-06-17,0,81
Wuustwezel,11053,2020-06-18,0,81
Wuustwezel,11053,2020-06-19,0,81
Wuustwezel,11053,2020-06-20,0,81
Wuustwezel,11053,2020-06-23,0,81
Wuustwezel,11053,2020-06-24,0,81
Wuustwezel,11053,2020-06-25,0,81
Wuustwezel,11053,2020-06-26,0,81
Wuustwezel,11053,2020-06-27,0,81
Wuustwezel,11053,2020-06-30,0,81
Wuustwezel,11053,2020-07-01,0,81
Wuustwezel,11053,2020-07-02,0,81
Wuustwezel,11053,2020-07-03,0,81
Wuustwezel,11053,2020-07-04,0,81
Wuustwezel,11053,2020-07-07,0,81
Wuustwezel,11053,2020-07-08,0,81
Wuustwezel,11053,2020-07-09,0,81
Wuustwezel,11053,2020-07-10,0,81
Wuustwezel,11053,2020-07-11,0,81
Wuustwezel,11053,2020-07-14,0,81
Wuustwezel,11053,2020-07-15,0,81
Wuustwezel,11053,2020-07-16,0,81
Wuustwezel,11053,2020-07-17,0,81
Wuustwezel,11053,2020-07-18,2,83
Wuustwezel,11053,2020-07-20,1,84
Wuustwezel,11053,2020-07-21,0,84
Wuustwezel,11053,2020-07-22,0,84
Wuustwezel,11053,2020-07-23,0,84
Wuustwezel,11053,2020-07-24,0,84
Wuustwezel,11053,2020-07-25,0,84
Wuustwezel,11053,2020-07-26,1,85
Wuustwezel,11053,2020-07-27,0,85
Wuustwezel,11053,2020-07-28,0,85
Wuustwezel,11053,2020-07-29,2,87
Wuustwezel,11053,2020-07-30,0,87
Wuustwezel,11053,2020-07-31,0,87
Wuustwezel,11053,2020-08-01,2,89
Wuustwezel,11053,2020-08-02,1,90
Wuustwezel,11053,2020-08-03,0,90
Wuustwezel,11053,2020-08-04,3,93
Wuustwezel,11053,2020-08-05,0,93
Wuustwezel,11053,2020-08-06,2,95
Wuustwezel,11053,2020-08-07,2,97
Wuustwezel,11053,2020-08-08,0,97
Wuustwezel,11053,2020-08-09,-1,96
Wuustwezel,11053,2020-08-10,1,97
Wuustwezel,11053,2020-08-11,0,97
Wuustwezel,11053,2020-08-12,0,97
Wuustwezel,11053,2020-08-13,2,99
Wuustwezel,11053,2020-08-14,1,100
Wuustwezel,11053,2020-08-15,0,100
Wuustwezel,11053,2020-08-16,1,101
Wuustwezel,11053,2020-08-17,0,101
Wuustwezel,11053,2020-08-18,0,101
Wuustwezel,11053,2020-08-19,0,101
Wuustwezel,11053,2020-08-20,0,101
Wuustwezel,11053,2020-08-21,0,101
Wuustwezel,11053,2020-08-22,0,101
Wuustwezel,11053,2020-08-23,0,101
Wuustwezel,11053,2020-08-24,1,102
Wuustwezel,11053,2020-08-25,0,102
Wuustwezel,11053,2020-08-26,0,102
Wuustwezel,11053,2020-08-27,1,103
Wuustwezel,11053,2020-08-28,0,103
Wuustwezel,11053,2020-08-29,1,104
Wuustwezel,11053,2020-08-30,0,104
Wuustwezel,11053,2020-08-31,0,104
Wuustwezel,11053,2020-09-01,0,104
Wuustwezel,11053,2020-09-02,1,105
Wuustwezel,11053,2020-09-03,2,107
Wuustwezel,11053,2020-09-04,1,108
Wuustwezel,11053,2020-09-05,0,108
Wuustwezel,11053,2020-09-06,0,108
Wuustwezel,11053,2020-09-07,1,109
Wuustwezel,11053,2020-09-08,2,111
Wuustwezel,11053,2020-09-09,0,111
Wuustwezel,11053,2020-09-10,0,111
Wuustwezel,11053,2020-09-11,0,111
Wuustwezel,11053,2020-09-12,3,114
Wuustwezel,11053,2020-09-13,2,116
Wuustwezel,11053,2020-09-14,1,117
Wuustwezel,11053,2020-09-15,1,118
Wuustwezel,11053,2020-09-16,0,118
Wuustwezel,11053,2020-09-17,7,125
Wuustwezel,11053,2020-09-18,2,127
Wuustwezel,11053,2020-09-19,6,133
Wuustwezel,11053,2020-09-20,-1,132
Wuustwezel,11053,2020-09-21,5,137
Wuustwezel,11053,2020-09-22,12,149
Wuustwezel,11053,2020-09-23,0,149
Wuustwezel,11053,2020-09-24,5,154
Wuustwezel,11053,2020-09-25,6,160
Wuustwezel,11053,2020-09-26,7,167
Wuustwezel,11053,2020-09-27,1,168
Wuustwezel,11053,2020-09-28,1,169
Wuustwezel,11053,2020-09-29,2,171
Wuustwezel,11053,2020-09-30,2,173
Wuustwezel,11053,2020-10-01,3,176
Wuustwezel,11053,2020-10-02,1,177
Wuustwezel,11053,2020-10-03,1,178
Wuustwezel,11053,2020-10-04,2,180
Wuustwezel,11053,2020-10-05,0,180
Wuustwezel,11053,2020-10-06,1,181
Wuustwezel,11053,2020-10-07,0,181
Wuustwezel,11053,2020-10-08,8,189
Wuustwezel,11053,2020-10-09,1,190
Wuustwezel,11053,2020-10-10,5,195
Wuustwezel,11053,2020-10-11,5,200
Wuustwezel,11053,2020-10-12,0,200
Wuustwezel,11053,2020-10-13,6,206
Wuustwezel,11053,2020-10-14,3,209
Wuustwezel,11053,2020-10-15,10,219
Wuustwezel,11053,2020-10-16,4,223
Wuustwezel,11053,2020-10-17,5,228
Wuustwezel,11053,2020-10-18,11,239
Wuustwezel,11053,2020-10-19,10,249
Wuustwezel,11053,2020-10-20,3,252
Wuustwezel,11053,2020-10-21,10,262
Wuustwezel,11053,2020-10-22,6,268
Wuustwezel,11053,2020-10-23,9,277
Wuustwezel,11053,2020-10-24,10,287
Wuustwezel,11053,2020-10-25,10,297
Wuustwezel,11053,2020-10-26,6,303
Wuustwezel,11053,2020-10-27,12,315
Wuustwezel,11053,2020-10-28,16,331
Wuustwezel,11053,2020-10-29,25,356
Wuustwezel,11053,2020-10-30,12,368
Wuustwezel,11053,2020-10-31,16,384
Wuustwezel,11053,2020-11-01,13,397
Wuustwezel,11053,2020-11-02,17,414
Wuustwezel,11053,2020-11-03,5,419
Wuustwezel,11053,2020-11-04,9,428
Wuustwezel,11053,2020-11-05,11,439
Wuustwezel,11053,2020-11-06,8,447
Wuustwezel,11053,2020-11-07,14,461
Wuustwezel,11053,2020-11-08,1,462
Wuustwezel,11053,2020-11-09,4,466
Wuustwezel,11053,2020-11-10,0,466
Wuustwezel,11053,2020-11-11,3,469
Zandhoven,11054,2020-04-01,0,11
Zandhoven,11054,2020-04-02,5,16
Zandhoven,11054,2020-04-03,1,17
Zandhoven,11054,2020-04-04,0,17
Zandhoven,11054,2020-04-05,2,19
Zandhoven,11054,2020-04-06,2,21
Zandhoven,11054,2020-04-07,0,21
Zandhoven,11054,2020-04-08,2,23
Zandhoven,11054,2020-04-09,6,29
Zandhoven,11054,2020-04-10,1,30
Zandhoven,11054,2020-04-11,5,35
Zandhoven,11054,2020-04-12,8,43
Zandhoven,11054,2020-04-13,3,46
Zandhoven,11054,2020-04-14,0,46
Zandhoven,11054,2020-04-15,2,48
Zandhoven,11054,2020-04-16,0,48
Zandhoven,11054,2020-04-17,1,49
Zandhoven,11054,2020-04-18,1,50
Zandhoven,11054,2020-04-19,23,73
Zandhoven,11054,2020-04-20,1,74
Zandhoven,11054,2020-04-21,0,74
Zandhoven,11054,2020-04-22,0,74
Zandhoven,11054,2020-04-23,1,75
Zandhoven,11054,2020-04-24,2,77
Zandhoven,11054,2020-04-25,0,77
Zandhoven,11054,2020-04-26,1,78
Zandhoven,11054,2020-04-27,1,79
Zandhoven,11054,2020-04-28,1,80
Zandhoven,11054,2020-04-29,0,80
Zandhoven,11054,2020-04-30,0,80
Zandhoven,11054,2020-05-01,0,80
Zandhoven,11054,2020-05-02,1,81
Zandhoven,11054,2020-05-03,1,82
Zandhoven,11054,2020-05-04,0,82
Zandhoven,11054,2020-05-05,0,82
Zandhoven,11054,2020-05-06,0,82
Zandhoven,11054,2020-05-07,0,82
Zandhoven,11054,2020-05-08,1,83
Zandhoven,11054,2020-05-09,0,83
Zandhoven,11054,2020-05-10,0,83
Zandhoven,11054,2020-05-11,0,83
Zandhoven,11054,2020-05-12,0,83
Zandhoven,11054,2020-05-13,1,84
Zandhoven,11054,2020-05-14,0,84
Zandhoven,11054,2020-05-15,1,85
Zandhoven,11054,2020-05-16,0,85
Zandhoven,11054,2020-05-17,0,85
Zandhoven,11054,2020-05-18,0,85
Zandhoven,11054,2020-05-19,0,85
Zandhoven,11054,2020-05-20,0,85
Zandhoven,11054,2020-05-21,0,85
Zandhoven,11054,2020-05-22,1,86
Zandhoven,11054,2020-05-23,0,86
Zandhoven,11054,2020-05-24,0,86
Zandhoven,11054,2020-05-25,0,86
Zandhoven,11054,2020-05-26,0,86
Zandhoven,11054,2020-05-27,0,86
Zandhoven,11054,2020-05-28,0,86
Zandhoven,11054,2020-05-29,0,86
Zandhoven,11054,2020-05-30,0,86
Zandhoven,11054,2020-05-31,1,87
Zandhoven,11054,2020-06-01,0,87
Zandhoven,11054,2020-06-02,0,87
Zandhoven,11054,2020-06-03,0,87
Zandhoven,11054,2020-06-04,0,87
Zandhoven,11054,2020-06-05,0,87
Zandhoven,11054,2020-06-06,0,87
Zandhoven,11054,2020-06-07,0,87
Zandhoven,11054,2020-06-08,0,87
Zandhoven,11054,2020-06-09,0,87
Zandhoven,11054,2020-06-10,0,87
Zandhoven,11054,2020-06-11,0,87
Zandhoven,11054,2020-06-12,0,87
Zandhoven,11054,2020-06-13,0,87
Zandhoven,11054,2020-06-14,0,87
Zandhoven,11054,2020-06-15,0,87
Zandhoven,11054,2020-06-16,0,87
Zandhoven,11054,2020-06-17,0,87
Zandhoven,11054,2020-06-18,1,88
Zandhoven,11054,2020-06-19,0,88
Zandhoven,11054,2020-06-20,0,88
Zandhoven,11054,2020-06-23,0,88
Zandhoven,11054,2020-06-24,0,88
Zandhoven,11054,2020-06-25,0,88
Zandhoven,11054,2020-06-26,0,88
Zandhoven,11054,2020-06-27,0,88
Zandhoven,11054,2020-06-30,0,88
Zandhoven,11054,2020-07-01,0,88
Zandhoven,11054,2020-07-02,0,88
Zandhoven,11054,2020-07-03,0,88
Zandhoven,11054,2020-07-04,0,88
Zandhoven,11054,2020-07-07,0,88
Zandhoven,11054,2020-07-08,0,88
Zandhoven,11054,2020-07-09,0,88
Zandhoven,11054,2020-07-10,0,88
Zandhoven,11054,2020-07-11,0,88
Zandhoven,11054,2020-07-14,0,88
Zandhoven,11054,2020-07-15,0,88
Zandhoven,11054,2020-07-16,0,88
Zandhoven,11054,2020-07-17,0,88
Zandhoven,11054,2020-07-18,0,88
Zandhoven,11054,2020-07-20,0,88
Zandhoven,11054,2020-07-21,1,89
Zandhoven,11054,2020-07-22,0,89
Zandhoven,11054,2020-07-23,4,93
Zandhoven,11054,2020-07-24,0,93
Zandhoven,11054,2020-07-25,0,93
Zandhoven,11054,2020-07-26,1,94
Zandhoven,11054,2020-07-27,0,94
Zandhoven,11054,2020-07-28,0,94
Zandhoven,11054,2020-07-29,0,94
Zandhoven,11054,2020-07-30,0,94
Zandhoven,11054,2020-07-31,0,94
Zandhoven,11054,2020-08-01,0,94
Zandhoven,11054,2020-08-02,0,94
Zandhoven,11054,2020-08-03,0,94
Zandhoven,11054,2020-08-04,0,94
Zandhoven,11054,2020-08-05,1,95
Zandhoven,11054,2020-08-06,1,96
Zandhoven,11054,2020-08-07,0,96
Zandhoven,11054,2020-08-08,1,97
Zandhoven,11054,2020-08-09,1,98
Zandhoven,11054,2020-08-10,1,99
Zandhoven,11054,2020-08-11,1,100
Zandhoven,11054,2020-08-12,0,100
Zandhoven,11054,2020-08-13,0,100
Zandhoven,11054,2020-08-14,1,101
Zandhoven,11054,2020-08-15,0,101
Zandhoven,11054,2020-08-16,0,101
Zandhoven,11054,2020-08-17,0,101
Zandhoven,11054,2020-08-18,0,101
Zandhoven,11054,2020-08-19,0,101
Zandhoven,11054,2020-08-20,0,101
Zandhoven,11054,2020-08-21,0,101
Zandhoven,11054,2020-08-22,0,101
Zandhoven,11054,2020-08-23,0,101
Zandhoven,11054,2020-08-24,0,101
Zandhoven,11054,2020-08-25,0,101
Zandhoven,11054,2020-08-26,0,101
Zandhoven,11054,2020-08-27,1,102
Zandhoven,11054,2020-08-28,1,103
Zandhoven,11054,2020-08-29,0,103
Zandhoven,11054,2020-08-30,0,103
Zandhoven,11054,2020-08-31,0,103
Zandhoven,11054,2020-09-01,0,103
Zandhoven,11054,2020-09-02,0,103
Zandhoven,11054,2020-09-03,0,103
Zandhoven,11054,2020-09-04,0,103
Zandhoven,11054,2020-09-05,1,104
Zandhoven,11054,2020-09-06,0,104
Zandhoven,11054,2020-09-07,1,105
Zandhoven,11054,2020-09-08,0,105
Zandhoven,11054,2020-09-09,0,105
Zandhoven,11054,2020-09-10,0,105
Zandhoven,11054,2020-09-11,0,105
Zandhoven,11054,2020-09-12,0,105
Zandhoven,11054,2020-09-13,0,105
Zandhoven,11054,2020-09-14,1,106
Zandhoven,11054,2020-09-15,2,108
Zandhoven,11054,2020-09-16,0,108
Zandhoven,11054,2020-09-17,0,108
Zandhoven,11054,2020-09-18,2,110
Zandhoven,11054,2020-09-19,0,110
Zandhoven,11054,2020-09-20,1,111
Zandhoven,11054,2020-09-21,0,111
Zandhoven,11054,2020-09-22,1,112
Zandhoven,11054,2020-09-23,0,112
Zandhoven,11054,2020-09-24,0,112
Zandhoven,11054,2020-09-25,1,113
Zandhoven,11054,2020-09-26,1,114
Zandhoven,11054,2020-09-27,1,115
Zandhoven,11054,2020-09-28,1,116
Zandhoven,11054,2020-09-29,0,116
Zandhoven,11054,2020-09-30,1,117
Zandhoven,11054,2020-10-01,0,117
Zandhoven,11054,2020-10-02,3,120
Zandhoven,11054,2020-10-03,1,121
Zandhoven,11054,2020-10-04,2,123
Zandhoven,11054,2020-10-05,0,123
Zandhoven,11054,2020-10-06,2,125
Zandhoven,11054,2020-10-07,1,126
Zandhoven,11054,2020-10-08,0,126
Zandhoven,11054,2020-10-09,3,129
Zandhoven,11054,2020-10-10,3,132
Zandhoven,11054,2020-10-11,4,136
Zandhoven,11054,2020-10-12,1,137
Zandhoven,11054,2020-10-13,3,140
Zandhoven,11054,2020-10-14,4,144
Zandhoven,11054,2020-10-15,3,147
Zandhoven,11054,2020-10-16,5,152
Zandhoven,11054,2020-10-17,4,156
Zandhoven,11054,2020-10-18,11,167
Zandhoven,11054,2020-10-19,1,168
Zandhoven,11054,2020-10-20,6,174
Zandhoven,11054,2020-10-21,2,176
Zandhoven,11054,2020-10-22,2,178
Zandhoven,11054,2020-10-23,9,187
Zandhoven,11054,2020-10-24,6,193
Zandhoven,11054,2020-10-25,7,200
Zandhoven,11054,2020-10-26,8,208
Zandhoven,11054,2020-10-27,6,214
Zandhoven,11054,2020-10-28,9,223
Zandhoven,11054,2020-10-29,14,237
Zandhoven,11054,2020-10-30,11,248
Zandhoven,11054,2020-10-31,12,260
Zandhoven,11054,2020-11-01,8,268
Zandhoven,11054,2020-11-02,11,279
Zandhoven,11054,2020-11-03,1,280
Zandhoven,11054,2020-11-04,1,281
Zandhoven,11054,2020-11-05,4,285
Zandhoven,11054,2020-11-06,5,290
Zandhoven,11054,2020-11-07,6,296
Zandhoven,11054,2020-11-08,1,297
Zandhoven,11054,2020-11-09,3,300
Zandhoven,11054,2020-11-10,2,302
Zandhoven,11054,2020-11-11,3,305
Zoersel,11055,2020-04-01,1,12
Zoersel,11055,2020-04-02,2,14
Zoersel,11055,2020-04-03,6,20
Zoersel,11055,2020-04-04,0,20
Zoersel,11055,2020-04-05,2,22
Zoersel,11055,2020-04-06,1,23
Zoersel,11055,2020-04-07,1,24
Zoersel,11055,2020-04-08,1,25
Zoersel,11055,2020-04-09,2,27
Zoersel,11055,2020-04-10,2,29
Zoersel,11055,2020-04-11,0,29
Zoersel,11055,2020-04-12,2,31
Zoersel,11055,2020-04-13,0,31
Zoersel,11055,2020-04-14,0,31
Zoersel,11055,2020-04-15,2,33
Zoersel,11055,2020-04-16,4,37
Zoersel,11055,2020-04-17,0,37
Zoersel,11055,2020-04-18,0,37
Zoersel,11055,2020-04-19,3,40
Zoersel,11055,2020-04-20,0,40
Zoersel,11055,2020-04-21,0,40
Zoersel,11055,2020-04-22,1,41
Zoersel,11055,2020-04-23,0,41
Zoersel,11055,2020-04-24,1,42
Zoersel,11055,2020-04-25,0,42
Zoersel,11055,2020-04-26,1,43
Zoersel,11055,2020-04-27,1,44
Zoersel,11055,2020-04-28,0,44
Zoersel,11055,2020-04-29,0,44
Zoersel,11055,2020-04-30,2,46
Zoersel,11055,2020-05-01,3,49
Zoersel,11055,2020-05-02,2,51
Zoersel,11055,2020-05-03,1,52
Zoersel,11055,2020-05-04,0,52
Zoersel,11055,2020-05-05,1,53
Zoersel,11055,2020-05-06,0,53
Zoersel,11055,2020-05-07,5,58
Zoersel,11055,2020-05-08,0,58
Zoersel,11055,2020-05-09,0,58
Zoersel,11055,2020-05-10,1,59
Zoersel,11055,2020-05-11,1,60
Zoersel,11055,2020-05-12,1,61
Zoersel,11055,2020-05-13,0,61
Zoersel,11055,2020-05-14,2,63
Zoersel,11055,2020-05-15,0,63
Zoersel,11055,2020-05-16,4,67
Zoersel,11055,2020-05-17,0,67
Zoersel,11055,2020-05-18,0,67
Zoersel,11055,2020-05-19,1,68
Zoersel,11055,2020-05-20,0,68
Zoersel,11055,2020-05-21,2,70
Zoersel,11055,2020-05-22,0,70
Zoersel,11055,2020-05-23,0,70
Zoersel,11055,2020-05-24,1,71
Zoersel,11055,2020-05-25,0,71
Zoersel,11055,2020-05-26,2,73
Zoersel,11055,2020-05-27,0,73
Zoersel,11055,2020-05-28,-2,71
Zoersel,11055,2020-05-29,0,71
Zoersel,11055,2020-05-30,1,72
Zoersel,11055,2020-05-31,1,73
Zoersel,11055,2020-06-01,0,73
Zoersel,11055,2020-06-02,0,73
Zoersel,11055,2020-06-03,0,73
Zoersel,11055,2020-06-04,0,73
Zoersel,11055,2020-06-05,0,73
Zoersel,11055,2020-06-06,0,73
Zoersel,11055,2020-06-07,0,73
Zoersel,11055,2020-06-08,0,73
Zoersel,11055,2020-06-09,0,73
Zoersel,11055,2020-06-10,0,73
Zoersel,11055,2020-06-11,0,73
Zoersel,11055,2020-06-12,0,73
Zoersel,11055,2020-06-13,0,73
Zoersel,11055,2020-06-14,0,73
Zoersel,11055,2020-06-15,0,73
Zoersel,11055,2020-06-16,0,73
Zoersel,11055,2020-06-17,0,73
Zoersel,11055,2020-06-18,0,73
Zoersel,11055,2020-06-19,0,73
Zoersel,11055,2020-06-20,0,73
Zoersel,11055,2020-06-23,0,73
Zoersel,11055,2020-06-24,0,73
Zoersel,11055,2020-06-25,0,73
Zoersel,11055,2020-06-26,0,73
Zoersel,11055,2020-06-27,0,73
Zoersel,11055,2020-06-30,0,73
Zoersel,11055,2020-07-01,1,74
Zoersel,11055,2020-07-02,1,75
Zoersel,11055,2020-07-03,0,75
Zoersel,11055,2020-07-04,3,78
Zoersel,11055,2020-07-07,0,78
Zoersel,11055,2020-07-08,1,79
Zoersel,11055,2020-07-09,0,79
Zoersel,11055,2020-07-10,2,81
Zoersel,11055,2020-07-11,0,81
Zoersel,11055,2020-07-14,0,81
Zoersel,11055,2020-07-15,0,81
Zoersel,11055,2020-07-16,0,81
Zoersel,11055,2020-07-17,1,82
Zoersel,11055,2020-07-18,0,82
Zoersel,11055,2020-07-20,1,83
Zoersel,11055,2020-07-21,1,84
Zoersel,11055,2020-07-22,1,85
Zoersel,11055,2020-07-23,2,87
Zoersel,11055,2020-07-24,0,87
Zoersel,11055,2020-07-25,0,87
Zoersel,11055,2020-07-26,0,87
Zoersel,11055,2020-07-27,0,87
Zoersel,11055,2020-07-28,0,87
Zoersel,11055,2020-07-29,1,88
Zoersel,11055,2020-07-30,1,89
Zoersel,11055,2020-07-31,2,91
Zoersel,11055,2020-08-01,3,94
Zoersel,11055,2020-08-02,1,95
Zoersel,11055,2020-08-03,0,95
Zoersel,11055,2020-08-04,3,98
Zoersel,11055,2020-08-05,0,98
Zoersel,11055,2020-08-06,0,98
Zoersel,11055,2020-08-07,0,98
Zoersel,11055,2020-08-08,1,99
Zoersel,11055,2020-08-09,0,99
Zoersel,11055,2020-08-10,3,102
Zoersel,11055,2020-08-11,3,105
Zoersel,11055,2020-08-12,0,105
Zoersel,11055,2020-08-13,1,106
Zoersel,11055,2020-08-14,1,107
Zoersel,11055,2020-08-15,6,113
Zoersel,11055,2020-08-16,2,115
Zoersel,11055,2020-08-17,2,117
Zoersel,11055,2020-08-18,0,117
Zoersel,11055,2020-08-19,0,117
Zoersel,11055,2020-08-20,2,119
Zoersel,11055,2020-08-21,2,121
Zoersel,11055,2020-08-22,0,121
Zoersel,11055,2020-08-23,1,122
Zoersel,11055,2020-08-24,1,123
Zoersel,11055,2020-08-25,0,123
Zoersel,11055,2020-08-26,0,123
Zoersel,11055,2020-08-27,0,123
Zoersel,11055,2020-08-28,0,123
Zoersel,11055,2020-08-29,0,123
Zoersel,11055,2020-08-30,0,123
Zoersel,11055,2020-08-31,0,123
Zoersel,11055,2020-09-01,0,123
Zoersel,11055,2020-09-02,0,123
Zoersel,11055,2020-09-03,0,123
Zoersel,11055,2020-09-04,0,123
Zoersel,11055,2020-09-05,1,124
Zoersel,11055,2020-09-06,0,124
Zoersel,11055,2020-09-07,1,125
Zoersel,11055,2020-09-08,0,125
Zoersel,11055,2020-09-09,0,125
Zoersel,11055,2020-09-10,0,125
Zoersel,11055,2020-09-11,3,128
Zoersel,11055,2020-09-12,1,129
Zoersel,11055,2020-09-13,2,131
Zoersel,11055,2020-09-14,1,132
Zoersel,11055,2020-09-15,5,137
Zoersel,11055,2020-09-16,0,137
Zoersel,11055,2020-09-17,4,141
Zoersel,11055,2020-09-18,3,144
Zoersel,11055,2020-09-19,0,144
Zoersel,11055,2020-09-20,1,145
Zoersel,11055,2020-09-21,1,146
Zoersel,11055,2020-09-22,3,149
Zoersel,11055,2020-09-23,1,150
Zoersel,11055,2020-09-24,1,151
Zoersel,11055,2020-09-25,0,151
Zoersel,11055,2020-09-26,1,152
Zoersel,11055,2020-09-27,1,153
Zoersel,11055,2020-09-28,3,156
Zoersel,11055,2020-09-29,0,156
Zoersel,11055,2020-09-30,1,157
Zoersel,11055,2020-10-01,2,159
Zoersel,11055,2020-10-02,7,166
Zoersel,11055,2020-10-03,2,168
Zoersel,11055,2020-10-04,5,173
Zoersel,11055,2020-10-05,3,176
Zoersel,11055,2020-10-06,3,179
Zoersel,11055,2020-10-07,0,179
Zoersel,11055,2020-10-08,0,179
Zoersel,11055,2020-10-09,3,182
Zoersel,11055,2020-10-10,4,186
Zoersel,11055,2020-10-11,10,196
Zoersel,11055,2020-10-12,1,197
Zoersel,11055,2020-10-13,4,201
Zoersel,11055,2020-10-14,3,204
Zoersel,11055,2020-10-15,3,207
Zoersel,11055,2020-10-16,12,219
Zoersel,11055,2020-10-17,8,227
Zoersel,11055,2020-10-18,11,238
Zoersel,11055,2020-10-19,4,242
Zoersel,11055,2020-10-20,10,252
Zoersel,11055,2020-10-21,9,261
Zoersel,11055,2020-10-22,17,278
Zoersel,11055,2020-10-23,11,289
Zoersel,11055,2020-10-24,14,303
Zoersel,11055,2020-10-25,11,314
Zoersel,11055,2020-10-26,14,328
Zoersel,11055,2020-10-27,13,341
Zoersel,11055,2020-10-28,16,357
Zoersel,11055,2020-10-29,22,379
Zoersel,11055,2020-10-30,16,395
Zoersel,11055,2020-10-31,15,410
Zoersel,11055,2020-11-01,15,425
Zoersel,11055,2020-11-02,23,448
Zoersel,11055,2020-11-03,11,459
Zoersel,11055,2020-11-04,6,465
Zoersel,11055,2020-11-05,16,481
Zoersel,11055,2020-11-06,8,489
Zoersel,11055,2020-11-07,13,502
Zoersel,11055,2020-11-08,4,506
Zoersel,11055,2020-11-09,31,537
Zoersel,11055,2020-11-10,5,542
Zoersel,11055,2020-11-11,2,544
Zwijndrecht,11056,2020-04-01,0,10
Zwijndrecht,11056,2020-04-02,3,13
Zwijndrecht,11056,2020-04-03,5,18
Zwijndrecht,11056,2020-04-04,0,18
Zwijndrecht,11056,2020-04-05,3,21
Zwijndrecht,11056,2020-04-06,2,23
Zwijndrecht,11056,2020-04-07,3,26
Zwijndrecht,11056,2020-04-08,0,26
Zwijndrecht,11056,2020-04-09,0,26
Zwijndrecht,11056,2020-04-10,3,29
Zwijndrecht,11056,2020-04-11,0,29
Zwijndrecht,11056,2020-04-12,1,30
Zwijndrecht,11056,2020-04-13,1,31
Zwijndrecht,11056,2020-04-14,0,31
Zwijndrecht,11056,2020-04-15,2,33
Zwijndrecht,11056,2020-04-16,1,34
Zwijndrecht,11056,2020-04-17,1,35
Zwijndrecht,11056,2020-04-18,3,38
Zwijndrecht,11056,2020-04-19,1,39
Zwijndrecht,11056,2020-04-20,1,40
Zwijndrecht,11056,2020-04-21,0,40
Zwijndrecht,11056,2020-04-22,0,40
Zwijndrecht,11056,2020-04-23,3,43
Zwijndrecht,11056,2020-04-24,2,45
Zwijndrecht,11056,2020-04-25,1,46
Zwijndrecht,11056,2020-04-26,8,54
Zwijndrecht,11056,2020-04-27,2,56
Zwijndrecht,11056,2020-04-28,1,57
Zwijndrecht,11056,2020-04-29,0,57
Zwijndrecht,11056,2020-04-30,2,59
Zwijndrecht,11056,2020-05-01,1,60
Zwijndrecht,11056,2020-05-02,3,63
Zwijndrecht,11056,2020-05-03,4,67
Zwijndrecht,11056,2020-05-04,1,68
Zwijndrecht,11056,2020-05-05,1,69
Zwijndrecht,11056,2020-05-06,1,70
Zwijndrecht,11056,2020-05-07,1,71
Zwijndrecht,11056,2020-05-08,3,74
Zwijndrecht,11056,2020-05-09,0,74
Zwijndrecht,11056,2020-05-10,0,74
Zwijndrecht,11056,2020-05-11,0,74
Zwijndrecht,11056,2020-05-12,0,74
Zwijndrecht,11056,2020-05-13,-1,73
Zwijndrecht,11056,2020-05-14,2,75
Zwijndrecht,11056,2020-05-15,1,76
Zwijndrecht,11056,2020-05-16,0,76
Zwijndrecht,11056,2020-05-17,1,77
Zwijndrecht,11056,2020-05-18,1,78
Zwijndrecht,11056,2020-05-19,0,78
Zwijndrecht,11056,2020-05-20,0,78
Zwijndrecht,11056,2020-05-21,0,78
Zwijndrecht,11056,2020-05-22,0,78
Zwijndrecht,11056,2020-05-23,1,79
Zwijndrecht,11056,2020-05-24,0,79
Zwijndrecht,11056,2020-05-25,0,79
Zwijndrecht,11056,2020-05-26,0,79
Zwijndrecht,11056,2020-05-27,0,79
Zwijndrecht,11056,2020-05-28,0,79
Zwijndrecht,11056,2020-05-29,1,80
Zwijndrecht,11056,2020-05-30,1,81
Zwijndrecht,11056,2020-05-31,1,82
Zwijndrecht,11056,2020-06-01,0,82
Zwijndrecht,11056,2020-06-02,0,82
Zwijndrecht,11056,2020-06-03,0,82
Zwijndrecht,11056,2020-06-04,0,82
Zwijndrecht,11056,2020-06-05,0,82
Zwijndrecht,11056,2020-06-06,0,82
Zwijndrecht,11056,2020-06-07,0,82
Zwijndrecht,11056,2020-06-08,0,82
Zwijndrecht,11056,2020-06-09,0,82
Zwijndrecht,11056,2020-06-10,0,82
Zwijndrecht,11056,2020-06-11,0,82
Zwijndrecht,11056,2020-06-12,0,82
Zwijndrecht,11056,2020-06-13,2,84
Zwijndrecht,11056,2020-06-14,0,84
Zwijndrecht,11056,2020-06-15,0,84
Zwijndrecht,11056,2020-06-16,0,84
Zwijndrecht,11056,2020-06-17,0,84
Zwijndrecht,11056,2020-06-18,0,84
Zwijndrecht,11056,2020-06-19,0,84
Zwijndrecht,11056,2020-06-20,0,84
Zwijndrecht,11056,2020-06-23,0,84
Zwijndrecht,11056,2020-06-24,0,84
Zwijndrecht,11056,2020-06-25,0,84
Zwijndrecht,11056,2020-06-26,0,84
Zwijndrecht,11056,2020-06-27,0,84
Zwijndrecht,11056,2020-06-30,0,84
Zwijndrecht,11056,2020-07-01,1,85
Zwijndrecht,11056,2020-07-02,0,85
Zwijndrecht,11056,2020-07-03,0,85
Zwijndrecht,11056,2020-07-04,0,85
Zwijndrecht,11056,2020-07-07,0,85
Zwijndrecht,11056,2020-07-08,0,85
Zwijndrecht,11056,2020-07-09,0,85
Zwijndrecht,11056,2020-07-10,0,85
Zwijndrecht,11056,2020-07-11,0,85
Zwijndrecht,11056,2020-07-14,0,85
Zwijndrecht,11056,2020-07-15,0,85
Zwijndrecht,11056,2020-07-16,1,86
Zwijndrecht,11056,2020-07-17,0,86
Zwijndrecht,11056,2020-07-18,0,86
Zwijndrecht,11056,2020-07-20,2,88
Zwijndrecht,11056,2020-07-21,5,93
Zwijndrecht,11056,2020-07-22,0,93
Zwijndrecht,11056,2020-07-23,1,94
Zwijndrecht,11056,2020-07-24,0,94
Zwijndrecht,11056,2020-07-25,2,96
Zwijndrecht,11056,2020-07-26,3,99
Zwijndrecht,11056,2020-07-27,1,100
Zwijndrecht,11056,2020-07-28,1,101
Zwijndrecht,11056,2020-07-29,1,102
Zwijndrecht,11056,2020-07-30,1,103
Zwijndrecht,11056,2020-07-31,3,106
Zwijndrecht,11056,2020-08-01,4,110
Zwijndrecht,11056,2020-08-02,2,112
Zwijndrecht,11056,2020-08-03,0,112
Zwijndrecht,11056,2020-08-04,1,113
Zwijndrecht,11056,2020-08-05,0,113
Zwijndrecht,11056,2020-08-06,1,114
Zwijndrecht,11056,2020-08-07,2,116
Zwijndrecht,11056,2020-08-08,3,119
Zwijndrecht,11056,2020-08-09,1,120
Zwijndrecht,11056,2020-08-10,2,122
Zwijndrecht,11056,2020-08-11,0,122
Zwijndrecht,11056,2020-08-12,2,124
Zwijndrecht,11056,2020-08-13,2,126
Zwijndrecht,11056,2020-08-14,3,129
Zwijndrecht,11056,2020-08-15,1,130
Zwijndrecht,11056,2020-08-16,5,135
Zwijndrecht,11056,2020-08-17,0,135
Zwijndrecht,11056,2020-08-18,0,135
Zwijndrecht,11056,2020-08-19,0,135
Zwijndrecht,11056,2020-08-20,0,135
Zwijndrecht,11056,2020-08-21,0,135
Zwijndrecht,11056,2020-08-22,0,135
Zwijndrecht,11056,2020-08-23,4,139
Zwijndrecht,11056,2020-08-24,1,140
Zwijndrecht,11056,2020-08-25,1,141
Zwijndrecht,11056,2020-08-26,1,142
Zwijndrecht,11056,2020-08-27,1,143
Zwijndrecht,11056,2020-08-28,2,145
Zwijndrecht,11056,2020-08-29,1,146
Zwijndrecht,11056,2020-08-30,0,146
Zwijndrecht,11056,2020-08-31,0,146
Zwijndrecht,11056,2020-09-01,2,148
Zwijndrecht,11056,2020-09-02,0,148
Zwijndrecht,11056,2020-09-03,0,148
Zwijndrecht,11056,2020-09-04,0,148
Zwijndrecht,11056,2020-09-05,3,151
Zwijndrecht,11056,2020-09-06,0,151
Zwijndrecht,11056,2020-09-07,0,151
Zwijndrecht,11056,2020-09-08,5,156
Zwijndrecht,11056,2020-09-09,0,156
Zwijndrecht,11056,2020-09-10,1,157
Zwijndrecht,11056,2020-09-11,3,160
Zwijndrecht,11056,2020-09-12,2,162
Zwijndrecht,11056,2020-09-13,0,162
Zwijndrecht,11056,2020-09-14,5,167
Zwijndrecht,11056,2020-09-15,1,168
Zwijndrecht,11056,2020-09-16,0,168
Zwijndrecht,11056,2020-09-17,3,171
Zwijndrecht,11056,2020-09-18,3,174
Zwijndrecht,11056,2020-09-19,7,181
Zwijndrecht,11056,2020-09-20,-1,180
Zwijndrecht,11056,2020-09-21,5,185
Zwijndrecht,11056,2020-09-22,3,188
Zwijndrecht,11056,2020-09-23,0,188
Zwijndrecht,11056,2020-09-24,3,191
Zwijndrecht,11056,2020-09-25,4,195
Zwijndrecht,11056,2020-09-26,2,197
Zwijndrecht,11056,2020-09-27,5,202
Zwijndrecht,11056,2020-09-28,5,207
Zwijndrecht,11056,2020-09-29,3,210
Zwijndrecht,11056,2020-09-30,2,212
Zwijndrecht,11056,2020-10-01,6,218
Zwijndrecht,11056,2020-10-02,2,220
Zwijndrecht,11056,2020-10-03,4,224
Zwijndrecht,11056,2020-10-04,7,231
Zwijndrecht,11056,2020-10-05,3,234
Zwijndrecht,11056,2020-10-06,1,235
Zwijndrecht,11056,2020-10-07,2,237
Zwijndrecht,11056,2020-10-08,2,239
Zwijndrecht,11056,2020-10-09,3,242
Zwijndrecht,11056,2020-10-10,5,247
Zwijndrecht,11056,2020-10-11,5,252
Zwijndrecht,11056,2020-10-12,4,256
Zwijndrecht,11056,2020-10-13,5,261
Zwijndrecht,11056,2020-10-14,2,263
Zwijndrecht,11056,2020-10-15,11,274
Zwijndrecht,11056,2020-10-16,5,279
Zwijndrecht,11056,2020-10-17,15,294
Zwijndrecht,11056,2020-10-18,8,302
Zwijndrecht,11056,2020-10-19,5,307
Zwijndrecht,11056,2020-10-20,8,315
Zwijndrecht,11056,2020-10-21,11,326
Zwijndrecht,11056,2020-10-22,19,345
Zwijndrecht,11056,2020-10-23,13,358
Zwijndrecht,11056,2020-10-24,20,378
Zwijndrecht,11056,2020-10-25,20,398
Zwijndrecht,11056,2020-10-26,14,412
Zwijndrecht,11056,2020-10-27,24,436
Zwijndrecht,11056,2020-10-28,12,448
Zwijndrecht,11056,2020-10-29,20,468
Zwijndrecht,11056,2020-10-30,43,511
Zwijndrecht,11056,2020-10-31,15,526
Zwijndrecht,11056,2020-11-01,15,541
Zwijndrecht,11056,2020-11-02,10,551
Zwijndrecht,11056,2020-11-03,7,558
Zwijndrecht,11056,2020-11-04,4,562
Zwijndrecht,11056,2020-11-05,24,586
Zwijndrecht,11056,2020-11-06,9,595
Zwijndrecht,11056,2020-11-07,10,605
Zwijndrecht,11056,2020-11-08,6,611
Zwijndrecht,11056,2020-11-09,13,624
Zwijndrecht,11056,2020-11-10,3,627
Zwijndrecht,11056,2020-11-11,5,632
Malle,11057,2020-04-01,2,11
Malle,11057,2020-04-02,0,11
Malle,11057,2020-04-03,7,18
Malle,11057,2020-04-04,0,18
Malle,11057,2020-04-05,1,19
Malle,11057,2020-04-06,2,21
Malle,11057,2020-04-07,0,21
Malle,11057,2020-04-08,0,21
Malle,11057,2020-04-09,0,21
Malle,11057,2020-04-10,0,21
Malle,11057,2020-04-11,0,21
Malle,11057,2020-04-12,1,22
Malle,11057,2020-04-13,0,22
Malle,11057,2020-04-14,0,22
Malle,11057,2020-04-15,1,23
Malle,11057,2020-04-16,0,23
Malle,11057,2020-04-17,0,23
Malle,11057,2020-04-18,0,23
Malle,11057,2020-04-19,1,24
Malle,11057,2020-04-20,1,25
Malle,11057,2020-04-21,1,26
Malle,11057,2020-04-22,0,26
Malle,11057,2020-04-23,0,26
Malle,11057,2020-04-24,0,26
Malle,11057,2020-04-25,0,26
Malle,11057,2020-04-26,0,26
Malle,11057,2020-04-27,0,26
Malle,11057,2020-04-28,0,26
Malle,11057,2020-04-29,1,27
Malle,11057,2020-04-30,0,27
Malle,11057,2020-05-01,0,27
Malle,11057,2020-05-02,0,27
Malle,11057,2020-05-03,0,27
Malle,11057,2020-05-04,0,27
Malle,11057,2020-05-05,0,27
Malle,11057,2020-05-06,1,28
Malle,11057,2020-05-07,3,31
Malle,11057,2020-05-08,3,34
Malle,11057,2020-05-09,2,36
Malle,11057,2020-05-10,0,36
Malle,11057,2020-05-11,1,37
Malle,11057,2020-05-12,0,37
Malle,11057,2020-05-13,0,37
Malle,11057,2020-05-14,1,38
Malle,11057,2020-05-15,0,38
Malle,11057,2020-05-16,0,38
Malle,11057,2020-05-17,1,39
Malle,11057,2020-05-18,2,41
Malle,11057,2020-05-19,0,41
Malle,11057,2020-05-20,0,41
Malle,11057,2020-05-21,0,41
Malle,11057,2020-05-22,2,43
Malle,11057,2020-05-23,0,43
Malle,11057,2020-05-24,1,44
Malle,11057,2020-05-25,0,44
Malle,11057,2020-05-26,0,44
Malle,11057,2020-05-27,1,45
Malle,11057,2020-05-28,0,45
Malle,11057,2020-05-29,0,45
Malle,11057,2020-05-30,0,45
Malle,11057,2020-05-31,0,45
Malle,11057,2020-06-01,0,45
Malle,11057,2020-06-02,0,45
Malle,11057,2020-06-03,0,45
Malle,11057,2020-06-04,0,45
Malle,11057,2020-06-05,0,45
Malle,11057,2020-06-06,1,46
Malle,11057,2020-06-07,0,46
Malle,11057,2020-06-08,0,46
Malle,11057,2020-06-09,0,46
Malle,11057,2020-06-10,0,46
Malle,11057,2020-06-11,1,47
Malle,11057,2020-06-12,0,47
Malle,11057,2020-06-13,0,47
Malle,11057,2020-06-14,0,47
Malle,11057,2020-06-15,0,47
Malle,11057,2020-06-16,0,47
Malle,11057,2020-06-17,0,47
Malle,11057,2020-06-18,0,47
Malle,11057,2020-06-19,0,47
Malle,11057,2020-06-20,0,47
Malle,11057,2020-06-23,0,47
Malle,11057,2020-06-24,0,47
Malle,11057,2020-06-25,0,47
Malle,11057,2020-06-26,0,47
Malle,11057,2020-06-27,0,47
Malle,11057,2020-06-30,1,48
Malle,11057,2020-07-01,0,48
Malle,11057,2020-07-02,1,49
Malle,11057,2020-07-03,0,49
Malle,11057,2020-07-04,0,49
Malle,11057,2020-07-07,1,50
Malle,11057,2020-07-08,0,50
Malle,11057,2020-07-09,0,50
Malle,11057,2020-07-10,0,50
Malle,11057,2020-07-11,0,50
Malle,11057,2020-07-14,0,50
Malle,11057,2020-07-15,0,50
Malle,11057,2020-07-16,0,50
Malle,11057,2020-07-17,0,50
Malle,11057,2020-07-18,0,50
Malle,11057,2020-07-20,1,51
Malle,11057,2020-07-21,0,51
Malle,11057,2020-07-22,0,51
Malle,11057,2020-07-23,3,54
Malle,11057,2020-07-24,0,54
Malle,11057,2020-07-25,0,54
Malle,11057,2020-07-26,2,56
Malle,11057,2020-07-27,0,56
Malle,11057,2020-07-28,0,56
Malle,11057,2020-07-29,2,58
Malle,11057,2020-07-30,0,58
Malle,11057,2020-07-31,0,58
Malle,11057,2020-08-01,0,58
Malle,11057,2020-08-02,0,58
Malle,11057,2020-08-03,1,59
Malle,11057,2020-08-04,2,61
Malle,11057,2020-08-05,0,61
Malle,11057,2020-08-06,1,62
Malle,11057,2020-08-07,4,66
Malle,11057,2020-08-08,1,67
Malle,11057,2020-08-09,0,67
Malle,11057,2020-08-10,1,68
Malle,11057,2020-08-11,0,68
Malle,11057,2020-08-12,0,68
Malle,11057,2020-08-13,1,69
Malle,11057,2020-08-14,0,69
Malle,11057,2020-08-15,1,70
Malle,11057,2020-08-16,0,70
Malle,11057,2020-08-17,1,71
Malle,11057,2020-08-18,0,71
Malle,11057,2020-08-19,0,71
Malle,11057,2020-08-20,1,72
Malle,11057,2020-08-21,0,72
Malle,11057,2020-08-22,0,72
Malle,11057,2020-08-23,0,72
Malle,11057,2020-08-24,0,72
Malle,11057,2020-08-25,0,72
Malle,11057,2020-08-26,0,72
Malle,11057,2020-08-27,0,72
Malle,11057,2020-08-28,0,72
Malle,11057,2020-08-29,0,72
Malle,11057,2020-08-30,0,72
Malle,11057,2020-08-31,0,72
Malle,11057,2020-09-01,0,72
Malle,11057,2020-09-02,0,72
Malle,11057,2020-09-03,2,74
Malle,11057,2020-09-04,1,75
Malle,11057,2020-09-05,0,75
Malle,11057,2020-09-06,0,75
Malle,11057,2020-09-07,0,75
Malle,11057,2020-09-08,0,75
Malle,11057,2020-09-09,0,75
Malle,11057,2020-09-10,0,75
Malle,11057,2020-09-11,0,75
Malle,11057,2020-09-12,0,75
Malle,11057,2020-09-13,1,76
Malle,11057,2020-09-14,0,76
Malle,11057,2020-09-15,1,77
Malle,11057,2020-09-16,0,77
Malle,11057,2020-09-17,2,79
Malle,11057,2020-09-18,0,79
Malle,11057,2020-09-19,5,84
Malle,11057,2020-09-20,-2,82
Malle,11057,2020-09-21,3,85
Malle,11057,2020-09-22,5,90
Malle,11057,2020-09-23,0,90
Malle,11057,2020-09-24,1,91
Malle,11057,2020-09-25,2,93
Malle,11057,2020-09-26,1,94
Malle,11057,2020-09-27,1,95
Malle,11057,2020-09-28,0,95
Malle,11057,2020-09-29,0,95
Malle,11057,2020-09-30,0,95
Malle,11057,2020-10-01,0,95
Malle,11057,2020-10-02,1,96
Malle,11057,2020-10-03,0,96
Malle,11057,2020-10-04,1,97
Malle,11057,2020-10-05,1,98
Malle,11057,2020-10-06,0,98
Malle,11057,2020-10-07,0,98
Malle,11057,2020-10-08,1,99
Malle,11057,2020-10-09,7,106
Malle,11057,2020-10-10,1,107
Malle,11057,2020-10-11,4,111
Malle,11057,2020-10-12,2,113
Malle,11057,2020-10-13,3,116
Malle,11057,2020-10-14,3,119
Malle,11057,2020-10-15,1,120
Malle,11057,2020-10-16,9,129
Malle,11057,2020-10-17,6,135
Malle,11057,2020-10-18,3,138
Malle,11057,2020-10-19,7,145
Malle,11057,2020-10-20,13,158
Malle,11057,2020-10-21,1,159
Malle,11057,2020-10-22,6,165
Malle,11057,2020-10-23,6,171
Malle,11057,2020-10-24,12,183
Malle,11057,2020-10-25,16,199
Malle,11057,2020-10-26,11,210
Malle,11057,2020-10-27,13,223
Malle,11057,2020-10-28,19,242
Malle,11057,2020-10-29,20,262
Malle,11057,2020-10-30,8,270
Malle,11057,2020-10-31,17,287
Malle,11057,2020-11-01,12,299
Malle,11057,2020-11-02,19,318
Malle,11057,2020-11-03,7,325
Malle,11057,2020-11-04,1,326
Malle,11057,2020-11-05,25,351
Malle,11057,2020-11-06,12,363
Malle,11057,2020-11-07,9,372
Malle,11057,2020-11-08,4,376
Malle,11057,2020-11-09,12,388
Malle,11057,2020-11-10,1,389
Malle,11057,2020-11-11,3,392
Berlaar,12002,2020-04-01,3,21
Berlaar,12002,2020-04-02,1,22
Berlaar,12002,2020-04-03,0,22
Berlaar,12002,2020-04-04,3,25
Berlaar,12002,2020-04-05,1,26
Berlaar,12002,2020-04-06,1,27
Berlaar,12002,2020-04-07,0,27
Berlaar,12002,2020-04-08,0,27
Berlaar,12002,2020-04-09,1,28
Berlaar,12002,2020-04-10,1,29
Berlaar,12002,2020-04-11,2,31
Berlaar,12002,2020-04-12,0,31
Berlaar,12002,2020-04-13,0,31
Berlaar,12002,2020-04-14,0,31
Berlaar,12002,2020-04-15,0,31
Berlaar,12002,2020-04-16,1,32
Berlaar,12002,2020-04-17,2,34
Berlaar,12002,2020-04-18,1,35
Berlaar,12002,2020-04-19,0,35
Berlaar,12002,2020-04-20,0,35
Berlaar,12002,2020-04-21,1,36
Berlaar,12002,2020-04-22,0,36
Berlaar,12002,2020-04-23,0,36
Berlaar,12002,2020-04-24,0,36
Berlaar,12002,2020-04-25,1,37
Berlaar,12002,2020-04-26,0,37
Berlaar,12002,2020-04-27,1,38
Berlaar,12002,2020-04-28,0,38
Berlaar,12002,2020-04-29,1,39
Berlaar,12002,2020-04-30,0,39
Berlaar,12002,2020-05-01,0,39
Berlaar,12002,2020-05-02,2,41
Berlaar,12002,2020-05-03,0,41
Berlaar,12002,2020-05-04,0,41
Berlaar,12002,2020-05-05,0,41
Berlaar,12002,2020-05-06,0,41
Berlaar,12002,2020-05-07,0,41
Berlaar,12002,2020-05-08,0,41
Berlaar,12002,2020-05-09,0,41
Berlaar,12002,2020-05-10,0,41
Berlaar,12002,2020-05-11,0,41
Berlaar,12002,2020-05-12,1,42
Berlaar,12002,2020-05-13,0,42
Berlaar,12002,2020-05-14,0,42
Berlaar,12002,2020-05-15,0,42
Berlaar,12002,2020-05-16,0,42
Berlaar,12002,2020-05-17,0,42
Berlaar,12002,2020-05-18,0,42
Berlaar,12002,2020-05-19,0,42
Berlaar,12002,2020-05-20,0,42
Berlaar,12002,2020-05-21,0,42
Berlaar,12002,2020-05-22,1,43
Berlaar,12002,2020-05-23,0,43
Berlaar,12002,2020-05-24,0,43
Berlaar,12002,2020-05-25,1,44
Berlaar,12002,2020-05-26,1,45
Berlaar,12002,2020-05-27,0,45
Berlaar,12002,2020-05-28,0,45
Berlaar,12002,2020-05-29,0,45
Berlaar,12002,2020-05-30,0,45
Berlaar,12002,2020-05-31,0,45
Berlaar,12002,2020-06-01,0,45
Berlaar,12002,2020-06-02,0,45
Berlaar,12002,2020-06-03,0,45
Berlaar,12002,2020-06-04,0,45
Berlaar,12002,2020-06-05,0,45
Berlaar,12002,2020-06-06,0,45
Berlaar,12002,2020-06-07,0,45
Berlaar,12002,2020-06-08,0,45
Berlaar,12002,2020-06-09,0,45
Berlaar,12002,2020-06-10,0,45
Berlaar,12002,2020-06-11,0,45
Berlaar,12002,2020-06-12,1,46
Berlaar,12002,2020-06-13,0,46
Berlaar,12002,2020-06-14,0,46
Berlaar,12002,2020-06-15,0,46
Berlaar,12002,2020-06-16,0,46
Berlaar,12002,2020-06-17,0,46
Berlaar,12002,2020-06-18,0,46
Berlaar,12002,2020-06-19,0,46
Berlaar,12002,2020-06-20,0,46
Berlaar,12002,2020-06-23,0,46
Berlaar,12002,2020-06-24,0,46
Berlaar,12002,2020-06-25,0,46
Berlaar,12002,2020-06-26,0,46
Berlaar,12002,2020-06-27,0,46
Berlaar,12002,2020-06-30,1,47
Berlaar,12002,2020-07-01,0,47
Berlaar,12002,2020-07-02,0,47
Berlaar,12002,2020-07-03,0,47
Berlaar,12002,2020-07-04,0,47
Berlaar,12002,2020-07-07,0,47
Berlaar,12002,2020-07-08,0,47
Berlaar,12002,2020-07-09,0,47
Berlaar,12002,2020-07-10,0,47
Berlaar,12002,2020-07-11,0,47
Berlaar,12002,2020-07-14,0,47
Berlaar,12002,2020-07-15,0,47
Berlaar,12002,2020-07-16,2,49
Berlaar,12002,2020-07-17,0,49
Berlaar,12002,2020-07-18,0,49
Berlaar,12002,2020-07-20,0,49
Berlaar,12002,2020-07-21,0,49
Berlaar,12002,2020-07-22,0,49
Berlaar,12002,2020-07-23,0,49
Berlaar,12002,2020-07-24,0,49
Berlaar,12002,2020-07-25,0,49
Berlaar,12002,2020-07-26,0,49
Berlaar,12002,2020-07-27,0,49
Berlaar,12002,2020-07-28,0,49
Berlaar,12002,2020-07-29,0,49
Berlaar,12002,2020-07-30,0,49
Berlaar,12002,2020-07-31,0,49
Berlaar,12002,2020-08-01,0,49
Berlaar,12002,2020-08-02,0,49
Berlaar,12002,2020-08-03,1,50
Berlaar,12002,2020-08-04,1,51
Berlaar,12002,2020-08-05,0,51
Berlaar,12002,2020-08-06,0,51
Berlaar,12002,2020-08-07,0,51
Berlaar,12002,2020-08-08,0,51
Berlaar,12002,2020-08-09,0,51
Berlaar,12002,2020-08-10,0,51
Berlaar,12002,2020-08-11,1,52
Berlaar,12002,2020-08-12,1,53
Berlaar,12002,2020-08-13,0,53
Berlaar,12002,2020-08-14,0,53
Berlaar,12002,2020-08-15,0,53
Berlaar,12002,2020-08-16,0,53
Berlaar,12002,2020-08-17,0,53
Berlaar,12002,2020-08-18,0,53
Berlaar,12002,2020-08-19,0,53
Berlaar,12002,2020-08-20,0,53
Berlaar,12002,2020-08-21,0,53
Berlaar,12002,2020-08-22,0,53
Berlaar,12002,2020-08-23,0,53
Berlaar,12002,2020-08-24,0,53
Berlaar,12002,2020-08-25,0,53
Berlaar,12002,2020-08-26,1,54
Berlaar,12002,2020-08-27,0,54
Berlaar,12002,2020-08-28,1,55
Berlaar,12002,2020-08-29,0,55
Berlaar,12002,2020-08-30,0,55
Berlaar,12002,2020-08-31,0,55
Berlaar,12002,2020-09-01,0,55
Berlaar,12002,2020-09-02,0,55
Berlaar,12002,2020-09-03,2,57
Berlaar,12002,2020-09-04,0,57
Berlaar,12002,2020-09-05,0,57
Berlaar,12002,2020-09-06,0,57
Berlaar,12002,2020-09-07,0,57
Berlaar,12002,2020-09-08,0,57
Berlaar,12002,2020-09-09,0,57
Berlaar,12002,2020-09-10,0,57
Berlaar,12002,2020-09-11,0,57
Berlaar,12002,2020-09-12,0,57
Berlaar,12002,2020-09-13,0,57
Berlaar,12002,2020-09-14,0,57
Berlaar,12002,2020-09-15,0,57
Berlaar,12002,2020-09-16,0,57
Berlaar,12002,2020-09-17,4,61
Berlaar,12002,2020-09-18,0,61
Berlaar,12002,2020-09-19,0,61
Berlaar,12002,2020-09-20,0,61
Berlaar,12002,2020-09-21,0,61
Berlaar,12002,2020-09-22,0,61
Berlaar,12002,2020-09-23,0,61
Berlaar,12002,2020-09-24,0,61
Berlaar,12002,2020-09-25,2,63
Berlaar,12002,2020-09-26,1,64
Berlaar,12002,2020-09-27,1,65
Berlaar,12002,2020-09-28,0,65
Berlaar,12002,2020-09-29,0,65
Berlaar,12002,2020-09-30,0,65
Berlaar,12002,2020-10-01,0,65
Berlaar,12002,2020-10-02,4,69
Berlaar,12002,2020-10-03,0,69
Berlaar,12002,2020-10-04,0,69
Berlaar,12002,2020-10-05,0,69
Berlaar,12002,2020-10-06,0,69
Berlaar,12002,2020-10-07,1,70
Berlaar,12002,2020-10-08,1,71
Berlaar,12002,2020-10-09,0,71
Berlaar,12002,2020-10-10,2,73
Berlaar,12002,2020-10-11,2,75
Berlaar,12002,2020-10-12,2,77
Berlaar,12002,2020-10-13,0,77
Berlaar,12002,2020-10-14,0,77
Berlaar,12002,2020-10-15,1,78
Berlaar,12002,2020-10-16,3,81
Berlaar,12002,2020-10-17,2,83
Berlaar,12002,2020-10-18,3,86
Berlaar,12002,2020-10-19,5,91
Berlaar,12002,2020-10-20,2,93
Berlaar,12002,2020-10-21,3,96
Berlaar,12002,2020-10-22,3,99
Berlaar,12002,2020-10-23,6,105
Berlaar,12002,2020-10-24,6,111
Berlaar,12002,2020-10-25,6,117
Berlaar,12002,2020-10-26,9,126
Berlaar,12002,2020-10-27,5,131
Berlaar,12002,2020-10-28,8,139
Berlaar,12002,2020-10-29,16,155
Berlaar,12002,2020-10-30,5,160
Berlaar,12002,2020-10-31,15,175
Berlaar,12002,2020-11-01,3,178
Berlaar,12002,2020-11-02,15,193
Berlaar,12002,2020-11-03,2,195
Berlaar,12002,2020-11-04,1,196
Berlaar,12002,2020-11-05,7,203
Berlaar,12002,2020-11-06,6,209
Berlaar,12002,2020-11-07,5,214
Berlaar,12002,2020-11-08,3,217
Berlaar,12002,2020-11-09,0,217
Berlaar,12002,2020-11-10,0,217
Berlaar,12002,2020-11-11,0,217
Bonheiden,12005,2020-04-01,1,17
Bonheiden,12005,2020-04-02,0,17
Bonheiden,12005,2020-04-03,0,17
Bonheiden,12005,2020-04-04,0,17
Bonheiden,12005,2020-04-05,1,18
Bonheiden,12005,2020-04-06,2,20
Bonheiden,12005,2020-04-07,0,20
Bonheiden,12005,2020-04-08,1,21
Bonheiden,12005,2020-04-09,0,21
Bonheiden,12005,2020-04-10,0,21
Bonheiden,12005,2020-04-11,0,21
Bonheiden,12005,2020-04-12,0,21
Bonheiden,12005,2020-04-13,0,21
Bonheiden,12005,2020-04-14,0,21
Bonheiden,12005,2020-04-15,1,22
Bonheiden,12005,2020-04-16,0,22
Bonheiden,12005,2020-04-17,0,22
Bonheiden,12005,2020-04-18,0,22
Bonheiden,12005,2020-04-19,0,22
Bonheiden,12005,2020-04-20,1,23
Bonheiden,12005,2020-04-21,0,23
Bonheiden,12005,2020-04-22,2,25
Bonheiden,12005,2020-04-23,0,25
Bonheiden,12005,2020-04-24,0,25
Bonheiden,12005,2020-04-25,0,25
Bonheiden,12005,2020-04-26,0,25
Bonheiden,12005,2020-04-27,0,25
Bonheiden,12005,2020-04-28,0,25
Bonheiden,12005,2020-04-29,0,25
Bonheiden,12005,2020-04-30,0,25
Bonheiden,12005,2020-05-01,0,25
Bonheiden,12005,2020-05-02,0,25
Bonheiden,12005,2020-05-03,0,25
Bonheiden,12005,2020-05-04,0,25
Bonheiden,12005,2020-05-05,0,25
Bonheiden,12005,2020-05-06,0,25
Bonheiden,12005,2020-05-07,0,25
Bonheiden,12005,2020-05-08,0,25
Bonheiden,12005,2020-05-09,0,25
Bonheiden,12005,2020-05-10,1,26
Bonheiden,12005,2020-05-11,1,27
Bonheiden,12005,2020-05-12,0,27
Bonheiden,12005,2020-05-13,1,28
Bonheiden,12005,2020-05-14,0,28
Bonheiden,12005,2020-05-15,1,29
Bonheiden,12005,2020-05-16,0,29
Bonheiden,12005,2020-05-17,0,29
Bonheiden,12005,2020-05-18,0,29
Bonheiden,12005,2020-05-19,0,29
Bonheiden,12005,2020-05-20,1,30
Bonheiden,12005,2020-05-21,0,30
Bonheiden,12005,2020-05-22,1,31
Bonheiden,12005,2020-05-23,0,31
Bonheiden,12005,2020-05-24,0,31
Bonheiden,12005,2020-05-25,0,31
Bonheiden,12005,2020-05-26,0,31
Bonheiden,12005,2020-05-27,0,31
Bonheiden,12005,2020-05-28,0,31
Bonheiden,12005,2020-05-29,0,31
Bonheiden,12005,2020-05-30,0,31
Bonheiden,12005,2020-05-31,0,31
Bonheiden,12005,2020-06-01,0,31
Bonheiden,12005,2020-06-02,0,31
Bonheiden,12005,2020-06-03,0,31
Bonheiden,12005,2020-06-04,0,31
Bonheiden,12005,2020-06-05,0,31
Bonheiden,12005,2020-06-06,0,31
Bonheiden,12005,2020-06-07,0,31
Bonheiden,12005,2020-06-08,0,31
Bonheiden,12005,2020-06-09,0,31
Bonheiden,12005,2020-06-10,0,31
Bonheiden,12005,2020-06-11,0,31
Bonheiden,12005,2020-06-12,0,31
Bonheiden,12005,2020-06-13,0,31
Bonheiden,12005,2020-06-14,0,31
Bonheiden,12005,2020-06-15,0,31
Bonheiden,12005,2020-06-16,0,31
Bonheiden,12005,2020-06-17,0,31
Bonheiden,12005,2020-06-18,0,31
Bonheiden,12005,2020-06-19,0,31
Bonheiden,12005,2020-06-20,0,31
Bonheiden,12005,2020-06-23,0,31
Bonheiden,12005,2020-06-24,0,31
Bonheiden,12005,2020-06-25,0,31
Bonheiden,12005,2020-06-26,1,32
Bonheiden,12005,2020-06-27,0,32
Bonheiden,12005,2020-06-30,3,35
Bonheiden,12005,2020-07-01,1,36
Bonheiden,12005,2020-07-02,0,36
Bonheiden,12005,2020-07-03,0,36
Bonheiden,12005,2020-07-04,0,36
Bonheiden,12005,2020-07-07,0,36
Bonheiden,12005,2020-07-08,0,36
Bonheiden,12005,2020-07-09,0,36
Bonheiden,12005,2020-07-10,0,36
Bonheiden,12005,2020-07-11,0,36
Bonheiden,12005,2020-07-14,0,36
Bonheiden,12005,2020-07-15,0,36
Bonheiden,12005,2020-07-16,0,36
Bonheiden,12005,2020-07-17,0,36
Bonheiden,12005,2020-07-18,0,36
Bonheiden,12005,2020-07-20,1,37
Bonheiden,12005,2020-07-21,0,37
Bonheiden,12005,2020-07-22,0,37
Bonheiden,12005,2020-07-23,0,37
Bonheiden,12005,2020-07-24,0,37
Bonheiden,12005,2020-07-25,0,37
Bonheiden,12005,2020-07-26,0,37
Bonheiden,12005,2020-07-27,0,37
Bonheiden,12005,2020-07-28,0,37
Bonheiden,12005,2020-07-29,0,37
Bonheiden,12005,2020-07-30,0,37
Bonheiden,12005,2020-07-31,0,37
Bonheiden,12005,2020-08-01,0,37
Bonheiden,12005,2020-08-02,0,37
Bonheiden,12005,2020-08-03,0,37
Bonheiden,12005,2020-08-04,0,37
Bonheiden,12005,2020-08-05,0,37
Bonheiden,12005,2020-08-06,0,37
Bonheiden,12005,2020-08-07,0,37
Bonheiden,12005,2020-08-08,2,39
Bonheiden,12005,2020-08-09,0,39
Bonheiden,12005,2020-08-10,0,39
Bonheiden,12005,2020-08-11,1,40
Bonheiden,12005,2020-08-12,0,40
Bonheiden,12005,2020-08-13,1,41
Bonheiden,12005,2020-08-14,1,42
Bonheiden,12005,2020-08-15,0,42
Bonheiden,12005,2020-08-16,1,43
Bonheiden,12005,2020-08-17,0,43
Bonheiden,12005,2020-08-18,0,43
Bonheiden,12005,2020-08-19,0,43
Bonheiden,12005,2020-08-20,0,43
Bonheiden,12005,2020-08-21,0,43
Bonheiden,12005,2020-08-22,1,44
Bonheiden,12005,2020-08-23,1,45
Bonheiden,12005,2020-08-24,0,45
Bonheiden,12005,2020-08-25,0,45
Bonheiden,12005,2020-08-26,0,45
Bonheiden,12005,2020-08-27,0,45
Bonheiden,12005,2020-08-28,0,45
Bonheiden,12005,2020-08-29,2,47
Bonheiden,12005,2020-08-30,0,47
Bonheiden,12005,2020-08-31,0,47
Bonheiden,12005,2020-09-01,0,47
Bonheiden,12005,2020-09-02,0,47
Bonheiden,12005,2020-09-03,0,47
Bonheiden,12005,2020-09-04,0,47
Bonheiden,12005,2020-09-05,0,47
Bonheiden,12005,2020-09-06,1,48
Bonheiden,12005,2020-09-07,0,48
Bonheiden,12005,2020-09-08,0,48
Bonheiden,12005,2020-09-09,0,48
Bonheiden,12005,2020-09-10,0,48
Bonheiden,12005,2020-09-11,2,50
Bonheiden,12005,2020-09-12,0,50
Bonheiden,12005,2020-09-13,1,51
Bonheiden,12005,2020-09-14,0,51
Bonheiden,12005,2020-09-15,3,54
Bonheiden,12005,2020-09-16,0,54
Bonheiden,12005,2020-09-17,0,54
Bonheiden,12005,2020-09-18,1,55
Bonheiden,12005,2020-09-19,2,57
Bonheiden,12005,2020-09-20,1,58
Bonheiden,12005,2020-09-21,2,60
Bonheiden,12005,2020-09-22,0,60
Bonheiden,12005,2020-09-23,0,60
Bonheiden,12005,2020-09-24,0,60
Bonheiden,12005,2020-09-25,1,61
Bonheiden,12005,2020-09-26,1,62
Bonheiden,12005,2020-09-27,1,63
Bonheiden,12005,2020-09-28,2,65
Bonheiden,12005,2020-09-29,1,66
Bonheiden,12005,2020-09-30,0,66
Bonheiden,12005,2020-10-01,0,66
Bonheiden,12005,2020-10-02,0,66
Bonheiden,12005,2020-10-03,2,68
Bonheiden,12005,2020-10-04,2,70
Bonheiden,12005,2020-10-05,1,71
Bonheiden,12005,2020-10-06,0,71
Bonheiden,12005,2020-10-07,2,73
Bonheiden,12005,2020-10-08,2,75
Bonheiden,12005,2020-10-09,6,81
Bonheiden,12005,2020-10-10,6,87
Bonheiden,12005,2020-10-11,8,95
Bonheiden,12005,2020-10-12,3,98
Bonheiden,12005,2020-10-13,4,102
Bonheiden,12005,2020-10-14,9,111
Bonheiden,12005,2020-10-15,4,115
Bonheiden,12005,2020-10-16,5,120
Bonheiden,12005,2020-10-17,5,125
Bonheiden,12005,2020-10-18,5,130
Bonheiden,12005,2020-10-19,2,132
Bonheiden,12005,2020-10-20,9,141
Bonheiden,12005,2020-10-21,7,148
Bonheiden,12005,2020-10-22,10,158
Bonheiden,12005,2020-10-23,13,171
Bonheiden,12005,2020-10-24,8,179
Bonheiden,12005,2020-10-25,17,196
Bonheiden,12005,2020-10-26,13,209
Bonheiden,12005,2020-10-27,2,211
Bonheiden,12005,2020-10-28,7,218
Bonheiden,12005,2020-10-29,18,236
Bonheiden,12005,2020-10-30,12,248
Bonheiden,12005,2020-10-31,10,258
Bonheiden,12005,2020-11-01,9,267
Bonheiden,12005,2020-11-02,7,274
Bonheiden,12005,2020-11-03,4,278
Bonheiden,12005,2020-11-04,1,279
Bonheiden,12005,2020-11-05,4,283
Bonheiden,12005,2020-11-06,7,290
Bonheiden,12005,2020-11-07,5,295
Bonheiden,12005,2020-11-08,3,298
Bonheiden,12005,2020-11-09,2,300
Bonheiden,12005,2020-11-10,2,302
Bonheiden,12005,2020-11-11,2,304
Bornem,12007,2020-04-01,8,33
Bornem,12007,2020-04-02,1,34
Bornem,12007,2020-04-03,5,39
Bornem,12007,2020-04-04,4,43
Bornem,12007,2020-04-05,4,47
Bornem,12007,2020-04-06,0,47
Bornem,12007,2020-04-07,1,48
Bornem,12007,2020-04-08,1,49
Bornem,12007,2020-04-09,2,51
Bornem,12007,2020-04-10,2,53
Bornem,12007,2020-04-11,0,53
Bornem,12007,2020-04-12,2,55
Bornem,12007,2020-04-13,0,55
Bornem,12007,2020-04-14,0,55
Bornem,12007,2020-04-15,2,57
Bornem,12007,2020-04-16,2,59
Bornem,12007,2020-04-17,2,61
Bornem,12007,2020-04-18,2,63
Bornem,12007,2020-04-19,7,70
Bornem,12007,2020-04-20,4,74
Bornem,12007,2020-04-21,0,74
Bornem,12007,2020-04-22,0,74
Bornem,12007,2020-04-23,0,74
Bornem,12007,2020-04-24,0,74
Bornem,12007,2020-04-25,2,76
Bornem,12007,2020-04-26,0,76
Bornem,12007,2020-04-27,0,76
Bornem,12007,2020-04-28,0,76
Bornem,12007,2020-04-29,1,77
Bornem,12007,2020-04-30,2,79
Bornem,12007,2020-05-01,1,80
Bornem,12007,2020-05-02,1,81
Bornem,12007,2020-05-03,0,81
Bornem,12007,2020-05-04,1,82
Bornem,12007,2020-05-05,0,82
Bornem,12007,2020-05-06,0,82
Bornem,12007,2020-05-07,3,85
Bornem,12007,2020-05-08,1,86
Bornem,12007,2020-05-09,1,87
Bornem,12007,2020-05-10,1,88
Bornem,12007,2020-05-11,0,88
Bornem,12007,2020-05-12,0,88
Bornem,12007,2020-05-13,0,88
Bornem,12007,2020-05-14,0,88
Bornem,12007,2020-05-15,1,89
Bornem,12007,2020-05-16,1,90
Bornem,12007,2020-05-17,0,90
Bornem,12007,2020-05-18,0,90
Bornem,12007,2020-05-19,0,90
Bornem,12007,2020-05-20,0,90
Bornem,12007,2020-05-21,2,92
Bornem,12007,2020-05-22,1,93
Bornem,12007,2020-05-23,0,93
Bornem,12007,2020-05-24,1,94
Bornem,12007,2020-05-25,0,94
Bornem,12007,2020-05-26,0,94
Bornem,12007,2020-05-27,0,94
Bornem,12007,2020-05-28,1,95
Bornem,12007,2020-05-29,0,95
Bornem,12007,2020-05-30,0,95
Bornem,12007,2020-05-31,0,95
Bornem,12007,2020-06-01,0,95
Bornem,12007,2020-06-02,0,95
Bornem,12007,2020-06-03,0,95
Bornem,12007,2020-06-04,0,95
Bornem,12007,2020-06-05,0,95
Bornem,12007,2020-06-06,0,95
Bornem,12007,2020-06-07,0,95
Bornem,12007,2020-06-08,0,95
Bornem,12007,2020-06-09,0,95
Bornem,12007,2020-06-10,0,95
Bornem,12007,2020-06-11,0,95
Bornem,12007,2020-06-12,0,95
Bornem,12007,2020-06-13,0,95
Bornem,12007,2020-06-14,0,95
Bornem,12007,2020-06-15,0,95
Bornem,12007,2020-06-16,0,95
Bornem,12007,2020-06-17,0,95
Bornem,12007,2020-06-18,0,95
Bornem,12007,2020-06-19,0,95
Bornem,12007,2020-06-20,0,95
Bornem,12007,2020-06-23,0,95
Bornem,12007,2020-06-24,0,95
Bornem,12007,2020-06-25,0,95
Bornem,12007,2020-06-26,0,95
Bornem,12007,2020-06-27,0,95
Bornem,12007,2020-06-30,0,95
Bornem,12007,2020-07-01,0,95
Bornem,12007,2020-07-02,0,95
Bornem,12007,2020-07-03,0,95
Bornem,12007,2020-07-04,0,95
Bornem,12007,2020-07-07,0,95
Bornem,12007,2020-07-08,0,95
Bornem,12007,2020-07-09,0,95
Bornem,12007,2020-07-10,0,95
Bornem,12007,2020-07-11,0,95
Bornem,12007,2020-07-14,0,95
Bornem,12007,2020-07-15,0,95
Bornem,12007,2020-07-16,0,95
Bornem,12007,2020-07-17,0,95
Bornem,12007,2020-07-18,0,95
Bornem,12007,2020-07-20,0,95
Bornem,12007,2020-07-21,0,95
Bornem,12007,2020-07-22,0,95
Bornem,12007,2020-07-23,0,95
Bornem,12007,2020-07-24,1,96
Bornem,12007,2020-07-25,0,96
Bornem,12007,2020-07-26,1,97
Bornem,12007,2020-07-27,1,98
Bornem,12007,2020-07-28,1,99
Bornem,12007,2020-07-29,0,99
Bornem,12007,2020-07-30,0,99
Bornem,12007,2020-07-31,1,100
Bornem,12007,2020-08-01,1,101
Bornem,12007,2020-08-02,0,101
Bornem,12007,2020-08-03,0,101
Bornem,12007,2020-08-04,1,102
Bornem,12007,2020-08-05,0,102
Bornem,12007,2020-08-06,0,102
Bornem,12007,2020-08-07,0,102
Bornem,12007,2020-08-08,1,103
Bornem,12007,2020-08-09,0,103
Bornem,12007,2020-08-10,6,109
Bornem,12007,2020-08-11,0,109
Bornem,12007,2020-08-12,0,109
Bornem,12007,2020-08-13,1,110
Bornem,12007,2020-08-14,3,113
Bornem,12007,2020-08-15,-1,112
Bornem,12007,2020-08-16,0,112
Bornem,12007,2020-08-17,0,112
Bornem,12007,2020-08-18,0,112
Bornem,12007,2020-08-19,0,112
Bornem,12007,2020-08-20,0,112
Bornem,12007,2020-08-21,0,112
Bornem,12007,2020-08-22,0,112
Bornem,12007,2020-08-23,0,112
Bornem,12007,2020-08-24,0,112
Bornem,12007,2020-08-25,0,112
Bornem,12007,2020-08-26,0,112
Bornem,12007,2020-08-27,0,112
Bornem,12007,2020-08-28,0,112
Bornem,12007,2020-08-29,0,112
Bornem,12007,2020-08-30,0,112
Bornem,12007,2020-08-31,0,112
Bornem,12007,2020-09-01,0,112
Bornem,12007,2020-09-02,0,112
Bornem,12007,2020-09-03,0,112
Bornem,12007,2020-09-04,1,113
Bornem,12007,2020-09-05,1,114
Bornem,12007,2020-09-06,0,114
Bornem,12007,2020-09-07,1,115
Bornem,12007,2020-09-08,0,115
Bornem,12007,2020-09-09,1,116
Bornem,12007,2020-09-10,1,117
Bornem,12007,2020-09-11,2,119
Bornem,12007,2020-09-12,0,119
Bornem,12007,2020-09-13,0,119
Bornem,12007,2020-09-14,0,119
Bornem,12007,2020-09-15,1,120
Bornem,12007,2020-09-16,0,120
Bornem,12007,2020-09-17,2,122
Bornem,12007,2020-09-18,2,124
Bornem,12007,2020-09-19,2,126
Bornem,12007,2020-09-20,0,126
Bornem,12007,2020-09-21,5,131
Bornem,12007,2020-09-22,2,133
Bornem,12007,2020-09-23,1,134
Bornem,12007,2020-09-24,5,139
Bornem,12007,2020-09-25,2,141
Bornem,12007,2020-09-26,3,144
Bornem,12007,2020-09-27,5,149
Bornem,12007,2020-09-28,3,152
Bornem,12007,2020-09-29,2,154
Bornem,12007,2020-09-30,2,156
Bornem,12007,2020-10-01,1,157
Bornem,12007,2020-10-02,0,157
Bornem,12007,2020-10-03,4,161
Bornem,12007,2020-10-04,1,162
Bornem,12007,2020-10-05,4,166
Bornem,12007,2020-10-06,0,166
Bornem,12007,2020-10-07,0,166
Bornem,12007,2020-10-08,1,167
Bornem,12007,2020-10-09,8,175
Bornem,12007,2020-10-10,0,175
Bornem,12007,2020-10-11,3,178
Bornem,12007,2020-10-12,3,181
Bornem,12007,2020-10-13,0,181
Bornem,12007,2020-10-14,6,187
Bornem,12007,2020-10-15,5,192
Bornem,12007,2020-10-16,8,200
Bornem,12007,2020-10-17,7,207
Bornem,12007,2020-10-18,6,213
Bornem,12007,2020-10-19,1,214
Bornem,12007,2020-10-20,1,215
Bornem,12007,2020-10-21,7,222
Bornem,12007,2020-10-22,11,233
Bornem,12007,2020-10-23,17,250
Bornem,12007,2020-10-24,20,270
Bornem,12007,2020-10-25,19,289
Bornem,12007,2020-10-26,13,302
Bornem,12007,2020-10-27,18,320
Bornem,12007,2020-10-28,19,339
Bornem,12007,2020-10-29,18,357
Bornem,12007,2020-10-30,42,399
Bornem,12007,2020-10-31,25,424
Bornem,12007,2020-11-01,19,443
Bornem,12007,2020-11-02,14,457
Bornem,12007,2020-11-03,5,462
Bornem,12007,2020-11-04,11,473
Bornem,12007,2020-11-05,19,492
Bornem,12007,2020-11-06,8,500
Bornem,12007,2020-11-07,17,517
Bornem,12007,2020-11-08,13,530
Bornem,12007,2020-11-09,1,531
Bornem,12007,2020-11-10,7,538
Bornem,12007,2020-11-11,7,545
Duffel,12009,2020-04-01,3,20
Duffel,12009,2020-04-02,2,22
Duffel,12009,2020-04-03,1,23
Duffel,12009,2020-04-04,0,23
Duffel,12009,2020-04-05,3,26
Duffel,12009,2020-04-06,1,27
Duffel,12009,2020-04-07,0,27
Duffel,12009,2020-04-08,0,27
Duffel,12009,2020-04-09,3,30
Duffel,12009,2020-04-10,2,32
Duffel,12009,2020-04-11,1,33
Duffel,12009,2020-04-12,1,34
Duffel,12009,2020-04-13,0,34
Duffel,12009,2020-04-14,3,37
Duffel,12009,2020-04-15,6,43
Duffel,12009,2020-04-16,14,57
Duffel,12009,2020-04-17,1,58
Duffel,12009,2020-04-18,1,59
Duffel,12009,2020-04-19,1,60
Duffel,12009,2020-04-20,0,60
Duffel,12009,2020-04-21,1,61
Duffel,12009,2020-04-22,1,62
Duffel,12009,2020-04-23,1,63
Duffel,12009,2020-04-24,2,65
Duffel,12009,2020-04-25,1,66
Duffel,12009,2020-04-26,3,69
Duffel,12009,2020-04-27,0,69
Duffel,12009,2020-04-28,0,69
Duffel,12009,2020-04-29,2,71
Duffel,12009,2020-04-30,0,71
Duffel,12009,2020-05-01,1,72
Duffel,12009,2020-05-02,1,73
Duffel,12009,2020-05-03,0,73
Duffel,12009,2020-05-04,0,73
Duffel,12009,2020-05-05,1,74
Duffel,12009,2020-05-06,0,74
Duffel,12009,2020-05-07,1,75
Duffel,12009,2020-05-08,1,76
Duffel,12009,2020-05-09,0,76
Duffel,12009,2020-05-10,2,78
Duffel,12009,2020-05-11,1,79
Duffel,12009,2020-05-12,0,79
Duffel,12009,2020-05-13,0,79
Duffel,12009,2020-05-14,2,81
Duffel,12009,2020-05-15,2,83
Duffel,12009,2020-05-16,0,83
Duffel,12009,2020-05-17,1,84
Duffel,12009,2020-05-18,0,84
Duffel,12009,2020-05-19,0,84
Duffel,12009,2020-05-20,1,85
Duffel,12009,2020-05-21,0,85
Duffel,12009,2020-05-22,0,85
Duffel,12009,2020-05-23,0,85
Duffel,12009,2020-05-24,0,85
Duffel,12009,2020-05-25,0,85
Duffel,12009,2020-05-26,0,85
Duffel,12009,2020-05-27,1,86
Duffel,12009,2020-05-28,0,86
Duffel,12009,2020-05-29,0,86
Duffel,12009,2020-05-30,0,86
Duffel,12009,2020-05-31,0,86
Duffel,12009,2020-06-01,0,86
Duffel,12009,2020-06-02,0,86
Duffel,12009,2020-06-03,0,86
Duffel,12009,2020-06-04,0,86
Duffel,12009,2020-06-05,0,86
Duffel,12009,2020-06-06,0,86
Duffel,12009,2020-06-07,0,86
Duffel,12009,2020-06-08,0,86
Duffel,12009,2020-06-09,0,86
Duffel,12009,2020-06-10,0,86
Duffel,12009,2020-06-11,0,86
Duffel,12009,2020-06-12,0,86
Duffel,12009,2020-06-13,0,86
Duffel,12009,2020-06-14,0,86
Duffel,12009,2020-06-15,0,86
Duffel,12009,2020-06-16,0,86
Duffel,12009,2020-06-17,0,86
Duffel,12009,2020-06-18,0,86
Duffel,12009,2020-06-19,0,86
Duffel,12009,2020-06-20,0,86
Duffel,12009,2020-06-23,0,86
Duffel,12009,2020-06-24,0,86
Duffel,12009,2020-06-25,0,86
Duffel,12009,2020-06-26,0,86
Duffel,12009,2020-06-27,0,86
Duffel,12009,2020-06-30,0,86
Duffel,12009,2020-07-01,0,86
Duffel,12009,2020-07-02,0,86
Duffel,12009,2020-07-03,0,86
Duffel,12009,2020-07-04,0,86
Duffel,12009,2020-07-07,1,87
Duffel,12009,2020-07-08,0,87
Duffel,12009,2020-07-09,0,87
Duffel,12009,2020-07-10,0,87
Duffel,12009,2020-07-11,0,87
Duffel,12009,2020-07-14,0,87
Duffel,12009,2020-07-15,0,87
Duffel,12009,2020-07-16,0,87
Duffel,12009,2020-07-17,0,87
Duffel,12009,2020-07-18,0,87
Duffel,12009,2020-07-20,0,87
Duffel,12009,2020-07-21,0,87
Duffel,12009,2020-07-22,0,87
Duffel,12009,2020-07-23,1,88
Duffel,12009,2020-07-24,0,88
Duffel,12009,2020-07-25,4,92
Duffel,12009,2020-07-26,1,93
Duffel,12009,2020-07-27,3,96
Duffel,12009,2020-07-28,0,96
Duffel,12009,2020-07-29,2,98
Duffel,12009,2020-07-30,3,101
Duffel,12009,2020-07-31,0,101
Duffel,12009,2020-08-01,3,104
Duffel,12009,2020-08-02,0,104
Duffel,12009,2020-08-03,0,104
Duffel,12009,2020-08-04,1,105
Duffel,12009,2020-08-05,0,105
Duffel,12009,2020-08-06,3,108
Duffel,12009,2020-08-07,0,108
Duffel,12009,2020-08-08,3,111
Duffel,12009,2020-08-09,0,111
Duffel,12009,2020-08-10,1,112
Duffel,12009,2020-08-11,0,112
Duffel,12009,2020-08-12,1,113
Duffel,12009,2020-08-13,1,114
Duffel,12009,2020-08-14,0,114
Duffel,12009,2020-08-15,1,115
Duffel,12009,2020-08-16,0,115
Duffel,12009,2020-08-17,1,116
Duffel,12009,2020-08-18,0,116
Duffel,12009,2020-08-19,1,117
Duffel,12009,2020-08-20,4,121
Duffel,12009,2020-08-21,1,122
Duffel,12009,2020-08-22,4,126
Duffel,12009,2020-08-23,1,127
Duffel,12009,2020-08-24,0,127
Duffel,12009,2020-08-25,2,129
Duffel,12009,2020-08-26,4,133
Duffel,12009,2020-08-27,0,133
Duffel,12009,2020-08-28,1,134
Duffel,12009,2020-08-29,0,134
Duffel,12009,2020-08-30,1,135
Duffel,12009,2020-08-31,1,136
Duffel,12009,2020-09-01,0,136
Duffel,12009,2020-09-02,0,136
Duffel,12009,2020-09-03,0,136
Duffel,12009,2020-09-04,0,136
Duffel,12009,2020-09-05,0,136
Duffel,12009,2020-09-06,1,137
Duffel,12009,2020-09-07,0,137
Duffel,12009,2020-09-08,1,138
Duffel,12009,2020-09-09,0,138
Duffel,12009,2020-09-10,0,138
Duffel,12009,2020-09-11,1,139
Duffel,12009,2020-09-12,1,140
Duffel,12009,2020-09-13,7,147
Duffel,12009,2020-09-14,1,148
Duffel,12009,2020-09-15,0,148
Duffel,12009,2020-09-16,0,148
Duffel,12009,2020-09-17,1,149
Duffel,12009,2020-09-18,2,151
Duffel,12009,2020-09-19,1,152
Duffel,12009,2020-09-20,0,152
Duffel,12009,2020-09-21,3,155
Duffel,12009,2020-09-22,0,155
Duffel,12009,2020-09-23,1,156
Duffel,12009,2020-09-24,1,157
Duffel,12009,2020-09-25,1,158
Duffel,12009,2020-09-26,2,160
Duffel,12009,2020-09-27,3,163
Duffel,12009,2020-09-28,2,165
Duffel,12009,2020-09-29,3,168
Duffel,12009,2020-09-30,3,171
Duffel,12009,2020-10-01,1,172
Duffel,12009,2020-10-02,1,173
Duffel,12009,2020-10-03,1,174
Duffel,12009,2020-10-04,0,174
Duffel,12009,2020-10-05,1,175
Duffel,12009,2020-10-06,6,181
Duffel,12009,2020-10-07,1,182
Duffel,12009,2020-10-08,1,183
Duffel,12009,2020-10-09,8,191
Duffel,12009,2020-10-10,3,194
Duffel,12009,2020-10-11,5,199
Duffel,12009,2020-10-12,0,199
Duffel,12009,2020-10-13,8,207
Duffel,12009,2020-10-14,10,217
Duffel,12009,2020-10-15,2,219
Duffel,12009,2020-10-16,14,233
Duffel,12009,2020-10-17,12,245
Duffel,12009,2020-10-18,9,254
Duffel,12009,2020-10-19,5,259
Duffel,12009,2020-10-20,11,270
Duffel,12009,2020-10-21,16,286
Duffel,12009,2020-10-22,8,294
Duffel,12009,2020-10-23,4,298
Duffel,12009,2020-10-24,12,310
Duffel,12009,2020-10-25,15,325
Duffel,12009,2020-10-26,12,337
Duffel,12009,2020-10-27,7,344
Duffel,12009,2020-10-28,12,356
Duffel,12009,2020-10-29,11,367
Duffel,12009,2020-10-30,11,378
Duffel,12009,2020-10-31,13,391
Duffel,12009,2020-11-01,9,400
Duffel,12009,2020-11-02,18,418
Duffel,12009,2020-11-03,3,421
Duffel,12009,2020-11-04,1,422
Duffel,12009,2020-11-05,16,438
Duffel,12009,2020-11-06,6,444
Duffel,12009,2020-11-07,8,452
Duffel,12009,2020-11-08,4,456
Duffel,12009,2020-11-09,6,462
Duffel,12009,2020-11-10,1,463
Duffel,12009,2020-11-11,5,468
Heist-op-den-Berg,12014,2020-04-01,0,51
Heist-op-den-Berg,12014,2020-04-02,4,55
Heist-op-den-Berg,12014,2020-04-03,5,60
Heist-op-den-Berg,12014,2020-04-04,4,64
Heist-op-den-Berg,12014,2020-04-05,4,68
Heist-op-den-Berg,12014,2020-04-06,0,68
Heist-op-den-Berg,12014,2020-04-07,1,69
Heist-op-den-Berg,12014,2020-04-08,1,70
Heist-op-den-Berg,12014,2020-04-09,5,75
Heist-op-den-Berg,12014,2020-04-10,2,77
Heist-op-den-Berg,12014,2020-04-11,10,87
Heist-op-den-Berg,12014,2020-04-12,6,93
Heist-op-den-Berg,12014,2020-04-13,10,103
Heist-op-den-Berg,12014,2020-04-14,0,103
Heist-op-den-Berg,12014,2020-04-15,2,105
Heist-op-den-Berg,12014,2020-04-16,1,106
Heist-op-den-Berg,12014,2020-04-17,2,108
Heist-op-den-Berg,12014,2020-04-18,12,120
Heist-op-den-Berg,12014,2020-04-19,4,124
Heist-op-den-Berg,12014,2020-04-20,4,128
Heist-op-den-Berg,12014,2020-04-21,2,130
Heist-op-den-Berg,12014,2020-04-22,8,138
Heist-op-den-Berg,12014,2020-04-23,0,138
Heist-op-den-Berg,12014,2020-04-24,0,138
Heist-op-den-Berg,12014,2020-04-25,0,138
Heist-op-den-Berg,12014,2020-04-26,1,139
Heist-op-den-Berg,12014,2020-04-27,3,142
Heist-op-den-Berg,12014,2020-04-28,0,142
Heist-op-den-Berg,12014,2020-04-29,1,143
Heist-op-den-Berg,12014,2020-04-30,4,147
Heist-op-den-Berg,12014,2020-05-01,0,147
Heist-op-den-Berg,12014,2020-05-02,1,148
Heist-op-den-Berg,12014,2020-05-03,1,149
Heist-op-den-Berg,12014,2020-05-04,0,149
Heist-op-den-Berg,12014,2020-05-05,0,149
Heist-op-den-Berg,12014,2020-05-06,1,150
Heist-op-den-Berg,12014,2020-05-07,2,152
Heist-op-den-Berg,12014,2020-05-08,4,156
Heist-op-den-Berg,12014,2020-05-09,41,197
Heist-op-den-Berg,12014,2020-05-10,0,197
Heist-op-den-Berg,12014,2020-05-11,0,197
Heist-op-den-Berg,12014,2020-05-12,0,197
Heist-op-den-Berg,12014,2020-05-13,1,198
Heist-op-den-Berg,12014,2020-05-14,0,198
Heist-op-den-Berg,12014,2020-05-15,0,198
Heist-op-den-Berg,12014,2020-05-16,1,199
Heist-op-den-Berg,12014,2020-05-17,0,199
Heist-op-den-Berg,12014,2020-05-18,0,199
Heist-op-den-Berg,12014,2020-05-19,0,199
Heist-op-den-Berg,12014,2020-05-20,0,199
Heist-op-den-Berg,12014,2020-05-21,0,199
Heist-op-den-Berg,12014,2020-05-22,0,199
Heist-op-den-Berg,12014,2020-05-23,0,199
Heist-op-den-Berg,12014,2020-05-24,1,200
Heist-op-den-Berg,12014,2020-05-25,0,200
Heist-op-den-Berg,12014,2020-05-26,1,201
Heist-op-den-Berg,12014,2020-05-27,0,201
Heist-op-den-Berg,12014,2020-05-28,0,201
Heist-op-den-Berg,12014,2020-05-29,0,201
Heist-op-den-Berg,12014,2020-05-30,1,202
Heist-op-den-Berg,12014,2020-05-31,0,202
Heist-op-den-Berg,12014,2020-06-01,0,202
Heist-op-den-Berg,12014,2020-06-02,0,202
Heist-op-den-Berg,12014,2020-06-03,0,202
Heist-op-den-Berg,12014,2020-06-04,0,202
Heist-op-den-Berg,12014,2020-06-05,0,202
Heist-op-den-Berg,12014,2020-06-06,0,202
Heist-op-den-Berg,12014,2020-06-07,0,202
Heist-op-den-Berg,12014,2020-06-08,2,204
Heist-op-den-Berg,12014,2020-06-09,0,204
Heist-op-den-Berg,12014,2020-06-10,0,204
Heist-op-den-Berg,12014,2020-06-11,0,204
Heist-op-den-Berg,12014,2020-06-12,0,204
Heist-op-den-Berg,12014,2020-06-13,0,204
Heist-op-den-Berg,12014,2020-06-14,0,204
Heist-op-den-Berg,12014,2020-06-15,0,204
Heist-op-den-Berg,12014,2020-06-16,0,204
Heist-op-den-Berg,12014,2020-06-17,0,204
Heist-op-den-Berg,12014,2020-06-18,1,205
Heist-op-den-Berg,12014,2020-06-19,0,205
Heist-op-den-Berg,12014,2020-06-20,0,205
Heist-op-den-Berg,12014,2020-06-23,0,205
Heist-op-den-Berg,12014,2020-06-24,0,205
Heist-op-den-Berg,12014,2020-06-25,0,205
Heist-op-den-Berg,12014,2020-06-26,0,205
Heist-op-den-Berg,12014,2020-06-27,0,205
Heist-op-den-Berg,12014,2020-06-30,0,205
Heist-op-den-Berg,12014,2020-07-01,0,205
Heist-op-den-Berg,12014,2020-07-02,0,205
Heist-op-den-Berg,12014,2020-07-03,0,205
Heist-op-den-Berg,12014,2020-07-04,0,205
Heist-op-den-Berg,12014,2020-07-07,0,205
Heist-op-den-Berg,12014,2020-07-08,0,205
Heist-op-den-Berg,12014,2020-07-09,0,205
Heist-op-den-Berg,12014,2020-07-10,0,205
Heist-op-den-Berg,12014,2020-07-11,0,205
Heist-op-den-Berg,12014,2020-07-14,0,205
Heist-op-den-Berg,12014,2020-07-15,0,205
Heist-op-den-Berg,12014,2020-07-16,1,206
Heist-op-den-Berg,12014,2020-07-17,0,206
Heist-op-den-Berg,12014,2020-07-18,4,210
Heist-op-den-Berg,12014,2020-07-20,0,210
Heist-op-den-Berg,12014,2020-07-21,0,210
Heist-op-den-Berg,12014,2020-07-22,0,210
Heist-op-den-Berg,12014,2020-07-23,0,210
Heist-op-den-Berg,12014,2020-07-24,0,210
Heist-op-den-Berg,12014,2020-07-25,2,212
Heist-op-den-Berg,12014,2020-07-26,1,213
Heist-op-den-Berg,12014,2020-07-27,1,214
Heist-op-den-Berg,12014,2020-07-28,0,214
Heist-op-den-Berg,12014,2020-07-29,0,214
Heist-op-den-Berg,12014,2020-07-30,1,215
Heist-op-den-Berg,12014,2020-07-31,1,216
Heist-op-den-Berg,12014,2020-08-01,2,218
Heist-op-den-Berg,12014,2020-08-02,1,219
Heist-op-den-Berg,12014,2020-08-03,0,219
Heist-op-den-Berg,12014,2020-08-04,0,219
Heist-op-den-Berg,12014,2020-08-05,0,219
Heist-op-den-Berg,12014,2020-08-06,2,221
Heist-op-den-Berg,12014,2020-08-07,0,221
Heist-op-den-Berg,12014,2020-08-08,1,222
Heist-op-den-Berg,12014,2020-08-09,0,222
Heist-op-den-Berg,12014,2020-08-10,2,224
Heist-op-den-Berg,12014,2020-08-11,0,224
Heist-op-den-Berg,12014,2020-08-12,0,224
Heist-op-den-Berg,12014,2020-08-13,0,224
Heist-op-den-Berg,12014,2020-08-14,1,225
Heist-op-den-Berg,12014,2020-08-15,0,225
Heist-op-den-Berg,12014,2020-08-16,0,225
Heist-op-den-Berg,12014,2020-08-17,0,225
Heist-op-den-Berg,12014,2020-08-18,0,225
Heist-op-den-Berg,12014,2020-08-19,1,226
Heist-op-den-Berg,12014,2020-08-20,3,229
Heist-op-den-Berg,12014,2020-08-21,1,230
Heist-op-den-Berg,12014,2020-08-22,0,230
Heist-op-den-Berg,12014,2020-08-23,1,231
Heist-op-den-Berg,12014,2020-08-24,2,233
Heist-op-den-Berg,12014,2020-08-25,0,233
Heist-op-den-Berg,12014,2020-08-26,0,233
Heist-op-den-Berg,12014,2020-08-27,1,234
Heist-op-den-Berg,12014,2020-08-28,0,234
Heist-op-den-Berg,12014,2020-08-29,0,234
Heist-op-den-Berg,12014,2020-08-30,0,234
Heist-op-den-Berg,12014,2020-08-31,0,234
Heist-op-den-Berg,12014,2020-09-01,0,234
Heist-op-den-Berg,12014,2020-09-02,0,234
Heist-op-den-Berg,12014,2020-09-03,0,234
Heist-op-den-Berg,12014,2020-09-04,0,234
Heist-op-den-Berg,12014,2020-09-05,0,234
Heist-op-den-Berg,12014,2020-09-06,0,234
Heist-op-den-Berg,12014,2020-09-07,0,234
Heist-op-den-Berg,12014,2020-09-08,0,234
Heist-op-den-Berg,12014,2020-09-09,0,234
Heist-op-den-Berg,12014,2020-09-10,0,234
Heist-op-den-Berg,12014,2020-09-11,0,234
Heist-op-den-Berg,12014,2020-09-12,0,234
Heist-op-den-Berg,12014,2020-09-13,1,235
Heist-op-den-Berg,12014,2020-09-14,1,236
Heist-op-den-Berg,12014,2020-09-15,3,239
Heist-op-den-Berg,12014,2020-09-16,0,239
Heist-op-den-Berg,12014,2020-09-17,0,239
Heist-op-den-Berg,12014,2020-09-18,0,239
Heist-op-den-Berg,12014,2020-09-19,1,240
Heist-op-den-Berg,12014,2020-09-20,2,242
Heist-op-den-Berg,12014,2020-09-21,3,245
Heist-op-den-Berg,12014,2020-09-22,3,248
Heist-op-den-Berg,12014,2020-09-23,3,251
Heist-op-den-Berg,12014,2020-09-24,0,251
Heist-op-den-Berg,12014,2020-09-25,3,254
Heist-op-den-Berg,12014,2020-09-26,1,255
Heist-op-den-Berg,12014,2020-09-27,4,259
Heist-op-den-Berg,12014,2020-09-28,0,259
Heist-op-den-Berg,12014,2020-09-29,3,262
Heist-op-den-Berg,12014,2020-09-30,2,264
Heist-op-den-Berg,12014,2020-10-01,4,268
Heist-op-den-Berg,12014,2020-10-02,6,274
Heist-op-den-Berg,12014,2020-10-03,3,277
Heist-op-den-Berg,12014,2020-10-04,3,280
Heist-op-den-Berg,12014,2020-10-05,3,283
Heist-op-den-Berg,12014,2020-10-06,1,284
Heist-op-den-Berg,12014,2020-10-07,0,284
Heist-op-den-Berg,12014,2020-10-08,5,289
Heist-op-den-Berg,12014,2020-10-09,8,297
Heist-op-den-Berg,12014,2020-10-10,8,305
Heist-op-den-Berg,12014,2020-10-11,5,310
Heist-op-den-Berg,12014,2020-10-12,3,313
Heist-op-den-Berg,12014,2020-10-13,4,317
Heist-op-den-Berg,12014,2020-10-14,2,319
Heist-op-den-Berg,12014,2020-10-15,17,336
Heist-op-den-Berg,12014,2020-10-16,26,362
Heist-op-den-Berg,12014,2020-10-17,8,370
Heist-op-den-Berg,12014,2020-10-18,24,394
Heist-op-den-Berg,12014,2020-10-19,11,405
Heist-op-den-Berg,12014,2020-10-20,15,420
Heist-op-den-Berg,12014,2020-10-21,18,438
Heist-op-den-Berg,12014,2020-10-22,28,466
Heist-op-den-Berg,12014,2020-10-23,36,502
Heist-op-den-Berg,12014,2020-10-24,39,541
Heist-op-den-Berg,12014,2020-10-25,28,569
Heist-op-den-Berg,12014,2020-10-26,59,628
Heist-op-den-Berg,12014,2020-10-27,13,641
Heist-op-den-Berg,12014,2020-10-28,36,677
Heist-op-den-Berg,12014,2020-10-29,31,708
Heist-op-den-Berg,12014,2020-10-30,22,730
Heist-op-den-Berg,12014,2020-10-31,32,762
Heist-op-den-Berg,12014,2020-11-01,17,779
Heist-op-den-Berg,12014,2020-11-02,28,807
Heist-op-den-Berg,12014,2020-11-03,19,826
Heist-op-den-Berg,12014,2020-11-04,7,833
Heist-op-den-Berg,12014,2020-11-05,30,863
Heist-op-den-Berg,12014,2020-11-06,20,883
Heist-op-den-Berg,12014,2020-11-07,10,893
Heist-op-den-Berg,12014,2020-11-08,5,898
Heist-op-den-Berg,12014,2020-11-09,18,916
Heist-op-den-Berg,12014,2020-11-10,9,925
Heist-op-den-Berg,12014,2020-11-11,5,930
Lier,12021,2020-04-01,3,28
Lier,12021,2020-04-02,7,35
Lier,12021,2020-04-03,2,37
Lier,12021,2020-04-04,3,40
Lier,12021,2020-04-05,0,40
Lier,12021,2020-04-06,1,41
Lier,12021,2020-04-07,0,41
Lier,12021,2020-04-08,5,46
Lier,12021,2020-04-09,1,47
Lier,12021,2020-04-10,3,50
Lier,12021,2020-04-11,1,51
Lier,12021,2020-04-12,1,52
Lier,12021,2020-04-13,8,60
Lier,12021,2020-04-14,3,63
Lier,12021,2020-04-15,1,64
Lier,12021,2020-04-16,1,65
Lier,12021,2020-04-17,3,68
Lier,12021,2020-04-18,1,69
Lier,12021,2020-04-19,2,71
Lier,12021,2020-04-20,2,73
Lier,12021,2020-04-21,3,76
Lier,12021,2020-04-22,1,77
Lier,12021,2020-04-23,1,78
Lier,12021,2020-04-24,0,78
Lier,12021,2020-04-25,0,78
Lier,12021,2020-04-26,3,81
Lier,12021,2020-04-27,1,82
Lier,12021,2020-04-28,0,82
Lier,12021,2020-04-29,0,82
Lier,12021,2020-04-30,3,85
Lier,12021,2020-05-01,1,86
Lier,12021,2020-05-02,2,88
Lier,12021,2020-05-03,4,92
Lier,12021,2020-05-04,0,92
Lier,12021,2020-05-05,1,93
Lier,12021,2020-05-06,0,93
Lier,12021,2020-05-07,2,95
Lier,12021,2020-05-08,2,97
Lier,12021,2020-05-09,0,97
Lier,12021,2020-05-10,6,103
Lier,12021,2020-05-11,1,104
Lier,12021,2020-05-12,0,104
Lier,12021,2020-05-13,0,104
Lier,12021,2020-05-14,2,106
Lier,12021,2020-05-15,0,106
Lier,12021,2020-05-16,0,106
Lier,12021,2020-05-17,0,106
Lier,12021,2020-05-18,0,106
Lier,12021,2020-05-19,0,106
Lier,12021,2020-05-20,0,106
Lier,12021,2020-05-21,0,106
Lier,12021,2020-05-22,1,107
Lier,12021,2020-05-23,0,107
Lier,12021,2020-05-24,1,108
Lier,12021,2020-05-25,0,108
Lier,12021,2020-05-26,0,108
Lier,12021,2020-05-27,0,108
Lier,12021,2020-05-28,1,109
Lier,12021,2020-05-29,0,109
Lier,12021,2020-05-30,0,109
Lier,12021,2020-05-31,0,109
Lier,12021,2020-06-01,1,110
Lier,12021,2020-06-02,0,110
Lier,12021,2020-06-03,0,110
Lier,12021,2020-06-04,1,111
Lier,12021,2020-06-05,0,111
Lier,12021,2020-06-06,0,111
Lier,12021,2020-06-07,0,111
Lier,12021,2020-06-08,0,111
Lier,12021,2020-06-09,0,111
Lier,12021,2020-06-10,0,111
Lier,12021,2020-06-11,0,111
Lier,12021,2020-06-12,0,111
Lier,12021,2020-06-13,0,111
Lier,12021,2020-06-14,0,111
Lier,12021,2020-06-15,0,111
Lier,12021,2020-06-16,0,111
Lier,12021,2020-06-17,0,111
Lier,12021,2020-06-18,0,111
Lier,12021,2020-06-19,0,111
Lier,12021,2020-06-20,0,111
Lier,12021,2020-06-23,1,112
Lier,12021,2020-06-24,0,112
Lier,12021,2020-06-25,0,112
Lier,12021,2020-06-26,0,112
Lier,12021,2020-06-27,0,112
Lier,12021,2020-06-30,1,113
Lier,12021,2020-07-01,0,113
Lier,12021,2020-07-02,0,113
Lier,12021,2020-07-03,0,113
Lier,12021,2020-07-04,0,113
Lier,12021,2020-07-07,0,113
Lier,12021,2020-07-08,0,113
Lier,12021,2020-07-09,0,113
Lier,12021,2020-07-10,0,113
Lier,12021,2020-07-11,0,113
Lier,12021,2020-07-14,1,114
Lier,12021,2020-07-15,0,114
Lier,12021,2020-07-16,2,116
Lier,12021,2020-07-17,1,117
Lier,12021,2020-07-18,0,117
Lier,12021,2020-07-20,1,118
Lier,12021,2020-07-21,2,120
Lier,12021,2020-07-22,0,120
Lier,12021,2020-07-23,3,123
Lier,12021,2020-07-24,2,125
Lier,12021,2020-07-25,1,126
Lier,12021,2020-07-26,0,126
Lier,12021,2020-07-27,4,130
Lier,12021,2020-07-28,3,133
Lier,12021,2020-07-29,0,133
Lier,12021,2020-07-30,3,136
Lier,12021,2020-07-31,4,140
Lier,12021,2020-08-01,1,141
Lier,12021,2020-08-02,1,142
Lier,12021,2020-08-03,1,143
Lier,12021,2020-08-04,0,143
Lier,12021,2020-08-05,1,144
Lier,12021,2020-08-06,3,147
Lier,12021,2020-08-07,1,148
Lier,12021,2020-08-08,2,150
Lier,12021,2020-08-09,1,151
Lier,12021,2020-08-10,0,151
Lier,12021,2020-08-11,0,151
Lier,12021,2020-08-12,0,151
Lier,12021,2020-08-13,3,154
Lier,12021,2020-08-14,0,154
Lier,12021,2020-08-15,3,157
Lier,12021,2020-08-16,1,158
Lier,12021,2020-08-17,2,160
Lier,12021,2020-08-18,1,161
Lier,12021,2020-08-19,1,162
Lier,12021,2020-08-20,2,164
Lier,12021,2020-08-21,2,166
Lier,12021,2020-08-22,8,174
Lier,12021,2020-08-23,1,175
Lier,12021,2020-08-24,1,176
Lier,12021,2020-08-25,1,177
Lier,12021,2020-08-26,0,177
Lier,12021,2020-08-27,8,185
Lier,12021,2020-08-28,0,185
Lier,12021,2020-08-29,2,187
Lier,12021,2020-08-30,2,189
Lier,12021,2020-08-31,0,189
Lier,12021,2020-09-01,0,189
Lier,12021,2020-09-02,0,189
Lier,12021,2020-09-03,3,192
Lier,12021,2020-09-04,1,193
Lier,12021,2020-09-05,0,193
Lier,12021,2020-09-06,0,193
Lier,12021,2020-09-07,2,195
Lier,12021,2020-09-08,0,195
Lier,12021,2020-09-09,0,195
Lier,12021,2020-09-10,0,195
Lier,12021,2020-09-11,4,199
Lier,12021,2020-09-12,3,202
Lier,12021,2020-09-13,5,207
Lier,12021,2020-09-14,8,215
Lier,12021,2020-09-15,1,216
Lier,12021,2020-09-16,5,221
Lier,12021,2020-09-17,5,226
Lier,12021,2020-09-18,3,229
Lier,12021,2020-09-19,3,232
Lier,12021,2020-09-20,2,234
Lier,12021,2020-09-21,2,236
Lier,12021,2020-09-22,4,240
Lier,12021,2020-09-23,3,243
Lier,12021,2020-09-24,3,246
Lier,12021,2020-09-25,6,252
Lier,12021,2020-09-26,3,255
Lier,12021,2020-09-27,3,258
Lier,12021,2020-09-28,6,264
Lier,12021,2020-09-29,1,265
Lier,12021,2020-09-30,5,270
Lier,12021,2020-10-01,6,276
Lier,12021,2020-10-02,4,280
Lier,12021,2020-10-03,6,286
Lier,12021,2020-10-04,10,296
Lier,12021,2020-10-05,7,303
Lier,12021,2020-10-06,4,307
Lier,12021,2020-10-07,1,308
Lier,12021,2020-10-08,1,309
Lier,12021,2020-10-09,11,320
Lier,12021,2020-10-10,14,334
Lier,12021,2020-10-11,8,342
Lier,12021,2020-10-12,2,344
Lier,12021,2020-10-13,13,357
Lier,12021,2020-10-14,8,365
Lier,12021,2020-10-15,8,373
Lier,12021,2020-10-16,24,397
Lier,12021,2020-10-17,11,408
Lier,12021,2020-10-18,16,424
Lier,12021,2020-10-19,12,436
Lier,12021,2020-10-20,14,450
Lier,12021,2020-10-21,26,476
Lier,12021,2020-10-22,24,500
Lier,12021,2020-10-23,13,513
Lier,12021,2020-10-24,26,539
Lier,12021,2020-10-25,33,572
Lier,12021,2020-10-26,36,608
Lier,12021,2020-10-27,16,624
Lier,12021,2020-10-28,36,660
Lier,12021,2020-10-29,13,673
Lier,12021,2020-10-30,16,689
Lier,12021,2020-10-31,42,731
Lier,12021,2020-11-01,17,748
Lier,12021,2020-11-02,22,770
Lier,12021,2020-11-03,8,778
Lier,12021,2020-11-04,7,785
Lier,12021,2020-11-05,21,806
Lier,12021,2020-11-06,15,821
Lier,12021,2020-11-07,10,831
Lier,12021,2020-11-08,6,837
Lier,12021,2020-11-09,18,855
Lier,12021,2020-11-10,6,861
Lier,12021,2020-11-11,5,866
Mechelen,12025,2020-04-01,3,71
Mechelen,12025,2020-04-02,14,85
Mechelen,12025,2020-04-03,16,101
Mechelen,12025,2020-04-04,5,106
Mechelen,12025,2020-04-05,7,113
Mechelen,12025,2020-04-06,3,116
Mechelen,12025,2020-04-07,6,122
Mechelen,12025,2020-04-08,12,134
Mechelen,12025,2020-04-09,10,144
Mechelen,12025,2020-04-10,24,168
Mechelen,12025,2020-04-11,1,169
Mechelen,12025,2020-04-12,12,181
Mechelen,12025,2020-04-13,3,184
Mechelen,12025,2020-04-14,4,188
Mechelen,12025,2020-04-15,50,238
Mechelen,12025,2020-04-16,8,246
Mechelen,12025,2020-04-17,1,247
Mechelen,12025,2020-04-18,3,250
Mechelen,12025,2020-04-19,1,251
Mechelen,12025,2020-04-20,6,257
Mechelen,12025,2020-04-21,6,263
Mechelen,12025,2020-04-22,5,268
Mechelen,12025,2020-04-23,2,270
Mechelen,12025,2020-04-24,4,274
Mechelen,12025,2020-04-25,3,277
Mechelen,12025,2020-04-26,0,277
Mechelen,12025,2020-04-27,2,279
Mechelen,12025,2020-04-28,0,279
Mechelen,12025,2020-04-29,5,284
Mechelen,12025,2020-04-30,1,285
Mechelen,12025,2020-05-01,7,292
Mechelen,12025,2020-05-02,1,293
Mechelen,12025,2020-05-03,0,293
Mechelen,12025,2020-05-04,1,294
Mechelen,12025,2020-05-05,3,297
Mechelen,12025,2020-05-06,1,298
Mechelen,12025,2020-05-07,1,299
Mechelen,12025,2020-05-08,1,300
Mechelen,12025,2020-05-09,2,302
Mechelen,12025,2020-05-10,2,304
Mechelen,12025,2020-05-11,0,304
Mechelen,12025,2020-05-12,3,307
Mechelen,12025,2020-05-13,1,308
Mechelen,12025,2020-05-14,1,309
Mechelen,12025,2020-05-15,1,310
Mechelen,12025,2020-05-16,0,310
Mechelen,12025,2020-05-17,2,312
Mechelen,12025,2020-05-18,2,314
Mechelen,12025,2020-05-19,1,315
Mechelen,12025,2020-05-20,0,315
Mechelen,12025,2020-05-21,1,316
Mechelen,12025,2020-05-22,0,316
Mechelen,12025,2020-05-23,0,316
Mechelen,12025,2020-05-24,0,316
Mechelen,12025,2020-05-25,0,316
Mechelen,12025,2020-05-26,0,316
Mechelen,12025,2020-05-27,1,317
Mechelen,12025,2020-05-28,1,318
Mechelen,12025,2020-05-29,0,318
Mechelen,12025,2020-05-30,1,319
Mechelen,12025,2020-05-31,0,319
Mechelen,12025,2020-06-01,0,319
Mechelen,12025,2020-06-02,0,319
Mechelen,12025,2020-06-03,0,319
Mechelen,12025,2020-06-04,0,319
Mechelen,12025,2020-06-05,0,319
Mechelen,12025,2020-06-06,0,319
Mechelen,12025,2020-06-07,0,319
Mechelen,12025,2020-06-08,0,319
Mechelen,12025,2020-06-09,0,319
Mechelen,12025,2020-06-10,0,319
Mechelen,12025,2020-06-11,1,320
Mechelen,12025,2020-06-12,1,321
Mechelen,12025,2020-06-13,0,321
Mechelen,12025,2020-06-14,2,323
Mechelen,12025,2020-06-15,3,326
Mechelen,12025,2020-06-16,0,326
Mechelen,12025,2020-06-17,0,326
Mechelen,12025,2020-06-18,0,326
Mechelen,12025,2020-06-19,0,326
Mechelen,12025,2020-06-20,0,326
Mechelen,12025,2020-06-23,0,326
Mechelen,12025,2020-06-24,1,327
Mechelen,12025,2020-06-25,0,327
Mechelen,12025,2020-06-26,0,327
Mechelen,12025,2020-06-27,1,328
Mechelen,12025,2020-06-30,1,329
Mechelen,12025,2020-07-01,1,330
Mechelen,12025,2020-07-02,0,330
Mechelen,12025,2020-07-03,0,330
Mechelen,12025,2020-07-04,2,332
Mechelen,12025,2020-07-07,2,334
Mechelen,12025,2020-07-08,1,335
Mechelen,12025,2020-07-09,0,335
Mechelen,12025,2020-07-10,2,337
Mechelen,12025,2020-07-11,1,338
Mechelen,12025,2020-07-14,0,338
Mechelen,12025,2020-07-15,0,338
Mechelen,12025,2020-07-16,0,338
Mechelen,12025,2020-07-17,0,338
Mechelen,12025,2020-07-18,1,339
Mechelen,12025,2020-07-20,2,341
Mechelen,12025,2020-07-21,4,345
Mechelen,12025,2020-07-22,0,345
Mechelen,12025,2020-07-23,5,350
Mechelen,12025,2020-07-24,1,351
Mechelen,12025,2020-07-25,1,352
Mechelen,12025,2020-07-26,3,355
Mechelen,12025,2020-07-27,3,358
Mechelen,12025,2020-07-28,2,360
Mechelen,12025,2020-07-29,1,361
Mechelen,12025,2020-07-30,4,365
Mechelen,12025,2020-07-31,5,370
Mechelen,12025,2020-08-01,8,378
Mechelen,12025,2020-08-02,8,386
Mechelen,12025,2020-08-03,0,386
Mechelen,12025,2020-08-04,3,389
Mechelen,12025,2020-08-05,8,397
Mechelen,12025,2020-08-06,1,398
Mechelen,12025,2020-08-07,23,421
Mechelen,12025,2020-08-08,13,434
Mechelen,12025,2020-08-09,7,441
Mechelen,12025,2020-08-10,3,444
Mechelen,12025,2020-08-11,6,450
Mechelen,12025,2020-08-12,1,451
Mechelen,12025,2020-08-13,6,457
Mechelen,12025,2020-08-14,6,463
Mechelen,12025,2020-08-15,12,475
Mechelen,12025,2020-08-16,19,494
Mechelen,12025,2020-08-17,27,521
Mechelen,12025,2020-08-18,2,523
Mechelen,12025,2020-08-19,8,531
Mechelen,12025,2020-08-20,7,538
Mechelen,12025,2020-08-21,0,538
Mechelen,12025,2020-08-22,34,572
Mechelen,12025,2020-08-23,0,572
Mechelen,12025,2020-08-24,9,581
Mechelen,12025,2020-08-25,3,584
Mechelen,12025,2020-08-26,6,590
Mechelen,12025,2020-08-27,10,600
Mechelen,12025,2020-08-28,7,607
Mechelen,12025,2020-08-29,2,609
Mechelen,12025,2020-08-30,4,613
Mechelen,12025,2020-08-31,4,617
Mechelen,12025,2020-09-01,2,619
Mechelen,12025,2020-09-02,3,622
Mechelen,12025,2020-09-03,1,623
Mechelen,12025,2020-09-04,4,627
Mechelen,12025,2020-09-05,2,629
Mechelen,12025,2020-09-06,7,636
Mechelen,12025,2020-09-07,2,638
Mechelen,12025,2020-09-08,1,639
Mechelen,12025,2020-09-09,6,645
Mechelen,12025,2020-09-10,0,645
Mechelen,12025,2020-09-11,8,653
Mechelen,12025,2020-09-12,5,658
Mechelen,12025,2020-09-13,6,664
Mechelen,12025,2020-09-14,6,670
Mechelen,12025,2020-09-15,2,672
Mechelen,12025,2020-09-16,3,675
Mechelen,12025,2020-09-17,9,684
Mechelen,12025,2020-09-18,5,689
Mechelen,12025,2020-09-19,21,710
Mechelen,12025,2020-09-20,10,720
Mechelen,12025,2020-09-21,14,734
Mechelen,12025,2020-09-22,5,739
Mechelen,12025,2020-09-23,22,761
Mechelen,12025,2020-09-24,13,774
Mechelen,12025,2020-09-25,21,795
Mechelen,12025,2020-09-26,30,825
Mechelen,12025,2020-09-27,21,846
Mechelen,12025,2020-09-28,11,857
Mechelen,12025,2020-09-29,7,864
Mechelen,12025,2020-09-30,4,868
Mechelen,12025,2020-10-01,18,886
Mechelen,12025,2020-10-02,16,902
Mechelen,12025,2020-10-03,18,920
Mechelen,12025,2020-10-04,15,935
Mechelen,12025,2020-10-05,20,955
Mechelen,12025,2020-10-06,13,968
Mechelen,12025,2020-10-07,11,979
Mechelen,12025,2020-10-08,22,1001
Mechelen,12025,2020-10-09,31,1032
Mechelen,12025,2020-10-10,37,1069
Mechelen,12025,2020-10-11,59,1128
Mechelen,12025,2020-10-12,50,1178
Mechelen,12025,2020-10-13,11,1189
Mechelen,12025,2020-10-14,70,1259
Mechelen,12025,2020-10-15,51,1310
Mechelen,12025,2020-10-16,52,1362
Mechelen,12025,2020-10-17,71,1433
Mechelen,12025,2020-10-18,43,1476
Mechelen,12025,2020-10-19,61,1537
Mechelen,12025,2020-10-20,63,1600
Mechelen,12025,2020-10-21,33,1633
Mechelen,12025,2020-10-22,65,1698
Mechelen,12025,2020-10-23,114,1812
Mechelen,12025,2020-10-24,99,1911
Mechelen,12025,2020-10-25,160,2071
Mechelen,12025,2020-10-26,35,2106
Mechelen,12025,2020-10-27,79,2185
Mechelen,12025,2020-10-28,77,2262
Mechelen,12025,2020-10-29,100,2362
Mechelen,12025,2020-10-30,168,2530
Mechelen,12025,2020-10-31,109,2639
Mechelen,12025,2020-11-01,98,2737
Mechelen,12025,2020-11-02,48,2785
Mechelen,12025,2020-11-03,20,2805
Mechelen,12025,2020-11-04,18,2823
Mechelen,12025,2020-11-05,79,2902
Mechelen,12025,2020-11-06,41,2943
Mechelen,12025,2020-11-07,37,2980
Mechelen,12025,2020-11-08,19,2999
Mechelen,12025,2020-11-09,44,3043
Mechelen,12025,2020-11-10,10,3053
Mechelen,12025,2020-11-11,16,3069
Nijlen,12026,2020-04-01,2,17
Nijlen,12026,2020-04-02,3,20
Nijlen,12026,2020-04-03,2,22
Nijlen,12026,2020-04-04,6,28
Nijlen,12026,2020-04-05,1,29
Nijlen,12026,2020-04-06,2,31
Nijlen,12026,2020-04-07,0,31
Nijlen,12026,2020-04-08,2,33
Nijlen,12026,2020-04-09,2,35
Nijlen,12026,2020-04-10,1,36
Nijlen,12026,2020-04-11,2,38
Nijlen,12026,2020-04-12,1,39
Nijlen,12026,2020-04-13,2,41
Nijlen,12026,2020-04-14,0,41
Nijlen,12026,2020-04-15,2,43
Nijlen,12026,2020-04-16,3,46
Nijlen,12026,2020-04-17,0,46
Nijlen,12026,2020-04-18,1,47
Nijlen,12026,2020-04-19,0,47
Nijlen,12026,2020-04-20,1,48
Nijlen,12026,2020-04-21,4,52
Nijlen,12026,2020-04-22,1,53
Nijlen,12026,2020-04-23,0,53
Nijlen,12026,2020-04-24,1,54
Nijlen,12026,2020-04-25,0,54
Nijlen,12026,2020-04-26,0,54
Nijlen,12026,2020-04-27,2,56
Nijlen,12026,2020-04-28,1,57
Nijlen,12026,2020-04-29,22,79
Nijlen,12026,2020-04-30,0,79
Nijlen,12026,2020-05-01,0,79
Nijlen,12026,2020-05-02,2,81
Nijlen,12026,2020-05-03,0,81
Nijlen,12026,2020-05-04,6,87
Nijlen,12026,2020-05-05,0,87
Nijlen,12026,2020-05-06,1,88
Nijlen,12026,2020-05-07,0,88
Nijlen,12026,2020-05-08,0,88
Nijlen,12026,2020-05-09,2,90
Nijlen,12026,2020-05-10,7,97
Nijlen,12026,2020-05-11,1,98
Nijlen,12026,2020-05-12,1,99
Nijlen,12026,2020-05-13,0,99
Nijlen,12026,2020-05-14,0,99
Nijlen,12026,2020-05-15,7,106
Nijlen,12026,2020-05-16,1,107
Nijlen,12026,2020-05-17,0,107
Nijlen,12026,2020-05-18,0,107
Nijlen,12026,2020-05-19,0,107
Nijlen,12026,2020-05-20,0,107
Nijlen,12026,2020-05-21,0,107
Nijlen,12026,2020-05-22,0,107
Nijlen,12026,2020-05-23,0,107
Nijlen,12026,2020-05-24,0,107
Nijlen,12026,2020-05-25,1,108
Nijlen,12026,2020-05-26,0,108
Nijlen,12026,2020-05-27,2,110
Nijlen,12026,2020-05-28,0,110
Nijlen,12026,2020-05-29,0,110
Nijlen,12026,2020-05-30,0,110
Nijlen,12026,2020-05-31,3,113
Nijlen,12026,2020-06-01,0,113
Nijlen,12026,2020-06-02,1,114
Nijlen,12026,2020-06-03,0,114
Nijlen,12026,2020-06-04,1,115
Nijlen,12026,2020-06-05,0,115
Nijlen,12026,2020-06-06,0,115
Nijlen,12026,2020-06-07,0,115
Nijlen,12026,2020-06-08,0,115
Nijlen,12026,2020-06-09,0,115
Nijlen,12026,2020-06-10,0,115
Nijlen,12026,2020-06-11,0,115
Nijlen,12026,2020-06-12,0,115
Nijlen,12026,2020-06-13,0,115
Nijlen,12026,2020-06-14,0,115
Nijlen,12026,2020-06-15,1,116
Nijlen,12026,2020-06-16,0,116
Nijlen,12026,2020-06-17,1,117
Nijlen,12026,2020-06-18,2,119
Nijlen,12026,2020-06-19,0,119
Nijlen,12026,2020-06-20,1,120
Nijlen,12026,2020-06-23,0,120
Nijlen,12026,2020-06-24,0,120
Nijlen,12026,2020-06-25,1,121
Nijlen,12026,2020-06-26,0,121
Nijlen,12026,2020-06-27,1,122
Nijlen,12026,2020-06-30,0,122
Nijlen,12026,2020-07-01,0,122
Nijlen,12026,2020-07-02,0,122
Nijlen,12026,2020-07-03,0,122
Nijlen,12026,2020-07-04,1,123
Nijlen,12026,2020-07-07,0,123
Nijlen,12026,2020-07-08,0,123
Nijlen,12026,2020-07-09,0,123
Nijlen,12026,2020-07-10,0,123
Nijlen,12026,2020-07-11,0,123
Nijlen,12026,2020-07-14,0,123
Nijlen,12026,2020-07-15,0,123
Nijlen,12026,2020-07-16,1,124
Nijlen,12026,2020-07-17,0,124
Nijlen,12026,2020-07-18,0,124
Nijlen,12026,2020-07-20,0,124
Nijlen,12026,2020-07-21,3,127
Nijlen,12026,2020-07-22,0,127
Nijlen,12026,2020-07-23,0,127
Nijlen,12026,2020-07-24,0,127
Nijlen,12026,2020-07-25,0,127
Nijlen,12026,2020-07-26,1,128
Nijlen,12026,2020-07-27,0,128
Nijlen,12026,2020-07-28,0,128
Nijlen,12026,2020-07-29,0,128
Nijlen,12026,2020-07-30,0,128
Nijlen,12026,2020-07-31,1,129
Nijlen,12026,2020-08-01,1,130
Nijlen,12026,2020-08-02,1,131
Nijlen,12026,2020-08-03,0,131
Nijlen,12026,2020-08-04,1,132
Nijlen,12026,2020-08-05,2,134
Nijlen,12026,2020-08-06,4,138
Nijlen,12026,2020-08-07,4,142
Nijlen,12026,2020-08-08,4,146
Nijlen,12026,2020-08-09,1,147
Nijlen,12026,2020-08-10,7,154
Nijlen,12026,2020-08-11,0,154
Nijlen,12026,2020-08-12,0,154
Nijlen,12026,2020-08-13,6,160
Nijlen,12026,2020-08-14,0,160
Nijlen,12026,2020-08-15,2,162
Nijlen,12026,2020-08-16,0,162
Nijlen,12026,2020-08-17,0,162
Nijlen,12026,2020-08-18,1,163
Nijlen,12026,2020-08-19,0,163
Nijlen,12026,2020-08-20,0,163
Nijlen,12026,2020-08-21,1,164
Nijlen,12026,2020-08-22,0,164
Nijlen,12026,2020-08-23,0,164
Nijlen,12026,2020-08-24,1,165
Nijlen,12026,2020-08-25,0,165
Nijlen,12026,2020-08-26,0,165
Nijlen,12026,2020-08-27,1,166
Nijlen,12026,2020-08-28,0,166
Nijlen,12026,2020-08-29,0,166
Nijlen,12026,2020-08-30,0,166
Nijlen,12026,2020-08-31,0,166
Nijlen,12026,2020-09-01,0,166
Nijlen,12026,2020-09-02,0,166
Nijlen,12026,2020-09-03,0,166
Nijlen,12026,2020-09-04,0,166
Nijlen,12026,2020-09-05,0,166
Nijlen,12026,2020-09-06,0,166
Nijlen,12026,2020-09-07,1,167
Nijlen,12026,2020-09-08,0,167
Nijlen,12026,2020-09-09,0,167
Nijlen,12026,2020-09-10,1,168
Nijlen,12026,2020-09-11,0,168
Nijlen,12026,2020-09-12,0,168
Nijlen,12026,2020-09-13,0,168
Nijlen,12026,2020-09-14,0,168
Nijlen,12026,2020-09-15,1,169
Nijlen,12026,2020-09-16,0,169
Nijlen,12026,2020-09-17,0,169
Nijlen,12026,2020-09-18,0,169
Nijlen,12026,2020-09-19,0,169
Nijlen,12026,2020-09-20,1,170
Nijlen,12026,2020-09-21,2,172
Nijlen,12026,2020-09-22,0,172
Nijlen,12026,2020-09-23,0,172
Nijlen,12026,2020-09-24,1,173
Nijlen,12026,2020-09-25,1,174
Nijlen,12026,2020-09-26,0,174
Nijlen,12026,2020-09-27,0,174
Nijlen,12026,2020-09-28,1,175
Nijlen,12026,2020-09-29,3,178
Nijlen,12026,2020-09-30,-1,177
Nijlen,12026,2020-10-01,2,179
Nijlen,12026,2020-10-02,2,181
Nijlen,12026,2020-10-03,3,184
Nijlen,12026,2020-10-04,3,187
Nijlen,12026,2020-10-05,0,187
Nijlen,12026,2020-10-06,1,188
Nijlen,12026,2020-10-07,0,188
Nijlen,12026,2020-10-08,0,188
Nijlen,12026,2020-10-09,8,196
Nijlen,12026,2020-10-10,1,197
Nijlen,12026,2020-10-11,5,202
Nijlen,12026,2020-10-12,2,204
Nijlen,12026,2020-10-13,7,211
Nijlen,12026,2020-10-14,3,214
Nijlen,12026,2020-10-15,3,217
Nijlen,12026,2020-10-16,15,232
Nijlen,12026,2020-10-17,6,238
Nijlen,12026,2020-10-18,12,250
Nijlen,12026,2020-10-19,11,261
Nijlen,12026,2020-10-20,7,268
Nijlen,12026,2020-10-21,5,273
Nijlen,12026,2020-10-22,10,283
Nijlen,12026,2020-10-23,6,289
Nijlen,12026,2020-10-24,20,309
Nijlen,12026,2020-10-25,19,328
Nijlen,12026,2020-10-26,17,345
Nijlen,12026,2020-10-27,14,359
Nijlen,12026,2020-10-28,27,386
Nijlen,12026,2020-10-29,14,400
Nijlen,12026,2020-10-30,13,413
Nijlen,12026,2020-10-31,17,430
Nijlen,12026,2020-11-01,7,437
Nijlen,12026,2020-11-02,20,457
Nijlen,12026,2020-11-03,7,464
Nijlen,12026,2020-11-04,4,468
Nijlen,12026,2020-11-05,19,487
Nijlen,12026,2020-11-06,9,496
Nijlen,12026,2020-11-07,7,503
Nijlen,12026,2020-11-08,0,503
Nijlen,12026,2020-11-09,9,512
Nijlen,12026,2020-11-10,9,521
Nijlen,12026,2020-11-11,3,524
Putte,12029,2020-04-01,1,9
Putte,12029,2020-04-02,2,11
Putte,12029,2020-04-03,0,11
Putte,12029,2020-04-04,0,11
Putte,12029,2020-04-05,1,12
Putte,12029,2020-04-06,0,12
Putte,12029,2020-04-07,0,12
Putte,12029,2020-04-08,0,12
Putte,12029,2020-04-09,1,13
Putte,12029,2020-04-10,1,14
Putte,12029,2020-04-11,4,18
Putte,12029,2020-04-12,0,18
Putte,12029,2020-04-13,0,18
Putte,12029,2020-04-14,0,18
Putte,12029,2020-04-15,0,18
Putte,12029,2020-04-16,0,18
Putte,12029,2020-04-17,0,18
Putte,12029,2020-04-18,0,18
Putte,12029,2020-04-19,0,18
Putte,12029,2020-04-20,1,19
Putte,12029,2020-04-21,1,20
Putte,12029,2020-04-22,1,21
Putte,12029,2020-04-23,0,21
Putte,12029,2020-04-24,1,22
Putte,12029,2020-04-25,0,22
Putte,12029,2020-04-26,1,23
Putte,12029,2020-04-27,2,25
Putte,12029,2020-04-28,0,25
Putte,12029,2020-04-29,0,25
Putte,12029,2020-04-30,0,25
Putte,12029,2020-05-01,0,25
Putte,12029,2020-05-02,0,25
Putte,12029,2020-05-03,0,25
Putte,12029,2020-05-04,0,25
Putte,12029,2020-05-05,0,25
Putte,12029,2020-05-06,0,25
Putte,12029,2020-05-07,0,25
Putte,12029,2020-05-08,0,25
Putte,12029,2020-05-09,0,25
Putte,12029,2020-05-10,0,25
Putte,12029,2020-05-11,0,25
Putte,12029,2020-05-12,1,26
Putte,12029,2020-05-13,0,26
Putte,12029,2020-05-14,1,27
Putte,12029,2020-05-15,0,27
Putte,12029,2020-05-16,0,27
Putte,12029,2020-05-17,2,29
Putte,12029,2020-05-18,0,29
Putte,12029,2020-05-19,2,31
Putte,12029,2020-05-20,0,31
Putte,12029,2020-05-21,0,31
Putte,12029,2020-05-22,0,31
Putte,12029,2020-05-23,0,31
Putte,12029,2020-05-24,0,31
Putte,12029,2020-05-25,0,31
Putte,12029,2020-05-26,1,32
Putte,12029,2020-05-27,2,34
Putte,12029,2020-05-28,0,34
Putte,12029,2020-05-29,0,34
Putte,12029,2020-05-30,0,34
Putte,12029,2020-05-31,0,34
Putte,12029,2020-06-01,0,34
Putte,12029,2020-06-02,0,34
Putte,12029,2020-06-03,0,34
Putte,12029,2020-06-04,0,34
Putte,12029,2020-06-05,0,34
Putte,12029,2020-06-06,0,34
Putte,12029,2020-06-07,0,34
Putte,12029,2020-06-08,0,34
Putte,12029,2020-06-09,0,34
Putte,12029,2020-06-10,0,34
Putte,12029,2020-06-11,0,34
Putte,12029,2020-06-12,0,34
Putte,12029,2020-06-13,0,34
Putte,12029,2020-06-14,0,34
Putte,12029,2020-06-15,0,34
Putte,12029,2020-06-16,0,34
Putte,12029,2020-06-17,0,34
Putte,12029,2020-06-18,0,34
Putte,12029,2020-06-19,0,34
Putte,12029,2020-06-20,0,34
Putte,12029,2020-06-23,0,34
Putte,12029,2020-06-24,0,34
Putte,12029,2020-06-25,0,34
Putte,12029,2020-06-26,0,34
Putte,12029,2020-06-27,0,34
Putte,12029,2020-06-30,0,34
Putte,12029,2020-07-01,0,34
Putte,12029,2020-07-02,1,35
Putte,12029,2020-07-03,0,35
Putte,12029,2020-07-04,0,35
Putte,12029,2020-07-07,0,35
Putte,12029,2020-07-08,0,35
Putte,12029,2020-07-09,0,35
Putte,12029,2020-07-10,0,35
Putte,12029,2020-07-11,0,35
Putte,12029,2020-07-14,0,35
Putte,12029,2020-07-15,0,35
Putte,12029,2020-07-16,0,35
Putte,12029,2020-07-17,0,35
Putte,12029,2020-07-18,0,35
Putte,12029,2020-07-20,0,35
Putte,12029,2020-07-21,0,35
Putte,12029,2020-07-22,0,35
Putte,12029,2020-07-23,0,35
Putte,12029,2020-07-24,0,35
Putte,12029,2020-07-25,2,37
Putte,12029,2020-07-26,0,37
Putte,12029,2020-07-27,0,37
Putte,12029,2020-07-28,0,37
Putte,12029,2020-07-29,1,38
Putte,12029,2020-07-30,0,38
Putte,12029,2020-07-31,1,39
Putte,12029,2020-08-01,0,39
Putte,12029,2020-08-02,0,39
Putte,12029,2020-08-03,0,39
Putte,12029,2020-08-04,0,39
Putte,12029,2020-08-05,0,39
Putte,12029,2020-08-06,0,39
Putte,12029,2020-08-07,0,39
Putte,12029,2020-08-08,0,39
Putte,12029,2020-08-09,0,39
Putte,12029,2020-08-10,0,39
Putte,12029,2020-08-11,0,39
Putte,12029,2020-08-12,0,39
Putte,12029,2020-08-13,0,39
Putte,12029,2020-08-14,0,39
Putte,12029,2020-08-15,0,39
Putte,12029,2020-08-16,0,39
Putte,12029,2020-08-17,0,39
Putte,12029,2020-08-18,0,39
Putte,12029,2020-08-19,0,39
Putte,12029,2020-08-20,0,39
Putte,12029,2020-08-21,0,39
Putte,12029,2020-08-22,0,39
Putte,12029,2020-08-23,0,39
Putte,12029,2020-08-24,0,39
Putte,12029,2020-08-25,0,39
Putte,12029,2020-08-26,0,39
Putte,12029,2020-08-27,0,39
Putte,12029,2020-08-28,1,40
Putte,12029,2020-08-29,1,41
Putte,12029,2020-08-30,0,41
Putte,12029,2020-08-31,0,41
Putte,12029,2020-09-01,0,41
Putte,12029,2020-09-02,0,41
Putte,12029,2020-09-03,0,41
Putte,12029,2020-09-04,0,41
Putte,12029,2020-09-05,2,43
Putte,12029,2020-09-06,0,43
Putte,12029,2020-09-07,1,44
Putte,12029,2020-09-08,0,44
Putte,12029,2020-09-09,0,44
Putte,12029,2020-09-10,0,44
Putte,12029,2020-09-11,0,44
Putte,12029,2020-09-12,1,45
Putte,12029,2020-09-13,0,45
Putte,12029,2020-09-14,0,45
Putte,12029,2020-09-15,0,45
Putte,12029,2020-09-16,0,45
Putte,12029,2020-09-17,0,45
Putte,12029,2020-09-18,1,46
Putte,12029,2020-09-19,1,47
Putte,12029,2020-09-20,1,48
Putte,12029,2020-09-21,3,51
Putte,12029,2020-09-22,1,52
Putte,12029,2020-09-23,2,54
Putte,12029,2020-09-24,0,54
Putte,12029,2020-09-25,1,55
Putte,12029,2020-09-26,2,57
Putte,12029,2020-09-27,1,58
Putte,12029,2020-09-28,0,58
Putte,12029,2020-09-29,0,58
Putte,12029,2020-09-30,0,58
Putte,12029,2020-10-01,4,62
Putte,12029,2020-10-02,1,63
Putte,12029,2020-10-03,1,64
Putte,12029,2020-10-04,5,69
Putte,12029,2020-10-05,0,69
Putte,12029,2020-10-06,3,72
Putte,12029,2020-10-07,1,73
Putte,12029,2020-10-08,0,73
Putte,12029,2020-10-09,2,75
Putte,12029,2020-10-10,1,76
Putte,12029,2020-10-11,1,77
Putte,12029,2020-10-12,2,79
Putte,12029,2020-10-13,5,84
Putte,12029,2020-10-14,5,89
Putte,12029,2020-10-15,5,94
Putte,12029,2020-10-16,15,109
Putte,12029,2020-10-17,2,111
Putte,12029,2020-10-18,12,123
Putte,12029,2020-10-19,6,129
Putte,12029,2020-10-20,12,141
Putte,12029,2020-10-21,9,150
Putte,12029,2020-10-22,15,165
Putte,12029,2020-10-23,8,173
Putte,12029,2020-10-24,10,183
Putte,12029,2020-10-25,15,198
Putte,12029,2020-10-26,17,215
Putte,12029,2020-10-27,6,221
Putte,12029,2020-10-28,19,240
Putte,12029,2020-10-29,22,262
Putte,12029,2020-10-30,15,277
Putte,12029,2020-10-31,16,293
Putte,12029,2020-11-01,10,303
Putte,12029,2020-11-02,13,316
Putte,12029,2020-11-03,5,321
Putte,12029,2020-11-04,4,325
Putte,12029,2020-11-05,9,334
Putte,12029,2020-11-06,3,337
Putte,12029,2020-11-07,7,344
Putte,12029,2020-11-08,3,347
Putte,12029,2020-11-09,4,351
Putte,12029,2020-11-10,1,352
Putte,12029,2020-11-11,6,358
Sint-Katelijne-Waver,12035,2020-04-01,3,39
Sint-Katelijne-Waver,12035,2020-04-02,5,44
Sint-Katelijne-Waver,12035,2020-04-03,2,46
Sint-Katelijne-Waver,12035,2020-04-04,5,51
Sint-Katelijne-Waver,12035,2020-04-05,6,57
Sint-Katelijne-Waver,12035,2020-04-06,0,57
Sint-Katelijne-Waver,12035,2020-04-07,2,59
Sint-Katelijne-Waver,12035,2020-04-08,3,62
Sint-Katelijne-Waver,12035,2020-04-09,6,68
Sint-Katelijne-Waver,12035,2020-04-10,2,70
Sint-Katelijne-Waver,12035,2020-04-11,3,73
Sint-Katelijne-Waver,12035,2020-04-12,8,81
Sint-Katelijne-Waver,12035,2020-04-13,4,85
Sint-Katelijne-Waver,12035,2020-04-14,6,91
Sint-Katelijne-Waver,12035,2020-04-15,0,91
Sint-Katelijne-Waver,12035,2020-04-16,12,103
Sint-Katelijne-Waver,12035,2020-04-17,2,105
Sint-Katelijne-Waver,12035,2020-04-18,0,105
Sint-Katelijne-Waver,12035,2020-04-19,18,123
Sint-Katelijne-Waver,12035,2020-04-20,4,127
Sint-Katelijne-Waver,12035,2020-04-21,1,128
Sint-Katelijne-Waver,12035,2020-04-22,2,130
Sint-Katelijne-Waver,12035,2020-04-23,0,130
Sint-Katelijne-Waver,12035,2020-04-24,9,139
Sint-Katelijne-Waver,12035,2020-04-25,2,141
Sint-Katelijne-Waver,12035,2020-04-26,0,141
Sint-Katelijne-Waver,12035,2020-04-27,0,141
Sint-Katelijne-Waver,12035,2020-04-28,0,141
Sint-Katelijne-Waver,12035,2020-04-29,1,142
Sint-Katelijne-Waver,12035,2020-04-30,3,145
Sint-Katelijne-Waver,12035,2020-05-01,0,145
Sint-Katelijne-Waver,12035,2020-05-02,0,145
Sint-Katelijne-Waver,12035,2020-05-03,0,145
Sint-Katelijne-Waver,12035,2020-05-04,1,146
Sint-Katelijne-Waver,12035,2020-05-05,0,146
Sint-Katelijne-Waver,12035,2020-05-06,0,146
Sint-Katelijne-Waver,12035,2020-05-07,1,147
Sint-Katelijne-Waver,12035,2020-05-08,0,147
Sint-Katelijne-Waver,12035,2020-05-09,0,147
Sint-Katelijne-Waver,12035,2020-05-10,0,147
Sint-Katelijne-Waver,12035,2020-05-11,0,147
Sint-Katelijne-Waver,12035,2020-05-12,0,147
Sint-Katelijne-Waver,12035,2020-05-13,0,147
Sint-Katelijne-Waver,12035,2020-05-14,0,147
Sint-Katelijne-Waver,12035,2020-05-15,0,147
Sint-Katelijne-Waver,12035,2020-05-16,0,147
Sint-Katelijne-Waver,12035,2020-05-17,0,147
Sint-Katelijne-Waver,12035,2020-05-18,0,147
Sint-Katelijne-Waver,12035,2020-05-19,0,147
Sint-Katelijne-Waver,12035,2020-05-20,0,147
Sint-Katelijne-Waver,12035,2020-05-21,0,147
Sint-Katelijne-Waver,12035,2020-05-22,0,147
Sint-Katelijne-Waver,12035,2020-05-23,0,147
Sint-Katelijne-Waver,12035,2020-05-24,0,147
Sint-Katelijne-Waver,12035,2020-05-25,0,147
Sint-Katelijne-Waver,12035,2020-05-26,0,147
Sint-Katelijne-Waver,12035,2020-05-27,0,147
Sint-Katelijne-Waver,12035,2020-05-28,0,147
Sint-Katelijne-Waver,12035,2020-05-29,0,147
Sint-Katelijne-Waver,12035,2020-05-30,0,147
Sint-Katelijne-Waver,12035,2020-05-31,0,147
Sint-Katelijne-Waver,12035,2020-06-01,0,147
Sint-Katelijne-Waver,12035,2020-06-02,0,147
Sint-Katelijne-Waver,12035,2020-06-03,0,147
Sint-Katelijne-Waver,12035,2020-06-04,0,147
Sint-Katelijne-Waver,12035,2020-06-05,0,147
Sint-Katelijne-Waver,12035,2020-06-06,0,147
Sint-Katelijne-Waver,12035,2020-06-07,0,147
Sint-Katelijne-Waver,12035,2020-06-08,0,147
Sint-Katelijne-Waver,12035,2020-06-09,0,147
Sint-Katelijne-Waver,12035,2020-06-10,0,147
Sint-Katelijne-Waver,12035,2020-06-11,0,147
Sint-Katelijne-Waver,12035,2020-06-12,0,147
Sint-Katelijne-Waver,12035,2020-06-13,0,147
Sint-Katelijne-Waver,12035,2020-06-14,0,147
Sint-Katelijne-Waver,12035,2020-06-15,0,147
Sint-Katelijne-Waver,12035,2020-06-16,0,147
Sint-Katelijne-Waver,12035,2020-06-17,0,147
Sint-Katelijne-Waver,12035,2020-06-18,0,147
Sint-Katelijne-Waver,12035,2020-06-19,0,147
Sint-Katelijne-Waver,12035,2020-06-20,0,147
Sint-Katelijne-Waver,12035,2020-06-23,0,147
Sint-Katelijne-Waver,12035,2020-06-24,0,147
Sint-Katelijne-Waver,12035,2020-06-25,0,147
Sint-Katelijne-Waver,12035,2020-06-26,0,147
Sint-Katelijne-Waver,12035,2020-06-27,0,147
Sint-Katelijne-Waver,12035,2020-06-30,0,147
Sint-Katelijne-Waver,12035,2020-07-01,1,148
Sint-Katelijne-Waver,12035,2020-07-02,0,148
Sint-Katelijne-Waver,12035,2020-07-03,0,148
Sint-Katelijne-Waver,12035,2020-07-04,0,148
Sint-Katelijne-Waver,12035,2020-07-07,0,148
Sint-Katelijne-Waver,12035,2020-07-08,0,148
Sint-Katelijne-Waver,12035,2020-07-09,0,148
Sint-Katelijne-Waver,12035,2020-07-10,0,148
Sint-Katelijne-Waver,12035,2020-07-11,0,148
Sint-Katelijne-Waver,12035,2020-07-14,0,148
Sint-Katelijne-Waver,12035,2020-07-15,0,148
Sint-Katelijne-Waver,12035,2020-07-16,0,148
Sint-Katelijne-Waver,12035,2020-07-17,0,148
Sint-Katelijne-Waver,12035,2020-07-18,0,148
Sint-Katelijne-Waver,12035,2020-07-20,1,149
Sint-Katelijne-Waver,12035,2020-07-21,0,149
Sint-Katelijne-Waver,12035,2020-07-22,0,149
Sint-Katelijne-Waver,12035,2020-07-23,0,149
Sint-Katelijne-Waver,12035,2020-07-24,0,149
Sint-Katelijne-Waver,12035,2020-07-25,0,149
Sint-Katelijne-Waver,12035,2020-07-26,0,149
Sint-Katelijne-Waver,12035,2020-07-27,0,149
Sint-Katelijne-Waver,12035,2020-07-28,1,150
Sint-Katelijne-Waver,12035,2020-07-29,0,150
Sint-Katelijne-Waver,12035,2020-07-30,0,150
Sint-Katelijne-Waver,12035,2020-07-31,1,151
Sint-Katelijne-Waver,12035,2020-08-01,0,151
Sint-Katelijne-Waver,12035,2020-08-02,2,153
Sint-Katelijne-Waver,12035,2020-08-03,1,154
Sint-Katelijne-Waver,12035,2020-08-04,1,155
Sint-Katelijne-Waver,12035,2020-08-05,1,156
Sint-Katelijne-Waver,12035,2020-08-06,0,156
Sint-Katelijne-Waver,12035,2020-08-07,1,157
Sint-Katelijne-Waver,12035,2020-08-08,1,158
Sint-Katelijne-Waver,12035,2020-08-09,0,158
Sint-Katelijne-Waver,12035,2020-08-10,0,158
Sint-Katelijne-Waver,12035,2020-08-11,0,158
Sint-Katelijne-Waver,12035,2020-08-12,0,158
Sint-Katelijne-Waver,12035,2020-08-13,0,158
Sint-Katelijne-Waver,12035,2020-08-14,0,158
Sint-Katelijne-Waver,12035,2020-08-15,0,158
Sint-Katelijne-Waver,12035,2020-08-16,2,160
Sint-Katelijne-Waver,12035,2020-08-17,1,161
Sint-Katelijne-Waver,12035,2020-08-18,0,161
Sint-Katelijne-Waver,12035,2020-08-19,0,161
Sint-Katelijne-Waver,12035,2020-08-20,1,162
Sint-Katelijne-Waver,12035,2020-08-21,0,162
Sint-Katelijne-Waver,12035,2020-08-22,0,162
Sint-Katelijne-Waver,12035,2020-08-23,1,163
Sint-Katelijne-Waver,12035,2020-08-24,0,163
Sint-Katelijne-Waver,12035,2020-08-25,0,163
Sint-Katelijne-Waver,12035,2020-08-26,1,164
Sint-Katelijne-Waver,12035,2020-08-27,1,165
Sint-Katelijne-Waver,12035,2020-08-28,0,165
Sint-Katelijne-Waver,12035,2020-08-29,0,165
Sint-Katelijne-Waver,12035,2020-08-30,0,165
Sint-Katelijne-Waver,12035,2020-08-31,0,165
Sint-Katelijne-Waver,12035,2020-09-01,0,165
Sint-Katelijne-Waver,12035,2020-09-02,2,167
Sint-Katelijne-Waver,12035,2020-09-03,0,167
Sint-Katelijne-Waver,12035,2020-09-04,0,167
Sint-Katelijne-Waver,12035,2020-09-05,0,167
Sint-Katelijne-Waver,12035,2020-09-06,1,168
Sint-Katelijne-Waver,12035,2020-09-07,0,168
Sint-Katelijne-Waver,12035,2020-09-08,0,168
Sint-Katelijne-Waver,12035,2020-09-09,0,168
Sint-Katelijne-Waver,12035,2020-09-10,0,168
Sint-Katelijne-Waver,12035,2020-09-11,0,168
Sint-Katelijne-Waver,12035,2020-09-12,0,168
Sint-Katelijne-Waver,12035,2020-09-13,0,168
Sint-Katelijne-Waver,12035,2020-09-14,2,170
Sint-Katelijne-Waver,12035,2020-09-15,2,172
Sint-Katelijne-Waver,12035,2020-09-16,0,172
Sint-Katelijne-Waver,12035,2020-09-17,1,173
Sint-Katelijne-Waver,12035,2020-09-18,0,173
Sint-Katelijne-Waver,12035,2020-09-19,1,174
Sint-Katelijne-Waver,12035,2020-09-20,3,177
Sint-Katelijne-Waver,12035,2020-09-21,0,177
Sint-Katelijne-Waver,12035,2020-09-22,1,178
Sint-Katelijne-Waver,12035,2020-09-23,1,179
Sint-Katelijne-Waver,12035,2020-09-24,2,181
Sint-Katelijne-Waver,12035,2020-09-25,4,185
Sint-Katelijne-Waver,12035,2020-09-26,4,189
Sint-Katelijne-Waver,12035,2020-09-27,3,192
Sint-Katelijne-Waver,12035,2020-09-28,1,193
Sint-Katelijne-Waver,12035,2020-09-29,2,195
Sint-Katelijne-Waver,12035,2020-09-30,1,196
Sint-Katelijne-Waver,12035,2020-10-01,5,201
Sint-Katelijne-Waver,12035,2020-10-02,5,206
Sint-Katelijne-Waver,12035,2020-10-03,6,212
Sint-Katelijne-Waver,12035,2020-10-04,3,215
Sint-Katelijne-Waver,12035,2020-10-05,4,219
Sint-Katelijne-Waver,12035,2020-10-06,4,223
Sint-Katelijne-Waver,12035,2020-10-07,3,226
Sint-Katelijne-Waver,12035,2020-10-08,6,232
Sint-Katelijne-Waver,12035,2020-10-09,3,235
Sint-Katelijne-Waver,12035,2020-10-10,3,238
Sint-Katelijne-Waver,12035,2020-10-11,6,244
Sint-Katelijne-Waver,12035,2020-10-12,4,248
Sint-Katelijne-Waver,12035,2020-10-13,4,252
Sint-Katelijne-Waver,12035,2020-10-14,6,258
Sint-Katelijne-Waver,12035,2020-10-15,2,260
Sint-Katelijne-Waver,12035,2020-10-16,14,274
Sint-Katelijne-Waver,12035,2020-10-17,10,284
Sint-Katelijne-Waver,12035,2020-10-18,12,296
Sint-Katelijne-Waver,12035,2020-10-19,8,304
Sint-Katelijne-Waver,12035,2020-10-20,9,313
Sint-Katelijne-Waver,12035,2020-10-21,5,318
Sint-Katelijne-Waver,12035,2020-10-22,12,330
Sint-Katelijne-Waver,12035,2020-10-23,33,363
Sint-Katelijne-Waver,12035,2020-10-24,13,376
Sint-Katelijne-Waver,12035,2020-10-25,16,392
Sint-Katelijne-Waver,12035,2020-10-26,7,399
Sint-Katelijne-Waver,12035,2020-10-27,11,410
Sint-Katelijne-Waver,12035,2020-10-28,14,424
Sint-Katelijne-Waver,12035,2020-10-29,25,449
Sint-Katelijne-Waver,12035,2020-10-30,26,475
Sint-Katelijne-Waver,12035,2020-10-31,22,497
Sint-Katelijne-Waver,12035,2020-11-01,13,510
Sint-Katelijne-Waver,12035,2020-11-02,22,532
Sint-Katelijne-Waver,12035,2020-11-03,5,537
Sint-Katelijne-Waver,12035,2020-11-04,0,537
Sint-Katelijne-Waver,12035,2020-11-05,18,555
Sint-Katelijne-Waver,12035,2020-11-06,12,567
Sint-Katelijne-Waver,12035,2020-11-07,10,577
Sint-Katelijne-Waver,12035,2020-11-08,7,584
Sint-Katelijne-Waver,12035,2020-11-09,4,588
Sint-Katelijne-Waver,12035,2020-11-10,1,589
Sint-Katelijne-Waver,12035,2020-11-11,4,593
Willebroek,12040,2020-04-01,1,26
Willebroek,12040,2020-04-02,2,28
Willebroek,12040,2020-04-03,11,39
Willebroek,12040,2020-04-04,3,42
Willebroek,12040,2020-04-05,3,45
Willebroek,12040,2020-04-06,0,45
Willebroek,12040,2020-04-07,1,46
Willebroek,12040,2020-04-08,0,46
Willebroek,12040,2020-04-09,2,48
Willebroek,12040,2020-04-10,2,50
Willebroek,12040,2020-04-11,2,52
Willebroek,12040,2020-04-12,1,53
Willebroek,12040,2020-04-13,1,54
Willebroek,12040,2020-04-14,2,56
Willebroek,12040,2020-04-15,1,57
Willebroek,12040,2020-04-16,6,63
Willebroek,12040,2020-04-17,2,65
Willebroek,12040,2020-04-18,6,71
Willebroek,12040,2020-04-19,2,73
Willebroek,12040,2020-04-20,0,73
Willebroek,12040,2020-04-21,3,76
Willebroek,12040,2020-04-22,3,79
Willebroek,12040,2020-04-23,0,79
Willebroek,12040,2020-04-24,1,80
Willebroek,12040,2020-04-25,1,81
Willebroek,12040,2020-04-26,1,82
Willebroek,12040,2020-04-27,0,82
Willebroek,12040,2020-04-28,4,86
Willebroek,12040,2020-04-29,1,87
Willebroek,12040,2020-04-30,2,89
Willebroek,12040,2020-05-01,1,90
Willebroek,12040,2020-05-02,0,90
Willebroek,12040,2020-05-03,0,90
Willebroek,12040,2020-05-04,0,90
Willebroek,12040,2020-05-05,0,90
Willebroek,12040,2020-05-06,0,90
Willebroek,12040,2020-05-07,1,91
Willebroek,12040,2020-05-08,2,93
Willebroek,12040,2020-05-09,2,95
Willebroek,12040,2020-05-10,0,95
Willebroek,12040,2020-05-11,2,97
Willebroek,12040,2020-05-12,1,98
Willebroek,12040,2020-05-13,0,98
Willebroek,12040,2020-05-14,0,98
Willebroek,12040,2020-05-15,1,99
Willebroek,12040,2020-05-16,1,100
Willebroek,12040,2020-05-17,0,100
Willebroek,12040,2020-05-18,0,100
Willebroek,12040,2020-05-19,0,100
Willebroek,12040,2020-05-20,0,100
Willebroek,12040,2020-05-21,0,100
Willebroek,12040,2020-05-22,0,100
Willebroek,12040,2020-05-23,0,100
Willebroek,12040,2020-05-24,2,102
Willebroek,12040,2020-05-25,0,102
Willebroek,12040,2020-05-26,0,102
Willebroek,12040,2020-05-27,1,103
Willebroek,12040,2020-05-28,1,104
Willebroek,12040,2020-05-29,2,106
Willebroek,12040,2020-05-30,0,106
Willebroek,12040,2020-05-31,1,107
Willebroek,12040,2020-06-01,0,107
Willebroek,12040,2020-06-02,1,108
Willebroek,12040,2020-06-03,0,108
Willebroek,12040,2020-06-04,0,108
Willebroek,12040,2020-06-05,0,108
Willebroek,12040,2020-06-06,0,108
Willebroek,12040,2020-06-07,0,108
Willebroek,12040,2020-06-08,0,108
Willebroek,12040,2020-06-09,0,108
Willebroek,12040,2020-06-10,0,108
Willebroek,12040,2020-06-11,0,108
Willebroek,12040,2020-06-12,0,108
Willebroek,12040,2020-06-13,0,108
Willebroek,12040,2020-06-14,0,108
Willebroek,12040,2020-06-15,0,108
Willebroek,12040,2020-06-16,0,108
Willebroek,12040,2020-06-17,1,109
Willebroek,12040,2020-06-18,0,109
Willebroek,12040,2020-06-19,0,109
Willebroek,12040,2020-06-20,0,109
Willebroek,12040,2020-06-23,1,110
Willebroek,12040,2020-06-24,0,110
Willebroek,12040,2020-06-25,1,111
Willebroek,12040,2020-06-26,0,111
Willebroek,12040,2020-06-27,0,111
Willebroek,12040,2020-06-30,0,111
Willebroek,12040,2020-07-01,0,111
Willebroek,12040,2020-07-02,0,111
Willebroek,12040,2020-07-03,0,111
Willebroek,12040,2020-07-04,0,111
Willebroek,12040,2020-07-07,0,111
Willebroek,12040,2020-07-08,0,111
Willebroek,12040,2020-07-09,1,112
Willebroek,12040,2020-07-10,0,112
Willebroek,12040,2020-07-11,1,113
Willebroek,12040,2020-07-14,0,113
Willebroek,12040,2020-07-15,0,113
Willebroek,12040,2020-07-16,0,113
Willebroek,12040,2020-07-17,0,113
Willebroek,12040,2020-07-18,0,113
Willebroek,12040,2020-07-20,0,113
Willebroek,12040,2020-07-21,1,114
Willebroek,12040,2020-07-22,2,116
Willebroek,12040,2020-07-23,0,116
Willebroek,12040,2020-07-24,1,117
Willebroek,12040,2020-07-25,1,118
Willebroek,12040,2020-07-26,5,123
Willebroek,12040,2020-07-27,0,123
Willebroek,12040,2020-07-28,1,124
Willebroek,12040,2020-07-29,0,124
Willebroek,12040,2020-07-30,0,124
Willebroek,12040,2020-07-31,0,124
Willebroek,12040,2020-08-01,1,125
Willebroek,12040,2020-08-02,1,126
Willebroek,12040,2020-08-03,0,126
Willebroek,12040,2020-08-04,2,128
Willebroek,12040,2020-08-05,1,129
Willebroek,12040,2020-08-06,0,129
Willebroek,12040,2020-08-07,1,130
Willebroek,12040,2020-08-08,1,131
Willebroek,12040,2020-08-09,2,133
Willebroek,12040,2020-08-10,6,139
Willebroek,12040,2020-08-11,2,141
Willebroek,12040,2020-08-12,2,143
Willebroek,12040,2020-08-13,1,144
Willebroek,12040,2020-08-14,1,145
Willebroek,12040,2020-08-15,0,145
Willebroek,12040,2020-08-16,2,147
Willebroek,12040,2020-08-17,0,147
Willebroek,12040,2020-08-18,1,148
Willebroek,12040,2020-08-19,1,149
Willebroek,12040,2020-08-20,2,151
Willebroek,12040,2020-08-21,5,156
Willebroek,12040,2020-08-22,3,159
Willebroek,12040,2020-08-23,4,163
Willebroek,12040,2020-08-24,9,172
Willebroek,12040,2020-08-25,1,173
Willebroek,12040,2020-08-26,0,173
Willebroek,12040,2020-08-27,1,174
Willebroek,12040,2020-08-28,4,178
Willebroek,12040,2020-08-29,3,181
Willebroek,12040,2020-08-30,6,187
Willebroek,12040,2020-08-31,1,188
Willebroek,12040,2020-09-01,1,189
Willebroek,12040,2020-09-02,0,189
Willebroek,12040,2020-09-03,2,191
Willebroek,12040,2020-09-04,1,192
Willebroek,12040,2020-09-05,4,196
Willebroek,12040,2020-09-06,4,200
Willebroek,12040,2020-09-07,3,203
Willebroek,12040,2020-09-08,0,203
Willebroek,12040,2020-09-09,0,203
Willebroek,12040,2020-09-10,1,204
Willebroek,12040,2020-09-11,2,206
Willebroek,12040,2020-09-12,3,209
Willebroek,12040,2020-09-13,0,209
Willebroek,12040,2020-09-14,3,212
Willebroek,12040,2020-09-15,3,215
Willebroek,12040,2020-09-16,1,216
Willebroek,12040,2020-09-17,2,218
Willebroek,12040,2020-09-18,9,227
Willebroek,12040,2020-09-19,3,230
Willebroek,12040,2020-09-20,-1,229
Willebroek,12040,2020-09-21,19,248
Willebroek,12040,2020-09-22,2,250
Willebroek,12040,2020-09-23,3,253
Willebroek,12040,2020-09-24,10,263
Willebroek,12040,2020-09-25,13,276
Willebroek,12040,2020-09-26,13,289
Willebroek,12040,2020-09-27,9,298
Willebroek,12040,2020-09-28,3,301
Willebroek,12040,2020-09-29,3,304
Willebroek,12040,2020-09-30,4,308
Willebroek,12040,2020-10-01,4,312
Willebroek,12040,2020-10-02,6,318
Willebroek,12040,2020-10-03,7,325
Willebroek,12040,2020-10-04,10,335
Willebroek,12040,2020-10-05,3,338
Willebroek,12040,2020-10-06,1,339
Willebroek,12040,2020-10-07,3,342
Willebroek,12040,2020-10-08,10,352
Willebroek,12040,2020-10-09,8,360
Willebroek,12040,2020-10-10,12,372
Willebroek,12040,2020-10-11,14,386
Willebroek,12040,2020-10-12,10,396
Willebroek,12040,2020-10-13,9,405
Willebroek,12040,2020-10-14,17,422
Willebroek,12040,2020-10-15,11,433
Willebroek,12040,2020-10-16,26,459
Willebroek,12040,2020-10-17,19,478
Willebroek,12040,2020-10-18,26,504
Willebroek,12040,2020-10-19,7,511
Willebroek,12040,2020-10-20,10,521
Willebroek,12040,2020-10-21,21,542
Willebroek,12040,2020-10-22,15,557
Willebroek,12040,2020-10-23,28,585
Willebroek,12040,2020-10-24,21,606
Willebroek,12040,2020-10-25,46,652
Willebroek,12040,2020-10-26,26,678
Willebroek,12040,2020-10-27,31,709
Willebroek,12040,2020-10-28,15,724
Willebroek,12040,2020-10-29,30,754
Willebroek,12040,2020-10-30,45,799
Willebroek,12040,2020-10-31,30,829
Willebroek,12040,2020-11-01,26,855
Willebroek,12040,2020-11-02,9,864
Willebroek,12040,2020-11-03,5,869
Willebroek,12040,2020-11-04,3,872
Willebroek,12040,2020-11-05,20,892
Willebroek,12040,2020-11-06,11,903
Willebroek,12040,2020-11-07,24,927
Willebroek,12040,2020-11-08,17,944
Willebroek,12040,2020-11-09,11,955
Willebroek,12040,2020-11-10,3,958
Willebroek,12040,2020-11-11,7,965
Puurs-Sint-Amands,12041,2020-04-01,6,44
Puurs-Sint-Amands,12041,2020-04-02,2,46
Puurs-Sint-Amands,12041,2020-04-03,9,55
Puurs-Sint-Amands,12041,2020-04-04,5,60
Puurs-Sint-Amands,12041,2020-04-05,6,66
Puurs-Sint-Amands,12041,2020-04-06,2,68
Puurs-Sint-Amands,12041,2020-04-07,0,68
Puurs-Sint-Amands,12041,2020-04-08,5,73
Puurs-Sint-Amands,12041,2020-04-09,6,79
Puurs-Sint-Amands,12041,2020-04-10,4,83
Puurs-Sint-Amands,12041,2020-04-11,2,85
Puurs-Sint-Amands,12041,2020-04-12,6,91
Puurs-Sint-Amands,12041,2020-04-13,0,91
Puurs-Sint-Amands,12041,2020-04-14,18,109
Puurs-Sint-Amands,12041,2020-04-15,1,110
Puurs-Sint-Amands,12041,2020-04-16,7,117
Puurs-Sint-Amands,12041,2020-04-17,2,119
Puurs-Sint-Amands,12041,2020-04-18,1,120
Puurs-Sint-Amands,12041,2020-04-19,1,121
Puurs-Sint-Amands,12041,2020-04-20,8,129
Puurs-Sint-Amands,12041,2020-04-21,3,132
Puurs-Sint-Amands,12041,2020-04-22,3,135
Puurs-Sint-Amands,12041,2020-04-23,2,137
Puurs-Sint-Amands,12041,2020-04-24,3,140
Puurs-Sint-Amands,12041,2020-04-25,1,141
Puurs-Sint-Amands,12041,2020-04-26,0,141
Puurs-Sint-Amands,12041,2020-04-27,2,143
Puurs-Sint-Amands,12041,2020-04-28,0,143
Puurs-Sint-Amands,12041,2020-04-29,0,143
Puurs-Sint-Amands,12041,2020-04-30,0,143
Puurs-Sint-Amands,12041,2020-05-01,1,144
Puurs-Sint-Amands,12041,2020-05-02,1,145
Puurs-Sint-Amands,12041,2020-05-03,0,145
Puurs-Sint-Amands,12041,2020-05-04,1,146
Puurs-Sint-Amands,12041,2020-05-05,0,146
Puurs-Sint-Amands,12041,2020-05-06,6,152
Puurs-Sint-Amands,12041,2020-05-07,1,153
Puurs-Sint-Amands,12041,2020-05-08,0,153
Puurs-Sint-Amands,12041,2020-05-09,2,155
Puurs-Sint-Amands,12041,2020-05-10,0,155
Puurs-Sint-Amands,12041,2020-05-11,0,155
Puurs-Sint-Amands,12041,2020-05-12,0,155
Puurs-Sint-Amands,12041,2020-05-13,0,155
Puurs-Sint-Amands,12041,2020-05-14,2,157
Puurs-Sint-Amands,12041,2020-05-15,0,157
Puurs-Sint-Amands,12041,2020-05-16,1,158
Puurs-Sint-Amands,12041,2020-05-17,0,158
Puurs-Sint-Amands,12041,2020-05-18,1,159
Puurs-Sint-Amands,12041,2020-05-19,1,160
Puurs-Sint-Amands,12041,2020-05-20,0,160
Puurs-Sint-Amands,12041,2020-05-21,4,164
Puurs-Sint-Amands,12041,2020-05-22,2,166
Puurs-Sint-Amands,12041,2020-05-23,0,166
Puurs-Sint-Amands,12041,2020-05-24,0,166
Puurs-Sint-Amands,12041,2020-05-25,1,167
Puurs-Sint-Amands,12041,2020-05-26,0,167
Puurs-Sint-Amands,12041,2020-05-27,0,167
Puurs-Sint-Amands,12041,2020-05-28,0,167
Puurs-Sint-Amands,12041,2020-05-29,0,167
Puurs-Sint-Amands,12041,2020-05-30,0,167
Puurs-Sint-Amands,12041,2020-05-31,0,167
Puurs-Sint-Amands,12041,2020-06-01,1,168
Puurs-Sint-Amands,12041,2020-06-02,0,168
Puurs-Sint-Amands,12041,2020-06-03,0,168
Puurs-Sint-Amands,12041,2020-06-04,0,168
Puurs-Sint-Amands,12041,2020-06-05,0,168
Puurs-Sint-Amands,12041,2020-06-06,1,169
Puurs-Sint-Amands,12041,2020-06-07,0,169
Puurs-Sint-Amands,12041,2020-06-08,0,169
Puurs-Sint-Amands,12041,2020-06-09,0,169
Puurs-Sint-Amands,12041,2020-06-10,0,169
Puurs-Sint-Amands,12041,2020-06-11,0,169
Puurs-Sint-Amands,12041,2020-06-12,1,170
Puurs-Sint-Amands,12041,2020-06-13,0,170
Puurs-Sint-Amands,12041,2020-06-14,0,170
Puurs-Sint-Amands,12041,2020-06-15,0,170
Puurs-Sint-Amands,12041,2020-06-16,0,170
Puurs-Sint-Amands,12041,2020-06-17,1,171
Puurs-Sint-Amands,12041,2020-06-18,0,171
Puurs-Sint-Amands,12041,2020-06-19,0,171
Puurs-Sint-Amands,12041,2020-06-20,0,171
Puurs-Sint-Amands,12041,2020-06-23,0,171
Puurs-Sint-Amands,12041,2020-06-24,0,171
Puurs-Sint-Amands,12041,2020-06-25,0,171
Puurs-Sint-Amands,12041,2020-06-26,0,171
Puurs-Sint-Amands,12041,2020-06-27,0,171
Puurs-Sint-Amands,12041,2020-06-30,0,171
Puurs-Sint-Amands,12041,2020-07-01,2,173
Puurs-Sint-Amands,12041,2020-07-02,0,173
Puurs-Sint-Amands,12041,2020-07-03,0,173
Puurs-Sint-Amands,12041,2020-07-04,0,173
Puurs-Sint-Amands,12041,2020-07-07,0,173
Puurs-Sint-Amands,12041,2020-07-08,0,173
Puurs-Sint-Amands,12041,2020-07-09,0,173
Puurs-Sint-Amands,12041,2020-07-10,3,176
Puurs-Sint-Amands,12041,2020-07-11,1,177
Puurs-Sint-Amands,12041,2020-07-14,0,177
Puurs-Sint-Amands,12041,2020-07-15,0,177
Puurs-Sint-Amands,12041,2020-07-16,0,177
Puurs-Sint-Amands,12041,2020-07-17,0,177
Puurs-Sint-Amands,12041,2020-07-18,0,177
Puurs-Sint-Amands,12041,2020-07-20,0,177
Puurs-Sint-Amands,12041,2020-07-21,0,177
Puurs-Sint-Amands,12041,2020-07-22,0,177
Puurs-Sint-Amands,12041,2020-07-23,0,177
Puurs-Sint-Amands,12041,2020-07-24,1,178
Puurs-Sint-Amands,12041,2020-07-25,0,178
Puurs-Sint-Amands,12041,2020-07-26,0,178
Puurs-Sint-Amands,12041,2020-07-27,0,178
Puurs-Sint-Amands,12041,2020-07-28,0,178
Puurs-Sint-Amands,12041,2020-07-29,0,178
Puurs-Sint-Amands,12041,2020-07-30,1,179
Puurs-Sint-Amands,12041,2020-07-31,0,179
Puurs-Sint-Amands,12041,2020-08-01,0,179
Puurs-Sint-Amands,12041,2020-08-02,1,180
Puurs-Sint-Amands,12041,2020-08-03,2,182
Puurs-Sint-Amands,12041,2020-08-04,0,182
Puurs-Sint-Amands,12041,2020-08-05,1,183
Puurs-Sint-Amands,12041,2020-08-06,0,183
Puurs-Sint-Amands,12041,2020-08-07,1,184
Puurs-Sint-Amands,12041,2020-08-08,1,185
Puurs-Sint-Amands,12041,2020-08-09,1,186
Puurs-Sint-Amands,12041,2020-08-10,7,193
Puurs-Sint-Amands,12041,2020-08-11,1,194
Puurs-Sint-Amands,12041,2020-08-12,0,194
Puurs-Sint-Amands,12041,2020-08-13,3,197
Puurs-Sint-Amands,12041,2020-08-14,0,197
Puurs-Sint-Amands,12041,2020-08-15,1,198
Puurs-Sint-Amands,12041,2020-08-16,0,198
Puurs-Sint-Amands,12041,2020-08-17,0,198
Puurs-Sint-Amands,12041,2020-08-18,0,198
Puurs-Sint-Amands,12041,2020-08-19,1,199
Puurs-Sint-Amands,12041,2020-08-20,0,199
Puurs-Sint-Amands,12041,2020-08-21,1,200
Puurs-Sint-Amands,12041,2020-08-22,3,203
Puurs-Sint-Amands,12041,2020-08-23,0,203
Puurs-Sint-Amands,12041,2020-08-24,0,203
Puurs-Sint-Amands,12041,2020-08-25,0,203
Puurs-Sint-Amands,12041,2020-08-26,0,203
Puurs-Sint-Amands,12041,2020-08-27,0,203
Puurs-Sint-Amands,12041,2020-08-28,1,204
Puurs-Sint-Amands,12041,2020-08-29,0,204
Puurs-Sint-Amands,12041,2020-08-30,2,206
Puurs-Sint-Amands,12041,2020-08-31,0,206
Puurs-Sint-Amands,12041,2020-09-01,0,206
Puurs-Sint-Amands,12041,2020-09-02,1,207
Puurs-Sint-Amands,12041,2020-09-03,0,207
Puurs-Sint-Amands,12041,2020-09-04,2,209
Puurs-Sint-Amands,12041,2020-09-05,3,212
Puurs-Sint-Amands,12041,2020-09-06,2,214
Puurs-Sint-Amands,12041,2020-09-07,0,214
Puurs-Sint-Amands,12041,2020-09-08,2,216
Puurs-Sint-Amands,12041,2020-09-09,1,217
Puurs-Sint-Amands,12041,2020-09-10,0,217
Puurs-Sint-Amands,12041,2020-09-11,1,218
Puurs-Sint-Amands,12041,2020-09-12,0,218
Puurs-Sint-Amands,12041,2020-09-13,0,218
Puurs-Sint-Amands,12041,2020-09-14,0,218
Puurs-Sint-Amands,12041,2020-09-15,0,218
Puurs-Sint-Amands,12041,2020-09-16,0,218
Puurs-Sint-Amands,12041,2020-09-17,0,218
Puurs-Sint-Amands,12041,2020-09-18,1,219
Puurs-Sint-Amands,12041,2020-09-19,2,221
Puurs-Sint-Amands,12041,2020-09-20,1,222
Puurs-Sint-Amands,12041,2020-09-21,2,224
Puurs-Sint-Amands,12041,2020-09-22,2,226
Puurs-Sint-Amands,12041,2020-09-23,3,229
Puurs-Sint-Amands,12041,2020-09-24,2,231
Puurs-Sint-Amands,12041,2020-09-25,2,233
Puurs-Sint-Amands,12041,2020-09-26,5,238
Puurs-Sint-Amands,12041,2020-09-27,5,243
Puurs-Sint-Amands,12041,2020-09-28,3,246
Puurs-Sint-Amands,12041,2020-09-29,0,246
Puurs-Sint-Amands,12041,2020-09-30,2,248
Puurs-Sint-Amands,12041,2020-10-01,1,249
Puurs-Sint-Amands,12041,2020-10-02,2,251
Puurs-Sint-Amands,12041,2020-10-03,3,254
Puurs-Sint-Amands,12041,2020-10-04,2,256
Puurs-Sint-Amands,12041,2020-10-05,3,259
Puurs-Sint-Amands,12041,2020-10-06,2,261
Puurs-Sint-Amands,12041,2020-10-07,4,265
Puurs-Sint-Amands,12041,2020-10-08,11,276
Puurs-Sint-Amands,12041,2020-10-09,12,288
Puurs-Sint-Amands,12041,2020-10-10,6,294
Puurs-Sint-Amands,12041,2020-10-11,7,301
Puurs-Sint-Amands,12041,2020-10-12,11,312
Puurs-Sint-Amands,12041,2020-10-13,5,317
Puurs-Sint-Amands,12041,2020-10-14,12,329
Puurs-Sint-Amands,12041,2020-10-15,11,340
Puurs-Sint-Amands,12041,2020-10-16,5,345
Puurs-Sint-Amands,12041,2020-10-17,8,353
Puurs-Sint-Amands,12041,2020-10-18,10,363
Puurs-Sint-Amands,12041,2020-10-19,7,370
Puurs-Sint-Amands,12041,2020-10-20,3,373
Puurs-Sint-Amands,12041,2020-10-21,16,389
Puurs-Sint-Amands,12041,2020-10-22,19,408
Puurs-Sint-Amands,12041,2020-10-23,21,429
Puurs-Sint-Amands,12041,2020-10-24,19,448
Puurs-Sint-Amands,12041,2020-10-25,26,474
Puurs-Sint-Amands,12041,2020-10-26,15,489
Puurs-Sint-Amands,12041,2020-10-27,23,512
Puurs-Sint-Amands,12041,2020-10-28,23,535
Puurs-Sint-Amands,12041,2020-10-29,39,574
Puurs-Sint-Amands,12041,2020-10-30,37,611
Puurs-Sint-Amands,12041,2020-10-31,30,641
Puurs-Sint-Amands,12041,2020-11-01,16,657
Puurs-Sint-Amands,12041,2020-11-02,10,667
Puurs-Sint-Amands,12041,2020-11-03,4,671
Puurs-Sint-Amands,12041,2020-11-04,15,686
Puurs-Sint-Amands,12041,2020-11-05,17,703
Puurs-Sint-Amands,12041,2020-11-06,8,711
Puurs-Sint-Amands,12041,2020-11-07,11,722
Puurs-Sint-Amands,12041,2020-11-08,11,733
Puurs-Sint-Amands,12041,2020-11-09,6,739
Puurs-Sint-Amands,12041,2020-11-10,7,746
Puurs-Sint-Amands,12041,2020-11-11,22,768
Arendonk,13001,2020-04-01,0,7
Arendonk,13001,2020-04-02,0,7
Arendonk,13001,2020-04-03,1,8
Arendonk,13001,2020-04-04,2,10
Arendonk,13001,2020-04-05,0,10
Arendonk,13001,2020-04-06,0,10
Arendonk,13001,2020-04-07,1,11
Arendonk,13001,2020-04-08,0,11
Arendonk,13001,2020-04-09,2,13
Arendonk,13001,2020-04-10,0,13
Arendonk,13001,2020-04-11,1,14
Arendonk,13001,2020-04-12,0,14
Arendonk,13001,2020-04-13,2,16
Arendonk,13001,2020-04-14,0,16
Arendonk,13001,2020-04-15,0,16
Arendonk,13001,2020-04-16,1,17
Arendonk,13001,2020-04-17,2,19
Arendonk,13001,2020-04-18,1,20
Arendonk,13001,2020-04-19,0,20
Arendonk,13001,2020-04-20,1,21
Arendonk,13001,2020-04-21,0,21
Arendonk,13001,2020-04-22,0,21
Arendonk,13001,2020-04-23,1,22
Arendonk,13001,2020-04-24,1,23
Arendonk,13001,2020-04-25,0,23
Arendonk,13001,2020-04-26,0,23
Arendonk,13001,2020-04-27,0,23
Arendonk,13001,2020-04-28,0,23
Arendonk,13001,2020-04-29,0,23
Arendonk,13001,2020-04-30,2,25
Arendonk,13001,2020-05-01,0,25
Arendonk,13001,2020-05-02,0,25
Arendonk,13001,2020-05-03,0,25
Arendonk,13001,2020-05-04,0,25
Arendonk,13001,2020-05-05,0,25
Arendonk,13001,2020-05-06,0,25
Arendonk,13001,2020-05-07,1,26
Arendonk,13001,2020-05-08,0,26
Arendonk,13001,2020-05-09,0,26
Arendonk,13001,2020-05-10,1,27
Arendonk,13001,2020-05-11,0,27
Arendonk,13001,2020-05-12,1,28
Arendonk,13001,2020-05-13,0,28
Arendonk,13001,2020-05-14,1,29
Arendonk,13001,2020-05-15,0,29
Arendonk,13001,2020-05-16,0,29
Arendonk,13001,2020-05-17,0,29
Arendonk,13001,2020-05-18,1,30
Arendonk,13001,2020-05-19,0,30
Arendonk,13001,2020-05-20,0,30
Arendonk,13001,2020-05-21,1,31
Arendonk,13001,2020-05-22,0,31
Arendonk,13001,2020-05-23,1,32
Arendonk,13001,2020-05-24,3,35
Arendonk,13001,2020-05-25,2,37
Arendonk,13001,2020-05-26,0,37
Arendonk,13001,2020-05-27,0,37
Arendonk,13001,2020-05-28,0,37
Arendonk,13001,2020-05-29,0,37
Arendonk,13001,2020-05-30,0,37
Arendonk,13001,2020-05-31,1,38
Arendonk,13001,2020-06-01,0,38
Arendonk,13001,2020-06-02,0,38
Arendonk,13001,2020-06-03,0,38
Arendonk,13001,2020-06-04,0,38
Arendonk,13001,2020-06-05,0,38
Arendonk,13001,2020-06-06,0,38
Arendonk,13001,2020-06-07,0,38
Arendonk,13001,2020-06-08,0,38
Arendonk,13001,2020-06-09,0,38
Arendonk,13001,2020-06-10,0,38
Arendonk,13001,2020-06-11,1,39
Arendonk,13001,2020-06-12,0,39
Arendonk,13001,2020-06-13,0,39
Arendonk,13001,2020-06-14,0,39
Arendonk,13001,2020-06-15,0,39
Arendonk,13001,2020-06-16,0,39
Arendonk,13001,2020-06-17,0,39
Arendonk,13001,2020-06-18,1,40
Arendonk,13001,2020-06-19,0,40
Arendonk,13001,2020-06-20,1,41
Arendonk,13001,2020-06-23,4,45
Arendonk,13001,2020-06-24,0,45
Arendonk,13001,2020-06-25,0,45
Arendonk,13001,2020-06-26,1,46
Arendonk,13001,2020-06-27,1,47
Arendonk,13001,2020-06-30,1,48
Arendonk,13001,2020-07-01,0,48
Arendonk,13001,2020-07-02,0,48
Arendonk,13001,2020-07-03,0,48
Arendonk,13001,2020-07-04,0,48
Arendonk,13001,2020-07-07,1,49
Arendonk,13001,2020-07-08,0,49
Arendonk,13001,2020-07-09,1,50
Arendonk,13001,2020-07-10,0,50
Arendonk,13001,2020-07-11,0,50
Arendonk,13001,2020-07-14,0,50
Arendonk,13001,2020-07-15,0,50
Arendonk,13001,2020-07-16,0,50
Arendonk,13001,2020-07-17,0,50
Arendonk,13001,2020-07-18,1,51
Arendonk,13001,2020-07-20,0,51
Arendonk,13001,2020-07-21,0,51
Arendonk,13001,2020-07-22,0,51
Arendonk,13001,2020-07-23,0,51
Arendonk,13001,2020-07-24,0,51
Arendonk,13001,2020-07-25,0,51
Arendonk,13001,2020-07-26,3,54
Arendonk,13001,2020-07-27,0,54
Arendonk,13001,2020-07-28,0,54
Arendonk,13001,2020-07-29,0,54
Arendonk,13001,2020-07-30,1,55
Arendonk,13001,2020-07-31,0,55
Arendonk,13001,2020-08-01,0,55
Arendonk,13001,2020-08-02,0,55
Arendonk,13001,2020-08-03,0,55
Arendonk,13001,2020-08-04,0,55
Arendonk,13001,2020-08-05,0,55
Arendonk,13001,2020-08-06,2,57
Arendonk,13001,2020-08-07,2,59
Arendonk,13001,2020-08-08,1,60
Arendonk,13001,2020-08-09,2,62
Arendonk,13001,2020-08-10,0,62
Arendonk,13001,2020-08-11,0,62
Arendonk,13001,2020-08-12,0,62
Arendonk,13001,2020-08-13,0,62
Arendonk,13001,2020-08-14,0,62
Arendonk,13001,2020-08-15,0,62
Arendonk,13001,2020-08-16,0,62
Arendonk,13001,2020-08-17,0,62
Arendonk,13001,2020-08-18,0,62
Arendonk,13001,2020-08-19,0,62
Arendonk,13001,2020-08-20,0,62
Arendonk,13001,2020-08-21,0,62
Arendonk,13001,2020-08-22,0,62
Arendonk,13001,2020-08-23,1,63
Arendonk,13001,2020-08-24,1,64
Arendonk,13001,2020-08-25,0,64
Arendonk,13001,2020-08-26,0,64
Arendonk,13001,2020-08-27,0,64
Arendonk,13001,2020-08-28,0,64
Arendonk,13001,2020-08-29,1,65
Arendonk,13001,2020-08-30,0,65
Arendonk,13001,2020-08-31,1,66
Arendonk,13001,2020-09-01,3,69
Arendonk,13001,2020-09-02,0,69
Arendonk,13001,2020-09-03,0,69
Arendonk,13001,2020-09-04,0,69
Arendonk,13001,2020-09-05,1,70
Arendonk,13001,2020-09-06,1,71
Arendonk,13001,2020-09-07,0,71
Arendonk,13001,2020-09-08,0,71
Arendonk,13001,2020-09-09,1,72
Arendonk,13001,2020-09-10,0,72
Arendonk,13001,2020-09-11,0,72
Arendonk,13001,2020-09-12,0,72
Arendonk,13001,2020-09-13,0,72
Arendonk,13001,2020-09-14,0,72
Arendonk,13001,2020-09-15,0,72
Arendonk,13001,2020-09-16,0,72
Arendonk,13001,2020-09-17,2,74
Arendonk,13001,2020-09-18,1,75
Arendonk,13001,2020-09-19,5,80
Arendonk,13001,2020-09-20,-5,75
Arendonk,13001,2020-09-21,6,81
Arendonk,13001,2020-09-22,0,81
Arendonk,13001,2020-09-23,0,81
Arendonk,13001,2020-09-24,1,82
Arendonk,13001,2020-09-25,0,82
Arendonk,13001,2020-09-26,1,83
Arendonk,13001,2020-09-27,0,83
Arendonk,13001,2020-09-28,1,84
Arendonk,13001,2020-09-29,0,84
Arendonk,13001,2020-09-30,0,84
Arendonk,13001,2020-10-01,1,85
Arendonk,13001,2020-10-02,0,85
Arendonk,13001,2020-10-03,1,86
Arendonk,13001,2020-10-04,1,87
Arendonk,13001,2020-10-05,1,88
Arendonk,13001,2020-10-06,0,88
Arendonk,13001,2020-10-07,0,88
Arendonk,13001,2020-10-08,0,88
Arendonk,13001,2020-10-09,1,89
Arendonk,13001,2020-10-10,1,90
Arendonk,13001,2020-10-11,1,91
Arendonk,13001,2020-10-12,2,93
Arendonk,13001,2020-10-13,1,94
Arendonk,13001,2020-10-14,1,95
Arendonk,13001,2020-10-15,6,101
Arendonk,13001,2020-10-16,4,105
Arendonk,13001,2020-10-17,8,113
Arendonk,13001,2020-10-18,2,115
Arendonk,13001,2020-10-19,7,122
Arendonk,13001,2020-10-20,3,125
Arendonk,13001,2020-10-21,2,127
Arendonk,13001,2020-10-22,7,134
Arendonk,13001,2020-10-23,8,142
Arendonk,13001,2020-10-24,13,155
Arendonk,13001,2020-10-25,15,170
Arendonk,13001,2020-10-26,7,177
Arendonk,13001,2020-10-27,11,188
Arendonk,13001,2020-10-28,5,193
Arendonk,13001,2020-10-29,27,220
Arendonk,13001,2020-10-30,15,235
Arendonk,13001,2020-10-31,11,246
Arendonk,13001,2020-11-01,7,253
Arendonk,13001,2020-11-02,7,260
Arendonk,13001,2020-11-03,5,265
Arendonk,13001,2020-11-04,0,265
Arendonk,13001,2020-11-05,11,276
Arendonk,13001,2020-11-06,12,288
Arendonk,13001,2020-11-07,9,297
Arendonk,13001,2020-11-08,2,299
Arendonk,13001,2020-11-09,8,307
Arendonk,13001,2020-11-10,1,308
Arendonk,13001,2020-11-11,0,308
Baarle-Hertog,13002,2020-04-01,0,0
Baarle-Hertog,13002,2020-04-02,0,0
Baarle-Hertog,13002,2020-04-03,0,0
Baarle-Hertog,13002,2020-04-04,0,0
Baarle-Hertog,13002,2020-04-05,0,0
Baarle-Hertog,13002,2020-04-06,0,0
Baarle-Hertog,13002,2020-04-07,0,0
Baarle-Hertog,13002,2020-04-08,0,0
Baarle-Hertog,13002,2020-04-09,5,5
Baarle-Hertog,13002,2020-04-10,0,5
Baarle-Hertog,13002,2020-04-11,0,5
Baarle-Hertog,13002,2020-04-12,1,6
Baarle-Hertog,13002,2020-04-13,0,6
Baarle-Hertog,13002,2020-04-14,0,6
Baarle-Hertog,13002,2020-04-15,0,6
Baarle-Hertog,13002,2020-04-16,0,6
Baarle-Hertog,13002,2020-04-17,0,6
Baarle-Hertog,13002,2020-04-18,0,6
Baarle-Hertog,13002,2020-04-19,0,6
Baarle-Hertog,13002,2020-04-20,0,6
Baarle-Hertog,13002,2020-04-21,0,6
Baarle-Hertog,13002,2020-04-22,0,6
Baarle-Hertog,13002,2020-04-23,0,6
Baarle-Hertog,13002,2020-04-24,0,6
Baarle-Hertog,13002,2020-04-25,0,6
Baarle-Hertog,13002,2020-04-26,0,6
Baarle-Hertog,13002,2020-04-27,0,6
Baarle-Hertog,13002,2020-04-28,0,6
Baarle-Hertog,13002,2020-04-29,0,6
Baarle-Hertog,13002,2020-04-30,2,8
Baarle-Hertog,13002,2020-05-01,0,8
Baarle-Hertog,13002,2020-05-02,0,8
Baarle-Hertog,13002,2020-05-03,0,8
Baarle-Hertog,13002,2020-05-04,0,8
Baarle-Hertog,13002,2020-05-05,0,8
Baarle-Hertog,13002,2020-05-06,0,8
Baarle-Hertog,13002,2020-05-07,0,8
Baarle-Hertog,13002,2020-05-08,0,8
Baarle-Hertog,13002,2020-05-09,0,8
Baarle-Hertog,13002,2020-05-10,0,8
Baarle-Hertog,13002,2020-05-11,1,9
Baarle-Hertog,13002,2020-05-12,1,10
Baarle-Hertog,13002,2020-05-13,0,10
Baarle-Hertog,13002,2020-05-14,1,11
Baarle-Hertog,13002,2020-05-15,0,11
Baarle-Hertog,13002,2020-05-16,0,11
Baarle-Hertog,13002,2020-05-17,0,11
Baarle-Hertog,13002,2020-05-18,0,11
Baarle-Hertog,13002,2020-05-19,0,11
Baarle-Hertog,13002,2020-05-20,0,11
Baarle-Hertog,13002,2020-05-21,0,11
Baarle-Hertog,13002,2020-05-22,0,11
Baarle-Hertog,13002,2020-05-23,0,11
Baarle-Hertog,13002,2020-05-24,1,12
Baarle-Hertog,13002,2020-05-25,0,12
Baarle-Hertog,13002,2020-05-26,0,12
Baarle-Hertog,13002,2020-05-27,0,12
Baarle-Hertog,13002,2020-05-28,0,12
Baarle-Hertog,13002,2020-05-29,0,12
Baarle-Hertog,13002,2020-05-30,0,12
Baarle-Hertog,13002,2020-05-31,0,12
Baarle-Hertog,13002,2020-06-01,0,12
Baarle-Hertog,13002,2020-06-02,0,12
Baarle-Hertog,13002,2020-06-03,0,12
Baarle-Hertog,13002,2020-06-04,0,12
Baarle-Hertog,13002,2020-06-05,0,12
Baarle-Hertog,13002,2020-06-06,0,12
Baarle-Hertog,13002,2020-06-07,0,12
Baarle-Hertog,13002,2020-06-08,0,12
Baarle-Hertog,13002,2020-06-09,0,12
Baarle-Hertog,13002,2020-06-10,0,12
Baarle-Hertog,13002,2020-06-11,0,12
Baarle-Hertog,13002,2020-06-12,0,12
Baarle-Hertog,13002,2020-06-13,1,13
Baarle-Hertog,13002,2020-06-14,0,13
Baarle-Hertog,13002,2020-06-15,0,13
Baarle-Hertog,13002,2020-06-16,0,13
Baarle-Hertog,13002,2020-06-17,0,13
Baarle-Hertog,13002,2020-06-18,0,13
Baarle-Hertog,13002,2020-06-19,0,13
Baarle-Hertog,13002,2020-06-20,0,13
Baarle-Hertog,13002,2020-06-23,0,13
Baarle-Hertog,13002,2020-06-24,0,13
Baarle-Hertog,13002,2020-06-25,0,13
Baarle-Hertog,13002,2020-06-26,0,13
Baarle-Hertog,13002,2020-06-27,0,13
Baarle-Hertog,13002,2020-06-30,0,13
Baarle-Hertog,13002,2020-07-01,0,13
Baarle-Hertog,13002,2020-07-02,0,13
Baarle-Hertog,13002,2020-07-03,0,13
Baarle-Hertog,13002,2020-07-04,0,13
Baarle-Hertog,13002,2020-07-07,0,13
Baarle-Hertog,13002,2020-07-08,0,13
Baarle-Hertog,13002,2020-07-09,0,13
Baarle-Hertog,13002,2020-07-10,0,13
Baarle-Hertog,13002,2020-07-11,0,13
Baarle-Hertog,13002,2020-07-14,0,13
Baarle-Hertog,13002,2020-07-15,0,13
Baarle-Hertog,13002,2020-07-16,0,13
Baarle-Hertog,13002,2020-07-17,0,13
Baarle-Hertog,13002,2020-07-18,0,13
Baarle-Hertog,13002,2020-07-20,0,13
Baarle-Hertog,13002,2020-07-21,0,13
Baarle-Hertog,13002,2020-07-22,0,13
Baarle-Hertog,13002,2020-07-23,0,13
Baarle-Hertog,13002,2020-07-24,0,13
Baarle-Hertog,13002,2020-07-25,0,13
Baarle-Hertog,13002,2020-07-26,1,14
Baarle-Hertog,13002,2020-07-27,0,14
Baarle-Hertog,13002,2020-07-28,0,14
Baarle-Hertog,13002,2020-07-29,0,14
Baarle-Hertog,13002,2020-07-30,0,14
Baarle-Hertog,13002,2020-07-31,0,14
Baarle-Hertog,13002,2020-08-01,0,14
Baarle-Hertog,13002,2020-08-02,0,14
Baarle-Hertog,13002,2020-08-03,0,14
Baarle-Hertog,13002,2020-08-04,0,14
Baarle-Hertog,13002,2020-08-05,0,14
Baarle-Hertog,13002,2020-08-06,0,14
Baarle-Hertog,13002,2020-08-07,0,14
Baarle-Hertog,13002,2020-08-08,1,15
Baarle-Hertog,13002,2020-08-09,0,15
Baarle-Hertog,13002,2020-08-10,0,15
Baarle-Hertog,13002,2020-08-11,0,15
Baarle-Hertog,13002,2020-08-12,0,15
Baarle-Hertog,13002,2020-08-13,0,15
Baarle-Hertog,13002,2020-08-14,0,15
Baarle-Hertog,13002,2020-08-15,1,16
Baarle-Hertog,13002,2020-08-16,0,16
Baarle-Hertog,13002,2020-08-17,0,16
Baarle-Hertog,13002,2020-08-18,0,16
Baarle-Hertog,13002,2020-08-19,0,16
Baarle-Hertog,13002,2020-08-20,0,16
Baarle-Hertog,13002,2020-08-21,0,16
Baarle-Hertog,13002,2020-08-22,0,16
Baarle-Hertog,13002,2020-08-23,0,16
Baarle-Hertog,13002,2020-08-24,0,16
Baarle-Hertog,13002,2020-08-25,0,16
Baarle-Hertog,13002,2020-08-26,0,16
Baarle-Hertog,13002,2020-08-27,1,17
Baarle-Hertog,13002,2020-08-28,0,17
Baarle-Hertog,13002,2020-08-29,0,17
Baarle-Hertog,13002,2020-08-30,0,17
Baarle-Hertog,13002,2020-08-31,0,17
Baarle-Hertog,13002,2020-09-01,0,17
Baarle-Hertog,13002,2020-09-02,0,17
Baarle-Hertog,13002,2020-09-03,0,17
Baarle-Hertog,13002,2020-09-04,0,17
Baarle-Hertog,13002,2020-09-05,0,17
Baarle-Hertog,13002,2020-09-06,0,17
Baarle-Hertog,13002,2020-09-07,0,17
Baarle-Hertog,13002,2020-09-08,0,17
Baarle-Hertog,13002,2020-09-09,0,17
Baarle-Hertog,13002,2020-09-10,0,17
Baarle-Hertog,13002,2020-09-11,0,17
Baarle-Hertog,13002,2020-09-12,0,17
Baarle-Hertog,13002,2020-09-13,0,17
Baarle-Hertog,13002,2020-09-14,0,17
Baarle-Hertog,13002,2020-09-15,2,19
Baarle-Hertog,13002,2020-09-16,0,19
Baarle-Hertog,13002,2020-09-17,0,19
Baarle-Hertog,13002,2020-09-18,0,19
Baarle-Hertog,13002,2020-09-19,0,19
Baarle-Hertog,13002,2020-09-20,0,19
Baarle-Hertog,13002,2020-09-21,1,20
Baarle-Hertog,13002,2020-09-22,1,21
Baarle-Hertog,13002,2020-09-23,0,21
Baarle-Hertog,13002,2020-09-24,0,21
Baarle-Hertog,13002,2020-09-25,0,21
Baarle-Hertog,13002,2020-09-26,1,22
Baarle-Hertog,13002,2020-09-27,0,22
Baarle-Hertog,13002,2020-09-28,0,22
Baarle-Hertog,13002,2020-09-29,0,22
Baarle-Hertog,13002,2020-09-30,1,23
Baarle-Hertog,13002,2020-10-01,0,23
Baarle-Hertog,13002,2020-10-02,2,25
Baarle-Hertog,13002,2020-10-03,1,26
Baarle-Hertog,13002,2020-10-04,1,27
Baarle-Hertog,13002,2020-10-05,0,27
Baarle-Hertog,13002,2020-10-06,0,27
Baarle-Hertog,13002,2020-10-07,0,27
Baarle-Hertog,13002,2020-10-08,0,27
Baarle-Hertog,13002,2020-10-09,0,27
Baarle-Hertog,13002,2020-10-10,1,28
Baarle-Hertog,13002,2020-10-11,0,28
Baarle-Hertog,13002,2020-10-12,0,28
Baarle-Hertog,13002,2020-10-13,2,30
Baarle-Hertog,13002,2020-10-14,1,31
Baarle-Hertog,13002,2020-10-15,0,31
Baarle-Hertog,13002,2020-10-16,3,34
Baarle-Hertog,13002,2020-10-17,1,35
Baarle-Hertog,13002,2020-10-18,2,37
Baarle-Hertog,13002,2020-10-19,1,38
Baarle-Hertog,13002,2020-10-20,2,40
Baarle-Hertog,13002,2020-10-21,2,42
Baarle-Hertog,13002,2020-10-22,2,44
Baarle-Hertog,13002,2020-10-23,1,45
Baarle-Hertog,13002,2020-10-24,3,48
Baarle-Hertog,13002,2020-10-25,0,48
Baarle-Hertog,13002,2020-10-26,1,49
Baarle-Hertog,13002,2020-10-27,1,50
Baarle-Hertog,13002,2020-10-28,1,51
Baarle-Hertog,13002,2020-10-29,2,53
Baarle-Hertog,13002,2020-10-30,1,54
Baarle-Hertog,13002,2020-10-31,1,55
Baarle-Hertog,13002,2020-11-01,2,57
Baarle-Hertog,13002,2020-11-02,3,60
Baarle-Hertog,13002,2020-11-03,0,60
Baarle-Hertog,13002,2020-11-04,2,62
Baarle-Hertog,13002,2020-11-05,1,63
Baarle-Hertog,13002,2020-11-06,2,65
Baarle-Hertog,13002,2020-11-07,0,65
Baarle-Hertog,13002,2020-11-08,1,66
Baarle-Hertog,13002,2020-11-09,0,66
Baarle-Hertog,13002,2020-11-10,0,66
Baarle-Hertog,13002,2020-11-11,0,66
Balen,13003,2020-04-01,0,20
Balen,13003,2020-04-02,2,22
Balen,13003,2020-04-03,1,23
Balen,13003,2020-04-04,3,26
Balen,13003,2020-04-05,0,26
Balen,13003,2020-04-06,1,27
Balen,13003,2020-04-07,0,27
Balen,13003,2020-04-08,2,29
Balen,13003,2020-04-09,0,29
Balen,13003,2020-04-10,0,29
Balen,13003,2020-04-11,1,30
Balen,13003,2020-04-12,2,32
Balen,13003,2020-04-13,1,33
Balen,13003,2020-04-14,0,33
Balen,13003,2020-04-15,0,33
Balen,13003,2020-04-16,0,33
Balen,13003,2020-04-17,0,33
Balen,13003,2020-04-18,0,33
Balen,13003,2020-04-19,0,33
Balen,13003,2020-04-20,0,33
Balen,13003,2020-04-21,1,34
Balen,13003,2020-04-22,0,34
Balen,13003,2020-04-23,0,34
Balen,13003,2020-04-24,3,37
Balen,13003,2020-04-25,0,37
Balen,13003,2020-04-26,0,37
Balen,13003,2020-04-27,2,39
Balen,13003,2020-04-28,0,39
Balen,13003,2020-04-29,1,40
Balen,13003,2020-04-30,4,44
Balen,13003,2020-05-01,0,44
Balen,13003,2020-05-02,0,44
Balen,13003,2020-05-03,0,44
Balen,13003,2020-05-04,0,44
Balen,13003,2020-05-05,0,44
Balen,13003,2020-05-06,0,44
Balen,13003,2020-05-07,1,45
Balen,13003,2020-05-08,0,45
Balen,13003,2020-05-09,0,45
Balen,13003,2020-05-10,0,45
Balen,13003,2020-05-11,0,45
Balen,13003,2020-05-12,0,45
Balen,13003,2020-05-13,0,45
Balen,13003,2020-05-14,0,45
Balen,13003,2020-05-15,2,47
Balen,13003,2020-05-16,0,47
Balen,13003,2020-05-17,0,47
Balen,13003,2020-05-18,0,47
Balen,13003,2020-05-19,1,48
Balen,13003,2020-05-20,0,48
Balen,13003,2020-05-21,1,49
Balen,13003,2020-05-22,0,49
Balen,13003,2020-05-23,0,49
Balen,13003,2020-05-24,0,49
Balen,13003,2020-05-25,0,49
Balen,13003,2020-05-26,0,49
Balen,13003,2020-05-27,0,49
Balen,13003,2020-05-28,0,49
Balen,13003,2020-05-29,0,49
Balen,13003,2020-05-30,0,49
Balen,13003,2020-05-31,0,49
Balen,13003,2020-06-01,0,49
Balen,13003,2020-06-02,0,49
Balen,13003,2020-06-03,0,49
Balen,13003,2020-06-04,0,49
Balen,13003,2020-06-05,0,49
Balen,13003,2020-06-06,1,50
Balen,13003,2020-06-07,0,50
Balen,13003,2020-06-08,0,50
Balen,13003,2020-06-09,1,51
Balen,13003,2020-06-10,0,51
Balen,13003,2020-06-11,0,51
Balen,13003,2020-06-12,0,51
Balen,13003,2020-06-13,0,51
Balen,13003,2020-06-14,1,52
Balen,13003,2020-06-15,0,52
Balen,13003,2020-06-16,0,52
Balen,13003,2020-06-17,0,52
Balen,13003,2020-06-18,0,52
Balen,13003,2020-06-19,0,52
Balen,13003,2020-06-20,0,52
Balen,13003,2020-06-23,0,52
Balen,13003,2020-06-24,0,52
Balen,13003,2020-06-25,0,52
Balen,13003,2020-06-26,0,52
Balen,13003,2020-06-27,1,53
Balen,13003,2020-06-30,0,53
Balen,13003,2020-07-01,0,53
Balen,13003,2020-07-02,0,53
Balen,13003,2020-07-03,0,53
Balen,13003,2020-07-04,0,53
Balen,13003,2020-07-07,0,53
Balen,13003,2020-07-08,0,53
Balen,13003,2020-07-09,0,53
Balen,13003,2020-07-10,0,53
Balen,13003,2020-07-11,0,53
Balen,13003,2020-07-14,1,54
Balen,13003,2020-07-15,0,54
Balen,13003,2020-07-16,0,54
Balen,13003,2020-07-17,0,54
Balen,13003,2020-07-18,0,54
Balen,13003,2020-07-20,1,55
Balen,13003,2020-07-21,0,55
Balen,13003,2020-07-22,2,57
Balen,13003,2020-07-23,0,57
Balen,13003,2020-07-24,1,58
Balen,13003,2020-07-25,2,60
Balen,13003,2020-07-26,0,60
Balen,13003,2020-07-27,1,61
Balen,13003,2020-07-28,0,61
Balen,13003,2020-07-29,0,61
Balen,13003,2020-07-30,0,61
Balen,13003,2020-07-31,0,61
Balen,13003,2020-08-01,0,61
Balen,13003,2020-08-02,1,62
Balen,13003,2020-08-03,1,63
Balen,13003,2020-08-04,1,64
Balen,13003,2020-08-05,1,65
Balen,13003,2020-08-06,0,65
Balen,13003,2020-08-07,0,65
Balen,13003,2020-08-08,0,65
Balen,13003,2020-08-09,0,65
Balen,13003,2020-08-10,0,65
Balen,13003,2020-08-11,1,66
Balen,13003,2020-08-12,0,66
Balen,13003,2020-08-13,1,67
Balen,13003,2020-08-14,0,67
Balen,13003,2020-08-15,0,67
Balen,13003,2020-08-16,1,68
Balen,13003,2020-08-17,1,69
Balen,13003,2020-08-18,1,70
Balen,13003,2020-08-19,0,70
Balen,13003,2020-08-20,1,71
Balen,13003,2020-08-21,0,71
Balen,13003,2020-08-22,2,73
Balen,13003,2020-08-23,0,73
Balen,13003,2020-08-24,0,73
Balen,13003,2020-08-25,0,73
Balen,13003,2020-08-26,0,73
Balen,13003,2020-08-27,2,75
Balen,13003,2020-08-28,0,75
Balen,13003,2020-08-29,2,77
Balen,13003,2020-08-30,1,78
Balen,13003,2020-08-31,0,78
Balen,13003,2020-09-01,0,78
Balen,13003,2020-09-02,0,78
Balen,13003,2020-09-03,1,79
Balen,13003,2020-09-04,0,79
Balen,13003,2020-09-05,3,82
Balen,13003,2020-09-06,0,82
Balen,13003,2020-09-07,1,83
Balen,13003,2020-09-08,3,86
Balen,13003,2020-09-09,1,87
Balen,13003,2020-09-10,1,88
Balen,13003,2020-09-11,2,90
Balen,13003,2020-09-12,3,93
Balen,13003,2020-09-13,0,93
Balen,13003,2020-09-14,0,93
Balen,13003,2020-09-15,0,93
Balen,13003,2020-09-16,0,93
Balen,13003,2020-09-17,3,96
Balen,13003,2020-09-18,0,96
Balen,13003,2020-09-19,7,103
Balen,13003,2020-09-20,0,103
Balen,13003,2020-09-21,0,103
Balen,13003,2020-09-22,0,103
Balen,13003,2020-09-23,0,103
Balen,13003,2020-09-24,0,103
Balen,13003,2020-09-25,0,103
Balen,13003,2020-09-26,0,103
Balen,13003,2020-09-27,1,104
Balen,13003,2020-09-28,1,105
Balen,13003,2020-09-29,0,105
Balen,13003,2020-09-30,0,105
Balen,13003,2020-10-01,0,105
Balen,13003,2020-10-02,2,107
Balen,13003,2020-10-03,0,107
Balen,13003,2020-10-04,0,107
Balen,13003,2020-10-05,0,107
Balen,13003,2020-10-06,2,109
Balen,13003,2020-10-07,0,109
Balen,13003,2020-10-08,0,109
Balen,13003,2020-10-09,3,112
Balen,13003,2020-10-10,3,115
Balen,13003,2020-10-11,6,121
Balen,13003,2020-10-12,5,126
Balen,13003,2020-10-13,4,130
Balen,13003,2020-10-14,3,133
Balen,13003,2020-10-15,7,140
Balen,13003,2020-10-16,22,162
Balen,13003,2020-10-17,11,173
Balen,13003,2020-10-18,21,194
Balen,13003,2020-10-19,6,200
Balen,13003,2020-10-20,15,215
Balen,13003,2020-10-21,23,238
Balen,13003,2020-10-22,13,251
Balen,13003,2020-10-23,40,291
Balen,13003,2020-10-24,19,310
Balen,13003,2020-10-25,11,321
Balen,13003,2020-10-26,10,331
Balen,13003,2020-10-27,16,347
Balen,13003,2020-10-28,22,369
Balen,13003,2020-10-29,18,387
Balen,13003,2020-10-30,17,404
Balen,13003,2020-10-31,15,419
Balen,13003,2020-11-01,9,428
Balen,13003,2020-11-02,6,434
Balen,13003,2020-11-03,18,452
Balen,13003,2020-11-04,2,454
Balen,13003,2020-11-05,15,469
Balen,13003,2020-11-06,14,483
Balen,13003,2020-11-07,11,494
Balen,13003,2020-11-08,2,496
Balen,13003,2020-11-09,3,499
Balen,13003,2020-11-10,1,500
Balen,13003,2020-11-11,2,502
Beerse,13004,2020-04-01,2,14
Beerse,13004,2020-04-02,2,16
Beerse,13004,2020-04-03,1,17
Beerse,13004,2020-04-04,3,20
Beerse,13004,2020-04-05,0,20
Beerse,13004,2020-04-06,1,21
Beerse,13004,2020-04-07,0,21
Beerse,13004,2020-04-08,1,22
Beerse,13004,2020-04-09,3,25
Beerse,13004,2020-04-10,1,26
Beerse,13004,2020-04-11,1,27
Beerse,13004,2020-04-12,0,27
Beerse,13004,2020-04-13,0,27
Beerse,13004,2020-04-14,0,27
Beerse,13004,2020-04-15,0,27
Beerse,13004,2020-04-16,2,29
Beerse,13004,2020-04-17,0,29
Beerse,13004,2020-04-18,0,29
Beerse,13004,2020-04-19,2,31
Beerse,13004,2020-04-20,1,32
Beerse,13004,2020-04-21,0,32
Beerse,13004,2020-04-22,0,32
Beerse,13004,2020-04-23,0,32
Beerse,13004,2020-04-24,3,35
Beerse,13004,2020-04-25,0,35
Beerse,13004,2020-04-26,0,35
Beerse,13004,2020-04-27,0,35
Beerse,13004,2020-04-28,0,35
Beerse,13004,2020-04-29,0,35
Beerse,13004,2020-04-30,2,37
Beerse,13004,2020-05-01,0,37
Beerse,13004,2020-05-02,0,37
Beerse,13004,2020-05-03,0,37
Beerse,13004,2020-05-04,1,38
Beerse,13004,2020-05-05,0,38
Beerse,13004,2020-05-06,1,39
Beerse,13004,2020-05-07,1,40
Beerse,13004,2020-05-08,1,41
Beerse,13004,2020-05-09,0,41
Beerse,13004,2020-05-10,0,41
Beerse,13004,2020-05-11,3,44
Beerse,13004,2020-05-12,1,45
Beerse,13004,2020-05-13,1,46
Beerse,13004,2020-05-14,2,48
Beerse,13004,2020-05-15,1,49
Beerse,13004,2020-05-16,0,49
Beerse,13004,2020-05-17,2,51
Beerse,13004,2020-05-18,0,51
Beerse,13004,2020-05-19,0,51
Beerse,13004,2020-05-20,0,51
Beerse,13004,2020-05-21,0,51
Beerse,13004,2020-05-22,1,52
Beerse,13004,2020-05-23,0,52
Beerse,13004,2020-05-24,0,52
Beerse,13004,2020-05-25,0,52
Beerse,13004,2020-05-26,0,52
Beerse,13004,2020-05-27,0,52
Beerse,13004,2020-05-28,0,52
Beerse,13004,2020-05-29,0,52
Beerse,13004,2020-05-30,0,52
Beerse,13004,2020-05-31,0,52
Beerse,13004,2020-06-01,0,52
Beerse,13004,2020-06-02,0,52
Beerse,13004,2020-06-03,0,52
Beerse,13004,2020-06-04,0,52
Beerse,13004,2020-06-05,0,52
Beerse,13004,2020-06-06,0,52
Beerse,13004,2020-06-07,0,52
Beerse,13004,2020-06-08,0,52
Beerse,13004,2020-06-09,1,53
Beerse,13004,2020-06-10,0,53
Beerse,13004,2020-06-11,0,53
Beerse,13004,2020-06-12,0,53
Beerse,13004,2020-06-13,1,54
Beerse,13004,2020-06-14,0,54
Beerse,13004,2020-06-15,0,54
Beerse,13004,2020-06-16,0,54
Beerse,13004,2020-06-17,0,54
Beerse,13004,2020-06-18,1,55
Beerse,13004,2020-06-19,1,56
Beerse,13004,2020-06-20,0,56
Beerse,13004,2020-06-23,0,56
Beerse,13004,2020-06-24,0,56
Beerse,13004,2020-06-25,0,56
Beerse,13004,2020-06-26,1,57
Beerse,13004,2020-06-27,0,57
Beerse,13004,2020-06-30,1,58
Beerse,13004,2020-07-01,0,58
Beerse,13004,2020-07-02,0,58
Beerse,13004,2020-07-03,0,58
Beerse,13004,2020-07-04,0,58
Beerse,13004,2020-07-07,0,58
Beerse,13004,2020-07-08,0,58
Beerse,13004,2020-07-09,0,58
Beerse,13004,2020-07-10,0,58
Beerse,13004,2020-07-11,0,58
Beerse,13004,2020-07-14,1,59
Beerse,13004,2020-07-15,0,59
Beerse,13004,2020-07-16,2,61
Beerse,13004,2020-07-17,0,61
Beerse,13004,2020-07-18,0,61
Beerse,13004,2020-07-20,0,61
Beerse,13004,2020-07-21,0,61
Beerse,13004,2020-07-22,0,61
Beerse,13004,2020-07-23,1,62
Beerse,13004,2020-07-24,0,62
Beerse,13004,2020-07-25,0,62
Beerse,13004,2020-07-26,0,62
Beerse,13004,2020-07-27,0,62
Beerse,13004,2020-07-28,1,63
Beerse,13004,2020-07-29,0,63
Beerse,13004,2020-07-30,1,64
Beerse,13004,2020-07-31,0,64
Beerse,13004,2020-08-01,1,65
Beerse,13004,2020-08-02,3,68
Beerse,13004,2020-08-03,3,71
Beerse,13004,2020-08-04,0,71
Beerse,13004,2020-08-05,0,71
Beerse,13004,2020-08-06,1,72
Beerse,13004,2020-08-07,1,73
Beerse,13004,2020-08-08,1,74
Beerse,13004,2020-08-09,0,74
Beerse,13004,2020-08-10,0,74
Beerse,13004,2020-08-11,2,76
Beerse,13004,2020-08-12,0,76
Beerse,13004,2020-08-13,0,76
Beerse,13004,2020-08-14,0,76
Beerse,13004,2020-08-15,0,76
Beerse,13004,2020-08-16,0,76
Beerse,13004,2020-08-17,0,76
Beerse,13004,2020-08-18,0,76
Beerse,13004,2020-08-19,0,76
Beerse,13004,2020-08-20,1,77
Beerse,13004,2020-08-21,0,77
Beerse,13004,2020-08-22,2,79
Beerse,13004,2020-08-23,0,79
Beerse,13004,2020-08-24,1,80
Beerse,13004,2020-08-25,0,80
Beerse,13004,2020-08-26,1,81
Beerse,13004,2020-08-27,1,82
Beerse,13004,2020-08-28,2,84
Beerse,13004,2020-08-29,0,84
Beerse,13004,2020-08-30,0,84
Beerse,13004,2020-08-31,0,84
Beerse,13004,2020-09-01,0,84
Beerse,13004,2020-09-02,0,84
Beerse,13004,2020-09-03,0,84
Beerse,13004,2020-09-04,0,84
Beerse,13004,2020-09-05,1,85
Beerse,13004,2020-09-06,0,85
Beerse,13004,2020-09-07,2,87
Beerse,13004,2020-09-08,0,87
Beerse,13004,2020-09-09,0,87
Beerse,13004,2020-09-10,0,87
Beerse,13004,2020-09-11,0,87
Beerse,13004,2020-09-12,1,88
Beerse,13004,2020-09-13,0,88
Beerse,13004,2020-09-14,1,89
Beerse,13004,2020-09-15,6,95
Beerse,13004,2020-09-16,0,95
Beerse,13004,2020-09-17,1,96
Beerse,13004,2020-09-18,0,96
Beerse,13004,2020-09-19,0,96
Beerse,13004,2020-09-20,0,96
Beerse,13004,2020-09-21,2,98
Beerse,13004,2020-09-22,0,98
Beerse,13004,2020-09-23,2,100
Beerse,13004,2020-09-24,1,101
Beerse,13004,2020-09-25,0,101
Beerse,13004,2020-09-26,3,104
Beerse,13004,2020-09-27,1,105
Beerse,13004,2020-09-28,1,106
Beerse,13004,2020-09-29,1,107
Beerse,13004,2020-09-30,0,107
Beerse,13004,2020-10-01,1,108
Beerse,13004,2020-10-02,0,108
Beerse,13004,2020-10-03,1,109
Beerse,13004,2020-10-04,1,110
Beerse,13004,2020-10-05,1,111
Beerse,13004,2020-10-06,0,111
Beerse,13004,2020-10-07,1,112
Beerse,13004,2020-10-08,4,116
Beerse,13004,2020-10-09,4,120
Beerse,13004,2020-10-10,9,129
Beerse,13004,2020-10-11,9,138
Beerse,13004,2020-10-12,8,146
Beerse,13004,2020-10-13,14,160
Beerse,13004,2020-10-14,14,174
Beerse,13004,2020-10-15,7,181
Beerse,13004,2020-10-16,5,186
Beerse,13004,2020-10-17,12,198
Beerse,13004,2020-10-18,16,214
Beerse,13004,2020-10-19,13,227
Beerse,13004,2020-10-20,13,240
Beerse,13004,2020-10-21,12,252
Beerse,13004,2020-10-22,5,257
Beerse,13004,2020-10-23,22,279
Beerse,13004,2020-10-24,10,289
Beerse,13004,2020-10-25,16,305
Beerse,13004,2020-10-26,17,322
Beerse,13004,2020-10-27,31,353
Beerse,13004,2020-10-28,16,369
Beerse,13004,2020-10-29,12,381
Beerse,13004,2020-10-30,26,407
Beerse,13004,2020-10-31,17,424
Beerse,13004,2020-11-01,20,444
Beerse,13004,2020-11-02,14,458
Beerse,13004,2020-11-03,14,472
Beerse,13004,2020-11-04,9,481
Beerse,13004,2020-11-05,15,496
Beerse,13004,2020-11-06,9,505
Beerse,13004,2020-11-07,10,515
Beerse,13004,2020-11-08,2,517
Beerse,13004,2020-11-09,4,521
Beerse,13004,2020-11-10,3,524
Beerse,13004,2020-11-11,0,524
Dessel,13006,2020-04-01,0,0
Dessel,13006,2020-04-02,0,0
Dessel,13006,2020-04-03,5,5
Dessel,13006,2020-04-04,1,6
Dessel,13006,2020-04-05,0,6
Dessel,13006,2020-04-06,0,6
Dessel,13006,2020-04-07,0,6
Dessel,13006,2020-04-08,1,7
Dessel,13006,2020-04-09,2,9
Dessel,13006,2020-04-10,0,9
Dessel,13006,2020-04-11,0,9
Dessel,13006,2020-04-12,0,9
Dessel,13006,2020-04-13,0,9
Dessel,13006,2020-04-14,0,9
Dessel,13006,2020-04-15,0,9
Dessel,13006,2020-04-16,0,9
Dessel,13006,2020-04-17,0,9
Dessel,13006,2020-04-18,1,10
Dessel,13006,2020-04-19,0,10
Dessel,13006,2020-04-20,1,11
Dessel,13006,2020-04-21,0,11
Dessel,13006,2020-04-22,0,11
Dessel,13006,2020-04-23,1,12
Dessel,13006,2020-04-24,1,13
Dessel,13006,2020-04-25,0,13
Dessel,13006,2020-04-26,0,13
Dessel,13006,2020-04-27,0,13
Dessel,13006,2020-04-28,0,13
Dessel,13006,2020-04-29,0,13
Dessel,13006,2020-04-30,1,14
Dessel,13006,2020-05-01,0,14
Dessel,13006,2020-05-02,3,17
Dessel,13006,2020-05-03,0,17
Dessel,13006,2020-05-04,0,17
Dessel,13006,2020-05-05,0,17
Dessel,13006,2020-05-06,0,17
Dessel,13006,2020-05-07,2,19
Dessel,13006,2020-05-08,0,19
Dessel,13006,2020-05-09,0,19
Dessel,13006,2020-05-10,2,21
Dessel,13006,2020-05-11,0,21
Dessel,13006,2020-05-12,0,21
Dessel,13006,2020-05-13,0,21
Dessel,13006,2020-05-14,0,21
Dessel,13006,2020-05-15,0,21
Dessel,13006,2020-05-16,0,21
Dessel,13006,2020-05-17,0,21
Dessel,13006,2020-05-18,0,21
Dessel,13006,2020-05-19,0,21
Dessel,13006,2020-05-20,0,21
Dessel,13006,2020-05-21,0,21
Dessel,13006,2020-05-22,0,21
Dessel,13006,2020-05-23,0,21
Dessel,13006,2020-05-24,0,21
Dessel,13006,2020-05-25,0,21
Dessel,13006,2020-05-26,0,21
Dessel,13006,2020-05-27,0,21
Dessel,13006,2020-05-28,0,21
Dessel,13006,2020-05-29,0,21
Dessel,13006,2020-05-30,1,22
Dessel,13006,2020-05-31,0,22
Dessel,13006,2020-06-01,0,22
Dessel,13006,2020-06-02,0,22
Dessel,13006,2020-06-03,0,22
Dessel,13006,2020-06-04,0,22
Dessel,13006,2020-06-05,1,23
Dessel,13006,2020-06-06,0,23
Dessel,13006,2020-06-07,0,23
Dessel,13006,2020-06-08,0,23
Dessel,13006,2020-06-09,0,23
Dessel,13006,2020-06-10,0,23
Dessel,13006,2020-06-11,0,23
Dessel,13006,2020-06-12,0,23
Dessel,13006,2020-06-13,0,23
Dessel,13006,2020-06-14,0,23
Dessel,13006,2020-06-15,0,23
Dessel,13006,2020-06-16,0,23
Dessel,13006,2020-06-17,0,23
Dessel,13006,2020-06-18,0,23
Dessel,13006,2020-06-19,0,23
Dessel,13006,2020-06-20,0,23
Dessel,13006,2020-06-23,0,23
Dessel,13006,2020-06-24,0,23
Dessel,13006,2020-06-25,0,23
Dessel,13006,2020-06-26,0,23
Dessel,13006,2020-06-27,0,23
Dessel,13006,2020-06-30,0,23
Dessel,13006,2020-07-01,0,23
Dessel,13006,2020-07-02,0,23
Dessel,13006,2020-07-03,0,23
Dessel,13006,2020-07-04,0,23
Dessel,13006,2020-07-07,0,23
Dessel,13006,2020-07-08,0,23
Dessel,13006,2020-07-09,0,23
Dessel,13006,2020-07-10,0,23
Dessel,13006,2020-07-11,0,23
Dessel,13006,2020-07-14,0,23
Dessel,13006,2020-07-15,0,23
Dessel,13006,2020-07-16,0,23
Dessel,13006,2020-07-17,0,23
Dessel,13006,2020-07-18,0,23
Dessel,13006,2020-07-20,0,23
Dessel,13006,2020-07-21,0,23
Dessel,13006,2020-07-22,0,23
Dessel,13006,2020-07-23,1,24
Dessel,13006,2020-07-24,0,24
Dessel,13006,2020-07-25,0,24
Dessel,13006,2020-07-26,0,24
Dessel,13006,2020-07-27,0,24
Dessel,13006,2020-07-28,0,24
Dessel,13006,2020-07-29,0,24
Dessel,13006,2020-07-30,0,24
Dessel,13006,2020-07-31,1,25
Dessel,13006,2020-08-01,0,25
Dessel,13006,2020-08-02,0,25
Dessel,13006,2020-08-03,0,25
Dessel,13006,2020-08-04,0,25
Dessel,13006,2020-08-05,0,25
Dessel,13006,2020-08-06,0,25
Dessel,13006,2020-08-07,0,25
Dessel,13006,2020-08-08,0,25
Dessel,13006,2020-08-09,0,25
Dessel,13006,2020-08-10,0,25
Dessel,13006,2020-08-11,0,25
Dessel,13006,2020-08-12,1,26
Dessel,13006,2020-08-13,0,26
Dessel,13006,2020-08-14,0,26
Dessel,13006,2020-08-15,0,26
Dessel,13006,2020-08-16,0,26
Dessel,13006,2020-08-17,0,26
Dessel,13006,2020-08-18,0,26
Dessel,13006,2020-08-19,0,26
Dessel,13006,2020-08-20,0,26
Dessel,13006,2020-08-21,0,26
Dessel,13006,2020-08-22,0,26
Dessel,13006,2020-08-23,0,26
Dessel,13006,2020-08-24,0,26
Dessel,13006,2020-08-25,0,26
Dessel,13006,2020-08-26,0,26
Dessel,13006,2020-08-27,0,26
Dessel,13006,2020-08-28,0,26
Dessel,13006,2020-08-29,0,26
Dessel,13006,2020-08-30,0,26
Dessel,13006,2020-08-31,0,26
Dessel,13006,2020-09-01,0,26
Dessel,13006,2020-09-02,0,26
Dessel,13006,2020-09-03,0,26
Dessel,13006,2020-09-04,0,26
Dessel,13006,2020-09-05,1,27
Dessel,13006,2020-09-06,0,27
Dessel,13006,2020-09-07,0,27
Dessel,13006,2020-09-08,0,27
Dessel,13006,2020-09-09,0,27
Dessel,13006,2020-09-10,0,27
Dessel,13006,2020-09-11,0,27
Dessel,13006,2020-09-12,0,27
Dessel,13006,2020-09-13,0,27
Dessel,13006,2020-09-14,0,27
Dessel,13006,2020-09-15,0,27
Dessel,13006,2020-09-16,0,27
Dessel,13006,2020-09-17,0,27
Dessel,13006,2020-09-18,1,28
Dessel,13006,2020-09-19,0,28
Dessel,13006,2020-09-20,0,28
Dessel,13006,2020-09-21,0,28
Dessel,13006,2020-09-22,1,29
Dessel,13006,2020-09-23,1,30
Dessel,13006,2020-09-24,1,31
Dessel,13006,2020-09-25,0,31
Dessel,13006,2020-09-26,0,31
Dessel,13006,2020-09-27,1,32
Dessel,13006,2020-09-28,1,33
Dessel,13006,2020-09-29,0,33
Dessel,13006,2020-09-30,1,34
Dessel,13006,2020-10-01,0,34
Dessel,13006,2020-10-02,3,37
Dessel,13006,2020-10-03,1,38
Dessel,13006,2020-10-04,0,38
Dessel,13006,2020-10-05,1,39
Dessel,13006,2020-10-06,0,39
Dessel,13006,2020-10-07,0,39
Dessel,13006,2020-10-08,1,40
Dessel,13006,2020-10-09,1,41
Dessel,13006,2020-10-10,0,41
Dessel,13006,2020-10-11,0,41
Dessel,13006,2020-10-12,3,44
Dessel,13006,2020-10-13,0,44
Dessel,13006,2020-10-14,1,45
Dessel,13006,2020-10-15,4,49
Dessel,13006,2020-10-16,5,54
Dessel,13006,2020-10-17,1,55
Dessel,13006,2020-10-18,10,65
Dessel,13006,2020-10-19,3,68
Dessel,13006,2020-10-20,2,70
Dessel,13006,2020-10-21,6,76
Dessel,13006,2020-10-22,4,80
Dessel,13006,2020-10-23,12,92
Dessel,13006,2020-10-24,9,101
Dessel,13006,2020-10-25,6,107
Dessel,13006,2020-10-26,5,112
Dessel,13006,2020-10-27,8,120
Dessel,13006,2020-10-28,9,129
Dessel,13006,2020-10-29,16,145
Dessel,13006,2020-10-30,4,149
Dessel,13006,2020-10-31,8,157
Dessel,13006,2020-11-01,10,167
Dessel,13006,2020-11-02,13,180
Dessel,13006,2020-11-03,2,182
Dessel,13006,2020-11-04,1,183
Dessel,13006,2020-11-05,11,194
Dessel,13006,2020-11-06,10,204
Dessel,13006,2020-11-07,3,207
Dessel,13006,2020-11-08,1,208
Dessel,13006,2020-11-09,7,215
Dessel,13006,2020-11-10,0,215
Dessel,13006,2020-11-11,2,217
Geel,13008,2020-04-01,3,57
Geel,13008,2020-04-02,5,62
Geel,13008,2020-04-03,4,66
Geel,13008,2020-04-04,6,72
Geel,13008,2020-04-05,4,76
Geel,13008,2020-04-06,5,81
Geel,13008,2020-04-07,2,83
Geel,13008,2020-04-08,1,84
Geel,13008,2020-04-09,9,93
Geel,13008,2020-04-10,1,94
Geel,13008,2020-04-11,5,99
Geel,13008,2020-04-12,3,102
Geel,13008,2020-04-13,15,117
Geel,13008,2020-04-14,0,117
Geel,13008,2020-04-15,1,118
Geel,13008,2020-04-16,0,118
Geel,13008,2020-04-17,2,120
Geel,13008,2020-04-18,0,120
Geel,13008,2020-04-19,0,120
Geel,13008,2020-04-20,3,123
Geel,13008,2020-04-21,0,123
Geel,13008,2020-04-22,0,123
Geel,13008,2020-04-23,5,128
Geel,13008,2020-04-24,8,136
Geel,13008,2020-04-25,0,136
Geel,13008,2020-04-26,0,136
Geel,13008,2020-04-27,1,137
Geel,13008,2020-04-28,0,137
Geel,13008,2020-04-29,0,137
Geel,13008,2020-04-30,0,137
Geel,13008,2020-05-01,0,137
Geel,13008,2020-05-02,1,138
Geel,13008,2020-05-03,2,140
Geel,13008,2020-05-04,8,148
Geel,13008,2020-05-05,0,148
Geel,13008,2020-05-06,0,148
Geel,13008,2020-05-07,0,148
Geel,13008,2020-05-08,1,149
Geel,13008,2020-05-09,1,150
Geel,13008,2020-05-10,3,153
Geel,13008,2020-05-11,2,155
Geel,13008,2020-05-12,0,155
Geel,13008,2020-05-13,0,155
Geel,13008,2020-05-14,1,156
Geel,13008,2020-05-15,1,157
Geel,13008,2020-05-16,2,159
Geel,13008,2020-05-17,0,159
Geel,13008,2020-05-18,0,159
Geel,13008,2020-05-19,1,160
Geel,13008,2020-05-20,0,160
Geel,13008,2020-05-21,0,160
Geel,13008,2020-05-22,1,161
Geel,13008,2020-05-23,1,162
Geel,13008,2020-05-24,3,165
Geel,13008,2020-05-25,0,165
Geel,13008,2020-05-26,-1,164
Geel,13008,2020-05-27,1,165
Geel,13008,2020-05-28,2,167
Geel,13008,2020-05-29,0,167
Geel,13008,2020-05-30,0,167
Geel,13008,2020-05-31,0,167
Geel,13008,2020-06-01,0,167
Geel,13008,2020-06-02,0,167
Geel,13008,2020-06-03,0,167
Geel,13008,2020-06-04,0,167
Geel,13008,2020-06-05,0,167
Geel,13008,2020-06-06,0,167
Geel,13008,2020-06-07,0,167
Geel,13008,2020-06-08,0,167
Geel,13008,2020-06-09,0,167
Geel,13008,2020-06-10,0,167
Geel,13008,2020-06-11,1,168
Geel,13008,2020-06-12,0,168
Geel,13008,2020-06-13,0,168
Geel,13008,2020-06-14,0,168
Geel,13008,2020-06-15,0,168
Geel,13008,2020-06-16,0,168
Geel,13008,2020-06-17,0,168
Geel,13008,2020-06-18,0,168
Geel,13008,2020-06-19,0,168
Geel,13008,2020-06-20,0,168
Geel,13008,2020-06-23,1,169
Geel,13008,2020-06-24,0,169
Geel,13008,2020-06-25,0,169
Geel,13008,2020-06-26,0,169
Geel,13008,2020-06-27,0,169
Geel,13008,2020-06-30,0,169
Geel,13008,2020-07-01,0,169
Geel,13008,2020-07-02,0,169
Geel,13008,2020-07-03,0,169
Geel,13008,2020-07-04,0,169
Geel,13008,2020-07-07,0,169
Geel,13008,2020-07-08,0,169
Geel,13008,2020-07-09,0,169
Geel,13008,2020-07-10,0,169
Geel,13008,2020-07-11,2,171
Geel,13008,2020-07-14,1,172
Geel,13008,2020-07-15,0,172
Geel,13008,2020-07-16,0,172
Geel,13008,2020-07-17,0,172
Geel,13008,2020-07-18,0,172
Geel,13008,2020-07-20,2,174
Geel,13008,2020-07-21,0,174
Geel,13008,2020-07-22,0,174
Geel,13008,2020-07-23,0,174
Geel,13008,2020-07-24,0,174
Geel,13008,2020-07-25,2,176
Geel,13008,2020-07-26,0,176
Geel,13008,2020-07-27,1,177
Geel,13008,2020-07-28,1,178
Geel,13008,2020-07-29,0,178
Geel,13008,2020-07-30,2,180
Geel,13008,2020-07-31,2,182
Geel,13008,2020-08-01,0,182
Geel,13008,2020-08-02,2,184
Geel,13008,2020-08-03,0,184
Geel,13008,2020-08-04,1,185
Geel,13008,2020-08-05,0,185
Geel,13008,2020-08-06,0,185
Geel,13008,2020-08-07,0,185
Geel,13008,2020-08-08,2,187
Geel,13008,2020-08-09,5,192
Geel,13008,2020-08-10,4,196
Geel,13008,2020-08-11,0,196
Geel,13008,2020-08-12,0,196
Geel,13008,2020-08-13,2,198
Geel,13008,2020-08-14,1,199
Geel,13008,2020-08-15,0,199
Geel,13008,2020-08-16,0,199
Geel,13008,2020-08-17,0,199
Geel,13008,2020-08-18,0,199
Geel,13008,2020-08-19,0,199
Geel,13008,2020-08-20,1,200
Geel,13008,2020-08-21,1,201
Geel,13008,2020-08-22,0,201
Geel,13008,2020-08-23,2,203
Geel,13008,2020-08-24,0,203
Geel,13008,2020-08-25,1,204
Geel,13008,2020-08-26,0,204
Geel,13008,2020-08-27,3,207
Geel,13008,2020-08-28,0,207
Geel,13008,2020-08-29,0,207
Geel,13008,2020-08-30,0,207
Geel,13008,2020-08-31,0,207
Geel,13008,2020-09-01,0,207
Geel,13008,2020-09-02,0,207
Geel,13008,2020-09-03,1,208
Geel,13008,2020-09-04,2,210
Geel,13008,2020-09-05,2,212
Geel,13008,2020-09-06,0,212
Geel,13008,2020-09-07,1,213
Geel,13008,2020-09-08,0,213
Geel,13008,2020-09-09,0,213
Geel,13008,2020-09-10,0,213
Geel,13008,2020-09-11,0,213
Geel,13008,2020-09-12,1,214
Geel,13008,2020-09-13,1,215
Geel,13008,2020-09-14,3,218
Geel,13008,2020-09-15,4,222
Geel,13008,2020-09-16,0,222
Geel,13008,2020-09-17,0,222
Geel,13008,2020-09-18,3,225
Geel,13008,2020-09-19,1,226
Geel,13008,2020-09-20,1,227
Geel,13008,2020-09-21,0,227
Geel,13008,2020-09-22,4,231
Geel,13008,2020-09-23,4,235
Geel,13008,2020-09-24,1,236
Geel,13008,2020-09-25,1,237
Geel,13008,2020-09-26,1,238
Geel,13008,2020-09-27,3,241
Geel,13008,2020-09-28,1,242
Geel,13008,2020-09-29,5,247
Geel,13008,2020-09-30,0,247
Geel,13008,2020-10-01,6,253
Geel,13008,2020-10-02,5,258
Geel,13008,2020-10-03,5,263
Geel,13008,2020-10-04,5,268
Geel,13008,2020-10-05,1,269
Geel,13008,2020-10-06,6,275
Geel,13008,2020-10-07,0,275
Geel,13008,2020-10-08,4,279
Geel,13008,2020-10-09,17,296
Geel,13008,2020-10-10,8,304
Geel,13008,2020-10-11,8,312
Geel,13008,2020-10-12,6,318
Geel,13008,2020-10-13,4,322
Geel,13008,2020-10-14,4,326
Geel,13008,2020-10-15,8,334
Geel,13008,2020-10-16,26,360
Geel,13008,2020-10-17,11,371
Geel,13008,2020-10-18,17,388
Geel,13008,2020-10-19,13,401
Geel,13008,2020-10-20,9,410
Geel,13008,2020-10-21,14,424
Geel,13008,2020-10-22,19,443
Geel,13008,2020-10-23,33,476
Geel,13008,2020-10-24,30,506
Geel,13008,2020-10-25,26,532
Geel,13008,2020-10-26,22,554
Geel,13008,2020-10-27,23,577
Geel,13008,2020-10-28,23,600
Geel,13008,2020-10-29,29,629
Geel,13008,2020-10-30,26,655
Geel,13008,2020-10-31,28,683
Geel,13008,2020-11-01,19,702
Geel,13008,2020-11-02,36,738
Geel,13008,2020-11-03,9,747
Geel,13008,2020-11-04,3,750
Geel,13008,2020-11-05,25,775
Geel,13008,2020-11-06,21,796
Geel,13008,2020-11-07,18,814
Geel,13008,2020-11-08,5,819
Geel,13008,2020-11-09,14,833
Geel,13008,2020-11-10,1,834
Geel,13008,2020-11-11,6,840
Grobbendonk,13010,2020-04-01,1,19
Grobbendonk,13010,2020-04-02,2,21
Grobbendonk,13010,2020-04-03,3,24
Grobbendonk,13010,2020-04-04,0,24
Grobbendonk,13010,2020-04-05,1,25
Grobbendonk,13010,2020-04-06,1,26
Grobbendonk,13010,2020-04-07,0,26
Grobbendonk,13010,2020-04-08,1,27
Grobbendonk,13010,2020-04-09,1,28
Grobbendonk,13010,2020-04-10,1,29
Grobbendonk,13010,2020-04-11,1,30
Grobbendonk,13010,2020-04-12,0,30
Grobbendonk,13010,2020-04-13,1,31
Grobbendonk,13010,2020-04-14,1,32
Grobbendonk,13010,2020-04-15,0,32
Grobbendonk,13010,2020-04-16,1,33
Grobbendonk,13010,2020-04-17,2,35
Grobbendonk,13010,2020-04-18,2,37
Grobbendonk,13010,2020-04-19,2,39
Grobbendonk,13010,2020-04-20,1,40
Grobbendonk,13010,2020-04-21,2,42
Grobbendonk,13010,2020-04-22,5,47
Grobbendonk,13010,2020-04-23,1,48
Grobbendonk,13010,2020-04-24,1,49
Grobbendonk,13010,2020-04-25,1,50
Grobbendonk,13010,2020-04-26,0,50
Grobbendonk,13010,2020-04-27,1,51
Grobbendonk,13010,2020-04-28,0,51
Grobbendonk,13010,2020-04-29,1,52
Grobbendonk,13010,2020-04-30,0,52
Grobbendonk,13010,2020-05-01,0,52
Grobbendonk,13010,2020-05-02,0,52
Grobbendonk,13010,2020-05-03,0,52
Grobbendonk,13010,2020-05-04,1,53
Grobbendonk,13010,2020-05-05,0,53
Grobbendonk,13010,2020-05-06,0,53
Grobbendonk,13010,2020-05-07,0,53
Grobbendonk,13010,2020-05-08,0,53
Grobbendonk,13010,2020-05-09,0,53
Grobbendonk,13010,2020-05-10,3,56
Grobbendonk,13010,2020-05-11,0,56
Grobbendonk,13010,2020-05-12,0,56
Grobbendonk,13010,2020-05-13,0,56
Grobbendonk,13010,2020-05-14,0,56
Grobbendonk,13010,2020-05-15,0,56
Grobbendonk,13010,2020-05-16,0,56
Grobbendonk,13010,2020-05-17,0,56
Grobbendonk,13010,2020-05-18,0,56
Grobbendonk,13010,2020-05-19,0,56
Grobbendonk,13010,2020-05-20,0,56
Grobbendonk,13010,2020-05-21,0,56
Grobbendonk,13010,2020-05-22,0,56
Grobbendonk,13010,2020-05-23,1,57
Grobbendonk,13010,2020-05-24,0,57
Grobbendonk,13010,2020-05-25,0,57
Grobbendonk,13010,2020-05-26,0,57
Grobbendonk,13010,2020-05-27,0,57
Grobbendonk,13010,2020-05-28,0,57
Grobbendonk,13010,2020-05-29,1,58
Grobbendonk,13010,2020-05-30,0,58
Grobbendonk,13010,2020-05-31,0,58
Grobbendonk,13010,2020-06-01,0,58
Grobbendonk,13010,2020-06-02,0,58
Grobbendonk,13010,2020-06-03,0,58
Grobbendonk,13010,2020-06-04,0,58
Grobbendonk,13010,2020-06-05,0,58
Grobbendonk,13010,2020-06-06,0,58
Grobbendonk,13010,2020-06-07,0,58
Grobbendonk,13010,2020-06-08,0,58
Grobbendonk,13010,2020-06-09,0,58
Grobbendonk,13010,2020-06-10,0,58
Grobbendonk,13010,2020-06-11,0,58
Grobbendonk,13010,2020-06-12,0,58
Grobbendonk,13010,2020-06-13,0,58
Grobbendonk,13010,2020-06-14,0,58
Grobbendonk,13010,2020-06-15,0,58
Grobbendonk,13010,2020-06-16,0,58
Grobbendonk,13010,2020-06-17,0,58
Grobbendonk,13010,2020-06-18,0,58
Grobbendonk,13010,2020-06-19,0,58
Grobbendonk,13010,2020-06-20,0,58
Grobbendonk,13010,2020-06-23,0,58
Grobbendonk,13010,2020-06-24,0,58
Grobbendonk,13010,2020-06-25,0,58
Grobbendonk,13010,2020-06-26,0,58
Grobbendonk,13010,2020-06-27,0,58
Grobbendonk,13010,2020-06-30,0,58
Grobbendonk,13010,2020-07-01,0,58
Grobbendonk,13010,2020-07-02,0,58
Grobbendonk,13010,2020-07-03,0,58
Grobbendonk,13010,2020-07-04,0,58
Grobbendonk,13010,2020-07-07,0,58
Grobbendonk,13010,2020-07-08,0,58
Grobbendonk,13010,2020-07-09,0,58
Grobbendonk,13010,2020-07-10,0,58
Grobbendonk,13010,2020-07-11,0,58
Grobbendonk,13010,2020-07-14,0,58
Grobbendonk,13010,2020-07-15,0,58
Grobbendonk,13010,2020-07-16,0,58
Grobbendonk,13010,2020-07-17,0,58
Grobbendonk,13010,2020-07-18,0,58
Grobbendonk,13010,2020-07-20,0,58
Grobbendonk,13010,2020-07-21,0,58
Grobbendonk,13010,2020-07-22,0,58
Grobbendonk,13010,2020-07-23,1,59
Grobbendonk,13010,2020-07-24,0,59
Grobbendonk,13010,2020-07-25,0,59
Grobbendonk,13010,2020-07-26,0,59
Grobbendonk,13010,2020-07-27,0,59
Grobbendonk,13010,2020-07-28,0,59
Grobbendonk,13010,2020-07-29,0,59
Grobbendonk,13010,2020-07-30,0,59
Grobbendonk,13010,2020-07-31,0,59
Grobbendonk,13010,2020-08-01,1,60
Grobbendonk,13010,2020-08-02,1,61
Grobbendonk,13010,2020-08-03,0,61
Grobbendonk,13010,2020-08-04,1,62
Grobbendonk,13010,2020-08-05,0,62
Grobbendonk,13010,2020-08-06,0,62
Grobbendonk,13010,2020-08-07,0,62
Grobbendonk,13010,2020-08-08,2,64
Grobbendonk,13010,2020-08-09,2,66
Grobbendonk,13010,2020-08-10,0,66
Grobbendonk,13010,2020-08-11,0,66
Grobbendonk,13010,2020-08-12,0,66
Grobbendonk,13010,2020-08-13,0,66
Grobbendonk,13010,2020-08-14,1,67
Grobbendonk,13010,2020-08-15,0,67
Grobbendonk,13010,2020-08-16,0,67
Grobbendonk,13010,2020-08-17,0,67
Grobbendonk,13010,2020-08-18,0,67
Grobbendonk,13010,2020-08-19,0,67
Grobbendonk,13010,2020-08-20,0,67
Grobbendonk,13010,2020-08-21,0,67
Grobbendonk,13010,2020-08-22,0,67
Grobbendonk,13010,2020-08-23,0,67
Grobbendonk,13010,2020-08-24,0,67
Grobbendonk,13010,2020-08-25,0,67
Grobbendonk,13010,2020-08-26,0,67
Grobbendonk,13010,2020-08-27,0,67
Grobbendonk,13010,2020-08-28,0,67
Grobbendonk,13010,2020-08-29,0,67
Grobbendonk,13010,2020-08-30,0,67
Grobbendonk,13010,2020-08-31,0,67
Grobbendonk,13010,2020-09-01,0,67
Grobbendonk,13010,2020-09-02,0,67
Grobbendonk,13010,2020-09-03,0,67
Grobbendonk,13010,2020-09-04,1,68
Grobbendonk,13010,2020-09-05,0,68
Grobbendonk,13010,2020-09-06,0,68
Grobbendonk,13010,2020-09-07,2,70
Grobbendonk,13010,2020-09-08,0,70
Grobbendonk,13010,2020-09-09,0,70
Grobbendonk,13010,2020-09-10,0,70
Grobbendonk,13010,2020-09-11,0,70
Grobbendonk,13010,2020-09-12,0,70
Grobbendonk,13010,2020-09-13,0,70
Grobbendonk,13010,2020-09-14,1,71
Grobbendonk,13010,2020-09-15,1,72
Grobbendonk,13010,2020-09-16,0,72
Grobbendonk,13010,2020-09-17,0,72
Grobbendonk,13010,2020-09-18,0,72
Grobbendonk,13010,2020-09-19,0,72
Grobbendonk,13010,2020-09-20,0,72
Grobbendonk,13010,2020-09-21,0,72
Grobbendonk,13010,2020-09-22,1,73
Grobbendonk,13010,2020-09-23,0,73
Grobbendonk,13010,2020-09-24,0,73
Grobbendonk,13010,2020-09-25,1,74
Grobbendonk,13010,2020-09-26,2,76
Grobbendonk,13010,2020-09-27,1,77
Grobbendonk,13010,2020-09-28,4,81
Grobbendonk,13010,2020-09-29,0,81
Grobbendonk,13010,2020-09-30,0,81
Grobbendonk,13010,2020-10-01,1,82
Grobbendonk,13010,2020-10-02,0,82
Grobbendonk,13010,2020-10-03,0,82
Grobbendonk,13010,2020-10-04,0,82
Grobbendonk,13010,2020-10-05,1,83
Grobbendonk,13010,2020-10-06,0,83
Grobbendonk,13010,2020-10-07,0,83
Grobbendonk,13010,2020-10-08,2,85
Grobbendonk,13010,2020-10-09,1,86
Grobbendonk,13010,2020-10-10,1,87
Grobbendonk,13010,2020-10-11,2,89
Grobbendonk,13010,2020-10-12,3,92
Grobbendonk,13010,2020-10-13,0,92
Grobbendonk,13010,2020-10-14,4,96
Grobbendonk,13010,2020-10-15,4,100
Grobbendonk,13010,2020-10-16,4,104
Grobbendonk,13010,2020-10-17,4,108
Grobbendonk,13010,2020-10-18,9,117
Grobbendonk,13010,2020-10-19,4,121
Grobbendonk,13010,2020-10-20,6,127
Grobbendonk,13010,2020-10-21,4,131
Grobbendonk,13010,2020-10-22,7,138
Grobbendonk,13010,2020-10-23,6,144
Grobbendonk,13010,2020-10-24,5,149
Grobbendonk,13010,2020-10-25,7,156
Grobbendonk,13010,2020-10-26,9,165
Grobbendonk,13010,2020-10-27,6,171
Grobbendonk,13010,2020-10-28,13,184
Grobbendonk,13010,2020-10-29,11,195
Grobbendonk,13010,2020-10-30,6,201
Grobbendonk,13010,2020-10-31,13,214
Grobbendonk,13010,2020-11-01,1,215
Grobbendonk,13010,2020-11-02,3,218
Grobbendonk,13010,2020-11-03,1,219
Grobbendonk,13010,2020-11-04,1,220
Grobbendonk,13010,2020-11-05,13,233
Grobbendonk,13010,2020-11-06,4,237
Grobbendonk,13010,2020-11-07,0,237
Grobbendonk,13010,2020-11-08,4,241
Grobbendonk,13010,2020-11-09,0,241
Grobbendonk,13010,2020-11-10,0,241
Grobbendonk,13010,2020-11-11,1,242
Herentals,13011,2020-04-01,5,23
Herentals,13011,2020-04-02,5,28
Herentals,13011,2020-04-03,6,34
Herentals,13011,2020-04-04,5,39
Herentals,13011,2020-04-05,1,40
Herentals,13011,2020-04-06,1,41
Herentals,13011,2020-04-07,0,41
Herentals,13011,2020-04-08,2,43
Herentals,13011,2020-04-09,2,45
Herentals,13011,2020-04-10,2,47
Herentals,13011,2020-04-11,1,48
Herentals,13011,2020-04-12,13,61
Herentals,13011,2020-04-13,3,64
Herentals,13011,2020-04-14,0,64
Herentals,13011,2020-04-15,1,65
Herentals,13011,2020-04-16,2,67
Herentals,13011,2020-04-17,1,68
Herentals,13011,2020-04-18,0,68
Herentals,13011,2020-04-19,2,70
Herentals,13011,2020-04-20,2,72
Herentals,13011,2020-04-21,0,72
Herentals,13011,2020-04-22,0,72
Herentals,13011,2020-04-23,0,72
Herentals,13011,2020-04-24,3,75
Herentals,13011,2020-04-25,0,75
Herentals,13011,2020-04-26,1,76
Herentals,13011,2020-04-27,0,76
Herentals,13011,2020-04-28,0,76
Herentals,13011,2020-04-29,0,76
Herentals,13011,2020-04-30,3,79
Herentals,13011,2020-05-01,1,80
Herentals,13011,2020-05-02,0,80
Herentals,13011,2020-05-03,0,80
Herentals,13011,2020-05-04,5,85
Herentals,13011,2020-05-05,0,85
Herentals,13011,2020-05-06,0,85
Herentals,13011,2020-05-07,5,90
Herentals,13011,2020-05-08,2,92
Herentals,13011,2020-05-09,0,92
Herentals,13011,2020-05-10,0,92
Herentals,13011,2020-05-11,1,93
Herentals,13011,2020-05-12,0,93
Herentals,13011,2020-05-13,2,95
Herentals,13011,2020-05-14,3,98
Herentals,13011,2020-05-15,3,101
Herentals,13011,2020-05-16,1,102
Herentals,13011,2020-05-17,0,102
Herentals,13011,2020-05-18,1,103
Herentals,13011,2020-05-19,1,104
Herentals,13011,2020-05-20,1,105
Herentals,13011,2020-05-21,0,105
Herentals,13011,2020-05-22,0,105
Herentals,13011,2020-05-23,0,105
Herentals,13011,2020-05-24,2,107
Herentals,13011,2020-05-25,0,107
Herentals,13011,2020-05-26,0,107
Herentals,13011,2020-05-27,0,107
Herentals,13011,2020-05-28,1,108
Herentals,13011,2020-05-29,0,108
Herentals,13011,2020-05-30,0,108
Herentals,13011,2020-05-31,0,108
Herentals,13011,2020-06-01,0,108
Herentals,13011,2020-06-02,0,108
Herentals,13011,2020-06-03,0,108
Herentals,13011,2020-06-04,1,109
Herentals,13011,2020-06-05,0,109
Herentals,13011,2020-06-06,0,109
Herentals,13011,2020-06-07,0,109
Herentals,13011,2020-06-08,0,109
Herentals,13011,2020-06-09,0,109
Herentals,13011,2020-06-10,0,109
Herentals,13011,2020-06-11,0,109
Herentals,13011,2020-06-12,0,109
Herentals,13011,2020-06-13,0,109
Herentals,13011,2020-06-14,0,109
Herentals,13011,2020-06-15,0,109
Herentals,13011,2020-06-16,0,109
Herentals,13011,2020-06-17,0,109
Herentals,13011,2020-06-18,0,109
Herentals,13011,2020-06-19,0,109
Herentals,13011,2020-06-20,0,109
Herentals,13011,2020-06-23,0,109
Herentals,13011,2020-06-24,0,109
Herentals,13011,2020-06-25,0,109
Herentals,13011,2020-06-26,0,109
Herentals,13011,2020-06-27,0,109
Herentals,13011,2020-06-30,0,109
Herentals,13011,2020-07-01,0,109
Herentals,13011,2020-07-02,1,110
Herentals,13011,2020-07-03,0,110
Herentals,13011,2020-07-04,0,110
Herentals,13011,2020-07-07,0,110
Herentals,13011,2020-07-08,0,110
Herentals,13011,2020-07-09,0,110
Herentals,13011,2020-07-10,0,110
Herentals,13011,2020-07-11,1,111
Herentals,13011,2020-07-14,0,111
Herentals,13011,2020-07-15,0,111
Herentals,13011,2020-07-16,0,111
Herentals,13011,2020-07-17,1,112
Herentals,13011,2020-07-18,0,112
Herentals,13011,2020-07-20,0,112
Herentals,13011,2020-07-21,0,112
Herentals,13011,2020-07-22,1,113
Herentals,13011,2020-07-23,0,113
Herentals,13011,2020-07-24,0,113
Herentals,13011,2020-07-25,0,113
Herentals,13011,2020-07-26,3,116
Herentals,13011,2020-07-27,2,118
Herentals,13011,2020-07-28,0,118
Herentals,13011,2020-07-29,0,118
Herentals,13011,2020-07-30,5,123
Herentals,13011,2020-07-31,4,127
Herentals,13011,2020-08-01,0,127
Herentals,13011,2020-08-02,1,128
Herentals,13011,2020-08-03,0,128
Herentals,13011,2020-08-04,1,129
Herentals,13011,2020-08-05,1,130
Herentals,13011,2020-08-06,3,133
Herentals,13011,2020-08-07,1,134
Herentals,13011,2020-08-08,4,138
Herentals,13011,2020-08-09,3,141
Herentals,13011,2020-08-10,1,142
Herentals,13011,2020-08-11,2,144
Herentals,13011,2020-08-12,0,144
Herentals,13011,2020-08-13,1,145
Herentals,13011,2020-08-14,0,145
Herentals,13011,2020-08-15,0,145
Herentals,13011,2020-08-16,0,145
Herentals,13011,2020-08-17,1,146
Herentals,13011,2020-08-18,0,146
Herentals,13011,2020-08-19,1,147
Herentals,13011,2020-08-20,4,151
Herentals,13011,2020-08-21,1,152
Herentals,13011,2020-08-22,0,152
Herentals,13011,2020-08-23,1,153
Herentals,13011,2020-08-24,0,153
Herentals,13011,2020-08-25,0,153
Herentals,13011,2020-08-26,2,155
Herentals,13011,2020-08-27,1,156
Herentals,13011,2020-08-28,0,156
Herentals,13011,2020-08-29,1,157
Herentals,13011,2020-08-30,1,158
Herentals,13011,2020-08-31,0,158
Herentals,13011,2020-09-01,0,158
Herentals,13011,2020-09-02,1,159
Herentals,13011,2020-09-03,0,159
Herentals,13011,2020-09-04,2,161
Herentals,13011,2020-09-05,0,161
Herentals,13011,2020-09-06,1,162
Herentals,13011,2020-09-07,0,162
Herentals,13011,2020-09-08,0,162
Herentals,13011,2020-09-09,0,162
Herentals,13011,2020-09-10,0,162
Herentals,13011,2020-09-11,1,163
Herentals,13011,2020-09-12,0,163
Herentals,13011,2020-09-13,0,163
Herentals,13011,2020-09-14,0,163
Herentals,13011,2020-09-15,0,163
Herentals,13011,2020-09-16,0,163
Herentals,13011,2020-09-17,0,163
Herentals,13011,2020-09-18,3,166
Herentals,13011,2020-09-19,3,169
Herentals,13011,2020-09-20,-1,168
Herentals,13011,2020-09-21,8,176
Herentals,13011,2020-09-22,1,177
Herentals,13011,2020-09-23,0,177
Herentals,13011,2020-09-24,0,177
Herentals,13011,2020-09-25,0,177
Herentals,13011,2020-09-26,3,180
Herentals,13011,2020-09-27,2,182
Herentals,13011,2020-09-28,1,183
Herentals,13011,2020-09-29,1,184
Herentals,13011,2020-09-30,1,185
Herentals,13011,2020-10-01,0,185
Herentals,13011,2020-10-02,2,187
Herentals,13011,2020-10-03,3,190
Herentals,13011,2020-10-04,0,190
Herentals,13011,2020-10-05,4,194
Herentals,13011,2020-10-06,0,194
Herentals,13011,2020-10-07,0,194
Herentals,13011,2020-10-08,2,196
Herentals,13011,2020-10-09,9,205
Herentals,13011,2020-10-10,3,208
Herentals,13011,2020-10-11,23,231
Herentals,13011,2020-10-12,6,237
Herentals,13011,2020-10-13,1,238
Herentals,13011,2020-10-14,11,249
Herentals,13011,2020-10-15,6,255
Herentals,13011,2020-10-16,20,275
Herentals,13011,2020-10-17,16,291
Herentals,13011,2020-10-18,19,310
Herentals,13011,2020-10-19,14,324
Herentals,13011,2020-10-20,3,327
Herentals,13011,2020-10-21,11,338
Herentals,13011,2020-10-22,5,343
Herentals,13011,2020-10-23,30,373
Herentals,13011,2020-10-24,21,394
Herentals,13011,2020-10-25,18,412
Herentals,13011,2020-10-26,18,430
Herentals,13011,2020-10-27,11,441
Herentals,13011,2020-10-28,22,463
Herentals,13011,2020-10-29,23,486
Herentals,13011,2020-10-30,23,509
Herentals,13011,2020-10-31,15,524
Herentals,13011,2020-11-01,22,546
Herentals,13011,2020-11-02,20,566
Herentals,13011,2020-11-03,13,579
Herentals,13011,2020-11-04,2,581
Herentals,13011,2020-11-05,21,602
Herentals,13011,2020-11-06,8,610
Herentals,13011,2020-11-07,9,619
Herentals,13011,2020-11-08,18,637
Herentals,13011,2020-11-09,7,644
Herentals,13011,2020-11-10,5,649
Herentals,13011,2020-11-11,11,660
Herenthout,13012,2020-04-01,1,6
Herenthout,13012,2020-04-02,1,7
Herenthout,13012,2020-04-03,1,8
Herenthout,13012,2020-04-04,1,9
Herenthout,13012,2020-04-05,0,9
Herenthout,13012,2020-04-06,0,9
Herenthout,13012,2020-04-07,1,10
Herenthout,13012,2020-04-08,1,11
Herenthout,13012,2020-04-09,0,11
Herenthout,13012,2020-04-10,2,13
Herenthout,13012,2020-04-11,1,14
Herenthout,13012,2020-04-12,1,15
Herenthout,13012,2020-04-13,0,15
Herenthout,13012,2020-04-14,0,15
Herenthout,13012,2020-04-15,0,15
Herenthout,13012,2020-04-16,0,15
Herenthout,13012,2020-04-17,0,15
Herenthout,13012,2020-04-18,1,16
Herenthout,13012,2020-04-19,0,16
Herenthout,13012,2020-04-20,0,16
Herenthout,13012,2020-04-21,0,16
Herenthout,13012,2020-04-22,0,16
Herenthout,13012,2020-04-23,0,16
Herenthout,13012,2020-04-24,0,16
Herenthout,13012,2020-04-25,1,17
Herenthout,13012,2020-04-26,0,17
Herenthout,13012,2020-04-27,0,17
Herenthout,13012,2020-04-28,0,17
Herenthout,13012,2020-04-29,0,17
Herenthout,13012,2020-04-30,0,17
Herenthout,13012,2020-05-01,1,18
Herenthout,13012,2020-05-02,1,19
Herenthout,13012,2020-05-03,0,19
Herenthout,13012,2020-05-04,1,20
Herenthout,13012,2020-05-05,0,20
Herenthout,13012,2020-05-06,0,20
Herenthout,13012,2020-05-07,0,20
Herenthout,13012,2020-05-08,0,20
Herenthout,13012,2020-05-09,0,20
Herenthout,13012,2020-05-10,0,20
Herenthout,13012,2020-05-11,0,20
Herenthout,13012,2020-05-12,0,20
Herenthout,13012,2020-05-13,0,20
Herenthout,13012,2020-05-14,1,21
Herenthout,13012,2020-05-15,0,21
Herenthout,13012,2020-05-16,0,21
Herenthout,13012,2020-05-17,0,21
Herenthout,13012,2020-05-18,0,21
Herenthout,13012,2020-05-19,0,21
Herenthout,13012,2020-05-20,0,21
Herenthout,13012,2020-05-21,0,21
Herenthout,13012,2020-05-22,0,21
Herenthout,13012,2020-05-23,0,21
Herenthout,13012,2020-05-24,0,21
Herenthout,13012,2020-05-25,0,21
Herenthout,13012,2020-05-26,0,21
Herenthout,13012,2020-05-27,0,21
Herenthout,13012,2020-05-28,0,21
Herenthout,13012,2020-05-29,0,21
Herenthout,13012,2020-05-30,0,21
Herenthout,13012,2020-05-31,0,21
Herenthout,13012,2020-06-01,0,21
Herenthout,13012,2020-06-02,0,21
Herenthout,13012,2020-06-03,0,21
Herenthout,13012,2020-06-04,0,21
Herenthout,13012,2020-06-05,0,21
Herenthout,13012,2020-06-06,0,21
Herenthout,13012,2020-06-07,0,21
Herenthout,13012,2020-06-08,0,21
Herenthout,13012,2020-06-09,0,21
Herenthout,13012,2020-06-10,0,21
Herenthout,13012,2020-06-11,0,21
Herenthout,13012,2020-06-12,0,21
Herenthout,13012,2020-06-13,0,21
Herenthout,13012,2020-06-14,0,21
Herenthout,13012,2020-06-15,0,21
Herenthout,13012,2020-06-16,0,21
Herenthout,13012,2020-06-17,1,22
Herenthout,13012,2020-06-18,0,22
Herenthout,13012,2020-06-19,0,22
Herenthout,13012,2020-06-20,0,22
Herenthout,13012,2020-06-23,1,23
Herenthout,13012,2020-06-24,0,23
Herenthout,13012,2020-06-25,0,23
Herenthout,13012,2020-06-26,0,23
Herenthout,13012,2020-06-27,0,23
Herenthout,13012,2020-06-30,0,23
Herenthout,13012,2020-07-01,0,23
Herenthout,13012,2020-07-02,0,23
Herenthout,13012,2020-07-03,0,23
Herenthout,13012,2020-07-04,0,23
Herenthout,13012,2020-07-07,0,23
Herenthout,13012,2020-07-08,0,23
Herenthout,13012,2020-07-09,0,23
Herenthout,13012,2020-07-10,0,23
Herenthout,13012,2020-07-11,0,23
Herenthout,13012,2020-07-14,0,23
Herenthout,13012,2020-07-15,0,23
Herenthout,13012,2020-07-16,0,23
Herenthout,13012,2020-07-17,0,23
Herenthout,13012,2020-07-18,0,23
Herenthout,13012,2020-07-20,0,23
Herenthout,13012,2020-07-21,0,23
Herenthout,13012,2020-07-22,0,23
Herenthout,13012,2020-07-23,0,23
Herenthout,13012,2020-07-24,1,24
Herenthout,13012,2020-07-25,0,24
Herenthout,13012,2020-07-26,0,24
Herenthout,13012,2020-07-27,0,24
Herenthout,13012,2020-07-28,0,24
Herenthout,13012,2020-07-29,0,24
Herenthout,13012,2020-07-30,0,24
Herenthout,13012,2020-07-31,0,24
Herenthout,13012,2020-08-01,0,24
Herenthout,13012,2020-08-02,0,24
Herenthout,13012,2020-08-03,0,24
Herenthout,13012,2020-08-04,0,24
Herenthout,13012,2020-08-05,0,24
Herenthout,13012,2020-08-06,0,24
Herenthout,13012,2020-08-07,0,24
Herenthout,13012,2020-08-08,0,24
Herenthout,13012,2020-08-09,1,25
Herenthout,13012,2020-08-10,0,25
Herenthout,13012,2020-08-11,0,25
Herenthout,13012,2020-08-12,0,25
Herenthout,13012,2020-08-13,0,25
Herenthout,13012,2020-08-14,1,26
Herenthout,13012,2020-08-15,1,27
Herenthout,13012,2020-08-16,2,29
Herenthout,13012,2020-08-17,0,29
Herenthout,13012,2020-08-18,0,29
Herenthout,13012,2020-08-19,0,29
Herenthout,13012,2020-08-20,2,31
Herenthout,13012,2020-08-21,1,32
Herenthout,13012,2020-08-22,0,32
Herenthout,13012,2020-08-23,0,32
Herenthout,13012,2020-08-24,1,33
Herenthout,13012,2020-08-25,0,33
Herenthout,13012,2020-08-26,0,33
Herenthout,13012,2020-08-27,0,33
Herenthout,13012,2020-08-28,0,33
Herenthout,13012,2020-08-29,0,33
Herenthout,13012,2020-08-30,0,33
Herenthout,13012,2020-08-31,0,33
Herenthout,13012,2020-09-01,0,33
Herenthout,13012,2020-09-02,0,33
Herenthout,13012,2020-09-03,0,33
Herenthout,13012,2020-09-04,0,33
Herenthout,13012,2020-09-05,0,33
Herenthout,13012,2020-09-06,0,33
Herenthout,13012,2020-09-07,0,33
Herenthout,13012,2020-09-08,0,33
Herenthout,13012,2020-09-09,0,33
Herenthout,13012,2020-09-10,0,33
Herenthout,13012,2020-09-11,0,33
Herenthout,13012,2020-09-12,1,34
Herenthout,13012,2020-09-13,0,34
Herenthout,13012,2020-09-14,0,34
Herenthout,13012,2020-09-15,0,34
Herenthout,13012,2020-09-16,0,34
Herenthout,13012,2020-09-17,0,34
Herenthout,13012,2020-09-18,0,34
Herenthout,13012,2020-09-19,0,34
Herenthout,13012,2020-09-20,0,34
Herenthout,13012,2020-09-21,0,34
Herenthout,13012,2020-09-22,0,34
Herenthout,13012,2020-09-23,0,34
Herenthout,13012,2020-09-24,0,34
Herenthout,13012,2020-09-25,0,34
Herenthout,13012,2020-09-26,0,34
Herenthout,13012,2020-09-27,0,34
Herenthout,13012,2020-09-28,0,34
Herenthout,13012,2020-09-29,0,34
Herenthout,13012,2020-09-30,0,34
Herenthout,13012,2020-10-01,0,34
Herenthout,13012,2020-10-02,2,36
Herenthout,13012,2020-10-03,4,40
Herenthout,13012,2020-10-04,1,41
Herenthout,13012,2020-10-05,3,44
Herenthout,13012,2020-10-06,1,45
Herenthout,13012,2020-10-07,2,47
Herenthout,13012,2020-10-08,3,50
Herenthout,13012,2020-10-09,1,51
Herenthout,13012,2020-10-10,0,51
Herenthout,13012,2020-10-11,10,61
Herenthout,13012,2020-10-12,1,62
Herenthout,13012,2020-10-13,0,62
Herenthout,13012,2020-10-14,6,68
Herenthout,13012,2020-10-15,0,68
Herenthout,13012,2020-10-16,18,86
Herenthout,13012,2020-10-17,5,91
Herenthout,13012,2020-10-18,3,94
Herenthout,13012,2020-10-19,4,98
Herenthout,13012,2020-10-20,0,98
Herenthout,13012,2020-10-21,3,101
Herenthout,13012,2020-10-22,2,103
Herenthout,13012,2020-10-23,13,116
Herenthout,13012,2020-10-24,6,122
Herenthout,13012,2020-10-25,5,127
Herenthout,13012,2020-10-26,7,134
Herenthout,13012,2020-10-27,2,136
Herenthout,13012,2020-10-28,4,140
Herenthout,13012,2020-10-29,4,144
Herenthout,13012,2020-10-30,9,153
Herenthout,13012,2020-10-31,4,157
Herenthout,13012,2020-11-01,7,164
Herenthout,13012,2020-11-02,5,169
Herenthout,13012,2020-11-03,4,173
Herenthout,13012,2020-11-04,0,173
Herenthout,13012,2020-11-05,6,179
Herenthout,13012,2020-11-06,3,182
Herenthout,13012,2020-11-07,5,187
Herenthout,13012,2020-11-08,3,190
Herenthout,13012,2020-11-09,2,192
Herenthout,13012,2020-11-10,0,192
Herenthout,13012,2020-11-11,5,197
Herselt,13013,2020-04-01,3,31
Herselt,13013,2020-04-02,8,39
Herselt,13013,2020-04-03,4,43
Herselt,13013,2020-04-04,2,45
Herselt,13013,2020-04-05,0,45
Herselt,13013,2020-04-06,2,47
Herselt,13013,2020-04-07,3,50
Herselt,13013,2020-04-08,1,51
Herselt,13013,2020-04-09,0,51
Herselt,13013,2020-04-10,5,56
Herselt,13013,2020-04-11,3,59
Herselt,13013,2020-04-12,1,60
Herselt,13013,2020-04-13,0,60
Herselt,13013,2020-04-14,1,61
Herselt,13013,2020-04-15,3,64
Herselt,13013,2020-04-16,5,69
Herselt,13013,2020-04-17,2,71
Herselt,13013,2020-04-18,8,79
Herselt,13013,2020-04-19,1,80
Herselt,13013,2020-04-20,1,81
Herselt,13013,2020-04-21,0,81
Herselt,13013,2020-04-22,0,81
Herselt,13013,2020-04-23,0,81
Herselt,13013,2020-04-24,1,82
Herselt,13013,2020-04-25,1,83
Herselt,13013,2020-04-26,2,85
Herselt,13013,2020-04-27,1,86
Herselt,13013,2020-04-28,0,86
Herselt,13013,2020-04-29,0,86
Herselt,13013,2020-04-30,2,88
Herselt,13013,2020-05-01,0,88
Herselt,13013,2020-05-02,0,88
Herselt,13013,2020-05-03,0,88
Herselt,13013,2020-05-04,0,88
Herselt,13013,2020-05-05,0,88
Herselt,13013,2020-05-06,0,88
Herselt,13013,2020-05-07,1,89
Herselt,13013,2020-05-08,3,92
Herselt,13013,2020-05-09,1,93
Herselt,13013,2020-05-10,1,94
Herselt,13013,2020-05-11,0,94
Herselt,13013,2020-05-12,0,94
Herselt,13013,2020-05-13,0,94
Herselt,13013,2020-05-14,0,94
Herselt,13013,2020-05-15,1,95
Herselt,13013,2020-05-16,0,95
Herselt,13013,2020-05-17,0,95
Herselt,13013,2020-05-18,0,95
Herselt,13013,2020-05-19,0,95
Herselt,13013,2020-05-20,0,95
Herselt,13013,2020-05-21,0,95
Herselt,13013,2020-05-22,0,95
Herselt,13013,2020-05-23,0,95
Herselt,13013,2020-05-24,0,95
Herselt,13013,2020-05-25,0,95
Herselt,13013,2020-05-26,0,95
Herselt,13013,2020-05-27,0,95
Herselt,13013,2020-05-28,0,95
Herselt,13013,2020-05-29,0,95
Herselt,13013,2020-05-30,0,95
Herselt,13013,2020-05-31,0,95
Herselt,13013,2020-06-01,0,95
Herselt,13013,2020-06-02,0,95
Herselt,13013,2020-06-03,0,95
Herselt,13013,2020-06-04,1,96
Herselt,13013,2020-06-05,0,96
Herselt,13013,2020-06-06,0,96
Herselt,13013,2020-06-07,0,96
Herselt,13013,2020-06-08,0,96
Herselt,13013,2020-06-09,0,96
Herselt,13013,2020-06-10,0,96
Herselt,13013,2020-06-11,0,96
Herselt,13013,2020-06-12,0,96
Herselt,13013,2020-06-13,0,96
Herselt,13013,2020-06-14,0,96
Herselt,13013,2020-06-15,0,96
Herselt,13013,2020-06-16,0,96
Herselt,13013,2020-06-17,0,96
Herselt,13013,2020-06-18,0,96
Herselt,13013,2020-06-19,0,96
Herselt,13013,2020-06-20,1,97
Herselt,13013,2020-06-23,0,97
Herselt,13013,2020-06-24,0,97
Herselt,13013,2020-06-25,0,97
Herselt,13013,2020-06-26,0,97
Herselt,13013,2020-06-27,0,97
Herselt,13013,2020-06-30,0,97
Herselt,13013,2020-07-01,0,97
Herselt,13013,2020-07-02,0,97
Herselt,13013,2020-07-03,0,97
Herselt,13013,2020-07-04,0,97
Herselt,13013,2020-07-07,0,97
Herselt,13013,2020-07-08,0,97
Herselt,13013,2020-07-09,0,97
Herselt,13013,2020-07-10,0,97
Herselt,13013,2020-07-11,0,97
Herselt,13013,2020-07-14,0,97
Herselt,13013,2020-07-15,1,98
Herselt,13013,2020-07-16,0,98
Herselt,13013,2020-07-17,0,98
Herselt,13013,2020-07-18,0,98
Herselt,13013,2020-07-20,0,98
Herselt,13013,2020-07-21,0,98
Herselt,13013,2020-07-22,0,98
Herselt,13013,2020-07-23,0,98
Herselt,13013,2020-07-24,0,98
Herselt,13013,2020-07-25,0,98
Herselt,13013,2020-07-26,0,98
Herselt,13013,2020-07-27,0,98
Herselt,13013,2020-07-28,0,98
Herselt,13013,2020-07-29,0,98
Herselt,13013,2020-07-30,0,98
Herselt,13013,2020-07-31,0,98
Herselt,13013,2020-08-01,0,98
Herselt,13013,2020-08-02,0,98
Herselt,13013,2020-08-03,0,98
Herselt,13013,2020-08-04,0,98
Herselt,13013,2020-08-05,0,98
Herselt,13013,2020-08-06,0,98
Herselt,13013,2020-08-07,0,98
Herselt,13013,2020-08-08,1,99
Herselt,13013,2020-08-09,0,99
Herselt,13013,2020-08-10,1,100
Herselt,13013,2020-08-11,0,100
Herselt,13013,2020-08-12,0,100
Herselt,13013,2020-08-13,1,101
Herselt,13013,2020-08-14,0,101
Herselt,13013,2020-08-15,0,101
Herselt,13013,2020-08-16,0,101
Herselt,13013,2020-08-17,0,101
Herselt,13013,2020-08-18,0,101
Herselt,13013,2020-08-19,0,101
Herselt,13013,2020-08-20,0,101
Herselt,13013,2020-08-21,0,101
Herselt,13013,2020-08-22,1,102
Herselt,13013,2020-08-23,0,102
Herselt,13013,2020-08-24,0,102
Herselt,13013,2020-08-25,0,102
Herselt,13013,2020-08-26,0,102
Herselt,13013,2020-08-27,0,102
Herselt,13013,2020-08-28,0,102
Herselt,13013,2020-08-29,0,102
Herselt,13013,2020-08-30,0,102
Herselt,13013,2020-08-31,0,102
Herselt,13013,2020-09-01,0,102
Herselt,13013,2020-09-02,0,102
Herselt,13013,2020-09-03,0,102
Herselt,13013,2020-09-04,0,102
Herselt,13013,2020-09-05,0,102
Herselt,13013,2020-09-06,0,102
Herselt,13013,2020-09-07,0,102
Herselt,13013,2020-09-08,0,102
Herselt,13013,2020-09-09,0,102
Herselt,13013,2020-09-10,0,102
Herselt,13013,2020-09-11,0,102
Herselt,13013,2020-09-12,0,102
Herselt,13013,2020-09-13,1,103
Herselt,13013,2020-09-14,0,103
Herselt,13013,2020-09-15,0,103
Herselt,13013,2020-09-16,0,103
Herselt,13013,2020-09-17,0,103
Herselt,13013,2020-09-18,0,103
Herselt,13013,2020-09-19,0,103
Herselt,13013,2020-09-20,0,103
Herselt,13013,2020-09-21,0,103
Herselt,13013,2020-09-22,0,103
Herselt,13013,2020-09-23,1,104
Herselt,13013,2020-09-24,0,104
Herselt,13013,2020-09-25,0,104
Herselt,13013,2020-09-26,0,104
Herselt,13013,2020-09-27,2,106
Herselt,13013,2020-09-28,0,106
Herselt,13013,2020-09-29,0,106
Herselt,13013,2020-09-30,0,106
Herselt,13013,2020-10-01,2,108
Herselt,13013,2020-10-02,0,108
Herselt,13013,2020-10-03,1,109
Herselt,13013,2020-10-04,2,111
Herselt,13013,2020-10-05,0,111
Herselt,13013,2020-10-06,1,112
Herselt,13013,2020-10-07,0,112
Herselt,13013,2020-10-08,1,113
Herselt,13013,2020-10-09,0,113
Herselt,13013,2020-10-10,4,117
Herselt,13013,2020-10-11,4,121
Herselt,13013,2020-10-12,1,122
Herselt,13013,2020-10-13,0,122
Herselt,13013,2020-10-14,1,123
Herselt,13013,2020-10-15,4,127
Herselt,13013,2020-10-16,7,134
Herselt,13013,2020-10-17,4,138
Herselt,13013,2020-10-18,5,143
Herselt,13013,2020-10-19,6,149
Herselt,13013,2020-10-20,2,151
Herselt,13013,2020-10-21,5,156
Herselt,13013,2020-10-22,2,158
Herselt,13013,2020-10-23,7,165
Herselt,13013,2020-10-24,6,171
Herselt,13013,2020-10-25,6,177
Herselt,13013,2020-10-26,7,184
Herselt,13013,2020-10-27,6,190
Herselt,13013,2020-10-28,11,201
Herselt,13013,2020-10-29,6,207
Herselt,13013,2020-10-30,5,212
Herselt,13013,2020-10-31,10,222
Herselt,13013,2020-11-01,8,230
Herselt,13013,2020-11-02,10,240
Herselt,13013,2020-11-03,3,243
Herselt,13013,2020-11-04,1,244
Herselt,13013,2020-11-05,7,251
Herselt,13013,2020-11-06,4,255
Herselt,13013,2020-11-07,3,258
Herselt,13013,2020-11-08,1,259
Herselt,13013,2020-11-09,2,261
Herselt,13013,2020-11-10,3,264
Herselt,13013,2020-11-11,1,265
Hoogstraten,13014,2020-04-01,0,14
Hoogstraten,13014,2020-04-02,1,15
Hoogstraten,13014,2020-04-03,1,16
Hoogstraten,13014,2020-04-04,0,16
Hoogstraten,13014,2020-04-05,1,17
Hoogstraten,13014,2020-04-06,4,21
Hoogstraten,13014,2020-04-07,0,21
Hoogstraten,13014,2020-04-08,1,22
Hoogstraten,13014,2020-04-09,2,24
Hoogstraten,13014,2020-04-10,0,24
Hoogstraten,13014,2020-04-11,0,24
Hoogstraten,13014,2020-04-12,0,24
Hoogstraten,13014,2020-04-13,2,26
Hoogstraten,13014,2020-04-14,0,26
Hoogstraten,13014,2020-04-15,0,26
Hoogstraten,13014,2020-04-16,0,26
Hoogstraten,13014,2020-04-17,0,26
Hoogstraten,13014,2020-04-18,2,28
Hoogstraten,13014,2020-04-19,0,28
Hoogstraten,13014,2020-04-20,2,30
Hoogstraten,13014,2020-04-21,0,30
Hoogstraten,13014,2020-04-22,0,30
Hoogstraten,13014,2020-04-23,0,30
Hoogstraten,13014,2020-04-24,0,30
Hoogstraten,13014,2020-04-25,0,30
Hoogstraten,13014,2020-04-26,0,30
Hoogstraten,13014,2020-04-27,0,30
Hoogstraten,13014,2020-04-28,0,30
Hoogstraten,13014,2020-04-29,0,30
Hoogstraten,13014,2020-04-30,4,34
Hoogstraten,13014,2020-05-01,2,36
Hoogstraten,13014,2020-05-02,1,37
Hoogstraten,13014,2020-05-03,0,37
Hoogstraten,13014,2020-05-04,0,37
Hoogstraten,13014,2020-05-05,0,37
Hoogstraten,13014,2020-05-06,0,37
Hoogstraten,13014,2020-05-07,1,38
Hoogstraten,13014,2020-05-08,0,38
Hoogstraten,13014,2020-05-09,0,38
Hoogstraten,13014,2020-05-10,0,38
Hoogstraten,13014,2020-05-11,2,40
Hoogstraten,13014,2020-05-12,1,41
Hoogstraten,13014,2020-05-13,0,41
Hoogstraten,13014,2020-05-14,0,41
Hoogstraten,13014,2020-05-15,0,41
Hoogstraten,13014,2020-05-16,2,43
Hoogstraten,13014,2020-05-17,0,43
Hoogstraten,13014,2020-05-18,1,44
Hoogstraten,13014,2020-05-19,1,45
Hoogstraten,13014,2020-05-20,0,45
Hoogstraten,13014,2020-05-21,0,45
Hoogstraten,13014,2020-05-22,0,45
Hoogstraten,13014,2020-05-23,0,45
Hoogstraten,13014,2020-05-24,0,45
Hoogstraten,13014,2020-05-25,1,46
Hoogstraten,13014,2020-05-26,0,46
Hoogstraten,13014,2020-05-27,0,46
Hoogstraten,13014,2020-05-28,1,47
Hoogstraten,13014,2020-05-29,0,47
Hoogstraten,13014,2020-05-30,0,47
Hoogstraten,13014,2020-05-31,0,47
Hoogstraten,13014,2020-06-01,0,47
Hoogstraten,13014,2020-06-02,0,47
Hoogstraten,13014,2020-06-03,0,47
Hoogstraten,13014,2020-06-04,0,47
Hoogstraten,13014,2020-06-05,0,47
Hoogstraten,13014,2020-06-06,0,47
Hoogstraten,13014,2020-06-07,0,47
Hoogstraten,13014,2020-06-08,0,47
Hoogstraten,13014,2020-06-09,1,48
Hoogstraten,13014,2020-06-10,0,48
Hoogstraten,13014,2020-06-11,1,49
Hoogstraten,13014,2020-06-12,0,49
Hoogstraten,13014,2020-06-13,0,49
Hoogstraten,13014,2020-06-14,0,49
Hoogstraten,13014,2020-06-15,0,49
Hoogstraten,13014,2020-06-16,0,49
Hoogstraten,13014,2020-06-17,1,50
Hoogstraten,13014,2020-06-18,0,50
Hoogstraten,13014,2020-06-19,1,51
Hoogstraten,13014,2020-06-20,0,51
Hoogstraten,13014,2020-06-23,0,51
Hoogstraten,13014,2020-06-24,1,52
Hoogstraten,13014,2020-06-25,0,52
Hoogstraten,13014,2020-06-26,0,52
Hoogstraten,13014,2020-06-27,0,52
Hoogstraten,13014,2020-06-30,0,52
Hoogstraten,13014,2020-07-01,0,52
Hoogstraten,13014,2020-07-02,0,52
Hoogstraten,13014,2020-07-03,0,52
Hoogstraten,13014,2020-07-04,0,52
Hoogstraten,13014,2020-07-07,0,52
Hoogstraten,13014,2020-07-08,0,52
Hoogstraten,13014,2020-07-09,0,52
Hoogstraten,13014,2020-07-10,0,52
Hoogstraten,13014,2020-07-11,0,52
Hoogstraten,13014,2020-07-14,0,52
Hoogstraten,13014,2020-07-15,0,52
Hoogstraten,13014,2020-07-16,0,52
Hoogstraten,13014,2020-07-17,0,52
Hoogstraten,13014,2020-07-18,1,53
Hoogstraten,13014,2020-07-20,3,56
Hoogstraten,13014,2020-07-21,0,56
Hoogstraten,13014,2020-07-22,0,56
Hoogstraten,13014,2020-07-23,1,57
Hoogstraten,13014,2020-07-24,0,57
Hoogstraten,13014,2020-07-25,1,58
Hoogstraten,13014,2020-07-26,5,63
Hoogstraten,13014,2020-07-27,0,63
Hoogstraten,13014,2020-07-28,0,63
Hoogstraten,13014,2020-07-29,0,63
Hoogstraten,13014,2020-07-30,3,66
Hoogstraten,13014,2020-07-31,3,69
Hoogstraten,13014,2020-08-01,2,71
Hoogstraten,13014,2020-08-02,1,72
Hoogstraten,13014,2020-08-03,0,72
Hoogstraten,13014,2020-08-04,3,75
Hoogstraten,13014,2020-08-05,0,75
Hoogstraten,13014,2020-08-06,2,77
Hoogstraten,13014,2020-08-07,1,78
Hoogstraten,13014,2020-08-08,0,78
Hoogstraten,13014,2020-08-09,5,83
Hoogstraten,13014,2020-08-10,2,85
Hoogstraten,13014,2020-08-11,0,85
Hoogstraten,13014,2020-08-12,1,86
Hoogstraten,13014,2020-08-13,0,86
Hoogstraten,13014,2020-08-14,5,91
Hoogstraten,13014,2020-08-15,2,93
Hoogstraten,13014,2020-08-16,3,96
Hoogstraten,13014,2020-08-17,0,96
Hoogstraten,13014,2020-08-18,0,96
Hoogstraten,13014,2020-08-19,0,96
Hoogstraten,13014,2020-08-20,0,96
Hoogstraten,13014,2020-08-21,2,98
Hoogstraten,13014,2020-08-22,1,99
Hoogstraten,13014,2020-08-23,2,101
Hoogstraten,13014,2020-08-24,0,101
Hoogstraten,13014,2020-08-25,0,101
Hoogstraten,13014,2020-08-26,1,102
Hoogstraten,13014,2020-08-27,0,102
Hoogstraten,13014,2020-08-28,1,103
Hoogstraten,13014,2020-08-29,0,103
Hoogstraten,13014,2020-08-30,0,103
Hoogstraten,13014,2020-08-31,0,103
Hoogstraten,13014,2020-09-01,0,103
Hoogstraten,13014,2020-09-02,0,103
Hoogstraten,13014,2020-09-03,0,103
Hoogstraten,13014,2020-09-04,1,104
Hoogstraten,13014,2020-09-05,1,105
Hoogstraten,13014,2020-09-06,0,105
Hoogstraten,13014,2020-09-07,0,105
Hoogstraten,13014,2020-09-08,0,105
Hoogstraten,13014,2020-09-09,0,105
Hoogstraten,13014,2020-09-10,1,106
Hoogstraten,13014,2020-09-11,1,107
Hoogstraten,13014,2020-09-12,6,113
Hoogstraten,13014,2020-09-13,0,113
Hoogstraten,13014,2020-09-14,0,113
Hoogstraten,13014,2020-09-15,7,120
Hoogstraten,13014,2020-09-16,0,120
Hoogstraten,13014,2020-09-17,0,120
Hoogstraten,13014,2020-09-18,2,122
Hoogstraten,13014,2020-09-19,1,123
Hoogstraten,13014,2020-09-20,2,125
Hoogstraten,13014,2020-09-21,5,130
Hoogstraten,13014,2020-09-22,4,134
Hoogstraten,13014,2020-09-23,0,134
Hoogstraten,13014,2020-09-24,2,136
Hoogstraten,13014,2020-09-25,3,139
Hoogstraten,13014,2020-09-26,3,142
Hoogstraten,13014,2020-09-27,1,143
Hoogstraten,13014,2020-09-28,7,150
Hoogstraten,13014,2020-09-29,1,151
Hoogstraten,13014,2020-09-30,0,151
Hoogstraten,13014,2020-10-01,6,157
Hoogstraten,13014,2020-10-02,1,158
Hoogstraten,13014,2020-10-03,0,158
Hoogstraten,13014,2020-10-04,5,163
Hoogstraten,13014,2020-10-05,2,165
Hoogstraten,13014,2020-10-06,2,167
Hoogstraten,13014,2020-10-07,2,169
Hoogstraten,13014,2020-10-08,3,172
Hoogstraten,13014,2020-10-09,4,176
Hoogstraten,13014,2020-10-10,5,181
Hoogstraten,13014,2020-10-11,8,189
Hoogstraten,13014,2020-10-12,8,197
Hoogstraten,13014,2020-10-13,4,201
Hoogstraten,13014,2020-10-14,6,207
Hoogstraten,13014,2020-10-15,12,219
Hoogstraten,13014,2020-10-16,10,229
Hoogstraten,13014,2020-10-17,10,239
Hoogstraten,13014,2020-10-18,22,261
Hoogstraten,13014,2020-10-19,7,268
Hoogstraten,13014,2020-10-20,8,276
Hoogstraten,13014,2020-10-21,14,290
Hoogstraten,13014,2020-10-22,11,301
Hoogstraten,13014,2020-10-23,28,329
Hoogstraten,13014,2020-10-24,21,350
Hoogstraten,13014,2020-10-25,20,370
Hoogstraten,13014,2020-10-26,8,378
Hoogstraten,13014,2020-10-27,10,388
Hoogstraten,13014,2020-10-28,13,401
Hoogstraten,13014,2020-10-29,23,424
Hoogstraten,13014,2020-10-30,21,445
Hoogstraten,13014,2020-10-31,28,473
Hoogstraten,13014,2020-11-01,16,489
Hoogstraten,13014,2020-11-02,15,504
Hoogstraten,13014,2020-11-03,5,509
Hoogstraten,13014,2020-11-04,5,514
Hoogstraten,13014,2020-11-05,14,528
Hoogstraten,13014,2020-11-06,7,535
Hoogstraten,13014,2020-11-07,11,546
Hoogstraten,13014,2020-11-08,7,553
Hoogstraten,13014,2020-11-09,7,560
Hoogstraten,13014,2020-11-10,2,562
Hoogstraten,13014,2020-11-11,2,564
Hulshout,13016,2020-04-01,0,14
Hulshout,13016,2020-04-02,1,15
Hulshout,13016,2020-04-03,0,15
Hulshout,13016,2020-04-04,0,15
Hulshout,13016,2020-04-05,1,16
Hulshout,13016,2020-04-06,0,16
Hulshout,13016,2020-04-07,1,17
Hulshout,13016,2020-04-08,0,17
Hulshout,13016,2020-04-09,1,18
Hulshout,13016,2020-04-10,0,18
Hulshout,13016,2020-04-11,1,19
Hulshout,13016,2020-04-12,1,20
Hulshout,13016,2020-04-13,0,20
Hulshout,13016,2020-04-14,1,21
Hulshout,13016,2020-04-15,0,21
Hulshout,13016,2020-04-16,1,22
Hulshout,13016,2020-04-17,0,22
Hulshout,13016,2020-04-18,2,24
Hulshout,13016,2020-04-19,0,24
Hulshout,13016,2020-04-20,0,24
Hulshout,13016,2020-04-21,0,24
Hulshout,13016,2020-04-22,0,24
Hulshout,13016,2020-04-23,2,26
Hulshout,13016,2020-04-24,0,26
Hulshout,13016,2020-04-25,1,27
Hulshout,13016,2020-04-26,0,27
Hulshout,13016,2020-04-27,0,27
Hulshout,13016,2020-04-28,0,27
Hulshout,13016,2020-04-29,0,27
Hulshout,13016,2020-04-30,4,31
Hulshout,13016,2020-05-01,0,31
Hulshout,13016,2020-05-02,1,32
Hulshout,13016,2020-05-03,0,32
Hulshout,13016,2020-05-04,0,32
Hulshout,13016,2020-05-05,0,32
Hulshout,13016,2020-05-06,0,32
Hulshout,13016,2020-05-07,1,33
Hulshout,13016,2020-05-08,0,33
Hulshout,13016,2020-05-09,1,34
Hulshout,13016,2020-05-10,0,34
Hulshout,13016,2020-05-11,0,34
Hulshout,13016,2020-05-12,0,34
Hulshout,13016,2020-05-13,0,34
Hulshout,13016,2020-05-14,0,34
Hulshout,13016,2020-05-15,0,34
Hulshout,13016,2020-05-16,0,34
Hulshout,13016,2020-05-17,0,34
Hulshout,13016,2020-05-18,0,34
Hulshout,13016,2020-05-19,1,35
Hulshout,13016,2020-05-20,0,35
Hulshout,13016,2020-05-21,0,35
Hulshout,13016,2020-05-22,0,35
Hulshout,13016,2020-05-23,0,35
Hulshout,13016,2020-05-24,0,35
Hulshout,13016,2020-05-25,0,35
Hulshout,13016,2020-05-26,0,35
Hulshout,13016,2020-05-27,0,35
Hulshout,13016,2020-05-28,0,35
Hulshout,13016,2020-05-29,0,35
Hulshout,13016,2020-05-30,0,35
Hulshout,13016,2020-05-31,0,35
Hulshout,13016,2020-06-01,0,35
Hulshout,13016,2020-06-02,0,35
Hulshout,13016,2020-06-03,0,35
Hulshout,13016,2020-06-04,0,35
Hulshout,13016,2020-06-05,0,35
Hulshout,13016,2020-06-06,0,35
Hulshout,13016,2020-06-07,0,35
Hulshout,13016,2020-06-08,0,35
Hulshout,13016,2020-06-09,0,35
Hulshout,13016,2020-06-10,0,35
Hulshout,13016,2020-06-11,0,35
Hulshout,13016,2020-06-12,0,35
Hulshout,13016,2020-06-13,0,35
Hulshout,13016,2020-06-14,0,35
Hulshout,13016,2020-06-15,0,35
Hulshout,13016,2020-06-16,0,35
Hulshout,13016,2020-06-17,0,35
Hulshout,13016,2020-06-18,0,35
Hulshout,13016,2020-06-19,0,35
Hulshout,13016,2020-06-20,0,35
Hulshout,13016,2020-06-23,0,35
Hulshout,13016,2020-06-24,0,35
Hulshout,13016,2020-06-25,0,35
Hulshout,13016,2020-06-26,0,35
Hulshout,13016,2020-06-27,0,35
Hulshout,13016,2020-06-30,0,35
Hulshout,13016,2020-07-01,0,35
Hulshout,13016,2020-07-02,0,35
Hulshout,13016,2020-07-03,0,35
Hulshout,13016,2020-07-04,0,35
Hulshout,13016,2020-07-07,0,35
Hulshout,13016,2020-07-08,0,35
Hulshout,13016,2020-07-09,0,35
Hulshout,13016,2020-07-10,0,35
Hulshout,13016,2020-07-11,0,35
Hulshout,13016,2020-07-14,0,35
Hulshout,13016,2020-07-15,0,35
Hulshout,13016,2020-07-16,1,36
Hulshout,13016,2020-07-17,0,36
Hulshout,13016,2020-07-18,0,36
Hulshout,13016,2020-07-20,0,36
Hulshout,13016,2020-07-21,0,36
Hulshout,13016,2020-07-22,0,36
Hulshout,13016,2020-07-23,0,36
Hulshout,13016,2020-07-24,0,36
Hulshout,13016,2020-07-25,0,36
Hulshout,13016,2020-07-26,0,36
Hulshout,13016,2020-07-27,0,36
Hulshout,13016,2020-07-28,0,36
Hulshout,13016,2020-07-29,0,36
Hulshout,13016,2020-07-30,0,36
Hulshout,13016,2020-07-31,1,37
Hulshout,13016,2020-08-01,0,37
Hulshout,13016,2020-08-02,0,37
Hulshout,13016,2020-08-03,0,37
Hulshout,13016,2020-08-04,0,37
Hulshout,13016,2020-08-05,0,37
Hulshout,13016,2020-08-06,1,38
Hulshout,13016,2020-08-07,0,38
Hulshout,13016,2020-08-08,0,38
Hulshout,13016,2020-08-09,0,38
Hulshout,13016,2020-08-10,0,38
Hulshout,13016,2020-08-11,1,39
Hulshout,13016,2020-08-12,0,39
Hulshout,13016,2020-08-13,0,39
Hulshout,13016,2020-08-14,0,39
Hulshout,13016,2020-08-15,1,40
Hulshout,13016,2020-08-16,0,40
Hulshout,13016,2020-08-17,0,40
Hulshout,13016,2020-08-18,1,41
Hulshout,13016,2020-08-19,0,41
Hulshout,13016,2020-08-20,0,41
Hulshout,13016,2020-08-21,0,41
Hulshout,13016,2020-08-22,1,42
Hulshout,13016,2020-08-23,0,42
Hulshout,13016,2020-08-24,0,42
Hulshout,13016,2020-08-25,0,42
Hulshout,13016,2020-08-26,0,42
Hulshout,13016,2020-08-27,0,42
Hulshout,13016,2020-08-28,0,42
Hulshout,13016,2020-08-29,0,42
Hulshout,13016,2020-08-30,0,42
Hulshout,13016,2020-08-31,0,42
Hulshout,13016,2020-09-01,0,42
Hulshout,13016,2020-09-02,0,42
Hulshout,13016,2020-09-03,0,42
Hulshout,13016,2020-09-04,0,42
Hulshout,13016,2020-09-05,0,42
Hulshout,13016,2020-09-06,0,42
Hulshout,13016,2020-09-07,0,42
Hulshout,13016,2020-09-08,0,42
Hulshout,13016,2020-09-09,0,42
Hulshout,13016,2020-09-10,0,42
Hulshout,13016,2020-09-11,0,42
Hulshout,13016,2020-09-12,0,42
Hulshout,13016,2020-09-13,0,42
Hulshout,13016,2020-09-14,0,42
Hulshout,13016,2020-09-15,0,42
Hulshout,13016,2020-09-16,0,42
Hulshout,13016,2020-09-17,0,42
Hulshout,13016,2020-09-18,0,42
Hulshout,13016,2020-09-19,0,42
Hulshout,13016,2020-09-20,0,42
Hulshout,13016,2020-09-21,0,42
Hulshout,13016,2020-09-22,0,42
Hulshout,13016,2020-09-23,0,42
Hulshout,13016,2020-09-24,0,42
Hulshout,13016,2020-09-25,1,43
Hulshout,13016,2020-09-26,0,43
Hulshout,13016,2020-09-27,1,44
Hulshout,13016,2020-09-28,0,44
Hulshout,13016,2020-09-29,1,45
Hulshout,13016,2020-09-30,0,45
Hulshout,13016,2020-10-01,0,45
Hulshout,13016,2020-10-02,0,45
Hulshout,13016,2020-10-03,0,45
Hulshout,13016,2020-10-04,1,46
Hulshout,13016,2020-10-05,0,46
Hulshout,13016,2020-10-06,1,47
Hulshout,13016,2020-10-07,0,47
Hulshout,13016,2020-10-08,0,47
Hulshout,13016,2020-10-09,2,49
Hulshout,13016,2020-10-10,2,51
Hulshout,13016,2020-10-11,3,54
Hulshout,13016,2020-10-12,0,54
Hulshout,13016,2020-10-13,0,54
Hulshout,13016,2020-10-14,2,56
Hulshout,13016,2020-10-15,1,57
Hulshout,13016,2020-10-16,12,69
Hulshout,13016,2020-10-17,0,69
Hulshout,13016,2020-10-18,5,74
Hulshout,13016,2020-10-19,2,76
Hulshout,13016,2020-10-20,5,81
Hulshout,13016,2020-10-21,7,88
Hulshout,13016,2020-10-22,5,93
Hulshout,13016,2020-10-23,10,103
Hulshout,13016,2020-10-24,7,110
Hulshout,13016,2020-10-25,8,118
Hulshout,13016,2020-10-26,8,126
Hulshout,13016,2020-10-27,6,132
Hulshout,13016,2020-10-28,5,137
Hulshout,13016,2020-10-29,4,141
Hulshout,13016,2020-10-30,7,148
Hulshout,13016,2020-10-31,5,153
Hulshout,13016,2020-11-01,4,157
Hulshout,13016,2020-11-02,5,162
Hulshout,13016,2020-11-03,3,165
Hulshout,13016,2020-11-04,1,166
Hulshout,13016,2020-11-05,6,172
Hulshout,13016,2020-11-06,5,177
Hulshout,13016,2020-11-07,7,184
Hulshout,13016,2020-11-08,1,185
Hulshout,13016,2020-11-09,2,187
Hulshout,13016,2020-11-10,1,188
Hulshout,13016,2020-11-11,4,192
Kasterlee,13017,2020-04-01,0,13
Kasterlee,13017,2020-04-02,2,15
Kasterlee,13017,2020-04-03,0,15
Kasterlee,13017,2020-04-04,1,16
Kasterlee,13017,2020-04-05,1,17
Kasterlee,13017,2020-04-06,0,17
Kasterlee,13017,2020-04-07,1,18
Kasterlee,13017,2020-04-08,1,19
Kasterlee,13017,2020-04-09,0,19
Kasterlee,13017,2020-04-10,1,20
Kasterlee,13017,2020-04-11,0,20
Kasterlee,13017,2020-04-12,0,20
Kasterlee,13017,2020-04-13,0,20
Kasterlee,13017,2020-04-14,0,20
Kasterlee,13017,2020-04-15,3,23
Kasterlee,13017,2020-04-16,2,25
Kasterlee,13017,2020-04-17,1,26
Kasterlee,13017,2020-04-18,0,26
Kasterlee,13017,2020-04-19,1,27
Kasterlee,13017,2020-04-20,2,29
Kasterlee,13017,2020-04-21,0,29
Kasterlee,13017,2020-04-22,0,29
Kasterlee,13017,2020-04-23,0,29
Kasterlee,13017,2020-04-24,2,31
Kasterlee,13017,2020-04-25,0,31
Kasterlee,13017,2020-04-26,0,31
Kasterlee,13017,2020-04-27,0,31
Kasterlee,13017,2020-04-28,0,31
Kasterlee,13017,2020-04-29,0,31
Kasterlee,13017,2020-04-30,0,31
Kasterlee,13017,2020-05-01,0,31
Kasterlee,13017,2020-05-02,1,32
Kasterlee,13017,2020-05-03,0,32
Kasterlee,13017,2020-05-04,1,33
Kasterlee,13017,2020-05-05,0,33
Kasterlee,13017,2020-05-06,0,33
Kasterlee,13017,2020-05-07,0,33
Kasterlee,13017,2020-05-08,3,36
Kasterlee,13017,2020-05-09,0,36
Kasterlee,13017,2020-05-10,2,38
Kasterlee,13017,2020-05-11,4,42
Kasterlee,13017,2020-05-12,0,42
Kasterlee,13017,2020-05-13,0,42
Kasterlee,13017,2020-05-14,2,44
Kasterlee,13017,2020-05-15,3,47
Kasterlee,13017,2020-05-16,0,47
Kasterlee,13017,2020-05-17,0,47
Kasterlee,13017,2020-05-18,2,49
Kasterlee,13017,2020-05-19,0,49
Kasterlee,13017,2020-05-20,0,49
Kasterlee,13017,2020-05-21,0,49
Kasterlee,13017,2020-05-22,1,50
Kasterlee,13017,2020-05-23,0,50
Kasterlee,13017,2020-05-24,4,54
Kasterlee,13017,2020-05-25,1,55
Kasterlee,13017,2020-05-26,0,55
Kasterlee,13017,2020-05-27,1,56
Kasterlee,13017,2020-05-28,0,56
Kasterlee,13017,2020-05-29,1,57
Kasterlee,13017,2020-05-30,0,57
Kasterlee,13017,2020-05-31,0,57
Kasterlee,13017,2020-06-01,0,57
Kasterlee,13017,2020-06-02,0,57
Kasterlee,13017,2020-06-03,0,57
Kasterlee,13017,2020-06-04,0,57
Kasterlee,13017,2020-06-05,0,57
Kasterlee,13017,2020-06-06,0,57
Kasterlee,13017,2020-06-07,1,58
Kasterlee,13017,2020-06-08,0,58
Kasterlee,13017,2020-06-09,0,58
Kasterlee,13017,2020-06-10,0,58
Kasterlee,13017,2020-06-11,0,58
Kasterlee,13017,2020-06-12,0,58
Kasterlee,13017,2020-06-13,0,58
Kasterlee,13017,2020-06-14,0,58
Kasterlee,13017,2020-06-15,0,58
Kasterlee,13017,2020-06-16,0,58
Kasterlee,13017,2020-06-17,1,59
Kasterlee,13017,2020-06-18,3,62
Kasterlee,13017,2020-06-19,0,62
Kasterlee,13017,2020-06-20,6,68
Kasterlee,13017,2020-06-23,1,69
Kasterlee,13017,2020-06-24,0,69
Kasterlee,13017,2020-06-25,1,70
Kasterlee,13017,2020-06-26,1,71
Kasterlee,13017,2020-06-27,0,71
Kasterlee,13017,2020-06-30,0,71
Kasterlee,13017,2020-07-01,0,71
Kasterlee,13017,2020-07-02,2,73
Kasterlee,13017,2020-07-03,1,74
Kasterlee,13017,2020-07-04,0,74
Kasterlee,13017,2020-07-07,1,75
Kasterlee,13017,2020-07-08,0,75
Kasterlee,13017,2020-07-09,2,77
Kasterlee,13017,2020-07-10,0,77
Kasterlee,13017,2020-07-11,0,77
Kasterlee,13017,2020-07-14,0,77
Kasterlee,13017,2020-07-15,0,77
Kasterlee,13017,2020-07-16,0,77
Kasterlee,13017,2020-07-17,0,77
Kasterlee,13017,2020-07-18,0,77
Kasterlee,13017,2020-07-20,0,77
Kasterlee,13017,2020-07-21,1,78
Kasterlee,13017,2020-07-22,0,78
Kasterlee,13017,2020-07-23,0,78
Kasterlee,13017,2020-07-24,0,78
Kasterlee,13017,2020-07-25,0,78
Kasterlee,13017,2020-07-26,0,78
Kasterlee,13017,2020-07-27,2,80
Kasterlee,13017,2020-07-28,0,80
Kasterlee,13017,2020-07-29,0,80
Kasterlee,13017,2020-07-30,1,81
Kasterlee,13017,2020-07-31,1,82
Kasterlee,13017,2020-08-01,1,83
Kasterlee,13017,2020-08-02,0,83
Kasterlee,13017,2020-08-03,2,85
Kasterlee,13017,2020-08-04,0,85
Kasterlee,13017,2020-08-05,1,86
Kasterlee,13017,2020-08-06,0,86
Kasterlee,13017,2020-08-07,0,86
Kasterlee,13017,2020-08-08,0,86
Kasterlee,13017,2020-08-09,1,87
Kasterlee,13017,2020-08-10,0,87
Kasterlee,13017,2020-08-11,0,87
Kasterlee,13017,2020-08-12,0,87
Kasterlee,13017,2020-08-13,0,87
Kasterlee,13017,2020-08-14,-2,85
Kasterlee,13017,2020-08-15,2,87
Kasterlee,13017,2020-08-16,0,87
Kasterlee,13017,2020-08-17,0,87
Kasterlee,13017,2020-08-18,0,87
Kasterlee,13017,2020-08-19,1,88
Kasterlee,13017,2020-08-20,0,88
Kasterlee,13017,2020-08-21,0,88
Kasterlee,13017,2020-08-22,0,88
Kasterlee,13017,2020-08-23,0,88
Kasterlee,13017,2020-08-24,0,88
Kasterlee,13017,2020-08-25,0,88
Kasterlee,13017,2020-08-26,0,88
Kasterlee,13017,2020-08-27,1,89
Kasterlee,13017,2020-08-28,0,89
Kasterlee,13017,2020-08-29,0,89
Kasterlee,13017,2020-08-30,0,89
Kasterlee,13017,2020-08-31,0,89
Kasterlee,13017,2020-09-01,0,89
Kasterlee,13017,2020-09-02,0,89
Kasterlee,13017,2020-09-03,0,89
Kasterlee,13017,2020-09-04,0,89
Kasterlee,13017,2020-09-05,6,95
Kasterlee,13017,2020-09-06,1,96
Kasterlee,13017,2020-09-07,0,96
Kasterlee,13017,2020-09-08,0,96
Kasterlee,13017,2020-09-09,1,97
Kasterlee,13017,2020-09-10,0,97
Kasterlee,13017,2020-09-11,1,98
Kasterlee,13017,2020-09-12,0,98
Kasterlee,13017,2020-09-13,0,98
Kasterlee,13017,2020-09-14,0,98
Kasterlee,13017,2020-09-15,1,99
Kasterlee,13017,2020-09-16,0,99
Kasterlee,13017,2020-09-17,0,99
Kasterlee,13017,2020-09-18,0,99
Kasterlee,13017,2020-09-19,0,99
Kasterlee,13017,2020-09-20,1,100
Kasterlee,13017,2020-09-21,1,101
Kasterlee,13017,2020-09-22,0,101
Kasterlee,13017,2020-09-23,2,103
Kasterlee,13017,2020-09-24,0,103
Kasterlee,13017,2020-09-25,4,107
Kasterlee,13017,2020-09-26,3,110
Kasterlee,13017,2020-09-27,5,115
Kasterlee,13017,2020-09-28,0,115
Kasterlee,13017,2020-09-29,0,115
Kasterlee,13017,2020-09-30,1,116
Kasterlee,13017,2020-10-01,1,117
Kasterlee,13017,2020-10-02,1,118
Kasterlee,13017,2020-10-03,9,127
Kasterlee,13017,2020-10-04,3,130
Kasterlee,13017,2020-10-05,0,130
Kasterlee,13017,2020-10-06,2,132
Kasterlee,13017,2020-10-07,2,134
Kasterlee,13017,2020-10-08,1,135
Kasterlee,13017,2020-10-09,5,140
Kasterlee,13017,2020-10-10,2,142
Kasterlee,13017,2020-10-11,3,145
Kasterlee,13017,2020-10-12,2,147
Kasterlee,13017,2020-10-13,0,147
Kasterlee,13017,2020-10-14,3,150
Kasterlee,13017,2020-10-15,7,157
Kasterlee,13017,2020-10-16,3,160
Kasterlee,13017,2020-10-17,10,170
Kasterlee,13017,2020-10-18,12,182
Kasterlee,13017,2020-10-19,13,195
Kasterlee,13017,2020-10-20,4,199
Kasterlee,13017,2020-10-21,6,205
Kasterlee,13017,2020-10-22,3,208
Kasterlee,13017,2020-10-23,19,227
Kasterlee,13017,2020-10-24,14,241
Kasterlee,13017,2020-10-25,14,255
Kasterlee,13017,2020-10-26,9,264
Kasterlee,13017,2020-10-27,14,278
Kasterlee,13017,2020-10-28,9,287
Kasterlee,13017,2020-10-29,14,301
Kasterlee,13017,2020-10-30,17,318
Kasterlee,13017,2020-10-31,12,330
Kasterlee,13017,2020-11-01,17,347
Kasterlee,13017,2020-11-02,12,359
Kasterlee,13017,2020-11-03,18,377
Kasterlee,13017,2020-11-04,5,382
Kasterlee,13017,2020-11-05,14,396
Kasterlee,13017,2020-11-06,9,405
Kasterlee,13017,2020-11-07,6,411
Kasterlee,13017,2020-11-08,8,419
Kasterlee,13017,2020-11-09,6,425
Kasterlee,13017,2020-11-10,0,425
Kasterlee,13017,2020-11-11,5,430
Lille,13019,2020-04-01,3,20
Lille,13019,2020-04-02,0,20
Lille,13019,2020-04-03,2,22
Lille,13019,2020-04-04,2,24
Lille,13019,2020-04-05,2,26
Lille,13019,2020-04-06,0,26
Lille,13019,2020-04-07,1,27
Lille,13019,2020-04-08,2,29
Lille,13019,2020-04-09,4,33
Lille,13019,2020-04-10,2,35
Lille,13019,2020-04-11,1,36
Lille,13019,2020-04-12,0,36
Lille,13019,2020-04-13,1,37
Lille,13019,2020-04-14,0,37
Lille,13019,2020-04-15,2,39
Lille,13019,2020-04-16,0,39
Lille,13019,2020-04-17,5,44
Lille,13019,2020-04-18,1,45
Lille,13019,2020-04-19,9,54
Lille,13019,2020-04-20,4,58
Lille,13019,2020-04-21,0,58
Lille,13019,2020-04-22,0,58
Lille,13019,2020-04-23,0,58
Lille,13019,2020-04-24,2,60
Lille,13019,2020-04-25,0,60
Lille,13019,2020-04-26,0,60
Lille,13019,2020-04-27,1,61
Lille,13019,2020-04-28,0,61
Lille,13019,2020-04-29,0,61
Lille,13019,2020-04-30,3,64
Lille,13019,2020-05-01,3,67
Lille,13019,2020-05-02,1,68
Lille,13019,2020-05-03,1,69
Lille,13019,2020-05-04,23,92
Lille,13019,2020-05-05,0,92
Lille,13019,2020-05-06,0,92
Lille,13019,2020-05-07,3,95
Lille,13019,2020-05-08,0,95
Lille,13019,2020-05-09,1,96
Lille,13019,2020-05-10,0,96
Lille,13019,2020-05-11,2,98
Lille,13019,2020-05-12,2,100
Lille,13019,2020-05-13,0,100
Lille,13019,2020-05-14,3,103
Lille,13019,2020-05-15,0,103
Lille,13019,2020-05-16,0,103
Lille,13019,2020-05-17,1,104
Lille,13019,2020-05-18,1,105
Lille,13019,2020-05-19,3,108
Lille,13019,2020-05-20,0,108
Lille,13019,2020-05-21,2,110
Lille,13019,2020-05-22,2,112
Lille,13019,2020-05-23,0,112
Lille,13019,2020-05-24,3,115
Lille,13019,2020-05-25,2,117
Lille,13019,2020-05-26,0,117
Lille,13019,2020-05-27,0,117
Lille,13019,2020-05-28,0,117
Lille,13019,2020-05-29,0,117
Lille,13019,2020-05-30,0,117
Lille,13019,2020-05-31,0,117
Lille,13019,2020-06-01,0,117
Lille,13019,2020-06-02,0,117
Lille,13019,2020-06-03,0,117
Lille,13019,2020-06-04,0,117
Lille,13019,2020-06-05,0,117
Lille,13019,2020-06-06,1,118
Lille,13019,2020-06-07,1,119
Lille,13019,2020-06-08,0,119
Lille,13019,2020-06-09,1,120
Lille,13019,2020-06-10,0,120
Lille,13019,2020-06-11,0,120
Lille,13019,2020-06-12,0,120
Lille,13019,2020-06-13,0,120
Lille,13019,2020-06-14,0,120
Lille,13019,2020-06-15,0,120
Lille,13019,2020-06-16,1,121
Lille,13019,2020-06-17,0,121
Lille,13019,2020-06-18,0,121
Lille,13019,2020-06-19,0,121
Lille,13019,2020-06-20,0,121
Lille,13019,2020-06-23,0,121
Lille,13019,2020-06-24,0,121
Lille,13019,2020-06-25,0,121
Lille,13019,2020-06-26,0,121
Lille,13019,2020-06-27,0,121
Lille,13019,2020-06-30,0,121
Lille,13019,2020-07-01,0,121
Lille,13019,2020-07-02,0,121
Lille,13019,2020-07-03,0,121
Lille,13019,2020-07-04,0,121
Lille,13019,2020-07-07,0,121
Lille,13019,2020-07-08,1,122
Lille,13019,2020-07-09,2,124
Lille,13019,2020-07-10,0,124
Lille,13019,2020-07-11,0,124
Lille,13019,2020-07-14,0,124
Lille,13019,2020-07-15,0,124
Lille,13019,2020-07-16,0,124
Lille,13019,2020-07-17,0,124
Lille,13019,2020-07-18,1,125
Lille,13019,2020-07-20,0,125
Lille,13019,2020-07-21,0,125
Lille,13019,2020-07-22,0,125
Lille,13019,2020-07-23,0,125
Lille,13019,2020-07-24,0,125
Lille,13019,2020-07-25,0,125
Lille,13019,2020-07-26,0,125
Lille,13019,2020-07-27,0,125
Lille,13019,2020-07-28,0,125
Lille,13019,2020-07-29,0,125
Lille,13019,2020-07-30,0,125
Lille,13019,2020-07-31,0,125
Lille,13019,2020-08-01,1,126
Lille,13019,2020-08-02,1,127
Lille,13019,2020-08-03,1,128
Lille,13019,2020-08-04,1,129
Lille,13019,2020-08-05,1,130
Lille,13019,2020-08-06,0,130
Lille,13019,2020-08-07,2,132
Lille,13019,2020-08-08,2,134
Lille,13019,2020-08-09,0,134
Lille,13019,2020-08-10,1,135
Lille,13019,2020-08-11,1,136
Lille,13019,2020-08-12,0,136
Lille,13019,2020-08-13,0,136
Lille,13019,2020-08-14,-1,135
Lille,13019,2020-08-15,1,136
Lille,13019,2020-08-16,0,136
Lille,13019,2020-08-17,0,136
Lille,13019,2020-08-18,0,136
Lille,13019,2020-08-19,0,136
Lille,13019,2020-08-20,0,136
Lille,13019,2020-08-21,1,137
Lille,13019,2020-08-22,0,137
Lille,13019,2020-08-23,0,137
Lille,13019,2020-08-24,0,137
Lille,13019,2020-08-25,0,137
Lille,13019,2020-08-26,0,137
Lille,13019,2020-08-27,0,137
Lille,13019,2020-08-28,0,137
Lille,13019,2020-08-29,0,137
Lille,13019,2020-08-30,0,137
Lille,13019,2020-08-31,0,137
Lille,13019,2020-09-01,0,137
Lille,13019,2020-09-02,0,137
Lille,13019,2020-09-03,0,137
Lille,13019,2020-09-04,1,138
Lille,13019,2020-09-05,0,138
Lille,13019,2020-09-06,0,138
Lille,13019,2020-09-07,0,138
Lille,13019,2020-09-08,0,138
Lille,13019,2020-09-09,0,138
Lille,13019,2020-09-10,0,138
Lille,13019,2020-09-11,0,138
Lille,13019,2020-09-12,0,138
Lille,13019,2020-09-13,0,138
Lille,13019,2020-09-14,2,140
Lille,13019,2020-09-15,1,141
Lille,13019,2020-09-16,0,141
Lille,13019,2020-09-17,0,141
Lille,13019,2020-09-18,1,142
Lille,13019,2020-09-19,0,142
Lille,13019,2020-09-20,2,144
Lille,13019,2020-09-21,1,145
Lille,13019,2020-09-22,1,146
Lille,13019,2020-09-23,1,147
Lille,13019,2020-09-24,0,147
Lille,13019,2020-09-25,0,147
Lille,13019,2020-09-26,1,148
Lille,13019,2020-09-27,0,148
Lille,13019,2020-09-28,3,151
Lille,13019,2020-09-29,3,154
Lille,13019,2020-09-30,2,156
Lille,13019,2020-10-01,0,156
Lille,13019,2020-10-02,3,159
Lille,13019,2020-10-03,1,160
Lille,13019,2020-10-04,1,161
Lille,13019,2020-10-05,1,162
Lille,13019,2020-10-06,0,162
Lille,13019,2020-10-07,0,162
Lille,13019,2020-10-08,0,162
Lille,13019,2020-10-09,0,162
Lille,13019,2020-10-10,1,163
Lille,13019,2020-10-11,2,165
Lille,13019,2020-10-12,0,165
Lille,13019,2020-10-13,0,165
Lille,13019,2020-10-14,3,168
Lille,13019,2020-10-15,5,173
Lille,13019,2020-10-16,9,182
Lille,13019,2020-10-17,7,189
Lille,13019,2020-10-18,7,196
Lille,13019,2020-10-19,6,202
Lille,13019,2020-10-20,4,206
Lille,13019,2020-10-21,6,212
Lille,13019,2020-10-22,1,213
Lille,13019,2020-10-23,17,230
Lille,13019,2020-10-24,9,239
Lille,13019,2020-10-25,15,254
Lille,13019,2020-10-26,7,261
Lille,13019,2020-10-27,12,273
Lille,13019,2020-10-28,12,285
Lille,13019,2020-10-29,7,292
Lille,13019,2020-10-30,18,310
Lille,13019,2020-10-31,12,322
Lille,13019,2020-11-01,16,338
Lille,13019,2020-11-02,5,343
Lille,13019,2020-11-03,8,351
Lille,13019,2020-11-04,2,353
Lille,13019,2020-11-05,20,373
Lille,13019,2020-11-06,6,379
Lille,13019,2020-11-07,10,389
Lille,13019,2020-11-08,7,396
Lille,13019,2020-11-09,9,405
Lille,13019,2020-11-10,1,406
Lille,13019,2020-11-11,5,411
Meerhout,13021,2020-04-01,0,16
Meerhout,13021,2020-04-02,2,18
Meerhout,13021,2020-04-03,1,19
Meerhout,13021,2020-04-04,0,19
Meerhout,13021,2020-04-05,0,19
Meerhout,13021,2020-04-06,3,22
Meerhout,13021,2020-04-07,0,22
Meerhout,13021,2020-04-08,3,25
Meerhout,13021,2020-04-09,3,28
Meerhout,13021,2020-04-10,1,29
Meerhout,13021,2020-04-11,1,30
Meerhout,13021,2020-04-12,0,30
Meerhout,13021,2020-04-13,3,33
Meerhout,13021,2020-04-14,0,33
Meerhout,13021,2020-04-15,0,33
Meerhout,13021,2020-04-16,1,34
Meerhout,13021,2020-04-17,0,34
Meerhout,13021,2020-04-18,0,34
Meerhout,13021,2020-04-19,0,34
Meerhout,13021,2020-04-20,1,35
Meerhout,13021,2020-04-21,0,35
Meerhout,13021,2020-04-22,0,35
Meerhout,13021,2020-04-23,0,35
Meerhout,13021,2020-04-24,2,37
Meerhout,13021,2020-04-25,0,37
Meerhout,13021,2020-04-26,0,37
Meerhout,13021,2020-04-27,0,37
Meerhout,13021,2020-04-28,0,37
Meerhout,13021,2020-04-29,1,38
Meerhout,13021,2020-04-30,3,41
Meerhout,13021,2020-05-01,0,41
Meerhout,13021,2020-05-02,0,41
Meerhout,13021,2020-05-03,0,41
Meerhout,13021,2020-05-04,0,41
Meerhout,13021,2020-05-05,0,41
Meerhout,13021,2020-05-06,0,41
Meerhout,13021,2020-05-07,0,41
Meerhout,13021,2020-05-08,0,41
Meerhout,13021,2020-05-09,0,41
Meerhout,13021,2020-05-10,0,41
Meerhout,13021,2020-05-11,0,41
Meerhout,13021,2020-05-12,0,41
Meerhout,13021,2020-05-13,0,41
Meerhout,13021,2020-05-14,1,42
Meerhout,13021,2020-05-15,0,42
Meerhout,13021,2020-05-16,0,42
Meerhout,13021,2020-05-17,0,42
Meerhout,13021,2020-05-18,0,42
Meerhout,13021,2020-05-19,1,43
Meerhout,13021,2020-05-20,0,43
Meerhout,13021,2020-05-21,0,43
Meerhout,13021,2020-05-22,0,43
Meerhout,13021,2020-05-23,0,43
Meerhout,13021,2020-05-24,1,44
Meerhout,13021,2020-05-25,0,44
Meerhout,13021,2020-05-26,0,44
Meerhout,13021,2020-05-27,0,44
Meerhout,13021,2020-05-28,0,44
Meerhout,13021,2020-05-29,0,44
Meerhout,13021,2020-05-30,0,44
Meerhout,13021,2020-05-31,1,45
Meerhout,13021,2020-06-01,0,45
Meerhout,13021,2020-06-02,0,45
Meerhout,13021,2020-06-03,0,45
Meerhout,13021,2020-06-04,0,45
Meerhout,13021,2020-06-05,0,45
Meerhout,13021,2020-06-06,0,45
Meerhout,13021,2020-06-07,0,45
Meerhout,13021,2020-06-08,1,46
Meerhout,13021,2020-06-09,0,46
Meerhout,13021,2020-06-10,0,46
Meerhout,13021,2020-06-11,1,47
Meerhout,13021,2020-06-12,1,48
Meerhout,13021,2020-06-13,0,48
Meerhout,13021,2020-06-14,0,48
Meerhout,13021,2020-06-15,0,48
Meerhout,13021,2020-06-16,0,48
Meerhout,13021,2020-06-17,1,49
Meerhout,13021,2020-06-18,0,49
Meerhout,13021,2020-06-19,0,49
Meerhout,13021,2020-06-20,0,49
Meerhout,13021,2020-06-23,0,49
Meerhout,13021,2020-06-24,0,49
Meerhout,13021,2020-06-25,0,49
Meerhout,13021,2020-06-26,0,49
Meerhout,13021,2020-06-27,0,49
Meerhout,13021,2020-06-30,0,49
Meerhout,13021,2020-07-01,0,49
Meerhout,13021,2020-07-02,0,49
Meerhout,13021,2020-07-03,0,49
Meerhout,13021,2020-07-04,0,49
Meerhout,13021,2020-07-07,0,49
Meerhout,13021,2020-07-08,0,49
Meerhout,13021,2020-07-09,1,50
Meerhout,13021,2020-07-10,0,50
Meerhout,13021,2020-07-11,0,50
Meerhout,13021,2020-07-14,0,50
Meerhout,13021,2020-07-15,0,50
Meerhout,13021,2020-07-16,0,50
Meerhout,13021,2020-07-17,0,50
Meerhout,13021,2020-07-18,0,50
Meerhout,13021,2020-07-20,0,50
Meerhout,13021,2020-07-21,0,50
Meerhout,13021,2020-07-22,0,50
Meerhout,13021,2020-07-23,0,50
Meerhout,13021,2020-07-24,1,51
Meerhout,13021,2020-07-25,0,51
Meerhout,13021,2020-07-26,0,51
Meerhout,13021,2020-07-27,0,51
Meerhout,13021,2020-07-28,0,51
Meerhout,13021,2020-07-29,0,51
Meerhout,13021,2020-07-30,0,51
Meerhout,13021,2020-07-31,1,52
Meerhout,13021,2020-08-01,0,52
Meerhout,13021,2020-08-02,0,52
Meerhout,13021,2020-08-03,1,53
Meerhout,13021,2020-08-04,0,53
Meerhout,13021,2020-08-05,0,53
Meerhout,13021,2020-08-06,0,53
Meerhout,13021,2020-08-07,3,56
Meerhout,13021,2020-08-08,1,57
Meerhout,13021,2020-08-09,3,60
Meerhout,13021,2020-08-10,0,60
Meerhout,13021,2020-08-11,0,60
Meerhout,13021,2020-08-12,0,60
Meerhout,13021,2020-08-13,3,63
Meerhout,13021,2020-08-14,0,63
Meerhout,13021,2020-08-15,0,63
Meerhout,13021,2020-08-16,0,63
Meerhout,13021,2020-08-17,1,64
Meerhout,13021,2020-08-18,0,64
Meerhout,13021,2020-08-19,0,64
Meerhout,13021,2020-08-20,0,64
Meerhout,13021,2020-08-21,0,64
Meerhout,13021,2020-08-22,1,65
Meerhout,13021,2020-08-23,0,65
Meerhout,13021,2020-08-24,0,65
Meerhout,13021,2020-08-25,0,65
Meerhout,13021,2020-08-26,0,65
Meerhout,13021,2020-08-27,0,65
Meerhout,13021,2020-08-28,0,65
Meerhout,13021,2020-08-29,0,65
Meerhout,13021,2020-08-30,0,65
Meerhout,13021,2020-08-31,0,65
Meerhout,13021,2020-09-01,0,65
Meerhout,13021,2020-09-02,0,65
Meerhout,13021,2020-09-03,0,65
Meerhout,13021,2020-09-04,0,65
Meerhout,13021,2020-09-05,0,65
Meerhout,13021,2020-09-06,0,65
Meerhout,13021,2020-09-07,1,66
Meerhout,13021,2020-09-08,0,66
Meerhout,13021,2020-09-09,0,66
Meerhout,13021,2020-09-10,0,66
Meerhout,13021,2020-09-11,1,67
Meerhout,13021,2020-09-12,0,67
Meerhout,13021,2020-09-13,0,67
Meerhout,13021,2020-09-14,0,67
Meerhout,13021,2020-09-15,1,68
Meerhout,13021,2020-09-16,0,68
Meerhout,13021,2020-09-17,0,68
Meerhout,13021,2020-09-18,0,68
Meerhout,13021,2020-09-19,0,68
Meerhout,13021,2020-09-20,0,68
Meerhout,13021,2020-09-21,0,68
Meerhout,13021,2020-09-22,0,68
Meerhout,13021,2020-09-23,1,69
Meerhout,13021,2020-09-24,0,69
Meerhout,13021,2020-09-25,0,69
Meerhout,13021,2020-09-26,0,69
Meerhout,13021,2020-09-27,0,69
Meerhout,13021,2020-09-28,0,69
Meerhout,13021,2020-09-29,0,69
Meerhout,13021,2020-09-30,1,70
Meerhout,13021,2020-10-01,0,70
Meerhout,13021,2020-10-02,0,70
Meerhout,13021,2020-10-03,0,70
Meerhout,13021,2020-10-04,1,71
Meerhout,13021,2020-10-05,0,71
Meerhout,13021,2020-10-06,1,72
Meerhout,13021,2020-10-07,0,72
Meerhout,13021,2020-10-08,1,73
Meerhout,13021,2020-10-09,4,77
Meerhout,13021,2020-10-10,2,79
Meerhout,13021,2020-10-11,2,81
Meerhout,13021,2020-10-12,4,85
Meerhout,13021,2020-10-13,1,86
Meerhout,13021,2020-10-14,0,86
Meerhout,13021,2020-10-15,3,89
Meerhout,13021,2020-10-16,6,95
Meerhout,13021,2020-10-17,1,96
Meerhout,13021,2020-10-18,3,99
Meerhout,13021,2020-10-19,2,101
Meerhout,13021,2020-10-20,4,105
Meerhout,13021,2020-10-21,4,109
Meerhout,13021,2020-10-22,3,112
Meerhout,13021,2020-10-23,11,123
Meerhout,13021,2020-10-24,4,127
Meerhout,13021,2020-10-25,5,132
Meerhout,13021,2020-10-26,7,139
Meerhout,13021,2020-10-27,2,141
Meerhout,13021,2020-10-28,6,147
Meerhout,13021,2020-10-29,11,158
Meerhout,13021,2020-10-30,4,162
Meerhout,13021,2020-10-31,12,174
Meerhout,13021,2020-11-01,4,178
Meerhout,13021,2020-11-02,6,184
Meerhout,13021,2020-11-03,3,187
Meerhout,13021,2020-11-04,1,188
Meerhout,13021,2020-11-05,7,195
Meerhout,13021,2020-11-06,2,197
Meerhout,13021,2020-11-07,0,197
Meerhout,13021,2020-11-08,0,197
Meerhout,13021,2020-11-09,3,200
Meerhout,13021,2020-11-10,1,201
Meerhout,13021,2020-11-11,2,203
Merksplas,13023,2020-04-01,5,5
Merksplas,13023,2020-04-02,2,7
Merksplas,13023,2020-04-03,0,7
Merksplas,13023,2020-04-04,0,7
Merksplas,13023,2020-04-05,0,7
Merksplas,13023,2020-04-06,1,8
Merksplas,13023,2020-04-07,0,8
Merksplas,13023,2020-04-08,1,9
Merksplas,13023,2020-04-09,0,9
Merksplas,13023,2020-04-10,0,9
Merksplas,13023,2020-04-11,0,9
Merksplas,13023,2020-04-12,0,9
Merksplas,13023,2020-04-13,0,9
Merksplas,13023,2020-04-14,0,9
Merksplas,13023,2020-04-15,0,9
Merksplas,13023,2020-04-16,0,9
Merksplas,13023,2020-04-17,0,9
Merksplas,13023,2020-04-18,0,9
Merksplas,13023,2020-04-19,0,9
Merksplas,13023,2020-04-20,0,9
Merksplas,13023,2020-04-21,0,9
Merksplas,13023,2020-04-22,0,9
Merksplas,13023,2020-04-23,0,9
Merksplas,13023,2020-04-24,0,9
Merksplas,13023,2020-04-25,1,10
Merksplas,13023,2020-04-26,0,10
Merksplas,13023,2020-04-27,0,10
Merksplas,13023,2020-04-28,0,10
Merksplas,13023,2020-04-29,0,10
Merksplas,13023,2020-04-30,1,11
Merksplas,13023,2020-05-01,1,12
Merksplas,13023,2020-05-02,1,13
Merksplas,13023,2020-05-03,1,14
Merksplas,13023,2020-05-04,2,16
Merksplas,13023,2020-05-05,0,16
Merksplas,13023,2020-05-06,14,30
Merksplas,13023,2020-05-07,5,35
Merksplas,13023,2020-05-08,0,35
Merksplas,13023,2020-05-09,3,38
Merksplas,13023,2020-05-10,1,39
Merksplas,13023,2020-05-11,0,39
Merksplas,13023,2020-05-12,0,39
Merksplas,13023,2020-05-13,0,39
Merksplas,13023,2020-05-14,0,39
Merksplas,13023,2020-05-15,4,43
Merksplas,13023,2020-05-16,2,45
Merksplas,13023,2020-05-17,4,49
Merksplas,13023,2020-05-18,0,49
Merksplas,13023,2020-05-19,0,49
Merksplas,13023,2020-05-20,0,49
Merksplas,13023,2020-05-21,0,49
Merksplas,13023,2020-05-22,0,49
Merksplas,13023,2020-05-23,0,49
Merksplas,13023,2020-05-24,0,49
Merksplas,13023,2020-05-25,1,50
Merksplas,13023,2020-05-26,0,50
Merksplas,13023,2020-05-27,0,50
Merksplas,13023,2020-05-28,0,50
Merksplas,13023,2020-05-29,0,50
Merksplas,13023,2020-05-30,0,50
Merksplas,13023,2020-05-31,1,51
Merksplas,13023,2020-06-01,0,51
Merksplas,13023,2020-06-02,0,51
Merksplas,13023,2020-06-03,0,51
Merksplas,13023,2020-06-04,0,51
Merksplas,13023,2020-06-05,0,51
Merksplas,13023,2020-06-06,0,51
Merksplas,13023,2020-06-07,0,51
Merksplas,13023,2020-06-08,0,51
Merksplas,13023,2020-06-09,0,51
Merksplas,13023,2020-06-10,0,51
Merksplas,13023,2020-06-11,0,51
Merksplas,13023,2020-06-12,0,51
Merksplas,13023,2020-06-13,0,51
Merksplas,13023,2020-06-14,0,51
Merksplas,13023,2020-06-15,0,51
Merksplas,13023,2020-06-16,0,51
Merksplas,13023,2020-06-17,0,51
Merksplas,13023,2020-06-18,0,51
Merksplas,13023,2020-06-19,0,51
Merksplas,13023,2020-06-20,0,51
Merksplas,13023,2020-06-23,0,51
Merksplas,13023,2020-06-24,0,51
Merksplas,13023,2020-06-25,0,51
Merksplas,13023,2020-06-26,0,51
Merksplas,13023,2020-06-27,0,51
Merksplas,13023,2020-06-30,0,51
Merksplas,13023,2020-07-01,0,51
Merksplas,13023,2020-07-02,0,51
Merksplas,13023,2020-07-03,0,51
Merksplas,13023,2020-07-04,0,51
Merksplas,13023,2020-07-07,0,51
Merksplas,13023,2020-07-08,0,51
Merksplas,13023,2020-07-09,0,51
Merksplas,13023,2020-07-10,0,51
Merksplas,13023,2020-07-11,0,51
Merksplas,13023,2020-07-14,0,51
Merksplas,13023,2020-07-15,0,51
Merksplas,13023,2020-07-16,0,51
Merksplas,13023,2020-07-17,0,51
Merksplas,13023,2020-07-18,0,51
Merksplas,13023,2020-07-20,0,51
Merksplas,13023,2020-07-21,0,51
Merksplas,13023,2020-07-22,1,52
Merksplas,13023,2020-07-23,0,52
Merksplas,13023,2020-07-24,0,52
Merksplas,13023,2020-07-25,0,52
Merksplas,13023,2020-07-26,0,52
Merksplas,13023,2020-07-27,0,52
Merksplas,13023,2020-07-28,0,52
Merksplas,13023,2020-07-29,0,52
Merksplas,13023,2020-07-30,0,52
Merksplas,13023,2020-07-31,0,52
Merksplas,13023,2020-08-01,0,52
Merksplas,13023,2020-08-02,0,52
Merksplas,13023,2020-08-03,0,52
Merksplas,13023,2020-08-04,0,52
Merksplas,13023,2020-08-05,0,52
Merksplas,13023,2020-08-06,0,52
Merksplas,13023,2020-08-07,0,52
Merksplas,13023,2020-08-08,0,52
Merksplas,13023,2020-08-09,0,52
Merksplas,13023,2020-08-10,0,52
Merksplas,13023,2020-08-11,0,52
Merksplas,13023,2020-08-12,1,53
Merksplas,13023,2020-08-13,0,53
Merksplas,13023,2020-08-14,0,53
Merksplas,13023,2020-08-15,0,53
Merksplas,13023,2020-08-16,2,55
Merksplas,13023,2020-08-17,0,55
Merksplas,13023,2020-08-18,0,55
Merksplas,13023,2020-08-19,0,55
Merksplas,13023,2020-08-20,0,55
Merksplas,13023,2020-08-21,0,55
Merksplas,13023,2020-08-22,0,55
Merksplas,13023,2020-08-23,3,58
Merksplas,13023,2020-08-24,0,58
Merksplas,13023,2020-08-25,0,58
Merksplas,13023,2020-08-26,0,58
Merksplas,13023,2020-08-27,0,58
Merksplas,13023,2020-08-28,0,58
Merksplas,13023,2020-08-29,0,58
Merksplas,13023,2020-08-30,0,58
Merksplas,13023,2020-08-31,0,58
Merksplas,13023,2020-09-01,0,58
Merksplas,13023,2020-09-02,0,58
Merksplas,13023,2020-09-03,0,58
Merksplas,13023,2020-09-04,0,58
Merksplas,13023,2020-09-05,0,58
Merksplas,13023,2020-09-06,0,58
Merksplas,13023,2020-09-07,0,58
Merksplas,13023,2020-09-08,1,59
Merksplas,13023,2020-09-09,0,59
Merksplas,13023,2020-09-10,0,59
Merksplas,13023,2020-09-11,0,59
Merksplas,13023,2020-09-12,0,59
Merksplas,13023,2020-09-13,0,59
Merksplas,13023,2020-09-14,0,59
Merksplas,13023,2020-09-15,1,60
Merksplas,13023,2020-09-16,0,60
Merksplas,13023,2020-09-17,0,60
Merksplas,13023,2020-09-18,2,62
Merksplas,13023,2020-09-19,0,62
Merksplas,13023,2020-09-20,0,62
Merksplas,13023,2020-09-21,1,63
Merksplas,13023,2020-09-22,7,70
Merksplas,13023,2020-09-23,1,71
Merksplas,13023,2020-09-24,0,71
Merksplas,13023,2020-09-25,0,71
Merksplas,13023,2020-09-26,1,72
Merksplas,13023,2020-09-27,2,74
Merksplas,13023,2020-09-28,1,75
Merksplas,13023,2020-09-29,1,76
Merksplas,13023,2020-09-30,2,78
Merksplas,13023,2020-10-01,0,78
Merksplas,13023,2020-10-02,1,79
Merksplas,13023,2020-10-03,1,80
Merksplas,13023,2020-10-04,1,81
Merksplas,13023,2020-10-05,2,83
Merksplas,13023,2020-10-06,1,84
Merksplas,13023,2020-10-07,2,86
Merksplas,13023,2020-10-08,2,88
Merksplas,13023,2020-10-09,1,89
Merksplas,13023,2020-10-10,1,90
Merksplas,13023,2020-10-11,3,93
Merksplas,13023,2020-10-12,2,95
Merksplas,13023,2020-10-13,9,104
Merksplas,13023,2020-10-14,8,112
Merksplas,13023,2020-10-15,5,117
Merksplas,13023,2020-10-16,12,129
Merksplas,13023,2020-10-17,12,141
Merksplas,13023,2020-10-18,12,153
Merksplas,13023,2020-10-19,15,168
Merksplas,13023,2020-10-20,9,177
Merksplas,13023,2020-10-21,9,186
Merksplas,13023,2020-10-22,1,187
Merksplas,13023,2020-10-23,17,204
Merksplas,13023,2020-10-24,10,214
Merksplas,13023,2020-10-25,8,222
Merksplas,13023,2020-10-26,8,230
Merksplas,13023,2020-10-27,15,245
Merksplas,13023,2020-10-28,5,250
Merksplas,13023,2020-10-29,13,263
Merksplas,13023,2020-10-30,10,273
Merksplas,13023,2020-10-31,8,281
Merksplas,13023,2020-11-01,12,293
Merksplas,13023,2020-11-02,6,299
Merksplas,13023,2020-11-03,4,303
Merksplas,13023,2020-11-04,6,309
Merksplas,13023,2020-11-05,8,317
Merksplas,13023,2020-11-06,4,321
Merksplas,13023,2020-11-07,4,325
Merksplas,13023,2020-11-08,6,331
Merksplas,13023,2020-11-09,2,333
Merksplas,13023,2020-11-10,3,336
Merksplas,13023,2020-11-11,0,336
Mol,13025,2020-04-01,1,23
Mol,13025,2020-04-02,6,29
Mol,13025,2020-04-03,0,29
Mol,13025,2020-04-04,1,30
Mol,13025,2020-04-05,1,31
Mol,13025,2020-04-06,5,36
Mol,13025,2020-04-07,2,38
Mol,13025,2020-04-08,3,41
Mol,13025,2020-04-09,2,43
Mol,13025,2020-04-10,0,43
Mol,13025,2020-04-11,1,44
Mol,13025,2020-04-12,1,45
Mol,13025,2020-04-13,1,46
Mol,13025,2020-04-14,0,46
Mol,13025,2020-04-15,3,49
Mol,13025,2020-04-16,3,52
Mol,13025,2020-04-17,0,52
Mol,13025,2020-04-18,0,52
Mol,13025,2020-04-19,1,53
Mol,13025,2020-04-20,2,55
Mol,13025,2020-04-21,0,55
Mol,13025,2020-04-22,0,55
Mol,13025,2020-04-23,1,56
Mol,13025,2020-04-24,2,58
Mol,13025,2020-04-25,1,59
Mol,13025,2020-04-26,0,59
Mol,13025,2020-04-27,0,59
Mol,13025,2020-04-28,0,59
Mol,13025,2020-04-29,0,59
Mol,13025,2020-04-30,3,62
Mol,13025,2020-05-01,0,62
Mol,13025,2020-05-02,0,62
Mol,13025,2020-05-03,1,63
Mol,13025,2020-05-04,0,63
Mol,13025,2020-05-05,0,63
Mol,13025,2020-05-06,0,63
Mol,13025,2020-05-07,1,64
Mol,13025,2020-05-08,1,65
Mol,13025,2020-05-09,0,65
Mol,13025,2020-05-10,1,66
Mol,13025,2020-05-11,1,67
Mol,13025,2020-05-12,0,67
Mol,13025,2020-05-13,0,67
Mol,13025,2020-05-14,2,69
Mol,13025,2020-05-15,1,70
Mol,13025,2020-05-16,0,70
Mol,13025,2020-05-17,1,71
Mol,13025,2020-05-18,0,71
Mol,13025,2020-05-19,2,73
Mol,13025,2020-05-20,0,73
Mol,13025,2020-05-21,0,73
Mol,13025,2020-05-22,1,74
Mol,13025,2020-05-23,0,74
Mol,13025,2020-05-24,2,76
Mol,13025,2020-05-25,0,76
Mol,13025,2020-05-26,1,77
Mol,13025,2020-05-27,0,77
Mol,13025,2020-05-28,1,78
Mol,13025,2020-05-29,0,78
Mol,13025,2020-05-30,1,79
Mol,13025,2020-05-31,0,79
Mol,13025,2020-06-01,0,79
Mol,13025,2020-06-02,1,80
Mol,13025,2020-06-03,0,80
Mol,13025,2020-06-04,0,80
Mol,13025,2020-06-05,0,80
Mol,13025,2020-06-06,0,80
Mol,13025,2020-06-07,1,81
Mol,13025,2020-06-08,0,81
Mol,13025,2020-06-09,0,81
Mol,13025,2020-06-10,0,81
Mol,13025,2020-06-11,1,82
Mol,13025,2020-06-12,0,82
Mol,13025,2020-06-13,0,82
Mol,13025,2020-06-14,0,82
Mol,13025,2020-06-15,0,82
Mol,13025,2020-06-16,0,82
Mol,13025,2020-06-17,0,82
Mol,13025,2020-06-18,0,82
Mol,13025,2020-06-19,0,82
Mol,13025,2020-06-20,0,82
Mol,13025,2020-06-23,0,82
Mol,13025,2020-06-24,0,82
Mol,13025,2020-06-25,0,82
Mol,13025,2020-06-26,0,82
Mol,13025,2020-06-27,0,82
Mol,13025,2020-06-30,0,82
Mol,13025,2020-07-01,0,82
Mol,13025,2020-07-02,0,82
Mol,13025,2020-07-03,0,82
Mol,13025,2020-07-04,0,82
Mol,13025,2020-07-07,0,82
Mol,13025,2020-07-08,0,82
Mol,13025,2020-07-09,1,83
Mol,13025,2020-07-10,1,84
Mol,13025,2020-07-11,1,85
Mol,13025,2020-07-14,0,85
Mol,13025,2020-07-15,0,85
Mol,13025,2020-07-16,0,85
Mol,13025,2020-07-17,0,85
Mol,13025,2020-07-18,1,86
Mol,13025,2020-07-20,1,87
Mol,13025,2020-07-21,0,87
Mol,13025,2020-07-22,0,87
Mol,13025,2020-07-23,2,89
Mol,13025,2020-07-24,0,89
Mol,13025,2020-07-25,1,90
Mol,13025,2020-07-26,1,91
Mol,13025,2020-07-27,0,91
Mol,13025,2020-07-28,0,91
Mol,13025,2020-07-29,0,91
Mol,13025,2020-07-30,0,91
Mol,13025,2020-07-31,0,91
Mol,13025,2020-08-01,1,92
Mol,13025,2020-08-02,2,94
Mol,13025,2020-08-03,0,94
Mol,13025,2020-08-04,1,95
Mol,13025,2020-08-05,0,95
Mol,13025,2020-08-06,2,97
Mol,13025,2020-08-07,2,99
Mol,13025,2020-08-08,1,100
Mol,13025,2020-08-09,2,102
Mol,13025,2020-08-10,1,103
Mol,13025,2020-08-11,1,104
Mol,13025,2020-08-12,0,104
Mol,13025,2020-08-13,2,106
Mol,13025,2020-08-14,1,107
Mol,13025,2020-08-15,0,107
Mol,13025,2020-08-16,2,109
Mol,13025,2020-08-17,1,110
Mol,13025,2020-08-18,1,111
Mol,13025,2020-08-19,0,111
Mol,13025,2020-08-20,4,115
Mol,13025,2020-08-21,1,116
Mol,13025,2020-08-22,1,117
Mol,13025,2020-08-23,2,119
Mol,13025,2020-08-24,1,120
Mol,13025,2020-08-25,0,120
Mol,13025,2020-08-26,0,120
Mol,13025,2020-08-27,1,121
Mol,13025,2020-08-28,3,124
Mol,13025,2020-08-29,2,126
Mol,13025,2020-08-30,2,128
Mol,13025,2020-08-31,1,129
Mol,13025,2020-09-01,0,129
Mol,13025,2020-09-02,0,129
Mol,13025,2020-09-03,0,129
Mol,13025,2020-09-04,1,130
Mol,13025,2020-09-05,2,132
Mol,13025,2020-09-06,5,137
Mol,13025,2020-09-07,0,137
Mol,13025,2020-09-08,1,138
Mol,13025,2020-09-09,0,138
Mol,13025,2020-09-10,0,138
Mol,13025,2020-09-11,1,139
Mol,13025,2020-09-12,7,146
Mol,13025,2020-09-13,2,148
Mol,13025,2020-09-14,5,153
Mol,13025,2020-09-15,8,161
Mol,13025,2020-09-16,0,161
Mol,13025,2020-09-17,2,163
Mol,13025,2020-09-18,4,167
Mol,13025,2020-09-19,4,171
Mol,13025,2020-09-20,2,173
Mol,13025,2020-09-21,5,178
Mol,13025,2020-09-22,4,182
Mol,13025,2020-09-23,0,182
Mol,13025,2020-09-24,3,185
Mol,13025,2020-09-25,3,188
Mol,13025,2020-09-26,3,191
Mol,13025,2020-09-27,0,191
Mol,13025,2020-09-28,0,191
Mol,13025,2020-09-29,1,192
Mol,13025,2020-09-30,2,194
Mol,13025,2020-10-01,0,194
Mol,13025,2020-10-02,8,202
Mol,13025,2020-10-03,5,207
Mol,13025,2020-10-04,6,213
Mol,13025,2020-10-05,1,214
Mol,13025,2020-10-06,1,215
Mol,13025,2020-10-07,3,218
Mol,13025,2020-10-08,1,219
Mol,13025,2020-10-09,11,230
Mol,13025,2020-10-10,8,238
Mol,13025,2020-10-11,16,254
Mol,13025,2020-10-12,11,265
Mol,13025,2020-10-13,5,270
Mol,13025,2020-10-14,19,289
Mol,13025,2020-10-15,15,304
Mol,13025,2020-10-16,41,345
Mol,13025,2020-10-17,18,363
Mol,13025,2020-10-18,20,383
Mol,13025,2020-10-19,14,397
Mol,13025,2020-10-20,19,416
Mol,13025,2020-10-21,18,434
Mol,13025,2020-10-22,23,457
Mol,13025,2020-10-23,50,507
Mol,13025,2020-10-24,32,539
Mol,13025,2020-10-25,25,564
Mol,13025,2020-10-26,23,587
Mol,13025,2020-10-27,20,607
Mol,13025,2020-10-28,33,640
Mol,13025,2020-10-29,49,689
Mol,13025,2020-10-30,40,729
Mol,13025,2020-10-31,39,768
Mol,13025,2020-11-01,30,798
Mol,13025,2020-11-02,14,812
Mol,13025,2020-11-03,19,831
Mol,13025,2020-11-04,3,834
Mol,13025,2020-11-05,27,861
Mol,13025,2020-11-06,11,872
Mol,13025,2020-11-07,18,890
Mol,13025,2020-11-08,2,892
Mol,13025,2020-11-09,10,902
Mol,13025,2020-11-10,2,904
Mol,13025,2020-11-11,6,910
Olen,13029,2020-04-01,2,14
Olen,13029,2020-04-02,1,15
Olen,13029,2020-04-03,2,17
Olen,13029,2020-04-04,1,18
Olen,13029,2020-04-05,2,20
Olen,13029,2020-04-06,0,20
Olen,13029,2020-04-07,4,24
Olen,13029,2020-04-08,0,24
Olen,13029,2020-04-09,3,27
Olen,13029,2020-04-10,1,28
Olen,13029,2020-04-11,1,29
Olen,13029,2020-04-12,0,29
Olen,13029,2020-04-13,0,29
Olen,13029,2020-04-14,0,29
Olen,13029,2020-04-15,5,34
Olen,13029,2020-04-16,5,39
Olen,13029,2020-04-17,0,39
Olen,13029,2020-04-18,0,39
Olen,13029,2020-04-19,0,39
Olen,13029,2020-04-20,1,40
Olen,13029,2020-04-21,1,41
Olen,13029,2020-04-22,0,41
Olen,13029,2020-04-23,2,43
Olen,13029,2020-04-24,1,44
Olen,13029,2020-04-25,1,45
Olen,13029,2020-04-26,0,45
Olen,13029,2020-04-27,0,45
Olen,13029,2020-04-28,0,45
Olen,13029,2020-04-29,0,45
Olen,13029,2020-04-30,3,48
Olen,13029,2020-05-01,0,48
Olen,13029,2020-05-02,0,48
Olen,13029,2020-05-03,1,49
Olen,13029,2020-05-04,0,49
Olen,13029,2020-05-05,1,50
Olen,13029,2020-05-06,0,50
Olen,13029,2020-05-07,0,50
Olen,13029,2020-05-08,0,50
Olen,13029,2020-05-09,0,50
Olen,13029,2020-05-10,0,50
Olen,13029,2020-05-11,1,51
Olen,13029,2020-05-12,0,51
Olen,13029,2020-05-13,1,52
Olen,13029,2020-05-14,0,52
Olen,13029,2020-05-15,0,52
Olen,13029,2020-05-16,0,52
Olen,13029,2020-05-17,0,52
Olen,13029,2020-05-18,0,52
Olen,13029,2020-05-19,0,52
Olen,13029,2020-05-20,0,52
Olen,13029,2020-05-21,0,52
Olen,13029,2020-05-22,0,52
Olen,13029,2020-05-23,0,52
Olen,13029,2020-05-24,0,52
Olen,13029,2020-05-25,0,52
Olen,13029,2020-05-26,0,52
Olen,13029,2020-05-27,0,52
Olen,13029,2020-05-28,0,52
Olen,13029,2020-05-29,0,52
Olen,13029,2020-05-30,0,52
Olen,13029,2020-05-31,0,52
Olen,13029,2020-06-01,0,52
Olen,13029,2020-06-02,0,52
Olen,13029,2020-06-03,0,52
Olen,13029,2020-06-04,0,52
Olen,13029,2020-06-05,0,52
Olen,13029,2020-06-06,1,53
Olen,13029,2020-06-07,0,53
Olen,13029,2020-06-08,0,53
Olen,13029,2020-06-09,0,53
Olen,13029,2020-06-10,0,53
Olen,13029,2020-06-11,0,53
Olen,13029,2020-06-12,0,53
Olen,13029,2020-06-13,0,53
Olen,13029,2020-06-14,1,54
Olen,13029,2020-06-15,1,55
Olen,13029,2020-06-16,0,55
Olen,13029,2020-06-17,0,55
Olen,13029,2020-06-18,0,55
Olen,13029,2020-06-19,0,55
Olen,13029,2020-06-20,0,55
Olen,13029,2020-06-23,0,55
Olen,13029,2020-06-24,0,55
Olen,13029,2020-06-25,0,55
Olen,13029,2020-06-26,0,55
Olen,13029,2020-06-27,0,55
Olen,13029,2020-06-30,0,55
Olen,13029,2020-07-01,0,55
Olen,13029,2020-07-02,0,55
Olen,13029,2020-07-03,0,55
Olen,13029,2020-07-04,0,55
Olen,13029,2020-07-07,0,55
Olen,13029,2020-07-08,0,55
Olen,13029,2020-07-09,0,55
Olen,13029,2020-07-10,0,55
Olen,13029,2020-07-11,0,55
Olen,13029,2020-07-14,0,55
Olen,13029,2020-07-15,0,55
Olen,13029,2020-07-16,0,55
Olen,13029,2020-07-17,0,55
Olen,13029,2020-07-18,0,55
Olen,13029,2020-07-20,0,55
Olen,13029,2020-07-21,0,55
Olen,13029,2020-07-22,0,55
Olen,13029,2020-07-23,0,55
Olen,13029,2020-07-24,0,55
Olen,13029,2020-07-25,1,56
Olen,13029,2020-07-26,0,56
Olen,13029,2020-07-27,1,57
Olen,13029,2020-07-28,0,57
Olen,13029,2020-07-29,1,58
Olen,13029,2020-07-30,3,61
Olen,13029,2020-07-31,0,61
Olen,13029,2020-08-01,0,61
Olen,13029,2020-08-02,2,63
Olen,13029,2020-08-03,3,66
Olen,13029,2020-08-04,0,66
Olen,13029,2020-08-05,0,66
Olen,13029,2020-08-06,0,66
Olen,13029,2020-08-07,1,67
Olen,13029,2020-08-08,0,67
Olen,13029,2020-08-09,0,67
Olen,13029,2020-08-10,0,67
Olen,13029,2020-08-11,0,67
Olen,13029,2020-08-12,0,67
Olen,13029,2020-08-13,0,67
Olen,13029,2020-08-14,0,67
Olen,13029,2020-08-15,0,67
Olen,13029,2020-08-16,0,67
Olen,13029,2020-08-17,1,68
Olen,13029,2020-08-18,0,68
Olen,13029,2020-08-19,0,68
Olen,13029,2020-08-20,0,68
Olen,13029,2020-08-21,1,69
Olen,13029,2020-08-22,0,69
Olen,13029,2020-08-23,0,69
Olen,13029,2020-08-24,0,69
Olen,13029,2020-08-25,0,69
Olen,13029,2020-08-26,0,69
Olen,13029,2020-08-27,0,69
Olen,13029,2020-08-28,0,69
Olen,13029,2020-08-29,0,69
Olen,13029,2020-08-30,0,69
Olen,13029,2020-08-31,1,70
Olen,13029,2020-09-01,1,71
Olen,13029,2020-09-02,0,71
Olen,13029,2020-09-03,0,71
Olen,13029,2020-09-04,1,72
Olen,13029,2020-09-05,1,73
Olen,13029,2020-09-06,0,73
Olen,13029,2020-09-07,0,73
Olen,13029,2020-09-08,0,73
Olen,13029,2020-09-09,1,74
Olen,13029,2020-09-10,0,74
Olen,13029,2020-09-11,1,75
Olen,13029,2020-09-12,0,75
Olen,13029,2020-09-13,0,75
Olen,13029,2020-09-14,0,75
Olen,13029,2020-09-15,1,76
Olen,13029,2020-09-16,0,76
Olen,13029,2020-09-17,0,76
Olen,13029,2020-09-18,0,76
Olen,13029,2020-09-19,1,77
Olen,13029,2020-09-20,1,78
Olen,13029,2020-09-21,1,79
Olen,13029,2020-09-22,0,79
Olen,13029,2020-09-23,0,79
Olen,13029,2020-09-24,1,80
Olen,13029,2020-09-25,1,81
Olen,13029,2020-09-26,2,83
Olen,13029,2020-09-27,1,84
Olen,13029,2020-09-28,0,84
Olen,13029,2020-09-29,0,84
Olen,13029,2020-09-30,2,86
Olen,13029,2020-10-01,1,87
Olen,13029,2020-10-02,4,91
Olen,13029,2020-10-03,2,93
Olen,13029,2020-10-04,4,97
Olen,13029,2020-10-05,3,100
Olen,13029,2020-10-06,0,100
Olen,13029,2020-10-07,1,101
Olen,13029,2020-10-08,1,102
Olen,13029,2020-10-09,1,103
Olen,13029,2020-10-10,5,108
Olen,13029,2020-10-11,8,116
Olen,13029,2020-10-12,7,123
Olen,13029,2020-10-13,2,125
Olen,13029,2020-10-14,10,135
Olen,13029,2020-10-15,5,140
Olen,13029,2020-10-16,5,145
Olen,13029,2020-10-17,1,146
Olen,13029,2020-10-18,22,168
Olen,13029,2020-10-19,4,172
Olen,13029,2020-10-20,4,176
Olen,13029,2020-10-21,4,180
Olen,13029,2020-10-22,2,182
Olen,13029,2020-10-23,9,191
Olen,13029,2020-10-24,14,205
Olen,13029,2020-10-25,13,218
Olen,13029,2020-10-26,8,226
Olen,13029,2020-10-27,12,238
Olen,13029,2020-10-28,10,248
Olen,13029,2020-10-29,15,263
Olen,13029,2020-10-30,16,279
Olen,13029,2020-10-31,13,292
Olen,13029,2020-11-01,5,297
Olen,13029,2020-11-02,20,317
Olen,13029,2020-11-03,1,318
Olen,13029,2020-11-04,5,323
Olen,13029,2020-11-05,9,332
Olen,13029,2020-11-06,9,341
Olen,13029,2020-11-07,3,344
Olen,13029,2020-11-08,4,348
Olen,13029,2020-11-09,3,351
Olen,13029,2020-11-10,0,351
Olen,13029,2020-11-11,4,355
Oud-Turnhout,13031,2020-04-01,1,15
Oud-Turnhout,13031,2020-04-02,1,16
Oud-Turnhout,13031,2020-04-03,1,17
Oud-Turnhout,13031,2020-04-04,2,19
Oud-Turnhout,13031,2020-04-05,0,19
Oud-Turnhout,13031,2020-04-06,3,22
Oud-Turnhout,13031,2020-04-07,0,22
Oud-Turnhout,13031,2020-04-08,0,22
Oud-Turnhout,13031,2020-04-09,0,22
Oud-Turnhout,13031,2020-04-10,0,22
Oud-Turnhout,13031,2020-04-11,2,24
Oud-Turnhout,13031,2020-04-12,1,25
Oud-Turnhout,13031,2020-04-13,0,25
Oud-Turnhout,13031,2020-04-14,0,25
Oud-Turnhout,13031,2020-04-15,5,30
Oud-Turnhout,13031,2020-04-16,2,32
Oud-Turnhout,13031,2020-04-17,0,32
Oud-Turnhout,13031,2020-04-18,2,34
Oud-Turnhout,13031,2020-04-19,3,37
Oud-Turnhout,13031,2020-04-20,1,38
Oud-Turnhout,13031,2020-04-21,0,38
Oud-Turnhout,13031,2020-04-22,0,38
Oud-Turnhout,13031,2020-04-23,0,38
Oud-Turnhout,13031,2020-04-24,1,39
Oud-Turnhout,13031,2020-04-25,0,39
Oud-Turnhout,13031,2020-04-26,0,39
Oud-Turnhout,13031,2020-04-27,0,39
Oud-Turnhout,13031,2020-04-28,0,39
Oud-Turnhout,13031,2020-04-29,0,39
Oud-Turnhout,13031,2020-04-30,6,45
Oud-Turnhout,13031,2020-05-01,0,45
Oud-Turnhout,13031,2020-05-02,2,47
Oud-Turnhout,13031,2020-05-03,0,47
Oud-Turnhout,13031,2020-05-04,0,47
Oud-Turnhout,13031,2020-05-05,1,48
Oud-Turnhout,13031,2020-05-06,3,51
Oud-Turnhout,13031,2020-05-07,5,56
Oud-Turnhout,13031,2020-05-08,1,57
Oud-Turnhout,13031,2020-05-09,0,57
Oud-Turnhout,13031,2020-05-10,0,57
Oud-Turnhout,13031,2020-05-11,1,58
Oud-Turnhout,13031,2020-05-12,0,58
Oud-Turnhout,13031,2020-05-13,0,58
Oud-Turnhout,13031,2020-05-14,4,62
Oud-Turnhout,13031,2020-05-15,8,70
Oud-Turnhout,13031,2020-05-16,2,72
Oud-Turnhout,13031,2020-05-17,2,74
Oud-Turnhout,13031,2020-05-18,3,77
Oud-Turnhout,13031,2020-05-19,0,77
Oud-Turnhout,13031,2020-05-20,5,82
Oud-Turnhout,13031,2020-05-21,0,82
Oud-Turnhout,13031,2020-05-22,2,84
Oud-Turnhout,13031,2020-05-23,0,84
Oud-Turnhout,13031,2020-05-24,17,101
Oud-Turnhout,13031,2020-05-25,2,103
Oud-Turnhout,13031,2020-05-26,0,103
Oud-Turnhout,13031,2020-05-27,0,103
Oud-Turnhout,13031,2020-05-28,0,103
Oud-Turnhout,13031,2020-05-29,0,103
Oud-Turnhout,13031,2020-05-30,0,103
Oud-Turnhout,13031,2020-05-31,2,105
Oud-Turnhout,13031,2020-06-01,4,109
Oud-Turnhout,13031,2020-06-02,0,109
Oud-Turnhout,13031,2020-06-03,0,109
Oud-Turnhout,13031,2020-06-04,1,110
Oud-Turnhout,13031,2020-06-05,0,110
Oud-Turnhout,13031,2020-06-06,6,116
Oud-Turnhout,13031,2020-06-07,0,116
Oud-Turnhout,13031,2020-06-08,0,116
Oud-Turnhout,13031,2020-06-09,1,117
Oud-Turnhout,13031,2020-06-10,0,117
Oud-Turnhout,13031,2020-06-11,0,117
Oud-Turnhout,13031,2020-06-12,0,117
Oud-Turnhout,13031,2020-06-13,2,119
Oud-Turnhout,13031,2020-06-14,0,119
Oud-Turnhout,13031,2020-06-15,0,119
Oud-Turnhout,13031,2020-06-16,0,119
Oud-Turnhout,13031,2020-06-17,0,119
Oud-Turnhout,13031,2020-06-18,0,119
Oud-Turnhout,13031,2020-06-19,2,121
Oud-Turnhout,13031,2020-06-20,0,121
Oud-Turnhout,13031,2020-06-23,0,121
Oud-Turnhout,13031,2020-06-24,0,121
Oud-Turnhout,13031,2020-06-25,0,121
Oud-Turnhout,13031,2020-06-26,0,121
Oud-Turnhout,13031,2020-06-27,0,121
Oud-Turnhout,13031,2020-06-30,1,122
Oud-Turnhout,13031,2020-07-01,0,122
Oud-Turnhout,13031,2020-07-02,0,122
Oud-Turnhout,13031,2020-07-03,0,122
Oud-Turnhout,13031,2020-07-04,0,122
Oud-Turnhout,13031,2020-07-07,0,122
Oud-Turnhout,13031,2020-07-08,0,122
Oud-Turnhout,13031,2020-07-09,0,122
Oud-Turnhout,13031,2020-07-10,0,122
Oud-Turnhout,13031,2020-07-11,0,122
Oud-Turnhout,13031,2020-07-14,0,122
Oud-Turnhout,13031,2020-07-15,0,122
Oud-Turnhout,13031,2020-07-16,0,122
Oud-Turnhout,13031,2020-07-17,0,122
Oud-Turnhout,13031,2020-07-18,0,122
Oud-Turnhout,13031,2020-07-20,0,122
Oud-Turnhout,13031,2020-07-21,0,122
Oud-Turnhout,13031,2020-07-22,0,122
Oud-Turnhout,13031,2020-07-23,0,122
Oud-Turnhout,13031,2020-07-24,0,122
Oud-Turnhout,13031,2020-07-25,0,122
Oud-Turnhout,13031,2020-07-26,0,122
Oud-Turnhout,13031,2020-07-27,0,122
Oud-Turnhout,13031,2020-07-28,0,122
Oud-Turnhout,13031,2020-07-29,0,122
Oud-Turnhout,13031,2020-07-30,0,122
Oud-Turnhout,13031,2020-07-31,0,122
Oud-Turnhout,13031,2020-08-01,1,123
Oud-Turnhout,13031,2020-08-02,0,123
Oud-Turnhout,13031,2020-08-03,0,123
Oud-Turnhout,13031,2020-08-04,0,123
Oud-Turnhout,13031,2020-08-05,0,123
Oud-Turnhout,13031,2020-08-06,2,125
Oud-Turnhout,13031,2020-08-07,0,125
Oud-Turnhout,13031,2020-08-08,0,125
Oud-Turnhout,13031,2020-08-09,0,125
Oud-Turnhout,13031,2020-08-10,0,125
Oud-Turnhout,13031,2020-08-11,0,125
Oud-Turnhout,13031,2020-08-12,0,125
Oud-Turnhout,13031,2020-08-13,0,125
Oud-Turnhout,13031,2020-08-14,0,125
Oud-Turnhout,13031,2020-08-15,0,125
Oud-Turnhout,13031,2020-08-16,0,125
Oud-Turnhout,13031,2020-08-17,0,125
Oud-Turnhout,13031,2020-08-18,0,125
Oud-Turnhout,13031,2020-08-19,0,125
Oud-Turnhout,13031,2020-08-20,0,125
Oud-Turnhout,13031,2020-08-21,0,125
Oud-Turnhout,13031,2020-08-22,1,126
Oud-Turnhout,13031,2020-08-23,2,128
Oud-Turnhout,13031,2020-08-24,0,128
Oud-Turnhout,13031,2020-08-25,0,128
Oud-Turnhout,13031,2020-08-26,0,128
Oud-Turnhout,13031,2020-08-27,1,129
Oud-Turnhout,13031,2020-08-28,0,129
Oud-Turnhout,13031,2020-08-29,0,129
Oud-Turnhout,13031,2020-08-30,0,129
Oud-Turnhout,13031,2020-08-31,0,129
Oud-Turnhout,13031,2020-09-01,0,129
Oud-Turnhout,13031,2020-09-02,0,129
Oud-Turnhout,13031,2020-09-03,0,129
Oud-Turnhout,13031,2020-09-04,2,131
Oud-Turnhout,13031,2020-09-05,8,139
Oud-Turnhout,13031,2020-09-06,0,139
Oud-Turnhout,13031,2020-09-07,0,139
Oud-Turnhout,13031,2020-09-08,0,139
Oud-Turnhout,13031,2020-09-09,2,141
Oud-Turnhout,13031,2020-09-10,0,141
Oud-Turnhout,13031,2020-09-11,0,141
Oud-Turnhout,13031,2020-09-12,0,141
Oud-Turnhout,13031,2020-09-13,0,141
Oud-Turnhout,13031,2020-09-14,0,141
Oud-Turnhout,13031,2020-09-15,2,143
Oud-Turnhout,13031,2020-09-16,0,143
Oud-Turnhout,13031,2020-09-17,1,144
Oud-Turnhout,13031,2020-09-18,0,144
Oud-Turnhout,13031,2020-09-19,0,144
Oud-Turnhout,13031,2020-09-20,1,145
Oud-Turnhout,13031,2020-09-21,0,145
Oud-Turnhout,13031,2020-09-22,0,145
Oud-Turnhout,13031,2020-09-23,1,146
Oud-Turnhout,13031,2020-09-24,1,147
Oud-Turnhout,13031,2020-09-25,0,147
Oud-Turnhout,13031,2020-09-26,2,149
Oud-Turnhout,13031,2020-09-27,0,149
Oud-Turnhout,13031,2020-09-28,2,151
Oud-Turnhout,13031,2020-09-29,0,151
Oud-Turnhout,13031,2020-09-30,0,151
Oud-Turnhout,13031,2020-10-01,0,151
Oud-Turnhout,13031,2020-10-02,1,152
Oud-Turnhout,13031,2020-10-03,1,153
Oud-Turnhout,13031,2020-10-04,2,155
Oud-Turnhout,13031,2020-10-05,0,155
Oud-Turnhout,13031,2020-10-06,1,156
Oud-Turnhout,13031,2020-10-07,1,157
Oud-Turnhout,13031,2020-10-08,3,160
Oud-Turnhout,13031,2020-10-09,5,165
Oud-Turnhout,13031,2020-10-10,4,169
Oud-Turnhout,13031,2020-10-11,6,175
Oud-Turnhout,13031,2020-10-12,3,178
Oud-Turnhout,13031,2020-10-13,4,182
Oud-Turnhout,13031,2020-10-14,0,182
Oud-Turnhout,13031,2020-10-15,0,182
Oud-Turnhout,13031,2020-10-16,5,187
Oud-Turnhout,13031,2020-10-17,8,195
Oud-Turnhout,13031,2020-10-18,4,199
Oud-Turnhout,13031,2020-10-19,3,202
Oud-Turnhout,13031,2020-10-20,2,204
Oud-Turnhout,13031,2020-10-21,5,209
Oud-Turnhout,13031,2020-10-22,2,211
Oud-Turnhout,13031,2020-10-23,9,220
Oud-Turnhout,13031,2020-10-24,6,226
Oud-Turnhout,13031,2020-10-25,6,232
Oud-Turnhout,13031,2020-10-26,5,237
Oud-Turnhout,13031,2020-10-27,5,242
Oud-Turnhout,13031,2020-10-28,1,243
Oud-Turnhout,13031,2020-10-29,11,254
Oud-Turnhout,13031,2020-10-30,14,268
Oud-Turnhout,13031,2020-10-31,11,279
Oud-Turnhout,13031,2020-11-01,14,293
Oud-Turnhout,13031,2020-11-02,5,298
Oud-Turnhout,13031,2020-11-03,2,300
Oud-Turnhout,13031,2020-11-04,3,303
Oud-Turnhout,13031,2020-11-05,12,315
Oud-Turnhout,13031,2020-11-06,11,326
Oud-Turnhout,13031,2020-11-07,8,334
Oud-Turnhout,13031,2020-11-08,12,346
Oud-Turnhout,13031,2020-11-09,9,355
Oud-Turnhout,13031,2020-11-10,1,356
Oud-Turnhout,13031,2020-11-11,2,358
Ravels,13035,2020-04-01,1,15
Ravels,13035,2020-04-02,5,20
Ravels,13035,2020-04-03,3,23
Ravels,13035,2020-04-04,0,23
Ravels,13035,2020-04-05,2,25
Ravels,13035,2020-04-06,1,26
Ravels,13035,2020-04-07,1,27
Ravels,13035,2020-04-08,3,30
Ravels,13035,2020-04-09,0,30
Ravels,13035,2020-04-10,3,33
Ravels,13035,2020-04-11,1,34
Ravels,13035,2020-04-12,4,38
Ravels,13035,2020-04-13,0,38
Ravels,13035,2020-04-14,0,38
Ravels,13035,2020-04-15,55,93
Ravels,13035,2020-04-16,0,93
Ravels,13035,2020-04-17,4,97
Ravels,13035,2020-04-18,0,97
Ravels,13035,2020-04-19,1,98
Ravels,13035,2020-04-20,0,98
Ravels,13035,2020-04-21,0,98
Ravels,13035,2020-04-22,0,98
Ravels,13035,2020-04-23,0,98
Ravels,13035,2020-04-24,18,116
Ravels,13035,2020-04-25,0,116
Ravels,13035,2020-04-26,1,117
Ravels,13035,2020-04-27,1,118
Ravels,13035,2020-04-28,0,118
Ravels,13035,2020-04-29,0,118
Ravels,13035,2020-04-30,7,125
Ravels,13035,2020-05-01,0,125
Ravels,13035,2020-05-02,2,127
Ravels,13035,2020-05-03,0,127
Ravels,13035,2020-05-04,1,128
Ravels,13035,2020-05-05,0,128
Ravels,13035,2020-05-06,1,129
Ravels,13035,2020-05-07,3,132
Ravels,13035,2020-05-08,0,132
Ravels,13035,2020-05-09,2,134
Ravels,13035,2020-05-10,0,134
Ravels,13035,2020-05-11,1,135
Ravels,13035,2020-05-12,1,136
Ravels,13035,2020-05-13,0,136
Ravels,13035,2020-05-14,0,136
Ravels,13035,2020-05-15,0,136
Ravels,13035,2020-05-16,2,138
Ravels,13035,2020-05-17,1,139
Ravels,13035,2020-05-18,0,139
Ravels,13035,2020-05-19,1,140
Ravels,13035,2020-05-20,0,140
Ravels,13035,2020-05-21,0,140
Ravels,13035,2020-05-22,0,140
Ravels,13035,2020-05-23,0,140
Ravels,13035,2020-05-24,1,141
Ravels,13035,2020-05-25,0,141
Ravels,13035,2020-05-26,0,141
Ravels,13035,2020-05-27,1,142
Ravels,13035,2020-05-28,0,142
Ravels,13035,2020-05-29,0,142
Ravels,13035,2020-05-30,0,142
Ravels,13035,2020-05-31,0,142
Ravels,13035,2020-06-01,0,142
Ravels,13035,2020-06-02,1,143
Ravels,13035,2020-06-03,0,143
Ravels,13035,2020-06-04,0,143
Ravels,13035,2020-06-05,0,143
Ravels,13035,2020-06-06,0,143
Ravels,13035,2020-06-07,0,143
Ravels,13035,2020-06-08,0,143
Ravels,13035,2020-06-09,0,143
Ravels,13035,2020-06-10,0,143
Ravels,13035,2020-06-11,0,143
Ravels,13035,2020-06-12,0,143
Ravels,13035,2020-06-13,0,143
Ravels,13035,2020-06-14,0,143
Ravels,13035,2020-06-15,1,144
Ravels,13035,2020-06-16,0,144
Ravels,13035,2020-06-17,0,144
Ravels,13035,2020-06-18,2,146
Ravels,13035,2020-06-19,0,146
Ravels,13035,2020-06-20,0,146
Ravels,13035,2020-06-23,0,146
Ravels,13035,2020-06-24,0,146
Ravels,13035,2020-06-25,0,146
Ravels,13035,2020-06-26,1,147
Ravels,13035,2020-06-27,0,147
Ravels,13035,2020-06-30,0,147
Ravels,13035,2020-07-01,0,147
Ravels,13035,2020-07-02,0,147
Ravels,13035,2020-07-03,0,147
Ravels,13035,2020-07-04,0,147
Ravels,13035,2020-07-07,0,147
Ravels,13035,2020-07-08,0,147
Ravels,13035,2020-07-09,0,147
Ravels,13035,2020-07-10,0,147
Ravels,13035,2020-07-11,0,147
Ravels,13035,2020-07-14,0,147
Ravels,13035,2020-07-15,0,147
Ravels,13035,2020-07-16,0,147
Ravels,13035,2020-07-17,0,147
Ravels,13035,2020-07-18,0,147
Ravels,13035,2020-07-20,0,147
Ravels,13035,2020-07-21,0,147
Ravels,13035,2020-07-22,0,147
Ravels,13035,2020-07-23,0,147
Ravels,13035,2020-07-24,1,148
Ravels,13035,2020-07-25,0,148
Ravels,13035,2020-07-26,0,148
Ravels,13035,2020-07-27,0,148
Ravels,13035,2020-07-28,0,148
Ravels,13035,2020-07-29,0,148
Ravels,13035,2020-07-30,0,148
Ravels,13035,2020-07-31,1,149
Ravels,13035,2020-08-01,0,149
Ravels,13035,2020-08-02,0,149
Ravels,13035,2020-08-03,0,149
Ravels,13035,2020-08-04,1,150
Ravels,13035,2020-08-05,0,150
Ravels,13035,2020-08-06,0,150
Ravels,13035,2020-08-07,0,150
Ravels,13035,2020-08-08,0,150
Ravels,13035,2020-08-09,0,150
Ravels,13035,2020-08-10,0,150
Ravels,13035,2020-08-11,0,150
Ravels,13035,2020-08-12,0,150
Ravels,13035,2020-08-13,0,150
Ravels,13035,2020-08-14,0,150
Ravels,13035,2020-08-15,0,150
Ravels,13035,2020-08-16,0,150
Ravels,13035,2020-08-17,0,150
Ravels,13035,2020-08-18,0,150
Ravels,13035,2020-08-19,0,150
Ravels,13035,2020-08-20,0,150
Ravels,13035,2020-08-21,0,150
Ravels,13035,2020-08-22,0,150
Ravels,13035,2020-08-23,0,150
Ravels,13035,2020-08-24,2,152
Ravels,13035,2020-08-25,0,152
Ravels,13035,2020-08-26,0,152
Ravels,13035,2020-08-27,1,153
Ravels,13035,2020-08-28,0,153
Ravels,13035,2020-08-29,0,153
Ravels,13035,2020-08-30,0,153
Ravels,13035,2020-08-31,0,153
Ravels,13035,2020-09-01,0,153
Ravels,13035,2020-09-02,0,153
Ravels,13035,2020-09-03,0,153
Ravels,13035,2020-09-04,0,153
Ravels,13035,2020-09-05,0,153
Ravels,13035,2020-09-06,0,153
Ravels,13035,2020-09-07,0,153
Ravels,13035,2020-09-08,0,153
Ravels,13035,2020-09-09,1,154
Ravels,13035,2020-09-10,0,154
Ravels,13035,2020-09-11,0,154
Ravels,13035,2020-09-12,0,154
Ravels,13035,2020-09-13,0,154
Ravels,13035,2020-09-14,0,154
Ravels,13035,2020-09-15,4,158
Ravels,13035,2020-09-16,0,158
Ravels,13035,2020-09-17,2,160
Ravels,13035,2020-09-18,4,164
Ravels,13035,2020-09-19,0,164
Ravels,13035,2020-09-20,2,166
Ravels,13035,2020-09-21,3,169
Ravels,13035,2020-09-22,1,170
Ravels,13035,2020-09-23,1,171
Ravels,13035,2020-09-24,4,175
Ravels,13035,2020-09-25,0,175
Ravels,13035,2020-09-26,3,178
Ravels,13035,2020-09-27,6,184
Ravels,13035,2020-09-28,0,184
Ravels,13035,2020-09-29,1,185
Ravels,13035,2020-09-30,1,186
Ravels,13035,2020-10-01,4,190
Ravels,13035,2020-10-02,1,191
Ravels,13035,2020-10-03,4,195
Ravels,13035,2020-10-04,6,201
Ravels,13035,2020-10-05,0,201
Ravels,13035,2020-10-06,0,201
Ravels,13035,2020-10-07,0,201
Ravels,13035,2020-10-08,3,204
Ravels,13035,2020-10-09,4,208
Ravels,13035,2020-10-10,2,210
Ravels,13035,2020-10-11,1,211
Ravels,13035,2020-10-12,1,212
Ravels,13035,2020-10-13,0,212
Ravels,13035,2020-10-14,4,216
Ravels,13035,2020-10-15,5,221
Ravels,13035,2020-10-16,5,226
Ravels,13035,2020-10-17,3,229
Ravels,13035,2020-10-18,7,236
Ravels,13035,2020-10-19,3,239
Ravels,13035,2020-10-20,3,242
Ravels,13035,2020-10-21,1,243
Ravels,13035,2020-10-22,5,248
Ravels,13035,2020-10-23,16,264
Ravels,13035,2020-10-24,4,268
Ravels,13035,2020-10-25,4,272
Ravels,13035,2020-10-26,6,278
Ravels,13035,2020-10-27,8,286
Ravels,13035,2020-10-28,6,292
Ravels,13035,2020-10-29,17,309
Ravels,13035,2020-10-30,11,320
Ravels,13035,2020-10-31,9,329
Ravels,13035,2020-11-01,8,337
Ravels,13035,2020-11-02,13,350
Ravels,13035,2020-11-03,3,353
Ravels,13035,2020-11-04,2,355
Ravels,13035,2020-11-05,8,363
Ravels,13035,2020-11-06,6,369
Ravels,13035,2020-11-07,7,376
Ravels,13035,2020-11-08,11,387
Ravels,13035,2020-11-09,5,392
Ravels,13035,2020-11-10,0,392
Ravels,13035,2020-11-11,1,393
Retie,13036,2020-04-01,0,14
Retie,13036,2020-04-02,2,16
Retie,13036,2020-04-03,1,17
Retie,13036,2020-04-04,2,19
Retie,13036,2020-04-05,1,20
Retie,13036,2020-04-06,0,20
Retie,13036,2020-04-07,0,20
Retie,13036,2020-04-08,0,20
Retie,13036,2020-04-09,1,21
Retie,13036,2020-04-10,0,21
Retie,13036,2020-04-11,1,22
Retie,13036,2020-04-12,0,22
Retie,13036,2020-04-13,0,22
Retie,13036,2020-04-14,1,23
Retie,13036,2020-04-15,1,24
Retie,13036,2020-04-16,0,24
Retie,13036,2020-04-17,0,24
Retie,13036,2020-04-18,0,24
Retie,13036,2020-04-19,0,24
Retie,13036,2020-04-20,0,24
Retie,13036,2020-04-21,0,24
Retie,13036,2020-04-22,0,24
Retie,13036,2020-04-23,0,24
Retie,13036,2020-04-24,0,24
Retie,13036,2020-04-25,0,24
Retie,13036,2020-04-26,0,24
Retie,13036,2020-04-27,0,24
Retie,13036,2020-04-28,0,24
Retie,13036,2020-04-29,0,24
Retie,13036,2020-04-30,1,25
Retie,13036,2020-05-01,1,26
Retie,13036,2020-05-02,0,26
Retie,13036,2020-05-03,0,26
Retie,13036,2020-05-04,0,26
Retie,13036,2020-05-05,0,26
Retie,13036,2020-05-06,0,26
Retie,13036,2020-05-07,1,27
Retie,13036,2020-05-08,0,27
Retie,13036,2020-05-09,1,28
Retie,13036,2020-05-10,0,28
Retie,13036,2020-05-11,1,29
Retie,13036,2020-05-12,0,29
Retie,13036,2020-05-13,0,29
Retie,13036,2020-05-14,0,29
Retie,13036,2020-05-15,1,30
Retie,13036,2020-05-16,0,30
Retie,13036,2020-05-17,0,30
Retie,13036,2020-05-18,0,30
Retie,13036,2020-05-19,0,30
Retie,13036,2020-05-20,1,31
Retie,13036,2020-05-21,0,31
Retie,13036,2020-05-22,1,32
Retie,13036,2020-05-23,0,32
Retie,13036,2020-05-24,0,32
Retie,13036,2020-05-25,0,32
Retie,13036,2020-05-26,0,32
Retie,13036,2020-05-27,0,32
Retie,13036,2020-05-28,0,32
Retie,13036,2020-05-29,0,32
Retie,13036,2020-05-30,0,32
Retie,13036,2020-05-31,0,32
Retie,13036,2020-06-01,0,32
Retie,13036,2020-06-02,0,32
Retie,13036,2020-06-03,0,32
Retie,13036,2020-06-04,0,32
Retie,13036,2020-06-05,0,32
Retie,13036,2020-06-06,0,32
Retie,13036,2020-06-07,0,32
Retie,13036,2020-06-08,0,32
Retie,13036,2020-06-09,0,32
Retie,13036,2020-06-10,1,33
Retie,13036,2020-06-11,0,33
Retie,13036,2020-06-12,0,33
Retie,13036,2020-06-13,0,33
Retie,13036,2020-06-14,0,33
Retie,13036,2020-06-15,0,33
Retie,13036,2020-06-16,0,33
Retie,13036,2020-06-17,0,33
Retie,13036,2020-06-18,0,33
Retie,13036,2020-06-19,0,33
Retie,13036,2020-06-20,0,33
Retie,13036,2020-06-23,0,33
Retie,13036,2020-06-24,0,33
Retie,13036,2020-06-25,0,33
Retie,13036,2020-06-26,0,33
Retie,13036,2020-06-27,0,33
Retie,13036,2020-06-30,0,33
Retie,13036,2020-07-01,0,33
Retie,13036,2020-07-02,0,33
Retie,13036,2020-07-03,0,33
Retie,13036,2020-07-04,0,33
Retie,13036,2020-07-07,0,33
Retie,13036,2020-07-08,0,33
Retie,13036,2020-07-09,0,33
Retie,13036,2020-07-10,0,33
Retie,13036,2020-07-11,0,33
Retie,13036,2020-07-14,0,33
Retie,13036,2020-07-15,0,33
Retie,13036,2020-07-16,0,33
Retie,13036,2020-07-17,0,33
Retie,13036,2020-07-18,0,33
Retie,13036,2020-07-20,0,33
Retie,13036,2020-07-21,0,33
Retie,13036,2020-07-22,0,33
Retie,13036,2020-07-23,0,33
Retie,13036,2020-07-24,0,33
Retie,13036,2020-07-25,0,33
Retie,13036,2020-07-26,0,33
Retie,13036,2020-07-27,0,33
Retie,13036,2020-07-28,0,33
Retie,13036,2020-07-29,0,33
Retie,13036,2020-07-30,1,34
Retie,13036,2020-07-31,0,34
Retie,13036,2020-08-01,0,34
Retie,13036,2020-08-02,0,34
Retie,13036,2020-08-03,0,34
Retie,13036,2020-08-04,1,35
Retie,13036,2020-08-05,0,35
Retie,13036,2020-08-06,0,35
Retie,13036,2020-08-07,0,35
Retie,13036,2020-08-08,0,35
Retie,13036,2020-08-09,2,37
Retie,13036,2020-08-10,3,40
Retie,13036,2020-08-11,0,40
Retie,13036,2020-08-12,0,40
Retie,13036,2020-08-13,1,41
Retie,13036,2020-08-14,0,41
Retie,13036,2020-08-15,0,41
Retie,13036,2020-08-16,0,41
Retie,13036,2020-08-17,0,41
Retie,13036,2020-08-18,0,41
Retie,13036,2020-08-19,0,41
Retie,13036,2020-08-20,0,41
Retie,13036,2020-08-21,0,41
Retie,13036,2020-08-22,0,41
Retie,13036,2020-08-23,0,41
Retie,13036,2020-08-24,0,41
Retie,13036,2020-08-25,0,41
Retie,13036,2020-08-26,0,41
Retie,13036,2020-08-27,0,41
Retie,13036,2020-08-28,1,42
Retie,13036,2020-08-29,0,42
Retie,13036,2020-08-30,0,42
Retie,13036,2020-08-31,0,42
Retie,13036,2020-09-01,0,42
Retie,13036,2020-09-02,0,42
Retie,13036,2020-09-03,0,42
Retie,13036,2020-09-04,0,42
Retie,13036,2020-09-05,0,42
Retie,13036,2020-09-06,0,42
Retie,13036,2020-09-07,1,43
Retie,13036,2020-09-08,0,43
Retie,13036,2020-09-09,0,43
Retie,13036,2020-09-10,0,43
Retie,13036,2020-09-11,0,43
Retie,13036,2020-09-12,0,43
Retie,13036,2020-09-13,0,43
Retie,13036,2020-09-14,0,43
Retie,13036,2020-09-15,5,48
Retie,13036,2020-09-16,0,48
Retie,13036,2020-09-17,1,49
Retie,13036,2020-09-18,0,49
Retie,13036,2020-09-19,1,50
Retie,13036,2020-09-20,1,51
Retie,13036,2020-09-21,3,54
Retie,13036,2020-09-22,0,54
Retie,13036,2020-09-23,1,55
Retie,13036,2020-09-24,0,55
Retie,13036,2020-09-25,0,55
Retie,13036,2020-09-26,1,56
Retie,13036,2020-09-27,0,56
Retie,13036,2020-09-28,0,56
Retie,13036,2020-09-29,0,56
Retie,13036,2020-09-30,0,56
Retie,13036,2020-10-01,0,56
Retie,13036,2020-10-02,1,57
Retie,13036,2020-10-03,1,58
Retie,13036,2020-10-04,0,58
Retie,13036,2020-10-05,5,63
Retie,13036,2020-10-06,0,63
Retie,13036,2020-10-07,4,67
Retie,13036,2020-10-08,1,68
Retie,13036,2020-10-09,5,73
Retie,13036,2020-10-10,11,84
Retie,13036,2020-10-11,1,85
Retie,13036,2020-10-12,3,88
Retie,13036,2020-10-13,3,91
Retie,13036,2020-10-14,7,98
Retie,13036,2020-10-15,7,105
Retie,13036,2020-10-16,6,111
Retie,13036,2020-10-17,4,115
Retie,13036,2020-10-18,7,122
Retie,13036,2020-10-19,7,129
Retie,13036,2020-10-20,10,139
Retie,13036,2020-10-21,15,154
Retie,13036,2020-10-22,8,162
Retie,13036,2020-10-23,31,193
Retie,13036,2020-10-24,10,203
Retie,13036,2020-10-25,30,233
Retie,13036,2020-10-26,21,254
Retie,13036,2020-10-27,10,264
Retie,13036,2020-10-28,12,276
Retie,13036,2020-10-29,25,301
Retie,13036,2020-10-30,15,316
Retie,13036,2020-10-31,7,323
Retie,13036,2020-11-01,24,347
Retie,13036,2020-11-02,7,354
Retie,13036,2020-11-03,5,359
Retie,13036,2020-11-04,5,364
Retie,13036,2020-11-05,16,380
Retie,13036,2020-11-06,10,390
Retie,13036,2020-11-07,8,398
Retie,13036,2020-11-08,6,404
Retie,13036,2020-11-09,10,414
Retie,13036,2020-11-10,1,415
Retie,13036,2020-11-11,2,417
Rijkevorsel,13037,2020-04-01,0,8
Rijkevorsel,13037,2020-04-02,0,8
Rijkevorsel,13037,2020-04-03,4,12
Rijkevorsel,13037,2020-04-04,1,13
Rijkevorsel,13037,2020-04-05,2,15
Rijkevorsel,13037,2020-04-06,0,15
Rijkevorsel,13037,2020-04-07,1,16
Rijkevorsel,13037,2020-04-08,0,16
Rijkevorsel,13037,2020-04-09,2,18
Rijkevorsel,13037,2020-04-10,1,19
Rijkevorsel,13037,2020-04-11,0,19
Rijkevorsel,13037,2020-04-12,1,20
Rijkevorsel,13037,2020-04-13,0,20
Rijkevorsel,13037,2020-04-14,0,20
Rijkevorsel,13037,2020-04-15,0,20
Rijkevorsel,13037,2020-04-16,0,20
Rijkevorsel,13037,2020-04-17,1,21
Rijkevorsel,13037,2020-04-18,0,21
Rijkevorsel,13037,2020-04-19,0,21
Rijkevorsel,13037,2020-04-20,0,21
Rijkevorsel,13037,2020-04-21,0,21
Rijkevorsel,13037,2020-04-22,0,21
Rijkevorsel,13037,2020-04-23,0,21
Rijkevorsel,13037,2020-04-24,4,25
Rijkevorsel,13037,2020-04-25,1,26
Rijkevorsel,13037,2020-04-26,0,26
Rijkevorsel,13037,2020-04-27,0,26
Rijkevorsel,13037,2020-04-28,1,27
Rijkevorsel,13037,2020-04-29,0,27
Rijkevorsel,13037,2020-04-30,1,28
Rijkevorsel,13037,2020-05-01,0,28
Rijkevorsel,13037,2020-05-02,0,28
Rijkevorsel,13037,2020-05-03,0,28
Rijkevorsel,13037,2020-05-04,1,29
Rijkevorsel,13037,2020-05-05,0,29
Rijkevorsel,13037,2020-05-06,1,30
Rijkevorsel,13037,2020-05-07,0,30
Rijkevorsel,13037,2020-05-08,0,30
Rijkevorsel,13037,2020-05-09,1,31
Rijkevorsel,13037,2020-05-10,0,31
Rijkevorsel,13037,2020-05-11,1,32
Rijkevorsel,13037,2020-05-12,1,33
Rijkevorsel,13037,2020-05-13,1,34
Rijkevorsel,13037,2020-05-14,0,34
Rijkevorsel,13037,2020-05-15,1,35
Rijkevorsel,13037,2020-05-16,0,35
Rijkevorsel,13037,2020-05-17,0,35
Rijkevorsel,13037,2020-05-18,0,35
Rijkevorsel,13037,2020-05-19,0,35
Rijkevorsel,13037,2020-05-20,0,35
Rijkevorsel,13037,2020-05-21,3,38
Rijkevorsel,13037,2020-05-22,0,38
Rijkevorsel,13037,2020-05-23,0,38
Rijkevorsel,13037,2020-05-24,0,38
Rijkevorsel,13037,2020-05-25,0,38
Rijkevorsel,13037,2020-05-26,0,38
Rijkevorsel,13037,2020-05-27,0,38
Rijkevorsel,13037,2020-05-28,0,38
Rijkevorsel,13037,2020-05-29,0,38
Rijkevorsel,13037,2020-05-30,0,38
Rijkevorsel,13037,2020-05-31,0,38
Rijkevorsel,13037,2020-06-01,0,38
Rijkevorsel,13037,2020-06-02,0,38
Rijkevorsel,13037,2020-06-03,0,38
Rijkevorsel,13037,2020-06-04,0,38
Rijkevorsel,13037,2020-06-05,0,38
Rijkevorsel,13037,2020-06-06,0,38
Rijkevorsel,13037,2020-06-07,0,38
Rijkevorsel,13037,2020-06-08,0,38
Rijkevorsel,13037,2020-06-09,0,38
Rijkevorsel,13037,2020-06-10,0,38
Rijkevorsel,13037,2020-06-11,0,38
Rijkevorsel,13037,2020-06-12,0,38
Rijkevorsel,13037,2020-06-13,0,38
Rijkevorsel,13037,2020-06-14,0,38
Rijkevorsel,13037,2020-06-15,0,38
Rijkevorsel,13037,2020-06-16,0,38
Rijkevorsel,13037,2020-06-17,0,38
Rijkevorsel,13037,2020-06-18,0,38
Rijkevorsel,13037,2020-06-19,0,38
Rijkevorsel,13037,2020-06-20,0,38
Rijkevorsel,13037,2020-06-23,0,38
Rijkevorsel,13037,2020-06-24,0,38
Rijkevorsel,13037,2020-06-25,0,38
Rijkevorsel,13037,2020-06-26,0,38
Rijkevorsel,13037,2020-06-27,0,38
Rijkevorsel,13037,2020-06-30,0,38
Rijkevorsel,13037,2020-07-01,0,38
Rijkevorsel,13037,2020-07-02,0,38
Rijkevorsel,13037,2020-07-03,0,38
Rijkevorsel,13037,2020-07-04,0,38
Rijkevorsel,13037,2020-07-07,0,38
Rijkevorsel,13037,2020-07-08,0,38
Rijkevorsel,13037,2020-07-09,0,38
Rijkevorsel,13037,2020-07-10,0,38
Rijkevorsel,13037,2020-07-11,0,38
Rijkevorsel,13037,2020-07-14,0,38
Rijkevorsel,13037,2020-07-15,0,38
Rijkevorsel,13037,2020-07-16,0,38
Rijkevorsel,13037,2020-07-17,0,38
Rijkevorsel,13037,2020-07-18,0,38
Rijkevorsel,13037,2020-07-20,0,38
Rijkevorsel,13037,2020-07-21,0,38
Rijkevorsel,13037,2020-07-22,0,38
Rijkevorsel,13037,2020-07-23,1,39
Rijkevorsel,13037,2020-07-24,0,39
Rijkevorsel,13037,2020-07-25,0,39
Rijkevorsel,13037,2020-07-26,0,39
Rijkevorsel,13037,2020-07-27,0,39
Rijkevorsel,13037,2020-07-28,1,40
Rijkevorsel,13037,2020-07-29,0,40
Rijkevorsel,13037,2020-07-30,1,41
Rijkevorsel,13037,2020-07-31,1,42
Rijkevorsel,13037,2020-08-01,0,42
Rijkevorsel,13037,2020-08-02,0,42
Rijkevorsel,13037,2020-08-03,2,44
Rijkevorsel,13037,2020-08-04,0,44
Rijkevorsel,13037,2020-08-05,0,44
Rijkevorsel,13037,2020-08-06,0,44
Rijkevorsel,13037,2020-08-07,0,44
Rijkevorsel,13037,2020-08-08,0,44
Rijkevorsel,13037,2020-08-09,0,44
Rijkevorsel,13037,2020-08-10,0,44
Rijkevorsel,13037,2020-08-11,1,45
Rijkevorsel,13037,2020-08-12,0,45
Rijkevorsel,13037,2020-08-13,0,45
Rijkevorsel,13037,2020-08-14,1,46
Rijkevorsel,13037,2020-08-15,0,46
Rijkevorsel,13037,2020-08-16,0,46
Rijkevorsel,13037,2020-08-17,0,46
Rijkevorsel,13037,2020-08-18,0,46
Rijkevorsel,13037,2020-08-19,0,46
Rijkevorsel,13037,2020-08-20,0,46
Rijkevorsel,13037,2020-08-21,0,46
Rijkevorsel,13037,2020-08-22,0,46
Rijkevorsel,13037,2020-08-23,0,46
Rijkevorsel,13037,2020-08-24,0,46
Rijkevorsel,13037,2020-08-25,0,46
Rijkevorsel,13037,2020-08-26,0,46
Rijkevorsel,13037,2020-08-27,0,46
Rijkevorsel,13037,2020-08-28,0,46
Rijkevorsel,13037,2020-08-29,1,47
Rijkevorsel,13037,2020-08-30,0,47
Rijkevorsel,13037,2020-08-31,0,47
Rijkevorsel,13037,2020-09-01,0,47
Rijkevorsel,13037,2020-09-02,0,47
Rijkevorsel,13037,2020-09-03,0,47
Rijkevorsel,13037,2020-09-04,0,47
Rijkevorsel,13037,2020-09-05,0,47
Rijkevorsel,13037,2020-09-06,0,47
Rijkevorsel,13037,2020-09-07,0,47
Rijkevorsel,13037,2020-09-08,0,47
Rijkevorsel,13037,2020-09-09,0,47
Rijkevorsel,13037,2020-09-10,0,47
Rijkevorsel,13037,2020-09-11,0,47
Rijkevorsel,13037,2020-09-12,0,47
Rijkevorsel,13037,2020-09-13,0,47
Rijkevorsel,13037,2020-09-14,0,47
Rijkevorsel,13037,2020-09-15,5,52
Rijkevorsel,13037,2020-09-16,0,52
Rijkevorsel,13037,2020-09-17,0,52
Rijkevorsel,13037,2020-09-18,1,53
Rijkevorsel,13037,2020-09-19,0,53
Rijkevorsel,13037,2020-09-20,1,54
Rijkevorsel,13037,2020-09-21,0,54
Rijkevorsel,13037,2020-09-22,0,54
Rijkevorsel,13037,2020-09-23,1,55
Rijkevorsel,13037,2020-09-24,0,55
Rijkevorsel,13037,2020-09-25,0,55
Rijkevorsel,13037,2020-09-26,3,58
Rijkevorsel,13037,2020-09-27,0,58
Rijkevorsel,13037,2020-09-28,0,58
Rijkevorsel,13037,2020-09-29,0,58
Rijkevorsel,13037,2020-09-30,0,58
Rijkevorsel,13037,2020-10-01,0,58
Rijkevorsel,13037,2020-10-02,0,58
Rijkevorsel,13037,2020-10-03,3,61
Rijkevorsel,13037,2020-10-04,0,61
Rijkevorsel,13037,2020-10-05,3,64
Rijkevorsel,13037,2020-10-06,0,64
Rijkevorsel,13037,2020-10-07,1,65
Rijkevorsel,13037,2020-10-08,2,67
Rijkevorsel,13037,2020-10-09,4,71
Rijkevorsel,13037,2020-10-10,4,75
Rijkevorsel,13037,2020-10-11,11,86
Rijkevorsel,13037,2020-10-12,10,96
Rijkevorsel,13037,2020-10-13,1,97
Rijkevorsel,13037,2020-10-14,6,103
Rijkevorsel,13037,2020-10-15,16,119
Rijkevorsel,13037,2020-10-16,10,129
Rijkevorsel,13037,2020-10-17,12,141
Rijkevorsel,13037,2020-10-18,15,156
Rijkevorsel,13037,2020-10-19,9,165
Rijkevorsel,13037,2020-10-20,10,175
Rijkevorsel,13037,2020-10-21,12,187
Rijkevorsel,13037,2020-10-22,7,194
Rijkevorsel,13037,2020-10-23,18,212
Rijkevorsel,13037,2020-10-24,16,228
Rijkevorsel,13037,2020-10-25,10,238
Rijkevorsel,13037,2020-10-26,11,249
Rijkevorsel,13037,2020-10-27,9,258
Rijkevorsel,13037,2020-10-28,9,267
Rijkevorsel,13037,2020-10-29,11,278
Rijkevorsel,13037,2020-10-30,9,287
Rijkevorsel,13037,2020-10-31,13,300
Rijkevorsel,13037,2020-11-01,9,309
Rijkevorsel,13037,2020-11-02,12,321
Rijkevorsel,13037,2020-11-03,3,324
Rijkevorsel,13037,2020-11-04,5,329
Rijkevorsel,13037,2020-11-05,22,351
Rijkevorsel,13037,2020-11-06,7,358
Rijkevorsel,13037,2020-11-07,10,368
Rijkevorsel,13037,2020-11-08,5,373
Rijkevorsel,13037,2020-11-09,12,385
Rijkevorsel,13037,2020-11-10,1,386
Rijkevorsel,13037,2020-11-11,1,387
Turnhout,13040,2020-04-01,3,32
Turnhout,13040,2020-04-02,2,34
Turnhout,13040,2020-04-03,2,36
Turnhout,13040,2020-04-04,4,40
Turnhout,13040,2020-04-05,3,43
Turnhout,13040,2020-04-06,2,45
Turnhout,13040,2020-04-07,1,46
Turnhout,13040,2020-04-08,1,47
Turnhout,13040,2020-04-09,4,51
Turnhout,13040,2020-04-10,2,53
Turnhout,13040,2020-04-11,1,54
Turnhout,13040,2020-04-12,1,55
Turnhout,13040,2020-04-13,3,58
Turnhout,13040,2020-04-14,0,58
Turnhout,13040,2020-04-15,3,61
Turnhout,13040,2020-04-16,0,61
Turnhout,13040,2020-04-17,2,63
Turnhout,13040,2020-04-18,1,64
Turnhout,13040,2020-04-19,1,65
Turnhout,13040,2020-04-20,7,72
Turnhout,13040,2020-04-21,0,72
Turnhout,13040,2020-04-22,0,72
Turnhout,13040,2020-04-23,0,72
Turnhout,13040,2020-04-24,7,79
Turnhout,13040,2020-04-25,0,79
Turnhout,13040,2020-04-26,0,79
Turnhout,13040,2020-04-27,0,79
Turnhout,13040,2020-04-28,1,80
Turnhout,13040,2020-04-29,0,80
Turnhout,13040,2020-04-30,17,97
Turnhout,13040,2020-05-01,3,100
Turnhout,13040,2020-05-02,7,107
Turnhout,13040,2020-05-03,1,108
Turnhout,13040,2020-05-04,4,112
Turnhout,13040,2020-05-05,0,112
Turnhout,13040,2020-05-06,2,114
Turnhout,13040,2020-05-07,8,122
Turnhout,13040,2020-05-08,5,127
Turnhout,13040,2020-05-09,0,127
Turnhout,13040,2020-05-10,1,128
Turnhout,13040,2020-05-11,7,135
Turnhout,13040,2020-05-12,1,136
Turnhout,13040,2020-05-13,1,137
Turnhout,13040,2020-05-14,2,139
Turnhout,13040,2020-05-15,1,140
Turnhout,13040,2020-05-16,0,140
Turnhout,13040,2020-05-17,0,140
Turnhout,13040,2020-05-18,0,140
Turnhout,13040,2020-05-19,2,142
Turnhout,13040,2020-05-20,1,143
Turnhout,13040,2020-05-21,4,147
Turnhout,13040,2020-05-22,0,147
Turnhout,13040,2020-05-23,0,147
Turnhout,13040,2020-05-24,12,159
Turnhout,13040,2020-05-25,0,159
Turnhout,13040,2020-05-26,1,160
Turnhout,13040,2020-05-27,2,162
Turnhout,13040,2020-05-28,2,164
Turnhout,13040,2020-05-29,3,167
Turnhout,13040,2020-05-30,0,167
Turnhout,13040,2020-05-31,2,169
Turnhout,13040,2020-06-01,0,169
Turnhout,13040,2020-06-02,0,169
Turnhout,13040,2020-06-03,0,169
Turnhout,13040,2020-06-04,1,170
Turnhout,13040,2020-06-05,0,170
Turnhout,13040,2020-06-06,2,172
Turnhout,13040,2020-06-07,1,173
Turnhout,13040,2020-06-08,1,174
Turnhout,13040,2020-06-09,1,175
Turnhout,13040,2020-06-10,0,175
Turnhout,13040,2020-06-11,1,176
Turnhout,13040,2020-06-12,0,176
Turnhout,13040,2020-06-13,0,176
Turnhout,13040,2020-06-14,0,176
Turnhout,13040,2020-06-15,0,176
Turnhout,13040,2020-06-16,0,176
Turnhout,13040,2020-06-17,1,177
Turnhout,13040,2020-06-18,0,177
Turnhout,13040,2020-06-19,1,178
Turnhout,13040,2020-06-20,2,180
Turnhout,13040,2020-06-23,4,184
Turnhout,13040,2020-06-24,0,184
Turnhout,13040,2020-06-25,1,185
Turnhout,13040,2020-06-26,1,186
Turnhout,13040,2020-06-27,0,186
Turnhout,13040,2020-06-30,2,188
Turnhout,13040,2020-07-01,0,188
Turnhout,13040,2020-07-02,0,188
Turnhout,13040,2020-07-03,1,189
Turnhout,13040,2020-07-04,0,189
Turnhout,13040,2020-07-07,0,189
Turnhout,13040,2020-07-08,0,189
Turnhout,13040,2020-07-09,0,189
Turnhout,13040,2020-07-10,2,191
Turnhout,13040,2020-07-11,0,191
Turnhout,13040,2020-07-14,0,191
Turnhout,13040,2020-07-15,0,191
Turnhout,13040,2020-07-16,1,192
Turnhout,13040,2020-07-17,0,192
Turnhout,13040,2020-07-18,1,193
Turnhout,13040,2020-07-20,2,195
Turnhout,13040,2020-07-21,0,195
Turnhout,13040,2020-07-22,0,195
Turnhout,13040,2020-07-23,5,200
Turnhout,13040,2020-07-24,0,200
Turnhout,13040,2020-07-25,3,203
Turnhout,13040,2020-07-26,1,204
Turnhout,13040,2020-07-27,0,204
Turnhout,13040,2020-07-28,1,205
Turnhout,13040,2020-07-29,0,205
Turnhout,13040,2020-07-30,4,209
Turnhout,13040,2020-07-31,3,212
Turnhout,13040,2020-08-01,0,212
Turnhout,13040,2020-08-02,0,212
Turnhout,13040,2020-08-03,1,213
Turnhout,13040,2020-08-04,0,213
Turnhout,13040,2020-08-05,0,213
Turnhout,13040,2020-08-06,3,216
Turnhout,13040,2020-08-07,0,216
Turnhout,13040,2020-08-08,0,216
Turnhout,13040,2020-08-09,3,219
Turnhout,13040,2020-08-10,4,223
Turnhout,13040,2020-08-11,0,223
Turnhout,13040,2020-08-12,0,223
Turnhout,13040,2020-08-13,3,226
Turnhout,13040,2020-08-14,2,228
Turnhout,13040,2020-08-15,0,228
Turnhout,13040,2020-08-16,0,228
Turnhout,13040,2020-08-17,1,229
Turnhout,13040,2020-08-18,0,229
Turnhout,13040,2020-08-19,3,232
Turnhout,13040,2020-08-20,2,234
Turnhout,13040,2020-08-21,2,236
Turnhout,13040,2020-08-22,3,239
Turnhout,13040,2020-08-23,4,243
Turnhout,13040,2020-08-24,2,245
Turnhout,13040,2020-08-25,2,247
Turnhout,13040,2020-08-26,7,254
Turnhout,13040,2020-08-27,1,255
Turnhout,13040,2020-08-28,2,257
Turnhout,13040,2020-08-29,0,257
Turnhout,13040,2020-08-30,0,257
Turnhout,13040,2020-08-31,0,257
Turnhout,13040,2020-09-01,4,261
Turnhout,13040,2020-09-02,0,261
Turnhout,13040,2020-09-03,0,261
Turnhout,13040,2020-09-04,2,263
Turnhout,13040,2020-09-05,2,265
Turnhout,13040,2020-09-06,3,268
Turnhout,13040,2020-09-07,2,270
Turnhout,13040,2020-09-08,0,270
Turnhout,13040,2020-09-09,3,273
Turnhout,13040,2020-09-10,0,273
Turnhout,13040,2020-09-11,0,273
Turnhout,13040,2020-09-12,0,273
Turnhout,13040,2020-09-13,1,274
Turnhout,13040,2020-09-14,0,274
Turnhout,13040,2020-09-15,10,284
Turnhout,13040,2020-09-16,0,284
Turnhout,13040,2020-09-17,1,285
Turnhout,13040,2020-09-18,6,291
Turnhout,13040,2020-09-19,0,291
Turnhout,13040,2020-09-20,6,297
Turnhout,13040,2020-09-21,3,300
Turnhout,13040,2020-09-22,7,307
Turnhout,13040,2020-09-23,3,310
Turnhout,13040,2020-09-24,3,313
Turnhout,13040,2020-09-25,0,313
Turnhout,13040,2020-09-26,9,322
Turnhout,13040,2020-09-27,11,333
Turnhout,13040,2020-09-28,4,337
Turnhout,13040,2020-09-29,7,344
Turnhout,13040,2020-09-30,5,349
Turnhout,13040,2020-10-01,1,350
Turnhout,13040,2020-10-02,6,356
Turnhout,13040,2020-10-03,13,369
Turnhout,13040,2020-10-04,3,372
Turnhout,13040,2020-10-05,7,379
Turnhout,13040,2020-10-06,2,381
Turnhout,13040,2020-10-07,7,388
Turnhout,13040,2020-10-08,6,394
Turnhout,13040,2020-10-09,8,402
Turnhout,13040,2020-10-10,8,410
Turnhout,13040,2020-10-11,18,428
Turnhout,13040,2020-10-12,12,440
Turnhout,13040,2020-10-13,11,451
Turnhout,13040,2020-10-14,11,462
Turnhout,13040,2020-10-15,22,484
Turnhout,13040,2020-10-16,16,500
Turnhout,13040,2020-10-17,8,508
Turnhout,13040,2020-10-18,19,527
Turnhout,13040,2020-10-19,11,538
Turnhout,13040,2020-10-20,8,546
Turnhout,13040,2020-10-21,11,557
Turnhout,13040,2020-10-22,4,561
Turnhout,13040,2020-10-23,37,598
Turnhout,13040,2020-10-24,19,617
Turnhout,13040,2020-10-25,24,641
Turnhout,13040,2020-10-26,30,671
Turnhout,13040,2020-10-27,30,701
Turnhout,13040,2020-10-28,24,725
Turnhout,13040,2020-10-29,34,759
Turnhout,13040,2020-10-30,48,807
Turnhout,13040,2020-10-31,33,840
Turnhout,13040,2020-11-01,39,879
Turnhout,13040,2020-11-02,37,916
Turnhout,13040,2020-11-03,18,934
Turnhout,13040,2020-11-04,30,964
Turnhout,13040,2020-11-05,34,998
Turnhout,13040,2020-11-06,32,1030
Turnhout,13040,2020-11-07,24,1054
Turnhout,13040,2020-11-08,15,1069
Turnhout,13040,2020-11-09,27,1096
Turnhout,13040,2020-11-10,5,1101
Turnhout,13040,2020-11-11,6,1107
Vorselaar,13044,2020-04-01,0,7
Vorselaar,13044,2020-04-02,0,7
Vorselaar,13044,2020-04-03,0,7
Vorselaar,13044,2020-04-04,4,11
Vorselaar,13044,2020-04-05,1,12
Vorselaar,13044,2020-04-06,1,13
Vorselaar,13044,2020-04-07,0,13
Vorselaar,13044,2020-04-08,1,14
Vorselaar,13044,2020-04-09,3,17
Vorselaar,13044,2020-04-10,0,17
Vorselaar,13044,2020-04-11,2,19
Vorselaar,13044,2020-04-12,0,19
Vorselaar,13044,2020-04-13,2,21
Vorselaar,13044,2020-04-14,0,21
Vorselaar,13044,2020-04-15,1,22
Vorselaar,13044,2020-04-16,0,22
Vorselaar,13044,2020-04-17,0,22
Vorselaar,13044,2020-04-18,0,22
Vorselaar,13044,2020-04-19,3,25
Vorselaar,13044,2020-04-20,0,25
Vorselaar,13044,2020-04-21,0,25
Vorselaar,13044,2020-04-22,0,25
Vorselaar,13044,2020-04-23,0,25
Vorselaar,13044,2020-04-24,1,26
Vorselaar,13044,2020-04-25,1,27
Vorselaar,13044,2020-04-26,0,27
Vorselaar,13044,2020-04-27,0,27
Vorselaar,13044,2020-04-28,0,27
Vorselaar,13044,2020-04-29,0,27
Vorselaar,13044,2020-04-30,2,29
Vorselaar,13044,2020-05-01,0,29
Vorselaar,13044,2020-05-02,1,30
Vorselaar,13044,2020-05-03,0,30
Vorselaar,13044,2020-05-04,1,31
Vorselaar,13044,2020-05-05,1,32
Vorselaar,13044,2020-05-06,0,32
Vorselaar,13044,2020-05-07,1,33
Vorselaar,13044,2020-05-08,0,33
Vorselaar,13044,2020-05-09,0,33
Vorselaar,13044,2020-05-10,0,33
Vorselaar,13044,2020-05-11,0,33
Vorselaar,13044,2020-05-12,0,33
Vorselaar,13044,2020-05-13,0,33
Vorselaar,13044,2020-05-14,0,33
Vorselaar,13044,2020-05-15,0,33
Vorselaar,13044,2020-05-16,1,34
Vorselaar,13044,2020-05-17,0,34
Vorselaar,13044,2020-05-18,1,35
Vorselaar,13044,2020-05-19,1,36
Vorselaar,13044,2020-05-20,0,36
Vorselaar,13044,2020-05-21,1,37
Vorselaar,13044,2020-05-22,0,37
Vorselaar,13044,2020-05-23,0,37
Vorselaar,13044,2020-05-24,0,37
Vorselaar,13044,2020-05-25,2,39
Vorselaar,13044,2020-05-26,0,39
Vorselaar,13044,2020-05-27,0,39
Vorselaar,13044,2020-05-28,0,39
Vorselaar,13044,2020-05-29,0,39
Vorselaar,13044,2020-05-30,0,39
Vorselaar,13044,2020-05-31,0,39
Vorselaar,13044,2020-06-01,0,39
Vorselaar,13044,2020-06-02,0,39
Vorselaar,13044,2020-06-03,0,39
Vorselaar,13044,2020-06-04,0,39
Vorselaar,13044,2020-06-05,0,39
Vorselaar,13044,2020-06-06,0,39
Vorselaar,13044,2020-06-07,0,39
Vorselaar,13044,2020-06-08,0,39
Vorselaar,13044,2020-06-09,0,39
Vorselaar,13044,2020-06-10,0,39
Vorselaar,13044,2020-06-11,0,39
Vorselaar,13044,2020-06-12,0,39
Vorselaar,13044,2020-06-13,0,39
Vorselaar,13044,2020-06-14,0,39
Vorselaar,13044,2020-06-15,0,39
Vorselaar,13044,2020-06-16,0,39
Vorselaar,13044,2020-06-17,1,40
Vorselaar,13044,2020-06-18,0,40
Vorselaar,13044,2020-06-19,0,40
Vorselaar,13044,2020-06-20,0,40
Vorselaar,13044,2020-06-23,0,40
Vorselaar,13044,2020-06-24,0,40
Vorselaar,13044,2020-06-25,0,40
Vorselaar,13044,2020-06-26,0,40
Vorselaar,13044,2020-06-27,1,41
Vorselaar,13044,2020-06-30,0,41
Vorselaar,13044,2020-07-01,0,41
Vorselaar,13044,2020-07-02,0,41
Vorselaar,13044,2020-07-03,0,41
Vorselaar,13044,2020-07-04,0,41
Vorselaar,13044,2020-07-07,0,41
Vorselaar,13044,2020-07-08,0,41
Vorselaar,13044,2020-07-09,0,41
Vorselaar,13044,2020-07-10,0,41
Vorselaar,13044,2020-07-11,0,41
Vorselaar,13044,2020-07-14,0,41
Vorselaar,13044,2020-07-15,0,41
Vorselaar,13044,2020-07-16,0,41
Vorselaar,13044,2020-07-17,0,41
Vorselaar,13044,2020-07-18,0,41
Vorselaar,13044,2020-07-20,0,41
Vorselaar,13044,2020-07-21,0,41
Vorselaar,13044,2020-07-22,0,41
Vorselaar,13044,2020-07-23,0,41
Vorselaar,13044,2020-07-24,0,41
Vorselaar,13044,2020-07-25,0,41
Vorselaar,13044,2020-07-26,1,42
Vorselaar,13044,2020-07-27,1,43
Vorselaar,13044,2020-07-28,2,45
Vorselaar,13044,2020-07-29,0,45
Vorselaar,13044,2020-07-30,0,45
Vorselaar,13044,2020-07-31,0,45
Vorselaar,13044,2020-08-01,0,45
Vorselaar,13044,2020-08-02,0,45
Vorselaar,13044,2020-08-03,0,45
Vorselaar,13044,2020-08-04,0,45
Vorselaar,13044,2020-08-05,0,45
Vorselaar,13044,2020-08-06,0,45
Vorselaar,13044,2020-08-07,0,45
Vorselaar,13044,2020-08-08,0,45
Vorselaar,13044,2020-08-09,0,45
Vorselaar,13044,2020-08-10,0,45
Vorselaar,13044,2020-08-11,0,45
Vorselaar,13044,2020-08-12,0,45
Vorselaar,13044,2020-08-13,0,45
Vorselaar,13044,2020-08-14,0,45
Vorselaar,13044,2020-08-15,0,45
Vorselaar,13044,2020-08-16,0,45
Vorselaar,13044,2020-08-17,0,45
Vorselaar,13044,2020-08-18,0,45
Vorselaar,13044,2020-08-19,0,45
Vorselaar,13044,2020-08-20,0,45
Vorselaar,13044,2020-08-21,1,46
Vorselaar,13044,2020-08-22,1,47
Vorselaar,13044,2020-08-23,0,47
Vorselaar,13044,2020-08-24,0,47
Vorselaar,13044,2020-08-25,0,47
Vorselaar,13044,2020-08-26,0,47
Vorselaar,13044,2020-08-27,0,47
Vorselaar,13044,2020-08-28,0,47
Vorselaar,13044,2020-08-29,0,47
Vorselaar,13044,2020-08-30,0,47
Vorselaar,13044,2020-08-31,0,47
Vorselaar,13044,2020-09-01,0,47
Vorselaar,13044,2020-09-02,0,47
Vorselaar,13044,2020-09-03,0,47
Vorselaar,13044,2020-09-04,0,47
Vorselaar,13044,2020-09-05,0,47
Vorselaar,13044,2020-09-06,0,47
Vorselaar,13044,2020-09-07,0,47
Vorselaar,13044,2020-09-08,0,47
Vorselaar,13044,2020-09-09,0,47
Vorselaar,13044,2020-09-10,0,47
Vorselaar,13044,2020-09-11,0,47
Vorselaar,13044,2020-09-12,0,47
Vorselaar,13044,2020-09-13,0,47
Vorselaar,13044,2020-09-14,0,47
Vorselaar,13044,2020-09-15,0,47
Vorselaar,13044,2020-09-16,0,47
Vorselaar,13044,2020-09-17,0,47
Vorselaar,13044,2020-09-18,0,47
Vorselaar,13044,2020-09-19,0,47
Vorselaar,13044,2020-09-20,0,47
Vorselaar,13044,2020-09-21,0,47
Vorselaar,13044,2020-09-22,0,47
Vorselaar,13044,2020-09-23,0,47
Vorselaar,13044,2020-09-24,0,47
Vorselaar,13044,2020-09-25,0,47
Vorselaar,13044,2020-09-26,0,47
Vorselaar,13044,2020-09-27,0,47
Vorselaar,13044,2020-09-28,0,47
Vorselaar,13044,2020-09-29,0,47
Vorselaar,13044,2020-09-30,1,48
Vorselaar,13044,2020-10-01,0,48
Vorselaar,13044,2020-10-02,0,48
Vorselaar,13044,2020-10-03,0,48
Vorselaar,13044,2020-10-04,1,49
Vorselaar,13044,2020-10-05,0,49
Vorselaar,13044,2020-10-06,0,49
Vorselaar,13044,2020-10-07,0,49
Vorselaar,13044,2020-10-08,0,49
Vorselaar,13044,2020-10-09,1,50
Vorselaar,13044,2020-10-10,0,50
Vorselaar,13044,2020-10-11,1,51
Vorselaar,13044,2020-10-12,0,51
Vorselaar,13044,2020-10-13,0,51
Vorselaar,13044,2020-10-14,2,53
Vorselaar,13044,2020-10-15,3,56
Vorselaar,13044,2020-10-16,4,60
Vorselaar,13044,2020-10-17,3,63
Vorselaar,13044,2020-10-18,2,65
Vorselaar,13044,2020-10-19,2,67
Vorselaar,13044,2020-10-20,3,70
Vorselaar,13044,2020-10-21,3,73
Vorselaar,13044,2020-10-22,2,75
Vorselaar,13044,2020-10-23,11,86
Vorselaar,13044,2020-10-24,7,93
Vorselaar,13044,2020-10-25,8,101
Vorselaar,13044,2020-10-26,7,108
Vorselaar,13044,2020-10-27,8,116
Vorselaar,13044,2020-10-28,11,127
Vorselaar,13044,2020-10-29,6,133
Vorselaar,13044,2020-10-30,9,142
Vorselaar,13044,2020-10-31,8,150
Vorselaar,13044,2020-11-01,2,152
Vorselaar,13044,2020-11-02,10,162
Vorselaar,13044,2020-11-03,1,163
Vorselaar,13044,2020-11-04,1,164
Vorselaar,13044,2020-11-05,6,170
Vorselaar,13044,2020-11-06,2,172
Vorselaar,13044,2020-11-07,7,179
Vorselaar,13044,2020-11-08,2,181
Vorselaar,13044,2020-11-09,0,181
Vorselaar,13044,2020-11-10,0,181
Vorselaar,13044,2020-11-11,2,183
Vosselaar,13046,2020-04-01,1,13
Vosselaar,13046,2020-04-02,0,13
Vosselaar,13046,2020-04-03,0,13
Vosselaar,13046,2020-04-04,1,14
Vosselaar,13046,2020-04-05,0,14
Vosselaar,13046,2020-04-06,0,14
Vosselaar,13046,2020-04-07,0,14
Vosselaar,13046,2020-04-08,0,14
Vosselaar,13046,2020-04-09,1,15
Vosselaar,13046,2020-04-10,0,15
Vosselaar,13046,2020-04-11,0,15
Vosselaar,13046,2020-04-12,1,16
Vosselaar,13046,2020-04-13,0,16
Vosselaar,13046,2020-04-14,0,16
Vosselaar,13046,2020-04-15,3,19
Vosselaar,13046,2020-04-16,0,19
Vosselaar,13046,2020-04-17,0,19
Vosselaar,13046,2020-04-18,1,20
Vosselaar,13046,2020-04-19,1,21
Vosselaar,13046,2020-04-20,1,22
Vosselaar,13046,2020-04-21,0,22
Vosselaar,13046,2020-04-22,0,22
Vosselaar,13046,2020-04-23,0,22
Vosselaar,13046,2020-04-24,0,22
Vosselaar,13046,2020-04-25,0,22
Vosselaar,13046,2020-04-26,1,23
Vosselaar,13046,2020-04-27,0,23
Vosselaar,13046,2020-04-28,1,24
Vosselaar,13046,2020-04-29,0,24
Vosselaar,13046,2020-04-30,3,27
Vosselaar,13046,2020-05-01,1,28
Vosselaar,13046,2020-05-02,2,30
Vosselaar,13046,2020-05-03,0,30
Vosselaar,13046,2020-05-04,2,32
Vosselaar,13046,2020-05-05,0,32
Vosselaar,13046,2020-05-06,1,33
Vosselaar,13046,2020-05-07,1,34
Vosselaar,13046,2020-05-08,1,35
Vosselaar,13046,2020-05-09,0,35
Vosselaar,13046,2020-05-10,0,35
Vosselaar,13046,2020-05-11,1,36
Vosselaar,13046,2020-05-12,1,37
Vosselaar,13046,2020-05-13,0,37
Vosselaar,13046,2020-05-14,3,40
Vosselaar,13046,2020-05-15,0,40
Vosselaar,13046,2020-05-16,0,40
Vosselaar,13046,2020-05-17,1,41
Vosselaar,13046,2020-05-18,0,41
Vosselaar,13046,2020-05-19,0,41
Vosselaar,13046,2020-05-20,0,41
Vosselaar,13046,2020-05-21,3,44
Vosselaar,13046,2020-05-22,0,44
Vosselaar,13046,2020-05-23,0,44
Vosselaar,13046,2020-05-24,0,44
Vosselaar,13046,2020-05-25,0,44
Vosselaar,13046,2020-05-26,1,45
Vosselaar,13046,2020-05-27,0,45
Vosselaar,13046,2020-05-28,0,45
Vosselaar,13046,2020-05-29,1,46
Vosselaar,13046,2020-05-30,0,46
Vosselaar,13046,2020-05-31,2,48
Vosselaar,13046,2020-06-01,0,48
Vosselaar,13046,2020-06-02,0,48
Vosselaar,13046,2020-06-03,0,48
Vosselaar,13046,2020-06-04,0,48
Vosselaar,13046,2020-06-05,0,48
Vosselaar,13046,2020-06-06,0,48
Vosselaar,13046,2020-06-07,1,49
Vosselaar,13046,2020-06-08,0,49
Vosselaar,13046,2020-06-09,0,49
Vosselaar,13046,2020-06-10,0,49
Vosselaar,13046,2020-06-11,0,49
Vosselaar,13046,2020-06-12,0,49
Vosselaar,13046,2020-06-13,0,49
Vosselaar,13046,2020-06-14,0,49
Vosselaar,13046,2020-06-15,0,49
Vosselaar,13046,2020-06-16,0,49
Vosselaar,13046,2020-06-17,0,49
Vosselaar,13046,2020-06-18,0,49
Vosselaar,13046,2020-06-19,0,49
Vosselaar,13046,2020-06-20,0,49
Vosselaar,13046,2020-06-23,0,49
Vosselaar,13046,2020-06-24,0,49
Vosselaar,13046,2020-06-25,0,49
Vosselaar,13046,2020-06-26,0,49
Vosselaar,13046,2020-06-27,0,49
Vosselaar,13046,2020-06-30,0,49
Vosselaar,13046,2020-07-01,0,49
Vosselaar,13046,2020-07-02,0,49
Vosselaar,13046,2020-07-03,0,49
Vosselaar,13046,2020-07-04,1,50
Vosselaar,13046,2020-07-07,0,50
Vosselaar,13046,2020-07-08,0,50
Vosselaar,13046,2020-07-09,0,50
Vosselaar,13046,2020-07-10,0,50
Vosselaar,13046,2020-07-11,0,50
Vosselaar,13046,2020-07-14,0,50
Vosselaar,13046,2020-07-15,0,50
Vosselaar,13046,2020-07-16,0,50
Vosselaar,13046,2020-07-17,2,52
Vosselaar,13046,2020-07-18,0,52
Vosselaar,13046,2020-07-20,0,52
Vosselaar,13046,2020-07-21,0,52
Vosselaar,13046,2020-07-22,0,52
Vosselaar,13046,2020-07-23,0,52
Vosselaar,13046,2020-07-24,0,52
Vosselaar,13046,2020-07-25,0,52
Vosselaar,13046,2020-07-26,0,52
Vosselaar,13046,2020-07-27,0,52
Vosselaar,13046,2020-07-28,0,52
Vosselaar,13046,2020-07-29,0,52
Vosselaar,13046,2020-07-30,1,53
Vosselaar,13046,2020-07-31,1,54
Vosselaar,13046,2020-08-01,0,54
Vosselaar,13046,2020-08-02,0,54
Vosselaar,13046,2020-08-03,1,55
Vosselaar,13046,2020-08-04,0,55
Vosselaar,13046,2020-08-05,3,58
Vosselaar,13046,2020-08-06,2,60
Vosselaar,13046,2020-08-07,0,60
Vosselaar,13046,2020-08-08,1,61
Vosselaar,13046,2020-08-09,0,61
Vosselaar,13046,2020-08-10,1,62
Vosselaar,13046,2020-08-11,0,62
Vosselaar,13046,2020-08-12,0,62
Vosselaar,13046,2020-08-13,0,62
Vosselaar,13046,2020-08-14,0,62
Vosselaar,13046,2020-08-15,0,62
Vosselaar,13046,2020-08-16,0,62
Vosselaar,13046,2020-08-17,0,62
Vosselaar,13046,2020-08-18,0,62
Vosselaar,13046,2020-08-19,0,62
Vosselaar,13046,2020-08-20,0,62
Vosselaar,13046,2020-08-21,0,62
Vosselaar,13046,2020-08-22,0,62
Vosselaar,13046,2020-08-23,0,62
Vosselaar,13046,2020-08-24,0,62
Vosselaar,13046,2020-08-25,0,62
Vosselaar,13046,2020-08-26,0,62
Vosselaar,13046,2020-08-27,0,62
Vosselaar,13046,2020-08-28,0,62
Vosselaar,13046,2020-08-29,0,62
Vosselaar,13046,2020-08-30,0,62
Vosselaar,13046,2020-08-31,0,62
Vosselaar,13046,2020-09-01,0,62
Vosselaar,13046,2020-09-02,0,62
Vosselaar,13046,2020-09-03,0,62
Vosselaar,13046,2020-09-04,1,63
Vosselaar,13046,2020-09-05,0,63
Vosselaar,13046,2020-09-06,0,63
Vosselaar,13046,2020-09-07,0,63
Vosselaar,13046,2020-09-08,0,63
Vosselaar,13046,2020-09-09,0,63
Vosselaar,13046,2020-09-10,0,63
Vosselaar,13046,2020-09-11,0,63
Vosselaar,13046,2020-09-12,0,63
Vosselaar,13046,2020-09-13,0,63
Vosselaar,13046,2020-09-14,0,63
Vosselaar,13046,2020-09-15,0,63
Vosselaar,13046,2020-09-16,0,63
Vosselaar,13046,2020-09-17,0,63
Vosselaar,13046,2020-09-18,0,63
Vosselaar,13046,2020-09-19,1,64
Vosselaar,13046,2020-09-20,0,64
Vosselaar,13046,2020-09-21,3,67
Vosselaar,13046,2020-09-22,0,67
Vosselaar,13046,2020-09-23,1,68
Vosselaar,13046,2020-09-24,0,68
Vosselaar,13046,2020-09-25,0,68
Vosselaar,13046,2020-09-26,1,69
Vosselaar,13046,2020-09-27,0,69
Vosselaar,13046,2020-09-28,0,69
Vosselaar,13046,2020-09-29,0,69
Vosselaar,13046,2020-09-30,0,69
Vosselaar,13046,2020-10-01,0,69
Vosselaar,13046,2020-10-02,0,69
Vosselaar,13046,2020-10-03,1,70
Vosselaar,13046,2020-10-04,0,70
Vosselaar,13046,2020-10-05,3,73
Vosselaar,13046,2020-10-06,0,73
Vosselaar,13046,2020-10-07,0,73
Vosselaar,13046,2020-10-08,0,73
Vosselaar,13046,2020-10-09,2,75
Vosselaar,13046,2020-10-10,1,76
Vosselaar,13046,2020-10-11,4,80
Vosselaar,13046,2020-10-12,1,81
Vosselaar,13046,2020-10-13,4,85
Vosselaar,13046,2020-10-14,1,86
Vosselaar,13046,2020-10-15,2,88
Vosselaar,13046,2020-10-16,2,90
Vosselaar,13046,2020-10-17,4,94
Vosselaar,13046,2020-10-18,5,99
Vosselaar,13046,2020-10-19,4,103
Vosselaar,13046,2020-10-20,1,104
Vosselaar,13046,2020-10-21,6,110
Vosselaar,13046,2020-10-22,0,110
Vosselaar,13046,2020-10-23,9,119
Vosselaar,13046,2020-10-24,8,127
Vosselaar,13046,2020-10-25,6,133
Vosselaar,13046,2020-10-26,6,139
Vosselaar,13046,2020-10-27,2,141
Vosselaar,13046,2020-10-28,8,149
Vosselaar,13046,2020-10-29,5,154
Vosselaar,13046,2020-10-30,8,162
Vosselaar,13046,2020-10-31,5,167
Vosselaar,13046,2020-11-01,2,169
Vosselaar,13046,2020-11-02,4,173
Vosselaar,13046,2020-11-03,1,174
Vosselaar,13046,2020-11-04,2,176
Vosselaar,13046,2020-11-05,7,183
Vosselaar,13046,2020-11-06,6,189
Vosselaar,13046,2020-11-07,7,196
Vosselaar,13046,2020-11-08,2,198
Vosselaar,13046,2020-11-09,3,201
Vosselaar,13046,2020-11-10,4,205
Vosselaar,13046,2020-11-11,2,207
Westerlo,13049,2020-04-01,0,31
Westerlo,13049,2020-04-02,8,39
Westerlo,13049,2020-04-03,1,40
Westerlo,13049,2020-04-04,1,41
Westerlo,13049,2020-04-05,2,43
Westerlo,13049,2020-04-06,0,43
Westerlo,13049,2020-04-07,2,45
Westerlo,13049,2020-04-08,1,46
Westerlo,13049,2020-04-09,1,47
Westerlo,13049,2020-04-10,0,47
Westerlo,13049,2020-04-11,0,47
Westerlo,13049,2020-04-12,0,47
Westerlo,13049,2020-04-13,1,48
Westerlo,13049,2020-04-14,1,49
Westerlo,13049,2020-04-15,0,49
Westerlo,13049,2020-04-16,1,50
Westerlo,13049,2020-04-17,0,50
Westerlo,13049,2020-04-18,1,51
Westerlo,13049,2020-04-19,1,52
Westerlo,13049,2020-04-20,1,53
Westerlo,13049,2020-04-21,0,53
Westerlo,13049,2020-04-22,0,53
Westerlo,13049,2020-04-23,0,53
Westerlo,13049,2020-04-24,0,53
Westerlo,13049,2020-04-25,1,54
Westerlo,13049,2020-04-26,1,55
Westerlo,13049,2020-04-27,2,57
Westerlo,13049,2020-04-28,2,59
Westerlo,13049,2020-04-29,7,66
Westerlo,13049,2020-04-30,3,69
Westerlo,13049,2020-05-01,2,71
Westerlo,13049,2020-05-02,0,71
Westerlo,13049,2020-05-03,1,72
Westerlo,13049,2020-05-04,0,72
Westerlo,13049,2020-05-05,1,73
Westerlo,13049,2020-05-06,0,73
Westerlo,13049,2020-05-07,4,77
Westerlo,13049,2020-05-08,2,79
Westerlo,13049,2020-05-09,1,80
Westerlo,13049,2020-05-10,2,82
Westerlo,13049,2020-05-11,0,82
Westerlo,13049,2020-05-12,0,82
Westerlo,13049,2020-05-13,1,83
Westerlo,13049,2020-05-14,0,83
Westerlo,13049,2020-05-15,0,83
Westerlo,13049,2020-05-16,0,83
Westerlo,13049,2020-05-17,1,84
Westerlo,13049,2020-05-18,0,84
Westerlo,13049,2020-05-19,5,89
Westerlo,13049,2020-05-20,0,89
Westerlo,13049,2020-05-21,0,89
Westerlo,13049,2020-05-22,0,89
Westerlo,13049,2020-05-23,0,89
Westerlo,13049,2020-05-24,1,90
Westerlo,13049,2020-05-25,0,90
Westerlo,13049,2020-05-26,0,90
Westerlo,13049,2020-05-27,1,91
Westerlo,13049,2020-05-28,0,91
Westerlo,13049,2020-05-29,4,95
Westerlo,13049,2020-05-30,0,95
Westerlo,13049,2020-05-31,2,97
Westerlo,13049,2020-06-01,0,97
Westerlo,13049,2020-06-02,0,97
Westerlo,13049,2020-06-03,0,97
Westerlo,13049,2020-06-04,0,97
Westerlo,13049,2020-06-05,0,97
Westerlo,13049,2020-06-06,2,99
Westerlo,13049,2020-06-07,0,99
Westerlo,13049,2020-06-08,0,99
Westerlo,13049,2020-06-09,0,99
Westerlo,13049,2020-06-10,0,99
Westerlo,13049,2020-06-11,0,99
Westerlo,13049,2020-06-12,0,99
Westerlo,13049,2020-06-13,0,99
Westerlo,13049,2020-06-14,1,100
Westerlo,13049,2020-06-15,0,100
Westerlo,13049,2020-06-16,0,100
Westerlo,13049,2020-06-17,0,100
Westerlo,13049,2020-06-18,0,100
Westerlo,13049,2020-06-19,0,100
Westerlo,13049,2020-06-20,0,100
Westerlo,13049,2020-06-23,0,100
Westerlo,13049,2020-06-24,0,100
Westerlo,13049,2020-06-25,0,100
Westerlo,13049,2020-06-26,0,100
Westerlo,13049,2020-06-27,0,100
Westerlo,13049,2020-06-30,0,100
Westerlo,13049,2020-07-01,1,101
Westerlo,13049,2020-07-02,0,101
Westerlo,13049,2020-07-03,0,101
Westerlo,13049,2020-07-04,0,101
Westerlo,13049,2020-07-07,0,101
Westerlo,13049,2020-07-08,0,101
Westerlo,13049,2020-07-09,0,101
Westerlo,13049,2020-07-10,0,101
Westerlo,13049,2020-07-11,0,101
Westerlo,13049,2020-07-14,0,101
Westerlo,13049,2020-07-15,0,101
Westerlo,13049,2020-07-16,0,101
Westerlo,13049,2020-07-17,0,101
Westerlo,13049,2020-07-18,0,101
Westerlo,13049,2020-07-20,0,101
Westerlo,13049,2020-07-21,1,102
Westerlo,13049,2020-07-22,0,102
Westerlo,13049,2020-07-23,1,103
Westerlo,13049,2020-07-24,0,103
Westerlo,13049,2020-07-25,2,105
Westerlo,13049,2020-07-26,0,105
Westerlo,13049,2020-07-27,0,105
Westerlo,13049,2020-07-28,1,106
Westerlo,13049,2020-07-29,0,106
Westerlo,13049,2020-07-30,1,107
Westerlo,13049,2020-07-31,1,108
Westerlo,13049,2020-08-01,0,108
Westerlo,13049,2020-08-02,1,109
Westerlo,13049,2020-08-03,1,110
Westerlo,13049,2020-08-04,1,111
Westerlo,13049,2020-08-05,0,111
Westerlo,13049,2020-08-06,0,111
Westerlo,13049,2020-08-07,2,113
Westerlo,13049,2020-08-08,2,115
Westerlo,13049,2020-08-09,0,115
Westerlo,13049,2020-08-10,0,115
Westerlo,13049,2020-08-11,0,115
Westerlo,13049,2020-08-12,0,115
Westerlo,13049,2020-08-13,2,117
Westerlo,13049,2020-08-14,0,117
Westerlo,13049,2020-08-15,0,117
Westerlo,13049,2020-08-16,0,117
Westerlo,13049,2020-08-17,0,117
Westerlo,13049,2020-08-18,0,117
Westerlo,13049,2020-08-19,0,117
Westerlo,13049,2020-08-20,0,117
Westerlo,13049,2020-08-21,0,117
Westerlo,13049,2020-08-22,2,119
Westerlo,13049,2020-08-23,4,123
Westerlo,13049,2020-08-24,1,124
Westerlo,13049,2020-08-25,0,124
Westerlo,13049,2020-08-26,2,126
Westerlo,13049,2020-08-27,0,126
Westerlo,13049,2020-08-28,0,126
Westerlo,13049,2020-08-29,0,126
Westerlo,13049,2020-08-30,0,126
Westerlo,13049,2020-08-31,1,127
Westerlo,13049,2020-09-01,1,128
Westerlo,13049,2020-09-02,0,128
Westerlo,13049,2020-09-03,0,128
Westerlo,13049,2020-09-04,0,128
Westerlo,13049,2020-09-05,0,128
Westerlo,13049,2020-09-06,0,128
Westerlo,13049,2020-09-07,0,128
Westerlo,13049,2020-09-08,0,128
Westerlo,13049,2020-09-09,0,128
Westerlo,13049,2020-09-10,0,128
Westerlo,13049,2020-09-11,0,128
Westerlo,13049,2020-09-12,0,128
Westerlo,13049,2020-09-13,0,128
Westerlo,13049,2020-09-14,1,129
Westerlo,13049,2020-09-15,1,130
Westerlo,13049,2020-09-16,0,130
Westerlo,13049,2020-09-17,3,133
Westerlo,13049,2020-09-18,0,133
Westerlo,13049,2020-09-19,0,133
Westerlo,13049,2020-09-20,0,133
Westerlo,13049,2020-09-21,1,134
Westerlo,13049,2020-09-22,0,134
Westerlo,13049,2020-09-23,0,134
Westerlo,13049,2020-09-24,1,135
Westerlo,13049,2020-09-25,2,137
Westerlo,13049,2020-09-26,1,138
Westerlo,13049,2020-09-27,3,141
Westerlo,13049,2020-09-28,1,142
Westerlo,13049,2020-09-29,0,142
Westerlo,13049,2020-09-30,1,143
Westerlo,13049,2020-10-01,1,144
Westerlo,13049,2020-10-02,0,144
Westerlo,13049,2020-10-03,2,146
Westerlo,13049,2020-10-04,0,146
Westerlo,13049,2020-10-05,1,147
Westerlo,13049,2020-10-06,1,148
Westerlo,13049,2020-10-07,5,153
Westerlo,13049,2020-10-08,2,155
Westerlo,13049,2020-10-09,4,159
Westerlo,13049,2020-10-10,6,165
Westerlo,13049,2020-10-11,11,176
Westerlo,13049,2020-10-12,3,179
Westerlo,13049,2020-10-13,2,181
Westerlo,13049,2020-10-14,6,187
Westerlo,13049,2020-10-15,3,190
Westerlo,13049,2020-10-16,10,200
Westerlo,13049,2020-10-17,6,206
Westerlo,13049,2020-10-18,8,214
Westerlo,13049,2020-10-19,4,218
Westerlo,13049,2020-10-20,5,223
Westerlo,13049,2020-10-21,10,233
Westerlo,13049,2020-10-22,11,244
Westerlo,13049,2020-10-23,16,260
Westerlo,13049,2020-10-24,12,272
Westerlo,13049,2020-10-25,10,282
Westerlo,13049,2020-10-26,17,299
Westerlo,13049,2020-10-27,12,311
Westerlo,13049,2020-10-28,23,334
Westerlo,13049,2020-10-29,13,347
Westerlo,13049,2020-10-30,14,361
Westerlo,13049,2020-10-31,16,377
Westerlo,13049,2020-11-01,17,394
Westerlo,13049,2020-11-02,8,402
Westerlo,13049,2020-11-03,9,411
Westerlo,13049,2020-11-04,2,413
Westerlo,13049,2020-11-05,18,431
Westerlo,13049,2020-11-06,10,441
Westerlo,13049,2020-11-07,5,446
Westerlo,13049,2020-11-08,4,450
Westerlo,13049,2020-11-09,13,463
Westerlo,13049,2020-11-10,4,467
Westerlo,13049,2020-11-11,4,471
Laakdal,13053,2020-04-01,2,33
Laakdal,13053,2020-04-02,6,39
Laakdal,13053,2020-04-03,1,40
Laakdal,13053,2020-04-04,1,41
Laakdal,13053,2020-04-05,0,41
Laakdal,13053,2020-04-06,3,44
Laakdal,13053,2020-04-07,2,46
Laakdal,13053,2020-04-08,0,46
Laakdal,13053,2020-04-09,2,48
Laakdal,13053,2020-04-10,2,50
Laakdal,13053,2020-04-11,1,51
Laakdal,13053,2020-04-12,0,51
Laakdal,13053,2020-04-13,1,52
Laakdal,13053,2020-04-14,1,53
Laakdal,13053,2020-04-15,1,54
Laakdal,13053,2020-04-16,2,56
Laakdal,13053,2020-04-17,0,56
Laakdal,13053,2020-04-18,1,57
Laakdal,13053,2020-04-19,1,58
Laakdal,13053,2020-04-20,1,59
Laakdal,13053,2020-04-21,0,59
Laakdal,13053,2020-04-22,0,59
Laakdal,13053,2020-04-23,0,59
Laakdal,13053,2020-04-24,3,62
Laakdal,13053,2020-04-25,1,63
Laakdal,13053,2020-04-26,0,63
Laakdal,13053,2020-04-27,0,63
Laakdal,13053,2020-04-28,1,64
Laakdal,13053,2020-04-29,0,64
Laakdal,13053,2020-04-30,1,65
Laakdal,13053,2020-05-01,0,65
Laakdal,13053,2020-05-02,1,66
Laakdal,13053,2020-05-03,0,66
Laakdal,13053,2020-05-04,0,66
Laakdal,13053,2020-05-05,0,66
Laakdal,13053,2020-05-06,0,66
Laakdal,13053,2020-05-07,1,67
Laakdal,13053,2020-05-08,1,68
Laakdal,13053,2020-05-09,0,68
Laakdal,13053,2020-05-10,1,69
Laakdal,13053,2020-05-11,0,69
Laakdal,13053,2020-05-12,0,69
Laakdal,13053,2020-05-13,0,69
Laakdal,13053,2020-05-14,3,72
Laakdal,13053,2020-05-15,0,72
Laakdal,13053,2020-05-16,0,72
Laakdal,13053,2020-05-17,0,72
Laakdal,13053,2020-05-18,0,72
Laakdal,13053,2020-05-19,0,72
Laakdal,13053,2020-05-20,0,72
Laakdal,13053,2020-05-21,0,72
Laakdal,13053,2020-05-22,0,72
Laakdal,13053,2020-05-23,1,73
Laakdal,13053,2020-05-24,0,73
Laakdal,13053,2020-05-25,0,73
Laakdal,13053,2020-05-26,0,73
Laakdal,13053,2020-05-27,0,73
Laakdal,13053,2020-05-28,0,73
Laakdal,13053,2020-05-29,0,73
Laakdal,13053,2020-05-30,0,73
Laakdal,13053,2020-05-31,0,73
Laakdal,13053,2020-06-01,0,73
Laakdal,13053,2020-06-02,0,73
Laakdal,13053,2020-06-03,0,73
Laakdal,13053,2020-06-04,1,74
Laakdal,13053,2020-06-05,0,74
Laakdal,13053,2020-06-06,0,74
Laakdal,13053,2020-06-07,0,74
Laakdal,13053,2020-06-08,1,75
Laakdal,13053,2020-06-09,0,75
Laakdal,13053,2020-06-10,0,75
Laakdal,13053,2020-06-11,0,75
Laakdal,13053,2020-06-12,0,75
Laakdal,13053,2020-06-13,0,75
Laakdal,13053,2020-06-14,0,75
Laakdal,13053,2020-06-15,0,75
Laakdal,13053,2020-06-16,0,75
Laakdal,13053,2020-06-17,0,75
Laakdal,13053,2020-06-18,0,75
Laakdal,13053,2020-06-19,0,75
Laakdal,13053,2020-06-20,0,75
Laakdal,13053,2020-06-23,0,75
Laakdal,13053,2020-06-24,0,75
Laakdal,13053,2020-06-25,0,75
Laakdal,13053,2020-06-26,0,75
Laakdal,13053,2020-06-27,0,75
Laakdal,13053,2020-06-30,0,75
Laakdal,13053,2020-07-01,0,75
Laakdal,13053,2020-07-02,0,75
Laakdal,13053,2020-07-03,0,75
Laakdal,13053,2020-07-04,1,76
Laakdal,13053,2020-07-07,0,76
Laakdal,13053,2020-07-08,0,76
Laakdal,13053,2020-07-09,0,76
Laakdal,13053,2020-07-10,1,77
Laakdal,13053,2020-07-11,1,78
Laakdal,13053,2020-07-14,1,79
Laakdal,13053,2020-07-15,0,79
Laakdal,13053,2020-07-16,0,79
Laakdal,13053,2020-07-17,0,79
Laakdal,13053,2020-07-18,0,79
Laakdal,13053,2020-07-20,1,80
Laakdal,13053,2020-07-21,1,81
Laakdal,13053,2020-07-22,0,81
Laakdal,13053,2020-07-23,0,81
Laakdal,13053,2020-07-24,0,81
Laakdal,13053,2020-07-25,2,83
Laakdal,13053,2020-07-26,1,84
Laakdal,13053,2020-07-27,0,84
Laakdal,13053,2020-07-28,0,84
Laakdal,13053,2020-07-29,0,84
Laakdal,13053,2020-07-30,0,84
Laakdal,13053,2020-07-31,0,84
Laakdal,13053,2020-08-01,0,84
Laakdal,13053,2020-08-02,0,84
Laakdal,13053,2020-08-03,0,84
Laakdal,13053,2020-08-04,1,85
Laakdal,13053,2020-08-05,0,85
Laakdal,13053,2020-08-06,1,86
Laakdal,13053,2020-08-07,3,89
Laakdal,13053,2020-08-08,4,93
Laakdal,13053,2020-08-09,0,93
Laakdal,13053,2020-08-10,0,93
Laakdal,13053,2020-08-11,2,95
Laakdal,13053,2020-08-12,0,95
Laakdal,13053,2020-08-13,1,96
Laakdal,13053,2020-08-14,0,96
Laakdal,13053,2020-08-15,1,97
Laakdal,13053,2020-08-16,0,97
Laakdal,13053,2020-08-17,0,97
Laakdal,13053,2020-08-18,0,97
Laakdal,13053,2020-08-19,0,97
Laakdal,13053,2020-08-20,0,97
Laakdal,13053,2020-08-21,0,97
Laakdal,13053,2020-08-22,0,97
Laakdal,13053,2020-08-23,0,97
Laakdal,13053,2020-08-24,0,97
Laakdal,13053,2020-08-25,0,97
Laakdal,13053,2020-08-26,0,97
Laakdal,13053,2020-08-27,0,97
Laakdal,13053,2020-08-28,0,97
Laakdal,13053,2020-08-29,0,97
Laakdal,13053,2020-08-30,0,97
Laakdal,13053,2020-08-31,0,97
Laakdal,13053,2020-09-01,0,97
Laakdal,13053,2020-09-02,1,98
Laakdal,13053,2020-09-03,0,98
Laakdal,13053,2020-09-04,0,98
Laakdal,13053,2020-09-05,0,98
Laakdal,13053,2020-09-06,0,98
Laakdal,13053,2020-09-07,0,98
Laakdal,13053,2020-09-08,0,98
Laakdal,13053,2020-09-09,1,99
Laakdal,13053,2020-09-10,0,99
Laakdal,13053,2020-09-11,0,99
Laakdal,13053,2020-09-12,3,102
Laakdal,13053,2020-09-13,0,102
Laakdal,13053,2020-09-14,0,102
Laakdal,13053,2020-09-15,1,103
Laakdal,13053,2020-09-16,0,103
Laakdal,13053,2020-09-17,0,103
Laakdal,13053,2020-09-18,0,103
Laakdal,13053,2020-09-19,0,103
Laakdal,13053,2020-09-20,0,103
Laakdal,13053,2020-09-21,0,103
Laakdal,13053,2020-09-22,0,103
Laakdal,13053,2020-09-23,0,103
Laakdal,13053,2020-09-24,0,103
Laakdal,13053,2020-09-25,0,103
Laakdal,13053,2020-09-26,1,104
Laakdal,13053,2020-09-27,0,104
Laakdal,13053,2020-09-28,1,105
Laakdal,13053,2020-09-29,0,105
Laakdal,13053,2020-09-30,1,106
Laakdal,13053,2020-10-01,1,107
Laakdal,13053,2020-10-02,1,108
Laakdal,13053,2020-10-03,0,108
Laakdal,13053,2020-10-04,0,108
Laakdal,13053,2020-10-05,1,109
Laakdal,13053,2020-10-06,1,110
Laakdal,13053,2020-10-07,0,110
Laakdal,13053,2020-10-08,0,110
Laakdal,13053,2020-10-09,2,112
Laakdal,13053,2020-10-10,0,112
Laakdal,13053,2020-10-11,1,113
Laakdal,13053,2020-10-12,3,116
Laakdal,13053,2020-10-13,0,116
Laakdal,13053,2020-10-14,4,120
Laakdal,13053,2020-10-15,5,125
Laakdal,13053,2020-10-16,9,134
Laakdal,13053,2020-10-17,6,140
Laakdal,13053,2020-10-18,2,142
Laakdal,13053,2020-10-19,1,143
Laakdal,13053,2020-10-20,2,145
Laakdal,13053,2020-10-21,5,150
Laakdal,13053,2020-10-22,14,164
Laakdal,13053,2020-10-23,14,178
Laakdal,13053,2020-10-24,8,186
Laakdal,13053,2020-10-25,11,197
Laakdal,13053,2020-10-26,5,202
Laakdal,13053,2020-10-27,5,207
Laakdal,13053,2020-10-28,11,218
Laakdal,13053,2020-10-29,7,225
Laakdal,13053,2020-10-30,9,234
Laakdal,13053,2020-10-31,14,248
Laakdal,13053,2020-11-01,7,255
Laakdal,13053,2020-11-02,6,261
Laakdal,13053,2020-11-03,0,261
Laakdal,13053,2020-11-04,2,263
Laakdal,13053,2020-11-05,10,273
Laakdal,13053,2020-11-06,5,278
Laakdal,13053,2020-11-07,3,281
Laakdal,13053,2020-11-08,3,284
Laakdal,13053,2020-11-09,5,289
Laakdal,13053,2020-11-10,1,290
Laakdal,13053,2020-11-11,0,290
Anderlecht,21001,2020-04-01,14,169
Anderlecht,21001,2020-04-02,34,203
Anderlecht,21001,2020-04-03,25,228
Anderlecht,21001,2020-04-04,24,252
Anderlecht,21001,2020-04-05,21,273
Anderlecht,21001,2020-04-06,15,288
Anderlecht,21001,2020-04-07,8,296
Anderlecht,21001,2020-04-08,16,312
Anderlecht,21001,2020-04-09,26,338
Anderlecht,21001,2020-04-10,27,365
Anderlecht,21001,2020-04-11,37,402
Anderlecht,21001,2020-04-12,42,444
Anderlecht,21001,2020-04-13,5,449
Anderlecht,21001,2020-04-14,11,460
Anderlecht,21001,2020-04-15,9,469
Anderlecht,21001,2020-04-16,6,475
Anderlecht,21001,2020-04-17,25,500
Anderlecht,21001,2020-04-18,16,516
Anderlecht,21001,2020-04-19,23,539
Anderlecht,21001,2020-04-20,54,593
Anderlecht,21001,2020-04-21,10,603
Anderlecht,21001,2020-04-22,10,613
Anderlecht,21001,2020-04-23,13,626
Anderlecht,21001,2020-04-24,22,648
Anderlecht,21001,2020-04-25,18,666
Anderlecht,21001,2020-04-26,13,679
Anderlecht,21001,2020-04-27,5,684
Anderlecht,21001,2020-04-28,48,732
Anderlecht,21001,2020-04-29,6,738
Anderlecht,21001,2020-04-30,7,745
Anderlecht,21001,2020-05-01,2,747
Anderlecht,21001,2020-05-02,14,761
Anderlecht,21001,2020-05-03,11,772
Anderlecht,21001,2020-05-04,2,774
Anderlecht,21001,2020-05-05,1,775
Anderlecht,21001,2020-05-06,1,776
Anderlecht,21001,2020-05-07,11,787
Anderlecht,21001,2020-05-08,6,793
Anderlecht,21001,2020-05-09,3,796
Anderlecht,21001,2020-05-10,1,797
Anderlecht,21001,2020-05-11,5,802
Anderlecht,21001,2020-05-12,1,803
Anderlecht,21001,2020-05-13,4,807
Anderlecht,21001,2020-05-14,3,810
Anderlecht,21001,2020-05-15,1,811
Anderlecht,21001,2020-05-16,5,816
Anderlecht,21001,2020-05-17,6,822
Anderlecht,21001,2020-05-18,0,822
Anderlecht,21001,2020-05-19,3,825
Anderlecht,21001,2020-05-20,2,827
Anderlecht,21001,2020-05-21,4,831
Anderlecht,21001,2020-05-22,3,834
Anderlecht,21001,2020-05-23,2,836
Anderlecht,21001,2020-05-24,3,839
Anderlecht,21001,2020-05-25,2,841
Anderlecht,21001,2020-05-26,1,842
Anderlecht,21001,2020-05-27,0,842
Anderlecht,21001,2020-05-28,5,847
Anderlecht,21001,2020-05-29,3,850
Anderlecht,21001,2020-05-30,1,851
Anderlecht,21001,2020-05-31,5,856
Anderlecht,21001,2020-06-01,3,859
Anderlecht,21001,2020-06-02,3,862
Anderlecht,21001,2020-06-03,0,862
Anderlecht,21001,2020-06-04,0,862
Anderlecht,21001,2020-06-05,2,864
Anderlecht,21001,2020-06-06,0,864
Anderlecht,21001,2020-06-07,3,867
Anderlecht,21001,2020-06-08,3,870
Anderlecht,21001,2020-06-09,2,872
Anderlecht,21001,2020-06-10,2,874
Anderlecht,21001,2020-06-11,3,877
Anderlecht,21001,2020-06-12,4,881
Anderlecht,21001,2020-06-13,2,883
Anderlecht,21001,2020-06-14,4,887
Anderlecht,21001,2020-06-15,0,887
Anderlecht,21001,2020-06-16,0,887
Anderlecht,21001,2020-06-17,1,888
Anderlecht,21001,2020-06-18,2,890
Anderlecht,21001,2020-06-19,0,890
Anderlecht,21001,2020-06-20,0,890
Anderlecht,21001,2020-06-23,2,892
Anderlecht,21001,2020-06-24,0,892
Anderlecht,21001,2020-06-25,2,894
Anderlecht,21001,2020-06-26,2,896
Anderlecht,21001,2020-06-27,2,898
Anderlecht,21001,2020-06-30,0,898
Anderlecht,21001,2020-07-01,1,899
Anderlecht,21001,2020-07-02,0,899
Anderlecht,21001,2020-07-03,1,900
Anderlecht,21001,2020-07-04,2,902
Anderlecht,21001,2020-07-07,4,906
Anderlecht,21001,2020-07-08,1,907
Anderlecht,21001,2020-07-09,3,910
Anderlecht,21001,2020-07-10,1,911
Anderlecht,21001,2020-07-11,2,913
Anderlecht,21001,2020-07-14,2,915
Anderlecht,21001,2020-07-15,0,915
Anderlecht,21001,2020-07-16,5,920
Anderlecht,21001,2020-07-17,0,920
Anderlecht,21001,2020-07-18,5,925
Anderlecht,21001,2020-07-20,3,928
Anderlecht,21001,2020-07-21,0,928
Anderlecht,21001,2020-07-22,3,931
Anderlecht,21001,2020-07-23,1,932
Anderlecht,21001,2020-07-24,3,935
Anderlecht,21001,2020-07-25,4,939
Anderlecht,21001,2020-07-26,2,941
Anderlecht,21001,2020-07-27,2,943
Anderlecht,21001,2020-07-28,3,946
Anderlecht,21001,2020-07-29,0,946
Anderlecht,21001,2020-07-30,3,949
Anderlecht,21001,2020-07-31,3,952
Anderlecht,21001,2020-08-01,10,962
Anderlecht,21001,2020-08-02,5,967
Anderlecht,21001,2020-08-03,12,979
Anderlecht,21001,2020-08-04,2,981
Anderlecht,21001,2020-08-05,7,988
Anderlecht,21001,2020-08-06,1,989
Anderlecht,21001,2020-08-07,19,1008
Anderlecht,21001,2020-08-08,22,1030
Anderlecht,21001,2020-08-09,28,1058
Anderlecht,21001,2020-08-10,12,1070
Anderlecht,21001,2020-08-11,6,1076
Anderlecht,21001,2020-08-12,13,1089
Anderlecht,21001,2020-08-13,15,1104
Anderlecht,21001,2020-08-14,28,1132
Anderlecht,21001,2020-08-15,10,1142
Anderlecht,21001,2020-08-16,23,1165
Anderlecht,21001,2020-08-17,9,1174
Anderlecht,21001,2020-08-18,7,1181
Anderlecht,21001,2020-08-19,15,1196
Anderlecht,21001,2020-08-20,17,1213
Anderlecht,21001,2020-08-21,24,1237
Anderlecht,21001,2020-08-22,17,1254
Anderlecht,21001,2020-08-23,14,1268
Anderlecht,21001,2020-08-24,13,1281
Anderlecht,21001,2020-08-25,4,1285
Anderlecht,21001,2020-08-26,8,1293
Anderlecht,21001,2020-08-27,17,1310
Anderlecht,21001,2020-08-28,14,1324
Anderlecht,21001,2020-08-29,12,1336
Anderlecht,21001,2020-08-30,12,1348
Anderlecht,21001,2020-08-31,18,1366
Anderlecht,21001,2020-09-01,2,1368
Anderlecht,21001,2020-09-02,4,1372
Anderlecht,21001,2020-09-03,12,1384
Anderlecht,21001,2020-09-04,13,1397
Anderlecht,21001,2020-09-05,20,1417
Anderlecht,21001,2020-09-06,21,1438
Anderlecht,21001,2020-09-07,14,1452
Anderlecht,21001,2020-09-08,8,1460
Anderlecht,21001,2020-09-09,9,1469
Anderlecht,21001,2020-09-10,8,1477
Anderlecht,21001,2020-09-11,19,1496
Anderlecht,21001,2020-09-12,27,1523
Anderlecht,21001,2020-09-13,21,1544
Anderlecht,21001,2020-09-14,24,1568
Anderlecht,21001,2020-09-15,14,1582
Anderlecht,21001,2020-09-16,9,1591
Anderlecht,21001,2020-09-17,33,1624
Anderlecht,21001,2020-09-18,47,1671
Anderlecht,21001,2020-09-19,36,1707
Anderlecht,21001,2020-09-20,32,1739
Anderlecht,21001,2020-09-21,19,1758
Anderlecht,21001,2020-09-22,25,1783
Anderlecht,21001,2020-09-23,56,1839
Anderlecht,21001,2020-09-24,39,1878
Anderlecht,21001,2020-09-25,33,1911
Anderlecht,21001,2020-09-26,48,1959
Anderlecht,21001,2020-09-27,43,2002
Anderlecht,21001,2020-09-28,35,2037
Anderlecht,21001,2020-09-29,24,2061
Anderlecht,21001,2020-09-30,37,2098
Anderlecht,21001,2020-10-01,27,2125
Anderlecht,21001,2020-10-02,53,2178
Anderlecht,21001,2020-10-03,81,2259
Anderlecht,21001,2020-10-04,90,2349
Anderlecht,21001,2020-10-05,47,2396
Anderlecht,21001,2020-10-06,77,2473
Anderlecht,21001,2020-10-07,48,2521
Anderlecht,21001,2020-10-08,71,2592
Anderlecht,21001,2020-10-09,109,2701
Anderlecht,21001,2020-10-10,141,2842
Anderlecht,21001,2020-10-11,159,3001
Anderlecht,21001,2020-10-12,98,3099
Anderlecht,21001,2020-10-13,51,3150
Anderlecht,21001,2020-10-14,75,3225
Anderlecht,21001,2020-10-15,139,3364
Anderlecht,21001,2020-10-16,161,3525
Anderlecht,21001,2020-10-17,198,3723
Anderlecht,21001,2020-10-18,179,3902
Anderlecht,21001,2020-10-19,171,4073
Anderlecht,21001,2020-10-20,108,4181
Anderlecht,21001,2020-10-21,69,4250
Anderlecht,21001,2020-10-22,237,4487
Anderlecht,21001,2020-10-23,199,4686
Anderlecht,21001,2020-10-24,241,4927
Anderlecht,21001,2020-10-25,286,5213
Anderlecht,21001,2020-10-26,230,5443
Anderlecht,21001,2020-10-27,113,5556
Anderlecht,21001,2020-10-28,164,5720
Anderlecht,21001,2020-10-29,252,5972
Anderlecht,21001,2020-10-30,409,6381
Anderlecht,21001,2020-10-31,234,6615
Anderlecht,21001,2020-11-01,223,6838
Anderlecht,21001,2020-11-02,136,6974
Anderlecht,21001,2020-11-03,62,7036
Anderlecht,21001,2020-11-04,38,7074
Anderlecht,21001,2020-11-05,171,7245
Anderlecht,21001,2020-11-06,108,7353
Anderlecht,21001,2020-11-07,99,7452
Anderlecht,21001,2020-11-08,92,7544
Anderlecht,21001,2020-11-09,60,7604
Anderlecht,21001,2020-11-10,21,7625
Anderlecht,21001,2020-11-11,46,7671
Oudergem,21002,2020-04-01,4,41
Oudergem,21002,2020-04-02,3,44
Oudergem,21002,2020-04-03,2,46
Oudergem,21002,2020-04-04,2,48
Oudergem,21002,2020-04-05,6,54
Oudergem,21002,2020-04-06,6,60
Oudergem,21002,2020-04-07,6,66
Oudergem,21002,2020-04-08,2,68
Oudergem,21002,2020-04-09,5,73
Oudergem,21002,2020-04-10,4,77
Oudergem,21002,2020-04-11,2,79
Oudergem,21002,2020-04-12,0,79
Oudergem,21002,2020-04-13,4,83
Oudergem,21002,2020-04-14,0,83
Oudergem,21002,2020-04-15,3,86
Oudergem,21002,2020-04-16,2,88
Oudergem,21002,2020-04-17,3,91
Oudergem,21002,2020-04-18,6,97
Oudergem,21002,2020-04-19,1,98
Oudergem,21002,2020-04-20,9,107
Oudergem,21002,2020-04-21,1,108
Oudergem,21002,2020-04-22,3,111
Oudergem,21002,2020-04-23,1,112
Oudergem,21002,2020-04-24,0,112
Oudergem,21002,2020-04-25,4,116
Oudergem,21002,2020-04-26,1,117
Oudergem,21002,2020-04-27,0,117
Oudergem,21002,2020-04-28,1,118
Oudergem,21002,2020-04-29,1,119
Oudergem,21002,2020-04-30,1,120
Oudergem,21002,2020-05-01,0,120
Oudergem,21002,2020-05-02,0,120
Oudergem,21002,2020-05-03,3,123
Oudergem,21002,2020-05-04,0,123
Oudergem,21002,2020-05-05,0,123
Oudergem,21002,2020-05-06,0,123
Oudergem,21002,2020-05-07,2,125
Oudergem,21002,2020-05-08,0,125
Oudergem,21002,2020-05-09,0,125
Oudergem,21002,2020-05-10,1,126
Oudergem,21002,2020-05-11,2,128
Oudergem,21002,2020-05-12,2,130
Oudergem,21002,2020-05-13,0,130
Oudergem,21002,2020-05-14,1,131
Oudergem,21002,2020-05-15,1,132
Oudergem,21002,2020-05-16,1,133
Oudergem,21002,2020-05-17,1,134
Oudergem,21002,2020-05-18,0,134
Oudergem,21002,2020-05-19,0,134
Oudergem,21002,2020-05-20,0,134
Oudergem,21002,2020-05-21,1,135
Oudergem,21002,2020-05-22,1,136
Oudergem,21002,2020-05-23,0,136
Oudergem,21002,2020-05-24,0,136
Oudergem,21002,2020-05-25,0,136
Oudergem,21002,2020-05-26,0,136
Oudergem,21002,2020-05-27,0,136
Oudergem,21002,2020-05-28,0,136
Oudergem,21002,2020-05-29,0,136
Oudergem,21002,2020-05-30,0,136
Oudergem,21002,2020-05-31,0,136
Oudergem,21002,2020-06-01,0,136
Oudergem,21002,2020-06-02,2,138
Oudergem,21002,2020-06-03,0,138
Oudergem,21002,2020-06-04,0,138
Oudergem,21002,2020-06-05,0,138
Oudergem,21002,2020-06-06,0,138
Oudergem,21002,2020-06-07,0,138
Oudergem,21002,2020-06-08,0,138
Oudergem,21002,2020-06-09,0,138
Oudergem,21002,2020-06-10,0,138
Oudergem,21002,2020-06-11,0,138
Oudergem,21002,2020-06-12,1,139
Oudergem,21002,2020-06-13,1,140
Oudergem,21002,2020-06-14,0,140
Oudergem,21002,2020-06-15,2,142
Oudergem,21002,2020-06-16,2,144
Oudergem,21002,2020-06-17,0,144
Oudergem,21002,2020-06-18,0,144
Oudergem,21002,2020-06-19,0,144
Oudergem,21002,2020-06-20,0,144
Oudergem,21002,2020-06-23,0,144
Oudergem,21002,2020-06-24,0,144
Oudergem,21002,2020-06-25,0,144
Oudergem,21002,2020-06-26,0,144
Oudergem,21002,2020-06-27,1,145
Oudergem,21002,2020-06-30,0,145
Oudergem,21002,2020-07-01,1,146
Oudergem,21002,2020-07-02,2,148
Oudergem,21002,2020-07-03,0,148
Oudergem,21002,2020-07-04,0,148
Oudergem,21002,2020-07-07,0,148
Oudergem,21002,2020-07-08,0,148
Oudergem,21002,2020-07-09,0,148
Oudergem,21002,2020-07-10,0,148
Oudergem,21002,2020-07-11,0,148
Oudergem,21002,2020-07-14,1,149
Oudergem,21002,2020-07-15,0,149
Oudergem,21002,2020-07-16,0,149
Oudergem,21002,2020-07-17,0,149
Oudergem,21002,2020-07-18,0,149
Oudergem,21002,2020-07-20,0,149
Oudergem,21002,2020-07-21,2,151
Oudergem,21002,2020-07-22,0,151
Oudergem,21002,2020-07-23,0,151
Oudergem,21002,2020-07-24,2,153
Oudergem,21002,2020-07-25,1,154
Oudergem,21002,2020-07-26,1,155
Oudergem,21002,2020-07-27,1,156
Oudergem,21002,2020-07-28,1,157
Oudergem,21002,2020-07-29,0,157
Oudergem,21002,2020-07-30,1,158
Oudergem,21002,2020-07-31,0,158
Oudergem,21002,2020-08-01,5,163
Oudergem,21002,2020-08-02,1,164
Oudergem,21002,2020-08-03,0,164
Oudergem,21002,2020-08-04,0,164
Oudergem,21002,2020-08-05,1,165
Oudergem,21002,2020-08-06,1,166
Oudergem,21002,2020-08-07,2,168
Oudergem,21002,2020-08-08,3,171
Oudergem,21002,2020-08-09,1,172
Oudergem,21002,2020-08-10,0,172
Oudergem,21002,2020-08-11,3,175
Oudergem,21002,2020-08-12,2,177
Oudergem,21002,2020-08-13,1,178
Oudergem,21002,2020-08-14,2,180
Oudergem,21002,2020-08-15,6,186
Oudergem,21002,2020-08-16,5,191
Oudergem,21002,2020-08-17,0,191
Oudergem,21002,2020-08-18,1,192
Oudergem,21002,2020-08-19,2,194
Oudergem,21002,2020-08-20,1,195
Oudergem,21002,2020-08-21,3,198
Oudergem,21002,2020-08-22,1,199
Oudergem,21002,2020-08-23,1,200
Oudergem,21002,2020-08-24,1,201
Oudergem,21002,2020-08-25,0,201
Oudergem,21002,2020-08-26,3,204
Oudergem,21002,2020-08-27,3,207
Oudergem,21002,2020-08-28,1,208
Oudergem,21002,2020-08-29,0,208
Oudergem,21002,2020-08-30,1,209
Oudergem,21002,2020-08-31,2,211
Oudergem,21002,2020-09-01,1,212
Oudergem,21002,2020-09-02,1,213
Oudergem,21002,2020-09-03,1,214
Oudergem,21002,2020-09-04,3,217
Oudergem,21002,2020-09-05,2,219
Oudergem,21002,2020-09-06,2,221
Oudergem,21002,2020-09-07,2,223
Oudergem,21002,2020-09-08,3,226
Oudergem,21002,2020-09-09,5,231
Oudergem,21002,2020-09-10,2,233
Oudergem,21002,2020-09-11,2,235
Oudergem,21002,2020-09-12,3,238
Oudergem,21002,2020-09-13,2,240
Oudergem,21002,2020-09-14,0,240
Oudergem,21002,2020-09-15,2,242
Oudergem,21002,2020-09-16,1,243
Oudergem,21002,2020-09-17,6,249
Oudergem,21002,2020-09-18,14,263
Oudergem,21002,2020-09-19,3,266
Oudergem,21002,2020-09-20,2,268
Oudergem,21002,2020-09-21,1,269
Oudergem,21002,2020-09-22,1,270
Oudergem,21002,2020-09-23,11,281
Oudergem,21002,2020-09-24,3,284
Oudergem,21002,2020-09-25,5,289
Oudergem,21002,2020-09-26,6,295
Oudergem,21002,2020-09-27,4,299
Oudergem,21002,2020-09-28,2,301
Oudergem,21002,2020-09-29,0,301
Oudergem,21002,2020-09-30,7,308
Oudergem,21002,2020-10-01,8,316
Oudergem,21002,2020-10-02,5,321
Oudergem,21002,2020-10-03,10,331
Oudergem,21002,2020-10-04,19,350
Oudergem,21002,2020-10-05,8,358
Oudergem,21002,2020-10-06,0,358
Oudergem,21002,2020-10-07,9,367
Oudergem,21002,2020-10-08,13,380
Oudergem,21002,2020-10-09,19,399
Oudergem,21002,2020-10-10,23,422
Oudergem,21002,2020-10-11,32,454
Oudergem,21002,2020-10-12,28,482
Oudergem,21002,2020-10-13,9,491
Oudergem,21002,2020-10-14,23,514
Oudergem,21002,2020-10-15,39,553
Oudergem,21002,2020-10-16,28,581
Oudergem,21002,2020-10-17,36,617
Oudergem,21002,2020-10-18,45,662
Oudergem,21002,2020-10-19,39,701
Oudergem,21002,2020-10-20,28,729
Oudergem,21002,2020-10-21,22,751
Oudergem,21002,2020-10-22,72,823
Oudergem,21002,2020-10-23,63,886
Oudergem,21002,2020-10-24,55,941
Oudergem,21002,2020-10-25,63,1004
Oudergem,21002,2020-10-26,52,1056
Oudergem,21002,2020-10-27,29,1085
Oudergem,21002,2020-10-28,56,1141
Oudergem,21002,2020-10-29,88,1229
Oudergem,21002,2020-10-30,93,1322
Oudergem,21002,2020-10-31,49,1371
Oudergem,21002,2020-11-01,42,1413
Oudergem,21002,2020-11-02,34,1447
Oudergem,21002,2020-11-03,17,1464
Oudergem,21002,2020-11-04,13,1477
Oudergem,21002,2020-11-05,37,1514
Oudergem,21002,2020-11-06,27,1541
Oudergem,21002,2020-11-07,20,1561
Oudergem,21002,2020-11-08,11,1572
Oudergem,21002,2020-11-09,9,1581
Oudergem,21002,2020-11-10,4,1585
Oudergem,21002,2020-11-11,13,1598
Sint-Agatha-Berchem,21003,2020-04-01,3,57
Sint-Agatha-Berchem,21003,2020-04-02,5,62
Sint-Agatha-Berchem,21003,2020-04-03,5,67
Sint-Agatha-Berchem,21003,2020-04-04,4,71
Sint-Agatha-Berchem,21003,2020-04-05,6,77
Sint-Agatha-Berchem,21003,2020-04-06,2,79
Sint-Agatha-Berchem,21003,2020-04-07,0,79
Sint-Agatha-Berchem,21003,2020-04-08,4,83
Sint-Agatha-Berchem,21003,2020-04-09,8,91
Sint-Agatha-Berchem,21003,2020-04-10,5,96
Sint-Agatha-Berchem,21003,2020-04-11,4,100
Sint-Agatha-Berchem,21003,2020-04-12,4,104
Sint-Agatha-Berchem,21003,2020-04-13,5,109
Sint-Agatha-Berchem,21003,2020-04-14,3,112
Sint-Agatha-Berchem,21003,2020-04-15,2,114
Sint-Agatha-Berchem,21003,2020-04-16,1,115
Sint-Agatha-Berchem,21003,2020-04-17,0,115
Sint-Agatha-Berchem,21003,2020-04-18,1,116
Sint-Agatha-Berchem,21003,2020-04-19,8,124
Sint-Agatha-Berchem,21003,2020-04-20,13,137
Sint-Agatha-Berchem,21003,2020-04-21,1,138
Sint-Agatha-Berchem,21003,2020-04-22,7,145
Sint-Agatha-Berchem,21003,2020-04-23,0,145
Sint-Agatha-Berchem,21003,2020-04-24,4,149
Sint-Agatha-Berchem,21003,2020-04-25,6,155
Sint-Agatha-Berchem,21003,2020-04-26,3,158
Sint-Agatha-Berchem,21003,2020-04-27,2,160
Sint-Agatha-Berchem,21003,2020-04-28,2,162
Sint-Agatha-Berchem,21003,2020-04-29,1,163
Sint-Agatha-Berchem,21003,2020-04-30,1,164
Sint-Agatha-Berchem,21003,2020-05-01,1,165
Sint-Agatha-Berchem,21003,2020-05-02,0,165
Sint-Agatha-Berchem,21003,2020-05-03,0,165
Sint-Agatha-Berchem,21003,2020-05-04,0,165
Sint-Agatha-Berchem,21003,2020-05-05,0,165
Sint-Agatha-Berchem,21003,2020-05-06,1,166
Sint-Agatha-Berchem,21003,2020-05-07,0,166
Sint-Agatha-Berchem,21003,2020-05-08,0,166
Sint-Agatha-Berchem,21003,2020-05-09,0,166
Sint-Agatha-Berchem,21003,2020-05-10,0,166
Sint-Agatha-Berchem,21003,2020-05-11,1,167
Sint-Agatha-Berchem,21003,2020-05-12,2,169
Sint-Agatha-Berchem,21003,2020-05-13,2,171
Sint-Agatha-Berchem,21003,2020-05-14,2,173
Sint-Agatha-Berchem,21003,2020-05-15,1,174
Sint-Agatha-Berchem,21003,2020-05-16,0,174
Sint-Agatha-Berchem,21003,2020-05-17,0,174
Sint-Agatha-Berchem,21003,2020-05-18,0,174
Sint-Agatha-Berchem,21003,2020-05-19,0,174
Sint-Agatha-Berchem,21003,2020-05-20,0,174
Sint-Agatha-Berchem,21003,2020-05-21,0,174
Sint-Agatha-Berchem,21003,2020-05-22,1,175
Sint-Agatha-Berchem,21003,2020-05-23,0,175
Sint-Agatha-Berchem,21003,2020-05-24,0,175
Sint-Agatha-Berchem,21003,2020-05-25,0,175
Sint-Agatha-Berchem,21003,2020-05-26,0,175
Sint-Agatha-Berchem,21003,2020-05-27,1,176
Sint-Agatha-Berchem,21003,2020-05-28,0,176
Sint-Agatha-Berchem,21003,2020-05-29,0,176
Sint-Agatha-Berchem,21003,2020-05-30,0,176
Sint-Agatha-Berchem,21003,2020-05-31,0,176
Sint-Agatha-Berchem,21003,2020-06-01,0,176
Sint-Agatha-Berchem,21003,2020-06-02,0,176
Sint-Agatha-Berchem,21003,2020-06-03,0,176
Sint-Agatha-Berchem,21003,2020-06-04,1,177
Sint-Agatha-Berchem,21003,2020-06-05,1,178
Sint-Agatha-Berchem,21003,2020-06-06,1,179
Sint-Agatha-Berchem,21003,2020-06-07,1,180
Sint-Agatha-Berchem,21003,2020-06-08,0,180
Sint-Agatha-Berchem,21003,2020-06-09,0,180
Sint-Agatha-Berchem,21003,2020-06-10,1,181
Sint-Agatha-Berchem,21003,2020-06-11,1,182
Sint-Agatha-Berchem,21003,2020-06-12,-1,181
Sint-Agatha-Berchem,21003,2020-06-13,1,182
Sint-Agatha-Berchem,21003,2020-06-14,0,182
Sint-Agatha-Berchem,21003,2020-06-15,0,182
Sint-Agatha-Berchem,21003,2020-06-16,0,182
Sint-Agatha-Berchem,21003,2020-06-17,0,182
Sint-Agatha-Berchem,21003,2020-06-18,0,182
Sint-Agatha-Berchem,21003,2020-06-19,0,182
Sint-Agatha-Berchem,21003,2020-06-20,0,182
Sint-Agatha-Berchem,21003,2020-06-23,1,183
Sint-Agatha-Berchem,21003,2020-06-24,0,183
Sint-Agatha-Berchem,21003,2020-06-25,0,183
Sint-Agatha-Berchem,21003,2020-06-26,1,184
Sint-Agatha-Berchem,21003,2020-06-27,1,185
Sint-Agatha-Berchem,21003,2020-06-30,0,185
Sint-Agatha-Berchem,21003,2020-07-01,0,185
Sint-Agatha-Berchem,21003,2020-07-02,1,186
Sint-Agatha-Berchem,21003,2020-07-03,1,187
Sint-Agatha-Berchem,21003,2020-07-04,0,187
Sint-Agatha-Berchem,21003,2020-07-07,1,188
Sint-Agatha-Berchem,21003,2020-07-08,0,188
Sint-Agatha-Berchem,21003,2020-07-09,0,188
Sint-Agatha-Berchem,21003,2020-07-10,0,188
Sint-Agatha-Berchem,21003,2020-07-11,1,189
Sint-Agatha-Berchem,21003,2020-07-14,0,189
Sint-Agatha-Berchem,21003,2020-07-15,0,189
Sint-Agatha-Berchem,21003,2020-07-16,0,189
Sint-Agatha-Berchem,21003,2020-07-17,0,189
Sint-Agatha-Berchem,21003,2020-07-18,0,189
Sint-Agatha-Berchem,21003,2020-07-20,0,189
Sint-Agatha-Berchem,21003,2020-07-21,0,189
Sint-Agatha-Berchem,21003,2020-07-22,0,189
Sint-Agatha-Berchem,21003,2020-07-23,1,190
Sint-Agatha-Berchem,21003,2020-07-24,1,191
Sint-Agatha-Berchem,21003,2020-07-25,2,193
Sint-Agatha-Berchem,21003,2020-07-26,1,194
Sint-Agatha-Berchem,21003,2020-07-27,1,195
Sint-Agatha-Berchem,21003,2020-07-28,1,196
Sint-Agatha-Berchem,21003,2020-07-29,1,197
Sint-Agatha-Berchem,21003,2020-07-30,2,199
Sint-Agatha-Berchem,21003,2020-07-31,4,203
Sint-Agatha-Berchem,21003,2020-08-01,0,203
Sint-Agatha-Berchem,21003,2020-08-02,0,203
Sint-Agatha-Berchem,21003,2020-08-03,2,205
Sint-Agatha-Berchem,21003,2020-08-04,0,205
Sint-Agatha-Berchem,21003,2020-08-05,2,207
Sint-Agatha-Berchem,21003,2020-08-06,1,208
Sint-Agatha-Berchem,21003,2020-08-07,3,211
Sint-Agatha-Berchem,21003,2020-08-08,2,213
Sint-Agatha-Berchem,21003,2020-08-09,3,216
Sint-Agatha-Berchem,21003,2020-08-10,1,217
Sint-Agatha-Berchem,21003,2020-08-11,0,217
Sint-Agatha-Berchem,21003,2020-08-12,2,219
Sint-Agatha-Berchem,21003,2020-08-13,2,221
Sint-Agatha-Berchem,21003,2020-08-14,5,226
Sint-Agatha-Berchem,21003,2020-08-15,1,227
Sint-Agatha-Berchem,21003,2020-08-16,5,232
Sint-Agatha-Berchem,21003,2020-08-17,3,235
Sint-Agatha-Berchem,21003,2020-08-18,3,238
Sint-Agatha-Berchem,21003,2020-08-19,3,241
Sint-Agatha-Berchem,21003,2020-08-20,5,246
Sint-Agatha-Berchem,21003,2020-08-21,10,256
Sint-Agatha-Berchem,21003,2020-08-22,1,257
Sint-Agatha-Berchem,21003,2020-08-23,3,260
Sint-Agatha-Berchem,21003,2020-08-24,6,266
Sint-Agatha-Berchem,21003,2020-08-25,2,268
Sint-Agatha-Berchem,21003,2020-08-26,2,270
Sint-Agatha-Berchem,21003,2020-08-27,8,278
Sint-Agatha-Berchem,21003,2020-08-28,3,281
Sint-Agatha-Berchem,21003,2020-08-29,1,282
Sint-Agatha-Berchem,21003,2020-08-30,6,288
Sint-Agatha-Berchem,21003,2020-08-31,1,289
Sint-Agatha-Berchem,21003,2020-09-01,1,290
Sint-Agatha-Berchem,21003,2020-09-02,2,292
Sint-Agatha-Berchem,21003,2020-09-03,1,293
Sint-Agatha-Berchem,21003,2020-09-04,8,301
Sint-Agatha-Berchem,21003,2020-09-05,5,306
Sint-Agatha-Berchem,21003,2020-09-06,7,313
Sint-Agatha-Berchem,21003,2020-09-07,5,318
Sint-Agatha-Berchem,21003,2020-09-08,2,320
Sint-Agatha-Berchem,21003,2020-09-09,4,324
Sint-Agatha-Berchem,21003,2020-09-10,2,326
Sint-Agatha-Berchem,21003,2020-09-11,0,326
Sint-Agatha-Berchem,21003,2020-09-12,7,333
Sint-Agatha-Berchem,21003,2020-09-13,4,337
Sint-Agatha-Berchem,21003,2020-09-14,3,340
Sint-Agatha-Berchem,21003,2020-09-15,1,341
Sint-Agatha-Berchem,21003,2020-09-16,1,342
Sint-Agatha-Berchem,21003,2020-09-17,1,343
Sint-Agatha-Berchem,21003,2020-09-18,9,352
Sint-Agatha-Berchem,21003,2020-09-19,7,359
Sint-Agatha-Berchem,21003,2020-09-20,-1,358
Sint-Agatha-Berchem,21003,2020-09-21,11,369
Sint-Agatha-Berchem,21003,2020-09-22,0,369
Sint-Agatha-Berchem,21003,2020-09-23,19,388
Sint-Agatha-Berchem,21003,2020-09-24,8,396
Sint-Agatha-Berchem,21003,2020-09-25,9,405
Sint-Agatha-Berchem,21003,2020-09-26,10,415
Sint-Agatha-Berchem,21003,2020-09-27,13,428
Sint-Agatha-Berchem,21003,2020-09-28,2,430
Sint-Agatha-Berchem,21003,2020-09-29,7,437
Sint-Agatha-Berchem,21003,2020-09-30,9,446
Sint-Agatha-Berchem,21003,2020-10-01,7,453
Sint-Agatha-Berchem,21003,2020-10-02,16,469
Sint-Agatha-Berchem,21003,2020-10-03,13,482
Sint-Agatha-Berchem,21003,2020-10-04,19,501
Sint-Agatha-Berchem,21003,2020-10-05,13,514
Sint-Agatha-Berchem,21003,2020-10-06,15,529
Sint-Agatha-Berchem,21003,2020-10-07,10,539
Sint-Agatha-Berchem,21003,2020-10-08,16,555
Sint-Agatha-Berchem,21003,2020-10-09,27,582
Sint-Agatha-Berchem,21003,2020-10-10,32,614
Sint-Agatha-Berchem,21003,2020-10-11,43,657
Sint-Agatha-Berchem,21003,2020-10-12,25,682
Sint-Agatha-Berchem,21003,2020-10-13,16,698
Sint-Agatha-Berchem,21003,2020-10-14,15,713
Sint-Agatha-Berchem,21003,2020-10-15,24,737
Sint-Agatha-Berchem,21003,2020-10-16,30,767
Sint-Agatha-Berchem,21003,2020-10-17,39,806
Sint-Agatha-Berchem,21003,2020-10-18,31,837
Sint-Agatha-Berchem,21003,2020-10-19,31,868
Sint-Agatha-Berchem,21003,2020-10-20,22,890
Sint-Agatha-Berchem,21003,2020-10-21,30,920
Sint-Agatha-Berchem,21003,2020-10-22,65,985
Sint-Agatha-Berchem,21003,2020-10-23,49,1034
Sint-Agatha-Berchem,21003,2020-10-24,56,1090
Sint-Agatha-Berchem,21003,2020-10-25,72,1162
Sint-Agatha-Berchem,21003,2020-10-26,47,1209
Sint-Agatha-Berchem,21003,2020-10-27,36,1245
Sint-Agatha-Berchem,21003,2020-10-28,44,1289
Sint-Agatha-Berchem,21003,2020-10-29,49,1338
Sint-Agatha-Berchem,21003,2020-10-30,59,1397
Sint-Agatha-Berchem,21003,2020-10-31,48,1445
Sint-Agatha-Berchem,21003,2020-11-01,36,1481
Sint-Agatha-Berchem,21003,2020-11-02,28,1509
Sint-Agatha-Berchem,21003,2020-11-03,11,1520
Sint-Agatha-Berchem,21003,2020-11-04,5,1525
Sint-Agatha-Berchem,21003,2020-11-05,44,1569
Sint-Agatha-Berchem,21003,2020-11-06,26,1595
Sint-Agatha-Berchem,21003,2020-11-07,21,1616
Sint-Agatha-Berchem,21003,2020-11-08,13,1629
Sint-Agatha-Berchem,21003,2020-11-09,13,1642
Sint-Agatha-Berchem,21003,2020-11-10,4,1646
Sint-Agatha-Berchem,21003,2020-11-11,12,1658
Brussel,21004,2020-04-01,11,195
Brussel,21004,2020-04-02,25,220
Brussel,21004,2020-04-03,24,244
Brussel,21004,2020-04-04,21,265
Brussel,21004,2020-04-05,32,297
Brussel,21004,2020-04-06,25,322
Brussel,21004,2020-04-07,11,333
Brussel,21004,2020-04-08,21,354
Brussel,21004,2020-04-09,14,368
Brussel,21004,2020-04-10,25,393
Brussel,21004,2020-04-11,25,418
Brussel,21004,2020-04-12,34,452
Brussel,21004,2020-04-13,18,470
Brussel,21004,2020-04-14,13,483
Brussel,21004,2020-04-15,9,492
Brussel,21004,2020-04-16,12,504
Brussel,21004,2020-04-17,20,524
Brussel,21004,2020-04-18,20,544
Brussel,21004,2020-04-19,17,561
Brussel,21004,2020-04-20,34,595
Brussel,21004,2020-04-21,13,608
Brussel,21004,2020-04-22,9,617
Brussel,21004,2020-04-23,19,636
Brussel,21004,2020-04-24,8,644
Brussel,21004,2020-04-25,9,653
Brussel,21004,2020-04-26,9,662
Brussel,21004,2020-04-27,25,687
Brussel,21004,2020-04-28,13,700
Brussel,21004,2020-04-29,5,705
Brussel,21004,2020-04-30,10,715
Brussel,21004,2020-05-01,8,723
Brussel,21004,2020-05-02,3,726
Brussel,21004,2020-05-03,9,735
Brussel,21004,2020-05-04,17,752
Brussel,21004,2020-05-05,0,752
Brussel,21004,2020-05-06,0,752
Brussel,21004,2020-05-07,14,766
Brussel,21004,2020-05-08,17,783
Brussel,21004,2020-05-09,10,793
Brussel,21004,2020-05-10,4,797
Brussel,21004,2020-05-11,4,801
Brussel,21004,2020-05-12,3,804
Brussel,21004,2020-05-13,2,806
Brussel,21004,2020-05-14,7,813
Brussel,21004,2020-05-15,6,819
Brussel,21004,2020-05-16,5,824
Brussel,21004,2020-05-17,2,826
Brussel,21004,2020-05-18,3,829
Brussel,21004,2020-05-19,5,834
Brussel,21004,2020-05-20,1,835
Brussel,21004,2020-05-21,3,838
Brussel,21004,2020-05-22,2,840
Brussel,21004,2020-05-23,0,840
Brussel,21004,2020-05-24,2,842
Brussel,21004,2020-05-25,4,846
Brussel,21004,2020-05-26,2,848
Brussel,21004,2020-05-27,4,852
Brussel,21004,2020-05-28,6,858
Brussel,21004,2020-05-29,1,859
Brussel,21004,2020-05-30,3,862
Brussel,21004,2020-05-31,3,865
Brussel,21004,2020-06-01,2,867
Brussel,21004,2020-06-02,2,869
Brussel,21004,2020-06-03,0,869
Brussel,21004,2020-06-04,2,871
Brussel,21004,2020-06-05,2,873
Brussel,21004,2020-06-06,2,875
Brussel,21004,2020-06-07,4,879
Brussel,21004,2020-06-08,2,881
Brussel,21004,2020-06-09,3,884
Brussel,21004,2020-06-10,2,886
Brussel,21004,2020-06-11,3,889
Brussel,21004,2020-06-12,2,891
Brussel,21004,2020-06-13,3,894
Brussel,21004,2020-06-14,2,896
Brussel,21004,2020-06-15,2,898
Brussel,21004,2020-06-16,1,899
Brussel,21004,2020-06-17,2,901
Brussel,21004,2020-06-18,1,902
Brussel,21004,2020-06-19,3,905
Brussel,21004,2020-06-20,2,907
Brussel,21004,2020-06-23,9,916
Brussel,21004,2020-06-24,0,916
Brussel,21004,2020-06-25,0,916
Brussel,21004,2020-06-26,6,922
Brussel,21004,2020-06-27,2,924
Brussel,21004,2020-06-30,5,929
Brussel,21004,2020-07-01,3,932
Brussel,21004,2020-07-02,2,934
Brussel,21004,2020-07-03,8,942
Brussel,21004,2020-07-04,7,949
Brussel,21004,2020-07-07,6,955
Brussel,21004,2020-07-08,0,955
Brussel,21004,2020-07-09,4,959
Brussel,21004,2020-07-10,1,960
Brussel,21004,2020-07-11,2,962
Brussel,21004,2020-07-14,7,969
Brussel,21004,2020-07-15,0,969
Brussel,21004,2020-07-16,2,971
Brussel,21004,2020-07-17,3,974
Brussel,21004,2020-07-18,1,975
Brussel,21004,2020-07-20,7,982
Brussel,21004,2020-07-21,1,983
Brussel,21004,2020-07-22,5,988
Brussel,21004,2020-07-23,4,992
Brussel,21004,2020-07-24,5,997
Brussel,21004,2020-07-25,4,1001
Brussel,21004,2020-07-26,8,1009
Brussel,21004,2020-07-27,2,1011
Brussel,21004,2020-07-28,2,1013
Brussel,21004,2020-07-29,3,1016
Brussel,21004,2020-07-30,14,1030
Brussel,21004,2020-07-31,7,1037
Brussel,21004,2020-08-01,17,1054
Brussel,21004,2020-08-02,9,1063
Brussel,21004,2020-08-03,12,1075
Brussel,21004,2020-08-04,5,1080
Brussel,21004,2020-08-05,14,1094
Brussel,21004,2020-08-06,9,1103
Brussel,21004,2020-08-07,15,1118
Brussel,21004,2020-08-08,18,1136
Brussel,21004,2020-08-09,21,1157
Brussel,21004,2020-08-10,19,1176
Brussel,21004,2020-08-11,13,1189
Brussel,21004,2020-08-12,20,1209
Brussel,21004,2020-08-13,32,1241
Brussel,21004,2020-08-14,34,1275
Brussel,21004,2020-08-15,24,1299
Brussel,21004,2020-08-16,40,1339
Brussel,21004,2020-08-17,16,1355
Brussel,21004,2020-08-18,7,1362
Brussel,21004,2020-08-19,14,1376
Brussel,21004,2020-08-20,35,1411
Brussel,21004,2020-08-21,42,1453
Brussel,21004,2020-08-22,37,1490
Brussel,21004,2020-08-23,33,1523
Brussel,21004,2020-08-24,12,1535
Brussel,21004,2020-08-25,5,1540
Brussel,21004,2020-08-26,15,1555
Brussel,21004,2020-08-27,23,1578
Brussel,21004,2020-08-28,23,1601
Brussel,21004,2020-08-29,17,1618
Brussel,21004,2020-08-30,26,1644
Brussel,21004,2020-08-31,22,1666
Brussel,21004,2020-09-01,6,1672
Brussel,21004,2020-09-02,2,1674
Brussel,21004,2020-09-03,25,1699
Brussel,21004,2020-09-04,24,1723
Brussel,21004,2020-09-05,26,1749
Brussel,21004,2020-09-06,32,1781
Brussel,21004,2020-09-07,24,1805
Brussel,21004,2020-09-08,18,1823
Brussel,21004,2020-09-09,26,1849
Brussel,21004,2020-09-10,19,1868
Brussel,21004,2020-09-11,32,1900
Brussel,21004,2020-09-12,45,1945
Brussel,21004,2020-09-13,28,1973
Brussel,21004,2020-09-14,37,2010
Brussel,21004,2020-09-15,18,2028
Brussel,21004,2020-09-16,14,2042
Brussel,21004,2020-09-17,30,2072
Brussel,21004,2020-09-18,63,2135
Brussel,21004,2020-09-19,56,2191
Brussel,21004,2020-09-20,44,2235
Brussel,21004,2020-09-21,30,2265
Brussel,21004,2020-09-22,44,2309
Brussel,21004,2020-09-23,68,2377
Brussel,21004,2020-09-24,41,2418
Brussel,21004,2020-09-25,63,2481
Brussel,21004,2020-09-26,76,2557
Brussel,21004,2020-09-27,59,2616
Brussel,21004,2020-09-28,47,2663
Brussel,21004,2020-09-29,41,2704
Brussel,21004,2020-09-30,74,2778
Brussel,21004,2020-10-01,31,2809
Brussel,21004,2020-10-02,87,2896
Brussel,21004,2020-10-03,107,3003
Brussel,21004,2020-10-04,143,3146
Brussel,21004,2020-10-05,79,3225
Brussel,21004,2020-10-06,49,3274
Brussel,21004,2020-10-07,82,3356
Brussel,21004,2020-10-08,83,3439
Brussel,21004,2020-10-09,196,3635
Brussel,21004,2020-10-10,170,3805
Brussel,21004,2020-10-11,232,4037
Brussel,21004,2020-10-12,134,4171
Brussel,21004,2020-10-13,63,4234
Brussel,21004,2020-10-14,122,4356
Brussel,21004,2020-10-15,202,4558
Brussel,21004,2020-10-16,235,4793
Brussel,21004,2020-10-17,251,5044
Brussel,21004,2020-10-18,283,5327
Brussel,21004,2020-10-19,176,5503
Brussel,21004,2020-10-20,202,5705
Brussel,21004,2020-10-21,124,5829
Brussel,21004,2020-10-22,301,6130
Brussel,21004,2020-10-23,374,6504
Brussel,21004,2020-10-24,294,6798
Brussel,21004,2020-10-25,406,7204
Brussel,21004,2020-10-26,388,7592
Brussel,21004,2020-10-27,189,7781
Brussel,21004,2020-10-28,233,8014
Brussel,21004,2020-10-29,342,8356
Brussel,21004,2020-10-30,537,8893
Brussel,21004,2020-10-31,342,9235
Brussel,21004,2020-11-01,242,9477
Brussel,21004,2020-11-02,207,9684
Brussel,21004,2020-11-03,85,9769
Brussel,21004,2020-11-04,81,9850
Brussel,21004,2020-11-05,285,10135
Brussel,21004,2020-11-06,171,10306
Brussel,21004,2020-11-07,152,10458
Brussel,21004,2020-11-08,128,10586
Brussel,21004,2020-11-09,104,10690
Brussel,21004,2020-11-10,34,10724
Brussel,21004,2020-11-11,54,10778
Etterbeek,21005,2020-04-01,9,68
Etterbeek,21005,2020-04-02,1,69
Etterbeek,21005,2020-04-03,4,73
Etterbeek,21005,2020-04-04,5,78
Etterbeek,21005,2020-04-05,3,81
Etterbeek,21005,2020-04-06,0,81
Etterbeek,21005,2020-04-07,2,83
Etterbeek,21005,2020-04-08,3,86
Etterbeek,21005,2020-04-09,2,88
Etterbeek,21005,2020-04-10,9,97
Etterbeek,21005,2020-04-11,3,100
Etterbeek,21005,2020-04-12,3,103
Etterbeek,21005,2020-04-13,5,108
Etterbeek,21005,2020-04-14,1,109
Etterbeek,21005,2020-04-15,0,109
Etterbeek,21005,2020-04-16,3,112
Etterbeek,21005,2020-04-17,1,113
Etterbeek,21005,2020-04-18,0,113
Etterbeek,21005,2020-04-19,0,113
Etterbeek,21005,2020-04-20,4,117
Etterbeek,21005,2020-04-21,2,119
Etterbeek,21005,2020-04-22,0,119
Etterbeek,21005,2020-04-23,1,120
Etterbeek,21005,2020-04-24,5,125
Etterbeek,21005,2020-04-25,3,128
Etterbeek,21005,2020-04-26,2,130
Etterbeek,21005,2020-04-27,1,131
Etterbeek,21005,2020-04-28,22,153
Etterbeek,21005,2020-04-29,2,155
Etterbeek,21005,2020-04-30,4,159
Etterbeek,21005,2020-05-01,0,159
Etterbeek,21005,2020-05-02,1,160
Etterbeek,21005,2020-05-03,1,161
Etterbeek,21005,2020-05-04,0,161
Etterbeek,21005,2020-05-05,1,162
Etterbeek,21005,2020-05-06,0,162
Etterbeek,21005,2020-05-07,2,164
Etterbeek,21005,2020-05-08,3,167
Etterbeek,21005,2020-05-09,0,167
Etterbeek,21005,2020-05-10,1,168
Etterbeek,21005,2020-05-11,0,168
Etterbeek,21005,2020-05-12,0,168
Etterbeek,21005,2020-05-13,0,168
Etterbeek,21005,2020-05-14,0,168
Etterbeek,21005,2020-05-15,0,168
Etterbeek,21005,2020-05-16,2,170
Etterbeek,21005,2020-05-17,0,170
Etterbeek,21005,2020-05-18,0,170
Etterbeek,21005,2020-05-19,0,170
Etterbeek,21005,2020-05-20,2,172
Etterbeek,21005,2020-05-21,2,174
Etterbeek,21005,2020-05-22,0,174
Etterbeek,21005,2020-05-23,0,174
Etterbeek,21005,2020-05-24,0,174
Etterbeek,21005,2020-05-25,1,175
Etterbeek,21005,2020-05-26,1,176
Etterbeek,21005,2020-05-27,1,177
Etterbeek,21005,2020-05-28,1,178
Etterbeek,21005,2020-05-29,0,178
Etterbeek,21005,2020-05-30,0,178
Etterbeek,21005,2020-05-31,0,178
Etterbeek,21005,2020-06-01,0,178
Etterbeek,21005,2020-06-02,0,178
Etterbeek,21005,2020-06-03,0,178
Etterbeek,21005,2020-06-04,0,178
Etterbeek,21005,2020-06-05,2,180
Etterbeek,21005,2020-06-06,0,180
Etterbeek,21005,2020-06-07,1,181
Etterbeek,21005,2020-06-08,0,181
Etterbeek,21005,2020-06-09,0,181
Etterbeek,21005,2020-06-10,1,182
Etterbeek,21005,2020-06-11,1,183
Etterbeek,21005,2020-06-12,0,183
Etterbeek,21005,2020-06-13,0,183
Etterbeek,21005,2020-06-14,0,183
Etterbeek,21005,2020-06-15,0,183
Etterbeek,21005,2020-06-16,1,184
Etterbeek,21005,2020-06-17,0,184
Etterbeek,21005,2020-06-18,0,184
Etterbeek,21005,2020-06-19,0,184
Etterbeek,21005,2020-06-20,0,184
Etterbeek,21005,2020-06-23,2,186
Etterbeek,21005,2020-06-24,0,186
Etterbeek,21005,2020-06-25,0,186
Etterbeek,21005,2020-06-26,2,188
Etterbeek,21005,2020-06-27,1,189
Etterbeek,21005,2020-06-30,0,189
Etterbeek,21005,2020-07-01,1,190
Etterbeek,21005,2020-07-02,0,190
Etterbeek,21005,2020-07-03,1,191
Etterbeek,21005,2020-07-04,3,194
Etterbeek,21005,2020-07-07,1,195
Etterbeek,21005,2020-07-08,0,195
Etterbeek,21005,2020-07-09,0,195
Etterbeek,21005,2020-07-10,1,196
Etterbeek,21005,2020-07-11,0,196
Etterbeek,21005,2020-07-14,1,197
Etterbeek,21005,2020-07-15,0,197
Etterbeek,21005,2020-07-16,0,197
Etterbeek,21005,2020-07-17,0,197
Etterbeek,21005,2020-07-18,0,197
Etterbeek,21005,2020-07-20,3,200
Etterbeek,21005,2020-07-21,1,201
Etterbeek,21005,2020-07-22,1,202
Etterbeek,21005,2020-07-23,1,203
Etterbeek,21005,2020-07-24,0,203
Etterbeek,21005,2020-07-25,2,205
Etterbeek,21005,2020-07-26,0,205
Etterbeek,21005,2020-07-27,2,207
Etterbeek,21005,2020-07-28,3,210
Etterbeek,21005,2020-07-29,0,210
Etterbeek,21005,2020-07-30,0,210
Etterbeek,21005,2020-07-31,0,210
Etterbeek,21005,2020-08-01,5,215
Etterbeek,21005,2020-08-02,1,216
Etterbeek,21005,2020-08-03,1,217
Etterbeek,21005,2020-08-04,1,218
Etterbeek,21005,2020-08-05,4,222
Etterbeek,21005,2020-08-06,2,224
Etterbeek,21005,2020-08-07,2,226
Etterbeek,21005,2020-08-08,4,230
Etterbeek,21005,2020-08-09,1,231
Etterbeek,21005,2020-08-10,5,236
Etterbeek,21005,2020-08-11,4,240
Etterbeek,21005,2020-08-12,2,242
Etterbeek,21005,2020-08-13,1,243
Etterbeek,21005,2020-08-14,3,246
Etterbeek,21005,2020-08-15,3,249
Etterbeek,21005,2020-08-16,7,256
Etterbeek,21005,2020-08-17,3,259
Etterbeek,21005,2020-08-18,3,262
Etterbeek,21005,2020-08-19,4,266
Etterbeek,21005,2020-08-20,3,269
Etterbeek,21005,2020-08-21,6,275
Etterbeek,21005,2020-08-22,7,282
Etterbeek,21005,2020-08-23,1,283
Etterbeek,21005,2020-08-24,2,285
Etterbeek,21005,2020-08-25,1,286
Etterbeek,21005,2020-08-26,1,287
Etterbeek,21005,2020-08-27,2,289
Etterbeek,21005,2020-08-28,3,292
Etterbeek,21005,2020-08-29,4,296
Etterbeek,21005,2020-08-30,4,300
Etterbeek,21005,2020-08-31,0,300
Etterbeek,21005,2020-09-01,3,303
Etterbeek,21005,2020-09-02,5,308
Etterbeek,21005,2020-09-03,6,314
Etterbeek,21005,2020-09-04,6,320
Etterbeek,21005,2020-09-05,6,326
Etterbeek,21005,2020-09-06,8,334
Etterbeek,21005,2020-09-07,3,337
Etterbeek,21005,2020-09-08,2,339
Etterbeek,21005,2020-09-09,2,341
Etterbeek,21005,2020-09-10,6,347
Etterbeek,21005,2020-09-11,7,354
Etterbeek,21005,2020-09-12,5,359
Etterbeek,21005,2020-09-13,3,362
Etterbeek,21005,2020-09-14,8,370
Etterbeek,21005,2020-09-15,5,375
Etterbeek,21005,2020-09-16,5,380
Etterbeek,21005,2020-09-17,6,386
Etterbeek,21005,2020-09-18,11,397
Etterbeek,21005,2020-09-19,10,407
Etterbeek,21005,2020-09-20,9,416
Etterbeek,21005,2020-09-21,5,421
Etterbeek,21005,2020-09-22,5,426
Etterbeek,21005,2020-09-23,15,441
Etterbeek,21005,2020-09-24,8,449
Etterbeek,21005,2020-09-25,6,455
Etterbeek,21005,2020-09-26,14,469
Etterbeek,21005,2020-09-27,14,483
Etterbeek,21005,2020-09-28,12,495
Etterbeek,21005,2020-09-29,4,499
Etterbeek,21005,2020-09-30,10,509
Etterbeek,21005,2020-10-01,7,516
Etterbeek,21005,2020-10-02,12,528
Etterbeek,21005,2020-10-03,25,553
Etterbeek,21005,2020-10-04,24,577
Etterbeek,21005,2020-10-05,20,597
Etterbeek,21005,2020-10-06,12,609
Etterbeek,21005,2020-10-07,19,628
Etterbeek,21005,2020-10-08,31,659
Etterbeek,21005,2020-10-09,33,692
Etterbeek,21005,2020-10-10,37,729
Etterbeek,21005,2020-10-11,48,777
Etterbeek,21005,2020-10-12,16,793
Etterbeek,21005,2020-10-13,20,813
Etterbeek,21005,2020-10-14,31,844
Etterbeek,21005,2020-10-15,63,907
Etterbeek,21005,2020-10-16,45,952
Etterbeek,21005,2020-10-17,65,1017
Etterbeek,21005,2020-10-18,63,1080
Etterbeek,21005,2020-10-19,51,1131
Etterbeek,21005,2020-10-20,42,1173
Etterbeek,21005,2020-10-21,35,1208
Etterbeek,21005,2020-10-22,97,1305
Etterbeek,21005,2020-10-23,72,1377
Etterbeek,21005,2020-10-24,75,1452
Etterbeek,21005,2020-10-25,95,1547
Etterbeek,21005,2020-10-26,90,1637
Etterbeek,21005,2020-10-27,66,1703
Etterbeek,21005,2020-10-28,72,1775
Etterbeek,21005,2020-10-29,120,1895
Etterbeek,21005,2020-10-30,113,2008
Etterbeek,21005,2020-10-31,78,2086
Etterbeek,21005,2020-11-01,61,2147
Etterbeek,21005,2020-11-02,57,2204
Etterbeek,21005,2020-11-03,20,2224
Etterbeek,21005,2020-11-04,13,2237
Etterbeek,21005,2020-11-05,86,2323
Etterbeek,21005,2020-11-06,38,2361
Etterbeek,21005,2020-11-07,25,2386
Etterbeek,21005,2020-11-08,21,2407
Etterbeek,21005,2020-11-09,13,2420
Etterbeek,21005,2020-11-10,9,2429
Etterbeek,21005,2020-11-11,8,2437
Evere,21006,2020-04-01,8,63
Evere,21006,2020-04-02,7,70
Evere,21006,2020-04-03,4,74
Evere,21006,2020-04-04,5,79
Evere,21006,2020-04-05,7,86
Evere,21006,2020-04-06,4,90
Evere,21006,2020-04-07,3,93
Evere,21006,2020-04-08,1,94
Evere,21006,2020-04-09,3,97
Evere,21006,2020-04-10,3,100
Evere,21006,2020-04-11,5,105
Evere,21006,2020-04-12,5,110
Evere,21006,2020-04-13,1,111
Evere,21006,2020-04-14,0,111
Evere,21006,2020-04-15,5,116
Evere,21006,2020-04-16,6,122
Evere,21006,2020-04-17,2,124
Evere,21006,2020-04-18,16,140
Evere,21006,2020-04-19,4,144
Evere,21006,2020-04-20,14,158
Evere,21006,2020-04-21,2,160
Evere,21006,2020-04-22,8,168
Evere,21006,2020-04-23,3,171
Evere,21006,2020-04-24,0,171
Evere,21006,2020-04-25,1,172
Evere,21006,2020-04-26,1,173
Evere,21006,2020-04-27,1,174
Evere,21006,2020-04-28,0,174
Evere,21006,2020-04-29,3,177
Evere,21006,2020-04-30,0,177
Evere,21006,2020-05-01,0,177
Evere,21006,2020-05-02,0,177
Evere,21006,2020-05-03,0,177
Evere,21006,2020-05-04,1,178
Evere,21006,2020-05-05,0,178
Evere,21006,2020-05-06,1,179
Evere,21006,2020-05-07,10,189
Evere,21006,2020-05-08,4,193
Evere,21006,2020-05-09,2,195
Evere,21006,2020-05-10,3,198
Evere,21006,2020-05-11,1,199
Evere,21006,2020-05-12,2,201
Evere,21006,2020-05-13,0,201
Evere,21006,2020-05-14,1,202
Evere,21006,2020-05-15,2,204
Evere,21006,2020-05-16,0,204
Evere,21006,2020-05-17,1,205
Evere,21006,2020-05-18,0,205
Evere,21006,2020-05-19,1,206
Evere,21006,2020-05-20,0,206
Evere,21006,2020-05-21,2,208
Evere,21006,2020-05-22,1,209
Evere,21006,2020-05-23,3,212
Evere,21006,2020-05-24,0,212
Evere,21006,2020-05-25,0,212
Evere,21006,2020-05-26,0,212
Evere,21006,2020-05-27,0,212
Evere,21006,2020-05-28,1,213
Evere,21006,2020-05-29,0,213
Evere,21006,2020-05-30,0,213
Evere,21006,2020-05-31,2,215
Evere,21006,2020-06-01,1,216
Evere,21006,2020-06-02,0,216
Evere,21006,2020-06-03,0,216
Evere,21006,2020-06-04,0,216
Evere,21006,2020-06-05,3,219
Evere,21006,2020-06-06,2,221
Evere,21006,2020-06-07,2,223
Evere,21006,2020-06-08,3,226
Evere,21006,2020-06-09,0,226
Evere,21006,2020-06-10,0,226
Evere,21006,2020-06-11,0,226
Evere,21006,2020-06-12,2,228
Evere,21006,2020-06-13,0,228
Evere,21006,2020-06-14,1,229
Evere,21006,2020-06-15,0,229
Evere,21006,2020-06-16,0,229
Evere,21006,2020-06-17,0,229
Evere,21006,2020-06-18,4,233
Evere,21006,2020-06-19,0,233
Evere,21006,2020-06-20,0,233
Evere,21006,2020-06-23,0,233
Evere,21006,2020-06-24,1,234
Evere,21006,2020-06-25,1,235
Evere,21006,2020-06-26,1,236
Evere,21006,2020-06-27,1,237
Evere,21006,2020-06-30,3,240
Evere,21006,2020-07-01,1,241
Evere,21006,2020-07-02,3,244
Evere,21006,2020-07-03,0,244
Evere,21006,2020-07-04,5,249
Evere,21006,2020-07-07,1,250
Evere,21006,2020-07-08,0,250
Evere,21006,2020-07-09,3,253
Evere,21006,2020-07-10,1,254
Evere,21006,2020-07-11,0,254
Evere,21006,2020-07-14,10,264
Evere,21006,2020-07-15,0,264
Evere,21006,2020-07-16,0,264
Evere,21006,2020-07-17,1,265
Evere,21006,2020-07-18,3,268
Evere,21006,2020-07-20,3,271
Evere,21006,2020-07-21,0,271
Evere,21006,2020-07-22,2,273
Evere,21006,2020-07-23,1,274
Evere,21006,2020-07-24,1,275
Evere,21006,2020-07-25,1,276
Evere,21006,2020-07-26,1,277
Evere,21006,2020-07-27,0,277
Evere,21006,2020-07-28,1,278
Evere,21006,2020-07-29,0,278
Evere,21006,2020-07-30,4,282
Evere,21006,2020-07-31,2,284
Evere,21006,2020-08-01,4,288
Evere,21006,2020-08-02,3,291
Evere,21006,2020-08-03,1,292
Evere,21006,2020-08-04,1,293
Evere,21006,2020-08-05,4,297
Evere,21006,2020-08-06,0,297
Evere,21006,2020-08-07,0,297
Evere,21006,2020-08-08,6,303
Evere,21006,2020-08-09,2,305
Evere,21006,2020-08-10,5,310
Evere,21006,2020-08-11,0,310
Evere,21006,2020-08-12,1,311
Evere,21006,2020-08-13,1,312
Evere,21006,2020-08-14,4,316
Evere,21006,2020-08-15,10,326
Evere,21006,2020-08-16,4,330
Evere,21006,2020-08-17,5,335
Evere,21006,2020-08-18,1,336
Evere,21006,2020-08-19,5,341
Evere,21006,2020-08-20,5,346
Evere,21006,2020-08-21,4,350
Evere,21006,2020-08-22,4,354
Evere,21006,2020-08-23,5,359
Evere,21006,2020-08-24,2,361
Evere,21006,2020-08-25,1,362
Evere,21006,2020-08-26,0,362
Evere,21006,2020-08-27,7,369
Evere,21006,2020-08-28,2,371
Evere,21006,2020-08-29,4,375
Evere,21006,2020-08-30,5,380
Evere,21006,2020-08-31,8,388
Evere,21006,2020-09-01,1,389
Evere,21006,2020-09-02,1,390
Evere,21006,2020-09-03,5,395
Evere,21006,2020-09-04,8,403
Evere,21006,2020-09-05,2,405
Evere,21006,2020-09-06,9,414
Evere,21006,2020-09-07,9,423
Evere,21006,2020-09-08,3,426
Evere,21006,2020-09-09,9,435
Evere,21006,2020-09-10,4,439
Evere,21006,2020-09-11,10,449
Evere,21006,2020-09-12,8,457
Evere,21006,2020-09-13,5,462
Evere,21006,2020-09-14,11,473
Evere,21006,2020-09-15,5,478
Evere,21006,2020-09-16,3,481
Evere,21006,2020-09-17,8,489
Evere,21006,2020-09-18,21,510
Evere,21006,2020-09-19,9,519
Evere,21006,2020-09-20,16,535
Evere,21006,2020-09-21,7,542
Evere,21006,2020-09-22,6,548
Evere,21006,2020-09-23,25,573
Evere,21006,2020-09-24,12,585
Evere,21006,2020-09-25,10,595
Evere,21006,2020-09-26,14,609
Evere,21006,2020-09-27,4,613
Evere,21006,2020-09-28,9,622
Evere,21006,2020-09-29,9,631
Evere,21006,2020-09-30,15,646
Evere,21006,2020-10-01,6,652
Evere,21006,2020-10-02,14,666
Evere,21006,2020-10-03,16,682
Evere,21006,2020-10-04,28,710
Evere,21006,2020-10-05,14,724
Evere,21006,2020-10-06,18,742
Evere,21006,2020-10-07,29,771
Evere,21006,2020-10-08,18,789
Evere,21006,2020-10-09,44,833
Evere,21006,2020-10-10,49,882
Evere,21006,2020-10-11,71,953
Evere,21006,2020-10-12,28,981
Evere,21006,2020-10-13,23,1004
Evere,21006,2020-10-14,36,1040
Evere,21006,2020-10-15,64,1104
Evere,21006,2020-10-16,78,1182
Evere,21006,2020-10-17,57,1239
Evere,21006,2020-10-18,74,1313
Evere,21006,2020-10-19,63,1376
Evere,21006,2020-10-20,51,1427
Evere,21006,2020-10-21,31,1458
Evere,21006,2020-10-22,61,1519
Evere,21006,2020-10-23,81,1600
Evere,21006,2020-10-24,73,1673
Evere,21006,2020-10-25,112,1785
Evere,21006,2020-10-26,77,1862
Evere,21006,2020-10-27,39,1901
Evere,21006,2020-10-28,83,1984
Evere,21006,2020-10-29,72,2056
Evere,21006,2020-10-30,113,2169
Evere,21006,2020-10-31,101,2270
Evere,21006,2020-11-01,80,2350
Evere,21006,2020-11-02,42,2392
Evere,21006,2020-11-03,7,2399
Evere,21006,2020-11-04,21,2420
Evere,21006,2020-11-05,56,2476
Evere,21006,2020-11-06,44,2520
Evere,21006,2020-11-07,41,2561
Evere,21006,2020-11-08,28,2589
Evere,21006,2020-11-09,17,2606
Evere,21006,2020-11-10,7,2613
Evere,21006,2020-11-11,13,2626
Vorst (Brussel-Hoofdstad),21007,2020-04-01,11,71
Vorst (Brussel-Hoofdstad),21007,2020-04-02,7,78
Vorst (Brussel-Hoofdstad),21007,2020-04-03,9,87
Vorst (Brussel-Hoofdstad),21007,2020-04-04,10,97
Vorst (Brussel-Hoofdstad),21007,2020-04-05,6,103
Vorst (Brussel-Hoofdstad),21007,2020-04-06,12,115
Vorst (Brussel-Hoofdstad),21007,2020-04-07,2,117
Vorst (Brussel-Hoofdstad),21007,2020-04-08,6,123
Vorst (Brussel-Hoofdstad),21007,2020-04-09,8,131
Vorst (Brussel-Hoofdstad),21007,2020-04-10,8,139
Vorst (Brussel-Hoofdstad),21007,2020-04-11,8,147
Vorst (Brussel-Hoofdstad),21007,2020-04-12,6,153
Vorst (Brussel-Hoofdstad),21007,2020-04-13,3,156
Vorst (Brussel-Hoofdstad),21007,2020-04-14,7,163
Vorst (Brussel-Hoofdstad),21007,2020-04-15,2,165
Vorst (Brussel-Hoofdstad),21007,2020-04-16,5,170
Vorst (Brussel-Hoofdstad),21007,2020-04-17,7,177
Vorst (Brussel-Hoofdstad),21007,2020-04-18,3,180
Vorst (Brussel-Hoofdstad),21007,2020-04-19,4,184
Vorst (Brussel-Hoofdstad),21007,2020-04-20,17,201
Vorst (Brussel-Hoofdstad),21007,2020-04-21,4,205
Vorst (Brussel-Hoofdstad),21007,2020-04-22,3,208
Vorst (Brussel-Hoofdstad),21007,2020-04-23,3,211
Vorst (Brussel-Hoofdstad),21007,2020-04-24,5,216
Vorst (Brussel-Hoofdstad),21007,2020-04-25,5,221
Vorst (Brussel-Hoofdstad),21007,2020-04-26,3,224
Vorst (Brussel-Hoofdstad),21007,2020-04-27,6,230
Vorst (Brussel-Hoofdstad),21007,2020-04-28,12,242
Vorst (Brussel-Hoofdstad),21007,2020-04-29,4,246
Vorst (Brussel-Hoofdstad),21007,2020-04-30,10,256
Vorst (Brussel-Hoofdstad),21007,2020-05-01,1,257
Vorst (Brussel-Hoofdstad),21007,2020-05-02,2,259
Vorst (Brussel-Hoofdstad),21007,2020-05-03,2,261
Vorst (Brussel-Hoofdstad),21007,2020-05-04,1,262
Vorst (Brussel-Hoofdstad),21007,2020-05-05,1,263
Vorst (Brussel-Hoofdstad),21007,2020-05-06,1,264
Vorst (Brussel-Hoofdstad),21007,2020-05-07,2,266
Vorst (Brussel-Hoofdstad),21007,2020-05-08,0,266
Vorst (Brussel-Hoofdstad),21007,2020-05-09,1,267
Vorst (Brussel-Hoofdstad),21007,2020-05-10,2,269
Vorst (Brussel-Hoofdstad),21007,2020-05-11,0,269
Vorst (Brussel-Hoofdstad),21007,2020-05-12,0,269
Vorst (Brussel-Hoofdstad),21007,2020-05-13,0,269
Vorst (Brussel-Hoofdstad),21007,2020-05-14,3,272
Vorst (Brussel-Hoofdstad),21007,2020-05-15,1,273
Vorst (Brussel-Hoofdstad),21007,2020-05-16,1,274
Vorst (Brussel-Hoofdstad),21007,2020-05-17,0,274
Vorst (Brussel-Hoofdstad),21007,2020-05-18,0,274
Vorst (Brussel-Hoofdstad),21007,2020-05-19,1,275
Vorst (Brussel-Hoofdstad),21007,2020-05-20,0,275
Vorst (Brussel-Hoofdstad),21007,2020-05-21,0,275
Vorst (Brussel-Hoofdstad),21007,2020-05-22,0,275
Vorst (Brussel-Hoofdstad),21007,2020-05-23,0,275
Vorst (Brussel-Hoofdstad),21007,2020-05-24,1,276
Vorst (Brussel-Hoofdstad),21007,2020-05-25,0,276
Vorst (Brussel-Hoofdstad),21007,2020-05-26,0,276
Vorst (Brussel-Hoofdstad),21007,2020-05-27,0,276
Vorst (Brussel-Hoofdstad),21007,2020-05-28,5,281
Vorst (Brussel-Hoofdstad),21007,2020-05-29,2,283
Vorst (Brussel-Hoofdstad),21007,2020-05-30,1,284
Vorst (Brussel-Hoofdstad),21007,2020-05-31,0,284
Vorst (Brussel-Hoofdstad),21007,2020-06-01,0,284
Vorst (Brussel-Hoofdstad),21007,2020-06-02,0,284
Vorst (Brussel-Hoofdstad),21007,2020-06-03,0,284
Vorst (Brussel-Hoofdstad),21007,2020-06-04,1,285
Vorst (Brussel-Hoofdstad),21007,2020-06-05,1,286
Vorst (Brussel-Hoofdstad),21007,2020-06-06,3,289
Vorst (Brussel-Hoofdstad),21007,2020-06-07,1,290
Vorst (Brussel-Hoofdstad),21007,2020-06-08,3,293
Vorst (Brussel-Hoofdstad),21007,2020-06-09,0,293
Vorst (Brussel-Hoofdstad),21007,2020-06-10,0,293
Vorst (Brussel-Hoofdstad),21007,2020-06-11,0,293
Vorst (Brussel-Hoofdstad),21007,2020-06-12,2,295
Vorst (Brussel-Hoofdstad),21007,2020-06-13,0,295
Vorst (Brussel-Hoofdstad),21007,2020-06-14,0,295
Vorst (Brussel-Hoofdstad),21007,2020-06-15,0,295
Vorst (Brussel-Hoofdstad),21007,2020-06-16,1,296
Vorst (Brussel-Hoofdstad),21007,2020-06-17,0,296
Vorst (Brussel-Hoofdstad),21007,2020-06-18,0,296
Vorst (Brussel-Hoofdstad),21007,2020-06-19,0,296
Vorst (Brussel-Hoofdstad),21007,2020-06-20,0,296
Vorst (Brussel-Hoofdstad),21007,2020-06-23,2,298
Vorst (Brussel-Hoofdstad),21007,2020-06-24,0,298
Vorst (Brussel-Hoofdstad),21007,2020-06-25,0,298
Vorst (Brussel-Hoofdstad),21007,2020-06-26,0,298
Vorst (Brussel-Hoofdstad),21007,2020-06-27,0,298
Vorst (Brussel-Hoofdstad),21007,2020-06-30,4,302
Vorst (Brussel-Hoofdstad),21007,2020-07-01,0,302
Vorst (Brussel-Hoofdstad),21007,2020-07-02,0,302
Vorst (Brussel-Hoofdstad),21007,2020-07-03,0,302
Vorst (Brussel-Hoofdstad),21007,2020-07-04,0,302
Vorst (Brussel-Hoofdstad),21007,2020-07-07,1,303
Vorst (Brussel-Hoofdstad),21007,2020-07-08,0,303
Vorst (Brussel-Hoofdstad),21007,2020-07-09,0,303
Vorst (Brussel-Hoofdstad),21007,2020-07-10,1,304
Vorst (Brussel-Hoofdstad),21007,2020-07-11,0,304
Vorst (Brussel-Hoofdstad),21007,2020-07-14,0,304
Vorst (Brussel-Hoofdstad),21007,2020-07-15,0,304
Vorst (Brussel-Hoofdstad),21007,2020-07-16,1,305
Vorst (Brussel-Hoofdstad),21007,2020-07-17,2,307
Vorst (Brussel-Hoofdstad),21007,2020-07-18,1,308
Vorst (Brussel-Hoofdstad),21007,2020-07-20,2,310
Vorst (Brussel-Hoofdstad),21007,2020-07-21,0,310
Vorst (Brussel-Hoofdstad),21007,2020-07-22,0,310
Vorst (Brussel-Hoofdstad),21007,2020-07-23,0,310
Vorst (Brussel-Hoofdstad),21007,2020-07-24,2,312
Vorst (Brussel-Hoofdstad),21007,2020-07-25,0,312
Vorst (Brussel-Hoofdstad),21007,2020-07-26,1,313
Vorst (Brussel-Hoofdstad),21007,2020-07-27,1,314
Vorst (Brussel-Hoofdstad),21007,2020-07-28,0,314
Vorst (Brussel-Hoofdstad),21007,2020-07-29,2,316
Vorst (Brussel-Hoofdstad),21007,2020-07-30,7,323
Vorst (Brussel-Hoofdstad),21007,2020-07-31,8,331
Vorst (Brussel-Hoofdstad),21007,2020-08-01,4,335
Vorst (Brussel-Hoofdstad),21007,2020-08-02,7,342
Vorst (Brussel-Hoofdstad),21007,2020-08-03,3,345
Vorst (Brussel-Hoofdstad),21007,2020-08-04,0,345
Vorst (Brussel-Hoofdstad),21007,2020-08-05,3,348
Vorst (Brussel-Hoofdstad),21007,2020-08-06,0,348
Vorst (Brussel-Hoofdstad),21007,2020-08-07,7,355
Vorst (Brussel-Hoofdstad),21007,2020-08-08,3,358
Vorst (Brussel-Hoofdstad),21007,2020-08-09,11,369
Vorst (Brussel-Hoofdstad),21007,2020-08-10,4,373
Vorst (Brussel-Hoofdstad),21007,2020-08-11,3,376
Vorst (Brussel-Hoofdstad),21007,2020-08-12,7,383
Vorst (Brussel-Hoofdstad),21007,2020-08-13,7,390
Vorst (Brussel-Hoofdstad),21007,2020-08-14,3,393
Vorst (Brussel-Hoofdstad),21007,2020-08-15,5,398
Vorst (Brussel-Hoofdstad),21007,2020-08-16,19,417
Vorst (Brussel-Hoofdstad),21007,2020-08-17,7,424
Vorst (Brussel-Hoofdstad),21007,2020-08-18,0,424
Vorst (Brussel-Hoofdstad),21007,2020-08-19,6,430
Vorst (Brussel-Hoofdstad),21007,2020-08-20,5,435
Vorst (Brussel-Hoofdstad),21007,2020-08-21,15,450
Vorst (Brussel-Hoofdstad),21007,2020-08-22,15,465
Vorst (Brussel-Hoofdstad),21007,2020-08-23,5,470
Vorst (Brussel-Hoofdstad),21007,2020-08-24,10,480
Vorst (Brussel-Hoofdstad),21007,2020-08-25,0,480
Vorst (Brussel-Hoofdstad),21007,2020-08-26,5,485
Vorst (Brussel-Hoofdstad),21007,2020-08-27,5,490
Vorst (Brussel-Hoofdstad),21007,2020-08-28,2,492
Vorst (Brussel-Hoofdstad),21007,2020-08-29,5,497
Vorst (Brussel-Hoofdstad),21007,2020-08-30,4,501
Vorst (Brussel-Hoofdstad),21007,2020-08-31,10,511
Vorst (Brussel-Hoofdstad),21007,2020-09-01,1,512
Vorst (Brussel-Hoofdstad),21007,2020-09-02,2,514
Vorst (Brussel-Hoofdstad),21007,2020-09-03,0,514
Vorst (Brussel-Hoofdstad),21007,2020-09-04,11,525
Vorst (Brussel-Hoofdstad),21007,2020-09-05,11,536
Vorst (Brussel-Hoofdstad),21007,2020-09-06,7,543
Vorst (Brussel-Hoofdstad),21007,2020-09-07,3,546
Vorst (Brussel-Hoofdstad),21007,2020-09-08,3,549
Vorst (Brussel-Hoofdstad),21007,2020-09-09,4,553
Vorst (Brussel-Hoofdstad),21007,2020-09-10,8,561
Vorst (Brussel-Hoofdstad),21007,2020-09-11,12,573
Vorst (Brussel-Hoofdstad),21007,2020-09-12,11,584
Vorst (Brussel-Hoofdstad),21007,2020-09-13,6,590
Vorst (Brussel-Hoofdstad),21007,2020-09-14,19,609
Vorst (Brussel-Hoofdstad),21007,2020-09-15,7,616
Vorst (Brussel-Hoofdstad),21007,2020-09-16,0,616
Vorst (Brussel-Hoofdstad),21007,2020-09-17,14,630
Vorst (Brussel-Hoofdstad),21007,2020-09-18,15,645
Vorst (Brussel-Hoofdstad),21007,2020-09-19,15,660
Vorst (Brussel-Hoofdstad),21007,2020-09-20,14,674
Vorst (Brussel-Hoofdstad),21007,2020-09-21,13,687
Vorst (Brussel-Hoofdstad),21007,2020-09-22,13,700
Vorst (Brussel-Hoofdstad),21007,2020-09-23,15,715
Vorst (Brussel-Hoofdstad),21007,2020-09-24,22,737
Vorst (Brussel-Hoofdstad),21007,2020-09-25,20,757
Vorst (Brussel-Hoofdstad),21007,2020-09-26,29,786
Vorst (Brussel-Hoofdstad),21007,2020-09-27,14,800
Vorst (Brussel-Hoofdstad),21007,2020-09-28,8,808
Vorst (Brussel-Hoofdstad),21007,2020-09-29,10,818
Vorst (Brussel-Hoofdstad),21007,2020-09-30,20,838
Vorst (Brussel-Hoofdstad),21007,2020-10-01,14,852
Vorst (Brussel-Hoofdstad),21007,2020-10-02,25,877
Vorst (Brussel-Hoofdstad),21007,2020-10-03,31,908
Vorst (Brussel-Hoofdstad),21007,2020-10-04,34,942
Vorst (Brussel-Hoofdstad),21007,2020-10-05,21,963
Vorst (Brussel-Hoofdstad),21007,2020-10-06,14,977
Vorst (Brussel-Hoofdstad),21007,2020-10-07,25,1002
Vorst (Brussel-Hoofdstad),21007,2020-10-08,24,1026
Vorst (Brussel-Hoofdstad),21007,2020-10-09,48,1074
Vorst (Brussel-Hoofdstad),21007,2020-10-10,53,1127
Vorst (Brussel-Hoofdstad),21007,2020-10-11,62,1189
Vorst (Brussel-Hoofdstad),21007,2020-10-12,40,1229
Vorst (Brussel-Hoofdstad),21007,2020-10-13,28,1257
Vorst (Brussel-Hoofdstad),21007,2020-10-14,31,1288
Vorst (Brussel-Hoofdstad),21007,2020-10-15,68,1356
Vorst (Brussel-Hoofdstad),21007,2020-10-16,85,1441
Vorst (Brussel-Hoofdstad),21007,2020-10-17,61,1502
Vorst (Brussel-Hoofdstad),21007,2020-10-18,66,1568
Vorst (Brussel-Hoofdstad),21007,2020-10-19,67,1635
Vorst (Brussel-Hoofdstad),21007,2020-10-20,58,1693
Vorst (Brussel-Hoofdstad),21007,2020-10-21,44,1737
Vorst (Brussel-Hoofdstad),21007,2020-10-22,93,1830
Vorst (Brussel-Hoofdstad),21007,2020-10-23,111,1941
Vorst (Brussel-Hoofdstad),21007,2020-10-24,153,2094
Vorst (Brussel-Hoofdstad),21007,2020-10-25,123,2217
Vorst (Brussel-Hoofdstad),21007,2020-10-26,99,2316
Vorst (Brussel-Hoofdstad),21007,2020-10-27,61,2377
Vorst (Brussel-Hoofdstad),21007,2020-10-28,65,2442
Vorst (Brussel-Hoofdstad),21007,2020-10-29,100,2542
Vorst (Brussel-Hoofdstad),21007,2020-10-30,143,2685
Vorst (Brussel-Hoofdstad),21007,2020-10-31,89,2774
Vorst (Brussel-Hoofdstad),21007,2020-11-01,79,2853
Vorst (Brussel-Hoofdstad),21007,2020-11-02,56,2909
Vorst (Brussel-Hoofdstad),21007,2020-11-03,19,2928
Vorst (Brussel-Hoofdstad),21007,2020-11-04,13,2941
Vorst (Brussel-Hoofdstad),21007,2020-11-05,84,3025
Vorst (Brussel-Hoofdstad),21007,2020-11-06,46,3071
Vorst (Brussel-Hoofdstad),21007,2020-11-07,47,3118
Vorst (Brussel-Hoofdstad),21007,2020-11-08,48,3166
Vorst (Brussel-Hoofdstad),21007,2020-11-09,32,3198
Vorst (Brussel-Hoofdstad),21007,2020-11-10,7,3205
Vorst (Brussel-Hoofdstad),21007,2020-11-11,18,3223
Ganshoren,21008,2020-04-01,4,26
Ganshoren,21008,2020-04-02,1,27
Ganshoren,21008,2020-04-03,4,31
Ganshoren,21008,2020-04-04,9,40
Ganshoren,21008,2020-04-05,5,45
Ganshoren,21008,2020-04-06,2,47
Ganshoren,21008,2020-04-07,0,47
Ganshoren,21008,2020-04-08,5,52
Ganshoren,21008,2020-04-09,9,61
Ganshoren,21008,2020-04-10,3,64
Ganshoren,21008,2020-04-11,3,67
Ganshoren,21008,2020-04-12,2,69
Ganshoren,21008,2020-04-13,8,77
Ganshoren,21008,2020-04-14,1,78
Ganshoren,21008,2020-04-15,3,81
Ganshoren,21008,2020-04-16,1,82
Ganshoren,21008,2020-04-17,4,86
Ganshoren,21008,2020-04-18,4,90
Ganshoren,21008,2020-04-19,3,93
Ganshoren,21008,2020-04-20,3,96
Ganshoren,21008,2020-04-21,0,96
Ganshoren,21008,2020-04-22,0,96
Ganshoren,21008,2020-04-23,6,102
Ganshoren,21008,2020-04-24,0,102
Ganshoren,21008,2020-04-25,5,107
Ganshoren,21008,2020-04-26,2,109
Ganshoren,21008,2020-04-27,0,109
Ganshoren,21008,2020-04-28,0,109
Ganshoren,21008,2020-04-29,1,110
Ganshoren,21008,2020-04-30,0,110
Ganshoren,21008,2020-05-01,0,110
Ganshoren,21008,2020-05-02,0,110
Ganshoren,21008,2020-05-03,1,111
Ganshoren,21008,2020-05-04,1,112
Ganshoren,21008,2020-05-05,1,113
Ganshoren,21008,2020-05-06,0,113
Ganshoren,21008,2020-05-07,5,118
Ganshoren,21008,2020-05-08,1,119
Ganshoren,21008,2020-05-09,1,120
Ganshoren,21008,2020-05-10,1,121
Ganshoren,21008,2020-05-11,1,122
Ganshoren,21008,2020-05-12,0,122
Ganshoren,21008,2020-05-13,0,122
Ganshoren,21008,2020-05-14,1,123
Ganshoren,21008,2020-05-15,1,124
Ganshoren,21008,2020-05-16,0,124
Ganshoren,21008,2020-05-17,0,124
Ganshoren,21008,2020-05-18,0,124
Ganshoren,21008,2020-05-19,0,124
Ganshoren,21008,2020-05-20,0,124
Ganshoren,21008,2020-05-21,0,124
Ganshoren,21008,2020-05-22,1,125
Ganshoren,21008,2020-05-23,1,126
Ganshoren,21008,2020-05-24,2,128
Ganshoren,21008,2020-05-25,0,128
Ganshoren,21008,2020-05-26,0,128
Ganshoren,21008,2020-05-27,0,128
Ganshoren,21008,2020-05-28,1,129
Ganshoren,21008,2020-05-29,1,130
Ganshoren,21008,2020-05-30,0,130
Ganshoren,21008,2020-05-31,0,130
Ganshoren,21008,2020-06-01,2,132
Ganshoren,21008,2020-06-02,1,133
Ganshoren,21008,2020-06-03,0,133
Ganshoren,21008,2020-06-04,0,133
Ganshoren,21008,2020-06-05,0,133
Ganshoren,21008,2020-06-06,0,133
Ganshoren,21008,2020-06-07,0,133
Ganshoren,21008,2020-06-08,0,133
Ganshoren,21008,2020-06-09,1,134
Ganshoren,21008,2020-06-10,0,134
Ganshoren,21008,2020-06-11,0,134
Ganshoren,21008,2020-06-12,0,134
Ganshoren,21008,2020-06-13,0,134
Ganshoren,21008,2020-06-14,0,134
Ganshoren,21008,2020-06-15,0,134
Ganshoren,21008,2020-06-16,0,134
Ganshoren,21008,2020-06-17,0,134
Ganshoren,21008,2020-06-18,3,137
Ganshoren,21008,2020-06-19,0,137
Ganshoren,21008,2020-06-20,0,137
Ganshoren,21008,2020-06-23,2,139
Ganshoren,21008,2020-06-24,0,139
Ganshoren,21008,2020-06-25,0,139
Ganshoren,21008,2020-06-26,0,139
Ganshoren,21008,2020-06-27,0,139
Ganshoren,21008,2020-06-30,0,139
Ganshoren,21008,2020-07-01,0,139
Ganshoren,21008,2020-07-02,1,140
Ganshoren,21008,2020-07-03,1,141
Ganshoren,21008,2020-07-04,0,141
Ganshoren,21008,2020-07-07,1,142
Ganshoren,21008,2020-07-08,0,142
Ganshoren,21008,2020-07-09,0,142
Ganshoren,21008,2020-07-10,0,142
Ganshoren,21008,2020-07-11,1,143
Ganshoren,21008,2020-07-14,0,143
Ganshoren,21008,2020-07-15,0,143
Ganshoren,21008,2020-07-16,0,143
Ganshoren,21008,2020-07-17,-1,142
Ganshoren,21008,2020-07-18,1,143
Ganshoren,21008,2020-07-20,1,144
Ganshoren,21008,2020-07-21,1,145
Ganshoren,21008,2020-07-22,0,145
Ganshoren,21008,2020-07-23,0,145
Ganshoren,21008,2020-07-24,0,145
Ganshoren,21008,2020-07-25,3,148
Ganshoren,21008,2020-07-26,4,152
Ganshoren,21008,2020-07-27,2,154
Ganshoren,21008,2020-07-28,1,155
Ganshoren,21008,2020-07-29,0,155
Ganshoren,21008,2020-07-30,0,155
Ganshoren,21008,2020-07-31,1,156
Ganshoren,21008,2020-08-01,5,161
Ganshoren,21008,2020-08-02,2,163
Ganshoren,21008,2020-08-03,2,165
Ganshoren,21008,2020-08-04,0,165
Ganshoren,21008,2020-08-05,0,165
Ganshoren,21008,2020-08-06,2,167
Ganshoren,21008,2020-08-07,4,171
Ganshoren,21008,2020-08-08,2,173
Ganshoren,21008,2020-08-09,2,175
Ganshoren,21008,2020-08-10,3,178
Ganshoren,21008,2020-08-11,1,179
Ganshoren,21008,2020-08-12,2,181
Ganshoren,21008,2020-08-13,1,182
Ganshoren,21008,2020-08-14,0,182
Ganshoren,21008,2020-08-15,1,183
Ganshoren,21008,2020-08-16,1,184
Ganshoren,21008,2020-08-17,0,184
Ganshoren,21008,2020-08-18,0,184
Ganshoren,21008,2020-08-19,2,186
Ganshoren,21008,2020-08-20,2,188
Ganshoren,21008,2020-08-21,8,196
Ganshoren,21008,2020-08-22,2,198
Ganshoren,21008,2020-08-23,4,202
Ganshoren,21008,2020-08-24,1,203
Ganshoren,21008,2020-08-25,0,203
Ganshoren,21008,2020-08-26,2,205
Ganshoren,21008,2020-08-27,6,211
Ganshoren,21008,2020-08-28,2,213
Ganshoren,21008,2020-08-29,1,214
Ganshoren,21008,2020-08-30,3,217
Ganshoren,21008,2020-08-31,5,222
Ganshoren,21008,2020-09-01,1,223
Ganshoren,21008,2020-09-02,0,223
Ganshoren,21008,2020-09-03,1,224
Ganshoren,21008,2020-09-04,3,227
Ganshoren,21008,2020-09-05,2,229
Ganshoren,21008,2020-09-06,2,231
Ganshoren,21008,2020-09-07,5,236
Ganshoren,21008,2020-09-08,0,236
Ganshoren,21008,2020-09-09,0,236
Ganshoren,21008,2020-09-10,1,237
Ganshoren,21008,2020-09-11,9,246
Ganshoren,21008,2020-09-12,3,249
Ganshoren,21008,2020-09-13,5,254
Ganshoren,21008,2020-09-14,5,259
Ganshoren,21008,2020-09-15,5,264
Ganshoren,21008,2020-09-16,4,268
Ganshoren,21008,2020-09-17,3,271
Ganshoren,21008,2020-09-18,11,282
Ganshoren,21008,2020-09-19,4,286
Ganshoren,21008,2020-09-20,3,289
Ganshoren,21008,2020-09-21,14,303
Ganshoren,21008,2020-09-22,12,315
Ganshoren,21008,2020-09-23,17,332
Ganshoren,21008,2020-09-24,11,343
Ganshoren,21008,2020-09-25,13,356
Ganshoren,21008,2020-09-26,14,370
Ganshoren,21008,2020-09-27,9,379
Ganshoren,21008,2020-09-28,2,381
Ganshoren,21008,2020-09-29,4,385
Ganshoren,21008,2020-09-30,20,405
Ganshoren,21008,2020-10-01,8,413
Ganshoren,21008,2020-10-02,14,427
Ganshoren,21008,2020-10-03,15,442
Ganshoren,21008,2020-10-04,19,461
Ganshoren,21008,2020-10-05,13,474
Ganshoren,21008,2020-10-06,12,486
Ganshoren,21008,2020-10-07,11,497
Ganshoren,21008,2020-10-08,12,509
Ganshoren,21008,2020-10-09,31,540
Ganshoren,21008,2020-10-10,23,563
Ganshoren,21008,2020-10-11,36,599
Ganshoren,21008,2020-10-12,23,622
Ganshoren,21008,2020-10-13,10,632
Ganshoren,21008,2020-10-14,13,645
Ganshoren,21008,2020-10-15,15,660
Ganshoren,21008,2020-10-16,36,696
Ganshoren,21008,2020-10-17,33,729
Ganshoren,21008,2020-10-18,30,759
Ganshoren,21008,2020-10-19,28,787
Ganshoren,21008,2020-10-20,27,814
Ganshoren,21008,2020-10-21,21,835
Ganshoren,21008,2020-10-22,31,866
Ganshoren,21008,2020-10-23,49,915
Ganshoren,21008,2020-10-24,50,965
Ganshoren,21008,2020-10-25,54,1019
Ganshoren,21008,2020-10-26,41,1060
Ganshoren,21008,2020-10-27,36,1096
Ganshoren,21008,2020-10-28,41,1137
Ganshoren,21008,2020-10-29,40,1177
Ganshoren,21008,2020-10-30,50,1227
Ganshoren,21008,2020-10-31,65,1292
Ganshoren,21008,2020-11-01,35,1327
Ganshoren,21008,2020-11-02,19,1346
Ganshoren,21008,2020-11-03,10,1356
Ganshoren,21008,2020-11-04,10,1366
Ganshoren,21008,2020-11-05,32,1398
Ganshoren,21008,2020-11-06,24,1422
Ganshoren,21008,2020-11-07,19,1441
Ganshoren,21008,2020-11-08,15,1456
Ganshoren,21008,2020-11-09,14,1470
Ganshoren,21008,2020-11-10,3,1473
Ganshoren,21008,2020-11-11,9,1482
Elsene,21009,2020-04-01,12,108
Elsene,21009,2020-04-02,5,113
Elsene,21009,2020-04-03,9,122
Elsene,21009,2020-04-04,19,141
Elsene,21009,2020-04-05,5,146
Elsene,21009,2020-04-06,7,153
Elsene,21009,2020-04-07,4,157
Elsene,21009,2020-04-08,6,163
Elsene,21009,2020-04-09,13,176
Elsene,21009,2020-04-10,12,188
Elsene,21009,2020-04-11,8,196
Elsene,21009,2020-04-12,10,206
Elsene,21009,2020-04-13,11,217
Elsene,21009,2020-04-14,2,219
Elsene,21009,2020-04-15,9,228
Elsene,21009,2020-04-16,7,235
Elsene,21009,2020-04-17,21,256
Elsene,21009,2020-04-18,4,260
Elsene,21009,2020-04-19,7,267
Elsene,21009,2020-04-20,7,274
Elsene,21009,2020-04-21,1,275
Elsene,21009,2020-04-22,2,277
Elsene,21009,2020-04-23,28,305
Elsene,21009,2020-04-24,4,309
Elsene,21009,2020-04-25,10,319
Elsene,21009,2020-04-26,2,321
Elsene,21009,2020-04-27,1,322
Elsene,21009,2020-04-28,3,325
Elsene,21009,2020-04-29,2,327
Elsene,21009,2020-04-30,3,330
Elsene,21009,2020-05-01,3,333
Elsene,21009,2020-05-02,3,336
Elsene,21009,2020-05-03,2,338
Elsene,21009,2020-05-04,0,338
Elsene,21009,2020-05-05,0,338
Elsene,21009,2020-05-06,0,338
Elsene,21009,2020-05-07,3,341
Elsene,21009,2020-05-08,4,345
Elsene,21009,2020-05-09,9,354
Elsene,21009,2020-05-10,1,355
Elsene,21009,2020-05-11,1,356
Elsene,21009,2020-05-12,1,357
Elsene,21009,2020-05-13,2,359
Elsene,21009,2020-05-14,1,360
Elsene,21009,2020-05-15,0,360
Elsene,21009,2020-05-16,4,364
Elsene,21009,2020-05-17,5,369
Elsene,21009,2020-05-18,2,371
Elsene,21009,2020-05-19,2,373
Elsene,21009,2020-05-20,4,377
Elsene,21009,2020-05-21,1,378
Elsene,21009,2020-05-22,3,381
Elsene,21009,2020-05-23,1,382
Elsene,21009,2020-05-24,2,384
Elsene,21009,2020-05-25,1,385
Elsene,21009,2020-05-26,1,386
Elsene,21009,2020-05-27,0,386
Elsene,21009,2020-05-28,2,388
Elsene,21009,2020-05-29,1,389
Elsene,21009,2020-05-30,0,389
Elsene,21009,2020-05-31,2,391
Elsene,21009,2020-06-01,2,393
Elsene,21009,2020-06-02,0,393
Elsene,21009,2020-06-03,0,393
Elsene,21009,2020-06-04,0,393
Elsene,21009,2020-06-05,0,393
Elsene,21009,2020-06-06,0,393
Elsene,21009,2020-06-07,1,394
Elsene,21009,2020-06-08,1,395
Elsene,21009,2020-06-09,0,395
Elsene,21009,2020-06-10,3,398
Elsene,21009,2020-06-11,2,400
Elsene,21009,2020-06-12,-1,399
Elsene,21009,2020-06-13,1,400
Elsene,21009,2020-06-14,0,400
Elsene,21009,2020-06-15,0,400
Elsene,21009,2020-06-16,0,400
Elsene,21009,2020-06-17,0,400
Elsene,21009,2020-06-18,1,401
Elsene,21009,2020-06-19,3,404
Elsene,21009,2020-06-20,2,406
Elsene,21009,2020-06-23,0,406
Elsene,21009,2020-06-24,0,406
Elsene,21009,2020-06-25,0,406
Elsene,21009,2020-06-26,1,407
Elsene,21009,2020-06-27,0,407
Elsene,21009,2020-06-30,1,408
Elsene,21009,2020-07-01,0,408
Elsene,21009,2020-07-02,2,410
Elsene,21009,2020-07-03,1,411
Elsene,21009,2020-07-04,0,411
Elsene,21009,2020-07-07,0,411
Elsene,21009,2020-07-08,0,411
Elsene,21009,2020-07-09,0,411
Elsene,21009,2020-07-10,1,412
Elsene,21009,2020-07-11,0,412
Elsene,21009,2020-07-14,1,413
Elsene,21009,2020-07-15,0,413
Elsene,21009,2020-07-16,0,413
Elsene,21009,2020-07-17,0,413
Elsene,21009,2020-07-18,0,413
Elsene,21009,2020-07-20,0,413
Elsene,21009,2020-07-21,2,415
Elsene,21009,2020-07-22,1,416
Elsene,21009,2020-07-23,1,417
Elsene,21009,2020-07-24,0,417
Elsene,21009,2020-07-25,3,420
Elsene,21009,2020-07-26,2,422
Elsene,21009,2020-07-27,1,423
Elsene,21009,2020-07-28,1,424
Elsene,21009,2020-07-29,1,425
Elsene,21009,2020-07-30,6,431
Elsene,21009,2020-07-31,6,437
Elsene,21009,2020-08-01,4,441
Elsene,21009,2020-08-02,6,447
Elsene,21009,2020-08-03,3,450
Elsene,21009,2020-08-04,2,452
Elsene,21009,2020-08-05,6,458
Elsene,21009,2020-08-06,5,463
Elsene,21009,2020-08-07,6,469
Elsene,21009,2020-08-08,3,472
Elsene,21009,2020-08-09,8,480
Elsene,21009,2020-08-10,9,489
Elsene,21009,2020-08-11,7,496
Elsene,21009,2020-08-12,3,499
Elsene,21009,2020-08-13,3,502
Elsene,21009,2020-08-14,5,507
Elsene,21009,2020-08-15,12,519
Elsene,21009,2020-08-16,13,532
Elsene,21009,2020-08-17,5,537
Elsene,21009,2020-08-18,1,538
Elsene,21009,2020-08-19,8,546
Elsene,21009,2020-08-20,4,550
Elsene,21009,2020-08-21,12,562
Elsene,21009,2020-08-22,15,577
Elsene,21009,2020-08-23,2,579
Elsene,21009,2020-08-24,3,582
Elsene,21009,2020-08-25,0,582
Elsene,21009,2020-08-26,7,589
Elsene,21009,2020-08-27,7,596
Elsene,21009,2020-08-28,2,598
Elsene,21009,2020-08-29,6,604
Elsene,21009,2020-08-30,9,613
Elsene,21009,2020-08-31,4,617
Elsene,21009,2020-09-01,1,618
Elsene,21009,2020-09-02,3,621
Elsene,21009,2020-09-03,5,626
Elsene,21009,2020-09-04,17,643
Elsene,21009,2020-09-05,18,661
Elsene,21009,2020-09-06,15,676
Elsene,21009,2020-09-07,13,689
Elsene,21009,2020-09-08,2,691
Elsene,21009,2020-09-09,13,704
Elsene,21009,2020-09-10,6,710
Elsene,21009,2020-09-11,12,722
Elsene,21009,2020-09-12,17,739
Elsene,21009,2020-09-13,14,753
Elsene,21009,2020-09-14,10,763
Elsene,21009,2020-09-15,15,778
Elsene,21009,2020-09-16,14,792
Elsene,21009,2020-09-17,14,806
Elsene,21009,2020-09-18,30,836
Elsene,21009,2020-09-19,32,868
Elsene,21009,2020-09-20,15,883
Elsene,21009,2020-09-21,18,901
Elsene,21009,2020-09-22,19,920
Elsene,21009,2020-09-23,27,947
Elsene,21009,2020-09-24,19,966
Elsene,21009,2020-09-25,36,1002
Elsene,21009,2020-09-26,24,1026
Elsene,21009,2020-09-27,17,1043
Elsene,21009,2020-09-28,18,1061
Elsene,21009,2020-09-29,13,1074
Elsene,21009,2020-09-30,26,1100
Elsene,21009,2020-10-01,8,1108
Elsene,21009,2020-10-02,30,1138
Elsene,21009,2020-10-03,35,1173
Elsene,21009,2020-10-04,40,1213
Elsene,21009,2020-10-05,22,1235
Elsene,21009,2020-10-06,6,1241
Elsene,21009,2020-10-07,22,1263
Elsene,21009,2020-10-08,33,1296
Elsene,21009,2020-10-09,65,1361
Elsene,21009,2020-10-10,60,1421
Elsene,21009,2020-10-11,95,1516
Elsene,21009,2020-10-12,56,1572
Elsene,21009,2020-10-13,34,1606
Elsene,21009,2020-10-14,49,1655
Elsene,21009,2020-10-15,84,1739
Elsene,21009,2020-10-16,94,1833
Elsene,21009,2020-10-17,113,1946
Elsene,21009,2020-10-18,139,2085
Elsene,21009,2020-10-19,91,2176
Elsene,21009,2020-10-20,80,2256
Elsene,21009,2020-10-21,67,2323
Elsene,21009,2020-10-22,158,2481
Elsene,21009,2020-10-23,146,2627
Elsene,21009,2020-10-24,151,2778
Elsene,21009,2020-10-25,162,2940
Elsene,21009,2020-10-26,157,3097
Elsene,21009,2020-10-27,118,3215
Elsene,21009,2020-10-28,88,3303
Elsene,21009,2020-10-29,160,3463
Elsene,21009,2020-10-30,249,3712
Elsene,21009,2020-10-31,141,3853
Elsene,21009,2020-11-01,124,3977
Elsene,21009,2020-11-02,78,4055
Elsene,21009,2020-11-03,30,4085
Elsene,21009,2020-11-04,33,4118
Elsene,21009,2020-11-05,97,4215
Elsene,21009,2020-11-06,59,4274
Elsene,21009,2020-11-07,49,4323
Elsene,21009,2020-11-08,39,4362
Elsene,21009,2020-11-09,33,4395
Elsene,21009,2020-11-10,12,4407
Elsene,21009,2020-11-11,25,4432
Jette,21010,2020-04-01,5,49
Jette,21010,2020-04-02,7,56
Jette,21010,2020-04-03,8,64
Jette,21010,2020-04-04,10,74
Jette,21010,2020-04-05,12,86
Jette,21010,2020-04-06,14,100
Jette,21010,2020-04-07,2,102
Jette,21010,2020-04-08,2,104
Jette,21010,2020-04-09,2,106
Jette,21010,2020-04-10,13,119
Jette,21010,2020-04-11,2,121
Jette,21010,2020-04-12,7,128
Jette,21010,2020-04-13,6,134
Jette,21010,2020-04-14,9,143
Jette,21010,2020-04-15,5,148
Jette,21010,2020-04-16,4,152
Jette,21010,2020-04-17,7,159
Jette,21010,2020-04-18,14,173
Jette,21010,2020-04-19,5,178
Jette,21010,2020-04-20,12,190
Jette,21010,2020-04-21,1,191
Jette,21010,2020-04-22,2,193
Jette,21010,2020-04-23,2,195
Jette,21010,2020-04-24,6,201
Jette,21010,2020-04-25,17,218
Jette,21010,2020-04-26,6,224
Jette,21010,2020-04-27,5,229
Jette,21010,2020-04-28,2,231
Jette,21010,2020-04-29,4,235
Jette,21010,2020-04-30,3,238
Jette,21010,2020-05-01,1,239
Jette,21010,2020-05-02,1,240
Jette,21010,2020-05-03,5,245
Jette,21010,2020-05-04,2,247
Jette,21010,2020-05-05,1,248
Jette,21010,2020-05-06,1,249
Jette,21010,2020-05-07,2,251
Jette,21010,2020-05-08,2,253
Jette,21010,2020-05-09,3,256
Jette,21010,2020-05-10,0,256
Jette,21010,2020-05-11,5,261
Jette,21010,2020-05-12,1,262
Jette,21010,2020-05-13,0,262
Jette,21010,2020-05-14,0,262
Jette,21010,2020-05-15,1,263
Jette,21010,2020-05-16,4,267
Jette,21010,2020-05-17,1,268
Jette,21010,2020-05-18,0,268
Jette,21010,2020-05-19,0,268
Jette,21010,2020-05-20,4,272
Jette,21010,2020-05-21,0,272
Jette,21010,2020-05-22,5,277
Jette,21010,2020-05-23,1,278
Jette,21010,2020-05-24,0,278
Jette,21010,2020-05-25,1,279
Jette,21010,2020-05-26,5,284
Jette,21010,2020-05-27,0,284
Jette,21010,2020-05-28,0,284
Jette,21010,2020-05-29,0,284
Jette,21010,2020-05-30,0,284
Jette,21010,2020-05-31,0,284
Jette,21010,2020-06-01,1,285
Jette,21010,2020-06-02,0,285
Jette,21010,2020-06-03,0,285
Jette,21010,2020-06-04,0,285
Jette,21010,2020-06-05,1,286
Jette,21010,2020-06-06,1,287
Jette,21010,2020-06-07,0,287
Jette,21010,2020-06-08,0,287
Jette,21010,2020-06-09,1,288
Jette,21010,2020-06-10,0,288
Jette,21010,2020-06-11,1,289
Jette,21010,2020-06-12,0,289
Jette,21010,2020-06-13,1,290
Jette,21010,2020-06-14,3,293
Jette,21010,2020-06-15,0,293
Jette,21010,2020-06-16,0,293
Jette,21010,2020-06-17,1,294
Jette,21010,2020-06-18,3,297
Jette,21010,2020-06-19,2,299
Jette,21010,2020-06-20,0,299
Jette,21010,2020-06-23,3,302
Jette,21010,2020-06-24,0,302
Jette,21010,2020-06-25,0,302
Jette,21010,2020-06-26,0,302
Jette,21010,2020-06-27,0,302
Jette,21010,2020-06-30,3,305
Jette,21010,2020-07-01,0,305
Jette,21010,2020-07-02,0,305
Jette,21010,2020-07-03,4,309
Jette,21010,2020-07-04,2,311
Jette,21010,2020-07-07,2,313
Jette,21010,2020-07-08,0,313
Jette,21010,2020-07-09,3,316
Jette,21010,2020-07-10,2,318
Jette,21010,2020-07-11,1,319
Jette,21010,2020-07-14,5,324
Jette,21010,2020-07-15,0,324
Jette,21010,2020-07-16,4,328
Jette,21010,2020-07-17,3,331
Jette,21010,2020-07-18,0,331
Jette,21010,2020-07-20,1,332
Jette,21010,2020-07-21,0,332
Jette,21010,2020-07-22,1,333
Jette,21010,2020-07-23,1,334
Jette,21010,2020-07-24,0,334
Jette,21010,2020-07-25,0,334
Jette,21010,2020-07-26,7,341
Jette,21010,2020-07-27,0,341
Jette,21010,2020-07-28,0,341
Jette,21010,2020-07-29,1,342
Jette,21010,2020-07-30,5,347
Jette,21010,2020-07-31,6,353
Jette,21010,2020-08-01,3,356
Jette,21010,2020-08-02,1,357
Jette,21010,2020-08-03,3,360
Jette,21010,2020-08-04,4,364
Jette,21010,2020-08-05,0,364
Jette,21010,2020-08-06,5,369
Jette,21010,2020-08-07,7,376
Jette,21010,2020-08-08,3,379
Jette,21010,2020-08-09,3,382
Jette,21010,2020-08-10,9,391
Jette,21010,2020-08-11,5,396
Jette,21010,2020-08-12,5,401
Jette,21010,2020-08-13,5,406
Jette,21010,2020-08-14,9,415
Jette,21010,2020-08-15,7,422
Jette,21010,2020-08-16,8,430
Jette,21010,2020-08-17,5,435
Jette,21010,2020-08-18,1,436
Jette,21010,2020-08-19,5,441
Jette,21010,2020-08-20,8,449
Jette,21010,2020-08-21,11,460
Jette,21010,2020-08-22,5,465
Jette,21010,2020-08-23,8,473
Jette,21010,2020-08-24,9,482
Jette,21010,2020-08-25,0,482
Jette,21010,2020-08-26,7,489
Jette,21010,2020-08-27,8,497
Jette,21010,2020-08-28,5,502
Jette,21010,2020-08-29,2,504
Jette,21010,2020-08-30,18,522
Jette,21010,2020-08-31,4,526
Jette,21010,2020-09-01,0,526
Jette,21010,2020-09-02,2,528
Jette,21010,2020-09-03,3,531
Jette,21010,2020-09-04,5,536
Jette,21010,2020-09-05,7,543
Jette,21010,2020-09-06,5,548
Jette,21010,2020-09-07,7,555
Jette,21010,2020-09-08,4,559
Jette,21010,2020-09-09,3,562
Jette,21010,2020-09-10,7,569
Jette,21010,2020-09-11,7,576
Jette,21010,2020-09-12,8,584
Jette,21010,2020-09-13,8,592
Jette,21010,2020-09-14,11,603
Jette,21010,2020-09-15,6,609
Jette,21010,2020-09-16,5,614
Jette,21010,2020-09-17,17,631
Jette,21010,2020-09-18,15,646
Jette,21010,2020-09-19,11,657
Jette,21010,2020-09-20,8,665
Jette,21010,2020-09-21,10,675
Jette,21010,2020-09-22,18,693
Jette,21010,2020-09-23,15,708
Jette,21010,2020-09-24,15,723
Jette,21010,2020-09-25,18,741
Jette,21010,2020-09-26,17,758
Jette,21010,2020-09-27,16,774
Jette,21010,2020-09-28,4,778
Jette,21010,2020-09-29,7,785
Jette,21010,2020-09-30,28,813
Jette,21010,2020-10-01,6,819
Jette,21010,2020-10-02,15,834
Jette,21010,2020-10-03,28,862
Jette,21010,2020-10-04,39,901
Jette,21010,2020-10-05,16,917
Jette,21010,2020-10-06,28,945
Jette,21010,2020-10-07,8,953
Jette,21010,2020-10-08,33,986
Jette,21010,2020-10-09,61,1047
Jette,21010,2020-10-10,37,1084
Jette,21010,2020-10-11,64,1148
Jette,21010,2020-10-12,41,1189
Jette,21010,2020-10-13,13,1202
Jette,21010,2020-10-14,23,1225
Jette,21010,2020-10-15,67,1292
Jette,21010,2020-10-16,84,1376
Jette,21010,2020-10-17,78,1454
Jette,21010,2020-10-18,49,1503
Jette,21010,2020-10-19,65,1568
Jette,21010,2020-10-20,39,1607
Jette,21010,2020-10-21,38,1645
Jette,21010,2020-10-22,75,1720
Jette,21010,2020-10-23,82,1802
Jette,21010,2020-10-24,89,1891
Jette,21010,2020-10-25,134,2025
Jette,21010,2020-10-26,82,2107
Jette,21010,2020-10-27,73,2180
Jette,21010,2020-10-28,77,2257
Jette,21010,2020-10-29,119,2376
Jette,21010,2020-10-30,125,2501
Jette,21010,2020-10-31,99,2600
Jette,21010,2020-11-01,64,2664
Jette,21010,2020-11-02,58,2722
Jette,21010,2020-11-03,19,2741
Jette,21010,2020-11-04,23,2764
Jette,21010,2020-11-05,122,2886
Jette,21010,2020-11-06,74,2960
Jette,21010,2020-11-07,40,3000
Jette,21010,2020-11-08,32,3032
Jette,21010,2020-11-09,24,3056
Jette,21010,2020-11-10,8,3064
Jette,21010,2020-11-11,14,3078
Koekelberg,21011,2020-04-01,3,30
Koekelberg,21011,2020-04-02,2,32
Koekelberg,21011,2020-04-03,4,36
Koekelberg,21011,2020-04-04,2,38
Koekelberg,21011,2020-04-05,2,40
Koekelberg,21011,2020-04-06,4,44
Koekelberg,21011,2020-04-07,1,45
Koekelberg,21011,2020-04-08,2,47
Koekelberg,21011,2020-04-09,1,48
Koekelberg,21011,2020-04-10,3,51
Koekelberg,21011,2020-04-11,2,53
Koekelberg,21011,2020-04-12,0,53
Koekelberg,21011,2020-04-13,3,56
Koekelberg,21011,2020-04-14,0,56
Koekelberg,21011,2020-04-15,6,62
Koekelberg,21011,2020-04-16,1,63
Koekelberg,21011,2020-04-17,3,66
Koekelberg,21011,2020-04-18,2,68
Koekelberg,21011,2020-04-19,2,70
Koekelberg,21011,2020-04-20,3,73
Koekelberg,21011,2020-04-21,2,75
Koekelberg,21011,2020-04-22,0,75
Koekelberg,21011,2020-04-23,2,77
Koekelberg,21011,2020-04-24,4,81
Koekelberg,21011,2020-04-25,4,85
Koekelberg,21011,2020-04-26,2,87
Koekelberg,21011,2020-04-27,0,87
Koekelberg,21011,2020-04-28,0,87
Koekelberg,21011,2020-04-29,2,89
Koekelberg,21011,2020-04-30,1,90
Koekelberg,21011,2020-05-01,0,90
Koekelberg,21011,2020-05-02,0,90
Koekelberg,21011,2020-05-03,1,91
Koekelberg,21011,2020-05-04,0,91
Koekelberg,21011,2020-05-05,1,92
Koekelberg,21011,2020-05-06,0,92
Koekelberg,21011,2020-05-07,2,94
Koekelberg,21011,2020-05-08,1,95
Koekelberg,21011,2020-05-09,1,96
Koekelberg,21011,2020-05-10,1,97
Koekelberg,21011,2020-05-11,0,97
Koekelberg,21011,2020-05-12,0,97
Koekelberg,21011,2020-05-13,0,97
Koekelberg,21011,2020-05-14,0,97
Koekelberg,21011,2020-05-15,0,97
Koekelberg,21011,2020-05-16,0,97
Koekelberg,21011,2020-05-17,0,97
Koekelberg,21011,2020-05-18,1,98
Koekelberg,21011,2020-05-19,0,98
Koekelberg,21011,2020-05-20,2,100
Koekelberg,21011,2020-05-21,0,100
Koekelberg,21011,2020-05-22,0,100
Koekelberg,21011,2020-05-23,0,100
Koekelberg,21011,2020-05-24,1,101
Koekelberg,21011,2020-05-25,0,101
Koekelberg,21011,2020-05-26,0,101
Koekelberg,21011,2020-05-27,1,102
Koekelberg,21011,2020-05-28,0,102
Koekelberg,21011,2020-05-29,0,102
Koekelberg,21011,2020-05-30,0,102
Koekelberg,21011,2020-05-31,0,102
Koekelberg,21011,2020-06-01,0,102
Koekelberg,21011,2020-06-02,0,102
Koekelberg,21011,2020-06-03,0,102
Koekelberg,21011,2020-06-04,0,102
Koekelberg,21011,2020-06-05,0,102
Koekelberg,21011,2020-06-06,0,102
Koekelberg,21011,2020-06-07,0,102
Koekelberg,21011,2020-06-08,0,102
Koekelberg,21011,2020-06-09,0,102
Koekelberg,21011,2020-06-10,0,102
Koekelberg,21011,2020-06-11,0,102
Koekelberg,21011,2020-06-12,0,102
Koekelberg,21011,2020-06-13,0,102
Koekelberg,21011,2020-06-14,1,103
Koekelberg,21011,2020-06-15,0,103
Koekelberg,21011,2020-06-16,0,103
Koekelberg,21011,2020-06-17,0,103
Koekelberg,21011,2020-06-18,0,103
Koekelberg,21011,2020-06-19,0,103
Koekelberg,21011,2020-06-20,0,103
Koekelberg,21011,2020-06-23,0,103
Koekelberg,21011,2020-06-24,0,103
Koekelberg,21011,2020-06-25,0,103
Koekelberg,21011,2020-06-26,0,103
Koekelberg,21011,2020-06-27,0,103
Koekelberg,21011,2020-06-30,0,103
Koekelberg,21011,2020-07-01,0,103
Koekelberg,21011,2020-07-02,2,105
Koekelberg,21011,2020-07-03,3,108
Koekelberg,21011,2020-07-04,0,108
Koekelberg,21011,2020-07-07,2,110
Koekelberg,21011,2020-07-08,0,110
Koekelberg,21011,2020-07-09,0,110
Koekelberg,21011,2020-07-10,0,110
Koekelberg,21011,2020-07-11,0,110
Koekelberg,21011,2020-07-14,2,112
Koekelberg,21011,2020-07-15,0,112
Koekelberg,21011,2020-07-16,1,113
Koekelberg,21011,2020-07-17,3,116
Koekelberg,21011,2020-07-18,0,116
Koekelberg,21011,2020-07-20,2,118
Koekelberg,21011,2020-07-21,0,118
Koekelberg,21011,2020-07-22,0,118
Koekelberg,21011,2020-07-23,0,118
Koekelberg,21011,2020-07-24,0,118
Koekelberg,21011,2020-07-25,0,118
Koekelberg,21011,2020-07-26,2,120
Koekelberg,21011,2020-07-27,1,121
Koekelberg,21011,2020-07-28,0,121
Koekelberg,21011,2020-07-29,0,121
Koekelberg,21011,2020-07-30,0,121
Koekelberg,21011,2020-07-31,1,122
Koekelberg,21011,2020-08-01,4,126
Koekelberg,21011,2020-08-02,0,126
Koekelberg,21011,2020-08-03,0,126
Koekelberg,21011,2020-08-04,0,126
Koekelberg,21011,2020-08-05,1,127
Koekelberg,21011,2020-08-06,1,128
Koekelberg,21011,2020-08-07,2,130
Koekelberg,21011,2020-08-08,0,130
Koekelberg,21011,2020-08-09,1,131
Koekelberg,21011,2020-08-10,3,134
Koekelberg,21011,2020-08-11,0,134
Koekelberg,21011,2020-08-12,2,136
Koekelberg,21011,2020-08-13,2,138
Koekelberg,21011,2020-08-14,3,141
Koekelberg,21011,2020-08-15,3,144
Koekelberg,21011,2020-08-16,5,149
Koekelberg,21011,2020-08-17,1,150
Koekelberg,21011,2020-08-18,0,150
Koekelberg,21011,2020-08-19,2,152
Koekelberg,21011,2020-08-20,5,157
Koekelberg,21011,2020-08-21,3,160
Koekelberg,21011,2020-08-22,3,163
Koekelberg,21011,2020-08-23,0,163
Koekelberg,21011,2020-08-24,1,164
Koekelberg,21011,2020-08-25,0,164
Koekelberg,21011,2020-08-26,4,168
Koekelberg,21011,2020-08-27,7,175
Koekelberg,21011,2020-08-28,3,178
Koekelberg,21011,2020-08-29,0,178
Koekelberg,21011,2020-08-30,7,185
Koekelberg,21011,2020-08-31,5,190
Koekelberg,21011,2020-09-01,1,191
Koekelberg,21011,2020-09-02,2,193
Koekelberg,21011,2020-09-03,0,193
Koekelberg,21011,2020-09-04,4,197
Koekelberg,21011,2020-09-05,7,204
Koekelberg,21011,2020-09-06,2,206
Koekelberg,21011,2020-09-07,4,210
Koekelberg,21011,2020-09-08,1,211
Koekelberg,21011,2020-09-09,0,211
Koekelberg,21011,2020-09-10,1,212
Koekelberg,21011,2020-09-11,1,213
Koekelberg,21011,2020-09-12,7,220
Koekelberg,21011,2020-09-13,2,222
Koekelberg,21011,2020-09-14,8,230
Koekelberg,21011,2020-09-15,1,231
Koekelberg,21011,2020-09-16,2,233
Koekelberg,21011,2020-09-17,3,236
Koekelberg,21011,2020-09-18,10,246
Koekelberg,21011,2020-09-19,7,253
Koekelberg,21011,2020-09-20,4,257
Koekelberg,21011,2020-09-21,8,265
Koekelberg,21011,2020-09-22,8,273
Koekelberg,21011,2020-09-23,17,290
Koekelberg,21011,2020-09-24,6,296
Koekelberg,21011,2020-09-25,19,315
Koekelberg,21011,2020-09-26,15,330
Koekelberg,21011,2020-09-27,8,338
Koekelberg,21011,2020-09-28,7,345
Koekelberg,21011,2020-09-29,4,349
Koekelberg,21011,2020-09-30,10,359
Koekelberg,21011,2020-10-01,5,364
Koekelberg,21011,2020-10-02,8,372
Koekelberg,21011,2020-10-03,12,384
Koekelberg,21011,2020-10-04,30,414
Koekelberg,21011,2020-10-05,6,420
Koekelberg,21011,2020-10-06,11,431
Koekelberg,21011,2020-10-07,10,441
Koekelberg,21011,2020-10-08,17,458
Koekelberg,21011,2020-10-09,23,481
Koekelberg,21011,2020-10-10,24,505
Koekelberg,21011,2020-10-11,38,543
Koekelberg,21011,2020-10-12,14,557
Koekelberg,21011,2020-10-13,19,576
Koekelberg,21011,2020-10-14,27,603
Koekelberg,21011,2020-10-15,20,623
Koekelberg,21011,2020-10-16,26,649
Koekelberg,21011,2020-10-17,28,677
Koekelberg,21011,2020-10-18,29,706
Koekelberg,21011,2020-10-19,25,731
Koekelberg,21011,2020-10-20,26,757
Koekelberg,21011,2020-10-21,13,770
Koekelberg,21011,2020-10-22,48,818
Koekelberg,21011,2020-10-23,38,856
Koekelberg,21011,2020-10-24,61,917
Koekelberg,21011,2020-10-25,57,974
Koekelberg,21011,2020-10-26,44,1018
Koekelberg,21011,2020-10-27,37,1055
Koekelberg,21011,2020-10-28,28,1083
Koekelberg,21011,2020-10-29,47,1130
Koekelberg,21011,2020-10-30,58,1188
Koekelberg,21011,2020-10-31,30,1218
Koekelberg,21011,2020-11-01,27,1245
Koekelberg,21011,2020-11-02,49,1294
Koekelberg,21011,2020-11-03,10,1304
Koekelberg,21011,2020-11-04,5,1309
Koekelberg,21011,2020-11-05,34,1343
Koekelberg,21011,2020-11-06,28,1371
Koekelberg,21011,2020-11-07,24,1395
Koekelberg,21011,2020-11-08,16,1411
Koekelberg,21011,2020-11-09,11,1422
Koekelberg,21011,2020-11-10,5,1427
Koekelberg,21011,2020-11-11,4,1431
Sint-Jans-Molenbeek,21012,2020-04-01,9,162
Sint-Jans-Molenbeek,21012,2020-04-02,10,172
Sint-Jans-Molenbeek,21012,2020-04-03,19,191
Sint-Jans-Molenbeek,21012,2020-04-04,11,202
Sint-Jans-Molenbeek,21012,2020-04-05,13,215
Sint-Jans-Molenbeek,21012,2020-04-06,11,226
Sint-Jans-Molenbeek,21012,2020-04-07,2,228
Sint-Jans-Molenbeek,21012,2020-04-08,8,236
Sint-Jans-Molenbeek,21012,2020-04-09,8,244
Sint-Jans-Molenbeek,21012,2020-04-10,23,267
Sint-Jans-Molenbeek,21012,2020-04-11,21,288
Sint-Jans-Molenbeek,21012,2020-04-12,5,293
Sint-Jans-Molenbeek,21012,2020-04-13,7,300
Sint-Jans-Molenbeek,21012,2020-04-14,1,301
Sint-Jans-Molenbeek,21012,2020-04-15,10,311
Sint-Jans-Molenbeek,21012,2020-04-16,4,315
Sint-Jans-Molenbeek,21012,2020-04-17,16,331
Sint-Jans-Molenbeek,21012,2020-04-18,16,347
Sint-Jans-Molenbeek,21012,2020-04-19,15,362
Sint-Jans-Molenbeek,21012,2020-04-20,4,366
Sint-Jans-Molenbeek,21012,2020-04-21,2,368
Sint-Jans-Molenbeek,21012,2020-04-22,2,370
Sint-Jans-Molenbeek,21012,2020-04-23,3,373
Sint-Jans-Molenbeek,21012,2020-04-24,12,385
Sint-Jans-Molenbeek,21012,2020-04-25,12,397
Sint-Jans-Molenbeek,21012,2020-04-26,3,400
Sint-Jans-Molenbeek,21012,2020-04-27,7,407
Sint-Jans-Molenbeek,21012,2020-04-28,6,413
Sint-Jans-Molenbeek,21012,2020-04-29,10,423
Sint-Jans-Molenbeek,21012,2020-04-30,10,433
Sint-Jans-Molenbeek,21012,2020-05-01,8,441
Sint-Jans-Molenbeek,21012,2020-05-02,12,453
Sint-Jans-Molenbeek,21012,2020-05-03,9,462
Sint-Jans-Molenbeek,21012,2020-05-04,6,468
Sint-Jans-Molenbeek,21012,2020-05-05,1,469
Sint-Jans-Molenbeek,21012,2020-05-06,0,469
Sint-Jans-Molenbeek,21012,2020-05-07,9,478
Sint-Jans-Molenbeek,21012,2020-05-08,4,482
Sint-Jans-Molenbeek,21012,2020-05-09,8,490
Sint-Jans-Molenbeek,21012,2020-05-10,3,493
Sint-Jans-Molenbeek,21012,2020-05-11,3,496
Sint-Jans-Molenbeek,21012,2020-05-12,3,499
Sint-Jans-Molenbeek,21012,2020-05-13,1,500
Sint-Jans-Molenbeek,21012,2020-05-14,2,502
Sint-Jans-Molenbeek,21012,2020-05-15,4,506
Sint-Jans-Molenbeek,21012,2020-05-16,2,508
Sint-Jans-Molenbeek,21012,2020-05-17,3,511
Sint-Jans-Molenbeek,21012,2020-05-18,5,516
Sint-Jans-Molenbeek,21012,2020-05-19,1,517
Sint-Jans-Molenbeek,21012,2020-05-20,2,519
Sint-Jans-Molenbeek,21012,2020-05-21,3,522
Sint-Jans-Molenbeek,21012,2020-05-22,2,524
Sint-Jans-Molenbeek,21012,2020-05-23,2,526
Sint-Jans-Molenbeek,21012,2020-05-24,2,528
Sint-Jans-Molenbeek,21012,2020-05-25,4,532
Sint-Jans-Molenbeek,21012,2020-05-26,2,534
Sint-Jans-Molenbeek,21012,2020-05-27,3,537
Sint-Jans-Molenbeek,21012,2020-05-28,2,539
Sint-Jans-Molenbeek,21012,2020-05-29,1,540
Sint-Jans-Molenbeek,21012,2020-05-30,1,541
Sint-Jans-Molenbeek,21012,2020-05-31,1,542
Sint-Jans-Molenbeek,21012,2020-06-01,3,545
Sint-Jans-Molenbeek,21012,2020-06-02,4,549
Sint-Jans-Molenbeek,21012,2020-06-03,1,550
Sint-Jans-Molenbeek,21012,2020-06-04,0,550
Sint-Jans-Molenbeek,21012,2020-06-05,7,557
Sint-Jans-Molenbeek,21012,2020-06-06,1,558
Sint-Jans-Molenbeek,21012,2020-06-07,2,560
Sint-Jans-Molenbeek,21012,2020-06-08,1,561
Sint-Jans-Molenbeek,21012,2020-06-09,0,561
Sint-Jans-Molenbeek,21012,2020-06-10,2,563
Sint-Jans-Molenbeek,21012,2020-06-11,3,566
Sint-Jans-Molenbeek,21012,2020-06-12,3,569
Sint-Jans-Molenbeek,21012,2020-06-13,3,572
Sint-Jans-Molenbeek,21012,2020-06-14,0,572
Sint-Jans-Molenbeek,21012,2020-06-15,3,575
Sint-Jans-Molenbeek,21012,2020-06-16,0,575
Sint-Jans-Molenbeek,21012,2020-06-17,0,575
Sint-Jans-Molenbeek,21012,2020-06-18,0,575
Sint-Jans-Molenbeek,21012,2020-06-19,1,576
Sint-Jans-Molenbeek,21012,2020-06-20,2,578
Sint-Jans-Molenbeek,21012,2020-06-23,5,583
Sint-Jans-Molenbeek,21012,2020-06-24,1,584
Sint-Jans-Molenbeek,21012,2020-06-25,2,586
Sint-Jans-Molenbeek,21012,2020-06-26,2,588
Sint-Jans-Molenbeek,21012,2020-06-27,0,588
Sint-Jans-Molenbeek,21012,2020-06-30,4,592
Sint-Jans-Molenbeek,21012,2020-07-01,2,594
Sint-Jans-Molenbeek,21012,2020-07-02,2,596
Sint-Jans-Molenbeek,21012,2020-07-03,7,603
Sint-Jans-Molenbeek,21012,2020-07-04,2,605
Sint-Jans-Molenbeek,21012,2020-07-07,2,607
Sint-Jans-Molenbeek,21012,2020-07-08,0,607
Sint-Jans-Molenbeek,21012,2020-07-09,2,609
Sint-Jans-Molenbeek,21012,2020-07-10,1,610
Sint-Jans-Molenbeek,21012,2020-07-11,1,611
Sint-Jans-Molenbeek,21012,2020-07-14,3,614
Sint-Jans-Molenbeek,21012,2020-07-15,0,614
Sint-Jans-Molenbeek,21012,2020-07-16,5,619
Sint-Jans-Molenbeek,21012,2020-07-17,0,619
Sint-Jans-Molenbeek,21012,2020-07-18,3,622
Sint-Jans-Molenbeek,21012,2020-07-20,1,623
Sint-Jans-Molenbeek,21012,2020-07-21,2,625
Sint-Jans-Molenbeek,21012,2020-07-22,0,625
Sint-Jans-Molenbeek,21012,2020-07-23,3,628
Sint-Jans-Molenbeek,21012,2020-07-24,1,629
Sint-Jans-Molenbeek,21012,2020-07-25,1,630
Sint-Jans-Molenbeek,21012,2020-07-26,4,634
Sint-Jans-Molenbeek,21012,2020-07-27,2,636
Sint-Jans-Molenbeek,21012,2020-07-28,3,639
Sint-Jans-Molenbeek,21012,2020-07-29,1,640
Sint-Jans-Molenbeek,21012,2020-07-30,8,648
Sint-Jans-Molenbeek,21012,2020-07-31,3,651
Sint-Jans-Molenbeek,21012,2020-08-01,13,664
Sint-Jans-Molenbeek,21012,2020-08-02,3,667
Sint-Jans-Molenbeek,21012,2020-08-03,3,670
Sint-Jans-Molenbeek,21012,2020-08-04,5,675
Sint-Jans-Molenbeek,21012,2020-08-05,4,679
Sint-Jans-Molenbeek,21012,2020-08-06,3,682
Sint-Jans-Molenbeek,21012,2020-08-07,17,699
Sint-Jans-Molenbeek,21012,2020-08-08,7,706
Sint-Jans-Molenbeek,21012,2020-08-09,6,712
Sint-Jans-Molenbeek,21012,2020-08-10,9,721
Sint-Jans-Molenbeek,21012,2020-08-11,10,731
Sint-Jans-Molenbeek,21012,2020-08-12,12,743
Sint-Jans-Molenbeek,21012,2020-08-13,10,753
Sint-Jans-Molenbeek,21012,2020-08-14,10,763
Sint-Jans-Molenbeek,21012,2020-08-15,7,770
Sint-Jans-Molenbeek,21012,2020-08-16,23,793
Sint-Jans-Molenbeek,21012,2020-08-17,13,806
Sint-Jans-Molenbeek,21012,2020-08-18,8,814
Sint-Jans-Molenbeek,21012,2020-08-19,6,820
Sint-Jans-Molenbeek,21012,2020-08-20,19,839
Sint-Jans-Molenbeek,21012,2020-08-21,21,860
Sint-Jans-Molenbeek,21012,2020-08-22,15,875
Sint-Jans-Molenbeek,21012,2020-08-23,18,893
Sint-Jans-Molenbeek,21012,2020-08-24,16,909
Sint-Jans-Molenbeek,21012,2020-08-25,6,915
Sint-Jans-Molenbeek,21012,2020-08-26,10,925
Sint-Jans-Molenbeek,21012,2020-08-27,19,944
Sint-Jans-Molenbeek,21012,2020-08-28,13,957
Sint-Jans-Molenbeek,21012,2020-08-29,25,982
Sint-Jans-Molenbeek,21012,2020-08-30,25,1007
Sint-Jans-Molenbeek,21012,2020-08-31,14,1021
Sint-Jans-Molenbeek,21012,2020-09-01,0,1021
Sint-Jans-Molenbeek,21012,2020-09-02,3,1024
Sint-Jans-Molenbeek,21012,2020-09-03,13,1037
Sint-Jans-Molenbeek,21012,2020-09-04,11,1048
Sint-Jans-Molenbeek,21012,2020-09-05,18,1066
Sint-Jans-Molenbeek,21012,2020-09-06,29,1095
Sint-Jans-Molenbeek,21012,2020-09-07,19,1114
Sint-Jans-Molenbeek,21012,2020-09-08,10,1124
Sint-Jans-Molenbeek,21012,2020-09-09,10,1134
Sint-Jans-Molenbeek,21012,2020-09-10,14,1148
Sint-Jans-Molenbeek,21012,2020-09-11,12,1160
Sint-Jans-Molenbeek,21012,2020-09-12,15,1175
Sint-Jans-Molenbeek,21012,2020-09-13,9,1184
Sint-Jans-Molenbeek,21012,2020-09-14,16,1200
Sint-Jans-Molenbeek,21012,2020-09-15,17,1217
Sint-Jans-Molenbeek,21012,2020-09-16,13,1230
Sint-Jans-Molenbeek,21012,2020-09-17,12,1242
Sint-Jans-Molenbeek,21012,2020-09-18,97,1339
Sint-Jans-Molenbeek,21012,2020-09-19,16,1355
Sint-Jans-Molenbeek,21012,2020-09-20,32,1387
Sint-Jans-Molenbeek,21012,2020-09-21,20,1407
Sint-Jans-Molenbeek,21012,2020-09-22,18,1425
Sint-Jans-Molenbeek,21012,2020-09-23,87,1512
Sint-Jans-Molenbeek,21012,2020-09-24,29,1541
Sint-Jans-Molenbeek,21012,2020-09-25,42,1583
Sint-Jans-Molenbeek,21012,2020-09-26,67,1650
Sint-Jans-Molenbeek,21012,2020-09-27,61,1711
Sint-Jans-Molenbeek,21012,2020-09-28,25,1736
Sint-Jans-Molenbeek,21012,2020-09-29,33,1769
Sint-Jans-Molenbeek,21012,2020-09-30,55,1824
Sint-Jans-Molenbeek,21012,2020-10-01,31,1855
Sint-Jans-Molenbeek,21012,2020-10-02,78,1933
Sint-Jans-Molenbeek,21012,2020-10-03,83,2016
Sint-Jans-Molenbeek,21012,2020-10-04,154,2170
Sint-Jans-Molenbeek,21012,2020-10-05,52,2222
Sint-Jans-Molenbeek,21012,2020-10-06,45,2267
Sint-Jans-Molenbeek,21012,2020-10-07,65,2332
Sint-Jans-Molenbeek,21012,2020-10-08,98,2430
Sint-Jans-Molenbeek,21012,2020-10-09,126,2556
Sint-Jans-Molenbeek,21012,2020-10-10,179,2735
Sint-Jans-Molenbeek,21012,2020-10-11,188,2923
Sint-Jans-Molenbeek,21012,2020-10-12,138,3061
Sint-Jans-Molenbeek,21012,2020-10-13,87,3148
Sint-Jans-Molenbeek,21012,2020-10-14,82,3230
Sint-Jans-Molenbeek,21012,2020-10-15,129,3359
Sint-Jans-Molenbeek,21012,2020-10-16,161,3520
Sint-Jans-Molenbeek,21012,2020-10-17,139,3659
Sint-Jans-Molenbeek,21012,2020-10-18,207,3866
Sint-Jans-Molenbeek,21012,2020-10-19,136,4002
Sint-Jans-Molenbeek,21012,2020-10-20,115,4117
Sint-Jans-Molenbeek,21012,2020-10-21,73,4190
Sint-Jans-Molenbeek,21012,2020-10-22,227,4417
Sint-Jans-Molenbeek,21012,2020-10-23,189,4606
Sint-Jans-Molenbeek,21012,2020-10-24,209,4815
Sint-Jans-Molenbeek,21012,2020-10-25,304,5119
Sint-Jans-Molenbeek,21012,2020-10-26,161,5280
Sint-Jans-Molenbeek,21012,2020-10-27,115,5395
Sint-Jans-Molenbeek,21012,2020-10-28,133,5528
Sint-Jans-Molenbeek,21012,2020-10-29,186,5714
Sint-Jans-Molenbeek,21012,2020-10-30,357,6071
Sint-Jans-Molenbeek,21012,2020-10-31,187,6258
Sint-Jans-Molenbeek,21012,2020-11-01,200,6458
Sint-Jans-Molenbeek,21012,2020-11-02,103,6561
Sint-Jans-Molenbeek,21012,2020-11-03,33,6594
Sint-Jans-Molenbeek,21012,2020-11-04,29,6623
Sint-Jans-Molenbeek,21012,2020-11-05,160,6783
Sint-Jans-Molenbeek,21012,2020-11-06,94,6877
Sint-Jans-Molenbeek,21012,2020-11-07,74,6951
Sint-Jans-Molenbeek,21012,2020-11-08,83,7034
Sint-Jans-Molenbeek,21012,2020-11-09,42,7076
Sint-Jans-Molenbeek,21012,2020-11-10,24,7100
Sint-Jans-Molenbeek,21012,2020-11-11,24,7124
Sint-Gillis,21013,2020-04-01,5,69
Sint-Gillis,21013,2020-04-02,6,75
Sint-Gillis,21013,2020-04-03,11,86
Sint-Gillis,21013,2020-04-04,2,88
Sint-Gillis,21013,2020-04-05,5,93
Sint-Gillis,21013,2020-04-06,5,98
Sint-Gillis,21013,2020-04-07,1,99
Sint-Gillis,21013,2020-04-08,2,101
Sint-Gillis,21013,2020-04-09,5,106
Sint-Gillis,21013,2020-04-10,4,110
Sint-Gillis,21013,2020-04-11,2,112
Sint-Gillis,21013,2020-04-12,2,114
Sint-Gillis,21013,2020-04-13,6,120
Sint-Gillis,21013,2020-04-14,2,122
Sint-Gillis,21013,2020-04-15,11,133
Sint-Gillis,21013,2020-04-16,0,133
Sint-Gillis,21013,2020-04-17,4,137
Sint-Gillis,21013,2020-04-18,4,141
Sint-Gillis,21013,2020-04-19,1,142
Sint-Gillis,21013,2020-04-20,6,148
Sint-Gillis,21013,2020-04-21,0,148
Sint-Gillis,21013,2020-04-22,2,150
Sint-Gillis,21013,2020-04-23,4,154
Sint-Gillis,21013,2020-04-24,8,162
Sint-Gillis,21013,2020-04-25,5,167
Sint-Gillis,21013,2020-04-26,1,168
Sint-Gillis,21013,2020-04-27,9,177
Sint-Gillis,21013,2020-04-28,5,182
Sint-Gillis,21013,2020-04-29,1,183
Sint-Gillis,21013,2020-04-30,1,184
Sint-Gillis,21013,2020-05-01,1,185
Sint-Gillis,21013,2020-05-02,2,187
Sint-Gillis,21013,2020-05-03,6,193
Sint-Gillis,21013,2020-05-04,0,193
Sint-Gillis,21013,2020-05-05,1,194
Sint-Gillis,21013,2020-05-06,1,195
Sint-Gillis,21013,2020-05-07,3,198
Sint-Gillis,21013,2020-05-08,1,199
Sint-Gillis,21013,2020-05-09,2,201
Sint-Gillis,21013,2020-05-10,0,201
Sint-Gillis,21013,2020-05-11,2,203
Sint-Gillis,21013,2020-05-12,2,205
Sint-Gillis,21013,2020-05-13,1,206
Sint-Gillis,21013,2020-05-14,2,208
Sint-Gillis,21013,2020-05-15,2,210
Sint-Gillis,21013,2020-05-16,3,213
Sint-Gillis,21013,2020-05-17,6,219
Sint-Gillis,21013,2020-05-18,0,219
Sint-Gillis,21013,2020-05-19,0,219
Sint-Gillis,21013,2020-05-20,0,219
Sint-Gillis,21013,2020-05-21,0,219
Sint-Gillis,21013,2020-05-22,3,222
Sint-Gillis,21013,2020-05-23,3,225
Sint-Gillis,21013,2020-05-24,1,226
Sint-Gillis,21013,2020-05-25,2,228
Sint-Gillis,21013,2020-05-26,0,228
Sint-Gillis,21013,2020-05-27,0,228
Sint-Gillis,21013,2020-05-28,2,230
Sint-Gillis,21013,2020-05-29,2,232
Sint-Gillis,21013,2020-05-30,0,232
Sint-Gillis,21013,2020-05-31,2,234
Sint-Gillis,21013,2020-06-01,2,236
Sint-Gillis,21013,2020-06-02,0,236
Sint-Gillis,21013,2020-06-03,2,238
Sint-Gillis,21013,2020-06-04,1,239
Sint-Gillis,21013,2020-06-05,3,242
Sint-Gillis,21013,2020-06-06,0,242
Sint-Gillis,21013,2020-06-07,1,243
Sint-Gillis,21013,2020-06-08,0,243
Sint-Gillis,21013,2020-06-09,1,244
Sint-Gillis,21013,2020-06-10,1,245
Sint-Gillis,21013,2020-06-11,3,248
Sint-Gillis,21013,2020-06-12,0,248
Sint-Gillis,21013,2020-06-13,2,250
Sint-Gillis,21013,2020-06-14,0,250
Sint-Gillis,21013,2020-06-15,1,251
Sint-Gillis,21013,2020-06-16,0,251
Sint-Gillis,21013,2020-06-17,0,251
Sint-Gillis,21013,2020-06-18,0,251
Sint-Gillis,21013,2020-06-19,0,251
Sint-Gillis,21013,2020-06-20,0,251
Sint-Gillis,21013,2020-06-23,0,251
Sint-Gillis,21013,2020-06-24,0,251
Sint-Gillis,21013,2020-06-25,0,251
Sint-Gillis,21013,2020-06-26,0,251
Sint-Gillis,21013,2020-06-27,0,251
Sint-Gillis,21013,2020-06-30,1,252
Sint-Gillis,21013,2020-07-01,0,252
Sint-Gillis,21013,2020-07-02,0,252
Sint-Gillis,21013,2020-07-03,1,253
Sint-Gillis,21013,2020-07-04,0,253
Sint-Gillis,21013,2020-07-07,1,254
Sint-Gillis,21013,2020-07-08,1,255
Sint-Gillis,21013,2020-07-09,1,256
Sint-Gillis,21013,2020-07-10,1,257
Sint-Gillis,21013,2020-07-11,0,257
Sint-Gillis,21013,2020-07-14,0,257
Sint-Gillis,21013,2020-07-15,0,257
Sint-Gillis,21013,2020-07-16,1,258
Sint-Gillis,21013,2020-07-17,1,259
Sint-Gillis,21013,2020-07-18,1,260
Sint-Gillis,21013,2020-07-20,2,262
Sint-Gillis,21013,2020-07-21,0,262
Sint-Gillis,21013,2020-07-22,2,264
Sint-Gillis,21013,2020-07-23,1,265
Sint-Gillis,21013,2020-07-24,4,269
Sint-Gillis,21013,2020-07-25,2,271
Sint-Gillis,21013,2020-07-26,4,275
Sint-Gillis,21013,2020-07-27,1,276
Sint-Gillis,21013,2020-07-28,0,276
Sint-Gillis,21013,2020-07-29,0,276
Sint-Gillis,21013,2020-07-30,19,295
Sint-Gillis,21013,2020-07-31,3,298
Sint-Gillis,21013,2020-08-01,12,310
Sint-Gillis,21013,2020-08-02,6,316
Sint-Gillis,21013,2020-08-03,2,318
Sint-Gillis,21013,2020-08-04,4,322
Sint-Gillis,21013,2020-08-05,5,327
Sint-Gillis,21013,2020-08-06,2,329
Sint-Gillis,21013,2020-08-07,7,336
Sint-Gillis,21013,2020-08-08,4,340
Sint-Gillis,21013,2020-08-09,2,342
Sint-Gillis,21013,2020-08-10,3,345
Sint-Gillis,21013,2020-08-11,7,352
Sint-Gillis,21013,2020-08-12,5,357
Sint-Gillis,21013,2020-08-13,2,359
Sint-Gillis,21013,2020-08-14,7,366
Sint-Gillis,21013,2020-08-15,4,370
Sint-Gillis,21013,2020-08-16,12,382
Sint-Gillis,21013,2020-08-17,5,387
Sint-Gillis,21013,2020-08-18,1,388
Sint-Gillis,21013,2020-08-19,3,391
Sint-Gillis,21013,2020-08-20,2,393
Sint-Gillis,21013,2020-08-21,8,401
Sint-Gillis,21013,2020-08-22,6,407
Sint-Gillis,21013,2020-08-23,16,423
Sint-Gillis,21013,2020-08-24,5,428
Sint-Gillis,21013,2020-08-25,0,428
Sint-Gillis,21013,2020-08-26,2,430
Sint-Gillis,21013,2020-08-27,5,435
Sint-Gillis,21013,2020-08-28,1,436
Sint-Gillis,21013,2020-08-29,2,438
Sint-Gillis,21013,2020-08-30,5,443
Sint-Gillis,21013,2020-08-31,3,446
Sint-Gillis,21013,2020-09-01,0,446
Sint-Gillis,21013,2020-09-02,1,447
Sint-Gillis,21013,2020-09-03,3,450
Sint-Gillis,21013,2020-09-04,6,456
Sint-Gillis,21013,2020-09-05,4,460
Sint-Gillis,21013,2020-09-06,16,476
Sint-Gillis,21013,2020-09-07,4,480
Sint-Gillis,21013,2020-09-08,3,483
Sint-Gillis,21013,2020-09-09,4,487
Sint-Gillis,21013,2020-09-10,4,491
Sint-Gillis,21013,2020-09-11,10,501
Sint-Gillis,21013,2020-09-12,5,506
Sint-Gillis,21013,2020-09-13,11,517
Sint-Gillis,21013,2020-09-14,12,529
Sint-Gillis,21013,2020-09-15,4,533
Sint-Gillis,21013,2020-09-16,3,536
Sint-Gillis,21013,2020-09-17,12,548
Sint-Gillis,21013,2020-09-18,13,561
Sint-Gillis,21013,2020-09-19,17,578
Sint-Gillis,21013,2020-09-20,20,598
Sint-Gillis,21013,2020-09-21,11,609
Sint-Gillis,21013,2020-09-22,9,618
Sint-Gillis,21013,2020-09-23,9,627
Sint-Gillis,21013,2020-09-24,12,639
Sint-Gillis,21013,2020-09-25,23,662
Sint-Gillis,21013,2020-09-26,24,686
Sint-Gillis,21013,2020-09-27,15,701
Sint-Gillis,21013,2020-09-28,14,715
Sint-Gillis,21013,2020-09-29,13,728
Sint-Gillis,21013,2020-09-30,17,745
Sint-Gillis,21013,2020-10-01,5,750
Sint-Gillis,21013,2020-10-02,31,781
Sint-Gillis,21013,2020-10-03,31,812
Sint-Gillis,21013,2020-10-04,40,852
Sint-Gillis,21013,2020-10-05,21,873
Sint-Gillis,21013,2020-10-06,20,893
Sint-Gillis,21013,2020-10-07,29,922
Sint-Gillis,21013,2020-10-08,19,941
Sint-Gillis,21013,2020-10-09,47,988
Sint-Gillis,21013,2020-10-10,50,1038
Sint-Gillis,21013,2020-10-11,66,1104
Sint-Gillis,21013,2020-10-12,46,1150
Sint-Gillis,21013,2020-10-13,15,1165
Sint-Gillis,21013,2020-10-14,29,1194
Sint-Gillis,21013,2020-10-15,56,1250
Sint-Gillis,21013,2020-10-16,70,1320
Sint-Gillis,21013,2020-10-17,65,1385
Sint-Gillis,21013,2020-10-18,79,1464
Sint-Gillis,21013,2020-10-19,52,1516
Sint-Gillis,21013,2020-10-20,43,1559
Sint-Gillis,21013,2020-10-21,38,1597
Sint-Gillis,21013,2020-10-22,95,1692
Sint-Gillis,21013,2020-10-23,89,1781
Sint-Gillis,21013,2020-10-24,89,1870
Sint-Gillis,21013,2020-10-25,84,1954
Sint-Gillis,21013,2020-10-26,89,2043
Sint-Gillis,21013,2020-10-27,43,2086
Sint-Gillis,21013,2020-10-28,69,2155
Sint-Gillis,21013,2020-10-29,104,2259
Sint-Gillis,21013,2020-10-30,120,2379
Sint-Gillis,21013,2020-10-31,91,2470
Sint-Gillis,21013,2020-11-01,66,2536
Sint-Gillis,21013,2020-11-02,39,2575
Sint-Gillis,21013,2020-11-03,15,2590
Sint-Gillis,21013,2020-11-04,15,2605
Sint-Gillis,21013,2020-11-05,67,2672
Sint-Gillis,21013,2020-11-06,42,2714
Sint-Gillis,21013,2020-11-07,22,2736
Sint-Gillis,21013,2020-11-08,28,2764
Sint-Gillis,21013,2020-11-09,23,2787
Sint-Gillis,21013,2020-11-10,12,2799
Sint-Gillis,21013,2020-11-11,10,2809
Sint-Joost-ten-Node,21014,2020-04-01,4,22
Sint-Joost-ten-Node,21014,2020-04-02,2,24
Sint-Joost-ten-Node,21014,2020-04-03,3,27
Sint-Joost-ten-Node,21014,2020-04-04,3,30
Sint-Joost-ten-Node,21014,2020-04-05,5,35
Sint-Joost-ten-Node,21014,2020-04-06,4,39
Sint-Joost-ten-Node,21014,2020-04-07,2,41
Sint-Joost-ten-Node,21014,2020-04-08,0,41
Sint-Joost-ten-Node,21014,2020-04-09,1,42
Sint-Joost-ten-Node,21014,2020-04-10,4,46
Sint-Joost-ten-Node,21014,2020-04-11,0,46
Sint-Joost-ten-Node,21014,2020-04-12,0,46
Sint-Joost-ten-Node,21014,2020-04-13,2,48
Sint-Joost-ten-Node,21014,2020-04-14,1,49
Sint-Joost-ten-Node,21014,2020-04-15,2,51
Sint-Joost-ten-Node,21014,2020-04-16,0,51
Sint-Joost-ten-Node,21014,2020-04-17,7,58
Sint-Joost-ten-Node,21014,2020-04-18,4,62
Sint-Joost-ten-Node,21014,2020-04-19,1,63
Sint-Joost-ten-Node,21014,2020-04-20,0,63
Sint-Joost-ten-Node,21014,2020-04-21,0,63
Sint-Joost-ten-Node,21014,2020-04-22,0,63
Sint-Joost-ten-Node,21014,2020-04-23,0,63
Sint-Joost-ten-Node,21014,2020-04-24,2,65
Sint-Joost-ten-Node,21014,2020-04-25,0,65
Sint-Joost-ten-Node,21014,2020-04-26,0,65
Sint-Joost-ten-Node,21014,2020-04-27,0,65
Sint-Joost-ten-Node,21014,2020-04-28,1,66
Sint-Joost-ten-Node,21014,2020-04-29,0,66
Sint-Joost-ten-Node,21014,2020-04-30,0,66
Sint-Joost-ten-Node,21014,2020-05-01,0,66
Sint-Joost-ten-Node,21014,2020-05-02,0,66
Sint-Joost-ten-Node,21014,2020-05-03,1,67
Sint-Joost-ten-Node,21014,2020-05-04,0,67
Sint-Joost-ten-Node,21014,2020-05-05,0,67
Sint-Joost-ten-Node,21014,2020-05-06,0,67
Sint-Joost-ten-Node,21014,2020-05-07,1,68
Sint-Joost-ten-Node,21014,2020-05-08,1,69
Sint-Joost-ten-Node,21014,2020-05-09,3,72
Sint-Joost-ten-Node,21014,2020-05-10,0,72
Sint-Joost-ten-Node,21014,2020-05-11,1,73
Sint-Joost-ten-Node,21014,2020-05-12,2,75
Sint-Joost-ten-Node,21014,2020-05-13,1,76
Sint-Joost-ten-Node,21014,2020-05-14,1,77
Sint-Joost-ten-Node,21014,2020-05-15,0,77
Sint-Joost-ten-Node,21014,2020-05-16,1,78
Sint-Joost-ten-Node,21014,2020-05-17,3,81
Sint-Joost-ten-Node,21014,2020-05-18,2,83
Sint-Joost-ten-Node,21014,2020-05-19,0,83
Sint-Joost-ten-Node,21014,2020-05-20,0,83
Sint-Joost-ten-Node,21014,2020-05-21,1,84
Sint-Joost-ten-Node,21014,2020-05-22,2,86
Sint-Joost-ten-Node,21014,2020-05-23,2,88
Sint-Joost-ten-Node,21014,2020-05-24,1,89
Sint-Joost-ten-Node,21014,2020-05-25,2,91
Sint-Joost-ten-Node,21014,2020-05-26,0,91
Sint-Joost-ten-Node,21014,2020-05-27,2,93
Sint-Joost-ten-Node,21014,2020-05-28,0,93
Sint-Joost-ten-Node,21014,2020-05-29,0,93
Sint-Joost-ten-Node,21014,2020-05-30,0,93
Sint-Joost-ten-Node,21014,2020-05-31,0,93
Sint-Joost-ten-Node,21014,2020-06-01,0,93
Sint-Joost-ten-Node,21014,2020-06-02,0,93
Sint-Joost-ten-Node,21014,2020-06-03,0,93
Sint-Joost-ten-Node,21014,2020-06-04,0,93
Sint-Joost-ten-Node,21014,2020-06-05,1,94
Sint-Joost-ten-Node,21014,2020-06-06,0,94
Sint-Joost-ten-Node,21014,2020-06-07,2,96
Sint-Joost-ten-Node,21014,2020-06-08,0,96
Sint-Joost-ten-Node,21014,2020-06-09,0,96
Sint-Joost-ten-Node,21014,2020-06-10,0,96
Sint-Joost-ten-Node,21014,2020-06-11,2,98
Sint-Joost-ten-Node,21014,2020-06-12,0,98
Sint-Joost-ten-Node,21014,2020-06-13,0,98
Sint-Joost-ten-Node,21014,2020-06-14,0,98
Sint-Joost-ten-Node,21014,2020-06-15,0,98
Sint-Joost-ten-Node,21014,2020-06-16,0,98
Sint-Joost-ten-Node,21014,2020-06-17,0,98
Sint-Joost-ten-Node,21014,2020-06-18,0,98
Sint-Joost-ten-Node,21014,2020-06-19,0,98
Sint-Joost-ten-Node,21014,2020-06-20,0,98
Sint-Joost-ten-Node,21014,2020-06-23,1,99
Sint-Joost-ten-Node,21014,2020-06-24,0,99
Sint-Joost-ten-Node,21014,2020-06-25,0,99
Sint-Joost-ten-Node,21014,2020-06-26,0,99
Sint-Joost-ten-Node,21014,2020-06-27,0,99
Sint-Joost-ten-Node,21014,2020-06-30,1,100
Sint-Joost-ten-Node,21014,2020-07-01,1,101
Sint-Joost-ten-Node,21014,2020-07-02,1,102
Sint-Joost-ten-Node,21014,2020-07-03,0,102
Sint-Joost-ten-Node,21014,2020-07-04,4,106
Sint-Joost-ten-Node,21014,2020-07-07,0,106
Sint-Joost-ten-Node,21014,2020-07-08,0,106
Sint-Joost-ten-Node,21014,2020-07-09,0,106
Sint-Joost-ten-Node,21014,2020-07-10,0,106
Sint-Joost-ten-Node,21014,2020-07-11,0,106
Sint-Joost-ten-Node,21014,2020-07-14,2,108
Sint-Joost-ten-Node,21014,2020-07-15,0,108
Sint-Joost-ten-Node,21014,2020-07-16,0,108
Sint-Joost-ten-Node,21014,2020-07-17,0,108
Sint-Joost-ten-Node,21014,2020-07-18,0,108
Sint-Joost-ten-Node,21014,2020-07-20,0,108
Sint-Joost-ten-Node,21014,2020-07-21,0,108
Sint-Joost-ten-Node,21014,2020-07-22,1,109
Sint-Joost-ten-Node,21014,2020-07-23,0,109
Sint-Joost-ten-Node,21014,2020-07-24,1,110
Sint-Joost-ten-Node,21014,2020-07-25,1,111
Sint-Joost-ten-Node,21014,2020-07-26,1,112
Sint-Joost-ten-Node,21014,2020-07-27,0,112
Sint-Joost-ten-Node,21014,2020-07-28,0,112
Sint-Joost-ten-Node,21014,2020-07-29,1,113
Sint-Joost-ten-Node,21014,2020-07-30,0,113
Sint-Joost-ten-Node,21014,2020-07-31,5,118
Sint-Joost-ten-Node,21014,2020-08-01,2,120
Sint-Joost-ten-Node,21014,2020-08-02,4,124
Sint-Joost-ten-Node,21014,2020-08-03,0,124
Sint-Joost-ten-Node,21014,2020-08-04,0,124
Sint-Joost-ten-Node,21014,2020-08-05,2,126
Sint-Joost-ten-Node,21014,2020-08-06,3,129
Sint-Joost-ten-Node,21014,2020-08-07,3,132
Sint-Joost-ten-Node,21014,2020-08-08,4,136
Sint-Joost-ten-Node,21014,2020-08-09,1,137
Sint-Joost-ten-Node,21014,2020-08-10,2,139
Sint-Joost-ten-Node,21014,2020-08-11,1,140
Sint-Joost-ten-Node,21014,2020-08-12,2,142
Sint-Joost-ten-Node,21014,2020-08-13,8,150
Sint-Joost-ten-Node,21014,2020-08-14,5,155
Sint-Joost-ten-Node,21014,2020-08-15,2,157
Sint-Joost-ten-Node,21014,2020-08-16,4,161
Sint-Joost-ten-Node,21014,2020-08-17,7,168
Sint-Joost-ten-Node,21014,2020-08-18,1,169
Sint-Joost-ten-Node,21014,2020-08-19,3,172
Sint-Joost-ten-Node,21014,2020-08-20,3,175
Sint-Joost-ten-Node,21014,2020-08-21,13,188
Sint-Joost-ten-Node,21014,2020-08-22,2,190
Sint-Joost-ten-Node,21014,2020-08-23,6,196
Sint-Joost-ten-Node,21014,2020-08-24,3,199
Sint-Joost-ten-Node,21014,2020-08-25,1,200
Sint-Joost-ten-Node,21014,2020-08-26,5,205
Sint-Joost-ten-Node,21014,2020-08-27,6,211
Sint-Joost-ten-Node,21014,2020-08-28,6,217
Sint-Joost-ten-Node,21014,2020-08-29,6,223
Sint-Joost-ten-Node,21014,2020-08-30,3,226
Sint-Joost-ten-Node,21014,2020-08-31,11,237
Sint-Joost-ten-Node,21014,2020-09-01,1,238
Sint-Joost-ten-Node,21014,2020-09-02,3,241
Sint-Joost-ten-Node,21014,2020-09-03,3,244
Sint-Joost-ten-Node,21014,2020-09-04,7,251
Sint-Joost-ten-Node,21014,2020-09-05,6,257
Sint-Joost-ten-Node,21014,2020-09-06,4,261
Sint-Joost-ten-Node,21014,2020-09-07,4,265
Sint-Joost-ten-Node,21014,2020-09-08,5,270
Sint-Joost-ten-Node,21014,2020-09-09,4,274
Sint-Joost-ten-Node,21014,2020-09-10,7,281
Sint-Joost-ten-Node,21014,2020-09-11,8,289
Sint-Joost-ten-Node,21014,2020-09-12,19,308
Sint-Joost-ten-Node,21014,2020-09-13,12,320
Sint-Joost-ten-Node,21014,2020-09-14,10,330
Sint-Joost-ten-Node,21014,2020-09-15,10,340
Sint-Joost-ten-Node,21014,2020-09-16,5,345
Sint-Joost-ten-Node,21014,2020-09-17,13,358
Sint-Joost-ten-Node,21014,2020-09-18,10,368
Sint-Joost-ten-Node,21014,2020-09-19,17,385
Sint-Joost-ten-Node,21014,2020-09-20,7,392
Sint-Joost-ten-Node,21014,2020-09-21,8,400
Sint-Joost-ten-Node,21014,2020-09-22,3,403
Sint-Joost-ten-Node,21014,2020-09-23,14,417
Sint-Joost-ten-Node,21014,2020-09-24,25,442
Sint-Joost-ten-Node,21014,2020-09-25,19,461
Sint-Joost-ten-Node,21014,2020-09-26,14,475
Sint-Joost-ten-Node,21014,2020-09-27,16,491
Sint-Joost-ten-Node,21014,2020-09-28,14,505
Sint-Joost-ten-Node,21014,2020-09-29,7,512
Sint-Joost-ten-Node,21014,2020-09-30,10,522
Sint-Joost-ten-Node,21014,2020-10-01,4,526
Sint-Joost-ten-Node,21014,2020-10-02,19,545
Sint-Joost-ten-Node,21014,2020-10-03,18,563
Sint-Joost-ten-Node,21014,2020-10-04,17,580
Sint-Joost-ten-Node,21014,2020-10-05,8,588
Sint-Joost-ten-Node,21014,2020-10-06,10,598
Sint-Joost-ten-Node,21014,2020-10-07,10,608
Sint-Joost-ten-Node,21014,2020-10-08,18,626
Sint-Joost-ten-Node,21014,2020-10-09,23,649
Sint-Joost-ten-Node,21014,2020-10-10,16,665
Sint-Joost-ten-Node,21014,2020-10-11,22,687
Sint-Joost-ten-Node,21014,2020-10-12,16,703
Sint-Joost-ten-Node,21014,2020-10-13,10,713
Sint-Joost-ten-Node,21014,2020-10-14,31,744
Sint-Joost-ten-Node,21014,2020-10-15,35,779
Sint-Joost-ten-Node,21014,2020-10-16,48,827
Sint-Joost-ten-Node,21014,2020-10-17,42,869
Sint-Joost-ten-Node,21014,2020-10-18,50,919
Sint-Joost-ten-Node,21014,2020-10-19,28,947
Sint-Joost-ten-Node,21014,2020-10-20,35,982
Sint-Joost-ten-Node,21014,2020-10-21,9,991
Sint-Joost-ten-Node,21014,2020-10-22,38,1029
Sint-Joost-ten-Node,21014,2020-10-23,57,1086
Sint-Joost-ten-Node,21014,2020-10-24,43,1129
Sint-Joost-ten-Node,21014,2020-10-25,65,1194
Sint-Joost-ten-Node,21014,2020-10-26,63,1257
Sint-Joost-ten-Node,21014,2020-10-27,29,1286
Sint-Joost-ten-Node,21014,2020-10-28,34,1320
Sint-Joost-ten-Node,21014,2020-10-29,53,1373
Sint-Joost-ten-Node,21014,2020-10-30,69,1442
Sint-Joost-ten-Node,21014,2020-10-31,47,1489
Sint-Joost-ten-Node,21014,2020-11-01,43,1532
Sint-Joost-ten-Node,21014,2020-11-02,31,1563
Sint-Joost-ten-Node,21014,2020-11-03,9,1572
Sint-Joost-ten-Node,21014,2020-11-04,13,1585
Sint-Joost-ten-Node,21014,2020-11-05,36,1621
Sint-Joost-ten-Node,21014,2020-11-06,25,1646
Sint-Joost-ten-Node,21014,2020-11-07,23,1669
Sint-Joost-ten-Node,21014,2020-11-08,23,1692
Sint-Joost-ten-Node,21014,2020-11-09,14,1706
Sint-Joost-ten-Node,21014,2020-11-10,6,1712
Sint-Joost-ten-Node,21014,2020-11-11,11,1723
Schaarbeek,21015,2020-04-01,8,145
Schaarbeek,21015,2020-04-02,10,155
Schaarbeek,21015,2020-04-03,19,174
Schaarbeek,21015,2020-04-04,10,184
Schaarbeek,21015,2020-04-05,13,197
Schaarbeek,21015,2020-04-06,14,211
Schaarbeek,21015,2020-04-07,9,220
Schaarbeek,21015,2020-04-08,7,227
Schaarbeek,21015,2020-04-09,16,243
Schaarbeek,21015,2020-04-10,15,258
Schaarbeek,21015,2020-04-11,15,273
Schaarbeek,21015,2020-04-12,9,282
Schaarbeek,21015,2020-04-13,6,288
Schaarbeek,21015,2020-04-14,4,292
Schaarbeek,21015,2020-04-15,3,295
Schaarbeek,21015,2020-04-16,5,300
Schaarbeek,21015,2020-04-17,9,309
Schaarbeek,21015,2020-04-18,6,315
Schaarbeek,21015,2020-04-19,18,333
Schaarbeek,21015,2020-04-20,16,349
Schaarbeek,21015,2020-04-21,4,353
Schaarbeek,21015,2020-04-22,3,356
Schaarbeek,21015,2020-04-23,7,363
Schaarbeek,21015,2020-04-24,3,366
Schaarbeek,21015,2020-04-25,7,373
Schaarbeek,21015,2020-04-26,8,381
Schaarbeek,21015,2020-04-27,4,385
Schaarbeek,21015,2020-04-28,3,388
Schaarbeek,21015,2020-04-29,2,390
Schaarbeek,21015,2020-04-30,5,395
Schaarbeek,21015,2020-05-01,7,402
Schaarbeek,21015,2020-05-02,2,404
Schaarbeek,21015,2020-05-03,5,409
Schaarbeek,21015,2020-05-04,1,410
Schaarbeek,21015,2020-05-05,1,411
Schaarbeek,21015,2020-05-06,1,412
Schaarbeek,21015,2020-05-07,7,419
Schaarbeek,21015,2020-05-08,10,429
Schaarbeek,21015,2020-05-09,1,430
Schaarbeek,21015,2020-05-10,6,436
Schaarbeek,21015,2020-05-11,5,441
Schaarbeek,21015,2020-05-12,0,441
Schaarbeek,21015,2020-05-13,1,442
Schaarbeek,21015,2020-05-14,3,445
Schaarbeek,21015,2020-05-15,4,449
Schaarbeek,21015,2020-05-16,4,453
Schaarbeek,21015,2020-05-17,6,459
Schaarbeek,21015,2020-05-18,6,465
Schaarbeek,21015,2020-05-19,1,466
Schaarbeek,21015,2020-05-20,0,466
Schaarbeek,21015,2020-05-21,2,468
Schaarbeek,21015,2020-05-22,2,470
Schaarbeek,21015,2020-05-23,4,474
Schaarbeek,21015,2020-05-24,4,478
Schaarbeek,21015,2020-05-25,5,483
Schaarbeek,21015,2020-05-26,2,485
Schaarbeek,21015,2020-05-27,2,487
Schaarbeek,21015,2020-05-28,1,488
Schaarbeek,21015,2020-05-29,4,492
Schaarbeek,21015,2020-05-30,4,496
Schaarbeek,21015,2020-05-31,0,496
Schaarbeek,21015,2020-06-01,2,498
Schaarbeek,21015,2020-06-02,4,502
Schaarbeek,21015,2020-06-03,1,503
Schaarbeek,21015,2020-06-04,1,504
Schaarbeek,21015,2020-06-05,2,506
Schaarbeek,21015,2020-06-06,3,509
Schaarbeek,21015,2020-06-07,9,518
Schaarbeek,21015,2020-06-08,1,519
Schaarbeek,21015,2020-06-09,1,520
Schaarbeek,21015,2020-06-10,2,522
Schaarbeek,21015,2020-06-11,2,524
Schaarbeek,21015,2020-06-12,0,524
Schaarbeek,21015,2020-06-13,4,528
Schaarbeek,21015,2020-06-14,1,529
Schaarbeek,21015,2020-06-15,3,532
Schaarbeek,21015,2020-06-16,1,533
Schaarbeek,21015,2020-06-17,1,534
Schaarbeek,21015,2020-06-18,2,536
Schaarbeek,21015,2020-06-19,0,536
Schaarbeek,21015,2020-06-20,0,536
Schaarbeek,21015,2020-06-23,5,541
Schaarbeek,21015,2020-06-24,0,541
Schaarbeek,21015,2020-06-25,2,543
Schaarbeek,21015,2020-06-26,3,546
Schaarbeek,21015,2020-06-27,1,547
Schaarbeek,21015,2020-06-30,1,548
Schaarbeek,21015,2020-07-01,1,549
Schaarbeek,21015,2020-07-02,2,551
Schaarbeek,21015,2020-07-03,9,560
Schaarbeek,21015,2020-07-04,1,561
Schaarbeek,21015,2020-07-07,4,565
Schaarbeek,21015,2020-07-08,1,566
Schaarbeek,21015,2020-07-09,0,566
Schaarbeek,21015,2020-07-10,5,571
Schaarbeek,21015,2020-07-11,3,574
Schaarbeek,21015,2020-07-14,13,587
Schaarbeek,21015,2020-07-15,1,588
Schaarbeek,21015,2020-07-16,3,591
Schaarbeek,21015,2020-07-17,3,594
Schaarbeek,21015,2020-07-18,2,596
Schaarbeek,21015,2020-07-20,7,603
Schaarbeek,21015,2020-07-21,0,603
Schaarbeek,21015,2020-07-22,0,603
Schaarbeek,21015,2020-07-23,3,606
Schaarbeek,21015,2020-07-24,1,607
Schaarbeek,21015,2020-07-25,4,611
Schaarbeek,21015,2020-07-26,4,615
Schaarbeek,21015,2020-07-27,3,618
Schaarbeek,21015,2020-07-28,0,618
Schaarbeek,21015,2020-07-29,1,619
Schaarbeek,21015,2020-07-30,10,629
Schaarbeek,21015,2020-07-31,11,640
Schaarbeek,21015,2020-08-01,4,644
Schaarbeek,21015,2020-08-02,11,655
Schaarbeek,21015,2020-08-03,8,663
Schaarbeek,21015,2020-08-04,5,668
Schaarbeek,21015,2020-08-05,7,675
Schaarbeek,21015,2020-08-06,12,687
Schaarbeek,21015,2020-08-07,17,704
Schaarbeek,21015,2020-08-08,16,720
Schaarbeek,21015,2020-08-09,8,728
Schaarbeek,21015,2020-08-10,19,747
Schaarbeek,21015,2020-08-11,5,752
Schaarbeek,21015,2020-08-12,12,764
Schaarbeek,21015,2020-08-13,20,784
Schaarbeek,21015,2020-08-14,19,803
Schaarbeek,21015,2020-08-15,15,818
Schaarbeek,21015,2020-08-16,24,842
Schaarbeek,21015,2020-08-17,25,867
Schaarbeek,21015,2020-08-18,5,872
Schaarbeek,21015,2020-08-19,8,880
Schaarbeek,21015,2020-08-20,21,901
Schaarbeek,21015,2020-08-21,25,926
Schaarbeek,21015,2020-08-22,28,954
Schaarbeek,21015,2020-08-23,30,984
Schaarbeek,21015,2020-08-24,12,996
Schaarbeek,21015,2020-08-25,1,997
Schaarbeek,21015,2020-08-26,9,1006
Schaarbeek,21015,2020-08-27,32,1038
Schaarbeek,21015,2020-08-28,21,1059
Schaarbeek,21015,2020-08-29,17,1076
Schaarbeek,21015,2020-08-30,18,1094
Schaarbeek,21015,2020-08-31,14,1108
Schaarbeek,21015,2020-09-01,3,1111
Schaarbeek,21015,2020-09-02,9,1120
Schaarbeek,21015,2020-09-03,9,1129
Schaarbeek,21015,2020-09-04,15,1144
Schaarbeek,21015,2020-09-05,18,1162
Schaarbeek,21015,2020-09-06,18,1180
Schaarbeek,21015,2020-09-07,21,1201
Schaarbeek,21015,2020-09-08,9,1210
Schaarbeek,21015,2020-09-09,13,1223
Schaarbeek,21015,2020-09-10,20,1243
Schaarbeek,21015,2020-09-11,25,1268
Schaarbeek,21015,2020-09-12,14,1282
Schaarbeek,21015,2020-09-13,24,1306
Schaarbeek,21015,2020-09-14,25,1331
Schaarbeek,21015,2020-09-15,24,1355
Schaarbeek,21015,2020-09-16,7,1362
Schaarbeek,21015,2020-09-17,30,1392
Schaarbeek,21015,2020-09-18,45,1437
Schaarbeek,21015,2020-09-19,32,1469
Schaarbeek,21015,2020-09-20,31,1500
Schaarbeek,21015,2020-09-21,24,1524
Schaarbeek,21015,2020-09-22,25,1549
Schaarbeek,21015,2020-09-23,67,1616
Schaarbeek,21015,2020-09-24,40,1656
Schaarbeek,21015,2020-09-25,43,1699
Schaarbeek,21015,2020-09-26,68,1767
Schaarbeek,21015,2020-09-27,32,1799
Schaarbeek,21015,2020-09-28,24,1823
Schaarbeek,21015,2020-09-29,22,1845
Schaarbeek,21015,2020-09-30,45,1890
Schaarbeek,21015,2020-10-01,16,1906
Schaarbeek,21015,2020-10-02,77,1983
Schaarbeek,21015,2020-10-03,66,2049
Schaarbeek,21015,2020-10-04,114,2163
Schaarbeek,21015,2020-10-05,50,2213
Schaarbeek,21015,2020-10-06,58,2271
Schaarbeek,21015,2020-10-07,43,2314
Schaarbeek,21015,2020-10-08,68,2382
Schaarbeek,21015,2020-10-09,161,2543
Schaarbeek,21015,2020-10-10,109,2652
Schaarbeek,21015,2020-10-11,193,2845
Schaarbeek,21015,2020-10-12,96,2941
Schaarbeek,21015,2020-10-13,43,2984
Schaarbeek,21015,2020-10-14,92,3076
Schaarbeek,21015,2020-10-15,144,3220
Schaarbeek,21015,2020-10-16,185,3405
Schaarbeek,21015,2020-10-17,194,3599
Schaarbeek,21015,2020-10-18,208,3807
Schaarbeek,21015,2020-10-19,153,3960
Schaarbeek,21015,2020-10-20,126,4086
Schaarbeek,21015,2020-10-21,80,4166
Schaarbeek,21015,2020-10-22,256,4422
Schaarbeek,21015,2020-10-23,248,4670
Schaarbeek,21015,2020-10-24,233,4903
Schaarbeek,21015,2020-10-25,296,5199
Schaarbeek,21015,2020-10-26,218,5417
Schaarbeek,21015,2020-10-27,123,5540
Schaarbeek,21015,2020-10-28,189,5729
Schaarbeek,21015,2020-10-29,241,5970
Schaarbeek,21015,2020-10-30,456,6426
Schaarbeek,21015,2020-10-31,224,6650
Schaarbeek,21015,2020-11-01,178,6828
Schaarbeek,21015,2020-11-02,126,6954
Schaarbeek,21015,2020-11-03,52,7006
Schaarbeek,21015,2020-11-04,40,7046
Schaarbeek,21015,2020-11-05,193,7239
Schaarbeek,21015,2020-11-06,123,7362
Schaarbeek,21015,2020-11-07,133,7495
Schaarbeek,21015,2020-11-08,83,7578
Schaarbeek,21015,2020-11-09,49,7627
Schaarbeek,21015,2020-11-10,26,7653
Schaarbeek,21015,2020-11-11,45,7698
Ukkel,21016,2020-04-01,8,118
Ukkel,21016,2020-04-02,6,124
Ukkel,21016,2020-04-03,7,131
Ukkel,21016,2020-04-04,9,140
Ukkel,21016,2020-04-05,10,150
Ukkel,21016,2020-04-06,3,153
Ukkel,21016,2020-04-07,0,153
Ukkel,21016,2020-04-08,8,161
Ukkel,21016,2020-04-09,11,172
Ukkel,21016,2020-04-10,13,185
Ukkel,21016,2020-04-11,4,189
Ukkel,21016,2020-04-12,8,197
Ukkel,21016,2020-04-13,18,215
Ukkel,21016,2020-04-14,5,220
Ukkel,21016,2020-04-15,11,231
Ukkel,21016,2020-04-16,3,234
Ukkel,21016,2020-04-17,6,240
Ukkel,21016,2020-04-18,5,245
Ukkel,21016,2020-04-19,9,254
Ukkel,21016,2020-04-20,7,261
Ukkel,21016,2020-04-21,4,265
Ukkel,21016,2020-04-22,3,268
Ukkel,21016,2020-04-23,1,269
Ukkel,21016,2020-04-24,18,287
Ukkel,21016,2020-04-25,18,305
Ukkel,21016,2020-04-26,2,307
Ukkel,21016,2020-04-27,7,314
Ukkel,21016,2020-04-28,0,314
Ukkel,21016,2020-04-29,24,338
Ukkel,21016,2020-04-30,2,340
Ukkel,21016,2020-05-01,1,341
Ukkel,21016,2020-05-02,4,345
Ukkel,21016,2020-05-03,5,350
Ukkel,21016,2020-05-04,0,350
Ukkel,21016,2020-05-05,0,350
Ukkel,21016,2020-05-06,1,351
Ukkel,21016,2020-05-07,24,375
Ukkel,21016,2020-05-08,0,375
Ukkel,21016,2020-05-09,1,376
Ukkel,21016,2020-05-10,2,378
Ukkel,21016,2020-05-11,2,380
Ukkel,21016,2020-05-12,1,381
Ukkel,21016,2020-05-13,0,381
Ukkel,21016,2020-05-14,1,382
Ukkel,21016,2020-05-15,2,384
Ukkel,21016,2020-05-16,1,385
Ukkel,21016,2020-05-17,0,385
Ukkel,21016,2020-05-18,0,385
Ukkel,21016,2020-05-19,0,385
Ukkel,21016,2020-05-20,0,385
Ukkel,21016,2020-05-21,0,385
Ukkel,21016,2020-05-22,1,386
Ukkel,21016,2020-05-23,0,386
Ukkel,21016,2020-05-24,0,386
Ukkel,21016,2020-05-25,1,387
Ukkel,21016,2020-05-26,0,387
Ukkel,21016,2020-05-27,0,387
Ukkel,21016,2020-05-28,0,387
Ukkel,21016,2020-05-29,0,387
Ukkel,21016,2020-05-30,0,387
Ukkel,21016,2020-05-31,0,387
Ukkel,21016,2020-06-01,2,389
Ukkel,21016,2020-06-02,0,389
Ukkel,21016,2020-06-03,0,389
Ukkel,21016,2020-06-04,0,389
Ukkel,21016,2020-06-05,0,389
Ukkel,21016,2020-06-06,0,389
Ukkel,21016,2020-06-07,1,390
Ukkel,21016,2020-06-08,1,391
Ukkel,21016,2020-06-09,1,392
Ukkel,21016,2020-06-10,1,393
Ukkel,21016,2020-06-11,1,394
Ukkel,21016,2020-06-12,0,394
Ukkel,21016,2020-06-13,1,395
Ukkel,21016,2020-06-14,1,396
Ukkel,21016,2020-06-15,0,396
Ukkel,21016,2020-06-16,0,396
Ukkel,21016,2020-06-17,0,396
Ukkel,21016,2020-06-18,0,396
Ukkel,21016,2020-06-19,1,397
Ukkel,21016,2020-06-20,0,397
Ukkel,21016,2020-06-23,0,397
Ukkel,21016,2020-06-24,1,398
Ukkel,21016,2020-06-25,0,398
Ukkel,21016,2020-06-26,2,400
Ukkel,21016,2020-06-27,0,400
Ukkel,21016,2020-06-30,3,403
Ukkel,21016,2020-07-01,1,404
Ukkel,21016,2020-07-02,0,404
Ukkel,21016,2020-07-03,4,408
Ukkel,21016,2020-07-04,2,410
Ukkel,21016,2020-07-07,2,412
Ukkel,21016,2020-07-08,0,412
Ukkel,21016,2020-07-09,1,413
Ukkel,21016,2020-07-10,1,414
Ukkel,21016,2020-07-11,0,414
Ukkel,21016,2020-07-14,0,414
Ukkel,21016,2020-07-15,0,414
Ukkel,21016,2020-07-16,0,414
Ukkel,21016,2020-07-17,2,416
Ukkel,21016,2020-07-18,0,416
Ukkel,21016,2020-07-20,3,419
Ukkel,21016,2020-07-21,1,420
Ukkel,21016,2020-07-22,0,420
Ukkel,21016,2020-07-23,3,423
Ukkel,21016,2020-07-24,1,424
Ukkel,21016,2020-07-25,2,426
Ukkel,21016,2020-07-26,1,427
Ukkel,21016,2020-07-27,1,428
Ukkel,21016,2020-07-28,0,428
Ukkel,21016,2020-07-29,2,430
Ukkel,21016,2020-07-30,12,442
Ukkel,21016,2020-07-31,4,446
Ukkel,21016,2020-08-01,8,454
Ukkel,21016,2020-08-02,8,462
Ukkel,21016,2020-08-03,3,465
Ukkel,21016,2020-08-04,2,467
Ukkel,21016,2020-08-05,3,470
Ukkel,21016,2020-08-06,5,475
Ukkel,21016,2020-08-07,2,477
Ukkel,21016,2020-08-08,5,482
Ukkel,21016,2020-08-09,2,484
Ukkel,21016,2020-08-10,2,486
Ukkel,21016,2020-08-11,2,488
Ukkel,21016,2020-08-12,2,490
Ukkel,21016,2020-08-13,6,496
Ukkel,21016,2020-08-14,5,501
Ukkel,21016,2020-08-15,6,507
Ukkel,21016,2020-08-16,12,519
Ukkel,21016,2020-08-17,3,522
Ukkel,21016,2020-08-18,0,522
Ukkel,21016,2020-08-19,3,525
Ukkel,21016,2020-08-20,3,528
Ukkel,21016,2020-08-21,13,541
Ukkel,21016,2020-08-22,7,548
Ukkel,21016,2020-08-23,4,552
Ukkel,21016,2020-08-24,6,558
Ukkel,21016,2020-08-25,3,561
Ukkel,21016,2020-08-26,3,564
Ukkel,21016,2020-08-27,15,579
Ukkel,21016,2020-08-28,16,595
Ukkel,21016,2020-08-29,5,600
Ukkel,21016,2020-08-30,8,608
Ukkel,21016,2020-08-31,10,618
Ukkel,21016,2020-09-01,2,620
Ukkel,21016,2020-09-02,2,622
Ukkel,21016,2020-09-03,4,626
Ukkel,21016,2020-09-04,7,633
Ukkel,21016,2020-09-05,7,640
Ukkel,21016,2020-09-06,15,655
Ukkel,21016,2020-09-07,6,661
Ukkel,21016,2020-09-08,3,664
Ukkel,21016,2020-09-09,5,669
Ukkel,21016,2020-09-10,13,682
Ukkel,21016,2020-09-11,11,693
Ukkel,21016,2020-09-12,10,703
Ukkel,21016,2020-09-13,12,715
Ukkel,21016,2020-09-14,7,722
Ukkel,21016,2020-09-15,6,728
Ukkel,21016,2020-09-16,0,728
Ukkel,21016,2020-09-17,20,748
Ukkel,21016,2020-09-18,24,772
Ukkel,21016,2020-09-19,11,783
Ukkel,21016,2020-09-20,20,803
Ukkel,21016,2020-09-21,10,813
Ukkel,21016,2020-09-22,10,823
Ukkel,21016,2020-09-23,20,843
Ukkel,21016,2020-09-24,26,869
Ukkel,21016,2020-09-25,24,893
Ukkel,21016,2020-09-26,18,911
Ukkel,21016,2020-09-27,27,938
Ukkel,21016,2020-09-28,19,957
Ukkel,21016,2020-09-29,18,975
Ukkel,21016,2020-09-30,26,1001
Ukkel,21016,2020-10-01,8,1009
Ukkel,21016,2020-10-02,24,1033
Ukkel,21016,2020-10-03,51,1084
Ukkel,21016,2020-10-04,35,1119
Ukkel,21016,2020-10-05,16,1135
Ukkel,21016,2020-10-06,12,1147
Ukkel,21016,2020-10-07,29,1176
Ukkel,21016,2020-10-08,45,1221
Ukkel,21016,2020-10-09,51,1272
Ukkel,21016,2020-10-10,60,1332
Ukkel,21016,2020-10-11,76,1408
Ukkel,21016,2020-10-12,48,1456
Ukkel,21016,2020-10-13,16,1472
Ukkel,21016,2020-10-14,44,1516
Ukkel,21016,2020-10-15,76,1592
Ukkel,21016,2020-10-16,79,1671
Ukkel,21016,2020-10-17,95,1766
Ukkel,21016,2020-10-18,110,1876
Ukkel,21016,2020-10-19,70,1946
Ukkel,21016,2020-10-20,48,1994
Ukkel,21016,2020-10-21,77,2071
Ukkel,21016,2020-10-22,144,2215
Ukkel,21016,2020-10-23,133,2348
Ukkel,21016,2020-10-24,176,2524
Ukkel,21016,2020-10-25,159,2683
Ukkel,21016,2020-10-26,124,2807
Ukkel,21016,2020-10-27,86,2893
Ukkel,21016,2020-10-28,139,3032
Ukkel,21016,2020-10-29,197,3229
Ukkel,21016,2020-10-30,239,3468
Ukkel,21016,2020-10-31,122,3590
Ukkel,21016,2020-11-01,151,3741
Ukkel,21016,2020-11-02,66,3807
Ukkel,21016,2020-11-03,35,3842
Ukkel,21016,2020-11-04,46,3888
Ukkel,21016,2020-11-05,110,3998
Ukkel,21016,2020-11-06,49,4047
Ukkel,21016,2020-11-07,63,4110
Ukkel,21016,2020-11-08,74,4184
Ukkel,21016,2020-11-09,25,4209
Ukkel,21016,2020-11-10,13,4222
Ukkel,21016,2020-11-11,26,4248
Watermaal-Bosvoorde,21017,2020-04-01,2,43
Watermaal-Bosvoorde,21017,2020-04-02,3,46
Watermaal-Bosvoorde,21017,2020-04-03,3,49
Watermaal-Bosvoorde,21017,2020-04-04,4,53
Watermaal-Bosvoorde,21017,2020-04-05,2,55
Watermaal-Bosvoorde,21017,2020-04-06,2,57
Watermaal-Bosvoorde,21017,2020-04-07,1,58
Watermaal-Bosvoorde,21017,2020-04-08,1,59
Watermaal-Bosvoorde,21017,2020-04-09,3,62
Watermaal-Bosvoorde,21017,2020-04-10,0,62
Watermaal-Bosvoorde,21017,2020-04-11,1,63
Watermaal-Bosvoorde,21017,2020-04-12,1,64
Watermaal-Bosvoorde,21017,2020-04-13,2,66
Watermaal-Bosvoorde,21017,2020-04-14,1,67
Watermaal-Bosvoorde,21017,2020-04-15,0,67
Watermaal-Bosvoorde,21017,2020-04-16,3,70
Watermaal-Bosvoorde,21017,2020-04-17,1,71
Watermaal-Bosvoorde,21017,2020-04-18,0,71
Watermaal-Bosvoorde,21017,2020-04-19,2,73
Watermaal-Bosvoorde,21017,2020-04-20,2,75
Watermaal-Bosvoorde,21017,2020-04-21,3,78
Watermaal-Bosvoorde,21017,2020-04-22,4,82
Watermaal-Bosvoorde,21017,2020-04-23,5,87
Watermaal-Bosvoorde,21017,2020-04-24,1,88
Watermaal-Bosvoorde,21017,2020-04-25,0,88
Watermaal-Bosvoorde,21017,2020-04-26,0,88
Watermaal-Bosvoorde,21017,2020-04-27,1,89
Watermaal-Bosvoorde,21017,2020-04-28,0,89
Watermaal-Bosvoorde,21017,2020-04-29,2,91
Watermaal-Bosvoorde,21017,2020-04-30,3,94
Watermaal-Bosvoorde,21017,2020-05-01,0,94
Watermaal-Bosvoorde,21017,2020-05-02,0,94
Watermaal-Bosvoorde,21017,2020-05-03,2,96
Watermaal-Bosvoorde,21017,2020-05-04,0,96
Watermaal-Bosvoorde,21017,2020-05-05,0,96
Watermaal-Bosvoorde,21017,2020-05-06,0,96
Watermaal-Bosvoorde,21017,2020-05-07,2,98
Watermaal-Bosvoorde,21017,2020-05-08,0,98
Watermaal-Bosvoorde,21017,2020-05-09,0,98
Watermaal-Bosvoorde,21017,2020-05-10,1,99
Watermaal-Bosvoorde,21017,2020-05-11,0,99
Watermaal-Bosvoorde,21017,2020-05-12,0,99
Watermaal-Bosvoorde,21017,2020-05-13,2,101
Watermaal-Bosvoorde,21017,2020-05-14,0,101
Watermaal-Bosvoorde,21017,2020-05-15,0,101
Watermaal-Bosvoorde,21017,2020-05-16,1,102
Watermaal-Bosvoorde,21017,2020-05-17,2,104
Watermaal-Bosvoorde,21017,2020-05-18,0,104
Watermaal-Bosvoorde,21017,2020-05-19,0,104
Watermaal-Bosvoorde,21017,2020-05-20,0,104
Watermaal-Bosvoorde,21017,2020-05-21,0,104
Watermaal-Bosvoorde,21017,2020-05-22,1,105
Watermaal-Bosvoorde,21017,2020-05-23,0,105
Watermaal-Bosvoorde,21017,2020-05-24,0,105
Watermaal-Bosvoorde,21017,2020-05-25,0,105
Watermaal-Bosvoorde,21017,2020-05-26,1,106
Watermaal-Bosvoorde,21017,2020-05-27,0,106
Watermaal-Bosvoorde,21017,2020-05-28,0,106
Watermaal-Bosvoorde,21017,2020-05-29,1,107
Watermaal-Bosvoorde,21017,2020-05-30,0,107
Watermaal-Bosvoorde,21017,2020-05-31,0,107
Watermaal-Bosvoorde,21017,2020-06-01,0,107
Watermaal-Bosvoorde,21017,2020-06-02,0,107
Watermaal-Bosvoorde,21017,2020-06-03,0,107
Watermaal-Bosvoorde,21017,2020-06-04,0,107
Watermaal-Bosvoorde,21017,2020-06-05,0,107
Watermaal-Bosvoorde,21017,2020-06-06,0,107
Watermaal-Bosvoorde,21017,2020-06-07,0,107
Watermaal-Bosvoorde,21017,2020-06-08,1,108
Watermaal-Bosvoorde,21017,2020-06-09,0,108
Watermaal-Bosvoorde,21017,2020-06-10,0,108
Watermaal-Bosvoorde,21017,2020-06-11,0,108
Watermaal-Bosvoorde,21017,2020-06-12,0,108
Watermaal-Bosvoorde,21017,2020-06-13,0,108
Watermaal-Bosvoorde,21017,2020-06-14,0,108
Watermaal-Bosvoorde,21017,2020-06-15,0,108
Watermaal-Bosvoorde,21017,2020-06-16,0,108
Watermaal-Bosvoorde,21017,2020-06-17,0,108
Watermaal-Bosvoorde,21017,2020-06-18,1,109
Watermaal-Bosvoorde,21017,2020-06-19,0,109
Watermaal-Bosvoorde,21017,2020-06-20,1,110
Watermaal-Bosvoorde,21017,2020-06-23,0,110
Watermaal-Bosvoorde,21017,2020-06-24,0,110
Watermaal-Bosvoorde,21017,2020-06-25,0,110
Watermaal-Bosvoorde,21017,2020-06-26,0,110
Watermaal-Bosvoorde,21017,2020-06-27,0,110
Watermaal-Bosvoorde,21017,2020-06-30,0,110
Watermaal-Bosvoorde,21017,2020-07-01,0,110
Watermaal-Bosvoorde,21017,2020-07-02,0,110
Watermaal-Bosvoorde,21017,2020-07-03,0,110
Watermaal-Bosvoorde,21017,2020-07-04,0,110
Watermaal-Bosvoorde,21017,2020-07-07,0,110
Watermaal-Bosvoorde,21017,2020-07-08,0,110
Watermaal-Bosvoorde,21017,2020-07-09,0,110
Watermaal-Bosvoorde,21017,2020-07-10,0,110
Watermaal-Bosvoorde,21017,2020-07-11,0,110
Watermaal-Bosvoorde,21017,2020-07-14,0,110
Watermaal-Bosvoorde,21017,2020-07-15,1,111
Watermaal-Bosvoorde,21017,2020-07-16,0,111
Watermaal-Bosvoorde,21017,2020-07-17,0,111
Watermaal-Bosvoorde,21017,2020-07-18,11,122
Watermaal-Bosvoorde,21017,2020-07-20,1,123
Watermaal-Bosvoorde,21017,2020-07-21,0,123
Watermaal-Bosvoorde,21017,2020-07-22,0,123
Watermaal-Bosvoorde,21017,2020-07-23,0,123
Watermaal-Bosvoorde,21017,2020-07-24,0,123
Watermaal-Bosvoorde,21017,2020-07-25,0,123
Watermaal-Bosvoorde,21017,2020-07-26,1,124
Watermaal-Bosvoorde,21017,2020-07-27,3,127
Watermaal-Bosvoorde,21017,2020-07-28,1,128
Watermaal-Bosvoorde,21017,2020-07-29,0,128
Watermaal-Bosvoorde,21017,2020-07-30,1,129
Watermaal-Bosvoorde,21017,2020-07-31,0,129
Watermaal-Bosvoorde,21017,2020-08-01,0,129
Watermaal-Bosvoorde,21017,2020-08-02,1,130
Watermaal-Bosvoorde,21017,2020-08-03,1,131
Watermaal-Bosvoorde,21017,2020-08-04,1,132
Watermaal-Bosvoorde,21017,2020-08-05,0,132
Watermaal-Bosvoorde,21017,2020-08-06,0,132
Watermaal-Bosvoorde,21017,2020-08-07,0,132
Watermaal-Bosvoorde,21017,2020-08-08,2,134
Watermaal-Bosvoorde,21017,2020-08-09,0,134
Watermaal-Bosvoorde,21017,2020-08-10,1,135
Watermaal-Bosvoorde,21017,2020-08-11,4,139
Watermaal-Bosvoorde,21017,2020-08-12,1,140
Watermaal-Bosvoorde,21017,2020-08-13,0,140
Watermaal-Bosvoorde,21017,2020-08-14,2,142
Watermaal-Bosvoorde,21017,2020-08-15,1,143
Watermaal-Bosvoorde,21017,2020-08-16,6,149
Watermaal-Bosvoorde,21017,2020-08-17,1,150
Watermaal-Bosvoorde,21017,2020-08-18,1,151
Watermaal-Bosvoorde,21017,2020-08-19,3,154
Watermaal-Bosvoorde,21017,2020-08-20,1,155
Watermaal-Bosvoorde,21017,2020-08-21,0,155
Watermaal-Bosvoorde,21017,2020-08-22,1,156
Watermaal-Bosvoorde,21017,2020-08-23,0,156
Watermaal-Bosvoorde,21017,2020-08-24,2,158
Watermaal-Bosvoorde,21017,2020-08-25,0,158
Watermaal-Bosvoorde,21017,2020-08-26,1,159
Watermaal-Bosvoorde,21017,2020-08-27,0,159
Watermaal-Bosvoorde,21017,2020-08-28,0,159
Watermaal-Bosvoorde,21017,2020-08-29,2,161
Watermaal-Bosvoorde,21017,2020-08-30,1,162
Watermaal-Bosvoorde,21017,2020-08-31,1,163
Watermaal-Bosvoorde,21017,2020-09-01,0,163
Watermaal-Bosvoorde,21017,2020-09-02,1,164
Watermaal-Bosvoorde,21017,2020-09-03,6,170
Watermaal-Bosvoorde,21017,2020-09-04,1,171
Watermaal-Bosvoorde,21017,2020-09-05,2,173
Watermaal-Bosvoorde,21017,2020-09-06,0,173
Watermaal-Bosvoorde,21017,2020-09-07,1,174
Watermaal-Bosvoorde,21017,2020-09-08,0,174
Watermaal-Bosvoorde,21017,2020-09-09,3,177
Watermaal-Bosvoorde,21017,2020-09-10,0,177
Watermaal-Bosvoorde,21017,2020-09-11,7,184
Watermaal-Bosvoorde,21017,2020-09-12,1,185
Watermaal-Bosvoorde,21017,2020-09-13,2,187
Watermaal-Bosvoorde,21017,2020-09-14,2,189
Watermaal-Bosvoorde,21017,2020-09-15,1,190
Watermaal-Bosvoorde,21017,2020-09-16,2,192
Watermaal-Bosvoorde,21017,2020-09-17,3,195
Watermaal-Bosvoorde,21017,2020-09-18,6,201
Watermaal-Bosvoorde,21017,2020-09-19,12,213
Watermaal-Bosvoorde,21017,2020-09-20,1,214
Watermaal-Bosvoorde,21017,2020-09-21,3,217
Watermaal-Bosvoorde,21017,2020-09-22,4,221
Watermaal-Bosvoorde,21017,2020-09-23,11,232
Watermaal-Bosvoorde,21017,2020-09-24,2,234
Watermaal-Bosvoorde,21017,2020-09-25,8,242
Watermaal-Bosvoorde,21017,2020-09-26,5,247
Watermaal-Bosvoorde,21017,2020-09-27,12,259
Watermaal-Bosvoorde,21017,2020-09-28,5,264
Watermaal-Bosvoorde,21017,2020-09-29,1,265
Watermaal-Bosvoorde,21017,2020-09-30,8,273
Watermaal-Bosvoorde,21017,2020-10-01,7,280
Watermaal-Bosvoorde,21017,2020-10-02,18,298
Watermaal-Bosvoorde,21017,2020-10-03,12,310
Watermaal-Bosvoorde,21017,2020-10-04,10,320
Watermaal-Bosvoorde,21017,2020-10-05,13,333
Watermaal-Bosvoorde,21017,2020-10-06,5,338
Watermaal-Bosvoorde,21017,2020-10-07,8,346
Watermaal-Bosvoorde,21017,2020-10-08,13,359
Watermaal-Bosvoorde,21017,2020-10-09,24,383
Watermaal-Bosvoorde,21017,2020-10-10,25,408
Watermaal-Bosvoorde,21017,2020-10-11,27,435
Watermaal-Bosvoorde,21017,2020-10-12,17,452
Watermaal-Bosvoorde,21017,2020-10-13,11,463
Watermaal-Bosvoorde,21017,2020-10-14,14,477
Watermaal-Bosvoorde,21017,2020-10-15,36,513
Watermaal-Bosvoorde,21017,2020-10-16,31,544
Watermaal-Bosvoorde,21017,2020-10-17,26,570
Watermaal-Bosvoorde,21017,2020-10-18,25,595
Watermaal-Bosvoorde,21017,2020-10-19,29,624
Watermaal-Bosvoorde,21017,2020-10-20,15,639
Watermaal-Bosvoorde,21017,2020-10-21,10,649
Watermaal-Bosvoorde,21017,2020-10-22,58,707
Watermaal-Bosvoorde,21017,2020-10-23,49,756
Watermaal-Bosvoorde,21017,2020-10-24,40,796
Watermaal-Bosvoorde,21017,2020-10-25,56,852
Watermaal-Bosvoorde,21017,2020-10-26,39,891
Watermaal-Bosvoorde,21017,2020-10-27,27,918
Watermaal-Bosvoorde,21017,2020-10-28,45,963
Watermaal-Bosvoorde,21017,2020-10-29,58,1021
Watermaal-Bosvoorde,21017,2020-10-30,62,1083
Watermaal-Bosvoorde,21017,2020-10-31,50,1133
Watermaal-Bosvoorde,21017,2020-11-01,53,1186
Watermaal-Bosvoorde,21017,2020-11-02,18,1204
Watermaal-Bosvoorde,21017,2020-11-03,15,1219
Watermaal-Bosvoorde,21017,2020-11-04,16,1235
Watermaal-Bosvoorde,21017,2020-11-05,22,1257
Watermaal-Bosvoorde,21017,2020-11-06,24,1281
Watermaal-Bosvoorde,21017,2020-11-07,12,1293
Watermaal-Bosvoorde,21017,2020-11-08,18,1311
Watermaal-Bosvoorde,21017,2020-11-09,6,1317
Watermaal-Bosvoorde,21017,2020-11-10,6,1323
Watermaal-Bosvoorde,21017,2020-11-11,6,1329
Sint-Lambrechts-Woluwe,21018,2020-04-01,4,91
Sint-Lambrechts-Woluwe,21018,2020-04-02,2,93
Sint-Lambrechts-Woluwe,21018,2020-04-03,2,95
Sint-Lambrechts-Woluwe,21018,2020-04-04,6,101
Sint-Lambrechts-Woluwe,21018,2020-04-05,10,111
Sint-Lambrechts-Woluwe,21018,2020-04-06,6,117
Sint-Lambrechts-Woluwe,21018,2020-04-07,4,121
Sint-Lambrechts-Woluwe,21018,2020-04-08,4,125
Sint-Lambrechts-Woluwe,21018,2020-04-09,10,135
Sint-Lambrechts-Woluwe,21018,2020-04-10,4,139
Sint-Lambrechts-Woluwe,21018,2020-04-11,5,144
Sint-Lambrechts-Woluwe,21018,2020-04-12,3,147
Sint-Lambrechts-Woluwe,21018,2020-04-13,3,150
Sint-Lambrechts-Woluwe,21018,2020-04-14,0,150
Sint-Lambrechts-Woluwe,21018,2020-04-15,3,153
Sint-Lambrechts-Woluwe,21018,2020-04-16,1,154
Sint-Lambrechts-Woluwe,21018,2020-04-17,5,159
Sint-Lambrechts-Woluwe,21018,2020-04-18,1,160
Sint-Lambrechts-Woluwe,21018,2020-04-19,9,169
Sint-Lambrechts-Woluwe,21018,2020-04-20,24,193
Sint-Lambrechts-Woluwe,21018,2020-04-21,5,198
Sint-Lambrechts-Woluwe,21018,2020-04-22,2,200
Sint-Lambrechts-Woluwe,21018,2020-04-23,14,214
Sint-Lambrechts-Woluwe,21018,2020-04-24,3,217
Sint-Lambrechts-Woluwe,21018,2020-04-25,3,220
Sint-Lambrechts-Woluwe,21018,2020-04-26,0,220
Sint-Lambrechts-Woluwe,21018,2020-04-27,3,223
Sint-Lambrechts-Woluwe,21018,2020-04-28,-1,222
Sint-Lambrechts-Woluwe,21018,2020-04-29,2,224
Sint-Lambrechts-Woluwe,21018,2020-04-30,3,227
Sint-Lambrechts-Woluwe,21018,2020-05-01,2,229
Sint-Lambrechts-Woluwe,21018,2020-05-02,0,229
Sint-Lambrechts-Woluwe,21018,2020-05-03,0,229
Sint-Lambrechts-Woluwe,21018,2020-05-04,1,230
Sint-Lambrechts-Woluwe,21018,2020-05-05,2,232
Sint-Lambrechts-Woluwe,21018,2020-05-06,1,233
Sint-Lambrechts-Woluwe,21018,2020-05-07,1,234
Sint-Lambrechts-Woluwe,21018,2020-05-08,1,235
Sint-Lambrechts-Woluwe,21018,2020-05-09,0,235
Sint-Lambrechts-Woluwe,21018,2020-05-10,2,237
Sint-Lambrechts-Woluwe,21018,2020-05-11,0,237
Sint-Lambrechts-Woluwe,21018,2020-05-12,1,238
Sint-Lambrechts-Woluwe,21018,2020-05-13,0,238
Sint-Lambrechts-Woluwe,21018,2020-05-14,2,240
Sint-Lambrechts-Woluwe,21018,2020-05-15,0,240
Sint-Lambrechts-Woluwe,21018,2020-05-16,2,242
Sint-Lambrechts-Woluwe,21018,2020-05-17,0,242
Sint-Lambrechts-Woluwe,21018,2020-05-18,2,244
Sint-Lambrechts-Woluwe,21018,2020-05-19,0,244
Sint-Lambrechts-Woluwe,21018,2020-05-20,0,244
Sint-Lambrechts-Woluwe,21018,2020-05-21,0,244
Sint-Lambrechts-Woluwe,21018,2020-05-22,0,244
Sint-Lambrechts-Woluwe,21018,2020-05-23,1,245
Sint-Lambrechts-Woluwe,21018,2020-05-24,0,245
Sint-Lambrechts-Woluwe,21018,2020-05-25,0,245
Sint-Lambrechts-Woluwe,21018,2020-05-26,0,245
Sint-Lambrechts-Woluwe,21018,2020-05-27,0,245
Sint-Lambrechts-Woluwe,21018,2020-05-28,0,245
Sint-Lambrechts-Woluwe,21018,2020-05-29,0,245
Sint-Lambrechts-Woluwe,21018,2020-05-30,3,248
Sint-Lambrechts-Woluwe,21018,2020-05-31,0,248
Sint-Lambrechts-Woluwe,21018,2020-06-01,4,252
Sint-Lambrechts-Woluwe,21018,2020-06-02,0,252
Sint-Lambrechts-Woluwe,21018,2020-06-03,1,253
Sint-Lambrechts-Woluwe,21018,2020-06-04,0,253
Sint-Lambrechts-Woluwe,21018,2020-06-05,0,253
Sint-Lambrechts-Woluwe,21018,2020-06-06,1,254
Sint-Lambrechts-Woluwe,21018,2020-06-07,0,254
Sint-Lambrechts-Woluwe,21018,2020-06-08,1,255
Sint-Lambrechts-Woluwe,21018,2020-06-09,0,255
Sint-Lambrechts-Woluwe,21018,2020-06-10,0,255
Sint-Lambrechts-Woluwe,21018,2020-06-11,0,255
Sint-Lambrechts-Woluwe,21018,2020-06-12,5,260
Sint-Lambrechts-Woluwe,21018,2020-06-13,2,262
Sint-Lambrechts-Woluwe,21018,2020-06-14,1,263
Sint-Lambrechts-Woluwe,21018,2020-06-15,2,265
Sint-Lambrechts-Woluwe,21018,2020-06-16,2,267
Sint-Lambrechts-Woluwe,21018,2020-06-17,0,267
Sint-Lambrechts-Woluwe,21018,2020-06-18,0,267
Sint-Lambrechts-Woluwe,21018,2020-06-19,1,268
Sint-Lambrechts-Woluwe,21018,2020-06-20,0,268
Sint-Lambrechts-Woluwe,21018,2020-06-23,1,269
Sint-Lambrechts-Woluwe,21018,2020-06-24,0,269
Sint-Lambrechts-Woluwe,21018,2020-06-25,0,269
Sint-Lambrechts-Woluwe,21018,2020-06-26,0,269
Sint-Lambrechts-Woluwe,21018,2020-06-27,0,269
Sint-Lambrechts-Woluwe,21018,2020-06-30,0,269
Sint-Lambrechts-Woluwe,21018,2020-07-01,0,269
Sint-Lambrechts-Woluwe,21018,2020-07-02,1,270
Sint-Lambrechts-Woluwe,21018,2020-07-03,0,270
Sint-Lambrechts-Woluwe,21018,2020-07-04,1,271
Sint-Lambrechts-Woluwe,21018,2020-07-07,0,271
Sint-Lambrechts-Woluwe,21018,2020-07-08,0,271
Sint-Lambrechts-Woluwe,21018,2020-07-09,0,271
Sint-Lambrechts-Woluwe,21018,2020-07-10,0,271
Sint-Lambrechts-Woluwe,21018,2020-07-11,0,271
Sint-Lambrechts-Woluwe,21018,2020-07-14,2,273
Sint-Lambrechts-Woluwe,21018,2020-07-15,0,273
Sint-Lambrechts-Woluwe,21018,2020-07-16,1,274
Sint-Lambrechts-Woluwe,21018,2020-07-17,2,276
Sint-Lambrechts-Woluwe,21018,2020-07-18,0,276
Sint-Lambrechts-Woluwe,21018,2020-07-20,2,278
Sint-Lambrechts-Woluwe,21018,2020-07-21,1,279
Sint-Lambrechts-Woluwe,21018,2020-07-22,0,279
Sint-Lambrechts-Woluwe,21018,2020-07-23,0,279
Sint-Lambrechts-Woluwe,21018,2020-07-24,1,280
Sint-Lambrechts-Woluwe,21018,2020-07-25,0,280
Sint-Lambrechts-Woluwe,21018,2020-07-26,2,282
Sint-Lambrechts-Woluwe,21018,2020-07-27,3,285
Sint-Lambrechts-Woluwe,21018,2020-07-28,0,285
Sint-Lambrechts-Woluwe,21018,2020-07-29,0,285
Sint-Lambrechts-Woluwe,21018,2020-07-30,4,289
Sint-Lambrechts-Woluwe,21018,2020-07-31,2,291
Sint-Lambrechts-Woluwe,21018,2020-08-01,3,294
Sint-Lambrechts-Woluwe,21018,2020-08-02,2,296
Sint-Lambrechts-Woluwe,21018,2020-08-03,2,298
Sint-Lambrechts-Woluwe,21018,2020-08-04,3,301
Sint-Lambrechts-Woluwe,21018,2020-08-05,0,301
Sint-Lambrechts-Woluwe,21018,2020-08-06,1,302
Sint-Lambrechts-Woluwe,21018,2020-08-07,1,303
Sint-Lambrechts-Woluwe,21018,2020-08-08,5,308
Sint-Lambrechts-Woluwe,21018,2020-08-09,3,311
Sint-Lambrechts-Woluwe,21018,2020-08-10,1,312
Sint-Lambrechts-Woluwe,21018,2020-08-11,4,316
Sint-Lambrechts-Woluwe,21018,2020-08-12,0,316
Sint-Lambrechts-Woluwe,21018,2020-08-13,4,320
Sint-Lambrechts-Woluwe,21018,2020-08-14,3,323
Sint-Lambrechts-Woluwe,21018,2020-08-15,8,331
Sint-Lambrechts-Woluwe,21018,2020-08-16,3,334
Sint-Lambrechts-Woluwe,21018,2020-08-17,0,334
Sint-Lambrechts-Woluwe,21018,2020-08-18,0,334
Sint-Lambrechts-Woluwe,21018,2020-08-19,7,341
Sint-Lambrechts-Woluwe,21018,2020-08-20,5,346
Sint-Lambrechts-Woluwe,21018,2020-08-21,2,348
Sint-Lambrechts-Woluwe,21018,2020-08-22,1,349
Sint-Lambrechts-Woluwe,21018,2020-08-23,6,355
Sint-Lambrechts-Woluwe,21018,2020-08-24,1,356
Sint-Lambrechts-Woluwe,21018,2020-08-25,0,356
Sint-Lambrechts-Woluwe,21018,2020-08-26,5,361
Sint-Lambrechts-Woluwe,21018,2020-08-27,6,367
Sint-Lambrechts-Woluwe,21018,2020-08-28,4,371
Sint-Lambrechts-Woluwe,21018,2020-08-29,5,376
Sint-Lambrechts-Woluwe,21018,2020-08-30,4,380
Sint-Lambrechts-Woluwe,21018,2020-08-31,6,386
Sint-Lambrechts-Woluwe,21018,2020-09-01,1,387
Sint-Lambrechts-Woluwe,21018,2020-09-02,7,394
Sint-Lambrechts-Woluwe,21018,2020-09-03,4,398
Sint-Lambrechts-Woluwe,21018,2020-09-04,4,402
Sint-Lambrechts-Woluwe,21018,2020-09-05,3,405
Sint-Lambrechts-Woluwe,21018,2020-09-06,8,413
Sint-Lambrechts-Woluwe,21018,2020-09-07,6,419
Sint-Lambrechts-Woluwe,21018,2020-09-08,0,419
Sint-Lambrechts-Woluwe,21018,2020-09-09,3,422
Sint-Lambrechts-Woluwe,21018,2020-09-10,5,427
Sint-Lambrechts-Woluwe,21018,2020-09-11,9,436
Sint-Lambrechts-Woluwe,21018,2020-09-12,4,440
Sint-Lambrechts-Woluwe,21018,2020-09-13,2,442
Sint-Lambrechts-Woluwe,21018,2020-09-14,7,449
Sint-Lambrechts-Woluwe,21018,2020-09-15,7,456
Sint-Lambrechts-Woluwe,21018,2020-09-16,3,459
Sint-Lambrechts-Woluwe,21018,2020-09-17,4,463
Sint-Lambrechts-Woluwe,21018,2020-09-18,12,475
Sint-Lambrechts-Woluwe,21018,2020-09-19,22,497
Sint-Lambrechts-Woluwe,21018,2020-09-20,15,512
Sint-Lambrechts-Woluwe,21018,2020-09-21,6,518
Sint-Lambrechts-Woluwe,21018,2020-09-22,2,520
Sint-Lambrechts-Woluwe,21018,2020-09-23,11,531
Sint-Lambrechts-Woluwe,21018,2020-09-24,13,544
Sint-Lambrechts-Woluwe,21018,2020-09-25,10,554
Sint-Lambrechts-Woluwe,21018,2020-09-26,12,566
Sint-Lambrechts-Woluwe,21018,2020-09-27,11,577
Sint-Lambrechts-Woluwe,21018,2020-09-28,7,584
Sint-Lambrechts-Woluwe,21018,2020-09-29,8,592
Sint-Lambrechts-Woluwe,21018,2020-09-30,24,616
Sint-Lambrechts-Woluwe,21018,2020-10-01,6,622
Sint-Lambrechts-Woluwe,21018,2020-10-02,25,647
Sint-Lambrechts-Woluwe,21018,2020-10-03,24,671
Sint-Lambrechts-Woluwe,21018,2020-10-04,34,705
Sint-Lambrechts-Woluwe,21018,2020-10-05,19,724
Sint-Lambrechts-Woluwe,21018,2020-10-06,12,736
Sint-Lambrechts-Woluwe,21018,2020-10-07,15,751
Sint-Lambrechts-Woluwe,21018,2020-10-08,43,794
Sint-Lambrechts-Woluwe,21018,2020-10-09,46,840
Sint-Lambrechts-Woluwe,21018,2020-10-10,54,894
Sint-Lambrechts-Woluwe,21018,2020-10-11,53,947
Sint-Lambrechts-Woluwe,21018,2020-10-12,28,975
Sint-Lambrechts-Woluwe,21018,2020-10-13,13,988
Sint-Lambrechts-Woluwe,21018,2020-10-14,30,1018
Sint-Lambrechts-Woluwe,21018,2020-10-15,57,1075
Sint-Lambrechts-Woluwe,21018,2020-10-16,57,1132
Sint-Lambrechts-Woluwe,21018,2020-10-17,64,1196
Sint-Lambrechts-Woluwe,21018,2020-10-18,65,1261
Sint-Lambrechts-Woluwe,21018,2020-10-19,48,1309
Sint-Lambrechts-Woluwe,21018,2020-10-20,30,1339
Sint-Lambrechts-Woluwe,21018,2020-10-21,39,1378
Sint-Lambrechts-Woluwe,21018,2020-10-22,105,1483
Sint-Lambrechts-Woluwe,21018,2020-10-23,80,1563
Sint-Lambrechts-Woluwe,21018,2020-10-24,83,1646
Sint-Lambrechts-Woluwe,21018,2020-10-25,91,1737
Sint-Lambrechts-Woluwe,21018,2020-10-26,89,1826
Sint-Lambrechts-Woluwe,21018,2020-10-27,60,1886
Sint-Lambrechts-Woluwe,21018,2020-10-28,93,1979
Sint-Lambrechts-Woluwe,21018,2020-10-29,111,2090
Sint-Lambrechts-Woluwe,21018,2020-10-30,123,2213
Sint-Lambrechts-Woluwe,21018,2020-10-31,82,2295
Sint-Lambrechts-Woluwe,21018,2020-11-01,81,2376
Sint-Lambrechts-Woluwe,21018,2020-11-02,42,2418
Sint-Lambrechts-Woluwe,21018,2020-11-03,14,2432
Sint-Lambrechts-Woluwe,21018,2020-11-04,21,2453
Sint-Lambrechts-Woluwe,21018,2020-11-05,83,2536
Sint-Lambrechts-Woluwe,21018,2020-11-06,35,2571
Sint-Lambrechts-Woluwe,21018,2020-11-07,33,2604
Sint-Lambrechts-Woluwe,21018,2020-11-08,30,2634
Sint-Lambrechts-Woluwe,21018,2020-11-09,28,2662
Sint-Lambrechts-Woluwe,21018,2020-11-10,8,2670
Sint-Lambrechts-Woluwe,21018,2020-11-11,18,2688
Sint-Pieters-Woluwe,21019,2020-04-01,4,53
Sint-Pieters-Woluwe,21019,2020-04-02,1,54
Sint-Pieters-Woluwe,21019,2020-04-03,5,59
Sint-Pieters-Woluwe,21019,2020-04-04,6,65
Sint-Pieters-Woluwe,21019,2020-04-05,6,71
Sint-Pieters-Woluwe,21019,2020-04-06,1,72
Sint-Pieters-Woluwe,21019,2020-04-07,4,76
Sint-Pieters-Woluwe,21019,2020-04-08,3,79
Sint-Pieters-Woluwe,21019,2020-04-09,4,83
Sint-Pieters-Woluwe,21019,2020-04-10,3,86
Sint-Pieters-Woluwe,21019,2020-04-11,2,88
Sint-Pieters-Woluwe,21019,2020-04-12,2,90
Sint-Pieters-Woluwe,21019,2020-04-13,0,90
Sint-Pieters-Woluwe,21019,2020-04-14,1,91
Sint-Pieters-Woluwe,21019,2020-04-15,2,93
Sint-Pieters-Woluwe,21019,2020-04-16,0,93
Sint-Pieters-Woluwe,21019,2020-04-17,2,95
Sint-Pieters-Woluwe,21019,2020-04-18,6,101
Sint-Pieters-Woluwe,21019,2020-04-19,3,104
Sint-Pieters-Woluwe,21019,2020-04-20,9,113
Sint-Pieters-Woluwe,21019,2020-04-21,5,118
Sint-Pieters-Woluwe,21019,2020-04-22,0,118
Sint-Pieters-Woluwe,21019,2020-04-23,4,122
Sint-Pieters-Woluwe,21019,2020-04-24,1,123
Sint-Pieters-Woluwe,21019,2020-04-25,1,124
Sint-Pieters-Woluwe,21019,2020-04-26,1,125
Sint-Pieters-Woluwe,21019,2020-04-27,0,125
Sint-Pieters-Woluwe,21019,2020-04-28,0,125
Sint-Pieters-Woluwe,21019,2020-04-29,3,128
Sint-Pieters-Woluwe,21019,2020-04-30,4,132
Sint-Pieters-Woluwe,21019,2020-05-01,1,133
Sint-Pieters-Woluwe,21019,2020-05-02,0,133
Sint-Pieters-Woluwe,21019,2020-05-03,8,141
Sint-Pieters-Woluwe,21019,2020-05-04,0,141
Sint-Pieters-Woluwe,21019,2020-05-05,0,141
Sint-Pieters-Woluwe,21019,2020-05-06,0,141
Sint-Pieters-Woluwe,21019,2020-05-07,0,141
Sint-Pieters-Woluwe,21019,2020-05-08,1,142
Sint-Pieters-Woluwe,21019,2020-05-09,0,142
Sint-Pieters-Woluwe,21019,2020-05-10,2,144
Sint-Pieters-Woluwe,21019,2020-05-11,1,145
Sint-Pieters-Woluwe,21019,2020-05-12,3,148
Sint-Pieters-Woluwe,21019,2020-05-13,3,151
Sint-Pieters-Woluwe,21019,2020-05-14,1,152
Sint-Pieters-Woluwe,21019,2020-05-15,1,153
Sint-Pieters-Woluwe,21019,2020-05-16,0,153
Sint-Pieters-Woluwe,21019,2020-05-17,0,153
Sint-Pieters-Woluwe,21019,2020-05-18,1,154
Sint-Pieters-Woluwe,21019,2020-05-19,1,155
Sint-Pieters-Woluwe,21019,2020-05-20,1,156
Sint-Pieters-Woluwe,21019,2020-05-21,1,157
Sint-Pieters-Woluwe,21019,2020-05-22,1,158
Sint-Pieters-Woluwe,21019,2020-05-23,0,158
Sint-Pieters-Woluwe,21019,2020-05-24,1,159
Sint-Pieters-Woluwe,21019,2020-05-25,1,160
Sint-Pieters-Woluwe,21019,2020-05-26,1,161
Sint-Pieters-Woluwe,21019,2020-05-27,1,162
Sint-Pieters-Woluwe,21019,2020-05-28,1,163
Sint-Pieters-Woluwe,21019,2020-05-29,0,163
Sint-Pieters-Woluwe,21019,2020-05-30,0,163
Sint-Pieters-Woluwe,21019,2020-05-31,1,164
Sint-Pieters-Woluwe,21019,2020-06-01,2,166
Sint-Pieters-Woluwe,21019,2020-06-02,0,166
Sint-Pieters-Woluwe,21019,2020-06-03,0,166
Sint-Pieters-Woluwe,21019,2020-06-04,0,166
Sint-Pieters-Woluwe,21019,2020-06-05,0,166
Sint-Pieters-Woluwe,21019,2020-06-06,0,166
Sint-Pieters-Woluwe,21019,2020-06-07,0,166
Sint-Pieters-Woluwe,21019,2020-06-08,1,167
Sint-Pieters-Woluwe,21019,2020-06-09,1,168
Sint-Pieters-Woluwe,21019,2020-06-10,0,168
Sint-Pieters-Woluwe,21019,2020-06-11,1,169
Sint-Pieters-Woluwe,21019,2020-06-12,1,170
Sint-Pieters-Woluwe,21019,2020-06-13,0,170
Sint-Pieters-Woluwe,21019,2020-06-14,0,170
Sint-Pieters-Woluwe,21019,2020-06-15,2,172
Sint-Pieters-Woluwe,21019,2020-06-16,0,172
Sint-Pieters-Woluwe,21019,2020-06-17,0,172
Sint-Pieters-Woluwe,21019,2020-06-18,2,174
Sint-Pieters-Woluwe,21019,2020-06-19,0,174
Sint-Pieters-Woluwe,21019,2020-06-20,0,174
Sint-Pieters-Woluwe,21019,2020-06-23,0,174
Sint-Pieters-Woluwe,21019,2020-06-24,0,174
Sint-Pieters-Woluwe,21019,2020-06-25,0,174
Sint-Pieters-Woluwe,21019,2020-06-26,0,174
Sint-Pieters-Woluwe,21019,2020-06-27,0,174
Sint-Pieters-Woluwe,21019,2020-06-30,0,174
Sint-Pieters-Woluwe,21019,2020-07-01,0,174
Sint-Pieters-Woluwe,21019,2020-07-02,0,174
Sint-Pieters-Woluwe,21019,2020-07-03,1,175
Sint-Pieters-Woluwe,21019,2020-07-04,1,176
Sint-Pieters-Woluwe,21019,2020-07-07,0,176
Sint-Pieters-Woluwe,21019,2020-07-08,0,176
Sint-Pieters-Woluwe,21019,2020-07-09,0,176
Sint-Pieters-Woluwe,21019,2020-07-10,0,176
Sint-Pieters-Woluwe,21019,2020-07-11,0,176
Sint-Pieters-Woluwe,21019,2020-07-14,0,176
Sint-Pieters-Woluwe,21019,2020-07-15,0,176
Sint-Pieters-Woluwe,21019,2020-07-16,0,176
Sint-Pieters-Woluwe,21019,2020-07-17,0,176
Sint-Pieters-Woluwe,21019,2020-07-18,0,176
Sint-Pieters-Woluwe,21019,2020-07-20,0,176
Sint-Pieters-Woluwe,21019,2020-07-21,0,176
Sint-Pieters-Woluwe,21019,2020-07-22,0,176
Sint-Pieters-Woluwe,21019,2020-07-23,0,176
Sint-Pieters-Woluwe,21019,2020-07-24,0,176
Sint-Pieters-Woluwe,21019,2020-07-25,0,176
Sint-Pieters-Woluwe,21019,2020-07-26,0,176
Sint-Pieters-Woluwe,21019,2020-07-27,0,176
Sint-Pieters-Woluwe,21019,2020-07-28,0,176
Sint-Pieters-Woluwe,21019,2020-07-29,0,176
Sint-Pieters-Woluwe,21019,2020-07-30,5,181
Sint-Pieters-Woluwe,21019,2020-07-31,2,183
Sint-Pieters-Woluwe,21019,2020-08-01,2,185
Sint-Pieters-Woluwe,21019,2020-08-02,1,186
Sint-Pieters-Woluwe,21019,2020-08-03,0,186
Sint-Pieters-Woluwe,21019,2020-08-04,1,187
Sint-Pieters-Woluwe,21019,2020-08-05,1,188
Sint-Pieters-Woluwe,21019,2020-08-06,4,192
Sint-Pieters-Woluwe,21019,2020-08-07,3,195
Sint-Pieters-Woluwe,21019,2020-08-08,3,198
Sint-Pieters-Woluwe,21019,2020-08-09,1,199
Sint-Pieters-Woluwe,21019,2020-08-10,2,201
Sint-Pieters-Woluwe,21019,2020-08-11,2,203
Sint-Pieters-Woluwe,21019,2020-08-12,1,204
Sint-Pieters-Woluwe,21019,2020-08-13,0,204
Sint-Pieters-Woluwe,21019,2020-08-14,3,207
Sint-Pieters-Woluwe,21019,2020-08-15,1,208
Sint-Pieters-Woluwe,21019,2020-08-16,3,211
Sint-Pieters-Woluwe,21019,2020-08-17,0,211
Sint-Pieters-Woluwe,21019,2020-08-18,0,211
Sint-Pieters-Woluwe,21019,2020-08-19,1,212
Sint-Pieters-Woluwe,21019,2020-08-20,2,214
Sint-Pieters-Woluwe,21019,2020-08-21,5,219
Sint-Pieters-Woluwe,21019,2020-08-22,0,219
Sint-Pieters-Woluwe,21019,2020-08-23,5,224
Sint-Pieters-Woluwe,21019,2020-08-24,2,226
Sint-Pieters-Woluwe,21019,2020-08-25,1,227
Sint-Pieters-Woluwe,21019,2020-08-26,3,230
Sint-Pieters-Woluwe,21019,2020-08-27,5,235
Sint-Pieters-Woluwe,21019,2020-08-28,2,237
Sint-Pieters-Woluwe,21019,2020-08-29,2,239
Sint-Pieters-Woluwe,21019,2020-08-30,2,241
Sint-Pieters-Woluwe,21019,2020-08-31,4,245
Sint-Pieters-Woluwe,21019,2020-09-01,0,245
Sint-Pieters-Woluwe,21019,2020-09-02,4,249
Sint-Pieters-Woluwe,21019,2020-09-03,2,251
Sint-Pieters-Woluwe,21019,2020-09-04,2,253
Sint-Pieters-Woluwe,21019,2020-09-05,4,257
Sint-Pieters-Woluwe,21019,2020-09-06,2,259
Sint-Pieters-Woluwe,21019,2020-09-07,7,266
Sint-Pieters-Woluwe,21019,2020-09-08,0,266
Sint-Pieters-Woluwe,21019,2020-09-09,2,268
Sint-Pieters-Woluwe,21019,2020-09-10,1,269
Sint-Pieters-Woluwe,21019,2020-09-11,3,272
Sint-Pieters-Woluwe,21019,2020-09-12,3,275
Sint-Pieters-Woluwe,21019,2020-09-13,6,281
Sint-Pieters-Woluwe,21019,2020-09-14,6,287
Sint-Pieters-Woluwe,21019,2020-09-15,4,291
Sint-Pieters-Woluwe,21019,2020-09-16,0,291
Sint-Pieters-Woluwe,21019,2020-09-17,0,291
Sint-Pieters-Woluwe,21019,2020-09-18,11,302
Sint-Pieters-Woluwe,21019,2020-09-19,6,308
Sint-Pieters-Woluwe,21019,2020-09-20,5,313
Sint-Pieters-Woluwe,21019,2020-09-21,2,315
Sint-Pieters-Woluwe,21019,2020-09-22,4,319
Sint-Pieters-Woluwe,21019,2020-09-23,11,330
Sint-Pieters-Woluwe,21019,2020-09-24,8,338
Sint-Pieters-Woluwe,21019,2020-09-25,8,346
Sint-Pieters-Woluwe,21019,2020-09-26,3,349
Sint-Pieters-Woluwe,21019,2020-09-27,10,359
Sint-Pieters-Woluwe,21019,2020-09-28,7,366
Sint-Pieters-Woluwe,21019,2020-09-29,4,370
Sint-Pieters-Woluwe,21019,2020-09-30,13,383
Sint-Pieters-Woluwe,21019,2020-10-01,5,388
Sint-Pieters-Woluwe,21019,2020-10-02,17,405
Sint-Pieters-Woluwe,21019,2020-10-03,25,430
Sint-Pieters-Woluwe,21019,2020-10-04,23,453
Sint-Pieters-Woluwe,21019,2020-10-05,14,467
Sint-Pieters-Woluwe,21019,2020-10-06,8,475
Sint-Pieters-Woluwe,21019,2020-10-07,12,487
Sint-Pieters-Woluwe,21019,2020-10-08,19,506
Sint-Pieters-Woluwe,21019,2020-10-09,41,547
Sint-Pieters-Woluwe,21019,2020-10-10,32,579
Sint-Pieters-Woluwe,21019,2020-10-11,40,619
Sint-Pieters-Woluwe,21019,2020-10-12,29,648
Sint-Pieters-Woluwe,21019,2020-10-13,12,660
Sint-Pieters-Woluwe,21019,2020-10-14,27,687
Sint-Pieters-Woluwe,21019,2020-10-15,32,719
Sint-Pieters-Woluwe,21019,2020-10-16,35,754
Sint-Pieters-Woluwe,21019,2020-10-17,41,795
Sint-Pieters-Woluwe,21019,2020-10-18,48,843
Sint-Pieters-Woluwe,21019,2020-10-19,27,870
Sint-Pieters-Woluwe,21019,2020-10-20,23,893
Sint-Pieters-Woluwe,21019,2020-10-21,23,916
Sint-Pieters-Woluwe,21019,2020-10-22,70,986
Sint-Pieters-Woluwe,21019,2020-10-23,74,1060
Sint-Pieters-Woluwe,21019,2020-10-24,63,1123
Sint-Pieters-Woluwe,21019,2020-10-25,86,1209
Sint-Pieters-Woluwe,21019,2020-10-26,74,1283
Sint-Pieters-Woluwe,21019,2020-10-27,60,1343
Sint-Pieters-Woluwe,21019,2020-10-28,71,1414
Sint-Pieters-Woluwe,21019,2020-10-29,70,1484
Sint-Pieters-Woluwe,21019,2020-10-30,96,1580
Sint-Pieters-Woluwe,21019,2020-10-31,55,1635
Sint-Pieters-Woluwe,21019,2020-11-01,74,1709
Sint-Pieters-Woluwe,21019,2020-11-02,28,1737
Sint-Pieters-Woluwe,21019,2020-11-03,21,1758
Sint-Pieters-Woluwe,21019,2020-11-04,17,1775
Sint-Pieters-Woluwe,21019,2020-11-05,55,1830
Sint-Pieters-Woluwe,21019,2020-11-06,25,1855
Sint-Pieters-Woluwe,21019,2020-11-07,25,1880
Sint-Pieters-Woluwe,21019,2020-11-08,12,1892
Sint-Pieters-Woluwe,21019,2020-11-09,9,1901
Sint-Pieters-Woluwe,21019,2020-11-10,5,1906
Sint-Pieters-Woluwe,21019,2020-11-11,5,1911
Asse,23002,2020-04-01,2,48
Asse,23002,2020-04-02,5,53
Asse,23002,2020-04-03,9,62
Asse,23002,2020-04-04,4,66
Asse,23002,2020-04-05,5,71
Asse,23002,2020-04-06,5,76
Asse,23002,2020-04-07,2,78
Asse,23002,2020-04-08,1,79
Asse,23002,2020-04-09,2,81
Asse,23002,2020-04-10,7,88
Asse,23002,2020-04-11,7,95
Asse,23002,2020-04-12,4,99
Asse,23002,2020-04-13,22,121
Asse,23002,2020-04-14,1,122
Asse,23002,2020-04-15,0,122
Asse,23002,2020-04-16,1,123
Asse,23002,2020-04-17,3,126
Asse,23002,2020-04-18,2,128
Asse,23002,2020-04-19,1,129
Asse,23002,2020-04-20,3,132
Asse,23002,2020-04-21,0,132
Asse,23002,2020-04-22,2,134
Asse,23002,2020-04-23,0,134
Asse,23002,2020-04-24,1,135
Asse,23002,2020-04-25,1,136
Asse,23002,2020-04-26,0,136
Asse,23002,2020-04-27,3,139
Asse,23002,2020-04-28,2,141
Asse,23002,2020-04-29,1,142
Asse,23002,2020-04-30,1,143
Asse,23002,2020-05-01,0,143
Asse,23002,2020-05-02,0,143
Asse,23002,2020-05-03,3,146
Asse,23002,2020-05-04,1,147
Asse,23002,2020-05-05,1,148
Asse,23002,2020-05-06,0,148
Asse,23002,2020-05-07,2,150
Asse,23002,2020-05-08,1,151
Asse,23002,2020-05-09,0,151
Asse,23002,2020-05-10,0,151
Asse,23002,2020-05-11,1,152
Asse,23002,2020-05-12,0,152
Asse,23002,2020-05-13,0,152
Asse,23002,2020-05-14,0,152
Asse,23002,2020-05-15,1,153
Asse,23002,2020-05-16,0,153
Asse,23002,2020-05-17,0,153
Asse,23002,2020-05-18,0,153
Asse,23002,2020-05-19,0,153
Asse,23002,2020-05-20,0,153
Asse,23002,2020-05-21,0,153
Asse,23002,2020-05-22,0,153
Asse,23002,2020-05-23,0,153
Asse,23002,2020-05-24,0,153
Asse,23002,2020-05-25,0,153
Asse,23002,2020-05-26,0,153
Asse,23002,2020-05-27,2,155
Asse,23002,2020-05-28,1,156
Asse,23002,2020-05-29,0,156
Asse,23002,2020-05-30,0,156
Asse,23002,2020-05-31,1,157
Asse,23002,2020-06-01,3,160
Asse,23002,2020-06-02,1,161
Asse,23002,2020-06-03,0,161
Asse,23002,2020-06-04,0,161
Asse,23002,2020-06-05,0,161
Asse,23002,2020-06-06,0,161
Asse,23002,2020-06-07,1,162
Asse,23002,2020-06-08,1,163
Asse,23002,2020-06-09,0,163
Asse,23002,2020-06-10,0,163
Asse,23002,2020-06-11,0,163
Asse,23002,2020-06-12,1,164
Asse,23002,2020-06-13,0,164
Asse,23002,2020-06-14,1,165
Asse,23002,2020-06-15,0,165
Asse,23002,2020-06-16,0,165
Asse,23002,2020-06-17,1,166
Asse,23002,2020-06-18,0,166
Asse,23002,2020-06-19,0,166
Asse,23002,2020-06-20,0,166
Asse,23002,2020-06-23,1,167
Asse,23002,2020-06-24,0,167
Asse,23002,2020-06-25,0,167
Asse,23002,2020-06-26,0,167
Asse,23002,2020-06-27,0,167
Asse,23002,2020-06-30,0,167
Asse,23002,2020-07-01,0,167
Asse,23002,2020-07-02,1,168
Asse,23002,2020-07-03,0,168
Asse,23002,2020-07-04,0,168
Asse,23002,2020-07-07,1,169
Asse,23002,2020-07-08,1,170
Asse,23002,2020-07-09,0,170
Asse,23002,2020-07-10,0,170
Asse,23002,2020-07-11,0,170
Asse,23002,2020-07-14,1,171
Asse,23002,2020-07-15,1,172
Asse,23002,2020-07-16,1,173
Asse,23002,2020-07-17,0,173
Asse,23002,2020-07-18,0,173
Asse,23002,2020-07-20,1,174
Asse,23002,2020-07-21,0,174
Asse,23002,2020-07-22,0,174
Asse,23002,2020-07-23,0,174
Asse,23002,2020-07-24,0,174
Asse,23002,2020-07-25,1,175
Asse,23002,2020-07-26,1,176
Asse,23002,2020-07-27,0,176
Asse,23002,2020-07-28,0,176
Asse,23002,2020-07-29,0,176
Asse,23002,2020-07-30,2,178
Asse,23002,2020-07-31,2,180
Asse,23002,2020-08-01,0,180
Asse,23002,2020-08-02,0,180
Asse,23002,2020-08-03,1,181
Asse,23002,2020-08-04,1,182
Asse,23002,2020-08-05,0,182
Asse,23002,2020-08-06,2,184
Asse,23002,2020-08-07,7,191
Asse,23002,2020-08-08,2,193
Asse,23002,2020-08-09,0,193
Asse,23002,2020-08-10,3,196
Asse,23002,2020-08-11,3,199
Asse,23002,2020-08-12,2,201
Asse,23002,2020-08-13,3,204
Asse,23002,2020-08-14,1,205
Asse,23002,2020-08-15,1,206
Asse,23002,2020-08-16,4,210
Asse,23002,2020-08-17,0,210
Asse,23002,2020-08-18,0,210
Asse,23002,2020-08-19,0,210
Asse,23002,2020-08-20,2,212
Asse,23002,2020-08-21,3,215
Asse,23002,2020-08-22,2,217
Asse,23002,2020-08-23,1,218
Asse,23002,2020-08-24,4,222
Asse,23002,2020-08-25,0,222
Asse,23002,2020-08-26,4,226
Asse,23002,2020-08-27,1,227
Asse,23002,2020-08-28,4,231
Asse,23002,2020-08-29,4,235
Asse,23002,2020-08-30,0,235
Asse,23002,2020-08-31,1,236
Asse,23002,2020-09-01,1,237
Asse,23002,2020-09-02,5,242
Asse,23002,2020-09-03,4,246
Asse,23002,2020-09-04,3,249
Asse,23002,2020-09-05,3,252
Asse,23002,2020-09-06,4,256
Asse,23002,2020-09-07,3,259
Asse,23002,2020-09-08,2,261
Asse,23002,2020-09-09,1,262
Asse,23002,2020-09-10,5,267
Asse,23002,2020-09-11,4,271
Asse,23002,2020-09-12,4,275
Asse,23002,2020-09-13,0,275
Asse,23002,2020-09-14,2,277
Asse,23002,2020-09-15,3,280
Asse,23002,2020-09-16,3,283
Asse,23002,2020-09-17,7,290
Asse,23002,2020-09-18,4,294
Asse,23002,2020-09-19,3,297
Asse,23002,2020-09-20,2,299
Asse,23002,2020-09-21,10,309
Asse,23002,2020-09-22,2,311
Asse,23002,2020-09-23,8,319
Asse,23002,2020-09-24,4,323
Asse,23002,2020-09-25,10,333
Asse,23002,2020-09-26,8,341
Asse,23002,2020-09-27,8,349
Asse,23002,2020-09-28,7,356
Asse,23002,2020-09-29,4,360
Asse,23002,2020-09-30,3,363
Asse,23002,2020-10-01,3,366
Asse,23002,2020-10-02,7,373
Asse,23002,2020-10-03,8,381
Asse,23002,2020-10-04,9,390
Asse,23002,2020-10-05,10,400
Asse,23002,2020-10-06,5,405
Asse,23002,2020-10-07,13,418
Asse,23002,2020-10-08,15,433
Asse,23002,2020-10-09,29,462
Asse,23002,2020-10-10,16,478
Asse,23002,2020-10-11,25,503
Asse,23002,2020-10-12,12,515
Asse,23002,2020-10-13,8,523
Asse,23002,2020-10-14,36,559
Asse,23002,2020-10-15,19,578
Asse,23002,2020-10-16,53,631
Asse,23002,2020-10-17,28,659
Asse,23002,2020-10-18,49,708
Asse,23002,2020-10-19,32,740
Asse,23002,2020-10-20,37,777
Asse,23002,2020-10-21,29,806
Asse,23002,2020-10-22,55,861
Asse,23002,2020-10-23,76,937
Asse,23002,2020-10-24,70,1007
Asse,23002,2020-10-25,55,1062
Asse,23002,2020-10-26,45,1107
Asse,23002,2020-10-27,65,1172
Asse,23002,2020-10-28,47,1219
Asse,23002,2020-10-29,51,1270
Asse,23002,2020-10-30,66,1336
Asse,23002,2020-10-31,57,1393
Asse,23002,2020-11-01,48,1441
Asse,23002,2020-11-02,42,1483
Asse,23002,2020-11-03,13,1496
Asse,23002,2020-11-04,18,1514
Asse,23002,2020-11-05,40,1554
Asse,23002,2020-11-06,27,1581
Asse,23002,2020-11-07,28,1609
Asse,23002,2020-11-08,21,1630
Asse,23002,2020-11-09,8,1638
Asse,23002,2020-11-10,11,1649
Asse,23002,2020-11-11,13,1662
Beersel,23003,2020-04-01,2,49
Beersel,23003,2020-04-02,2,51
Beersel,23003,2020-04-03,1,52
Beersel,23003,2020-04-04,7,59
Beersel,23003,2020-04-05,0,59
Beersel,23003,2020-04-06,2,61
Beersel,23003,2020-04-07,1,62
Beersel,23003,2020-04-08,1,63
Beersel,23003,2020-04-09,1,64
Beersel,23003,2020-04-10,4,68
Beersel,23003,2020-04-11,2,70
Beersel,23003,2020-04-12,0,70
Beersel,23003,2020-04-13,1,71
Beersel,23003,2020-04-14,0,71
Beersel,23003,2020-04-15,3,74
Beersel,23003,2020-04-16,1,75
Beersel,23003,2020-04-17,2,77
Beersel,23003,2020-04-18,1,78
Beersel,23003,2020-04-19,2,80
Beersel,23003,2020-04-20,0,80
Beersel,23003,2020-04-21,0,80
Beersel,23003,2020-04-22,1,81
Beersel,23003,2020-04-23,0,81
Beersel,23003,2020-04-24,1,82
Beersel,23003,2020-04-25,1,83
Beersel,23003,2020-04-26,1,84
Beersel,23003,2020-04-27,1,85
Beersel,23003,2020-04-28,3,88
Beersel,23003,2020-04-29,0,88
Beersel,23003,2020-04-30,1,89
Beersel,23003,2020-05-01,0,89
Beersel,23003,2020-05-02,0,89
Beersel,23003,2020-05-03,0,89
Beersel,23003,2020-05-04,0,89
Beersel,23003,2020-05-05,0,89
Beersel,23003,2020-05-06,0,89
Beersel,23003,2020-05-07,0,89
Beersel,23003,2020-05-08,0,89
Beersel,23003,2020-05-09,0,89
Beersel,23003,2020-05-10,0,89
Beersel,23003,2020-05-11,0,89
Beersel,23003,2020-05-12,0,89
Beersel,23003,2020-05-13,3,92
Beersel,23003,2020-05-14,0,92
Beersel,23003,2020-05-15,0,92
Beersel,23003,2020-05-16,0,92
Beersel,23003,2020-05-17,1,93
Beersel,23003,2020-05-18,0,93
Beersel,23003,2020-05-19,0,93
Beersel,23003,2020-05-20,0,93
Beersel,23003,2020-05-21,0,93
Beersel,23003,2020-05-22,1,94
Beersel,23003,2020-05-23,0,94
Beersel,23003,2020-05-24,0,94
Beersel,23003,2020-05-25,0,94
Beersel,23003,2020-05-26,0,94
Beersel,23003,2020-05-27,0,94
Beersel,23003,2020-05-28,0,94
Beersel,23003,2020-05-29,0,94
Beersel,23003,2020-05-30,0,94
Beersel,23003,2020-05-31,0,94
Beersel,23003,2020-06-01,0,94
Beersel,23003,2020-06-02,0,94
Beersel,23003,2020-06-03,0,94
Beersel,23003,2020-06-04,0,94
Beersel,23003,2020-06-05,0,94
Beersel,23003,2020-06-06,0,94
Beersel,23003,2020-06-07,0,94
Beersel,23003,2020-06-08,1,95
Beersel,23003,2020-06-09,0,95
Beersel,23003,2020-06-10,1,96
Beersel,23003,2020-06-11,1,97
Beersel,23003,2020-06-12,-1,96
Beersel,23003,2020-06-13,0,96
Beersel,23003,2020-06-14,0,96
Beersel,23003,2020-06-15,1,97
Beersel,23003,2020-06-16,0,97
Beersel,23003,2020-06-17,0,97
Beersel,23003,2020-06-18,0,97
Beersel,23003,2020-06-19,1,98
Beersel,23003,2020-06-20,0,98
Beersel,23003,2020-06-23,0,98
Beersel,23003,2020-06-24,0,98
Beersel,23003,2020-06-25,0,98
Beersel,23003,2020-06-26,0,98
Beersel,23003,2020-06-27,0,98
Beersel,23003,2020-06-30,1,99
Beersel,23003,2020-07-01,0,99
Beersel,23003,2020-07-02,0,99
Beersel,23003,2020-07-03,0,99
Beersel,23003,2020-07-04,0,99
Beersel,23003,2020-07-07,0,99
Beersel,23003,2020-07-08,0,99
Beersel,23003,2020-07-09,0,99
Beersel,23003,2020-07-10,0,99
Beersel,23003,2020-07-11,2,101
Beersel,23003,2020-07-14,0,101
Beersel,23003,2020-07-15,0,101
Beersel,23003,2020-07-16,0,101
Beersel,23003,2020-07-17,0,101
Beersel,23003,2020-07-18,0,101
Beersel,23003,2020-07-20,1,102
Beersel,23003,2020-07-21,0,102
Beersel,23003,2020-07-22,1,103
Beersel,23003,2020-07-23,0,103
Beersel,23003,2020-07-24,0,103
Beersel,23003,2020-07-25,1,104
Beersel,23003,2020-07-26,1,105
Beersel,23003,2020-07-27,0,105
Beersel,23003,2020-07-28,0,105
Beersel,23003,2020-07-29,0,105
Beersel,23003,2020-07-30,0,105
Beersel,23003,2020-07-31,0,105
Beersel,23003,2020-08-01,1,106
Beersel,23003,2020-08-02,4,110
Beersel,23003,2020-08-03,0,110
Beersel,23003,2020-08-04,0,110
Beersel,23003,2020-08-05,0,110
Beersel,23003,2020-08-06,1,111
Beersel,23003,2020-08-07,0,111
Beersel,23003,2020-08-08,3,114
Beersel,23003,2020-08-09,0,114
Beersel,23003,2020-08-10,0,114
Beersel,23003,2020-08-11,0,114
Beersel,23003,2020-08-12,0,114
Beersel,23003,2020-08-13,0,114
Beersel,23003,2020-08-14,1,115
Beersel,23003,2020-08-15,1,116
Beersel,23003,2020-08-16,4,120
Beersel,23003,2020-08-17,0,120
Beersel,23003,2020-08-18,0,120
Beersel,23003,2020-08-19,0,120
Beersel,23003,2020-08-20,0,120
Beersel,23003,2020-08-21,3,123
Beersel,23003,2020-08-22,1,124
Beersel,23003,2020-08-23,3,127
Beersel,23003,2020-08-24,0,127
Beersel,23003,2020-08-25,1,128
Beersel,23003,2020-08-26,1,129
Beersel,23003,2020-08-27,0,129
Beersel,23003,2020-08-28,2,131
Beersel,23003,2020-08-29,1,132
Beersel,23003,2020-08-30,1,133
Beersel,23003,2020-08-31,1,134
Beersel,23003,2020-09-01,0,134
Beersel,23003,2020-09-02,2,136
Beersel,23003,2020-09-03,0,136
Beersel,23003,2020-09-04,1,137
Beersel,23003,2020-09-05,1,138
Beersel,23003,2020-09-06,0,138
Beersel,23003,2020-09-07,0,138
Beersel,23003,2020-09-08,0,138
Beersel,23003,2020-09-09,0,138
Beersel,23003,2020-09-10,3,141
Beersel,23003,2020-09-11,0,141
Beersel,23003,2020-09-12,1,142
Beersel,23003,2020-09-13,3,145
Beersel,23003,2020-09-14,2,147
Beersel,23003,2020-09-15,1,148
Beersel,23003,2020-09-16,3,151
Beersel,23003,2020-09-17,8,159
Beersel,23003,2020-09-18,6,165
Beersel,23003,2020-09-19,7,172
Beersel,23003,2020-09-20,5,177
Beersel,23003,2020-09-21,1,178
Beersel,23003,2020-09-22,2,180
Beersel,23003,2020-09-23,2,182
Beersel,23003,2020-09-24,7,189
Beersel,23003,2020-09-25,9,198
Beersel,23003,2020-09-26,4,202
Beersel,23003,2020-09-27,2,204
Beersel,23003,2020-09-28,4,208
Beersel,23003,2020-09-29,2,210
Beersel,23003,2020-09-30,3,213
Beersel,23003,2020-10-01,2,215
Beersel,23003,2020-10-02,9,224
Beersel,23003,2020-10-03,7,231
Beersel,23003,2020-10-04,8,239
Beersel,23003,2020-10-05,3,242
Beersel,23003,2020-10-06,4,246
Beersel,23003,2020-10-07,8,254
Beersel,23003,2020-10-08,14,268
Beersel,23003,2020-10-09,13,281
Beersel,23003,2020-10-10,14,295
Beersel,23003,2020-10-11,23,318
Beersel,23003,2020-10-12,8,326
Beersel,23003,2020-10-13,3,329
Beersel,23003,2020-10-14,10,339
Beersel,23003,2020-10-15,16,355
Beersel,23003,2020-10-16,35,390
Beersel,23003,2020-10-17,29,419
Beersel,23003,2020-10-18,40,459
Beersel,23003,2020-10-19,34,493
Beersel,23003,2020-10-20,17,510
Beersel,23003,2020-10-21,13,523
Beersel,23003,2020-10-22,39,562
Beersel,23003,2020-10-23,39,601
Beersel,23003,2020-10-24,49,650
Beersel,23003,2020-10-25,57,707
Beersel,23003,2020-10-26,24,731
Beersel,23003,2020-10-27,28,759
Beersel,23003,2020-10-28,26,785
Beersel,23003,2020-10-29,59,844
Beersel,23003,2020-10-30,49,893
Beersel,23003,2020-10-31,39,932
Beersel,23003,2020-11-01,30,962
Beersel,23003,2020-11-02,6,968
Beersel,23003,2020-11-03,16,984
Beersel,23003,2020-11-04,6,990
Beersel,23003,2020-11-05,31,1021
Beersel,23003,2020-11-06,17,1038
Beersel,23003,2020-11-07,13,1051
Beersel,23003,2020-11-08,8,1059
Beersel,23003,2020-11-09,3,1062
Beersel,23003,2020-11-10,2,1064
Beersel,23003,2020-11-11,7,1071
Dilbeek,23016,2020-04-01,1,55
Dilbeek,23016,2020-04-02,4,59
Dilbeek,23016,2020-04-03,6,65
Dilbeek,23016,2020-04-04,6,71
Dilbeek,23016,2020-04-05,4,75
Dilbeek,23016,2020-04-06,3,78
Dilbeek,23016,2020-04-07,1,79
Dilbeek,23016,2020-04-08,2,81
Dilbeek,23016,2020-04-09,4,85
Dilbeek,23016,2020-04-10,3,88
Dilbeek,23016,2020-04-11,2,90
Dilbeek,23016,2020-04-12,6,96
Dilbeek,23016,2020-04-13,3,99
Dilbeek,23016,2020-04-14,3,102
Dilbeek,23016,2020-04-15,7,109
Dilbeek,23016,2020-04-16,6,115
Dilbeek,23016,2020-04-17,6,121
Dilbeek,23016,2020-04-18,3,124
Dilbeek,23016,2020-04-19,4,128
Dilbeek,23016,2020-04-20,5,133
Dilbeek,23016,2020-04-21,1,134
Dilbeek,23016,2020-04-22,1,135
Dilbeek,23016,2020-04-23,2,137
Dilbeek,23016,2020-04-24,1,138
Dilbeek,23016,2020-04-25,2,140
Dilbeek,23016,2020-04-26,6,146
Dilbeek,23016,2020-04-27,3,149
Dilbeek,23016,2020-04-28,2,151
Dilbeek,23016,2020-04-29,6,157
Dilbeek,23016,2020-04-30,3,160
Dilbeek,23016,2020-05-01,6,166
Dilbeek,23016,2020-05-02,0,166
Dilbeek,23016,2020-05-03,3,169
Dilbeek,23016,2020-05-04,2,171
Dilbeek,23016,2020-05-05,3,174
Dilbeek,23016,2020-05-06,6,180
Dilbeek,23016,2020-05-07,1,181
Dilbeek,23016,2020-05-08,2,183
Dilbeek,23016,2020-05-09,10,193
Dilbeek,23016,2020-05-10,2,195
Dilbeek,23016,2020-05-11,1,196
Dilbeek,23016,2020-05-12,2,198
Dilbeek,23016,2020-05-13,2,200
Dilbeek,23016,2020-05-14,2,202
Dilbeek,23016,2020-05-15,0,202
Dilbeek,23016,2020-05-16,4,206
Dilbeek,23016,2020-05-17,1,207
Dilbeek,23016,2020-05-18,1,208
Dilbeek,23016,2020-05-19,0,208
Dilbeek,23016,2020-05-20,1,209
Dilbeek,23016,2020-05-21,3,212
Dilbeek,23016,2020-05-22,1,213
Dilbeek,23016,2020-05-23,3,216
Dilbeek,23016,2020-05-24,2,218
Dilbeek,23016,2020-05-25,4,222
Dilbeek,23016,2020-05-26,1,223
Dilbeek,23016,2020-05-27,0,223
Dilbeek,23016,2020-05-28,1,224
Dilbeek,23016,2020-05-29,2,226
Dilbeek,23016,2020-05-30,0,226
Dilbeek,23016,2020-05-31,4,230
Dilbeek,23016,2020-06-01,1,231
Dilbeek,23016,2020-06-02,1,232
Dilbeek,23016,2020-06-03,0,232
Dilbeek,23016,2020-06-04,1,233
Dilbeek,23016,2020-06-05,1,234
Dilbeek,23016,2020-06-06,2,236
Dilbeek,23016,2020-06-07,2,238
Dilbeek,23016,2020-06-08,1,239
Dilbeek,23016,2020-06-09,0,239
Dilbeek,23016,2020-06-10,0,239
Dilbeek,23016,2020-06-11,0,239
Dilbeek,23016,2020-06-12,2,241
Dilbeek,23016,2020-06-13,1,242
Dilbeek,23016,2020-06-14,0,242
Dilbeek,23016,2020-06-15,0,242
Dilbeek,23016,2020-06-16,0,242
Dilbeek,23016,2020-06-17,0,242
Dilbeek,23016,2020-06-18,0,242
Dilbeek,23016,2020-06-19,0,242
Dilbeek,23016,2020-06-20,1,243
Dilbeek,23016,2020-06-23,1,244
Dilbeek,23016,2020-06-24,0,244
Dilbeek,23016,2020-06-25,0,244
Dilbeek,23016,2020-06-26,3,247
Dilbeek,23016,2020-06-27,0,247
Dilbeek,23016,2020-06-30,0,247
Dilbeek,23016,2020-07-01,0,247
Dilbeek,23016,2020-07-02,0,247
Dilbeek,23016,2020-07-03,1,248
Dilbeek,23016,2020-07-04,0,248
Dilbeek,23016,2020-07-07,1,249
Dilbeek,23016,2020-07-08,0,249
Dilbeek,23016,2020-07-09,0,249
Dilbeek,23016,2020-07-10,1,250
Dilbeek,23016,2020-07-11,1,251
Dilbeek,23016,2020-07-14,0,251
Dilbeek,23016,2020-07-15,0,251
Dilbeek,23016,2020-07-16,0,251
Dilbeek,23016,2020-07-17,0,251
Dilbeek,23016,2020-07-18,1,252
Dilbeek,23016,2020-07-20,0,252
Dilbeek,23016,2020-07-21,0,252
Dilbeek,23016,2020-07-22,3,255
Dilbeek,23016,2020-07-23,0,255
Dilbeek,23016,2020-07-24,0,255
Dilbeek,23016,2020-07-25,0,255
Dilbeek,23016,2020-07-26,0,255
Dilbeek,23016,2020-07-27,1,256
Dilbeek,23016,2020-07-28,1,257
Dilbeek,23016,2020-07-29,1,258
Dilbeek,23016,2020-07-30,2,260
Dilbeek,23016,2020-07-31,3,263
Dilbeek,23016,2020-08-01,1,264
Dilbeek,23016,2020-08-02,5,269
Dilbeek,23016,2020-08-03,5,274
Dilbeek,23016,2020-08-04,3,277
Dilbeek,23016,2020-08-05,0,277
Dilbeek,23016,2020-08-06,0,277
Dilbeek,23016,2020-08-07,5,282
Dilbeek,23016,2020-08-08,5,287
Dilbeek,23016,2020-08-09,5,292
Dilbeek,23016,2020-08-10,3,295
Dilbeek,23016,2020-08-11,3,298
Dilbeek,23016,2020-08-12,3,301
Dilbeek,23016,2020-08-13,1,302
Dilbeek,23016,2020-08-14,1,303
Dilbeek,23016,2020-08-15,4,307
Dilbeek,23016,2020-08-16,5,312
Dilbeek,23016,2020-08-17,1,313
Dilbeek,23016,2020-08-18,1,314
Dilbeek,23016,2020-08-19,3,317
Dilbeek,23016,2020-08-20,2,319
Dilbeek,23016,2020-08-21,3,322
Dilbeek,23016,2020-08-22,3,325
Dilbeek,23016,2020-08-23,0,325
Dilbeek,23016,2020-08-24,0,325
Dilbeek,23016,2020-08-25,0,325
Dilbeek,23016,2020-08-26,1,326
Dilbeek,23016,2020-08-27,1,327
Dilbeek,23016,2020-08-28,0,327
Dilbeek,23016,2020-08-29,1,328
Dilbeek,23016,2020-08-30,1,329
Dilbeek,23016,2020-08-31,0,329
Dilbeek,23016,2020-09-01,0,329
Dilbeek,23016,2020-09-02,0,329
Dilbeek,23016,2020-09-03,3,332
Dilbeek,23016,2020-09-04,4,336
Dilbeek,23016,2020-09-05,4,340
Dilbeek,23016,2020-09-06,5,345
Dilbeek,23016,2020-09-07,0,345
Dilbeek,23016,2020-09-08,1,346
Dilbeek,23016,2020-09-09,0,346
Dilbeek,23016,2020-09-10,0,346
Dilbeek,23016,2020-09-11,3,349
Dilbeek,23016,2020-09-12,2,351
Dilbeek,23016,2020-09-13,9,360
Dilbeek,23016,2020-09-14,7,367
Dilbeek,23016,2020-09-15,4,371
Dilbeek,23016,2020-09-16,0,371
Dilbeek,23016,2020-09-17,3,374
Dilbeek,23016,2020-09-18,15,389
Dilbeek,23016,2020-09-19,9,398
Dilbeek,23016,2020-09-20,-7,391
Dilbeek,23016,2020-09-21,27,418
Dilbeek,23016,2020-09-22,3,421
Dilbeek,23016,2020-09-23,6,427
Dilbeek,23016,2020-09-24,8,435
Dilbeek,23016,2020-09-25,13,448
Dilbeek,23016,2020-09-26,21,469
Dilbeek,23016,2020-09-27,17,486
Dilbeek,23016,2020-09-28,12,498
Dilbeek,23016,2020-09-29,4,502
Dilbeek,23016,2020-09-30,13,515
Dilbeek,23016,2020-10-01,2,517
Dilbeek,23016,2020-10-02,18,535
Dilbeek,23016,2020-10-03,17,552
Dilbeek,23016,2020-10-04,19,571
Dilbeek,23016,2020-10-05,17,588
Dilbeek,23016,2020-10-06,13,601
Dilbeek,23016,2020-10-07,18,619
Dilbeek,23016,2020-10-08,20,639
Dilbeek,23016,2020-10-09,27,666
Dilbeek,23016,2020-10-10,37,703
Dilbeek,23016,2020-10-11,47,750
Dilbeek,23016,2020-10-12,42,792
Dilbeek,23016,2020-10-13,10,802
Dilbeek,23016,2020-10-14,41,843
Dilbeek,23016,2020-10-15,30,873
Dilbeek,23016,2020-10-16,60,933
Dilbeek,23016,2020-10-17,60,993
Dilbeek,23016,2020-10-18,50,1043
Dilbeek,23016,2020-10-19,62,1105
Dilbeek,23016,2020-10-20,45,1150
Dilbeek,23016,2020-10-21,46,1196
Dilbeek,23016,2020-10-22,63,1259
Dilbeek,23016,2020-10-23,70,1329
Dilbeek,23016,2020-10-24,118,1447
Dilbeek,23016,2020-10-25,118,1565
Dilbeek,23016,2020-10-26,76,1641
Dilbeek,23016,2020-10-27,94,1735
Dilbeek,23016,2020-10-28,46,1781
Dilbeek,23016,2020-10-29,102,1883
Dilbeek,23016,2020-10-30,120,2003
Dilbeek,23016,2020-10-31,71,2074
Dilbeek,23016,2020-11-01,98,2172
Dilbeek,23016,2020-11-02,35,2207
Dilbeek,23016,2020-11-03,13,2220
Dilbeek,23016,2020-11-04,17,2237
Dilbeek,23016,2020-11-05,63,2300
Dilbeek,23016,2020-11-06,40,2340
Dilbeek,23016,2020-11-07,17,2357
Dilbeek,23016,2020-11-08,20,2377
Dilbeek,23016,2020-11-09,16,2393
Dilbeek,23016,2020-11-10,3,2396
Dilbeek,23016,2020-11-11,11,2407
Galmaarden,23023,2020-04-01,0,9
Galmaarden,23023,2020-04-02,2,11
Galmaarden,23023,2020-04-03,0,11
Galmaarden,23023,2020-04-04,0,11
Galmaarden,23023,2020-04-05,0,11
Galmaarden,23023,2020-04-06,0,11
Galmaarden,23023,2020-04-07,3,14
Galmaarden,23023,2020-04-08,0,14
Galmaarden,23023,2020-04-09,2,16
Galmaarden,23023,2020-04-10,1,17
Galmaarden,23023,2020-04-11,1,18
Galmaarden,23023,2020-04-12,0,18
Galmaarden,23023,2020-04-13,0,18
Galmaarden,23023,2020-04-14,0,18
Galmaarden,23023,2020-04-15,0,18
Galmaarden,23023,2020-04-16,0,18
Galmaarden,23023,2020-04-17,0,18
Galmaarden,23023,2020-04-18,0,18
Galmaarden,23023,2020-04-19,0,18
Galmaarden,23023,2020-04-20,0,18
Galmaarden,23023,2020-04-21,0,18
Galmaarden,23023,2020-04-22,0,18
Galmaarden,23023,2020-04-23,0,18
Galmaarden,23023,2020-04-24,0,18
Galmaarden,23023,2020-04-25,0,18
Galmaarden,23023,2020-04-26,0,18
Galmaarden,23023,2020-04-27,0,18
Galmaarden,23023,2020-04-28,0,18
Galmaarden,23023,2020-04-29,0,18
Galmaarden,23023,2020-04-30,1,19
Galmaarden,23023,2020-05-01,0,19
Galmaarden,23023,2020-05-02,0,19
Galmaarden,23023,2020-05-03,0,19
Galmaarden,23023,2020-05-04,0,19
Galmaarden,23023,2020-05-05,0,19
Galmaarden,23023,2020-05-06,0,19
Galmaarden,23023,2020-05-07,1,20
Galmaarden,23023,2020-05-08,0,20
Galmaarden,23023,2020-05-09,0,20
Galmaarden,23023,2020-05-10,1,21
Galmaarden,23023,2020-05-11,0,21
Galmaarden,23023,2020-05-12,0,21
Galmaarden,23023,2020-05-13,0,21
Galmaarden,23023,2020-05-14,0,21
Galmaarden,23023,2020-05-15,0,21
Galmaarden,23023,2020-05-16,0,21
Galmaarden,23023,2020-05-17,0,21
Galmaarden,23023,2020-05-18,0,21
Galmaarden,23023,2020-05-19,0,21
Galmaarden,23023,2020-05-20,1,22
Galmaarden,23023,2020-05-21,0,22
Galmaarden,23023,2020-05-22,0,22
Galmaarden,23023,2020-05-23,0,22
Galmaarden,23023,2020-05-24,0,22
Galmaarden,23023,2020-05-25,0,22
Galmaarden,23023,2020-05-26,0,22
Galmaarden,23023,2020-05-27,0,22
Galmaarden,23023,2020-05-28,0,22
Galmaarden,23023,2020-05-29,0,22
Galmaarden,23023,2020-05-30,0,22
Galmaarden,23023,2020-05-31,0,22
Galmaarden,23023,2020-06-01,0,22
Galmaarden,23023,2020-06-02,0,22
Galmaarden,23023,2020-06-03,0,22
Galmaarden,23023,2020-06-04,0,22
Galmaarden,23023,2020-06-05,0,22
Galmaarden,23023,2020-06-06,0,22
Galmaarden,23023,2020-06-07,0,22
Galmaarden,23023,2020-06-08,0,22
Galmaarden,23023,2020-06-09,0,22
Galmaarden,23023,2020-06-10,0,22
Galmaarden,23023,2020-06-11,0,22
Galmaarden,23023,2020-06-12,0,22
Galmaarden,23023,2020-06-13,0,22
Galmaarden,23023,2020-06-14,0,22
Galmaarden,23023,2020-06-15,0,22
Galmaarden,23023,2020-06-16,0,22
Galmaarden,23023,2020-06-17,0,22
Galmaarden,23023,2020-06-18,0,22
Galmaarden,23023,2020-06-19,0,22
Galmaarden,23023,2020-06-20,0,22
Galmaarden,23023,2020-06-23,0,22
Galmaarden,23023,2020-06-24,1,23
Galmaarden,23023,2020-06-25,0,23
Galmaarden,23023,2020-06-26,0,23
Galmaarden,23023,2020-06-27,0,23
Galmaarden,23023,2020-06-30,0,23
Galmaarden,23023,2020-07-01,0,23
Galmaarden,23023,2020-07-02,1,24
Galmaarden,23023,2020-07-03,0,24
Galmaarden,23023,2020-07-04,0,24
Galmaarden,23023,2020-07-07,0,24
Galmaarden,23023,2020-07-08,0,24
Galmaarden,23023,2020-07-09,0,24
Galmaarden,23023,2020-07-10,0,24
Galmaarden,23023,2020-07-11,0,24
Galmaarden,23023,2020-07-14,0,24
Galmaarden,23023,2020-07-15,0,24
Galmaarden,23023,2020-07-16,0,24
Galmaarden,23023,2020-07-17,0,24
Galmaarden,23023,2020-07-18,0,24
Galmaarden,23023,2020-07-20,0,24
Galmaarden,23023,2020-07-21,0,24
Galmaarden,23023,2020-07-22,0,24
Galmaarden,23023,2020-07-23,0,24
Galmaarden,23023,2020-07-24,0,24
Galmaarden,23023,2020-07-25,0,24
Galmaarden,23023,2020-07-26,1,25
Galmaarden,23023,2020-07-27,0,25
Galmaarden,23023,2020-07-28,2,27
Galmaarden,23023,2020-07-29,1,28
Galmaarden,23023,2020-07-30,1,29
Galmaarden,23023,2020-07-31,7,36
Galmaarden,23023,2020-08-01,0,36
Galmaarden,23023,2020-08-02,0,36
Galmaarden,23023,2020-08-03,0,36
Galmaarden,23023,2020-08-04,0,36
Galmaarden,23023,2020-08-05,0,36
Galmaarden,23023,2020-08-06,0,36
Galmaarden,23023,2020-08-07,0,36
Galmaarden,23023,2020-08-08,0,36
Galmaarden,23023,2020-08-09,0,36
Galmaarden,23023,2020-08-10,0,36
Galmaarden,23023,2020-08-11,0,36
Galmaarden,23023,2020-08-12,0,36
Galmaarden,23023,2020-08-13,0,36
Galmaarden,23023,2020-08-14,0,36
Galmaarden,23023,2020-08-15,0,36
Galmaarden,23023,2020-08-16,0,36
Galmaarden,23023,2020-08-17,0,36
Galmaarden,23023,2020-08-18,0,36
Galmaarden,23023,2020-08-19,0,36
Galmaarden,23023,2020-08-20,0,36
Galmaarden,23023,2020-08-21,0,36
Galmaarden,23023,2020-08-22,0,36
Galmaarden,23023,2020-08-23,1,37
Galmaarden,23023,2020-08-24,0,37
Galmaarden,23023,2020-08-25,0,37
Galmaarden,23023,2020-08-26,0,37
Galmaarden,23023,2020-08-27,0,37
Galmaarden,23023,2020-08-28,0,37
Galmaarden,23023,2020-08-29,1,38
Galmaarden,23023,2020-08-30,0,38
Galmaarden,23023,2020-08-31,0,38
Galmaarden,23023,2020-09-01,0,38
Galmaarden,23023,2020-09-02,1,39
Galmaarden,23023,2020-09-03,5,44
Galmaarden,23023,2020-09-04,0,44
Galmaarden,23023,2020-09-05,0,44
Galmaarden,23023,2020-09-06,0,44
Galmaarden,23023,2020-09-07,0,44
Galmaarden,23023,2020-09-08,2,46
Galmaarden,23023,2020-09-09,0,46
Galmaarden,23023,2020-09-10,0,46
Galmaarden,23023,2020-09-11,0,46
Galmaarden,23023,2020-09-12,0,46
Galmaarden,23023,2020-09-13,1,47
Galmaarden,23023,2020-09-14,0,47
Galmaarden,23023,2020-09-15,0,47
Galmaarden,23023,2020-09-16,0,47
Galmaarden,23023,2020-09-17,0,47
Galmaarden,23023,2020-09-18,0,47
Galmaarden,23023,2020-09-19,0,47
Galmaarden,23023,2020-09-20,0,47
Galmaarden,23023,2020-09-21,0,47
Galmaarden,23023,2020-09-22,0,47
Galmaarden,23023,2020-09-23,0,47
Galmaarden,23023,2020-09-24,0,47
Galmaarden,23023,2020-09-25,1,48
Galmaarden,23023,2020-09-26,1,49
Galmaarden,23023,2020-09-27,0,49
Galmaarden,23023,2020-09-28,0,49
Galmaarden,23023,2020-09-29,0,49
Galmaarden,23023,2020-09-30,1,50
Galmaarden,23023,2020-10-01,0,50
Galmaarden,23023,2020-10-02,0,50
Galmaarden,23023,2020-10-03,0,50
Galmaarden,23023,2020-10-04,5,55
Galmaarden,23023,2020-10-05,1,56
Galmaarden,23023,2020-10-06,0,56
Galmaarden,23023,2020-10-07,3,59
Galmaarden,23023,2020-10-08,4,63
Galmaarden,23023,2020-10-09,3,66
Galmaarden,23023,2020-10-10,2,68
Galmaarden,23023,2020-10-11,3,71
Galmaarden,23023,2020-10-12,5,76
Galmaarden,23023,2020-10-13,0,76
Galmaarden,23023,2020-10-14,4,80
Galmaarden,23023,2020-10-15,6,86
Galmaarden,23023,2020-10-16,7,93
Galmaarden,23023,2020-10-17,7,100
Galmaarden,23023,2020-10-18,3,103
Galmaarden,23023,2020-10-19,11,114
Galmaarden,23023,2020-10-20,6,120
Galmaarden,23023,2020-10-21,9,129
Galmaarden,23023,2020-10-22,7,136
Galmaarden,23023,2020-10-23,5,141
Galmaarden,23023,2020-10-24,17,158
Galmaarden,23023,2020-10-25,12,170
Galmaarden,23023,2020-10-26,10,180
Galmaarden,23023,2020-10-27,24,204
Galmaarden,23023,2020-10-28,3,207
Galmaarden,23023,2020-10-29,14,221
Galmaarden,23023,2020-10-30,12,233
Galmaarden,23023,2020-10-31,13,246
Galmaarden,23023,2020-11-01,17,263
Galmaarden,23023,2020-11-02,6,269
Galmaarden,23023,2020-11-03,4,273
Galmaarden,23023,2020-11-04,1,274
Galmaarden,23023,2020-11-05,13,287
Galmaarden,23023,2020-11-06,8,295
Galmaarden,23023,2020-11-07,7,302
Galmaarden,23023,2020-11-08,4,306
Galmaarden,23023,2020-11-09,4,310
Galmaarden,23023,2020-11-10,6,316
Galmaarden,23023,2020-11-11,1,317
Gooik,23024,2020-04-01,0,0
Gooik,23024,2020-04-02,0,0
Gooik,23024,2020-04-03,0,0
Gooik,23024,2020-04-04,6,6
Gooik,23024,2020-04-05,0,6
Gooik,23024,2020-04-06,0,6
Gooik,23024,2020-04-07,0,6
Gooik,23024,2020-04-08,1,7
Gooik,23024,2020-04-09,0,7
Gooik,23024,2020-04-10,0,7
Gooik,23024,2020-04-11,0,7
Gooik,23024,2020-04-12,3,10
Gooik,23024,2020-04-13,0,10
Gooik,23024,2020-04-14,0,10
Gooik,23024,2020-04-15,2,12
Gooik,23024,2020-04-16,0,12
Gooik,23024,2020-04-17,1,13
Gooik,23024,2020-04-18,0,13
Gooik,23024,2020-04-19,2,15
Gooik,23024,2020-04-20,0,15
Gooik,23024,2020-04-21,0,15
Gooik,23024,2020-04-22,0,15
Gooik,23024,2020-04-23,1,16
Gooik,23024,2020-04-24,0,16
Gooik,23024,2020-04-25,0,16
Gooik,23024,2020-04-26,1,17
Gooik,23024,2020-04-27,1,18
Gooik,23024,2020-04-28,0,18
Gooik,23024,2020-04-29,1,19
Gooik,23024,2020-04-30,0,19
Gooik,23024,2020-05-01,0,19
Gooik,23024,2020-05-02,1,20
Gooik,23024,2020-05-03,1,21
Gooik,23024,2020-05-04,0,21
Gooik,23024,2020-05-05,3,24
Gooik,23024,2020-05-06,0,24
Gooik,23024,2020-05-07,0,24
Gooik,23024,2020-05-08,0,24
Gooik,23024,2020-05-09,0,24
Gooik,23024,2020-05-10,1,25
Gooik,23024,2020-05-11,0,25
Gooik,23024,2020-05-12,0,25
Gooik,23024,2020-05-13,1,26
Gooik,23024,2020-05-14,0,26
Gooik,23024,2020-05-15,0,26
Gooik,23024,2020-05-16,0,26
Gooik,23024,2020-05-17,0,26
Gooik,23024,2020-05-18,0,26
Gooik,23024,2020-05-19,0,26
Gooik,23024,2020-05-20,0,26
Gooik,23024,2020-05-21,0,26
Gooik,23024,2020-05-22,0,26
Gooik,23024,2020-05-23,2,28
Gooik,23024,2020-05-24,0,28
Gooik,23024,2020-05-25,0,28
Gooik,23024,2020-05-26,0,28
Gooik,23024,2020-05-27,1,29
Gooik,23024,2020-05-28,0,29
Gooik,23024,2020-05-29,0,29
Gooik,23024,2020-05-30,0,29
Gooik,23024,2020-05-31,0,29
Gooik,23024,2020-06-01,0,29
Gooik,23024,2020-06-02,0,29
Gooik,23024,2020-06-03,0,29
Gooik,23024,2020-06-04,0,29
Gooik,23024,2020-06-05,0,29
Gooik,23024,2020-06-06,0,29
Gooik,23024,2020-06-07,0,29
Gooik,23024,2020-06-08,0,29
Gooik,23024,2020-06-09,0,29
Gooik,23024,2020-06-10,0,29
Gooik,23024,2020-06-11,0,29
Gooik,23024,2020-06-12,0,29
Gooik,23024,2020-06-13,0,29
Gooik,23024,2020-06-14,0,29
Gooik,23024,2020-06-15,0,29
Gooik,23024,2020-06-16,0,29
Gooik,23024,2020-06-17,0,29
Gooik,23024,2020-06-18,0,29
Gooik,23024,2020-06-19,0,29
Gooik,23024,2020-06-20,0,29
Gooik,23024,2020-06-23,0,29
Gooik,23024,2020-06-24,1,30
Gooik,23024,2020-06-25,0,30
Gooik,23024,2020-06-26,0,30
Gooik,23024,2020-06-27,0,30
Gooik,23024,2020-06-30,0,30
Gooik,23024,2020-07-01,0,30
Gooik,23024,2020-07-02,0,30
Gooik,23024,2020-07-03,0,30
Gooik,23024,2020-07-04,0,30
Gooik,23024,2020-07-07,1,31
Gooik,23024,2020-07-08,0,31
Gooik,23024,2020-07-09,0,31
Gooik,23024,2020-07-10,0,31
Gooik,23024,2020-07-11,0,31
Gooik,23024,2020-07-14,0,31
Gooik,23024,2020-07-15,0,31
Gooik,23024,2020-07-16,0,31
Gooik,23024,2020-07-17,0,31
Gooik,23024,2020-07-18,0,31
Gooik,23024,2020-07-20,0,31
Gooik,23024,2020-07-21,0,31
Gooik,23024,2020-07-22,0,31
Gooik,23024,2020-07-23,0,31
Gooik,23024,2020-07-24,0,31
Gooik,23024,2020-07-25,0,31
Gooik,23024,2020-07-26,0,31
Gooik,23024,2020-07-27,0,31
Gooik,23024,2020-07-28,0,31
Gooik,23024,2020-07-29,0,31
Gooik,23024,2020-07-30,1,32
Gooik,23024,2020-07-31,1,33
Gooik,23024,2020-08-01,3,36
Gooik,23024,2020-08-02,0,36
Gooik,23024,2020-08-03,0,36
Gooik,23024,2020-08-04,0,36
Gooik,23024,2020-08-05,0,36
Gooik,23024,2020-08-06,0,36
Gooik,23024,2020-08-07,0,36
Gooik,23024,2020-08-08,1,37
Gooik,23024,2020-08-09,0,37
Gooik,23024,2020-08-10,0,37
Gooik,23024,2020-08-11,0,37
Gooik,23024,2020-08-12,0,37
Gooik,23024,2020-08-13,0,37
Gooik,23024,2020-08-14,0,37
Gooik,23024,2020-08-15,0,37
Gooik,23024,2020-08-16,0,37
Gooik,23024,2020-08-17,0,37
Gooik,23024,2020-08-18,0,37
Gooik,23024,2020-08-19,0,37
Gooik,23024,2020-08-20,0,37
Gooik,23024,2020-08-21,2,39
Gooik,23024,2020-08-22,0,39
Gooik,23024,2020-08-23,0,39
Gooik,23024,2020-08-24,0,39
Gooik,23024,2020-08-25,0,39
Gooik,23024,2020-08-26,0,39
Gooik,23024,2020-08-27,0,39
Gooik,23024,2020-08-28,0,39
Gooik,23024,2020-08-29,0,39
Gooik,23024,2020-08-30,0,39
Gooik,23024,2020-08-31,0,39
Gooik,23024,2020-09-01,0,39
Gooik,23024,2020-09-02,0,39
Gooik,23024,2020-09-03,0,39
Gooik,23024,2020-09-04,0,39
Gooik,23024,2020-09-05,0,39
Gooik,23024,2020-09-06,0,39
Gooik,23024,2020-09-07,0,39
Gooik,23024,2020-09-08,0,39
Gooik,23024,2020-09-09,0,39
Gooik,23024,2020-09-10,0,39
Gooik,23024,2020-09-11,0,39
Gooik,23024,2020-09-12,0,39
Gooik,23024,2020-09-13,1,40
Gooik,23024,2020-09-14,0,40
Gooik,23024,2020-09-15,0,40
Gooik,23024,2020-09-16,0,40
Gooik,23024,2020-09-17,0,40
Gooik,23024,2020-09-18,0,40
Gooik,23024,2020-09-19,0,40
Gooik,23024,2020-09-20,0,40
Gooik,23024,2020-09-21,1,41
Gooik,23024,2020-09-22,1,42
Gooik,23024,2020-09-23,0,42
Gooik,23024,2020-09-24,0,42
Gooik,23024,2020-09-25,1,43
Gooik,23024,2020-09-26,4,47
Gooik,23024,2020-09-27,0,47
Gooik,23024,2020-09-28,1,48
Gooik,23024,2020-09-29,0,48
Gooik,23024,2020-09-30,1,49
Gooik,23024,2020-10-01,1,50
Gooik,23024,2020-10-02,6,56
Gooik,23024,2020-10-03,1,57
Gooik,23024,2020-10-04,1,58
Gooik,23024,2020-10-05,2,60
Gooik,23024,2020-10-06,1,61
Gooik,23024,2020-10-07,1,62
Gooik,23024,2020-10-08,1,63
Gooik,23024,2020-10-09,6,69
Gooik,23024,2020-10-10,1,70
Gooik,23024,2020-10-11,4,74
Gooik,23024,2020-10-12,3,77
Gooik,23024,2020-10-13,1,78
Gooik,23024,2020-10-14,2,80
Gooik,23024,2020-10-15,3,83
Gooik,23024,2020-10-16,6,89
Gooik,23024,2020-10-17,12,101
Gooik,23024,2020-10-18,4,105
Gooik,23024,2020-10-19,1,106
Gooik,23024,2020-10-20,5,111
Gooik,23024,2020-10-21,7,118
Gooik,23024,2020-10-22,11,129
Gooik,23024,2020-10-23,9,138
Gooik,23024,2020-10-24,19,157
Gooik,23024,2020-10-25,21,178
Gooik,23024,2020-10-26,8,186
Gooik,23024,2020-10-27,16,202
Gooik,23024,2020-10-28,5,207
Gooik,23024,2020-10-29,8,215
Gooik,23024,2020-10-30,13,228
Gooik,23024,2020-10-31,11,239
Gooik,23024,2020-11-01,6,245
Gooik,23024,2020-11-02,6,251
Gooik,23024,2020-11-03,2,253
Gooik,23024,2020-11-04,3,256
Gooik,23024,2020-11-05,14,270
Gooik,23024,2020-11-06,5,275
Gooik,23024,2020-11-07,7,282
Gooik,23024,2020-11-08,5,287
Gooik,23024,2020-11-09,7,294
Gooik,23024,2020-11-10,0,294
Gooik,23024,2020-11-11,3,297
Grimbergen,23025,2020-04-01,1,43
Grimbergen,23025,2020-04-02,3,46
Grimbergen,23025,2020-04-03,3,49
Grimbergen,23025,2020-04-04,2,51
Grimbergen,23025,2020-04-05,5,56
Grimbergen,23025,2020-04-06,5,61
Grimbergen,23025,2020-04-07,1,62
Grimbergen,23025,2020-04-08,5,67
Grimbergen,23025,2020-04-09,10,77
Grimbergen,23025,2020-04-10,7,84
Grimbergen,23025,2020-04-11,2,86
Grimbergen,23025,2020-04-12,6,92
Grimbergen,23025,2020-04-13,5,97
Grimbergen,23025,2020-04-14,0,97
Grimbergen,23025,2020-04-15,5,102
Grimbergen,23025,2020-04-16,64,166
Grimbergen,23025,2020-04-17,8,174
Grimbergen,23025,2020-04-18,11,185
Grimbergen,23025,2020-04-19,2,187
Grimbergen,23025,2020-04-20,2,189
Grimbergen,23025,2020-04-21,2,191
Grimbergen,23025,2020-04-22,1,192
Grimbergen,23025,2020-04-23,1,193
Grimbergen,23025,2020-04-24,0,193
Grimbergen,23025,2020-04-25,4,197
Grimbergen,23025,2020-04-26,0,197
Grimbergen,23025,2020-04-27,2,199
Grimbergen,23025,2020-04-28,0,199
Grimbergen,23025,2020-04-29,0,199
Grimbergen,23025,2020-04-30,4,203
Grimbergen,23025,2020-05-01,2,205
Grimbergen,23025,2020-05-02,1,206
Grimbergen,23025,2020-05-03,0,206
Grimbergen,23025,2020-05-04,0,206
Grimbergen,23025,2020-05-05,1,207
Grimbergen,23025,2020-05-06,0,207
Grimbergen,23025,2020-05-07,1,208
Grimbergen,23025,2020-05-08,0,208
Grimbergen,23025,2020-05-09,1,209
Grimbergen,23025,2020-05-10,0,209
Grimbergen,23025,2020-05-11,0,209
Grimbergen,23025,2020-05-12,1,210
Grimbergen,23025,2020-05-13,0,210
Grimbergen,23025,2020-05-14,2,212
Grimbergen,23025,2020-05-15,1,213
Grimbergen,23025,2020-05-16,0,213
Grimbergen,23025,2020-05-17,0,213
Grimbergen,23025,2020-05-18,0,213
Grimbergen,23025,2020-05-19,0,213
Grimbergen,23025,2020-05-20,4,217
Grimbergen,23025,2020-05-21,2,219
Grimbergen,23025,2020-05-22,0,219
Grimbergen,23025,2020-05-23,0,219
Grimbergen,23025,2020-05-24,1,220
Grimbergen,23025,2020-05-25,0,220
Grimbergen,23025,2020-05-26,0,220
Grimbergen,23025,2020-05-27,1,221
Grimbergen,23025,2020-05-28,2,223
Grimbergen,23025,2020-05-29,0,223
Grimbergen,23025,2020-05-30,1,224
Grimbergen,23025,2020-05-31,2,226
Grimbergen,23025,2020-06-01,0,226
Grimbergen,23025,2020-06-02,0,226
Grimbergen,23025,2020-06-03,0,226
Grimbergen,23025,2020-06-04,0,226
Grimbergen,23025,2020-06-05,1,227
Grimbergen,23025,2020-06-06,1,228
Grimbergen,23025,2020-06-07,1,229
Grimbergen,23025,2020-06-08,1,230
Grimbergen,23025,2020-06-09,0,230
Grimbergen,23025,2020-06-10,0,230
Grimbergen,23025,2020-06-11,1,231
Grimbergen,23025,2020-06-12,1,232
Grimbergen,23025,2020-06-13,1,233
Grimbergen,23025,2020-06-14,1,234
Grimbergen,23025,2020-06-15,0,234
Grimbergen,23025,2020-06-16,0,234
Grimbergen,23025,2020-06-17,0,234
Grimbergen,23025,2020-06-18,0,234
Grimbergen,23025,2020-06-19,0,234
Grimbergen,23025,2020-06-20,0,234
Grimbergen,23025,2020-06-23,3,237
Grimbergen,23025,2020-06-24,0,237
Grimbergen,23025,2020-06-25,0,237
Grimbergen,23025,2020-06-26,0,237
Grimbergen,23025,2020-06-27,0,237
Grimbergen,23025,2020-06-30,0,237
Grimbergen,23025,2020-07-01,0,237
Grimbergen,23025,2020-07-02,0,237
Grimbergen,23025,2020-07-03,0,237
Grimbergen,23025,2020-07-04,1,238
Grimbergen,23025,2020-07-07,1,239
Grimbergen,23025,2020-07-08,0,239
Grimbergen,23025,2020-07-09,1,240
Grimbergen,23025,2020-07-10,0,240
Grimbergen,23025,2020-07-11,3,243
Grimbergen,23025,2020-07-14,8,251
Grimbergen,23025,2020-07-15,0,251
Grimbergen,23025,2020-07-16,1,252
Grimbergen,23025,2020-07-17,0,252
Grimbergen,23025,2020-07-18,1,253
Grimbergen,23025,2020-07-20,4,257
Grimbergen,23025,2020-07-21,0,257
Grimbergen,23025,2020-07-22,0,257
Grimbergen,23025,2020-07-23,0,257
Grimbergen,23025,2020-07-24,0,257
Grimbergen,23025,2020-07-25,1,258
Grimbergen,23025,2020-07-26,1,259
Grimbergen,23025,2020-07-27,0,259
Grimbergen,23025,2020-07-28,0,259
Grimbergen,23025,2020-07-29,0,259
Grimbergen,23025,2020-07-30,0,259
Grimbergen,23025,2020-07-31,1,260
Grimbergen,23025,2020-08-01,2,262
Grimbergen,23025,2020-08-02,3,265
Grimbergen,23025,2020-08-03,1,266
Grimbergen,23025,2020-08-04,0,266
Grimbergen,23025,2020-08-05,0,266
Grimbergen,23025,2020-08-06,1,267
Grimbergen,23025,2020-08-07,4,271
Grimbergen,23025,2020-08-08,3,274
Grimbergen,23025,2020-08-09,3,277
Grimbergen,23025,2020-08-10,1,278
Grimbergen,23025,2020-08-11,0,278
Grimbergen,23025,2020-08-12,0,278
Grimbergen,23025,2020-08-13,2,280
Grimbergen,23025,2020-08-14,-2,278
Grimbergen,23025,2020-08-15,5,283
Grimbergen,23025,2020-08-16,3,286
Grimbergen,23025,2020-08-17,2,288
Grimbergen,23025,2020-08-18,1,289
Grimbergen,23025,2020-08-19,1,290
Grimbergen,23025,2020-08-20,5,295
Grimbergen,23025,2020-08-21,3,298
Grimbergen,23025,2020-08-22,2,300
Grimbergen,23025,2020-08-23,3,303
Grimbergen,23025,2020-08-24,5,308
Grimbergen,23025,2020-08-25,1,309
Grimbergen,23025,2020-08-26,0,309
Grimbergen,23025,2020-08-27,2,311
Grimbergen,23025,2020-08-28,4,315
Grimbergen,23025,2020-08-29,7,322
Grimbergen,23025,2020-08-30,6,328
Grimbergen,23025,2020-08-31,0,328
Grimbergen,23025,2020-09-01,2,330
Grimbergen,23025,2020-09-02,1,331
Grimbergen,23025,2020-09-03,0,331
Grimbergen,23025,2020-09-04,2,333
Grimbergen,23025,2020-09-05,6,339
Grimbergen,23025,2020-09-06,3,342
Grimbergen,23025,2020-09-07,2,344
Grimbergen,23025,2020-09-08,0,344
Grimbergen,23025,2020-09-09,1,345
Grimbergen,23025,2020-09-10,1,346
Grimbergen,23025,2020-09-11,7,353
Grimbergen,23025,2020-09-12,5,358
Grimbergen,23025,2020-09-13,5,363
Grimbergen,23025,2020-09-14,4,367
Grimbergen,23025,2020-09-15,0,367
Grimbergen,23025,2020-09-16,3,370
Grimbergen,23025,2020-09-17,7,377
Grimbergen,23025,2020-09-18,15,392
Grimbergen,23025,2020-09-19,1,393
Grimbergen,23025,2020-09-20,2,395
Grimbergen,23025,2020-09-21,12,407
Grimbergen,23025,2020-09-22,5,412
Grimbergen,23025,2020-09-23,7,419
Grimbergen,23025,2020-09-24,4,423
Grimbergen,23025,2020-09-25,7,430
Grimbergen,23025,2020-09-26,15,445
Grimbergen,23025,2020-09-27,5,450
Grimbergen,23025,2020-09-28,6,456
Grimbergen,23025,2020-09-29,3,459
Grimbergen,23025,2020-09-30,5,464
Grimbergen,23025,2020-10-01,7,471
Grimbergen,23025,2020-10-02,10,481
Grimbergen,23025,2020-10-03,17,498
Grimbergen,23025,2020-10-04,13,511
Grimbergen,23025,2020-10-05,4,515
Grimbergen,23025,2020-10-06,6,521
Grimbergen,23025,2020-10-07,12,533
Grimbergen,23025,2020-10-08,9,542
Grimbergen,23025,2020-10-09,28,570
Grimbergen,23025,2020-10-10,16,586
Grimbergen,23025,2020-10-11,18,604
Grimbergen,23025,2020-10-12,24,628
Grimbergen,23025,2020-10-13,15,643
Grimbergen,23025,2020-10-14,20,663
Grimbergen,23025,2020-10-15,34,697
Grimbergen,23025,2020-10-16,39,736
Grimbergen,23025,2020-10-17,42,778
Grimbergen,23025,2020-10-18,49,827
Grimbergen,23025,2020-10-19,28,855
Grimbergen,23025,2020-10-20,30,885
Grimbergen,23025,2020-10-21,54,939
Grimbergen,23025,2020-10-22,44,983
Grimbergen,23025,2020-10-23,65,1048
Grimbergen,23025,2020-10-24,49,1097
Grimbergen,23025,2020-10-25,78,1175
Grimbergen,23025,2020-10-26,52,1227
Grimbergen,23025,2020-10-27,76,1303
Grimbergen,23025,2020-10-28,47,1350
Grimbergen,23025,2020-10-29,73,1423
Grimbergen,23025,2020-10-30,74,1497
Grimbergen,23025,2020-10-31,53,1550
Grimbergen,23025,2020-11-01,46,1596
Grimbergen,23025,2020-11-02,28,1624
Grimbergen,23025,2020-11-03,14,1638
Grimbergen,23025,2020-11-04,12,1650
Grimbergen,23025,2020-11-05,50,1700
Grimbergen,23025,2020-11-06,27,1727
Grimbergen,23025,2020-11-07,15,1742
Grimbergen,23025,2020-11-08,10,1752
Grimbergen,23025,2020-11-09,6,1758
Grimbergen,23025,2020-11-10,7,1765
Grimbergen,23025,2020-11-11,16,1781
Halle (Halle-Vilvoorde),23027,2020-04-01,2,51
Halle (Halle-Vilvoorde),23027,2020-04-02,8,59
Halle (Halle-Vilvoorde),23027,2020-04-03,7,66
Halle (Halle-Vilvoorde),23027,2020-04-04,8,74
Halle (Halle-Vilvoorde),23027,2020-04-05,6,80
Halle (Halle-Vilvoorde),23027,2020-04-06,5,85
Halle (Halle-Vilvoorde),23027,2020-04-07,0,85
Halle (Halle-Vilvoorde),23027,2020-04-08,4,89
Halle (Halle-Vilvoorde),23027,2020-04-09,2,91
Halle (Halle-Vilvoorde),23027,2020-04-10,4,95
Halle (Halle-Vilvoorde),23027,2020-04-11,3,98
Halle (Halle-Vilvoorde),23027,2020-04-12,3,101
Halle (Halle-Vilvoorde),23027,2020-04-13,3,104
Halle (Halle-Vilvoorde),23027,2020-04-14,3,107
Halle (Halle-Vilvoorde),23027,2020-04-15,5,112
Halle (Halle-Vilvoorde),23027,2020-04-16,2,114
Halle (Halle-Vilvoorde),23027,2020-04-17,9,123
Halle (Halle-Vilvoorde),23027,2020-04-18,0,123
Halle (Halle-Vilvoorde),23027,2020-04-19,5,128
Halle (Halle-Vilvoorde),23027,2020-04-20,8,136
Halle (Halle-Vilvoorde),23027,2020-04-21,20,156
Halle (Halle-Vilvoorde),23027,2020-04-22,0,156
Halle (Halle-Vilvoorde),23027,2020-04-23,0,156
Halle (Halle-Vilvoorde),23027,2020-04-24,7,163
Halle (Halle-Vilvoorde),23027,2020-04-25,0,163
Halle (Halle-Vilvoorde),23027,2020-04-26,0,163
Halle (Halle-Vilvoorde),23027,2020-04-27,0,163
Halle (Halle-Vilvoorde),23027,2020-04-28,1,164
Halle (Halle-Vilvoorde),23027,2020-04-29,0,164
Halle (Halle-Vilvoorde),23027,2020-04-30,2,166
Halle (Halle-Vilvoorde),23027,2020-05-01,0,166
Halle (Halle-Vilvoorde),23027,2020-05-02,0,166
Halle (Halle-Vilvoorde),23027,2020-05-03,2,168
Halle (Halle-Vilvoorde),23027,2020-05-04,0,168
Halle (Halle-Vilvoorde),23027,2020-05-05,1,169
Halle (Halle-Vilvoorde),23027,2020-05-06,2,171
Halle (Halle-Vilvoorde),23027,2020-05-07,6,177
Halle (Halle-Vilvoorde),23027,2020-05-08,7,184
Halle (Halle-Vilvoorde),23027,2020-05-09,1,185
Halle (Halle-Vilvoorde),23027,2020-05-10,0,185
Halle (Halle-Vilvoorde),23027,2020-05-11,1,186
Halle (Halle-Vilvoorde),23027,2020-05-12,0,186
Halle (Halle-Vilvoorde),23027,2020-05-13,1,187
Halle (Halle-Vilvoorde),23027,2020-05-14,0,187
Halle (Halle-Vilvoorde),23027,2020-05-15,0,187
Halle (Halle-Vilvoorde),23027,2020-05-16,1,188
Halle (Halle-Vilvoorde),23027,2020-05-17,0,188
Halle (Halle-Vilvoorde),23027,2020-05-18,1,189
Halle (Halle-Vilvoorde),23027,2020-05-19,0,189
Halle (Halle-Vilvoorde),23027,2020-05-20,1,190
Halle (Halle-Vilvoorde),23027,2020-05-21,1,191
Halle (Halle-Vilvoorde),23027,2020-05-22,0,191
Halle (Halle-Vilvoorde),23027,2020-05-23,0,191
Halle (Halle-Vilvoorde),23027,2020-05-24,0,191
Halle (Halle-Vilvoorde),23027,2020-05-25,0,191
Halle (Halle-Vilvoorde),23027,2020-05-26,0,191
Halle (Halle-Vilvoorde),23027,2020-05-27,1,192
Halle (Halle-Vilvoorde),23027,2020-05-28,0,192
Halle (Halle-Vilvoorde),23027,2020-05-29,0,192
Halle (Halle-Vilvoorde),23027,2020-05-30,0,192
Halle (Halle-Vilvoorde),23027,2020-05-31,1,193
Halle (Halle-Vilvoorde),23027,2020-06-01,0,193
Halle (Halle-Vilvoorde),23027,2020-06-02,0,193
Halle (Halle-Vilvoorde),23027,2020-06-03,0,193
Halle (Halle-Vilvoorde),23027,2020-06-04,0,193
Halle (Halle-Vilvoorde),23027,2020-06-05,1,194
Halle (Halle-Vilvoorde),23027,2020-06-06,0,194
Halle (Halle-Vilvoorde),23027,2020-06-07,1,195
Halle (Halle-Vilvoorde),23027,2020-06-08,0,195
Halle (Halle-Vilvoorde),23027,2020-06-09,1,196
Halle (Halle-Vilvoorde),23027,2020-06-10,0,196
Halle (Halle-Vilvoorde),23027,2020-06-11,0,196
Halle (Halle-Vilvoorde),23027,2020-06-12,0,196
Halle (Halle-Vilvoorde),23027,2020-06-13,0,196
Halle (Halle-Vilvoorde),23027,2020-06-14,0,196
Halle (Halle-Vilvoorde),23027,2020-06-15,0,196
Halle (Halle-Vilvoorde),23027,2020-06-16,0,196
Halle (Halle-Vilvoorde),23027,2020-06-17,0,196
Halle (Halle-Vilvoorde),23027,2020-06-18,0,196
Halle (Halle-Vilvoorde),23027,2020-06-19,1,197
Halle (Halle-Vilvoorde),23027,2020-06-20,0,197
Halle (Halle-Vilvoorde),23027,2020-06-23,0,197
Halle (Halle-Vilvoorde),23027,2020-06-24,0,197
Halle (Halle-Vilvoorde),23027,2020-06-25,0,197
Halle (Halle-Vilvoorde),23027,2020-06-26,0,197
Halle (Halle-Vilvoorde),23027,2020-06-27,0,197
Halle (Halle-Vilvoorde),23027,2020-06-30,0,197
Halle (Halle-Vilvoorde),23027,2020-07-01,0,197
Halle (Halle-Vilvoorde),23027,2020-07-02,0,197
Halle (Halle-Vilvoorde),23027,2020-07-03,0,197
Halle (Halle-Vilvoorde),23027,2020-07-04,0,197
Halle (Halle-Vilvoorde),23027,2020-07-07,1,198
Halle (Halle-Vilvoorde),23027,2020-07-08,0,198
Halle (Halle-Vilvoorde),23027,2020-07-09,0,198
Halle (Halle-Vilvoorde),23027,2020-07-10,0,198
Halle (Halle-Vilvoorde),23027,2020-07-11,0,198
Halle (Halle-Vilvoorde),23027,2020-07-14,0,198
Halle (Halle-Vilvoorde),23027,2020-07-15,0,198
Halle (Halle-Vilvoorde),23027,2020-07-16,0,198
Halle (Halle-Vilvoorde),23027,2020-07-17,1,199
Halle (Halle-Vilvoorde),23027,2020-07-18,1,200
Halle (Halle-Vilvoorde),23027,2020-07-20,4,204
Halle (Halle-Vilvoorde),23027,2020-07-21,0,204
Halle (Halle-Vilvoorde),23027,2020-07-22,1,205
Halle (Halle-Vilvoorde),23027,2020-07-23,0,205
Halle (Halle-Vilvoorde),23027,2020-07-24,0,205
Halle (Halle-Vilvoorde),23027,2020-07-25,0,205
Halle (Halle-Vilvoorde),23027,2020-07-26,2,207
Halle (Halle-Vilvoorde),23027,2020-07-27,0,207
Halle (Halle-Vilvoorde),23027,2020-07-28,0,207
Halle (Halle-Vilvoorde),23027,2020-07-29,0,207
Halle (Halle-Vilvoorde),23027,2020-07-30,2,209
Halle (Halle-Vilvoorde),23027,2020-07-31,1,210
Halle (Halle-Vilvoorde),23027,2020-08-01,4,214
Halle (Halle-Vilvoorde),23027,2020-08-02,3,217
Halle (Halle-Vilvoorde),23027,2020-08-03,2,219
Halle (Halle-Vilvoorde),23027,2020-08-04,2,221
Halle (Halle-Vilvoorde),23027,2020-08-05,0,221
Halle (Halle-Vilvoorde),23027,2020-08-06,0,221
Halle (Halle-Vilvoorde),23027,2020-08-07,3,224
Halle (Halle-Vilvoorde),23027,2020-08-08,2,226
Halle (Halle-Vilvoorde),23027,2020-08-09,0,226
Halle (Halle-Vilvoorde),23027,2020-08-10,1,227
Halle (Halle-Vilvoorde),23027,2020-08-11,1,228
Halle (Halle-Vilvoorde),23027,2020-08-12,0,228
Halle (Halle-Vilvoorde),23027,2020-08-13,1,229
Halle (Halle-Vilvoorde),23027,2020-08-14,1,230
Halle (Halle-Vilvoorde),23027,2020-08-15,0,230
Halle (Halle-Vilvoorde),23027,2020-08-16,2,232
Halle (Halle-Vilvoorde),23027,2020-08-17,0,232
Halle (Halle-Vilvoorde),23027,2020-08-18,0,232
Halle (Halle-Vilvoorde),23027,2020-08-19,3,235
Halle (Halle-Vilvoorde),23027,2020-08-20,1,236
Halle (Halle-Vilvoorde),23027,2020-08-21,3,239
Halle (Halle-Vilvoorde),23027,2020-08-22,1,240
Halle (Halle-Vilvoorde),23027,2020-08-23,1,241
Halle (Halle-Vilvoorde),23027,2020-08-24,4,245
Halle (Halle-Vilvoorde),23027,2020-08-25,2,247
Halle (Halle-Vilvoorde),23027,2020-08-26,1,248
Halle (Halle-Vilvoorde),23027,2020-08-27,1,249
Halle (Halle-Vilvoorde),23027,2020-08-28,2,251
Halle (Halle-Vilvoorde),23027,2020-08-29,4,255
Halle (Halle-Vilvoorde),23027,2020-08-30,1,256
Halle (Halle-Vilvoorde),23027,2020-08-31,3,259
Halle (Halle-Vilvoorde),23027,2020-09-01,0,259
Halle (Halle-Vilvoorde),23027,2020-09-02,1,260
Halle (Halle-Vilvoorde),23027,2020-09-03,4,264
Halle (Halle-Vilvoorde),23027,2020-09-04,1,265
Halle (Halle-Vilvoorde),23027,2020-09-05,1,266
Halle (Halle-Vilvoorde),23027,2020-09-06,1,267
Halle (Halle-Vilvoorde),23027,2020-09-07,2,269
Halle (Halle-Vilvoorde),23027,2020-09-08,3,272
Halle (Halle-Vilvoorde),23027,2020-09-09,0,272
Halle (Halle-Vilvoorde),23027,2020-09-10,3,275
Halle (Halle-Vilvoorde),23027,2020-09-11,1,276
Halle (Halle-Vilvoorde),23027,2020-09-12,4,280
Halle (Halle-Vilvoorde),23027,2020-09-13,0,280
Halle (Halle-Vilvoorde),23027,2020-09-14,1,281
Halle (Halle-Vilvoorde),23027,2020-09-15,4,285
Halle (Halle-Vilvoorde),23027,2020-09-16,3,288
Halle (Halle-Vilvoorde),23027,2020-09-17,0,288
Halle (Halle-Vilvoorde),23027,2020-09-18,2,290
Halle (Halle-Vilvoorde),23027,2020-09-19,8,298
Halle (Halle-Vilvoorde),23027,2020-09-20,5,303
Halle (Halle-Vilvoorde),23027,2020-09-21,2,305
Halle (Halle-Vilvoorde),23027,2020-09-22,2,307
Halle (Halle-Vilvoorde),23027,2020-09-23,2,309
Halle (Halle-Vilvoorde),23027,2020-09-24,6,315
Halle (Halle-Vilvoorde),23027,2020-09-25,7,322
Halle (Halle-Vilvoorde),23027,2020-09-26,12,334
Halle (Halle-Vilvoorde),23027,2020-09-27,6,340
Halle (Halle-Vilvoorde),23027,2020-09-28,6,346
Halle (Halle-Vilvoorde),23027,2020-09-29,2,348
Halle (Halle-Vilvoorde),23027,2020-09-30,8,356
Halle (Halle-Vilvoorde),23027,2020-10-01,4,360
Halle (Halle-Vilvoorde),23027,2020-10-02,4,364
Halle (Halle-Vilvoorde),23027,2020-10-03,11,375
Halle (Halle-Vilvoorde),23027,2020-10-04,9,384
Halle (Halle-Vilvoorde),23027,2020-10-05,11,395
Halle (Halle-Vilvoorde),23027,2020-10-06,7,402
Halle (Halle-Vilvoorde),23027,2020-10-07,10,412
Halle (Halle-Vilvoorde),23027,2020-10-08,17,429
Halle (Halle-Vilvoorde),23027,2020-10-09,17,446
Halle (Halle-Vilvoorde),23027,2020-10-10,30,476
Halle (Halle-Vilvoorde),23027,2020-10-11,20,496
Halle (Halle-Vilvoorde),23027,2020-10-12,23,519
Halle (Halle-Vilvoorde),23027,2020-10-13,4,523
Halle (Halle-Vilvoorde),23027,2020-10-14,19,542
Halle (Halle-Vilvoorde),23027,2020-10-15,30,572
Halle (Halle-Vilvoorde),23027,2020-10-16,46,618
Halle (Halle-Vilvoorde),23027,2020-10-17,24,642
Halle (Halle-Vilvoorde),23027,2020-10-18,36,678
Halle (Halle-Vilvoorde),23027,2020-10-19,47,725
Halle (Halle-Vilvoorde),23027,2020-10-20,21,746
Halle (Halle-Vilvoorde),23027,2020-10-21,23,769
Halle (Halle-Vilvoorde),23027,2020-10-22,73,842
Halle (Halle-Vilvoorde),23027,2020-10-23,34,876
Halle (Halle-Vilvoorde),23027,2020-10-24,36,912
Halle (Halle-Vilvoorde),23027,2020-10-25,66,978
Halle (Halle-Vilvoorde),23027,2020-10-26,31,1009
Halle (Halle-Vilvoorde),23027,2020-10-27,20,1029
Halle (Halle-Vilvoorde),23027,2020-10-28,22,1051
Halle (Halle-Vilvoorde),23027,2020-10-29,53,1104
Halle (Halle-Vilvoorde),23027,2020-10-30,47,1151
Halle (Halle-Vilvoorde),23027,2020-10-31,47,1198
Halle (Halle-Vilvoorde),23027,2020-11-01,41,1239
Halle (Halle-Vilvoorde),23027,2020-11-02,12,1251
Halle (Halle-Vilvoorde),23027,2020-11-03,18,1269
Halle (Halle-Vilvoorde),23027,2020-11-04,6,1275
Halle (Halle-Vilvoorde),23027,2020-11-05,45,1320
Halle (Halle-Vilvoorde),23027,2020-11-06,20,1340
Halle (Halle-Vilvoorde),23027,2020-11-07,10,1350
Halle (Halle-Vilvoorde),23027,2020-11-08,16,1366
Halle (Halle-Vilvoorde),23027,2020-11-09,8,1374
Halle (Halle-Vilvoorde),23027,2020-11-10,2,1376
Halle (Halle-Vilvoorde),23027,2020-11-11,5,1381
Herne,23032,2020-04-01,0,0
Herne,23032,2020-04-02,0,0
Herne,23032,2020-04-03,0,0
Herne,23032,2020-04-04,0,0
Herne,23032,2020-04-05,5,5
Herne,23032,2020-04-06,0,5
Herne,23032,2020-04-07,0,5
Herne,23032,2020-04-08,0,5
Herne,23032,2020-04-09,1,6
Herne,23032,2020-04-10,1,7
Herne,23032,2020-04-11,0,7
Herne,23032,2020-04-12,0,7
Herne,23032,2020-04-13,0,7
Herne,23032,2020-04-14,0,7
Herne,23032,2020-04-15,0,7
Herne,23032,2020-04-16,0,7
Herne,23032,2020-04-17,0,7
Herne,23032,2020-04-18,1,8
Herne,23032,2020-04-19,0,8
Herne,23032,2020-04-20,0,8
Herne,23032,2020-04-21,0,8
Herne,23032,2020-04-22,0,8
Herne,23032,2020-04-23,0,8
Herne,23032,2020-04-24,0,8
Herne,23032,2020-04-25,1,9
Herne,23032,2020-04-26,0,9
Herne,23032,2020-04-27,1,10
Herne,23032,2020-04-28,0,10
Herne,23032,2020-04-29,0,10
Herne,23032,2020-04-30,0,10
Herne,23032,2020-05-01,0,10
Herne,23032,2020-05-02,0,10
Herne,23032,2020-05-03,0,10
Herne,23032,2020-05-04,0,10
Herne,23032,2020-05-05,0,10
Herne,23032,2020-05-06,0,10
Herne,23032,2020-05-07,0,10
Herne,23032,2020-05-08,1,11
Herne,23032,2020-05-09,1,12
Herne,23032,2020-05-10,0,12
Herne,23032,2020-05-11,0,12
Herne,23032,2020-05-12,0,12
Herne,23032,2020-05-13,0,12
Herne,23032,2020-05-14,0,12
Herne,23032,2020-05-15,0,12
Herne,23032,2020-05-16,0,12
Herne,23032,2020-05-17,0,12
Herne,23032,2020-05-18,0,12
Herne,23032,2020-05-19,0,12
Herne,23032,2020-05-20,1,13
Herne,23032,2020-05-21,0,13
Herne,23032,2020-05-22,0,13
Herne,23032,2020-05-23,0,13
Herne,23032,2020-05-24,0,13
Herne,23032,2020-05-25,0,13
Herne,23032,2020-05-26,0,13
Herne,23032,2020-05-27,0,13
Herne,23032,2020-05-28,1,14
Herne,23032,2020-05-29,0,14
Herne,23032,2020-05-30,0,14
Herne,23032,2020-05-31,2,16
Herne,23032,2020-06-01,0,16
Herne,23032,2020-06-02,0,16
Herne,23032,2020-06-03,0,16
Herne,23032,2020-06-04,0,16
Herne,23032,2020-06-05,0,16
Herne,23032,2020-06-06,0,16
Herne,23032,2020-06-07,0,16
Herne,23032,2020-06-08,0,16
Herne,23032,2020-06-09,0,16
Herne,23032,2020-06-10,0,16
Herne,23032,2020-06-11,0,16
Herne,23032,2020-06-12,0,16
Herne,23032,2020-06-13,0,16
Herne,23032,2020-06-14,0,16
Herne,23032,2020-06-15,0,16
Herne,23032,2020-06-16,0,16
Herne,23032,2020-06-17,0,16
Herne,23032,2020-06-18,0,16
Herne,23032,2020-06-19,0,16
Herne,23032,2020-06-20,0,16
Herne,23032,2020-06-23,0,16
Herne,23032,2020-06-24,0,16
Herne,23032,2020-06-25,0,16
Herne,23032,2020-06-26,0,16
Herne,23032,2020-06-27,0,16
Herne,23032,2020-06-30,0,16
Herne,23032,2020-07-01,0,16
Herne,23032,2020-07-02,0,16
Herne,23032,2020-07-03,0,16
Herne,23032,2020-07-04,0,16
Herne,23032,2020-07-07,0,16
Herne,23032,2020-07-08,0,16
Herne,23032,2020-07-09,0,16
Herne,23032,2020-07-10,0,16
Herne,23032,2020-07-11,0,16
Herne,23032,2020-07-14,0,16
Herne,23032,2020-07-15,0,16
Herne,23032,2020-07-16,0,16
Herne,23032,2020-07-17,0,16
Herne,23032,2020-07-18,0,16
Herne,23032,2020-07-20,0,16
Herne,23032,2020-07-21,0,16
Herne,23032,2020-07-22,0,16
Herne,23032,2020-07-23,0,16
Herne,23032,2020-07-24,0,16
Herne,23032,2020-07-25,0,16
Herne,23032,2020-07-26,0,16
Herne,23032,2020-07-27,0,16
Herne,23032,2020-07-28,0,16
Herne,23032,2020-07-29,0,16
Herne,23032,2020-07-30,0,16
Herne,23032,2020-07-31,0,16
Herne,23032,2020-08-01,0,16
Herne,23032,2020-08-02,0,16
Herne,23032,2020-08-03,0,16
Herne,23032,2020-08-04,0,16
Herne,23032,2020-08-05,0,16
Herne,23032,2020-08-06,0,16
Herne,23032,2020-08-07,0,16
Herne,23032,2020-08-08,0,16
Herne,23032,2020-08-09,0,16
Herne,23032,2020-08-10,0,16
Herne,23032,2020-08-11,0,16
Herne,23032,2020-08-12,0,16
Herne,23032,2020-08-13,0,16
Herne,23032,2020-08-14,1,17
Herne,23032,2020-08-15,0,17
Herne,23032,2020-08-16,0,17
Herne,23032,2020-08-17,0,17
Herne,23032,2020-08-18,0,17
Herne,23032,2020-08-19,0,17
Herne,23032,2020-08-20,0,17
Herne,23032,2020-08-21,0,17
Herne,23032,2020-08-22,1,18
Herne,23032,2020-08-23,0,18
Herne,23032,2020-08-24,0,18
Herne,23032,2020-08-25,0,18
Herne,23032,2020-08-26,0,18
Herne,23032,2020-08-27,0,18
Herne,23032,2020-08-28,1,19
Herne,23032,2020-08-29,0,19
Herne,23032,2020-08-30,0,19
Herne,23032,2020-08-31,1,20
Herne,23032,2020-09-01,1,21
Herne,23032,2020-09-02,1,22
Herne,23032,2020-09-03,0,22
Herne,23032,2020-09-04,0,22
Herne,23032,2020-09-05,0,22
Herne,23032,2020-09-06,0,22
Herne,23032,2020-09-07,0,22
Herne,23032,2020-09-08,0,22
Herne,23032,2020-09-09,0,22
Herne,23032,2020-09-10,0,22
Herne,23032,2020-09-11,1,23
Herne,23032,2020-09-12,0,23
Herne,23032,2020-09-13,1,24
Herne,23032,2020-09-14,0,24
Herne,23032,2020-09-15,0,24
Herne,23032,2020-09-16,0,24
Herne,23032,2020-09-17,0,24
Herne,23032,2020-09-18,0,24
Herne,23032,2020-09-19,1,25
Herne,23032,2020-09-20,-1,24
Herne,23032,2020-09-21,1,25
Herne,23032,2020-09-22,2,27
Herne,23032,2020-09-23,0,27
Herne,23032,2020-09-24,1,28
Herne,23032,2020-09-25,2,30
Herne,23032,2020-09-26,1,31
Herne,23032,2020-09-27,0,31
Herne,23032,2020-09-28,0,31
Herne,23032,2020-09-29,0,31
Herne,23032,2020-09-30,1,32
Herne,23032,2020-10-01,0,32
Herne,23032,2020-10-02,1,33
Herne,23032,2020-10-03,0,33
Herne,23032,2020-10-04,2,35
Herne,23032,2020-10-05,0,35
Herne,23032,2020-10-06,2,37
Herne,23032,2020-10-07,2,39
Herne,23032,2020-10-08,2,41
Herne,23032,2020-10-09,5,46
Herne,23032,2020-10-10,3,49
Herne,23032,2020-10-11,2,51
Herne,23032,2020-10-12,1,52
Herne,23032,2020-10-13,2,54
Herne,23032,2020-10-14,3,57
Herne,23032,2020-10-15,3,60
Herne,23032,2020-10-16,5,65
Herne,23032,2020-10-17,7,72
Herne,23032,2020-10-18,2,74
Herne,23032,2020-10-19,1,75
Herne,23032,2020-10-20,3,78
Herne,23032,2020-10-21,9,87
Herne,23032,2020-10-22,7,94
Herne,23032,2020-10-23,0,94
Herne,23032,2020-10-24,9,103
Herne,23032,2020-10-25,11,114
Herne,23032,2020-10-26,9,123
Herne,23032,2020-10-27,11,134
Herne,23032,2020-10-28,4,138
Herne,23032,2020-10-29,6,144
Herne,23032,2020-10-30,10,154
Herne,23032,2020-10-31,4,158
Herne,23032,2020-11-01,7,165
Herne,23032,2020-11-02,3,168
Herne,23032,2020-11-03,2,170
Herne,23032,2020-11-04,1,171
Herne,23032,2020-11-05,6,177
Herne,23032,2020-11-06,3,180
Herne,23032,2020-11-07,7,187
Herne,23032,2020-11-08,7,194
Herne,23032,2020-11-09,2,196
Herne,23032,2020-11-10,1,197
Herne,23032,2020-11-11,2,199
Hoeilaart,23033,2020-04-01,0,14
Hoeilaart,23033,2020-04-02,1,15
Hoeilaart,23033,2020-04-03,0,15
Hoeilaart,23033,2020-04-04,0,15
Hoeilaart,23033,2020-04-05,2,17
Hoeilaart,23033,2020-04-06,0,17
Hoeilaart,23033,2020-04-07,0,17
Hoeilaart,23033,2020-04-08,0,17
Hoeilaart,23033,2020-04-09,1,18
Hoeilaart,23033,2020-04-10,0,18
Hoeilaart,23033,2020-04-11,0,18
Hoeilaart,23033,2020-04-12,0,18
Hoeilaart,23033,2020-04-13,1,19
Hoeilaart,23033,2020-04-14,0,19
Hoeilaart,23033,2020-04-15,1,20
Hoeilaart,23033,2020-04-16,0,20
Hoeilaart,23033,2020-04-17,1,21
Hoeilaart,23033,2020-04-18,0,21
Hoeilaart,23033,2020-04-19,0,21
Hoeilaart,23033,2020-04-20,0,21
Hoeilaart,23033,2020-04-21,0,21
Hoeilaart,23033,2020-04-22,0,21
Hoeilaart,23033,2020-04-23,0,21
Hoeilaart,23033,2020-04-24,3,24
Hoeilaart,23033,2020-04-25,1,25
Hoeilaart,23033,2020-04-26,0,25
Hoeilaart,23033,2020-04-27,0,25
Hoeilaart,23033,2020-04-28,0,25
Hoeilaart,23033,2020-04-29,0,25
Hoeilaart,23033,2020-04-30,1,26
Hoeilaart,23033,2020-05-01,0,26
Hoeilaart,23033,2020-05-02,1,27
Hoeilaart,23033,2020-05-03,0,27
Hoeilaart,23033,2020-05-04,0,27
Hoeilaart,23033,2020-05-05,0,27
Hoeilaart,23033,2020-05-06,0,27
Hoeilaart,23033,2020-05-07,0,27
Hoeilaart,23033,2020-05-08,1,28
Hoeilaart,23033,2020-05-09,0,28
Hoeilaart,23033,2020-05-10,0,28
Hoeilaart,23033,2020-05-11,0,28
Hoeilaart,23033,2020-05-12,0,28
Hoeilaart,23033,2020-05-13,0,28
Hoeilaart,23033,2020-05-14,0,28
Hoeilaart,23033,2020-05-15,0,28
Hoeilaart,23033,2020-05-16,0,28
Hoeilaart,23033,2020-05-17,0,28
Hoeilaart,23033,2020-05-18,0,28
Hoeilaart,23033,2020-05-19,0,28
Hoeilaart,23033,2020-05-20,0,28
Hoeilaart,23033,2020-05-21,0,28
Hoeilaart,23033,2020-05-22,0,28
Hoeilaart,23033,2020-05-23,0,28
Hoeilaart,23033,2020-05-24,0,28
Hoeilaart,23033,2020-05-25,0,28
Hoeilaart,23033,2020-05-26,0,28
Hoeilaart,23033,2020-05-27,0,28
Hoeilaart,23033,2020-05-28,0,28
Hoeilaart,23033,2020-05-29,0,28
Hoeilaart,23033,2020-05-30,0,28
Hoeilaart,23033,2020-05-31,0,28
Hoeilaart,23033,2020-06-01,0,28
Hoeilaart,23033,2020-06-02,0,28
Hoeilaart,23033,2020-06-03,0,28
Hoeilaart,23033,2020-06-04,0,28
Hoeilaart,23033,2020-06-05,0,28
Hoeilaart,23033,2020-06-06,0,28
Hoeilaart,23033,2020-06-07,0,28
Hoeilaart,23033,2020-06-08,0,28
Hoeilaart,23033,2020-06-09,0,28
Hoeilaart,23033,2020-06-10,0,28
Hoeilaart,23033,2020-06-11,0,28
Hoeilaart,23033,2020-06-12,1,29
Hoeilaart,23033,2020-06-13,0,29
Hoeilaart,23033,2020-06-14,0,29
Hoeilaart,23033,2020-06-15,0,29
Hoeilaart,23033,2020-06-16,0,29
Hoeilaart,23033,2020-06-17,0,29
Hoeilaart,23033,2020-06-18,0,29
Hoeilaart,23033,2020-06-19,0,29
Hoeilaart,23033,2020-06-20,0,29
Hoeilaart,23033,2020-06-23,0,29
Hoeilaart,23033,2020-06-24,0,29
Hoeilaart,23033,2020-06-25,0,29
Hoeilaart,23033,2020-06-26,0,29
Hoeilaart,23033,2020-06-27,0,29
Hoeilaart,23033,2020-06-30,1,30
Hoeilaart,23033,2020-07-01,0,30
Hoeilaart,23033,2020-07-02,0,30
Hoeilaart,23033,2020-07-03,0,30
Hoeilaart,23033,2020-07-04,0,30
Hoeilaart,23033,2020-07-07,0,30
Hoeilaart,23033,2020-07-08,0,30
Hoeilaart,23033,2020-07-09,0,30
Hoeilaart,23033,2020-07-10,0,30
Hoeilaart,23033,2020-07-11,0,30
Hoeilaart,23033,2020-07-14,0,30
Hoeilaart,23033,2020-07-15,0,30
Hoeilaart,23033,2020-07-16,0,30
Hoeilaart,23033,2020-07-17,0,30
Hoeilaart,23033,2020-07-18,0,30
Hoeilaart,23033,2020-07-20,0,30
Hoeilaart,23033,2020-07-21,0,30
Hoeilaart,23033,2020-07-22,0,30
Hoeilaart,23033,2020-07-23,0,30
Hoeilaart,23033,2020-07-24,0,30
Hoeilaart,23033,2020-07-25,1,31
Hoeilaart,23033,2020-07-26,0,31
Hoeilaart,23033,2020-07-27,0,31
Hoeilaart,23033,2020-07-28,1,32
Hoeilaart,23033,2020-07-29,0,32
Hoeilaart,23033,2020-07-30,0,32
Hoeilaart,23033,2020-07-31,0,32
Hoeilaart,23033,2020-08-01,0,32
Hoeilaart,23033,2020-08-02,0,32
Hoeilaart,23033,2020-08-03,0,32
Hoeilaart,23033,2020-08-04,0,32
Hoeilaart,23033,2020-08-05,0,32
Hoeilaart,23033,2020-08-06,0,32
Hoeilaart,23033,2020-08-07,0,32
Hoeilaart,23033,2020-08-08,0,32
Hoeilaart,23033,2020-08-09,1,33
Hoeilaart,23033,2020-08-10,0,33
Hoeilaart,23033,2020-08-11,0,33
Hoeilaart,23033,2020-08-12,1,34
Hoeilaart,23033,2020-08-13,1,35
Hoeilaart,23033,2020-08-14,0,35
Hoeilaart,23033,2020-08-15,0,35
Hoeilaart,23033,2020-08-16,0,35
Hoeilaart,23033,2020-08-17,0,35
Hoeilaart,23033,2020-08-18,0,35
Hoeilaart,23033,2020-08-19,1,36
Hoeilaart,23033,2020-08-20,0,36
Hoeilaart,23033,2020-08-21,0,36
Hoeilaart,23033,2020-08-22,2,38
Hoeilaart,23033,2020-08-23,3,41
Hoeilaart,23033,2020-08-24,0,41
Hoeilaart,23033,2020-08-25,0,41
Hoeilaart,23033,2020-08-26,2,43
Hoeilaart,23033,2020-08-27,0,43
Hoeilaart,23033,2020-08-28,1,44
Hoeilaart,23033,2020-08-29,0,44
Hoeilaart,23033,2020-08-30,1,45
Hoeilaart,23033,2020-08-31,0,45
Hoeilaart,23033,2020-09-01,0,45
Hoeilaart,23033,2020-09-02,0,45
Hoeilaart,23033,2020-09-03,0,45
Hoeilaart,23033,2020-09-04,0,45
Hoeilaart,23033,2020-09-05,0,45
Hoeilaart,23033,2020-09-06,0,45
Hoeilaart,23033,2020-09-07,1,46
Hoeilaart,23033,2020-09-08,1,47
Hoeilaart,23033,2020-09-09,1,48
Hoeilaart,23033,2020-09-10,0,48
Hoeilaart,23033,2020-09-11,2,50
Hoeilaart,23033,2020-09-12,3,53
Hoeilaart,23033,2020-09-13,0,53
Hoeilaart,23033,2020-09-14,1,54
Hoeilaart,23033,2020-09-15,0,54
Hoeilaart,23033,2020-09-16,0,54
Hoeilaart,23033,2020-09-17,4,58
Hoeilaart,23033,2020-09-18,2,60
Hoeilaart,23033,2020-09-19,3,63
Hoeilaart,23033,2020-09-20,2,65
Hoeilaart,23033,2020-09-21,1,66
Hoeilaart,23033,2020-09-22,2,68
Hoeilaart,23033,2020-09-23,1,69
Hoeilaart,23033,2020-09-24,4,73
Hoeilaart,23033,2020-09-25,4,77
Hoeilaart,23033,2020-09-26,2,79
Hoeilaart,23033,2020-09-27,3,82
Hoeilaart,23033,2020-09-28,1,83
Hoeilaart,23033,2020-09-29,1,84
Hoeilaart,23033,2020-09-30,0,84
Hoeilaart,23033,2020-10-01,1,85
Hoeilaart,23033,2020-10-02,2,87
Hoeilaart,23033,2020-10-03,4,91
Hoeilaart,23033,2020-10-04,5,96
Hoeilaart,23033,2020-10-05,4,100
Hoeilaart,23033,2020-10-06,3,103
Hoeilaart,23033,2020-10-07,3,106
Hoeilaart,23033,2020-10-08,4,110
Hoeilaart,23033,2020-10-09,6,116
Hoeilaart,23033,2020-10-10,5,121
Hoeilaart,23033,2020-10-11,14,135
Hoeilaart,23033,2020-10-12,4,139
Hoeilaart,23033,2020-10-13,2,141
Hoeilaart,23033,2020-10-14,5,146
Hoeilaart,23033,2020-10-15,9,155
Hoeilaart,23033,2020-10-16,9,164
Hoeilaart,23033,2020-10-17,11,175
Hoeilaart,23033,2020-10-18,22,197
Hoeilaart,23033,2020-10-19,5,202
Hoeilaart,23033,2020-10-20,3,205
Hoeilaart,23033,2020-10-21,8,213
Hoeilaart,23033,2020-10-22,5,218
Hoeilaart,23033,2020-10-23,25,243
Hoeilaart,23033,2020-10-24,6,249
Hoeilaart,23033,2020-10-25,32,281
Hoeilaart,23033,2020-10-26,12,293
Hoeilaart,23033,2020-10-27,11,304
Hoeilaart,23033,2020-10-28,12,316
Hoeilaart,23033,2020-10-29,22,338
Hoeilaart,23033,2020-10-30,9,347
Hoeilaart,23033,2020-10-31,16,363
Hoeilaart,23033,2020-11-01,8,371
Hoeilaart,23033,2020-11-02,4,375
Hoeilaart,23033,2020-11-03,5,380
Hoeilaart,23033,2020-11-04,0,380
Hoeilaart,23033,2020-11-05,8,388
Hoeilaart,23033,2020-11-06,17,405
Hoeilaart,23033,2020-11-07,15,420
Hoeilaart,23033,2020-11-08,3,423
Hoeilaart,23033,2020-11-09,4,427
Hoeilaart,23033,2020-11-10,0,427
Hoeilaart,23033,2020-11-11,2,429
Kampenhout,23038,2020-04-01,2,20
Kampenhout,23038,2020-04-02,1,21
Kampenhout,23038,2020-04-03,2,23
Kampenhout,23038,2020-04-04,1,24
Kampenhout,23038,2020-04-05,2,26
Kampenhout,23038,2020-04-06,2,28
Kampenhout,23038,2020-04-07,0,28
Kampenhout,23038,2020-04-08,1,29
Kampenhout,23038,2020-04-09,1,30
Kampenhout,23038,2020-04-10,1,31
Kampenhout,23038,2020-04-11,3,34
Kampenhout,23038,2020-04-12,2,36
Kampenhout,23038,2020-04-13,3,39
Kampenhout,23038,2020-04-14,0,39
Kampenhout,23038,2020-04-15,0,39
Kampenhout,23038,2020-04-16,0,39
Kampenhout,23038,2020-04-17,0,39
Kampenhout,23038,2020-04-18,2,41
Kampenhout,23038,2020-04-19,0,41
Kampenhout,23038,2020-04-20,4,45
Kampenhout,23038,2020-04-21,0,45
Kampenhout,23038,2020-04-22,1,46
Kampenhout,23038,2020-04-23,0,46
Kampenhout,23038,2020-04-24,1,47
Kampenhout,23038,2020-04-25,1,48
Kampenhout,23038,2020-04-26,0,48
Kampenhout,23038,2020-04-27,1,49
Kampenhout,23038,2020-04-28,0,49
Kampenhout,23038,2020-04-29,0,49
Kampenhout,23038,2020-04-30,1,50
Kampenhout,23038,2020-05-01,0,50
Kampenhout,23038,2020-05-02,0,50
Kampenhout,23038,2020-05-03,0,50
Kampenhout,23038,2020-05-04,0,50
Kampenhout,23038,2020-05-05,0,50
Kampenhout,23038,2020-05-06,0,50
Kampenhout,23038,2020-05-07,1,51
Kampenhout,23038,2020-05-08,0,51
Kampenhout,23038,2020-05-09,0,51
Kampenhout,23038,2020-05-10,0,51
Kampenhout,23038,2020-05-11,0,51
Kampenhout,23038,2020-05-12,0,51
Kampenhout,23038,2020-05-13,1,52
Kampenhout,23038,2020-05-14,0,52
Kampenhout,23038,2020-05-15,1,53
Kampenhout,23038,2020-05-16,0,53
Kampenhout,23038,2020-05-17,0,53
Kampenhout,23038,2020-05-18,0,53
Kampenhout,23038,2020-05-19,0,53
Kampenhout,23038,2020-05-20,0,53
Kampenhout,23038,2020-05-21,0,53
Kampenhout,23038,2020-05-22,0,53
Kampenhout,23038,2020-05-23,0,53
Kampenhout,23038,2020-05-24,0,53
Kampenhout,23038,2020-05-25,0,53
Kampenhout,23038,2020-05-26,0,53
Kampenhout,23038,2020-05-27,0,53
Kampenhout,23038,2020-05-28,0,53
Kampenhout,23038,2020-05-29,0,53
Kampenhout,23038,2020-05-30,0,53
Kampenhout,23038,2020-05-31,0,53
Kampenhout,23038,2020-06-01,0,53
Kampenhout,23038,2020-06-02,0,53
Kampenhout,23038,2020-06-03,0,53
Kampenhout,23038,2020-06-04,0,53
Kampenhout,23038,2020-06-05,0,53
Kampenhout,23038,2020-06-06,0,53
Kampenhout,23038,2020-06-07,0,53
Kampenhout,23038,2020-06-08,0,53
Kampenhout,23038,2020-06-09,0,53
Kampenhout,23038,2020-06-10,0,53
Kampenhout,23038,2020-06-11,0,53
Kampenhout,23038,2020-06-12,0,53
Kampenhout,23038,2020-06-13,0,53
Kampenhout,23038,2020-06-14,0,53
Kampenhout,23038,2020-06-15,0,53
Kampenhout,23038,2020-06-16,0,53
Kampenhout,23038,2020-06-17,0,53
Kampenhout,23038,2020-06-18,0,53
Kampenhout,23038,2020-06-19,0,53
Kampenhout,23038,2020-06-20,0,53
Kampenhout,23038,2020-06-23,0,53
Kampenhout,23038,2020-06-24,0,53
Kampenhout,23038,2020-06-25,0,53
Kampenhout,23038,2020-06-26,0,53
Kampenhout,23038,2020-06-27,0,53
Kampenhout,23038,2020-06-30,0,53
Kampenhout,23038,2020-07-01,0,53
Kampenhout,23038,2020-07-02,0,53
Kampenhout,23038,2020-07-03,0,53
Kampenhout,23038,2020-07-04,0,53
Kampenhout,23038,2020-07-07,0,53
Kampenhout,23038,2020-07-08,0,53
Kampenhout,23038,2020-07-09,0,53
Kampenhout,23038,2020-07-10,0,53
Kampenhout,23038,2020-07-11,0,53
Kampenhout,23038,2020-07-14,0,53
Kampenhout,23038,2020-07-15,0,53
Kampenhout,23038,2020-07-16,0,53
Kampenhout,23038,2020-07-17,0,53
Kampenhout,23038,2020-07-18,0,53
Kampenhout,23038,2020-07-20,0,53
Kampenhout,23038,2020-07-21,0,53
Kampenhout,23038,2020-07-22,0,53
Kampenhout,23038,2020-07-23,0,53
Kampenhout,23038,2020-07-24,0,53
Kampenhout,23038,2020-07-25,1,54
Kampenhout,23038,2020-07-26,0,54
Kampenhout,23038,2020-07-27,0,54
Kampenhout,23038,2020-07-28,1,55
Kampenhout,23038,2020-07-29,0,55
Kampenhout,23038,2020-07-30,0,55
Kampenhout,23038,2020-07-31,0,55
Kampenhout,23038,2020-08-01,0,55
Kampenhout,23038,2020-08-02,0,55
Kampenhout,23038,2020-08-03,0,55
Kampenhout,23038,2020-08-04,0,55
Kampenhout,23038,2020-08-05,0,55
Kampenhout,23038,2020-08-06,2,57
Kampenhout,23038,2020-08-07,0,57
Kampenhout,23038,2020-08-08,0,57
Kampenhout,23038,2020-08-09,0,57
Kampenhout,23038,2020-08-10,0,57
Kampenhout,23038,2020-08-11,0,57
Kampenhout,23038,2020-08-12,0,57
Kampenhout,23038,2020-08-13,0,57
Kampenhout,23038,2020-08-14,1,58
Kampenhout,23038,2020-08-15,0,58
Kampenhout,23038,2020-08-16,0,58
Kampenhout,23038,2020-08-17,0,58
Kampenhout,23038,2020-08-18,0,58
Kampenhout,23038,2020-08-19,0,58
Kampenhout,23038,2020-08-20,0,58
Kampenhout,23038,2020-08-21,0,58
Kampenhout,23038,2020-08-22,1,59
Kampenhout,23038,2020-08-23,0,59
Kampenhout,23038,2020-08-24,0,59
Kampenhout,23038,2020-08-25,0,59
Kampenhout,23038,2020-08-26,0,59
Kampenhout,23038,2020-08-27,0,59
Kampenhout,23038,2020-08-28,0,59
Kampenhout,23038,2020-08-29,0,59
Kampenhout,23038,2020-08-30,0,59
Kampenhout,23038,2020-08-31,0,59
Kampenhout,23038,2020-09-01,0,59
Kampenhout,23038,2020-09-02,0,59
Kampenhout,23038,2020-09-03,0,59
Kampenhout,23038,2020-09-04,0,59
Kampenhout,23038,2020-09-05,0,59
Kampenhout,23038,2020-09-06,0,59
Kampenhout,23038,2020-09-07,0,59
Kampenhout,23038,2020-09-08,0,59
Kampenhout,23038,2020-09-09,0,59
Kampenhout,23038,2020-09-10,0,59
Kampenhout,23038,2020-09-11,0,59
Kampenhout,23038,2020-09-12,1,60
Kampenhout,23038,2020-09-13,0,60
Kampenhout,23038,2020-09-14,0,60
Kampenhout,23038,2020-09-15,1,61
Kampenhout,23038,2020-09-16,0,61
Kampenhout,23038,2020-09-17,2,63
Kampenhout,23038,2020-09-18,6,69
Kampenhout,23038,2020-09-19,0,69
Kampenhout,23038,2020-09-20,1,70
Kampenhout,23038,2020-09-21,1,71
Kampenhout,23038,2020-09-22,1,72
Kampenhout,23038,2020-09-23,1,73
Kampenhout,23038,2020-09-24,0,73
Kampenhout,23038,2020-09-25,0,73
Kampenhout,23038,2020-09-26,5,78
Kampenhout,23038,2020-09-27,0,78
Kampenhout,23038,2020-09-28,1,79
Kampenhout,23038,2020-09-29,0,79
Kampenhout,23038,2020-09-30,0,79
Kampenhout,23038,2020-10-01,0,79
Kampenhout,23038,2020-10-02,3,82
Kampenhout,23038,2020-10-03,0,82
Kampenhout,23038,2020-10-04,1,83
Kampenhout,23038,2020-10-05,1,84
Kampenhout,23038,2020-10-06,2,86
Kampenhout,23038,2020-10-07,1,87
Kampenhout,23038,2020-10-08,2,89
Kampenhout,23038,2020-10-09,4,93
Kampenhout,23038,2020-10-10,4,97
Kampenhout,23038,2020-10-11,6,103
Kampenhout,23038,2020-10-12,4,107
Kampenhout,23038,2020-10-13,5,112
Kampenhout,23038,2020-10-14,5,117
Kampenhout,23038,2020-10-15,13,130
Kampenhout,23038,2020-10-16,9,139
Kampenhout,23038,2020-10-17,3,142
Kampenhout,23038,2020-10-18,4,146
Kampenhout,23038,2020-10-19,5,151
Kampenhout,23038,2020-10-20,5,156
Kampenhout,23038,2020-10-21,7,163
Kampenhout,23038,2020-10-22,10,173
Kampenhout,23038,2020-10-23,18,191
Kampenhout,23038,2020-10-24,8,199
Kampenhout,23038,2020-10-25,25,224
Kampenhout,23038,2020-10-26,4,228
Kampenhout,23038,2020-10-27,10,238
Kampenhout,23038,2020-10-28,2,240
Kampenhout,23038,2020-10-29,18,258
Kampenhout,23038,2020-10-30,15,273
Kampenhout,23038,2020-10-31,11,284
Kampenhout,23038,2020-11-01,7,291
Kampenhout,23038,2020-11-02,6,297
Kampenhout,23038,2020-11-03,4,301
Kampenhout,23038,2020-11-04,3,304
Kampenhout,23038,2020-11-05,9,313
Kampenhout,23038,2020-11-06,7,320
Kampenhout,23038,2020-11-07,6,326
Kampenhout,23038,2020-11-08,3,329
Kampenhout,23038,2020-11-09,0,329
Kampenhout,23038,2020-11-10,0,329
Kampenhout,23038,2020-11-11,4,333
Kapelle-op-den-Bos,23039,2020-04-01,1,24
Kapelle-op-den-Bos,23039,2020-04-02,1,25
Kapelle-op-den-Bos,23039,2020-04-03,4,29
Kapelle-op-den-Bos,23039,2020-04-04,2,31
Kapelle-op-den-Bos,23039,2020-04-05,2,33
Kapelle-op-den-Bos,23039,2020-04-06,1,34
Kapelle-op-den-Bos,23039,2020-04-07,0,34
Kapelle-op-den-Bos,23039,2020-04-08,1,35
Kapelle-op-den-Bos,23039,2020-04-09,6,41
Kapelle-op-den-Bos,23039,2020-04-10,0,41
Kapelle-op-den-Bos,23039,2020-04-11,11,52
Kapelle-op-den-Bos,23039,2020-04-12,16,68
Kapelle-op-den-Bos,23039,2020-04-13,1,69
Kapelle-op-den-Bos,23039,2020-04-14,2,71
Kapelle-op-den-Bos,23039,2020-04-15,1,72
Kapelle-op-den-Bos,23039,2020-04-16,6,78
Kapelle-op-den-Bos,23039,2020-04-17,1,79
Kapelle-op-den-Bos,23039,2020-04-18,24,103
Kapelle-op-den-Bos,23039,2020-04-19,1,104
Kapelle-op-den-Bos,23039,2020-04-20,0,104
Kapelle-op-den-Bos,23039,2020-04-21,2,106
Kapelle-op-den-Bos,23039,2020-04-22,1,107
Kapelle-op-den-Bos,23039,2020-04-23,1,108
Kapelle-op-den-Bos,23039,2020-04-24,1,109
Kapelle-op-den-Bos,23039,2020-04-25,1,110
Kapelle-op-den-Bos,23039,2020-04-26,2,112
Kapelle-op-den-Bos,23039,2020-04-27,4,116
Kapelle-op-den-Bos,23039,2020-04-28,0,116
Kapelle-op-den-Bos,23039,2020-04-29,0,116
Kapelle-op-den-Bos,23039,2020-04-30,2,118
Kapelle-op-den-Bos,23039,2020-05-01,10,128
Kapelle-op-den-Bos,23039,2020-05-02,1,129
Kapelle-op-den-Bos,23039,2020-05-03,0,129
Kapelle-op-den-Bos,23039,2020-05-04,0,129
Kapelle-op-den-Bos,23039,2020-05-05,0,129
Kapelle-op-den-Bos,23039,2020-05-06,0,129
Kapelle-op-den-Bos,23039,2020-05-07,0,129
Kapelle-op-den-Bos,23039,2020-05-08,0,129
Kapelle-op-den-Bos,23039,2020-05-09,1,130
Kapelle-op-den-Bos,23039,2020-05-10,0,130
Kapelle-op-den-Bos,23039,2020-05-11,3,133
Kapelle-op-den-Bos,23039,2020-05-12,0,133
Kapelle-op-den-Bos,23039,2020-05-13,0,133
Kapelle-op-den-Bos,23039,2020-05-14,0,133
Kapelle-op-den-Bos,23039,2020-05-15,6,139
Kapelle-op-den-Bos,23039,2020-05-16,0,139
Kapelle-op-den-Bos,23039,2020-05-17,0,139
Kapelle-op-den-Bos,23039,2020-05-18,0,139
Kapelle-op-den-Bos,23039,2020-05-19,0,139
Kapelle-op-den-Bos,23039,2020-05-20,0,139
Kapelle-op-den-Bos,23039,2020-05-21,0,139
Kapelle-op-den-Bos,23039,2020-05-22,0,139
Kapelle-op-den-Bos,23039,2020-05-23,0,139
Kapelle-op-den-Bos,23039,2020-05-24,0,139
Kapelle-op-den-Bos,23039,2020-05-25,0,139
Kapelle-op-den-Bos,23039,2020-05-26,0,139
Kapelle-op-den-Bos,23039,2020-05-27,0,139
Kapelle-op-den-Bos,23039,2020-05-28,0,139
Kapelle-op-den-Bos,23039,2020-05-29,0,139
Kapelle-op-den-Bos,23039,2020-05-30,0,139
Kapelle-op-den-Bos,23039,2020-05-31,0,139
Kapelle-op-den-Bos,23039,2020-06-01,0,139
Kapelle-op-den-Bos,23039,2020-06-02,0,139
Kapelle-op-den-Bos,23039,2020-06-03,0,139
Kapelle-op-den-Bos,23039,2020-06-04,0,139
Kapelle-op-den-Bos,23039,2020-06-05,0,139
Kapelle-op-den-Bos,23039,2020-06-06,0,139
Kapelle-op-den-Bos,23039,2020-06-07,0,139
Kapelle-op-den-Bos,23039,2020-06-08,0,139
Kapelle-op-den-Bos,23039,2020-06-09,0,139
Kapelle-op-den-Bos,23039,2020-06-10,0,139
Kapelle-op-den-Bos,23039,2020-06-11,0,139
Kapelle-op-den-Bos,23039,2020-06-12,0,139
Kapelle-op-den-Bos,23039,2020-06-13,0,139
Kapelle-op-den-Bos,23039,2020-06-14,0,139
Kapelle-op-den-Bos,23039,2020-06-15,0,139
Kapelle-op-den-Bos,23039,2020-06-16,0,139
Kapelle-op-den-Bos,23039,2020-06-17,0,139
Kapelle-op-den-Bos,23039,2020-06-18,0,139
Kapelle-op-den-Bos,23039,2020-06-19,0,139
Kapelle-op-den-Bos,23039,2020-06-20,0,139
Kapelle-op-den-Bos,23039,2020-06-23,0,139
Kapelle-op-den-Bos,23039,2020-06-24,0,139
Kapelle-op-den-Bos,23039,2020-06-25,0,139
Kapelle-op-den-Bos,23039,2020-06-26,0,139
Kapelle-op-den-Bos,23039,2020-06-27,0,139
Kapelle-op-den-Bos,23039,2020-06-30,0,139
Kapelle-op-den-Bos,23039,2020-07-01,0,139
Kapelle-op-den-Bos,23039,2020-07-02,0,139
Kapelle-op-den-Bos,23039,2020-07-03,0,139
Kapelle-op-den-Bos,23039,2020-07-04,0,139
Kapelle-op-den-Bos,23039,2020-07-07,0,139
Kapelle-op-den-Bos,23039,2020-07-08,0,139
Kapelle-op-den-Bos,23039,2020-07-09,0,139
Kapelle-op-den-Bos,23039,2020-07-10,0,139
Kapelle-op-den-Bos,23039,2020-07-11,0,139
Kapelle-op-den-Bos,23039,2020-07-14,0,139
Kapelle-op-den-Bos,23039,2020-07-15,0,139
Kapelle-op-den-Bos,23039,2020-07-16,0,139
Kapelle-op-den-Bos,23039,2020-07-17,0,139
Kapelle-op-den-Bos,23039,2020-07-18,0,139
Kapelle-op-den-Bos,23039,2020-07-20,0,139
Kapelle-op-den-Bos,23039,2020-07-21,0,139
Kapelle-op-den-Bos,23039,2020-07-22,0,139
Kapelle-op-den-Bos,23039,2020-07-23,0,139
Kapelle-op-den-Bos,23039,2020-07-24,0,139
Kapelle-op-den-Bos,23039,2020-07-25,0,139
Kapelle-op-den-Bos,23039,2020-07-26,0,139
Kapelle-op-den-Bos,23039,2020-07-27,0,139
Kapelle-op-den-Bos,23039,2020-07-28,0,139
Kapelle-op-den-Bos,23039,2020-07-29,0,139
Kapelle-op-den-Bos,23039,2020-07-30,0,139
Kapelle-op-den-Bos,23039,2020-07-31,0,139
Kapelle-op-den-Bos,23039,2020-08-01,0,139
Kapelle-op-den-Bos,23039,2020-08-02,0,139
Kapelle-op-den-Bos,23039,2020-08-03,0,139
Kapelle-op-den-Bos,23039,2020-08-04,0,139
Kapelle-op-den-Bos,23039,2020-08-05,0,139
Kapelle-op-den-Bos,23039,2020-08-06,1,140
Kapelle-op-den-Bos,23039,2020-08-07,0,140
Kapelle-op-den-Bos,23039,2020-08-08,1,141
Kapelle-op-den-Bos,23039,2020-08-09,0,141
Kapelle-op-den-Bos,23039,2020-08-10,0,141
Kapelle-op-den-Bos,23039,2020-08-11,0,141
Kapelle-op-den-Bos,23039,2020-08-12,0,141
Kapelle-op-den-Bos,23039,2020-08-13,0,141
Kapelle-op-den-Bos,23039,2020-08-14,0,141
Kapelle-op-den-Bos,23039,2020-08-15,0,141
Kapelle-op-den-Bos,23039,2020-08-16,0,141
Kapelle-op-den-Bos,23039,2020-08-17,2,143
Kapelle-op-den-Bos,23039,2020-08-18,0,143
Kapelle-op-den-Bos,23039,2020-08-19,0,143
Kapelle-op-den-Bos,23039,2020-08-20,0,143
Kapelle-op-den-Bos,23039,2020-08-21,0,143
Kapelle-op-den-Bos,23039,2020-08-22,1,144
Kapelle-op-den-Bos,23039,2020-08-23,0,144
Kapelle-op-den-Bos,23039,2020-08-24,0,144
Kapelle-op-den-Bos,23039,2020-08-25,0,144
Kapelle-op-den-Bos,23039,2020-08-26,0,144
Kapelle-op-den-Bos,23039,2020-08-27,0,144
Kapelle-op-den-Bos,23039,2020-08-28,0,144
Kapelle-op-den-Bos,23039,2020-08-29,0,144
Kapelle-op-den-Bos,23039,2020-08-30,0,144
Kapelle-op-den-Bos,23039,2020-08-31,1,145
Kapelle-op-den-Bos,23039,2020-09-01,0,145
Kapelle-op-den-Bos,23039,2020-09-02,1,146
Kapelle-op-den-Bos,23039,2020-09-03,0,146
Kapelle-op-den-Bos,23039,2020-09-04,1,147
Kapelle-op-den-Bos,23039,2020-09-05,0,147
Kapelle-op-den-Bos,23039,2020-09-06,0,147
Kapelle-op-den-Bos,23039,2020-09-07,0,147
Kapelle-op-den-Bos,23039,2020-09-08,0,147
Kapelle-op-den-Bos,23039,2020-09-09,0,147
Kapelle-op-den-Bos,23039,2020-09-10,0,147
Kapelle-op-den-Bos,23039,2020-09-11,1,148
Kapelle-op-den-Bos,23039,2020-09-12,1,149
Kapelle-op-den-Bos,23039,2020-09-13,0,149
Kapelle-op-den-Bos,23039,2020-09-14,1,150
Kapelle-op-den-Bos,23039,2020-09-15,0,150
Kapelle-op-den-Bos,23039,2020-09-16,0,150
Kapelle-op-den-Bos,23039,2020-09-17,0,150
Kapelle-op-den-Bos,23039,2020-09-18,0,150
Kapelle-op-den-Bos,23039,2020-09-19,3,153
Kapelle-op-den-Bos,23039,2020-09-20,0,153
Kapelle-op-den-Bos,23039,2020-09-21,1,154
Kapelle-op-den-Bos,23039,2020-09-22,0,154
Kapelle-op-den-Bos,23039,2020-09-23,1,155
Kapelle-op-den-Bos,23039,2020-09-24,1,156
Kapelle-op-den-Bos,23039,2020-09-25,1,157
Kapelle-op-den-Bos,23039,2020-09-26,3,160
Kapelle-op-den-Bos,23039,2020-09-27,1,161
Kapelle-op-den-Bos,23039,2020-09-28,3,164
Kapelle-op-den-Bos,23039,2020-09-29,0,164
Kapelle-op-den-Bos,23039,2020-09-30,2,166
Kapelle-op-den-Bos,23039,2020-10-01,1,167
Kapelle-op-den-Bos,23039,2020-10-02,3,170
Kapelle-op-den-Bos,23039,2020-10-03,3,173
Kapelle-op-den-Bos,23039,2020-10-04,3,176
Kapelle-op-den-Bos,23039,2020-10-05,4,180
Kapelle-op-den-Bos,23039,2020-10-06,0,180
Kapelle-op-den-Bos,23039,2020-10-07,1,181
Kapelle-op-den-Bos,23039,2020-10-08,1,182
Kapelle-op-den-Bos,23039,2020-10-09,5,187
Kapelle-op-den-Bos,23039,2020-10-10,5,192
Kapelle-op-den-Bos,23039,2020-10-11,7,199
Kapelle-op-den-Bos,23039,2020-10-12,2,201
Kapelle-op-den-Bos,23039,2020-10-13,3,204
Kapelle-op-den-Bos,23039,2020-10-14,3,207
Kapelle-op-den-Bos,23039,2020-10-15,4,211
Kapelle-op-den-Bos,23039,2020-10-16,6,217
Kapelle-op-den-Bos,23039,2020-10-17,5,222
Kapelle-op-den-Bos,23039,2020-10-18,12,234
Kapelle-op-den-Bos,23039,2020-10-19,3,237
Kapelle-op-den-Bos,23039,2020-10-20,1,238
Kapelle-op-den-Bos,23039,2020-10-21,6,244
Kapelle-op-den-Bos,23039,2020-10-22,6,250
Kapelle-op-den-Bos,23039,2020-10-23,15,265
Kapelle-op-den-Bos,23039,2020-10-24,10,275
Kapelle-op-den-Bos,23039,2020-10-25,13,288
Kapelle-op-den-Bos,23039,2020-10-26,10,298
Kapelle-op-den-Bos,23039,2020-10-27,17,315
Kapelle-op-den-Bos,23039,2020-10-28,11,326
Kapelle-op-den-Bos,23039,2020-10-29,5,331
Kapelle-op-den-Bos,23039,2020-10-30,18,349
Kapelle-op-den-Bos,23039,2020-10-31,8,357
Kapelle-op-den-Bos,23039,2020-11-01,9,366
Kapelle-op-den-Bos,23039,2020-11-02,3,369
Kapelle-op-den-Bos,23039,2020-11-03,6,375
Kapelle-op-den-Bos,23039,2020-11-04,3,378
Kapelle-op-den-Bos,23039,2020-11-05,10,388
Kapelle-op-den-Bos,23039,2020-11-06,11,399
Kapelle-op-den-Bos,23039,2020-11-07,6,405
Kapelle-op-den-Bos,23039,2020-11-08,7,412
Kapelle-op-den-Bos,23039,2020-11-09,6,418
Kapelle-op-den-Bos,23039,2020-11-10,0,418
Kapelle-op-den-Bos,23039,2020-11-11,2,420
Liedekerke,23044,2020-04-01,0,16
Liedekerke,23044,2020-04-02,0,16
Liedekerke,23044,2020-04-03,2,18
Liedekerke,23044,2020-04-04,1,19
Liedekerke,23044,2020-04-05,1,20
Liedekerke,23044,2020-04-06,0,20
Liedekerke,23044,2020-04-07,2,22
Liedekerke,23044,2020-04-08,1,23
Liedekerke,23044,2020-04-09,0,23
Liedekerke,23044,2020-04-10,2,25
Liedekerke,23044,2020-04-11,3,28
Liedekerke,23044,2020-04-12,1,29
Liedekerke,23044,2020-04-13,2,31
Liedekerke,23044,2020-04-14,0,31
Liedekerke,23044,2020-04-15,0,31
Liedekerke,23044,2020-04-16,0,31
Liedekerke,23044,2020-04-17,1,32
Liedekerke,23044,2020-04-18,1,33
Liedekerke,23044,2020-04-19,0,33
Liedekerke,23044,2020-04-20,0,33
Liedekerke,23044,2020-04-21,1,34
Liedekerke,23044,2020-04-22,0,34
Liedekerke,23044,2020-04-23,0,34
Liedekerke,23044,2020-04-24,1,35
Liedekerke,23044,2020-04-25,0,35
Liedekerke,23044,2020-04-26,1,36
Liedekerke,23044,2020-04-27,0,36
Liedekerke,23044,2020-04-28,1,37
Liedekerke,23044,2020-04-29,0,37
Liedekerke,23044,2020-04-30,1,38
Liedekerke,23044,2020-05-01,1,39
Liedekerke,23044,2020-05-02,0,39
Liedekerke,23044,2020-05-03,1,40
Liedekerke,23044,2020-05-04,0,40
Liedekerke,23044,2020-05-05,1,41
Liedekerke,23044,2020-05-06,0,41
Liedekerke,23044,2020-05-07,0,41
Liedekerke,23044,2020-05-08,1,42
Liedekerke,23044,2020-05-09,0,42
Liedekerke,23044,2020-05-10,0,42
Liedekerke,23044,2020-05-11,0,42
Liedekerke,23044,2020-05-12,0,42
Liedekerke,23044,2020-05-13,0,42
Liedekerke,23044,2020-05-14,0,42
Liedekerke,23044,2020-05-15,0,42
Liedekerke,23044,2020-05-16,0,42
Liedekerke,23044,2020-05-17,0,42
Liedekerke,23044,2020-05-18,0,42
Liedekerke,23044,2020-05-19,0,42
Liedekerke,23044,2020-05-20,0,42
Liedekerke,23044,2020-05-21,0,42
Liedekerke,23044,2020-05-22,2,44
Liedekerke,23044,2020-05-23,1,45
Liedekerke,23044,2020-05-24,0,45
Liedekerke,23044,2020-05-25,0,45
Liedekerke,23044,2020-05-26,0,45
Liedekerke,23044,2020-05-27,0,45
Liedekerke,23044,2020-05-28,0,45
Liedekerke,23044,2020-05-29,1,46
Liedekerke,23044,2020-05-30,0,46
Liedekerke,23044,2020-05-31,0,46
Liedekerke,23044,2020-06-01,0,46
Liedekerke,23044,2020-06-02,0,46
Liedekerke,23044,2020-06-03,0,46
Liedekerke,23044,2020-06-04,0,46
Liedekerke,23044,2020-06-05,0,46
Liedekerke,23044,2020-06-06,0,46
Liedekerke,23044,2020-06-07,0,46
Liedekerke,23044,2020-06-08,0,46
Liedekerke,23044,2020-06-09,0,46
Liedekerke,23044,2020-06-10,0,46
Liedekerke,23044,2020-06-11,0,46
Liedekerke,23044,2020-06-12,0,46
Liedekerke,23044,2020-06-13,0,46
Liedekerke,23044,2020-06-14,0,46
Liedekerke,23044,2020-06-15,0,46
Liedekerke,23044,2020-06-16,0,46
Liedekerke,23044,2020-06-17,0,46
Liedekerke,23044,2020-06-18,0,46
Liedekerke,23044,2020-06-19,0,46
Liedekerke,23044,2020-06-20,0,46
Liedekerke,23044,2020-06-23,0,46
Liedekerke,23044,2020-06-24,0,46
Liedekerke,23044,2020-06-25,0,46
Liedekerke,23044,2020-06-26,0,46
Liedekerke,23044,2020-06-27,0,46
Liedekerke,23044,2020-06-30,0,46
Liedekerke,23044,2020-07-01,0,46
Liedekerke,23044,2020-07-02,0,46
Liedekerke,23044,2020-07-03,0,46
Liedekerke,23044,2020-07-04,0,46
Liedekerke,23044,2020-07-07,0,46
Liedekerke,23044,2020-07-08,0,46
Liedekerke,23044,2020-07-09,0,46
Liedekerke,23044,2020-07-10,1,47
Liedekerke,23044,2020-07-11,0,47
Liedekerke,23044,2020-07-14,0,47
Liedekerke,23044,2020-07-15,0,47
Liedekerke,23044,2020-07-16,0,47
Liedekerke,23044,2020-07-17,0,47
Liedekerke,23044,2020-07-18,0,47
Liedekerke,23044,2020-07-20,0,47
Liedekerke,23044,2020-07-21,0,47
Liedekerke,23044,2020-07-22,1,48
Liedekerke,23044,2020-07-23,0,48
Liedekerke,23044,2020-07-24,0,48
Liedekerke,23044,2020-07-25,1,49
Liedekerke,23044,2020-07-26,0,49
Liedekerke,23044,2020-07-27,0,49
Liedekerke,23044,2020-07-28,0,49
Liedekerke,23044,2020-07-29,0,49
Liedekerke,23044,2020-07-30,1,50
Liedekerke,23044,2020-07-31,0,50
Liedekerke,23044,2020-08-01,1,51
Liedekerke,23044,2020-08-02,0,51
Liedekerke,23044,2020-08-03,0,51
Liedekerke,23044,2020-08-04,2,53
Liedekerke,23044,2020-08-05,0,53
Liedekerke,23044,2020-08-06,1,54
Liedekerke,23044,2020-08-07,1,55
Liedekerke,23044,2020-08-08,0,55
Liedekerke,23044,2020-08-09,0,55
Liedekerke,23044,2020-08-10,1,56
Liedekerke,23044,2020-08-11,0,56
Liedekerke,23044,2020-08-12,0,56
Liedekerke,23044,2020-08-13,0,56
Liedekerke,23044,2020-08-14,0,56
Liedekerke,23044,2020-08-15,1,57
Liedekerke,23044,2020-08-16,0,57
Liedekerke,23044,2020-08-17,1,58
Liedekerke,23044,2020-08-18,0,58
Liedekerke,23044,2020-08-19,1,59
Liedekerke,23044,2020-08-20,1,60
Liedekerke,23044,2020-08-21,1,61
Liedekerke,23044,2020-08-22,0,61
Liedekerke,23044,2020-08-23,1,62
Liedekerke,23044,2020-08-24,0,62
Liedekerke,23044,2020-08-25,0,62
Liedekerke,23044,2020-08-26,0,62
Liedekerke,23044,2020-08-27,0,62
Liedekerke,23044,2020-08-28,1,63
Liedekerke,23044,2020-08-29,0,63
Liedekerke,23044,2020-08-30,1,64
Liedekerke,23044,2020-08-31,2,66
Liedekerke,23044,2020-09-01,0,66
Liedekerke,23044,2020-09-02,0,66
Liedekerke,23044,2020-09-03,0,66
Liedekerke,23044,2020-09-04,0,66
Liedekerke,23044,2020-09-05,1,67
Liedekerke,23044,2020-09-06,0,67
Liedekerke,23044,2020-09-07,1,68
Liedekerke,23044,2020-09-08,0,68
Liedekerke,23044,2020-09-09,0,68
Liedekerke,23044,2020-09-10,0,68
Liedekerke,23044,2020-09-11,0,68
Liedekerke,23044,2020-09-12,1,69
Liedekerke,23044,2020-09-13,3,72
Liedekerke,23044,2020-09-14,0,72
Liedekerke,23044,2020-09-15,4,76
Liedekerke,23044,2020-09-16,0,76
Liedekerke,23044,2020-09-17,1,77
Liedekerke,23044,2020-09-18,1,78
Liedekerke,23044,2020-09-19,0,78
Liedekerke,23044,2020-09-20,1,79
Liedekerke,23044,2020-09-21,2,81
Liedekerke,23044,2020-09-22,0,81
Liedekerke,23044,2020-09-23,0,81
Liedekerke,23044,2020-09-24,0,81
Liedekerke,23044,2020-09-25,0,81
Liedekerke,23044,2020-09-26,3,84
Liedekerke,23044,2020-09-27,1,85
Liedekerke,23044,2020-09-28,2,87
Liedekerke,23044,2020-09-29,0,87
Liedekerke,23044,2020-09-30,1,88
Liedekerke,23044,2020-10-01,6,94
Liedekerke,23044,2020-10-02,4,98
Liedekerke,23044,2020-10-03,5,103
Liedekerke,23044,2020-10-04,2,105
Liedekerke,23044,2020-10-05,4,109
Liedekerke,23044,2020-10-06,1,110
Liedekerke,23044,2020-10-07,5,115
Liedekerke,23044,2020-10-08,2,117
Liedekerke,23044,2020-10-09,7,124
Liedekerke,23044,2020-10-10,11,135
Liedekerke,23044,2020-10-11,12,147
Liedekerke,23044,2020-10-12,10,157
Liedekerke,23044,2020-10-13,10,167
Liedekerke,23044,2020-10-14,16,183
Liedekerke,23044,2020-10-15,15,198
Liedekerke,23044,2020-10-16,7,205
Liedekerke,23044,2020-10-17,19,224
Liedekerke,23044,2020-10-18,16,240
Liedekerke,23044,2020-10-19,10,250
Liedekerke,23044,2020-10-20,17,267
Liedekerke,23044,2020-10-21,13,280
Liedekerke,23044,2020-10-22,35,315
Liedekerke,23044,2020-10-23,16,331
Liedekerke,23044,2020-10-24,36,367
Liedekerke,23044,2020-10-25,24,391
Liedekerke,23044,2020-10-26,36,427
Liedekerke,23044,2020-10-27,38,465
Liedekerke,23044,2020-10-28,11,476
Liedekerke,23044,2020-10-29,38,514
Liedekerke,23044,2020-10-30,20,534
Liedekerke,23044,2020-10-31,24,558
Liedekerke,23044,2020-11-01,24,582
Liedekerke,23044,2020-11-02,16,598
Liedekerke,23044,2020-11-03,10,608
Liedekerke,23044,2020-11-04,3,611
Liedekerke,23044,2020-11-05,21,632
Liedekerke,23044,2020-11-06,10,642
Liedekerke,23044,2020-11-07,18,660
Liedekerke,23044,2020-11-08,4,664
Liedekerke,23044,2020-11-09,6,670
Liedekerke,23044,2020-11-10,3,673
Liedekerke,23044,2020-11-11,2,675
Londerzeel,23045,2020-04-01,1,13
Londerzeel,23045,2020-04-02,0,13
Londerzeel,23045,2020-04-03,0,13
Londerzeel,23045,2020-04-04,6,19
Londerzeel,23045,2020-04-05,3,22
Londerzeel,23045,2020-04-06,1,23
Londerzeel,23045,2020-04-07,0,23
Londerzeel,23045,2020-04-08,1,24
Londerzeel,23045,2020-04-09,4,28
Londerzeel,23045,2020-04-10,3,31
Londerzeel,23045,2020-04-11,3,34
Londerzeel,23045,2020-04-12,6,40
Londerzeel,23045,2020-04-13,3,43
Londerzeel,23045,2020-04-14,2,45
Londerzeel,23045,2020-04-15,1,46
Londerzeel,23045,2020-04-16,2,48
Londerzeel,23045,2020-04-17,2,50
Londerzeel,23045,2020-04-18,1,51
Londerzeel,23045,2020-04-19,5,56
Londerzeel,23045,2020-04-20,3,59
Londerzeel,23045,2020-04-21,2,61
Londerzeel,23045,2020-04-22,0,61
Londerzeel,23045,2020-04-23,0,61
Londerzeel,23045,2020-04-24,1,62
Londerzeel,23045,2020-04-25,3,65
Londerzeel,23045,2020-04-26,3,68
Londerzeel,23045,2020-04-27,1,69
Londerzeel,23045,2020-04-28,1,70
Londerzeel,23045,2020-04-29,0,70
Londerzeel,23045,2020-04-30,0,70
Londerzeel,23045,2020-05-01,3,73
Londerzeel,23045,2020-05-02,0,73
Londerzeel,23045,2020-05-03,0,73
Londerzeel,23045,2020-05-04,1,74
Londerzeel,23045,2020-05-05,1,75
Londerzeel,23045,2020-05-06,1,76
Londerzeel,23045,2020-05-07,2,78
Londerzeel,23045,2020-05-08,1,79
Londerzeel,23045,2020-05-09,0,79
Londerzeel,23045,2020-05-10,2,81
Londerzeel,23045,2020-05-11,0,81
Londerzeel,23045,2020-05-12,0,81
Londerzeel,23045,2020-05-13,0,81
Londerzeel,23045,2020-05-14,1,82
Londerzeel,23045,2020-05-15,1,83
Londerzeel,23045,2020-05-16,1,84
Londerzeel,23045,2020-05-17,1,85
Londerzeel,23045,2020-05-18,0,85
Londerzeel,23045,2020-05-19,0,85
Londerzeel,23045,2020-05-20,0,85
Londerzeel,23045,2020-05-21,1,86
Londerzeel,23045,2020-05-22,0,86
Londerzeel,23045,2020-05-23,0,86
Londerzeel,23045,2020-05-24,0,86
Londerzeel,23045,2020-05-25,0,86
Londerzeel,23045,2020-05-26,0,86
Londerzeel,23045,2020-05-27,0,86
Londerzeel,23045,2020-05-28,1,87
Londerzeel,23045,2020-05-29,0,87
Londerzeel,23045,2020-05-30,0,87
Londerzeel,23045,2020-05-31,0,87
Londerzeel,23045,2020-06-01,0,87
Londerzeel,23045,2020-06-02,0,87
Londerzeel,23045,2020-06-03,0,87
Londerzeel,23045,2020-06-04,1,88
Londerzeel,23045,2020-06-05,0,88
Londerzeel,23045,2020-06-06,0,88
Londerzeel,23045,2020-06-07,0,88
Londerzeel,23045,2020-06-08,0,88
Londerzeel,23045,2020-06-09,1,89
Londerzeel,23045,2020-06-10,0,89
Londerzeel,23045,2020-06-11,0,89
Londerzeel,23045,2020-06-12,0,89
Londerzeel,23045,2020-06-13,1,90
Londerzeel,23045,2020-06-14,1,91
Londerzeel,23045,2020-06-15,0,91
Londerzeel,23045,2020-06-16,1,92
Londerzeel,23045,2020-06-17,1,93
Londerzeel,23045,2020-06-18,0,93
Londerzeel,23045,2020-06-19,0,93
Londerzeel,23045,2020-06-20,1,94
Londerzeel,23045,2020-06-23,0,94
Londerzeel,23045,2020-06-24,0,94
Londerzeel,23045,2020-06-25,0,94
Londerzeel,23045,2020-06-26,0,94
Londerzeel,23045,2020-06-27,0,94
Londerzeel,23045,2020-06-30,0,94
Londerzeel,23045,2020-07-01,0,94
Londerzeel,23045,2020-07-02,0,94
Londerzeel,23045,2020-07-03,0,94
Londerzeel,23045,2020-07-04,0,94
Londerzeel,23045,2020-07-07,1,95
Londerzeel,23045,2020-07-08,0,95
Londerzeel,23045,2020-07-09,0,95
Londerzeel,23045,2020-07-10,1,96
Londerzeel,23045,2020-07-11,0,96
Londerzeel,23045,2020-07-14,1,97
Londerzeel,23045,2020-07-15,0,97
Londerzeel,23045,2020-07-16,0,97
Londerzeel,23045,2020-07-17,0,97
Londerzeel,23045,2020-07-18,0,97
Londerzeel,23045,2020-07-20,0,97
Londerzeel,23045,2020-07-21,0,97
Londerzeel,23045,2020-07-22,0,97
Londerzeel,23045,2020-07-23,0,97
Londerzeel,23045,2020-07-24,0,97
Londerzeel,23045,2020-07-25,0,97
Londerzeel,23045,2020-07-26,0,97
Londerzeel,23045,2020-07-27,0,97
Londerzeel,23045,2020-07-28,0,97
Londerzeel,23045,2020-07-29,0,97
Londerzeel,23045,2020-07-30,1,98
Londerzeel,23045,2020-07-31,0,98
Londerzeel,23045,2020-08-01,0,98
Londerzeel,23045,2020-08-02,0,98
Londerzeel,23045,2020-08-03,0,98
Londerzeel,23045,2020-08-04,0,98
Londerzeel,23045,2020-08-05,0,98
Londerzeel,23045,2020-08-06,0,98
Londerzeel,23045,2020-08-07,2,100
Londerzeel,23045,2020-08-08,1,101
Londerzeel,23045,2020-08-09,0,101
Londerzeel,23045,2020-08-10,1,102
Londerzeel,23045,2020-08-11,0,102
Londerzeel,23045,2020-08-12,0,102
Londerzeel,23045,2020-08-13,1,103
Londerzeel,23045,2020-08-14,-1,102
Londerzeel,23045,2020-08-15,1,103
Londerzeel,23045,2020-08-16,1,104
Londerzeel,23045,2020-08-17,1,105
Londerzeel,23045,2020-08-18,0,105
Londerzeel,23045,2020-08-19,3,108
Londerzeel,23045,2020-08-20,1,109
Londerzeel,23045,2020-08-21,3,112
Londerzeel,23045,2020-08-22,2,114
Londerzeel,23045,2020-08-23,4,118
Londerzeel,23045,2020-08-24,0,118
Londerzeel,23045,2020-08-25,0,118
Londerzeel,23045,2020-08-26,0,118
Londerzeel,23045,2020-08-27,0,118
Londerzeel,23045,2020-08-28,0,118
Londerzeel,23045,2020-08-29,0,118
Londerzeel,23045,2020-08-30,0,118
Londerzeel,23045,2020-08-31,0,118
Londerzeel,23045,2020-09-01,0,118
Londerzeel,23045,2020-09-02,2,120
Londerzeel,23045,2020-09-03,1,121
Londerzeel,23045,2020-09-04,3,124
Londerzeel,23045,2020-09-05,0,124
Londerzeel,23045,2020-09-06,0,124
Londerzeel,23045,2020-09-07,0,124
Londerzeel,23045,2020-09-08,1,125
Londerzeel,23045,2020-09-09,0,125
Londerzeel,23045,2020-09-10,1,126
Londerzeel,23045,2020-09-11,0,126
Londerzeel,23045,2020-09-12,0,126
Londerzeel,23045,2020-09-13,0,126
Londerzeel,23045,2020-09-14,1,127
Londerzeel,23045,2020-09-15,0,127
Londerzeel,23045,2020-09-16,0,127
Londerzeel,23045,2020-09-17,4,131
Londerzeel,23045,2020-09-18,2,133
Londerzeel,23045,2020-09-19,0,133
Londerzeel,23045,2020-09-20,0,133
Londerzeel,23045,2020-09-21,1,134
Londerzeel,23045,2020-09-22,0,134
Londerzeel,23045,2020-09-23,0,134
Londerzeel,23045,2020-09-24,0,134
Londerzeel,23045,2020-09-25,2,136
Londerzeel,23045,2020-09-26,5,141
Londerzeel,23045,2020-09-27,5,146
Londerzeel,23045,2020-09-28,0,146
Londerzeel,23045,2020-09-29,1,147
Londerzeel,23045,2020-09-30,1,148
Londerzeel,23045,2020-10-01,1,149
Londerzeel,23045,2020-10-02,4,153
Londerzeel,23045,2020-10-03,2,155
Londerzeel,23045,2020-10-04,6,161
Londerzeel,23045,2020-10-05,2,163
Londerzeel,23045,2020-10-06,0,163
Londerzeel,23045,2020-10-07,4,167
Londerzeel,23045,2020-10-08,4,171
Londerzeel,23045,2020-10-09,8,179
Londerzeel,23045,2020-10-10,13,192
Londerzeel,23045,2020-10-11,14,206
Londerzeel,23045,2020-10-12,7,213
Londerzeel,23045,2020-10-13,4,217
Londerzeel,23045,2020-10-14,16,233
Londerzeel,23045,2020-10-15,9,242
Londerzeel,23045,2020-10-16,7,249
Londerzeel,23045,2020-10-17,9,258
Londerzeel,23045,2020-10-18,10,268
Londerzeel,23045,2020-10-19,11,279
Londerzeel,23045,2020-10-20,1,280
Londerzeel,23045,2020-10-21,9,289
Londerzeel,23045,2020-10-22,13,302
Londerzeel,23045,2020-10-23,25,327
Londerzeel,23045,2020-10-24,16,343
Londerzeel,23045,2020-10-25,22,365
Londerzeel,23045,2020-10-26,17,382
Londerzeel,23045,2020-10-27,27,409
Londerzeel,23045,2020-10-28,16,425
Londerzeel,23045,2020-10-29,24,449
Londerzeel,23045,2020-10-30,20,469
Londerzeel,23045,2020-10-31,30,499
Londerzeel,23045,2020-11-01,17,516
Londerzeel,23045,2020-11-02,9,525
Londerzeel,23045,2020-11-03,3,528
Londerzeel,23045,2020-11-04,6,534
Londerzeel,23045,2020-11-05,14,548
Londerzeel,23045,2020-11-06,7,555
Londerzeel,23045,2020-11-07,7,562
Londerzeel,23045,2020-11-08,7,569
Londerzeel,23045,2020-11-09,2,571
Londerzeel,23045,2020-11-10,3,574
Londerzeel,23045,2020-11-11,4,578
Machelen (Halle-Vilvoorde),23047,2020-04-01,1,13
Machelen (Halle-Vilvoorde),23047,2020-04-02,1,14
Machelen (Halle-Vilvoorde),23047,2020-04-03,3,17
Machelen (Halle-Vilvoorde),23047,2020-04-04,1,18
Machelen (Halle-Vilvoorde),23047,2020-04-05,1,19
Machelen (Halle-Vilvoorde),23047,2020-04-06,1,20
Machelen (Halle-Vilvoorde),23047,2020-04-07,1,21
Machelen (Halle-Vilvoorde),23047,2020-04-08,0,21
Machelen (Halle-Vilvoorde),23047,2020-04-09,2,23
Machelen (Halle-Vilvoorde),23047,2020-04-10,3,26
Machelen (Halle-Vilvoorde),23047,2020-04-11,1,27
Machelen (Halle-Vilvoorde),23047,2020-04-12,3,30
Machelen (Halle-Vilvoorde),23047,2020-04-13,0,30
Machelen (Halle-Vilvoorde),23047,2020-04-14,0,30
Machelen (Halle-Vilvoorde),23047,2020-04-15,3,33
Machelen (Halle-Vilvoorde),23047,2020-04-16,0,33
Machelen (Halle-Vilvoorde),23047,2020-04-17,0,33
Machelen (Halle-Vilvoorde),23047,2020-04-18,1,34
Machelen (Halle-Vilvoorde),23047,2020-04-19,1,35
Machelen (Halle-Vilvoorde),23047,2020-04-20,2,37
Machelen (Halle-Vilvoorde),23047,2020-04-21,2,39
Machelen (Halle-Vilvoorde),23047,2020-04-22,1,40
Machelen (Halle-Vilvoorde),23047,2020-04-23,2,42
Machelen (Halle-Vilvoorde),23047,2020-04-24,1,43
Machelen (Halle-Vilvoorde),23047,2020-04-25,2,45
Machelen (Halle-Vilvoorde),23047,2020-04-26,1,46
Machelen (Halle-Vilvoorde),23047,2020-04-27,0,46
Machelen (Halle-Vilvoorde),23047,2020-04-28,0,46
Machelen (Halle-Vilvoorde),23047,2020-04-29,1,47
Machelen (Halle-Vilvoorde),23047,2020-04-30,2,49
Machelen (Halle-Vilvoorde),23047,2020-05-01,1,50
Machelen (Halle-Vilvoorde),23047,2020-05-02,0,50
Machelen (Halle-Vilvoorde),23047,2020-05-03,3,53
Machelen (Halle-Vilvoorde),23047,2020-05-04,0,53
Machelen (Halle-Vilvoorde),23047,2020-05-05,0,53
Machelen (Halle-Vilvoorde),23047,2020-05-06,0,53
Machelen (Halle-Vilvoorde),23047,2020-05-07,1,54
Machelen (Halle-Vilvoorde),23047,2020-05-08,0,54
Machelen (Halle-Vilvoorde),23047,2020-05-09,0,54
Machelen (Halle-Vilvoorde),23047,2020-05-10,2,56
Machelen (Halle-Vilvoorde),23047,2020-05-11,0,56
Machelen (Halle-Vilvoorde),23047,2020-05-12,5,61
Machelen (Halle-Vilvoorde),23047,2020-05-13,0,61
Machelen (Halle-Vilvoorde),23047,2020-05-14,0,61
Machelen (Halle-Vilvoorde),23047,2020-05-15,0,61
Machelen (Halle-Vilvoorde),23047,2020-05-16,1,62
Machelen (Halle-Vilvoorde),23047,2020-05-17,0,62
Machelen (Halle-Vilvoorde),23047,2020-05-18,0,62
Machelen (Halle-Vilvoorde),23047,2020-05-19,0,62
Machelen (Halle-Vilvoorde),23047,2020-05-20,0,62
Machelen (Halle-Vilvoorde),23047,2020-05-21,0,62
Machelen (Halle-Vilvoorde),23047,2020-05-22,0,62
Machelen (Halle-Vilvoorde),23047,2020-05-23,0,62
Machelen (Halle-Vilvoorde),23047,2020-05-24,0,62
Machelen (Halle-Vilvoorde),23047,2020-05-25,0,62
Machelen (Halle-Vilvoorde),23047,2020-05-26,0,62
Machelen (Halle-Vilvoorde),23047,2020-05-27,0,62
Machelen (Halle-Vilvoorde),23047,2020-05-28,0,62
Machelen (Halle-Vilvoorde),23047,2020-05-29,0,62
Machelen (Halle-Vilvoorde),23047,2020-05-30,0,62
Machelen (Halle-Vilvoorde),23047,2020-05-31,0,62
Machelen (Halle-Vilvoorde),23047,2020-06-01,0,62
Machelen (Halle-Vilvoorde),23047,2020-06-02,1,63
Machelen (Halle-Vilvoorde),23047,2020-06-03,0,63
Machelen (Halle-Vilvoorde),23047,2020-06-04,0,63
Machelen (Halle-Vilvoorde),23047,2020-06-05,0,63
Machelen (Halle-Vilvoorde),23047,2020-06-06,0,63
Machelen (Halle-Vilvoorde),23047,2020-06-07,0,63
Machelen (Halle-Vilvoorde),23047,2020-06-08,1,64
Machelen (Halle-Vilvoorde),23047,2020-06-09,0,64
Machelen (Halle-Vilvoorde),23047,2020-06-10,0,64
Machelen (Halle-Vilvoorde),23047,2020-06-11,0,64
Machelen (Halle-Vilvoorde),23047,2020-06-12,0,64
Machelen (Halle-Vilvoorde),23047,2020-06-13,0,64
Machelen (Halle-Vilvoorde),23047,2020-06-14,0,64
Machelen (Halle-Vilvoorde),23047,2020-06-15,0,64
Machelen (Halle-Vilvoorde),23047,2020-06-16,0,64
Machelen (Halle-Vilvoorde),23047,2020-06-17,0,64
Machelen (Halle-Vilvoorde),23047,2020-06-18,1,65
Machelen (Halle-Vilvoorde),23047,2020-06-19,0,65
Machelen (Halle-Vilvoorde),23047,2020-06-20,0,65
Machelen (Halle-Vilvoorde),23047,2020-06-23,0,65
Machelen (Halle-Vilvoorde),23047,2020-06-24,0,65
Machelen (Halle-Vilvoorde),23047,2020-06-25,0,65
Machelen (Halle-Vilvoorde),23047,2020-06-26,0,65
Machelen (Halle-Vilvoorde),23047,2020-06-27,0,65
Machelen (Halle-Vilvoorde),23047,2020-06-30,2,67
Machelen (Halle-Vilvoorde),23047,2020-07-01,0,67
Machelen (Halle-Vilvoorde),23047,2020-07-02,0,67
Machelen (Halle-Vilvoorde),23047,2020-07-03,0,67
Machelen (Halle-Vilvoorde),23047,2020-07-04,2,69
Machelen (Halle-Vilvoorde),23047,2020-07-07,1,70
Machelen (Halle-Vilvoorde),23047,2020-07-08,0,70
Machelen (Halle-Vilvoorde),23047,2020-07-09,0,70
Machelen (Halle-Vilvoorde),23047,2020-07-10,3,73
Machelen (Halle-Vilvoorde),23047,2020-07-11,0,73
Machelen (Halle-Vilvoorde),23047,2020-07-14,1,74
Machelen (Halle-Vilvoorde),23047,2020-07-15,0,74
Machelen (Halle-Vilvoorde),23047,2020-07-16,0,74
Machelen (Halle-Vilvoorde),23047,2020-07-17,1,75
Machelen (Halle-Vilvoorde),23047,2020-07-18,0,75
Machelen (Halle-Vilvoorde),23047,2020-07-20,1,76
Machelen (Halle-Vilvoorde),23047,2020-07-21,0,76
Machelen (Halle-Vilvoorde),23047,2020-07-22,0,76
Machelen (Halle-Vilvoorde),23047,2020-07-23,0,76
Machelen (Halle-Vilvoorde),23047,2020-07-24,0,76
Machelen (Halle-Vilvoorde),23047,2020-07-25,0,76
Machelen (Halle-Vilvoorde),23047,2020-07-26,0,76
Machelen (Halle-Vilvoorde),23047,2020-07-27,0,76
Machelen (Halle-Vilvoorde),23047,2020-07-28,1,77
Machelen (Halle-Vilvoorde),23047,2020-07-29,0,77
Machelen (Halle-Vilvoorde),23047,2020-07-30,1,78
Machelen (Halle-Vilvoorde),23047,2020-07-31,2,80
Machelen (Halle-Vilvoorde),23047,2020-08-01,0,80
Machelen (Halle-Vilvoorde),23047,2020-08-02,1,81
Machelen (Halle-Vilvoorde),23047,2020-08-03,0,81
Machelen (Halle-Vilvoorde),23047,2020-08-04,1,82
Machelen (Halle-Vilvoorde),23047,2020-08-05,0,82
Machelen (Halle-Vilvoorde),23047,2020-08-06,0,82
Machelen (Halle-Vilvoorde),23047,2020-08-07,3,85
Machelen (Halle-Vilvoorde),23047,2020-08-08,1,86
Machelen (Halle-Vilvoorde),23047,2020-08-09,3,89
Machelen (Halle-Vilvoorde),23047,2020-08-10,0,89
Machelen (Halle-Vilvoorde),23047,2020-08-11,0,89
Machelen (Halle-Vilvoorde),23047,2020-08-12,4,93
Machelen (Halle-Vilvoorde),23047,2020-08-13,0,93
Machelen (Halle-Vilvoorde),23047,2020-08-14,3,96
Machelen (Halle-Vilvoorde),23047,2020-08-15,0,96
Machelen (Halle-Vilvoorde),23047,2020-08-16,4,100
Machelen (Halle-Vilvoorde),23047,2020-08-17,0,100
Machelen (Halle-Vilvoorde),23047,2020-08-18,0,100
Machelen (Halle-Vilvoorde),23047,2020-08-19,4,104
Machelen (Halle-Vilvoorde),23047,2020-08-20,2,106
Machelen (Halle-Vilvoorde),23047,2020-08-21,5,111
Machelen (Halle-Vilvoorde),23047,2020-08-22,3,114
Machelen (Halle-Vilvoorde),23047,2020-08-23,1,115
Machelen (Halle-Vilvoorde),23047,2020-08-24,1,116
Machelen (Halle-Vilvoorde),23047,2020-08-25,0,116
Machelen (Halle-Vilvoorde),23047,2020-08-26,0,116
Machelen (Halle-Vilvoorde),23047,2020-08-27,3,119
Machelen (Halle-Vilvoorde),23047,2020-08-28,0,119
Machelen (Halle-Vilvoorde),23047,2020-08-29,1,120
Machelen (Halle-Vilvoorde),23047,2020-08-30,1,121
Machelen (Halle-Vilvoorde),23047,2020-08-31,4,125
Machelen (Halle-Vilvoorde),23047,2020-09-01,0,125
Machelen (Halle-Vilvoorde),23047,2020-09-02,0,125
Machelen (Halle-Vilvoorde),23047,2020-09-03,1,126
Machelen (Halle-Vilvoorde),23047,2020-09-04,2,128
Machelen (Halle-Vilvoorde),23047,2020-09-05,2,130
Machelen (Halle-Vilvoorde),23047,2020-09-06,1,131
Machelen (Halle-Vilvoorde),23047,2020-09-07,1,132
Machelen (Halle-Vilvoorde),23047,2020-09-08,0,132
Machelen (Halle-Vilvoorde),23047,2020-09-09,2,134
Machelen (Halle-Vilvoorde),23047,2020-09-10,1,135
Machelen (Halle-Vilvoorde),23047,2020-09-11,3,138
Machelen (Halle-Vilvoorde),23047,2020-09-12,1,139
Machelen (Halle-Vilvoorde),23047,2020-09-13,4,143
Machelen (Halle-Vilvoorde),23047,2020-09-14,2,145
Machelen (Halle-Vilvoorde),23047,2020-09-15,4,149
Machelen (Halle-Vilvoorde),23047,2020-09-16,0,149
Machelen (Halle-Vilvoorde),23047,2020-09-17,5,154
Machelen (Halle-Vilvoorde),23047,2020-09-18,6,160
Machelen (Halle-Vilvoorde),23047,2020-09-19,2,162
Machelen (Halle-Vilvoorde),23047,2020-09-20,-1,161
Machelen (Halle-Vilvoorde),23047,2020-09-21,11,172
Machelen (Halle-Vilvoorde),23047,2020-09-22,2,174
Machelen (Halle-Vilvoorde),23047,2020-09-23,4,178
Machelen (Halle-Vilvoorde),23047,2020-09-24,4,182
Machelen (Halle-Vilvoorde),23047,2020-09-25,8,190
Machelen (Halle-Vilvoorde),23047,2020-09-26,16,206
Machelen (Halle-Vilvoorde),23047,2020-09-27,0,206
Machelen (Halle-Vilvoorde),23047,2020-09-28,8,214
Machelen (Halle-Vilvoorde),23047,2020-09-29,4,218
Machelen (Halle-Vilvoorde),23047,2020-09-30,5,223
Machelen (Halle-Vilvoorde),23047,2020-10-01,2,225
Machelen (Halle-Vilvoorde),23047,2020-10-02,10,235
Machelen (Halle-Vilvoorde),23047,2020-10-03,7,242
Machelen (Halle-Vilvoorde),23047,2020-10-04,11,253
Machelen (Halle-Vilvoorde),23047,2020-10-05,10,263
Machelen (Halle-Vilvoorde),23047,2020-10-06,20,283
Machelen (Halle-Vilvoorde),23047,2020-10-07,7,290
Machelen (Halle-Vilvoorde),23047,2020-10-08,6,296
Machelen (Halle-Vilvoorde),23047,2020-10-09,22,318
Machelen (Halle-Vilvoorde),23047,2020-10-10,17,335
Machelen (Halle-Vilvoorde),23047,2020-10-11,36,371
Machelen (Halle-Vilvoorde),23047,2020-10-12,26,397
Machelen (Halle-Vilvoorde),23047,2020-10-13,9,406
Machelen (Halle-Vilvoorde),23047,2020-10-14,24,430
Machelen (Halle-Vilvoorde),23047,2020-10-15,32,462
Machelen (Halle-Vilvoorde),23047,2020-10-16,43,505
Machelen (Halle-Vilvoorde),23047,2020-10-17,36,541
Machelen (Halle-Vilvoorde),23047,2020-10-18,36,577
Machelen (Halle-Vilvoorde),23047,2020-10-19,30,607
Machelen (Halle-Vilvoorde),23047,2020-10-20,15,622
Machelen (Halle-Vilvoorde),23047,2020-10-21,27,649
Machelen (Halle-Vilvoorde),23047,2020-10-22,28,677
Machelen (Halle-Vilvoorde),23047,2020-10-23,29,706
Machelen (Halle-Vilvoorde),23047,2020-10-24,39,745
Machelen (Halle-Vilvoorde),23047,2020-10-25,43,788
Machelen (Halle-Vilvoorde),23047,2020-10-26,26,814
Machelen (Halle-Vilvoorde),23047,2020-10-27,35,849
Machelen (Halle-Vilvoorde),23047,2020-10-28,23,872
Machelen (Halle-Vilvoorde),23047,2020-10-29,38,910
Machelen (Halle-Vilvoorde),23047,2020-10-30,55,965
Machelen (Halle-Vilvoorde),23047,2020-10-31,35,1000
Machelen (Halle-Vilvoorde),23047,2020-11-01,33,1033
Machelen (Halle-Vilvoorde),23047,2020-11-02,13,1046
Machelen (Halle-Vilvoorde),23047,2020-11-03,3,1049
Machelen (Halle-Vilvoorde),23047,2020-11-04,6,1055
Machelen (Halle-Vilvoorde),23047,2020-11-05,22,1077
Machelen (Halle-Vilvoorde),23047,2020-11-06,28,1105
Machelen (Halle-Vilvoorde),23047,2020-11-07,16,1121
Machelen (Halle-Vilvoorde),23047,2020-11-08,17,1138
Machelen (Halle-Vilvoorde),23047,2020-11-09,3,1141
Machelen (Halle-Vilvoorde),23047,2020-11-10,3,1144
Machelen (Halle-Vilvoorde),23047,2020-11-11,6,1150
Meise,23050,2020-04-01,0,13
Meise,23050,2020-04-02,1,14
Meise,23050,2020-04-03,5,19
Meise,23050,2020-04-04,0,19
Meise,23050,2020-04-05,3,22
Meise,23050,2020-04-06,2,24
Meise,23050,2020-04-07,1,25
Meise,23050,2020-04-08,7,32
Meise,23050,2020-04-09,2,34
Meise,23050,2020-04-10,1,35
Meise,23050,2020-04-11,1,36
Meise,23050,2020-04-12,3,39
Meise,23050,2020-04-13,4,43
Meise,23050,2020-04-14,0,43
Meise,23050,2020-04-15,1,44
Meise,23050,2020-04-16,0,44
Meise,23050,2020-04-17,2,46
Meise,23050,2020-04-18,1,47
Meise,23050,2020-04-19,0,47
Meise,23050,2020-04-20,0,47
Meise,23050,2020-04-21,0,47
Meise,23050,2020-04-22,0,47
Meise,23050,2020-04-23,1,48
Meise,23050,2020-04-24,1,49
Meise,23050,2020-04-25,1,50
Meise,23050,2020-04-26,2,52
Meise,23050,2020-04-27,2,54
Meise,23050,2020-04-28,0,54
Meise,23050,2020-04-29,3,57
Meise,23050,2020-04-30,1,58
Meise,23050,2020-05-01,1,59
Meise,23050,2020-05-02,1,60
Meise,23050,2020-05-03,0,60
Meise,23050,2020-05-04,0,60
Meise,23050,2020-05-05,0,60
Meise,23050,2020-05-06,0,60
Meise,23050,2020-05-07,2,62
Meise,23050,2020-05-08,0,62
Meise,23050,2020-05-09,0,62
Meise,23050,2020-05-10,0,62
Meise,23050,2020-05-11,1,63
Meise,23050,2020-05-12,0,63
Meise,23050,2020-05-13,0,63
Meise,23050,2020-05-14,0,63
Meise,23050,2020-05-15,0,63
Meise,23050,2020-05-16,0,63
Meise,23050,2020-05-17,0,63
Meise,23050,2020-05-18,0,63
Meise,23050,2020-05-19,0,63
Meise,23050,2020-05-20,0,63
Meise,23050,2020-05-21,0,63
Meise,23050,2020-05-22,1,64
Meise,23050,2020-05-23,0,64
Meise,23050,2020-05-24,0,64
Meise,23050,2020-05-25,0,64
Meise,23050,2020-05-26,0,64
Meise,23050,2020-05-27,0,64
Meise,23050,2020-05-28,0,64
Meise,23050,2020-05-29,0,64
Meise,23050,2020-05-30,0,64
Meise,23050,2020-05-31,0,64
Meise,23050,2020-06-01,0,64
Meise,23050,2020-06-02,0,64
Meise,23050,2020-06-03,0,64
Meise,23050,2020-06-04,0,64
Meise,23050,2020-06-05,0,64
Meise,23050,2020-06-06,0,64
Meise,23050,2020-06-07,0,64
Meise,23050,2020-06-08,0,64
Meise,23050,2020-06-09,0,64
Meise,23050,2020-06-10,0,64
Meise,23050,2020-06-11,0,64
Meise,23050,2020-06-12,0,64
Meise,23050,2020-06-13,1,65
Meise,23050,2020-06-14,0,65
Meise,23050,2020-06-15,1,66
Meise,23050,2020-06-16,0,66
Meise,23050,2020-06-17,0,66
Meise,23050,2020-06-18,0,66
Meise,23050,2020-06-19,0,66
Meise,23050,2020-06-20,0,66
Meise,23050,2020-06-23,0,66
Meise,23050,2020-06-24,0,66
Meise,23050,2020-06-25,0,66
Meise,23050,2020-06-26,0,66
Meise,23050,2020-06-27,1,67
Meise,23050,2020-06-30,0,67
Meise,23050,2020-07-01,1,68
Meise,23050,2020-07-02,0,68
Meise,23050,2020-07-03,0,68
Meise,23050,2020-07-04,0,68
Meise,23050,2020-07-07,0,68
Meise,23050,2020-07-08,1,69
Meise,23050,2020-07-09,0,69
Meise,23050,2020-07-10,1,70
Meise,23050,2020-07-11,0,70
Meise,23050,2020-07-14,0,70
Meise,23050,2020-07-15,1,71
Meise,23050,2020-07-16,0,71
Meise,23050,2020-07-17,0,71
Meise,23050,2020-07-18,1,72
Meise,23050,2020-07-20,0,72
Meise,23050,2020-07-21,0,72
Meise,23050,2020-07-22,0,72
Meise,23050,2020-07-23,2,74
Meise,23050,2020-07-24,3,77
Meise,23050,2020-07-25,0,77
Meise,23050,2020-07-26,0,77
Meise,23050,2020-07-27,0,77
Meise,23050,2020-07-28,0,77
Meise,23050,2020-07-29,0,77
Meise,23050,2020-07-30,0,77
Meise,23050,2020-07-31,0,77
Meise,23050,2020-08-01,1,78
Meise,23050,2020-08-02,1,79
Meise,23050,2020-08-03,1,80
Meise,23050,2020-08-04,0,80
Meise,23050,2020-08-05,0,80
Meise,23050,2020-08-06,0,80
Meise,23050,2020-08-07,2,82
Meise,23050,2020-08-08,0,82
Meise,23050,2020-08-09,2,84
Meise,23050,2020-08-10,0,84
Meise,23050,2020-08-11,1,85
Meise,23050,2020-08-12,0,85
Meise,23050,2020-08-13,1,86
Meise,23050,2020-08-14,-1,85
Meise,23050,2020-08-15,3,88
Meise,23050,2020-08-16,0,88
Meise,23050,2020-08-17,0,88
Meise,23050,2020-08-18,0,88
Meise,23050,2020-08-19,1,89
Meise,23050,2020-08-20,0,89
Meise,23050,2020-08-21,1,90
Meise,23050,2020-08-22,0,90
Meise,23050,2020-08-23,0,90
Meise,23050,2020-08-24,0,90
Meise,23050,2020-08-25,0,90
Meise,23050,2020-08-26,1,91
Meise,23050,2020-08-27,1,92
Meise,23050,2020-08-28,2,94
Meise,23050,2020-08-29,0,94
Meise,23050,2020-08-30,3,97
Meise,23050,2020-08-31,0,97
Meise,23050,2020-09-01,2,99
Meise,23050,2020-09-02,1,100
Meise,23050,2020-09-03,2,102
Meise,23050,2020-09-04,1,103
Meise,23050,2020-09-05,2,105
Meise,23050,2020-09-06,2,107
Meise,23050,2020-09-07,1,108
Meise,23050,2020-09-08,2,110
Meise,23050,2020-09-09,0,110
Meise,23050,2020-09-10,0,110
Meise,23050,2020-09-11,3,113
Meise,23050,2020-09-12,1,114
Meise,23050,2020-09-13,0,114
Meise,23050,2020-09-14,3,117
Meise,23050,2020-09-15,3,120
Meise,23050,2020-09-16,3,123
Meise,23050,2020-09-17,3,126
Meise,23050,2020-09-18,2,128
Meise,23050,2020-09-19,1,129
Meise,23050,2020-09-20,0,129
Meise,23050,2020-09-21,10,139
Meise,23050,2020-09-22,2,141
Meise,23050,2020-09-23,3,144
Meise,23050,2020-09-24,5,149
Meise,23050,2020-09-25,5,154
Meise,23050,2020-09-26,6,160
Meise,23050,2020-09-27,3,163
Meise,23050,2020-09-28,1,164
Meise,23050,2020-09-29,3,167
Meise,23050,2020-09-30,2,169
Meise,23050,2020-10-01,1,170
Meise,23050,2020-10-02,3,173
Meise,23050,2020-10-03,6,179
Meise,23050,2020-10-04,4,183
Meise,23050,2020-10-05,4,187
Meise,23050,2020-10-06,3,190
Meise,23050,2020-10-07,4,194
Meise,23050,2020-10-08,7,201
Meise,23050,2020-10-09,11,212
Meise,23050,2020-10-10,6,218
Meise,23050,2020-10-11,11,229
Meise,23050,2020-10-12,7,236
Meise,23050,2020-10-13,6,242
Meise,23050,2020-10-14,9,251
Meise,23050,2020-10-15,16,267
Meise,23050,2020-10-16,10,277
Meise,23050,2020-10-17,15,292
Meise,23050,2020-10-18,15,307
Meise,23050,2020-10-19,11,318
Meise,23050,2020-10-20,15,333
Meise,23050,2020-10-21,18,351
Meise,23050,2020-10-22,23,374
Meise,23050,2020-10-23,37,411
Meise,23050,2020-10-24,33,444
Meise,23050,2020-10-25,34,478
Meise,23050,2020-10-26,19,497
Meise,23050,2020-10-27,36,533
Meise,23050,2020-10-28,19,552
Meise,23050,2020-10-29,22,574
Meise,23050,2020-10-30,44,618
Meise,23050,2020-10-31,35,653
Meise,23050,2020-11-01,30,683
Meise,23050,2020-11-02,16,699
Meise,23050,2020-11-03,4,703
Meise,23050,2020-11-04,12,715
Meise,23050,2020-11-05,19,734
Meise,23050,2020-11-06,9,743
Meise,23050,2020-11-07,16,759
Meise,23050,2020-11-08,9,768
Meise,23050,2020-11-09,8,776
Meise,23050,2020-11-10,1,777
Meise,23050,2020-11-11,13,790
Merchtem,23052,2020-04-01,1,18
Merchtem,23052,2020-04-02,3,21
Merchtem,23052,2020-04-03,5,26
Merchtem,23052,2020-04-04,2,28
Merchtem,23052,2020-04-05,1,29
Merchtem,23052,2020-04-06,2,31
Merchtem,23052,2020-04-07,2,33
Merchtem,23052,2020-04-08,1,34
Merchtem,23052,2020-04-09,0,34
Merchtem,23052,2020-04-10,0,34
Merchtem,23052,2020-04-11,0,34
Merchtem,23052,2020-04-12,1,35
Merchtem,23052,2020-04-13,2,37
Merchtem,23052,2020-04-14,0,37
Merchtem,23052,2020-04-15,4,41
Merchtem,23052,2020-04-16,1,42
Merchtem,23052,2020-04-17,0,42
Merchtem,23052,2020-04-18,0,42
Merchtem,23052,2020-04-19,0,42
Merchtem,23052,2020-04-20,2,44
Merchtem,23052,2020-04-21,0,44
Merchtem,23052,2020-04-22,1,45
Merchtem,23052,2020-04-23,1,46
Merchtem,23052,2020-04-24,0,46
Merchtem,23052,2020-04-25,0,46
Merchtem,23052,2020-04-26,0,46
Merchtem,23052,2020-04-27,2,48
Merchtem,23052,2020-04-28,0,48
Merchtem,23052,2020-04-29,0,48
Merchtem,23052,2020-04-30,1,49
Merchtem,23052,2020-05-01,0,49
Merchtem,23052,2020-05-02,1,50
Merchtem,23052,2020-05-03,1,51
Merchtem,23052,2020-05-04,0,51
Merchtem,23052,2020-05-05,0,51
Merchtem,23052,2020-05-06,0,51
Merchtem,23052,2020-05-07,1,52
Merchtem,23052,2020-05-08,0,52
Merchtem,23052,2020-05-09,2,54
Merchtem,23052,2020-05-10,0,54
Merchtem,23052,2020-05-11,1,55
Merchtem,23052,2020-05-12,1,56
Merchtem,23052,2020-05-13,0,56
Merchtem,23052,2020-05-14,0,56
Merchtem,23052,2020-05-15,1,57
Merchtem,23052,2020-05-16,0,57
Merchtem,23052,2020-05-17,1,58
Merchtem,23052,2020-05-18,0,58
Merchtem,23052,2020-05-19,0,58
Merchtem,23052,2020-05-20,1,59
Merchtem,23052,2020-05-21,2,61
Merchtem,23052,2020-05-22,0,61
Merchtem,23052,2020-05-23,0,61
Merchtem,23052,2020-05-24,0,61
Merchtem,23052,2020-05-25,0,61
Merchtem,23052,2020-05-26,0,61
Merchtem,23052,2020-05-27,0,61
Merchtem,23052,2020-05-28,0,61
Merchtem,23052,2020-05-29,0,61
Merchtem,23052,2020-05-30,0,61
Merchtem,23052,2020-05-31,0,61
Merchtem,23052,2020-06-01,0,61
Merchtem,23052,2020-06-02,0,61
Merchtem,23052,2020-06-03,0,61
Merchtem,23052,2020-06-04,0,61
Merchtem,23052,2020-06-05,0,61
Merchtem,23052,2020-06-06,0,61
Merchtem,23052,2020-06-07,0,61
Merchtem,23052,2020-06-08,0,61
Merchtem,23052,2020-06-09,0,61
Merchtem,23052,2020-06-10,0,61
Merchtem,23052,2020-06-11,0,61
Merchtem,23052,2020-06-12,0,61
Merchtem,23052,2020-06-13,0,61
Merchtem,23052,2020-06-14,0,61
Merchtem,23052,2020-06-15,0,61
Merchtem,23052,2020-06-16,0,61
Merchtem,23052,2020-06-17,0,61
Merchtem,23052,2020-06-18,0,61
Merchtem,23052,2020-06-19,0,61
Merchtem,23052,2020-06-20,0,61
Merchtem,23052,2020-06-23,1,62
Merchtem,23052,2020-06-24,0,62
Merchtem,23052,2020-06-25,0,62
Merchtem,23052,2020-06-26,0,62
Merchtem,23052,2020-06-27,0,62
Merchtem,23052,2020-06-30,1,63
Merchtem,23052,2020-07-01,0,63
Merchtem,23052,2020-07-02,0,63
Merchtem,23052,2020-07-03,0,63
Merchtem,23052,2020-07-04,0,63
Merchtem,23052,2020-07-07,0,63
Merchtem,23052,2020-07-08,0,63
Merchtem,23052,2020-07-09,0,63
Merchtem,23052,2020-07-10,0,63
Merchtem,23052,2020-07-11,0,63
Merchtem,23052,2020-07-14,1,64
Merchtem,23052,2020-07-15,0,64
Merchtem,23052,2020-07-16,0,64
Merchtem,23052,2020-07-17,0,64
Merchtem,23052,2020-07-18,0,64
Merchtem,23052,2020-07-20,0,64
Merchtem,23052,2020-07-21,0,64
Merchtem,23052,2020-07-22,0,64
Merchtem,23052,2020-07-23,0,64
Merchtem,23052,2020-07-24,0,64
Merchtem,23052,2020-07-25,0,64
Merchtem,23052,2020-07-26,1,65
Merchtem,23052,2020-07-27,0,65
Merchtem,23052,2020-07-28,0,65
Merchtem,23052,2020-07-29,0,65
Merchtem,23052,2020-07-30,0,65
Merchtem,23052,2020-07-31,0,65
Merchtem,23052,2020-08-01,0,65
Merchtem,23052,2020-08-02,0,65
Merchtem,23052,2020-08-03,0,65
Merchtem,23052,2020-08-04,0,65
Merchtem,23052,2020-08-05,0,65
Merchtem,23052,2020-08-06,0,65
Merchtem,23052,2020-08-07,0,65
Merchtem,23052,2020-08-08,0,65
Merchtem,23052,2020-08-09,0,65
Merchtem,23052,2020-08-10,0,65
Merchtem,23052,2020-08-11,1,66
Merchtem,23052,2020-08-12,0,66
Merchtem,23052,2020-08-13,1,67
Merchtem,23052,2020-08-14,0,67
Merchtem,23052,2020-08-15,0,67
Merchtem,23052,2020-08-16,1,68
Merchtem,23052,2020-08-17,0,68
Merchtem,23052,2020-08-18,0,68
Merchtem,23052,2020-08-19,0,68
Merchtem,23052,2020-08-20,0,68
Merchtem,23052,2020-08-21,1,69
Merchtem,23052,2020-08-22,2,71
Merchtem,23052,2020-08-23,0,71
Merchtem,23052,2020-08-24,0,71
Merchtem,23052,2020-08-25,2,73
Merchtem,23052,2020-08-26,2,75
Merchtem,23052,2020-08-27,1,76
Merchtem,23052,2020-08-28,1,77
Merchtem,23052,2020-08-29,0,77
Merchtem,23052,2020-08-30,1,78
Merchtem,23052,2020-08-31,0,78
Merchtem,23052,2020-09-01,0,78
Merchtem,23052,2020-09-02,1,79
Merchtem,23052,2020-09-03,1,80
Merchtem,23052,2020-09-04,3,83
Merchtem,23052,2020-09-05,1,84
Merchtem,23052,2020-09-06,2,86
Merchtem,23052,2020-09-07,0,86
Merchtem,23052,2020-09-08,1,87
Merchtem,23052,2020-09-09,0,87
Merchtem,23052,2020-09-10,0,87
Merchtem,23052,2020-09-11,1,88
Merchtem,23052,2020-09-12,1,89
Merchtem,23052,2020-09-13,0,89
Merchtem,23052,2020-09-14,3,92
Merchtem,23052,2020-09-15,3,95
Merchtem,23052,2020-09-16,6,101
Merchtem,23052,2020-09-17,7,108
Merchtem,23052,2020-09-18,4,112
Merchtem,23052,2020-09-19,2,114
Merchtem,23052,2020-09-20,-1,113
Merchtem,23052,2020-09-21,3,116
Merchtem,23052,2020-09-22,3,119
Merchtem,23052,2020-09-23,2,121
Merchtem,23052,2020-09-24,1,122
Merchtem,23052,2020-09-25,7,129
Merchtem,23052,2020-09-26,2,131
Merchtem,23052,2020-09-27,2,133
Merchtem,23052,2020-09-28,0,133
Merchtem,23052,2020-09-29,2,135
Merchtem,23052,2020-09-30,1,136
Merchtem,23052,2020-10-01,2,138
Merchtem,23052,2020-10-02,3,141
Merchtem,23052,2020-10-03,4,145
Merchtem,23052,2020-10-04,5,150
Merchtem,23052,2020-10-05,2,152
Merchtem,23052,2020-10-06,2,154
Merchtem,23052,2020-10-07,5,159
Merchtem,23052,2020-10-08,3,162
Merchtem,23052,2020-10-09,16,178
Merchtem,23052,2020-10-10,8,186
Merchtem,23052,2020-10-11,10,196
Merchtem,23052,2020-10-12,9,205
Merchtem,23052,2020-10-13,4,209
Merchtem,23052,2020-10-14,21,230
Merchtem,23052,2020-10-15,13,243
Merchtem,23052,2020-10-16,13,256
Merchtem,23052,2020-10-17,17,273
Merchtem,23052,2020-10-18,16,289
Merchtem,23052,2020-10-19,8,297
Merchtem,23052,2020-10-20,14,311
Merchtem,23052,2020-10-21,25,336
Merchtem,23052,2020-10-22,20,356
Merchtem,23052,2020-10-23,21,377
Merchtem,23052,2020-10-24,29,406
Merchtem,23052,2020-10-25,22,428
Merchtem,23052,2020-10-26,26,454
Merchtem,23052,2020-10-27,38,492
Merchtem,23052,2020-10-28,11,503
Merchtem,23052,2020-10-29,23,526
Merchtem,23052,2020-10-30,40,566
Merchtem,23052,2020-10-31,24,590
Merchtem,23052,2020-11-01,14,604
Merchtem,23052,2020-11-02,12,616
Merchtem,23052,2020-11-03,3,619
Merchtem,23052,2020-11-04,8,627
Merchtem,23052,2020-11-05,16,643
Merchtem,23052,2020-11-06,5,648
Merchtem,23052,2020-11-07,7,655
Merchtem,23052,2020-11-08,3,658
Merchtem,23052,2020-11-09,6,664
Merchtem,23052,2020-11-10,2,666
Merchtem,23052,2020-11-11,7,673
Opwijk,23060,2020-04-01,1,12
Opwijk,23060,2020-04-02,1,13
Opwijk,23060,2020-04-03,2,15
Opwijk,23060,2020-04-04,2,17
Opwijk,23060,2020-04-05,0,17
Opwijk,23060,2020-04-06,0,17
Opwijk,23060,2020-04-07,0,17
Opwijk,23060,2020-04-08,0,17
Opwijk,23060,2020-04-09,0,17
Opwijk,23060,2020-04-10,4,21
Opwijk,23060,2020-04-11,1,22
Opwijk,23060,2020-04-12,1,23
Opwijk,23060,2020-04-13,0,23
Opwijk,23060,2020-04-14,0,23
Opwijk,23060,2020-04-15,3,26
Opwijk,23060,2020-04-16,1,27
Opwijk,23060,2020-04-17,1,28
Opwijk,23060,2020-04-18,0,28
Opwijk,23060,2020-04-19,2,30
Opwijk,23060,2020-04-20,1,31
Opwijk,23060,2020-04-21,0,31
Opwijk,23060,2020-04-22,1,32
Opwijk,23060,2020-04-23,2,34
Opwijk,23060,2020-04-24,1,35
Opwijk,23060,2020-04-25,1,36
Opwijk,23060,2020-04-26,0,36
Opwijk,23060,2020-04-27,0,36
Opwijk,23060,2020-04-28,0,36
Opwijk,23060,2020-04-29,0,36
Opwijk,23060,2020-04-30,1,37
Opwijk,23060,2020-05-01,0,37
Opwijk,23060,2020-05-02,1,38
Opwijk,23060,2020-05-03,0,38
Opwijk,23060,2020-05-04,1,39
Opwijk,23060,2020-05-05,0,39
Opwijk,23060,2020-05-06,0,39
Opwijk,23060,2020-05-07,1,40
Opwijk,23060,2020-05-08,0,40
Opwijk,23060,2020-05-09,2,42
Opwijk,23060,2020-05-10,1,43
Opwijk,23060,2020-05-11,1,44
Opwijk,23060,2020-05-12,0,44
Opwijk,23060,2020-05-13,2,46
Opwijk,23060,2020-05-14,0,46
Opwijk,23060,2020-05-15,0,46
Opwijk,23060,2020-05-16,0,46
Opwijk,23060,2020-05-17,1,47
Opwijk,23060,2020-05-18,0,47
Opwijk,23060,2020-05-19,0,47
Opwijk,23060,2020-05-20,0,47
Opwijk,23060,2020-05-21,4,51
Opwijk,23060,2020-05-22,0,51
Opwijk,23060,2020-05-23,0,51
Opwijk,23060,2020-05-24,0,51
Opwijk,23060,2020-05-25,0,51
Opwijk,23060,2020-05-26,0,51
Opwijk,23060,2020-05-27,0,51
Opwijk,23060,2020-05-28,0,51
Opwijk,23060,2020-05-29,0,51
Opwijk,23060,2020-05-30,0,51
Opwijk,23060,2020-05-31,0,51
Opwijk,23060,2020-06-01,0,51
Opwijk,23060,2020-06-02,0,51
Opwijk,23060,2020-06-03,0,51
Opwijk,23060,2020-06-04,0,51
Opwijk,23060,2020-06-05,0,51
Opwijk,23060,2020-06-06,0,51
Opwijk,23060,2020-06-07,0,51
Opwijk,23060,2020-06-08,2,53
Opwijk,23060,2020-06-09,0,53
Opwijk,23060,2020-06-10,0,53
Opwijk,23060,2020-06-11,1,54
Opwijk,23060,2020-06-12,0,54
Opwijk,23060,2020-06-13,0,54
Opwijk,23060,2020-06-14,0,54
Opwijk,23060,2020-06-15,0,54
Opwijk,23060,2020-06-16,0,54
Opwijk,23060,2020-06-17,0,54
Opwijk,23060,2020-06-18,0,54
Opwijk,23060,2020-06-19,0,54
Opwijk,23060,2020-06-20,0,54
Opwijk,23060,2020-06-23,0,54
Opwijk,23060,2020-06-24,0,54
Opwijk,23060,2020-06-25,0,54
Opwijk,23060,2020-06-26,0,54
Opwijk,23060,2020-06-27,0,54
Opwijk,23060,2020-06-30,1,55
Opwijk,23060,2020-07-01,0,55
Opwijk,23060,2020-07-02,0,55
Opwijk,23060,2020-07-03,0,55
Opwijk,23060,2020-07-04,0,55
Opwijk,23060,2020-07-07,0,55
Opwijk,23060,2020-07-08,0,55
Opwijk,23060,2020-07-09,0,55
Opwijk,23060,2020-07-10,1,56
Opwijk,23060,2020-07-11,0,56
Opwijk,23060,2020-07-14,0,56
Opwijk,23060,2020-07-15,0,56
Opwijk,23060,2020-07-16,1,57
Opwijk,23060,2020-07-17,3,60
Opwijk,23060,2020-07-18,2,62
Opwijk,23060,2020-07-20,4,66
Opwijk,23060,2020-07-21,0,66
Opwijk,23060,2020-07-22,0,66
Opwijk,23060,2020-07-23,0,66
Opwijk,23060,2020-07-24,0,66
Opwijk,23060,2020-07-25,0,66
Opwijk,23060,2020-07-26,2,68
Opwijk,23060,2020-07-27,0,68
Opwijk,23060,2020-07-28,0,68
Opwijk,23060,2020-07-29,0,68
Opwijk,23060,2020-07-30,0,68
Opwijk,23060,2020-07-31,0,68
Opwijk,23060,2020-08-01,2,70
Opwijk,23060,2020-08-02,1,71
Opwijk,23060,2020-08-03,0,71
Opwijk,23060,2020-08-04,0,71
Opwijk,23060,2020-08-05,0,71
Opwijk,23060,2020-08-06,3,74
Opwijk,23060,2020-08-07,0,74
Opwijk,23060,2020-08-08,0,74
Opwijk,23060,2020-08-09,0,74
Opwijk,23060,2020-08-10,1,75
Opwijk,23060,2020-08-11,0,75
Opwijk,23060,2020-08-12,0,75
Opwijk,23060,2020-08-13,0,75
Opwijk,23060,2020-08-14,1,76
Opwijk,23060,2020-08-15,1,77
Opwijk,23060,2020-08-16,4,81
Opwijk,23060,2020-08-17,0,81
Opwijk,23060,2020-08-18,0,81
Opwijk,23060,2020-08-19,1,82
Opwijk,23060,2020-08-20,0,82
Opwijk,23060,2020-08-21,0,82
Opwijk,23060,2020-08-22,0,82
Opwijk,23060,2020-08-23,0,82
Opwijk,23060,2020-08-24,0,82
Opwijk,23060,2020-08-25,0,82
Opwijk,23060,2020-08-26,0,82
Opwijk,23060,2020-08-27,1,83
Opwijk,23060,2020-08-28,2,85
Opwijk,23060,2020-08-29,2,87
Opwijk,23060,2020-08-30,1,88
Opwijk,23060,2020-08-31,0,88
Opwijk,23060,2020-09-01,0,88
Opwijk,23060,2020-09-02,0,88
Opwijk,23060,2020-09-03,0,88
Opwijk,23060,2020-09-04,0,88
Opwijk,23060,2020-09-05,0,88
Opwijk,23060,2020-09-06,0,88
Opwijk,23060,2020-09-07,0,88
Opwijk,23060,2020-09-08,0,88
Opwijk,23060,2020-09-09,0,88
Opwijk,23060,2020-09-10,0,88
Opwijk,23060,2020-09-11,1,89
Opwijk,23060,2020-09-12,1,90
Opwijk,23060,2020-09-13,0,90
Opwijk,23060,2020-09-14,1,91
Opwijk,23060,2020-09-15,0,91
Opwijk,23060,2020-09-16,1,92
Opwijk,23060,2020-09-17,0,92
Opwijk,23060,2020-09-18,0,92
Opwijk,23060,2020-09-19,0,92
Opwijk,23060,2020-09-20,1,93
Opwijk,23060,2020-09-21,1,94
Opwijk,23060,2020-09-22,1,95
Opwijk,23060,2020-09-23,0,95
Opwijk,23060,2020-09-24,0,95
Opwijk,23060,2020-09-25,3,98
Opwijk,23060,2020-09-26,2,100
Opwijk,23060,2020-09-27,2,102
Opwijk,23060,2020-09-28,0,102
Opwijk,23060,2020-09-29,0,102
Opwijk,23060,2020-09-30,0,102
Opwijk,23060,2020-10-01,1,103
Opwijk,23060,2020-10-02,2,105
Opwijk,23060,2020-10-03,2,107
Opwijk,23060,2020-10-04,3,110
Opwijk,23060,2020-10-05,2,112
Opwijk,23060,2020-10-06,0,112
Opwijk,23060,2020-10-07,3,115
Opwijk,23060,2020-10-08,5,120
Opwijk,23060,2020-10-09,5,125
Opwijk,23060,2020-10-10,2,127
Opwijk,23060,2020-10-11,9,136
Opwijk,23060,2020-10-12,1,137
Opwijk,23060,2020-10-13,4,141
Opwijk,23060,2020-10-14,5,146
Opwijk,23060,2020-10-15,3,149
Opwijk,23060,2020-10-16,10,159
Opwijk,23060,2020-10-17,7,166
Opwijk,23060,2020-10-18,17,183
Opwijk,23060,2020-10-19,3,186
Opwijk,23060,2020-10-20,10,196
Opwijk,23060,2020-10-21,9,205
Opwijk,23060,2020-10-22,11,216
Opwijk,23060,2020-10-23,16,232
Opwijk,23060,2020-10-24,10,242
Opwijk,23060,2020-10-25,17,259
Opwijk,23060,2020-10-26,21,280
Opwijk,23060,2020-10-27,20,300
Opwijk,23060,2020-10-28,6,306
Opwijk,23060,2020-10-29,21,327
Opwijk,23060,2020-10-30,21,348
Opwijk,23060,2020-10-31,20,368
Opwijk,23060,2020-11-01,10,378
Opwijk,23060,2020-11-02,16,394
Opwijk,23060,2020-11-03,1,395
Opwijk,23060,2020-11-04,13,408
Opwijk,23060,2020-11-05,7,415
Opwijk,23060,2020-11-06,9,424
Opwijk,23060,2020-11-07,25,449
Opwijk,23060,2020-11-08,4,453
Opwijk,23060,2020-11-09,3,456
Opwijk,23060,2020-11-10,3,459
Opwijk,23060,2020-11-11,5,464
Overijse,23062,2020-04-01,3,33
Overijse,23062,2020-04-02,1,34
Overijse,23062,2020-04-03,1,35
Overijse,23062,2020-04-04,3,38
Overijse,23062,2020-04-05,1,39
Overijse,23062,2020-04-06,4,43
Overijse,23062,2020-04-07,0,43
Overijse,23062,2020-04-08,1,44
Overijse,23062,2020-04-09,8,52
Overijse,23062,2020-04-10,2,54
Overijse,23062,2020-04-11,2,56
Overijse,23062,2020-04-12,6,62
Overijse,23062,2020-04-13,2,64
Overijse,23062,2020-04-14,0,64
Overijse,23062,2020-04-15,2,66
Overijse,23062,2020-04-16,1,67
Overijse,23062,2020-04-17,2,69
Overijse,23062,2020-04-18,3,72
Overijse,23062,2020-04-19,12,84
Overijse,23062,2020-04-20,2,86
Overijse,23062,2020-04-21,1,87
Overijse,23062,2020-04-22,0,87
Overijse,23062,2020-04-23,0,87
Overijse,23062,2020-04-24,1,88
Overijse,23062,2020-04-25,3,91
Overijse,23062,2020-04-26,0,91
Overijse,23062,2020-04-27,0,91
Overijse,23062,2020-04-28,0,91
Overijse,23062,2020-04-29,1,92
Overijse,23062,2020-04-30,1,93
Overijse,23062,2020-05-01,1,94
Overijse,23062,2020-05-02,0,94
Overijse,23062,2020-05-03,0,94
Overijse,23062,2020-05-04,0,94
Overijse,23062,2020-05-05,0,94
Overijse,23062,2020-05-06,0,94
Overijse,23062,2020-05-07,1,95
Overijse,23062,2020-05-08,1,96
Overijse,23062,2020-05-09,1,97
Overijse,23062,2020-05-10,0,97
Overijse,23062,2020-05-11,4,101
Overijse,23062,2020-05-12,0,101
Overijse,23062,2020-05-13,2,103
Overijse,23062,2020-05-14,0,103
Overijse,23062,2020-05-15,0,103
Overijse,23062,2020-05-16,1,104
Overijse,23062,2020-05-17,0,104
Overijse,23062,2020-05-18,0,104
Overijse,23062,2020-05-19,0,104
Overijse,23062,2020-05-20,0,104
Overijse,23062,2020-05-21,1,105
Overijse,23062,2020-05-22,1,106
Overijse,23062,2020-05-23,0,106
Overijse,23062,2020-05-24,1,107
Overijse,23062,2020-05-25,0,107
Overijse,23062,2020-05-26,0,107
Overijse,23062,2020-05-27,0,107
Overijse,23062,2020-05-28,0,107
Overijse,23062,2020-05-29,1,108
Overijse,23062,2020-05-30,0,108
Overijse,23062,2020-05-31,0,108
Overijse,23062,2020-06-01,0,108
Overijse,23062,2020-06-02,0,108
Overijse,23062,2020-06-03,0,108
Overijse,23062,2020-06-04,0,108
Overijse,23062,2020-06-05,0,108
Overijse,23062,2020-06-06,4,112
Overijse,23062,2020-06-07,0,112
Overijse,23062,2020-06-08,0,112
Overijse,23062,2020-06-09,1,113
Overijse,23062,2020-06-10,0,113
Overijse,23062,2020-06-11,0,113
Overijse,23062,2020-06-12,2,115
Overijse,23062,2020-06-13,1,116
Overijse,23062,2020-06-14,0,116
Overijse,23062,2020-06-15,0,116
Overijse,23062,2020-06-16,0,116
Overijse,23062,2020-06-17,0,116
Overijse,23062,2020-06-18,0,116
Overijse,23062,2020-06-19,0,116
Overijse,23062,2020-06-20,1,117
Overijse,23062,2020-06-23,0,117
Overijse,23062,2020-06-24,0,117
Overijse,23062,2020-06-25,0,117
Overijse,23062,2020-06-26,0,117
Overijse,23062,2020-06-27,0,117
Overijse,23062,2020-06-30,0,117
Overijse,23062,2020-07-01,0,117
Overijse,23062,2020-07-02,0,117
Overijse,23062,2020-07-03,0,117
Overijse,23062,2020-07-04,0,117
Overijse,23062,2020-07-07,0,117
Overijse,23062,2020-07-08,0,117
Overijse,23062,2020-07-09,0,117
Overijse,23062,2020-07-10,0,117
Overijse,23062,2020-07-11,0,117
Overijse,23062,2020-07-14,2,119
Overijse,23062,2020-07-15,0,119
Overijse,23062,2020-07-16,1,120
Overijse,23062,2020-07-17,0,120
Overijse,23062,2020-07-18,0,120
Overijse,23062,2020-07-20,1,121
Overijse,23062,2020-07-21,1,122
Overijse,23062,2020-07-22,0,122
Overijse,23062,2020-07-23,0,122
Overijse,23062,2020-07-24,0,122
Overijse,23062,2020-07-25,0,122
Overijse,23062,2020-07-26,1,123
Overijse,23062,2020-07-27,0,123
Overijse,23062,2020-07-28,0,123
Overijse,23062,2020-07-29,0,123
Overijse,23062,2020-07-30,1,124
Overijse,23062,2020-07-31,2,126
Overijse,23062,2020-08-01,0,126
Overijse,23062,2020-08-02,2,128
Overijse,23062,2020-08-03,0,128
Overijse,23062,2020-08-04,0,128
Overijse,23062,2020-08-05,0,128
Overijse,23062,2020-08-06,0,128
Overijse,23062,2020-08-07,2,130
Overijse,23062,2020-08-08,1,131
Overijse,23062,2020-08-09,0,131
Overijse,23062,2020-08-10,0,131
Overijse,23062,2020-08-11,0,131
Overijse,23062,2020-08-12,0,131
Overijse,23062,2020-08-13,0,131
Overijse,23062,2020-08-14,0,131
Overijse,23062,2020-08-15,0,131
Overijse,23062,2020-08-16,1,132
Overijse,23062,2020-08-17,0,132
Overijse,23062,2020-08-18,0,132
Overijse,23062,2020-08-19,0,132
Overijse,23062,2020-08-20,1,133
Overijse,23062,2020-08-21,2,135
Overijse,23062,2020-08-22,1,136
Overijse,23062,2020-08-23,1,137
Overijse,23062,2020-08-24,0,137
Overijse,23062,2020-08-25,0,137
Overijse,23062,2020-08-26,2,139
Overijse,23062,2020-08-27,1,140
Overijse,23062,2020-08-28,1,141
Overijse,23062,2020-08-29,2,143
Overijse,23062,2020-08-30,2,145
Overijse,23062,2020-08-31,2,147
Overijse,23062,2020-09-01,0,147
Overijse,23062,2020-09-02,0,147
Overijse,23062,2020-09-03,0,147
Overijse,23062,2020-09-04,2,149
Overijse,23062,2020-09-05,1,150
Overijse,23062,2020-09-06,0,150
Overijse,23062,2020-09-07,2,152
Overijse,23062,2020-09-08,0,152
Overijse,23062,2020-09-09,1,153
Overijse,23062,2020-09-10,0,153
Overijse,23062,2020-09-11,0,153
Overijse,23062,2020-09-12,1,154
Overijse,23062,2020-09-13,1,155
Overijse,23062,2020-09-14,1,156
Overijse,23062,2020-09-15,1,157
Overijse,23062,2020-09-16,0,157
Overijse,23062,2020-09-17,4,161
Overijse,23062,2020-09-18,5,166
Overijse,23062,2020-09-19,0,166
Overijse,23062,2020-09-20,4,170
Overijse,23062,2020-09-21,5,175
Overijse,23062,2020-09-22,0,175
Overijse,23062,2020-09-23,5,180
Overijse,23062,2020-09-24,4,184
Overijse,23062,2020-09-25,6,190
Overijse,23062,2020-09-26,10,200
Overijse,23062,2020-09-27,4,204
Overijse,23062,2020-09-28,7,211
Overijse,23062,2020-09-29,7,218
Overijse,23062,2020-09-30,6,224
Overijse,23062,2020-10-01,4,228
Overijse,23062,2020-10-02,7,235
Overijse,23062,2020-10-03,7,242
Overijse,23062,2020-10-04,4,246
Overijse,23062,2020-10-05,5,251
Overijse,23062,2020-10-06,4,255
Overijse,23062,2020-10-07,9,264
Overijse,23062,2020-10-08,10,274
Overijse,23062,2020-10-09,32,306
Overijse,23062,2020-10-10,10,316
Overijse,23062,2020-10-11,21,337
Overijse,23062,2020-10-12,11,348
Overijse,23062,2020-10-13,6,354
Overijse,23062,2020-10-14,13,367
Overijse,23062,2020-10-15,32,399
Overijse,23062,2020-10-16,23,422
Overijse,23062,2020-10-17,25,447
Overijse,23062,2020-10-18,25,472
Overijse,23062,2020-10-19,18,490
Overijse,23062,2020-10-20,27,517
Overijse,23062,2020-10-21,13,530
Overijse,23062,2020-10-22,23,553
Overijse,23062,2020-10-23,35,588
Overijse,23062,2020-10-24,21,609
Overijse,23062,2020-10-25,42,651
Overijse,23062,2020-10-26,20,671
Overijse,23062,2020-10-27,20,691
Overijse,23062,2020-10-28,30,721
Overijse,23062,2020-10-29,54,775
Overijse,23062,2020-10-30,37,812
Overijse,23062,2020-10-31,30,842
Overijse,23062,2020-11-01,14,856
Overijse,23062,2020-11-02,11,867
Overijse,23062,2020-11-03,6,873
Overijse,23062,2020-11-04,6,879
Overijse,23062,2020-11-05,34,913
Overijse,23062,2020-11-06,13,926
Overijse,23062,2020-11-07,16,942
Overijse,23062,2020-11-08,11,953
Overijse,23062,2020-11-09,8,961
Overijse,23062,2020-11-10,3,964
Overijse,23062,2020-11-11,5,969
Pepingen,23064,2020-04-01,0,6
Pepingen,23064,2020-04-02,0,6
Pepingen,23064,2020-04-03,0,6
Pepingen,23064,2020-04-04,0,6
Pepingen,23064,2020-04-05,2,8
Pepingen,23064,2020-04-06,4,12
Pepingen,23064,2020-04-07,0,12
Pepingen,23064,2020-04-08,0,12
Pepingen,23064,2020-04-09,1,13
Pepingen,23064,2020-04-10,1,14
Pepingen,23064,2020-04-11,0,14
Pepingen,23064,2020-04-12,0,14
Pepingen,23064,2020-04-13,0,14
Pepingen,23064,2020-04-14,0,14
Pepingen,23064,2020-04-15,1,15
Pepingen,23064,2020-04-16,1,16
Pepingen,23064,2020-04-17,0,16
Pepingen,23064,2020-04-18,0,16
Pepingen,23064,2020-04-19,1,17
Pepingen,23064,2020-04-20,0,17
Pepingen,23064,2020-04-21,1,18
Pepingen,23064,2020-04-22,0,18
Pepingen,23064,2020-04-23,0,18
Pepingen,23064,2020-04-24,0,18
Pepingen,23064,2020-04-25,0,18
Pepingen,23064,2020-04-26,0,18
Pepingen,23064,2020-04-27,1,19
Pepingen,23064,2020-04-28,0,19
Pepingen,23064,2020-04-29,0,19
Pepingen,23064,2020-04-30,1,20
Pepingen,23064,2020-05-01,1,21
Pepingen,23064,2020-05-02,0,21
Pepingen,23064,2020-05-03,2,23
Pepingen,23064,2020-05-04,0,23
Pepingen,23064,2020-05-05,0,23
Pepingen,23064,2020-05-06,0,23
Pepingen,23064,2020-05-07,0,23
Pepingen,23064,2020-05-08,0,23
Pepingen,23064,2020-05-09,0,23
Pepingen,23064,2020-05-10,0,23
Pepingen,23064,2020-05-11,0,23
Pepingen,23064,2020-05-12,0,23
Pepingen,23064,2020-05-13,0,23
Pepingen,23064,2020-05-14,0,23
Pepingen,23064,2020-05-15,0,23
Pepingen,23064,2020-05-16,0,23
Pepingen,23064,2020-05-17,0,23
Pepingen,23064,2020-05-18,0,23
Pepingen,23064,2020-05-19,0,23
Pepingen,23064,2020-05-20,0,23
Pepingen,23064,2020-05-21,0,23
Pepingen,23064,2020-05-22,0,23
Pepingen,23064,2020-05-23,0,23
Pepingen,23064,2020-05-24,1,24
Pepingen,23064,2020-05-25,0,24
Pepingen,23064,2020-05-26,0,24
Pepingen,23064,2020-05-27,0,24
Pepingen,23064,2020-05-28,0,24
Pepingen,23064,2020-05-29,0,24
Pepingen,23064,2020-05-30,0,24
Pepingen,23064,2020-05-31,0,24
Pepingen,23064,2020-06-01,0,24
Pepingen,23064,2020-06-02,0,24
Pepingen,23064,2020-06-03,0,24
Pepingen,23064,2020-06-04,0,24
Pepingen,23064,2020-06-05,0,24
Pepingen,23064,2020-06-06,0,24
Pepingen,23064,2020-06-07,0,24
Pepingen,23064,2020-06-08,0,24
Pepingen,23064,2020-06-09,0,24
Pepingen,23064,2020-06-10,0,24
Pepingen,23064,2020-06-11,0,24
Pepingen,23064,2020-06-12,0,24
Pepingen,23064,2020-06-13,0,24
Pepingen,23064,2020-06-14,0,24
Pepingen,23064,2020-06-15,0,24
Pepingen,23064,2020-06-16,0,24
Pepingen,23064,2020-06-17,0,24
Pepingen,23064,2020-06-18,0,24
Pepingen,23064,2020-06-19,0,24
Pepingen,23064,2020-06-20,0,24
Pepingen,23064,2020-06-23,0,24
Pepingen,23064,2020-06-24,0,24
Pepingen,23064,2020-06-25,0,24
Pepingen,23064,2020-06-26,0,24
Pepingen,23064,2020-06-27,0,24
Pepingen,23064,2020-06-30,0,24
Pepingen,23064,2020-07-01,0,24
Pepingen,23064,2020-07-02,0,24
Pepingen,23064,2020-07-03,0,24
Pepingen,23064,2020-07-04,0,24
Pepingen,23064,2020-07-07,0,24
Pepingen,23064,2020-07-08,0,24
Pepingen,23064,2020-07-09,0,24
Pepingen,23064,2020-07-10,0,24
Pepingen,23064,2020-07-11,0,24
Pepingen,23064,2020-07-14,0,24
Pepingen,23064,2020-07-15,0,24
Pepingen,23064,2020-07-16,0,24
Pepingen,23064,2020-07-17,0,24
Pepingen,23064,2020-07-18,0,24
Pepingen,23064,2020-07-20,0,24
Pepingen,23064,2020-07-21,0,24
Pepingen,23064,2020-07-22,0,24
Pepingen,23064,2020-07-23,0,24
Pepingen,23064,2020-07-24,0,24
Pepingen,23064,2020-07-25,0,24
Pepingen,23064,2020-07-26,0,24
Pepingen,23064,2020-07-27,0,24
Pepingen,23064,2020-07-28,0,24
Pepingen,23064,2020-07-29,0,24
Pepingen,23064,2020-07-30,0,24
Pepingen,23064,2020-07-31,0,24
Pepingen,23064,2020-08-01,0,24
Pepingen,23064,2020-08-02,0,24
Pepingen,23064,2020-08-03,0,24
Pepingen,23064,2020-08-04,0,24
Pepingen,23064,2020-08-05,0,24
Pepingen,23064,2020-08-06,0,24
Pepingen,23064,2020-08-07,0,24
Pepingen,23064,2020-08-08,0,24
Pepingen,23064,2020-08-09,0,24
Pepingen,23064,2020-08-10,0,24
Pepingen,23064,2020-08-11,1,25
Pepingen,23064,2020-08-12,0,25
Pepingen,23064,2020-08-13,0,25
Pepingen,23064,2020-08-14,0,25
Pepingen,23064,2020-08-15,0,25
Pepingen,23064,2020-08-16,0,25
Pepingen,23064,2020-08-17,0,25
Pepingen,23064,2020-08-18,0,25
Pepingen,23064,2020-08-19,1,26
Pepingen,23064,2020-08-20,0,26
Pepingen,23064,2020-08-21,0,26
Pepingen,23064,2020-08-22,0,26
Pepingen,23064,2020-08-23,0,26
Pepingen,23064,2020-08-24,1,27
Pepingen,23064,2020-08-25,0,27
Pepingen,23064,2020-08-26,0,27
Pepingen,23064,2020-08-27,0,27
Pepingen,23064,2020-08-28,0,27
Pepingen,23064,2020-08-29,0,27
Pepingen,23064,2020-08-30,0,27
Pepingen,23064,2020-08-31,0,27
Pepingen,23064,2020-09-01,0,27
Pepingen,23064,2020-09-02,0,27
Pepingen,23064,2020-09-03,0,27
Pepingen,23064,2020-09-04,0,27
Pepingen,23064,2020-09-05,0,27
Pepingen,23064,2020-09-06,0,27
Pepingen,23064,2020-09-07,0,27
Pepingen,23064,2020-09-08,0,27
Pepingen,23064,2020-09-09,0,27
Pepingen,23064,2020-09-10,0,27
Pepingen,23064,2020-09-11,0,27
Pepingen,23064,2020-09-12,0,27
Pepingen,23064,2020-09-13,0,27
Pepingen,23064,2020-09-14,0,27
Pepingen,23064,2020-09-15,0,27
Pepingen,23064,2020-09-16,0,27
Pepingen,23064,2020-09-17,0,27
Pepingen,23064,2020-09-18,0,27
Pepingen,23064,2020-09-19,0,27
Pepingen,23064,2020-09-20,0,27
Pepingen,23064,2020-09-21,2,29
Pepingen,23064,2020-09-22,0,29
Pepingen,23064,2020-09-23,0,29
Pepingen,23064,2020-09-24,0,29
Pepingen,23064,2020-09-25,0,29
Pepingen,23064,2020-09-26,0,29
Pepingen,23064,2020-09-27,0,29
Pepingen,23064,2020-09-28,0,29
Pepingen,23064,2020-09-29,0,29
Pepingen,23064,2020-09-30,1,30
Pepingen,23064,2020-10-01,0,30
Pepingen,23064,2020-10-02,8,38
Pepingen,23064,2020-10-03,3,41
Pepingen,23064,2020-10-04,1,42
Pepingen,23064,2020-10-05,2,44
Pepingen,23064,2020-10-06,0,44
Pepingen,23064,2020-10-07,1,45
Pepingen,23064,2020-10-08,2,47
Pepingen,23064,2020-10-09,6,53
Pepingen,23064,2020-10-10,4,57
Pepingen,23064,2020-10-11,2,59
Pepingen,23064,2020-10-12,5,64
Pepingen,23064,2020-10-13,3,67
Pepingen,23064,2020-10-14,8,75
Pepingen,23064,2020-10-15,11,86
Pepingen,23064,2020-10-16,6,92
Pepingen,23064,2020-10-17,7,99
Pepingen,23064,2020-10-18,1,100
Pepingen,23064,2020-10-19,3,103
Pepingen,23064,2020-10-20,5,108
Pepingen,23064,2020-10-21,4,112
Pepingen,23064,2020-10-22,4,116
Pepingen,23064,2020-10-23,1,117
Pepingen,23064,2020-10-24,1,118
Pepingen,23064,2020-10-25,7,125
Pepingen,23064,2020-10-26,4,129
Pepingen,23064,2020-10-27,1,130
Pepingen,23064,2020-10-28,2,132
Pepingen,23064,2020-10-29,2,134
Pepingen,23064,2020-10-30,2,136
Pepingen,23064,2020-10-31,5,141
Pepingen,23064,2020-11-01,2,143
Pepingen,23064,2020-11-02,0,143
Pepingen,23064,2020-11-03,1,144
Pepingen,23064,2020-11-04,0,144
Pepingen,23064,2020-11-05,7,151
Pepingen,23064,2020-11-06,3,154
Pepingen,23064,2020-11-07,2,156
Pepingen,23064,2020-11-08,0,156
Pepingen,23064,2020-11-09,1,157
Pepingen,23064,2020-11-10,1,158
Pepingen,23064,2020-11-11,1,159
Sint-Pieters-Leeuw,23077,2020-04-01,2,37
Sint-Pieters-Leeuw,23077,2020-04-02,5,42
Sint-Pieters-Leeuw,23077,2020-04-03,3,45
Sint-Pieters-Leeuw,23077,2020-04-04,4,49
Sint-Pieters-Leeuw,23077,2020-04-05,2,51
Sint-Pieters-Leeuw,23077,2020-04-06,0,51
Sint-Pieters-Leeuw,23077,2020-04-07,1,52
Sint-Pieters-Leeuw,23077,2020-04-08,2,54
Sint-Pieters-Leeuw,23077,2020-04-09,1,55
Sint-Pieters-Leeuw,23077,2020-04-10,2,57
Sint-Pieters-Leeuw,23077,2020-04-11,5,62
Sint-Pieters-Leeuw,23077,2020-04-12,6,68
Sint-Pieters-Leeuw,23077,2020-04-13,1,69
Sint-Pieters-Leeuw,23077,2020-04-14,1,70
Sint-Pieters-Leeuw,23077,2020-04-15,0,70
Sint-Pieters-Leeuw,23077,2020-04-16,1,71
Sint-Pieters-Leeuw,23077,2020-04-17,1,72
Sint-Pieters-Leeuw,23077,2020-04-18,1,73
Sint-Pieters-Leeuw,23077,2020-04-19,5,78
Sint-Pieters-Leeuw,23077,2020-04-20,5,83
Sint-Pieters-Leeuw,23077,2020-04-21,0,83
Sint-Pieters-Leeuw,23077,2020-04-22,2,85
Sint-Pieters-Leeuw,23077,2020-04-23,0,85
Sint-Pieters-Leeuw,23077,2020-04-24,5,90
Sint-Pieters-Leeuw,23077,2020-04-25,1,91
Sint-Pieters-Leeuw,23077,2020-04-26,5,96
Sint-Pieters-Leeuw,23077,2020-04-27,2,98
Sint-Pieters-Leeuw,23077,2020-04-28,2,100
Sint-Pieters-Leeuw,23077,2020-04-29,3,103
Sint-Pieters-Leeuw,23077,2020-04-30,2,105
Sint-Pieters-Leeuw,23077,2020-05-01,0,105
Sint-Pieters-Leeuw,23077,2020-05-02,0,105
Sint-Pieters-Leeuw,23077,2020-05-03,0,105
Sint-Pieters-Leeuw,23077,2020-05-04,1,106
Sint-Pieters-Leeuw,23077,2020-05-05,0,106
Sint-Pieters-Leeuw,23077,2020-05-06,0,106
Sint-Pieters-Leeuw,23077,2020-05-07,2,108
Sint-Pieters-Leeuw,23077,2020-05-08,1,109
Sint-Pieters-Leeuw,23077,2020-05-09,1,110
Sint-Pieters-Leeuw,23077,2020-05-10,0,110
Sint-Pieters-Leeuw,23077,2020-05-11,1,111
Sint-Pieters-Leeuw,23077,2020-05-12,0,111
Sint-Pieters-Leeuw,23077,2020-05-13,0,111
Sint-Pieters-Leeuw,23077,2020-05-14,0,111
Sint-Pieters-Leeuw,23077,2020-05-15,3,114
Sint-Pieters-Leeuw,23077,2020-05-16,2,116
Sint-Pieters-Leeuw,23077,2020-05-17,2,118
Sint-Pieters-Leeuw,23077,2020-05-18,0,118
Sint-Pieters-Leeuw,23077,2020-05-19,0,118
Sint-Pieters-Leeuw,23077,2020-05-20,0,118
Sint-Pieters-Leeuw,23077,2020-05-21,0,118
Sint-Pieters-Leeuw,23077,2020-05-22,0,118
Sint-Pieters-Leeuw,23077,2020-05-23,0,118
Sint-Pieters-Leeuw,23077,2020-05-24,0,118
Sint-Pieters-Leeuw,23077,2020-05-25,0,118
Sint-Pieters-Leeuw,23077,2020-05-26,0,118
Sint-Pieters-Leeuw,23077,2020-05-27,1,119
Sint-Pieters-Leeuw,23077,2020-05-28,0,119
Sint-Pieters-Leeuw,23077,2020-05-29,0,119
Sint-Pieters-Leeuw,23077,2020-05-30,0,119
Sint-Pieters-Leeuw,23077,2020-05-31,1,120
Sint-Pieters-Leeuw,23077,2020-06-01,0,120
Sint-Pieters-Leeuw,23077,2020-06-02,0,120
Sint-Pieters-Leeuw,23077,2020-06-03,1,121
Sint-Pieters-Leeuw,23077,2020-06-04,0,121
Sint-Pieters-Leeuw,23077,2020-06-05,0,121
Sint-Pieters-Leeuw,23077,2020-06-06,0,121
Sint-Pieters-Leeuw,23077,2020-06-07,0,121
Sint-Pieters-Leeuw,23077,2020-06-08,0,121
Sint-Pieters-Leeuw,23077,2020-06-09,1,122
Sint-Pieters-Leeuw,23077,2020-06-10,0,122
Sint-Pieters-Leeuw,23077,2020-06-11,0,122
Sint-Pieters-Leeuw,23077,2020-06-12,0,122
Sint-Pieters-Leeuw,23077,2020-06-13,0,122
Sint-Pieters-Leeuw,23077,2020-06-14,0,122
Sint-Pieters-Leeuw,23077,2020-06-15,0,122
Sint-Pieters-Leeuw,23077,2020-06-16,0,122
Sint-Pieters-Leeuw,23077,2020-06-17,0,122
Sint-Pieters-Leeuw,23077,2020-06-18,0,122
Sint-Pieters-Leeuw,23077,2020-06-19,1,123
Sint-Pieters-Leeuw,23077,2020-06-20,1,124
Sint-Pieters-Leeuw,23077,2020-06-23,2,126
Sint-Pieters-Leeuw,23077,2020-06-24,0,126
Sint-Pieters-Leeuw,23077,2020-06-25,0,126
Sint-Pieters-Leeuw,23077,2020-06-26,0,126
Sint-Pieters-Leeuw,23077,2020-06-27,1,127
Sint-Pieters-Leeuw,23077,2020-06-30,2,129
Sint-Pieters-Leeuw,23077,2020-07-01,0,129
Sint-Pieters-Leeuw,23077,2020-07-02,0,129
Sint-Pieters-Leeuw,23077,2020-07-03,0,129
Sint-Pieters-Leeuw,23077,2020-07-04,0,129
Sint-Pieters-Leeuw,23077,2020-07-07,0,129
Sint-Pieters-Leeuw,23077,2020-07-08,0,129
Sint-Pieters-Leeuw,23077,2020-07-09,0,129
Sint-Pieters-Leeuw,23077,2020-07-10,0,129
Sint-Pieters-Leeuw,23077,2020-07-11,0,129
Sint-Pieters-Leeuw,23077,2020-07-14,1,130
Sint-Pieters-Leeuw,23077,2020-07-15,0,130
Sint-Pieters-Leeuw,23077,2020-07-16,0,130
Sint-Pieters-Leeuw,23077,2020-07-17,2,132
Sint-Pieters-Leeuw,23077,2020-07-18,2,134
Sint-Pieters-Leeuw,23077,2020-07-20,3,137
Sint-Pieters-Leeuw,23077,2020-07-21,0,137
Sint-Pieters-Leeuw,23077,2020-07-22,0,137
Sint-Pieters-Leeuw,23077,2020-07-23,1,138
Sint-Pieters-Leeuw,23077,2020-07-24,1,139
Sint-Pieters-Leeuw,23077,2020-07-25,1,140
Sint-Pieters-Leeuw,23077,2020-07-26,1,141
Sint-Pieters-Leeuw,23077,2020-07-27,1,142
Sint-Pieters-Leeuw,23077,2020-07-28,0,142
Sint-Pieters-Leeuw,23077,2020-07-29,1,143
Sint-Pieters-Leeuw,23077,2020-07-30,3,146
Sint-Pieters-Leeuw,23077,2020-07-31,1,147
Sint-Pieters-Leeuw,23077,2020-08-01,2,149
Sint-Pieters-Leeuw,23077,2020-08-02,4,153
Sint-Pieters-Leeuw,23077,2020-08-03,0,153
Sint-Pieters-Leeuw,23077,2020-08-04,0,153
Sint-Pieters-Leeuw,23077,2020-08-05,0,153
Sint-Pieters-Leeuw,23077,2020-08-06,0,153
Sint-Pieters-Leeuw,23077,2020-08-07,1,154
Sint-Pieters-Leeuw,23077,2020-08-08,1,155
Sint-Pieters-Leeuw,23077,2020-08-09,1,156
Sint-Pieters-Leeuw,23077,2020-08-10,1,157
Sint-Pieters-Leeuw,23077,2020-08-11,3,160
Sint-Pieters-Leeuw,23077,2020-08-12,1,161
Sint-Pieters-Leeuw,23077,2020-08-13,7,168
Sint-Pieters-Leeuw,23077,2020-08-14,4,172
Sint-Pieters-Leeuw,23077,2020-08-15,1,173
Sint-Pieters-Leeuw,23077,2020-08-16,2,175
Sint-Pieters-Leeuw,23077,2020-08-17,0,175
Sint-Pieters-Leeuw,23077,2020-08-18,0,175
Sint-Pieters-Leeuw,23077,2020-08-19,1,176
Sint-Pieters-Leeuw,23077,2020-08-20,3,179
Sint-Pieters-Leeuw,23077,2020-08-21,2,181
Sint-Pieters-Leeuw,23077,2020-08-22,2,183
Sint-Pieters-Leeuw,23077,2020-08-23,7,190
Sint-Pieters-Leeuw,23077,2020-08-24,1,191
Sint-Pieters-Leeuw,23077,2020-08-25,1,192
Sint-Pieters-Leeuw,23077,2020-08-26,0,192
Sint-Pieters-Leeuw,23077,2020-08-27,2,194
Sint-Pieters-Leeuw,23077,2020-08-28,4,198
Sint-Pieters-Leeuw,23077,2020-08-29,1,199
Sint-Pieters-Leeuw,23077,2020-08-30,1,200
Sint-Pieters-Leeuw,23077,2020-08-31,2,202
Sint-Pieters-Leeuw,23077,2020-09-01,0,202
Sint-Pieters-Leeuw,23077,2020-09-02,1,203
Sint-Pieters-Leeuw,23077,2020-09-03,3,206
Sint-Pieters-Leeuw,23077,2020-09-04,2,208
Sint-Pieters-Leeuw,23077,2020-09-05,3,211
Sint-Pieters-Leeuw,23077,2020-09-06,3,214
Sint-Pieters-Leeuw,23077,2020-09-07,4,218
Sint-Pieters-Leeuw,23077,2020-09-08,2,220
Sint-Pieters-Leeuw,23077,2020-09-09,1,221
Sint-Pieters-Leeuw,23077,2020-09-10,3,224
Sint-Pieters-Leeuw,23077,2020-09-11,4,228
Sint-Pieters-Leeuw,23077,2020-09-12,4,232
Sint-Pieters-Leeuw,23077,2020-09-13,4,236
Sint-Pieters-Leeuw,23077,2020-09-14,6,242
Sint-Pieters-Leeuw,23077,2020-09-15,3,245
Sint-Pieters-Leeuw,23077,2020-09-16,1,246
Sint-Pieters-Leeuw,23077,2020-09-17,7,253
Sint-Pieters-Leeuw,23077,2020-09-18,9,262
Sint-Pieters-Leeuw,23077,2020-09-19,10,272
Sint-Pieters-Leeuw,23077,2020-09-20,4,276
Sint-Pieters-Leeuw,23077,2020-09-21,9,285
Sint-Pieters-Leeuw,23077,2020-09-22,1,286
Sint-Pieters-Leeuw,23077,2020-09-23,3,289
Sint-Pieters-Leeuw,23077,2020-09-24,14,303
Sint-Pieters-Leeuw,23077,2020-09-25,9,312
Sint-Pieters-Leeuw,23077,2020-09-26,13,325
Sint-Pieters-Leeuw,23077,2020-09-27,15,340
Sint-Pieters-Leeuw,23077,2020-09-28,6,346
Sint-Pieters-Leeuw,23077,2020-09-29,4,350
Sint-Pieters-Leeuw,23077,2020-09-30,7,357
Sint-Pieters-Leeuw,23077,2020-10-01,12,369
Sint-Pieters-Leeuw,23077,2020-10-02,9,378
Sint-Pieters-Leeuw,23077,2020-10-03,10,388
Sint-Pieters-Leeuw,23077,2020-10-04,15,403
Sint-Pieters-Leeuw,23077,2020-10-05,20,423
Sint-Pieters-Leeuw,23077,2020-10-06,2,425
Sint-Pieters-Leeuw,23077,2020-10-07,4,429
Sint-Pieters-Leeuw,23077,2020-10-08,14,443
Sint-Pieters-Leeuw,23077,2020-10-09,27,470
Sint-Pieters-Leeuw,23077,2020-10-10,21,491
Sint-Pieters-Leeuw,23077,2020-10-11,41,532
Sint-Pieters-Leeuw,23077,2020-10-12,21,553
Sint-Pieters-Leeuw,23077,2020-10-13,10,563
Sint-Pieters-Leeuw,23077,2020-10-14,16,579
Sint-Pieters-Leeuw,23077,2020-10-15,27,606
Sint-Pieters-Leeuw,23077,2020-10-16,35,641
Sint-Pieters-Leeuw,23077,2020-10-17,35,676
Sint-Pieters-Leeuw,23077,2020-10-18,42,718
Sint-Pieters-Leeuw,23077,2020-10-19,39,757
Sint-Pieters-Leeuw,23077,2020-10-20,28,785
Sint-Pieters-Leeuw,23077,2020-10-21,27,812
Sint-Pieters-Leeuw,23077,2020-10-22,82,894
Sint-Pieters-Leeuw,23077,2020-10-23,72,966
Sint-Pieters-Leeuw,23077,2020-10-24,78,1044
Sint-Pieters-Leeuw,23077,2020-10-25,73,1117
Sint-Pieters-Leeuw,23077,2020-10-26,55,1172
Sint-Pieters-Leeuw,23077,2020-10-27,44,1216
Sint-Pieters-Leeuw,23077,2020-10-28,39,1255
Sint-Pieters-Leeuw,23077,2020-10-29,84,1339
Sint-Pieters-Leeuw,23077,2020-10-30,73,1412
Sint-Pieters-Leeuw,23077,2020-10-31,61,1473
Sint-Pieters-Leeuw,23077,2020-11-01,55,1528
Sint-Pieters-Leeuw,23077,2020-11-02,18,1546
Sint-Pieters-Leeuw,23077,2020-11-03,17,1563
Sint-Pieters-Leeuw,23077,2020-11-04,14,1577
Sint-Pieters-Leeuw,23077,2020-11-05,55,1632
Sint-Pieters-Leeuw,23077,2020-11-06,39,1671
Sint-Pieters-Leeuw,23077,2020-11-07,30,1701
Sint-Pieters-Leeuw,23077,2020-11-08,16,1717
Sint-Pieters-Leeuw,23077,2020-11-09,8,1725
Sint-Pieters-Leeuw,23077,2020-11-10,3,1728
Sint-Pieters-Leeuw,23077,2020-11-11,11,1739
Steenokkerzeel,23081,2020-04-01,2,17
Steenokkerzeel,23081,2020-04-02,5,22
Steenokkerzeel,23081,2020-04-03,0,22
Steenokkerzeel,23081,2020-04-04,0,22
Steenokkerzeel,23081,2020-04-05,0,22
Steenokkerzeel,23081,2020-04-06,2,24
Steenokkerzeel,23081,2020-04-07,0,24
Steenokkerzeel,23081,2020-04-08,1,25
Steenokkerzeel,23081,2020-04-09,2,27
Steenokkerzeel,23081,2020-04-10,2,29
Steenokkerzeel,23081,2020-04-11,1,30
Steenokkerzeel,23081,2020-04-12,0,30
Steenokkerzeel,23081,2020-04-13,1,31
Steenokkerzeel,23081,2020-04-14,0,31
Steenokkerzeel,23081,2020-04-15,2,33
Steenokkerzeel,23081,2020-04-16,1,34
Steenokkerzeel,23081,2020-04-17,0,34
Steenokkerzeel,23081,2020-04-18,1,35
Steenokkerzeel,23081,2020-04-19,9,44
Steenokkerzeel,23081,2020-04-20,1,45
Steenokkerzeel,23081,2020-04-21,1,46
Steenokkerzeel,23081,2020-04-22,3,49
Steenokkerzeel,23081,2020-04-23,0,49
Steenokkerzeel,23081,2020-04-24,1,50
Steenokkerzeel,23081,2020-04-25,0,50
Steenokkerzeel,23081,2020-04-26,1,51
Steenokkerzeel,23081,2020-04-27,0,51
Steenokkerzeel,23081,2020-04-28,0,51
Steenokkerzeel,23081,2020-04-29,0,51
Steenokkerzeel,23081,2020-04-30,0,51
Steenokkerzeel,23081,2020-05-01,0,51
Steenokkerzeel,23081,2020-05-02,0,51
Steenokkerzeel,23081,2020-05-03,1,52
Steenokkerzeel,23081,2020-05-04,0,52
Steenokkerzeel,23081,2020-05-05,0,52
Steenokkerzeel,23081,2020-05-06,0,52
Steenokkerzeel,23081,2020-05-07,1,53
Steenokkerzeel,23081,2020-05-08,1,54
Steenokkerzeel,23081,2020-05-09,0,54
Steenokkerzeel,23081,2020-05-10,0,54
Steenokkerzeel,23081,2020-05-11,0,54
Steenokkerzeel,23081,2020-05-12,0,54
Steenokkerzeel,23081,2020-05-13,0,54
Steenokkerzeel,23081,2020-05-14,0,54
Steenokkerzeel,23081,2020-05-15,0,54
Steenokkerzeel,23081,2020-05-16,0,54
Steenokkerzeel,23081,2020-05-17,0,54
Steenokkerzeel,23081,2020-05-18,0,54
Steenokkerzeel,23081,2020-05-19,0,54
Steenokkerzeel,23081,2020-05-20,0,54
Steenokkerzeel,23081,2020-05-21,0,54
Steenokkerzeel,23081,2020-05-22,0,54
Steenokkerzeel,23081,2020-05-23,0,54
Steenokkerzeel,23081,2020-05-24,0,54
Steenokkerzeel,23081,2020-05-25,0,54
Steenokkerzeel,23081,2020-05-26,0,54
Steenokkerzeel,23081,2020-05-27,0,54
Steenokkerzeel,23081,2020-05-28,1,55
Steenokkerzeel,23081,2020-05-29,0,55
Steenokkerzeel,23081,2020-05-30,0,55
Steenokkerzeel,23081,2020-05-31,0,55
Steenokkerzeel,23081,2020-06-01,0,55
Steenokkerzeel,23081,2020-06-02,0,55
Steenokkerzeel,23081,2020-06-03,0,55
Steenokkerzeel,23081,2020-06-04,0,55
Steenokkerzeel,23081,2020-06-05,0,55
Steenokkerzeel,23081,2020-06-06,0,55
Steenokkerzeel,23081,2020-06-07,0,55
Steenokkerzeel,23081,2020-06-08,0,55
Steenokkerzeel,23081,2020-06-09,0,55
Steenokkerzeel,23081,2020-06-10,0,55
Steenokkerzeel,23081,2020-06-11,1,56
Steenokkerzeel,23081,2020-06-12,0,56
Steenokkerzeel,23081,2020-06-13,0,56
Steenokkerzeel,23081,2020-06-14,1,57
Steenokkerzeel,23081,2020-06-15,0,57
Steenokkerzeel,23081,2020-06-16,0,57
Steenokkerzeel,23081,2020-06-17,0,57
Steenokkerzeel,23081,2020-06-18,0,57
Steenokkerzeel,23081,2020-06-19,0,57
Steenokkerzeel,23081,2020-06-20,0,57
Steenokkerzeel,23081,2020-06-23,0,57
Steenokkerzeel,23081,2020-06-24,0,57
Steenokkerzeel,23081,2020-06-25,0,57
Steenokkerzeel,23081,2020-06-26,1,58
Steenokkerzeel,23081,2020-06-27,0,58
Steenokkerzeel,23081,2020-06-30,0,58
Steenokkerzeel,23081,2020-07-01,0,58
Steenokkerzeel,23081,2020-07-02,0,58
Steenokkerzeel,23081,2020-07-03,0,58
Steenokkerzeel,23081,2020-07-04,0,58
Steenokkerzeel,23081,2020-07-07,1,59
Steenokkerzeel,23081,2020-07-08,0,59
Steenokkerzeel,23081,2020-07-09,0,59
Steenokkerzeel,23081,2020-07-10,0,59
Steenokkerzeel,23081,2020-07-11,0,59
Steenokkerzeel,23081,2020-07-14,0,59
Steenokkerzeel,23081,2020-07-15,0,59
Steenokkerzeel,23081,2020-07-16,0,59
Steenokkerzeel,23081,2020-07-17,1,60
Steenokkerzeel,23081,2020-07-18,1,61
Steenokkerzeel,23081,2020-07-20,1,62
Steenokkerzeel,23081,2020-07-21,0,62
Steenokkerzeel,23081,2020-07-22,0,62
Steenokkerzeel,23081,2020-07-23,1,63
Steenokkerzeel,23081,2020-07-24,0,63
Steenokkerzeel,23081,2020-07-25,0,63
Steenokkerzeel,23081,2020-07-26,0,63
Steenokkerzeel,23081,2020-07-27,0,63
Steenokkerzeel,23081,2020-07-28,2,65
Steenokkerzeel,23081,2020-07-29,0,65
Steenokkerzeel,23081,2020-07-30,0,65
Steenokkerzeel,23081,2020-07-31,3,68
Steenokkerzeel,23081,2020-08-01,0,68
Steenokkerzeel,23081,2020-08-02,0,68
Steenokkerzeel,23081,2020-08-03,0,68
Steenokkerzeel,23081,2020-08-04,0,68
Steenokkerzeel,23081,2020-08-05,0,68
Steenokkerzeel,23081,2020-08-06,2,70
Steenokkerzeel,23081,2020-08-07,0,70
Steenokkerzeel,23081,2020-08-08,0,70
Steenokkerzeel,23081,2020-08-09,0,70
Steenokkerzeel,23081,2020-08-10,0,70
Steenokkerzeel,23081,2020-08-11,0,70
Steenokkerzeel,23081,2020-08-12,0,70
Steenokkerzeel,23081,2020-08-13,0,70
Steenokkerzeel,23081,2020-08-14,0,70
Steenokkerzeel,23081,2020-08-15,0,70
Steenokkerzeel,23081,2020-08-16,1,71
Steenokkerzeel,23081,2020-08-17,0,71
Steenokkerzeel,23081,2020-08-18,0,71
Steenokkerzeel,23081,2020-08-19,2,73
Steenokkerzeel,23081,2020-08-20,1,74
Steenokkerzeel,23081,2020-08-21,1,75
Steenokkerzeel,23081,2020-08-22,0,75
Steenokkerzeel,23081,2020-08-23,0,75
Steenokkerzeel,23081,2020-08-24,1,76
Steenokkerzeel,23081,2020-08-25,0,76
Steenokkerzeel,23081,2020-08-26,0,76
Steenokkerzeel,23081,2020-08-27,0,76
Steenokkerzeel,23081,2020-08-28,0,76
Steenokkerzeel,23081,2020-08-29,0,76
Steenokkerzeel,23081,2020-08-30,0,76
Steenokkerzeel,23081,2020-08-31,0,76
Steenokkerzeel,23081,2020-09-01,0,76
Steenokkerzeel,23081,2020-09-02,0,76
Steenokkerzeel,23081,2020-09-03,1,77
Steenokkerzeel,23081,2020-09-04,0,77
Steenokkerzeel,23081,2020-09-05,0,77
Steenokkerzeel,23081,2020-09-06,1,78
Steenokkerzeel,23081,2020-09-07,0,78
Steenokkerzeel,23081,2020-09-08,0,78
Steenokkerzeel,23081,2020-09-09,0,78
Steenokkerzeel,23081,2020-09-10,1,79
Steenokkerzeel,23081,2020-09-11,4,83
Steenokkerzeel,23081,2020-09-12,3,86
Steenokkerzeel,23081,2020-09-13,1,87
Steenokkerzeel,23081,2020-09-14,0,87
Steenokkerzeel,23081,2020-09-15,0,87
Steenokkerzeel,23081,2020-09-16,0,87
Steenokkerzeel,23081,2020-09-17,2,89
Steenokkerzeel,23081,2020-09-18,4,93
Steenokkerzeel,23081,2020-09-19,1,94
Steenokkerzeel,23081,2020-09-20,1,95
Steenokkerzeel,23081,2020-09-21,8,103
Steenokkerzeel,23081,2020-09-22,1,104
Steenokkerzeel,23081,2020-09-23,0,104
Steenokkerzeel,23081,2020-09-24,2,106
Steenokkerzeel,23081,2020-09-25,2,108
Steenokkerzeel,23081,2020-09-26,0,108
Steenokkerzeel,23081,2020-09-27,4,112
Steenokkerzeel,23081,2020-09-28,1,113
Steenokkerzeel,23081,2020-09-29,0,113
Steenokkerzeel,23081,2020-09-30,1,114
Steenokkerzeel,23081,2020-10-01,0,114
Steenokkerzeel,23081,2020-10-02,2,116
Steenokkerzeel,23081,2020-10-03,5,121
Steenokkerzeel,23081,2020-10-04,5,126
Steenokkerzeel,23081,2020-10-05,0,126
Steenokkerzeel,23081,2020-10-06,0,126
Steenokkerzeel,23081,2020-10-07,2,128
Steenokkerzeel,23081,2020-10-08,3,131
Steenokkerzeel,23081,2020-10-09,7,138
Steenokkerzeel,23081,2020-10-10,4,142
Steenokkerzeel,23081,2020-10-11,9,151
Steenokkerzeel,23081,2020-10-12,7,158
Steenokkerzeel,23081,2020-10-13,5,163
Steenokkerzeel,23081,2020-10-14,6,169
Steenokkerzeel,23081,2020-10-15,5,174
Steenokkerzeel,23081,2020-10-16,8,182
Steenokkerzeel,23081,2020-10-17,17,199
Steenokkerzeel,23081,2020-10-18,22,221
Steenokkerzeel,23081,2020-10-19,11,232
Steenokkerzeel,23081,2020-10-20,7,239
Steenokkerzeel,23081,2020-10-21,12,251
Steenokkerzeel,23081,2020-10-22,6,257
Steenokkerzeel,23081,2020-10-23,23,280
Steenokkerzeel,23081,2020-10-24,16,296
Steenokkerzeel,23081,2020-10-25,22,318
Steenokkerzeel,23081,2020-10-26,20,338
Steenokkerzeel,23081,2020-10-27,15,353
Steenokkerzeel,23081,2020-10-28,7,360
Steenokkerzeel,23081,2020-10-29,30,390
Steenokkerzeel,23081,2020-10-30,10,400
Steenokkerzeel,23081,2020-10-31,16,416
Steenokkerzeel,23081,2020-11-01,9,425
Steenokkerzeel,23081,2020-11-02,8,433
Steenokkerzeel,23081,2020-11-03,4,437
Steenokkerzeel,23081,2020-11-04,4,441
Steenokkerzeel,23081,2020-11-05,12,453
Steenokkerzeel,23081,2020-11-06,5,458
Steenokkerzeel,23081,2020-11-07,3,461
Steenokkerzeel,23081,2020-11-08,4,465
Steenokkerzeel,23081,2020-11-09,4,469
Steenokkerzeel,23081,2020-11-10,1,470
Steenokkerzeel,23081,2020-11-11,1,471
Ternat,23086,2020-04-01,2,21
Ternat,23086,2020-04-02,0,21
Ternat,23086,2020-04-03,1,22
Ternat,23086,2020-04-04,1,23
Ternat,23086,2020-04-05,1,24
Ternat,23086,2020-04-06,0,24
Ternat,23086,2020-04-07,0,24
Ternat,23086,2020-04-08,2,26
Ternat,23086,2020-04-09,1,27
Ternat,23086,2020-04-10,3,30
Ternat,23086,2020-04-11,1,31
Ternat,23086,2020-04-12,0,31
Ternat,23086,2020-04-13,0,31
Ternat,23086,2020-04-14,0,31
Ternat,23086,2020-04-15,0,31
Ternat,23086,2020-04-16,0,31
Ternat,23086,2020-04-17,0,31
Ternat,23086,2020-04-18,0,31
Ternat,23086,2020-04-19,0,31
Ternat,23086,2020-04-20,2,33
Ternat,23086,2020-04-21,1,34
Ternat,23086,2020-04-22,0,34
Ternat,23086,2020-04-23,1,35
Ternat,23086,2020-04-24,2,37
Ternat,23086,2020-04-25,0,37
Ternat,23086,2020-04-26,0,37
Ternat,23086,2020-04-27,0,37
Ternat,23086,2020-04-28,0,37
Ternat,23086,2020-04-29,1,38
Ternat,23086,2020-04-30,1,39
Ternat,23086,2020-05-01,0,39
Ternat,23086,2020-05-02,0,39
Ternat,23086,2020-05-03,0,39
Ternat,23086,2020-05-04,0,39
Ternat,23086,2020-05-05,1,40
Ternat,23086,2020-05-06,0,40
Ternat,23086,2020-05-07,0,40
Ternat,23086,2020-05-08,1,41
Ternat,23086,2020-05-09,0,41
Ternat,23086,2020-05-10,0,41
Ternat,23086,2020-05-11,0,41
Ternat,23086,2020-05-12,0,41
Ternat,23086,2020-05-13,0,41
Ternat,23086,2020-05-14,2,43
Ternat,23086,2020-05-15,0,43
Ternat,23086,2020-05-16,0,43
Ternat,23086,2020-05-17,0,43
Ternat,23086,2020-05-18,0,43
Ternat,23086,2020-05-19,0,43
Ternat,23086,2020-05-20,0,43
Ternat,23086,2020-05-21,0,43
Ternat,23086,2020-05-22,0,43
Ternat,23086,2020-05-23,0,43
Ternat,23086,2020-05-24,0,43
Ternat,23086,2020-05-25,0,43
Ternat,23086,2020-05-26,0,43
Ternat,23086,2020-05-27,0,43
Ternat,23086,2020-05-28,0,43
Ternat,23086,2020-05-29,0,43
Ternat,23086,2020-05-30,0,43
Ternat,23086,2020-05-31,0,43
Ternat,23086,2020-06-01,1,44
Ternat,23086,2020-06-02,1,45
Ternat,23086,2020-06-03,0,45
Ternat,23086,2020-06-04,0,45
Ternat,23086,2020-06-05,0,45
Ternat,23086,2020-06-06,0,45
Ternat,23086,2020-06-07,0,45
Ternat,23086,2020-06-08,0,45
Ternat,23086,2020-06-09,0,45
Ternat,23086,2020-06-10,0,45
Ternat,23086,2020-06-11,0,45
Ternat,23086,2020-06-12,1,46
Ternat,23086,2020-06-13,0,46
Ternat,23086,2020-06-14,0,46
Ternat,23086,2020-06-15,0,46
Ternat,23086,2020-06-16,0,46
Ternat,23086,2020-06-17,0,46
Ternat,23086,2020-06-18,0,46
Ternat,23086,2020-06-19,0,46
Ternat,23086,2020-06-20,0,46
Ternat,23086,2020-06-23,0,46
Ternat,23086,2020-06-24,0,46
Ternat,23086,2020-06-25,0,46
Ternat,23086,2020-06-26,0,46
Ternat,23086,2020-06-27,0,46
Ternat,23086,2020-06-30,0,46
Ternat,23086,2020-07-01,0,46
Ternat,23086,2020-07-02,0,46
Ternat,23086,2020-07-03,0,46
Ternat,23086,2020-07-04,0,46
Ternat,23086,2020-07-07,0,46
Ternat,23086,2020-07-08,0,46
Ternat,23086,2020-07-09,0,46
Ternat,23086,2020-07-10,0,46
Ternat,23086,2020-07-11,1,47
Ternat,23086,2020-07-14,0,47
Ternat,23086,2020-07-15,0,47
Ternat,23086,2020-07-16,0,47
Ternat,23086,2020-07-17,0,47
Ternat,23086,2020-07-18,0,47
Ternat,23086,2020-07-20,0,47
Ternat,23086,2020-07-21,0,47
Ternat,23086,2020-07-22,0,47
Ternat,23086,2020-07-23,1,48
Ternat,23086,2020-07-24,0,48
Ternat,23086,2020-07-25,1,49
Ternat,23086,2020-07-26,0,49
Ternat,23086,2020-07-27,0,49
Ternat,23086,2020-07-28,0,49
Ternat,23086,2020-07-29,0,49
Ternat,23086,2020-07-30,0,49
Ternat,23086,2020-07-31,0,49
Ternat,23086,2020-08-01,0,49
Ternat,23086,2020-08-02,0,49
Ternat,23086,2020-08-03,0,49
Ternat,23086,2020-08-04,1,50
Ternat,23086,2020-08-05,0,50
Ternat,23086,2020-08-06,1,51
Ternat,23086,2020-08-07,2,53
Ternat,23086,2020-08-08,0,53
Ternat,23086,2020-08-09,1,54
Ternat,23086,2020-08-10,0,54
Ternat,23086,2020-08-11,0,54
Ternat,23086,2020-08-12,0,54
Ternat,23086,2020-08-13,0,54
Ternat,23086,2020-08-14,-1,53
Ternat,23086,2020-08-15,1,54
Ternat,23086,2020-08-16,0,54
Ternat,23086,2020-08-17,1,55
Ternat,23086,2020-08-18,0,55
Ternat,23086,2020-08-19,1,56
Ternat,23086,2020-08-20,1,57
Ternat,23086,2020-08-21,1,58
Ternat,23086,2020-08-22,2,60
Ternat,23086,2020-08-23,0,60
Ternat,23086,2020-08-24,0,60
Ternat,23086,2020-08-25,0,60
Ternat,23086,2020-08-26,0,60
Ternat,23086,2020-08-27,0,60
Ternat,23086,2020-08-28,0,60
Ternat,23086,2020-08-29,3,63
Ternat,23086,2020-08-30,1,64
Ternat,23086,2020-08-31,0,64
Ternat,23086,2020-09-01,0,64
Ternat,23086,2020-09-02,1,65
Ternat,23086,2020-09-03,0,65
Ternat,23086,2020-09-04,0,65
Ternat,23086,2020-09-05,0,65
Ternat,23086,2020-09-06,1,66
Ternat,23086,2020-09-07,1,67
Ternat,23086,2020-09-08,1,68
Ternat,23086,2020-09-09,0,68
Ternat,23086,2020-09-10,0,68
Ternat,23086,2020-09-11,1,69
Ternat,23086,2020-09-12,2,71
Ternat,23086,2020-09-13,0,71
Ternat,23086,2020-09-14,1,72
Ternat,23086,2020-09-15,1,73
Ternat,23086,2020-09-16,1,74
Ternat,23086,2020-09-17,3,77
Ternat,23086,2020-09-18,3,80
Ternat,23086,2020-09-19,0,80
Ternat,23086,2020-09-20,0,80
Ternat,23086,2020-09-21,6,86
Ternat,23086,2020-09-22,2,88
Ternat,23086,2020-09-23,5,93
Ternat,23086,2020-09-24,2,95
Ternat,23086,2020-09-25,6,101
Ternat,23086,2020-09-26,2,103
Ternat,23086,2020-09-27,2,105
Ternat,23086,2020-09-28,7,112
Ternat,23086,2020-09-29,2,114
Ternat,23086,2020-09-30,4,118
Ternat,23086,2020-10-01,6,124
Ternat,23086,2020-10-02,5,129
Ternat,23086,2020-10-03,7,136
Ternat,23086,2020-10-04,8,144
Ternat,23086,2020-10-05,7,151
Ternat,23086,2020-10-06,3,154
Ternat,23086,2020-10-07,3,157
Ternat,23086,2020-10-08,6,163
Ternat,23086,2020-10-09,13,176
Ternat,23086,2020-10-10,5,181
Ternat,23086,2020-10-11,6,187
Ternat,23086,2020-10-12,3,190
Ternat,23086,2020-10-13,3,193
Ternat,23086,2020-10-14,5,198
Ternat,23086,2020-10-15,6,204
Ternat,23086,2020-10-16,10,214
Ternat,23086,2020-10-17,18,232
Ternat,23086,2020-10-18,10,242
Ternat,23086,2020-10-19,7,249
Ternat,23086,2020-10-20,15,264
Ternat,23086,2020-10-21,13,277
Ternat,23086,2020-10-22,33,310
Ternat,23086,2020-10-23,8,318
Ternat,23086,2020-10-24,19,337
Ternat,23086,2020-10-25,26,363
Ternat,23086,2020-10-26,16,379
Ternat,23086,2020-10-27,20,399
Ternat,23086,2020-10-28,6,405
Ternat,23086,2020-10-29,25,430
Ternat,23086,2020-10-30,21,451
Ternat,23086,2020-10-31,19,470
Ternat,23086,2020-11-01,34,504
Ternat,23086,2020-11-02,8,512
Ternat,23086,2020-11-03,3,515
Ternat,23086,2020-11-04,7,522
Ternat,23086,2020-11-05,23,545
Ternat,23086,2020-11-06,15,560
Ternat,23086,2020-11-07,6,566
Ternat,23086,2020-11-08,7,573
Ternat,23086,2020-11-09,7,580
Ternat,23086,2020-11-10,1,581
Ternat,23086,2020-11-11,6,587
Vilvoorde,23088,2020-04-01,3,52
Vilvoorde,23088,2020-04-02,8,60
Vilvoorde,23088,2020-04-03,9,69
Vilvoorde,23088,2020-04-04,6,75
Vilvoorde,23088,2020-04-05,5,80
Vilvoorde,23088,2020-04-06,3,83
Vilvoorde,23088,2020-04-07,4,87
Vilvoorde,23088,2020-04-08,2,89
Vilvoorde,23088,2020-04-09,10,99
Vilvoorde,23088,2020-04-10,3,102
Vilvoorde,23088,2020-04-11,2,104
Vilvoorde,23088,2020-04-12,2,106
Vilvoorde,23088,2020-04-13,4,110
Vilvoorde,23088,2020-04-14,0,110
Vilvoorde,23088,2020-04-15,51,161
Vilvoorde,23088,2020-04-16,3,164
Vilvoorde,23088,2020-04-17,2,166
Vilvoorde,23088,2020-04-18,6,172
Vilvoorde,23088,2020-04-19,1,173
Vilvoorde,23088,2020-04-20,6,179
Vilvoorde,23088,2020-04-21,1,180
Vilvoorde,23088,2020-04-22,0,180
Vilvoorde,23088,2020-04-23,2,182
Vilvoorde,23088,2020-04-24,2,184
Vilvoorde,23088,2020-04-25,0,184
Vilvoorde,23088,2020-04-26,1,185
Vilvoorde,23088,2020-04-27,0,185
Vilvoorde,23088,2020-04-28,1,186
Vilvoorde,23088,2020-04-29,2,188
Vilvoorde,23088,2020-04-30,2,190
Vilvoorde,23088,2020-05-01,2,192
Vilvoorde,23088,2020-05-02,3,195
Vilvoorde,23088,2020-05-03,0,195
Vilvoorde,23088,2020-05-04,5,200
Vilvoorde,23088,2020-05-05,0,200
Vilvoorde,23088,2020-05-06,0,200
Vilvoorde,23088,2020-05-07,0,200
Vilvoorde,23088,2020-05-08,1,201
Vilvoorde,23088,2020-05-09,0,201
Vilvoorde,23088,2020-05-10,0,201
Vilvoorde,23088,2020-05-11,0,201
Vilvoorde,23088,2020-05-12,2,203
Vilvoorde,23088,2020-05-13,-1,202
Vilvoorde,23088,2020-05-14,0,202
Vilvoorde,23088,2020-05-15,0,202
Vilvoorde,23088,2020-05-16,0,202
Vilvoorde,23088,2020-05-17,0,202
Vilvoorde,23088,2020-05-18,0,202
Vilvoorde,23088,2020-05-19,0,202
Vilvoorde,23088,2020-05-20,1,203
Vilvoorde,23088,2020-05-21,0,203
Vilvoorde,23088,2020-05-22,0,203
Vilvoorde,23088,2020-05-23,0,203
Vilvoorde,23088,2020-05-24,1,204
Vilvoorde,23088,2020-05-25,2,206
Vilvoorde,23088,2020-05-26,0,206
Vilvoorde,23088,2020-05-27,0,206
Vilvoorde,23088,2020-05-28,1,207
Vilvoorde,23088,2020-05-29,0,207
Vilvoorde,23088,2020-05-30,4,211
Vilvoorde,23088,2020-05-31,0,211
Vilvoorde,23088,2020-06-01,1,212
Vilvoorde,23088,2020-06-02,0,212
Vilvoorde,23088,2020-06-03,0,212
Vilvoorde,23088,2020-06-04,0,212
Vilvoorde,23088,2020-06-05,0,212
Vilvoorde,23088,2020-06-06,0,212
Vilvoorde,23088,2020-06-07,1,213
Vilvoorde,23088,2020-06-08,0,213
Vilvoorde,23088,2020-06-09,0,213
Vilvoorde,23088,2020-06-10,0,213
Vilvoorde,23088,2020-06-11,0,213
Vilvoorde,23088,2020-06-12,0,213
Vilvoorde,23088,2020-06-13,0,213
Vilvoorde,23088,2020-06-14,0,213
Vilvoorde,23088,2020-06-15,0,213
Vilvoorde,23088,2020-06-16,0,213
Vilvoorde,23088,2020-06-17,0,213
Vilvoorde,23088,2020-06-18,1,214
Vilvoorde,23088,2020-06-19,0,214
Vilvoorde,23088,2020-06-20,0,214
Vilvoorde,23088,2020-06-23,0,214
Vilvoorde,23088,2020-06-24,0,214
Vilvoorde,23088,2020-06-25,0,214
Vilvoorde,23088,2020-06-26,0,214
Vilvoorde,23088,2020-06-27,3,217
Vilvoorde,23088,2020-06-30,1,218
Vilvoorde,23088,2020-07-01,1,219
Vilvoorde,23088,2020-07-02,1,220
Vilvoorde,23088,2020-07-03,0,220
Vilvoorde,23088,2020-07-04,1,221
Vilvoorde,23088,2020-07-07,1,222
Vilvoorde,23088,2020-07-08,0,222
Vilvoorde,23088,2020-07-09,0,222
Vilvoorde,23088,2020-07-10,0,222
Vilvoorde,23088,2020-07-11,0,222
Vilvoorde,23088,2020-07-14,0,222
Vilvoorde,23088,2020-07-15,2,224
Vilvoorde,23088,2020-07-16,0,224
Vilvoorde,23088,2020-07-17,1,225
Vilvoorde,23088,2020-07-18,0,225
Vilvoorde,23088,2020-07-20,0,225
Vilvoorde,23088,2020-07-21,0,225
Vilvoorde,23088,2020-07-22,2,227
Vilvoorde,23088,2020-07-23,0,227
Vilvoorde,23088,2020-07-24,0,227
Vilvoorde,23088,2020-07-25,0,227
Vilvoorde,23088,2020-07-26,0,227
Vilvoorde,23088,2020-07-27,1,228
Vilvoorde,23088,2020-07-28,1,229
Vilvoorde,23088,2020-07-29,1,230
Vilvoorde,23088,2020-07-30,0,230
Vilvoorde,23088,2020-07-31,2,232
Vilvoorde,23088,2020-08-01,2,234
Vilvoorde,23088,2020-08-02,1,235
Vilvoorde,23088,2020-08-03,2,237
Vilvoorde,23088,2020-08-04,2,239
Vilvoorde,23088,2020-08-05,3,242
Vilvoorde,23088,2020-08-06,4,246
Vilvoorde,23088,2020-08-07,3,249
Vilvoorde,23088,2020-08-08,5,254
Vilvoorde,23088,2020-08-09,4,258
Vilvoorde,23088,2020-08-10,5,263
Vilvoorde,23088,2020-08-11,0,263
Vilvoorde,23088,2020-08-12,2,265
Vilvoorde,23088,2020-08-13,1,266
Vilvoorde,23088,2020-08-14,5,271
Vilvoorde,23088,2020-08-15,4,275
Vilvoorde,23088,2020-08-16,5,280
Vilvoorde,23088,2020-08-17,2,282
Vilvoorde,23088,2020-08-18,0,282
Vilvoorde,23088,2020-08-19,5,287
Vilvoorde,23088,2020-08-20,2,289
Vilvoorde,23088,2020-08-21,7,296
Vilvoorde,23088,2020-08-22,6,302
Vilvoorde,23088,2020-08-23,3,305
Vilvoorde,23088,2020-08-24,1,306
Vilvoorde,23088,2020-08-25,1,307
Vilvoorde,23088,2020-08-26,2,309
Vilvoorde,23088,2020-08-27,5,314
Vilvoorde,23088,2020-08-28,7,321
Vilvoorde,23088,2020-08-29,4,325
Vilvoorde,23088,2020-08-30,4,329
Vilvoorde,23088,2020-08-31,4,333
Vilvoorde,23088,2020-09-01,3,336
Vilvoorde,23088,2020-09-02,1,337
Vilvoorde,23088,2020-09-03,1,338
Vilvoorde,23088,2020-09-04,5,343
Vilvoorde,23088,2020-09-05,3,346
Vilvoorde,23088,2020-09-06,5,351
Vilvoorde,23088,2020-09-07,5,356
Vilvoorde,23088,2020-09-08,5,361
Vilvoorde,23088,2020-09-09,3,364
Vilvoorde,23088,2020-09-10,1,365
Vilvoorde,23088,2020-09-11,8,373
Vilvoorde,23088,2020-09-12,7,380
Vilvoorde,23088,2020-09-13,8,388
Vilvoorde,23088,2020-09-14,11,399
Vilvoorde,23088,2020-09-15,1,400
Vilvoorde,23088,2020-09-16,4,404
Vilvoorde,23088,2020-09-17,7,411
Vilvoorde,23088,2020-09-18,12,423
Vilvoorde,23088,2020-09-19,7,430
Vilvoorde,23088,2020-09-20,-2,428
Vilvoorde,23088,2020-09-21,22,450
Vilvoorde,23088,2020-09-22,4,454
Vilvoorde,23088,2020-09-23,4,458
Vilvoorde,23088,2020-09-24,11,469
Vilvoorde,23088,2020-09-25,17,486
Vilvoorde,23088,2020-09-26,20,506
Vilvoorde,23088,2020-09-27,16,522
Vilvoorde,23088,2020-09-28,12,534
Vilvoorde,23088,2020-09-29,7,541
Vilvoorde,23088,2020-09-30,9,550
Vilvoorde,23088,2020-10-01,4,554
Vilvoorde,23088,2020-10-02,15,569
Vilvoorde,23088,2020-10-03,36,605
Vilvoorde,23088,2020-10-04,25,630
Vilvoorde,23088,2020-10-05,30,660
Vilvoorde,23088,2020-10-06,8,668
Vilvoorde,23088,2020-10-07,23,691
Vilvoorde,23088,2020-10-08,11,702
Vilvoorde,23088,2020-10-09,39,741
Vilvoorde,23088,2020-10-10,44,785
Vilvoorde,23088,2020-10-11,55,840
Vilvoorde,23088,2020-10-12,40,880
Vilvoorde,23088,2020-10-13,9,889
Vilvoorde,23088,2020-10-14,57,946
Vilvoorde,23088,2020-10-15,44,990
Vilvoorde,23088,2020-10-16,65,1055
Vilvoorde,23088,2020-10-17,42,1097
Vilvoorde,23088,2020-10-18,71,1168
Vilvoorde,23088,2020-10-19,50,1218
Vilvoorde,23088,2020-10-20,47,1265
Vilvoorde,23088,2020-10-21,54,1319
Vilvoorde,23088,2020-10-22,66,1385
Vilvoorde,23088,2020-10-23,73,1458
Vilvoorde,23088,2020-10-24,83,1541
Vilvoorde,23088,2020-10-25,119,1660
Vilvoorde,23088,2020-10-26,74,1734
Vilvoorde,23088,2020-10-27,94,1828
Vilvoorde,23088,2020-10-28,59,1887
Vilvoorde,23088,2020-10-29,68,1955
Vilvoorde,23088,2020-10-30,149,2104
Vilvoorde,23088,2020-10-31,70,2174
Vilvoorde,23088,2020-11-01,104,2278
Vilvoorde,23088,2020-11-02,32,2310
Vilvoorde,23088,2020-11-03,17,2327
Vilvoorde,23088,2020-11-04,20,2347
Vilvoorde,23088,2020-11-05,66,2413
Vilvoorde,23088,2020-11-06,43,2456
Vilvoorde,23088,2020-11-07,35,2491
Vilvoorde,23088,2020-11-08,25,2516
Vilvoorde,23088,2020-11-09,14,2530
Vilvoorde,23088,2020-11-10,3,2533
Vilvoorde,23088,2020-11-11,18,2551
Zaventem,23094,2020-04-01,4,31
Zaventem,23094,2020-04-02,1,32
Zaventem,23094,2020-04-03,4,36
Zaventem,23094,2020-04-04,5,41
Zaventem,23094,2020-04-05,1,42
Zaventem,23094,2020-04-06,6,48
Zaventem,23094,2020-04-07,4,52
Zaventem,23094,2020-04-08,5,57
Zaventem,23094,2020-04-09,25,82
Zaventem,23094,2020-04-10,8,90
Zaventem,23094,2020-04-11,1,91
Zaventem,23094,2020-04-12,5,96
Zaventem,23094,2020-04-13,1,97
Zaventem,23094,2020-04-14,2,99
Zaventem,23094,2020-04-15,0,99
Zaventem,23094,2020-04-16,1,100
Zaventem,23094,2020-04-17,1,101
Zaventem,23094,2020-04-18,0,101
Zaventem,23094,2020-04-19,2,103
Zaventem,23094,2020-04-20,6,109
Zaventem,23094,2020-04-21,1,110
Zaventem,23094,2020-04-22,1,111
Zaventem,23094,2020-04-23,1,112
Zaventem,23094,2020-04-24,5,117
Zaventem,23094,2020-04-25,1,118
Zaventem,23094,2020-04-26,0,118
Zaventem,23094,2020-04-27,3,121
Zaventem,23094,2020-04-28,0,121
Zaventem,23094,2020-04-29,1,122
Zaventem,23094,2020-04-30,2,124
Zaventem,23094,2020-05-01,1,125
Zaventem,23094,2020-05-02,0,125
Zaventem,23094,2020-05-03,1,126
Zaventem,23094,2020-05-04,1,127
Zaventem,23094,2020-05-05,0,127
Zaventem,23094,2020-05-06,0,127
Zaventem,23094,2020-05-07,6,133
Zaventem,23094,2020-05-08,0,133
Zaventem,23094,2020-05-09,1,134
Zaventem,23094,2020-05-10,2,136
Zaventem,23094,2020-05-11,0,136
Zaventem,23094,2020-05-12,0,136
Zaventem,23094,2020-05-13,1,137
Zaventem,23094,2020-05-14,2,139
Zaventem,23094,2020-05-15,1,140
Zaventem,23094,2020-05-16,0,140
Zaventem,23094,2020-05-17,0,140
Zaventem,23094,2020-05-18,2,142
Zaventem,23094,2020-05-19,0,142
Zaventem,23094,2020-05-20,1,143
Zaventem,23094,2020-05-21,0,143
Zaventem,23094,2020-05-22,1,144
Zaventem,23094,2020-05-23,0,144
Zaventem,23094,2020-05-24,0,144
Zaventem,23094,2020-05-25,0,144
Zaventem,23094,2020-05-26,0,144
Zaventem,23094,2020-05-27,0,144
Zaventem,23094,2020-05-28,0,144
Zaventem,23094,2020-05-29,0,144
Zaventem,23094,2020-05-30,0,144
Zaventem,23094,2020-05-31,0,144
Zaventem,23094,2020-06-01,0,144
Zaventem,23094,2020-06-02,0,144
Zaventem,23094,2020-06-03,0,144
Zaventem,23094,2020-06-04,2,146
Zaventem,23094,2020-06-05,0,146
Zaventem,23094,2020-06-06,0,146
Zaventem,23094,2020-06-07,2,148
Zaventem,23094,2020-06-08,0,148
Zaventem,23094,2020-06-09,0,148
Zaventem,23094,2020-06-10,2,150
Zaventem,23094,2020-06-11,0,150
Zaventem,23094,2020-06-12,0,150
Zaventem,23094,2020-06-13,1,151
Zaventem,23094,2020-06-14,0,151
Zaventem,23094,2020-06-15,0,151
Zaventem,23094,2020-06-16,1,152
Zaventem,23094,2020-06-17,0,152
Zaventem,23094,2020-06-18,1,153
Zaventem,23094,2020-06-19,0,153
Zaventem,23094,2020-06-20,0,153
Zaventem,23094,2020-06-23,0,153
Zaventem,23094,2020-06-24,1,154
Zaventem,23094,2020-06-25,0,154
Zaventem,23094,2020-06-26,0,154
Zaventem,23094,2020-06-27,0,154
Zaventem,23094,2020-06-30,0,154
Zaventem,23094,2020-07-01,0,154
Zaventem,23094,2020-07-02,1,155
Zaventem,23094,2020-07-03,1,156
Zaventem,23094,2020-07-04,0,156
Zaventem,23094,2020-07-07,1,157
Zaventem,23094,2020-07-08,0,157
Zaventem,23094,2020-07-09,0,157
Zaventem,23094,2020-07-10,0,157
Zaventem,23094,2020-07-11,0,157
Zaventem,23094,2020-07-14,0,157
Zaventem,23094,2020-07-15,0,157
Zaventem,23094,2020-07-16,0,157
Zaventem,23094,2020-07-17,1,158
Zaventem,23094,2020-07-18,0,158
Zaventem,23094,2020-07-20,0,158
Zaventem,23094,2020-07-21,0,158
Zaventem,23094,2020-07-22,0,158
Zaventem,23094,2020-07-23,0,158
Zaventem,23094,2020-07-24,0,158
Zaventem,23094,2020-07-25,0,158
Zaventem,23094,2020-07-26,0,158
Zaventem,23094,2020-07-27,0,158
Zaventem,23094,2020-07-28,0,158
Zaventem,23094,2020-07-29,0,158
Zaventem,23094,2020-07-30,2,160
Zaventem,23094,2020-07-31,1,161
Zaventem,23094,2020-08-01,1,162
Zaventem,23094,2020-08-02,3,165
Zaventem,23094,2020-08-03,3,168
Zaventem,23094,2020-08-04,1,169
Zaventem,23094,2020-08-05,2,171
Zaventem,23094,2020-08-06,1,172
Zaventem,23094,2020-08-07,0,172
Zaventem,23094,2020-08-08,0,172
Zaventem,23094,2020-08-09,1,173
Zaventem,23094,2020-08-10,1,174
Zaventem,23094,2020-08-11,1,175
Zaventem,23094,2020-08-12,0,175
Zaventem,23094,2020-08-13,0,175
Zaventem,23094,2020-08-14,-1,174
Zaventem,23094,2020-08-15,3,177
Zaventem,23094,2020-08-16,2,179
Zaventem,23094,2020-08-17,1,180
Zaventem,23094,2020-08-18,1,181
Zaventem,23094,2020-08-19,1,182
Zaventem,23094,2020-08-20,1,183
Zaventem,23094,2020-08-21,3,186
Zaventem,23094,2020-08-22,0,186
Zaventem,23094,2020-08-23,2,188
Zaventem,23094,2020-08-24,1,189
Zaventem,23094,2020-08-25,1,190
Zaventem,23094,2020-08-26,1,191
Zaventem,23094,2020-08-27,1,192
Zaventem,23094,2020-08-28,5,197
Zaventem,23094,2020-08-29,1,198
Zaventem,23094,2020-08-30,3,201
Zaventem,23094,2020-08-31,2,203
Zaventem,23094,2020-09-01,2,205
Zaventem,23094,2020-09-02,0,205
Zaventem,23094,2020-09-03,1,206
Zaventem,23094,2020-09-04,2,208
Zaventem,23094,2020-09-05,2,210
Zaventem,23094,2020-09-06,0,210
Zaventem,23094,2020-09-07,3,213
Zaventem,23094,2020-09-08,1,214
Zaventem,23094,2020-09-09,1,215
Zaventem,23094,2020-09-10,1,216
Zaventem,23094,2020-09-11,5,221
Zaventem,23094,2020-09-12,1,222
Zaventem,23094,2020-09-13,4,226
Zaventem,23094,2020-09-14,3,229
Zaventem,23094,2020-09-15,1,230
Zaventem,23094,2020-09-16,2,232
Zaventem,23094,2020-09-17,13,245
Zaventem,23094,2020-09-18,14,259
Zaventem,23094,2020-09-19,12,271
Zaventem,23094,2020-09-20,3,274
Zaventem,23094,2020-09-21,4,278
Zaventem,23094,2020-09-22,5,283
Zaventem,23094,2020-09-23,5,288
Zaventem,23094,2020-09-24,13,301
Zaventem,23094,2020-09-25,6,307
Zaventem,23094,2020-09-26,8,315
Zaventem,23094,2020-09-27,7,322
Zaventem,23094,2020-09-28,5,327
Zaventem,23094,2020-09-29,6,333
Zaventem,23094,2020-09-30,3,336
Zaventem,23094,2020-10-01,12,348
Zaventem,23094,2020-10-02,18,366
Zaventem,23094,2020-10-03,18,384
Zaventem,23094,2020-10-04,21,405
Zaventem,23094,2020-10-05,19,424
Zaventem,23094,2020-10-06,9,433
Zaventem,23094,2020-10-07,20,453
Zaventem,23094,2020-10-08,18,471
Zaventem,23094,2020-10-09,37,508
Zaventem,23094,2020-10-10,33,541
Zaventem,23094,2020-10-11,39,580
Zaventem,23094,2020-10-12,21,601
Zaventem,23094,2020-10-13,14,615
Zaventem,23094,2020-10-14,24,639
Zaventem,23094,2020-10-15,29,668
Zaventem,23094,2020-10-16,55,723
Zaventem,23094,2020-10-17,51,774
Zaventem,23094,2020-10-18,54,828
Zaventem,23094,2020-10-19,28,856
Zaventem,23094,2020-10-20,31,887
Zaventem,23094,2020-10-21,23,910
Zaventem,23094,2020-10-22,51,961
Zaventem,23094,2020-10-23,84,1045
Zaventem,23094,2020-10-24,49,1094
Zaventem,23094,2020-10-25,57,1151
Zaventem,23094,2020-10-26,50,1201
Zaventem,23094,2020-10-27,45,1246
Zaventem,23094,2020-10-28,31,1277
Zaventem,23094,2020-10-29,62,1339
Zaventem,23094,2020-10-30,74,1413
Zaventem,23094,2020-10-31,47,1460
Zaventem,23094,2020-11-01,40,1500
Zaventem,23094,2020-11-02,23,1523
Zaventem,23094,2020-11-03,12,1535
Zaventem,23094,2020-11-04,14,1549
Zaventem,23094,2020-11-05,38,1587
Zaventem,23094,2020-11-06,13,1600
Zaventem,23094,2020-11-07,23,1623
Zaventem,23094,2020-11-08,12,1635
Zaventem,23094,2020-11-09,10,1645
Zaventem,23094,2020-11-10,7,1652
Zaventem,23094,2020-11-11,13,1665
Zemst,23096,2020-04-01,4,33
Zemst,23096,2020-04-02,3,36
Zemst,23096,2020-04-03,2,38
Zemst,23096,2020-04-04,0,38
Zemst,23096,2020-04-05,0,38
Zemst,23096,2020-04-06,4,42
Zemst,23096,2020-04-07,1,43
Zemst,23096,2020-04-08,0,43
Zemst,23096,2020-04-09,2,45
Zemst,23096,2020-04-10,1,46
Zemst,23096,2020-04-11,3,49
Zemst,23096,2020-04-12,0,49
Zemst,23096,2020-04-13,0,49
Zemst,23096,2020-04-14,1,50
Zemst,23096,2020-04-15,4,54
Zemst,23096,2020-04-16,3,57
Zemst,23096,2020-04-17,1,58
Zemst,23096,2020-04-18,3,61
Zemst,23096,2020-04-19,0,61
Zemst,23096,2020-04-20,1,62
Zemst,23096,2020-04-21,0,62
Zemst,23096,2020-04-22,2,64
Zemst,23096,2020-04-23,0,64
Zemst,23096,2020-04-24,0,64
Zemst,23096,2020-04-25,0,64
Zemst,23096,2020-04-26,0,64
Zemst,23096,2020-04-27,2,66
Zemst,23096,2020-04-28,0,66
Zemst,23096,2020-04-29,0,66
Zemst,23096,2020-04-30,0,66
Zemst,23096,2020-05-01,0,66
Zemst,23096,2020-05-02,1,67
Zemst,23096,2020-05-03,1,68
Zemst,23096,2020-05-04,0,68
Zemst,23096,2020-05-05,1,69
Zemst,23096,2020-05-06,1,70
Zemst,23096,2020-05-07,0,70
Zemst,23096,2020-05-08,1,71
Zemst,23096,2020-05-09,1,72
Zemst,23096,2020-05-10,0,72
Zemst,23096,2020-05-11,0,72
Zemst,23096,2020-05-12,1,73
Zemst,23096,2020-05-13,0,73
Zemst,23096,2020-05-14,0,73
Zemst,23096,2020-05-15,0,73
Zemst,23096,2020-05-16,0,73
Zemst,23096,2020-05-17,0,73
Zemst,23096,2020-05-18,0,73
Zemst,23096,2020-05-19,0,73
Zemst,23096,2020-05-20,0,73
Zemst,23096,2020-05-21,0,73
Zemst,23096,2020-05-22,0,73
Zemst,23096,2020-05-23,0,73
Zemst,23096,2020-05-24,1,74
Zemst,23096,2020-05-25,1,75
Zemst,23096,2020-05-26,0,75
Zemst,23096,2020-05-27,1,76
Zemst,23096,2020-05-28,0,76
Zemst,23096,2020-05-29,1,77
Zemst,23096,2020-05-30,0,77
Zemst,23096,2020-05-31,0,77
Zemst,23096,2020-06-01,0,77
Zemst,23096,2020-06-02,0,77
Zemst,23096,2020-06-03,1,78
Zemst,23096,2020-06-04,0,78
Zemst,23096,2020-06-05,0,78
Zemst,23096,2020-06-06,0,78
Zemst,23096,2020-06-07,0,78
Zemst,23096,2020-06-08,0,78
Zemst,23096,2020-06-09,0,78
Zemst,23096,2020-06-10,0,78
Zemst,23096,2020-06-11,0,78
Zemst,23096,2020-06-12,0,78
Zemst,23096,2020-06-13,0,78
Zemst,23096,2020-06-14,0,78
Zemst,23096,2020-06-15,0,78
Zemst,23096,2020-06-16,0,78
Zemst,23096,2020-06-17,0,78
Zemst,23096,2020-06-18,0,78
Zemst,23096,2020-06-19,0,78
Zemst,23096,2020-06-20,0,78
Zemst,23096,2020-06-23,0,78
Zemst,23096,2020-06-24,0,78
Zemst,23096,2020-06-25,0,78
Zemst,23096,2020-06-26,0,78
Zemst,23096,2020-06-27,0,78
Zemst,23096,2020-06-30,0,78
Zemst,23096,2020-07-01,0,78
Zemst,23096,2020-07-02,0,78
Zemst,23096,2020-07-03,0,78
Zemst,23096,2020-07-04,0,78
Zemst,23096,2020-07-07,0,78
Zemst,23096,2020-07-08,0,78
Zemst,23096,2020-07-09,0,78
Zemst,23096,2020-07-10,0,78
Zemst,23096,2020-07-11,0,78
Zemst,23096,2020-07-14,0,78
Zemst,23096,2020-07-15,0,78
Zemst,23096,2020-07-16,0,78
Zemst,23096,2020-07-17,0,78
Zemst,23096,2020-07-18,1,79
Zemst,23096,2020-07-20,0,79
Zemst,23096,2020-07-21,0,79
Zemst,23096,2020-07-22,0,79
Zemst,23096,2020-07-23,1,80
Zemst,23096,2020-07-24,0,80
Zemst,23096,2020-07-25,0,80
Zemst,23096,2020-07-26,0,80
Zemst,23096,2020-07-27,0,80
Zemst,23096,2020-07-28,0,80
Zemst,23096,2020-07-29,0,80
Zemst,23096,2020-07-30,0,80
Zemst,23096,2020-07-31,1,81
Zemst,23096,2020-08-01,0,81
Zemst,23096,2020-08-02,1,82
Zemst,23096,2020-08-03,1,83
Zemst,23096,2020-08-04,0,83
Zemst,23096,2020-08-05,0,83
Zemst,23096,2020-08-06,0,83
Zemst,23096,2020-08-07,1,84
Zemst,23096,2020-08-08,0,84
Zemst,23096,2020-08-09,1,85
Zemst,23096,2020-08-10,2,87
Zemst,23096,2020-08-11,1,88
Zemst,23096,2020-08-12,1,89
Zemst,23096,2020-08-13,0,89
Zemst,23096,2020-08-14,1,90
Zemst,23096,2020-08-15,0,90
Zemst,23096,2020-08-16,2,92
Zemst,23096,2020-08-17,1,93
Zemst,23096,2020-08-18,1,94
Zemst,23096,2020-08-19,1,95
Zemst,23096,2020-08-20,1,96
Zemst,23096,2020-08-21,2,98
Zemst,23096,2020-08-22,2,100
Zemst,23096,2020-08-23,3,103
Zemst,23096,2020-08-24,1,104
Zemst,23096,2020-08-25,0,104
Zemst,23096,2020-08-26,2,106
Zemst,23096,2020-08-27,0,106
Zemst,23096,2020-08-28,2,108
Zemst,23096,2020-08-29,0,108
Zemst,23096,2020-08-30,0,108
Zemst,23096,2020-08-31,0,108
Zemst,23096,2020-09-01,0,108
Zemst,23096,2020-09-02,0,108
Zemst,23096,2020-09-03,0,108
Zemst,23096,2020-09-04,0,108
Zemst,23096,2020-09-05,1,109
Zemst,23096,2020-09-06,0,109
Zemst,23096,2020-09-07,0,109
Zemst,23096,2020-09-08,1,110
Zemst,23096,2020-09-09,0,110
Zemst,23096,2020-09-10,0,110
Zemst,23096,2020-09-11,2,112
Zemst,23096,2020-09-12,0,112
Zemst,23096,2020-09-13,1,113
Zemst,23096,2020-09-14,1,114
Zemst,23096,2020-09-15,3,117
Zemst,23096,2020-09-16,0,117
Zemst,23096,2020-09-17,1,118
Zemst,23096,2020-09-18,2,120
Zemst,23096,2020-09-19,0,120
Zemst,23096,2020-09-20,-2,118
Zemst,23096,2020-09-21,6,124
Zemst,23096,2020-09-22,2,126
Zemst,23096,2020-09-23,2,128
Zemst,23096,2020-09-24,1,129
Zemst,23096,2020-09-25,0,129
Zemst,23096,2020-09-26,5,134
Zemst,23096,2020-09-27,3,137
Zemst,23096,2020-09-28,2,139
Zemst,23096,2020-09-29,0,139
Zemst,23096,2020-09-30,-2,137
Zemst,23096,2020-10-01,2,139
Zemst,23096,2020-10-02,1,140
Zemst,23096,2020-10-03,2,142
Zemst,23096,2020-10-04,3,145
Zemst,23096,2020-10-05,6,151
Zemst,23096,2020-10-06,2,153
Zemst,23096,2020-10-07,5,158
Zemst,23096,2020-10-08,4,162
Zemst,23096,2020-10-09,8,170
Zemst,23096,2020-10-10,8,178
Zemst,23096,2020-10-11,8,186
Zemst,23096,2020-10-12,3,189
Zemst,23096,2020-10-13,3,192
Zemst,23096,2020-10-14,13,205
Zemst,23096,2020-10-15,14,219
Zemst,23096,2020-10-16,15,234
Zemst,23096,2020-10-17,14,248
Zemst,23096,2020-10-18,23,271
Zemst,23096,2020-10-19,15,286
Zemst,23096,2020-10-20,5,291
Zemst,23096,2020-10-21,7,298
Zemst,23096,2020-10-22,5,303
Zemst,23096,2020-10-23,32,335
Zemst,23096,2020-10-24,17,352
Zemst,23096,2020-10-25,31,383
Zemst,23096,2020-10-26,16,399
Zemst,23096,2020-10-27,22,421
Zemst,23096,2020-10-28,14,435
Zemst,23096,2020-10-29,17,452
Zemst,23096,2020-10-30,36,488
Zemst,23096,2020-10-31,23,511
Zemst,23096,2020-11-01,28,539
Zemst,23096,2020-11-02,9,548
Zemst,23096,2020-11-03,7,555
Zemst,23096,2020-11-04,9,564
Zemst,23096,2020-11-05,14,578
Zemst,23096,2020-11-06,25,603
Zemst,23096,2020-11-07,14,617
Zemst,23096,2020-11-08,14,631
Zemst,23096,2020-11-09,4,635
Zemst,23096,2020-11-10,2,637
Zemst,23096,2020-11-11,6,643
Roosdaal,23097,2020-04-01,3,16
Roosdaal,23097,2020-04-02,0,16
Roosdaal,23097,2020-04-03,0,16
Roosdaal,23097,2020-04-04,0,16
Roosdaal,23097,2020-04-05,1,17
Roosdaal,23097,2020-04-06,0,17
Roosdaal,23097,2020-04-07,1,18
Roosdaal,23097,2020-04-08,0,18
Roosdaal,23097,2020-04-09,1,19
Roosdaal,23097,2020-04-10,0,19
Roosdaal,23097,2020-04-11,0,19
Roosdaal,23097,2020-04-12,2,21
Roosdaal,23097,2020-04-13,1,22
Roosdaal,23097,2020-04-14,0,22
Roosdaal,23097,2020-04-15,0,22
Roosdaal,23097,2020-04-16,1,23
Roosdaal,23097,2020-04-17,1,24
Roosdaal,23097,2020-04-18,0,24
Roosdaal,23097,2020-04-19,0,24
Roosdaal,23097,2020-04-20,1,25
Roosdaal,23097,2020-04-21,0,25
Roosdaal,23097,2020-04-22,0,25
Roosdaal,23097,2020-04-23,0,25
Roosdaal,23097,2020-04-24,1,26
Roosdaal,23097,2020-04-25,1,27
Roosdaal,23097,2020-04-26,1,28
Roosdaal,23097,2020-04-27,2,30
Roosdaal,23097,2020-04-28,1,31
Roosdaal,23097,2020-04-29,0,31
Roosdaal,23097,2020-04-30,1,32
Roosdaal,23097,2020-05-01,1,33
Roosdaal,23097,2020-05-02,0,33
Roosdaal,23097,2020-05-03,0,33
Roosdaal,23097,2020-05-04,0,33
Roosdaal,23097,2020-05-05,1,34
Roosdaal,23097,2020-05-06,0,34
Roosdaal,23097,2020-05-07,0,34
Roosdaal,23097,2020-05-08,0,34
Roosdaal,23097,2020-05-09,0,34
Roosdaal,23097,2020-05-10,0,34
Roosdaal,23097,2020-05-11,0,34
Roosdaal,23097,2020-05-12,0,34
Roosdaal,23097,2020-05-13,1,35
Roosdaal,23097,2020-05-14,0,35
Roosdaal,23097,2020-05-15,0,35
Roosdaal,23097,2020-05-16,0,35
Roosdaal,23097,2020-05-17,0,35
Roosdaal,23097,2020-05-18,0,35
Roosdaal,23097,2020-05-19,0,35
Roosdaal,23097,2020-05-20,0,35
Roosdaal,23097,2020-05-21,0,35
Roosdaal,23097,2020-05-22,0,35
Roosdaal,23097,2020-05-23,0,35
Roosdaal,23097,2020-05-24,0,35
Roosdaal,23097,2020-05-25,0,35
Roosdaal,23097,2020-05-26,1,36
Roosdaal,23097,2020-05-27,0,36
Roosdaal,23097,2020-05-28,0,36
Roosdaal,23097,2020-05-29,0,36
Roosdaal,23097,2020-05-30,0,36
Roosdaal,23097,2020-05-31,0,36
Roosdaal,23097,2020-06-01,0,36
Roosdaal,23097,2020-06-02,0,36
Roosdaal,23097,2020-06-03,0,36
Roosdaal,23097,2020-06-04,0,36
Roosdaal,23097,2020-06-05,0,36
Roosdaal,23097,2020-06-06,0,36
Roosdaal,23097,2020-06-07,0,36
Roosdaal,23097,2020-06-08,0,36
Roosdaal,23097,2020-06-09,0,36
Roosdaal,23097,2020-06-10,0,36
Roosdaal,23097,2020-06-11,0,36
Roosdaal,23097,2020-06-12,0,36
Roosdaal,23097,2020-06-13,0,36
Roosdaal,23097,2020-06-14,0,36
Roosdaal,23097,2020-06-15,0,36
Roosdaal,23097,2020-06-16,0,36
Roosdaal,23097,2020-06-17,0,36
Roosdaal,23097,2020-06-18,0,36
Roosdaal,23097,2020-06-19,0,36
Roosdaal,23097,2020-06-20,0,36
Roosdaal,23097,2020-06-23,0,36
Roosdaal,23097,2020-06-24,0,36
Roosdaal,23097,2020-06-25,0,36
Roosdaal,23097,2020-06-26,1,37
Roosdaal,23097,2020-06-27,0,37
Roosdaal,23097,2020-06-30,0,37
Roosdaal,23097,2020-07-01,0,37
Roosdaal,23097,2020-07-02,0,37
Roosdaal,23097,2020-07-03,0,37
Roosdaal,23097,2020-07-04,0,37
Roosdaal,23097,2020-07-07,0,37
Roosdaal,23097,2020-07-08,0,37
Roosdaal,23097,2020-07-09,0,37
Roosdaal,23097,2020-07-10,0,37
Roosdaal,23097,2020-07-11,0,37
Roosdaal,23097,2020-07-14,0,37
Roosdaal,23097,2020-07-15,0,37
Roosdaal,23097,2020-07-16,0,37
Roosdaal,23097,2020-07-17,0,37
Roosdaal,23097,2020-07-18,0,37
Roosdaal,23097,2020-07-20,0,37
Roosdaal,23097,2020-07-21,0,37
Roosdaal,23097,2020-07-22,0,37
Roosdaal,23097,2020-07-23,0,37
Roosdaal,23097,2020-07-24,0,37
Roosdaal,23097,2020-07-25,0,37
Roosdaal,23097,2020-07-26,0,37
Roosdaal,23097,2020-07-27,0,37
Roosdaal,23097,2020-07-28,0,37
Roosdaal,23097,2020-07-29,1,38
Roosdaal,23097,2020-07-30,0,38
Roosdaal,23097,2020-07-31,0,38
Roosdaal,23097,2020-08-01,0,38
Roosdaal,23097,2020-08-02,0,38
Roosdaal,23097,2020-08-03,0,38
Roosdaal,23097,2020-08-04,0,38
Roosdaal,23097,2020-08-05,0,38
Roosdaal,23097,2020-08-06,0,38
Roosdaal,23097,2020-08-07,1,39
Roosdaal,23097,2020-08-08,0,39
Roosdaal,23097,2020-08-09,0,39
Roosdaal,23097,2020-08-10,0,39
Roosdaal,23097,2020-08-11,0,39
Roosdaal,23097,2020-08-12,0,39
Roosdaal,23097,2020-08-13,0,39
Roosdaal,23097,2020-08-14,0,39
Roosdaal,23097,2020-08-15,0,39
Roosdaal,23097,2020-08-16,0,39
Roosdaal,23097,2020-08-17,0,39
Roosdaal,23097,2020-08-18,0,39
Roosdaal,23097,2020-08-19,0,39
Roosdaal,23097,2020-08-20,0,39
Roosdaal,23097,2020-08-21,0,39
Roosdaal,23097,2020-08-22,0,39
Roosdaal,23097,2020-08-23,0,39
Roosdaal,23097,2020-08-24,0,39
Roosdaal,23097,2020-08-25,0,39
Roosdaal,23097,2020-08-26,0,39
Roosdaal,23097,2020-08-27,1,40
Roosdaal,23097,2020-08-28,0,40
Roosdaal,23097,2020-08-29,0,40
Roosdaal,23097,2020-08-30,0,40
Roosdaal,23097,2020-08-31,0,40
Roosdaal,23097,2020-09-01,0,40
Roosdaal,23097,2020-09-02,0,40
Roosdaal,23097,2020-09-03,0,40
Roosdaal,23097,2020-09-04,0,40
Roosdaal,23097,2020-09-05,0,40
Roosdaal,23097,2020-09-06,0,40
Roosdaal,23097,2020-09-07,1,41
Roosdaal,23097,2020-09-08,2,43
Roosdaal,23097,2020-09-09,0,43
Roosdaal,23097,2020-09-10,0,43
Roosdaal,23097,2020-09-11,0,43
Roosdaal,23097,2020-09-12,0,43
Roosdaal,23097,2020-09-13,0,43
Roosdaal,23097,2020-09-14,1,44
Roosdaal,23097,2020-09-15,0,44
Roosdaal,23097,2020-09-16,2,46
Roosdaal,23097,2020-09-17,1,47
Roosdaal,23097,2020-09-18,1,48
Roosdaal,23097,2020-09-19,0,48
Roosdaal,23097,2020-09-20,2,50
Roosdaal,23097,2020-09-21,4,54
Roosdaal,23097,2020-09-22,2,56
Roosdaal,23097,2020-09-23,0,56
Roosdaal,23097,2020-09-24,0,56
Roosdaal,23097,2020-09-25,3,59
Roosdaal,23097,2020-09-26,3,62
Roosdaal,23097,2020-09-27,6,68
Roosdaal,23097,2020-09-28,7,75
Roosdaal,23097,2020-09-29,0,75
Roosdaal,23097,2020-09-30,2,77
Roosdaal,23097,2020-10-01,1,78
Roosdaal,23097,2020-10-02,1,79
Roosdaal,23097,2020-10-03,2,81
Roosdaal,23097,2020-10-04,7,88
Roosdaal,23097,2020-10-05,3,91
Roosdaal,23097,2020-10-06,3,94
Roosdaal,23097,2020-10-07,2,96
Roosdaal,23097,2020-10-08,0,96
Roosdaal,23097,2020-10-09,8,104
Roosdaal,23097,2020-10-10,3,107
Roosdaal,23097,2020-10-11,6,113
Roosdaal,23097,2020-10-12,8,121
Roosdaal,23097,2020-10-13,1,122
Roosdaal,23097,2020-10-14,5,127
Roosdaal,23097,2020-10-15,6,133
Roosdaal,23097,2020-10-16,5,138
Roosdaal,23097,2020-10-17,6,144
Roosdaal,23097,2020-10-18,6,150
Roosdaal,23097,2020-10-19,6,156
Roosdaal,23097,2020-10-20,16,172
Roosdaal,23097,2020-10-21,10,182
Roosdaal,23097,2020-10-22,16,198
Roosdaal,23097,2020-10-23,18,216
Roosdaal,23097,2020-10-24,23,239
Roosdaal,23097,2020-10-25,22,261
Roosdaal,23097,2020-10-26,23,284
Roosdaal,23097,2020-10-27,31,315
Roosdaal,23097,2020-10-28,4,319
Roosdaal,23097,2020-10-29,31,350
Roosdaal,23097,2020-10-30,20,370
Roosdaal,23097,2020-10-31,20,390
Roosdaal,23097,2020-11-01,28,418
Roosdaal,23097,2020-11-02,8,426
Roosdaal,23097,2020-11-03,10,436
Roosdaal,23097,2020-11-04,2,438
Roosdaal,23097,2020-11-05,16,454
Roosdaal,23097,2020-11-06,6,460
Roosdaal,23097,2020-11-07,9,469
Roosdaal,23097,2020-11-08,5,474
Roosdaal,23097,2020-11-09,10,484
Roosdaal,23097,2020-11-10,0,484
Roosdaal,23097,2020-11-11,4,488
Drogenbos,23098,2020-04-01,1,8
Drogenbos,23098,2020-04-02,0,8
Drogenbos,23098,2020-04-03,0,8
Drogenbos,23098,2020-04-04,0,8
Drogenbos,23098,2020-04-05,1,9
Drogenbos,23098,2020-04-06,2,11
Drogenbos,23098,2020-04-07,0,11
Drogenbos,23098,2020-04-08,1,12
Drogenbos,23098,2020-04-09,2,14
Drogenbos,23098,2020-04-10,4,18
Drogenbos,23098,2020-04-11,2,20
Drogenbos,23098,2020-04-12,0,20
Drogenbos,23098,2020-04-13,4,24
Drogenbos,23098,2020-04-14,0,24
Drogenbos,23098,2020-04-15,0,24
Drogenbos,23098,2020-04-16,0,24
Drogenbos,23098,2020-04-17,1,25
Drogenbos,23098,2020-04-18,1,26
Drogenbos,23098,2020-04-19,0,26
Drogenbos,23098,2020-04-20,7,33
Drogenbos,23098,2020-04-21,0,33
Drogenbos,23098,2020-04-22,0,33
Drogenbos,23098,2020-04-23,1,34
Drogenbos,23098,2020-04-24,0,34
Drogenbos,23098,2020-04-25,0,34
Drogenbos,23098,2020-04-26,0,34
Drogenbos,23098,2020-04-27,1,35
Drogenbos,23098,2020-04-28,0,35
Drogenbos,23098,2020-04-29,2,37
Drogenbos,23098,2020-04-30,0,37
Drogenbos,23098,2020-05-01,0,37
Drogenbos,23098,2020-05-02,0,37
Drogenbos,23098,2020-05-03,0,37
Drogenbos,23098,2020-05-04,0,37
Drogenbos,23098,2020-05-05,0,37
Drogenbos,23098,2020-05-06,0,37
Drogenbos,23098,2020-05-07,0,37
Drogenbos,23098,2020-05-08,0,37
Drogenbos,23098,2020-05-09,0,37
Drogenbos,23098,2020-05-10,0,37
Drogenbos,23098,2020-05-11,0,37
Drogenbos,23098,2020-05-12,0,37
Drogenbos,23098,2020-05-13,0,37
Drogenbos,23098,2020-05-14,0,37
Drogenbos,23098,2020-05-15,0,37
Drogenbos,23098,2020-05-16,0,37
Drogenbos,23098,2020-05-17,0,37
Drogenbos,23098,2020-05-18,0,37
Drogenbos,23098,2020-05-19,1,38
Drogenbos,23098,2020-05-20,0,38
Drogenbos,23098,2020-05-21,0,38
Drogenbos,23098,2020-05-22,0,38
Drogenbos,23098,2020-05-23,0,38
Drogenbos,23098,2020-05-24,0,38
Drogenbos,23098,2020-05-25,0,38
Drogenbos,23098,2020-05-26,0,38
Drogenbos,23098,2020-05-27,0,38
Drogenbos,23098,2020-05-28,0,38
Drogenbos,23098,2020-05-29,0,38
Drogenbos,23098,2020-05-30,0,38
Drogenbos,23098,2020-05-31,0,38
Drogenbos,23098,2020-06-01,1,39
Drogenbos,23098,2020-06-02,0,39
Drogenbos,23098,2020-06-03,0,39
Drogenbos,23098,2020-06-04,0,39
Drogenbos,23098,2020-06-05,0,39
Drogenbos,23098,2020-06-06,0,39
Drogenbos,23098,2020-06-07,0,39
Drogenbos,23098,2020-06-08,0,39
Drogenbos,23098,2020-06-09,0,39
Drogenbos,23098,2020-06-10,0,39
Drogenbos,23098,2020-06-11,0,39
Drogenbos,23098,2020-06-12,0,39
Drogenbos,23098,2020-06-13,0,39
Drogenbos,23098,2020-06-14,0,39
Drogenbos,23098,2020-06-15,0,39
Drogenbos,23098,2020-06-16,0,39
Drogenbos,23098,2020-06-17,0,39
Drogenbos,23098,2020-06-18,0,39
Drogenbos,23098,2020-06-19,0,39
Drogenbos,23098,2020-06-20,0,39
Drogenbos,23098,2020-06-23,0,39
Drogenbos,23098,2020-06-24,0,39
Drogenbos,23098,2020-06-25,0,39
Drogenbos,23098,2020-06-26,0,39
Drogenbos,23098,2020-06-27,0,39
Drogenbos,23098,2020-06-30,0,39
Drogenbos,23098,2020-07-01,0,39
Drogenbos,23098,2020-07-02,1,40
Drogenbos,23098,2020-07-03,0,40
Drogenbos,23098,2020-07-04,0,40
Drogenbos,23098,2020-07-07,0,40
Drogenbos,23098,2020-07-08,0,40
Drogenbos,23098,2020-07-09,0,40
Drogenbos,23098,2020-07-10,0,40
Drogenbos,23098,2020-07-11,1,41
Drogenbos,23098,2020-07-14,0,41
Drogenbos,23098,2020-07-15,0,41
Drogenbos,23098,2020-07-16,0,41
Drogenbos,23098,2020-07-17,0,41
Drogenbos,23098,2020-07-18,0,41
Drogenbos,23098,2020-07-20,0,41
Drogenbos,23098,2020-07-21,0,41
Drogenbos,23098,2020-07-22,0,41
Drogenbos,23098,2020-07-23,0,41
Drogenbos,23098,2020-07-24,0,41
Drogenbos,23098,2020-07-25,0,41
Drogenbos,23098,2020-07-26,0,41
Drogenbos,23098,2020-07-27,0,41
Drogenbos,23098,2020-07-28,0,41
Drogenbos,23098,2020-07-29,0,41
Drogenbos,23098,2020-07-30,0,41
Drogenbos,23098,2020-07-31,0,41
Drogenbos,23098,2020-08-01,1,42
Drogenbos,23098,2020-08-02,2,44
Drogenbos,23098,2020-08-03,0,44
Drogenbos,23098,2020-08-04,1,45
Drogenbos,23098,2020-08-05,0,45
Drogenbos,23098,2020-08-06,0,45
Drogenbos,23098,2020-08-07,0,45
Drogenbos,23098,2020-08-08,0,45
Drogenbos,23098,2020-08-09,1,46
Drogenbos,23098,2020-08-10,2,48
Drogenbos,23098,2020-08-11,0,48
Drogenbos,23098,2020-08-12,0,48
Drogenbos,23098,2020-08-13,0,48
Drogenbos,23098,2020-08-14,0,48
Drogenbos,23098,2020-08-15,1,49
Drogenbos,23098,2020-08-16,0,49
Drogenbos,23098,2020-08-17,0,49
Drogenbos,23098,2020-08-18,0,49
Drogenbos,23098,2020-08-19,1,50
Drogenbos,23098,2020-08-20,0,50
Drogenbos,23098,2020-08-21,0,50
Drogenbos,23098,2020-08-22,0,50
Drogenbos,23098,2020-08-23,0,50
Drogenbos,23098,2020-08-24,0,50
Drogenbos,23098,2020-08-25,0,50
Drogenbos,23098,2020-08-26,0,50
Drogenbos,23098,2020-08-27,1,51
Drogenbos,23098,2020-08-28,0,51
Drogenbos,23098,2020-08-29,0,51
Drogenbos,23098,2020-08-30,0,51
Drogenbos,23098,2020-08-31,0,51
Drogenbos,23098,2020-09-01,0,51
Drogenbos,23098,2020-09-02,0,51
Drogenbos,23098,2020-09-03,0,51
Drogenbos,23098,2020-09-04,1,52
Drogenbos,23098,2020-09-05,2,54
Drogenbos,23098,2020-09-06,1,55
Drogenbos,23098,2020-09-07,0,55
Drogenbos,23098,2020-09-08,0,55
Drogenbos,23098,2020-09-09,0,55
Drogenbos,23098,2020-09-10,4,59
Drogenbos,23098,2020-09-11,12,71
Drogenbos,23098,2020-09-12,0,71
Drogenbos,23098,2020-09-13,0,71
Drogenbos,23098,2020-09-14,0,71
Drogenbos,23098,2020-09-15,0,71
Drogenbos,23098,2020-09-16,1,72
Drogenbos,23098,2020-09-17,0,72
Drogenbos,23098,2020-09-18,6,78
Drogenbos,23098,2020-09-19,1,79
Drogenbos,23098,2020-09-20,3,82
Drogenbos,23098,2020-09-21,0,82
Drogenbos,23098,2020-09-22,2,84
Drogenbos,23098,2020-09-23,0,84
Drogenbos,23098,2020-09-24,6,90
Drogenbos,23098,2020-09-25,8,98
Drogenbos,23098,2020-09-26,4,102
Drogenbos,23098,2020-09-27,0,102
Drogenbos,23098,2020-09-28,1,103
Drogenbos,23098,2020-09-29,0,103
Drogenbos,23098,2020-09-30,3,106
Drogenbos,23098,2020-10-01,0,106
Drogenbos,23098,2020-10-02,3,109
Drogenbos,23098,2020-10-03,4,113
Drogenbos,23098,2020-10-04,1,114
Drogenbos,23098,2020-10-05,1,115
Drogenbos,23098,2020-10-06,2,117
Drogenbos,23098,2020-10-07,1,118
Drogenbos,23098,2020-10-08,4,122
Drogenbos,23098,2020-10-09,5,127
Drogenbos,23098,2020-10-10,3,130
Drogenbos,23098,2020-10-11,2,132
Drogenbos,23098,2020-10-12,3,135
Drogenbos,23098,2020-10-13,1,136
Drogenbos,23098,2020-10-14,0,136
Drogenbos,23098,2020-10-15,5,141
Drogenbos,23098,2020-10-16,1,142
Drogenbos,23098,2020-10-17,7,149
Drogenbos,23098,2020-10-18,11,160
Drogenbos,23098,2020-10-19,4,164
Drogenbos,23098,2020-10-20,5,169
Drogenbos,23098,2020-10-21,4,173
Drogenbos,23098,2020-10-22,9,182
Drogenbos,23098,2020-10-23,8,190
Drogenbos,23098,2020-10-24,14,204
Drogenbos,23098,2020-10-25,10,214
Drogenbos,23098,2020-10-26,6,220
Drogenbos,23098,2020-10-27,5,225
Drogenbos,23098,2020-10-28,7,232
Drogenbos,23098,2020-10-29,10,242
Drogenbos,23098,2020-10-30,11,253
Drogenbos,23098,2020-10-31,5,258
Drogenbos,23098,2020-11-01,5,263
Drogenbos,23098,2020-11-02,6,269
Drogenbos,23098,2020-11-03,4,273
Drogenbos,23098,2020-11-04,2,275
Drogenbos,23098,2020-11-05,13,288
Drogenbos,23098,2020-11-06,2,290
Drogenbos,23098,2020-11-07,6,296
Drogenbos,23098,2020-11-08,5,301
Drogenbos,23098,2020-11-09,3,304
Drogenbos,23098,2020-11-10,1,305
Drogenbos,23098,2020-11-11,2,307
Kraainem,23099,2020-04-01,3,31
Kraainem,23099,2020-04-02,0,31
Kraainem,23099,2020-04-03,1,32
Kraainem,23099,2020-04-04,1,33
Kraainem,23099,2020-04-05,4,37
Kraainem,23099,2020-04-06,0,37
Kraainem,23099,2020-04-07,0,37
Kraainem,23099,2020-04-08,1,38
Kraainem,23099,2020-04-09,20,58
Kraainem,23099,2020-04-10,0,58
Kraainem,23099,2020-04-11,2,60
Kraainem,23099,2020-04-12,0,60
Kraainem,23099,2020-04-13,0,60
Kraainem,23099,2020-04-14,0,60
Kraainem,23099,2020-04-15,1,61
Kraainem,23099,2020-04-16,0,61
Kraainem,23099,2020-04-17,0,61
Kraainem,23099,2020-04-18,0,61
Kraainem,23099,2020-04-19,1,62
Kraainem,23099,2020-04-20,1,63
Kraainem,23099,2020-04-21,0,63
Kraainem,23099,2020-04-22,1,64
Kraainem,23099,2020-04-23,1,65
Kraainem,23099,2020-04-24,0,65
Kraainem,23099,2020-04-25,0,65
Kraainem,23099,2020-04-26,0,65
Kraainem,23099,2020-04-27,1,66
Kraainem,23099,2020-04-28,0,66
Kraainem,23099,2020-04-29,1,67
Kraainem,23099,2020-04-30,0,67
Kraainem,23099,2020-05-01,0,67
Kraainem,23099,2020-05-02,0,67
Kraainem,23099,2020-05-03,0,67
Kraainem,23099,2020-05-04,0,67
Kraainem,23099,2020-05-05,0,67
Kraainem,23099,2020-05-06,0,67
Kraainem,23099,2020-05-07,0,67
Kraainem,23099,2020-05-08,0,67
Kraainem,23099,2020-05-09,0,67
Kraainem,23099,2020-05-10,1,68
Kraainem,23099,2020-05-11,1,69
Kraainem,23099,2020-05-12,1,70
Kraainem,23099,2020-05-13,1,71
Kraainem,23099,2020-05-14,0,71
Kraainem,23099,2020-05-15,0,71
Kraainem,23099,2020-05-16,0,71
Kraainem,23099,2020-05-17,0,71
Kraainem,23099,2020-05-18,0,71
Kraainem,23099,2020-05-19,0,71
Kraainem,23099,2020-05-20,0,71
Kraainem,23099,2020-05-21,1,72
Kraainem,23099,2020-05-22,1,73
Kraainem,23099,2020-05-23,0,73
Kraainem,23099,2020-05-24,0,73
Kraainem,23099,2020-05-25,0,73
Kraainem,23099,2020-05-26,0,73
Kraainem,23099,2020-05-27,0,73
Kraainem,23099,2020-05-28,1,74
Kraainem,23099,2020-05-29,0,74
Kraainem,23099,2020-05-30,0,74
Kraainem,23099,2020-05-31,0,74
Kraainem,23099,2020-06-01,1,75
Kraainem,23099,2020-06-02,0,75
Kraainem,23099,2020-06-03,0,75
Kraainem,23099,2020-06-04,0,75
Kraainem,23099,2020-06-05,0,75
Kraainem,23099,2020-06-06,1,76
Kraainem,23099,2020-06-07,1,77
Kraainem,23099,2020-06-08,0,77
Kraainem,23099,2020-06-09,0,77
Kraainem,23099,2020-06-10,1,78
Kraainem,23099,2020-06-11,1,79
Kraainem,23099,2020-06-12,-1,78
Kraainem,23099,2020-06-13,0,78
Kraainem,23099,2020-06-14,0,78
Kraainem,23099,2020-06-15,0,78
Kraainem,23099,2020-06-16,0,78
Kraainem,23099,2020-06-17,0,78
Kraainem,23099,2020-06-18,0,78
Kraainem,23099,2020-06-19,0,78
Kraainem,23099,2020-06-20,0,78
Kraainem,23099,2020-06-23,0,78
Kraainem,23099,2020-06-24,0,78
Kraainem,23099,2020-06-25,0,78
Kraainem,23099,2020-06-26,0,78
Kraainem,23099,2020-06-27,0,78
Kraainem,23099,2020-06-30,0,78
Kraainem,23099,2020-07-01,0,78
Kraainem,23099,2020-07-02,0,78
Kraainem,23099,2020-07-03,1,79
Kraainem,23099,2020-07-04,1,80
Kraainem,23099,2020-07-07,0,80
Kraainem,23099,2020-07-08,0,80
Kraainem,23099,2020-07-09,0,80
Kraainem,23099,2020-07-10,0,80
Kraainem,23099,2020-07-11,0,80
Kraainem,23099,2020-07-14,0,80
Kraainem,23099,2020-07-15,0,80
Kraainem,23099,2020-07-16,0,80
Kraainem,23099,2020-07-17,0,80
Kraainem,23099,2020-07-18,0,80
Kraainem,23099,2020-07-20,0,80
Kraainem,23099,2020-07-21,0,80
Kraainem,23099,2020-07-22,0,80
Kraainem,23099,2020-07-23,0,80
Kraainem,23099,2020-07-24,0,80
Kraainem,23099,2020-07-25,0,80
Kraainem,23099,2020-07-26,0,80
Kraainem,23099,2020-07-27,0,80
Kraainem,23099,2020-07-28,0,80
Kraainem,23099,2020-07-29,0,80
Kraainem,23099,2020-07-30,1,81
Kraainem,23099,2020-07-31,0,81
Kraainem,23099,2020-08-01,0,81
Kraainem,23099,2020-08-02,0,81
Kraainem,23099,2020-08-03,2,83
Kraainem,23099,2020-08-04,0,83
Kraainem,23099,2020-08-05,0,83
Kraainem,23099,2020-08-06,0,83
Kraainem,23099,2020-08-07,0,83
Kraainem,23099,2020-08-08,1,84
Kraainem,23099,2020-08-09,1,85
Kraainem,23099,2020-08-10,0,85
Kraainem,23099,2020-08-11,1,86
Kraainem,23099,2020-08-12,1,87
Kraainem,23099,2020-08-13,0,87
Kraainem,23099,2020-08-14,0,87
Kraainem,23099,2020-08-15,0,87
Kraainem,23099,2020-08-16,0,87
Kraainem,23099,2020-08-17,3,90
Kraainem,23099,2020-08-18,0,90
Kraainem,23099,2020-08-19,1,91
Kraainem,23099,2020-08-20,0,91
Kraainem,23099,2020-08-21,5,96
Kraainem,23099,2020-08-22,0,96
Kraainem,23099,2020-08-23,1,97
Kraainem,23099,2020-08-24,2,99
Kraainem,23099,2020-08-25,0,99
Kraainem,23099,2020-08-26,1,100
Kraainem,23099,2020-08-27,3,103
Kraainem,23099,2020-08-28,2,105
Kraainem,23099,2020-08-29,1,106
Kraainem,23099,2020-08-30,0,106
Kraainem,23099,2020-08-31,1,107
Kraainem,23099,2020-09-01,0,107
Kraainem,23099,2020-09-02,6,113
Kraainem,23099,2020-09-03,0,113
Kraainem,23099,2020-09-04,0,113
Kraainem,23099,2020-09-05,0,113
Kraainem,23099,2020-09-06,2,115
Kraainem,23099,2020-09-07,1,116
Kraainem,23099,2020-09-08,0,116
Kraainem,23099,2020-09-09,1,117
Kraainem,23099,2020-09-10,2,119
Kraainem,23099,2020-09-11,4,123
Kraainem,23099,2020-09-12,2,125
Kraainem,23099,2020-09-13,2,127
Kraainem,23099,2020-09-14,2,129
Kraainem,23099,2020-09-15,2,131
Kraainem,23099,2020-09-16,0,131
Kraainem,23099,2020-09-17,1,132
Kraainem,23099,2020-09-18,3,135
Kraainem,23099,2020-09-19,5,140
Kraainem,23099,2020-09-20,1,141
Kraainem,23099,2020-09-21,6,147
Kraainem,23099,2020-09-22,1,148
Kraainem,23099,2020-09-23,4,152
Kraainem,23099,2020-09-24,5,157
Kraainem,23099,2020-09-25,0,157
Kraainem,23099,2020-09-26,8,165
Kraainem,23099,2020-09-27,1,166
Kraainem,23099,2020-09-28,2,168
Kraainem,23099,2020-09-29,1,169
Kraainem,23099,2020-09-30,4,173
Kraainem,23099,2020-10-01,1,174
Kraainem,23099,2020-10-02,9,183
Kraainem,23099,2020-10-03,3,186
Kraainem,23099,2020-10-04,3,189
Kraainem,23099,2020-10-05,5,194
Kraainem,23099,2020-10-06,8,202
Kraainem,23099,2020-10-07,0,202
Kraainem,23099,2020-10-08,8,210
Kraainem,23099,2020-10-09,9,219
Kraainem,23099,2020-10-10,8,227
Kraainem,23099,2020-10-11,9,236
Kraainem,23099,2020-10-12,8,244
Kraainem,23099,2020-10-13,8,252
Kraainem,23099,2020-10-14,12,264
Kraainem,23099,2020-10-15,12,276
Kraainem,23099,2020-10-16,21,297
Kraainem,23099,2020-10-17,18,315
Kraainem,23099,2020-10-18,15,330
Kraainem,23099,2020-10-19,5,335
Kraainem,23099,2020-10-20,10,345
Kraainem,23099,2020-10-21,7,352
Kraainem,23099,2020-10-22,22,374
Kraainem,23099,2020-10-23,34,408
Kraainem,23099,2020-10-24,9,417
Kraainem,23099,2020-10-25,33,450
Kraainem,23099,2020-10-26,23,473
Kraainem,23099,2020-10-27,22,495
Kraainem,23099,2020-10-28,22,517
Kraainem,23099,2020-10-29,22,539
Kraainem,23099,2020-10-30,39,578
Kraainem,23099,2020-10-31,24,602
Kraainem,23099,2020-11-01,17,619
Kraainem,23099,2020-11-02,9,628
Kraainem,23099,2020-11-03,13,641
Kraainem,23099,2020-11-04,7,648
Kraainem,23099,2020-11-05,23,671
Kraainem,23099,2020-11-06,10,681
Kraainem,23099,2020-11-07,3,684
Kraainem,23099,2020-11-08,6,690
Kraainem,23099,2020-11-09,3,693
Kraainem,23099,2020-11-10,0,693
Kraainem,23099,2020-11-11,1,694
Linkebeek,23100,2020-04-01,0,8
Linkebeek,23100,2020-04-02,0,8
Linkebeek,23100,2020-04-03,3,11
Linkebeek,23100,2020-04-04,0,11
Linkebeek,23100,2020-04-05,0,11
Linkebeek,23100,2020-04-06,2,13
Linkebeek,23100,2020-04-07,0,13
Linkebeek,23100,2020-04-08,0,13
Linkebeek,23100,2020-04-09,1,14
Linkebeek,23100,2020-04-10,1,15
Linkebeek,23100,2020-04-11,0,15
Linkebeek,23100,2020-04-12,0,15
Linkebeek,23100,2020-04-13,0,15
Linkebeek,23100,2020-04-14,0,15
Linkebeek,23100,2020-04-15,0,15
Linkebeek,23100,2020-04-16,0,15
Linkebeek,23100,2020-04-17,1,16
Linkebeek,23100,2020-04-18,0,16
Linkebeek,23100,2020-04-19,1,17
Linkebeek,23100,2020-04-20,0,17
Linkebeek,23100,2020-04-21,0,17
Linkebeek,23100,2020-04-22,2,19
Linkebeek,23100,2020-04-23,0,19
Linkebeek,23100,2020-04-24,0,19
Linkebeek,23100,2020-04-25,0,19
Linkebeek,23100,2020-04-26,0,19
Linkebeek,23100,2020-04-27,0,19
Linkebeek,23100,2020-04-28,1,20
Linkebeek,23100,2020-04-29,2,22
Linkebeek,23100,2020-04-30,0,22
Linkebeek,23100,2020-05-01,0,22
Linkebeek,23100,2020-05-02,0,22
Linkebeek,23100,2020-05-03,0,22
Linkebeek,23100,2020-05-04,0,22
Linkebeek,23100,2020-05-05,0,22
Linkebeek,23100,2020-05-06,0,22
Linkebeek,23100,2020-05-07,1,23
Linkebeek,23100,2020-05-08,0,23
Linkebeek,23100,2020-05-09,0,23
Linkebeek,23100,2020-05-10,0,23
Linkebeek,23100,2020-05-11,0,23
Linkebeek,23100,2020-05-12,0,23
Linkebeek,23100,2020-05-13,0,23
Linkebeek,23100,2020-05-14,0,23
Linkebeek,23100,2020-05-15,0,23
Linkebeek,23100,2020-05-16,0,23
Linkebeek,23100,2020-05-17,0,23
Linkebeek,23100,2020-05-18,0,23
Linkebeek,23100,2020-05-19,0,23
Linkebeek,23100,2020-05-20,0,23
Linkebeek,23100,2020-05-21,0,23
Linkebeek,23100,2020-05-22,0,23
Linkebeek,23100,2020-05-23,0,23
Linkebeek,23100,2020-05-24,0,23
Linkebeek,23100,2020-05-25,0,23
Linkebeek,23100,2020-05-26,0,23
Linkebeek,23100,2020-05-27,0,23
Linkebeek,23100,2020-05-28,0,23
Linkebeek,23100,2020-05-29,0,23
Linkebeek,23100,2020-05-30,0,23
Linkebeek,23100,2020-05-31,0,23
Linkebeek,23100,2020-06-01,0,23
Linkebeek,23100,2020-06-02,0,23
Linkebeek,23100,2020-06-03,0,23
Linkebeek,23100,2020-06-04,0,23
Linkebeek,23100,2020-06-05,0,23
Linkebeek,23100,2020-06-06,0,23
Linkebeek,23100,2020-06-07,0,23
Linkebeek,23100,2020-06-08,0,23
Linkebeek,23100,2020-06-09,0,23
Linkebeek,23100,2020-06-10,2,25
Linkebeek,23100,2020-06-11,0,25
Linkebeek,23100,2020-06-12,-2,23
Linkebeek,23100,2020-06-13,0,23
Linkebeek,23100,2020-06-14,1,24
Linkebeek,23100,2020-06-15,0,24
Linkebeek,23100,2020-06-16,0,24
Linkebeek,23100,2020-06-17,0,24
Linkebeek,23100,2020-06-18,0,24
Linkebeek,23100,2020-06-19,0,24
Linkebeek,23100,2020-06-20,0,24
Linkebeek,23100,2020-06-23,0,24
Linkebeek,23100,2020-06-24,0,24
Linkebeek,23100,2020-06-25,0,24
Linkebeek,23100,2020-06-26,0,24
Linkebeek,23100,2020-06-27,0,24
Linkebeek,23100,2020-06-30,0,24
Linkebeek,23100,2020-07-01,0,24
Linkebeek,23100,2020-07-02,0,24
Linkebeek,23100,2020-07-03,0,24
Linkebeek,23100,2020-07-04,0,24
Linkebeek,23100,2020-07-07,0,24
Linkebeek,23100,2020-07-08,0,24
Linkebeek,23100,2020-07-09,0,24
Linkebeek,23100,2020-07-10,0,24
Linkebeek,23100,2020-07-11,0,24
Linkebeek,23100,2020-07-14,2,26
Linkebeek,23100,2020-07-15,0,26
Linkebeek,23100,2020-07-16,0,26
Linkebeek,23100,2020-07-17,1,27
Linkebeek,23100,2020-07-18,1,28
Linkebeek,23100,2020-07-20,1,29
Linkebeek,23100,2020-07-21,0,29
Linkebeek,23100,2020-07-22,0,29
Linkebeek,23100,2020-07-23,0,29
Linkebeek,23100,2020-07-24,0,29
Linkebeek,23100,2020-07-25,1,30
Linkebeek,23100,2020-07-26,0,30
Linkebeek,23100,2020-07-27,0,30
Linkebeek,23100,2020-07-28,0,30
Linkebeek,23100,2020-07-29,0,30
Linkebeek,23100,2020-07-30,0,30
Linkebeek,23100,2020-07-31,0,30
Linkebeek,23100,2020-08-01,0,30
Linkebeek,23100,2020-08-02,2,32
Linkebeek,23100,2020-08-03,1,33
Linkebeek,23100,2020-08-04,0,33
Linkebeek,23100,2020-08-05,0,33
Linkebeek,23100,2020-08-06,0,33
Linkebeek,23100,2020-08-07,0,33
Linkebeek,23100,2020-08-08,0,33
Linkebeek,23100,2020-08-09,0,33
Linkebeek,23100,2020-08-10,0,33
Linkebeek,23100,2020-08-11,0,33
Linkebeek,23100,2020-08-12,0,33
Linkebeek,23100,2020-08-13,0,33
Linkebeek,23100,2020-08-14,0,33
Linkebeek,23100,2020-08-15,2,35
Linkebeek,23100,2020-08-16,1,36
Linkebeek,23100,2020-08-17,0,36
Linkebeek,23100,2020-08-18,0,36
Linkebeek,23100,2020-08-19,0,36
Linkebeek,23100,2020-08-20,0,36
Linkebeek,23100,2020-08-21,0,36
Linkebeek,23100,2020-08-22,0,36
Linkebeek,23100,2020-08-23,0,36
Linkebeek,23100,2020-08-24,0,36
Linkebeek,23100,2020-08-25,0,36
Linkebeek,23100,2020-08-26,0,36
Linkebeek,23100,2020-08-27,1,37
Linkebeek,23100,2020-08-28,0,37
Linkebeek,23100,2020-08-29,2,39
Linkebeek,23100,2020-08-30,0,39
Linkebeek,23100,2020-08-31,0,39
Linkebeek,23100,2020-09-01,0,39
Linkebeek,23100,2020-09-02,1,40
Linkebeek,23100,2020-09-03,0,40
Linkebeek,23100,2020-09-04,0,40
Linkebeek,23100,2020-09-05,0,40
Linkebeek,23100,2020-09-06,0,40
Linkebeek,23100,2020-09-07,1,41
Linkebeek,23100,2020-09-08,1,42
Linkebeek,23100,2020-09-09,0,42
Linkebeek,23100,2020-09-10,1,43
Linkebeek,23100,2020-09-11,0,43
Linkebeek,23100,2020-09-12,1,44
Linkebeek,23100,2020-09-13,0,44
Linkebeek,23100,2020-09-14,0,44
Linkebeek,23100,2020-09-15,0,44
Linkebeek,23100,2020-09-16,1,45
Linkebeek,23100,2020-09-17,1,46
Linkebeek,23100,2020-09-18,0,46
Linkebeek,23100,2020-09-19,3,49
Linkebeek,23100,2020-09-20,0,49
Linkebeek,23100,2020-09-21,2,51
Linkebeek,23100,2020-09-22,3,54
Linkebeek,23100,2020-09-23,2,56
Linkebeek,23100,2020-09-24,3,59
Linkebeek,23100,2020-09-25,0,59
Linkebeek,23100,2020-09-26,0,59
Linkebeek,23100,2020-09-27,0,59
Linkebeek,23100,2020-09-28,0,59
Linkebeek,23100,2020-09-29,1,60
Linkebeek,23100,2020-09-30,0,60
Linkebeek,23100,2020-10-01,0,60
Linkebeek,23100,2020-10-02,1,61
Linkebeek,23100,2020-10-03,5,66
Linkebeek,23100,2020-10-04,2,68
Linkebeek,23100,2020-10-05,1,69
Linkebeek,23100,2020-10-06,0,69
Linkebeek,23100,2020-10-07,0,69
Linkebeek,23100,2020-10-08,1,70
Linkebeek,23100,2020-10-09,3,73
Linkebeek,23100,2020-10-10,2,75
Linkebeek,23100,2020-10-11,2,77
Linkebeek,23100,2020-10-12,8,85
Linkebeek,23100,2020-10-13,3,88
Linkebeek,23100,2020-10-14,2,90
Linkebeek,23100,2020-10-15,12,102
Linkebeek,23100,2020-10-16,4,106
Linkebeek,23100,2020-10-17,4,110
Linkebeek,23100,2020-10-18,5,115
Linkebeek,23100,2020-10-19,4,119
Linkebeek,23100,2020-10-20,2,121
Linkebeek,23100,2020-10-21,1,122
Linkebeek,23100,2020-10-22,18,140
Linkebeek,23100,2020-10-23,8,148
Linkebeek,23100,2020-10-24,8,156
Linkebeek,23100,2020-10-25,21,177
Linkebeek,23100,2020-10-26,9,186
Linkebeek,23100,2020-10-27,11,197
Linkebeek,23100,2020-10-28,9,206
Linkebeek,23100,2020-10-29,18,224
Linkebeek,23100,2020-10-30,11,235
Linkebeek,23100,2020-10-31,6,241
Linkebeek,23100,2020-11-01,4,245
Linkebeek,23100,2020-11-02,3,248
Linkebeek,23100,2020-11-03,4,252
Linkebeek,23100,2020-11-04,1,253
Linkebeek,23100,2020-11-05,10,263
Linkebeek,23100,2020-11-06,4,267
Linkebeek,23100,2020-11-07,4,271
Linkebeek,23100,2020-11-08,5,276
Linkebeek,23100,2020-11-09,2,278
Linkebeek,23100,2020-11-10,0,278
Linkebeek,23100,2020-11-11,2,280
Sint-Genesius-Rode,23101,2020-04-01,1,38
Sint-Genesius-Rode,23101,2020-04-02,0,38
Sint-Genesius-Rode,23101,2020-04-03,2,40
Sint-Genesius-Rode,23101,2020-04-04,3,43
Sint-Genesius-Rode,23101,2020-04-05,2,45
Sint-Genesius-Rode,23101,2020-04-06,0,45
Sint-Genesius-Rode,23101,2020-04-07,0,45
Sint-Genesius-Rode,23101,2020-04-08,2,47
Sint-Genesius-Rode,23101,2020-04-09,1,48
Sint-Genesius-Rode,23101,2020-04-10,1,49
Sint-Genesius-Rode,23101,2020-04-11,0,49
Sint-Genesius-Rode,23101,2020-04-12,1,50
Sint-Genesius-Rode,23101,2020-04-13,1,51
Sint-Genesius-Rode,23101,2020-04-14,0,51
Sint-Genesius-Rode,23101,2020-04-15,0,51
Sint-Genesius-Rode,23101,2020-04-16,0,51
Sint-Genesius-Rode,23101,2020-04-17,0,51
Sint-Genesius-Rode,23101,2020-04-18,1,52
Sint-Genesius-Rode,23101,2020-04-19,0,52
Sint-Genesius-Rode,23101,2020-04-20,0,52
Sint-Genesius-Rode,23101,2020-04-21,1,53
Sint-Genesius-Rode,23101,2020-04-22,0,53
Sint-Genesius-Rode,23101,2020-04-23,0,53
Sint-Genesius-Rode,23101,2020-04-24,4,57
Sint-Genesius-Rode,23101,2020-04-25,1,58
Sint-Genesius-Rode,23101,2020-04-26,1,59
Sint-Genesius-Rode,23101,2020-04-27,0,59
Sint-Genesius-Rode,23101,2020-04-28,0,59
Sint-Genesius-Rode,23101,2020-04-29,0,59
Sint-Genesius-Rode,23101,2020-04-30,1,60
Sint-Genesius-Rode,23101,2020-05-01,1,61
Sint-Genesius-Rode,23101,2020-05-02,0,61
Sint-Genesius-Rode,23101,2020-05-03,0,61
Sint-Genesius-Rode,23101,2020-05-04,0,61
Sint-Genesius-Rode,23101,2020-05-05,1,62
Sint-Genesius-Rode,23101,2020-05-06,1,63
Sint-Genesius-Rode,23101,2020-05-07,2,65
Sint-Genesius-Rode,23101,2020-05-08,0,65
Sint-Genesius-Rode,23101,2020-05-09,0,65
Sint-Genesius-Rode,23101,2020-05-10,0,65
Sint-Genesius-Rode,23101,2020-05-11,0,65
Sint-Genesius-Rode,23101,2020-05-12,0,65
Sint-Genesius-Rode,23101,2020-05-13,0,65
Sint-Genesius-Rode,23101,2020-05-14,0,65
Sint-Genesius-Rode,23101,2020-05-15,0,65
Sint-Genesius-Rode,23101,2020-05-16,2,67
Sint-Genesius-Rode,23101,2020-05-17,0,67
Sint-Genesius-Rode,23101,2020-05-18,0,67
Sint-Genesius-Rode,23101,2020-05-19,0,67
Sint-Genesius-Rode,23101,2020-05-20,0,67
Sint-Genesius-Rode,23101,2020-05-21,0,67
Sint-Genesius-Rode,23101,2020-05-22,0,67
Sint-Genesius-Rode,23101,2020-05-23,0,67
Sint-Genesius-Rode,23101,2020-05-24,0,67
Sint-Genesius-Rode,23101,2020-05-25,0,67
Sint-Genesius-Rode,23101,2020-05-26,0,67
Sint-Genesius-Rode,23101,2020-05-27,0,67
Sint-Genesius-Rode,23101,2020-05-28,0,67
Sint-Genesius-Rode,23101,2020-05-29,0,67
Sint-Genesius-Rode,23101,2020-05-30,0,67
Sint-Genesius-Rode,23101,2020-05-31,0,67
Sint-Genesius-Rode,23101,2020-06-01,0,67
Sint-Genesius-Rode,23101,2020-06-02,0,67
Sint-Genesius-Rode,23101,2020-06-03,0,67
Sint-Genesius-Rode,23101,2020-06-04,0,67
Sint-Genesius-Rode,23101,2020-06-05,0,67
Sint-Genesius-Rode,23101,2020-06-06,2,69
Sint-Genesius-Rode,23101,2020-06-07,0,69
Sint-Genesius-Rode,23101,2020-06-08,0,69
Sint-Genesius-Rode,23101,2020-06-09,0,69
Sint-Genesius-Rode,23101,2020-06-10,0,69
Sint-Genesius-Rode,23101,2020-06-11,0,69
Sint-Genesius-Rode,23101,2020-06-12,0,69
Sint-Genesius-Rode,23101,2020-06-13,0,69
Sint-Genesius-Rode,23101,2020-06-14,0,69
Sint-Genesius-Rode,23101,2020-06-15,0,69
Sint-Genesius-Rode,23101,2020-06-16,0,69
Sint-Genesius-Rode,23101,2020-06-17,0,69
Sint-Genesius-Rode,23101,2020-06-18,0,69
Sint-Genesius-Rode,23101,2020-06-19,0,69
Sint-Genesius-Rode,23101,2020-06-20,0,69
Sint-Genesius-Rode,23101,2020-06-23,1,70
Sint-Genesius-Rode,23101,2020-06-24,0,70
Sint-Genesius-Rode,23101,2020-06-25,0,70
Sint-Genesius-Rode,23101,2020-06-26,0,70
Sint-Genesius-Rode,23101,2020-06-27,0,70
Sint-Genesius-Rode,23101,2020-06-30,0,70
Sint-Genesius-Rode,23101,2020-07-01,0,70
Sint-Genesius-Rode,23101,2020-07-02,0,70
Sint-Genesius-Rode,23101,2020-07-03,0,70
Sint-Genesius-Rode,23101,2020-07-04,0,70
Sint-Genesius-Rode,23101,2020-07-07,0,70
Sint-Genesius-Rode,23101,2020-07-08,0,70
Sint-Genesius-Rode,23101,2020-07-09,0,70
Sint-Genesius-Rode,23101,2020-07-10,0,70
Sint-Genesius-Rode,23101,2020-07-11,0,70
Sint-Genesius-Rode,23101,2020-07-14,0,70
Sint-Genesius-Rode,23101,2020-07-15,0,70
Sint-Genesius-Rode,23101,2020-07-16,0,70
Sint-Genesius-Rode,23101,2020-07-17,0,70
Sint-Genesius-Rode,23101,2020-07-18,0,70
Sint-Genesius-Rode,23101,2020-07-20,0,70
Sint-Genesius-Rode,23101,2020-07-21,0,70
Sint-Genesius-Rode,23101,2020-07-22,0,70
Sint-Genesius-Rode,23101,2020-07-23,1,71
Sint-Genesius-Rode,23101,2020-07-24,1,72
Sint-Genesius-Rode,23101,2020-07-25,1,73
Sint-Genesius-Rode,23101,2020-07-26,0,73
Sint-Genesius-Rode,23101,2020-07-27,2,75
Sint-Genesius-Rode,23101,2020-07-28,3,78
Sint-Genesius-Rode,23101,2020-07-29,0,78
Sint-Genesius-Rode,23101,2020-07-30,0,78
Sint-Genesius-Rode,23101,2020-07-31,0,78
Sint-Genesius-Rode,23101,2020-08-01,1,79
Sint-Genesius-Rode,23101,2020-08-02,0,79
Sint-Genesius-Rode,23101,2020-08-03,0,79
Sint-Genesius-Rode,23101,2020-08-04,0,79
Sint-Genesius-Rode,23101,2020-08-05,1,80
Sint-Genesius-Rode,23101,2020-08-06,0,80
Sint-Genesius-Rode,23101,2020-08-07,0,80
Sint-Genesius-Rode,23101,2020-08-08,0,80
Sint-Genesius-Rode,23101,2020-08-09,0,80
Sint-Genesius-Rode,23101,2020-08-10,0,80
Sint-Genesius-Rode,23101,2020-08-11,0,80
Sint-Genesius-Rode,23101,2020-08-12,0,80
Sint-Genesius-Rode,23101,2020-08-13,0,80
Sint-Genesius-Rode,23101,2020-08-14,1,81
Sint-Genesius-Rode,23101,2020-08-15,0,81
Sint-Genesius-Rode,23101,2020-08-16,1,82
Sint-Genesius-Rode,23101,2020-08-17,1,83
Sint-Genesius-Rode,23101,2020-08-18,0,83
Sint-Genesius-Rode,23101,2020-08-19,1,84
Sint-Genesius-Rode,23101,2020-08-20,0,84
Sint-Genesius-Rode,23101,2020-08-21,2,86
Sint-Genesius-Rode,23101,2020-08-22,1,87
Sint-Genesius-Rode,23101,2020-08-23,2,89
Sint-Genesius-Rode,23101,2020-08-24,0,89
Sint-Genesius-Rode,23101,2020-08-25,0,89
Sint-Genesius-Rode,23101,2020-08-26,1,90
Sint-Genesius-Rode,23101,2020-08-27,0,90
Sint-Genesius-Rode,23101,2020-08-28,2,92
Sint-Genesius-Rode,23101,2020-08-29,3,95
Sint-Genesius-Rode,23101,2020-08-30,2,97
Sint-Genesius-Rode,23101,2020-08-31,0,97
Sint-Genesius-Rode,23101,2020-09-01,2,99
Sint-Genesius-Rode,23101,2020-09-02,0,99
Sint-Genesius-Rode,23101,2020-09-03,1,100
Sint-Genesius-Rode,23101,2020-09-04,0,100
Sint-Genesius-Rode,23101,2020-09-05,0,100
Sint-Genesius-Rode,23101,2020-09-06,2,102
Sint-Genesius-Rode,23101,2020-09-07,4,106
Sint-Genesius-Rode,23101,2020-09-08,1,107
Sint-Genesius-Rode,23101,2020-09-09,2,109
Sint-Genesius-Rode,23101,2020-09-10,3,112
Sint-Genesius-Rode,23101,2020-09-11,0,112
Sint-Genesius-Rode,23101,2020-09-12,0,112
Sint-Genesius-Rode,23101,2020-09-13,2,114
Sint-Genesius-Rode,23101,2020-09-14,0,114
Sint-Genesius-Rode,23101,2020-09-15,1,115
Sint-Genesius-Rode,23101,2020-09-16,2,117
Sint-Genesius-Rode,23101,2020-09-17,4,121
Sint-Genesius-Rode,23101,2020-09-18,7,128
Sint-Genesius-Rode,23101,2020-09-19,2,130
Sint-Genesius-Rode,23101,2020-09-20,4,134
Sint-Genesius-Rode,23101,2020-09-21,1,135
Sint-Genesius-Rode,23101,2020-09-22,4,139
Sint-Genesius-Rode,23101,2020-09-23,4,143
Sint-Genesius-Rode,23101,2020-09-24,1,144
Sint-Genesius-Rode,23101,2020-09-25,3,147
Sint-Genesius-Rode,23101,2020-09-26,3,150
Sint-Genesius-Rode,23101,2020-09-27,3,153
Sint-Genesius-Rode,23101,2020-09-28,3,156
Sint-Genesius-Rode,23101,2020-09-29,2,158
Sint-Genesius-Rode,23101,2020-09-30,9,167
Sint-Genesius-Rode,23101,2020-10-01,1,168
Sint-Genesius-Rode,23101,2020-10-02,6,174
Sint-Genesius-Rode,23101,2020-10-03,12,186
Sint-Genesius-Rode,23101,2020-10-04,11,197
Sint-Genesius-Rode,23101,2020-10-05,6,203
Sint-Genesius-Rode,23101,2020-10-06,3,206
Sint-Genesius-Rode,23101,2020-10-07,6,212
Sint-Genesius-Rode,23101,2020-10-08,15,227
Sint-Genesius-Rode,23101,2020-10-09,14,241
Sint-Genesius-Rode,23101,2020-10-10,32,273
Sint-Genesius-Rode,23101,2020-10-11,29,302
Sint-Genesius-Rode,23101,2020-10-12,16,318
Sint-Genesius-Rode,23101,2020-10-13,5,323
Sint-Genesius-Rode,23101,2020-10-14,8,331
Sint-Genesius-Rode,23101,2020-10-15,21,352
Sint-Genesius-Rode,23101,2020-10-16,26,378
Sint-Genesius-Rode,23101,2020-10-17,38,416
Sint-Genesius-Rode,23101,2020-10-18,26,442
Sint-Genesius-Rode,23101,2020-10-19,28,470
Sint-Genesius-Rode,23101,2020-10-20,19,489
Sint-Genesius-Rode,23101,2020-10-21,18,507
Sint-Genesius-Rode,23101,2020-10-22,32,539
Sint-Genesius-Rode,23101,2020-10-23,37,576
Sint-Genesius-Rode,23101,2020-10-24,42,618
Sint-Genesius-Rode,23101,2020-10-25,45,663
Sint-Genesius-Rode,23101,2020-10-26,27,690
Sint-Genesius-Rode,23101,2020-10-27,23,713
Sint-Genesius-Rode,23101,2020-10-28,26,739
Sint-Genesius-Rode,23101,2020-10-29,37,776
Sint-Genesius-Rode,23101,2020-10-30,40,816
Sint-Genesius-Rode,23101,2020-10-31,34,850
Sint-Genesius-Rode,23101,2020-11-01,32,882
Sint-Genesius-Rode,23101,2020-11-02,17,899
Sint-Genesius-Rode,23101,2020-11-03,9,908
Sint-Genesius-Rode,23101,2020-11-04,7,915
Sint-Genesius-Rode,23101,2020-11-05,14,929
Sint-Genesius-Rode,23101,2020-11-06,7,936
Sint-Genesius-Rode,23101,2020-11-07,9,945
Sint-Genesius-Rode,23101,2020-11-08,25,970
Sint-Genesius-Rode,23101,2020-11-09,7,977
Sint-Genesius-Rode,23101,2020-11-10,4,981
Sint-Genesius-Rode,23101,2020-11-11,4,985
Wemmel,23102,2020-04-01,0,11
Wemmel,23102,2020-04-02,0,11
Wemmel,23102,2020-04-03,0,11
Wemmel,23102,2020-04-04,2,13
Wemmel,23102,2020-04-05,1,14
Wemmel,23102,2020-04-06,2,16
Wemmel,23102,2020-04-07,0,16
Wemmel,23102,2020-04-08,0,16
Wemmel,23102,2020-04-09,1,17
Wemmel,23102,2020-04-10,2,19
Wemmel,23102,2020-04-11,0,19
Wemmel,23102,2020-04-12,2,21
Wemmel,23102,2020-04-13,1,22
Wemmel,23102,2020-04-14,0,22
Wemmel,23102,2020-04-15,0,22
Wemmel,23102,2020-04-16,0,22
Wemmel,23102,2020-04-17,1,23
Wemmel,23102,2020-04-18,2,25
Wemmel,23102,2020-04-19,0,25
Wemmel,23102,2020-04-20,1,26
Wemmel,23102,2020-04-21,0,26
Wemmel,23102,2020-04-22,0,26
Wemmel,23102,2020-04-23,0,26
Wemmel,23102,2020-04-24,1,27
Wemmel,23102,2020-04-25,0,27
Wemmel,23102,2020-04-26,1,28
Wemmel,23102,2020-04-27,2,30
Wemmel,23102,2020-04-28,1,31
Wemmel,23102,2020-04-29,0,31
Wemmel,23102,2020-04-30,0,31
Wemmel,23102,2020-05-01,1,32
Wemmel,23102,2020-05-02,0,32
Wemmel,23102,2020-05-03,0,32
Wemmel,23102,2020-05-04,0,32
Wemmel,23102,2020-05-05,0,32
Wemmel,23102,2020-05-06,0,32
Wemmel,23102,2020-05-07,0,32
Wemmel,23102,2020-05-08,0,32
Wemmel,23102,2020-05-09,3,35
Wemmel,23102,2020-05-10,1,36
Wemmel,23102,2020-05-11,0,36
Wemmel,23102,2020-05-12,0,36
Wemmel,23102,2020-05-13,0,36
Wemmel,23102,2020-05-14,0,36
Wemmel,23102,2020-05-15,0,36
Wemmel,23102,2020-05-16,0,36
Wemmel,23102,2020-05-17,0,36
Wemmel,23102,2020-05-18,0,36
Wemmel,23102,2020-05-19,0,36
Wemmel,23102,2020-05-20,1,37
Wemmel,23102,2020-05-21,1,38
Wemmel,23102,2020-05-22,0,38
Wemmel,23102,2020-05-23,0,38
Wemmel,23102,2020-05-24,0,38
Wemmel,23102,2020-05-25,0,38
Wemmel,23102,2020-05-26,0,38
Wemmel,23102,2020-05-27,0,38
Wemmel,23102,2020-05-28,0,38
Wemmel,23102,2020-05-29,0,38
Wemmel,23102,2020-05-30,0,38
Wemmel,23102,2020-05-31,0,38
Wemmel,23102,2020-06-01,0,38
Wemmel,23102,2020-06-02,0,38
Wemmel,23102,2020-06-03,0,38
Wemmel,23102,2020-06-04,0,38
Wemmel,23102,2020-06-05,0,38
Wemmel,23102,2020-06-06,0,38
Wemmel,23102,2020-06-07,0,38
Wemmel,23102,2020-06-08,0,38
Wemmel,23102,2020-06-09,0,38
Wemmel,23102,2020-06-10,1,39
Wemmel,23102,2020-06-11,0,39
Wemmel,23102,2020-06-12,0,39
Wemmel,23102,2020-06-13,0,39
Wemmel,23102,2020-06-14,0,39
Wemmel,23102,2020-06-15,0,39
Wemmel,23102,2020-06-16,0,39
Wemmel,23102,2020-06-17,0,39
Wemmel,23102,2020-06-18,0,39
Wemmel,23102,2020-06-19,0,39
Wemmel,23102,2020-06-20,0,39
Wemmel,23102,2020-06-23,0,39
Wemmel,23102,2020-06-24,0,39
Wemmel,23102,2020-06-25,0,39
Wemmel,23102,2020-06-26,0,39
Wemmel,23102,2020-06-27,0,39
Wemmel,23102,2020-06-30,0,39
Wemmel,23102,2020-07-01,0,39
Wemmel,23102,2020-07-02,0,39
Wemmel,23102,2020-07-03,0,39
Wemmel,23102,2020-07-04,0,39
Wemmel,23102,2020-07-07,0,39
Wemmel,23102,2020-07-08,0,39
Wemmel,23102,2020-07-09,0,39
Wemmel,23102,2020-07-10,0,39
Wemmel,23102,2020-07-11,0,39
Wemmel,23102,2020-07-14,0,39
Wemmel,23102,2020-07-15,0,39
Wemmel,23102,2020-07-16,1,40
Wemmel,23102,2020-07-17,0,40
Wemmel,23102,2020-07-18,2,42
Wemmel,23102,2020-07-20,0,42
Wemmel,23102,2020-07-21,0,42
Wemmel,23102,2020-07-22,0,42
Wemmel,23102,2020-07-23,1,43
Wemmel,23102,2020-07-24,0,43
Wemmel,23102,2020-07-25,0,43
Wemmel,23102,2020-07-26,1,44
Wemmel,23102,2020-07-27,0,44
Wemmel,23102,2020-07-28,0,44
Wemmel,23102,2020-07-29,1,45
Wemmel,23102,2020-07-30,0,45
Wemmel,23102,2020-07-31,1,46
Wemmel,23102,2020-08-01,1,47
Wemmel,23102,2020-08-02,1,48
Wemmel,23102,2020-08-03,0,48
Wemmel,23102,2020-08-04,2,50
Wemmel,23102,2020-08-05,0,50
Wemmel,23102,2020-08-06,2,52
Wemmel,23102,2020-08-07,1,53
Wemmel,23102,2020-08-08,2,55
Wemmel,23102,2020-08-09,2,57
Wemmel,23102,2020-08-10,0,57
Wemmel,23102,2020-08-11,2,59
Wemmel,23102,2020-08-12,2,61
Wemmel,23102,2020-08-13,0,61
Wemmel,23102,2020-08-14,4,65
Wemmel,23102,2020-08-15,0,65
Wemmel,23102,2020-08-16,0,65
Wemmel,23102,2020-08-17,3,68
Wemmel,23102,2020-08-18,0,68
Wemmel,23102,2020-08-19,1,69
Wemmel,23102,2020-08-20,2,71
Wemmel,23102,2020-08-21,5,76
Wemmel,23102,2020-08-22,1,77
Wemmel,23102,2020-08-23,0,77
Wemmel,23102,2020-08-24,0,77
Wemmel,23102,2020-08-25,1,78
Wemmel,23102,2020-08-26,2,80
Wemmel,23102,2020-08-27,0,80
Wemmel,23102,2020-08-28,6,86
Wemmel,23102,2020-08-29,0,86
Wemmel,23102,2020-08-30,2,88
Wemmel,23102,2020-08-31,0,88
Wemmel,23102,2020-09-01,0,88
Wemmel,23102,2020-09-02,1,89
Wemmel,23102,2020-09-03,1,90
Wemmel,23102,2020-09-04,0,90
Wemmel,23102,2020-09-05,1,91
Wemmel,23102,2020-09-06,0,91
Wemmel,23102,2020-09-07,0,91
Wemmel,23102,2020-09-08,1,92
Wemmel,23102,2020-09-09,1,93
Wemmel,23102,2020-09-10,1,94
Wemmel,23102,2020-09-11,2,96
Wemmel,23102,2020-09-12,1,97
Wemmel,23102,2020-09-13,2,99
Wemmel,23102,2020-09-14,1,100
Wemmel,23102,2020-09-15,0,100
Wemmel,23102,2020-09-16,2,102
Wemmel,23102,2020-09-17,6,108
Wemmel,23102,2020-09-18,2,110
Wemmel,23102,2020-09-19,6,116
Wemmel,23102,2020-09-20,8,124
Wemmel,23102,2020-09-21,7,131
Wemmel,23102,2020-09-22,8,139
Wemmel,23102,2020-09-23,7,146
Wemmel,23102,2020-09-24,6,152
Wemmel,23102,2020-09-25,6,158
Wemmel,23102,2020-09-26,7,165
Wemmel,23102,2020-09-27,9,174
Wemmel,23102,2020-09-28,4,178
Wemmel,23102,2020-09-29,1,179
Wemmel,23102,2020-09-30,6,185
Wemmel,23102,2020-10-01,0,185
Wemmel,23102,2020-10-02,7,192
Wemmel,23102,2020-10-03,11,203
Wemmel,23102,2020-10-04,10,213
Wemmel,23102,2020-10-05,5,218
Wemmel,23102,2020-10-06,4,222
Wemmel,23102,2020-10-07,5,227
Wemmel,23102,2020-10-08,15,242
Wemmel,23102,2020-10-09,13,255
Wemmel,23102,2020-10-10,17,272
Wemmel,23102,2020-10-11,15,287
Wemmel,23102,2020-10-12,13,300
Wemmel,23102,2020-10-13,9,309
Wemmel,23102,2020-10-14,13,322
Wemmel,23102,2020-10-15,22,344
Wemmel,23102,2020-10-16,19,363
Wemmel,23102,2020-10-17,23,386
Wemmel,23102,2020-10-18,39,425
Wemmel,23102,2020-10-19,16,441
Wemmel,23102,2020-10-20,10,451
Wemmel,23102,2020-10-21,21,472
Wemmel,23102,2020-10-22,32,504
Wemmel,23102,2020-10-23,34,538
Wemmel,23102,2020-10-24,32,570
Wemmel,23102,2020-10-25,37,607
Wemmel,23102,2020-10-26,35,642
Wemmel,23102,2020-10-27,34,676
Wemmel,23102,2020-10-28,19,695
Wemmel,23102,2020-10-29,74,769
Wemmel,23102,2020-10-30,64,833
Wemmel,23102,2020-10-31,29,862
Wemmel,23102,2020-11-01,22,884
Wemmel,23102,2020-11-02,13,897
Wemmel,23102,2020-11-03,6,903
Wemmel,23102,2020-11-04,5,908
Wemmel,23102,2020-11-05,43,951
Wemmel,23102,2020-11-06,16,967
Wemmel,23102,2020-11-07,17,984
Wemmel,23102,2020-11-08,6,990
Wemmel,23102,2020-11-09,9,999
Wemmel,23102,2020-11-10,2,1001
Wemmel,23102,2020-11-11,6,1007
Wezembeek-Oppem,23103,2020-04-01,1,22
Wezembeek-Oppem,23103,2020-04-02,0,22
Wezembeek-Oppem,23103,2020-04-03,2,24
Wezembeek-Oppem,23103,2020-04-04,0,24
Wezembeek-Oppem,23103,2020-04-05,0,24
Wezembeek-Oppem,23103,2020-04-06,2,26
Wezembeek-Oppem,23103,2020-04-07,0,26
Wezembeek-Oppem,23103,2020-04-08,0,26
Wezembeek-Oppem,23103,2020-04-09,3,29
Wezembeek-Oppem,23103,2020-04-10,1,30
Wezembeek-Oppem,23103,2020-04-11,2,32
Wezembeek-Oppem,23103,2020-04-12,1,33
Wezembeek-Oppem,23103,2020-04-13,1,34
Wezembeek-Oppem,23103,2020-04-14,1,35
Wezembeek-Oppem,23103,2020-04-15,1,36
Wezembeek-Oppem,23103,2020-04-16,0,36
Wezembeek-Oppem,23103,2020-04-17,0,36
Wezembeek-Oppem,23103,2020-04-18,2,38
Wezembeek-Oppem,23103,2020-04-19,0,38
Wezembeek-Oppem,23103,2020-04-20,0,38
Wezembeek-Oppem,23103,2020-04-21,1,39
Wezembeek-Oppem,23103,2020-04-22,2,41
Wezembeek-Oppem,23103,2020-04-23,1,42
Wezembeek-Oppem,23103,2020-04-24,1,43
Wezembeek-Oppem,23103,2020-04-25,-1,42
Wezembeek-Oppem,23103,2020-04-26,0,42
Wezembeek-Oppem,23103,2020-04-27,0,42
Wezembeek-Oppem,23103,2020-04-28,1,43
Wezembeek-Oppem,23103,2020-04-29,0,43
Wezembeek-Oppem,23103,2020-04-30,1,44
Wezembeek-Oppem,23103,2020-05-01,0,44
Wezembeek-Oppem,23103,2020-05-02,0,44
Wezembeek-Oppem,23103,2020-05-03,2,46
Wezembeek-Oppem,23103,2020-05-04,0,46
Wezembeek-Oppem,23103,2020-05-05,0,46
Wezembeek-Oppem,23103,2020-05-06,2,48
Wezembeek-Oppem,23103,2020-05-07,0,48
Wezembeek-Oppem,23103,2020-05-08,1,49
Wezembeek-Oppem,23103,2020-05-09,0,49
Wezembeek-Oppem,23103,2020-05-10,0,49
Wezembeek-Oppem,23103,2020-05-11,1,50
Wezembeek-Oppem,23103,2020-05-12,0,50
Wezembeek-Oppem,23103,2020-05-13,1,51
Wezembeek-Oppem,23103,2020-05-14,0,51
Wezembeek-Oppem,23103,2020-05-15,0,51
Wezembeek-Oppem,23103,2020-05-16,0,51
Wezembeek-Oppem,23103,2020-05-17,0,51
Wezembeek-Oppem,23103,2020-05-18,0,51
Wezembeek-Oppem,23103,2020-05-19,0,51
Wezembeek-Oppem,23103,2020-05-20,0,51
Wezembeek-Oppem,23103,2020-05-21,0,51
Wezembeek-Oppem,23103,2020-05-22,0,51
Wezembeek-Oppem,23103,2020-05-23,0,51
Wezembeek-Oppem,23103,2020-05-24,1,52
Wezembeek-Oppem,23103,2020-05-25,0,52
Wezembeek-Oppem,23103,2020-05-26,0,52
Wezembeek-Oppem,23103,2020-05-27,0,52
Wezembeek-Oppem,23103,2020-05-28,1,53
Wezembeek-Oppem,23103,2020-05-29,0,53
Wezembeek-Oppem,23103,2020-05-30,0,53
Wezembeek-Oppem,23103,2020-05-31,0,53
Wezembeek-Oppem,23103,2020-06-01,0,53
Wezembeek-Oppem,23103,2020-06-02,0,53
Wezembeek-Oppem,23103,2020-06-03,0,53
Wezembeek-Oppem,23103,2020-06-04,0,53
Wezembeek-Oppem,23103,2020-06-05,0,53
Wezembeek-Oppem,23103,2020-06-06,0,53
Wezembeek-Oppem,23103,2020-06-07,6,59
Wezembeek-Oppem,23103,2020-06-08,0,59
Wezembeek-Oppem,23103,2020-06-09,0,59
Wezembeek-Oppem,23103,2020-06-10,0,59
Wezembeek-Oppem,23103,2020-06-11,2,61
Wezembeek-Oppem,23103,2020-06-12,0,61
Wezembeek-Oppem,23103,2020-06-13,0,61
Wezembeek-Oppem,23103,2020-06-14,0,61
Wezembeek-Oppem,23103,2020-06-15,0,61
Wezembeek-Oppem,23103,2020-06-16,0,61
Wezembeek-Oppem,23103,2020-06-17,0,61
Wezembeek-Oppem,23103,2020-06-18,0,61
Wezembeek-Oppem,23103,2020-06-19,0,61
Wezembeek-Oppem,23103,2020-06-20,0,61
Wezembeek-Oppem,23103,2020-06-23,0,61
Wezembeek-Oppem,23103,2020-06-24,0,61
Wezembeek-Oppem,23103,2020-06-25,0,61
Wezembeek-Oppem,23103,2020-06-26,0,61
Wezembeek-Oppem,23103,2020-06-27,0,61
Wezembeek-Oppem,23103,2020-06-30,0,61
Wezembeek-Oppem,23103,2020-07-01,1,62
Wezembeek-Oppem,23103,2020-07-02,0,62
Wezembeek-Oppem,23103,2020-07-03,0,62
Wezembeek-Oppem,23103,2020-07-04,0,62
Wezembeek-Oppem,23103,2020-07-07,0,62
Wezembeek-Oppem,23103,2020-07-08,0,62
Wezembeek-Oppem,23103,2020-07-09,0,62
Wezembeek-Oppem,23103,2020-07-10,0,62
Wezembeek-Oppem,23103,2020-07-11,0,62
Wezembeek-Oppem,23103,2020-07-14,0,62
Wezembeek-Oppem,23103,2020-07-15,1,63
Wezembeek-Oppem,23103,2020-07-16,0,63
Wezembeek-Oppem,23103,2020-07-17,0,63
Wezembeek-Oppem,23103,2020-07-18,0,63
Wezembeek-Oppem,23103,2020-07-20,0,63
Wezembeek-Oppem,23103,2020-07-21,0,63
Wezembeek-Oppem,23103,2020-07-22,0,63
Wezembeek-Oppem,23103,2020-07-23,1,64
Wezembeek-Oppem,23103,2020-07-24,0,64
Wezembeek-Oppem,23103,2020-07-25,0,64
Wezembeek-Oppem,23103,2020-07-26,0,64
Wezembeek-Oppem,23103,2020-07-27,0,64
Wezembeek-Oppem,23103,2020-07-28,0,64
Wezembeek-Oppem,23103,2020-07-29,1,65
Wezembeek-Oppem,23103,2020-07-30,0,65
Wezembeek-Oppem,23103,2020-07-31,0,65
Wezembeek-Oppem,23103,2020-08-01,2,67
Wezembeek-Oppem,23103,2020-08-02,0,67
Wezembeek-Oppem,23103,2020-08-03,0,67
Wezembeek-Oppem,23103,2020-08-04,0,67
Wezembeek-Oppem,23103,2020-08-05,1,68
Wezembeek-Oppem,23103,2020-08-06,0,68
Wezembeek-Oppem,23103,2020-08-07,1,69
Wezembeek-Oppem,23103,2020-08-08,1,70
Wezembeek-Oppem,23103,2020-08-09,0,70
Wezembeek-Oppem,23103,2020-08-10,0,70
Wezembeek-Oppem,23103,2020-08-11,1,71
Wezembeek-Oppem,23103,2020-08-12,0,71
Wezembeek-Oppem,23103,2020-08-13,0,71
Wezembeek-Oppem,23103,2020-08-14,0,71
Wezembeek-Oppem,23103,2020-08-15,2,73
Wezembeek-Oppem,23103,2020-08-16,2,75
Wezembeek-Oppem,23103,2020-08-17,1,76
Wezembeek-Oppem,23103,2020-08-18,0,76
Wezembeek-Oppem,23103,2020-08-19,0,76
Wezembeek-Oppem,23103,2020-08-20,0,76
Wezembeek-Oppem,23103,2020-08-21,4,80
Wezembeek-Oppem,23103,2020-08-22,1,81
Wezembeek-Oppem,23103,2020-08-23,1,82
Wezembeek-Oppem,23103,2020-08-24,0,82
Wezembeek-Oppem,23103,2020-08-25,0,82
Wezembeek-Oppem,23103,2020-08-26,0,82
Wezembeek-Oppem,23103,2020-08-27,0,82
Wezembeek-Oppem,23103,2020-08-28,1,83
Wezembeek-Oppem,23103,2020-08-29,0,83
Wezembeek-Oppem,23103,2020-08-30,2,85
Wezembeek-Oppem,23103,2020-08-31,3,88
Wezembeek-Oppem,23103,2020-09-01,0,88
Wezembeek-Oppem,23103,2020-09-02,1,89
Wezembeek-Oppem,23103,2020-09-03,1,90
Wezembeek-Oppem,23103,2020-09-04,1,91
Wezembeek-Oppem,23103,2020-09-05,1,92
Wezembeek-Oppem,23103,2020-09-06,2,94
Wezembeek-Oppem,23103,2020-09-07,0,94
Wezembeek-Oppem,23103,2020-09-08,0,94
Wezembeek-Oppem,23103,2020-09-09,1,95
Wezembeek-Oppem,23103,2020-09-10,0,95
Wezembeek-Oppem,23103,2020-09-11,3,98
Wezembeek-Oppem,23103,2020-09-12,2,100
Wezembeek-Oppem,23103,2020-09-13,0,100
Wezembeek-Oppem,23103,2020-09-14,0,100
Wezembeek-Oppem,23103,2020-09-15,0,100
Wezembeek-Oppem,23103,2020-09-16,0,100
Wezembeek-Oppem,23103,2020-09-17,3,103
Wezembeek-Oppem,23103,2020-09-18,5,108
Wezembeek-Oppem,23103,2020-09-19,2,110
Wezembeek-Oppem,23103,2020-09-20,1,111
Wezembeek-Oppem,23103,2020-09-21,2,113
Wezembeek-Oppem,23103,2020-09-22,1,114
Wezembeek-Oppem,23103,2020-09-23,1,115
Wezembeek-Oppem,23103,2020-09-24,4,119
Wezembeek-Oppem,23103,2020-09-25,2,121
Wezembeek-Oppem,23103,2020-09-26,5,126
Wezembeek-Oppem,23103,2020-09-27,1,127
Wezembeek-Oppem,23103,2020-09-28,2,129
Wezembeek-Oppem,23103,2020-09-29,4,133
Wezembeek-Oppem,23103,2020-09-30,3,136
Wezembeek-Oppem,23103,2020-10-01,2,138
Wezembeek-Oppem,23103,2020-10-02,5,143
Wezembeek-Oppem,23103,2020-10-03,7,150
Wezembeek-Oppem,23103,2020-10-04,4,154
Wezembeek-Oppem,23103,2020-10-05,2,156
Wezembeek-Oppem,23103,2020-10-06,4,160
Wezembeek-Oppem,23103,2020-10-07,4,164
Wezembeek-Oppem,23103,2020-10-08,11,175
Wezembeek-Oppem,23103,2020-10-09,14,189
Wezembeek-Oppem,23103,2020-10-10,14,203
Wezembeek-Oppem,23103,2020-10-11,32,235
Wezembeek-Oppem,23103,2020-10-12,10,245
Wezembeek-Oppem,23103,2020-10-13,5,250
Wezembeek-Oppem,23103,2020-10-14,13,263
Wezembeek-Oppem,23103,2020-10-15,13,276
Wezembeek-Oppem,23103,2020-10-16,20,296
Wezembeek-Oppem,23103,2020-10-17,9,305
Wezembeek-Oppem,23103,2020-10-18,21,326
Wezembeek-Oppem,23103,2020-10-19,11,337
Wezembeek-Oppem,23103,2020-10-20,6,343
Wezembeek-Oppem,23103,2020-10-21,2,345
Wezembeek-Oppem,23103,2020-10-22,26,371
Wezembeek-Oppem,23103,2020-10-23,30,401
Wezembeek-Oppem,23103,2020-10-24,19,420
Wezembeek-Oppem,23103,2020-10-25,28,448
Wezembeek-Oppem,23103,2020-10-26,30,478
Wezembeek-Oppem,23103,2020-10-27,11,489
Wezembeek-Oppem,23103,2020-10-28,28,517
Wezembeek-Oppem,23103,2020-10-29,30,547
Wezembeek-Oppem,23103,2020-10-30,38,585
Wezembeek-Oppem,23103,2020-10-31,20,605
Wezembeek-Oppem,23103,2020-11-01,12,617
Wezembeek-Oppem,23103,2020-11-02,7,624
Wezembeek-Oppem,23103,2020-11-03,1,625
Wezembeek-Oppem,23103,2020-11-04,2,627
Wezembeek-Oppem,23103,2020-11-05,17,644
Wezembeek-Oppem,23103,2020-11-06,7,651
Wezembeek-Oppem,23103,2020-11-07,18,669
Wezembeek-Oppem,23103,2020-11-08,6,675
Wezembeek-Oppem,23103,2020-11-09,9,684
Wezembeek-Oppem,23103,2020-11-10,2,686
Wezembeek-Oppem,23103,2020-11-11,2,688
Lennik,23104,2020-04-01,0,10
Lennik,23104,2020-04-02,2,12
Lennik,23104,2020-04-03,1,13
Lennik,23104,2020-04-04,0,13
Lennik,23104,2020-04-05,0,13
Lennik,23104,2020-04-06,0,13
Lennik,23104,2020-04-07,2,15
Lennik,23104,2020-04-08,1,16
Lennik,23104,2020-04-09,0,16
Lennik,23104,2020-04-10,2,18
Lennik,23104,2020-04-11,0,18
Lennik,23104,2020-04-12,0,18
Lennik,23104,2020-04-13,0,18
Lennik,23104,2020-04-14,0,18
Lennik,23104,2020-04-15,1,19
Lennik,23104,2020-04-16,1,20
Lennik,23104,2020-04-17,1,21
Lennik,23104,2020-04-18,0,21
Lennik,23104,2020-04-19,1,22
Lennik,23104,2020-04-20,0,22
Lennik,23104,2020-04-21,0,22
Lennik,23104,2020-04-22,0,22
Lennik,23104,2020-04-23,0,22
Lennik,23104,2020-04-24,0,22
Lennik,23104,2020-04-25,1,23
Lennik,23104,2020-04-26,0,23
Lennik,23104,2020-04-27,0,23
Lennik,23104,2020-04-28,0,23
Lennik,23104,2020-04-29,0,23
Lennik,23104,2020-04-30,0,23
Lennik,23104,2020-05-01,1,24
Lennik,23104,2020-05-02,0,24
Lennik,23104,2020-05-03,0,24
Lennik,23104,2020-05-04,0,24
Lennik,23104,2020-05-05,0,24
Lennik,23104,2020-05-06,1,25
Lennik,23104,2020-05-07,0,25
Lennik,23104,2020-05-08,0,25
Lennik,23104,2020-05-09,1,26
Lennik,23104,2020-05-10,0,26
Lennik,23104,2020-05-11,0,26
Lennik,23104,2020-05-12,0,26
Lennik,23104,2020-05-13,0,26
Lennik,23104,2020-05-14,0,26
Lennik,23104,2020-05-15,0,26
Lennik,23104,2020-05-16,0,26
Lennik,23104,2020-05-17,0,26
Lennik,23104,2020-05-18,0,26
Lennik,23104,2020-05-19,0,26
Lennik,23104,2020-05-20,0,26
Lennik,23104,2020-05-21,0,26
Lennik,23104,2020-05-22,0,26
Lennik,23104,2020-05-23,0,26
Lennik,23104,2020-05-24,0,26
Lennik,23104,2020-05-25,0,26
Lennik,23104,2020-05-26,0,26
Lennik,23104,2020-05-27,0,26
Lennik,23104,2020-05-28,0,26
Lennik,23104,2020-05-29,1,27
Lennik,23104,2020-05-30,0,27
Lennik,23104,2020-05-31,0,27
Lennik,23104,2020-06-01,1,28
Lennik,23104,2020-06-02,1,29
Lennik,23104,2020-06-03,0,29
Lennik,23104,2020-06-04,0,29
Lennik,23104,2020-06-05,0,29
Lennik,23104,2020-06-06,1,30
Lennik,23104,2020-06-07,0,30
Lennik,23104,2020-06-08,1,31
Lennik,23104,2020-06-09,0,31
Lennik,23104,2020-06-10,0,31
Lennik,23104,2020-06-11,1,32
Lennik,23104,2020-06-12,-1,31
Lennik,23104,2020-06-13,0,31
Lennik,23104,2020-06-14,0,31
Lennik,23104,2020-06-15,0,31
Lennik,23104,2020-06-16,0,31
Lennik,23104,2020-06-17,0,31
Lennik,23104,2020-06-18,0,31
Lennik,23104,2020-06-19,0,31
Lennik,23104,2020-06-20,0,31
Lennik,23104,2020-06-23,0,31
Lennik,23104,2020-06-24,0,31
Lennik,23104,2020-06-25,0,31
Lennik,23104,2020-06-26,0,31
Lennik,23104,2020-06-27,0,31
Lennik,23104,2020-06-30,0,31
Lennik,23104,2020-07-01,0,31
Lennik,23104,2020-07-02,0,31
Lennik,23104,2020-07-03,0,31
Lennik,23104,2020-07-04,0,31
Lennik,23104,2020-07-07,0,31
Lennik,23104,2020-07-08,0,31
Lennik,23104,2020-07-09,0,31
Lennik,23104,2020-07-10,0,31
Lennik,23104,2020-07-11,0,31
Lennik,23104,2020-07-14,0,31
Lennik,23104,2020-07-15,0,31
Lennik,23104,2020-07-16,0,31
Lennik,23104,2020-07-17,0,31
Lennik,23104,2020-07-18,0,31
Lennik,23104,2020-07-20,0,31
Lennik,23104,2020-07-21,0,31
Lennik,23104,2020-07-22,0,31
Lennik,23104,2020-07-23,0,31
Lennik,23104,2020-07-24,0,31
Lennik,23104,2020-07-25,0,31
Lennik,23104,2020-07-26,0,31
Lennik,23104,2020-07-27,0,31
Lennik,23104,2020-07-28,0,31
Lennik,23104,2020-07-29,0,31
Lennik,23104,2020-07-30,0,31
Lennik,23104,2020-07-31,0,31
Lennik,23104,2020-08-01,0,31
Lennik,23104,2020-08-02,0,31
Lennik,23104,2020-08-03,0,31
Lennik,23104,2020-08-04,0,31
Lennik,23104,2020-08-05,0,31
Lennik,23104,2020-08-06,0,31
Lennik,23104,2020-08-07,1,32
Lennik,23104,2020-08-08,1,33
Lennik,23104,2020-08-09,0,33
Lennik,23104,2020-08-10,0,33
Lennik,23104,2020-08-11,0,33
Lennik,23104,2020-08-12,0,33
Lennik,23104,2020-08-13,0,33
Lennik,23104,2020-08-14,0,33
Lennik,23104,2020-08-15,0,33
Lennik,23104,2020-08-16,1,34
Lennik,23104,2020-08-17,0,34
Lennik,23104,2020-08-18,0,34
Lennik,23104,2020-08-19,1,35
Lennik,23104,2020-08-20,1,36
Lennik,23104,2020-08-21,0,36
Lennik,23104,2020-08-22,0,36
Lennik,23104,2020-08-23,0,36
Lennik,23104,2020-08-24,0,36
Lennik,23104,2020-08-25,0,36
Lennik,23104,2020-08-26,0,36
Lennik,23104,2020-08-27,0,36
Lennik,23104,2020-08-28,0,36
Lennik,23104,2020-08-29,1,37
Lennik,23104,2020-08-30,0,37
Lennik,23104,2020-08-31,0,37
Lennik,23104,2020-09-01,0,37
Lennik,23104,2020-09-02,0,37
Lennik,23104,2020-09-03,1,38
Lennik,23104,2020-09-04,0,38
Lennik,23104,2020-09-05,1,39
Lennik,23104,2020-09-06,0,39
Lennik,23104,2020-09-07,0,39
Lennik,23104,2020-09-08,1,40
Lennik,23104,2020-09-09,0,40
Lennik,23104,2020-09-10,0,40
Lennik,23104,2020-09-11,0,40
Lennik,23104,2020-09-12,1,41
Lennik,23104,2020-09-13,0,41
Lennik,23104,2020-09-14,0,41
Lennik,23104,2020-09-15,0,41
Lennik,23104,2020-09-16,0,41
Lennik,23104,2020-09-17,0,41
Lennik,23104,2020-09-18,1,42
Lennik,23104,2020-09-19,3,45
Lennik,23104,2020-09-20,1,46
Lennik,23104,2020-09-21,2,48
Lennik,23104,2020-09-22,0,48
Lennik,23104,2020-09-23,0,48
Lennik,23104,2020-09-24,3,51
Lennik,23104,2020-09-25,1,52
Lennik,23104,2020-09-26,2,54
Lennik,23104,2020-09-27,2,56
Lennik,23104,2020-09-28,0,56
Lennik,23104,2020-09-29,1,57
Lennik,23104,2020-09-30,1,58
Lennik,23104,2020-10-01,1,59
Lennik,23104,2020-10-02,3,62
Lennik,23104,2020-10-03,0,62
Lennik,23104,2020-10-04,1,63
Lennik,23104,2020-10-05,2,65
Lennik,23104,2020-10-06,2,67
Lennik,23104,2020-10-07,0,67
Lennik,23104,2020-10-08,3,70
Lennik,23104,2020-10-09,2,72
Lennik,23104,2020-10-10,2,74
Lennik,23104,2020-10-11,5,79
Lennik,23104,2020-10-12,3,82
Lennik,23104,2020-10-13,2,84
Lennik,23104,2020-10-14,8,92
Lennik,23104,2020-10-15,7,99
Lennik,23104,2020-10-16,5,104
Lennik,23104,2020-10-17,15,119
Lennik,23104,2020-10-18,12,131
Lennik,23104,2020-10-19,9,140
Lennik,23104,2020-10-20,10,150
Lennik,23104,2020-10-21,5,155
Lennik,23104,2020-10-22,26,181
Lennik,23104,2020-10-23,18,199
Lennik,23104,2020-10-24,19,218
Lennik,23104,2020-10-25,17,235
Lennik,23104,2020-10-26,10,245
Lennik,23104,2020-10-27,21,266
Lennik,23104,2020-10-28,8,274
Lennik,23104,2020-10-29,16,290
Lennik,23104,2020-10-30,20,310
Lennik,23104,2020-10-31,18,328
Lennik,23104,2020-11-01,8,336
Lennik,23104,2020-11-02,5,341
Lennik,23104,2020-11-03,4,345
Lennik,23104,2020-11-04,0,345
Lennik,23104,2020-11-05,15,360
Lennik,23104,2020-11-06,5,365
Lennik,23104,2020-11-07,4,369
Lennik,23104,2020-11-08,3,372
Lennik,23104,2020-11-09,0,372
Lennik,23104,2020-11-10,2,374
Lennik,23104,2020-11-11,2,376
Affligem,23105,2020-04-01,1,20
Affligem,23105,2020-04-02,1,21
Affligem,23105,2020-04-03,1,22
Affligem,23105,2020-04-04,1,23
Affligem,23105,2020-04-05,2,25
Affligem,23105,2020-04-06,3,28
Affligem,23105,2020-04-07,0,28
Affligem,23105,2020-04-08,1,29
Affligem,23105,2020-04-09,1,30
Affligem,23105,2020-04-10,1,31
Affligem,23105,2020-04-11,0,31
Affligem,23105,2020-04-12,2,33
Affligem,23105,2020-04-13,1,34
Affligem,23105,2020-04-14,1,35
Affligem,23105,2020-04-15,1,36
Affligem,23105,2020-04-16,0,36
Affligem,23105,2020-04-17,1,37
Affligem,23105,2020-04-18,0,37
Affligem,23105,2020-04-19,2,39
Affligem,23105,2020-04-20,0,39
Affligem,23105,2020-04-21,0,39
Affligem,23105,2020-04-22,0,39
Affligem,23105,2020-04-23,2,41
Affligem,23105,2020-04-24,2,43
Affligem,23105,2020-04-25,0,43
Affligem,23105,2020-04-26,0,43
Affligem,23105,2020-04-27,0,43
Affligem,23105,2020-04-28,1,44
Affligem,23105,2020-04-29,0,44
Affligem,23105,2020-04-30,0,44
Affligem,23105,2020-05-01,0,44
Affligem,23105,2020-05-02,1,45
Affligem,23105,2020-05-03,0,45
Affligem,23105,2020-05-04,1,46
Affligem,23105,2020-05-05,1,47
Affligem,23105,2020-05-06,0,47
Affligem,23105,2020-05-07,1,48
Affligem,23105,2020-05-08,0,48
Affligem,23105,2020-05-09,1,49
Affligem,23105,2020-05-10,0,49
Affligem,23105,2020-05-11,0,49
Affligem,23105,2020-05-12,1,50
Affligem,23105,2020-05-13,0,50
Affligem,23105,2020-05-14,0,50
Affligem,23105,2020-05-15,0,50
Affligem,23105,2020-05-16,0,50
Affligem,23105,2020-05-17,0,50
Affligem,23105,2020-05-18,1,51
Affligem,23105,2020-05-19,0,51
Affligem,23105,2020-05-20,0,51
Affligem,23105,2020-05-21,2,53
Affligem,23105,2020-05-22,0,53
Affligem,23105,2020-05-23,0,53
Affligem,23105,2020-05-24,0,53
Affligem,23105,2020-05-25,0,53
Affligem,23105,2020-05-26,0,53
Affligem,23105,2020-05-27,0,53
Affligem,23105,2020-05-28,0,53
Affligem,23105,2020-05-29,0,53
Affligem,23105,2020-05-30,0,53
Affligem,23105,2020-05-31,0,53
Affligem,23105,2020-06-01,0,53
Affligem,23105,2020-06-02,0,53
Affligem,23105,2020-06-03,0,53
Affligem,23105,2020-06-04,0,53
Affligem,23105,2020-06-05,0,53
Affligem,23105,2020-06-06,0,53
Affligem,23105,2020-06-07,0,53
Affligem,23105,2020-06-08,0,53
Affligem,23105,2020-06-09,1,54
Affligem,23105,2020-06-10,0,54
Affligem,23105,2020-06-11,0,54
Affligem,23105,2020-06-12,1,55
Affligem,23105,2020-06-13,0,55
Affligem,23105,2020-06-14,0,55
Affligem,23105,2020-06-15,1,56
Affligem,23105,2020-06-16,0,56
Affligem,23105,2020-06-17,0,56
Affligem,23105,2020-06-18,0,56
Affligem,23105,2020-06-19,0,56
Affligem,23105,2020-06-20,0,56
Affligem,23105,2020-06-23,0,56
Affligem,23105,2020-06-24,0,56
Affligem,23105,2020-06-25,0,56
Affligem,23105,2020-06-26,0,56
Affligem,23105,2020-06-27,0,56
Affligem,23105,2020-06-30,0,56
Affligem,23105,2020-07-01,0,56
Affligem,23105,2020-07-02,0,56
Affligem,23105,2020-07-03,0,56
Affligem,23105,2020-07-04,0,56
Affligem,23105,2020-07-07,0,56
Affligem,23105,2020-07-08,0,56
Affligem,23105,2020-07-09,0,56
Affligem,23105,2020-07-10,0,56
Affligem,23105,2020-07-11,0,56
Affligem,23105,2020-07-14,0,56
Affligem,23105,2020-07-15,0,56
Affligem,23105,2020-07-16,0,56
Affligem,23105,2020-07-17,0,56
Affligem,23105,2020-07-18,0,56
Affligem,23105,2020-07-20,0,56
Affligem,23105,2020-07-21,0,56
Affligem,23105,2020-07-22,0,56
Affligem,23105,2020-07-23,0,56
Affligem,23105,2020-07-24,0,56
Affligem,23105,2020-07-25,0,56
Affligem,23105,2020-07-26,0,56
Affligem,23105,2020-07-27,0,56
Affligem,23105,2020-07-28,0,56
Affligem,23105,2020-07-29,0,56
Affligem,23105,2020-07-30,0,56
Affligem,23105,2020-07-31,0,56
Affligem,23105,2020-08-01,0,56
Affligem,23105,2020-08-02,0,56
Affligem,23105,2020-08-03,0,56
Affligem,23105,2020-08-04,0,56
Affligem,23105,2020-08-05,0,56
Affligem,23105,2020-08-06,0,56
Affligem,23105,2020-08-07,1,57
Affligem,23105,2020-08-08,0,57
Affligem,23105,2020-08-09,0,57
Affligem,23105,2020-08-10,1,58
Affligem,23105,2020-08-11,0,58
Affligem,23105,2020-08-12,0,58
Affligem,23105,2020-08-13,0,58
Affligem,23105,2020-08-14,0,58
Affligem,23105,2020-08-15,0,58
Affligem,23105,2020-08-16,0,58
Affligem,23105,2020-08-17,0,58
Affligem,23105,2020-08-18,0,58
Affligem,23105,2020-08-19,0,58
Affligem,23105,2020-08-20,0,58
Affligem,23105,2020-08-21,0,58
Affligem,23105,2020-08-22,1,59
Affligem,23105,2020-08-23,0,59
Affligem,23105,2020-08-24,0,59
Affligem,23105,2020-08-25,0,59
Affligem,23105,2020-08-26,0,59
Affligem,23105,2020-08-27,0,59
Affligem,23105,2020-08-28,0,59
Affligem,23105,2020-08-29,0,59
Affligem,23105,2020-08-30,0,59
Affligem,23105,2020-08-31,1,60
Affligem,23105,2020-09-01,0,60
Affligem,23105,2020-09-02,0,60
Affligem,23105,2020-09-03,0,60
Affligem,23105,2020-09-04,0,60
Affligem,23105,2020-09-05,1,61
Affligem,23105,2020-09-06,0,61
Affligem,23105,2020-09-07,4,65
Affligem,23105,2020-09-08,0,65
Affligem,23105,2020-09-09,0,65
Affligem,23105,2020-09-10,0,65
Affligem,23105,2020-09-11,1,66
Affligem,23105,2020-09-12,0,66
Affligem,23105,2020-09-13,0,66
Affligem,23105,2020-09-14,1,67
Affligem,23105,2020-09-15,0,67
Affligem,23105,2020-09-16,1,68
Affligem,23105,2020-09-17,0,68
Affligem,23105,2020-09-18,1,69
Affligem,23105,2020-09-19,2,71
Affligem,23105,2020-09-20,-1,70
Affligem,23105,2020-09-21,2,72
Affligem,23105,2020-09-22,0,72
Affligem,23105,2020-09-23,3,75
Affligem,23105,2020-09-24,0,75
Affligem,23105,2020-09-25,0,75
Affligem,23105,2020-09-26,1,76
Affligem,23105,2020-09-27,3,79
Affligem,23105,2020-09-28,1,80
Affligem,23105,2020-09-29,1,81
Affligem,23105,2020-09-30,1,82
Affligem,23105,2020-10-01,2,84
Affligem,23105,2020-10-02,3,87
Affligem,23105,2020-10-03,5,92
Affligem,23105,2020-10-04,3,95
Affligem,23105,2020-10-05,5,100
Affligem,23105,2020-10-06,0,100
Affligem,23105,2020-10-07,1,101
Affligem,23105,2020-10-08,4,105
Affligem,23105,2020-10-09,8,113
Affligem,23105,2020-10-10,7,120
Affligem,23105,2020-10-11,3,123
Affligem,23105,2020-10-12,2,125
Affligem,23105,2020-10-13,4,129
Affligem,23105,2020-10-14,8,137
Affligem,23105,2020-10-15,4,141
Affligem,23105,2020-10-16,14,155
Affligem,23105,2020-10-17,14,169
Affligem,23105,2020-10-18,12,181
Affligem,23105,2020-10-19,12,193
Affligem,23105,2020-10-20,17,210
Affligem,23105,2020-10-21,13,223
Affligem,23105,2020-10-22,17,240
Affligem,23105,2020-10-23,31,271
Affligem,23105,2020-10-24,27,298
Affligem,23105,2020-10-25,24,322
Affligem,23105,2020-10-26,23,345
Affligem,23105,2020-10-27,20,365
Affligem,23105,2020-10-28,17,382
Affligem,23105,2020-10-29,22,404
Affligem,23105,2020-10-30,24,428
Affligem,23105,2020-10-31,20,448
Affligem,23105,2020-11-01,20,468
Affligem,23105,2020-11-02,10,478
Affligem,23105,2020-11-03,4,482
Affligem,23105,2020-11-04,7,489
Affligem,23105,2020-11-05,10,499
Affligem,23105,2020-11-06,8,507
Affligem,23105,2020-11-07,8,515
Affligem,23105,2020-11-08,14,529
Affligem,23105,2020-11-09,2,531
Affligem,23105,2020-11-10,5,536
Affligem,23105,2020-11-11,2,538
Aarschot,24001,2020-04-01,5,59
Aarschot,24001,2020-04-02,3,62
Aarschot,24001,2020-04-03,6,68
Aarschot,24001,2020-04-04,3,71
Aarschot,24001,2020-04-05,3,74
Aarschot,24001,2020-04-06,6,80
Aarschot,24001,2020-04-07,1,81
Aarschot,24001,2020-04-08,4,85
Aarschot,24001,2020-04-09,6,91
Aarschot,24001,2020-04-10,6,97
Aarschot,24001,2020-04-11,5,102
Aarschot,24001,2020-04-12,3,105
Aarschot,24001,2020-04-13,1,106
Aarschot,24001,2020-04-14,1,107
Aarschot,24001,2020-04-15,2,109
Aarschot,24001,2020-04-16,2,111
Aarschot,24001,2020-04-17,2,113
Aarschot,24001,2020-04-18,3,116
Aarschot,24001,2020-04-19,5,121
Aarschot,24001,2020-04-20,0,121
Aarschot,24001,2020-04-21,0,121
Aarschot,24001,2020-04-22,2,123
Aarschot,24001,2020-04-23,1,124
Aarschot,24001,2020-04-24,5,129
Aarschot,24001,2020-04-25,2,131
Aarschot,24001,2020-04-26,1,132
Aarschot,24001,2020-04-27,1,133
Aarschot,24001,2020-04-28,0,133
Aarschot,24001,2020-04-29,1,134
Aarschot,24001,2020-04-30,4,138
Aarschot,24001,2020-05-01,1,139
Aarschot,24001,2020-05-02,2,141
Aarschot,24001,2020-05-03,1,142
Aarschot,24001,2020-05-04,0,142
Aarschot,24001,2020-05-05,0,142
Aarschot,24001,2020-05-06,1,143
Aarschot,24001,2020-05-07,1,144
Aarschot,24001,2020-05-08,0,144
Aarschot,24001,2020-05-09,1,145
Aarschot,24001,2020-05-10,1,146
Aarschot,24001,2020-05-11,0,146
Aarschot,24001,2020-05-12,0,146
Aarschot,24001,2020-05-13,0,146
Aarschot,24001,2020-05-14,0,146
Aarschot,24001,2020-05-15,3,149
Aarschot,24001,2020-05-16,1,150
Aarschot,24001,2020-05-17,0,150
Aarschot,24001,2020-05-18,0,150
Aarschot,24001,2020-05-19,1,151
Aarschot,24001,2020-05-20,0,151
Aarschot,24001,2020-05-21,0,151
Aarschot,24001,2020-05-22,0,151
Aarschot,24001,2020-05-23,1,152
Aarschot,24001,2020-05-24,0,152
Aarschot,24001,2020-05-25,0,152
Aarschot,24001,2020-05-26,0,152
Aarschot,24001,2020-05-27,0,152
Aarschot,24001,2020-05-28,1,153
Aarschot,24001,2020-05-29,0,153
Aarschot,24001,2020-05-30,0,153
Aarschot,24001,2020-05-31,0,153
Aarschot,24001,2020-06-01,0,153
Aarschot,24001,2020-06-02,0,153
Aarschot,24001,2020-06-03,0,153
Aarschot,24001,2020-06-04,0,153
Aarschot,24001,2020-06-05,0,153
Aarschot,24001,2020-06-06,0,153
Aarschot,24001,2020-06-07,0,153
Aarschot,24001,2020-06-08,0,153
Aarschot,24001,2020-06-09,0,153
Aarschot,24001,2020-06-10,0,153
Aarschot,24001,2020-06-11,0,153
Aarschot,24001,2020-06-12,0,153
Aarschot,24001,2020-06-13,0,153
Aarschot,24001,2020-06-14,0,153
Aarschot,24001,2020-06-15,0,153
Aarschot,24001,2020-06-16,0,153
Aarschot,24001,2020-06-17,0,153
Aarschot,24001,2020-06-18,0,153
Aarschot,24001,2020-06-19,0,153
Aarschot,24001,2020-06-20,0,153
Aarschot,24001,2020-06-23,0,153
Aarschot,24001,2020-06-24,0,153
Aarschot,24001,2020-06-25,0,153
Aarschot,24001,2020-06-26,0,153
Aarschot,24001,2020-06-27,0,153
Aarschot,24001,2020-06-30,1,154
Aarschot,24001,2020-07-01,0,154
Aarschot,24001,2020-07-02,0,154
Aarschot,24001,2020-07-03,0,154
Aarschot,24001,2020-07-04,0,154
Aarschot,24001,2020-07-07,1,155
Aarschot,24001,2020-07-08,0,155
Aarschot,24001,2020-07-09,0,155
Aarschot,24001,2020-07-10,0,155
Aarschot,24001,2020-07-11,0,155
Aarschot,24001,2020-07-14,0,155
Aarschot,24001,2020-07-15,0,155
Aarschot,24001,2020-07-16,0,155
Aarschot,24001,2020-07-17,0,155
Aarschot,24001,2020-07-18,1,156
Aarschot,24001,2020-07-20,0,156
Aarschot,24001,2020-07-21,0,156
Aarschot,24001,2020-07-22,0,156
Aarschot,24001,2020-07-23,1,157
Aarschot,24001,2020-07-24,0,157
Aarschot,24001,2020-07-25,0,157
Aarschot,24001,2020-07-26,0,157
Aarschot,24001,2020-07-27,0,157
Aarschot,24001,2020-07-28,0,157
Aarschot,24001,2020-07-29,0,157
Aarschot,24001,2020-07-30,0,157
Aarschot,24001,2020-07-31,0,157
Aarschot,24001,2020-08-01,0,157
Aarschot,24001,2020-08-02,0,157
Aarschot,24001,2020-08-03,0,157
Aarschot,24001,2020-08-04,0,157
Aarschot,24001,2020-08-05,0,157
Aarschot,24001,2020-08-06,0,157
Aarschot,24001,2020-08-07,0,157
Aarschot,24001,2020-08-08,0,157
Aarschot,24001,2020-08-09,0,157
Aarschot,24001,2020-08-10,0,157
Aarschot,24001,2020-08-11,0,157
Aarschot,24001,2020-08-12,0,157
Aarschot,24001,2020-08-13,2,159
Aarschot,24001,2020-08-14,0,159
Aarschot,24001,2020-08-15,1,160
Aarschot,24001,2020-08-16,1,161
Aarschot,24001,2020-08-17,0,161
Aarschot,24001,2020-08-18,0,161
Aarschot,24001,2020-08-19,0,161
Aarschot,24001,2020-08-20,4,165
Aarschot,24001,2020-08-21,0,165
Aarschot,24001,2020-08-22,0,165
Aarschot,24001,2020-08-23,0,165
Aarschot,24001,2020-08-24,0,165
Aarschot,24001,2020-08-25,0,165
Aarschot,24001,2020-08-26,0,165
Aarschot,24001,2020-08-27,1,166
Aarschot,24001,2020-08-28,0,166
Aarschot,24001,2020-08-29,0,166
Aarschot,24001,2020-08-30,3,169
Aarschot,24001,2020-08-31,0,169
Aarschot,24001,2020-09-01,0,169
Aarschot,24001,2020-09-02,0,169
Aarschot,24001,2020-09-03,0,169
Aarschot,24001,2020-09-04,1,170
Aarschot,24001,2020-09-05,0,170
Aarschot,24001,2020-09-06,3,173
Aarschot,24001,2020-09-07,1,174
Aarschot,24001,2020-09-08,0,174
Aarschot,24001,2020-09-09,0,174
Aarschot,24001,2020-09-10,0,174
Aarschot,24001,2020-09-11,2,176
Aarschot,24001,2020-09-12,0,176
Aarschot,24001,2020-09-13,1,177
Aarschot,24001,2020-09-14,1,178
Aarschot,24001,2020-09-15,0,178
Aarschot,24001,2020-09-16,1,179
Aarschot,24001,2020-09-17,2,181
Aarschot,24001,2020-09-18,0,181
Aarschot,24001,2020-09-19,1,182
Aarschot,24001,2020-09-20,1,183
Aarschot,24001,2020-09-21,0,183
Aarschot,24001,2020-09-22,0,183
Aarschot,24001,2020-09-23,0,183
Aarschot,24001,2020-09-24,2,185
Aarschot,24001,2020-09-25,1,186
Aarschot,24001,2020-09-26,0,186
Aarschot,24001,2020-09-27,0,186
Aarschot,24001,2020-09-28,0,186
Aarschot,24001,2020-09-29,0,186
Aarschot,24001,2020-09-30,1,187
Aarschot,24001,2020-10-01,1,188
Aarschot,24001,2020-10-02,2,190
Aarschot,24001,2020-10-03,0,190
Aarschot,24001,2020-10-04,1,191
Aarschot,24001,2020-10-05,2,193
Aarschot,24001,2020-10-06,0,193
Aarschot,24001,2020-10-07,2,195
Aarschot,24001,2020-10-08,2,197
Aarschot,24001,2020-10-09,2,199
Aarschot,24001,2020-10-10,1,200
Aarschot,24001,2020-10-11,0,200
Aarschot,24001,2020-10-12,3,203
Aarschot,24001,2020-10-13,2,205
Aarschot,24001,2020-10-14,3,208
Aarschot,24001,2020-10-15,5,213
Aarschot,24001,2020-10-16,16,229
Aarschot,24001,2020-10-17,10,239
Aarschot,24001,2020-10-18,7,246
Aarschot,24001,2020-10-19,7,253
Aarschot,24001,2020-10-20,6,259
Aarschot,24001,2020-10-21,6,265
Aarschot,24001,2020-10-22,4,269
Aarschot,24001,2020-10-23,19,288
Aarschot,24001,2020-10-24,10,298
Aarschot,24001,2020-10-25,15,313
Aarschot,24001,2020-10-26,16,329
Aarschot,24001,2020-10-27,6,335
Aarschot,24001,2020-10-28,4,339
Aarschot,24001,2020-10-29,29,368
Aarschot,24001,2020-10-30,4,372
Aarschot,24001,2020-10-31,12,384
Aarschot,24001,2020-11-01,9,393
Aarschot,24001,2020-11-02,7,400
Aarschot,24001,2020-11-03,4,404
Aarschot,24001,2020-11-04,0,404
Aarschot,24001,2020-11-05,18,422
Aarschot,24001,2020-11-06,15,437
Aarschot,24001,2020-11-07,40,477
Aarschot,24001,2020-11-08,13,490
Aarschot,24001,2020-11-09,7,497
Aarschot,24001,2020-11-10,4,501
Aarschot,24001,2020-11-11,7,508
Begijnendijk,24007,2020-04-01,0,12
Begijnendijk,24007,2020-04-02,1,13
Begijnendijk,24007,2020-04-03,2,15
Begijnendijk,24007,2020-04-04,0,15
Begijnendijk,24007,2020-04-05,0,15
Begijnendijk,24007,2020-04-06,0,15
Begijnendijk,24007,2020-04-07,0,15
Begijnendijk,24007,2020-04-08,0,15
Begijnendijk,24007,2020-04-09,4,19
Begijnendijk,24007,2020-04-10,4,23
Begijnendijk,24007,2020-04-11,3,26
Begijnendijk,24007,2020-04-12,3,29
Begijnendijk,24007,2020-04-13,3,32
Begijnendijk,24007,2020-04-14,2,34
Begijnendijk,24007,2020-04-15,0,34
Begijnendijk,24007,2020-04-16,0,34
Begijnendijk,24007,2020-04-17,3,37
Begijnendijk,24007,2020-04-18,1,38
Begijnendijk,24007,2020-04-19,0,38
Begijnendijk,24007,2020-04-20,1,39
Begijnendijk,24007,2020-04-21,1,40
Begijnendijk,24007,2020-04-22,1,41
Begijnendijk,24007,2020-04-23,0,41
Begijnendijk,24007,2020-04-24,0,41
Begijnendijk,24007,2020-04-25,1,42
Begijnendijk,24007,2020-04-26,0,42
Begijnendijk,24007,2020-04-27,0,42
Begijnendijk,24007,2020-04-28,0,42
Begijnendijk,24007,2020-04-29,0,42
Begijnendijk,24007,2020-04-30,11,53
Begijnendijk,24007,2020-05-01,1,54
Begijnendijk,24007,2020-05-02,0,54
Begijnendijk,24007,2020-05-03,0,54
Begijnendijk,24007,2020-05-04,0,54
Begijnendijk,24007,2020-05-05,0,54
Begijnendijk,24007,2020-05-06,0,54
Begijnendijk,24007,2020-05-07,0,54
Begijnendijk,24007,2020-05-08,0,54
Begijnendijk,24007,2020-05-09,0,54
Begijnendijk,24007,2020-05-10,0,54
Begijnendijk,24007,2020-05-11,0,54
Begijnendijk,24007,2020-05-12,0,54
Begijnendijk,24007,2020-05-13,0,54
Begijnendijk,24007,2020-05-14,0,54
Begijnendijk,24007,2020-05-15,0,54
Begijnendijk,24007,2020-05-16,1,55
Begijnendijk,24007,2020-05-17,0,55
Begijnendijk,24007,2020-05-18,1,56
Begijnendijk,24007,2020-05-19,0,56
Begijnendijk,24007,2020-05-20,1,57
Begijnendijk,24007,2020-05-21,0,57
Begijnendijk,24007,2020-05-22,0,57
Begijnendijk,24007,2020-05-23,0,57
Begijnendijk,24007,2020-05-24,0,57
Begijnendijk,24007,2020-05-25,0,57
Begijnendijk,24007,2020-05-26,0,57
Begijnendijk,24007,2020-05-27,0,57
Begijnendijk,24007,2020-05-28,0,57
Begijnendijk,24007,2020-05-29,0,57
Begijnendijk,24007,2020-05-30,0,57
Begijnendijk,24007,2020-05-31,0,57
Begijnendijk,24007,2020-06-01,0,57
Begijnendijk,24007,2020-06-02,0,57
Begijnendijk,24007,2020-06-03,0,57
Begijnendijk,24007,2020-06-04,0,57
Begijnendijk,24007,2020-06-05,0,57
Begijnendijk,24007,2020-06-06,0,57
Begijnendijk,24007,2020-06-07,0,57
Begijnendijk,24007,2020-06-08,0,57
Begijnendijk,24007,2020-06-09,0,57
Begijnendijk,24007,2020-06-10,0,57
Begijnendijk,24007,2020-06-11,0,57
Begijnendijk,24007,2020-06-12,0,57
Begijnendijk,24007,2020-06-13,0,57
Begijnendijk,24007,2020-06-14,0,57
Begijnendijk,24007,2020-06-15,0,57
Begijnendijk,24007,2020-06-16,0,57
Begijnendijk,24007,2020-06-17,0,57
Begijnendijk,24007,2020-06-18,1,58
Begijnendijk,24007,2020-06-19,0,58
Begijnendijk,24007,2020-06-20,0,58
Begijnendijk,24007,2020-06-23,0,58
Begijnendijk,24007,2020-06-24,0,58
Begijnendijk,24007,2020-06-25,0,58
Begijnendijk,24007,2020-06-26,0,58
Begijnendijk,24007,2020-06-27,0,58
Begijnendijk,24007,2020-06-30,0,58
Begijnendijk,24007,2020-07-01,0,58
Begijnendijk,24007,2020-07-02,0,58
Begijnendijk,24007,2020-07-03,0,58
Begijnendijk,24007,2020-07-04,0,58
Begijnendijk,24007,2020-07-07,0,58
Begijnendijk,24007,2020-07-08,0,58
Begijnendijk,24007,2020-07-09,0,58
Begijnendijk,24007,2020-07-10,0,58
Begijnendijk,24007,2020-07-11,0,58
Begijnendijk,24007,2020-07-14,0,58
Begijnendijk,24007,2020-07-15,0,58
Begijnendijk,24007,2020-07-16,0,58
Begijnendijk,24007,2020-07-17,0,58
Begijnendijk,24007,2020-07-18,0,58
Begijnendijk,24007,2020-07-20,1,59
Begijnendijk,24007,2020-07-21,0,59
Begijnendijk,24007,2020-07-22,0,59
Begijnendijk,24007,2020-07-23,1,60
Begijnendijk,24007,2020-07-24,0,60
Begijnendijk,24007,2020-07-25,0,60
Begijnendijk,24007,2020-07-26,0,60
Begijnendijk,24007,2020-07-27,0,60
Begijnendijk,24007,2020-07-28,0,60
Begijnendijk,24007,2020-07-29,1,61
Begijnendijk,24007,2020-07-30,0,61
Begijnendijk,24007,2020-07-31,0,61
Begijnendijk,24007,2020-08-01,0,61
Begijnendijk,24007,2020-08-02,0,61
Begijnendijk,24007,2020-08-03,0,61
Begijnendijk,24007,2020-08-04,0,61
Begijnendijk,24007,2020-08-05,0,61
Begijnendijk,24007,2020-08-06,0,61
Begijnendijk,24007,2020-08-07,0,61
Begijnendijk,24007,2020-08-08,0,61
Begijnendijk,24007,2020-08-09,0,61
Begijnendijk,24007,2020-08-10,0,61
Begijnendijk,24007,2020-08-11,0,61
Begijnendijk,24007,2020-08-12,0,61
Begijnendijk,24007,2020-08-13,0,61
Begijnendijk,24007,2020-08-14,0,61
Begijnendijk,24007,2020-08-15,0,61
Begijnendijk,24007,2020-08-16,0,61
Begijnendijk,24007,2020-08-17,0,61
Begijnendijk,24007,2020-08-18,0,61
Begijnendijk,24007,2020-08-19,0,61
Begijnendijk,24007,2020-08-20,0,61
Begijnendijk,24007,2020-08-21,0,61
Begijnendijk,24007,2020-08-22,0,61
Begijnendijk,24007,2020-08-23,0,61
Begijnendijk,24007,2020-08-24,0,61
Begijnendijk,24007,2020-08-25,0,61
Begijnendijk,24007,2020-08-26,0,61
Begijnendijk,24007,2020-08-27,0,61
Begijnendijk,24007,2020-08-28,0,61
Begijnendijk,24007,2020-08-29,0,61
Begijnendijk,24007,2020-08-30,0,61
Begijnendijk,24007,2020-08-31,0,61
Begijnendijk,24007,2020-09-01,0,61
Begijnendijk,24007,2020-09-02,0,61
Begijnendijk,24007,2020-09-03,0,61
Begijnendijk,24007,2020-09-04,0,61
Begijnendijk,24007,2020-09-05,0,61
Begijnendijk,24007,2020-09-06,0,61
Begijnendijk,24007,2020-09-07,0,61
Begijnendijk,24007,2020-09-08,0,61
Begijnendijk,24007,2020-09-09,0,61
Begijnendijk,24007,2020-09-10,0,61
Begijnendijk,24007,2020-09-11,0,61
Begijnendijk,24007,2020-09-12,0,61
Begijnendijk,24007,2020-09-13,1,62
Begijnendijk,24007,2020-09-14,0,62
Begijnendijk,24007,2020-09-15,0,62
Begijnendijk,24007,2020-09-16,0,62
Begijnendijk,24007,2020-09-17,1,63
Begijnendijk,24007,2020-09-18,0,63
Begijnendijk,24007,2020-09-19,1,64
Begijnendijk,24007,2020-09-20,0,64
Begijnendijk,24007,2020-09-21,0,64
Begijnendijk,24007,2020-09-22,1,65
Begijnendijk,24007,2020-09-23,2,67
Begijnendijk,24007,2020-09-24,0,67
Begijnendijk,24007,2020-09-25,2,69
Begijnendijk,24007,2020-09-26,1,70
Begijnendijk,24007,2020-09-27,0,70
Begijnendijk,24007,2020-09-28,0,70
Begijnendijk,24007,2020-09-29,0,70
Begijnendijk,24007,2020-09-30,0,70
Begijnendijk,24007,2020-10-01,0,70
Begijnendijk,24007,2020-10-02,1,71
Begijnendijk,24007,2020-10-03,0,71
Begijnendijk,24007,2020-10-04,0,71
Begijnendijk,24007,2020-10-05,0,71
Begijnendijk,24007,2020-10-06,0,71
Begijnendijk,24007,2020-10-07,0,71
Begijnendijk,24007,2020-10-08,0,71
Begijnendijk,24007,2020-10-09,0,71
Begijnendijk,24007,2020-10-10,3,74
Begijnendijk,24007,2020-10-11,0,74
Begijnendijk,24007,2020-10-12,1,75
Begijnendijk,24007,2020-10-13,0,75
Begijnendijk,24007,2020-10-14,0,75
Begijnendijk,24007,2020-10-15,3,78
Begijnendijk,24007,2020-10-16,1,79
Begijnendijk,24007,2020-10-17,2,81
Begijnendijk,24007,2020-10-18,4,85
Begijnendijk,24007,2020-10-19,2,87
Begijnendijk,24007,2020-10-20,7,94
Begijnendijk,24007,2020-10-21,1,95
Begijnendijk,24007,2020-10-22,2,97
Begijnendijk,24007,2020-10-23,11,108
Begijnendijk,24007,2020-10-24,9,117
Begijnendijk,24007,2020-10-25,8,125
Begijnendijk,24007,2020-10-26,6,131
Begijnendijk,24007,2020-10-27,3,134
Begijnendijk,24007,2020-10-28,1,135
Begijnendijk,24007,2020-10-29,8,143
Begijnendijk,24007,2020-10-30,4,147
Begijnendijk,24007,2020-10-31,7,154
Begijnendijk,24007,2020-11-01,10,164
Begijnendijk,24007,2020-11-02,6,170
Begijnendijk,24007,2020-11-03,1,171
Begijnendijk,24007,2020-11-04,1,172
Begijnendijk,24007,2020-11-05,6,178
Begijnendijk,24007,2020-11-06,6,184
Begijnendijk,24007,2020-11-07,8,192
Begijnendijk,24007,2020-11-08,2,194
Begijnendijk,24007,2020-11-09,2,196
Begijnendijk,24007,2020-11-10,0,196
Begijnendijk,24007,2020-11-11,4,200
Bekkevoort,24008,2020-04-01,0,7
Bekkevoort,24008,2020-04-02,0,7
Bekkevoort,24008,2020-04-03,0,7
Bekkevoort,24008,2020-04-04,0,7
Bekkevoort,24008,2020-04-05,0,7
Bekkevoort,24008,2020-04-06,2,9
Bekkevoort,24008,2020-04-07,1,10
Bekkevoort,24008,2020-04-08,3,13
Bekkevoort,24008,2020-04-09,1,14
Bekkevoort,24008,2020-04-10,2,16
Bekkevoort,24008,2020-04-11,1,17
Bekkevoort,24008,2020-04-12,8,25
Bekkevoort,24008,2020-04-13,5,30
Bekkevoort,24008,2020-04-14,2,32
Bekkevoort,24008,2020-04-15,2,34
Bekkevoort,24008,2020-04-16,1,35
Bekkevoort,24008,2020-04-17,1,36
Bekkevoort,24008,2020-04-18,0,36
Bekkevoort,24008,2020-04-19,0,36
Bekkevoort,24008,2020-04-20,0,36
Bekkevoort,24008,2020-04-21,0,36
Bekkevoort,24008,2020-04-22,0,36
Bekkevoort,24008,2020-04-23,0,36
Bekkevoort,24008,2020-04-24,0,36
Bekkevoort,24008,2020-04-25,2,38
Bekkevoort,24008,2020-04-26,0,38
Bekkevoort,24008,2020-04-27,0,38
Bekkevoort,24008,2020-04-28,0,38
Bekkevoort,24008,2020-04-29,0,38
Bekkevoort,24008,2020-04-30,1,39
Bekkevoort,24008,2020-05-01,0,39
Bekkevoort,24008,2020-05-02,0,39
Bekkevoort,24008,2020-05-03,0,39
Bekkevoort,24008,2020-05-04,0,39
Bekkevoort,24008,2020-05-05,0,39
Bekkevoort,24008,2020-05-06,1,40
Bekkevoort,24008,2020-05-07,0,40
Bekkevoort,24008,2020-05-08,0,40
Bekkevoort,24008,2020-05-09,0,40
Bekkevoort,24008,2020-05-10,0,40
Bekkevoort,24008,2020-05-11,0,40
Bekkevoort,24008,2020-05-12,0,40
Bekkevoort,24008,2020-05-13,0,40
Bekkevoort,24008,2020-05-14,0,40
Bekkevoort,24008,2020-05-15,0,40
Bekkevoort,24008,2020-05-16,0,40
Bekkevoort,24008,2020-05-17,0,40
Bekkevoort,24008,2020-05-18,0,40
Bekkevoort,24008,2020-05-19,0,40
Bekkevoort,24008,2020-05-20,0,40
Bekkevoort,24008,2020-05-21,0,40
Bekkevoort,24008,2020-05-22,0,40
Bekkevoort,24008,2020-05-23,0,40
Bekkevoort,24008,2020-05-24,0,40
Bekkevoort,24008,2020-05-25,0,40
Bekkevoort,24008,2020-05-26,0,40
Bekkevoort,24008,2020-05-27,0,40
Bekkevoort,24008,2020-05-28,0,40
Bekkevoort,24008,2020-05-29,0,40
Bekkevoort,24008,2020-05-30,0,40
Bekkevoort,24008,2020-05-31,0,40
Bekkevoort,24008,2020-06-01,0,40
Bekkevoort,24008,2020-06-02,0,40
Bekkevoort,24008,2020-06-03,0,40
Bekkevoort,24008,2020-06-04,0,40
Bekkevoort,24008,2020-06-05,1,41
Bekkevoort,24008,2020-06-06,0,41
Bekkevoort,24008,2020-06-07,0,41
Bekkevoort,24008,2020-06-08,0,41
Bekkevoort,24008,2020-06-09,0,41
Bekkevoort,24008,2020-06-10,0,41
Bekkevoort,24008,2020-06-11,0,41
Bekkevoort,24008,2020-06-12,0,41
Bekkevoort,24008,2020-06-13,0,41
Bekkevoort,24008,2020-06-14,0,41
Bekkevoort,24008,2020-06-15,0,41
Bekkevoort,24008,2020-06-16,0,41
Bekkevoort,24008,2020-06-17,0,41
Bekkevoort,24008,2020-06-18,0,41
Bekkevoort,24008,2020-06-19,0,41
Bekkevoort,24008,2020-06-20,0,41
Bekkevoort,24008,2020-06-23,0,41
Bekkevoort,24008,2020-06-24,0,41
Bekkevoort,24008,2020-06-25,0,41
Bekkevoort,24008,2020-06-26,0,41
Bekkevoort,24008,2020-06-27,0,41
Bekkevoort,24008,2020-06-30,0,41
Bekkevoort,24008,2020-07-01,0,41
Bekkevoort,24008,2020-07-02,0,41
Bekkevoort,24008,2020-07-03,0,41
Bekkevoort,24008,2020-07-04,0,41
Bekkevoort,24008,2020-07-07,0,41
Bekkevoort,24008,2020-07-08,1,42
Bekkevoort,24008,2020-07-09,1,43
Bekkevoort,24008,2020-07-10,1,44
Bekkevoort,24008,2020-07-11,0,44
Bekkevoort,24008,2020-07-14,0,44
Bekkevoort,24008,2020-07-15,0,44
Bekkevoort,24008,2020-07-16,0,44
Bekkevoort,24008,2020-07-17,0,44
Bekkevoort,24008,2020-07-18,0,44
Bekkevoort,24008,2020-07-20,0,44
Bekkevoort,24008,2020-07-21,0,44
Bekkevoort,24008,2020-07-22,0,44
Bekkevoort,24008,2020-07-23,0,44
Bekkevoort,24008,2020-07-24,0,44
Bekkevoort,24008,2020-07-25,0,44
Bekkevoort,24008,2020-07-26,0,44
Bekkevoort,24008,2020-07-27,0,44
Bekkevoort,24008,2020-07-28,0,44
Bekkevoort,24008,2020-07-29,0,44
Bekkevoort,24008,2020-07-30,0,44
Bekkevoort,24008,2020-07-31,0,44
Bekkevoort,24008,2020-08-01,0,44
Bekkevoort,24008,2020-08-02,0,44
Bekkevoort,24008,2020-08-03,0,44
Bekkevoort,24008,2020-08-04,0,44
Bekkevoort,24008,2020-08-05,0,44
Bekkevoort,24008,2020-08-06,0,44
Bekkevoort,24008,2020-08-07,0,44
Bekkevoort,24008,2020-08-08,0,44
Bekkevoort,24008,2020-08-09,0,44
Bekkevoort,24008,2020-08-10,1,45
Bekkevoort,24008,2020-08-11,1,46
Bekkevoort,24008,2020-08-12,0,46
Bekkevoort,24008,2020-08-13,2,48
Bekkevoort,24008,2020-08-14,-2,46
Bekkevoort,24008,2020-08-15,2,48
Bekkevoort,24008,2020-08-16,0,48
Bekkevoort,24008,2020-08-17,0,48
Bekkevoort,24008,2020-08-18,0,48
Bekkevoort,24008,2020-08-19,0,48
Bekkevoort,24008,2020-08-20,1,49
Bekkevoort,24008,2020-08-21,0,49
Bekkevoort,24008,2020-08-22,0,49
Bekkevoort,24008,2020-08-23,0,49
Bekkevoort,24008,2020-08-24,0,49
Bekkevoort,24008,2020-08-25,0,49
Bekkevoort,24008,2020-08-26,0,49
Bekkevoort,24008,2020-08-27,0,49
Bekkevoort,24008,2020-08-28,0,49
Bekkevoort,24008,2020-08-29,0,49
Bekkevoort,24008,2020-08-30,0,49
Bekkevoort,24008,2020-08-31,0,49
Bekkevoort,24008,2020-09-01,0,49
Bekkevoort,24008,2020-09-02,0,49
Bekkevoort,24008,2020-09-03,0,49
Bekkevoort,24008,2020-09-04,0,49
Bekkevoort,24008,2020-09-05,0,49
Bekkevoort,24008,2020-09-06,0,49
Bekkevoort,24008,2020-09-07,0,49
Bekkevoort,24008,2020-09-08,0,49
Bekkevoort,24008,2020-09-09,0,49
Bekkevoort,24008,2020-09-10,0,49
Bekkevoort,24008,2020-09-11,0,49
Bekkevoort,24008,2020-09-12,0,49
Bekkevoort,24008,2020-09-13,0,49
Bekkevoort,24008,2020-09-14,0,49
Bekkevoort,24008,2020-09-15,0,49
Bekkevoort,24008,2020-09-16,0,49
Bekkevoort,24008,2020-09-17,0,49
Bekkevoort,24008,2020-09-18,0,49
Bekkevoort,24008,2020-09-19,0,49
Bekkevoort,24008,2020-09-20,0,49
Bekkevoort,24008,2020-09-21,0,49
Bekkevoort,24008,2020-09-22,0,49
Bekkevoort,24008,2020-09-23,0,49
Bekkevoort,24008,2020-09-24,1,50
Bekkevoort,24008,2020-09-25,1,51
Bekkevoort,24008,2020-09-26,0,51
Bekkevoort,24008,2020-09-27,1,52
Bekkevoort,24008,2020-09-28,0,52
Bekkevoort,24008,2020-09-29,0,52
Bekkevoort,24008,2020-09-30,0,52
Bekkevoort,24008,2020-10-01,0,52
Bekkevoort,24008,2020-10-02,0,52
Bekkevoort,24008,2020-10-03,0,52
Bekkevoort,24008,2020-10-04,0,52
Bekkevoort,24008,2020-10-05,0,52
Bekkevoort,24008,2020-10-06,0,52
Bekkevoort,24008,2020-10-07,0,52
Bekkevoort,24008,2020-10-08,0,52
Bekkevoort,24008,2020-10-09,0,52
Bekkevoort,24008,2020-10-10,1,53
Bekkevoort,24008,2020-10-11,2,55
Bekkevoort,24008,2020-10-12,0,55
Bekkevoort,24008,2020-10-13,0,55
Bekkevoort,24008,2020-10-14,1,56
Bekkevoort,24008,2020-10-15,1,57
Bekkevoort,24008,2020-10-16,6,63
Bekkevoort,24008,2020-10-17,2,65
Bekkevoort,24008,2020-10-18,1,66
Bekkevoort,24008,2020-10-19,3,69
Bekkevoort,24008,2020-10-20,3,72
Bekkevoort,24008,2020-10-21,3,75
Bekkevoort,24008,2020-10-22,1,76
Bekkevoort,24008,2020-10-23,4,80
Bekkevoort,24008,2020-10-24,1,81
Bekkevoort,24008,2020-10-25,1,82
Bekkevoort,24008,2020-10-26,4,86
Bekkevoort,24008,2020-10-27,4,90
Bekkevoort,24008,2020-10-28,4,94
Bekkevoort,24008,2020-10-29,5,99
Bekkevoort,24008,2020-10-30,3,102
Bekkevoort,24008,2020-10-31,3,105
Bekkevoort,24008,2020-11-01,1,106
Bekkevoort,24008,2020-11-02,2,108
Bekkevoort,24008,2020-11-03,1,109
Bekkevoort,24008,2020-11-04,0,109
Bekkevoort,24008,2020-11-05,5,114
Bekkevoort,24008,2020-11-06,0,114
Bekkevoort,24008,2020-11-07,0,114
Bekkevoort,24008,2020-11-08,1,115
Bekkevoort,24008,2020-11-09,0,115
Bekkevoort,24008,2020-11-10,0,115
Bekkevoort,24008,2020-11-11,0,115
Bertem,24009,2020-04-01,1,7
Bertem,24009,2020-04-02,0,7
Bertem,24009,2020-04-03,2,9
Bertem,24009,2020-04-04,0,9
Bertem,24009,2020-04-05,0,9
Bertem,24009,2020-04-06,1,10
Bertem,24009,2020-04-07,1,11
Bertem,24009,2020-04-08,1,12
Bertem,24009,2020-04-09,0,12
Bertem,24009,2020-04-10,0,12
Bertem,24009,2020-04-11,3,15
Bertem,24009,2020-04-12,0,15
Bertem,24009,2020-04-13,1,16
Bertem,24009,2020-04-14,2,18
Bertem,24009,2020-04-15,0,18
Bertem,24009,2020-04-16,0,18
Bertem,24009,2020-04-17,1,19
Bertem,24009,2020-04-18,1,20
Bertem,24009,2020-04-19,3,23
Bertem,24009,2020-04-20,0,23
Bertem,24009,2020-04-21,1,24
Bertem,24009,2020-04-22,0,24
Bertem,24009,2020-04-23,0,24
Bertem,24009,2020-04-24,3,27
Bertem,24009,2020-04-25,0,27
Bertem,24009,2020-04-26,1,28
Bertem,24009,2020-04-27,2,30
Bertem,24009,2020-04-28,0,30
Bertem,24009,2020-04-29,0,30
Bertem,24009,2020-04-30,0,30
Bertem,24009,2020-05-01,1,31
Bertem,24009,2020-05-02,0,31
Bertem,24009,2020-05-03,0,31
Bertem,24009,2020-05-04,0,31
Bertem,24009,2020-05-05,0,31
Bertem,24009,2020-05-06,1,32
Bertem,24009,2020-05-07,1,33
Bertem,24009,2020-05-08,0,33
Bertem,24009,2020-05-09,0,33
Bertem,24009,2020-05-10,1,34
Bertem,24009,2020-05-11,0,34
Bertem,24009,2020-05-12,0,34
Bertem,24009,2020-05-13,1,35
Bertem,24009,2020-05-14,0,35
Bertem,24009,2020-05-15,0,35
Bertem,24009,2020-05-16,0,35
Bertem,24009,2020-05-17,0,35
Bertem,24009,2020-05-18,0,35
Bertem,24009,2020-05-19,0,35
Bertem,24009,2020-05-20,0,35
Bertem,24009,2020-05-21,0,35
Bertem,24009,2020-05-22,0,35
Bertem,24009,2020-05-23,0,35
Bertem,24009,2020-05-24,0,35
Bertem,24009,2020-05-25,0,35
Bertem,24009,2020-05-26,0,35
Bertem,24009,2020-05-27,0,35
Bertem,24009,2020-05-28,0,35
Bertem,24009,2020-05-29,0,35
Bertem,24009,2020-05-30,0,35
Bertem,24009,2020-05-31,0,35
Bertem,24009,2020-06-01,0,35
Bertem,24009,2020-06-02,0,35
Bertem,24009,2020-06-03,0,35
Bertem,24009,2020-06-04,0,35
Bertem,24009,2020-06-05,0,35
Bertem,24009,2020-06-06,0,35
Bertem,24009,2020-06-07,0,35
Bertem,24009,2020-06-08,0,35
Bertem,24009,2020-06-09,0,35
Bertem,24009,2020-06-10,0,35
Bertem,24009,2020-06-11,0,35
Bertem,24009,2020-06-12,0,35
Bertem,24009,2020-06-13,0,35
Bertem,24009,2020-06-14,0,35
Bertem,24009,2020-06-15,0,35
Bertem,24009,2020-06-16,0,35
Bertem,24009,2020-06-17,0,35
Bertem,24009,2020-06-18,0,35
Bertem,24009,2020-06-19,0,35
Bertem,24009,2020-06-20,0,35
Bertem,24009,2020-06-23,0,35
Bertem,24009,2020-06-24,0,35
Bertem,24009,2020-06-25,0,35
Bertem,24009,2020-06-26,0,35
Bertem,24009,2020-06-27,0,35
Bertem,24009,2020-06-30,0,35
Bertem,24009,2020-07-01,0,35
Bertem,24009,2020-07-02,0,35
Bertem,24009,2020-07-03,0,35
Bertem,24009,2020-07-04,0,35
Bertem,24009,2020-07-07,0,35
Bertem,24009,2020-07-08,0,35
Bertem,24009,2020-07-09,0,35
Bertem,24009,2020-07-10,0,35
Bertem,24009,2020-07-11,0,35
Bertem,24009,2020-07-14,0,35
Bertem,24009,2020-07-15,0,35
Bertem,24009,2020-07-16,0,35
Bertem,24009,2020-07-17,0,35
Bertem,24009,2020-07-18,0,35
Bertem,24009,2020-07-20,0,35
Bertem,24009,2020-07-21,0,35
Bertem,24009,2020-07-22,0,35
Bertem,24009,2020-07-23,0,35
Bertem,24009,2020-07-24,0,35
Bertem,24009,2020-07-25,0,35
Bertem,24009,2020-07-26,1,36
Bertem,24009,2020-07-27,0,36
Bertem,24009,2020-07-28,0,36
Bertem,24009,2020-07-29,0,36
Bertem,24009,2020-07-30,0,36
Bertem,24009,2020-07-31,0,36
Bertem,24009,2020-08-01,0,36
Bertem,24009,2020-08-02,0,36
Bertem,24009,2020-08-03,0,36
Bertem,24009,2020-08-04,0,36
Bertem,24009,2020-08-05,0,36
Bertem,24009,2020-08-06,0,36
Bertem,24009,2020-08-07,0,36
Bertem,24009,2020-08-08,0,36
Bertem,24009,2020-08-09,0,36
Bertem,24009,2020-08-10,0,36
Bertem,24009,2020-08-11,0,36
Bertem,24009,2020-08-12,0,36
Bertem,24009,2020-08-13,0,36
Bertem,24009,2020-08-14,0,36
Bertem,24009,2020-08-15,0,36
Bertem,24009,2020-08-16,0,36
Bertem,24009,2020-08-17,0,36
Bertem,24009,2020-08-18,0,36
Bertem,24009,2020-08-19,0,36
Bertem,24009,2020-08-20,0,36
Bertem,24009,2020-08-21,1,37
Bertem,24009,2020-08-22,0,37
Bertem,24009,2020-08-23,0,37
Bertem,24009,2020-08-24,0,37
Bertem,24009,2020-08-25,1,38
Bertem,24009,2020-08-26,0,38
Bertem,24009,2020-08-27,0,38
Bertem,24009,2020-08-28,1,39
Bertem,24009,2020-08-29,0,39
Bertem,24009,2020-08-30,0,39
Bertem,24009,2020-08-31,1,40
Bertem,24009,2020-09-01,0,40
Bertem,24009,2020-09-02,0,40
Bertem,24009,2020-09-03,0,40
Bertem,24009,2020-09-04,0,40
Bertem,24009,2020-09-05,0,40
Bertem,24009,2020-09-06,0,40
Bertem,24009,2020-09-07,0,40
Bertem,24009,2020-09-08,0,40
Bertem,24009,2020-09-09,0,40
Bertem,24009,2020-09-10,0,40
Bertem,24009,2020-09-11,0,40
Bertem,24009,2020-09-12,0,40
Bertem,24009,2020-09-13,0,40
Bertem,24009,2020-09-14,0,40
Bertem,24009,2020-09-15,0,40
Bertem,24009,2020-09-16,0,40
Bertem,24009,2020-09-17,0,40
Bertem,24009,2020-09-18,1,41
Bertem,24009,2020-09-19,0,41
Bertem,24009,2020-09-20,0,41
Bertem,24009,2020-09-21,0,41
Bertem,24009,2020-09-22,0,41
Bertem,24009,2020-09-23,1,42
Bertem,24009,2020-09-24,2,44
Bertem,24009,2020-09-25,0,44
Bertem,24009,2020-09-26,2,46
Bertem,24009,2020-09-27,1,47
Bertem,24009,2020-09-28,1,48
Bertem,24009,2020-09-29,0,48
Bertem,24009,2020-09-30,0,48
Bertem,24009,2020-10-01,0,48
Bertem,24009,2020-10-02,3,51
Bertem,24009,2020-10-03,1,52
Bertem,24009,2020-10-04,2,54
Bertem,24009,2020-10-05,3,57
Bertem,24009,2020-10-06,0,57
Bertem,24009,2020-10-07,0,57
Bertem,24009,2020-10-08,0,57
Bertem,24009,2020-10-09,4,61
Bertem,24009,2020-10-10,2,63
Bertem,24009,2020-10-11,4,67
Bertem,24009,2020-10-12,6,73
Bertem,24009,2020-10-13,1,74
Bertem,24009,2020-10-14,9,83
Bertem,24009,2020-10-15,7,90
Bertem,24009,2020-10-16,4,94
Bertem,24009,2020-10-17,3,97
Bertem,24009,2020-10-18,1,98
Bertem,24009,2020-10-19,7,105
Bertem,24009,2020-10-20,2,107
Bertem,24009,2020-10-21,4,111
Bertem,24009,2020-10-22,0,111
Bertem,24009,2020-10-23,4,115
Bertem,24009,2020-10-24,5,120
Bertem,24009,2020-10-25,6,126
Bertem,24009,2020-10-26,7,133
Bertem,24009,2020-10-27,2,135
Bertem,24009,2020-10-28,2,137
Bertem,24009,2020-10-29,12,149
Bertem,24009,2020-10-30,7,156
Bertem,24009,2020-10-31,13,169
Bertem,24009,2020-11-01,5,174
Bertem,24009,2020-11-02,2,176
Bertem,24009,2020-11-03,5,181
Bertem,24009,2020-11-04,4,185
Bertem,24009,2020-11-05,3,188
Bertem,24009,2020-11-06,5,193
Bertem,24009,2020-11-07,1,194
Bertem,24009,2020-11-08,1,195
Bertem,24009,2020-11-09,2,197
Bertem,24009,2020-11-10,2,199
Bertem,24009,2020-11-11,1,200
Bierbeek,24011,2020-04-01,0,7
Bierbeek,24011,2020-04-02,1,8
Bierbeek,24011,2020-04-03,1,9
Bierbeek,24011,2020-04-04,0,9
Bierbeek,24011,2020-04-05,0,9
Bierbeek,24011,2020-04-06,4,13
Bierbeek,24011,2020-04-07,5,18
Bierbeek,24011,2020-04-08,0,18
Bierbeek,24011,2020-04-09,-9,9
Bierbeek,24011,2020-04-10,0,9
Bierbeek,24011,2020-04-11,0,9
Bierbeek,24011,2020-04-12,0,9
Bierbeek,24011,2020-04-13,0,9
Bierbeek,24011,2020-04-14,0,9
Bierbeek,24011,2020-04-15,0,9
Bierbeek,24011,2020-04-16,2,11
Bierbeek,24011,2020-04-17,0,11
Bierbeek,24011,2020-04-18,0,11
Bierbeek,24011,2020-04-19,0,11
Bierbeek,24011,2020-04-20,0,11
Bierbeek,24011,2020-04-21,0,11
Bierbeek,24011,2020-04-22,0,11
Bierbeek,24011,2020-04-23,0,11
Bierbeek,24011,2020-04-24,0,11
Bierbeek,24011,2020-04-25,0,11
Bierbeek,24011,2020-04-26,0,11
Bierbeek,24011,2020-04-27,0,11
Bierbeek,24011,2020-04-28,0,11
Bierbeek,24011,2020-04-29,0,11
Bierbeek,24011,2020-04-30,2,13
Bierbeek,24011,2020-05-01,1,14
Bierbeek,24011,2020-05-02,0,14
Bierbeek,24011,2020-05-03,0,14
Bierbeek,24011,2020-05-04,0,14
Bierbeek,24011,2020-05-05,1,15
Bierbeek,24011,2020-05-06,1,16
Bierbeek,24011,2020-05-07,0,16
Bierbeek,24011,2020-05-08,0,16
Bierbeek,24011,2020-05-09,0,16
Bierbeek,24011,2020-05-10,0,16
Bierbeek,24011,2020-05-11,0,16
Bierbeek,24011,2020-05-12,0,16
Bierbeek,24011,2020-05-13,0,16
Bierbeek,24011,2020-05-14,0,16
Bierbeek,24011,2020-05-15,0,16
Bierbeek,24011,2020-05-16,0,16
Bierbeek,24011,2020-05-17,0,16
Bierbeek,24011,2020-05-18,0,16
Bierbeek,24011,2020-05-19,0,16
Bierbeek,24011,2020-05-20,0,16
Bierbeek,24011,2020-05-21,0,16
Bierbeek,24011,2020-05-22,0,16
Bierbeek,24011,2020-05-23,0,16
Bierbeek,24011,2020-05-24,0,16
Bierbeek,24011,2020-05-25,0,16
Bierbeek,24011,2020-05-26,0,16
Bierbeek,24011,2020-05-27,0,16
Bierbeek,24011,2020-05-28,0,16
Bierbeek,24011,2020-05-29,0,16
Bierbeek,24011,2020-05-30,0,16
Bierbeek,24011,2020-05-31,0,16
Bierbeek,24011,2020-06-01,0,16
Bierbeek,24011,2020-06-02,0,16
Bierbeek,24011,2020-06-03,0,16
Bierbeek,24011,2020-06-04,0,16
Bierbeek,24011,2020-06-05,0,16
Bierbeek,24011,2020-06-06,0,16
Bierbeek,24011,2020-06-07,0,16
Bierbeek,24011,2020-06-08,0,16
Bierbeek,24011,2020-06-09,0,16
Bierbeek,24011,2020-06-10,1,17
Bierbeek,24011,2020-06-11,0,17
Bierbeek,24011,2020-06-12,0,17
Bierbeek,24011,2020-06-13,0,17
Bierbeek,24011,2020-06-14,0,17
Bierbeek,24011,2020-06-15,0,17
Bierbeek,24011,2020-06-16,0,17
Bierbeek,24011,2020-06-17,0,17
Bierbeek,24011,2020-06-18,0,17
Bierbeek,24011,2020-06-19,0,17
Bierbeek,24011,2020-06-20,0,17
Bierbeek,24011,2020-06-23,0,17
Bierbeek,24011,2020-06-24,0,17
Bierbeek,24011,2020-06-25,0,17
Bierbeek,24011,2020-06-26,0,17
Bierbeek,24011,2020-06-27,0,17
Bierbeek,24011,2020-06-30,0,17
Bierbeek,24011,2020-07-01,0,17
Bierbeek,24011,2020-07-02,0,17
Bierbeek,24011,2020-07-03,0,17
Bierbeek,24011,2020-07-04,0,17
Bierbeek,24011,2020-07-07,1,18
Bierbeek,24011,2020-07-08,1,19
Bierbeek,24011,2020-07-09,-1,18
Bierbeek,24011,2020-07-10,0,18
Bierbeek,24011,2020-07-11,0,18
Bierbeek,24011,2020-07-14,0,18
Bierbeek,24011,2020-07-15,0,18
Bierbeek,24011,2020-07-16,0,18
Bierbeek,24011,2020-07-17,0,18
Bierbeek,24011,2020-07-18,0,18
Bierbeek,24011,2020-07-20,0,18
Bierbeek,24011,2020-07-21,0,18
Bierbeek,24011,2020-07-22,0,18
Bierbeek,24011,2020-07-23,0,18
Bierbeek,24011,2020-07-24,0,18
Bierbeek,24011,2020-07-25,0,18
Bierbeek,24011,2020-07-26,0,18
Bierbeek,24011,2020-07-27,0,18
Bierbeek,24011,2020-07-28,0,18
Bierbeek,24011,2020-07-29,0,18
Bierbeek,24011,2020-07-30,0,18
Bierbeek,24011,2020-07-31,0,18
Bierbeek,24011,2020-08-01,0,18
Bierbeek,24011,2020-08-02,0,18
Bierbeek,24011,2020-08-03,0,18
Bierbeek,24011,2020-08-04,0,18
Bierbeek,24011,2020-08-05,0,18
Bierbeek,24011,2020-08-06,0,18
Bierbeek,24011,2020-08-07,0,18
Bierbeek,24011,2020-08-08,1,19
Bierbeek,24011,2020-08-09,1,20
Bierbeek,24011,2020-08-10,0,20
Bierbeek,24011,2020-08-11,0,20
Bierbeek,24011,2020-08-12,0,20
Bierbeek,24011,2020-08-13,0,20
Bierbeek,24011,2020-08-14,0,20
Bierbeek,24011,2020-08-15,0,20
Bierbeek,24011,2020-08-16,0,20
Bierbeek,24011,2020-08-17,1,21
Bierbeek,24011,2020-08-18,0,21
Bierbeek,24011,2020-08-19,0,21
Bierbeek,24011,2020-08-20,0,21
Bierbeek,24011,2020-08-21,0,21
Bierbeek,24011,2020-08-22,0,21
Bierbeek,24011,2020-08-23,2,23
Bierbeek,24011,2020-08-24,0,23
Bierbeek,24011,2020-08-25,0,23
Bierbeek,24011,2020-08-26,0,23
Bierbeek,24011,2020-08-27,0,23
Bierbeek,24011,2020-08-28,0,23
Bierbeek,24011,2020-08-29,0,23
Bierbeek,24011,2020-08-30,0,23
Bierbeek,24011,2020-08-31,1,24
Bierbeek,24011,2020-09-01,0,24
Bierbeek,24011,2020-09-02,0,24
Bierbeek,24011,2020-09-03,0,24
Bierbeek,24011,2020-09-04,1,25
Bierbeek,24011,2020-09-05,0,25
Bierbeek,24011,2020-09-06,3,28
Bierbeek,24011,2020-09-07,0,28
Bierbeek,24011,2020-09-08,0,28
Bierbeek,24011,2020-09-09,0,28
Bierbeek,24011,2020-09-10,0,28
Bierbeek,24011,2020-09-11,1,29
Bierbeek,24011,2020-09-12,0,29
Bierbeek,24011,2020-09-13,0,29
Bierbeek,24011,2020-09-14,1,30
Bierbeek,24011,2020-09-15,1,31
Bierbeek,24011,2020-09-16,0,31
Bierbeek,24011,2020-09-17,0,31
Bierbeek,24011,2020-09-18,0,31
Bierbeek,24011,2020-09-19,0,31
Bierbeek,24011,2020-09-20,0,31
Bierbeek,24011,2020-09-21,0,31
Bierbeek,24011,2020-09-22,1,32
Bierbeek,24011,2020-09-23,0,32
Bierbeek,24011,2020-09-24,0,32
Bierbeek,24011,2020-09-25,0,32
Bierbeek,24011,2020-09-26,0,32
Bierbeek,24011,2020-09-27,0,32
Bierbeek,24011,2020-09-28,0,32
Bierbeek,24011,2020-09-29,0,32
Bierbeek,24011,2020-09-30,0,32
Bierbeek,24011,2020-10-01,0,32
Bierbeek,24011,2020-10-02,2,34
Bierbeek,24011,2020-10-03,2,36
Bierbeek,24011,2020-10-04,0,36
Bierbeek,24011,2020-10-05,1,37
Bierbeek,24011,2020-10-06,0,37
Bierbeek,24011,2020-10-07,0,37
Bierbeek,24011,2020-10-08,0,37
Bierbeek,24011,2020-10-09,1,38
Bierbeek,24011,2020-10-10,3,41
Bierbeek,24011,2020-10-11,3,44
Bierbeek,24011,2020-10-12,2,46
Bierbeek,24011,2020-10-13,1,47
Bierbeek,24011,2020-10-14,0,47
Bierbeek,24011,2020-10-15,4,51
Bierbeek,24011,2020-10-16,9,60
Bierbeek,24011,2020-10-17,5,65
Bierbeek,24011,2020-10-18,4,69
Bierbeek,24011,2020-10-19,1,70
Bierbeek,24011,2020-10-20,5,75
Bierbeek,24011,2020-10-21,4,79
Bierbeek,24011,2020-10-22,1,80
Bierbeek,24011,2020-10-23,16,96
Bierbeek,24011,2020-10-24,6,102
Bierbeek,24011,2020-10-25,7,109
Bierbeek,24011,2020-10-26,4,113
Bierbeek,24011,2020-10-27,7,120
Bierbeek,24011,2020-10-28,0,120
Bierbeek,24011,2020-10-29,9,129
Bierbeek,24011,2020-10-30,6,135
Bierbeek,24011,2020-10-31,1,136
Bierbeek,24011,2020-11-01,5,141
Bierbeek,24011,2020-11-02,5,146
Bierbeek,24011,2020-11-03,3,149
Bierbeek,24011,2020-11-04,2,151
Bierbeek,24011,2020-11-05,7,158
Bierbeek,24011,2020-11-06,3,161
Bierbeek,24011,2020-11-07,2,163
Bierbeek,24011,2020-11-08,3,166
Bierbeek,24011,2020-11-09,1,167
Bierbeek,24011,2020-11-10,0,167
Bierbeek,24011,2020-11-11,1,168
Boortmeerbeek,24014,2020-04-01,0,18
Boortmeerbeek,24014,2020-04-02,2,20
Boortmeerbeek,24014,2020-04-03,0,20
Boortmeerbeek,24014,2020-04-04,1,21
Boortmeerbeek,24014,2020-04-05,0,21
Boortmeerbeek,24014,2020-04-06,2,23
Boortmeerbeek,24014,2020-04-07,0,23
Boortmeerbeek,24014,2020-04-08,0,23
Boortmeerbeek,24014,2020-04-09,0,23
Boortmeerbeek,24014,2020-04-10,0,23
Boortmeerbeek,24014,2020-04-11,1,24
Boortmeerbeek,24014,2020-04-12,0,24
Boortmeerbeek,24014,2020-04-13,0,24
Boortmeerbeek,24014,2020-04-14,1,25
Boortmeerbeek,24014,2020-04-15,0,25
Boortmeerbeek,24014,2020-04-16,0,25
Boortmeerbeek,24014,2020-04-17,1,26
Boortmeerbeek,24014,2020-04-18,0,26
Boortmeerbeek,24014,2020-04-19,0,26
Boortmeerbeek,24014,2020-04-20,0,26
Boortmeerbeek,24014,2020-04-21,0,26
Boortmeerbeek,24014,2020-04-22,1,27
Boortmeerbeek,24014,2020-04-23,1,28
Boortmeerbeek,24014,2020-04-24,0,28
Boortmeerbeek,24014,2020-04-25,0,28
Boortmeerbeek,24014,2020-04-26,2,30
Boortmeerbeek,24014,2020-04-27,2,32
Boortmeerbeek,24014,2020-04-28,1,33
Boortmeerbeek,24014,2020-04-29,1,34
Boortmeerbeek,24014,2020-04-30,0,34
Boortmeerbeek,24014,2020-05-01,1,35
Boortmeerbeek,24014,2020-05-02,0,35
Boortmeerbeek,24014,2020-05-03,1,36
Boortmeerbeek,24014,2020-05-04,0,36
Boortmeerbeek,24014,2020-05-05,1,37
Boortmeerbeek,24014,2020-05-06,0,37
Boortmeerbeek,24014,2020-05-07,0,37
Boortmeerbeek,24014,2020-05-08,1,38
Boortmeerbeek,24014,2020-05-09,3,41
Boortmeerbeek,24014,2020-05-10,0,41
Boortmeerbeek,24014,2020-05-11,1,42
Boortmeerbeek,24014,2020-05-12,0,42
Boortmeerbeek,24014,2020-05-13,1,43
Boortmeerbeek,24014,2020-05-14,0,43
Boortmeerbeek,24014,2020-05-15,1,44
Boortmeerbeek,24014,2020-05-16,0,44
Boortmeerbeek,24014,2020-05-17,0,44
Boortmeerbeek,24014,2020-05-18,0,44
Boortmeerbeek,24014,2020-05-19,0,44
Boortmeerbeek,24014,2020-05-20,0,44
Boortmeerbeek,24014,2020-05-21,0,44
Boortmeerbeek,24014,2020-05-22,0,44
Boortmeerbeek,24014,2020-05-23,0,44
Boortmeerbeek,24014,2020-05-24,0,44
Boortmeerbeek,24014,2020-05-25,0,44
Boortmeerbeek,24014,2020-05-26,0,44
Boortmeerbeek,24014,2020-05-27,0,44
Boortmeerbeek,24014,2020-05-28,0,44
Boortmeerbeek,24014,2020-05-29,0,44
Boortmeerbeek,24014,2020-05-30,0,44
Boortmeerbeek,24014,2020-05-31,0,44
Boortmeerbeek,24014,2020-06-01,0,44
Boortmeerbeek,24014,2020-06-02,0,44
Boortmeerbeek,24014,2020-06-03,0,44
Boortmeerbeek,24014,2020-06-04,0,44
Boortmeerbeek,24014,2020-06-05,0,44
Boortmeerbeek,24014,2020-06-06,0,44
Boortmeerbeek,24014,2020-06-07,0,44
Boortmeerbeek,24014,2020-06-08,0,44
Boortmeerbeek,24014,2020-06-09,0,44
Boortmeerbeek,24014,2020-06-10,0,44
Boortmeerbeek,24014,2020-06-11,1,45
Boortmeerbeek,24014,2020-06-12,0,45
Boortmeerbeek,24014,2020-06-13,0,45
Boortmeerbeek,24014,2020-06-14,0,45
Boortmeerbeek,24014,2020-06-15,0,45
Boortmeerbeek,24014,2020-06-16,0,45
Boortmeerbeek,24014,2020-06-17,0,45
Boortmeerbeek,24014,2020-06-18,0,45
Boortmeerbeek,24014,2020-06-19,0,45
Boortmeerbeek,24014,2020-06-20,0,45
Boortmeerbeek,24014,2020-06-23,0,45
Boortmeerbeek,24014,2020-06-24,0,45
Boortmeerbeek,24014,2020-06-25,0,45
Boortmeerbeek,24014,2020-06-26,0,45
Boortmeerbeek,24014,2020-06-27,0,45
Boortmeerbeek,24014,2020-06-30,0,45
Boortmeerbeek,24014,2020-07-01,0,45
Boortmeerbeek,24014,2020-07-02,0,45
Boortmeerbeek,24014,2020-07-03,0,45
Boortmeerbeek,24014,2020-07-04,0,45
Boortmeerbeek,24014,2020-07-07,0,45
Boortmeerbeek,24014,2020-07-08,0,45
Boortmeerbeek,24014,2020-07-09,0,45
Boortmeerbeek,24014,2020-07-10,0,45
Boortmeerbeek,24014,2020-07-11,0,45
Boortmeerbeek,24014,2020-07-14,0,45
Boortmeerbeek,24014,2020-07-15,0,45
Boortmeerbeek,24014,2020-07-16,0,45
Boortmeerbeek,24014,2020-07-17,0,45
Boortmeerbeek,24014,2020-07-18,0,45
Boortmeerbeek,24014,2020-07-20,0,45
Boortmeerbeek,24014,2020-07-21,0,45
Boortmeerbeek,24014,2020-07-22,1,46
Boortmeerbeek,24014,2020-07-23,0,46
Boortmeerbeek,24014,2020-07-24,0,46
Boortmeerbeek,24014,2020-07-25,0,46
Boortmeerbeek,24014,2020-07-26,0,46
Boortmeerbeek,24014,2020-07-27,0,46
Boortmeerbeek,24014,2020-07-28,0,46
Boortmeerbeek,24014,2020-07-29,0,46
Boortmeerbeek,24014,2020-07-30,0,46
Boortmeerbeek,24014,2020-07-31,0,46
Boortmeerbeek,24014,2020-08-01,0,46
Boortmeerbeek,24014,2020-08-02,0,46
Boortmeerbeek,24014,2020-08-03,0,46
Boortmeerbeek,24014,2020-08-04,0,46
Boortmeerbeek,24014,2020-08-05,0,46
Boortmeerbeek,24014,2020-08-06,0,46
Boortmeerbeek,24014,2020-08-07,0,46
Boortmeerbeek,24014,2020-08-08,0,46
Boortmeerbeek,24014,2020-08-09,0,46
Boortmeerbeek,24014,2020-08-10,0,46
Boortmeerbeek,24014,2020-08-11,0,46
Boortmeerbeek,24014,2020-08-12,0,46
Boortmeerbeek,24014,2020-08-13,0,46
Boortmeerbeek,24014,2020-08-14,0,46
Boortmeerbeek,24014,2020-08-15,0,46
Boortmeerbeek,24014,2020-08-16,0,46
Boortmeerbeek,24014,2020-08-17,1,47
Boortmeerbeek,24014,2020-08-18,0,47
Boortmeerbeek,24014,2020-08-19,0,47
Boortmeerbeek,24014,2020-08-20,0,47
Boortmeerbeek,24014,2020-08-21,0,47
Boortmeerbeek,24014,2020-08-22,1,48
Boortmeerbeek,24014,2020-08-23,0,48
Boortmeerbeek,24014,2020-08-24,0,48
Boortmeerbeek,24014,2020-08-25,0,48
Boortmeerbeek,24014,2020-08-26,0,48
Boortmeerbeek,24014,2020-08-27,0,48
Boortmeerbeek,24014,2020-08-28,0,48
Boortmeerbeek,24014,2020-08-29,0,48
Boortmeerbeek,24014,2020-08-30,0,48
Boortmeerbeek,24014,2020-08-31,0,48
Boortmeerbeek,24014,2020-09-01,0,48
Boortmeerbeek,24014,2020-09-02,0,48
Boortmeerbeek,24014,2020-09-03,0,48
Boortmeerbeek,24014,2020-09-04,1,49
Boortmeerbeek,24014,2020-09-05,0,49
Boortmeerbeek,24014,2020-09-06,0,49
Boortmeerbeek,24014,2020-09-07,1,50
Boortmeerbeek,24014,2020-09-08,0,50
Boortmeerbeek,24014,2020-09-09,0,50
Boortmeerbeek,24014,2020-09-10,0,50
Boortmeerbeek,24014,2020-09-11,1,51
Boortmeerbeek,24014,2020-09-12,0,51
Boortmeerbeek,24014,2020-09-13,0,51
Boortmeerbeek,24014,2020-09-14,0,51
Boortmeerbeek,24014,2020-09-15,0,51
Boortmeerbeek,24014,2020-09-16,0,51
Boortmeerbeek,24014,2020-09-17,1,52
Boortmeerbeek,24014,2020-09-18,0,52
Boortmeerbeek,24014,2020-09-19,0,52
Boortmeerbeek,24014,2020-09-20,4,56
Boortmeerbeek,24014,2020-09-21,0,56
Boortmeerbeek,24014,2020-09-22,0,56
Boortmeerbeek,24014,2020-09-23,0,56
Boortmeerbeek,24014,2020-09-24,1,57
Boortmeerbeek,24014,2020-09-25,1,58
Boortmeerbeek,24014,2020-09-26,1,59
Boortmeerbeek,24014,2020-09-27,0,59
Boortmeerbeek,24014,2020-09-28,1,60
Boortmeerbeek,24014,2020-09-29,0,60
Boortmeerbeek,24014,2020-09-30,1,61
Boortmeerbeek,24014,2020-10-01,1,62
Boortmeerbeek,24014,2020-10-02,1,63
Boortmeerbeek,24014,2020-10-03,0,63
Boortmeerbeek,24014,2020-10-04,0,63
Boortmeerbeek,24014,2020-10-05,0,63
Boortmeerbeek,24014,2020-10-06,0,63
Boortmeerbeek,24014,2020-10-07,3,66
Boortmeerbeek,24014,2020-10-08,1,67
Boortmeerbeek,24014,2020-10-09,0,67
Boortmeerbeek,24014,2020-10-10,3,70
Boortmeerbeek,24014,2020-10-11,5,75
Boortmeerbeek,24014,2020-10-12,2,77
Boortmeerbeek,24014,2020-10-13,4,81
Boortmeerbeek,24014,2020-10-14,6,87
Boortmeerbeek,24014,2020-10-15,8,95
Boortmeerbeek,24014,2020-10-16,8,103
Boortmeerbeek,24014,2020-10-17,4,107
Boortmeerbeek,24014,2020-10-18,4,111
Boortmeerbeek,24014,2020-10-19,4,115
Boortmeerbeek,24014,2020-10-20,6,121
Boortmeerbeek,24014,2020-10-21,6,127
Boortmeerbeek,24014,2020-10-22,4,131
Boortmeerbeek,24014,2020-10-23,4,135
Boortmeerbeek,24014,2020-10-24,5,140
Boortmeerbeek,24014,2020-10-25,7,147
Boortmeerbeek,24014,2020-10-26,4,151
Boortmeerbeek,24014,2020-10-27,8,159
Boortmeerbeek,24014,2020-10-28,4,163
Boortmeerbeek,24014,2020-10-29,12,175
Boortmeerbeek,24014,2020-10-30,11,186
Boortmeerbeek,24014,2020-10-31,6,192
Boortmeerbeek,24014,2020-11-01,5,197
Boortmeerbeek,24014,2020-11-02,4,201
Boortmeerbeek,24014,2020-11-03,4,205
Boortmeerbeek,24014,2020-11-04,2,207
Boortmeerbeek,24014,2020-11-05,7,214
Boortmeerbeek,24014,2020-11-06,4,218
Boortmeerbeek,24014,2020-11-07,2,220
Boortmeerbeek,24014,2020-11-08,0,220
Boortmeerbeek,24014,2020-11-09,2,222
Boortmeerbeek,24014,2020-11-10,2,224
Boortmeerbeek,24014,2020-11-11,1,225
Boutersem,24016,2020-04-01,0,15
Boutersem,24016,2020-04-02,3,18
Boutersem,24016,2020-04-03,2,20
Boutersem,24016,2020-04-04,0,20
Boutersem,24016,2020-04-05,0,20
Boutersem,24016,2020-04-06,0,20
Boutersem,24016,2020-04-07,1,21
Boutersem,24016,2020-04-08,5,26
Boutersem,24016,2020-04-09,3,29
Boutersem,24016,2020-04-10,1,30
Boutersem,24016,2020-04-11,1,31
Boutersem,24016,2020-04-12,1,32
Boutersem,24016,2020-04-13,4,36
Boutersem,24016,2020-04-14,3,39
Boutersem,24016,2020-04-15,3,42
Boutersem,24016,2020-04-16,0,42
Boutersem,24016,2020-04-17,0,42
Boutersem,24016,2020-04-18,2,44
Boutersem,24016,2020-04-19,1,45
Boutersem,24016,2020-04-20,0,45
Boutersem,24016,2020-04-21,0,45
Boutersem,24016,2020-04-22,0,45
Boutersem,24016,2020-04-23,0,45
Boutersem,24016,2020-04-24,0,45
Boutersem,24016,2020-04-25,8,53
Boutersem,24016,2020-04-26,0,53
Boutersem,24016,2020-04-27,3,56
Boutersem,24016,2020-04-28,0,56
Boutersem,24016,2020-04-29,0,56
Boutersem,24016,2020-04-30,1,57
Boutersem,24016,2020-05-01,0,57
Boutersem,24016,2020-05-02,0,57
Boutersem,24016,2020-05-03,0,57
Boutersem,24016,2020-05-04,0,57
Boutersem,24016,2020-05-05,1,58
Boutersem,24016,2020-05-06,0,58
Boutersem,24016,2020-05-07,0,58
Boutersem,24016,2020-05-08,0,58
Boutersem,24016,2020-05-09,2,60
Boutersem,24016,2020-05-10,1,61
Boutersem,24016,2020-05-11,0,61
Boutersem,24016,2020-05-12,0,61
Boutersem,24016,2020-05-13,0,61
Boutersem,24016,2020-05-14,0,61
Boutersem,24016,2020-05-15,0,61
Boutersem,24016,2020-05-16,1,62
Boutersem,24016,2020-05-17,0,62
Boutersem,24016,2020-05-18,0,62
Boutersem,24016,2020-05-19,0,62
Boutersem,24016,2020-05-20,0,62
Boutersem,24016,2020-05-21,0,62
Boutersem,24016,2020-05-22,0,62
Boutersem,24016,2020-05-23,0,62
Boutersem,24016,2020-05-24,0,62
Boutersem,24016,2020-05-25,0,62
Boutersem,24016,2020-05-26,0,62
Boutersem,24016,2020-05-27,0,62
Boutersem,24016,2020-05-28,0,62
Boutersem,24016,2020-05-29,0,62
Boutersem,24016,2020-05-30,0,62
Boutersem,24016,2020-05-31,0,62
Boutersem,24016,2020-06-01,0,62
Boutersem,24016,2020-06-02,0,62
Boutersem,24016,2020-06-03,0,62
Boutersem,24016,2020-06-04,0,62
Boutersem,24016,2020-06-05,0,62
Boutersem,24016,2020-06-06,0,62
Boutersem,24016,2020-06-07,0,62
Boutersem,24016,2020-06-08,0,62
Boutersem,24016,2020-06-09,0,62
Boutersem,24016,2020-06-10,0,62
Boutersem,24016,2020-06-11,0,62
Boutersem,24016,2020-06-12,0,62
Boutersem,24016,2020-06-13,0,62
Boutersem,24016,2020-06-14,0,62
Boutersem,24016,2020-06-15,0,62
Boutersem,24016,2020-06-16,0,62
Boutersem,24016,2020-06-17,0,62
Boutersem,24016,2020-06-18,0,62
Boutersem,24016,2020-06-19,0,62
Boutersem,24016,2020-06-20,0,62
Boutersem,24016,2020-06-23,0,62
Boutersem,24016,2020-06-24,0,62
Boutersem,24016,2020-06-25,0,62
Boutersem,24016,2020-06-26,0,62
Boutersem,24016,2020-06-27,0,62
Boutersem,24016,2020-06-30,0,62
Boutersem,24016,2020-07-01,0,62
Boutersem,24016,2020-07-02,0,62
Boutersem,24016,2020-07-03,0,62
Boutersem,24016,2020-07-04,0,62
Boutersem,24016,2020-07-07,0,62
Boutersem,24016,2020-07-08,0,62
Boutersem,24016,2020-07-09,0,62
Boutersem,24016,2020-07-10,0,62
Boutersem,24016,2020-07-11,0,62
Boutersem,24016,2020-07-14,0,62
Boutersem,24016,2020-07-15,0,62
Boutersem,24016,2020-07-16,0,62
Boutersem,24016,2020-07-17,0,62
Boutersem,24016,2020-07-18,0,62
Boutersem,24016,2020-07-20,0,62
Boutersem,24016,2020-07-21,0,62
Boutersem,24016,2020-07-22,0,62
Boutersem,24016,2020-07-23,1,63
Boutersem,24016,2020-07-24,0,63
Boutersem,24016,2020-07-25,0,63
Boutersem,24016,2020-07-26,0,63
Boutersem,24016,2020-07-27,0,63
Boutersem,24016,2020-07-28,0,63
Boutersem,24016,2020-07-29,0,63
Boutersem,24016,2020-07-30,0,63
Boutersem,24016,2020-07-31,0,63
Boutersem,24016,2020-08-01,0,63
Boutersem,24016,2020-08-02,0,63
Boutersem,24016,2020-08-03,0,63
Boutersem,24016,2020-08-04,0,63
Boutersem,24016,2020-08-05,0,63
Boutersem,24016,2020-08-06,0,63
Boutersem,24016,2020-08-07,0,63
Boutersem,24016,2020-08-08,0,63
Boutersem,24016,2020-08-09,0,63
Boutersem,24016,2020-08-10,1,64
Boutersem,24016,2020-08-11,0,64
Boutersem,24016,2020-08-12,0,64
Boutersem,24016,2020-08-13,1,65
Boutersem,24016,2020-08-14,0,65
Boutersem,24016,2020-08-15,0,65
Boutersem,24016,2020-08-16,0,65
Boutersem,24016,2020-08-17,0,65
Boutersem,24016,2020-08-18,0,65
Boutersem,24016,2020-08-19,0,65
Boutersem,24016,2020-08-20,0,65
Boutersem,24016,2020-08-21,0,65
Boutersem,24016,2020-08-22,1,66
Boutersem,24016,2020-08-23,0,66
Boutersem,24016,2020-08-24,0,66
Boutersem,24016,2020-08-25,0,66
Boutersem,24016,2020-08-26,0,66
Boutersem,24016,2020-08-27,0,66
Boutersem,24016,2020-08-28,1,67
Boutersem,24016,2020-08-29,0,67
Boutersem,24016,2020-08-30,0,67
Boutersem,24016,2020-08-31,0,67
Boutersem,24016,2020-09-01,0,67
Boutersem,24016,2020-09-02,0,67
Boutersem,24016,2020-09-03,0,67
Boutersem,24016,2020-09-04,0,67
Boutersem,24016,2020-09-05,0,67
Boutersem,24016,2020-09-06,0,67
Boutersem,24016,2020-09-07,0,67
Boutersem,24016,2020-09-08,0,67
Boutersem,24016,2020-09-09,0,67
Boutersem,24016,2020-09-10,1,68
Boutersem,24016,2020-09-11,0,68
Boutersem,24016,2020-09-12,0,68
Boutersem,24016,2020-09-13,0,68
Boutersem,24016,2020-09-14,0,68
Boutersem,24016,2020-09-15,0,68
Boutersem,24016,2020-09-16,0,68
Boutersem,24016,2020-09-17,0,68
Boutersem,24016,2020-09-18,0,68
Boutersem,24016,2020-09-19,0,68
Boutersem,24016,2020-09-20,0,68
Boutersem,24016,2020-09-21,1,69
Boutersem,24016,2020-09-22,2,71
Boutersem,24016,2020-09-23,0,71
Boutersem,24016,2020-09-24,1,72
Boutersem,24016,2020-09-25,1,73
Boutersem,24016,2020-09-26,2,75
Boutersem,24016,2020-09-27,0,75
Boutersem,24016,2020-09-28,1,76
Boutersem,24016,2020-09-29,0,76
Boutersem,24016,2020-09-30,0,76
Boutersem,24016,2020-10-01,0,76
Boutersem,24016,2020-10-02,1,77
Boutersem,24016,2020-10-03,1,78
Boutersem,24016,2020-10-04,0,78
Boutersem,24016,2020-10-05,0,78
Boutersem,24016,2020-10-06,0,78
Boutersem,24016,2020-10-07,0,78
Boutersem,24016,2020-10-08,0,78
Boutersem,24016,2020-10-09,0,78
Boutersem,24016,2020-10-10,1,79
Boutersem,24016,2020-10-11,0,79
Boutersem,24016,2020-10-12,2,81
Boutersem,24016,2020-10-13,1,82
Boutersem,24016,2020-10-14,1,83
Boutersem,24016,2020-10-15,3,86
Boutersem,24016,2020-10-16,1,87
Boutersem,24016,2020-10-17,2,89
Boutersem,24016,2020-10-18,5,94
Boutersem,24016,2020-10-19,3,97
Boutersem,24016,2020-10-20,1,98
Boutersem,24016,2020-10-21,2,100
Boutersem,24016,2020-10-22,3,103
Boutersem,24016,2020-10-23,7,110
Boutersem,24016,2020-10-24,3,113
Boutersem,24016,2020-10-25,3,116
Boutersem,24016,2020-10-26,5,121
Boutersem,24016,2020-10-27,4,125
Boutersem,24016,2020-10-28,4,129
Boutersem,24016,2020-10-29,13,142
Boutersem,24016,2020-10-30,9,151
Boutersem,24016,2020-10-31,7,158
Boutersem,24016,2020-11-01,3,161
Boutersem,24016,2020-11-02,5,166
Boutersem,24016,2020-11-03,1,167
Boutersem,24016,2020-11-04,1,168
Boutersem,24016,2020-11-05,3,171
Boutersem,24016,2020-11-06,4,175
Boutersem,24016,2020-11-07,3,178
Boutersem,24016,2020-11-08,0,178
Boutersem,24016,2020-11-09,4,182
Boutersem,24016,2020-11-10,0,182
Boutersem,24016,2020-11-11,2,184
Diest,24020,2020-04-01,7,40
Diest,24020,2020-04-02,4,44
Diest,24020,2020-04-03,3,47
Diest,24020,2020-04-04,3,50
Diest,24020,2020-04-05,6,56
Diest,24020,2020-04-06,5,61
Diest,24020,2020-04-07,1,62
Diest,24020,2020-04-08,10,72
Diest,24020,2020-04-09,1,73
Diest,24020,2020-04-10,1,74
Diest,24020,2020-04-11,3,77
Diest,24020,2020-04-12,3,80
Diest,24020,2020-04-13,3,83
Diest,24020,2020-04-14,1,84
Diest,24020,2020-04-15,6,90
Diest,24020,2020-04-16,3,93
Diest,24020,2020-04-17,2,95
Diest,24020,2020-04-18,3,98
Diest,24020,2020-04-19,5,103
Diest,24020,2020-04-20,0,103
Diest,24020,2020-04-21,0,103
Diest,24020,2020-04-22,3,106
Diest,24020,2020-04-23,0,106
Diest,24020,2020-04-24,0,106
Diest,24020,2020-04-25,0,106
Diest,24020,2020-04-26,1,107
Diest,24020,2020-04-27,0,107
Diest,24020,2020-04-28,0,107
Diest,24020,2020-04-29,1,108
Diest,24020,2020-04-30,1,109
Diest,24020,2020-05-01,0,109
Diest,24020,2020-05-02,1,110
Diest,24020,2020-05-03,0,110
Diest,24020,2020-05-04,0,110
Diest,24020,2020-05-05,1,111
Diest,24020,2020-05-06,2,113
Diest,24020,2020-05-07,6,119
Diest,24020,2020-05-08,1,120
Diest,24020,2020-05-09,1,121
Diest,24020,2020-05-10,1,122
Diest,24020,2020-05-11,0,122
Diest,24020,2020-05-12,0,122
Diest,24020,2020-05-13,0,122
Diest,24020,2020-05-14,1,123
Diest,24020,2020-05-15,0,123
Diest,24020,2020-05-16,0,123
Diest,24020,2020-05-17,1,124
Diest,24020,2020-05-18,0,124
Diest,24020,2020-05-19,1,125
Diest,24020,2020-05-20,0,125
Diest,24020,2020-05-21,0,125
Diest,24020,2020-05-22,0,125
Diest,24020,2020-05-23,0,125
Diest,24020,2020-05-24,2,127
Diest,24020,2020-05-25,0,127
Diest,24020,2020-05-26,0,127
Diest,24020,2020-05-27,1,128
Diest,24020,2020-05-28,0,128
Diest,24020,2020-05-29,0,128
Diest,24020,2020-05-30,0,128
Diest,24020,2020-05-31,1,129
Diest,24020,2020-06-01,0,129
Diest,24020,2020-06-02,0,129
Diest,24020,2020-06-03,0,129
Diest,24020,2020-06-04,0,129
Diest,24020,2020-06-05,0,129
Diest,24020,2020-06-06,0,129
Diest,24020,2020-06-07,0,129
Diest,24020,2020-06-08,0,129
Diest,24020,2020-06-09,1,130
Diest,24020,2020-06-10,0,130
Diest,24020,2020-06-11,0,130
Diest,24020,2020-06-12,0,130
Diest,24020,2020-06-13,0,130
Diest,24020,2020-06-14,0,130
Diest,24020,2020-06-15,0,130
Diest,24020,2020-06-16,0,130
Diest,24020,2020-06-17,0,130
Diest,24020,2020-06-18,0,130
Diest,24020,2020-06-19,2,132
Diest,24020,2020-06-20,0,132
Diest,24020,2020-06-23,0,132
Diest,24020,2020-06-24,0,132
Diest,24020,2020-06-25,0,132
Diest,24020,2020-06-26,1,133
Diest,24020,2020-06-27,0,133
Diest,24020,2020-06-30,0,133
Diest,24020,2020-07-01,0,133
Diest,24020,2020-07-02,0,133
Diest,24020,2020-07-03,0,133
Diest,24020,2020-07-04,0,133
Diest,24020,2020-07-07,0,133
Diest,24020,2020-07-08,0,133
Diest,24020,2020-07-09,0,133
Diest,24020,2020-07-10,1,134
Diest,24020,2020-07-11,0,134
Diest,24020,2020-07-14,1,135
Diest,24020,2020-07-15,0,135
Diest,24020,2020-07-16,0,135
Diest,24020,2020-07-17,2,137
Diest,24020,2020-07-18,0,137
Diest,24020,2020-07-20,1,138
Diest,24020,2020-07-21,0,138
Diest,24020,2020-07-22,0,138
Diest,24020,2020-07-23,0,138
Diest,24020,2020-07-24,1,139
Diest,24020,2020-07-25,0,139
Diest,24020,2020-07-26,1,140
Diest,24020,2020-07-27,2,142
Diest,24020,2020-07-28,2,144
Diest,24020,2020-07-29,0,144
Diest,24020,2020-07-30,0,144
Diest,24020,2020-07-31,1,145
Diest,24020,2020-08-01,0,145
Diest,24020,2020-08-02,1,146
Diest,24020,2020-08-03,0,146
Diest,24020,2020-08-04,0,146
Diest,24020,2020-08-05,0,146
Diest,24020,2020-08-06,0,146
Diest,24020,2020-08-07,1,147
Diest,24020,2020-08-08,1,148
Diest,24020,2020-08-09,2,150
Diest,24020,2020-08-10,1,151
Diest,24020,2020-08-11,1,152
Diest,24020,2020-08-12,0,152
Diest,24020,2020-08-13,2,154
Diest,24020,2020-08-14,0,154
Diest,24020,2020-08-15,2,156
Diest,24020,2020-08-16,0,156
Diest,24020,2020-08-17,1,157
Diest,24020,2020-08-18,0,157
Diest,24020,2020-08-19,0,157
Diest,24020,2020-08-20,1,158
Diest,24020,2020-08-21,0,158
Diest,24020,2020-08-22,0,158
Diest,24020,2020-08-23,3,161
Diest,24020,2020-08-24,4,165
Diest,24020,2020-08-25,1,166
Diest,24020,2020-08-26,0,166
Diest,24020,2020-08-27,0,166
Diest,24020,2020-08-28,0,166
Diest,24020,2020-08-29,0,166
Diest,24020,2020-08-30,2,168
Diest,24020,2020-08-31,0,168
Diest,24020,2020-09-01,0,168
Diest,24020,2020-09-02,0,168
Diest,24020,2020-09-03,0,168
Diest,24020,2020-09-04,1,169
Diest,24020,2020-09-05,0,169
Diest,24020,2020-09-06,0,169
Diest,24020,2020-09-07,0,169
Diest,24020,2020-09-08,0,169
Diest,24020,2020-09-09,0,169
Diest,24020,2020-09-10,0,169
Diest,24020,2020-09-11,2,171
Diest,24020,2020-09-12,0,171
Diest,24020,2020-09-13,2,173
Diest,24020,2020-09-14,2,175
Diest,24020,2020-09-15,0,175
Diest,24020,2020-09-16,0,175
Diest,24020,2020-09-17,0,175
Diest,24020,2020-09-18,0,175
Diest,24020,2020-09-19,1,176
Diest,24020,2020-09-20,1,177
Diest,24020,2020-09-21,1,178
Diest,24020,2020-09-22,0,178
Diest,24020,2020-09-23,0,178
Diest,24020,2020-09-24,0,178
Diest,24020,2020-09-25,1,179
Diest,24020,2020-09-26,1,180
Diest,24020,2020-09-27,1,181
Diest,24020,2020-09-28,2,183
Diest,24020,2020-09-29,1,184
Diest,24020,2020-09-30,1,185
Diest,24020,2020-10-01,0,185
Diest,24020,2020-10-02,1,186
Diest,24020,2020-10-03,3,189
Diest,24020,2020-10-04,1,190
Diest,24020,2020-10-05,2,192
Diest,24020,2020-10-06,0,192
Diest,24020,2020-10-07,2,194
Diest,24020,2020-10-08,2,196
Diest,24020,2020-10-09,3,199
Diest,24020,2020-10-10,2,201
Diest,24020,2020-10-11,3,204
Diest,24020,2020-10-12,3,207
Diest,24020,2020-10-13,0,207
Diest,24020,2020-10-14,1,208
Diest,24020,2020-10-15,3,211
Diest,24020,2020-10-16,5,216
Diest,24020,2020-10-17,5,221
Diest,24020,2020-10-18,3,224
Diest,24020,2020-10-19,2,226
Diest,24020,2020-10-20,3,229
Diest,24020,2020-10-21,2,231
Diest,24020,2020-10-22,6,237
Diest,24020,2020-10-23,15,252
Diest,24020,2020-10-24,14,266
Diest,24020,2020-10-25,11,277
Diest,24020,2020-10-26,9,286
Diest,24020,2020-10-27,6,292
Diest,24020,2020-10-28,18,310
Diest,24020,2020-10-29,25,335
Diest,24020,2020-10-30,14,349
Diest,24020,2020-10-31,12,361
Diest,24020,2020-11-01,13,374
Diest,24020,2020-11-02,9,383
Diest,24020,2020-11-03,1,384
Diest,24020,2020-11-04,2,386
Diest,24020,2020-11-05,10,396
Diest,24020,2020-11-06,9,405
Diest,24020,2020-11-07,6,411
Diest,24020,2020-11-08,9,420
Diest,24020,2020-11-09,3,423
Diest,24020,2020-11-10,1,424
Diest,24020,2020-11-11,3,427
Geetbets,24028,2020-04-01,0,15
Geetbets,24028,2020-04-02,7,22
Geetbets,24028,2020-04-03,2,24
Geetbets,24028,2020-04-04,6,30
Geetbets,24028,2020-04-05,7,37
Geetbets,24028,2020-04-06,5,42
Geetbets,24028,2020-04-07,1,43
Geetbets,24028,2020-04-08,0,43
Geetbets,24028,2020-04-09,6,49
Geetbets,24028,2020-04-10,4,53
Geetbets,24028,2020-04-11,3,56
Geetbets,24028,2020-04-12,4,60
Geetbets,24028,2020-04-13,1,61
Geetbets,24028,2020-04-14,1,62
Geetbets,24028,2020-04-15,1,63
Geetbets,24028,2020-04-16,0,63
Geetbets,24028,2020-04-17,7,70
Geetbets,24028,2020-04-18,4,74
Geetbets,24028,2020-04-19,0,74
Geetbets,24028,2020-04-20,1,75
Geetbets,24028,2020-04-21,1,76
Geetbets,24028,2020-04-22,2,78
Geetbets,24028,2020-04-23,1,79
Geetbets,24028,2020-04-24,0,79
Geetbets,24028,2020-04-25,1,80
Geetbets,24028,2020-04-26,1,81
Geetbets,24028,2020-04-27,0,81
Geetbets,24028,2020-04-28,0,81
Geetbets,24028,2020-04-29,0,81
Geetbets,24028,2020-04-30,0,81
Geetbets,24028,2020-05-01,0,81
Geetbets,24028,2020-05-02,0,81
Geetbets,24028,2020-05-03,0,81
Geetbets,24028,2020-05-04,0,81
Geetbets,24028,2020-05-05,0,81
Geetbets,24028,2020-05-06,0,81
Geetbets,24028,2020-05-07,2,83
Geetbets,24028,2020-05-08,0,83
Geetbets,24028,2020-05-09,0,83
Geetbets,24028,2020-05-10,0,83
Geetbets,24028,2020-05-11,1,84
Geetbets,24028,2020-05-12,1,85
Geetbets,24028,2020-05-13,0,85
Geetbets,24028,2020-05-14,0,85
Geetbets,24028,2020-05-15,0,85
Geetbets,24028,2020-05-16,0,85
Geetbets,24028,2020-05-17,0,85
Geetbets,24028,2020-05-18,0,85
Geetbets,24028,2020-05-19,1,86
Geetbets,24028,2020-05-20,0,86
Geetbets,24028,2020-05-21,0,86
Geetbets,24028,2020-05-22,0,86
Geetbets,24028,2020-05-23,2,88
Geetbets,24028,2020-05-24,0,88
Geetbets,24028,2020-05-25,0,88
Geetbets,24028,2020-05-26,-2,86
Geetbets,24028,2020-05-27,0,86
Geetbets,24028,2020-05-28,0,86
Geetbets,24028,2020-05-29,0,86
Geetbets,24028,2020-05-30,0,86
Geetbets,24028,2020-05-31,1,87
Geetbets,24028,2020-06-01,0,87
Geetbets,24028,2020-06-02,0,87
Geetbets,24028,2020-06-03,0,87
Geetbets,24028,2020-06-04,0,87
Geetbets,24028,2020-06-05,0,87
Geetbets,24028,2020-06-06,0,87
Geetbets,24028,2020-06-07,0,87
Geetbets,24028,2020-06-08,0,87
Geetbets,24028,2020-06-09,0,87
Geetbets,24028,2020-06-10,0,87
Geetbets,24028,2020-06-11,0,87
Geetbets,24028,2020-06-12,0,87
Geetbets,24028,2020-06-13,0,87
Geetbets,24028,2020-06-14,0,87
Geetbets,24028,2020-06-15,0,87
Geetbets,24028,2020-06-16,0,87
Geetbets,24028,2020-06-17,0,87
Geetbets,24028,2020-06-18,0,87
Geetbets,24028,2020-06-19,0,87
Geetbets,24028,2020-06-20,0,87
Geetbets,24028,2020-06-23,0,87
Geetbets,24028,2020-06-24,0,87
Geetbets,24028,2020-06-25,0,87
Geetbets,24028,2020-06-26,0,87
Geetbets,24028,2020-06-27,0,87
Geetbets,24028,2020-06-30,0,87
Geetbets,24028,2020-07-01,0,87
Geetbets,24028,2020-07-02,0,87
Geetbets,24028,2020-07-03,0,87
Geetbets,24028,2020-07-04,0,87
Geetbets,24028,2020-07-07,0,87
Geetbets,24028,2020-07-08,0,87
Geetbets,24028,2020-07-09,0,87
Geetbets,24028,2020-07-10,0,87
Geetbets,24028,2020-07-11,0,87
Geetbets,24028,2020-07-14,0,87
Geetbets,24028,2020-07-15,0,87
Geetbets,24028,2020-07-16,0,87
Geetbets,24028,2020-07-17,0,87
Geetbets,24028,2020-07-18,0,87
Geetbets,24028,2020-07-20,0,87
Geetbets,24028,2020-07-21,0,87
Geetbets,24028,2020-07-22,0,87
Geetbets,24028,2020-07-23,0,87
Geetbets,24028,2020-07-24,0,87
Geetbets,24028,2020-07-25,0,87
Geetbets,24028,2020-07-26,0,87
Geetbets,24028,2020-07-27,0,87
Geetbets,24028,2020-07-28,0,87
Geetbets,24028,2020-07-29,0,87
Geetbets,24028,2020-07-30,0,87
Geetbets,24028,2020-07-31,0,87
Geetbets,24028,2020-08-01,0,87
Geetbets,24028,2020-08-02,0,87
Geetbets,24028,2020-08-03,0,87
Geetbets,24028,2020-08-04,0,87
Geetbets,24028,2020-08-05,0,87
Geetbets,24028,2020-08-06,0,87
Geetbets,24028,2020-08-07,0,87
Geetbets,24028,2020-08-08,0,87
Geetbets,24028,2020-08-09,0,87
Geetbets,24028,2020-08-10,0,87
Geetbets,24028,2020-08-11,0,87
Geetbets,24028,2020-08-12,0,87
Geetbets,24028,2020-08-13,0,87
Geetbets,24028,2020-08-14,0,87
Geetbets,24028,2020-08-15,0,87
Geetbets,24028,2020-08-16,0,87
Geetbets,24028,2020-08-17,0,87
Geetbets,24028,2020-08-18,0,87
Geetbets,24028,2020-08-19,0,87
Geetbets,24028,2020-08-20,0,87
Geetbets,24028,2020-08-21,0,87
Geetbets,24028,2020-08-22,0,87
Geetbets,24028,2020-08-23,0,87
Geetbets,24028,2020-08-24,0,87
Geetbets,24028,2020-08-25,0,87
Geetbets,24028,2020-08-26,0,87
Geetbets,24028,2020-08-27,0,87
Geetbets,24028,2020-08-28,1,88
Geetbets,24028,2020-08-29,0,88
Geetbets,24028,2020-08-30,1,89
Geetbets,24028,2020-08-31,0,89
Geetbets,24028,2020-09-01,0,89
Geetbets,24028,2020-09-02,0,89
Geetbets,24028,2020-09-03,0,89
Geetbets,24028,2020-09-04,0,89
Geetbets,24028,2020-09-05,0,89
Geetbets,24028,2020-09-06,0,89
Geetbets,24028,2020-09-07,2,91
Geetbets,24028,2020-09-08,0,91
Geetbets,24028,2020-09-09,0,91
Geetbets,24028,2020-09-10,0,91
Geetbets,24028,2020-09-11,0,91
Geetbets,24028,2020-09-12,0,91
Geetbets,24028,2020-09-13,0,91
Geetbets,24028,2020-09-14,1,92
Geetbets,24028,2020-09-15,0,92
Geetbets,24028,2020-09-16,0,92
Geetbets,24028,2020-09-17,0,92
Geetbets,24028,2020-09-18,0,92
Geetbets,24028,2020-09-19,1,93
Geetbets,24028,2020-09-20,0,93
Geetbets,24028,2020-09-21,0,93
Geetbets,24028,2020-09-22,0,93
Geetbets,24028,2020-09-23,0,93
Geetbets,24028,2020-09-24,0,93
Geetbets,24028,2020-09-25,0,93
Geetbets,24028,2020-09-26,0,93
Geetbets,24028,2020-09-27,0,93
Geetbets,24028,2020-09-28,0,93
Geetbets,24028,2020-09-29,0,93
Geetbets,24028,2020-09-30,0,93
Geetbets,24028,2020-10-01,0,93
Geetbets,24028,2020-10-02,0,93
Geetbets,24028,2020-10-03,1,94
Geetbets,24028,2020-10-04,0,94
Geetbets,24028,2020-10-05,0,94
Geetbets,24028,2020-10-06,0,94
Geetbets,24028,2020-10-07,0,94
Geetbets,24028,2020-10-08,0,94
Geetbets,24028,2020-10-09,0,94
Geetbets,24028,2020-10-10,0,94
Geetbets,24028,2020-10-11,2,96
Geetbets,24028,2020-10-12,1,97
Geetbets,24028,2020-10-13,1,98
Geetbets,24028,2020-10-14,0,98
Geetbets,24028,2020-10-15,3,101
Geetbets,24028,2020-10-16,1,102
Geetbets,24028,2020-10-17,0,102
Geetbets,24028,2020-10-18,0,102
Geetbets,24028,2020-10-19,4,106
Geetbets,24028,2020-10-20,0,106
Geetbets,24028,2020-10-21,1,107
Geetbets,24028,2020-10-22,2,109
Geetbets,24028,2020-10-23,1,110
Geetbets,24028,2020-10-24,2,112
Geetbets,24028,2020-10-25,2,114
Geetbets,24028,2020-10-26,8,122
Geetbets,24028,2020-10-27,1,123
Geetbets,24028,2020-10-28,3,126
Geetbets,24028,2020-10-29,3,129
Geetbets,24028,2020-10-30,2,131
Geetbets,24028,2020-10-31,4,135
Geetbets,24028,2020-11-01,0,135
Geetbets,24028,2020-11-02,6,141
Geetbets,24028,2020-11-03,1,142
Geetbets,24028,2020-11-04,0,142
Geetbets,24028,2020-11-05,2,144
Geetbets,24028,2020-11-06,0,144
Geetbets,24028,2020-11-07,2,146
Geetbets,24028,2020-11-08,0,146
Geetbets,24028,2020-11-09,2,148
Geetbets,24028,2020-11-10,1,149
Geetbets,24028,2020-11-11,0,149
Haacht,24033,2020-04-01,2,9
Haacht,24033,2020-04-02,1,10
Haacht,24033,2020-04-03,0,10
Haacht,24033,2020-04-04,0,10
Haacht,24033,2020-04-05,0,10
Haacht,24033,2020-04-06,1,11
Haacht,24033,2020-04-07,0,11
Haacht,24033,2020-04-08,1,12
Haacht,24033,2020-04-09,1,13
Haacht,24033,2020-04-10,0,13
Haacht,24033,2020-04-11,1,14
Haacht,24033,2020-04-12,2,16
Haacht,24033,2020-04-13,0,16
Haacht,24033,2020-04-14,0,16
Haacht,24033,2020-04-15,0,16
Haacht,24033,2020-04-16,0,16
Haacht,24033,2020-04-17,0,16
Haacht,24033,2020-04-18,0,16
Haacht,24033,2020-04-19,0,16
Haacht,24033,2020-04-20,1,17
Haacht,24033,2020-04-21,1,18
Haacht,24033,2020-04-22,0,18
Haacht,24033,2020-04-23,0,18
Haacht,24033,2020-04-24,0,18
Haacht,24033,2020-04-25,1,19
Haacht,24033,2020-04-26,2,21
Haacht,24033,2020-04-27,0,21
Haacht,24033,2020-04-28,0,21
Haacht,24033,2020-04-29,0,21
Haacht,24033,2020-04-30,0,21
Haacht,24033,2020-05-01,0,21
Haacht,24033,2020-05-02,0,21
Haacht,24033,2020-05-03,0,21
Haacht,24033,2020-05-04,0,21
Haacht,24033,2020-05-05,0,21
Haacht,24033,2020-05-06,1,22
Haacht,24033,2020-05-07,0,22
Haacht,24033,2020-05-08,0,22
Haacht,24033,2020-05-09,1,23
Haacht,24033,2020-05-10,0,23
Haacht,24033,2020-05-11,1,24
Haacht,24033,2020-05-12,0,24
Haacht,24033,2020-05-13,0,24
Haacht,24033,2020-05-14,0,24
Haacht,24033,2020-05-15,0,24
Haacht,24033,2020-05-16,0,24
Haacht,24033,2020-05-17,0,24
Haacht,24033,2020-05-18,0,24
Haacht,24033,2020-05-19,0,24
Haacht,24033,2020-05-20,0,24
Haacht,24033,2020-05-21,0,24
Haacht,24033,2020-05-22,0,24
Haacht,24033,2020-05-23,1,25
Haacht,24033,2020-05-24,1,26
Haacht,24033,2020-05-25,0,26
Haacht,24033,2020-05-26,0,26
Haacht,24033,2020-05-27,0,26
Haacht,24033,2020-05-28,1,27
Haacht,24033,2020-05-29,0,27
Haacht,24033,2020-05-30,0,27
Haacht,24033,2020-05-31,0,27
Haacht,24033,2020-06-01,0,27
Haacht,24033,2020-06-02,1,28
Haacht,24033,2020-06-03,0,28
Haacht,24033,2020-06-04,0,28
Haacht,24033,2020-06-05,0,28
Haacht,24033,2020-06-06,1,29
Haacht,24033,2020-06-07,0,29
Haacht,24033,2020-06-08,0,29
Haacht,24033,2020-06-09,1,30
Haacht,24033,2020-06-10,0,30
Haacht,24033,2020-06-11,0,30
Haacht,24033,2020-06-12,0,30
Haacht,24033,2020-06-13,0,30
Haacht,24033,2020-06-14,0,30
Haacht,24033,2020-06-15,0,30
Haacht,24033,2020-06-16,0,30
Haacht,24033,2020-06-17,0,30
Haacht,24033,2020-06-18,0,30
Haacht,24033,2020-06-19,0,30
Haacht,24033,2020-06-20,0,30
Haacht,24033,2020-06-23,0,30
Haacht,24033,2020-06-24,0,30
Haacht,24033,2020-06-25,0,30
Haacht,24033,2020-06-26,0,30
Haacht,24033,2020-06-27,0,30
Haacht,24033,2020-06-30,0,30
Haacht,24033,2020-07-01,0,30
Haacht,24033,2020-07-02,0,30
Haacht,24033,2020-07-03,0,30
Haacht,24033,2020-07-04,0,30
Haacht,24033,2020-07-07,0,30
Haacht,24033,2020-07-08,0,30
Haacht,24033,2020-07-09,0,30
Haacht,24033,2020-07-10,0,30
Haacht,24033,2020-07-11,0,30
Haacht,24033,2020-07-14,0,30
Haacht,24033,2020-07-15,0,30
Haacht,24033,2020-07-16,0,30
Haacht,24033,2020-07-17,0,30
Haacht,24033,2020-07-18,0,30
Haacht,24033,2020-07-20,0,30
Haacht,24033,2020-07-21,0,30
Haacht,24033,2020-07-22,0,30
Haacht,24033,2020-07-23,0,30
Haacht,24033,2020-07-24,0,30
Haacht,24033,2020-07-25,0,30
Haacht,24033,2020-07-26,0,30
Haacht,24033,2020-07-27,0,30
Haacht,24033,2020-07-28,0,30
Haacht,24033,2020-07-29,0,30
Haacht,24033,2020-07-30,0,30
Haacht,24033,2020-07-31,0,30
Haacht,24033,2020-08-01,0,30
Haacht,24033,2020-08-02,1,31
Haacht,24033,2020-08-03,0,31
Haacht,24033,2020-08-04,0,31
Haacht,24033,2020-08-05,0,31
Haacht,24033,2020-08-06,0,31
Haacht,24033,2020-08-07,0,31
Haacht,24033,2020-08-08,0,31
Haacht,24033,2020-08-09,1,32
Haacht,24033,2020-08-10,0,32
Haacht,24033,2020-08-11,1,33
Haacht,24033,2020-08-12,0,33
Haacht,24033,2020-08-13,0,33
Haacht,24033,2020-08-14,0,33
Haacht,24033,2020-08-15,0,33
Haacht,24033,2020-08-16,1,34
Haacht,24033,2020-08-17,1,35
Haacht,24033,2020-08-18,0,35
Haacht,24033,2020-08-19,0,35
Haacht,24033,2020-08-20,0,35
Haacht,24033,2020-08-21,0,35
Haacht,24033,2020-08-22,0,35
Haacht,24033,2020-08-23,1,36
Haacht,24033,2020-08-24,0,36
Haacht,24033,2020-08-25,0,36
Haacht,24033,2020-08-26,0,36
Haacht,24033,2020-08-27,0,36
Haacht,24033,2020-08-28,0,36
Haacht,24033,2020-08-29,0,36
Haacht,24033,2020-08-30,0,36
Haacht,24033,2020-08-31,0,36
Haacht,24033,2020-09-01,0,36
Haacht,24033,2020-09-02,0,36
Haacht,24033,2020-09-03,0,36
Haacht,24033,2020-09-04,0,36
Haacht,24033,2020-09-05,0,36
Haacht,24033,2020-09-06,0,36
Haacht,24033,2020-09-07,0,36
Haacht,24033,2020-09-08,0,36
Haacht,24033,2020-09-09,0,36
Haacht,24033,2020-09-10,0,36
Haacht,24033,2020-09-11,0,36
Haacht,24033,2020-09-12,0,36
Haacht,24033,2020-09-13,0,36
Haacht,24033,2020-09-14,1,37
Haacht,24033,2020-09-15,0,37
Haacht,24033,2020-09-16,1,38
Haacht,24033,2020-09-17,1,39
Haacht,24033,2020-09-18,0,39
Haacht,24033,2020-09-19,0,39
Haacht,24033,2020-09-20,2,41
Haacht,24033,2020-09-21,2,43
Haacht,24033,2020-09-22,3,46
Haacht,24033,2020-09-23,3,49
Haacht,24033,2020-09-24,2,51
Haacht,24033,2020-09-25,1,52
Haacht,24033,2020-09-26,1,53
Haacht,24033,2020-09-27,0,53
Haacht,24033,2020-09-28,2,55
Haacht,24033,2020-09-29,0,55
Haacht,24033,2020-09-30,0,55
Haacht,24033,2020-10-01,0,55
Haacht,24033,2020-10-02,0,55
Haacht,24033,2020-10-03,2,57
Haacht,24033,2020-10-04,2,59
Haacht,24033,2020-10-05,4,63
Haacht,24033,2020-10-06,1,64
Haacht,24033,2020-10-07,2,66
Haacht,24033,2020-10-08,2,68
Haacht,24033,2020-10-09,0,68
Haacht,24033,2020-10-10,4,72
Haacht,24033,2020-10-11,8,80
Haacht,24033,2020-10-12,3,83
Haacht,24033,2020-10-13,0,83
Haacht,24033,2020-10-14,3,86
Haacht,24033,2020-10-15,1,87
Haacht,24033,2020-10-16,2,89
Haacht,24033,2020-10-17,1,90
Haacht,24033,2020-10-18,1,91
Haacht,24033,2020-10-19,7,98
Haacht,24033,2020-10-20,5,103
Haacht,24033,2020-10-21,5,108
Haacht,24033,2020-10-22,4,112
Haacht,24033,2020-10-23,15,127
Haacht,24033,2020-10-24,4,131
Haacht,24033,2020-10-25,9,140
Haacht,24033,2020-10-26,5,145
Haacht,24033,2020-10-27,4,149
Haacht,24033,2020-10-28,9,158
Haacht,24033,2020-10-29,11,169
Haacht,24033,2020-10-30,5,174
Haacht,24033,2020-10-31,7,181
Haacht,24033,2020-11-01,5,186
Haacht,24033,2020-11-02,4,190
Haacht,24033,2020-11-03,4,194
Haacht,24033,2020-11-04,1,195
Haacht,24033,2020-11-05,9,204
Haacht,24033,2020-11-06,4,208
Haacht,24033,2020-11-07,6,214
Haacht,24033,2020-11-08,5,219
Haacht,24033,2020-11-09,3,222
Haacht,24033,2020-11-10,0,222
Haacht,24033,2020-11-11,0,222
Herent,24038,2020-04-01,1,27
Herent,24038,2020-04-02,6,33
Herent,24038,2020-04-03,1,34
Herent,24038,2020-04-04,1,35
Herent,24038,2020-04-05,0,35
Herent,24038,2020-04-06,2,37
Herent,24038,2020-04-07,0,37
Herent,24038,2020-04-08,5,42
Herent,24038,2020-04-09,3,45
Herent,24038,2020-04-10,2,47
Herent,24038,2020-04-11,3,50
Herent,24038,2020-04-12,2,52
Herent,24038,2020-04-13,1,53
Herent,24038,2020-04-14,0,53
Herent,24038,2020-04-15,8,61
Herent,24038,2020-04-16,1,62
Herent,24038,2020-04-17,1,63
Herent,24038,2020-04-18,3,66
Herent,24038,2020-04-19,6,72
Herent,24038,2020-04-20,1,73
Herent,24038,2020-04-21,0,73
Herent,24038,2020-04-22,2,75
Herent,24038,2020-04-23,1,76
Herent,24038,2020-04-24,0,76
Herent,24038,2020-04-25,15,91
Herent,24038,2020-04-26,43,134
Herent,24038,2020-04-27,3,137
Herent,24038,2020-04-28,1,138
Herent,24038,2020-04-29,3,141
Herent,24038,2020-04-30,0,141
Herent,24038,2020-05-01,0,141
Herent,24038,2020-05-02,0,141
Herent,24038,2020-05-03,0,141
Herent,24038,2020-05-04,0,141
Herent,24038,2020-05-05,0,141
Herent,24038,2020-05-06,0,141
Herent,24038,2020-05-07,0,141
Herent,24038,2020-05-08,0,141
Herent,24038,2020-05-09,1,142
Herent,24038,2020-05-10,2,144
Herent,24038,2020-05-11,0,144
Herent,24038,2020-05-12,0,144
Herent,24038,2020-05-13,1,145
Herent,24038,2020-05-14,1,146
Herent,24038,2020-05-15,1,147
Herent,24038,2020-05-16,0,147
Herent,24038,2020-05-17,2,149
Herent,24038,2020-05-18,0,149
Herent,24038,2020-05-19,0,149
Herent,24038,2020-05-20,0,149
Herent,24038,2020-05-21,1,150
Herent,24038,2020-05-22,0,150
Herent,24038,2020-05-23,0,150
Herent,24038,2020-05-24,3,153
Herent,24038,2020-05-25,0,153
Herent,24038,2020-05-26,0,153
Herent,24038,2020-05-27,0,153
Herent,24038,2020-05-28,0,153
Herent,24038,2020-05-29,0,153
Herent,24038,2020-05-30,1,154
Herent,24038,2020-05-31,0,154
Herent,24038,2020-06-01,0,154
Herent,24038,2020-06-02,0,154
Herent,24038,2020-06-03,0,154
Herent,24038,2020-06-04,0,154
Herent,24038,2020-06-05,0,154
Herent,24038,2020-06-06,0,154
Herent,24038,2020-06-07,0,154
Herent,24038,2020-06-08,0,154
Herent,24038,2020-06-09,0,154
Herent,24038,2020-06-10,0,154
Herent,24038,2020-06-11,0,154
Herent,24038,2020-06-12,0,154
Herent,24038,2020-06-13,1,155
Herent,24038,2020-06-14,0,155
Herent,24038,2020-06-15,0,155
Herent,24038,2020-06-16,0,155
Herent,24038,2020-06-17,0,155
Herent,24038,2020-06-18,0,155
Herent,24038,2020-06-19,2,157
Herent,24038,2020-06-20,1,158
Herent,24038,2020-06-23,0,158
Herent,24038,2020-06-24,0,158
Herent,24038,2020-06-25,0,158
Herent,24038,2020-06-26,1,159
Herent,24038,2020-06-27,0,159
Herent,24038,2020-06-30,0,159
Herent,24038,2020-07-01,0,159
Herent,24038,2020-07-02,0,159
Herent,24038,2020-07-03,0,159
Herent,24038,2020-07-04,0,159
Herent,24038,2020-07-07,0,159
Herent,24038,2020-07-08,0,159
Herent,24038,2020-07-09,0,159
Herent,24038,2020-07-10,0,159
Herent,24038,2020-07-11,0,159
Herent,24038,2020-07-14,0,159
Herent,24038,2020-07-15,0,159
Herent,24038,2020-07-16,0,159
Herent,24038,2020-07-17,0,159
Herent,24038,2020-07-18,0,159
Herent,24038,2020-07-20,2,161
Herent,24038,2020-07-21,0,161
Herent,24038,2020-07-22,0,161
Herent,24038,2020-07-23,0,161
Herent,24038,2020-07-24,0,161
Herent,24038,2020-07-25,0,161
Herent,24038,2020-07-26,0,161
Herent,24038,2020-07-27,0,161
Herent,24038,2020-07-28,1,162
Herent,24038,2020-07-29,0,162
Herent,24038,2020-07-30,0,162
Herent,24038,2020-07-31,0,162
Herent,24038,2020-08-01,0,162
Herent,24038,2020-08-02,1,163
Herent,24038,2020-08-03,1,164
Herent,24038,2020-08-04,0,164
Herent,24038,2020-08-05,0,164
Herent,24038,2020-08-06,0,164
Herent,24038,2020-08-07,1,165
Herent,24038,2020-08-08,1,166
Herent,24038,2020-08-09,1,167
Herent,24038,2020-08-10,0,167
Herent,24038,2020-08-11,0,167
Herent,24038,2020-08-12,0,167
Herent,24038,2020-08-13,0,167
Herent,24038,2020-08-14,0,167
Herent,24038,2020-08-15,0,167
Herent,24038,2020-08-16,0,167
Herent,24038,2020-08-17,0,167
Herent,24038,2020-08-18,0,167
Herent,24038,2020-08-19,0,167
Herent,24038,2020-08-20,1,168
Herent,24038,2020-08-21,0,168
Herent,24038,2020-08-22,0,168
Herent,24038,2020-08-23,0,168
Herent,24038,2020-08-24,0,168
Herent,24038,2020-08-25,0,168
Herent,24038,2020-08-26,0,168
Herent,24038,2020-08-27,0,168
Herent,24038,2020-08-28,1,169
Herent,24038,2020-08-29,1,170
Herent,24038,2020-08-30,4,174
Herent,24038,2020-08-31,0,174
Herent,24038,2020-09-01,0,174
Herent,24038,2020-09-02,0,174
Herent,24038,2020-09-03,0,174
Herent,24038,2020-09-04,1,175
Herent,24038,2020-09-05,0,175
Herent,24038,2020-09-06,0,175
Herent,24038,2020-09-07,0,175
Herent,24038,2020-09-08,1,176
Herent,24038,2020-09-09,0,176
Herent,24038,2020-09-10,0,176
Herent,24038,2020-09-11,0,176
Herent,24038,2020-09-12,0,176
Herent,24038,2020-09-13,0,176
Herent,24038,2020-09-14,0,176
Herent,24038,2020-09-15,0,176
Herent,24038,2020-09-16,0,176
Herent,24038,2020-09-17,3,179
Herent,24038,2020-09-18,3,182
Herent,24038,2020-09-19,2,184
Herent,24038,2020-09-20,0,184
Herent,24038,2020-09-21,1,185
Herent,24038,2020-09-22,1,186
Herent,24038,2020-09-23,0,186
Herent,24038,2020-09-24,0,186
Herent,24038,2020-09-25,0,186
Herent,24038,2020-09-26,2,188
Herent,24038,2020-09-27,0,188
Herent,24038,2020-09-28,1,189
Herent,24038,2020-09-29,1,190
Herent,24038,2020-09-30,1,191
Herent,24038,2020-10-01,0,191
Herent,24038,2020-10-02,2,193
Herent,24038,2020-10-03,2,195
Herent,24038,2020-10-04,3,198
Herent,24038,2020-10-05,1,199
Herent,24038,2020-10-06,0,199
Herent,24038,2020-10-07,1,200
Herent,24038,2020-10-08,6,206
Herent,24038,2020-10-09,3,209
Herent,24038,2020-10-10,5,214
Herent,24038,2020-10-11,2,216
Herent,24038,2020-10-12,3,219
Herent,24038,2020-10-13,1,220
Herent,24038,2020-10-14,9,229
Herent,24038,2020-10-15,10,239
Herent,24038,2020-10-16,8,247
Herent,24038,2020-10-17,3,250
Herent,24038,2020-10-18,2,252
Herent,24038,2020-10-19,8,260
Herent,24038,2020-10-20,2,262
Herent,24038,2020-10-21,11,273
Herent,24038,2020-10-22,7,280
Herent,24038,2020-10-23,20,300
Herent,24038,2020-10-24,5,305
Herent,24038,2020-10-25,18,323
Herent,24038,2020-10-26,8,331
Herent,24038,2020-10-27,3,334
Herent,24038,2020-10-28,5,339
Herent,24038,2020-10-29,20,359
Herent,24038,2020-10-30,15,374
Herent,24038,2020-10-31,16,390
Herent,24038,2020-11-01,14,404
Herent,24038,2020-11-02,16,420
Herent,24038,2020-11-03,6,426
Herent,24038,2020-11-04,7,433
Herent,24038,2020-11-05,12,445
Herent,24038,2020-11-06,1,446
Herent,24038,2020-11-07,5,451
Herent,24038,2020-11-08,3,454
Herent,24038,2020-11-09,2,456
Herent,24038,2020-11-10,0,456
Herent,24038,2020-11-11,1,457
Hoegaarden,24041,2020-04-01,0,13
Hoegaarden,24041,2020-04-02,1,14
Hoegaarden,24041,2020-04-03,1,15
Hoegaarden,24041,2020-04-04,0,15
Hoegaarden,24041,2020-04-05,1,16
Hoegaarden,24041,2020-04-06,0,16
Hoegaarden,24041,2020-04-07,0,16
Hoegaarden,24041,2020-04-08,0,16
Hoegaarden,24041,2020-04-09,0,16
Hoegaarden,24041,2020-04-10,1,17
Hoegaarden,24041,2020-04-11,1,18
Hoegaarden,24041,2020-04-12,0,18
Hoegaarden,24041,2020-04-13,0,18
Hoegaarden,24041,2020-04-14,0,18
Hoegaarden,24041,2020-04-15,1,19
Hoegaarden,24041,2020-04-16,1,20
Hoegaarden,24041,2020-04-17,1,21
Hoegaarden,24041,2020-04-18,0,21
Hoegaarden,24041,2020-04-19,2,23
Hoegaarden,24041,2020-04-20,0,23
Hoegaarden,24041,2020-04-21,0,23
Hoegaarden,24041,2020-04-22,0,23
Hoegaarden,24041,2020-04-23,0,23
Hoegaarden,24041,2020-04-24,0,23
Hoegaarden,24041,2020-04-25,0,23
Hoegaarden,24041,2020-04-26,0,23
Hoegaarden,24041,2020-04-27,0,23
Hoegaarden,24041,2020-04-28,0,23
Hoegaarden,24041,2020-04-29,0,23
Hoegaarden,24041,2020-04-30,0,23
Hoegaarden,24041,2020-05-01,0,23
Hoegaarden,24041,2020-05-02,1,24
Hoegaarden,24041,2020-05-03,0,24
Hoegaarden,24041,2020-05-04,0,24
Hoegaarden,24041,2020-05-05,0,24
Hoegaarden,24041,2020-05-06,0,24
Hoegaarden,24041,2020-05-07,0,24
Hoegaarden,24041,2020-05-08,0,24
Hoegaarden,24041,2020-05-09,0,24
Hoegaarden,24041,2020-05-10,0,24
Hoegaarden,24041,2020-05-11,0,24
Hoegaarden,24041,2020-05-12,0,24
Hoegaarden,24041,2020-05-13,0,24
Hoegaarden,24041,2020-05-14,0,24
Hoegaarden,24041,2020-05-15,0,24
Hoegaarden,24041,2020-05-16,0,24
Hoegaarden,24041,2020-05-17,0,24
Hoegaarden,24041,2020-05-18,0,24
Hoegaarden,24041,2020-05-19,0,24
Hoegaarden,24041,2020-05-20,0,24
Hoegaarden,24041,2020-05-21,0,24
Hoegaarden,24041,2020-05-22,0,24
Hoegaarden,24041,2020-05-23,0,24
Hoegaarden,24041,2020-05-24,0,24
Hoegaarden,24041,2020-05-25,0,24
Hoegaarden,24041,2020-05-26,0,24
Hoegaarden,24041,2020-05-27,0,24
Hoegaarden,24041,2020-05-28,0,24
Hoegaarden,24041,2020-05-29,0,24
Hoegaarden,24041,2020-05-30,0,24
Hoegaarden,24041,2020-05-31,0,24
Hoegaarden,24041,2020-06-01,0,24
Hoegaarden,24041,2020-06-02,0,24
Hoegaarden,24041,2020-06-03,0,24
Hoegaarden,24041,2020-06-04,0,24
Hoegaarden,24041,2020-06-05,0,24
Hoegaarden,24041,2020-06-06,0,24
Hoegaarden,24041,2020-06-07,1,25
Hoegaarden,24041,2020-06-08,0,25
Hoegaarden,24041,2020-06-09,0,25
Hoegaarden,24041,2020-06-10,0,25
Hoegaarden,24041,2020-06-11,1,26
Hoegaarden,24041,2020-06-12,-1,25
Hoegaarden,24041,2020-06-13,0,25
Hoegaarden,24041,2020-06-14,0,25
Hoegaarden,24041,2020-06-15,0,25
Hoegaarden,24041,2020-06-16,0,25
Hoegaarden,24041,2020-06-17,0,25
Hoegaarden,24041,2020-06-18,0,25
Hoegaarden,24041,2020-06-19,0,25
Hoegaarden,24041,2020-06-20,0,25
Hoegaarden,24041,2020-06-23,0,25
Hoegaarden,24041,2020-06-24,0,25
Hoegaarden,24041,2020-06-25,0,25
Hoegaarden,24041,2020-06-26,0,25
Hoegaarden,24041,2020-06-27,0,25
Hoegaarden,24041,2020-06-30,1,26
Hoegaarden,24041,2020-07-01,0,26
Hoegaarden,24041,2020-07-02,0,26
Hoegaarden,24041,2020-07-03,0,26
Hoegaarden,24041,2020-07-04,0,26
Hoegaarden,24041,2020-07-07,0,26
Hoegaarden,24041,2020-07-08,0,26
Hoegaarden,24041,2020-07-09,0,26
Hoegaarden,24041,2020-07-10,0,26
Hoegaarden,24041,2020-07-11,0,26
Hoegaarden,24041,2020-07-14,0,26
Hoegaarden,24041,2020-07-15,0,26
Hoegaarden,24041,2020-07-16,0,26
Hoegaarden,24041,2020-07-17,0,26
Hoegaarden,24041,2020-07-18,0,26
Hoegaarden,24041,2020-07-20,0,26
Hoegaarden,24041,2020-07-21,0,26
Hoegaarden,24041,2020-07-22,0,26
Hoegaarden,24041,2020-07-23,0,26
Hoegaarden,24041,2020-07-24,0,26
Hoegaarden,24041,2020-07-25,0,26
Hoegaarden,24041,2020-07-26,0,26
Hoegaarden,24041,2020-07-27,0,26
Hoegaarden,24041,2020-07-28,0,26
Hoegaarden,24041,2020-07-29,0,26
Hoegaarden,24041,2020-07-30,0,26
Hoegaarden,24041,2020-07-31,0,26
Hoegaarden,24041,2020-08-01,0,26
Hoegaarden,24041,2020-08-02,0,26
Hoegaarden,24041,2020-08-03,0,26
Hoegaarden,24041,2020-08-04,0,26
Hoegaarden,24041,2020-08-05,0,26
Hoegaarden,24041,2020-08-06,0,26
Hoegaarden,24041,2020-08-07,0,26
Hoegaarden,24041,2020-08-08,0,26
Hoegaarden,24041,2020-08-09,1,27
Hoegaarden,24041,2020-08-10,0,27
Hoegaarden,24041,2020-08-11,0,27
Hoegaarden,24041,2020-08-12,0,27
Hoegaarden,24041,2020-08-13,0,27
Hoegaarden,24041,2020-08-14,0,27
Hoegaarden,24041,2020-08-15,0,27
Hoegaarden,24041,2020-08-16,0,27
Hoegaarden,24041,2020-08-17,0,27
Hoegaarden,24041,2020-08-18,0,27
Hoegaarden,24041,2020-08-19,0,27
Hoegaarden,24041,2020-08-20,0,27
Hoegaarden,24041,2020-08-21,0,27
Hoegaarden,24041,2020-08-22,0,27
Hoegaarden,24041,2020-08-23,0,27
Hoegaarden,24041,2020-08-24,0,27
Hoegaarden,24041,2020-08-25,0,27
Hoegaarden,24041,2020-08-26,0,27
Hoegaarden,24041,2020-08-27,0,27
Hoegaarden,24041,2020-08-28,0,27
Hoegaarden,24041,2020-08-29,0,27
Hoegaarden,24041,2020-08-30,0,27
Hoegaarden,24041,2020-08-31,0,27
Hoegaarden,24041,2020-09-01,0,27
Hoegaarden,24041,2020-09-02,0,27
Hoegaarden,24041,2020-09-03,0,27
Hoegaarden,24041,2020-09-04,0,27
Hoegaarden,24041,2020-09-05,0,27
Hoegaarden,24041,2020-09-06,0,27
Hoegaarden,24041,2020-09-07,0,27
Hoegaarden,24041,2020-09-08,0,27
Hoegaarden,24041,2020-09-09,0,27
Hoegaarden,24041,2020-09-10,0,27
Hoegaarden,24041,2020-09-11,1,28
Hoegaarden,24041,2020-09-12,0,28
Hoegaarden,24041,2020-09-13,0,28
Hoegaarden,24041,2020-09-14,0,28
Hoegaarden,24041,2020-09-15,0,28
Hoegaarden,24041,2020-09-16,0,28
Hoegaarden,24041,2020-09-17,0,28
Hoegaarden,24041,2020-09-18,0,28
Hoegaarden,24041,2020-09-19,0,28
Hoegaarden,24041,2020-09-20,0,28
Hoegaarden,24041,2020-09-21,0,28
Hoegaarden,24041,2020-09-22,0,28
Hoegaarden,24041,2020-09-23,1,29
Hoegaarden,24041,2020-09-24,0,29
Hoegaarden,24041,2020-09-25,0,29
Hoegaarden,24041,2020-09-26,0,29
Hoegaarden,24041,2020-09-27,0,29
Hoegaarden,24041,2020-09-28,0,29
Hoegaarden,24041,2020-09-29,0,29
Hoegaarden,24041,2020-09-30,0,29
Hoegaarden,24041,2020-10-01,0,29
Hoegaarden,24041,2020-10-02,0,29
Hoegaarden,24041,2020-10-03,2,31
Hoegaarden,24041,2020-10-04,0,31
Hoegaarden,24041,2020-10-05,0,31
Hoegaarden,24041,2020-10-06,0,31
Hoegaarden,24041,2020-10-07,0,31
Hoegaarden,24041,2020-10-08,0,31
Hoegaarden,24041,2020-10-09,0,31
Hoegaarden,24041,2020-10-10,1,32
Hoegaarden,24041,2020-10-11,1,33
Hoegaarden,24041,2020-10-12,3,36
Hoegaarden,24041,2020-10-13,0,36
Hoegaarden,24041,2020-10-14,2,38
Hoegaarden,24041,2020-10-15,2,40
Hoegaarden,24041,2020-10-16,3,43
Hoegaarden,24041,2020-10-17,4,47
Hoegaarden,24041,2020-10-18,2,49
Hoegaarden,24041,2020-10-19,2,51
Hoegaarden,24041,2020-10-20,2,53
Hoegaarden,24041,2020-10-21,4,57
Hoegaarden,24041,2020-10-22,2,59
Hoegaarden,24041,2020-10-23,9,68
Hoegaarden,24041,2020-10-24,4,72
Hoegaarden,24041,2020-10-25,5,77
Hoegaarden,24041,2020-10-26,7,84
Hoegaarden,24041,2020-10-27,6,90
Hoegaarden,24041,2020-10-28,3,93
Hoegaarden,24041,2020-10-29,9,102
Hoegaarden,24041,2020-10-30,6,108
Hoegaarden,24041,2020-10-31,10,118
Hoegaarden,24041,2020-11-01,7,125
Hoegaarden,24041,2020-11-02,7,132
Hoegaarden,24041,2020-11-03,1,133
Hoegaarden,24041,2020-11-04,0,133
Hoegaarden,24041,2020-11-05,3,136
Hoegaarden,24041,2020-11-06,2,138
Hoegaarden,24041,2020-11-07,1,139
Hoegaarden,24041,2020-11-08,2,141
Hoegaarden,24041,2020-11-09,1,142
Hoegaarden,24041,2020-11-10,0,142
Hoegaarden,24041,2020-11-11,1,143
Holsbeek,24043,2020-04-01,2,16
Holsbeek,24043,2020-04-02,0,16
Holsbeek,24043,2020-04-03,1,17
Holsbeek,24043,2020-04-04,1,18
Holsbeek,24043,2020-04-05,2,20
Holsbeek,24043,2020-04-06,2,22
Holsbeek,24043,2020-04-07,0,22
Holsbeek,24043,2020-04-08,1,23
Holsbeek,24043,2020-04-09,1,24
Holsbeek,24043,2020-04-10,3,27
Holsbeek,24043,2020-04-11,0,27
Holsbeek,24043,2020-04-12,0,27
Holsbeek,24043,2020-04-13,0,27
Holsbeek,24043,2020-04-14,1,28
Holsbeek,24043,2020-04-15,0,28
Holsbeek,24043,2020-04-16,1,29
Holsbeek,24043,2020-04-17,1,30
Holsbeek,24043,2020-04-18,0,30
Holsbeek,24043,2020-04-19,0,30
Holsbeek,24043,2020-04-20,0,30
Holsbeek,24043,2020-04-21,0,30
Holsbeek,24043,2020-04-22,0,30
Holsbeek,24043,2020-04-23,1,31
Holsbeek,24043,2020-04-24,0,31
Holsbeek,24043,2020-04-25,3,34
Holsbeek,24043,2020-04-26,0,34
Holsbeek,24043,2020-04-27,1,35
Holsbeek,24043,2020-04-28,0,35
Holsbeek,24043,2020-04-29,0,35
Holsbeek,24043,2020-04-30,0,35
Holsbeek,24043,2020-05-01,0,35
Holsbeek,24043,2020-05-02,0,35
Holsbeek,24043,2020-05-03,0,35
Holsbeek,24043,2020-05-04,0,35
Holsbeek,24043,2020-05-05,1,36
Holsbeek,24043,2020-05-06,0,36
Holsbeek,24043,2020-05-07,0,36
Holsbeek,24043,2020-05-08,1,37
Holsbeek,24043,2020-05-09,0,37
Holsbeek,24043,2020-05-10,1,38
Holsbeek,24043,2020-05-11,0,38
Holsbeek,24043,2020-05-12,0,38
Holsbeek,24043,2020-05-13,1,39
Holsbeek,24043,2020-05-14,0,39
Holsbeek,24043,2020-05-15,0,39
Holsbeek,24043,2020-05-16,0,39
Holsbeek,24043,2020-05-17,1,40
Holsbeek,24043,2020-05-18,0,40
Holsbeek,24043,2020-05-19,0,40
Holsbeek,24043,2020-05-20,1,41
Holsbeek,24043,2020-05-21,0,41
Holsbeek,24043,2020-05-22,0,41
Holsbeek,24043,2020-05-23,0,41
Holsbeek,24043,2020-05-24,0,41
Holsbeek,24043,2020-05-25,0,41
Holsbeek,24043,2020-05-26,0,41
Holsbeek,24043,2020-05-27,0,41
Holsbeek,24043,2020-05-28,0,41
Holsbeek,24043,2020-05-29,0,41
Holsbeek,24043,2020-05-30,0,41
Holsbeek,24043,2020-05-31,0,41
Holsbeek,24043,2020-06-01,0,41
Holsbeek,24043,2020-06-02,0,41
Holsbeek,24043,2020-06-03,0,41
Holsbeek,24043,2020-06-04,0,41
Holsbeek,24043,2020-06-05,0,41
Holsbeek,24043,2020-06-06,1,42
Holsbeek,24043,2020-06-07,0,42
Holsbeek,24043,2020-06-08,0,42
Holsbeek,24043,2020-06-09,0,42
Holsbeek,24043,2020-06-10,0,42
Holsbeek,24043,2020-06-11,1,43
Holsbeek,24043,2020-06-12,0,43
Holsbeek,24043,2020-06-13,0,43
Holsbeek,24043,2020-06-14,0,43
Holsbeek,24043,2020-06-15,0,43
Holsbeek,24043,2020-06-16,0,43
Holsbeek,24043,2020-06-17,0,43
Holsbeek,24043,2020-06-18,0,43
Holsbeek,24043,2020-06-19,0,43
Holsbeek,24043,2020-06-20,0,43
Holsbeek,24043,2020-06-23,0,43
Holsbeek,24043,2020-06-24,0,43
Holsbeek,24043,2020-06-25,0,43
Holsbeek,24043,2020-06-26,0,43
Holsbeek,24043,2020-06-27,0,43
Holsbeek,24043,2020-06-30,0,43
Holsbeek,24043,2020-07-01,0,43
Holsbeek,24043,2020-07-02,0,43
Holsbeek,24043,2020-07-03,0,43
Holsbeek,24043,2020-07-04,0,43
Holsbeek,24043,2020-07-07,0,43
Holsbeek,24043,2020-07-08,0,43
Holsbeek,24043,2020-07-09,0,43
Holsbeek,24043,2020-07-10,0,43
Holsbeek,24043,2020-07-11,0,43
Holsbeek,24043,2020-07-14,0,43
Holsbeek,24043,2020-07-15,0,43
Holsbeek,24043,2020-07-16,0,43
Holsbeek,24043,2020-07-17,0,43
Holsbeek,24043,2020-07-18,0,43
Holsbeek,24043,2020-07-20,0,43
Holsbeek,24043,2020-07-21,0,43
Holsbeek,24043,2020-07-22,0,43
Holsbeek,24043,2020-07-23,0,43
Holsbeek,24043,2020-07-24,0,43
Holsbeek,24043,2020-07-25,0,43
Holsbeek,24043,2020-07-26,0,43
Holsbeek,24043,2020-07-27,0,43
Holsbeek,24043,2020-07-28,0,43
Holsbeek,24043,2020-07-29,0,43
Holsbeek,24043,2020-07-30,0,43
Holsbeek,24043,2020-07-31,1,44
Holsbeek,24043,2020-08-01,0,44
Holsbeek,24043,2020-08-02,0,44
Holsbeek,24043,2020-08-03,0,44
Holsbeek,24043,2020-08-04,0,44
Holsbeek,24043,2020-08-05,0,44
Holsbeek,24043,2020-08-06,0,44
Holsbeek,24043,2020-08-07,0,44
Holsbeek,24043,2020-08-08,0,44
Holsbeek,24043,2020-08-09,0,44
Holsbeek,24043,2020-08-10,0,44
Holsbeek,24043,2020-08-11,0,44
Holsbeek,24043,2020-08-12,0,44
Holsbeek,24043,2020-08-13,0,44
Holsbeek,24043,2020-08-14,0,44
Holsbeek,24043,2020-08-15,0,44
Holsbeek,24043,2020-08-16,0,44
Holsbeek,24043,2020-08-17,0,44
Holsbeek,24043,2020-08-18,0,44
Holsbeek,24043,2020-08-19,0,44
Holsbeek,24043,2020-08-20,0,44
Holsbeek,24043,2020-08-21,0,44
Holsbeek,24043,2020-08-22,0,44
Holsbeek,24043,2020-08-23,0,44
Holsbeek,24043,2020-08-24,0,44
Holsbeek,24043,2020-08-25,0,44
Holsbeek,24043,2020-08-26,0,44
Holsbeek,24043,2020-08-27,1,45
Holsbeek,24043,2020-08-28,2,47
Holsbeek,24043,2020-08-29,1,48
Holsbeek,24043,2020-08-30,0,48
Holsbeek,24043,2020-08-31,0,48
Holsbeek,24043,2020-09-01,0,48
Holsbeek,24043,2020-09-02,0,48
Holsbeek,24043,2020-09-03,0,48
Holsbeek,24043,2020-09-04,-1,47
Holsbeek,24043,2020-09-05,0,47
Holsbeek,24043,2020-09-06,0,47
Holsbeek,24043,2020-09-07,0,47
Holsbeek,24043,2020-09-08,0,47
Holsbeek,24043,2020-09-09,0,47
Holsbeek,24043,2020-09-10,0,47
Holsbeek,24043,2020-09-11,0,47
Holsbeek,24043,2020-09-12,0,47
Holsbeek,24043,2020-09-13,0,47
Holsbeek,24043,2020-09-14,1,48
Holsbeek,24043,2020-09-15,0,48
Holsbeek,24043,2020-09-16,0,48
Holsbeek,24043,2020-09-17,0,48
Holsbeek,24043,2020-09-18,1,49
Holsbeek,24043,2020-09-19,0,49
Holsbeek,24043,2020-09-20,0,49
Holsbeek,24043,2020-09-21,2,51
Holsbeek,24043,2020-09-22,0,51
Holsbeek,24043,2020-09-23,0,51
Holsbeek,24043,2020-09-24,2,53
Holsbeek,24043,2020-09-25,0,53
Holsbeek,24043,2020-09-26,0,53
Holsbeek,24043,2020-09-27,0,53
Holsbeek,24043,2020-09-28,0,53
Holsbeek,24043,2020-09-29,2,55
Holsbeek,24043,2020-09-30,0,55
Holsbeek,24043,2020-10-01,0,55
Holsbeek,24043,2020-10-02,1,56
Holsbeek,24043,2020-10-03,0,56
Holsbeek,24043,2020-10-04,1,57
Holsbeek,24043,2020-10-05,0,57
Holsbeek,24043,2020-10-06,0,57
Holsbeek,24043,2020-10-07,0,57
Holsbeek,24043,2020-10-08,1,58
Holsbeek,24043,2020-10-09,1,59
Holsbeek,24043,2020-10-10,0,59
Holsbeek,24043,2020-10-11,2,61
Holsbeek,24043,2020-10-12,1,62
Holsbeek,24043,2020-10-13,0,62
Holsbeek,24043,2020-10-14,3,65
Holsbeek,24043,2020-10-15,4,69
Holsbeek,24043,2020-10-16,3,72
Holsbeek,24043,2020-10-17,2,74
Holsbeek,24043,2020-10-18,6,80
Holsbeek,24043,2020-10-19,4,84
Holsbeek,24043,2020-10-20,3,87
Holsbeek,24043,2020-10-21,4,91
Holsbeek,24043,2020-10-22,7,98
Holsbeek,24043,2020-10-23,8,106
Holsbeek,24043,2020-10-24,3,109
Holsbeek,24043,2020-10-25,2,111
Holsbeek,24043,2020-10-26,3,114
Holsbeek,24043,2020-10-27,3,117
Holsbeek,24043,2020-10-28,2,119
Holsbeek,24043,2020-10-29,17,136
Holsbeek,24043,2020-10-30,8,144
Holsbeek,24043,2020-10-31,11,155
Holsbeek,24043,2020-11-01,3,158
Holsbeek,24043,2020-11-02,2,160
Holsbeek,24043,2020-11-03,1,161
Holsbeek,24043,2020-11-04,1,162
Holsbeek,24043,2020-11-05,5,167
Holsbeek,24043,2020-11-06,4,171
Holsbeek,24043,2020-11-07,5,176
Holsbeek,24043,2020-11-08,0,176
Holsbeek,24043,2020-11-09,0,176
Holsbeek,24043,2020-11-10,0,176
Holsbeek,24043,2020-11-11,2,178
Huldenberg,24045,2020-04-01,1,15
Huldenberg,24045,2020-04-02,0,15
Huldenberg,24045,2020-04-03,0,15
Huldenberg,24045,2020-04-04,1,16
Huldenberg,24045,2020-04-05,1,17
Huldenberg,24045,2020-04-06,0,17
Huldenberg,24045,2020-04-07,0,17
Huldenberg,24045,2020-04-08,1,18
Huldenberg,24045,2020-04-09,1,19
Huldenberg,24045,2020-04-10,2,21
Huldenberg,24045,2020-04-11,1,22
Huldenberg,24045,2020-04-12,0,22
Huldenberg,24045,2020-04-13,1,23
Huldenberg,24045,2020-04-14,0,23
Huldenberg,24045,2020-04-15,0,23
Huldenberg,24045,2020-04-16,1,24
Huldenberg,24045,2020-04-17,0,24
Huldenberg,24045,2020-04-18,1,25
Huldenberg,24045,2020-04-19,0,25
Huldenberg,24045,2020-04-20,0,25
Huldenberg,24045,2020-04-21,1,26
Huldenberg,24045,2020-04-22,0,26
Huldenberg,24045,2020-04-23,1,27
Huldenberg,24045,2020-04-24,1,28
Huldenberg,24045,2020-04-25,3,31
Huldenberg,24045,2020-04-26,1,32
Huldenberg,24045,2020-04-27,0,32
Huldenberg,24045,2020-04-28,0,32
Huldenberg,24045,2020-04-29,0,32
Huldenberg,24045,2020-04-30,0,32
Huldenberg,24045,2020-05-01,0,32
Huldenberg,24045,2020-05-02,0,32
Huldenberg,24045,2020-05-03,0,32
Huldenberg,24045,2020-05-04,0,32
Huldenberg,24045,2020-05-05,0,32
Huldenberg,24045,2020-05-06,0,32
Huldenberg,24045,2020-05-07,0,32
Huldenberg,24045,2020-05-08,0,32
Huldenberg,24045,2020-05-09,0,32
Huldenberg,24045,2020-05-10,0,32
Huldenberg,24045,2020-05-11,0,32
Huldenberg,24045,2020-05-12,0,32
Huldenberg,24045,2020-05-13,1,33
Huldenberg,24045,2020-05-14,0,33
Huldenberg,24045,2020-05-15,1,34
Huldenberg,24045,2020-05-16,0,34
Huldenberg,24045,2020-05-17,0,34
Huldenberg,24045,2020-05-18,2,36
Huldenberg,24045,2020-05-19,0,36
Huldenberg,24045,2020-05-20,0,36
Huldenberg,24045,2020-05-21,0,36
Huldenberg,24045,2020-05-22,0,36
Huldenberg,24045,2020-05-23,0,36
Huldenberg,24045,2020-05-24,0,36
Huldenberg,24045,2020-05-25,0,36
Huldenberg,24045,2020-05-26,0,36
Huldenberg,24045,2020-05-27,0,36
Huldenberg,24045,2020-05-28,0,36
Huldenberg,24045,2020-05-29,0,36
Huldenberg,24045,2020-05-30,0,36
Huldenberg,24045,2020-05-31,0,36
Huldenberg,24045,2020-06-01,0,36
Huldenberg,24045,2020-06-02,0,36
Huldenberg,24045,2020-06-03,0,36
Huldenberg,24045,2020-06-04,0,36
Huldenberg,24045,2020-06-05,0,36
Huldenberg,24045,2020-06-06,0,36
Huldenberg,24045,2020-06-07,0,36
Huldenberg,24045,2020-06-08,0,36
Huldenberg,24045,2020-06-09,0,36
Huldenberg,24045,2020-06-10,0,36
Huldenberg,24045,2020-06-11,0,36
Huldenberg,24045,2020-06-12,0,36
Huldenberg,24045,2020-06-13,0,36
Huldenberg,24045,2020-06-14,0,36
Huldenberg,24045,2020-06-15,0,36
Huldenberg,24045,2020-06-16,0,36
Huldenberg,24045,2020-06-17,0,36
Huldenberg,24045,2020-06-18,0,36
Huldenberg,24045,2020-06-19,0,36
Huldenberg,24045,2020-06-20,0,36
Huldenberg,24045,2020-06-23,0,36
Huldenberg,24045,2020-06-24,0,36
Huldenberg,24045,2020-06-25,0,36
Huldenberg,24045,2020-06-26,0,36
Huldenberg,24045,2020-06-27,0,36
Huldenberg,24045,2020-06-30,0,36
Huldenberg,24045,2020-07-01,0,36
Huldenberg,24045,2020-07-02,0,36
Huldenberg,24045,2020-07-03,1,37
Huldenberg,24045,2020-07-04,0,37
Huldenberg,24045,2020-07-07,0,37
Huldenberg,24045,2020-07-08,0,37
Huldenberg,24045,2020-07-09,0,37
Huldenberg,24045,2020-07-10,0,37
Huldenberg,24045,2020-07-11,0,37
Huldenberg,24045,2020-07-14,0,37
Huldenberg,24045,2020-07-15,0,37
Huldenberg,24045,2020-07-16,0,37
Huldenberg,24045,2020-07-17,0,37
Huldenberg,24045,2020-07-18,0,37
Huldenberg,24045,2020-07-20,0,37
Huldenberg,24045,2020-07-21,1,38
Huldenberg,24045,2020-07-22,0,38
Huldenberg,24045,2020-07-23,0,38
Huldenberg,24045,2020-07-24,0,38
Huldenberg,24045,2020-07-25,0,38
Huldenberg,24045,2020-07-26,0,38
Huldenberg,24045,2020-07-27,0,38
Huldenberg,24045,2020-07-28,0,38
Huldenberg,24045,2020-07-29,0,38
Huldenberg,24045,2020-07-30,0,38
Huldenberg,24045,2020-07-31,0,38
Huldenberg,24045,2020-08-01,1,39
Huldenberg,24045,2020-08-02,0,39
Huldenberg,24045,2020-08-03,0,39
Huldenberg,24045,2020-08-04,0,39
Huldenberg,24045,2020-08-05,0,39
Huldenberg,24045,2020-08-06,0,39
Huldenberg,24045,2020-08-07,1,40
Huldenberg,24045,2020-08-08,0,40
Huldenberg,24045,2020-08-09,0,40
Huldenberg,24045,2020-08-10,0,40
Huldenberg,24045,2020-08-11,0,40
Huldenberg,24045,2020-08-12,0,40
Huldenberg,24045,2020-08-13,0,40
Huldenberg,24045,2020-08-14,0,40
Huldenberg,24045,2020-08-15,1,41
Huldenberg,24045,2020-08-16,1,42
Huldenberg,24045,2020-08-17,0,42
Huldenberg,24045,2020-08-18,0,42
Huldenberg,24045,2020-08-19,0,42
Huldenberg,24045,2020-08-20,0,42
Huldenberg,24045,2020-08-21,0,42
Huldenberg,24045,2020-08-22,0,42
Huldenberg,24045,2020-08-23,0,42
Huldenberg,24045,2020-08-24,0,42
Huldenberg,24045,2020-08-25,0,42
Huldenberg,24045,2020-08-26,0,42
Huldenberg,24045,2020-08-27,0,42
Huldenberg,24045,2020-08-28,0,42
Huldenberg,24045,2020-08-29,1,43
Huldenberg,24045,2020-08-30,0,43
Huldenberg,24045,2020-08-31,0,43
Huldenberg,24045,2020-09-01,0,43
Huldenberg,24045,2020-09-02,0,43
Huldenberg,24045,2020-09-03,0,43
Huldenberg,24045,2020-09-04,2,45
Huldenberg,24045,2020-09-05,0,45
Huldenberg,24045,2020-09-06,1,46
Huldenberg,24045,2020-09-07,0,46
Huldenberg,24045,2020-09-08,0,46
Huldenberg,24045,2020-09-09,0,46
Huldenberg,24045,2020-09-10,0,46
Huldenberg,24045,2020-09-11,0,46
Huldenberg,24045,2020-09-12,0,46
Huldenberg,24045,2020-09-13,0,46
Huldenberg,24045,2020-09-14,3,49
Huldenberg,24045,2020-09-15,0,49
Huldenberg,24045,2020-09-16,0,49
Huldenberg,24045,2020-09-17,1,50
Huldenberg,24045,2020-09-18,1,51
Huldenberg,24045,2020-09-19,1,52
Huldenberg,24045,2020-09-20,0,52
Huldenberg,24045,2020-09-21,0,52
Huldenberg,24045,2020-09-22,0,52
Huldenberg,24045,2020-09-23,3,55
Huldenberg,24045,2020-09-24,2,57
Huldenberg,24045,2020-09-25,2,59
Huldenberg,24045,2020-09-26,2,61
Huldenberg,24045,2020-09-27,1,62
Huldenberg,24045,2020-09-28,4,66
Huldenberg,24045,2020-09-29,0,66
Huldenberg,24045,2020-09-30,1,67
Huldenberg,24045,2020-10-01,1,68
Huldenberg,24045,2020-10-02,1,69
Huldenberg,24045,2020-10-03,2,71
Huldenberg,24045,2020-10-04,4,75
Huldenberg,24045,2020-10-05,1,76
Huldenberg,24045,2020-10-06,0,76
Huldenberg,24045,2020-10-07,0,76
Huldenberg,24045,2020-10-08,2,78
Huldenberg,24045,2020-10-09,1,79
Huldenberg,24045,2020-10-10,2,81
Huldenberg,24045,2020-10-11,2,83
Huldenberg,24045,2020-10-12,2,85
Huldenberg,24045,2020-10-13,2,87
Huldenberg,24045,2020-10-14,4,91
Huldenberg,24045,2020-10-15,4,95
Huldenberg,24045,2020-10-16,5,100
Huldenberg,24045,2020-10-17,4,104
Huldenberg,24045,2020-10-18,7,111
Huldenberg,24045,2020-10-19,5,116
Huldenberg,24045,2020-10-20,3,119
Huldenberg,24045,2020-10-21,5,124
Huldenberg,24045,2020-10-22,3,127
Huldenberg,24045,2020-10-23,11,138
Huldenberg,24045,2020-10-24,9,147
Huldenberg,24045,2020-10-25,8,155
Huldenberg,24045,2020-10-26,1,156
Huldenberg,24045,2020-10-27,6,162
Huldenberg,24045,2020-10-28,5,167
Huldenberg,24045,2020-10-29,10,177
Huldenberg,24045,2020-10-30,8,185
Huldenberg,24045,2020-10-31,6,191
Huldenberg,24045,2020-11-01,5,196
Huldenberg,24045,2020-11-02,3,199
Huldenberg,24045,2020-11-03,3,202
Huldenberg,24045,2020-11-04,0,202
Huldenberg,24045,2020-11-05,10,212
Huldenberg,24045,2020-11-06,6,218
Huldenberg,24045,2020-11-07,4,222
Huldenberg,24045,2020-11-08,4,226
Huldenberg,24045,2020-11-09,2,228
Huldenberg,24045,2020-11-10,0,228
Huldenberg,24045,2020-11-11,1,229
Keerbergen,24048,2020-04-01,1,16
Keerbergen,24048,2020-04-02,7,23
Keerbergen,24048,2020-04-03,4,27
Keerbergen,24048,2020-04-04,3,30
Keerbergen,24048,2020-04-05,2,32
Keerbergen,24048,2020-04-06,1,33
Keerbergen,24048,2020-04-07,0,33
Keerbergen,24048,2020-04-08,2,35
Keerbergen,24048,2020-04-09,7,42
Keerbergen,24048,2020-04-10,1,43
Keerbergen,24048,2020-04-11,3,46
Keerbergen,24048,2020-04-12,0,46
Keerbergen,24048,2020-04-13,0,46
Keerbergen,24048,2020-04-14,0,46
Keerbergen,24048,2020-04-15,0,46
Keerbergen,24048,2020-04-16,0,46
Keerbergen,24048,2020-04-17,0,46
Keerbergen,24048,2020-04-18,0,46
Keerbergen,24048,2020-04-19,0,46
Keerbergen,24048,2020-04-20,0,46
Keerbergen,24048,2020-04-21,1,47
Keerbergen,24048,2020-04-22,0,47
Keerbergen,24048,2020-04-23,0,47
Keerbergen,24048,2020-04-24,1,48
Keerbergen,24048,2020-04-25,0,48
Keerbergen,24048,2020-04-26,0,48
Keerbergen,24048,2020-04-27,0,48
Keerbergen,24048,2020-04-28,0,48
Keerbergen,24048,2020-04-29,0,48
Keerbergen,24048,2020-04-30,1,49
Keerbergen,24048,2020-05-01,1,50
Keerbergen,24048,2020-05-02,0,50
Keerbergen,24048,2020-05-03,0,50
Keerbergen,24048,2020-05-04,0,50
Keerbergen,24048,2020-05-05,0,50
Keerbergen,24048,2020-05-06,0,50
Keerbergen,24048,2020-05-07,0,50
Keerbergen,24048,2020-05-08,0,50
Keerbergen,24048,2020-05-09,1,51
Keerbergen,24048,2020-05-10,0,51
Keerbergen,24048,2020-05-11,0,51
Keerbergen,24048,2020-05-12,0,51
Keerbergen,24048,2020-05-13,0,51
Keerbergen,24048,2020-05-14,0,51
Keerbergen,24048,2020-05-15,0,51
Keerbergen,24048,2020-05-16,0,51
Keerbergen,24048,2020-05-17,0,51
Keerbergen,24048,2020-05-18,0,51
Keerbergen,24048,2020-05-19,0,51
Keerbergen,24048,2020-05-20,0,51
Keerbergen,24048,2020-05-21,0,51
Keerbergen,24048,2020-05-22,0,51
Keerbergen,24048,2020-05-23,0,51
Keerbergen,24048,2020-05-24,0,51
Keerbergen,24048,2020-05-25,0,51
Keerbergen,24048,2020-05-26,0,51
Keerbergen,24048,2020-05-27,0,51
Keerbergen,24048,2020-05-28,0,51
Keerbergen,24048,2020-05-29,0,51
Keerbergen,24048,2020-05-30,0,51
Keerbergen,24048,2020-05-31,0,51
Keerbergen,24048,2020-06-01,0,51
Keerbergen,24048,2020-06-02,0,51
Keerbergen,24048,2020-06-03,0,51
Keerbergen,24048,2020-06-04,0,51
Keerbergen,24048,2020-06-05,1,52
Keerbergen,24048,2020-06-06,0,52
Keerbergen,24048,2020-06-07,0,52
Keerbergen,24048,2020-06-08,0,52
Keerbergen,24048,2020-06-09,0,52
Keerbergen,24048,2020-06-10,0,52
Keerbergen,24048,2020-06-11,1,53
Keerbergen,24048,2020-06-12,0,53
Keerbergen,24048,2020-06-13,0,53
Keerbergen,24048,2020-06-14,0,53
Keerbergen,24048,2020-06-15,0,53
Keerbergen,24048,2020-06-16,0,53
Keerbergen,24048,2020-06-17,0,53
Keerbergen,24048,2020-06-18,0,53
Keerbergen,24048,2020-06-19,0,53
Keerbergen,24048,2020-06-20,0,53
Keerbergen,24048,2020-06-23,0,53
Keerbergen,24048,2020-06-24,0,53
Keerbergen,24048,2020-06-25,0,53
Keerbergen,24048,2020-06-26,0,53
Keerbergen,24048,2020-06-27,0,53
Keerbergen,24048,2020-06-30,0,53
Keerbergen,24048,2020-07-01,0,53
Keerbergen,24048,2020-07-02,0,53
Keerbergen,24048,2020-07-03,0,53
Keerbergen,24048,2020-07-04,0,53
Keerbergen,24048,2020-07-07,0,53
Keerbergen,24048,2020-07-08,0,53
Keerbergen,24048,2020-07-09,0,53
Keerbergen,24048,2020-07-10,0,53
Keerbergen,24048,2020-07-11,0,53
Keerbergen,24048,2020-07-14,0,53
Keerbergen,24048,2020-07-15,0,53
Keerbergen,24048,2020-07-16,0,53
Keerbergen,24048,2020-07-17,0,53
Keerbergen,24048,2020-07-18,0,53
Keerbergen,24048,2020-07-20,0,53
Keerbergen,24048,2020-07-21,0,53
Keerbergen,24048,2020-07-22,1,54
Keerbergen,24048,2020-07-23,0,54
Keerbergen,24048,2020-07-24,0,54
Keerbergen,24048,2020-07-25,0,54
Keerbergen,24048,2020-07-26,0,54
Keerbergen,24048,2020-07-27,0,54
Keerbergen,24048,2020-07-28,0,54
Keerbergen,24048,2020-07-29,0,54
Keerbergen,24048,2020-07-30,0,54
Keerbergen,24048,2020-07-31,0,54
Keerbergen,24048,2020-08-01,0,54
Keerbergen,24048,2020-08-02,0,54
Keerbergen,24048,2020-08-03,0,54
Keerbergen,24048,2020-08-04,1,55
Keerbergen,24048,2020-08-05,0,55
Keerbergen,24048,2020-08-06,0,55
Keerbergen,24048,2020-08-07,0,55
Keerbergen,24048,2020-08-08,0,55
Keerbergen,24048,2020-08-09,0,55
Keerbergen,24048,2020-08-10,0,55
Keerbergen,24048,2020-08-11,0,55
Keerbergen,24048,2020-08-12,0,55
Keerbergen,24048,2020-08-13,0,55
Keerbergen,24048,2020-08-14,0,55
Keerbergen,24048,2020-08-15,0,55
Keerbergen,24048,2020-08-16,1,56
Keerbergen,24048,2020-08-17,0,56
Keerbergen,24048,2020-08-18,0,56
Keerbergen,24048,2020-08-19,0,56
Keerbergen,24048,2020-08-20,1,57
Keerbergen,24048,2020-08-21,1,58
Keerbergen,24048,2020-08-22,0,58
Keerbergen,24048,2020-08-23,0,58
Keerbergen,24048,2020-08-24,0,58
Keerbergen,24048,2020-08-25,0,58
Keerbergen,24048,2020-08-26,0,58
Keerbergen,24048,2020-08-27,0,58
Keerbergen,24048,2020-08-28,0,58
Keerbergen,24048,2020-08-29,0,58
Keerbergen,24048,2020-08-30,0,58
Keerbergen,24048,2020-08-31,0,58
Keerbergen,24048,2020-09-01,0,58
Keerbergen,24048,2020-09-02,0,58
Keerbergen,24048,2020-09-03,0,58
Keerbergen,24048,2020-09-04,1,59
Keerbergen,24048,2020-09-05,1,60
Keerbergen,24048,2020-09-06,0,60
Keerbergen,24048,2020-09-07,0,60
Keerbergen,24048,2020-09-08,0,60
Keerbergen,24048,2020-09-09,0,60
Keerbergen,24048,2020-09-10,0,60
Keerbergen,24048,2020-09-11,0,60
Keerbergen,24048,2020-09-12,0,60
Keerbergen,24048,2020-09-13,0,60
Keerbergen,24048,2020-09-14,1,61
Keerbergen,24048,2020-09-15,0,61
Keerbergen,24048,2020-09-16,0,61
Keerbergen,24048,2020-09-17,0,61
Keerbergen,24048,2020-09-18,1,62
Keerbergen,24048,2020-09-19,2,64
Keerbergen,24048,2020-09-20,0,64
Keerbergen,24048,2020-09-21,2,66
Keerbergen,24048,2020-09-22,0,66
Keerbergen,24048,2020-09-23,1,67
Keerbergen,24048,2020-09-24,1,68
Keerbergen,24048,2020-09-25,0,68
Keerbergen,24048,2020-09-26,3,71
Keerbergen,24048,2020-09-27,0,71
Keerbergen,24048,2020-09-28,1,72
Keerbergen,24048,2020-09-29,0,72
Keerbergen,24048,2020-09-30,1,73
Keerbergen,24048,2020-10-01,1,74
Keerbergen,24048,2020-10-02,3,77
Keerbergen,24048,2020-10-03,2,79
Keerbergen,24048,2020-10-04,1,80
Keerbergen,24048,2020-10-05,0,80
Keerbergen,24048,2020-10-06,3,83
Keerbergen,24048,2020-10-07,1,84
Keerbergen,24048,2020-10-08,2,86
Keerbergen,24048,2020-10-09,3,89
Keerbergen,24048,2020-10-10,4,93
Keerbergen,24048,2020-10-11,2,95
Keerbergen,24048,2020-10-12,2,97
Keerbergen,24048,2020-10-13,3,100
Keerbergen,24048,2020-10-14,1,101
Keerbergen,24048,2020-10-15,3,104
Keerbergen,24048,2020-10-16,7,111
Keerbergen,24048,2020-10-17,6,117
Keerbergen,24048,2020-10-18,6,123
Keerbergen,24048,2020-10-19,4,127
Keerbergen,24048,2020-10-20,5,132
Keerbergen,24048,2020-10-21,6,138
Keerbergen,24048,2020-10-22,3,141
Keerbergen,24048,2020-10-23,9,150
Keerbergen,24048,2020-10-24,9,159
Keerbergen,24048,2020-10-25,11,170
Keerbergen,24048,2020-10-26,15,185
Keerbergen,24048,2020-10-27,3,188
Keerbergen,24048,2020-10-28,9,197
Keerbergen,24048,2020-10-29,7,204
Keerbergen,24048,2020-10-30,5,209
Keerbergen,24048,2020-10-31,14,223
Keerbergen,24048,2020-11-01,10,233
Keerbergen,24048,2020-11-02,11,244
Keerbergen,24048,2020-11-03,7,251
Keerbergen,24048,2020-11-04,0,251
Keerbergen,24048,2020-11-05,4,255
Keerbergen,24048,2020-11-06,3,258
Keerbergen,24048,2020-11-07,1,259
Keerbergen,24048,2020-11-08,3,262
Keerbergen,24048,2020-11-09,4,266
Keerbergen,24048,2020-11-10,3,269
Keerbergen,24048,2020-11-11,4,273
Kortenaken,24054,2020-04-01,1,24
Kortenaken,24054,2020-04-02,2,26
Kortenaken,24054,2020-04-03,1,27
Kortenaken,24054,2020-04-04,2,29
Kortenaken,24054,2020-04-05,8,37
Kortenaken,24054,2020-04-06,2,39
Kortenaken,24054,2020-04-07,0,39
Kortenaken,24054,2020-04-08,1,40
Kortenaken,24054,2020-04-09,0,40
Kortenaken,24054,2020-04-10,4,44
Kortenaken,24054,2020-04-11,2,46
Kortenaken,24054,2020-04-12,0,46
Kortenaken,24054,2020-04-13,0,46
Kortenaken,24054,2020-04-14,0,46
Kortenaken,24054,2020-04-15,27,73
Kortenaken,24054,2020-04-16,0,73
Kortenaken,24054,2020-04-17,0,73
Kortenaken,24054,2020-04-18,1,74
Kortenaken,24054,2020-04-19,3,77
Kortenaken,24054,2020-04-20,0,77
Kortenaken,24054,2020-04-21,0,77
Kortenaken,24054,2020-04-22,1,78
Kortenaken,24054,2020-04-23,0,78
Kortenaken,24054,2020-04-24,0,78
Kortenaken,24054,2020-04-25,0,78
Kortenaken,24054,2020-04-26,1,79
Kortenaken,24054,2020-04-27,0,79
Kortenaken,24054,2020-04-28,0,79
Kortenaken,24054,2020-04-29,1,80
Kortenaken,24054,2020-04-30,1,81
Kortenaken,24054,2020-05-01,0,81
Kortenaken,24054,2020-05-02,1,82
Kortenaken,24054,2020-05-03,0,82
Kortenaken,24054,2020-05-04,2,84
Kortenaken,24054,2020-05-05,0,84
Kortenaken,24054,2020-05-06,2,86
Kortenaken,24054,2020-05-07,0,86
Kortenaken,24054,2020-05-08,0,86
Kortenaken,24054,2020-05-09,0,86
Kortenaken,24054,2020-05-10,0,86
Kortenaken,24054,2020-05-11,0,86
Kortenaken,24054,2020-05-12,0,86
Kortenaken,24054,2020-05-13,0,86
Kortenaken,24054,2020-05-14,0,86
Kortenaken,24054,2020-05-15,0,86
Kortenaken,24054,2020-05-16,0,86
Kortenaken,24054,2020-05-17,0,86
Kortenaken,24054,2020-05-18,0,86
Kortenaken,24054,2020-05-19,0,86
Kortenaken,24054,2020-05-20,0,86
Kortenaken,24054,2020-05-21,0,86
Kortenaken,24054,2020-05-22,1,87
Kortenaken,24054,2020-05-23,0,87
Kortenaken,24054,2020-05-24,0,87
Kortenaken,24054,2020-05-25,0,87
Kortenaken,24054,2020-05-26,0,87
Kortenaken,24054,2020-05-27,0,87
Kortenaken,24054,2020-05-28,1,88
Kortenaken,24054,2020-05-29,0,88
Kortenaken,24054,2020-05-30,0,88
Kortenaken,24054,2020-05-31,0,88
Kortenaken,24054,2020-06-01,0,88
Kortenaken,24054,2020-06-02,0,88
Kortenaken,24054,2020-06-03,0,88
Kortenaken,24054,2020-06-04,0,88
Kortenaken,24054,2020-06-05,0,88
Kortenaken,24054,2020-06-06,0,88
Kortenaken,24054,2020-06-07,0,88
Kortenaken,24054,2020-06-08,0,88
Kortenaken,24054,2020-06-09,0,88
Kortenaken,24054,2020-06-10,0,88
Kortenaken,24054,2020-06-11,0,88
Kortenaken,24054,2020-06-12,0,88
Kortenaken,24054,2020-06-13,0,88
Kortenaken,24054,2020-06-14,0,88
Kortenaken,24054,2020-06-15,0,88
Kortenaken,24054,2020-06-16,0,88
Kortenaken,24054,2020-06-17,0,88
Kortenaken,24054,2020-06-18,0,88
Kortenaken,24054,2020-06-19,2,90
Kortenaken,24054,2020-06-20,0,90
Kortenaken,24054,2020-06-23,0,90
Kortenaken,24054,2020-06-24,0,90
Kortenaken,24054,2020-06-25,0,90
Kortenaken,24054,2020-06-26,0,90
Kortenaken,24054,2020-06-27,0,90
Kortenaken,24054,2020-06-30,0,90
Kortenaken,24054,2020-07-01,0,90
Kortenaken,24054,2020-07-02,0,90
Kortenaken,24054,2020-07-03,0,90
Kortenaken,24054,2020-07-04,0,90
Kortenaken,24054,2020-07-07,0,90
Kortenaken,24054,2020-07-08,0,90
Kortenaken,24054,2020-07-09,0,90
Kortenaken,24054,2020-07-10,0,90
Kortenaken,24054,2020-07-11,0,90
Kortenaken,24054,2020-07-14,0,90
Kortenaken,24054,2020-07-15,0,90
Kortenaken,24054,2020-07-16,0,90
Kortenaken,24054,2020-07-17,0,90
Kortenaken,24054,2020-07-18,0,90
Kortenaken,24054,2020-07-20,0,90
Kortenaken,24054,2020-07-21,0,90
Kortenaken,24054,2020-07-22,0,90
Kortenaken,24054,2020-07-23,0,90
Kortenaken,24054,2020-07-24,0,90
Kortenaken,24054,2020-07-25,0,90
Kortenaken,24054,2020-07-26,1,91
Kortenaken,24054,2020-07-27,0,91
Kortenaken,24054,2020-07-28,0,91
Kortenaken,24054,2020-07-29,0,91
Kortenaken,24054,2020-07-30,0,91
Kortenaken,24054,2020-07-31,0,91
Kortenaken,24054,2020-08-01,0,91
Kortenaken,24054,2020-08-02,0,91
Kortenaken,24054,2020-08-03,0,91
Kortenaken,24054,2020-08-04,1,92
Kortenaken,24054,2020-08-05,0,92
Kortenaken,24054,2020-08-06,0,92
Kortenaken,24054,2020-08-07,0,92
Kortenaken,24054,2020-08-08,0,92
Kortenaken,24054,2020-08-09,0,92
Kortenaken,24054,2020-08-10,0,92
Kortenaken,24054,2020-08-11,0,92
Kortenaken,24054,2020-08-12,0,92
Kortenaken,24054,2020-08-13,0,92
Kortenaken,24054,2020-08-14,0,92
Kortenaken,24054,2020-08-15,0,92
Kortenaken,24054,2020-08-16,0,92
Kortenaken,24054,2020-08-17,0,92
Kortenaken,24054,2020-08-18,0,92
Kortenaken,24054,2020-08-19,0,92
Kortenaken,24054,2020-08-20,0,92
Kortenaken,24054,2020-08-21,0,92
Kortenaken,24054,2020-08-22,0,92
Kortenaken,24054,2020-08-23,0,92
Kortenaken,24054,2020-08-24,0,92
Kortenaken,24054,2020-08-25,0,92
Kortenaken,24054,2020-08-26,2,94
Kortenaken,24054,2020-08-27,0,94
Kortenaken,24054,2020-08-28,0,94
Kortenaken,24054,2020-08-29,3,97
Kortenaken,24054,2020-08-30,0,97
Kortenaken,24054,2020-08-31,0,97
Kortenaken,24054,2020-09-01,0,97
Kortenaken,24054,2020-09-02,0,97
Kortenaken,24054,2020-09-03,0,97
Kortenaken,24054,2020-09-04,0,97
Kortenaken,24054,2020-09-05,1,98
Kortenaken,24054,2020-09-06,1,99
Kortenaken,24054,2020-09-07,0,99
Kortenaken,24054,2020-09-08,0,99
Kortenaken,24054,2020-09-09,0,99
Kortenaken,24054,2020-09-10,1,100
Kortenaken,24054,2020-09-11,0,100
Kortenaken,24054,2020-09-12,0,100
Kortenaken,24054,2020-09-13,0,100
Kortenaken,24054,2020-09-14,0,100
Kortenaken,24054,2020-09-15,0,100
Kortenaken,24054,2020-09-16,0,100
Kortenaken,24054,2020-09-17,0,100
Kortenaken,24054,2020-09-18,0,100
Kortenaken,24054,2020-09-19,0,100
Kortenaken,24054,2020-09-20,0,100
Kortenaken,24054,2020-09-21,0,100
Kortenaken,24054,2020-09-22,0,100
Kortenaken,24054,2020-09-23,0,100
Kortenaken,24054,2020-09-24,0,100
Kortenaken,24054,2020-09-25,0,100
Kortenaken,24054,2020-09-26,0,100
Kortenaken,24054,2020-09-27,0,100
Kortenaken,24054,2020-09-28,0,100
Kortenaken,24054,2020-09-29,0,100
Kortenaken,24054,2020-09-30,1,101
Kortenaken,24054,2020-10-01,0,101
Kortenaken,24054,2020-10-02,0,101
Kortenaken,24054,2020-10-03,0,101
Kortenaken,24054,2020-10-04,0,101
Kortenaken,24054,2020-10-05,1,102
Kortenaken,24054,2020-10-06,0,102
Kortenaken,24054,2020-10-07,0,102
Kortenaken,24054,2020-10-08,1,103
Kortenaken,24054,2020-10-09,0,103
Kortenaken,24054,2020-10-10,0,103
Kortenaken,24054,2020-10-11,1,104
Kortenaken,24054,2020-10-12,1,105
Kortenaken,24054,2020-10-13,1,106
Kortenaken,24054,2020-10-14,2,108
Kortenaken,24054,2020-10-15,0,108
Kortenaken,24054,2020-10-16,0,108
Kortenaken,24054,2020-10-17,1,109
Kortenaken,24054,2020-10-18,2,111
Kortenaken,24054,2020-10-19,0,111
Kortenaken,24054,2020-10-20,2,113
Kortenaken,24054,2020-10-21,0,113
Kortenaken,24054,2020-10-22,6,119
Kortenaken,24054,2020-10-23,3,122
Kortenaken,24054,2020-10-24,2,124
Kortenaken,24054,2020-10-25,7,131
Kortenaken,24054,2020-10-26,4,135
Kortenaken,24054,2020-10-27,2,137
Kortenaken,24054,2020-10-28,4,141
Kortenaken,24054,2020-10-29,5,146
Kortenaken,24054,2020-10-30,4,150
Kortenaken,24054,2020-10-31,8,158
Kortenaken,24054,2020-11-01,1,159
Kortenaken,24054,2020-11-02,4,163
Kortenaken,24054,2020-11-03,2,165
Kortenaken,24054,2020-11-04,1,166
Kortenaken,24054,2020-11-05,7,173
Kortenaken,24054,2020-11-06,6,179
Kortenaken,24054,2020-11-07,4,183
Kortenaken,24054,2020-11-08,1,184
Kortenaken,24054,2020-11-09,3,187
Kortenaken,24054,2020-11-10,0,187
Kortenaken,24054,2020-11-11,0,187
Kortenberg,24055,2020-04-01,0,10
Kortenberg,24055,2020-04-02,2,12
Kortenberg,24055,2020-04-03,4,16
Kortenberg,24055,2020-04-04,1,17
Kortenberg,24055,2020-04-05,2,19
Kortenberg,24055,2020-04-06,1,20
Kortenberg,24055,2020-04-07,2,22
Kortenberg,24055,2020-04-08,3,25
Kortenberg,24055,2020-04-09,1,26
Kortenberg,24055,2020-04-10,1,27
Kortenberg,24055,2020-04-11,2,29
Kortenberg,24055,2020-04-12,2,31
Kortenberg,24055,2020-04-13,3,34
Kortenberg,24055,2020-04-14,0,34
Kortenberg,24055,2020-04-15,2,36
Kortenberg,24055,2020-04-16,0,36
Kortenberg,24055,2020-04-17,0,36
Kortenberg,24055,2020-04-18,0,36
Kortenberg,24055,2020-04-19,3,39
Kortenberg,24055,2020-04-20,1,40
Kortenberg,24055,2020-04-21,0,40
Kortenberg,24055,2020-04-22,1,41
Kortenberg,24055,2020-04-23,0,41
Kortenberg,24055,2020-04-24,1,42
Kortenberg,24055,2020-04-25,1,43
Kortenberg,24055,2020-04-26,0,43
Kortenberg,24055,2020-04-27,2,45
Kortenberg,24055,2020-04-28,0,45
Kortenberg,24055,2020-04-29,0,45
Kortenberg,24055,2020-04-30,1,46
Kortenberg,24055,2020-05-01,0,46
Kortenberg,24055,2020-05-02,0,46
Kortenberg,24055,2020-05-03,0,46
Kortenberg,24055,2020-05-04,2,48
Kortenberg,24055,2020-05-05,0,48
Kortenberg,24055,2020-05-06,0,48
Kortenberg,24055,2020-05-07,5,53
Kortenberg,24055,2020-05-08,0,53
Kortenberg,24055,2020-05-09,1,54
Kortenberg,24055,2020-05-10,0,54
Kortenberg,24055,2020-05-11,0,54
Kortenberg,24055,2020-05-12,1,55
Kortenberg,24055,2020-05-13,0,55
Kortenberg,24055,2020-05-14,0,55
Kortenberg,24055,2020-05-15,0,55
Kortenberg,24055,2020-05-16,0,55
Kortenberg,24055,2020-05-17,0,55
Kortenberg,24055,2020-05-18,2,57
Kortenberg,24055,2020-05-19,1,58
Kortenberg,24055,2020-05-20,0,58
Kortenberg,24055,2020-05-21,0,58
Kortenberg,24055,2020-05-22,0,58
Kortenberg,24055,2020-05-23,0,58
Kortenberg,24055,2020-05-24,0,58
Kortenberg,24055,2020-05-25,0,58
Kortenberg,24055,2020-05-26,0,58
Kortenberg,24055,2020-05-27,1,59
Kortenberg,24055,2020-05-28,0,59
Kortenberg,24055,2020-05-29,0,59
Kortenberg,24055,2020-05-30,0,59
Kortenberg,24055,2020-05-31,0,59
Kortenberg,24055,2020-06-01,0,59
Kortenberg,24055,2020-06-02,0,59
Kortenberg,24055,2020-06-03,0,59
Kortenberg,24055,2020-06-04,0,59
Kortenberg,24055,2020-06-05,0,59
Kortenberg,24055,2020-06-06,0,59
Kortenberg,24055,2020-06-07,0,59
Kortenberg,24055,2020-06-08,0,59
Kortenberg,24055,2020-06-09,0,59
Kortenberg,24055,2020-06-10,0,59
Kortenberg,24055,2020-06-11,1,60
Kortenberg,24055,2020-06-12,0,60
Kortenberg,24055,2020-06-13,0,60
Kortenberg,24055,2020-06-14,0,60
Kortenberg,24055,2020-06-15,0,60
Kortenberg,24055,2020-06-16,0,60
Kortenberg,24055,2020-06-17,0,60
Kortenberg,24055,2020-06-18,1,61
Kortenberg,24055,2020-06-19,1,62
Kortenberg,24055,2020-06-20,0,62
Kortenberg,24055,2020-06-23,0,62
Kortenberg,24055,2020-06-24,0,62
Kortenberg,24055,2020-06-25,0,62
Kortenberg,24055,2020-06-26,0,62
Kortenberg,24055,2020-06-27,0,62
Kortenberg,24055,2020-06-30,0,62
Kortenberg,24055,2020-07-01,0,62
Kortenberg,24055,2020-07-02,0,62
Kortenberg,24055,2020-07-03,0,62
Kortenberg,24055,2020-07-04,0,62
Kortenberg,24055,2020-07-07,0,62
Kortenberg,24055,2020-07-08,0,62
Kortenberg,24055,2020-07-09,0,62
Kortenberg,24055,2020-07-10,0,62
Kortenberg,24055,2020-07-11,0,62
Kortenberg,24055,2020-07-14,0,62
Kortenberg,24055,2020-07-15,0,62
Kortenberg,24055,2020-07-16,0,62
Kortenberg,24055,2020-07-17,0,62
Kortenberg,24055,2020-07-18,0,62
Kortenberg,24055,2020-07-20,0,62
Kortenberg,24055,2020-07-21,0,62
Kortenberg,24055,2020-07-22,0,62
Kortenberg,24055,2020-07-23,1,63
Kortenberg,24055,2020-07-24,1,64
Kortenberg,24055,2020-07-25,0,64
Kortenberg,24055,2020-07-26,0,64
Kortenberg,24055,2020-07-27,0,64
Kortenberg,24055,2020-07-28,1,65
Kortenberg,24055,2020-07-29,0,65
Kortenberg,24055,2020-07-30,0,65
Kortenberg,24055,2020-07-31,0,65
Kortenberg,24055,2020-08-01,2,67
Kortenberg,24055,2020-08-02,0,67
Kortenberg,24055,2020-08-03,1,68
Kortenberg,24055,2020-08-04,0,68
Kortenberg,24055,2020-08-05,1,69
Kortenberg,24055,2020-08-06,1,70
Kortenberg,24055,2020-08-07,1,71
Kortenberg,24055,2020-08-08,1,72
Kortenberg,24055,2020-08-09,1,73
Kortenberg,24055,2020-08-10,0,73
Kortenberg,24055,2020-08-11,0,73
Kortenberg,24055,2020-08-12,1,74
Kortenberg,24055,2020-08-13,0,74
Kortenberg,24055,2020-08-14,0,74
Kortenberg,24055,2020-08-15,0,74
Kortenberg,24055,2020-08-16,1,75
Kortenberg,24055,2020-08-17,0,75
Kortenberg,24055,2020-08-18,0,75
Kortenberg,24055,2020-08-19,0,75
Kortenberg,24055,2020-08-20,1,76
Kortenberg,24055,2020-08-21,2,78
Kortenberg,24055,2020-08-22,0,78
Kortenberg,24055,2020-08-23,0,78
Kortenberg,24055,2020-08-24,0,78
Kortenberg,24055,2020-08-25,0,78
Kortenberg,24055,2020-08-26,0,78
Kortenberg,24055,2020-08-27,1,79
Kortenberg,24055,2020-08-28,0,79
Kortenberg,24055,2020-08-29,2,81
Kortenberg,24055,2020-08-30,1,82
Kortenberg,24055,2020-08-31,2,84
Kortenberg,24055,2020-09-01,0,84
Kortenberg,24055,2020-09-02,0,84
Kortenberg,24055,2020-09-03,0,84
Kortenberg,24055,2020-09-04,0,84
Kortenberg,24055,2020-09-05,1,85
Kortenberg,24055,2020-09-06,1,86
Kortenberg,24055,2020-09-07,0,86
Kortenberg,24055,2020-09-08,0,86
Kortenberg,24055,2020-09-09,0,86
Kortenberg,24055,2020-09-10,0,86
Kortenberg,24055,2020-09-11,0,86
Kortenberg,24055,2020-09-12,3,89
Kortenberg,24055,2020-09-13,1,90
Kortenberg,24055,2020-09-14,0,90
Kortenberg,24055,2020-09-15,0,90
Kortenberg,24055,2020-09-16,0,90
Kortenberg,24055,2020-09-17,3,93
Kortenberg,24055,2020-09-18,1,94
Kortenberg,24055,2020-09-19,4,98
Kortenberg,24055,2020-09-20,0,98
Kortenberg,24055,2020-09-21,2,100
Kortenberg,24055,2020-09-22,0,100
Kortenberg,24055,2020-09-23,0,100
Kortenberg,24055,2020-09-24,2,102
Kortenberg,24055,2020-09-25,0,102
Kortenberg,24055,2020-09-26,2,104
Kortenberg,24055,2020-09-27,0,104
Kortenberg,24055,2020-09-28,2,106
Kortenberg,24055,2020-09-29,1,107
Kortenberg,24055,2020-09-30,1,108
Kortenberg,24055,2020-10-01,1,109
Kortenberg,24055,2020-10-02,2,111
Kortenberg,24055,2020-10-03,7,118
Kortenberg,24055,2020-10-04,2,120
Kortenberg,24055,2020-10-05,6,126
Kortenberg,24055,2020-10-06,1,127
Kortenberg,24055,2020-10-07,5,132
Kortenberg,24055,2020-10-08,2,134
Kortenberg,24055,2020-10-09,4,138
Kortenberg,24055,2020-10-10,9,147
Kortenberg,24055,2020-10-11,5,152
Kortenberg,24055,2020-10-12,6,158
Kortenberg,24055,2020-10-13,1,159
Kortenberg,24055,2020-10-14,5,164
Kortenberg,24055,2020-10-15,10,174
Kortenberg,24055,2020-10-16,9,183
Kortenberg,24055,2020-10-17,14,197
Kortenberg,24055,2020-10-18,11,208
Kortenberg,24055,2020-10-19,16,224
Kortenberg,24055,2020-10-20,5,229
Kortenberg,24055,2020-10-21,18,247
Kortenberg,24055,2020-10-22,16,263
Kortenberg,24055,2020-10-23,30,293
Kortenberg,24055,2020-10-24,19,312
Kortenberg,24055,2020-10-25,27,339
Kortenberg,24055,2020-10-26,14,353
Kortenberg,24055,2020-10-27,14,367
Kortenberg,24055,2020-10-28,13,380
Kortenberg,24055,2020-10-29,42,422
Kortenberg,24055,2020-10-30,16,438
Kortenberg,24055,2020-10-31,20,458
Kortenberg,24055,2020-11-01,20,478
Kortenberg,24055,2020-11-02,15,493
Kortenberg,24055,2020-11-03,3,496
Kortenberg,24055,2020-11-04,3,499
Kortenberg,24055,2020-11-05,15,514
Kortenberg,24055,2020-11-06,8,522
Kortenberg,24055,2020-11-07,3,525
Kortenberg,24055,2020-11-08,4,529
Kortenberg,24055,2020-11-09,5,534
Kortenberg,24055,2020-11-10,0,534
Kortenberg,24055,2020-11-11,6,540
Landen,24059,2020-04-01,4,36
Landen,24059,2020-04-02,8,44
Landen,24059,2020-04-03,4,48
Landen,24059,2020-04-04,8,56
Landen,24059,2020-04-05,5,61
Landen,24059,2020-04-06,3,64
Landen,24059,2020-04-07,0,64
Landen,24059,2020-04-08,5,69
Landen,24059,2020-04-09,5,74
Landen,24059,2020-04-10,10,84
Landen,24059,2020-04-11,6,90
Landen,24059,2020-04-12,30,120
Landen,24059,2020-04-13,11,131
Landen,24059,2020-04-14,3,134
Landen,24059,2020-04-15,7,141
Landen,24059,2020-04-16,1,142
Landen,24059,2020-04-17,3,145
Landen,24059,2020-04-18,0,145
Landen,24059,2020-04-19,0,145
Landen,24059,2020-04-20,1,146
Landen,24059,2020-04-21,2,148
Landen,24059,2020-04-22,3,151
Landen,24059,2020-04-23,1,152
Landen,24059,2020-04-24,0,152
Landen,24059,2020-04-25,1,153
Landen,24059,2020-04-26,0,153
Landen,24059,2020-04-27,0,153
Landen,24059,2020-04-28,0,153
Landen,24059,2020-04-29,1,154
Landen,24059,2020-04-30,1,155
Landen,24059,2020-05-01,0,155
Landen,24059,2020-05-02,1,156
Landen,24059,2020-05-03,0,156
Landen,24059,2020-05-04,0,156
Landen,24059,2020-05-05,1,157
Landen,24059,2020-05-06,0,157
Landen,24059,2020-05-07,0,157
Landen,24059,2020-05-08,0,157
Landen,24059,2020-05-09,0,157
Landen,24059,2020-05-10,0,157
Landen,24059,2020-05-11,0,157
Landen,24059,2020-05-12,0,157
Landen,24059,2020-05-13,0,157
Landen,24059,2020-05-14,1,158
Landen,24059,2020-05-15,0,158
Landen,24059,2020-05-16,1,159
Landen,24059,2020-05-17,0,159
Landen,24059,2020-05-18,0,159
Landen,24059,2020-05-19,0,159
Landen,24059,2020-05-20,0,159
Landen,24059,2020-05-21,0,159
Landen,24059,2020-05-22,0,159
Landen,24059,2020-05-23,2,161
Landen,24059,2020-05-24,0,161
Landen,24059,2020-05-25,0,161
Landen,24059,2020-05-26,-2,159
Landen,24059,2020-05-27,0,159
Landen,24059,2020-05-28,0,159
Landen,24059,2020-05-29,1,160
Landen,24059,2020-05-30,0,160
Landen,24059,2020-05-31,1,161
Landen,24059,2020-06-01,0,161
Landen,24059,2020-06-02,1,162
Landen,24059,2020-06-03,0,162
Landen,24059,2020-06-04,1,163
Landen,24059,2020-06-05,0,163
Landen,24059,2020-06-06,0,163
Landen,24059,2020-06-07,1,164
Landen,24059,2020-06-08,0,164
Landen,24059,2020-06-09,0,164
Landen,24059,2020-06-10,0,164
Landen,24059,2020-06-11,0,164
Landen,24059,2020-06-12,1,165
Landen,24059,2020-06-13,0,165
Landen,24059,2020-06-14,0,165
Landen,24059,2020-06-15,1,166
Landen,24059,2020-06-16,0,166
Landen,24059,2020-06-17,0,166
Landen,24059,2020-06-18,0,166
Landen,24059,2020-06-19,0,166
Landen,24059,2020-06-20,0,166
Landen,24059,2020-06-23,0,166
Landen,24059,2020-06-24,0,166
Landen,24059,2020-06-25,0,166
Landen,24059,2020-06-26,0,166
Landen,24059,2020-06-27,0,166
Landen,24059,2020-06-30,0,166
Landen,24059,2020-07-01,0,166
Landen,24059,2020-07-02,0,166
Landen,24059,2020-07-03,0,166
Landen,24059,2020-07-04,0,166
Landen,24059,2020-07-07,0,166
Landen,24059,2020-07-08,0,166
Landen,24059,2020-07-09,0,166
Landen,24059,2020-07-10,0,166
Landen,24059,2020-07-11,0,166
Landen,24059,2020-07-14,0,166
Landen,24059,2020-07-15,0,166
Landen,24059,2020-07-16,0,166
Landen,24059,2020-07-17,0,166
Landen,24059,2020-07-18,0,166
Landen,24059,2020-07-20,0,166
Landen,24059,2020-07-21,0,166
Landen,24059,2020-07-22,0,166
Landen,24059,2020-07-23,0,166
Landen,24059,2020-07-24,1,167
Landen,24059,2020-07-25,0,167
Landen,24059,2020-07-26,0,167
Landen,24059,2020-07-27,0,167
Landen,24059,2020-07-28,0,167
Landen,24059,2020-07-29,0,167
Landen,24059,2020-07-30,0,167
Landen,24059,2020-07-31,1,168
Landen,24059,2020-08-01,0,168
Landen,24059,2020-08-02,3,171
Landen,24059,2020-08-03,0,171
Landen,24059,2020-08-04,1,172
Landen,24059,2020-08-05,0,172
Landen,24059,2020-08-06,1,173
Landen,24059,2020-08-07,0,173
Landen,24059,2020-08-08,0,173
Landen,24059,2020-08-09,0,173
Landen,24059,2020-08-10,0,173
Landen,24059,2020-08-11,0,173
Landen,24059,2020-08-12,0,173
Landen,24059,2020-08-13,0,173
Landen,24059,2020-08-14,0,173
Landen,24059,2020-08-15,0,173
Landen,24059,2020-08-16,0,173
Landen,24059,2020-08-17,0,173
Landen,24059,2020-08-18,0,173
Landen,24059,2020-08-19,0,173
Landen,24059,2020-08-20,0,173
Landen,24059,2020-08-21,0,173
Landen,24059,2020-08-22,0,173
Landen,24059,2020-08-23,0,173
Landen,24059,2020-08-24,1,174
Landen,24059,2020-08-25,0,174
Landen,24059,2020-08-26,0,174
Landen,24059,2020-08-27,0,174
Landen,24059,2020-08-28,0,174
Landen,24059,2020-08-29,0,174
Landen,24059,2020-08-30,0,174
Landen,24059,2020-08-31,0,174
Landen,24059,2020-09-01,0,174
Landen,24059,2020-09-02,0,174
Landen,24059,2020-09-03,0,174
Landen,24059,2020-09-04,0,174
Landen,24059,2020-09-05,0,174
Landen,24059,2020-09-06,0,174
Landen,24059,2020-09-07,0,174
Landen,24059,2020-09-08,0,174
Landen,24059,2020-09-09,0,174
Landen,24059,2020-09-10,0,174
Landen,24059,2020-09-11,1,175
Landen,24059,2020-09-12,0,175
Landen,24059,2020-09-13,0,175
Landen,24059,2020-09-14,0,175
Landen,24059,2020-09-15,0,175
Landen,24059,2020-09-16,0,175
Landen,24059,2020-09-17,2,177
Landen,24059,2020-09-18,0,177
Landen,24059,2020-09-19,3,180
Landen,24059,2020-09-20,0,180
Landen,24059,2020-09-21,3,183
Landen,24059,2020-09-22,0,183
Landen,24059,2020-09-23,1,184
Landen,24059,2020-09-24,2,186
Landen,24059,2020-09-25,1,187
Landen,24059,2020-09-26,3,190
Landen,24059,2020-09-27,0,190
Landen,24059,2020-09-28,0,190
Landen,24059,2020-09-29,1,191
Landen,24059,2020-09-30,1,192
Landen,24059,2020-10-01,1,193
Landen,24059,2020-10-02,0,193
Landen,24059,2020-10-03,1,194
Landen,24059,2020-10-04,3,197
Landen,24059,2020-10-05,0,197
Landen,24059,2020-10-06,0,197
Landen,24059,2020-10-07,2,199
Landen,24059,2020-10-08,0,199
Landen,24059,2020-10-09,0,199
Landen,24059,2020-10-10,1,200
Landen,24059,2020-10-11,3,203
Landen,24059,2020-10-12,3,206
Landen,24059,2020-10-13,2,208
Landen,24059,2020-10-14,1,209
Landen,24059,2020-10-15,8,217
Landen,24059,2020-10-16,3,220
Landen,24059,2020-10-17,6,226
Landen,24059,2020-10-18,12,238
Landen,24059,2020-10-19,4,242
Landen,24059,2020-10-20,6,248
Landen,24059,2020-10-21,4,252
Landen,24059,2020-10-22,8,260
Landen,24059,2020-10-23,17,277
Landen,24059,2020-10-24,7,284
Landen,24059,2020-10-25,6,290
Landen,24059,2020-10-26,7,297
Landen,24059,2020-10-27,12,309
Landen,24059,2020-10-28,5,314
Landen,24059,2020-10-29,19,333
Landen,24059,2020-10-30,10,343
Landen,24059,2020-10-31,9,352
Landen,24059,2020-11-01,3,355
Landen,24059,2020-11-02,8,363
Landen,24059,2020-11-03,7,370
Landen,24059,2020-11-04,1,371
Landen,24059,2020-11-05,6,377
Landen,24059,2020-11-06,11,388
Landen,24059,2020-11-07,5,393
Landen,24059,2020-11-08,6,399
Landen,24059,2020-11-09,1,400
Landen,24059,2020-11-10,5,405
Landen,24059,2020-11-11,3,408
Leuven,24062,2020-04-01,9,142
Leuven,24062,2020-04-02,13,155
Leuven,24062,2020-04-03,16,171
Leuven,24062,2020-04-04,4,175
Leuven,24062,2020-04-05,17,192
Leuven,24062,2020-04-06,7,199
Leuven,24062,2020-04-07,2,201
Leuven,24062,2020-04-08,7,208
Leuven,24062,2020-04-09,18,226
Leuven,24062,2020-04-10,7,233
Leuven,24062,2020-04-11,3,236
Leuven,24062,2020-04-12,10,246
Leuven,24062,2020-04-13,3,249
Leuven,24062,2020-04-14,2,251
Leuven,24062,2020-04-15,12,263
Leuven,24062,2020-04-16,14,277
Leuven,24062,2020-04-17,5,282
Leuven,24062,2020-04-18,15,297
Leuven,24062,2020-04-19,2,299
Leuven,24062,2020-04-20,0,299
Leuven,24062,2020-04-21,4,303
Leuven,24062,2020-04-22,6,309
Leuven,24062,2020-04-23,4,313
Leuven,24062,2020-04-24,6,319
Leuven,24062,2020-04-25,8,327
Leuven,24062,2020-04-26,8,335
Leuven,24062,2020-04-27,31,366
Leuven,24062,2020-04-28,7,373
Leuven,24062,2020-04-29,3,376
Leuven,24062,2020-04-30,4,380
Leuven,24062,2020-05-01,5,385
Leuven,24062,2020-05-02,0,385
Leuven,24062,2020-05-03,0,385
Leuven,24062,2020-05-04,2,387
Leuven,24062,2020-05-05,2,389
Leuven,24062,2020-05-06,4,393
Leuven,24062,2020-05-07,2,395
Leuven,24062,2020-05-08,1,396
Leuven,24062,2020-05-09,2,398
Leuven,24062,2020-05-10,1,399
Leuven,24062,2020-05-11,2,401
Leuven,24062,2020-05-12,0,401
Leuven,24062,2020-05-13,3,404
Leuven,24062,2020-05-14,1,405
Leuven,24062,2020-05-15,8,413
Leuven,24062,2020-05-16,3,416
Leuven,24062,2020-05-17,2,418
Leuven,24062,2020-05-18,0,418
Leuven,24062,2020-05-19,0,418
Leuven,24062,2020-05-20,0,418
Leuven,24062,2020-05-21,2,420
Leuven,24062,2020-05-22,3,423
Leuven,24062,2020-05-23,2,425
Leuven,24062,2020-05-24,0,425
Leuven,24062,2020-05-25,3,428
Leuven,24062,2020-05-26,-1,427
Leuven,24062,2020-05-27,0,427
Leuven,24062,2020-05-28,2,429
Leuven,24062,2020-05-29,0,429
Leuven,24062,2020-05-30,1,430
Leuven,24062,2020-05-31,0,430
Leuven,24062,2020-06-01,0,430
Leuven,24062,2020-06-02,0,430
Leuven,24062,2020-06-03,0,430
Leuven,24062,2020-06-04,0,430
Leuven,24062,2020-06-05,2,432
Leuven,24062,2020-06-06,2,434
Leuven,24062,2020-06-07,1,435
Leuven,24062,2020-06-08,1,436
Leuven,24062,2020-06-09,0,436
Leuven,24062,2020-06-10,0,436
Leuven,24062,2020-06-11,1,437
Leuven,24062,2020-06-12,2,439
Leuven,24062,2020-06-13,2,441
Leuven,24062,2020-06-14,2,443
Leuven,24062,2020-06-15,2,445
Leuven,24062,2020-06-16,0,445
Leuven,24062,2020-06-17,2,447
Leuven,24062,2020-06-18,4,451
Leuven,24062,2020-06-19,2,453
Leuven,24062,2020-06-20,1,454
Leuven,24062,2020-06-23,1,455
Leuven,24062,2020-06-24,2,457
Leuven,24062,2020-06-25,0,457
Leuven,24062,2020-06-26,0,457
Leuven,24062,2020-06-27,0,457
Leuven,24062,2020-06-30,0,457
Leuven,24062,2020-07-01,0,457
Leuven,24062,2020-07-02,1,458
Leuven,24062,2020-07-03,0,458
Leuven,24062,2020-07-04,2,460
Leuven,24062,2020-07-07,0,460
Leuven,24062,2020-07-08,0,460
Leuven,24062,2020-07-09,0,460
Leuven,24062,2020-07-10,0,460
Leuven,24062,2020-07-11,1,461
Leuven,24062,2020-07-14,4,465
Leuven,24062,2020-07-15,1,466
Leuven,24062,2020-07-16,1,467
Leuven,24062,2020-07-17,0,467
Leuven,24062,2020-07-18,1,468
Leuven,24062,2020-07-20,1,469
Leuven,24062,2020-07-21,0,469
Leuven,24062,2020-07-22,0,469
Leuven,24062,2020-07-23,3,472
Leuven,24062,2020-07-24,1,473
Leuven,24062,2020-07-25,0,473
Leuven,24062,2020-07-26,4,477
Leuven,24062,2020-07-27,0,477
Leuven,24062,2020-07-28,0,477
Leuven,24062,2020-07-29,1,478
Leuven,24062,2020-07-30,0,478
Leuven,24062,2020-07-31,3,481
Leuven,24062,2020-08-01,3,484
Leuven,24062,2020-08-02,2,486
Leuven,24062,2020-08-03,0,486
Leuven,24062,2020-08-04,2,488
Leuven,24062,2020-08-05,2,490
Leuven,24062,2020-08-06,1,491
Leuven,24062,2020-08-07,1,492
Leuven,24062,2020-08-08,4,496
Leuven,24062,2020-08-09,2,498
Leuven,24062,2020-08-10,1,499
Leuven,24062,2020-08-11,1,500
Leuven,24062,2020-08-12,1,501
Leuven,24062,2020-08-13,5,506
Leuven,24062,2020-08-14,2,508
Leuven,24062,2020-08-15,9,517
Leuven,24062,2020-08-16,6,523
Leuven,24062,2020-08-17,2,525
Leuven,24062,2020-08-18,1,526
Leuven,24062,2020-08-19,2,528
Leuven,24062,2020-08-20,0,528
Leuven,24062,2020-08-21,11,539
Leuven,24062,2020-08-22,0,539
Leuven,24062,2020-08-23,4,543
Leuven,24062,2020-08-24,0,543
Leuven,24062,2020-08-25,4,547
Leuven,24062,2020-08-26,2,549
Leuven,24062,2020-08-27,3,552
Leuven,24062,2020-08-28,2,554
Leuven,24062,2020-08-29,1,555
Leuven,24062,2020-08-30,5,560
Leuven,24062,2020-08-31,1,561
Leuven,24062,2020-09-01,0,561
Leuven,24062,2020-09-02,1,562
Leuven,24062,2020-09-03,2,564
Leuven,24062,2020-09-04,4,568
Leuven,24062,2020-09-05,4,572
Leuven,24062,2020-09-06,1,573
Leuven,24062,2020-09-07,3,576
Leuven,24062,2020-09-08,1,577
Leuven,24062,2020-09-09,3,580
Leuven,24062,2020-09-10,1,581
Leuven,24062,2020-09-11,3,584
Leuven,24062,2020-09-12,6,590
Leuven,24062,2020-09-13,1,591
Leuven,24062,2020-09-14,5,596
Leuven,24062,2020-09-15,2,598
Leuven,24062,2020-09-16,0,598
Leuven,24062,2020-09-17,4,602
Leuven,24062,2020-09-18,8,610
Leuven,24062,2020-09-19,5,615
Leuven,24062,2020-09-20,5,620
Leuven,24062,2020-09-21,6,626
Leuven,24062,2020-09-22,3,629
Leuven,24062,2020-09-23,6,635
Leuven,24062,2020-09-24,13,648
Leuven,24062,2020-09-25,9,657
Leuven,24062,2020-09-26,5,662
Leuven,24062,2020-09-27,5,667
Leuven,24062,2020-09-28,2,669
Leuven,24062,2020-09-29,5,674
Leuven,24062,2020-09-30,5,679
Leuven,24062,2020-10-01,2,681
Leuven,24062,2020-10-02,9,690
Leuven,24062,2020-10-03,11,701
Leuven,24062,2020-10-04,10,711
Leuven,24062,2020-10-05,12,723
Leuven,24062,2020-10-06,11,734
Leuven,24062,2020-10-07,18,752
Leuven,24062,2020-10-08,14,766
Leuven,24062,2020-10-09,20,786
Leuven,24062,2020-10-10,28,814
Leuven,24062,2020-10-11,22,836
Leuven,24062,2020-10-12,15,851
Leuven,24062,2020-10-13,10,861
Leuven,24062,2020-10-14,28,889
Leuven,24062,2020-10-15,52,941
Leuven,24062,2020-10-16,49,990
Leuven,24062,2020-10-17,26,1016
Leuven,24062,2020-10-18,44,1060
Leuven,24062,2020-10-19,33,1093
Leuven,24062,2020-10-20,26,1119
Leuven,24062,2020-10-21,29,1148
Leuven,24062,2020-10-22,27,1175
Leuven,24062,2020-10-23,110,1285
Leuven,24062,2020-10-24,53,1338
Leuven,24062,2020-10-25,83,1421
Leuven,24062,2020-10-26,29,1450
Leuven,24062,2020-10-27,42,1492
Leuven,24062,2020-10-28,30,1522
Leuven,24062,2020-10-29,92,1614
Leuven,24062,2020-10-30,54,1668
Leuven,24062,2020-10-31,59,1727
Leuven,24062,2020-11-01,36,1763
Leuven,24062,2020-11-02,31,1794
Leuven,24062,2020-11-03,24,1818
Leuven,24062,2020-11-04,22,1840
Leuven,24062,2020-11-05,51,1891
Leuven,24062,2020-11-06,40,1931
Leuven,24062,2020-11-07,30,1961
Leuven,24062,2020-11-08,21,1982
Leuven,24062,2020-11-09,11,1993
Leuven,24062,2020-11-10,3,1996
Leuven,24062,2020-11-11,18,2014
Lubbeek,24066,2020-04-01,3,30
Lubbeek,24066,2020-04-02,1,31
Lubbeek,24066,2020-04-03,2,33
Lubbeek,24066,2020-04-04,4,37
Lubbeek,24066,2020-04-05,4,41
Lubbeek,24066,2020-04-06,10,51
Lubbeek,24066,2020-04-07,5,56
Lubbeek,24066,2020-04-08,8,64
Lubbeek,24066,2020-04-09,7,71
Lubbeek,24066,2020-04-10,7,78
Lubbeek,24066,2020-04-11,23,101
Lubbeek,24066,2020-04-12,0,101
Lubbeek,24066,2020-04-13,0,101
Lubbeek,24066,2020-04-14,0,101
Lubbeek,24066,2020-04-15,0,101
Lubbeek,24066,2020-04-16,0,101
Lubbeek,24066,2020-04-17,0,101
Lubbeek,24066,2020-04-18,0,101
Lubbeek,24066,2020-04-19,2,103
Lubbeek,24066,2020-04-20,0,103
Lubbeek,24066,2020-04-21,2,105
Lubbeek,24066,2020-04-22,0,105
Lubbeek,24066,2020-04-23,2,107
Lubbeek,24066,2020-04-24,0,107
Lubbeek,24066,2020-04-25,0,107
Lubbeek,24066,2020-04-26,1,108
Lubbeek,24066,2020-04-27,1,109
Lubbeek,24066,2020-04-28,0,109
Lubbeek,24066,2020-04-29,0,109
Lubbeek,24066,2020-04-30,0,109
Lubbeek,24066,2020-05-01,0,109
Lubbeek,24066,2020-05-02,0,109
Lubbeek,24066,2020-05-03,0,109
Lubbeek,24066,2020-05-04,0,109
Lubbeek,24066,2020-05-05,0,109
Lubbeek,24066,2020-05-06,0,109
Lubbeek,24066,2020-05-07,0,109
Lubbeek,24066,2020-05-08,0,109
Lubbeek,24066,2020-05-09,0,109
Lubbeek,24066,2020-05-10,0,109
Lubbeek,24066,2020-05-11,0,109
Lubbeek,24066,2020-05-12,0,109
Lubbeek,24066,2020-05-13,0,109
Lubbeek,24066,2020-05-14,0,109
Lubbeek,24066,2020-05-15,0,109
Lubbeek,24066,2020-05-16,1,110
Lubbeek,24066,2020-05-17,1,111
Lubbeek,24066,2020-05-18,0,111
Lubbeek,24066,2020-05-19,0,111
Lubbeek,24066,2020-05-20,0,111
Lubbeek,24066,2020-05-21,0,111
Lubbeek,24066,2020-05-22,0,111
Lubbeek,24066,2020-05-23,0,111
Lubbeek,24066,2020-05-24,1,112
Lubbeek,24066,2020-05-25,0,112
Lubbeek,24066,2020-05-26,0,112
Lubbeek,24066,2020-05-27,0,112
Lubbeek,24066,2020-05-28,0,112
Lubbeek,24066,2020-05-29,0,112
Lubbeek,24066,2020-05-30,0,112
Lubbeek,24066,2020-05-31,0,112
Lubbeek,24066,2020-06-01,0,112
Lubbeek,24066,2020-06-02,0,112
Lubbeek,24066,2020-06-03,0,112
Lubbeek,24066,2020-06-04,0,112
Lubbeek,24066,2020-06-05,0,112
Lubbeek,24066,2020-06-06,0,112
Lubbeek,24066,2020-06-07,0,112
Lubbeek,24066,2020-06-08,0,112
Lubbeek,24066,2020-06-09,0,112
Lubbeek,24066,2020-06-10,0,112
Lubbeek,24066,2020-06-11,0,112
Lubbeek,24066,2020-06-12,1,113
Lubbeek,24066,2020-06-13,0,113
Lubbeek,24066,2020-06-14,0,113
Lubbeek,24066,2020-06-15,0,113
Lubbeek,24066,2020-06-16,0,113
Lubbeek,24066,2020-06-17,0,113
Lubbeek,24066,2020-06-18,0,113
Lubbeek,24066,2020-06-19,0,113
Lubbeek,24066,2020-06-20,0,113
Lubbeek,24066,2020-06-23,0,113
Lubbeek,24066,2020-06-24,0,113
Lubbeek,24066,2020-06-25,0,113
Lubbeek,24066,2020-06-26,0,113
Lubbeek,24066,2020-06-27,0,113
Lubbeek,24066,2020-06-30,0,113
Lubbeek,24066,2020-07-01,0,113
Lubbeek,24066,2020-07-02,0,113
Lubbeek,24066,2020-07-03,0,113
Lubbeek,24066,2020-07-04,0,113
Lubbeek,24066,2020-07-07,0,113
Lubbeek,24066,2020-07-08,0,113
Lubbeek,24066,2020-07-09,0,113
Lubbeek,24066,2020-07-10,0,113
Lubbeek,24066,2020-07-11,0,113
Lubbeek,24066,2020-07-14,0,113
Lubbeek,24066,2020-07-15,0,113
Lubbeek,24066,2020-07-16,0,113
Lubbeek,24066,2020-07-17,0,113
Lubbeek,24066,2020-07-18,0,113
Lubbeek,24066,2020-07-20,0,113
Lubbeek,24066,2020-07-21,0,113
Lubbeek,24066,2020-07-22,0,113
Lubbeek,24066,2020-07-23,0,113
Lubbeek,24066,2020-07-24,0,113
Lubbeek,24066,2020-07-25,0,113
Lubbeek,24066,2020-07-26,0,113
Lubbeek,24066,2020-07-27,0,113
Lubbeek,24066,2020-07-28,0,113
Lubbeek,24066,2020-07-29,0,113
Lubbeek,24066,2020-07-30,0,113
Lubbeek,24066,2020-07-31,0,113
Lubbeek,24066,2020-08-01,0,113
Lubbeek,24066,2020-08-02,2,115
Lubbeek,24066,2020-08-03,0,115
Lubbeek,24066,2020-08-04,0,115
Lubbeek,24066,2020-08-05,0,115
Lubbeek,24066,2020-08-06,0,115
Lubbeek,24066,2020-08-07,0,115
Lubbeek,24066,2020-08-08,0,115
Lubbeek,24066,2020-08-09,0,115
Lubbeek,24066,2020-08-10,0,115
Lubbeek,24066,2020-08-11,0,115
Lubbeek,24066,2020-08-12,0,115
Lubbeek,24066,2020-08-13,0,115
Lubbeek,24066,2020-08-14,1,116
Lubbeek,24066,2020-08-15,0,116
Lubbeek,24066,2020-08-16,0,116
Lubbeek,24066,2020-08-17,0,116
Lubbeek,24066,2020-08-18,0,116
Lubbeek,24066,2020-08-19,0,116
Lubbeek,24066,2020-08-20,0,116
Lubbeek,24066,2020-08-21,1,117
Lubbeek,24066,2020-08-22,0,117
Lubbeek,24066,2020-08-23,0,117
Lubbeek,24066,2020-08-24,0,117
Lubbeek,24066,2020-08-25,0,117
Lubbeek,24066,2020-08-26,0,117
Lubbeek,24066,2020-08-27,0,117
Lubbeek,24066,2020-08-28,0,117
Lubbeek,24066,2020-08-29,0,117
Lubbeek,24066,2020-08-30,0,117
Lubbeek,24066,2020-08-31,1,118
Lubbeek,24066,2020-09-01,0,118
Lubbeek,24066,2020-09-02,0,118
Lubbeek,24066,2020-09-03,0,118
Lubbeek,24066,2020-09-04,2,120
Lubbeek,24066,2020-09-05,0,120
Lubbeek,24066,2020-09-06,0,120
Lubbeek,24066,2020-09-07,0,120
Lubbeek,24066,2020-09-08,0,120
Lubbeek,24066,2020-09-09,0,120
Lubbeek,24066,2020-09-10,0,120
Lubbeek,24066,2020-09-11,0,120
Lubbeek,24066,2020-09-12,0,120
Lubbeek,24066,2020-09-13,0,120
Lubbeek,24066,2020-09-14,0,120
Lubbeek,24066,2020-09-15,0,120
Lubbeek,24066,2020-09-16,1,121
Lubbeek,24066,2020-09-17,1,122
Lubbeek,24066,2020-09-18,1,123
Lubbeek,24066,2020-09-19,1,124
Lubbeek,24066,2020-09-20,-1,123
Lubbeek,24066,2020-09-21,2,125
Lubbeek,24066,2020-09-22,2,127
Lubbeek,24066,2020-09-23,0,127
Lubbeek,24066,2020-09-24,0,127
Lubbeek,24066,2020-09-25,0,127
Lubbeek,24066,2020-09-26,0,127
Lubbeek,24066,2020-09-27,2,129
Lubbeek,24066,2020-09-28,3,132
Lubbeek,24066,2020-09-29,1,133
Lubbeek,24066,2020-09-30,5,138
Lubbeek,24066,2020-10-01,0,138
Lubbeek,24066,2020-10-02,3,141
Lubbeek,24066,2020-10-03,0,141
Lubbeek,24066,2020-10-04,2,143
Lubbeek,24066,2020-10-05,0,143
Lubbeek,24066,2020-10-06,0,143
Lubbeek,24066,2020-10-07,1,144
Lubbeek,24066,2020-10-08,0,144
Lubbeek,24066,2020-10-09,4,148
Lubbeek,24066,2020-10-10,0,148
Lubbeek,24066,2020-10-11,3,151
Lubbeek,24066,2020-10-12,2,153
Lubbeek,24066,2020-10-13,0,153
Lubbeek,24066,2020-10-14,4,157
Lubbeek,24066,2020-10-15,4,161
Lubbeek,24066,2020-10-16,6,167
Lubbeek,24066,2020-10-17,10,177
Lubbeek,24066,2020-10-18,9,186
Lubbeek,24066,2020-10-19,2,188
Lubbeek,24066,2020-10-20,4,192
Lubbeek,24066,2020-10-21,6,198
Lubbeek,24066,2020-10-22,3,201
Lubbeek,24066,2020-10-23,11,212
Lubbeek,24066,2020-10-24,3,215
Lubbeek,24066,2020-10-25,16,231
Lubbeek,24066,2020-10-26,3,234
Lubbeek,24066,2020-10-27,6,240
Lubbeek,24066,2020-10-28,2,242
Lubbeek,24066,2020-10-29,9,251
Lubbeek,24066,2020-10-30,7,258
Lubbeek,24066,2020-10-31,6,264
Lubbeek,24066,2020-11-01,4,268
Lubbeek,24066,2020-11-02,4,272
Lubbeek,24066,2020-11-03,9,281
Lubbeek,24066,2020-11-04,6,287
Lubbeek,24066,2020-11-05,9,296
Lubbeek,24066,2020-11-06,4,300
Lubbeek,24066,2020-11-07,5,305
Lubbeek,24066,2020-11-08,9,314
Lubbeek,24066,2020-11-09,2,316
Lubbeek,24066,2020-11-10,1,317
Lubbeek,24066,2020-11-11,3,320
Oud-Heverlee,24086,2020-04-01,0,19
Oud-Heverlee,24086,2020-04-02,1,20
Oud-Heverlee,24086,2020-04-03,1,21
Oud-Heverlee,24086,2020-04-04,1,22
Oud-Heverlee,24086,2020-04-05,0,22
Oud-Heverlee,24086,2020-04-06,1,23
Oud-Heverlee,24086,2020-04-07,1,24
Oud-Heverlee,24086,2020-04-08,0,24
Oud-Heverlee,24086,2020-04-09,0,24
Oud-Heverlee,24086,2020-04-10,1,25
Oud-Heverlee,24086,2020-04-11,2,27
Oud-Heverlee,24086,2020-04-12,2,29
Oud-Heverlee,24086,2020-04-13,0,29
Oud-Heverlee,24086,2020-04-14,1,30
Oud-Heverlee,24086,2020-04-15,1,31
Oud-Heverlee,24086,2020-04-16,1,32
Oud-Heverlee,24086,2020-04-17,0,32
Oud-Heverlee,24086,2020-04-18,0,32
Oud-Heverlee,24086,2020-04-19,0,32
Oud-Heverlee,24086,2020-04-20,0,32
Oud-Heverlee,24086,2020-04-21,0,32
Oud-Heverlee,24086,2020-04-22,0,32
Oud-Heverlee,24086,2020-04-23,0,32
Oud-Heverlee,24086,2020-04-24,0,32
Oud-Heverlee,24086,2020-04-25,0,32
Oud-Heverlee,24086,2020-04-26,1,33
Oud-Heverlee,24086,2020-04-27,0,33
Oud-Heverlee,24086,2020-04-28,0,33
Oud-Heverlee,24086,2020-04-29,0,33
Oud-Heverlee,24086,2020-04-30,0,33
Oud-Heverlee,24086,2020-05-01,0,33
Oud-Heverlee,24086,2020-05-02,0,33
Oud-Heverlee,24086,2020-05-03,0,33
Oud-Heverlee,24086,2020-05-04,0,33
Oud-Heverlee,24086,2020-05-05,0,33
Oud-Heverlee,24086,2020-05-06,0,33
Oud-Heverlee,24086,2020-05-07,0,33
Oud-Heverlee,24086,2020-05-08,1,34
Oud-Heverlee,24086,2020-05-09,0,34
Oud-Heverlee,24086,2020-05-10,0,34
Oud-Heverlee,24086,2020-05-11,0,34
Oud-Heverlee,24086,2020-05-12,0,34
Oud-Heverlee,24086,2020-05-13,0,34
Oud-Heverlee,24086,2020-05-14,0,34
Oud-Heverlee,24086,2020-05-15,0,34
Oud-Heverlee,24086,2020-05-16,0,34
Oud-Heverlee,24086,2020-05-17,0,34
Oud-Heverlee,24086,2020-05-18,0,34
Oud-Heverlee,24086,2020-05-19,0,34
Oud-Heverlee,24086,2020-05-20,0,34
Oud-Heverlee,24086,2020-05-21,0,34
Oud-Heverlee,24086,2020-05-22,0,34
Oud-Heverlee,24086,2020-05-23,0,34
Oud-Heverlee,24086,2020-05-24,0,34
Oud-Heverlee,24086,2020-05-25,0,34
Oud-Heverlee,24086,2020-05-26,1,35
Oud-Heverlee,24086,2020-05-27,0,35
Oud-Heverlee,24086,2020-05-28,0,35
Oud-Heverlee,24086,2020-05-29,0,35
Oud-Heverlee,24086,2020-05-30,0,35
Oud-Heverlee,24086,2020-05-31,0,35
Oud-Heverlee,24086,2020-06-01,0,35
Oud-Heverlee,24086,2020-06-02,0,35
Oud-Heverlee,24086,2020-06-03,0,35
Oud-Heverlee,24086,2020-06-04,0,35
Oud-Heverlee,24086,2020-06-05,0,35
Oud-Heverlee,24086,2020-06-06,0,35
Oud-Heverlee,24086,2020-06-07,0,35
Oud-Heverlee,24086,2020-06-08,0,35
Oud-Heverlee,24086,2020-06-09,0,35
Oud-Heverlee,24086,2020-06-10,0,35
Oud-Heverlee,24086,2020-06-11,0,35
Oud-Heverlee,24086,2020-06-12,0,35
Oud-Heverlee,24086,2020-06-13,0,35
Oud-Heverlee,24086,2020-06-14,0,35
Oud-Heverlee,24086,2020-06-15,0,35
Oud-Heverlee,24086,2020-06-16,0,35
Oud-Heverlee,24086,2020-06-17,0,35
Oud-Heverlee,24086,2020-06-18,0,35
Oud-Heverlee,24086,2020-06-19,0,35
Oud-Heverlee,24086,2020-06-20,0,35
Oud-Heverlee,24086,2020-06-23,0,35
Oud-Heverlee,24086,2020-06-24,0,35
Oud-Heverlee,24086,2020-06-25,0,35
Oud-Heverlee,24086,2020-06-26,0,35
Oud-Heverlee,24086,2020-06-27,0,35
Oud-Heverlee,24086,2020-06-30,0,35
Oud-Heverlee,24086,2020-07-01,0,35
Oud-Heverlee,24086,2020-07-02,0,35
Oud-Heverlee,24086,2020-07-03,0,35
Oud-Heverlee,24086,2020-07-04,0,35
Oud-Heverlee,24086,2020-07-07,0,35
Oud-Heverlee,24086,2020-07-08,0,35
Oud-Heverlee,24086,2020-07-09,0,35
Oud-Heverlee,24086,2020-07-10,0,35
Oud-Heverlee,24086,2020-07-11,0,35
Oud-Heverlee,24086,2020-07-14,0,35
Oud-Heverlee,24086,2020-07-15,0,35
Oud-Heverlee,24086,2020-07-16,0,35
Oud-Heverlee,24086,2020-07-17,0,35
Oud-Heverlee,24086,2020-07-18,0,35
Oud-Heverlee,24086,2020-07-20,0,35
Oud-Heverlee,24086,2020-07-21,0,35
Oud-Heverlee,24086,2020-07-22,0,35
Oud-Heverlee,24086,2020-07-23,0,35
Oud-Heverlee,24086,2020-07-24,0,35
Oud-Heverlee,24086,2020-07-25,0,35
Oud-Heverlee,24086,2020-07-26,1,36
Oud-Heverlee,24086,2020-07-27,0,36
Oud-Heverlee,24086,2020-07-28,2,38
Oud-Heverlee,24086,2020-07-29,0,38
Oud-Heverlee,24086,2020-07-30,0,38
Oud-Heverlee,24086,2020-07-31,0,38
Oud-Heverlee,24086,2020-08-01,0,38
Oud-Heverlee,24086,2020-08-02,0,38
Oud-Heverlee,24086,2020-08-03,0,38
Oud-Heverlee,24086,2020-08-04,0,38
Oud-Heverlee,24086,2020-08-05,0,38
Oud-Heverlee,24086,2020-08-06,0,38
Oud-Heverlee,24086,2020-08-07,0,38
Oud-Heverlee,24086,2020-08-08,0,38
Oud-Heverlee,24086,2020-08-09,0,38
Oud-Heverlee,24086,2020-08-10,0,38
Oud-Heverlee,24086,2020-08-11,0,38
Oud-Heverlee,24086,2020-08-12,0,38
Oud-Heverlee,24086,2020-08-13,0,38
Oud-Heverlee,24086,2020-08-14,0,38
Oud-Heverlee,24086,2020-08-15,0,38
Oud-Heverlee,24086,2020-08-16,1,39
Oud-Heverlee,24086,2020-08-17,0,39
Oud-Heverlee,24086,2020-08-18,0,39
Oud-Heverlee,24086,2020-08-19,0,39
Oud-Heverlee,24086,2020-08-20,0,39
Oud-Heverlee,24086,2020-08-21,0,39
Oud-Heverlee,24086,2020-08-22,1,40
Oud-Heverlee,24086,2020-08-23,0,40
Oud-Heverlee,24086,2020-08-24,0,40
Oud-Heverlee,24086,2020-08-25,0,40
Oud-Heverlee,24086,2020-08-26,1,41
Oud-Heverlee,24086,2020-08-27,3,44
Oud-Heverlee,24086,2020-08-28,0,44
Oud-Heverlee,24086,2020-08-29,0,44
Oud-Heverlee,24086,2020-08-30,3,47
Oud-Heverlee,24086,2020-08-31,0,47
Oud-Heverlee,24086,2020-09-01,0,47
Oud-Heverlee,24086,2020-09-02,0,47
Oud-Heverlee,24086,2020-09-03,1,48
Oud-Heverlee,24086,2020-09-04,0,48
Oud-Heverlee,24086,2020-09-05,0,48
Oud-Heverlee,24086,2020-09-06,1,49
Oud-Heverlee,24086,2020-09-07,0,49
Oud-Heverlee,24086,2020-09-08,0,49
Oud-Heverlee,24086,2020-09-09,1,50
Oud-Heverlee,24086,2020-09-10,0,50
Oud-Heverlee,24086,2020-09-11,0,50
Oud-Heverlee,24086,2020-09-12,0,50
Oud-Heverlee,24086,2020-09-13,0,50
Oud-Heverlee,24086,2020-09-14,0,50
Oud-Heverlee,24086,2020-09-15,0,50
Oud-Heverlee,24086,2020-09-16,0,50
Oud-Heverlee,24086,2020-09-17,3,53
Oud-Heverlee,24086,2020-09-18,1,54
Oud-Heverlee,24086,2020-09-19,3,57
Oud-Heverlee,24086,2020-09-20,0,57
Oud-Heverlee,24086,2020-09-21,0,57
Oud-Heverlee,24086,2020-09-22,0,57
Oud-Heverlee,24086,2020-09-23,1,58
Oud-Heverlee,24086,2020-09-24,0,58
Oud-Heverlee,24086,2020-09-25,1,59
Oud-Heverlee,24086,2020-09-26,1,60
Oud-Heverlee,24086,2020-09-27,1,61
Oud-Heverlee,24086,2020-09-28,0,61
Oud-Heverlee,24086,2020-09-29,1,62
Oud-Heverlee,24086,2020-09-30,0,62
Oud-Heverlee,24086,2020-10-01,0,62
Oud-Heverlee,24086,2020-10-02,1,63
Oud-Heverlee,24086,2020-10-03,1,64
Oud-Heverlee,24086,2020-10-04,0,64
Oud-Heverlee,24086,2020-10-05,0,64
Oud-Heverlee,24086,2020-10-06,2,66
Oud-Heverlee,24086,2020-10-07,1,67
Oud-Heverlee,24086,2020-10-08,0,67
Oud-Heverlee,24086,2020-10-09,4,71
Oud-Heverlee,24086,2020-10-10,0,71
Oud-Heverlee,24086,2020-10-11,1,72
Oud-Heverlee,24086,2020-10-12,1,73
Oud-Heverlee,24086,2020-10-13,2,75
Oud-Heverlee,24086,2020-10-14,4,79
Oud-Heverlee,24086,2020-10-15,3,82
Oud-Heverlee,24086,2020-10-16,7,89
Oud-Heverlee,24086,2020-10-17,7,96
Oud-Heverlee,24086,2020-10-18,2,98
Oud-Heverlee,24086,2020-10-19,9,107
Oud-Heverlee,24086,2020-10-20,2,109
Oud-Heverlee,24086,2020-10-21,7,116
Oud-Heverlee,24086,2020-10-22,5,121
Oud-Heverlee,24086,2020-10-23,12,133
Oud-Heverlee,24086,2020-10-24,7,140
Oud-Heverlee,24086,2020-10-25,16,156
Oud-Heverlee,24086,2020-10-26,5,161
Oud-Heverlee,24086,2020-10-27,9,170
Oud-Heverlee,24086,2020-10-28,1,171
Oud-Heverlee,24086,2020-10-29,12,183
Oud-Heverlee,24086,2020-10-30,10,193
Oud-Heverlee,24086,2020-10-31,4,197
Oud-Heverlee,24086,2020-11-01,2,199
Oud-Heverlee,24086,2020-11-02,7,206
Oud-Heverlee,24086,2020-11-03,3,209
Oud-Heverlee,24086,2020-11-04,0,209
Oud-Heverlee,24086,2020-11-05,6,215
Oud-Heverlee,24086,2020-11-06,1,216
Oud-Heverlee,24086,2020-11-07,3,219
Oud-Heverlee,24086,2020-11-08,1,220
Oud-Heverlee,24086,2020-11-09,1,221
Oud-Heverlee,24086,2020-11-10,0,221
Oud-Heverlee,24086,2020-11-11,2,223
Rotselaar,24094,2020-04-01,1,14
Rotselaar,24094,2020-04-02,0,14
Rotselaar,24094,2020-04-03,3,17
Rotselaar,24094,2020-04-04,0,17
Rotselaar,24094,2020-04-05,4,21
Rotselaar,24094,2020-04-06,2,23
Rotselaar,24094,2020-04-07,1,24
Rotselaar,24094,2020-04-08,0,24
Rotselaar,24094,2020-04-09,2,26
Rotselaar,24094,2020-04-10,0,26
Rotselaar,24094,2020-04-11,1,27
Rotselaar,24094,2020-04-12,1,28
Rotselaar,24094,2020-04-13,0,28
Rotselaar,24094,2020-04-14,0,28
Rotselaar,24094,2020-04-15,0,28
Rotselaar,24094,2020-04-16,1,29
Rotselaar,24094,2020-04-17,0,29
Rotselaar,24094,2020-04-18,0,29
Rotselaar,24094,2020-04-19,0,29
Rotselaar,24094,2020-04-20,0,29
Rotselaar,24094,2020-04-21,0,29
Rotselaar,24094,2020-04-22,2,31
Rotselaar,24094,2020-04-23,0,31
Rotselaar,24094,2020-04-24,1,32
Rotselaar,24094,2020-04-25,0,32
Rotselaar,24094,2020-04-26,1,33
Rotselaar,24094,2020-04-27,0,33
Rotselaar,24094,2020-04-28,0,33
Rotselaar,24094,2020-04-29,0,33
Rotselaar,24094,2020-04-30,0,33
Rotselaar,24094,2020-05-01,0,33
Rotselaar,24094,2020-05-02,0,33
Rotselaar,24094,2020-05-03,0,33
Rotselaar,24094,2020-05-04,0,33
Rotselaar,24094,2020-05-05,0,33
Rotselaar,24094,2020-05-06,0,33
Rotselaar,24094,2020-05-07,0,33
Rotselaar,24094,2020-05-08,0,33
Rotselaar,24094,2020-05-09,0,33
Rotselaar,24094,2020-05-10,1,34
Rotselaar,24094,2020-05-11,0,34
Rotselaar,24094,2020-05-12,0,34
Rotselaar,24094,2020-05-13,0,34
Rotselaar,24094,2020-05-14,0,34
Rotselaar,24094,2020-05-15,0,34
Rotselaar,24094,2020-05-16,0,34
Rotselaar,24094,2020-05-17,0,34
Rotselaar,24094,2020-05-18,0,34
Rotselaar,24094,2020-05-19,0,34
Rotselaar,24094,2020-05-20,0,34
Rotselaar,24094,2020-05-21,0,34
Rotselaar,24094,2020-05-22,0,34
Rotselaar,24094,2020-05-23,0,34
Rotselaar,24094,2020-05-24,0,34
Rotselaar,24094,2020-05-25,0,34
Rotselaar,24094,2020-05-26,0,34
Rotselaar,24094,2020-05-27,0,34
Rotselaar,24094,2020-05-28,0,34
Rotselaar,24094,2020-05-29,0,34
Rotselaar,24094,2020-05-30,0,34
Rotselaar,24094,2020-05-31,0,34
Rotselaar,24094,2020-06-01,0,34
Rotselaar,24094,2020-06-02,0,34
Rotselaar,24094,2020-06-03,0,34
Rotselaar,24094,2020-06-04,1,35
Rotselaar,24094,2020-06-05,0,35
Rotselaar,24094,2020-06-06,0,35
Rotselaar,24094,2020-06-07,0,35
Rotselaar,24094,2020-06-08,0,35
Rotselaar,24094,2020-06-09,0,35
Rotselaar,24094,2020-06-10,0,35
Rotselaar,24094,2020-06-11,0,35
Rotselaar,24094,2020-06-12,0,35
Rotselaar,24094,2020-06-13,0,35
Rotselaar,24094,2020-06-14,0,35
Rotselaar,24094,2020-06-15,0,35
Rotselaar,24094,2020-06-16,0,35
Rotselaar,24094,2020-06-17,0,35
Rotselaar,24094,2020-06-18,0,35
Rotselaar,24094,2020-06-19,0,35
Rotselaar,24094,2020-06-20,0,35
Rotselaar,24094,2020-06-23,1,36
Rotselaar,24094,2020-06-24,0,36
Rotselaar,24094,2020-06-25,0,36
Rotselaar,24094,2020-06-26,1,37
Rotselaar,24094,2020-06-27,0,37
Rotselaar,24094,2020-06-30,0,37
Rotselaar,24094,2020-07-01,0,37
Rotselaar,24094,2020-07-02,2,39
Rotselaar,24094,2020-07-03,0,39
Rotselaar,24094,2020-07-04,0,39
Rotselaar,24094,2020-07-07,0,39
Rotselaar,24094,2020-07-08,0,39
Rotselaar,24094,2020-07-09,0,39
Rotselaar,24094,2020-07-10,0,39
Rotselaar,24094,2020-07-11,1,40
Rotselaar,24094,2020-07-14,0,40
Rotselaar,24094,2020-07-15,0,40
Rotselaar,24094,2020-07-16,0,40
Rotselaar,24094,2020-07-17,0,40
Rotselaar,24094,2020-07-18,0,40
Rotselaar,24094,2020-07-20,0,40
Rotselaar,24094,2020-07-21,0,40
Rotselaar,24094,2020-07-22,0,40
Rotselaar,24094,2020-07-23,0,40
Rotselaar,24094,2020-07-24,0,40
Rotselaar,24094,2020-07-25,0,40
Rotselaar,24094,2020-07-26,0,40
Rotselaar,24094,2020-07-27,0,40
Rotselaar,24094,2020-07-28,2,42
Rotselaar,24094,2020-07-29,0,42
Rotselaar,24094,2020-07-30,0,42
Rotselaar,24094,2020-07-31,0,42
Rotselaar,24094,2020-08-01,0,42
Rotselaar,24094,2020-08-02,0,42
Rotselaar,24094,2020-08-03,0,42
Rotselaar,24094,2020-08-04,0,42
Rotselaar,24094,2020-08-05,0,42
Rotselaar,24094,2020-08-06,0,42
Rotselaar,24094,2020-08-07,0,42
Rotselaar,24094,2020-08-08,1,43
Rotselaar,24094,2020-08-09,0,43
Rotselaar,24094,2020-08-10,0,43
Rotselaar,24094,2020-08-11,1,44
Rotselaar,24094,2020-08-12,0,44
Rotselaar,24094,2020-08-13,0,44
Rotselaar,24094,2020-08-14,0,44
Rotselaar,24094,2020-08-15,0,44
Rotselaar,24094,2020-08-16,0,44
Rotselaar,24094,2020-08-17,0,44
Rotselaar,24094,2020-08-18,0,44
Rotselaar,24094,2020-08-19,0,44
Rotselaar,24094,2020-08-20,0,44
Rotselaar,24094,2020-08-21,0,44
Rotselaar,24094,2020-08-22,1,45
Rotselaar,24094,2020-08-23,0,45
Rotselaar,24094,2020-08-24,1,46
Rotselaar,24094,2020-08-25,0,46
Rotselaar,24094,2020-08-26,0,46
Rotselaar,24094,2020-08-27,1,47
Rotselaar,24094,2020-08-28,0,47
Rotselaar,24094,2020-08-29,0,47
Rotselaar,24094,2020-08-30,0,47
Rotselaar,24094,2020-08-31,0,47
Rotselaar,24094,2020-09-01,0,47
Rotselaar,24094,2020-09-02,0,47
Rotselaar,24094,2020-09-03,0,47
Rotselaar,24094,2020-09-04,0,47
Rotselaar,24094,2020-09-05,0,47
Rotselaar,24094,2020-09-06,0,47
Rotselaar,24094,2020-09-07,0,47
Rotselaar,24094,2020-09-08,0,47
Rotselaar,24094,2020-09-09,1,48
Rotselaar,24094,2020-09-10,0,48
Rotselaar,24094,2020-09-11,0,48
Rotselaar,24094,2020-09-12,1,49
Rotselaar,24094,2020-09-13,0,49
Rotselaar,24094,2020-09-14,1,50
Rotselaar,24094,2020-09-15,0,50
Rotselaar,24094,2020-09-16,0,50
Rotselaar,24094,2020-09-17,1,51
Rotselaar,24094,2020-09-18,3,54
Rotselaar,24094,2020-09-19,0,54
Rotselaar,24094,2020-09-20,0,54
Rotselaar,24094,2020-09-21,1,55
Rotselaar,24094,2020-09-22,1,56
Rotselaar,24094,2020-09-23,0,56
Rotselaar,24094,2020-09-24,1,57
Rotselaar,24094,2020-09-25,1,58
Rotselaar,24094,2020-09-26,1,59
Rotselaar,24094,2020-09-27,1,60
Rotselaar,24094,2020-09-28,0,60
Rotselaar,24094,2020-09-29,0,60
Rotselaar,24094,2020-09-30,0,60
Rotselaar,24094,2020-10-01,0,60
Rotselaar,24094,2020-10-02,0,60
Rotselaar,24094,2020-10-03,2,62
Rotselaar,24094,2020-10-04,1,63
Rotselaar,24094,2020-10-05,2,65
Rotselaar,24094,2020-10-06,1,66
Rotselaar,24094,2020-10-07,3,69
Rotselaar,24094,2020-10-08,3,72
Rotselaar,24094,2020-10-09,1,73
Rotselaar,24094,2020-10-10,7,80
Rotselaar,24094,2020-10-11,5,85
Rotselaar,24094,2020-10-12,1,86
Rotselaar,24094,2020-10-13,0,86
Rotselaar,24094,2020-10-14,3,89
Rotselaar,24094,2020-10-15,4,93
Rotselaar,24094,2020-10-16,3,96
Rotselaar,24094,2020-10-17,4,100
Rotselaar,24094,2020-10-18,7,107
Rotselaar,24094,2020-10-19,0,107
Rotselaar,24094,2020-10-20,3,110
Rotselaar,24094,2020-10-21,10,120
Rotselaar,24094,2020-10-22,5,125
Rotselaar,24094,2020-10-23,15,140
Rotselaar,24094,2020-10-24,6,146
Rotselaar,24094,2020-10-25,14,160
Rotselaar,24094,2020-10-26,3,163
Rotselaar,24094,2020-10-27,5,168
Rotselaar,24094,2020-10-28,4,172
Rotselaar,24094,2020-10-29,17,189
Rotselaar,24094,2020-10-30,9,198
Rotselaar,24094,2020-10-31,6,204
Rotselaar,24094,2020-11-01,13,217
Rotselaar,24094,2020-11-02,8,225
Rotselaar,24094,2020-11-03,3,228
Rotselaar,24094,2020-11-04,4,232
Rotselaar,24094,2020-11-05,9,241
Rotselaar,24094,2020-11-06,4,245
Rotselaar,24094,2020-11-07,5,250
Rotselaar,24094,2020-11-08,23,273
Rotselaar,24094,2020-11-09,4,277
Rotselaar,24094,2020-11-10,2,279
Rotselaar,24094,2020-11-11,0,279
Tervuren,24104,2020-04-01,4,21
Tervuren,24104,2020-04-02,0,21
Tervuren,24104,2020-04-03,1,22
Tervuren,24104,2020-04-04,2,24
Tervuren,24104,2020-04-05,3,27
Tervuren,24104,2020-04-06,0,27
Tervuren,24104,2020-04-07,0,27
Tervuren,24104,2020-04-08,0,27
Tervuren,24104,2020-04-09,4,31
Tervuren,24104,2020-04-10,1,32
Tervuren,24104,2020-04-11,4,36
Tervuren,24104,2020-04-12,2,38
Tervuren,24104,2020-04-13,1,39
Tervuren,24104,2020-04-14,1,40
Tervuren,24104,2020-04-15,2,42
Tervuren,24104,2020-04-16,1,43
Tervuren,24104,2020-04-17,4,47
Tervuren,24104,2020-04-18,4,51
Tervuren,24104,2020-04-19,14,65
Tervuren,24104,2020-04-20,4,69
Tervuren,24104,2020-04-21,1,70
Tervuren,24104,2020-04-22,3,73
Tervuren,24104,2020-04-23,0,73
Tervuren,24104,2020-04-24,24,97
Tervuren,24104,2020-04-25,0,97
Tervuren,24104,2020-04-26,0,97
Tervuren,24104,2020-04-27,0,97
Tervuren,24104,2020-04-28,1,98
Tervuren,24104,2020-04-29,0,98
Tervuren,24104,2020-04-30,0,98
Tervuren,24104,2020-05-01,0,98
Tervuren,24104,2020-05-02,0,98
Tervuren,24104,2020-05-03,0,98
Tervuren,24104,2020-05-04,1,99
Tervuren,24104,2020-05-05,0,99
Tervuren,24104,2020-05-06,0,99
Tervuren,24104,2020-05-07,1,100
Tervuren,24104,2020-05-08,1,101
Tervuren,24104,2020-05-09,0,101
Tervuren,24104,2020-05-10,0,101
Tervuren,24104,2020-05-11,2,103
Tervuren,24104,2020-05-12,0,103
Tervuren,24104,2020-05-13,0,103
Tervuren,24104,2020-05-14,0,103
Tervuren,24104,2020-05-15,2,105
Tervuren,24104,2020-05-16,0,105
Tervuren,24104,2020-05-17,0,105
Tervuren,24104,2020-05-18,0,105
Tervuren,24104,2020-05-19,1,106
Tervuren,24104,2020-05-20,0,106
Tervuren,24104,2020-05-21,1,107
Tervuren,24104,2020-05-22,0,107
Tervuren,24104,2020-05-23,0,107
Tervuren,24104,2020-05-24,1,108
Tervuren,24104,2020-05-25,0,108
Tervuren,24104,2020-05-26,0,108
Tervuren,24104,2020-05-27,0,108
Tervuren,24104,2020-05-28,0,108
Tervuren,24104,2020-05-29,0,108
Tervuren,24104,2020-05-30,0,108
Tervuren,24104,2020-05-31,0,108
Tervuren,24104,2020-06-01,0,108
Tervuren,24104,2020-06-02,1,109
Tervuren,24104,2020-06-03,0,109
Tervuren,24104,2020-06-04,0,109
Tervuren,24104,2020-06-05,0,109
Tervuren,24104,2020-06-06,0,109
Tervuren,24104,2020-06-07,0,109
Tervuren,24104,2020-06-08,0,109
Tervuren,24104,2020-06-09,0,109
Tervuren,24104,2020-06-10,0,109
Tervuren,24104,2020-06-11,0,109
Tervuren,24104,2020-06-12,0,109
Tervuren,24104,2020-06-13,0,109
Tervuren,24104,2020-06-14,0,109
Tervuren,24104,2020-06-15,0,109
Tervuren,24104,2020-06-16,0,109
Tervuren,24104,2020-06-17,0,109
Tervuren,24104,2020-06-18,0,109
Tervuren,24104,2020-06-19,0,109
Tervuren,24104,2020-06-20,0,109
Tervuren,24104,2020-06-23,0,109
Tervuren,24104,2020-06-24,0,109
Tervuren,24104,2020-06-25,0,109
Tervuren,24104,2020-06-26,0,109
Tervuren,24104,2020-06-27,0,109
Tervuren,24104,2020-06-30,0,109
Tervuren,24104,2020-07-01,0,109
Tervuren,24104,2020-07-02,0,109
Tervuren,24104,2020-07-03,0,109
Tervuren,24104,2020-07-04,0,109
Tervuren,24104,2020-07-07,0,109
Tervuren,24104,2020-07-08,0,109
Tervuren,24104,2020-07-09,0,109
Tervuren,24104,2020-07-10,0,109
Tervuren,24104,2020-07-11,1,110
Tervuren,24104,2020-07-14,0,110
Tervuren,24104,2020-07-15,0,110
Tervuren,24104,2020-07-16,0,110
Tervuren,24104,2020-07-17,0,110
Tervuren,24104,2020-07-18,0,110
Tervuren,24104,2020-07-20,2,112
Tervuren,24104,2020-07-21,0,112
Tervuren,24104,2020-07-22,0,112
Tervuren,24104,2020-07-23,0,112
Tervuren,24104,2020-07-24,0,112
Tervuren,24104,2020-07-25,0,112
Tervuren,24104,2020-07-26,1,113
Tervuren,24104,2020-07-27,0,113
Tervuren,24104,2020-07-28,1,114
Tervuren,24104,2020-07-29,0,114
Tervuren,24104,2020-07-30,3,117
Tervuren,24104,2020-07-31,1,118
Tervuren,24104,2020-08-01,1,119
Tervuren,24104,2020-08-02,3,122
Tervuren,24104,2020-08-03,2,124
Tervuren,24104,2020-08-04,0,124
Tervuren,24104,2020-08-05,1,125
Tervuren,24104,2020-08-06,2,127
Tervuren,24104,2020-08-07,1,128
Tervuren,24104,2020-08-08,1,129
Tervuren,24104,2020-08-09,1,130
Tervuren,24104,2020-08-10,0,130
Tervuren,24104,2020-08-11,0,130
Tervuren,24104,2020-08-12,0,130
Tervuren,24104,2020-08-13,2,132
Tervuren,24104,2020-08-14,0,132
Tervuren,24104,2020-08-15,0,132
Tervuren,24104,2020-08-16,1,133
Tervuren,24104,2020-08-17,0,133
Tervuren,24104,2020-08-18,0,133
Tervuren,24104,2020-08-19,0,133
Tervuren,24104,2020-08-20,1,134
Tervuren,24104,2020-08-21,0,134
Tervuren,24104,2020-08-22,1,135
Tervuren,24104,2020-08-23,3,138
Tervuren,24104,2020-08-24,0,138
Tervuren,24104,2020-08-25,0,138
Tervuren,24104,2020-08-26,0,138
Tervuren,24104,2020-08-27,1,139
Tervuren,24104,2020-08-28,3,142
Tervuren,24104,2020-08-29,0,142
Tervuren,24104,2020-08-30,0,142
Tervuren,24104,2020-08-31,3,145
Tervuren,24104,2020-09-01,0,145
Tervuren,24104,2020-09-02,0,145
Tervuren,24104,2020-09-03,2,147
Tervuren,24104,2020-09-04,0,147
Tervuren,24104,2020-09-05,0,147
Tervuren,24104,2020-09-06,6,153
Tervuren,24104,2020-09-07,3,156
Tervuren,24104,2020-09-08,0,156
Tervuren,24104,2020-09-09,0,156
Tervuren,24104,2020-09-10,1,157
Tervuren,24104,2020-09-11,1,158
Tervuren,24104,2020-09-12,0,158
Tervuren,24104,2020-09-13,2,160
Tervuren,24104,2020-09-14,3,163
Tervuren,24104,2020-09-15,2,165
Tervuren,24104,2020-09-16,0,165
Tervuren,24104,2020-09-17,3,168
Tervuren,24104,2020-09-18,7,175
Tervuren,24104,2020-09-19,3,178
Tervuren,24104,2020-09-20,4,182
Tervuren,24104,2020-09-21,3,185
Tervuren,24104,2020-09-22,0,185
Tervuren,24104,2020-09-23,2,187
Tervuren,24104,2020-09-24,4,191
Tervuren,24104,2020-09-25,1,192
Tervuren,24104,2020-09-26,3,195
Tervuren,24104,2020-09-27,4,199
Tervuren,24104,2020-09-28,5,204
Tervuren,24104,2020-09-29,1,205
Tervuren,24104,2020-09-30,2,207
Tervuren,24104,2020-10-01,1,208
Tervuren,24104,2020-10-02,7,215
Tervuren,24104,2020-10-03,4,219
Tervuren,24104,2020-10-04,14,233
Tervuren,24104,2020-10-05,15,248
Tervuren,24104,2020-10-06,0,248
Tervuren,24104,2020-10-07,2,250
Tervuren,24104,2020-10-08,12,262
Tervuren,24104,2020-10-09,12,274
Tervuren,24104,2020-10-10,4,278
Tervuren,24104,2020-10-11,11,289
Tervuren,24104,2020-10-12,4,293
Tervuren,24104,2020-10-13,5,298
Tervuren,24104,2020-10-14,9,307
Tervuren,24104,2020-10-15,17,324
Tervuren,24104,2020-10-16,18,342
Tervuren,24104,2020-10-17,20,362
Tervuren,24104,2020-10-18,19,381
Tervuren,24104,2020-10-19,15,396
Tervuren,24104,2020-10-20,13,409
Tervuren,24104,2020-10-21,2,411
Tervuren,24104,2020-10-22,11,422
Tervuren,24104,2020-10-23,27,449
Tervuren,24104,2020-10-24,24,473
Tervuren,24104,2020-10-25,14,487
Tervuren,24104,2020-10-26,11,498
Tervuren,24104,2020-10-27,11,509
Tervuren,24104,2020-10-28,14,523
Tervuren,24104,2020-10-29,35,558
Tervuren,24104,2020-10-30,23,581
Tervuren,24104,2020-10-31,18,599
Tervuren,24104,2020-11-01,12,611
Tervuren,24104,2020-11-02,8,619
Tervuren,24104,2020-11-03,3,622
Tervuren,24104,2020-11-04,7,629
Tervuren,24104,2020-11-05,18,647
Tervuren,24104,2020-11-06,12,659
Tervuren,24104,2020-11-07,6,665
Tervuren,24104,2020-11-08,3,668
Tervuren,24104,2020-11-09,1,669
Tervuren,24104,2020-11-10,0,669
Tervuren,24104,2020-11-11,7,676
Tienen,24107,2020-04-01,5,44
Tienen,24107,2020-04-02,6,50
Tienen,24107,2020-04-03,8,58
Tienen,24107,2020-04-04,7,65
Tienen,24107,2020-04-05,6,71
Tienen,24107,2020-04-06,8,79
Tienen,24107,2020-04-07,4,83
Tienen,24107,2020-04-08,7,90
Tienen,24107,2020-04-09,5,95
Tienen,24107,2020-04-10,5,100
Tienen,24107,2020-04-11,13,113
Tienen,24107,2020-04-12,10,123
Tienen,24107,2020-04-13,10,133
Tienen,24107,2020-04-14,25,158
Tienen,24107,2020-04-15,22,180
Tienen,24107,2020-04-16,13,193
Tienen,24107,2020-04-17,1,194
Tienen,24107,2020-04-18,1,195
Tienen,24107,2020-04-19,2,197
Tienen,24107,2020-04-20,3,200
Tienen,24107,2020-04-21,1,201
Tienen,24107,2020-04-22,1,202
Tienen,24107,2020-04-23,0,202
Tienen,24107,2020-04-24,2,204
Tienen,24107,2020-04-25,5,209
Tienen,24107,2020-04-26,2,211
Tienen,24107,2020-04-27,4,215
Tienen,24107,2020-04-28,0,215
Tienen,24107,2020-04-29,0,215
Tienen,24107,2020-04-30,0,215
Tienen,24107,2020-05-01,0,215
Tienen,24107,2020-05-02,2,217
Tienen,24107,2020-05-03,0,217
Tienen,24107,2020-05-04,1,218
Tienen,24107,2020-05-05,3,221
Tienen,24107,2020-05-06,2,223
Tienen,24107,2020-05-07,2,225
Tienen,24107,2020-05-08,0,225
Tienen,24107,2020-05-09,2,227
Tienen,24107,2020-05-10,2,229
Tienen,24107,2020-05-11,0,229
Tienen,24107,2020-05-12,0,229
Tienen,24107,2020-05-13,0,229
Tienen,24107,2020-05-14,0,229
Tienen,24107,2020-05-15,0,229
Tienen,24107,2020-05-16,8,237
Tienen,24107,2020-05-17,0,237
Tienen,24107,2020-05-18,0,237
Tienen,24107,2020-05-19,0,237
Tienen,24107,2020-05-20,0,237
Tienen,24107,2020-05-21,0,237
Tienen,24107,2020-05-22,1,238
Tienen,24107,2020-05-23,1,239
Tienen,24107,2020-05-24,0,239
Tienen,24107,2020-05-25,0,239
Tienen,24107,2020-05-26,-1,238
Tienen,24107,2020-05-27,0,238
Tienen,24107,2020-05-28,0,238
Tienen,24107,2020-05-29,0,238
Tienen,24107,2020-05-30,0,238
Tienen,24107,2020-05-31,0,238
Tienen,24107,2020-06-01,0,238
Tienen,24107,2020-06-02,1,239
Tienen,24107,2020-06-03,0,239
Tienen,24107,2020-06-04,0,239
Tienen,24107,2020-06-05,0,239
Tienen,24107,2020-06-06,0,239
Tienen,24107,2020-06-07,0,239
Tienen,24107,2020-06-08,1,240
Tienen,24107,2020-06-09,0,240
Tienen,24107,2020-06-10,0,240
Tienen,24107,2020-06-11,0,240
Tienen,24107,2020-06-12,0,240
Tienen,24107,2020-06-13,0,240
Tienen,24107,2020-06-14,0,240
Tienen,24107,2020-06-15,0,240
Tienen,24107,2020-06-16,0,240
Tienen,24107,2020-06-17,0,240
Tienen,24107,2020-06-18,0,240
Tienen,24107,2020-06-19,1,241
Tienen,24107,2020-06-20,0,241
Tienen,24107,2020-06-23,0,241
Tienen,24107,2020-06-24,0,241
Tienen,24107,2020-06-25,0,241
Tienen,24107,2020-06-26,0,241
Tienen,24107,2020-06-27,0,241
Tienen,24107,2020-06-30,0,241
Tienen,24107,2020-07-01,0,241
Tienen,24107,2020-07-02,0,241
Tienen,24107,2020-07-03,0,241
Tienen,24107,2020-07-04,0,241
Tienen,24107,2020-07-07,0,241
Tienen,24107,2020-07-08,0,241
Tienen,24107,2020-07-09,0,241
Tienen,24107,2020-07-10,0,241
Tienen,24107,2020-07-11,0,241
Tienen,24107,2020-07-14,0,241
Tienen,24107,2020-07-15,0,241
Tienen,24107,2020-07-16,0,241
Tienen,24107,2020-07-17,2,243
Tienen,24107,2020-07-18,1,244
Tienen,24107,2020-07-20,0,244
Tienen,24107,2020-07-21,0,244
Tienen,24107,2020-07-22,0,244
Tienen,24107,2020-07-23,0,244
Tienen,24107,2020-07-24,0,244
Tienen,24107,2020-07-25,0,244
Tienen,24107,2020-07-26,0,244
Tienen,24107,2020-07-27,0,244
Tienen,24107,2020-07-28,0,244
Tienen,24107,2020-07-29,0,244
Tienen,24107,2020-07-30,0,244
Tienen,24107,2020-07-31,0,244
Tienen,24107,2020-08-01,0,244
Tienen,24107,2020-08-02,0,244
Tienen,24107,2020-08-03,0,244
Tienen,24107,2020-08-04,1,245
Tienen,24107,2020-08-05,1,246
Tienen,24107,2020-08-06,0,246
Tienen,24107,2020-08-07,3,249
Tienen,24107,2020-08-08,2,251
Tienen,24107,2020-08-09,0,251
Tienen,24107,2020-08-10,4,255
Tienen,24107,2020-08-11,2,257
Tienen,24107,2020-08-12,0,257
Tienen,24107,2020-08-13,2,259
Tienen,24107,2020-08-14,1,260
Tienen,24107,2020-08-15,0,260
Tienen,24107,2020-08-16,1,261
Tienen,24107,2020-08-17,0,261
Tienen,24107,2020-08-18,0,261
Tienen,24107,2020-08-19,2,263
Tienen,24107,2020-08-20,0,263
Tienen,24107,2020-08-21,1,264
Tienen,24107,2020-08-22,2,266
Tienen,24107,2020-08-23,1,267
Tienen,24107,2020-08-24,0,267
Tienen,24107,2020-08-25,0,267
Tienen,24107,2020-08-26,2,269
Tienen,24107,2020-08-27,0,269
Tienen,24107,2020-08-28,2,271
Tienen,24107,2020-08-29,2,273
Tienen,24107,2020-08-30,1,274
Tienen,24107,2020-08-31,0,274
Tienen,24107,2020-09-01,0,274
Tienen,24107,2020-09-02,0,274
Tienen,24107,2020-09-03,0,274
Tienen,24107,2020-09-04,2,276
Tienen,24107,2020-09-05,1,277
Tienen,24107,2020-09-06,0,277
Tienen,24107,2020-09-07,1,278
Tienen,24107,2020-09-08,0,278
Tienen,24107,2020-09-09,0,278
Tienen,24107,2020-09-10,1,279
Tienen,24107,2020-09-11,2,281
Tienen,24107,2020-09-12,0,281
Tienen,24107,2020-09-13,4,285
Tienen,24107,2020-09-14,3,288
Tienen,24107,2020-09-15,7,295
Tienen,24107,2020-09-16,1,296
Tienen,24107,2020-09-17,4,300
Tienen,24107,2020-09-18,2,302
Tienen,24107,2020-09-19,3,305
Tienen,24107,2020-09-20,2,307
Tienen,24107,2020-09-21,8,315
Tienen,24107,2020-09-22,4,319
Tienen,24107,2020-09-23,3,322
Tienen,24107,2020-09-24,8,330
Tienen,24107,2020-09-25,1,331
Tienen,24107,2020-09-26,5,336
Tienen,24107,2020-09-27,4,340
Tienen,24107,2020-09-28,3,343
Tienen,24107,2020-09-29,5,348
Tienen,24107,2020-09-30,0,348
Tienen,24107,2020-10-01,3,351
Tienen,24107,2020-10-02,8,359
Tienen,24107,2020-10-03,0,359
Tienen,24107,2020-10-04,6,365
Tienen,24107,2020-10-05,5,370
Tienen,24107,2020-10-06,2,372
Tienen,24107,2020-10-07,2,374
Tienen,24107,2020-10-08,8,382
Tienen,24107,2020-10-09,5,387
Tienen,24107,2020-10-10,10,397
Tienen,24107,2020-10-11,17,414
Tienen,24107,2020-10-12,1,415
Tienen,24107,2020-10-13,6,421
Tienen,24107,2020-10-14,10,431
Tienen,24107,2020-10-15,7,438
Tienen,24107,2020-10-16,20,458
Tienen,24107,2020-10-17,15,473
Tienen,24107,2020-10-18,8,481
Tienen,24107,2020-10-19,16,497
Tienen,24107,2020-10-20,8,505
Tienen,24107,2020-10-21,10,515
Tienen,24107,2020-10-22,11,526
Tienen,24107,2020-10-23,32,558
Tienen,24107,2020-10-24,13,571
Tienen,24107,2020-10-25,31,602
Tienen,24107,2020-10-26,18,620
Tienen,24107,2020-10-27,9,629
Tienen,24107,2020-10-28,19,648
Tienen,24107,2020-10-29,46,694
Tienen,24107,2020-10-30,28,722
Tienen,24107,2020-10-31,33,755
Tienen,24107,2020-11-01,29,784
Tienen,24107,2020-11-02,15,799
Tienen,24107,2020-11-03,12,811
Tienen,24107,2020-11-04,13,824
Tienen,24107,2020-11-05,25,849
Tienen,24107,2020-11-06,21,870
Tienen,24107,2020-11-07,10,880
Tienen,24107,2020-11-08,7,887
Tienen,24107,2020-11-09,10,897
Tienen,24107,2020-11-10,3,900
Tienen,24107,2020-11-11,7,907
Tremelo,24109,2020-04-01,0,17
Tremelo,24109,2020-04-02,0,17
Tremelo,24109,2020-04-03,1,18
Tremelo,24109,2020-04-04,1,19
Tremelo,24109,2020-04-05,2,21
Tremelo,24109,2020-04-06,1,22
Tremelo,24109,2020-04-07,2,24
Tremelo,24109,2020-04-08,0,24
Tremelo,24109,2020-04-09,1,25
Tremelo,24109,2020-04-10,1,26
Tremelo,24109,2020-04-11,0,26
Tremelo,24109,2020-04-12,0,26
Tremelo,24109,2020-04-13,0,26
Tremelo,24109,2020-04-14,0,26
Tremelo,24109,2020-04-15,1,27
Tremelo,24109,2020-04-16,2,29
Tremelo,24109,2020-04-17,2,31
Tremelo,24109,2020-04-18,0,31
Tremelo,24109,2020-04-19,0,31
Tremelo,24109,2020-04-20,1,32
Tremelo,24109,2020-04-21,1,33
Tremelo,24109,2020-04-22,0,33
Tremelo,24109,2020-04-23,0,33
Tremelo,24109,2020-04-24,0,33
Tremelo,24109,2020-04-25,0,33
Tremelo,24109,2020-04-26,1,34
Tremelo,24109,2020-04-27,1,35
Tremelo,24109,2020-04-28,0,35
Tremelo,24109,2020-04-29,1,36
Tremelo,24109,2020-04-30,2,38
Tremelo,24109,2020-05-01,2,40
Tremelo,24109,2020-05-02,0,40
Tremelo,24109,2020-05-03,0,40
Tremelo,24109,2020-05-04,0,40
Tremelo,24109,2020-05-05,0,40
Tremelo,24109,2020-05-06,0,40
Tremelo,24109,2020-05-07,0,40
Tremelo,24109,2020-05-08,0,40
Tremelo,24109,2020-05-09,1,41
Tremelo,24109,2020-05-10,0,41
Tremelo,24109,2020-05-11,0,41
Tremelo,24109,2020-05-12,0,41
Tremelo,24109,2020-05-13,0,41
Tremelo,24109,2020-05-14,0,41
Tremelo,24109,2020-05-15,0,41
Tremelo,24109,2020-05-16,0,41
Tremelo,24109,2020-05-17,0,41
Tremelo,24109,2020-05-18,0,41
Tremelo,24109,2020-05-19,0,41
Tremelo,24109,2020-05-20,0,41
Tremelo,24109,2020-05-21,0,41
Tremelo,24109,2020-05-22,0,41
Tremelo,24109,2020-05-23,0,41
Tremelo,24109,2020-05-24,0,41
Tremelo,24109,2020-05-25,0,41
Tremelo,24109,2020-05-26,1,42
Tremelo,24109,2020-05-27,0,42
Tremelo,24109,2020-05-28,0,42
Tremelo,24109,2020-05-29,0,42
Tremelo,24109,2020-05-30,0,42
Tremelo,24109,2020-05-31,0,42
Tremelo,24109,2020-06-01,0,42
Tremelo,24109,2020-06-02,0,42
Tremelo,24109,2020-06-03,0,42
Tremelo,24109,2020-06-04,0,42
Tremelo,24109,2020-06-05,0,42
Tremelo,24109,2020-06-06,0,42
Tremelo,24109,2020-06-07,0,42
Tremelo,24109,2020-06-08,0,42
Tremelo,24109,2020-06-09,0,42
Tremelo,24109,2020-06-10,0,42
Tremelo,24109,2020-06-11,0,42
Tremelo,24109,2020-06-12,0,42
Tremelo,24109,2020-06-13,0,42
Tremelo,24109,2020-06-14,0,42
Tremelo,24109,2020-06-15,0,42
Tremelo,24109,2020-06-16,0,42
Tremelo,24109,2020-06-17,0,42
Tremelo,24109,2020-06-18,0,42
Tremelo,24109,2020-06-19,0,42
Tremelo,24109,2020-06-20,0,42
Tremelo,24109,2020-06-23,0,42
Tremelo,24109,2020-06-24,0,42
Tremelo,24109,2020-06-25,0,42
Tremelo,24109,2020-06-26,0,42
Tremelo,24109,2020-06-27,0,42
Tremelo,24109,2020-06-30,0,42
Tremelo,24109,2020-07-01,0,42
Tremelo,24109,2020-07-02,0,42
Tremelo,24109,2020-07-03,0,42
Tremelo,24109,2020-07-04,0,42
Tremelo,24109,2020-07-07,0,42
Tremelo,24109,2020-07-08,0,42
Tremelo,24109,2020-07-09,1,43
Tremelo,24109,2020-07-10,0,43
Tremelo,24109,2020-07-11,0,43
Tremelo,24109,2020-07-14,0,43
Tremelo,24109,2020-07-15,0,43
Tremelo,24109,2020-07-16,0,43
Tremelo,24109,2020-07-17,0,43
Tremelo,24109,2020-07-18,0,43
Tremelo,24109,2020-07-20,0,43
Tremelo,24109,2020-07-21,0,43
Tremelo,24109,2020-07-22,0,43
Tremelo,24109,2020-07-23,0,43
Tremelo,24109,2020-07-24,0,43
Tremelo,24109,2020-07-25,1,44
Tremelo,24109,2020-07-26,0,44
Tremelo,24109,2020-07-27,0,44
Tremelo,24109,2020-07-28,0,44
Tremelo,24109,2020-07-29,0,44
Tremelo,24109,2020-07-30,0,44
Tremelo,24109,2020-07-31,0,44
Tremelo,24109,2020-08-01,0,44
Tremelo,24109,2020-08-02,1,45
Tremelo,24109,2020-08-03,0,45
Tremelo,24109,2020-08-04,0,45
Tremelo,24109,2020-08-05,0,45
Tremelo,24109,2020-08-06,0,45
Tremelo,24109,2020-08-07,0,45
Tremelo,24109,2020-08-08,0,45
Tremelo,24109,2020-08-09,0,45
Tremelo,24109,2020-08-10,1,46
Tremelo,24109,2020-08-11,0,46
Tremelo,24109,2020-08-12,0,46
Tremelo,24109,2020-08-13,0,46
Tremelo,24109,2020-08-14,0,46
Tremelo,24109,2020-08-15,0,46
Tremelo,24109,2020-08-16,1,47
Tremelo,24109,2020-08-17,0,47
Tremelo,24109,2020-08-18,0,47
Tremelo,24109,2020-08-19,0,47
Tremelo,24109,2020-08-20,0,47
Tremelo,24109,2020-08-21,0,47
Tremelo,24109,2020-08-22,2,49
Tremelo,24109,2020-08-23,0,49
Tremelo,24109,2020-08-24,0,49
Tremelo,24109,2020-08-25,0,49
Tremelo,24109,2020-08-26,0,49
Tremelo,24109,2020-08-27,1,50
Tremelo,24109,2020-08-28,0,50
Tremelo,24109,2020-08-29,0,50
Tremelo,24109,2020-08-30,0,50
Tremelo,24109,2020-08-31,0,50
Tremelo,24109,2020-09-01,0,50
Tremelo,24109,2020-09-02,0,50
Tremelo,24109,2020-09-03,0,50
Tremelo,24109,2020-09-04,0,50
Tremelo,24109,2020-09-05,0,50
Tremelo,24109,2020-09-06,0,50
Tremelo,24109,2020-09-07,0,50
Tremelo,24109,2020-09-08,0,50
Tremelo,24109,2020-09-09,1,51
Tremelo,24109,2020-09-10,0,51
Tremelo,24109,2020-09-11,1,52
Tremelo,24109,2020-09-12,2,54
Tremelo,24109,2020-09-13,0,54
Tremelo,24109,2020-09-14,0,54
Tremelo,24109,2020-09-15,0,54
Tremelo,24109,2020-09-16,0,54
Tremelo,24109,2020-09-17,1,55
Tremelo,24109,2020-09-18,0,55
Tremelo,24109,2020-09-19,2,57
Tremelo,24109,2020-09-20,1,58
Tremelo,24109,2020-09-21,2,60
Tremelo,24109,2020-09-22,0,60
Tremelo,24109,2020-09-23,3,63
Tremelo,24109,2020-09-24,3,66
Tremelo,24109,2020-09-25,2,68
Tremelo,24109,2020-09-26,1,69
Tremelo,24109,2020-09-27,0,69
Tremelo,24109,2020-09-28,0,69
Tremelo,24109,2020-09-29,0,69
Tremelo,24109,2020-09-30,1,70
Tremelo,24109,2020-10-01,2,72
Tremelo,24109,2020-10-02,0,72
Tremelo,24109,2020-10-03,0,72
Tremelo,24109,2020-10-04,0,72
Tremelo,24109,2020-10-05,0,72
Tremelo,24109,2020-10-06,0,72
Tremelo,24109,2020-10-07,1,73
Tremelo,24109,2020-10-08,2,75
Tremelo,24109,2020-10-09,3,78
Tremelo,24109,2020-10-10,5,83
Tremelo,24109,2020-10-11,3,86
Tremelo,24109,2020-10-12,0,86
Tremelo,24109,2020-10-13,2,88
Tremelo,24109,2020-10-14,4,92
Tremelo,24109,2020-10-15,13,105
Tremelo,24109,2020-10-16,9,114
Tremelo,24109,2020-10-17,6,120
Tremelo,24109,2020-10-18,7,127
Tremelo,24109,2020-10-19,8,135
Tremelo,24109,2020-10-20,8,143
Tremelo,24109,2020-10-21,27,170
Tremelo,24109,2020-10-22,11,181
Tremelo,24109,2020-10-23,17,198
Tremelo,24109,2020-10-24,6,204
Tremelo,24109,2020-10-25,16,220
Tremelo,24109,2020-10-26,10,230
Tremelo,24109,2020-10-27,8,238
Tremelo,24109,2020-10-28,13,251
Tremelo,24109,2020-10-29,15,266
Tremelo,24109,2020-10-30,18,284
Tremelo,24109,2020-10-31,16,300
Tremelo,24109,2020-11-01,6,306
Tremelo,24109,2020-11-02,11,317
Tremelo,24109,2020-11-03,3,320
Tremelo,24109,2020-11-04,1,321
Tremelo,24109,2020-11-05,10,331
Tremelo,24109,2020-11-06,5,336
Tremelo,24109,2020-11-07,3,339
Tremelo,24109,2020-11-08,2,341
Tremelo,24109,2020-11-09,7,348
Tremelo,24109,2020-11-10,3,351
Tremelo,24109,2020-11-11,0,351
Zoutleeuw,24130,2020-04-01,1,20
Zoutleeuw,24130,2020-04-02,2,22
Zoutleeuw,24130,2020-04-03,1,23
Zoutleeuw,24130,2020-04-04,5,28
Zoutleeuw,24130,2020-04-05,5,33
Zoutleeuw,24130,2020-04-06,3,36
Zoutleeuw,24130,2020-04-07,3,39
Zoutleeuw,24130,2020-04-08,1,40
Zoutleeuw,24130,2020-04-09,1,41
Zoutleeuw,24130,2020-04-10,3,44
Zoutleeuw,24130,2020-04-11,1,45
Zoutleeuw,24130,2020-04-12,2,47
Zoutleeuw,24130,2020-04-13,4,51
Zoutleeuw,24130,2020-04-14,2,53
Zoutleeuw,24130,2020-04-15,2,55
Zoutleeuw,24130,2020-04-16,2,57
Zoutleeuw,24130,2020-04-17,2,59
Zoutleeuw,24130,2020-04-18,1,60
Zoutleeuw,24130,2020-04-19,0,60
Zoutleeuw,24130,2020-04-20,1,61
Zoutleeuw,24130,2020-04-21,0,61
Zoutleeuw,24130,2020-04-22,0,61
Zoutleeuw,24130,2020-04-23,0,61
Zoutleeuw,24130,2020-04-24,0,61
Zoutleeuw,24130,2020-04-25,2,63
Zoutleeuw,24130,2020-04-26,0,63
Zoutleeuw,24130,2020-04-27,0,63
Zoutleeuw,24130,2020-04-28,0,63
Zoutleeuw,24130,2020-04-29,2,65
Zoutleeuw,24130,2020-04-30,1,66
Zoutleeuw,24130,2020-05-01,0,66
Zoutleeuw,24130,2020-05-02,2,68
Zoutleeuw,24130,2020-05-03,0,68
Zoutleeuw,24130,2020-05-04,0,68
Zoutleeuw,24130,2020-05-05,2,70
Zoutleeuw,24130,2020-05-06,0,70
Zoutleeuw,24130,2020-05-07,0,70
Zoutleeuw,24130,2020-05-08,0,70
Zoutleeuw,24130,2020-05-09,0,70
Zoutleeuw,24130,2020-05-10,0,70
Zoutleeuw,24130,2020-05-11,0,70
Zoutleeuw,24130,2020-05-12,0,70
Zoutleeuw,24130,2020-05-13,0,70
Zoutleeuw,24130,2020-05-14,0,70
Zoutleeuw,24130,2020-05-15,0,70
Zoutleeuw,24130,2020-05-16,0,70
Zoutleeuw,24130,2020-05-17,0,70
Zoutleeuw,24130,2020-05-18,0,70
Zoutleeuw,24130,2020-05-19,0,70
Zoutleeuw,24130,2020-05-20,0,70
Zoutleeuw,24130,2020-05-21,0,70
Zoutleeuw,24130,2020-05-22,0,70
Zoutleeuw,24130,2020-05-23,2,72
Zoutleeuw,24130,2020-05-24,0,72
Zoutleeuw,24130,2020-05-25,0,72
Zoutleeuw,24130,2020-05-26,-2,70
Zoutleeuw,24130,2020-05-27,0,70
Zoutleeuw,24130,2020-05-28,0,70
Zoutleeuw,24130,2020-05-29,1,71
Zoutleeuw,24130,2020-05-30,0,71
Zoutleeuw,24130,2020-05-31,1,72
Zoutleeuw,24130,2020-06-01,1,73
Zoutleeuw,24130,2020-06-02,3,76
Zoutleeuw,24130,2020-06-03,0,76
Zoutleeuw,24130,2020-06-04,0,76
Zoutleeuw,24130,2020-06-05,0,76
Zoutleeuw,24130,2020-06-06,1,77
Zoutleeuw,24130,2020-06-07,3,80
Zoutleeuw,24130,2020-06-08,0,80
Zoutleeuw,24130,2020-06-09,0,80
Zoutleeuw,24130,2020-06-10,1,81
Zoutleeuw,24130,2020-06-11,1,82
Zoutleeuw,24130,2020-06-12,2,84
Zoutleeuw,24130,2020-06-13,0,84
Zoutleeuw,24130,2020-06-14,0,84
Zoutleeuw,24130,2020-06-15,1,85
Zoutleeuw,24130,2020-06-16,0,85
Zoutleeuw,24130,2020-06-17,0,85
Zoutleeuw,24130,2020-06-18,0,85
Zoutleeuw,24130,2020-06-19,0,85
Zoutleeuw,24130,2020-06-20,1,86
Zoutleeuw,24130,2020-06-23,0,86
Zoutleeuw,24130,2020-06-24,0,86
Zoutleeuw,24130,2020-06-25,0,86
Zoutleeuw,24130,2020-06-26,0,86
Zoutleeuw,24130,2020-06-27,1,87
Zoutleeuw,24130,2020-06-30,0,87
Zoutleeuw,24130,2020-07-01,0,87
Zoutleeuw,24130,2020-07-02,0,87
Zoutleeuw,24130,2020-07-03,0,87
Zoutleeuw,24130,2020-07-04,0,87
Zoutleeuw,24130,2020-07-07,0,87
Zoutleeuw,24130,2020-07-08,0,87
Zoutleeuw,24130,2020-07-09,0,87
Zoutleeuw,24130,2020-07-10,0,87
Zoutleeuw,24130,2020-07-11,0,87
Zoutleeuw,24130,2020-07-14,0,87
Zoutleeuw,24130,2020-07-15,0,87
Zoutleeuw,24130,2020-07-16,0,87
Zoutleeuw,24130,2020-07-17,0,87
Zoutleeuw,24130,2020-07-18,0,87
Zoutleeuw,24130,2020-07-20,0,87
Zoutleeuw,24130,2020-07-21,0,87
Zoutleeuw,24130,2020-07-22,0,87
Zoutleeuw,24130,2020-07-23,0,87
Zoutleeuw,24130,2020-07-24,0,87
Zoutleeuw,24130,2020-07-25,0,87
Zoutleeuw,24130,2020-07-26,0,87
Zoutleeuw,24130,2020-07-27,0,87
Zoutleeuw,24130,2020-07-28,1,88
Zoutleeuw,24130,2020-07-29,0,88
Zoutleeuw,24130,2020-07-30,0,88
Zoutleeuw,24130,2020-07-31,0,88
Zoutleeuw,24130,2020-08-01,0,88
Zoutleeuw,24130,2020-08-02,0,88
Zoutleeuw,24130,2020-08-03,0,88
Zoutleeuw,24130,2020-08-04,0,88
Zoutleeuw,24130,2020-08-05,0,88
Zoutleeuw,24130,2020-08-06,0,88
Zoutleeuw,24130,2020-08-07,0,88
Zoutleeuw,24130,2020-08-08,0,88
Zoutleeuw,24130,2020-08-09,0,88
Zoutleeuw,24130,2020-08-10,0,88
Zoutleeuw,24130,2020-08-11,0,88
Zoutleeuw,24130,2020-08-12,0,88
Zoutleeuw,24130,2020-08-13,1,89
Zoutleeuw,24130,2020-08-14,1,90
Zoutleeuw,24130,2020-08-15,0,90
Zoutleeuw,24130,2020-08-16,0,90
Zoutleeuw,24130,2020-08-17,0,90
Zoutleeuw,24130,2020-08-18,0,90
Zoutleeuw,24130,2020-08-19,0,90
Zoutleeuw,24130,2020-08-20,0,90
Zoutleeuw,24130,2020-08-21,0,90
Zoutleeuw,24130,2020-08-22,1,91
Zoutleeuw,24130,2020-08-23,0,91
Zoutleeuw,24130,2020-08-24,0,91
Zoutleeuw,24130,2020-08-25,0,91
Zoutleeuw,24130,2020-08-26,0,91
Zoutleeuw,24130,2020-08-27,0,91
Zoutleeuw,24130,2020-08-28,0,91
Zoutleeuw,24130,2020-08-29,0,91
Zoutleeuw,24130,2020-08-30,0,91
Zoutleeuw,24130,2020-08-31,0,91
Zoutleeuw,24130,2020-09-01,0,91
Zoutleeuw,24130,2020-09-02,0,91
Zoutleeuw,24130,2020-09-03,0,91
Zoutleeuw,24130,2020-09-04,1,92
Zoutleeuw,24130,2020-09-05,1,93
Zoutleeuw,24130,2020-09-06,0,93
Zoutleeuw,24130,2020-09-07,0,93
Zoutleeuw,24130,2020-09-08,0,93
Zoutleeuw,24130,2020-09-09,0,93
Zoutleeuw,24130,2020-09-10,0,93
Zoutleeuw,24130,2020-09-11,0,93
Zoutleeuw,24130,2020-09-12,0,93
Zoutleeuw,24130,2020-09-13,0,93
Zoutleeuw,24130,2020-09-14,0,93
Zoutleeuw,24130,2020-09-15,0,93
Zoutleeuw,24130,2020-09-16,0,93
Zoutleeuw,24130,2020-09-17,0,93
Zoutleeuw,24130,2020-09-18,1,94
Zoutleeuw,24130,2020-09-19,0,94
Zoutleeuw,24130,2020-09-20,0,94
Zoutleeuw,24130,2020-09-21,1,95
Zoutleeuw,24130,2020-09-22,0,95
Zoutleeuw,24130,2020-09-23,0,95
Zoutleeuw,24130,2020-09-24,0,95
Zoutleeuw,24130,2020-09-25,0,95
Zoutleeuw,24130,2020-09-26,0,95
Zoutleeuw,24130,2020-09-27,0,95
Zoutleeuw,24130,2020-09-28,1,96
Zoutleeuw,24130,2020-09-29,0,96
Zoutleeuw,24130,2020-09-30,0,96
Zoutleeuw,24130,2020-10-01,0,96
Zoutleeuw,24130,2020-10-02,0,96
Zoutleeuw,24130,2020-10-03,0,96
Zoutleeuw,24130,2020-10-04,0,96
Zoutleeuw,24130,2020-10-05,0,96
Zoutleeuw,24130,2020-10-06,0,96
Zoutleeuw,24130,2020-10-07,0,96
Zoutleeuw,24130,2020-10-08,1,97
Zoutleeuw,24130,2020-10-09,0,97
Zoutleeuw,24130,2020-10-10,3,100
Zoutleeuw,24130,2020-10-11,1,101
Zoutleeuw,24130,2020-10-12,0,101
Zoutleeuw,24130,2020-10-13,1,102
Zoutleeuw,24130,2020-10-14,0,102
Zoutleeuw,24130,2020-10-15,0,102
Zoutleeuw,24130,2020-10-16,1,103
Zoutleeuw,24130,2020-10-17,0,103
Zoutleeuw,24130,2020-10-18,1,104
Zoutleeuw,24130,2020-10-19,1,105
Zoutleeuw,24130,2020-10-20,1,106
Zoutleeuw,24130,2020-10-21,0,106
Zoutleeuw,24130,2020-10-22,4,110
Zoutleeuw,24130,2020-10-23,3,113
Zoutleeuw,24130,2020-10-24,5,118
Zoutleeuw,24130,2020-10-25,3,121
Zoutleeuw,24130,2020-10-26,1,122
Zoutleeuw,24130,2020-10-27,5,127
Zoutleeuw,24130,2020-10-28,2,129
Zoutleeuw,24130,2020-10-29,5,134
Zoutleeuw,24130,2020-10-30,5,139
Zoutleeuw,24130,2020-10-31,3,142
Zoutleeuw,24130,2020-11-01,4,146
Zoutleeuw,24130,2020-11-02,1,147
Zoutleeuw,24130,2020-11-03,2,149
Zoutleeuw,24130,2020-11-04,0,149
Zoutleeuw,24130,2020-11-05,1,150
Zoutleeuw,24130,2020-11-06,2,152
Zoutleeuw,24130,2020-11-07,1,153
Zoutleeuw,24130,2020-11-08,4,157
Zoutleeuw,24130,2020-11-09,0,157
Zoutleeuw,24130,2020-11-10,0,157
Zoutleeuw,24130,2020-11-11,0,157
Linter,24133,2020-04-01,0,8
Linter,24133,2020-04-02,2,10
Linter,24133,2020-04-03,1,11
Linter,24133,2020-04-04,0,11
Linter,24133,2020-04-05,3,14
Linter,24133,2020-04-06,0,14
Linter,24133,2020-04-07,0,14
Linter,24133,2020-04-08,0,14
Linter,24133,2020-04-09,3,17
Linter,24133,2020-04-10,1,18
Linter,24133,2020-04-11,1,19
Linter,24133,2020-04-12,3,22
Linter,24133,2020-04-13,0,22
Linter,24133,2020-04-14,0,22
Linter,24133,2020-04-15,1,23
Linter,24133,2020-04-16,1,24
Linter,24133,2020-04-17,1,25
Linter,24133,2020-04-18,0,25
Linter,24133,2020-04-19,0,25
Linter,24133,2020-04-20,1,26
Linter,24133,2020-04-21,0,26
Linter,24133,2020-04-22,0,26
Linter,24133,2020-04-23,0,26
Linter,24133,2020-04-24,0,26
Linter,24133,2020-04-25,0,26
Linter,24133,2020-04-26,0,26
Linter,24133,2020-04-27,0,26
Linter,24133,2020-04-28,0,26
Linter,24133,2020-04-29,0,26
Linter,24133,2020-04-30,0,26
Linter,24133,2020-05-01,0,26
Linter,24133,2020-05-02,1,27
Linter,24133,2020-05-03,0,27
Linter,24133,2020-05-04,0,27
Linter,24133,2020-05-05,0,27
Linter,24133,2020-05-06,0,27
Linter,24133,2020-05-07,1,28
Linter,24133,2020-05-08,1,29
Linter,24133,2020-05-09,0,29
Linter,24133,2020-05-10,0,29
Linter,24133,2020-05-11,0,29
Linter,24133,2020-05-12,0,29
Linter,24133,2020-05-13,-1,28
Linter,24133,2020-05-14,0,28
Linter,24133,2020-05-15,0,28
Linter,24133,2020-05-16,1,29
Linter,24133,2020-05-17,1,30
Linter,24133,2020-05-18,0,30
Linter,24133,2020-05-19,2,32
Linter,24133,2020-05-20,0,32
Linter,24133,2020-05-21,0,32
Linter,24133,2020-05-22,0,32
Linter,24133,2020-05-23,0,32
Linter,24133,2020-05-24,0,32
Linter,24133,2020-05-25,0,32
Linter,24133,2020-05-26,0,32
Linter,24133,2020-05-27,0,32
Linter,24133,2020-05-28,1,33
Linter,24133,2020-05-29,0,33
Linter,24133,2020-05-30,0,33
Linter,24133,2020-05-31,0,33
Linter,24133,2020-06-01,0,33
Linter,24133,2020-06-02,1,34
Linter,24133,2020-06-03,0,34
Linter,24133,2020-06-04,0,34
Linter,24133,2020-06-05,0,34
Linter,24133,2020-06-06,0,34
Linter,24133,2020-06-07,0,34
Linter,24133,2020-06-08,0,34
Linter,24133,2020-06-09,0,34
Linter,24133,2020-06-10,0,34
Linter,24133,2020-06-11,0,34
Linter,24133,2020-06-12,0,34
Linter,24133,2020-06-13,0,34
Linter,24133,2020-06-14,0,34
Linter,24133,2020-06-15,0,34
Linter,24133,2020-06-16,0,34
Linter,24133,2020-06-17,0,34
Linter,24133,2020-06-18,0,34
Linter,24133,2020-06-19,0,34
Linter,24133,2020-06-20,0,34
Linter,24133,2020-06-23,0,34
Linter,24133,2020-06-24,0,34
Linter,24133,2020-06-25,1,35
Linter,24133,2020-06-26,0,35
Linter,24133,2020-06-27,0,35
Linter,24133,2020-06-30,0,35
Linter,24133,2020-07-01,0,35
Linter,24133,2020-07-02,0,35
Linter,24133,2020-07-03,0,35
Linter,24133,2020-07-04,0,35
Linter,24133,2020-07-07,0,35
Linter,24133,2020-07-08,0,35
Linter,24133,2020-07-09,0,35
Linter,24133,2020-07-10,0,35
Linter,24133,2020-07-11,0,35
Linter,24133,2020-07-14,0,35
Linter,24133,2020-07-15,0,35
Linter,24133,2020-07-16,0,35
Linter,24133,2020-07-17,0,35
Linter,24133,2020-07-18,0,35
Linter,24133,2020-07-20,0,35
Linter,24133,2020-07-21,0,35
Linter,24133,2020-07-22,0,35
Linter,24133,2020-07-23,0,35
Linter,24133,2020-07-24,0,35
Linter,24133,2020-07-25,0,35
Linter,24133,2020-07-26,0,35
Linter,24133,2020-07-27,0,35
Linter,24133,2020-07-28,0,35
Linter,24133,2020-07-29,0,35
Linter,24133,2020-07-30,0,35
Linter,24133,2020-07-31,0,35
Linter,24133,2020-08-01,0,35
Linter,24133,2020-08-02,0,35
Linter,24133,2020-08-03,0,35
Linter,24133,2020-08-04,0,35
Linter,24133,2020-08-05,0,35
Linter,24133,2020-08-06,0,35
Linter,24133,2020-08-07,0,35
Linter,24133,2020-08-08,0,35
Linter,24133,2020-08-09,0,35
Linter,24133,2020-08-10,0,35
Linter,24133,2020-08-11,0,35
Linter,24133,2020-08-12,0,35
Linter,24133,2020-08-13,0,35
Linter,24133,2020-08-14,0,35
Linter,24133,2020-08-15,1,36
Linter,24133,2020-08-16,0,36
Linter,24133,2020-08-17,0,36
Linter,24133,2020-08-18,0,36
Linter,24133,2020-08-19,0,36
Linter,24133,2020-08-20,0,36
Linter,24133,2020-08-21,0,36
Linter,24133,2020-08-22,0,36
Linter,24133,2020-08-23,0,36
Linter,24133,2020-08-24,2,38
Linter,24133,2020-08-25,0,38
Linter,24133,2020-08-26,0,38
Linter,24133,2020-08-27,0,38
Linter,24133,2020-08-28,0,38
Linter,24133,2020-08-29,0,38
Linter,24133,2020-08-30,2,40
Linter,24133,2020-08-31,1,41
Linter,24133,2020-09-01,1,42
Linter,24133,2020-09-02,0,42
Linter,24133,2020-09-03,0,42
Linter,24133,2020-09-04,0,42
Linter,24133,2020-09-05,0,42
Linter,24133,2020-09-06,1,43
Linter,24133,2020-09-07,0,43
Linter,24133,2020-09-08,0,43
Linter,24133,2020-09-09,0,43
Linter,24133,2020-09-10,0,43
Linter,24133,2020-09-11,0,43
Linter,24133,2020-09-12,0,43
Linter,24133,2020-09-13,0,43
Linter,24133,2020-09-14,1,44
Linter,24133,2020-09-15,0,44
Linter,24133,2020-09-16,0,44
Linter,24133,2020-09-17,0,44
Linter,24133,2020-09-18,0,44
Linter,24133,2020-09-19,0,44
Linter,24133,2020-09-20,0,44
Linter,24133,2020-09-21,0,44
Linter,24133,2020-09-22,0,44
Linter,24133,2020-09-23,0,44
Linter,24133,2020-09-24,0,44
Linter,24133,2020-09-25,0,44
Linter,24133,2020-09-26,0,44
Linter,24133,2020-09-27,0,44
Linter,24133,2020-09-28,0,44
Linter,24133,2020-09-29,0,44
Linter,24133,2020-09-30,0,44
Linter,24133,2020-10-01,0,44
Linter,24133,2020-10-02,0,44
Linter,24133,2020-10-03,0,44
Linter,24133,2020-10-04,0,44
Linter,24133,2020-10-05,0,44
Linter,24133,2020-10-06,0,44
Linter,24133,2020-10-07,0,44
Linter,24133,2020-10-08,2,46
Linter,24133,2020-10-09,0,46
Linter,24133,2020-10-10,3,49
Linter,24133,2020-10-11,1,50
Linter,24133,2020-10-12,1,51
Linter,24133,2020-10-13,0,51
Linter,24133,2020-10-14,1,52
Linter,24133,2020-10-15,1,53
Linter,24133,2020-10-16,1,54
Linter,24133,2020-10-17,4,58
Linter,24133,2020-10-18,3,61
Linter,24133,2020-10-19,4,65
Linter,24133,2020-10-20,1,66
Linter,24133,2020-10-21,2,68
Linter,24133,2020-10-22,0,68
Linter,24133,2020-10-23,2,70
Linter,24133,2020-10-24,3,73
Linter,24133,2020-10-25,9,82
Linter,24133,2020-10-26,2,84
Linter,24133,2020-10-27,0,84
Linter,24133,2020-10-28,1,85
Linter,24133,2020-10-29,5,90
Linter,24133,2020-10-30,1,91
Linter,24133,2020-10-31,6,97
Linter,24133,2020-11-01,13,110
Linter,24133,2020-11-02,0,110
Linter,24133,2020-11-03,0,110
Linter,24133,2020-11-04,0,110
Linter,24133,2020-11-05,1,111
Linter,24133,2020-11-06,1,112
Linter,24133,2020-11-07,1,113
Linter,24133,2020-11-08,1,114
Linter,24133,2020-11-09,1,115
Linter,24133,2020-11-10,1,116
Linter,24133,2020-11-11,1,117
Scherpenheuvel-Zichem,24134,2020-04-01,4,28
Scherpenheuvel-Zichem,24134,2020-04-02,2,30
Scherpenheuvel-Zichem,24134,2020-04-03,4,34
Scherpenheuvel-Zichem,24134,2020-04-04,4,38
Scherpenheuvel-Zichem,24134,2020-04-05,12,50
Scherpenheuvel-Zichem,24134,2020-04-06,2,52
Scherpenheuvel-Zichem,24134,2020-04-07,3,55
Scherpenheuvel-Zichem,24134,2020-04-08,2,57
Scherpenheuvel-Zichem,24134,2020-04-09,1,58
Scherpenheuvel-Zichem,24134,2020-04-10,2,60
Scherpenheuvel-Zichem,24134,2020-04-11,1,61
Scherpenheuvel-Zichem,24134,2020-04-12,5,66
Scherpenheuvel-Zichem,24134,2020-04-13,2,68
Scherpenheuvel-Zichem,24134,2020-04-14,2,70
Scherpenheuvel-Zichem,24134,2020-04-15,6,76
Scherpenheuvel-Zichem,24134,2020-04-16,1,77
Scherpenheuvel-Zichem,24134,2020-04-17,1,78
Scherpenheuvel-Zichem,24134,2020-04-18,1,79
Scherpenheuvel-Zichem,24134,2020-04-19,1,80
Scherpenheuvel-Zichem,24134,2020-04-20,1,81
Scherpenheuvel-Zichem,24134,2020-04-21,1,82
Scherpenheuvel-Zichem,24134,2020-04-22,1,83
Scherpenheuvel-Zichem,24134,2020-04-23,4,87
Scherpenheuvel-Zichem,24134,2020-04-24,1,88
Scherpenheuvel-Zichem,24134,2020-04-25,2,90
Scherpenheuvel-Zichem,24134,2020-04-26,2,92
Scherpenheuvel-Zichem,24134,2020-04-27,0,92
Scherpenheuvel-Zichem,24134,2020-04-28,0,92
Scherpenheuvel-Zichem,24134,2020-04-29,0,92
Scherpenheuvel-Zichem,24134,2020-04-30,2,94
Scherpenheuvel-Zichem,24134,2020-05-01,2,96
Scherpenheuvel-Zichem,24134,2020-05-02,1,97
Scherpenheuvel-Zichem,24134,2020-05-03,0,97
Scherpenheuvel-Zichem,24134,2020-05-04,0,97
Scherpenheuvel-Zichem,24134,2020-05-05,1,98
Scherpenheuvel-Zichem,24134,2020-05-06,0,98
Scherpenheuvel-Zichem,24134,2020-05-07,0,98
Scherpenheuvel-Zichem,24134,2020-05-08,1,99
Scherpenheuvel-Zichem,24134,2020-05-09,0,99
Scherpenheuvel-Zichem,24134,2020-05-10,0,99
Scherpenheuvel-Zichem,24134,2020-05-11,0,99
Scherpenheuvel-Zichem,24134,2020-05-12,0,99
Scherpenheuvel-Zichem,24134,2020-05-13,1,100
Scherpenheuvel-Zichem,24134,2020-05-14,0,100
Scherpenheuvel-Zichem,24134,2020-05-15,0,100
Scherpenheuvel-Zichem,24134,2020-05-16,0,100
Scherpenheuvel-Zichem,24134,2020-05-17,0,100
Scherpenheuvel-Zichem,24134,2020-05-18,0,100
Scherpenheuvel-Zichem,24134,2020-05-19,0,100
Scherpenheuvel-Zichem,24134,2020-05-20,0,100
Scherpenheuvel-Zichem,24134,2020-05-21,0,100
Scherpenheuvel-Zichem,24134,2020-05-22,0,100
Scherpenheuvel-Zichem,24134,2020-05-23,1,101
Scherpenheuvel-Zichem,24134,2020-05-24,0,101
Scherpenheuvel-Zichem,24134,2020-05-25,0,101
Scherpenheuvel-Zichem,24134,2020-05-26,0,101
Scherpenheuvel-Zichem,24134,2020-05-27,0,101
Scherpenheuvel-Zichem,24134,2020-05-28,0,101
Scherpenheuvel-Zichem,24134,2020-05-29,0,101
Scherpenheuvel-Zichem,24134,2020-05-30,1,102
Scherpenheuvel-Zichem,24134,2020-05-31,0,102
Scherpenheuvel-Zichem,24134,2020-06-01,0,102
Scherpenheuvel-Zichem,24134,2020-06-02,0,102
Scherpenheuvel-Zichem,24134,2020-06-03,0,102
Scherpenheuvel-Zichem,24134,2020-06-04,0,102
Scherpenheuvel-Zichem,24134,2020-06-05,0,102
Scherpenheuvel-Zichem,24134,2020-06-06,0,102
Scherpenheuvel-Zichem,24134,2020-06-07,1,103
Scherpenheuvel-Zichem,24134,2020-06-08,0,103
Scherpenheuvel-Zichem,24134,2020-06-09,0,103
Scherpenheuvel-Zichem,24134,2020-06-10,0,103
Scherpenheuvel-Zichem,24134,2020-06-11,0,103
Scherpenheuvel-Zichem,24134,2020-06-12,0,103
Scherpenheuvel-Zichem,24134,2020-06-13,0,103
Scherpenheuvel-Zichem,24134,2020-06-14,0,103
Scherpenheuvel-Zichem,24134,2020-06-15,0,103
Scherpenheuvel-Zichem,24134,2020-06-16,0,103
Scherpenheuvel-Zichem,24134,2020-06-17,0,103
Scherpenheuvel-Zichem,24134,2020-06-18,0,103
Scherpenheuvel-Zichem,24134,2020-06-19,0,103
Scherpenheuvel-Zichem,24134,2020-06-20,0,103
Scherpenheuvel-Zichem,24134,2020-06-23,0,103
Scherpenheuvel-Zichem,24134,2020-06-24,0,103
Scherpenheuvel-Zichem,24134,2020-06-25,0,103
Scherpenheuvel-Zichem,24134,2020-06-26,0,103
Scherpenheuvel-Zichem,24134,2020-06-27,1,104
Scherpenheuvel-Zichem,24134,2020-06-30,0,104
Scherpenheuvel-Zichem,24134,2020-07-01,0,104
Scherpenheuvel-Zichem,24134,2020-07-02,0,104
Scherpenheuvel-Zichem,24134,2020-07-03,0,104
Scherpenheuvel-Zichem,24134,2020-07-04,2,106
Scherpenheuvel-Zichem,24134,2020-07-07,5,111
Scherpenheuvel-Zichem,24134,2020-07-08,0,111
Scherpenheuvel-Zichem,24134,2020-07-09,0,111
Scherpenheuvel-Zichem,24134,2020-07-10,0,111
Scherpenheuvel-Zichem,24134,2020-07-11,0,111
Scherpenheuvel-Zichem,24134,2020-07-14,1,112
Scherpenheuvel-Zichem,24134,2020-07-15,0,112
Scherpenheuvel-Zichem,24134,2020-07-16,0,112
Scherpenheuvel-Zichem,24134,2020-07-17,0,112
Scherpenheuvel-Zichem,24134,2020-07-18,0,112
Scherpenheuvel-Zichem,24134,2020-07-20,0,112
Scherpenheuvel-Zichem,24134,2020-07-21,0,112
Scherpenheuvel-Zichem,24134,2020-07-22,0,112
Scherpenheuvel-Zichem,24134,2020-07-23,0,112
Scherpenheuvel-Zichem,24134,2020-07-24,1,113
Scherpenheuvel-Zichem,24134,2020-07-25,0,113
Scherpenheuvel-Zichem,24134,2020-07-26,0,113
Scherpenheuvel-Zichem,24134,2020-07-27,1,114
Scherpenheuvel-Zichem,24134,2020-07-28,0,114
Scherpenheuvel-Zichem,24134,2020-07-29,0,114
Scherpenheuvel-Zichem,24134,2020-07-30,0,114
Scherpenheuvel-Zichem,24134,2020-07-31,0,114
Scherpenheuvel-Zichem,24134,2020-08-01,0,114
Scherpenheuvel-Zichem,24134,2020-08-02,0,114
Scherpenheuvel-Zichem,24134,2020-08-03,0,114
Scherpenheuvel-Zichem,24134,2020-08-04,0,114
Scherpenheuvel-Zichem,24134,2020-08-05,0,114
Scherpenheuvel-Zichem,24134,2020-08-06,0,114
Scherpenheuvel-Zichem,24134,2020-08-07,1,115
Scherpenheuvel-Zichem,24134,2020-08-08,0,115
Scherpenheuvel-Zichem,24134,2020-08-09,0,115
Scherpenheuvel-Zichem,24134,2020-08-10,0,115
Scherpenheuvel-Zichem,24134,2020-08-11,0,115
Scherpenheuvel-Zichem,24134,2020-08-12,0,115
Scherpenheuvel-Zichem,24134,2020-08-13,6,121
Scherpenheuvel-Zichem,24134,2020-08-14,0,121
Scherpenheuvel-Zichem,24134,2020-08-15,0,121
Scherpenheuvel-Zichem,24134,2020-08-16,0,121
Scherpenheuvel-Zichem,24134,2020-08-17,0,121
Scherpenheuvel-Zichem,24134,2020-08-18,1,122
Scherpenheuvel-Zichem,24134,2020-08-19,0,122
Scherpenheuvel-Zichem,24134,2020-08-20,0,122
Scherpenheuvel-Zichem,24134,2020-08-21,0,122
Scherpenheuvel-Zichem,24134,2020-08-22,0,122
Scherpenheuvel-Zichem,24134,2020-08-23,0,122
Scherpenheuvel-Zichem,24134,2020-08-24,0,122
Scherpenheuvel-Zichem,24134,2020-08-25,0,122
Scherpenheuvel-Zichem,24134,2020-08-26,0,122
Scherpenheuvel-Zichem,24134,2020-08-27,0,122
Scherpenheuvel-Zichem,24134,2020-08-28,0,122
Scherpenheuvel-Zichem,24134,2020-08-29,0,122
Scherpenheuvel-Zichem,24134,2020-08-30,0,122
Scherpenheuvel-Zichem,24134,2020-08-31,0,122
Scherpenheuvel-Zichem,24134,2020-09-01,0,122
Scherpenheuvel-Zichem,24134,2020-09-02,0,122
Scherpenheuvel-Zichem,24134,2020-09-03,1,123
Scherpenheuvel-Zichem,24134,2020-09-04,0,123
Scherpenheuvel-Zichem,24134,2020-09-05,0,123
Scherpenheuvel-Zichem,24134,2020-09-06,0,123
Scherpenheuvel-Zichem,24134,2020-09-07,1,124
Scherpenheuvel-Zichem,24134,2020-09-08,0,124
Scherpenheuvel-Zichem,24134,2020-09-09,0,124
Scherpenheuvel-Zichem,24134,2020-09-10,0,124
Scherpenheuvel-Zichem,24134,2020-09-11,0,124
Scherpenheuvel-Zichem,24134,2020-09-12,0,124
Scherpenheuvel-Zichem,24134,2020-09-13,0,124
Scherpenheuvel-Zichem,24134,2020-09-14,0,124
Scherpenheuvel-Zichem,24134,2020-09-15,0,124
Scherpenheuvel-Zichem,24134,2020-09-16,0,124
Scherpenheuvel-Zichem,24134,2020-09-17,1,125
Scherpenheuvel-Zichem,24134,2020-09-18,1,126
Scherpenheuvel-Zichem,24134,2020-09-19,0,126
Scherpenheuvel-Zichem,24134,2020-09-20,0,126
Scherpenheuvel-Zichem,24134,2020-09-21,0,126
Scherpenheuvel-Zichem,24134,2020-09-22,0,126
Scherpenheuvel-Zichem,24134,2020-09-23,1,127
Scherpenheuvel-Zichem,24134,2020-09-24,0,127
Scherpenheuvel-Zichem,24134,2020-09-25,0,127
Scherpenheuvel-Zichem,24134,2020-09-26,3,130
Scherpenheuvel-Zichem,24134,2020-09-27,0,130
Scherpenheuvel-Zichem,24134,2020-09-28,1,131
Scherpenheuvel-Zichem,24134,2020-09-29,1,132
Scherpenheuvel-Zichem,24134,2020-09-30,0,132
Scherpenheuvel-Zichem,24134,2020-10-01,0,132
Scherpenheuvel-Zichem,24134,2020-10-02,2,134
Scherpenheuvel-Zichem,24134,2020-10-03,2,136
Scherpenheuvel-Zichem,24134,2020-10-04,2,138
Scherpenheuvel-Zichem,24134,2020-10-05,1,139
Scherpenheuvel-Zichem,24134,2020-10-06,1,140
Scherpenheuvel-Zichem,24134,2020-10-07,0,140
Scherpenheuvel-Zichem,24134,2020-10-08,1,141
Scherpenheuvel-Zichem,24134,2020-10-09,3,144
Scherpenheuvel-Zichem,24134,2020-10-10,2,146
Scherpenheuvel-Zichem,24134,2020-10-11,2,148
Scherpenheuvel-Zichem,24134,2020-10-12,3,151
Scherpenheuvel-Zichem,24134,2020-10-13,0,151
Scherpenheuvel-Zichem,24134,2020-10-14,2,153
Scherpenheuvel-Zichem,24134,2020-10-15,8,161
Scherpenheuvel-Zichem,24134,2020-10-16,4,165
Scherpenheuvel-Zichem,24134,2020-10-17,13,178
Scherpenheuvel-Zichem,24134,2020-10-18,8,186
Scherpenheuvel-Zichem,24134,2020-10-19,4,190
Scherpenheuvel-Zichem,24134,2020-10-20,6,196
Scherpenheuvel-Zichem,24134,2020-10-21,8,204
Scherpenheuvel-Zichem,24134,2020-10-22,16,220
Scherpenheuvel-Zichem,24134,2020-10-23,18,238
Scherpenheuvel-Zichem,24134,2020-10-24,10,248
Scherpenheuvel-Zichem,24134,2020-10-25,7,255
Scherpenheuvel-Zichem,24134,2020-10-26,13,268
Scherpenheuvel-Zichem,24134,2020-10-27,4,272
Scherpenheuvel-Zichem,24134,2020-10-28,5,277
Scherpenheuvel-Zichem,24134,2020-10-29,21,298
Scherpenheuvel-Zichem,24134,2020-10-30,6,304
Scherpenheuvel-Zichem,24134,2020-10-31,4,308
Scherpenheuvel-Zichem,24134,2020-11-01,8,316
Scherpenheuvel-Zichem,24134,2020-11-02,9,325
Scherpenheuvel-Zichem,24134,2020-11-03,0,325
Scherpenheuvel-Zichem,24134,2020-11-04,3,328
Scherpenheuvel-Zichem,24134,2020-11-05,15,343
Scherpenheuvel-Zichem,24134,2020-11-06,9,352
Scherpenheuvel-Zichem,24134,2020-11-07,11,363
Scherpenheuvel-Zichem,24134,2020-11-08,5,368
Scherpenheuvel-Zichem,24134,2020-11-09,4,372
Scherpenheuvel-Zichem,24134,2020-11-10,1,373
Scherpenheuvel-Zichem,24134,2020-11-11,6,379
Tielt-Winge,24135,2020-04-01,2,10
Tielt-Winge,24135,2020-04-02,1,11
Tielt-Winge,24135,2020-04-03,2,13
Tielt-Winge,24135,2020-04-04,1,14
Tielt-Winge,24135,2020-04-05,2,16
Tielt-Winge,24135,2020-04-06,1,17
Tielt-Winge,24135,2020-04-07,0,17
Tielt-Winge,24135,2020-04-08,0,17
Tielt-Winge,24135,2020-04-09,1,18
Tielt-Winge,24135,2020-04-10,0,18
Tielt-Winge,24135,2020-04-11,0,18
Tielt-Winge,24135,2020-04-12,1,19
Tielt-Winge,24135,2020-04-13,2,21
Tielt-Winge,24135,2020-04-14,0,21
Tielt-Winge,24135,2020-04-15,0,21
Tielt-Winge,24135,2020-04-16,1,22
Tielt-Winge,24135,2020-04-17,0,22
Tielt-Winge,24135,2020-04-18,0,22
Tielt-Winge,24135,2020-04-19,2,24
Tielt-Winge,24135,2020-04-20,0,24
Tielt-Winge,24135,2020-04-21,0,24
Tielt-Winge,24135,2020-04-22,1,25
Tielt-Winge,24135,2020-04-23,0,25
Tielt-Winge,24135,2020-04-24,2,27
Tielt-Winge,24135,2020-04-25,0,27
Tielt-Winge,24135,2020-04-26,0,27
Tielt-Winge,24135,2020-04-27,0,27
Tielt-Winge,24135,2020-04-28,0,27
Tielt-Winge,24135,2020-04-29,0,27
Tielt-Winge,24135,2020-04-30,1,28
Tielt-Winge,24135,2020-05-01,0,28
Tielt-Winge,24135,2020-05-02,1,29
Tielt-Winge,24135,2020-05-03,0,29
Tielt-Winge,24135,2020-05-04,0,29
Tielt-Winge,24135,2020-05-05,0,29
Tielt-Winge,24135,2020-05-06,0,29
Tielt-Winge,24135,2020-05-07,1,30
Tielt-Winge,24135,2020-05-08,0,30
Tielt-Winge,24135,2020-05-09,0,30
Tielt-Winge,24135,2020-05-10,0,30
Tielt-Winge,24135,2020-05-11,0,30
Tielt-Winge,24135,2020-05-12,0,30
Tielt-Winge,24135,2020-05-13,1,31
Tielt-Winge,24135,2020-05-14,0,31
Tielt-Winge,24135,2020-05-15,0,31
Tielt-Winge,24135,2020-05-16,0,31
Tielt-Winge,24135,2020-05-17,0,31
Tielt-Winge,24135,2020-05-18,0,31
Tielt-Winge,24135,2020-05-19,0,31
Tielt-Winge,24135,2020-05-20,0,31
Tielt-Winge,24135,2020-05-21,0,31
Tielt-Winge,24135,2020-05-22,1,32
Tielt-Winge,24135,2020-05-23,1,33
Tielt-Winge,24135,2020-05-24,0,33
Tielt-Winge,24135,2020-05-25,0,33
Tielt-Winge,24135,2020-05-26,-1,32
Tielt-Winge,24135,2020-05-27,0,32
Tielt-Winge,24135,2020-05-28,0,32
Tielt-Winge,24135,2020-05-29,0,32
Tielt-Winge,24135,2020-05-30,0,32
Tielt-Winge,24135,2020-05-31,0,32
Tielt-Winge,24135,2020-06-01,0,32
Tielt-Winge,24135,2020-06-02,0,32
Tielt-Winge,24135,2020-06-03,0,32
Tielt-Winge,24135,2020-06-04,0,32
Tielt-Winge,24135,2020-06-05,0,32
Tielt-Winge,24135,2020-06-06,0,32
Tielt-Winge,24135,2020-06-07,0,32
Tielt-Winge,24135,2020-06-08,0,32
Tielt-Winge,24135,2020-06-09,0,32
Tielt-Winge,24135,2020-06-10,0,32
Tielt-Winge,24135,2020-06-11,0,32
Tielt-Winge,24135,2020-06-12,0,32
Tielt-Winge,24135,2020-06-13,0,32
Tielt-Winge,24135,2020-06-14,0,32
Tielt-Winge,24135,2020-06-15,1,33
Tielt-Winge,24135,2020-06-16,0,33
Tielt-Winge,24135,2020-06-17,0,33
Tielt-Winge,24135,2020-06-18,0,33
Tielt-Winge,24135,2020-06-19,0,33
Tielt-Winge,24135,2020-06-20,0,33
Tielt-Winge,24135,2020-06-23,0,33
Tielt-Winge,24135,2020-06-24,0,33
Tielt-Winge,24135,2020-06-25,0,33
Tielt-Winge,24135,2020-06-26,0,33
Tielt-Winge,24135,2020-06-27,0,33
Tielt-Winge,24135,2020-06-30,0,33
Tielt-Winge,24135,2020-07-01,0,33
Tielt-Winge,24135,2020-07-02,0,33
Tielt-Winge,24135,2020-07-03,0,33
Tielt-Winge,24135,2020-07-04,0,33
Tielt-Winge,24135,2020-07-07,0,33
Tielt-Winge,24135,2020-07-08,0,33
Tielt-Winge,24135,2020-07-09,0,33
Tielt-Winge,24135,2020-07-10,0,33
Tielt-Winge,24135,2020-07-11,0,33
Tielt-Winge,24135,2020-07-14,0,33
Tielt-Winge,24135,2020-07-15,0,33
Tielt-Winge,24135,2020-07-16,0,33
Tielt-Winge,24135,2020-07-17,0,33
Tielt-Winge,24135,2020-07-18,0,33
Tielt-Winge,24135,2020-07-20,0,33
Tielt-Winge,24135,2020-07-21,0,33
Tielt-Winge,24135,2020-07-22,0,33
Tielt-Winge,24135,2020-07-23,0,33
Tielt-Winge,24135,2020-07-24,0,33
Tielt-Winge,24135,2020-07-25,0,33
Tielt-Winge,24135,2020-07-26,0,33
Tielt-Winge,24135,2020-07-27,0,33
Tielt-Winge,24135,2020-07-28,0,33
Tielt-Winge,24135,2020-07-29,0,33
Tielt-Winge,24135,2020-07-30,0,33
Tielt-Winge,24135,2020-07-31,0,33
Tielt-Winge,24135,2020-08-01,1,34
Tielt-Winge,24135,2020-08-02,0,34
Tielt-Winge,24135,2020-08-03,0,34
Tielt-Winge,24135,2020-08-04,0,34
Tielt-Winge,24135,2020-08-05,0,34
Tielt-Winge,24135,2020-08-06,0,34
Tielt-Winge,24135,2020-08-07,0,34
Tielt-Winge,24135,2020-08-08,0,34
Tielt-Winge,24135,2020-08-09,0,34
Tielt-Winge,24135,2020-08-10,0,34
Tielt-Winge,24135,2020-08-11,1,35
Tielt-Winge,24135,2020-08-12,0,35
Tielt-Winge,24135,2020-08-13,0,35
Tielt-Winge,24135,2020-08-14,0,35
Tielt-Winge,24135,2020-08-15,0,35
Tielt-Winge,24135,2020-08-16,0,35
Tielt-Winge,24135,2020-08-17,0,35
Tielt-Winge,24135,2020-08-18,0,35
Tielt-Winge,24135,2020-08-19,0,35
Tielt-Winge,24135,2020-08-20,0,35
Tielt-Winge,24135,2020-08-21,0,35
Tielt-Winge,24135,2020-08-22,0,35
Tielt-Winge,24135,2020-08-23,0,35
Tielt-Winge,24135,2020-08-24,0,35
Tielt-Winge,24135,2020-08-25,1,36
Tielt-Winge,24135,2020-08-26,0,36
Tielt-Winge,24135,2020-08-27,0,36
Tielt-Winge,24135,2020-08-28,1,37
Tielt-Winge,24135,2020-08-29,0,37
Tielt-Winge,24135,2020-08-30,0,37
Tielt-Winge,24135,2020-08-31,0,37
Tielt-Winge,24135,2020-09-01,0,37
Tielt-Winge,24135,2020-09-02,0,37
Tielt-Winge,24135,2020-09-03,0,37
Tielt-Winge,24135,2020-09-04,1,38
Tielt-Winge,24135,2020-09-05,0,38
Tielt-Winge,24135,2020-09-06,0,38
Tielt-Winge,24135,2020-09-07,0,38
Tielt-Winge,24135,2020-09-08,0,38
Tielt-Winge,24135,2020-09-09,0,38
Tielt-Winge,24135,2020-09-10,0,38
Tielt-Winge,24135,2020-09-11,0,38
Tielt-Winge,24135,2020-09-12,0,38
Tielt-Winge,24135,2020-09-13,0,38
Tielt-Winge,24135,2020-09-14,0,38
Tielt-Winge,24135,2020-09-15,0,38
Tielt-Winge,24135,2020-09-16,0,38
Tielt-Winge,24135,2020-09-17,0,38
Tielt-Winge,24135,2020-09-18,0,38
Tielt-Winge,24135,2020-09-19,0,38
Tielt-Winge,24135,2020-09-20,0,38
Tielt-Winge,24135,2020-09-21,0,38
Tielt-Winge,24135,2020-09-22,0,38
Tielt-Winge,24135,2020-09-23,0,38
Tielt-Winge,24135,2020-09-24,1,39
Tielt-Winge,24135,2020-09-25,0,39
Tielt-Winge,24135,2020-09-26,0,39
Tielt-Winge,24135,2020-09-27,0,39
Tielt-Winge,24135,2020-09-28,0,39
Tielt-Winge,24135,2020-09-29,0,39
Tielt-Winge,24135,2020-09-30,0,39
Tielt-Winge,24135,2020-10-01,0,39
Tielt-Winge,24135,2020-10-02,1,40
Tielt-Winge,24135,2020-10-03,1,41
Tielt-Winge,24135,2020-10-04,1,42
Tielt-Winge,24135,2020-10-05,0,42
Tielt-Winge,24135,2020-10-06,0,42
Tielt-Winge,24135,2020-10-07,1,43
Tielt-Winge,24135,2020-10-08,0,43
Tielt-Winge,24135,2020-10-09,0,43
Tielt-Winge,24135,2020-10-10,0,43
Tielt-Winge,24135,2020-10-11,2,45
Tielt-Winge,24135,2020-10-12,1,46
Tielt-Winge,24135,2020-10-13,1,47
Tielt-Winge,24135,2020-10-14,1,48
Tielt-Winge,24135,2020-10-15,1,49
Tielt-Winge,24135,2020-10-16,4,53
Tielt-Winge,24135,2020-10-17,2,55
Tielt-Winge,24135,2020-10-18,2,57
Tielt-Winge,24135,2020-10-19,1,58
Tielt-Winge,24135,2020-10-20,3,61
Tielt-Winge,24135,2020-10-21,1,62
Tielt-Winge,24135,2020-10-22,1,63
Tielt-Winge,24135,2020-10-23,3,66
Tielt-Winge,24135,2020-10-24,1,67
Tielt-Winge,24135,2020-10-25,3,70
Tielt-Winge,24135,2020-10-26,4,74
Tielt-Winge,24135,2020-10-27,1,75
Tielt-Winge,24135,2020-10-28,1,76
Tielt-Winge,24135,2020-10-29,2,78
Tielt-Winge,24135,2020-10-30,1,79
Tielt-Winge,24135,2020-10-31,8,87
Tielt-Winge,24135,2020-11-01,2,89
Tielt-Winge,24135,2020-11-02,2,91
Tielt-Winge,24135,2020-11-03,0,91
Tielt-Winge,24135,2020-11-04,3,94
Tielt-Winge,24135,2020-11-05,6,100
Tielt-Winge,24135,2020-11-06,4,104
Tielt-Winge,24135,2020-11-07,6,110
Tielt-Winge,24135,2020-11-08,4,114
Tielt-Winge,24135,2020-11-09,6,120
Tielt-Winge,24135,2020-11-10,1,121
Tielt-Winge,24135,2020-11-11,8,129
Glabbeek,24137,2020-04-01,0,10
Glabbeek,24137,2020-04-02,0,10
Glabbeek,24137,2020-04-03,2,12
Glabbeek,24137,2020-04-04,1,13
Glabbeek,24137,2020-04-05,3,16
Glabbeek,24137,2020-04-06,2,18
Glabbeek,24137,2020-04-07,0,18
Glabbeek,24137,2020-04-08,0,18
Glabbeek,24137,2020-04-09,0,18
Glabbeek,24137,2020-04-10,0,18
Glabbeek,24137,2020-04-11,0,18
Glabbeek,24137,2020-04-12,1,19
Glabbeek,24137,2020-04-13,0,19
Glabbeek,24137,2020-04-14,2,21
Glabbeek,24137,2020-04-15,3,24
Glabbeek,24137,2020-04-16,0,24
Glabbeek,24137,2020-04-17,0,24
Glabbeek,24137,2020-04-18,0,24
Glabbeek,24137,2020-04-19,0,24
Glabbeek,24137,2020-04-20,0,24
Glabbeek,24137,2020-04-21,0,24
Glabbeek,24137,2020-04-22,0,24
Glabbeek,24137,2020-04-23,0,24
Glabbeek,24137,2020-04-24,0,24
Glabbeek,24137,2020-04-25,0,24
Glabbeek,24137,2020-04-26,0,24
Glabbeek,24137,2020-04-27,0,24
Glabbeek,24137,2020-04-28,1,25
Glabbeek,24137,2020-04-29,0,25
Glabbeek,24137,2020-04-30,0,25
Glabbeek,24137,2020-05-01,0,25
Glabbeek,24137,2020-05-02,0,25
Glabbeek,24137,2020-05-03,0,25
Glabbeek,24137,2020-05-04,0,25
Glabbeek,24137,2020-05-05,0,25
Glabbeek,24137,2020-05-06,1,26
Glabbeek,24137,2020-05-07,0,26
Glabbeek,24137,2020-05-08,0,26
Glabbeek,24137,2020-05-09,0,26
Glabbeek,24137,2020-05-10,0,26
Glabbeek,24137,2020-05-11,0,26
Glabbeek,24137,2020-05-12,0,26
Glabbeek,24137,2020-05-13,0,26
Glabbeek,24137,2020-05-14,2,28
Glabbeek,24137,2020-05-15,0,28
Glabbeek,24137,2020-05-16,0,28
Glabbeek,24137,2020-05-17,0,28
Glabbeek,24137,2020-05-18,0,28
Glabbeek,24137,2020-05-19,0,28
Glabbeek,24137,2020-05-20,0,28
Glabbeek,24137,2020-05-21,0,28
Glabbeek,24137,2020-05-22,1,29
Glabbeek,24137,2020-05-23,0,29
Glabbeek,24137,2020-05-24,0,29
Glabbeek,24137,2020-05-25,0,29
Glabbeek,24137,2020-05-26,0,29
Glabbeek,24137,2020-05-27,0,29
Glabbeek,24137,2020-05-28,0,29
Glabbeek,24137,2020-05-29,0,29
Glabbeek,24137,2020-05-30,0,29
Glabbeek,24137,2020-05-31,0,29
Glabbeek,24137,2020-06-01,0,29
Glabbeek,24137,2020-06-02,0,29
Glabbeek,24137,2020-06-03,0,29
Glabbeek,24137,2020-06-04,0,29
Glabbeek,24137,2020-06-05,0,29
Glabbeek,24137,2020-06-06,0,29
Glabbeek,24137,2020-06-07,0,29
Glabbeek,24137,2020-06-08,0,29
Glabbeek,24137,2020-06-09,0,29
Glabbeek,24137,2020-06-10,0,29
Glabbeek,24137,2020-06-11,0,29
Glabbeek,24137,2020-06-12,0,29
Glabbeek,24137,2020-06-13,0,29
Glabbeek,24137,2020-06-14,0,29
Glabbeek,24137,2020-06-15,0,29
Glabbeek,24137,2020-06-16,0,29
Glabbeek,24137,2020-06-17,0,29
Glabbeek,24137,2020-06-18,0,29
Glabbeek,24137,2020-06-19,0,29
Glabbeek,24137,2020-06-20,0,29
Glabbeek,24137,2020-06-23,0,29
Glabbeek,24137,2020-06-24,0,29
Glabbeek,24137,2020-06-25,0,29
Glabbeek,24137,2020-06-26,0,29
Glabbeek,24137,2020-06-27,0,29
Glabbeek,24137,2020-06-30,0,29
Glabbeek,24137,2020-07-01,0,29
Glabbeek,24137,2020-07-02,0,29
Glabbeek,24137,2020-07-03,1,30
Glabbeek,24137,2020-07-04,0,30
Glabbeek,24137,2020-07-07,0,30
Glabbeek,24137,2020-07-08,0,30
Glabbeek,24137,2020-07-09,0,30
Glabbeek,24137,2020-07-10,0,30
Glabbeek,24137,2020-07-11,0,30
Glabbeek,24137,2020-07-14,0,30
Glabbeek,24137,2020-07-15,0,30
Glabbeek,24137,2020-07-16,0,30
Glabbeek,24137,2020-07-17,0,30
Glabbeek,24137,2020-07-18,0,30
Glabbeek,24137,2020-07-20,0,30
Glabbeek,24137,2020-07-21,0,30
Glabbeek,24137,2020-07-22,0,30
Glabbeek,24137,2020-07-23,0,30
Glabbeek,24137,2020-07-24,0,30
Glabbeek,24137,2020-07-25,0,30
Glabbeek,24137,2020-07-26,0,30
Glabbeek,24137,2020-07-27,0,30
Glabbeek,24137,2020-07-28,0,30
Glabbeek,24137,2020-07-29,0,30
Glabbeek,24137,2020-07-30,0,30
Glabbeek,24137,2020-07-31,0,30
Glabbeek,24137,2020-08-01,0,30
Glabbeek,24137,2020-08-02,0,30
Glabbeek,24137,2020-08-03,0,30
Glabbeek,24137,2020-08-04,0,30
Glabbeek,24137,2020-08-05,0,30
Glabbeek,24137,2020-08-06,0,30
Glabbeek,24137,2020-08-07,0,30
Glabbeek,24137,2020-08-08,0,30
Glabbeek,24137,2020-08-09,0,30
Glabbeek,24137,2020-08-10,0,30
Glabbeek,24137,2020-08-11,1,31
Glabbeek,24137,2020-08-12,0,31
Glabbeek,24137,2020-08-13,0,31
Glabbeek,24137,2020-08-14,0,31
Glabbeek,24137,2020-08-15,0,31
Glabbeek,24137,2020-08-16,0,31
Glabbeek,24137,2020-08-17,0,31
Glabbeek,24137,2020-08-18,0,31
Glabbeek,24137,2020-08-19,0,31
Glabbeek,24137,2020-08-20,0,31
Glabbeek,24137,2020-08-21,0,31
Glabbeek,24137,2020-08-22,0,31
Glabbeek,24137,2020-08-23,0,31
Glabbeek,24137,2020-08-24,0,31
Glabbeek,24137,2020-08-25,0,31
Glabbeek,24137,2020-08-26,0,31
Glabbeek,24137,2020-08-27,0,31
Glabbeek,24137,2020-08-28,0,31
Glabbeek,24137,2020-08-29,0,31
Glabbeek,24137,2020-08-30,0,31
Glabbeek,24137,2020-08-31,0,31
Glabbeek,24137,2020-09-01,0,31
Glabbeek,24137,2020-09-02,0,31
Glabbeek,24137,2020-09-03,0,31
Glabbeek,24137,2020-09-04,0,31
Glabbeek,24137,2020-09-05,0,31
Glabbeek,24137,2020-09-06,0,31
Glabbeek,24137,2020-09-07,0,31
Glabbeek,24137,2020-09-08,0,31
Glabbeek,24137,2020-09-09,0,31
Glabbeek,24137,2020-09-10,0,31
Glabbeek,24137,2020-09-11,0,31
Glabbeek,24137,2020-09-12,0,31
Glabbeek,24137,2020-09-13,0,31
Glabbeek,24137,2020-09-14,0,31
Glabbeek,24137,2020-09-15,0,31
Glabbeek,24137,2020-09-16,0,31
Glabbeek,24137,2020-09-17,0,31
Glabbeek,24137,2020-09-18,0,31
Glabbeek,24137,2020-09-19,0,31
Glabbeek,24137,2020-09-20,0,31
Glabbeek,24137,2020-09-21,0,31
Glabbeek,24137,2020-09-22,0,31
Glabbeek,24137,2020-09-23,0,31
Glabbeek,24137,2020-09-24,0,31
Glabbeek,24137,2020-09-25,1,32
Glabbeek,24137,2020-09-26,0,32
Glabbeek,24137,2020-09-27,0,32
Glabbeek,24137,2020-09-28,0,32
Glabbeek,24137,2020-09-29,0,32
Glabbeek,24137,2020-09-30,0,32
Glabbeek,24137,2020-10-01,0,32
Glabbeek,24137,2020-10-02,1,33
Glabbeek,24137,2020-10-03,1,34
Glabbeek,24137,2020-10-04,2,36
Glabbeek,24137,2020-10-05,0,36
Glabbeek,24137,2020-10-06,0,36
Glabbeek,24137,2020-10-07,0,36
Glabbeek,24137,2020-10-08,0,36
Glabbeek,24137,2020-10-09,2,38
Glabbeek,24137,2020-10-10,0,38
Glabbeek,24137,2020-10-11,2,40
Glabbeek,24137,2020-10-12,2,42
Glabbeek,24137,2020-10-13,2,44
Glabbeek,24137,2020-10-14,1,45
Glabbeek,24137,2020-10-15,2,47
Glabbeek,24137,2020-10-16,0,47
Glabbeek,24137,2020-10-17,0,47
Glabbeek,24137,2020-10-18,1,48
Glabbeek,24137,2020-10-19,1,49
Glabbeek,24137,2020-10-20,1,50
Glabbeek,24137,2020-10-21,1,51
Glabbeek,24137,2020-10-22,0,51
Glabbeek,24137,2020-10-23,6,57
Glabbeek,24137,2020-10-24,2,59
Glabbeek,24137,2020-10-25,5,64
Glabbeek,24137,2020-10-26,3,67
Glabbeek,24137,2020-10-27,0,67
Glabbeek,24137,2020-10-28,2,69
Glabbeek,24137,2020-10-29,9,78
Glabbeek,24137,2020-10-30,3,81
Glabbeek,24137,2020-10-31,2,83
Glabbeek,24137,2020-11-01,2,85
Glabbeek,24137,2020-11-02,3,88
Glabbeek,24137,2020-11-03,2,90
Glabbeek,24137,2020-11-04,0,90
Glabbeek,24137,2020-11-05,8,98
Glabbeek,24137,2020-11-06,4,102
Glabbeek,24137,2020-11-07,2,104
Glabbeek,24137,2020-11-08,1,105
Glabbeek,24137,2020-11-09,2,107
Glabbeek,24137,2020-11-10,0,107
Glabbeek,24137,2020-11-11,0,107
Bevekom,25005,2020-04-01,0,0
Bevekom,25005,2020-04-02,0,0
Bevekom,25005,2020-04-03,0,0
Bevekom,25005,2020-04-04,0,0
Bevekom,25005,2020-04-05,6,6
Bevekom,25005,2020-04-06,0,6
Bevekom,25005,2020-04-07,0,6
Bevekom,25005,2020-04-08,0,6
Bevekom,25005,2020-04-09,0,6
Bevekom,25005,2020-04-10,1,7
Bevekom,25005,2020-04-11,0,7
Bevekom,25005,2020-04-12,0,7
Bevekom,25005,2020-04-13,0,7
Bevekom,25005,2020-04-14,0,7
Bevekom,25005,2020-04-15,0,7
Bevekom,25005,2020-04-16,0,7
Bevekom,25005,2020-04-17,0,7
Bevekom,25005,2020-04-18,0,7
Bevekom,25005,2020-04-19,0,7
Bevekom,25005,2020-04-20,0,7
Bevekom,25005,2020-04-21,0,7
Bevekom,25005,2020-04-22,2,9
Bevekom,25005,2020-04-23,0,9
Bevekom,25005,2020-04-24,0,9
Bevekom,25005,2020-04-25,0,9
Bevekom,25005,2020-04-26,0,9
Bevekom,25005,2020-04-27,0,9
Bevekom,25005,2020-04-28,0,9
Bevekom,25005,2020-04-29,0,9
Bevekom,25005,2020-04-30,0,9
Bevekom,25005,2020-05-01,0,9
Bevekom,25005,2020-05-02,0,9
Bevekom,25005,2020-05-03,0,9
Bevekom,25005,2020-05-04,0,9
Bevekom,25005,2020-05-05,0,9
Bevekom,25005,2020-05-06,0,9
Bevekom,25005,2020-05-07,0,9
Bevekom,25005,2020-05-08,0,9
Bevekom,25005,2020-05-09,0,9
Bevekom,25005,2020-05-10,0,9
Bevekom,25005,2020-05-11,1,10
Bevekom,25005,2020-05-12,0,10
Bevekom,25005,2020-05-13,0,10
Bevekom,25005,2020-05-14,0,10
Bevekom,25005,2020-05-15,0,10
Bevekom,25005,2020-05-16,0,10
Bevekom,25005,2020-05-17,0,10
Bevekom,25005,2020-05-18,0,10
Bevekom,25005,2020-05-19,0,10
Bevekom,25005,2020-05-20,0,10
Bevekom,25005,2020-05-21,0,10
Bevekom,25005,2020-05-22,0,10
Bevekom,25005,2020-05-23,0,10
Bevekom,25005,2020-05-24,0,10
Bevekom,25005,2020-05-25,0,10
Bevekom,25005,2020-05-26,0,10
Bevekom,25005,2020-05-27,0,10
Bevekom,25005,2020-05-28,0,10
Bevekom,25005,2020-05-29,0,10
Bevekom,25005,2020-05-30,0,10
Bevekom,25005,2020-05-31,0,10
Bevekom,25005,2020-06-01,0,10
Bevekom,25005,2020-06-02,0,10
Bevekom,25005,2020-06-03,0,10
Bevekom,25005,2020-06-04,0,10
Bevekom,25005,2020-06-05,0,10
Bevekom,25005,2020-06-06,0,10
Bevekom,25005,2020-06-07,1,11
Bevekom,25005,2020-06-08,0,11
Bevekom,25005,2020-06-09,0,11
Bevekom,25005,2020-06-10,0,11
Bevekom,25005,2020-06-11,0,11
Bevekom,25005,2020-06-12,0,11
Bevekom,25005,2020-06-13,0,11
Bevekom,25005,2020-06-14,0,11
Bevekom,25005,2020-06-15,0,11
Bevekom,25005,2020-06-16,0,11
Bevekom,25005,2020-06-17,0,11
Bevekom,25005,2020-06-18,0,11
Bevekom,25005,2020-06-19,0,11
Bevekom,25005,2020-06-20,0,11
Bevekom,25005,2020-06-23,0,11
Bevekom,25005,2020-06-24,0,11
Bevekom,25005,2020-06-25,0,11
Bevekom,25005,2020-06-26,0,11
Bevekom,25005,2020-06-27,0,11
Bevekom,25005,2020-06-30,0,11
Bevekom,25005,2020-07-01,0,11
Bevekom,25005,2020-07-02,0,11
Bevekom,25005,2020-07-03,0,11
Bevekom,25005,2020-07-04,0,11
Bevekom,25005,2020-07-07,0,11
Bevekom,25005,2020-07-08,0,11
Bevekom,25005,2020-07-09,0,11
Bevekom,25005,2020-07-10,0,11
Bevekom,25005,2020-07-11,0,11
Bevekom,25005,2020-07-14,2,13
Bevekom,25005,2020-07-15,0,13
Bevekom,25005,2020-07-16,0,13
Bevekom,25005,2020-07-17,0,13
Bevekom,25005,2020-07-18,0,13
Bevekom,25005,2020-07-20,0,13
Bevekom,25005,2020-07-21,0,13
Bevekom,25005,2020-07-22,0,13
Bevekom,25005,2020-07-23,0,13
Bevekom,25005,2020-07-24,0,13
Bevekom,25005,2020-07-25,0,13
Bevekom,25005,2020-07-26,0,13
Bevekom,25005,2020-07-27,0,13
Bevekom,25005,2020-07-28,0,13
Bevekom,25005,2020-07-29,0,13
Bevekom,25005,2020-07-30,0,13
Bevekom,25005,2020-07-31,1,14
Bevekom,25005,2020-08-01,0,14
Bevekom,25005,2020-08-02,0,14
Bevekom,25005,2020-08-03,0,14
Bevekom,25005,2020-08-04,1,15
Bevekom,25005,2020-08-05,0,15
Bevekom,25005,2020-08-06,0,15
Bevekom,25005,2020-08-07,0,15
Bevekom,25005,2020-08-08,0,15
Bevekom,25005,2020-08-09,0,15
Bevekom,25005,2020-08-10,0,15
Bevekom,25005,2020-08-11,1,16
Bevekom,25005,2020-08-12,0,16
Bevekom,25005,2020-08-13,0,16
Bevekom,25005,2020-08-14,0,16
Bevekom,25005,2020-08-15,0,16
Bevekom,25005,2020-08-16,0,16
Bevekom,25005,2020-08-17,0,16
Bevekom,25005,2020-08-18,0,16
Bevekom,25005,2020-08-19,1,17
Bevekom,25005,2020-08-20,0,17
Bevekom,25005,2020-08-21,0,17
Bevekom,25005,2020-08-22,0,17
Bevekom,25005,2020-08-23,0,17
Bevekom,25005,2020-08-24,0,17
Bevekom,25005,2020-08-25,0,17
Bevekom,25005,2020-08-26,0,17
Bevekom,25005,2020-08-27,0,17
Bevekom,25005,2020-08-28,0,17
Bevekom,25005,2020-08-29,0,17
Bevekom,25005,2020-08-30,1,18
Bevekom,25005,2020-08-31,1,19
Bevekom,25005,2020-09-01,0,19
Bevekom,25005,2020-09-02,0,19
Bevekom,25005,2020-09-03,0,19
Bevekom,25005,2020-09-04,0,19
Bevekom,25005,2020-09-05,2,21
Bevekom,25005,2020-09-06,1,22
Bevekom,25005,2020-09-07,3,25
Bevekom,25005,2020-09-08,0,25
Bevekom,25005,2020-09-09,0,25
Bevekom,25005,2020-09-10,1,26
Bevekom,25005,2020-09-11,0,26
Bevekom,25005,2020-09-12,2,28
Bevekom,25005,2020-09-13,0,28
Bevekom,25005,2020-09-14,3,31
Bevekom,25005,2020-09-15,0,31
Bevekom,25005,2020-09-16,0,31
Bevekom,25005,2020-09-17,1,32
Bevekom,25005,2020-09-18,3,35
Bevekom,25005,2020-09-19,0,35
Bevekom,25005,2020-09-20,0,35
Bevekom,25005,2020-09-21,0,35
Bevekom,25005,2020-09-22,0,35
Bevekom,25005,2020-09-23,1,36
Bevekom,25005,2020-09-24,2,38
Bevekom,25005,2020-09-25,1,39
Bevekom,25005,2020-09-26,1,40
Bevekom,25005,2020-09-27,1,41
Bevekom,25005,2020-09-28,0,41
Bevekom,25005,2020-09-29,0,41
Bevekom,25005,2020-09-30,0,41
Bevekom,25005,2020-10-01,0,41
Bevekom,25005,2020-10-02,0,41
Bevekom,25005,2020-10-03,4,45
Bevekom,25005,2020-10-04,5,50
Bevekom,25005,2020-10-05,3,53
Bevekom,25005,2020-10-06,4,57
Bevekom,25005,2020-10-07,1,58
Bevekom,25005,2020-10-08,3,61
Bevekom,25005,2020-10-09,6,67
Bevekom,25005,2020-10-10,8,75
Bevekom,25005,2020-10-11,12,87
Bevekom,25005,2020-10-12,3,90
Bevekom,25005,2020-10-13,1,91
Bevekom,25005,2020-10-14,8,99
Bevekom,25005,2020-10-15,11,110
Bevekom,25005,2020-10-16,3,113
Bevekom,25005,2020-10-17,10,123
Bevekom,25005,2020-10-18,13,136
Bevekom,25005,2020-10-19,1,137
Bevekom,25005,2020-10-20,14,151
Bevekom,25005,2020-10-21,7,158
Bevekom,25005,2020-10-22,16,174
Bevekom,25005,2020-10-23,10,184
Bevekom,25005,2020-10-24,13,197
Bevekom,25005,2020-10-25,9,206
Bevekom,25005,2020-10-26,4,210
Bevekom,25005,2020-10-27,14,224
Bevekom,25005,2020-10-28,4,228
Bevekom,25005,2020-10-29,24,252
Bevekom,25005,2020-10-30,11,263
Bevekom,25005,2020-10-31,12,275
Bevekom,25005,2020-11-01,5,280
Bevekom,25005,2020-11-02,8,288
Bevekom,25005,2020-11-03,4,292
Bevekom,25005,2020-11-04,1,293
Bevekom,25005,2020-11-05,3,296
Bevekom,25005,2020-11-06,12,308
Bevekom,25005,2020-11-07,5,313
Bevekom,25005,2020-11-08,3,316
Bevekom,25005,2020-11-09,3,319
Bevekom,25005,2020-11-10,0,319
Bevekom,25005,2020-11-11,1,320
Eigenbrakel,25014,2020-04-01,2,39
Eigenbrakel,25014,2020-04-02,6,45
Eigenbrakel,25014,2020-04-03,3,48
Eigenbrakel,25014,2020-04-04,2,50
Eigenbrakel,25014,2020-04-05,4,54
Eigenbrakel,25014,2020-04-06,4,58
Eigenbrakel,25014,2020-04-07,3,61
Eigenbrakel,25014,2020-04-08,2,63
Eigenbrakel,25014,2020-04-09,8,71
Eigenbrakel,25014,2020-04-10,2,73
Eigenbrakel,25014,2020-04-11,0,73
Eigenbrakel,25014,2020-04-12,5,78
Eigenbrakel,25014,2020-04-13,2,80
Eigenbrakel,25014,2020-04-14,1,81
Eigenbrakel,25014,2020-04-15,2,83
Eigenbrakel,25014,2020-04-16,0,83
Eigenbrakel,25014,2020-04-17,3,86
Eigenbrakel,25014,2020-04-18,2,88
Eigenbrakel,25014,2020-04-19,0,88
Eigenbrakel,25014,2020-04-20,5,93
Eigenbrakel,25014,2020-04-21,1,94
Eigenbrakel,25014,2020-04-22,4,98
Eigenbrakel,25014,2020-04-23,5,103
Eigenbrakel,25014,2020-04-24,2,105
Eigenbrakel,25014,2020-04-25,4,109
Eigenbrakel,25014,2020-04-26,0,109
Eigenbrakel,25014,2020-04-27,2,111
Eigenbrakel,25014,2020-04-28,11,122
Eigenbrakel,25014,2020-04-29,6,128
Eigenbrakel,25014,2020-04-30,3,131
Eigenbrakel,25014,2020-05-01,1,132
Eigenbrakel,25014,2020-05-02,0,132
Eigenbrakel,25014,2020-05-03,0,132
Eigenbrakel,25014,2020-05-04,0,132
Eigenbrakel,25014,2020-05-05,0,132
Eigenbrakel,25014,2020-05-06,0,132
Eigenbrakel,25014,2020-05-07,18,150
Eigenbrakel,25014,2020-05-08,0,150
Eigenbrakel,25014,2020-05-09,0,150
Eigenbrakel,25014,2020-05-10,4,154
Eigenbrakel,25014,2020-05-11,0,154
Eigenbrakel,25014,2020-05-12,1,155
Eigenbrakel,25014,2020-05-13,0,155
Eigenbrakel,25014,2020-05-14,0,155
Eigenbrakel,25014,2020-05-15,1,156
Eigenbrakel,25014,2020-05-16,0,156
Eigenbrakel,25014,2020-05-17,0,156
Eigenbrakel,25014,2020-05-18,0,156
Eigenbrakel,25014,2020-05-19,0,156
Eigenbrakel,25014,2020-05-20,1,157
Eigenbrakel,25014,2020-05-21,0,157
Eigenbrakel,25014,2020-05-22,1,158
Eigenbrakel,25014,2020-05-23,0,158
Eigenbrakel,25014,2020-05-24,0,158
Eigenbrakel,25014,2020-05-25,1,159
Eigenbrakel,25014,2020-05-26,0,159
Eigenbrakel,25014,2020-05-27,3,162
Eigenbrakel,25014,2020-05-28,1,163
Eigenbrakel,25014,2020-05-29,1,164
Eigenbrakel,25014,2020-05-30,0,164
Eigenbrakel,25014,2020-05-31,0,164
Eigenbrakel,25014,2020-06-01,1,165
Eigenbrakel,25014,2020-06-02,0,165
Eigenbrakel,25014,2020-06-03,0,165
Eigenbrakel,25014,2020-06-04,0,165
Eigenbrakel,25014,2020-06-05,0,165
Eigenbrakel,25014,2020-06-06,1,166
Eigenbrakel,25014,2020-06-07,2,168
Eigenbrakel,25014,2020-06-08,0,168
Eigenbrakel,25014,2020-06-09,0,168
Eigenbrakel,25014,2020-06-10,0,168
Eigenbrakel,25014,2020-06-11,0,168
Eigenbrakel,25014,2020-06-12,1,169
Eigenbrakel,25014,2020-06-13,1,170
Eigenbrakel,25014,2020-06-14,0,170
Eigenbrakel,25014,2020-06-15,0,170
Eigenbrakel,25014,2020-06-16,0,170
Eigenbrakel,25014,2020-06-17,0,170
Eigenbrakel,25014,2020-06-18,1,171
Eigenbrakel,25014,2020-06-19,0,171
Eigenbrakel,25014,2020-06-20,0,171
Eigenbrakel,25014,2020-06-23,0,171
Eigenbrakel,25014,2020-06-24,1,172
Eigenbrakel,25014,2020-06-25,1,173
Eigenbrakel,25014,2020-06-26,0,173
Eigenbrakel,25014,2020-06-27,0,173
Eigenbrakel,25014,2020-06-30,1,174
Eigenbrakel,25014,2020-07-01,0,174
Eigenbrakel,25014,2020-07-02,0,174
Eigenbrakel,25014,2020-07-03,0,174
Eigenbrakel,25014,2020-07-04,0,174
Eigenbrakel,25014,2020-07-07,0,174
Eigenbrakel,25014,2020-07-08,0,174
Eigenbrakel,25014,2020-07-09,1,175
Eigenbrakel,25014,2020-07-10,0,175
Eigenbrakel,25014,2020-07-11,0,175
Eigenbrakel,25014,2020-07-14,0,175
Eigenbrakel,25014,2020-07-15,0,175
Eigenbrakel,25014,2020-07-16,0,175
Eigenbrakel,25014,2020-07-17,0,175
Eigenbrakel,25014,2020-07-18,0,175
Eigenbrakel,25014,2020-07-20,0,175
Eigenbrakel,25014,2020-07-21,0,175
Eigenbrakel,25014,2020-07-22,1,176
Eigenbrakel,25014,2020-07-23,0,176
Eigenbrakel,25014,2020-07-24,0,176
Eigenbrakel,25014,2020-07-25,2,178
Eigenbrakel,25014,2020-07-26,0,178
Eigenbrakel,25014,2020-07-27,1,179
Eigenbrakel,25014,2020-07-28,0,179
Eigenbrakel,25014,2020-07-29,0,179
Eigenbrakel,25014,2020-07-30,10,189
Eigenbrakel,25014,2020-07-31,2,191
Eigenbrakel,25014,2020-08-01,1,192
Eigenbrakel,25014,2020-08-02,2,194
Eigenbrakel,25014,2020-08-03,1,195
Eigenbrakel,25014,2020-08-04,2,197
Eigenbrakel,25014,2020-08-05,0,197
Eigenbrakel,25014,2020-08-06,0,197
Eigenbrakel,25014,2020-08-07,1,198
Eigenbrakel,25014,2020-08-08,1,199
Eigenbrakel,25014,2020-08-09,0,199
Eigenbrakel,25014,2020-08-10,0,199
Eigenbrakel,25014,2020-08-11,0,199
Eigenbrakel,25014,2020-08-12,0,199
Eigenbrakel,25014,2020-08-13,0,199
Eigenbrakel,25014,2020-08-14,1,200
Eigenbrakel,25014,2020-08-15,8,208
Eigenbrakel,25014,2020-08-16,2,210
Eigenbrakel,25014,2020-08-17,1,211
Eigenbrakel,25014,2020-08-18,0,211
Eigenbrakel,25014,2020-08-19,0,211
Eigenbrakel,25014,2020-08-20,0,211
Eigenbrakel,25014,2020-08-21,4,215
Eigenbrakel,25014,2020-08-22,2,217
Eigenbrakel,25014,2020-08-23,1,218
Eigenbrakel,25014,2020-08-24,0,218
Eigenbrakel,25014,2020-08-25,0,218
Eigenbrakel,25014,2020-08-26,0,218
Eigenbrakel,25014,2020-08-27,1,219
Eigenbrakel,25014,2020-08-28,2,221
Eigenbrakel,25014,2020-08-29,2,223
Eigenbrakel,25014,2020-08-30,1,224
Eigenbrakel,25014,2020-08-31,0,224
Eigenbrakel,25014,2020-09-01,0,224
Eigenbrakel,25014,2020-09-02,1,225
Eigenbrakel,25014,2020-09-03,0,225
Eigenbrakel,25014,2020-09-04,1,226
Eigenbrakel,25014,2020-09-05,2,228
Eigenbrakel,25014,2020-09-06,3,231
Eigenbrakel,25014,2020-09-07,4,235
Eigenbrakel,25014,2020-09-08,0,235
Eigenbrakel,25014,2020-09-09,0,235
Eigenbrakel,25014,2020-09-10,2,237
Eigenbrakel,25014,2020-09-11,2,239
Eigenbrakel,25014,2020-09-12,1,240
Eigenbrakel,25014,2020-09-13,0,240
Eigenbrakel,25014,2020-09-14,1,241
Eigenbrakel,25014,2020-09-15,3,244
Eigenbrakel,25014,2020-09-16,3,247
Eigenbrakel,25014,2020-09-17,7,254
Eigenbrakel,25014,2020-09-18,6,260
Eigenbrakel,25014,2020-09-19,8,268
Eigenbrakel,25014,2020-09-20,10,278
Eigenbrakel,25014,2020-09-21,7,285
Eigenbrakel,25014,2020-09-22,5,290
Eigenbrakel,25014,2020-09-23,20,310
Eigenbrakel,25014,2020-09-24,8,318
Eigenbrakel,25014,2020-09-25,13,331
Eigenbrakel,25014,2020-09-26,6,337
Eigenbrakel,25014,2020-09-27,2,339
Eigenbrakel,25014,2020-09-28,1,340
Eigenbrakel,25014,2020-09-29,0,340
Eigenbrakel,25014,2020-09-30,12,352
Eigenbrakel,25014,2020-10-01,11,363
Eigenbrakel,25014,2020-10-02,18,381
Eigenbrakel,25014,2020-10-03,9,390
Eigenbrakel,25014,2020-10-04,20,410
Eigenbrakel,25014,2020-10-05,20,430
Eigenbrakel,25014,2020-10-06,13,443
Eigenbrakel,25014,2020-10-07,16,459
Eigenbrakel,25014,2020-10-08,30,489
Eigenbrakel,25014,2020-10-09,51,540
Eigenbrakel,25014,2020-10-10,26,566
Eigenbrakel,25014,2020-10-11,54,620
Eigenbrakel,25014,2020-10-12,22,642
Eigenbrakel,25014,2020-10-13,14,656
Eigenbrakel,25014,2020-10-14,35,691
Eigenbrakel,25014,2020-10-15,28,719
Eigenbrakel,25014,2020-10-16,56,775
Eigenbrakel,25014,2020-10-17,46,821
Eigenbrakel,25014,2020-10-18,44,865
Eigenbrakel,25014,2020-10-19,32,897
Eigenbrakel,25014,2020-10-20,23,920
Eigenbrakel,25014,2020-10-21,31,951
Eigenbrakel,25014,2020-10-22,56,1007
Eigenbrakel,25014,2020-10-23,47,1054
Eigenbrakel,25014,2020-10-24,65,1119
Eigenbrakel,25014,2020-10-25,74,1193
Eigenbrakel,25014,2020-10-26,37,1230
Eigenbrakel,25014,2020-10-27,40,1270
Eigenbrakel,25014,2020-10-28,34,1304
Eigenbrakel,25014,2020-10-29,96,1400
Eigenbrakel,25014,2020-10-30,104,1504
Eigenbrakel,25014,2020-10-31,77,1581
Eigenbrakel,25014,2020-11-01,56,1637
Eigenbrakel,25014,2020-11-02,40,1677
Eigenbrakel,25014,2020-11-03,29,1706
Eigenbrakel,25014,2020-11-04,19,1725
Eigenbrakel,25014,2020-11-05,66,1791
Eigenbrakel,25014,2020-11-06,35,1826
Eigenbrakel,25014,2020-11-07,35,1861
Eigenbrakel,25014,2020-11-08,21,1882
Eigenbrakel,25014,2020-11-09,22,1904
Eigenbrakel,25014,2020-11-10,10,1914
Eigenbrakel,25014,2020-11-11,14,1928
Kasteelbrakel,25015,2020-04-01,1,8
Kasteelbrakel,25015,2020-04-02,0,8
Kasteelbrakel,25015,2020-04-03,1,9
Kasteelbrakel,25015,2020-04-04,1,10
Kasteelbrakel,25015,2020-04-05,1,11
Kasteelbrakel,25015,2020-04-06,0,11
Kasteelbrakel,25015,2020-04-07,0,11
Kasteelbrakel,25015,2020-04-08,0,11
Kasteelbrakel,25015,2020-04-09,0,11
Kasteelbrakel,25015,2020-04-10,1,12
Kasteelbrakel,25015,2020-04-11,1,13
Kasteelbrakel,25015,2020-04-12,1,14
Kasteelbrakel,25015,2020-04-13,1,15
Kasteelbrakel,25015,2020-04-14,1,16
Kasteelbrakel,25015,2020-04-15,0,16
Kasteelbrakel,25015,2020-04-16,3,19
Kasteelbrakel,25015,2020-04-17,0,19
Kasteelbrakel,25015,2020-04-18,0,19
Kasteelbrakel,25015,2020-04-19,0,19
Kasteelbrakel,25015,2020-04-20,1,20
Kasteelbrakel,25015,2020-04-21,0,20
Kasteelbrakel,25015,2020-04-22,0,20
Kasteelbrakel,25015,2020-04-23,1,21
Kasteelbrakel,25015,2020-04-24,0,21
Kasteelbrakel,25015,2020-04-25,0,21
Kasteelbrakel,25015,2020-04-26,0,21
Kasteelbrakel,25015,2020-04-27,0,21
Kasteelbrakel,25015,2020-04-28,0,21
Kasteelbrakel,25015,2020-04-29,0,21
Kasteelbrakel,25015,2020-04-30,0,21
Kasteelbrakel,25015,2020-05-01,0,21
Kasteelbrakel,25015,2020-05-02,0,21
Kasteelbrakel,25015,2020-05-03,0,21
Kasteelbrakel,25015,2020-05-04,0,21
Kasteelbrakel,25015,2020-05-05,0,21
Kasteelbrakel,25015,2020-05-06,0,21
Kasteelbrakel,25015,2020-05-07,0,21
Kasteelbrakel,25015,2020-05-08,1,22
Kasteelbrakel,25015,2020-05-09,0,22
Kasteelbrakel,25015,2020-05-10,0,22
Kasteelbrakel,25015,2020-05-11,1,23
Kasteelbrakel,25015,2020-05-12,0,23
Kasteelbrakel,25015,2020-05-13,0,23
Kasteelbrakel,25015,2020-05-14,0,23
Kasteelbrakel,25015,2020-05-15,0,23
Kasteelbrakel,25015,2020-05-16,0,23
Kasteelbrakel,25015,2020-05-17,0,23
Kasteelbrakel,25015,2020-05-18,0,23
Kasteelbrakel,25015,2020-05-19,1,24
Kasteelbrakel,25015,2020-05-20,0,24
Kasteelbrakel,25015,2020-05-21,0,24
Kasteelbrakel,25015,2020-05-22,0,24
Kasteelbrakel,25015,2020-05-23,0,24
Kasteelbrakel,25015,2020-05-24,0,24
Kasteelbrakel,25015,2020-05-25,1,25
Kasteelbrakel,25015,2020-05-26,1,26
Kasteelbrakel,25015,2020-05-27,0,26
Kasteelbrakel,25015,2020-05-28,0,26
Kasteelbrakel,25015,2020-05-29,0,26
Kasteelbrakel,25015,2020-05-30,0,26
Kasteelbrakel,25015,2020-05-31,0,26
Kasteelbrakel,25015,2020-06-01,0,26
Kasteelbrakel,25015,2020-06-02,0,26
Kasteelbrakel,25015,2020-06-03,0,26
Kasteelbrakel,25015,2020-06-04,0,26
Kasteelbrakel,25015,2020-06-05,0,26
Kasteelbrakel,25015,2020-06-06,0,26
Kasteelbrakel,25015,2020-06-07,0,26
Kasteelbrakel,25015,2020-06-08,0,26
Kasteelbrakel,25015,2020-06-09,0,26
Kasteelbrakel,25015,2020-06-10,0,26
Kasteelbrakel,25015,2020-06-11,0,26
Kasteelbrakel,25015,2020-06-12,0,26
Kasteelbrakel,25015,2020-06-13,0,26
Kasteelbrakel,25015,2020-06-14,0,26
Kasteelbrakel,25015,2020-06-15,0,26
Kasteelbrakel,25015,2020-06-16,0,26
Kasteelbrakel,25015,2020-06-17,0,26
Kasteelbrakel,25015,2020-06-18,0,26
Kasteelbrakel,25015,2020-06-19,0,26
Kasteelbrakel,25015,2020-06-20,0,26
Kasteelbrakel,25015,2020-06-23,0,26
Kasteelbrakel,25015,2020-06-24,0,26
Kasteelbrakel,25015,2020-06-25,0,26
Kasteelbrakel,25015,2020-06-26,0,26
Kasteelbrakel,25015,2020-06-27,0,26
Kasteelbrakel,25015,2020-06-30,0,26
Kasteelbrakel,25015,2020-07-01,0,26
Kasteelbrakel,25015,2020-07-02,0,26
Kasteelbrakel,25015,2020-07-03,0,26
Kasteelbrakel,25015,2020-07-04,0,26
Kasteelbrakel,25015,2020-07-07,0,26
Kasteelbrakel,25015,2020-07-08,0,26
Kasteelbrakel,25015,2020-07-09,0,26
Kasteelbrakel,25015,2020-07-10,0,26
Kasteelbrakel,25015,2020-07-11,0,26
Kasteelbrakel,25015,2020-07-14,0,26
Kasteelbrakel,25015,2020-07-15,0,26
Kasteelbrakel,25015,2020-07-16,0,26
Kasteelbrakel,25015,2020-07-17,0,26
Kasteelbrakel,25015,2020-07-18,0,26
Kasteelbrakel,25015,2020-07-20,0,26
Kasteelbrakel,25015,2020-07-21,0,26
Kasteelbrakel,25015,2020-07-22,0,26
Kasteelbrakel,25015,2020-07-23,0,26
Kasteelbrakel,25015,2020-07-24,0,26
Kasteelbrakel,25015,2020-07-25,0,26
Kasteelbrakel,25015,2020-07-26,0,26
Kasteelbrakel,25015,2020-07-27,1,27
Kasteelbrakel,25015,2020-07-28,0,27
Kasteelbrakel,25015,2020-07-29,0,27
Kasteelbrakel,25015,2020-07-30,0,27
Kasteelbrakel,25015,2020-07-31,0,27
Kasteelbrakel,25015,2020-08-01,1,28
Kasteelbrakel,25015,2020-08-02,0,28
Kasteelbrakel,25015,2020-08-03,1,29
Kasteelbrakel,25015,2020-08-04,1,30
Kasteelbrakel,25015,2020-08-05,0,30
Kasteelbrakel,25015,2020-08-06,0,30
Kasteelbrakel,25015,2020-08-07,0,30
Kasteelbrakel,25015,2020-08-08,0,30
Kasteelbrakel,25015,2020-08-09,0,30
Kasteelbrakel,25015,2020-08-10,0,30
Kasteelbrakel,25015,2020-08-11,0,30
Kasteelbrakel,25015,2020-08-12,0,30
Kasteelbrakel,25015,2020-08-13,0,30
Kasteelbrakel,25015,2020-08-14,0,30
Kasteelbrakel,25015,2020-08-15,1,31
Kasteelbrakel,25015,2020-08-16,0,31
Kasteelbrakel,25015,2020-08-17,0,31
Kasteelbrakel,25015,2020-08-18,0,31
Kasteelbrakel,25015,2020-08-19,0,31
Kasteelbrakel,25015,2020-08-20,1,32
Kasteelbrakel,25015,2020-08-21,3,35
Kasteelbrakel,25015,2020-08-22,1,36
Kasteelbrakel,25015,2020-08-23,0,36
Kasteelbrakel,25015,2020-08-24,0,36
Kasteelbrakel,25015,2020-08-25,0,36
Kasteelbrakel,25015,2020-08-26,0,36
Kasteelbrakel,25015,2020-08-27,1,37
Kasteelbrakel,25015,2020-08-28,0,37
Kasteelbrakel,25015,2020-08-29,1,38
Kasteelbrakel,25015,2020-08-30,0,38
Kasteelbrakel,25015,2020-08-31,2,40
Kasteelbrakel,25015,2020-09-01,0,40
Kasteelbrakel,25015,2020-09-02,1,41
Kasteelbrakel,25015,2020-09-03,1,42
Kasteelbrakel,25015,2020-09-04,2,44
Kasteelbrakel,25015,2020-09-05,1,45
Kasteelbrakel,25015,2020-09-06,0,45
Kasteelbrakel,25015,2020-09-07,0,45
Kasteelbrakel,25015,2020-09-08,0,45
Kasteelbrakel,25015,2020-09-09,0,45
Kasteelbrakel,25015,2020-09-10,0,45
Kasteelbrakel,25015,2020-09-11,1,46
Kasteelbrakel,25015,2020-09-12,1,47
Kasteelbrakel,25015,2020-09-13,0,47
Kasteelbrakel,25015,2020-09-14,1,48
Kasteelbrakel,25015,2020-09-15,1,49
Kasteelbrakel,25015,2020-09-16,1,50
Kasteelbrakel,25015,2020-09-17,5,55
Kasteelbrakel,25015,2020-09-18,2,57
Kasteelbrakel,25015,2020-09-19,4,61
Kasteelbrakel,25015,2020-09-20,1,62
Kasteelbrakel,25015,2020-09-21,1,63
Kasteelbrakel,25015,2020-09-22,0,63
Kasteelbrakel,25015,2020-09-23,4,67
Kasteelbrakel,25015,2020-09-24,3,70
Kasteelbrakel,25015,2020-09-25,3,73
Kasteelbrakel,25015,2020-09-26,1,74
Kasteelbrakel,25015,2020-09-27,0,74
Kasteelbrakel,25015,2020-09-28,0,74
Kasteelbrakel,25015,2020-09-29,1,75
Kasteelbrakel,25015,2020-09-30,3,78
Kasteelbrakel,25015,2020-10-01,2,80
Kasteelbrakel,25015,2020-10-02,4,84
Kasteelbrakel,25015,2020-10-03,2,86
Kasteelbrakel,25015,2020-10-04,2,88
Kasteelbrakel,25015,2020-10-05,8,96
Kasteelbrakel,25015,2020-10-06,3,99
Kasteelbrakel,25015,2020-10-07,2,101
Kasteelbrakel,25015,2020-10-08,7,108
Kasteelbrakel,25015,2020-10-09,8,116
Kasteelbrakel,25015,2020-10-10,9,125
Kasteelbrakel,25015,2020-10-11,14,139
Kasteelbrakel,25015,2020-10-12,15,154
Kasteelbrakel,25015,2020-10-13,3,157
Kasteelbrakel,25015,2020-10-14,8,165
Kasteelbrakel,25015,2020-10-15,19,184
Kasteelbrakel,25015,2020-10-16,18,202
Kasteelbrakel,25015,2020-10-17,19,221
Kasteelbrakel,25015,2020-10-18,11,232
Kasteelbrakel,25015,2020-10-19,12,244
Kasteelbrakel,25015,2020-10-20,6,250
Kasteelbrakel,25015,2020-10-21,20,270
Kasteelbrakel,25015,2020-10-22,18,288
Kasteelbrakel,25015,2020-10-23,54,342
Kasteelbrakel,25015,2020-10-24,32,374
Kasteelbrakel,25015,2020-10-25,31,405
Kasteelbrakel,25015,2020-10-26,8,413
Kasteelbrakel,25015,2020-10-27,16,429
Kasteelbrakel,25015,2020-10-28,9,438
Kasteelbrakel,25015,2020-10-29,43,481
Kasteelbrakel,25015,2020-10-30,21,502
Kasteelbrakel,25015,2020-10-31,18,520
Kasteelbrakel,25015,2020-11-01,7,527
Kasteelbrakel,25015,2020-11-02,8,535
Kasteelbrakel,25015,2020-11-03,8,543
Kasteelbrakel,25015,2020-11-04,2,545
Kasteelbrakel,25015,2020-11-05,14,559
Kasteelbrakel,25015,2020-11-06,9,568
Kasteelbrakel,25015,2020-11-07,6,574
Kasteelbrakel,25015,2020-11-08,6,580
Kasteelbrakel,25015,2020-11-09,2,582
Kasteelbrakel,25015,2020-11-10,1,583
Kasteelbrakel,25015,2020-11-11,5,588
Chaumont-Gistoux,25018,2020-04-01,1,10
Chaumont-Gistoux,25018,2020-04-02,0,10
Chaumont-Gistoux,25018,2020-04-03,1,11
Chaumont-Gistoux,25018,2020-04-04,2,13
Chaumont-Gistoux,25018,2020-04-05,1,14
Chaumont-Gistoux,25018,2020-04-06,2,16
Chaumont-Gistoux,25018,2020-04-07,0,16
Chaumont-Gistoux,25018,2020-04-08,1,17
Chaumont-Gistoux,25018,2020-04-09,0,17
Chaumont-Gistoux,25018,2020-04-10,1,18
Chaumont-Gistoux,25018,2020-04-11,0,18
Chaumont-Gistoux,25018,2020-04-12,1,19
Chaumont-Gistoux,25018,2020-04-13,0,19
Chaumont-Gistoux,25018,2020-04-14,0,19
Chaumont-Gistoux,25018,2020-04-15,1,20
Chaumont-Gistoux,25018,2020-04-16,0,20
Chaumont-Gistoux,25018,2020-04-17,1,21
Chaumont-Gistoux,25018,2020-04-18,1,22
Chaumont-Gistoux,25018,2020-04-19,0,22
Chaumont-Gistoux,25018,2020-04-20,0,22
Chaumont-Gistoux,25018,2020-04-21,0,22
Chaumont-Gistoux,25018,2020-04-22,0,22
Chaumont-Gistoux,25018,2020-04-23,0,22
Chaumont-Gistoux,25018,2020-04-24,0,22
Chaumont-Gistoux,25018,2020-04-25,1,23
Chaumont-Gistoux,25018,2020-04-26,1,24
Chaumont-Gistoux,25018,2020-04-27,0,24
Chaumont-Gistoux,25018,2020-04-28,0,24
Chaumont-Gistoux,25018,2020-04-29,0,24
Chaumont-Gistoux,25018,2020-04-30,1,25
Chaumont-Gistoux,25018,2020-05-01,0,25
Chaumont-Gistoux,25018,2020-05-02,0,25
Chaumont-Gistoux,25018,2020-05-03,0,25
Chaumont-Gistoux,25018,2020-05-04,0,25
Chaumont-Gistoux,25018,2020-05-05,0,25
Chaumont-Gistoux,25018,2020-05-06,0,25
Chaumont-Gistoux,25018,2020-05-07,0,25
Chaumont-Gistoux,25018,2020-05-08,0,25
Chaumont-Gistoux,25018,2020-05-09,0,25
Chaumont-Gistoux,25018,2020-05-10,0,25
Chaumont-Gistoux,25018,2020-05-11,0,25
Chaumont-Gistoux,25018,2020-05-12,0,25
Chaumont-Gistoux,25018,2020-05-13,0,25
Chaumont-Gistoux,25018,2020-05-14,0,25
Chaumont-Gistoux,25018,2020-05-15,0,25
Chaumont-Gistoux,25018,2020-05-16,0,25
Chaumont-Gistoux,25018,2020-05-17,0,25
Chaumont-Gistoux,25018,2020-05-18,0,25
Chaumont-Gistoux,25018,2020-05-19,0,25
Chaumont-Gistoux,25018,2020-05-20,0,25
Chaumont-Gistoux,25018,2020-05-21,0,25
Chaumont-Gistoux,25018,2020-05-22,0,25
Chaumont-Gistoux,25018,2020-05-23,0,25
Chaumont-Gistoux,25018,2020-05-24,0,25
Chaumont-Gistoux,25018,2020-05-25,0,25
Chaumont-Gistoux,25018,2020-05-26,1,26
Chaumont-Gistoux,25018,2020-05-27,1,27
Chaumont-Gistoux,25018,2020-05-28,0,27
Chaumont-Gistoux,25018,2020-05-29,0,27
Chaumont-Gistoux,25018,2020-05-30,0,27
Chaumont-Gistoux,25018,2020-05-31,1,28
Chaumont-Gistoux,25018,2020-06-01,1,29
Chaumont-Gistoux,25018,2020-06-02,0,29
Chaumont-Gistoux,25018,2020-06-03,0,29
Chaumont-Gistoux,25018,2020-06-04,0,29
Chaumont-Gistoux,25018,2020-06-05,0,29
Chaumont-Gistoux,25018,2020-06-06,0,29
Chaumont-Gistoux,25018,2020-06-07,0,29
Chaumont-Gistoux,25018,2020-06-08,0,29
Chaumont-Gistoux,25018,2020-06-09,0,29
Chaumont-Gistoux,25018,2020-06-10,0,29
Chaumont-Gistoux,25018,2020-06-11,1,30
Chaumont-Gistoux,25018,2020-06-12,0,30
Chaumont-Gistoux,25018,2020-06-13,0,30
Chaumont-Gistoux,25018,2020-06-14,0,30
Chaumont-Gistoux,25018,2020-06-15,0,30
Chaumont-Gistoux,25018,2020-06-16,0,30
Chaumont-Gistoux,25018,2020-06-17,0,30
Chaumont-Gistoux,25018,2020-06-18,0,30
Chaumont-Gistoux,25018,2020-06-19,0,30
Chaumont-Gistoux,25018,2020-06-20,0,30
Chaumont-Gistoux,25018,2020-06-23,1,31
Chaumont-Gistoux,25018,2020-06-24,0,31
Chaumont-Gistoux,25018,2020-06-25,0,31
Chaumont-Gistoux,25018,2020-06-26,0,31
Chaumont-Gistoux,25018,2020-06-27,0,31
Chaumont-Gistoux,25018,2020-06-30,0,31
Chaumont-Gistoux,25018,2020-07-01,0,31
Chaumont-Gistoux,25018,2020-07-02,0,31
Chaumont-Gistoux,25018,2020-07-03,0,31
Chaumont-Gistoux,25018,2020-07-04,0,31
Chaumont-Gistoux,25018,2020-07-07,0,31
Chaumont-Gistoux,25018,2020-07-08,0,31
Chaumont-Gistoux,25018,2020-07-09,0,31
Chaumont-Gistoux,25018,2020-07-10,0,31
Chaumont-Gistoux,25018,2020-07-11,0,31
Chaumont-Gistoux,25018,2020-07-14,0,31
Chaumont-Gistoux,25018,2020-07-15,0,31
Chaumont-Gistoux,25018,2020-07-16,0,31
Chaumont-Gistoux,25018,2020-07-17,0,31
Chaumont-Gistoux,25018,2020-07-18,0,31
Chaumont-Gistoux,25018,2020-07-20,0,31
Chaumont-Gistoux,25018,2020-07-21,0,31
Chaumont-Gistoux,25018,2020-07-22,0,31
Chaumont-Gistoux,25018,2020-07-23,1,32
Chaumont-Gistoux,25018,2020-07-24,0,32
Chaumont-Gistoux,25018,2020-07-25,0,32
Chaumont-Gistoux,25018,2020-07-26,0,32
Chaumont-Gistoux,25018,2020-07-27,0,32
Chaumont-Gistoux,25018,2020-07-28,0,32
Chaumont-Gistoux,25018,2020-07-29,0,32
Chaumont-Gistoux,25018,2020-07-30,0,32
Chaumont-Gistoux,25018,2020-07-31,0,32
Chaumont-Gistoux,25018,2020-08-01,0,32
Chaumont-Gistoux,25018,2020-08-02,0,32
Chaumont-Gistoux,25018,2020-08-03,1,33
Chaumont-Gistoux,25018,2020-08-04,1,34
Chaumont-Gistoux,25018,2020-08-05,0,34
Chaumont-Gistoux,25018,2020-08-06,1,35
Chaumont-Gistoux,25018,2020-08-07,0,35
Chaumont-Gistoux,25018,2020-08-08,2,37
Chaumont-Gistoux,25018,2020-08-09,3,40
Chaumont-Gistoux,25018,2020-08-10,1,41
Chaumont-Gistoux,25018,2020-08-11,1,42
Chaumont-Gistoux,25018,2020-08-12,0,42
Chaumont-Gistoux,25018,2020-08-13,1,43
Chaumont-Gistoux,25018,2020-08-14,0,43
Chaumont-Gistoux,25018,2020-08-15,0,43
Chaumont-Gistoux,25018,2020-08-16,0,43
Chaumont-Gistoux,25018,2020-08-17,0,43
Chaumont-Gistoux,25018,2020-08-18,0,43
Chaumont-Gistoux,25018,2020-08-19,0,43
Chaumont-Gistoux,25018,2020-08-20,0,43
Chaumont-Gistoux,25018,2020-08-21,0,43
Chaumont-Gistoux,25018,2020-08-22,1,44
Chaumont-Gistoux,25018,2020-08-23,0,44
Chaumont-Gistoux,25018,2020-08-24,0,44
Chaumont-Gistoux,25018,2020-08-25,0,44
Chaumont-Gistoux,25018,2020-08-26,0,44
Chaumont-Gistoux,25018,2020-08-27,0,44
Chaumont-Gistoux,25018,2020-08-28,0,44
Chaumont-Gistoux,25018,2020-08-29,0,44
Chaumont-Gistoux,25018,2020-08-30,0,44
Chaumont-Gistoux,25018,2020-08-31,0,44
Chaumont-Gistoux,25018,2020-09-01,0,44
Chaumont-Gistoux,25018,2020-09-02,0,44
Chaumont-Gistoux,25018,2020-09-03,0,44
Chaumont-Gistoux,25018,2020-09-04,0,44
Chaumont-Gistoux,25018,2020-09-05,0,44
Chaumont-Gistoux,25018,2020-09-06,0,44
Chaumont-Gistoux,25018,2020-09-07,0,44
Chaumont-Gistoux,25018,2020-09-08,1,45
Chaumont-Gistoux,25018,2020-09-09,0,45
Chaumont-Gistoux,25018,2020-09-10,0,45
Chaumont-Gistoux,25018,2020-09-11,0,45
Chaumont-Gistoux,25018,2020-09-12,0,45
Chaumont-Gistoux,25018,2020-09-13,0,45
Chaumont-Gistoux,25018,2020-09-14,0,45
Chaumont-Gistoux,25018,2020-09-15,0,45
Chaumont-Gistoux,25018,2020-09-16,0,45
Chaumont-Gistoux,25018,2020-09-17,2,47
Chaumont-Gistoux,25018,2020-09-18,1,48
Chaumont-Gistoux,25018,2020-09-19,1,49
Chaumont-Gistoux,25018,2020-09-20,2,51
Chaumont-Gistoux,25018,2020-09-21,2,53
Chaumont-Gistoux,25018,2020-09-22,0,53
Chaumont-Gistoux,25018,2020-09-23,1,54
Chaumont-Gistoux,25018,2020-09-24,2,56
Chaumont-Gistoux,25018,2020-09-25,0,56
Chaumont-Gistoux,25018,2020-09-26,3,59
Chaumont-Gistoux,25018,2020-09-27,3,62
Chaumont-Gistoux,25018,2020-09-28,2,64
Chaumont-Gistoux,25018,2020-09-29,1,65
Chaumont-Gistoux,25018,2020-09-30,3,68
Chaumont-Gistoux,25018,2020-10-01,2,70
Chaumont-Gistoux,25018,2020-10-02,5,75
Chaumont-Gistoux,25018,2020-10-03,3,78
Chaumont-Gistoux,25018,2020-10-04,6,84
Chaumont-Gistoux,25018,2020-10-05,4,88
Chaumont-Gistoux,25018,2020-10-06,3,91
Chaumont-Gistoux,25018,2020-10-07,6,97
Chaumont-Gistoux,25018,2020-10-08,3,100
Chaumont-Gistoux,25018,2020-10-09,19,119
Chaumont-Gistoux,25018,2020-10-10,11,130
Chaumont-Gistoux,25018,2020-10-11,14,144
Chaumont-Gistoux,25018,2020-10-12,9,153
Chaumont-Gistoux,25018,2020-10-13,1,154
Chaumont-Gistoux,25018,2020-10-14,10,164
Chaumont-Gistoux,25018,2020-10-15,24,188
Chaumont-Gistoux,25018,2020-10-16,16,204
Chaumont-Gistoux,25018,2020-10-17,17,221
Chaumont-Gistoux,25018,2020-10-18,22,243
Chaumont-Gistoux,25018,2020-10-19,11,254
Chaumont-Gistoux,25018,2020-10-20,9,263
Chaumont-Gistoux,25018,2020-10-21,13,276
Chaumont-Gistoux,25018,2020-10-22,37,313
Chaumont-Gistoux,25018,2020-10-23,26,339
Chaumont-Gistoux,25018,2020-10-24,35,374
Chaumont-Gistoux,25018,2020-10-25,29,403
Chaumont-Gistoux,25018,2020-10-26,24,427
Chaumont-Gistoux,25018,2020-10-27,11,438
Chaumont-Gistoux,25018,2020-10-28,7,445
Chaumont-Gistoux,25018,2020-10-29,29,474
Chaumont-Gistoux,25018,2020-10-30,19,493
Chaumont-Gistoux,25018,2020-10-31,14,507
Chaumont-Gistoux,25018,2020-11-01,15,522
Chaumont-Gistoux,25018,2020-11-02,6,528
Chaumont-Gistoux,25018,2020-11-03,7,535
Chaumont-Gistoux,25018,2020-11-04,4,539
Chaumont-Gistoux,25018,2020-11-05,17,556
Chaumont-Gistoux,25018,2020-11-06,14,570
Chaumont-Gistoux,25018,2020-11-07,1,571
Chaumont-Gistoux,25018,2020-11-08,13,584
Chaumont-Gistoux,25018,2020-11-09,3,587
Chaumont-Gistoux,25018,2020-11-10,1,588
Chaumont-Gistoux,25018,2020-11-11,4,592
Court-Saint-Etienne,25023,2020-04-01,0,8
Court-Saint-Etienne,25023,2020-04-02,0,8
Court-Saint-Etienne,25023,2020-04-03,0,8
Court-Saint-Etienne,25023,2020-04-04,0,8
Court-Saint-Etienne,25023,2020-04-05,0,8
Court-Saint-Etienne,25023,2020-04-06,0,8
Court-Saint-Etienne,25023,2020-04-07,0,8
Court-Saint-Etienne,25023,2020-04-08,1,9
Court-Saint-Etienne,25023,2020-04-09,0,9
Court-Saint-Etienne,25023,2020-04-10,0,9
Court-Saint-Etienne,25023,2020-04-11,0,9
Court-Saint-Etienne,25023,2020-04-12,1,10
Court-Saint-Etienne,25023,2020-04-13,0,10
Court-Saint-Etienne,25023,2020-04-14,0,10
Court-Saint-Etienne,25023,2020-04-15,0,10
Court-Saint-Etienne,25023,2020-04-16,1,11
Court-Saint-Etienne,25023,2020-04-17,1,12
Court-Saint-Etienne,25023,2020-04-18,0,12
Court-Saint-Etienne,25023,2020-04-19,0,12
Court-Saint-Etienne,25023,2020-04-20,0,12
Court-Saint-Etienne,25023,2020-04-21,2,14
Court-Saint-Etienne,25023,2020-04-22,1,15
Court-Saint-Etienne,25023,2020-04-23,0,15
Court-Saint-Etienne,25023,2020-04-24,1,16
Court-Saint-Etienne,25023,2020-04-25,2,18
Court-Saint-Etienne,25023,2020-04-26,0,18
Court-Saint-Etienne,25023,2020-04-27,0,18
Court-Saint-Etienne,25023,2020-04-28,0,18
Court-Saint-Etienne,25023,2020-04-29,0,18
Court-Saint-Etienne,25023,2020-04-30,1,19
Court-Saint-Etienne,25023,2020-05-01,0,19
Court-Saint-Etienne,25023,2020-05-02,0,19
Court-Saint-Etienne,25023,2020-05-03,0,19
Court-Saint-Etienne,25023,2020-05-04,0,19
Court-Saint-Etienne,25023,2020-05-05,0,19
Court-Saint-Etienne,25023,2020-05-06,1,20
Court-Saint-Etienne,25023,2020-05-07,0,20
Court-Saint-Etienne,25023,2020-05-08,2,22
Court-Saint-Etienne,25023,2020-05-09,0,22
Court-Saint-Etienne,25023,2020-05-10,0,22
Court-Saint-Etienne,25023,2020-05-11,1,23
Court-Saint-Etienne,25023,2020-05-12,0,23
Court-Saint-Etienne,25023,2020-05-13,0,23
Court-Saint-Etienne,25023,2020-05-14,0,23
Court-Saint-Etienne,25023,2020-05-15,0,23
Court-Saint-Etienne,25023,2020-05-16,0,23
Court-Saint-Etienne,25023,2020-05-17,0,23
Court-Saint-Etienne,25023,2020-05-18,0,23
Court-Saint-Etienne,25023,2020-05-19,0,23
Court-Saint-Etienne,25023,2020-05-20,0,23
Court-Saint-Etienne,25023,2020-05-21,0,23
Court-Saint-Etienne,25023,2020-05-22,0,23
Court-Saint-Etienne,25023,2020-05-23,2,25
Court-Saint-Etienne,25023,2020-05-24,0,25
Court-Saint-Etienne,25023,2020-05-25,0,25
Court-Saint-Etienne,25023,2020-05-26,0,25
Court-Saint-Etienne,25023,2020-05-27,0,25
Court-Saint-Etienne,25023,2020-05-28,0,25
Court-Saint-Etienne,25023,2020-05-29,0,25
Court-Saint-Etienne,25023,2020-05-30,0,25
Court-Saint-Etienne,25023,2020-05-31,0,25
Court-Saint-Etienne,25023,2020-06-01,1,26
Court-Saint-Etienne,25023,2020-06-02,0,26
Court-Saint-Etienne,25023,2020-06-03,0,26
Court-Saint-Etienne,25023,2020-06-04,0,26
Court-Saint-Etienne,25023,2020-06-05,0,26
Court-Saint-Etienne,25023,2020-06-06,0,26
Court-Saint-Etienne,25023,2020-06-07,0,26
Court-Saint-Etienne,25023,2020-06-08,0,26
Court-Saint-Etienne,25023,2020-06-09,1,27
Court-Saint-Etienne,25023,2020-06-10,0,27
Court-Saint-Etienne,25023,2020-06-11,0,27
Court-Saint-Etienne,25023,2020-06-12,0,27
Court-Saint-Etienne,25023,2020-06-13,0,27
Court-Saint-Etienne,25023,2020-06-14,0,27
Court-Saint-Etienne,25023,2020-06-15,0,27
Court-Saint-Etienne,25023,2020-06-16,0,27
Court-Saint-Etienne,25023,2020-06-17,0,27
Court-Saint-Etienne,25023,2020-06-18,0,27
Court-Saint-Etienne,25023,2020-06-19,0,27
Court-Saint-Etienne,25023,2020-06-20,0,27
Court-Saint-Etienne,25023,2020-06-23,0,27
Court-Saint-Etienne,25023,2020-06-24,0,27
Court-Saint-Etienne,25023,2020-06-25,0,27
Court-Saint-Etienne,25023,2020-06-26,0,27
Court-Saint-Etienne,25023,2020-06-27,0,27
Court-Saint-Etienne,25023,2020-06-30,0,27
Court-Saint-Etienne,25023,2020-07-01,0,27
Court-Saint-Etienne,25023,2020-07-02,0,27
Court-Saint-Etienne,25023,2020-07-03,0,27
Court-Saint-Etienne,25023,2020-07-04,0,27
Court-Saint-Etienne,25023,2020-07-07,0,27
Court-Saint-Etienne,25023,2020-07-08,0,27
Court-Saint-Etienne,25023,2020-07-09,1,28
Court-Saint-Etienne,25023,2020-07-10,0,28
Court-Saint-Etienne,25023,2020-07-11,1,29
Court-Saint-Etienne,25023,2020-07-14,0,29
Court-Saint-Etienne,25023,2020-07-15,0,29
Court-Saint-Etienne,25023,2020-07-16,0,29
Court-Saint-Etienne,25023,2020-07-17,1,30
Court-Saint-Etienne,25023,2020-07-18,0,30
Court-Saint-Etienne,25023,2020-07-20,1,31
Court-Saint-Etienne,25023,2020-07-21,0,31
Court-Saint-Etienne,25023,2020-07-22,0,31
Court-Saint-Etienne,25023,2020-07-23,0,31
Court-Saint-Etienne,25023,2020-07-24,0,31
Court-Saint-Etienne,25023,2020-07-25,0,31
Court-Saint-Etienne,25023,2020-07-26,0,31
Court-Saint-Etienne,25023,2020-07-27,0,31
Court-Saint-Etienne,25023,2020-07-28,0,31
Court-Saint-Etienne,25023,2020-07-29,0,31
Court-Saint-Etienne,25023,2020-07-30,0,31
Court-Saint-Etienne,25023,2020-07-31,1,32
Court-Saint-Etienne,25023,2020-08-01,1,33
Court-Saint-Etienne,25023,2020-08-02,0,33
Court-Saint-Etienne,25023,2020-08-03,0,33
Court-Saint-Etienne,25023,2020-08-04,0,33
Court-Saint-Etienne,25023,2020-08-05,0,33
Court-Saint-Etienne,25023,2020-08-06,0,33
Court-Saint-Etienne,25023,2020-08-07,0,33
Court-Saint-Etienne,25023,2020-08-08,1,34
Court-Saint-Etienne,25023,2020-08-09,0,34
Court-Saint-Etienne,25023,2020-08-10,0,34
Court-Saint-Etienne,25023,2020-08-11,0,34
Court-Saint-Etienne,25023,2020-08-12,0,34
Court-Saint-Etienne,25023,2020-08-13,0,34
Court-Saint-Etienne,25023,2020-08-14,0,34
Court-Saint-Etienne,25023,2020-08-15,1,35
Court-Saint-Etienne,25023,2020-08-16,0,35
Court-Saint-Etienne,25023,2020-08-17,0,35
Court-Saint-Etienne,25023,2020-08-18,0,35
Court-Saint-Etienne,25023,2020-08-19,0,35
Court-Saint-Etienne,25023,2020-08-20,0,35
Court-Saint-Etienne,25023,2020-08-21,1,36
Court-Saint-Etienne,25023,2020-08-22,0,36
Court-Saint-Etienne,25023,2020-08-23,0,36
Court-Saint-Etienne,25023,2020-08-24,1,37
Court-Saint-Etienne,25023,2020-08-25,0,37
Court-Saint-Etienne,25023,2020-08-26,1,38
Court-Saint-Etienne,25023,2020-08-27,1,39
Court-Saint-Etienne,25023,2020-08-28,1,40
Court-Saint-Etienne,25023,2020-08-29,0,40
Court-Saint-Etienne,25023,2020-08-30,1,41
Court-Saint-Etienne,25023,2020-08-31,1,42
Court-Saint-Etienne,25023,2020-09-01,0,42
Court-Saint-Etienne,25023,2020-09-02,0,42
Court-Saint-Etienne,25023,2020-09-03,0,42
Court-Saint-Etienne,25023,2020-09-04,2,44
Court-Saint-Etienne,25023,2020-09-05,0,44
Court-Saint-Etienne,25023,2020-09-06,1,45
Court-Saint-Etienne,25023,2020-09-07,1,46
Court-Saint-Etienne,25023,2020-09-08,0,46
Court-Saint-Etienne,25023,2020-09-09,0,46
Court-Saint-Etienne,25023,2020-09-10,1,47
Court-Saint-Etienne,25023,2020-09-11,2,49
Court-Saint-Etienne,25023,2020-09-12,1,50
Court-Saint-Etienne,25023,2020-09-13,1,51
Court-Saint-Etienne,25023,2020-09-14,4,55
Court-Saint-Etienne,25023,2020-09-15,0,55
Court-Saint-Etienne,25023,2020-09-16,0,55
Court-Saint-Etienne,25023,2020-09-17,0,55
Court-Saint-Etienne,25023,2020-09-18,3,58
Court-Saint-Etienne,25023,2020-09-19,0,58
Court-Saint-Etienne,25023,2020-09-20,1,59
Court-Saint-Etienne,25023,2020-09-21,2,61
Court-Saint-Etienne,25023,2020-09-22,0,61
Court-Saint-Etienne,25023,2020-09-23,3,64
Court-Saint-Etienne,25023,2020-09-24,2,66
Court-Saint-Etienne,25023,2020-09-25,0,66
Court-Saint-Etienne,25023,2020-09-26,4,70
Court-Saint-Etienne,25023,2020-09-27,0,70
Court-Saint-Etienne,25023,2020-09-28,2,72
Court-Saint-Etienne,25023,2020-09-29,0,72
Court-Saint-Etienne,25023,2020-09-30,1,73
Court-Saint-Etienne,25023,2020-10-01,1,74
Court-Saint-Etienne,25023,2020-10-02,3,77
Court-Saint-Etienne,25023,2020-10-03,2,79
Court-Saint-Etienne,25023,2020-10-04,2,81
Court-Saint-Etienne,25023,2020-10-05,5,86
Court-Saint-Etienne,25023,2020-10-06,2,88
Court-Saint-Etienne,25023,2020-10-07,3,91
Court-Saint-Etienne,25023,2020-10-08,5,96
Court-Saint-Etienne,25023,2020-10-09,17,113
Court-Saint-Etienne,25023,2020-10-10,8,121
Court-Saint-Etienne,25023,2020-10-11,13,134
Court-Saint-Etienne,25023,2020-10-12,10,144
Court-Saint-Etienne,25023,2020-10-13,3,147
Court-Saint-Etienne,25023,2020-10-14,14,161
Court-Saint-Etienne,25023,2020-10-15,12,173
Court-Saint-Etienne,25023,2020-10-16,16,189
Court-Saint-Etienne,25023,2020-10-17,17,206
Court-Saint-Etienne,25023,2020-10-18,17,223
Court-Saint-Etienne,25023,2020-10-19,11,234
Court-Saint-Etienne,25023,2020-10-20,8,242
Court-Saint-Etienne,25023,2020-10-21,10,252
Court-Saint-Etienne,25023,2020-10-22,24,276
Court-Saint-Etienne,25023,2020-10-23,20,296
Court-Saint-Etienne,25023,2020-10-24,17,313
Court-Saint-Etienne,25023,2020-10-25,29,342
Court-Saint-Etienne,25023,2020-10-26,21,363
Court-Saint-Etienne,25023,2020-10-27,15,378
Court-Saint-Etienne,25023,2020-10-28,7,385
Court-Saint-Etienne,25023,2020-10-29,26,411
Court-Saint-Etienne,25023,2020-10-30,19,430
Court-Saint-Etienne,25023,2020-10-31,19,449
Court-Saint-Etienne,25023,2020-11-01,16,465
Court-Saint-Etienne,25023,2020-11-02,5,470
Court-Saint-Etienne,25023,2020-11-03,10,480
Court-Saint-Etienne,25023,2020-11-04,4,484
Court-Saint-Etienne,25023,2020-11-05,20,504
Court-Saint-Etienne,25023,2020-11-06,9,513
Court-Saint-Etienne,25023,2020-11-07,11,524
Court-Saint-Etienne,25023,2020-11-08,4,528
Court-Saint-Etienne,25023,2020-11-09,6,534
Court-Saint-Etienne,25023,2020-11-10,1,535
Court-Saint-Etienne,25023,2020-11-11,7,542
Genepiën,25031,2020-04-01,1,11
Genepiën,25031,2020-04-02,1,12
Genepiën,25031,2020-04-03,2,14
Genepiën,25031,2020-04-04,2,16
Genepiën,25031,2020-04-05,4,20
Genepiën,25031,2020-04-06,3,23
Genepiën,25031,2020-04-07,1,24
Genepiën,25031,2020-04-08,1,25
Genepiën,25031,2020-04-09,1,26
Genepiën,25031,2020-04-10,0,26
Genepiën,25031,2020-04-11,2,28
Genepiën,25031,2020-04-12,1,29
Genepiën,25031,2020-04-13,2,31
Genepiën,25031,2020-04-14,0,31
Genepiën,25031,2020-04-15,0,31
Genepiën,25031,2020-04-16,0,31
Genepiën,25031,2020-04-17,0,31
Genepiën,25031,2020-04-18,0,31
Genepiën,25031,2020-04-19,2,33
Genepiën,25031,2020-04-20,1,34
Genepiën,25031,2020-04-21,0,34
Genepiën,25031,2020-04-22,0,34
Genepiën,25031,2020-04-23,1,35
Genepiën,25031,2020-04-24,8,43
Genepiën,25031,2020-04-25,19,62
Genepiën,25031,2020-04-26,1,63
Genepiën,25031,2020-04-27,3,66
Genepiën,25031,2020-04-28,0,66
Genepiën,25031,2020-04-29,0,66
Genepiën,25031,2020-04-30,0,66
Genepiën,25031,2020-05-01,0,66
Genepiën,25031,2020-05-02,1,67
Genepiën,25031,2020-05-03,0,67
Genepiën,25031,2020-05-04,1,68
Genepiën,25031,2020-05-05,0,68
Genepiën,25031,2020-05-06,2,70
Genepiën,25031,2020-05-07,1,71
Genepiën,25031,2020-05-08,0,71
Genepiën,25031,2020-05-09,0,71
Genepiën,25031,2020-05-10,1,72
Genepiën,25031,2020-05-11,0,72
Genepiën,25031,2020-05-12,2,74
Genepiën,25031,2020-05-13,0,74
Genepiën,25031,2020-05-14,0,74
Genepiën,25031,2020-05-15,0,74
Genepiën,25031,2020-05-16,0,74
Genepiën,25031,2020-05-17,0,74
Genepiën,25031,2020-05-18,1,75
Genepiën,25031,2020-05-19,0,75
Genepiën,25031,2020-05-20,0,75
Genepiën,25031,2020-05-21,1,76
Genepiën,25031,2020-05-22,0,76
Genepiën,25031,2020-05-23,0,76
Genepiën,25031,2020-05-24,0,76
Genepiën,25031,2020-05-25,0,76
Genepiën,25031,2020-05-26,0,76
Genepiën,25031,2020-05-27,1,77
Genepiën,25031,2020-05-28,0,77
Genepiën,25031,2020-05-29,0,77
Genepiën,25031,2020-05-30,0,77
Genepiën,25031,2020-05-31,0,77
Genepiën,25031,2020-06-01,0,77
Genepiën,25031,2020-06-02,0,77
Genepiën,25031,2020-06-03,1,78
Genepiën,25031,2020-06-04,0,78
Genepiën,25031,2020-06-05,0,78
Genepiën,25031,2020-06-06,0,78
Genepiën,25031,2020-06-07,0,78
Genepiën,25031,2020-06-08,0,78
Genepiën,25031,2020-06-09,0,78
Genepiën,25031,2020-06-10,0,78
Genepiën,25031,2020-06-11,0,78
Genepiën,25031,2020-06-12,0,78
Genepiën,25031,2020-06-13,1,79
Genepiën,25031,2020-06-14,0,79
Genepiën,25031,2020-06-15,0,79
Genepiën,25031,2020-06-16,0,79
Genepiën,25031,2020-06-17,0,79
Genepiën,25031,2020-06-18,0,79
Genepiën,25031,2020-06-19,0,79
Genepiën,25031,2020-06-20,0,79
Genepiën,25031,2020-06-23,0,79
Genepiën,25031,2020-06-24,0,79
Genepiën,25031,2020-06-25,0,79
Genepiën,25031,2020-06-26,0,79
Genepiën,25031,2020-06-27,0,79
Genepiën,25031,2020-06-30,0,79
Genepiën,25031,2020-07-01,0,79
Genepiën,25031,2020-07-02,0,79
Genepiën,25031,2020-07-03,0,79
Genepiën,25031,2020-07-04,0,79
Genepiën,25031,2020-07-07,0,79
Genepiën,25031,2020-07-08,0,79
Genepiën,25031,2020-07-09,0,79
Genepiën,25031,2020-07-10,0,79
Genepiën,25031,2020-07-11,0,79
Genepiën,25031,2020-07-14,0,79
Genepiën,25031,2020-07-15,0,79
Genepiën,25031,2020-07-16,0,79
Genepiën,25031,2020-07-17,0,79
Genepiën,25031,2020-07-18,0,79
Genepiën,25031,2020-07-20,0,79
Genepiën,25031,2020-07-21,0,79
Genepiën,25031,2020-07-22,1,80
Genepiën,25031,2020-07-23,0,80
Genepiën,25031,2020-07-24,1,81
Genepiën,25031,2020-07-25,1,82
Genepiën,25031,2020-07-26,1,83
Genepiën,25031,2020-07-27,0,83
Genepiën,25031,2020-07-28,1,84
Genepiën,25031,2020-07-29,0,84
Genepiën,25031,2020-07-30,1,85
Genepiën,25031,2020-07-31,1,86
Genepiën,25031,2020-08-01,0,86
Genepiën,25031,2020-08-02,1,87
Genepiën,25031,2020-08-03,0,87
Genepiën,25031,2020-08-04,1,88
Genepiën,25031,2020-08-05,0,88
Genepiën,25031,2020-08-06,2,90
Genepiën,25031,2020-08-07,0,90
Genepiën,25031,2020-08-08,3,93
Genepiën,25031,2020-08-09,0,93
Genepiën,25031,2020-08-10,0,93
Genepiën,25031,2020-08-11,1,94
Genepiën,25031,2020-08-12,1,95
Genepiën,25031,2020-08-13,0,95
Genepiën,25031,2020-08-14,0,95
Genepiën,25031,2020-08-15,0,95
Genepiën,25031,2020-08-16,1,96
Genepiën,25031,2020-08-17,0,96
Genepiën,25031,2020-08-18,0,96
Genepiën,25031,2020-08-19,1,97
Genepiën,25031,2020-08-20,0,97
Genepiën,25031,2020-08-21,0,97
Genepiën,25031,2020-08-22,0,97
Genepiën,25031,2020-08-23,0,97
Genepiën,25031,2020-08-24,0,97
Genepiën,25031,2020-08-25,0,97
Genepiën,25031,2020-08-26,0,97
Genepiën,25031,2020-08-27,0,97
Genepiën,25031,2020-08-28,0,97
Genepiën,25031,2020-08-29,0,97
Genepiën,25031,2020-08-30,1,98
Genepiën,25031,2020-08-31,0,98
Genepiën,25031,2020-09-01,0,98
Genepiën,25031,2020-09-02,1,99
Genepiën,25031,2020-09-03,0,99
Genepiën,25031,2020-09-04,0,99
Genepiën,25031,2020-09-05,0,99
Genepiën,25031,2020-09-06,1,100
Genepiën,25031,2020-09-07,0,100
Genepiën,25031,2020-09-08,0,100
Genepiën,25031,2020-09-09,0,100
Genepiën,25031,2020-09-10,0,100
Genepiën,25031,2020-09-11,0,100
Genepiën,25031,2020-09-12,1,101
Genepiën,25031,2020-09-13,1,102
Genepiën,25031,2020-09-14,0,102
Genepiën,25031,2020-09-15,0,102
Genepiën,25031,2020-09-16,0,102
Genepiën,25031,2020-09-17,2,104
Genepiën,25031,2020-09-18,9,113
Genepiën,25031,2020-09-19,4,117
Genepiën,25031,2020-09-20,3,120
Genepiën,25031,2020-09-21,2,122
Genepiën,25031,2020-09-22,2,124
Genepiën,25031,2020-09-23,4,128
Genepiën,25031,2020-09-24,3,131
Genepiën,25031,2020-09-25,0,131
Genepiën,25031,2020-09-26,1,132
Genepiën,25031,2020-09-27,1,133
Genepiën,25031,2020-09-28,2,135
Genepiën,25031,2020-09-29,2,137
Genepiën,25031,2020-09-30,4,141
Genepiën,25031,2020-10-01,0,141
Genepiën,25031,2020-10-02,8,149
Genepiën,25031,2020-10-03,5,154
Genepiën,25031,2020-10-04,7,161
Genepiën,25031,2020-10-05,10,171
Genepiën,25031,2020-10-06,0,171
Genepiën,25031,2020-10-07,4,175
Genepiën,25031,2020-10-08,7,182
Genepiën,25031,2020-10-09,18,200
Genepiën,25031,2020-10-10,10,210
Genepiën,25031,2020-10-11,15,225
Genepiën,25031,2020-10-12,13,238
Genepiën,25031,2020-10-13,3,241
Genepiën,25031,2020-10-14,10,251
Genepiën,25031,2020-10-15,23,274
Genepiën,25031,2020-10-16,18,292
Genepiën,25031,2020-10-17,14,306
Genepiën,25031,2020-10-18,25,331
Genepiën,25031,2020-10-19,7,338
Genepiën,25031,2020-10-20,16,354
Genepiën,25031,2020-10-21,27,381
Genepiën,25031,2020-10-22,35,416
Genepiën,25031,2020-10-23,26,442
Genepiën,25031,2020-10-24,30,472
Genepiën,25031,2020-10-25,26,498
Genepiën,25031,2020-10-26,13,511
Genepiën,25031,2020-10-27,23,534
Genepiën,25031,2020-10-28,12,546
Genepiën,25031,2020-10-29,40,586
Genepiën,25031,2020-10-30,47,633
Genepiën,25031,2020-10-31,13,646
Genepiën,25031,2020-11-01,21,667
Genepiën,25031,2020-11-02,11,678
Genepiën,25031,2020-11-03,13,691
Genepiën,25031,2020-11-04,3,694
Genepiën,25031,2020-11-05,25,719
Genepiën,25031,2020-11-06,14,733
Genepiën,25031,2020-11-07,12,745
Genepiën,25031,2020-11-08,17,762
Genepiën,25031,2020-11-09,10,772
Genepiën,25031,2020-11-10,1,773
Genepiën,25031,2020-11-11,8,781
Graven,25037,2020-04-01,0,17
Graven,25037,2020-04-02,1,18
Graven,25037,2020-04-03,2,20
Graven,25037,2020-04-04,0,20
Graven,25037,2020-04-05,0,20
Graven,25037,2020-04-06,0,20
Graven,25037,2020-04-07,1,21
Graven,25037,2020-04-08,0,21
Graven,25037,2020-04-09,0,21
Graven,25037,2020-04-10,0,21
Graven,25037,2020-04-11,1,22
Graven,25037,2020-04-12,1,23
Graven,25037,2020-04-13,1,24
Graven,25037,2020-04-14,0,24
Graven,25037,2020-04-15,0,24
Graven,25037,2020-04-16,1,25
Graven,25037,2020-04-17,1,26
Graven,25037,2020-04-18,0,26
Graven,25037,2020-04-19,0,26
Graven,25037,2020-04-20,0,26
Graven,25037,2020-04-21,0,26
Graven,25037,2020-04-22,0,26
Graven,25037,2020-04-23,0,26
Graven,25037,2020-04-24,0,26
Graven,25037,2020-04-25,0,26
Graven,25037,2020-04-26,0,26
Graven,25037,2020-04-27,0,26
Graven,25037,2020-04-28,0,26
Graven,25037,2020-04-29,0,26
Graven,25037,2020-04-30,0,26
Graven,25037,2020-05-01,0,26
Graven,25037,2020-05-02,0,26
Graven,25037,2020-05-03,1,27
Graven,25037,2020-05-04,0,27
Graven,25037,2020-05-05,0,27
Graven,25037,2020-05-06,0,27
Graven,25037,2020-05-07,0,27
Graven,25037,2020-05-08,3,30
Graven,25037,2020-05-09,0,30
Graven,25037,2020-05-10,1,31
Graven,25037,2020-05-11,1,32
Graven,25037,2020-05-12,1,33
Graven,25037,2020-05-13,0,33
Graven,25037,2020-05-14,1,34
Graven,25037,2020-05-15,0,34
Graven,25037,2020-05-16,0,34
Graven,25037,2020-05-17,0,34
Graven,25037,2020-05-18,1,35
Graven,25037,2020-05-19,0,35
Graven,25037,2020-05-20,0,35
Graven,25037,2020-05-21,0,35
Graven,25037,2020-05-22,0,35
Graven,25037,2020-05-23,1,36
Graven,25037,2020-05-24,0,36
Graven,25037,2020-05-25,0,36
Graven,25037,2020-05-26,0,36
Graven,25037,2020-05-27,0,36
Graven,25037,2020-05-28,0,36
Graven,25037,2020-05-29,0,36
Graven,25037,2020-05-30,0,36
Graven,25037,2020-05-31,0,36
Graven,25037,2020-06-01,0,36
Graven,25037,2020-06-02,0,36
Graven,25037,2020-06-03,0,36
Graven,25037,2020-06-04,1,37
Graven,25037,2020-06-05,0,37
Graven,25037,2020-06-06,1,38
Graven,25037,2020-06-07,0,38
Graven,25037,2020-06-08,0,38
Graven,25037,2020-06-09,1,39
Graven,25037,2020-06-10,0,39
Graven,25037,2020-06-11,0,39
Graven,25037,2020-06-12,0,39
Graven,25037,2020-06-13,0,39
Graven,25037,2020-06-14,0,39
Graven,25037,2020-06-15,0,39
Graven,25037,2020-06-16,0,39
Graven,25037,2020-06-17,0,39
Graven,25037,2020-06-18,0,39
Graven,25037,2020-06-19,0,39
Graven,25037,2020-06-20,0,39
Graven,25037,2020-06-23,0,39
Graven,25037,2020-06-24,0,39
Graven,25037,2020-06-25,0,39
Graven,25037,2020-06-26,0,39
Graven,25037,2020-06-27,0,39
Graven,25037,2020-06-30,0,39
Graven,25037,2020-07-01,0,39
Graven,25037,2020-07-02,0,39
Graven,25037,2020-07-03,0,39
Graven,25037,2020-07-04,0,39
Graven,25037,2020-07-07,0,39
Graven,25037,2020-07-08,0,39
Graven,25037,2020-07-09,0,39
Graven,25037,2020-07-10,0,39
Graven,25037,2020-07-11,0,39
Graven,25037,2020-07-14,0,39
Graven,25037,2020-07-15,0,39
Graven,25037,2020-07-16,0,39
Graven,25037,2020-07-17,2,41
Graven,25037,2020-07-18,0,41
Graven,25037,2020-07-20,0,41
Graven,25037,2020-07-21,1,42
Graven,25037,2020-07-22,0,42
Graven,25037,2020-07-23,0,42
Graven,25037,2020-07-24,0,42
Graven,25037,2020-07-25,0,42
Graven,25037,2020-07-26,0,42
Graven,25037,2020-07-27,0,42
Graven,25037,2020-07-28,0,42
Graven,25037,2020-07-29,0,42
Graven,25037,2020-07-30,0,42
Graven,25037,2020-07-31,1,43
Graven,25037,2020-08-01,0,43
Graven,25037,2020-08-02,0,43
Graven,25037,2020-08-03,0,43
Graven,25037,2020-08-04,0,43
Graven,25037,2020-08-05,0,43
Graven,25037,2020-08-06,0,43
Graven,25037,2020-08-07,1,44
Graven,25037,2020-08-08,0,44
Graven,25037,2020-08-09,0,44
Graven,25037,2020-08-10,1,45
Graven,25037,2020-08-11,0,45
Graven,25037,2020-08-12,0,45
Graven,25037,2020-08-13,0,45
Graven,25037,2020-08-14,0,45
Graven,25037,2020-08-15,2,47
Graven,25037,2020-08-16,2,49
Graven,25037,2020-08-17,0,49
Graven,25037,2020-08-18,0,49
Graven,25037,2020-08-19,0,49
Graven,25037,2020-08-20,0,49
Graven,25037,2020-08-21,0,49
Graven,25037,2020-08-22,1,50
Graven,25037,2020-08-23,0,50
Graven,25037,2020-08-24,0,50
Graven,25037,2020-08-25,0,50
Graven,25037,2020-08-26,0,50
Graven,25037,2020-08-27,0,50
Graven,25037,2020-08-28,0,50
Graven,25037,2020-08-29,0,50
Graven,25037,2020-08-30,0,50
Graven,25037,2020-08-31,1,51
Graven,25037,2020-09-01,0,51
Graven,25037,2020-09-02,0,51
Graven,25037,2020-09-03,2,53
Graven,25037,2020-09-04,1,54
Graven,25037,2020-09-05,1,55
Graven,25037,2020-09-06,0,55
Graven,25037,2020-09-07,4,59
Graven,25037,2020-09-08,3,62
Graven,25037,2020-09-09,2,64
Graven,25037,2020-09-10,2,66
Graven,25037,2020-09-11,1,67
Graven,25037,2020-09-12,1,68
Graven,25037,2020-09-13,5,73
Graven,25037,2020-09-14,4,77
Graven,25037,2020-09-15,2,79
Graven,25037,2020-09-16,1,80
Graven,25037,2020-09-17,1,81
Graven,25037,2020-09-18,1,82
Graven,25037,2020-09-19,3,85
Graven,25037,2020-09-20,7,92
Graven,25037,2020-09-21,1,93
Graven,25037,2020-09-22,0,93
Graven,25037,2020-09-23,1,94
Graven,25037,2020-09-24,3,97
Graven,25037,2020-09-25,2,99
Graven,25037,2020-09-26,0,99
Graven,25037,2020-09-27,3,102
Graven,25037,2020-09-28,1,103
Graven,25037,2020-09-29,0,103
Graven,25037,2020-09-30,4,107
Graven,25037,2020-10-01,4,111
Graven,25037,2020-10-02,1,112
Graven,25037,2020-10-03,6,118
Graven,25037,2020-10-04,6,124
Graven,25037,2020-10-05,2,126
Graven,25037,2020-10-06,7,133
Graven,25037,2020-10-07,5,138
Graven,25037,2020-10-08,5,143
Graven,25037,2020-10-09,21,164
Graven,25037,2020-10-10,15,179
Graven,25037,2020-10-11,12,191
Graven,25037,2020-10-12,12,203
Graven,25037,2020-10-13,6,209
Graven,25037,2020-10-14,13,222
Graven,25037,2020-10-15,16,238
Graven,25037,2020-10-16,29,267
Graven,25037,2020-10-17,26,293
Graven,25037,2020-10-18,19,312
Graven,25037,2020-10-19,8,320
Graven,25037,2020-10-20,18,338
Graven,25037,2020-10-21,13,351
Graven,25037,2020-10-22,25,376
Graven,25037,2020-10-23,48,424
Graven,25037,2020-10-24,39,463
Graven,25037,2020-10-25,19,482
Graven,25037,2020-10-26,21,503
Graven,25037,2020-10-27,22,525
Graven,25037,2020-10-28,9,534
Graven,25037,2020-10-29,29,563
Graven,25037,2020-10-30,28,591
Graven,25037,2020-10-31,13,604
Graven,25037,2020-11-01,19,623
Graven,25037,2020-11-02,11,634
Graven,25037,2020-11-03,12,646
Graven,25037,2020-11-04,4,650
Graven,25037,2020-11-05,26,676
Graven,25037,2020-11-06,9,685
Graven,25037,2020-11-07,9,694
Graven,25037,2020-11-08,5,699
Graven,25037,2020-11-09,10,709
Graven,25037,2020-11-10,2,711
Graven,25037,2020-11-11,1,712
Incourt,25043,2020-04-01,0,9
Incourt,25043,2020-04-02,1,10
Incourt,25043,2020-04-03,1,11
Incourt,25043,2020-04-04,0,11
Incourt,25043,2020-04-05,0,11
Incourt,25043,2020-04-06,0,11
Incourt,25043,2020-04-07,0,11
Incourt,25043,2020-04-08,0,11
Incourt,25043,2020-04-09,0,11
Incourt,25043,2020-04-10,1,12
Incourt,25043,2020-04-11,0,12
Incourt,25043,2020-04-12,3,15
Incourt,25043,2020-04-13,1,16
Incourt,25043,2020-04-14,0,16
Incourt,25043,2020-04-15,1,17
Incourt,25043,2020-04-16,0,17
Incourt,25043,2020-04-17,0,17
Incourt,25043,2020-04-18,0,17
Incourt,25043,2020-04-19,0,17
Incourt,25043,2020-04-20,0,17
Incourt,25043,2020-04-21,0,17
Incourt,25043,2020-04-22,0,17
Incourt,25043,2020-04-23,0,17
Incourt,25043,2020-04-24,0,17
Incourt,25043,2020-04-25,0,17
Incourt,25043,2020-04-26,0,17
Incourt,25043,2020-04-27,1,18
Incourt,25043,2020-04-28,0,18
Incourt,25043,2020-04-29,0,18
Incourt,25043,2020-04-30,0,18
Incourt,25043,2020-05-01,0,18
Incourt,25043,2020-05-02,0,18
Incourt,25043,2020-05-03,0,18
Incourt,25043,2020-05-04,0,18
Incourt,25043,2020-05-05,0,18
Incourt,25043,2020-05-06,0,18
Incourt,25043,2020-05-07,0,18
Incourt,25043,2020-05-08,0,18
Incourt,25043,2020-05-09,0,18
Incourt,25043,2020-05-10,0,18
Incourt,25043,2020-05-11,0,18
Incourt,25043,2020-05-12,0,18
Incourt,25043,2020-05-13,0,18
Incourt,25043,2020-05-14,0,18
Incourt,25043,2020-05-15,0,18
Incourt,25043,2020-05-16,0,18
Incourt,25043,2020-05-17,0,18
Incourt,25043,2020-05-18,0,18
Incourt,25043,2020-05-19,0,18
Incourt,25043,2020-05-20,0,18
Incourt,25043,2020-05-21,0,18
Incourt,25043,2020-05-22,0,18
Incourt,25043,2020-05-23,0,18
Incourt,25043,2020-05-24,0,18
Incourt,25043,2020-05-25,0,18
Incourt,25043,2020-05-26,0,18
Incourt,25043,2020-05-27,0,18
Incourt,25043,2020-05-28,0,18
Incourt,25043,2020-05-29,0,18
Incourt,25043,2020-05-30,0,18
Incourt,25043,2020-05-31,0,18
Incourt,25043,2020-06-01,0,18
Incourt,25043,2020-06-02,0,18
Incourt,25043,2020-06-03,0,18
Incourt,25043,2020-06-04,0,18
Incourt,25043,2020-06-05,0,18
Incourt,25043,2020-06-06,0,18
Incourt,25043,2020-06-07,0,18
Incourt,25043,2020-06-08,0,18
Incourt,25043,2020-06-09,0,18
Incourt,25043,2020-06-10,0,18
Incourt,25043,2020-06-11,0,18
Incourt,25043,2020-06-12,0,18
Incourt,25043,2020-06-13,0,18
Incourt,25043,2020-06-14,0,18
Incourt,25043,2020-06-15,0,18
Incourt,25043,2020-06-16,0,18
Incourt,25043,2020-06-17,0,18
Incourt,25043,2020-06-18,0,18
Incourt,25043,2020-06-19,0,18
Incourt,25043,2020-06-20,0,18
Incourt,25043,2020-06-23,0,18
Incourt,25043,2020-06-24,0,18
Incourt,25043,2020-06-25,0,18
Incourt,25043,2020-06-26,0,18
Incourt,25043,2020-06-27,1,19
Incourt,25043,2020-06-30,0,19
Incourt,25043,2020-07-01,0,19
Incourt,25043,2020-07-02,0,19
Incourt,25043,2020-07-03,0,19
Incourt,25043,2020-07-04,0,19
Incourt,25043,2020-07-07,0,19
Incourt,25043,2020-07-08,0,19
Incourt,25043,2020-07-09,0,19
Incourt,25043,2020-07-10,0,19
Incourt,25043,2020-07-11,0,19
Incourt,25043,2020-07-14,0,19
Incourt,25043,2020-07-15,0,19
Incourt,25043,2020-07-16,0,19
Incourt,25043,2020-07-17,0,19
Incourt,25043,2020-07-18,0,19
Incourt,25043,2020-07-20,0,19
Incourt,25043,2020-07-21,0,19
Incourt,25043,2020-07-22,0,19
Incourt,25043,2020-07-23,0,19
Incourt,25043,2020-07-24,0,19
Incourt,25043,2020-07-25,0,19
Incourt,25043,2020-07-26,0,19
Incourt,25043,2020-07-27,1,20
Incourt,25043,2020-07-28,0,20
Incourt,25043,2020-07-29,0,20
Incourt,25043,2020-07-30,0,20
Incourt,25043,2020-07-31,0,20
Incourt,25043,2020-08-01,0,20
Incourt,25043,2020-08-02,0,20
Incourt,25043,2020-08-03,0,20
Incourt,25043,2020-08-04,0,20
Incourt,25043,2020-08-05,0,20
Incourt,25043,2020-08-06,0,20
Incourt,25043,2020-08-07,0,20
Incourt,25043,2020-08-08,0,20
Incourt,25043,2020-08-09,0,20
Incourt,25043,2020-08-10,0,20
Incourt,25043,2020-08-11,0,20
Incourt,25043,2020-08-12,0,20
Incourt,25043,2020-08-13,0,20
Incourt,25043,2020-08-14,0,20
Incourt,25043,2020-08-15,0,20
Incourt,25043,2020-08-16,0,20
Incourt,25043,2020-08-17,0,20
Incourt,25043,2020-08-18,0,20
Incourt,25043,2020-08-19,0,20
Incourt,25043,2020-08-20,0,20
Incourt,25043,2020-08-21,0,20
Incourt,25043,2020-08-22,0,20
Incourt,25043,2020-08-23,0,20
Incourt,25043,2020-08-24,0,20
Incourt,25043,2020-08-25,0,20
Incourt,25043,2020-08-26,0,20
Incourt,25043,2020-08-27,0,20
Incourt,25043,2020-08-28,0,20
Incourt,25043,2020-08-29,0,20
Incourt,25043,2020-08-30,0,20
Incourt,25043,2020-08-31,0,20
Incourt,25043,2020-09-01,0,20
Incourt,25043,2020-09-02,0,20
Incourt,25043,2020-09-03,0,20
Incourt,25043,2020-09-04,0,20
Incourt,25043,2020-09-05,0,20
Incourt,25043,2020-09-06,0,20
Incourt,25043,2020-09-07,0,20
Incourt,25043,2020-09-08,0,20
Incourt,25043,2020-09-09,0,20
Incourt,25043,2020-09-10,1,21
Incourt,25043,2020-09-11,0,21
Incourt,25043,2020-09-12,1,22
Incourt,25043,2020-09-13,1,23
Incourt,25043,2020-09-14,1,24
Incourt,25043,2020-09-15,0,24
Incourt,25043,2020-09-16,2,26
Incourt,25043,2020-09-17,1,27
Incourt,25043,2020-09-18,2,29
Incourt,25043,2020-09-19,1,30
Incourt,25043,2020-09-20,2,32
Incourt,25043,2020-09-21,0,32
Incourt,25043,2020-09-22,3,35
Incourt,25043,2020-09-23,0,35
Incourt,25043,2020-09-24,2,37
Incourt,25043,2020-09-25,1,38
Incourt,25043,2020-09-26,0,38
Incourt,25043,2020-09-27,0,38
Incourt,25043,2020-09-28,0,38
Incourt,25043,2020-09-29,2,40
Incourt,25043,2020-09-30,1,41
Incourt,25043,2020-10-01,1,42
Incourt,25043,2020-10-02,2,44
Incourt,25043,2020-10-03,1,45
Incourt,25043,2020-10-04,3,48
Incourt,25043,2020-10-05,1,49
Incourt,25043,2020-10-06,0,49
Incourt,25043,2020-10-07,0,49
Incourt,25043,2020-10-08,3,52
Incourt,25043,2020-10-09,10,62
Incourt,25043,2020-10-10,8,70
Incourt,25043,2020-10-11,7,77
Incourt,25043,2020-10-12,5,82
Incourt,25043,2020-10-13,1,83
Incourt,25043,2020-10-14,9,92
Incourt,25043,2020-10-15,6,98
Incourt,25043,2020-10-16,5,103
Incourt,25043,2020-10-17,9,112
Incourt,25043,2020-10-18,8,120
Incourt,25043,2020-10-19,3,123
Incourt,25043,2020-10-20,4,127
Incourt,25043,2020-10-21,5,132
Incourt,25043,2020-10-22,13,145
Incourt,25043,2020-10-23,15,160
Incourt,25043,2020-10-24,26,186
Incourt,25043,2020-10-25,17,203
Incourt,25043,2020-10-26,7,210
Incourt,25043,2020-10-27,11,221
Incourt,25043,2020-10-28,5,226
Incourt,25043,2020-10-29,17,243
Incourt,25043,2020-10-30,10,253
Incourt,25043,2020-10-31,7,260
Incourt,25043,2020-11-01,10,270
Incourt,25043,2020-11-02,9,279
Incourt,25043,2020-11-03,5,284
Incourt,25043,2020-11-04,2,286
Incourt,25043,2020-11-05,17,303
Incourt,25043,2020-11-06,7,310
Incourt,25043,2020-11-07,6,316
Incourt,25043,2020-11-08,3,319
Incourt,25043,2020-11-09,3,322
Incourt,25043,2020-11-10,1,323
Incourt,25043,2020-11-11,4,327
Itter,25044,2020-04-01,0,10
Itter,25044,2020-04-02,0,10
Itter,25044,2020-04-03,0,10
Itter,25044,2020-04-04,0,10
Itter,25044,2020-04-05,0,10
Itter,25044,2020-04-06,0,10
Itter,25044,2020-04-07,0,10
Itter,25044,2020-04-08,0,10
Itter,25044,2020-04-09,0,10
Itter,25044,2020-04-10,0,10
Itter,25044,2020-04-11,0,10
Itter,25044,2020-04-12,0,10
Itter,25044,2020-04-13,0,10
Itter,25044,2020-04-14,0,10
Itter,25044,2020-04-15,0,10
Itter,25044,2020-04-16,0,10
Itter,25044,2020-04-17,0,10
Itter,25044,2020-04-18,1,11
Itter,25044,2020-04-19,0,11
Itter,25044,2020-04-20,11,22
Itter,25044,2020-04-21,5,27
Itter,25044,2020-04-22,0,27
Itter,25044,2020-04-23,0,27
Itter,25044,2020-04-24,0,27
Itter,25044,2020-04-25,0,27
Itter,25044,2020-04-26,0,27
Itter,25044,2020-04-27,0,27
Itter,25044,2020-04-28,1,28
Itter,25044,2020-04-29,2,30
Itter,25044,2020-04-30,0,30
Itter,25044,2020-05-01,1,31
Itter,25044,2020-05-02,1,32
Itter,25044,2020-05-03,0,32
Itter,25044,2020-05-04,0,32
Itter,25044,2020-05-05,0,32
Itter,25044,2020-05-06,0,32
Itter,25044,2020-05-07,0,32
Itter,25044,2020-05-08,0,32
Itter,25044,2020-05-09,0,32
Itter,25044,2020-05-10,0,32
Itter,25044,2020-05-11,0,32
Itter,25044,2020-05-12,0,32
Itter,25044,2020-05-13,1,33
Itter,25044,2020-05-14,0,33
Itter,25044,2020-05-15,1,34
Itter,25044,2020-05-16,0,34
Itter,25044,2020-05-17,0,34
Itter,25044,2020-05-18,1,35
Itter,25044,2020-05-19,0,35
Itter,25044,2020-05-20,0,35
Itter,25044,2020-05-21,0,35
Itter,25044,2020-05-22,0,35
Itter,25044,2020-05-23,0,35
Itter,25044,2020-05-24,0,35
Itter,25044,2020-05-25,0,35
Itter,25044,2020-05-26,0,35
Itter,25044,2020-05-27,0,35
Itter,25044,2020-05-28,0,35
Itter,25044,2020-05-29,0,35
Itter,25044,2020-05-30,0,35
Itter,25044,2020-05-31,0,35
Itter,25044,2020-06-01,0,35
Itter,25044,2020-06-02,0,35
Itter,25044,2020-06-03,0,35
Itter,25044,2020-06-04,0,35
Itter,25044,2020-06-05,1,36
Itter,25044,2020-06-06,0,36
Itter,25044,2020-06-07,0,36
Itter,25044,2020-06-08,0,36
Itter,25044,2020-06-09,0,36
Itter,25044,2020-06-10,0,36
Itter,25044,2020-06-11,0,36
Itter,25044,2020-06-12,0,36
Itter,25044,2020-06-13,0,36
Itter,25044,2020-06-14,0,36
Itter,25044,2020-06-15,0,36
Itter,25044,2020-06-16,0,36
Itter,25044,2020-06-17,0,36
Itter,25044,2020-06-18,0,36
Itter,25044,2020-06-19,0,36
Itter,25044,2020-06-20,0,36
Itter,25044,2020-06-23,0,36
Itter,25044,2020-06-24,0,36
Itter,25044,2020-06-25,0,36
Itter,25044,2020-06-26,0,36
Itter,25044,2020-06-27,0,36
Itter,25044,2020-06-30,0,36
Itter,25044,2020-07-01,0,36
Itter,25044,2020-07-02,1,37
Itter,25044,2020-07-03,0,37
Itter,25044,2020-07-04,0,37
Itter,25044,2020-07-07,1,38
Itter,25044,2020-07-08,0,38
Itter,25044,2020-07-09,0,38
Itter,25044,2020-07-10,0,38
Itter,25044,2020-07-11,0,38
Itter,25044,2020-07-14,0,38
Itter,25044,2020-07-15,0,38
Itter,25044,2020-07-16,0,38
Itter,25044,2020-07-17,0,38
Itter,25044,2020-07-18,0,38
Itter,25044,2020-07-20,0,38
Itter,25044,2020-07-21,0,38
Itter,25044,2020-07-22,0,38
Itter,25044,2020-07-23,0,38
Itter,25044,2020-07-24,0,38
Itter,25044,2020-07-25,0,38
Itter,25044,2020-07-26,0,38
Itter,25044,2020-07-27,2,40
Itter,25044,2020-07-28,0,40
Itter,25044,2020-07-29,0,40
Itter,25044,2020-07-30,7,47
Itter,25044,2020-07-31,1,48
Itter,25044,2020-08-01,0,48
Itter,25044,2020-08-02,0,48
Itter,25044,2020-08-03,0,48
Itter,25044,2020-08-04,0,48
Itter,25044,2020-08-05,0,48
Itter,25044,2020-08-06,1,49
Itter,25044,2020-08-07,0,49
Itter,25044,2020-08-08,0,49
Itter,25044,2020-08-09,0,49
Itter,25044,2020-08-10,0,49
Itter,25044,2020-08-11,0,49
Itter,25044,2020-08-12,0,49
Itter,25044,2020-08-13,0,49
Itter,25044,2020-08-14,0,49
Itter,25044,2020-08-15,0,49
Itter,25044,2020-08-16,0,49
Itter,25044,2020-08-17,0,49
Itter,25044,2020-08-18,0,49
Itter,25044,2020-08-19,0,49
Itter,25044,2020-08-20,0,49
Itter,25044,2020-08-21,0,49
Itter,25044,2020-08-22,0,49
Itter,25044,2020-08-23,0,49
Itter,25044,2020-08-24,1,50
Itter,25044,2020-08-25,0,50
Itter,25044,2020-08-26,0,50
Itter,25044,2020-08-27,1,51
Itter,25044,2020-08-28,0,51
Itter,25044,2020-08-29,0,51
Itter,25044,2020-08-30,0,51
Itter,25044,2020-08-31,0,51
Itter,25044,2020-09-01,1,52
Itter,25044,2020-09-02,1,53
Itter,25044,2020-09-03,0,53
Itter,25044,2020-09-04,1,54
Itter,25044,2020-09-05,1,55
Itter,25044,2020-09-06,3,58
Itter,25044,2020-09-07,0,58
Itter,25044,2020-09-08,0,58
Itter,25044,2020-09-09,0,58
Itter,25044,2020-09-10,0,58
Itter,25044,2020-09-11,1,59
Itter,25044,2020-09-12,0,59
Itter,25044,2020-09-13,2,61
Itter,25044,2020-09-14,0,61
Itter,25044,2020-09-15,0,61
Itter,25044,2020-09-16,0,61
Itter,25044,2020-09-17,1,62
Itter,25044,2020-09-18,2,64
Itter,25044,2020-09-19,1,65
Itter,25044,2020-09-20,1,66
Itter,25044,2020-09-21,0,66
Itter,25044,2020-09-22,0,66
Itter,25044,2020-09-23,3,69
Itter,25044,2020-09-24,0,69
Itter,25044,2020-09-25,3,72
Itter,25044,2020-09-26,0,72
Itter,25044,2020-09-27,0,72
Itter,25044,2020-09-28,0,72
Itter,25044,2020-09-29,0,72
Itter,25044,2020-09-30,2,74
Itter,25044,2020-10-01,2,76
Itter,25044,2020-10-02,6,82
Itter,25044,2020-10-03,1,83
Itter,25044,2020-10-04,4,87
Itter,25044,2020-10-05,2,89
Itter,25044,2020-10-06,2,91
Itter,25044,2020-10-07,4,95
Itter,25044,2020-10-08,4,99
Itter,25044,2020-10-09,3,102
Itter,25044,2020-10-10,2,104
Itter,25044,2020-10-11,6,110
Itter,25044,2020-10-12,6,116
Itter,25044,2020-10-13,3,119
Itter,25044,2020-10-14,4,123
Itter,25044,2020-10-15,6,129
Itter,25044,2020-10-16,12,141
Itter,25044,2020-10-17,13,154
Itter,25044,2020-10-18,15,169
Itter,25044,2020-10-19,8,177
Itter,25044,2020-10-20,7,184
Itter,25044,2020-10-21,5,189
Itter,25044,2020-10-22,16,205
Itter,25044,2020-10-23,8,213
Itter,25044,2020-10-24,12,225
Itter,25044,2020-10-25,19,244
Itter,25044,2020-10-26,12,256
Itter,25044,2020-10-27,9,265
Itter,25044,2020-10-28,11,276
Itter,25044,2020-10-29,23,299
Itter,25044,2020-10-30,17,316
Itter,25044,2020-10-31,18,334
Itter,25044,2020-11-01,10,344
Itter,25044,2020-11-02,4,348
Itter,25044,2020-11-03,5,353
Itter,25044,2020-11-04,4,357
Itter,25044,2020-11-05,12,369
Itter,25044,2020-11-06,10,379
Itter,25044,2020-11-07,3,382
Itter,25044,2020-11-08,0,382
Itter,25044,2020-11-09,2,384
Itter,25044,2020-11-10,2,386
Itter,25044,2020-11-11,7,393
Geldenaken,25048,2020-04-01,1,13
Geldenaken,25048,2020-04-02,2,15
Geldenaken,25048,2020-04-03,1,16
Geldenaken,25048,2020-04-04,3,19
Geldenaken,25048,2020-04-05,1,20
Geldenaken,25048,2020-04-06,1,21
Geldenaken,25048,2020-04-07,1,22
Geldenaken,25048,2020-04-08,1,23
Geldenaken,25048,2020-04-09,1,24
Geldenaken,25048,2020-04-10,4,28
Geldenaken,25048,2020-04-11,0,28
Geldenaken,25048,2020-04-12,1,29
Geldenaken,25048,2020-04-13,2,31
Geldenaken,25048,2020-04-14,0,31
Geldenaken,25048,2020-04-15,13,44
Geldenaken,25048,2020-04-16,0,44
Geldenaken,25048,2020-04-17,0,44
Geldenaken,25048,2020-04-18,0,44
Geldenaken,25048,2020-04-19,1,45
Geldenaken,25048,2020-04-20,1,46
Geldenaken,25048,2020-04-21,0,46
Geldenaken,25048,2020-04-22,11,57
Geldenaken,25048,2020-04-23,1,58
Geldenaken,25048,2020-04-24,0,58
Geldenaken,25048,2020-04-25,0,58
Geldenaken,25048,2020-04-26,0,58
Geldenaken,25048,2020-04-27,0,58
Geldenaken,25048,2020-04-28,0,58
Geldenaken,25048,2020-04-29,0,58
Geldenaken,25048,2020-04-30,1,59
Geldenaken,25048,2020-05-01,0,59
Geldenaken,25048,2020-05-02,0,59
Geldenaken,25048,2020-05-03,0,59
Geldenaken,25048,2020-05-04,0,59
Geldenaken,25048,2020-05-05,1,60
Geldenaken,25048,2020-05-06,0,60
Geldenaken,25048,2020-05-07,0,60
Geldenaken,25048,2020-05-08,0,60
Geldenaken,25048,2020-05-09,0,60
Geldenaken,25048,2020-05-10,0,60
Geldenaken,25048,2020-05-11,0,60
Geldenaken,25048,2020-05-12,1,61
Geldenaken,25048,2020-05-13,0,61
Geldenaken,25048,2020-05-14,0,61
Geldenaken,25048,2020-05-15,0,61
Geldenaken,25048,2020-05-16,0,61
Geldenaken,25048,2020-05-17,0,61
Geldenaken,25048,2020-05-18,0,61
Geldenaken,25048,2020-05-19,0,61
Geldenaken,25048,2020-05-20,1,62
Geldenaken,25048,2020-05-21,0,62
Geldenaken,25048,2020-05-22,0,62
Geldenaken,25048,2020-05-23,0,62
Geldenaken,25048,2020-05-24,0,62
Geldenaken,25048,2020-05-25,1,63
Geldenaken,25048,2020-05-26,0,63
Geldenaken,25048,2020-05-27,0,63
Geldenaken,25048,2020-05-28,0,63
Geldenaken,25048,2020-05-29,0,63
Geldenaken,25048,2020-05-30,0,63
Geldenaken,25048,2020-05-31,0,63
Geldenaken,25048,2020-06-01,0,63
Geldenaken,25048,2020-06-02,0,63
Geldenaken,25048,2020-06-03,0,63
Geldenaken,25048,2020-06-04,0,63
Geldenaken,25048,2020-06-05,0,63
Geldenaken,25048,2020-06-06,1,64
Geldenaken,25048,2020-06-07,0,64
Geldenaken,25048,2020-06-08,0,64
Geldenaken,25048,2020-06-09,0,64
Geldenaken,25048,2020-06-10,0,64
Geldenaken,25048,2020-06-11,0,64
Geldenaken,25048,2020-06-12,0,64
Geldenaken,25048,2020-06-13,0,64
Geldenaken,25048,2020-06-14,0,64
Geldenaken,25048,2020-06-15,0,64
Geldenaken,25048,2020-06-16,0,64
Geldenaken,25048,2020-06-17,0,64
Geldenaken,25048,2020-06-18,0,64
Geldenaken,25048,2020-06-19,0,64
Geldenaken,25048,2020-06-20,0,64
Geldenaken,25048,2020-06-23,0,64
Geldenaken,25048,2020-06-24,0,64
Geldenaken,25048,2020-06-25,0,64
Geldenaken,25048,2020-06-26,0,64
Geldenaken,25048,2020-06-27,0,64
Geldenaken,25048,2020-06-30,0,64
Geldenaken,25048,2020-07-01,0,64
Geldenaken,25048,2020-07-02,0,64
Geldenaken,25048,2020-07-03,0,64
Geldenaken,25048,2020-07-04,0,64
Geldenaken,25048,2020-07-07,0,64
Geldenaken,25048,2020-07-08,1,65
Geldenaken,25048,2020-07-09,0,65
Geldenaken,25048,2020-07-10,0,65
Geldenaken,25048,2020-07-11,0,65
Geldenaken,25048,2020-07-14,0,65
Geldenaken,25048,2020-07-15,0,65
Geldenaken,25048,2020-07-16,0,65
Geldenaken,25048,2020-07-17,0,65
Geldenaken,25048,2020-07-18,1,66
Geldenaken,25048,2020-07-20,0,66
Geldenaken,25048,2020-07-21,0,66
Geldenaken,25048,2020-07-22,0,66
Geldenaken,25048,2020-07-23,0,66
Geldenaken,25048,2020-07-24,1,67
Geldenaken,25048,2020-07-25,1,68
Geldenaken,25048,2020-07-26,-1,67
Geldenaken,25048,2020-07-27,0,67
Geldenaken,25048,2020-07-28,0,67
Geldenaken,25048,2020-07-29,0,67
Geldenaken,25048,2020-07-30,0,67
Geldenaken,25048,2020-07-31,0,67
Geldenaken,25048,2020-08-01,0,67
Geldenaken,25048,2020-08-02,0,67
Geldenaken,25048,2020-08-03,0,67
Geldenaken,25048,2020-08-04,0,67
Geldenaken,25048,2020-08-05,0,67
Geldenaken,25048,2020-08-06,1,68
Geldenaken,25048,2020-08-07,1,69
Geldenaken,25048,2020-08-08,2,71
Geldenaken,25048,2020-08-09,0,71
Geldenaken,25048,2020-08-10,1,72
Geldenaken,25048,2020-08-11,0,72
Geldenaken,25048,2020-08-12,0,72
Geldenaken,25048,2020-08-13,1,73
Geldenaken,25048,2020-08-14,0,73
Geldenaken,25048,2020-08-15,2,75
Geldenaken,25048,2020-08-16,0,75
Geldenaken,25048,2020-08-17,0,75
Geldenaken,25048,2020-08-18,0,75
Geldenaken,25048,2020-08-19,1,76
Geldenaken,25048,2020-08-20,0,76
Geldenaken,25048,2020-08-21,3,79
Geldenaken,25048,2020-08-22,0,79
Geldenaken,25048,2020-08-23,0,79
Geldenaken,25048,2020-08-24,0,79
Geldenaken,25048,2020-08-25,0,79
Geldenaken,25048,2020-08-26,0,79
Geldenaken,25048,2020-08-27,0,79
Geldenaken,25048,2020-08-28,0,79
Geldenaken,25048,2020-08-29,0,79
Geldenaken,25048,2020-08-30,0,79
Geldenaken,25048,2020-08-31,0,79
Geldenaken,25048,2020-09-01,0,79
Geldenaken,25048,2020-09-02,0,79
Geldenaken,25048,2020-09-03,0,79
Geldenaken,25048,2020-09-04,0,79
Geldenaken,25048,2020-09-05,0,79
Geldenaken,25048,2020-09-06,1,80
Geldenaken,25048,2020-09-07,0,80
Geldenaken,25048,2020-09-08,1,81
Geldenaken,25048,2020-09-09,2,83
Geldenaken,25048,2020-09-10,2,85
Geldenaken,25048,2020-09-11,0,85
Geldenaken,25048,2020-09-12,2,87
Geldenaken,25048,2020-09-13,0,87
Geldenaken,25048,2020-09-14,0,87
Geldenaken,25048,2020-09-15,2,89
Geldenaken,25048,2020-09-16,1,90
Geldenaken,25048,2020-09-17,1,91
Geldenaken,25048,2020-09-18,4,95
Geldenaken,25048,2020-09-19,1,96
Geldenaken,25048,2020-09-20,1,97
Geldenaken,25048,2020-09-21,3,100
Geldenaken,25048,2020-09-22,1,101
Geldenaken,25048,2020-09-23,3,104
Geldenaken,25048,2020-09-24,0,104
Geldenaken,25048,2020-09-25,1,105
Geldenaken,25048,2020-09-26,1,106
Geldenaken,25048,2020-09-27,3,109
Geldenaken,25048,2020-09-28,2,111
Geldenaken,25048,2020-09-29,2,113
Geldenaken,25048,2020-09-30,0,113
Geldenaken,25048,2020-10-01,1,114
Geldenaken,25048,2020-10-02,0,114
Geldenaken,25048,2020-10-03,9,123
Geldenaken,25048,2020-10-04,7,130
Geldenaken,25048,2020-10-05,3,133
Geldenaken,25048,2020-10-06,1,134
Geldenaken,25048,2020-10-07,4,138
Geldenaken,25048,2020-10-08,6,144
Geldenaken,25048,2020-10-09,16,160
Geldenaken,25048,2020-10-10,13,173
Geldenaken,25048,2020-10-11,14,187
Geldenaken,25048,2020-10-12,11,198
Geldenaken,25048,2020-10-13,2,200
Geldenaken,25048,2020-10-14,18,218
Geldenaken,25048,2020-10-15,15,233
Geldenaken,25048,2020-10-16,24,257
Geldenaken,25048,2020-10-17,26,283
Geldenaken,25048,2020-10-18,35,318
Geldenaken,25048,2020-10-19,9,327
Geldenaken,25048,2020-10-20,25,352
Geldenaken,25048,2020-10-21,10,362
Geldenaken,25048,2020-10-22,34,396
Geldenaken,25048,2020-10-23,11,407
Geldenaken,25048,2020-10-24,29,436
Geldenaken,25048,2020-10-25,26,462
Geldenaken,25048,2020-10-26,8,470
Geldenaken,25048,2020-10-27,22,492
Geldenaken,25048,2020-10-28,4,496
Geldenaken,25048,2020-10-29,23,519
Geldenaken,25048,2020-10-30,34,553
Geldenaken,25048,2020-10-31,12,565
Geldenaken,25048,2020-11-01,11,576
Geldenaken,25048,2020-11-02,15,591
Geldenaken,25048,2020-11-03,5,596
Geldenaken,25048,2020-11-04,2,598
Geldenaken,25048,2020-11-05,12,610
Geldenaken,25048,2020-11-06,16,626
Geldenaken,25048,2020-11-07,16,642
Geldenaken,25048,2020-11-08,11,653
Geldenaken,25048,2020-11-09,7,660
Geldenaken,25048,2020-11-10,1,661
Geldenaken,25048,2020-11-11,4,665
Terhulpen,25050,2020-04-01,1,15
Terhulpen,25050,2020-04-02,0,15
Terhulpen,25050,2020-04-03,0,15
Terhulpen,25050,2020-04-04,2,17
Terhulpen,25050,2020-04-05,1,18
Terhulpen,25050,2020-04-06,0,18
Terhulpen,25050,2020-04-07,0,18
Terhulpen,25050,2020-04-08,1,19
Terhulpen,25050,2020-04-09,1,20
Terhulpen,25050,2020-04-10,1,21
Terhulpen,25050,2020-04-11,0,21
Terhulpen,25050,2020-04-12,1,22
Terhulpen,25050,2020-04-13,1,23
Terhulpen,25050,2020-04-14,0,23
Terhulpen,25050,2020-04-15,0,23
Terhulpen,25050,2020-04-16,0,23
Terhulpen,25050,2020-04-17,0,23
Terhulpen,25050,2020-04-18,0,23
Terhulpen,25050,2020-04-19,0,23
Terhulpen,25050,2020-04-20,0,23
Terhulpen,25050,2020-04-21,0,23
Terhulpen,25050,2020-04-22,1,24
Terhulpen,25050,2020-04-23,0,24
Terhulpen,25050,2020-04-24,2,26
Terhulpen,25050,2020-04-25,1,27
Terhulpen,25050,2020-04-26,0,27
Terhulpen,25050,2020-04-27,0,27
Terhulpen,25050,2020-04-28,1,28
Terhulpen,25050,2020-04-29,0,28
Terhulpen,25050,2020-04-30,0,28
Terhulpen,25050,2020-05-01,0,28
Terhulpen,25050,2020-05-02,0,28
Terhulpen,25050,2020-05-03,1,29
Terhulpen,25050,2020-05-04,0,29
Terhulpen,25050,2020-05-05,0,29
Terhulpen,25050,2020-05-06,0,29
Terhulpen,25050,2020-05-07,0,29
Terhulpen,25050,2020-05-08,0,29
Terhulpen,25050,2020-05-09,0,29
Terhulpen,25050,2020-05-10,0,29
Terhulpen,25050,2020-05-11,0,29
Terhulpen,25050,2020-05-12,0,29
Terhulpen,25050,2020-05-13,0,29
Terhulpen,25050,2020-05-14,0,29
Terhulpen,25050,2020-05-15,0,29
Terhulpen,25050,2020-05-16,0,29
Terhulpen,25050,2020-05-17,0,29
Terhulpen,25050,2020-05-18,0,29
Terhulpen,25050,2020-05-19,0,29
Terhulpen,25050,2020-05-20,0,29
Terhulpen,25050,2020-05-21,0,29
Terhulpen,25050,2020-05-22,1,30
Terhulpen,25050,2020-05-23,0,30
Terhulpen,25050,2020-05-24,0,30
Terhulpen,25050,2020-05-25,0,30
Terhulpen,25050,2020-05-26,0,30
Terhulpen,25050,2020-05-27,0,30
Terhulpen,25050,2020-05-28,0,30
Terhulpen,25050,2020-05-29,0,30
Terhulpen,25050,2020-05-30,0,30
Terhulpen,25050,2020-05-31,0,30
Terhulpen,25050,2020-06-01,0,30
Terhulpen,25050,2020-06-02,0,30
Terhulpen,25050,2020-06-03,0,30
Terhulpen,25050,2020-06-04,0,30
Terhulpen,25050,2020-06-05,0,30
Terhulpen,25050,2020-06-06,0,30
Terhulpen,25050,2020-06-07,0,30
Terhulpen,25050,2020-06-08,0,30
Terhulpen,25050,2020-06-09,0,30
Terhulpen,25050,2020-06-10,0,30
Terhulpen,25050,2020-06-11,0,30
Terhulpen,25050,2020-06-12,0,30
Terhulpen,25050,2020-06-13,0,30
Terhulpen,25050,2020-06-14,0,30
Terhulpen,25050,2020-06-15,0,30
Terhulpen,25050,2020-06-16,0,30
Terhulpen,25050,2020-06-17,0,30
Terhulpen,25050,2020-06-18,0,30
Terhulpen,25050,2020-06-19,0,30
Terhulpen,25050,2020-06-20,0,30
Terhulpen,25050,2020-06-23,0,30
Terhulpen,25050,2020-06-24,0,30
Terhulpen,25050,2020-06-25,0,30
Terhulpen,25050,2020-06-26,0,30
Terhulpen,25050,2020-06-27,0,30
Terhulpen,25050,2020-06-30,0,30
Terhulpen,25050,2020-07-01,0,30
Terhulpen,25050,2020-07-02,0,30
Terhulpen,25050,2020-07-03,0,30
Terhulpen,25050,2020-07-04,0,30
Terhulpen,25050,2020-07-07,0,30
Terhulpen,25050,2020-07-08,0,30
Terhulpen,25050,2020-07-09,0,30
Terhulpen,25050,2020-07-10,0,30
Terhulpen,25050,2020-07-11,0,30
Terhulpen,25050,2020-07-14,0,30
Terhulpen,25050,2020-07-15,0,30
Terhulpen,25050,2020-07-16,0,30
Terhulpen,25050,2020-07-17,0,30
Terhulpen,25050,2020-07-18,0,30
Terhulpen,25050,2020-07-20,0,30
Terhulpen,25050,2020-07-21,0,30
Terhulpen,25050,2020-07-22,0,30
Terhulpen,25050,2020-07-23,0,30
Terhulpen,25050,2020-07-24,0,30
Terhulpen,25050,2020-07-25,0,30
Terhulpen,25050,2020-07-26,0,30
Terhulpen,25050,2020-07-27,0,30
Terhulpen,25050,2020-07-28,0,30
Terhulpen,25050,2020-07-29,0,30
Terhulpen,25050,2020-07-30,1,31
Terhulpen,25050,2020-07-31,0,31
Terhulpen,25050,2020-08-01,0,31
Terhulpen,25050,2020-08-02,1,32
Terhulpen,25050,2020-08-03,0,32
Terhulpen,25050,2020-08-04,0,32
Terhulpen,25050,2020-08-05,0,32
Terhulpen,25050,2020-08-06,0,32
Terhulpen,25050,2020-08-07,0,32
Terhulpen,25050,2020-08-08,1,33
Terhulpen,25050,2020-08-09,0,33
Terhulpen,25050,2020-08-10,1,34
Terhulpen,25050,2020-08-11,0,34
Terhulpen,25050,2020-08-12,0,34
Terhulpen,25050,2020-08-13,0,34
Terhulpen,25050,2020-08-14,0,34
Terhulpen,25050,2020-08-15,2,36
Terhulpen,25050,2020-08-16,0,36
Terhulpen,25050,2020-08-17,1,37
Terhulpen,25050,2020-08-18,0,37
Terhulpen,25050,2020-08-19,0,37
Terhulpen,25050,2020-08-20,0,37
Terhulpen,25050,2020-08-21,3,40
Terhulpen,25050,2020-08-22,0,40
Terhulpen,25050,2020-08-23,0,40
Terhulpen,25050,2020-08-24,1,41
Terhulpen,25050,2020-08-25,0,41
Terhulpen,25050,2020-08-26,4,45
Terhulpen,25050,2020-08-27,0,45
Terhulpen,25050,2020-08-28,1,46
Terhulpen,25050,2020-08-29,0,46
Terhulpen,25050,2020-08-30,0,46
Terhulpen,25050,2020-08-31,2,48
Terhulpen,25050,2020-09-01,0,48
Terhulpen,25050,2020-09-02,0,48
Terhulpen,25050,2020-09-03,0,48
Terhulpen,25050,2020-09-04,0,48
Terhulpen,25050,2020-09-05,1,49
Terhulpen,25050,2020-09-06,0,49
Terhulpen,25050,2020-09-07,0,49
Terhulpen,25050,2020-09-08,0,49
Terhulpen,25050,2020-09-09,0,49
Terhulpen,25050,2020-09-10,1,50
Terhulpen,25050,2020-09-11,0,50
Terhulpen,25050,2020-09-12,0,50
Terhulpen,25050,2020-09-13,0,50
Terhulpen,25050,2020-09-14,0,50
Terhulpen,25050,2020-09-15,0,50
Terhulpen,25050,2020-09-16,0,50
Terhulpen,25050,2020-09-17,0,50
Terhulpen,25050,2020-09-18,1,51
Terhulpen,25050,2020-09-19,0,51
Terhulpen,25050,2020-09-20,4,55
Terhulpen,25050,2020-09-21,0,55
Terhulpen,25050,2020-09-22,1,56
Terhulpen,25050,2020-09-23,3,59
Terhulpen,25050,2020-09-24,1,60
Terhulpen,25050,2020-09-25,1,61
Terhulpen,25050,2020-09-26,1,62
Terhulpen,25050,2020-09-27,3,65
Terhulpen,25050,2020-09-28,1,66
Terhulpen,25050,2020-09-29,3,69
Terhulpen,25050,2020-09-30,3,72
Terhulpen,25050,2020-10-01,0,72
Terhulpen,25050,2020-10-02,3,75
Terhulpen,25050,2020-10-03,0,75
Terhulpen,25050,2020-10-04,5,80
Terhulpen,25050,2020-10-05,0,80
Terhulpen,25050,2020-10-06,4,84
Terhulpen,25050,2020-10-07,2,86
Terhulpen,25050,2020-10-08,5,91
Terhulpen,25050,2020-10-09,17,108
Terhulpen,25050,2020-10-10,7,115
Terhulpen,25050,2020-10-11,13,128
Terhulpen,25050,2020-10-12,5,133
Terhulpen,25050,2020-10-13,0,133
Terhulpen,25050,2020-10-14,4,137
Terhulpen,25050,2020-10-15,9,146
Terhulpen,25050,2020-10-16,16,162
Terhulpen,25050,2020-10-17,10,172
Terhulpen,25050,2020-10-18,9,181
Terhulpen,25050,2020-10-19,5,186
Terhulpen,25050,2020-10-20,15,201
Terhulpen,25050,2020-10-21,14,215
Terhulpen,25050,2020-10-22,15,230
Terhulpen,25050,2020-10-23,18,248
Terhulpen,25050,2020-10-24,14,262
Terhulpen,25050,2020-10-25,26,288
Terhulpen,25050,2020-10-26,10,298
Terhulpen,25050,2020-10-27,10,308
Terhulpen,25050,2020-10-28,19,327
Terhulpen,25050,2020-10-29,22,349
Terhulpen,25050,2020-10-30,14,363
Terhulpen,25050,2020-10-31,11,374
Terhulpen,25050,2020-11-01,10,384
Terhulpen,25050,2020-11-02,8,392
Terhulpen,25050,2020-11-03,6,398
Terhulpen,25050,2020-11-04,2,400
Terhulpen,25050,2020-11-05,6,406
Terhulpen,25050,2020-11-06,5,411
Terhulpen,25050,2020-11-07,7,418
Terhulpen,25050,2020-11-08,4,422
Terhulpen,25050,2020-11-09,6,428
Terhulpen,25050,2020-11-10,0,428
Terhulpen,25050,2020-11-11,4,432
Mont-Saint-Guibert,25068,2020-04-01,0,10
Mont-Saint-Guibert,25068,2020-04-02,1,11
Mont-Saint-Guibert,25068,2020-04-03,1,12
Mont-Saint-Guibert,25068,2020-04-04,0,12
Mont-Saint-Guibert,25068,2020-04-05,0,12
Mont-Saint-Guibert,25068,2020-04-06,0,12
Mont-Saint-Guibert,25068,2020-04-07,0,12
Mont-Saint-Guibert,25068,2020-04-08,1,13
Mont-Saint-Guibert,25068,2020-04-09,0,13
Mont-Saint-Guibert,25068,2020-04-10,0,13
Mont-Saint-Guibert,25068,2020-04-11,0,13
Mont-Saint-Guibert,25068,2020-04-12,0,13
Mont-Saint-Guibert,25068,2020-04-13,0,13
Mont-Saint-Guibert,25068,2020-04-14,0,13
Mont-Saint-Guibert,25068,2020-04-15,0,13
Mont-Saint-Guibert,25068,2020-04-16,0,13
Mont-Saint-Guibert,25068,2020-04-17,0,13
Mont-Saint-Guibert,25068,2020-04-18,0,13
Mont-Saint-Guibert,25068,2020-04-19,1,14
Mont-Saint-Guibert,25068,2020-04-20,0,14
Mont-Saint-Guibert,25068,2020-04-21,0,14
Mont-Saint-Guibert,25068,2020-04-22,0,14
Mont-Saint-Guibert,25068,2020-04-23,1,15
Mont-Saint-Guibert,25068,2020-04-24,0,15
Mont-Saint-Guibert,25068,2020-04-25,1,16
Mont-Saint-Guibert,25068,2020-04-26,0,16
Mont-Saint-Guibert,25068,2020-04-27,2,18
Mont-Saint-Guibert,25068,2020-04-28,0,18
Mont-Saint-Guibert,25068,2020-04-29,0,18
Mont-Saint-Guibert,25068,2020-04-30,0,18
Mont-Saint-Guibert,25068,2020-05-01,0,18
Mont-Saint-Guibert,25068,2020-05-02,0,18
Mont-Saint-Guibert,25068,2020-05-03,1,19
Mont-Saint-Guibert,25068,2020-05-04,0,19
Mont-Saint-Guibert,25068,2020-05-05,0,19
Mont-Saint-Guibert,25068,2020-05-06,0,19
Mont-Saint-Guibert,25068,2020-05-07,0,19
Mont-Saint-Guibert,25068,2020-05-08,0,19
Mont-Saint-Guibert,25068,2020-05-09,1,20
Mont-Saint-Guibert,25068,2020-05-10,0,20
Mont-Saint-Guibert,25068,2020-05-11,0,20
Mont-Saint-Guibert,25068,2020-05-12,0,20
Mont-Saint-Guibert,25068,2020-05-13,3,23
Mont-Saint-Guibert,25068,2020-05-14,0,23
Mont-Saint-Guibert,25068,2020-05-15,0,23
Mont-Saint-Guibert,25068,2020-05-16,0,23
Mont-Saint-Guibert,25068,2020-05-17,0,23
Mont-Saint-Guibert,25068,2020-05-18,0,23
Mont-Saint-Guibert,25068,2020-05-19,0,23
Mont-Saint-Guibert,25068,2020-05-20,0,23
Mont-Saint-Guibert,25068,2020-05-21,0,23
Mont-Saint-Guibert,25068,2020-05-22,0,23
Mont-Saint-Guibert,25068,2020-05-23,0,23
Mont-Saint-Guibert,25068,2020-05-24,0,23
Mont-Saint-Guibert,25068,2020-05-25,0,23
Mont-Saint-Guibert,25068,2020-05-26,0,23
Mont-Saint-Guibert,25068,2020-05-27,0,23
Mont-Saint-Guibert,25068,2020-05-28,0,23
Mont-Saint-Guibert,25068,2020-05-29,0,23
Mont-Saint-Guibert,25068,2020-05-30,0,23
Mont-Saint-Guibert,25068,2020-05-31,0,23
Mont-Saint-Guibert,25068,2020-06-01,0,23
Mont-Saint-Guibert,25068,2020-06-02,0,23
Mont-Saint-Guibert,25068,2020-06-03,0,23
Mont-Saint-Guibert,25068,2020-06-04,0,23
Mont-Saint-Guibert,25068,2020-06-05,0,23
Mont-Saint-Guibert,25068,2020-06-06,0,23
Mont-Saint-Guibert,25068,2020-06-07,0,23
Mont-Saint-Guibert,25068,2020-06-08,0,23
Mont-Saint-Guibert,25068,2020-06-09,0,23
Mont-Saint-Guibert,25068,2020-06-10,0,23
Mont-Saint-Guibert,25068,2020-06-11,0,23
Mont-Saint-Guibert,25068,2020-06-12,0,23
Mont-Saint-Guibert,25068,2020-06-13,0,23
Mont-Saint-Guibert,25068,2020-06-14,0,23
Mont-Saint-Guibert,25068,2020-06-15,0,23
Mont-Saint-Guibert,25068,2020-06-16,0,23
Mont-Saint-Guibert,25068,2020-06-17,0,23
Mont-Saint-Guibert,25068,2020-06-18,0,23
Mont-Saint-Guibert,25068,2020-06-19,0,23
Mont-Saint-Guibert,25068,2020-06-20,0,23
Mont-Saint-Guibert,25068,2020-06-23,0,23
Mont-Saint-Guibert,25068,2020-06-24,0,23
Mont-Saint-Guibert,25068,2020-06-25,0,23
Mont-Saint-Guibert,25068,2020-06-26,0,23
Mont-Saint-Guibert,25068,2020-06-27,0,23
Mont-Saint-Guibert,25068,2020-06-30,0,23
Mont-Saint-Guibert,25068,2020-07-01,0,23
Mont-Saint-Guibert,25068,2020-07-02,1,24
Mont-Saint-Guibert,25068,2020-07-03,0,24
Mont-Saint-Guibert,25068,2020-07-04,0,24
Mont-Saint-Guibert,25068,2020-07-07,0,24
Mont-Saint-Guibert,25068,2020-07-08,0,24
Mont-Saint-Guibert,25068,2020-07-09,0,24
Mont-Saint-Guibert,25068,2020-07-10,0,24
Mont-Saint-Guibert,25068,2020-07-11,0,24
Mont-Saint-Guibert,25068,2020-07-14,0,24
Mont-Saint-Guibert,25068,2020-07-15,0,24
Mont-Saint-Guibert,25068,2020-07-16,0,24
Mont-Saint-Guibert,25068,2020-07-17,0,24
Mont-Saint-Guibert,25068,2020-07-18,0,24
Mont-Saint-Guibert,25068,2020-07-20,0,24
Mont-Saint-Guibert,25068,2020-07-21,0,24
Mont-Saint-Guibert,25068,2020-07-22,0,24
Mont-Saint-Guibert,25068,2020-07-23,0,24
Mont-Saint-Guibert,25068,2020-07-24,0,24
Mont-Saint-Guibert,25068,2020-07-25,0,24
Mont-Saint-Guibert,25068,2020-07-26,1,25
Mont-Saint-Guibert,25068,2020-07-27,0,25
Mont-Saint-Guibert,25068,2020-07-28,0,25
Mont-Saint-Guibert,25068,2020-07-29,0,25
Mont-Saint-Guibert,25068,2020-07-30,0,25
Mont-Saint-Guibert,25068,2020-07-31,0,25
Mont-Saint-Guibert,25068,2020-08-01,0,25
Mont-Saint-Guibert,25068,2020-08-02,0,25
Mont-Saint-Guibert,25068,2020-08-03,0,25
Mont-Saint-Guibert,25068,2020-08-04,0,25
Mont-Saint-Guibert,25068,2020-08-05,0,25
Mont-Saint-Guibert,25068,2020-08-06,1,26
Mont-Saint-Guibert,25068,2020-08-07,0,26
Mont-Saint-Guibert,25068,2020-08-08,1,27
Mont-Saint-Guibert,25068,2020-08-09,0,27
Mont-Saint-Guibert,25068,2020-08-10,1,28
Mont-Saint-Guibert,25068,2020-08-11,0,28
Mont-Saint-Guibert,25068,2020-08-12,0,28
Mont-Saint-Guibert,25068,2020-08-13,0,28
Mont-Saint-Guibert,25068,2020-08-14,1,29
Mont-Saint-Guibert,25068,2020-08-15,0,29
Mont-Saint-Guibert,25068,2020-08-16,0,29
Mont-Saint-Guibert,25068,2020-08-17,2,31
Mont-Saint-Guibert,25068,2020-08-18,0,31
Mont-Saint-Guibert,25068,2020-08-19,0,31
Mont-Saint-Guibert,25068,2020-08-20,1,32
Mont-Saint-Guibert,25068,2020-08-21,0,32
Mont-Saint-Guibert,25068,2020-08-22,0,32
Mont-Saint-Guibert,25068,2020-08-23,0,32
Mont-Saint-Guibert,25068,2020-08-24,0,32
Mont-Saint-Guibert,25068,2020-08-25,0,32
Mont-Saint-Guibert,25068,2020-08-26,0,32
Mont-Saint-Guibert,25068,2020-08-27,0,32
Mont-Saint-Guibert,25068,2020-08-28,0,32
Mont-Saint-Guibert,25068,2020-08-29,0,32
Mont-Saint-Guibert,25068,2020-08-30,0,32
Mont-Saint-Guibert,25068,2020-08-31,1,33
Mont-Saint-Guibert,25068,2020-09-01,0,33
Mont-Saint-Guibert,25068,2020-09-02,0,33
Mont-Saint-Guibert,25068,2020-09-03,0,33
Mont-Saint-Guibert,25068,2020-09-04,0,33
Mont-Saint-Guibert,25068,2020-09-05,1,34
Mont-Saint-Guibert,25068,2020-09-06,0,34
Mont-Saint-Guibert,25068,2020-09-07,0,34
Mont-Saint-Guibert,25068,2020-09-08,1,35
Mont-Saint-Guibert,25068,2020-09-09,0,35
Mont-Saint-Guibert,25068,2020-09-10,0,35
Mont-Saint-Guibert,25068,2020-09-11,0,35
Mont-Saint-Guibert,25068,2020-09-12,1,36
Mont-Saint-Guibert,25068,2020-09-13,0,36
Mont-Saint-Guibert,25068,2020-09-14,0,36
Mont-Saint-Guibert,25068,2020-09-15,1,37
Mont-Saint-Guibert,25068,2020-09-16,0,37
Mont-Saint-Guibert,25068,2020-09-17,0,37
Mont-Saint-Guibert,25068,2020-09-18,0,37
Mont-Saint-Guibert,25068,2020-09-19,1,38
Mont-Saint-Guibert,25068,2020-09-20,5,43
Mont-Saint-Guibert,25068,2020-09-21,0,43
Mont-Saint-Guibert,25068,2020-09-22,0,43
Mont-Saint-Guibert,25068,2020-09-23,0,43
Mont-Saint-Guibert,25068,2020-09-24,1,44
Mont-Saint-Guibert,25068,2020-09-25,0,44
Mont-Saint-Guibert,25068,2020-09-26,5,49
Mont-Saint-Guibert,25068,2020-09-27,2,51
Mont-Saint-Guibert,25068,2020-09-28,1,52
Mont-Saint-Guibert,25068,2020-09-29,0,52
Mont-Saint-Guibert,25068,2020-09-30,3,55
Mont-Saint-Guibert,25068,2020-10-01,1,56
Mont-Saint-Guibert,25068,2020-10-02,2,58
Mont-Saint-Guibert,25068,2020-10-03,4,62
Mont-Saint-Guibert,25068,2020-10-04,2,64
Mont-Saint-Guibert,25068,2020-10-05,6,70
Mont-Saint-Guibert,25068,2020-10-06,3,73
Mont-Saint-Guibert,25068,2020-10-07,1,74
Mont-Saint-Guibert,25068,2020-10-08,4,78
Mont-Saint-Guibert,25068,2020-10-09,9,87
Mont-Saint-Guibert,25068,2020-10-10,4,91
Mont-Saint-Guibert,25068,2020-10-11,16,107
Mont-Saint-Guibert,25068,2020-10-12,5,112
Mont-Saint-Guibert,25068,2020-10-13,2,114
Mont-Saint-Guibert,25068,2020-10-14,7,121
Mont-Saint-Guibert,25068,2020-10-15,11,132
Mont-Saint-Guibert,25068,2020-10-16,15,147
Mont-Saint-Guibert,25068,2020-10-17,13,160
Mont-Saint-Guibert,25068,2020-10-18,9,169
Mont-Saint-Guibert,25068,2020-10-19,9,178
Mont-Saint-Guibert,25068,2020-10-20,6,184
Mont-Saint-Guibert,25068,2020-10-21,16,200
Mont-Saint-Guibert,25068,2020-10-22,22,222
Mont-Saint-Guibert,25068,2020-10-23,16,238
Mont-Saint-Guibert,25068,2020-10-24,16,254
Mont-Saint-Guibert,25068,2020-10-25,19,273
Mont-Saint-Guibert,25068,2020-10-26,19,292
Mont-Saint-Guibert,25068,2020-10-27,16,308
Mont-Saint-Guibert,25068,2020-10-28,12,320
Mont-Saint-Guibert,25068,2020-10-29,24,344
Mont-Saint-Guibert,25068,2020-10-30,19,363
Mont-Saint-Guibert,25068,2020-10-31,19,382
Mont-Saint-Guibert,25068,2020-11-01,14,396
Mont-Saint-Guibert,25068,2020-11-02,4,400
Mont-Saint-Guibert,25068,2020-11-03,10,410
Mont-Saint-Guibert,25068,2020-11-04,2,412
Mont-Saint-Guibert,25068,2020-11-05,16,428
Mont-Saint-Guibert,25068,2020-11-06,18,446
Mont-Saint-Guibert,25068,2020-11-07,3,449
Mont-Saint-Guibert,25068,2020-11-08,3,452
Mont-Saint-Guibert,25068,2020-11-09,7,459
Mont-Saint-Guibert,25068,2020-11-10,0,459
Mont-Saint-Guibert,25068,2020-11-11,2,461
Nijvel,25072,2020-04-01,0,28
Nijvel,25072,2020-04-02,1,29
Nijvel,25072,2020-04-03,5,34
Nijvel,25072,2020-04-04,4,38
Nijvel,25072,2020-04-05,3,41
Nijvel,25072,2020-04-06,1,42
Nijvel,25072,2020-04-07,0,42
Nijvel,25072,2020-04-08,0,42
Nijvel,25072,2020-04-09,3,45
Nijvel,25072,2020-04-10,3,48
Nijvel,25072,2020-04-11,1,49
Nijvel,25072,2020-04-12,1,50
Nijvel,25072,2020-04-13,2,52
Nijvel,25072,2020-04-14,0,52
Nijvel,25072,2020-04-15,5,57
Nijvel,25072,2020-04-16,1,58
Nijvel,25072,2020-04-17,1,59
Nijvel,25072,2020-04-18,2,61
Nijvel,25072,2020-04-19,2,63
Nijvel,25072,2020-04-20,6,69
Nijvel,25072,2020-04-21,1,70
Nijvel,25072,2020-04-22,1,71
Nijvel,25072,2020-04-23,18,89
Nijvel,25072,2020-04-24,5,94
Nijvel,25072,2020-04-25,3,97
Nijvel,25072,2020-04-26,2,99
Nijvel,25072,2020-04-27,0,99
Nijvel,25072,2020-04-28,2,101
Nijvel,25072,2020-04-29,1,102
Nijvel,25072,2020-04-30,1,103
Nijvel,25072,2020-05-01,0,103
Nijvel,25072,2020-05-02,2,105
Nijvel,25072,2020-05-03,0,105
Nijvel,25072,2020-05-04,0,105
Nijvel,25072,2020-05-05,2,107
Nijvel,25072,2020-05-06,0,107
Nijvel,25072,2020-05-07,1,108
Nijvel,25072,2020-05-08,1,109
Nijvel,25072,2020-05-09,2,111
Nijvel,25072,2020-05-10,0,111
Nijvel,25072,2020-05-11,1,112
Nijvel,25072,2020-05-12,2,114
Nijvel,25072,2020-05-13,0,114
Nijvel,25072,2020-05-14,0,114
Nijvel,25072,2020-05-15,0,114
Nijvel,25072,2020-05-16,0,114
Nijvel,25072,2020-05-17,0,114
Nijvel,25072,2020-05-18,0,114
Nijvel,25072,2020-05-19,0,114
Nijvel,25072,2020-05-20,0,114
Nijvel,25072,2020-05-21,0,114
Nijvel,25072,2020-05-22,0,114
Nijvel,25072,2020-05-23,0,114
Nijvel,25072,2020-05-24,0,114
Nijvel,25072,2020-05-25,0,114
Nijvel,25072,2020-05-26,2,116
Nijvel,25072,2020-05-27,0,116
Nijvel,25072,2020-05-28,1,117
Nijvel,25072,2020-05-29,0,117
Nijvel,25072,2020-05-30,0,117
Nijvel,25072,2020-05-31,0,117
Nijvel,25072,2020-06-01,0,117
Nijvel,25072,2020-06-02,0,117
Nijvel,25072,2020-06-03,0,117
Nijvel,25072,2020-06-04,0,117
Nijvel,25072,2020-06-05,1,118
Nijvel,25072,2020-06-06,0,118
Nijvel,25072,2020-06-07,0,118
Nijvel,25072,2020-06-08,0,118
Nijvel,25072,2020-06-09,0,118
Nijvel,25072,2020-06-10,0,118
Nijvel,25072,2020-06-11,0,118
Nijvel,25072,2020-06-12,0,118
Nijvel,25072,2020-06-13,0,118
Nijvel,25072,2020-06-14,1,119
Nijvel,25072,2020-06-15,0,119
Nijvel,25072,2020-06-16,0,119
Nijvel,25072,2020-06-17,0,119
Nijvel,25072,2020-06-18,0,119
Nijvel,25072,2020-06-19,0,119
Nijvel,25072,2020-06-20,0,119
Nijvel,25072,2020-06-23,2,121
Nijvel,25072,2020-06-24,1,122
Nijvel,25072,2020-06-25,0,122
Nijvel,25072,2020-06-26,1,123
Nijvel,25072,2020-06-27,0,123
Nijvel,25072,2020-06-30,1,124
Nijvel,25072,2020-07-01,0,124
Nijvel,25072,2020-07-02,1,125
Nijvel,25072,2020-07-03,0,125
Nijvel,25072,2020-07-04,0,125
Nijvel,25072,2020-07-07,1,126
Nijvel,25072,2020-07-08,0,126
Nijvel,25072,2020-07-09,0,126
Nijvel,25072,2020-07-10,0,126
Nijvel,25072,2020-07-11,2,128
Nijvel,25072,2020-07-14,0,128
Nijvel,25072,2020-07-15,2,130
Nijvel,25072,2020-07-16,0,130
Nijvel,25072,2020-07-17,0,130
Nijvel,25072,2020-07-18,0,130
Nijvel,25072,2020-07-20,0,130
Nijvel,25072,2020-07-21,0,130
Nijvel,25072,2020-07-22,1,131
Nijvel,25072,2020-07-23,1,132
Nijvel,25072,2020-07-24,0,132
Nijvel,25072,2020-07-25,0,132
Nijvel,25072,2020-07-26,1,133
Nijvel,25072,2020-07-27,1,134
Nijvel,25072,2020-07-28,1,135
Nijvel,25072,2020-07-29,0,135
Nijvel,25072,2020-07-30,6,141
Nijvel,25072,2020-07-31,0,141
Nijvel,25072,2020-08-01,1,142
Nijvel,25072,2020-08-02,0,142
Nijvel,25072,2020-08-03,3,145
Nijvel,25072,2020-08-04,0,145
Nijvel,25072,2020-08-05,1,146
Nijvel,25072,2020-08-06,0,146
Nijvel,25072,2020-08-07,1,147
Nijvel,25072,2020-08-08,4,151
Nijvel,25072,2020-08-09,1,152
Nijvel,25072,2020-08-10,2,154
Nijvel,25072,2020-08-11,1,155
Nijvel,25072,2020-08-12,0,155
Nijvel,25072,2020-08-13,0,155
Nijvel,25072,2020-08-14,2,157
Nijvel,25072,2020-08-15,0,157
Nijvel,25072,2020-08-16,0,157
Nijvel,25072,2020-08-17,0,157
Nijvel,25072,2020-08-18,3,160
Nijvel,25072,2020-08-19,1,161
Nijvel,25072,2020-08-20,0,161
Nijvel,25072,2020-08-21,5,166
Nijvel,25072,2020-08-22,0,166
Nijvel,25072,2020-08-23,0,166
Nijvel,25072,2020-08-24,0,166
Nijvel,25072,2020-08-25,0,166
Nijvel,25072,2020-08-26,1,167
Nijvel,25072,2020-08-27,2,169
Nijvel,25072,2020-08-28,0,169
Nijvel,25072,2020-08-29,0,169
Nijvel,25072,2020-08-30,2,171
Nijvel,25072,2020-08-31,0,171
Nijvel,25072,2020-09-01,1,172
Nijvel,25072,2020-09-02,0,172
Nijvel,25072,2020-09-03,1,173
Nijvel,25072,2020-09-04,1,174
Nijvel,25072,2020-09-05,2,176
Nijvel,25072,2020-09-06,1,177
Nijvel,25072,2020-09-07,0,177
Nijvel,25072,2020-09-08,0,177
Nijvel,25072,2020-09-09,0,177
Nijvel,25072,2020-09-10,2,179
Nijvel,25072,2020-09-11,1,180
Nijvel,25072,2020-09-12,0,180
Nijvel,25072,2020-09-13,1,181
Nijvel,25072,2020-09-14,6,187
Nijvel,25072,2020-09-15,5,192
Nijvel,25072,2020-09-16,3,195
Nijvel,25072,2020-09-17,2,197
Nijvel,25072,2020-09-18,4,201
Nijvel,25072,2020-09-19,6,207
Nijvel,25072,2020-09-20,5,212
Nijvel,25072,2020-09-21,4,216
Nijvel,25072,2020-09-22,4,220
Nijvel,25072,2020-09-23,5,225
Nijvel,25072,2020-09-24,9,234
Nijvel,25072,2020-09-25,7,241
Nijvel,25072,2020-09-26,4,245
Nijvel,25072,2020-09-27,1,246
Nijvel,25072,2020-09-28,1,247
Nijvel,25072,2020-09-29,2,249
Nijvel,25072,2020-09-30,5,254
Nijvel,25072,2020-10-01,7,261
Nijvel,25072,2020-10-02,8,269
Nijvel,25072,2020-10-03,10,279
Nijvel,25072,2020-10-04,12,291
Nijvel,25072,2020-10-05,11,302
Nijvel,25072,2020-10-06,6,308
Nijvel,25072,2020-10-07,11,319
Nijvel,25072,2020-10-08,8,327
Nijvel,25072,2020-10-09,9,336
Nijvel,25072,2020-10-10,23,359
Nijvel,25072,2020-10-11,26,385
Nijvel,25072,2020-10-12,23,408
Nijvel,25072,2020-10-13,9,417
Nijvel,25072,2020-10-14,19,436
Nijvel,25072,2020-10-15,20,456
Nijvel,25072,2020-10-16,29,485
Nijvel,25072,2020-10-17,27,512
Nijvel,25072,2020-10-18,43,555
Nijvel,25072,2020-10-19,16,571
Nijvel,25072,2020-10-20,19,590
Nijvel,25072,2020-10-21,26,616
Nijvel,25072,2020-10-22,39,655
Nijvel,25072,2020-10-23,49,704
Nijvel,25072,2020-10-24,52,756
Nijvel,25072,2020-10-25,50,806
Nijvel,25072,2020-10-26,36,842
Nijvel,25072,2020-10-27,29,871
Nijvel,25072,2020-10-28,35,906
Nijvel,25072,2020-10-29,78,984
Nijvel,25072,2020-10-30,64,1048
Nijvel,25072,2020-10-31,59,1107
Nijvel,25072,2020-11-01,45,1152
Nijvel,25072,2020-11-02,30,1182
Nijvel,25072,2020-11-03,14,1196
Nijvel,25072,2020-11-04,8,1204
Nijvel,25072,2020-11-05,51,1255
Nijvel,25072,2020-11-06,32,1287
Nijvel,25072,2020-11-07,20,1307
Nijvel,25072,2020-11-08,18,1325
Nijvel,25072,2020-11-09,11,1336
Nijvel,25072,2020-11-10,7,1343
Nijvel,25072,2020-11-11,13,1356
Perwijs (Nijvel),25084,2020-04-01,1,6
Perwijs (Nijvel),25084,2020-04-02,0,6
Perwijs (Nijvel),25084,2020-04-03,0,6
Perwijs (Nijvel),25084,2020-04-04,1,7
Perwijs (Nijvel),25084,2020-04-05,1,8
Perwijs (Nijvel),25084,2020-04-06,0,8
Perwijs (Nijvel),25084,2020-04-07,0,8
Perwijs (Nijvel),25084,2020-04-08,0,8
Perwijs (Nijvel),25084,2020-04-09,1,9
Perwijs (Nijvel),25084,2020-04-10,2,11
Perwijs (Nijvel),25084,2020-04-11,0,11
Perwijs (Nijvel),25084,2020-04-12,0,11
Perwijs (Nijvel),25084,2020-04-13,1,12
Perwijs (Nijvel),25084,2020-04-14,0,12
Perwijs (Nijvel),25084,2020-04-15,0,12
Perwijs (Nijvel),25084,2020-04-16,0,12
Perwijs (Nijvel),25084,2020-04-17,0,12
Perwijs (Nijvel),25084,2020-04-18,0,12
Perwijs (Nijvel),25084,2020-04-19,0,12
Perwijs (Nijvel),25084,2020-04-20,0,12
Perwijs (Nijvel),25084,2020-04-21,0,12
Perwijs (Nijvel),25084,2020-04-22,0,12
Perwijs (Nijvel),25084,2020-04-23,0,12
Perwijs (Nijvel),25084,2020-04-24,0,12
Perwijs (Nijvel),25084,2020-04-25,0,12
Perwijs (Nijvel),25084,2020-04-26,0,12
Perwijs (Nijvel),25084,2020-04-27,0,12
Perwijs (Nijvel),25084,2020-04-28,1,13
Perwijs (Nijvel),25084,2020-04-29,0,13
Perwijs (Nijvel),25084,2020-04-30,0,13
Perwijs (Nijvel),25084,2020-05-01,0,13
Perwijs (Nijvel),25084,2020-05-02,0,13
Perwijs (Nijvel),25084,2020-05-03,0,13
Perwijs (Nijvel),25084,2020-05-04,0,13
Perwijs (Nijvel),25084,2020-05-05,0,13
Perwijs (Nijvel),25084,2020-05-06,0,13
Perwijs (Nijvel),25084,2020-05-07,0,13
Perwijs (Nijvel),25084,2020-05-08,0,13
Perwijs (Nijvel),25084,2020-05-09,1,14
Perwijs (Nijvel),25084,2020-05-10,0,14
Perwijs (Nijvel),25084,2020-05-11,0,14
Perwijs (Nijvel),25084,2020-05-12,0,14
Perwijs (Nijvel),25084,2020-05-13,0,14
Perwijs (Nijvel),25084,2020-05-14,0,14
Perwijs (Nijvel),25084,2020-05-15,0,14
Perwijs (Nijvel),25084,2020-05-16,0,14
Perwijs (Nijvel),25084,2020-05-17,0,14
Perwijs (Nijvel),25084,2020-05-18,0,14
Perwijs (Nijvel),25084,2020-05-19,0,14
Perwijs (Nijvel),25084,2020-05-20,0,14
Perwijs (Nijvel),25084,2020-05-21,0,14
Perwijs (Nijvel),25084,2020-05-22,0,14
Perwijs (Nijvel),25084,2020-05-23,0,14
Perwijs (Nijvel),25084,2020-05-24,0,14
Perwijs (Nijvel),25084,2020-05-25,0,14
Perwijs (Nijvel),25084,2020-05-26,0,14
Perwijs (Nijvel),25084,2020-05-27,1,15
Perwijs (Nijvel),25084,2020-05-28,0,15
Perwijs (Nijvel),25084,2020-05-29,0,15
Perwijs (Nijvel),25084,2020-05-30,0,15
Perwijs (Nijvel),25084,2020-05-31,0,15
Perwijs (Nijvel),25084,2020-06-01,0,15
Perwijs (Nijvel),25084,2020-06-02,0,15
Perwijs (Nijvel),25084,2020-06-03,0,15
Perwijs (Nijvel),25084,2020-06-04,0,15
Perwijs (Nijvel),25084,2020-06-05,0,15
Perwijs (Nijvel),25084,2020-06-06,0,15
Perwijs (Nijvel),25084,2020-06-07,0,15
Perwijs (Nijvel),25084,2020-06-08,0,15
Perwijs (Nijvel),25084,2020-06-09,0,15
Perwijs (Nijvel),25084,2020-06-10,0,15
Perwijs (Nijvel),25084,2020-06-11,0,15
Perwijs (Nijvel),25084,2020-06-12,0,15
Perwijs (Nijvel),25084,2020-06-13,0,15
Perwijs (Nijvel),25084,2020-06-14,1,16
Perwijs (Nijvel),25084,2020-06-15,0,16
Perwijs (Nijvel),25084,2020-06-16,0,16
Perwijs (Nijvel),25084,2020-06-17,0,16
Perwijs (Nijvel),25084,2020-06-18,0,16
Perwijs (Nijvel),25084,2020-06-19,0,16
Perwijs (Nijvel),25084,2020-06-20,0,16
Perwijs (Nijvel),25084,2020-06-23,0,16
Perwijs (Nijvel),25084,2020-06-24,0,16
Perwijs (Nijvel),25084,2020-06-25,0,16
Perwijs (Nijvel),25084,2020-06-26,0,16
Perwijs (Nijvel),25084,2020-06-27,0,16
Perwijs (Nijvel),25084,2020-06-30,0,16
Perwijs (Nijvel),25084,2020-07-01,0,16
Perwijs (Nijvel),25084,2020-07-02,0,16
Perwijs (Nijvel),25084,2020-07-03,0,16
Perwijs (Nijvel),25084,2020-07-04,0,16
Perwijs (Nijvel),25084,2020-07-07,0,16
Perwijs (Nijvel),25084,2020-07-08,0,16
Perwijs (Nijvel),25084,2020-07-09,0,16
Perwijs (Nijvel),25084,2020-07-10,0,16
Perwijs (Nijvel),25084,2020-07-11,0,16
Perwijs (Nijvel),25084,2020-07-14,0,16
Perwijs (Nijvel),25084,2020-07-15,0,16
Perwijs (Nijvel),25084,2020-07-16,1,17
Perwijs (Nijvel),25084,2020-07-17,0,17
Perwijs (Nijvel),25084,2020-07-18,0,17
Perwijs (Nijvel),25084,2020-07-20,0,17
Perwijs (Nijvel),25084,2020-07-21,0,17
Perwijs (Nijvel),25084,2020-07-22,0,17
Perwijs (Nijvel),25084,2020-07-23,0,17
Perwijs (Nijvel),25084,2020-07-24,0,17
Perwijs (Nijvel),25084,2020-07-25,0,17
Perwijs (Nijvel),25084,2020-07-26,0,17
Perwijs (Nijvel),25084,2020-07-27,0,17
Perwijs (Nijvel),25084,2020-07-28,0,17
Perwijs (Nijvel),25084,2020-07-29,0,17
Perwijs (Nijvel),25084,2020-07-30,0,17
Perwijs (Nijvel),25084,2020-07-31,0,17
Perwijs (Nijvel),25084,2020-08-01,1,18
Perwijs (Nijvel),25084,2020-08-02,0,18
Perwijs (Nijvel),25084,2020-08-03,0,18
Perwijs (Nijvel),25084,2020-08-04,0,18
Perwijs (Nijvel),25084,2020-08-05,0,18
Perwijs (Nijvel),25084,2020-08-06,0,18
Perwijs (Nijvel),25084,2020-08-07,0,18
Perwijs (Nijvel),25084,2020-08-08,0,18
Perwijs (Nijvel),25084,2020-08-09,0,18
Perwijs (Nijvel),25084,2020-08-10,1,19
Perwijs (Nijvel),25084,2020-08-11,2,21
Perwijs (Nijvel),25084,2020-08-12,0,21
Perwijs (Nijvel),25084,2020-08-13,0,21
Perwijs (Nijvel),25084,2020-08-14,0,21
Perwijs (Nijvel),25084,2020-08-15,2,23
Perwijs (Nijvel),25084,2020-08-16,3,26
Perwijs (Nijvel),25084,2020-08-17,0,26
Perwijs (Nijvel),25084,2020-08-18,0,26
Perwijs (Nijvel),25084,2020-08-19,0,26
Perwijs (Nijvel),25084,2020-08-20,0,26
Perwijs (Nijvel),25084,2020-08-21,0,26
Perwijs (Nijvel),25084,2020-08-22,0,26
Perwijs (Nijvel),25084,2020-08-23,0,26
Perwijs (Nijvel),25084,2020-08-24,1,27
Perwijs (Nijvel),25084,2020-08-25,1,28
Perwijs (Nijvel),25084,2020-08-26,0,28
Perwijs (Nijvel),25084,2020-08-27,0,28
Perwijs (Nijvel),25084,2020-08-28,0,28
Perwijs (Nijvel),25084,2020-08-29,0,28
Perwijs (Nijvel),25084,2020-08-30,1,29
Perwijs (Nijvel),25084,2020-08-31,0,29
Perwijs (Nijvel),25084,2020-09-01,0,29
Perwijs (Nijvel),25084,2020-09-02,2,31
Perwijs (Nijvel),25084,2020-09-03,0,31
Perwijs (Nijvel),25084,2020-09-04,0,31
Perwijs (Nijvel),25084,2020-09-05,0,31
Perwijs (Nijvel),25084,2020-09-06,1,32
Perwijs (Nijvel),25084,2020-09-07,0,32
Perwijs (Nijvel),25084,2020-09-08,2,34
Perwijs (Nijvel),25084,2020-09-09,0,34
Perwijs (Nijvel),25084,2020-09-10,3,37
Perwijs (Nijvel),25084,2020-09-11,0,37
Perwijs (Nijvel),25084,2020-09-12,0,37
Perwijs (Nijvel),25084,2020-09-13,2,39
Perwijs (Nijvel),25084,2020-09-14,0,39
Perwijs (Nijvel),25084,2020-09-15,1,40
Perwijs (Nijvel),25084,2020-09-16,0,40
Perwijs (Nijvel),25084,2020-09-17,0,40
Perwijs (Nijvel),25084,2020-09-18,1,41
Perwijs (Nijvel),25084,2020-09-19,1,42
Perwijs (Nijvel),25084,2020-09-20,0,42
Perwijs (Nijvel),25084,2020-09-21,0,42
Perwijs (Nijvel),25084,2020-09-22,3,45
Perwijs (Nijvel),25084,2020-09-23,2,47
Perwijs (Nijvel),25084,2020-09-24,1,48
Perwijs (Nijvel),25084,2020-09-25,3,51
Perwijs (Nijvel),25084,2020-09-26,6,57
Perwijs (Nijvel),25084,2020-09-27,7,64
Perwijs (Nijvel),25084,2020-09-28,0,64
Perwijs (Nijvel),25084,2020-09-29,0,64
Perwijs (Nijvel),25084,2020-09-30,0,64
Perwijs (Nijvel),25084,2020-10-01,1,65
Perwijs (Nijvel),25084,2020-10-02,1,66
Perwijs (Nijvel),25084,2020-10-03,8,74
Perwijs (Nijvel),25084,2020-10-04,4,78
Perwijs (Nijvel),25084,2020-10-05,3,81
Perwijs (Nijvel),25084,2020-10-06,2,83
Perwijs (Nijvel),25084,2020-10-07,0,83
Perwijs (Nijvel),25084,2020-10-08,5,88
Perwijs (Nijvel),25084,2020-10-09,12,100
Perwijs (Nijvel),25084,2020-10-10,3,103
Perwijs (Nijvel),25084,2020-10-11,4,107
Perwijs (Nijvel),25084,2020-10-12,4,111
Perwijs (Nijvel),25084,2020-10-13,0,111
Perwijs (Nijvel),25084,2020-10-14,7,118
Perwijs (Nijvel),25084,2020-10-15,14,132
Perwijs (Nijvel),25084,2020-10-16,15,147
Perwijs (Nijvel),25084,2020-10-17,13,160
Perwijs (Nijvel),25084,2020-10-18,10,170
Perwijs (Nijvel),25084,2020-10-19,10,180
Perwijs (Nijvel),25084,2020-10-20,11,191
Perwijs (Nijvel),25084,2020-10-21,9,200
Perwijs (Nijvel),25084,2020-10-22,14,214
Perwijs (Nijvel),25084,2020-10-23,24,238
Perwijs (Nijvel),25084,2020-10-24,15,253
Perwijs (Nijvel),25084,2020-10-25,24,277
Perwijs (Nijvel),25084,2020-10-26,8,285
Perwijs (Nijvel),25084,2020-10-27,11,296
Perwijs (Nijvel),25084,2020-10-28,10,306
Perwijs (Nijvel),25084,2020-10-29,13,319
Perwijs (Nijvel),25084,2020-10-30,18,337
Perwijs (Nijvel),25084,2020-10-31,24,361
Perwijs (Nijvel),25084,2020-11-01,23,384
Perwijs (Nijvel),25084,2020-11-02,10,394
Perwijs (Nijvel),25084,2020-11-03,8,402
Perwijs (Nijvel),25084,2020-11-04,3,405
Perwijs (Nijvel),25084,2020-11-05,10,415
Perwijs (Nijvel),25084,2020-11-06,11,426
Perwijs (Nijvel),25084,2020-11-07,11,437
Perwijs (Nijvel),25084,2020-11-08,7,444
Perwijs (Nijvel),25084,2020-11-09,12,456
Perwijs (Nijvel),25084,2020-11-10,2,458
Perwijs (Nijvel),25084,2020-11-11,3,461
Rixensart,25091,2020-04-01,2,30
Rixensart,25091,2020-04-02,1,31
Rixensart,25091,2020-04-03,4,35
Rixensart,25091,2020-04-04,1,36
Rixensart,25091,2020-04-05,3,39
Rixensart,25091,2020-04-06,4,43
Rixensart,25091,2020-04-07,0,43
Rixensart,25091,2020-04-08,1,44
Rixensart,25091,2020-04-09,1,45
Rixensart,25091,2020-04-10,2,47
Rixensart,25091,2020-04-11,1,48
Rixensart,25091,2020-04-12,5,53
Rixensart,25091,2020-04-13,1,54
Rixensart,25091,2020-04-14,0,54
Rixensart,25091,2020-04-15,0,54
Rixensart,25091,2020-04-16,1,55
Rixensart,25091,2020-04-17,1,56
Rixensart,25091,2020-04-18,3,59
Rixensart,25091,2020-04-19,1,60
Rixensart,25091,2020-04-20,1,61
Rixensart,25091,2020-04-21,1,62
Rixensart,25091,2020-04-22,4,66
Rixensart,25091,2020-04-23,1,67
Rixensart,25091,2020-04-24,0,67
Rixensart,25091,2020-04-25,1,68
Rixensart,25091,2020-04-26,1,69
Rixensart,25091,2020-04-27,0,69
Rixensart,25091,2020-04-28,4,73
Rixensart,25091,2020-04-29,6,79
Rixensart,25091,2020-04-30,1,80
Rixensart,25091,2020-05-01,0,80
Rixensart,25091,2020-05-02,0,80
Rixensart,25091,2020-05-03,0,80
Rixensart,25091,2020-05-04,0,80
Rixensart,25091,2020-05-05,1,81
Rixensart,25091,2020-05-06,0,81
Rixensart,25091,2020-05-07,0,81
Rixensart,25091,2020-05-08,0,81
Rixensart,25091,2020-05-09,2,83
Rixensart,25091,2020-05-10,0,83
Rixensart,25091,2020-05-11,1,84
Rixensart,25091,2020-05-12,2,86
Rixensart,25091,2020-05-13,0,86
Rixensart,25091,2020-05-14,0,86
Rixensart,25091,2020-05-15,0,86
Rixensart,25091,2020-05-16,1,87
Rixensart,25091,2020-05-17,0,87
Rixensart,25091,2020-05-18,0,87
Rixensart,25091,2020-05-19,0,87
Rixensart,25091,2020-05-20,1,88
Rixensart,25091,2020-05-21,0,88
Rixensart,25091,2020-05-22,0,88
Rixensart,25091,2020-05-23,0,88
Rixensart,25091,2020-05-24,0,88
Rixensart,25091,2020-05-25,0,88
Rixensart,25091,2020-05-26,0,88
Rixensart,25091,2020-05-27,0,88
Rixensart,25091,2020-05-28,0,88
Rixensart,25091,2020-05-29,0,88
Rixensart,25091,2020-05-30,0,88
Rixensart,25091,2020-05-31,0,88
Rixensart,25091,2020-06-01,0,88
Rixensart,25091,2020-06-02,1,89
Rixensart,25091,2020-06-03,0,89
Rixensart,25091,2020-06-04,0,89
Rixensart,25091,2020-06-05,0,89
Rixensart,25091,2020-06-06,0,89
Rixensart,25091,2020-06-07,0,89
Rixensart,25091,2020-06-08,1,90
Rixensart,25091,2020-06-09,1,91
Rixensart,25091,2020-06-10,0,91
Rixensart,25091,2020-06-11,0,91
Rixensart,25091,2020-06-12,0,91
Rixensart,25091,2020-06-13,0,91
Rixensart,25091,2020-06-14,0,91
Rixensart,25091,2020-06-15,2,93
Rixensart,25091,2020-06-16,0,93
Rixensart,25091,2020-06-17,0,93
Rixensart,25091,2020-06-18,0,93
Rixensart,25091,2020-06-19,0,93
Rixensart,25091,2020-06-20,0,93
Rixensart,25091,2020-06-23,0,93
Rixensart,25091,2020-06-24,0,93
Rixensart,25091,2020-06-25,0,93
Rixensart,25091,2020-06-26,0,93
Rixensart,25091,2020-06-27,0,93
Rixensart,25091,2020-06-30,0,93
Rixensart,25091,2020-07-01,0,93
Rixensart,25091,2020-07-02,0,93
Rixensart,25091,2020-07-03,0,93
Rixensart,25091,2020-07-04,0,93
Rixensart,25091,2020-07-07,0,93
Rixensart,25091,2020-07-08,0,93
Rixensart,25091,2020-07-09,0,93
Rixensart,25091,2020-07-10,1,94
Rixensart,25091,2020-07-11,0,94
Rixensart,25091,2020-07-14,1,95
Rixensart,25091,2020-07-15,0,95
Rixensart,25091,2020-07-16,0,95
Rixensart,25091,2020-07-17,0,95
Rixensart,25091,2020-07-18,1,96
Rixensart,25091,2020-07-20,0,96
Rixensart,25091,2020-07-21,0,96
Rixensart,25091,2020-07-22,0,96
Rixensart,25091,2020-07-23,0,96
Rixensart,25091,2020-07-24,0,96
Rixensart,25091,2020-07-25,0,96
Rixensart,25091,2020-07-26,0,96
Rixensart,25091,2020-07-27,1,97
Rixensart,25091,2020-07-28,1,98
Rixensart,25091,2020-07-29,0,98
Rixensart,25091,2020-07-30,3,101
Rixensart,25091,2020-07-31,1,102
Rixensart,25091,2020-08-01,2,104
Rixensart,25091,2020-08-02,1,105
Rixensart,25091,2020-08-03,0,105
Rixensart,25091,2020-08-04,0,105
Rixensart,25091,2020-08-05,0,105
Rixensart,25091,2020-08-06,1,106
Rixensart,25091,2020-08-07,0,106
Rixensart,25091,2020-08-08,3,109
Rixensart,25091,2020-08-09,0,109
Rixensart,25091,2020-08-10,2,111
Rixensart,25091,2020-08-11,0,111
Rixensart,25091,2020-08-12,0,111
Rixensart,25091,2020-08-13,0,111
Rixensart,25091,2020-08-14,0,111
Rixensart,25091,2020-08-15,1,112
Rixensart,25091,2020-08-16,2,114
Rixensart,25091,2020-08-17,0,114
Rixensart,25091,2020-08-18,0,114
Rixensart,25091,2020-08-19,1,115
Rixensart,25091,2020-08-20,0,115
Rixensart,25091,2020-08-21,1,116
Rixensart,25091,2020-08-22,1,117
Rixensart,25091,2020-08-23,1,118
Rixensart,25091,2020-08-24,1,119
Rixensart,25091,2020-08-25,0,119
Rixensart,25091,2020-08-26,1,120
Rixensart,25091,2020-08-27,2,122
Rixensart,25091,2020-08-28,0,122
Rixensart,25091,2020-08-29,0,122
Rixensart,25091,2020-08-30,0,122
Rixensart,25091,2020-08-31,2,124
Rixensart,25091,2020-09-01,0,124
Rixensart,25091,2020-09-02,0,124
Rixensart,25091,2020-09-03,0,124
Rixensart,25091,2020-09-04,1,125
Rixensart,25091,2020-09-05,1,126
Rixensart,25091,2020-09-06,2,128
Rixensart,25091,2020-09-07,0,128
Rixensart,25091,2020-09-08,0,128
Rixensart,25091,2020-09-09,0,128
Rixensart,25091,2020-09-10,1,129
Rixensart,25091,2020-09-11,4,133
Rixensart,25091,2020-09-12,1,134
Rixensart,25091,2020-09-13,1,135
Rixensart,25091,2020-09-14,3,138
Rixensart,25091,2020-09-15,3,141
Rixensart,25091,2020-09-16,0,141
Rixensart,25091,2020-09-17,6,147
Rixensart,25091,2020-09-18,4,151
Rixensart,25091,2020-09-19,8,159
Rixensart,25091,2020-09-20,9,168
Rixensart,25091,2020-09-21,2,170
Rixensart,25091,2020-09-22,1,171
Rixensart,25091,2020-09-23,12,183
Rixensart,25091,2020-09-24,7,190
Rixensart,25091,2020-09-25,5,195
Rixensart,25091,2020-09-26,14,209
Rixensart,25091,2020-09-27,7,216
Rixensart,25091,2020-09-28,5,221
Rixensart,25091,2020-09-29,3,224
Rixensart,25091,2020-09-30,11,235
Rixensart,25091,2020-10-01,2,237
Rixensart,25091,2020-10-02,7,244
Rixensart,25091,2020-10-03,7,251
Rixensart,25091,2020-10-04,18,269
Rixensart,25091,2020-10-05,9,278
Rixensart,25091,2020-10-06,13,291
Rixensart,25091,2020-10-07,7,298
Rixensart,25091,2020-10-08,17,315
Rixensart,25091,2020-10-09,39,354
Rixensart,25091,2020-10-10,11,365
Rixensart,25091,2020-10-11,34,399
Rixensart,25091,2020-10-12,26,425
Rixensart,25091,2020-10-13,3,428
Rixensart,25091,2020-10-14,22,450
Rixensart,25091,2020-10-15,28,478
Rixensart,25091,2020-10-16,19,497
Rixensart,25091,2020-10-17,35,532
Rixensart,25091,2020-10-18,24,556
Rixensart,25091,2020-10-19,20,576
Rixensart,25091,2020-10-20,43,619
Rixensart,25091,2020-10-21,38,657
Rixensart,25091,2020-10-22,61,718
Rixensart,25091,2020-10-23,44,762
Rixensart,25091,2020-10-24,51,813
Rixensart,25091,2020-10-25,58,871
Rixensart,25091,2020-10-26,24,895
Rixensart,25091,2020-10-27,46,941
Rixensart,25091,2020-10-28,50,991
Rixensart,25091,2020-10-29,67,1058
Rixensart,25091,2020-10-30,46,1104
Rixensart,25091,2020-10-31,34,1138
Rixensart,25091,2020-11-01,27,1165
Rixensart,25091,2020-11-02,22,1187
Rixensart,25091,2020-11-03,15,1202
Rixensart,25091,2020-11-04,6,1208
Rixensart,25091,2020-11-05,20,1228
Rixensart,25091,2020-11-06,27,1255
Rixensart,25091,2020-11-07,13,1268
Rixensart,25091,2020-11-08,12,1280
Rixensart,25091,2020-11-09,6,1286
Rixensart,25091,2020-11-10,3,1289
Rixensart,25091,2020-11-11,8,1297
Tubeke,25105,2020-04-01,4,43
Tubeke,25105,2020-04-02,2,45
Tubeke,25105,2020-04-03,4,49
Tubeke,25105,2020-04-04,3,52
Tubeke,25105,2020-04-05,3,55
Tubeke,25105,2020-04-06,0,55
Tubeke,25105,2020-04-07,1,56
Tubeke,25105,2020-04-08,2,58
Tubeke,25105,2020-04-09,4,62
Tubeke,25105,2020-04-10,4,66
Tubeke,25105,2020-04-11,3,69
Tubeke,25105,2020-04-12,4,73
Tubeke,25105,2020-04-13,0,73
Tubeke,25105,2020-04-14,0,73
Tubeke,25105,2020-04-15,3,76
Tubeke,25105,2020-04-16,1,77
Tubeke,25105,2020-04-17,40,117
Tubeke,25105,2020-04-18,0,117
Tubeke,25105,2020-04-19,1,118
Tubeke,25105,2020-04-20,0,118
Tubeke,25105,2020-04-21,0,118
Tubeke,25105,2020-04-22,2,120
Tubeke,25105,2020-04-23,1,121
Tubeke,25105,2020-04-24,1,122
Tubeke,25105,2020-04-25,1,123
Tubeke,25105,2020-04-26,1,124
Tubeke,25105,2020-04-27,0,124
Tubeke,25105,2020-04-28,1,125
Tubeke,25105,2020-04-29,2,127
Tubeke,25105,2020-04-30,1,128
Tubeke,25105,2020-05-01,1,129
Tubeke,25105,2020-05-02,0,129
Tubeke,25105,2020-05-03,0,129
Tubeke,25105,2020-05-04,1,130
Tubeke,25105,2020-05-05,1,131
Tubeke,25105,2020-05-06,0,131
Tubeke,25105,2020-05-07,3,134
Tubeke,25105,2020-05-08,1,135
Tubeke,25105,2020-05-09,1,136
Tubeke,25105,2020-05-10,1,137
Tubeke,25105,2020-05-11,1,138
Tubeke,25105,2020-05-12,0,138
Tubeke,25105,2020-05-13,0,138
Tubeke,25105,2020-05-14,1,139
Tubeke,25105,2020-05-15,2,141
Tubeke,25105,2020-05-16,1,142
Tubeke,25105,2020-05-17,0,142
Tubeke,25105,2020-05-18,0,142
Tubeke,25105,2020-05-19,0,142
Tubeke,25105,2020-05-20,1,143
Tubeke,25105,2020-05-21,0,143
Tubeke,25105,2020-05-22,3,146
Tubeke,25105,2020-05-23,0,146
Tubeke,25105,2020-05-24,0,146
Tubeke,25105,2020-05-25,0,146
Tubeke,25105,2020-05-26,0,146
Tubeke,25105,2020-05-27,2,148
Tubeke,25105,2020-05-28,0,148
Tubeke,25105,2020-05-29,1,149
Tubeke,25105,2020-05-30,1,150
Tubeke,25105,2020-05-31,0,150
Tubeke,25105,2020-06-01,1,151
Tubeke,25105,2020-06-02,0,151
Tubeke,25105,2020-06-03,0,151
Tubeke,25105,2020-06-04,0,151
Tubeke,25105,2020-06-05,0,151
Tubeke,25105,2020-06-06,0,151
Tubeke,25105,2020-06-07,0,151
Tubeke,25105,2020-06-08,0,151
Tubeke,25105,2020-06-09,2,153
Tubeke,25105,2020-06-10,0,153
Tubeke,25105,2020-06-11,0,153
Tubeke,25105,2020-06-12,0,153
Tubeke,25105,2020-06-13,3,156
Tubeke,25105,2020-06-14,0,156
Tubeke,25105,2020-06-15,0,156
Tubeke,25105,2020-06-16,1,157
Tubeke,25105,2020-06-17,0,157
Tubeke,25105,2020-06-18,0,157
Tubeke,25105,2020-06-19,1,158
Tubeke,25105,2020-06-20,1,159
Tubeke,25105,2020-06-23,0,159
Tubeke,25105,2020-06-24,2,161
Tubeke,25105,2020-06-25,1,162
Tubeke,25105,2020-06-26,1,163
Tubeke,25105,2020-06-27,0,163
Tubeke,25105,2020-06-30,0,163
Tubeke,25105,2020-07-01,0,163
Tubeke,25105,2020-07-02,0,163
Tubeke,25105,2020-07-03,0,163
Tubeke,25105,2020-07-04,0,163
Tubeke,25105,2020-07-07,0,163
Tubeke,25105,2020-07-08,0,163
Tubeke,25105,2020-07-09,1,164
Tubeke,25105,2020-07-10,0,164
Tubeke,25105,2020-07-11,0,164
Tubeke,25105,2020-07-14,1,165
Tubeke,25105,2020-07-15,0,165
Tubeke,25105,2020-07-16,0,165
Tubeke,25105,2020-07-17,1,166
Tubeke,25105,2020-07-18,0,166
Tubeke,25105,2020-07-20,0,166
Tubeke,25105,2020-07-21,0,166
Tubeke,25105,2020-07-22,0,166
Tubeke,25105,2020-07-23,1,167
Tubeke,25105,2020-07-24,0,167
Tubeke,25105,2020-07-25,1,168
Tubeke,25105,2020-07-26,0,168
Tubeke,25105,2020-07-27,0,168
Tubeke,25105,2020-07-28,0,168
Tubeke,25105,2020-07-29,0,168
Tubeke,25105,2020-07-30,1,169
Tubeke,25105,2020-07-31,0,169
Tubeke,25105,2020-08-01,0,169
Tubeke,25105,2020-08-02,1,170
Tubeke,25105,2020-08-03,2,172
Tubeke,25105,2020-08-04,1,173
Tubeke,25105,2020-08-05,2,175
Tubeke,25105,2020-08-06,3,178
Tubeke,25105,2020-08-07,0,178
Tubeke,25105,2020-08-08,2,180
Tubeke,25105,2020-08-09,0,180
Tubeke,25105,2020-08-10,3,183
Tubeke,25105,2020-08-11,0,183
Tubeke,25105,2020-08-12,0,183
Tubeke,25105,2020-08-13,11,194
Tubeke,25105,2020-08-14,1,195
Tubeke,25105,2020-08-15,1,196
Tubeke,25105,2020-08-16,2,198
Tubeke,25105,2020-08-17,0,198
Tubeke,25105,2020-08-18,1,199
Tubeke,25105,2020-08-19,1,200
Tubeke,25105,2020-08-20,3,203
Tubeke,25105,2020-08-21,3,206
Tubeke,25105,2020-08-22,4,210
Tubeke,25105,2020-08-23,7,217
Tubeke,25105,2020-08-24,0,217
Tubeke,25105,2020-08-25,6,223
Tubeke,25105,2020-08-26,1,224
Tubeke,25105,2020-08-27,8,232
Tubeke,25105,2020-08-28,2,234
Tubeke,25105,2020-08-29,1,235
Tubeke,25105,2020-08-30,1,236
Tubeke,25105,2020-08-31,3,239
Tubeke,25105,2020-09-01,0,239
Tubeke,25105,2020-09-02,0,239
Tubeke,25105,2020-09-03,4,243
Tubeke,25105,2020-09-04,1,244
Tubeke,25105,2020-09-05,5,249
Tubeke,25105,2020-09-06,6,255
Tubeke,25105,2020-09-07,5,260
Tubeke,25105,2020-09-08,2,262
Tubeke,25105,2020-09-09,0,262
Tubeke,25105,2020-09-10,7,269
Tubeke,25105,2020-09-11,4,273
Tubeke,25105,2020-09-12,5,278
Tubeke,25105,2020-09-13,5,283
Tubeke,25105,2020-09-14,4,287
Tubeke,25105,2020-09-15,3,290
Tubeke,25105,2020-09-16,2,292
Tubeke,25105,2020-09-17,12,304
Tubeke,25105,2020-09-18,17,321
Tubeke,25105,2020-09-19,7,328
Tubeke,25105,2020-09-20,5,333
Tubeke,25105,2020-09-21,4,337
Tubeke,25105,2020-09-22,11,348
Tubeke,25105,2020-09-23,2,350
Tubeke,25105,2020-09-24,5,355
Tubeke,25105,2020-09-25,2,357
Tubeke,25105,2020-09-26,2,359
Tubeke,25105,2020-09-27,1,360
Tubeke,25105,2020-09-28,3,363
Tubeke,25105,2020-09-29,1,364
Tubeke,25105,2020-09-30,6,370
Tubeke,25105,2020-10-01,2,372
Tubeke,25105,2020-10-02,12,384
Tubeke,25105,2020-10-03,8,392
Tubeke,25105,2020-10-04,10,402
Tubeke,25105,2020-10-05,11,413
Tubeke,25105,2020-10-06,9,422
Tubeke,25105,2020-10-07,1,423
Tubeke,25105,2020-10-08,8,431
Tubeke,25105,2020-10-09,13,444
Tubeke,25105,2020-10-10,5,449
Tubeke,25105,2020-10-11,29,478
Tubeke,25105,2020-10-12,18,496
Tubeke,25105,2020-10-13,23,519
Tubeke,25105,2020-10-14,10,529
Tubeke,25105,2020-10-15,24,553
Tubeke,25105,2020-10-16,43,596
Tubeke,25105,2020-10-17,26,622
Tubeke,25105,2020-10-18,49,671
Tubeke,25105,2020-10-19,30,701
Tubeke,25105,2020-10-20,14,715
Tubeke,25105,2020-10-21,30,745
Tubeke,25105,2020-10-22,35,780
Tubeke,25105,2020-10-23,42,822
Tubeke,25105,2020-10-24,56,878
Tubeke,25105,2020-10-25,63,941
Tubeke,25105,2020-10-26,35,976
Tubeke,25105,2020-10-27,52,1028
Tubeke,25105,2020-10-28,29,1057
Tubeke,25105,2020-10-29,88,1145
Tubeke,25105,2020-10-30,70,1215
Tubeke,25105,2020-10-31,57,1272
Tubeke,25105,2020-11-01,27,1299
Tubeke,25105,2020-11-02,30,1329
Tubeke,25105,2020-11-03,17,1346
Tubeke,25105,2020-11-04,12,1358
Tubeke,25105,2020-11-05,44,1402
Tubeke,25105,2020-11-06,33,1435
Tubeke,25105,2020-11-07,26,1461
Tubeke,25105,2020-11-08,9,1470
Tubeke,25105,2020-11-09,26,1496
Tubeke,25105,2020-11-10,3,1499
Tubeke,25105,2020-11-11,7,1506
Villers-la-Ville,25107,2020-04-01,0,0
Villers-la-Ville,25107,2020-04-02,0,0
Villers-la-Ville,25107,2020-04-03,0,0
Villers-la-Ville,25107,2020-04-04,0,0
Villers-la-Ville,25107,2020-04-05,5,5
Villers-la-Ville,25107,2020-04-06,1,6
Villers-la-Ville,25107,2020-04-07,1,7
Villers-la-Ville,25107,2020-04-08,0,7
Villers-la-Ville,25107,2020-04-09,0,7
Villers-la-Ville,25107,2020-04-10,3,10
Villers-la-Ville,25107,2020-04-11,3,13
Villers-la-Ville,25107,2020-04-12,0,13
Villers-la-Ville,25107,2020-04-13,1,14
Villers-la-Ville,25107,2020-04-14,0,14
Villers-la-Ville,25107,2020-04-15,1,15
Villers-la-Ville,25107,2020-04-16,0,15
Villers-la-Ville,25107,2020-04-17,1,16
Villers-la-Ville,25107,2020-04-18,1,17
Villers-la-Ville,25107,2020-04-19,1,18
Villers-la-Ville,25107,2020-04-20,1,19
Villers-la-Ville,25107,2020-04-21,0,19
Villers-la-Ville,25107,2020-04-22,0,19
Villers-la-Ville,25107,2020-04-23,0,19
Villers-la-Ville,25107,2020-04-24,0,19
Villers-la-Ville,25107,2020-04-25,2,21
Villers-la-Ville,25107,2020-04-26,0,21
Villers-la-Ville,25107,2020-04-27,0,21
Villers-la-Ville,25107,2020-04-28,0,21
Villers-la-Ville,25107,2020-04-29,0,21
Villers-la-Ville,25107,2020-04-30,0,21
Villers-la-Ville,25107,2020-05-01,0,21
Villers-la-Ville,25107,2020-05-02,0,21
Villers-la-Ville,25107,2020-05-03,0,21
Villers-la-Ville,25107,2020-05-04,0,21
Villers-la-Ville,25107,2020-05-05,2,23
Villers-la-Ville,25107,2020-05-06,0,23
Villers-la-Ville,25107,2020-05-07,0,23
Villers-la-Ville,25107,2020-05-08,0,23
Villers-la-Ville,25107,2020-05-09,0,23
Villers-la-Ville,25107,2020-05-10,0,23
Villers-la-Ville,25107,2020-05-11,0,23
Villers-la-Ville,25107,2020-05-12,1,24
Villers-la-Ville,25107,2020-05-13,-1,23
Villers-la-Ville,25107,2020-05-14,2,25
Villers-la-Ville,25107,2020-05-15,0,25
Villers-la-Ville,25107,2020-05-16,0,25
Villers-la-Ville,25107,2020-05-17,1,26
Villers-la-Ville,25107,2020-05-18,0,26
Villers-la-Ville,25107,2020-05-19,0,26
Villers-la-Ville,25107,2020-05-20,0,26
Villers-la-Ville,25107,2020-05-21,0,26
Villers-la-Ville,25107,2020-05-22,0,26
Villers-la-Ville,25107,2020-05-23,0,26
Villers-la-Ville,25107,2020-05-24,0,26
Villers-la-Ville,25107,2020-05-25,0,26
Villers-la-Ville,25107,2020-05-26,0,26
Villers-la-Ville,25107,2020-05-27,0,26
Villers-la-Ville,25107,2020-05-28,0,26
Villers-la-Ville,25107,2020-05-29,0,26
Villers-la-Ville,25107,2020-05-30,0,26
Villers-la-Ville,25107,2020-05-31,0,26
Villers-la-Ville,25107,2020-06-01,0,26
Villers-la-Ville,25107,2020-06-02,0,26
Villers-la-Ville,25107,2020-06-03,0,26
Villers-la-Ville,25107,2020-06-04,0,26
Villers-la-Ville,25107,2020-06-05,0,26
Villers-la-Ville,25107,2020-06-06,0,26
Villers-la-Ville,25107,2020-06-07,0,26
Villers-la-Ville,25107,2020-06-08,0,26
Villers-la-Ville,25107,2020-06-09,0,26
Villers-la-Ville,25107,2020-06-10,0,26
Villers-la-Ville,25107,2020-06-11,0,26
Villers-la-Ville,25107,2020-06-12,0,26
Villers-la-Ville,25107,2020-06-13,0,26
Villers-la-Ville,25107,2020-06-14,0,26
Villers-la-Ville,25107,2020-06-15,0,26
Villers-la-Ville,25107,2020-06-16,0,26
Villers-la-Ville,25107,2020-06-17,0,26
Villers-la-Ville,25107,2020-06-18,0,26
Villers-la-Ville,25107,2020-06-19,0,26
Villers-la-Ville,25107,2020-06-20,0,26
Villers-la-Ville,25107,2020-06-23,0,26
Villers-la-Ville,25107,2020-06-24,0,26
Villers-la-Ville,25107,2020-06-25,0,26
Villers-la-Ville,25107,2020-06-26,0,26
Villers-la-Ville,25107,2020-06-27,0,26
Villers-la-Ville,25107,2020-06-30,0,26
Villers-la-Ville,25107,2020-07-01,0,26
Villers-la-Ville,25107,2020-07-02,0,26
Villers-la-Ville,25107,2020-07-03,0,26
Villers-la-Ville,25107,2020-07-04,1,27
Villers-la-Ville,25107,2020-07-07,0,27
Villers-la-Ville,25107,2020-07-08,0,27
Villers-la-Ville,25107,2020-07-09,1,28
Villers-la-Ville,25107,2020-07-10,0,28
Villers-la-Ville,25107,2020-07-11,0,28
Villers-la-Ville,25107,2020-07-14,0,28
Villers-la-Ville,25107,2020-07-15,0,28
Villers-la-Ville,25107,2020-07-16,0,28
Villers-la-Ville,25107,2020-07-17,0,28
Villers-la-Ville,25107,2020-07-18,0,28
Villers-la-Ville,25107,2020-07-20,0,28
Villers-la-Ville,25107,2020-07-21,0,28
Villers-la-Ville,25107,2020-07-22,0,28
Villers-la-Ville,25107,2020-07-23,2,30
Villers-la-Ville,25107,2020-07-24,0,30
Villers-la-Ville,25107,2020-07-25,0,30
Villers-la-Ville,25107,2020-07-26,1,31
Villers-la-Ville,25107,2020-07-27,0,31
Villers-la-Ville,25107,2020-07-28,0,31
Villers-la-Ville,25107,2020-07-29,0,31
Villers-la-Ville,25107,2020-07-30,0,31
Villers-la-Ville,25107,2020-07-31,1,32
Villers-la-Ville,25107,2020-08-01,0,32
Villers-la-Ville,25107,2020-08-02,0,32
Villers-la-Ville,25107,2020-08-03,0,32
Villers-la-Ville,25107,2020-08-04,0,32
Villers-la-Ville,25107,2020-08-05,0,32
Villers-la-Ville,25107,2020-08-06,0,32
Villers-la-Ville,25107,2020-08-07,1,33
Villers-la-Ville,25107,2020-08-08,0,33
Villers-la-Ville,25107,2020-08-09,0,33
Villers-la-Ville,25107,2020-08-10,1,34
Villers-la-Ville,25107,2020-08-11,0,34
Villers-la-Ville,25107,2020-08-12,0,34
Villers-la-Ville,25107,2020-08-13,1,35
Villers-la-Ville,25107,2020-08-14,0,35
Villers-la-Ville,25107,2020-08-15,0,35
Villers-la-Ville,25107,2020-08-16,0,35
Villers-la-Ville,25107,2020-08-17,0,35
Villers-la-Ville,25107,2020-08-18,0,35
Villers-la-Ville,25107,2020-08-19,1,36
Villers-la-Ville,25107,2020-08-20,0,36
Villers-la-Ville,25107,2020-08-21,1,37
Villers-la-Ville,25107,2020-08-22,0,37
Villers-la-Ville,25107,2020-08-23,0,37
Villers-la-Ville,25107,2020-08-24,0,37
Villers-la-Ville,25107,2020-08-25,0,37
Villers-la-Ville,25107,2020-08-26,0,37
Villers-la-Ville,25107,2020-08-27,2,39
Villers-la-Ville,25107,2020-08-28,0,39
Villers-la-Ville,25107,2020-08-29,3,42
Villers-la-Ville,25107,2020-08-30,1,43
Villers-la-Ville,25107,2020-08-31,0,43
Villers-la-Ville,25107,2020-09-01,0,43
Villers-la-Ville,25107,2020-09-02,0,43
Villers-la-Ville,25107,2020-09-03,1,44
Villers-la-Ville,25107,2020-09-04,0,44
Villers-la-Ville,25107,2020-09-05,0,44
Villers-la-Ville,25107,2020-09-06,1,45
Villers-la-Ville,25107,2020-09-07,0,45
Villers-la-Ville,25107,2020-09-08,0,45
Villers-la-Ville,25107,2020-09-09,0,45
Villers-la-Ville,25107,2020-09-10,0,45
Villers-la-Ville,25107,2020-09-11,0,45
Villers-la-Ville,25107,2020-09-12,0,45
Villers-la-Ville,25107,2020-09-13,0,45
Villers-la-Ville,25107,2020-09-14,0,45
Villers-la-Ville,25107,2020-09-15,0,45
Villers-la-Ville,25107,2020-09-16,0,45
Villers-la-Ville,25107,2020-09-17,1,46
Villers-la-Ville,25107,2020-09-18,1,47
Villers-la-Ville,25107,2020-09-19,0,47
Villers-la-Ville,25107,2020-09-20,1,48
Villers-la-Ville,25107,2020-09-21,1,49
Villers-la-Ville,25107,2020-09-22,1,50
Villers-la-Ville,25107,2020-09-23,1,51
Villers-la-Ville,25107,2020-09-24,0,51
Villers-la-Ville,25107,2020-09-25,11,62
Villers-la-Ville,25107,2020-09-26,1,63
Villers-la-Ville,25107,2020-09-27,2,65
Villers-la-Ville,25107,2020-09-28,2,67
Villers-la-Ville,25107,2020-09-29,0,67
Villers-la-Ville,25107,2020-09-30,1,68
Villers-la-Ville,25107,2020-10-01,2,70
Villers-la-Ville,25107,2020-10-02,3,73
Villers-la-Ville,25107,2020-10-03,5,78
Villers-la-Ville,25107,2020-10-04,4,82
Villers-la-Ville,25107,2020-10-05,3,85
Villers-la-Ville,25107,2020-10-06,6,91
Villers-la-Ville,25107,2020-10-07,4,95
Villers-la-Ville,25107,2020-10-08,6,101
Villers-la-Ville,25107,2020-10-09,19,120
Villers-la-Ville,25107,2020-10-10,13,133
Villers-la-Ville,25107,2020-10-11,11,144
Villers-la-Ville,25107,2020-10-12,14,158
Villers-la-Ville,25107,2020-10-13,0,158
Villers-la-Ville,25107,2020-10-14,5,163
Villers-la-Ville,25107,2020-10-15,10,173
Villers-la-Ville,25107,2020-10-16,18,191
Villers-la-Ville,25107,2020-10-17,25,216
Villers-la-Ville,25107,2020-10-18,23,239
Villers-la-Ville,25107,2020-10-19,12,251
Villers-la-Ville,25107,2020-10-20,16,267
Villers-la-Ville,25107,2020-10-21,10,277
Villers-la-Ville,25107,2020-10-22,19,296
Villers-la-Ville,25107,2020-10-23,27,323
Villers-la-Ville,25107,2020-10-24,30,353
Villers-la-Ville,25107,2020-10-25,29,382
Villers-la-Ville,25107,2020-10-26,8,390
Villers-la-Ville,25107,2020-10-27,23,413
Villers-la-Ville,25107,2020-10-28,13,426
Villers-la-Ville,25107,2020-10-29,22,448
Villers-la-Ville,25107,2020-10-30,29,477
Villers-la-Ville,25107,2020-10-31,14,491
Villers-la-Ville,25107,2020-11-01,21,512
Villers-la-Ville,25107,2020-11-02,7,519
Villers-la-Ville,25107,2020-11-03,6,525
Villers-la-Ville,25107,2020-11-04,4,529
Villers-la-Ville,25107,2020-11-05,11,540
Villers-la-Ville,25107,2020-11-06,9,549
Villers-la-Ville,25107,2020-11-07,18,567
Villers-la-Ville,25107,2020-11-08,5,572
Villers-la-Ville,25107,2020-11-09,4,576
Villers-la-Ville,25107,2020-11-10,0,576
Villers-la-Ville,25107,2020-11-11,5,581
Waterloo,25110,2020-04-01,2,28
Waterloo,25110,2020-04-02,2,30
Waterloo,25110,2020-04-03,2,32
Waterloo,25110,2020-04-04,6,38
Waterloo,25110,2020-04-05,2,40
Waterloo,25110,2020-04-06,1,41
Waterloo,25110,2020-04-07,1,42
Waterloo,25110,2020-04-08,2,44
Waterloo,25110,2020-04-09,1,45
Waterloo,25110,2020-04-10,0,45
Waterloo,25110,2020-04-11,0,45
Waterloo,25110,2020-04-12,0,45
Waterloo,25110,2020-04-13,2,47
Waterloo,25110,2020-04-14,1,48
Waterloo,25110,2020-04-15,1,49
Waterloo,25110,2020-04-16,0,49
Waterloo,25110,2020-04-17,3,52
Waterloo,25110,2020-04-18,0,52
Waterloo,25110,2020-04-19,5,57
Waterloo,25110,2020-04-20,1,58
Waterloo,25110,2020-04-21,0,58
Waterloo,25110,2020-04-22,1,59
Waterloo,25110,2020-04-23,2,61
Waterloo,25110,2020-04-24,1,62
Waterloo,25110,2020-04-25,2,64
Waterloo,25110,2020-04-26,4,68
Waterloo,25110,2020-04-27,3,71
Waterloo,25110,2020-04-28,4,75
Waterloo,25110,2020-04-29,2,77
Waterloo,25110,2020-04-30,0,77
Waterloo,25110,2020-05-01,1,78
Waterloo,25110,2020-05-02,3,81
Waterloo,25110,2020-05-03,2,83
Waterloo,25110,2020-05-04,0,83
Waterloo,25110,2020-05-05,0,83
Waterloo,25110,2020-05-06,0,83
Waterloo,25110,2020-05-07,5,88
Waterloo,25110,2020-05-08,0,88
Waterloo,25110,2020-05-09,1,89
Waterloo,25110,2020-05-10,0,89
Waterloo,25110,2020-05-11,4,93
Waterloo,25110,2020-05-12,2,95
Waterloo,25110,2020-05-13,1,96
Waterloo,25110,2020-05-14,0,96
Waterloo,25110,2020-05-15,0,96
Waterloo,25110,2020-05-16,0,96
Waterloo,25110,2020-05-17,1,97
Waterloo,25110,2020-05-18,0,97
Waterloo,25110,2020-05-19,0,97
Waterloo,25110,2020-05-20,0,97
Waterloo,25110,2020-05-21,1,98
Waterloo,25110,2020-05-22,0,98
Waterloo,25110,2020-05-23,0,98
Waterloo,25110,2020-05-24,1,99
Waterloo,25110,2020-05-25,0,99
Waterloo,25110,2020-05-26,0,99
Waterloo,25110,2020-05-27,1,100
Waterloo,25110,2020-05-28,0,100
Waterloo,25110,2020-05-29,0,100
Waterloo,25110,2020-05-30,0,100
Waterloo,25110,2020-05-31,0,100
Waterloo,25110,2020-06-01,0,100
Waterloo,25110,2020-06-02,2,102
Waterloo,25110,2020-06-03,0,102
Waterloo,25110,2020-06-04,0,102
Waterloo,25110,2020-06-05,0,102
Waterloo,25110,2020-06-06,1,103
Waterloo,25110,2020-06-07,1,104
Waterloo,25110,2020-06-08,0,104
Waterloo,25110,2020-06-09,0,104
Waterloo,25110,2020-06-10,2,106
Waterloo,25110,2020-06-11,0,106
Waterloo,25110,2020-06-12,0,106
Waterloo,25110,2020-06-13,1,107
Waterloo,25110,2020-06-14,0,107
Waterloo,25110,2020-06-15,1,108
Waterloo,25110,2020-06-16,3,111
Waterloo,25110,2020-06-17,1,112
Waterloo,25110,2020-06-18,0,112
Waterloo,25110,2020-06-19,0,112
Waterloo,25110,2020-06-20,0,112
Waterloo,25110,2020-06-23,1,113
Waterloo,25110,2020-06-24,0,113
Waterloo,25110,2020-06-25,0,113
Waterloo,25110,2020-06-26,0,113
Waterloo,25110,2020-06-27,0,113
Waterloo,25110,2020-06-30,0,113
Waterloo,25110,2020-07-01,0,113
Waterloo,25110,2020-07-02,0,113
Waterloo,25110,2020-07-03,1,114
Waterloo,25110,2020-07-04,0,114
Waterloo,25110,2020-07-07,1,115
Waterloo,25110,2020-07-08,0,115
Waterloo,25110,2020-07-09,0,115
Waterloo,25110,2020-07-10,0,115
Waterloo,25110,2020-07-11,0,115
Waterloo,25110,2020-07-14,0,115
Waterloo,25110,2020-07-15,0,115
Waterloo,25110,2020-07-16,0,115
Waterloo,25110,2020-07-17,0,115
Waterloo,25110,2020-07-18,0,115
Waterloo,25110,2020-07-20,0,115
Waterloo,25110,2020-07-21,0,115
Waterloo,25110,2020-07-22,0,115
Waterloo,25110,2020-07-23,0,115
Waterloo,25110,2020-07-24,0,115
Waterloo,25110,2020-07-25,0,115
Waterloo,25110,2020-07-26,1,116
Waterloo,25110,2020-07-27,0,116
Waterloo,25110,2020-07-28,0,116
Waterloo,25110,2020-07-29,1,117
Waterloo,25110,2020-07-30,1,118
Waterloo,25110,2020-07-31,0,118
Waterloo,25110,2020-08-01,1,119
Waterloo,25110,2020-08-02,0,119
Waterloo,25110,2020-08-03,1,120
Waterloo,25110,2020-08-04,1,121
Waterloo,25110,2020-08-05,1,122
Waterloo,25110,2020-08-06,0,122
Waterloo,25110,2020-08-07,1,123
Waterloo,25110,2020-08-08,0,123
Waterloo,25110,2020-08-09,0,123
Waterloo,25110,2020-08-10,0,123
Waterloo,25110,2020-08-11,0,123
Waterloo,25110,2020-08-12,0,123
Waterloo,25110,2020-08-13,0,123
Waterloo,25110,2020-08-14,0,123
Waterloo,25110,2020-08-15,1,124
Waterloo,25110,2020-08-16,2,126
Waterloo,25110,2020-08-17,0,126
Waterloo,25110,2020-08-18,0,126
Waterloo,25110,2020-08-19,0,126
Waterloo,25110,2020-08-20,4,130
Waterloo,25110,2020-08-21,1,131
Waterloo,25110,2020-08-22,1,132
Waterloo,25110,2020-08-23,1,133
Waterloo,25110,2020-08-24,1,134
Waterloo,25110,2020-08-25,0,134
Waterloo,25110,2020-08-26,2,136
Waterloo,25110,2020-08-27,2,138
Waterloo,25110,2020-08-28,1,139
Waterloo,25110,2020-08-29,2,141
Waterloo,25110,2020-08-30,2,143
Waterloo,25110,2020-08-31,3,146
Waterloo,25110,2020-09-01,1,147
Waterloo,25110,2020-09-02,4,151
Waterloo,25110,2020-09-03,0,151
Waterloo,25110,2020-09-04,4,155
Waterloo,25110,2020-09-05,2,157
Waterloo,25110,2020-09-06,4,161
Waterloo,25110,2020-09-07,1,162
Waterloo,25110,2020-09-08,0,162
Waterloo,25110,2020-09-09,2,164
Waterloo,25110,2020-09-10,3,167
Waterloo,25110,2020-09-11,4,171
Waterloo,25110,2020-09-12,6,177
Waterloo,25110,2020-09-13,0,177
Waterloo,25110,2020-09-14,1,178
Waterloo,25110,2020-09-15,1,179
Waterloo,25110,2020-09-16,4,183
Waterloo,25110,2020-09-17,2,185
Waterloo,25110,2020-09-18,8,193
Waterloo,25110,2020-09-19,7,200
Waterloo,25110,2020-09-20,6,206
Waterloo,25110,2020-09-21,4,210
Waterloo,25110,2020-09-22,8,218
Waterloo,25110,2020-09-23,9,227
Waterloo,25110,2020-09-24,6,233
Waterloo,25110,2020-09-25,6,239
Waterloo,25110,2020-09-26,11,250
Waterloo,25110,2020-09-27,4,254
Waterloo,25110,2020-09-28,1,255
Waterloo,25110,2020-09-29,0,255
Waterloo,25110,2020-09-30,12,267
Waterloo,25110,2020-10-01,3,270
Waterloo,25110,2020-10-02,10,280
Waterloo,25110,2020-10-03,9,289
Waterloo,25110,2020-10-04,12,301
Waterloo,25110,2020-10-05,12,313
Waterloo,25110,2020-10-06,6,319
Waterloo,25110,2020-10-07,15,334
Waterloo,25110,2020-10-08,18,352
Waterloo,25110,2020-10-09,24,376
Waterloo,25110,2020-10-10,23,399
Waterloo,25110,2020-10-11,38,437
Waterloo,25110,2020-10-12,23,460
Waterloo,25110,2020-10-13,13,473
Waterloo,25110,2020-10-14,25,498
Waterloo,25110,2020-10-15,31,529
Waterloo,25110,2020-10-16,33,562
Waterloo,25110,2020-10-17,58,620
Waterloo,25110,2020-10-18,40,660
Waterloo,25110,2020-10-19,26,686
Waterloo,25110,2020-10-20,27,713
Waterloo,25110,2020-10-21,31,744
Waterloo,25110,2020-10-22,55,799
Waterloo,25110,2020-10-23,48,847
Waterloo,25110,2020-10-24,58,905
Waterloo,25110,2020-10-25,73,978
Waterloo,25110,2020-10-26,26,1004
Waterloo,25110,2020-10-27,34,1038
Waterloo,25110,2020-10-28,58,1096
Waterloo,25110,2020-10-29,61,1157
Waterloo,25110,2020-10-30,68,1225
Waterloo,25110,2020-10-31,53,1278
Waterloo,25110,2020-11-01,50,1328
Waterloo,25110,2020-11-02,21,1349
Waterloo,25110,2020-11-03,17,1366
Waterloo,25110,2020-11-04,13,1379
Waterloo,25110,2020-11-05,32,1411
Waterloo,25110,2020-11-06,23,1434
Waterloo,25110,2020-11-07,14,1448
Waterloo,25110,2020-11-08,14,1462
Waterloo,25110,2020-11-09,4,1466
Waterloo,25110,2020-11-10,4,1470
Waterloo,25110,2020-11-11,12,1482
Waver,25112,2020-04-01,2,27
Waver,25112,2020-04-02,3,30
Waver,25112,2020-04-03,2,32
Waver,25112,2020-04-04,7,39
Waver,25112,2020-04-05,4,43
Waver,25112,2020-04-06,2,45
Waver,25112,2020-04-07,0,45
Waver,25112,2020-04-08,5,50
Waver,25112,2020-04-09,4,54
Waver,25112,2020-04-10,8,62
Waver,25112,2020-04-11,1,63
Waver,25112,2020-04-12,2,65
Waver,25112,2020-04-13,4,69
Waver,25112,2020-04-14,0,69
Waver,25112,2020-04-15,1,70
Waver,25112,2020-04-16,1,71
Waver,25112,2020-04-17,2,73
Waver,25112,2020-04-18,2,75
Waver,25112,2020-04-19,17,92
Waver,25112,2020-04-20,2,94
Waver,25112,2020-04-21,0,94
Waver,25112,2020-04-22,1,95
Waver,25112,2020-04-23,4,99
Waver,25112,2020-04-24,13,112
Waver,25112,2020-04-25,2,114
Waver,25112,2020-04-26,3,117
Waver,25112,2020-04-27,0,117
Waver,25112,2020-04-28,0,117
Waver,25112,2020-04-29,0,117
Waver,25112,2020-04-30,1,118
Waver,25112,2020-05-01,0,118
Waver,25112,2020-05-02,0,118
Waver,25112,2020-05-03,0,118
Waver,25112,2020-05-04,1,119
Waver,25112,2020-05-05,0,119
Waver,25112,2020-05-06,0,119
Waver,25112,2020-05-07,0,119
Waver,25112,2020-05-08,1,120
Waver,25112,2020-05-09,0,120
Waver,25112,2020-05-10,0,120
Waver,25112,2020-05-11,0,120
Waver,25112,2020-05-12,0,120
Waver,25112,2020-05-13,0,120
Waver,25112,2020-05-14,1,121
Waver,25112,2020-05-15,0,121
Waver,25112,2020-05-16,0,121
Waver,25112,2020-05-17,0,121
Waver,25112,2020-05-18,1,122
Waver,25112,2020-05-19,0,122
Waver,25112,2020-05-20,0,122
Waver,25112,2020-05-21,0,122
Waver,25112,2020-05-22,1,123
Waver,25112,2020-05-23,1,124
Waver,25112,2020-05-24,0,124
Waver,25112,2020-05-25,0,124
Waver,25112,2020-05-26,0,124
Waver,25112,2020-05-27,0,124
Waver,25112,2020-05-28,0,124
Waver,25112,2020-05-29,0,124
Waver,25112,2020-05-30,0,124
Waver,25112,2020-05-31,0,124
Waver,25112,2020-06-01,0,124
Waver,25112,2020-06-02,0,124
Waver,25112,2020-06-03,1,125
Waver,25112,2020-06-04,0,125
Waver,25112,2020-06-05,1,126
Waver,25112,2020-06-06,0,126
Waver,25112,2020-06-07,0,126
Waver,25112,2020-06-08,0,126
Waver,25112,2020-06-09,0,126
Waver,25112,2020-06-10,0,126
Waver,25112,2020-06-11,0,126
Waver,25112,2020-06-12,0,126
Waver,25112,2020-06-13,0,126
Waver,25112,2020-06-14,0,126
Waver,25112,2020-06-15,0,126
Waver,25112,2020-06-16,0,126
Waver,25112,2020-06-17,0,126
Waver,25112,2020-06-18,1,127
Waver,25112,2020-06-19,0,127
Waver,25112,2020-06-20,1,128
Waver,25112,2020-06-23,1,129
Waver,25112,2020-06-24,0,129
Waver,25112,2020-06-25,0,129
Waver,25112,2020-06-26,2,131
Waver,25112,2020-06-27,0,131
Waver,25112,2020-06-30,0,131
Waver,25112,2020-07-01,1,132
Waver,25112,2020-07-02,0,132
Waver,25112,2020-07-03,0,132
Waver,25112,2020-07-04,0,132
Waver,25112,2020-07-07,0,132
Waver,25112,2020-07-08,1,133
Waver,25112,2020-07-09,0,133
Waver,25112,2020-07-10,0,133
Waver,25112,2020-07-11,0,133
Waver,25112,2020-07-14,1,134
Waver,25112,2020-07-15,0,134
Waver,25112,2020-07-16,0,134
Waver,25112,2020-07-17,0,134
Waver,25112,2020-07-18,0,134
Waver,25112,2020-07-20,0,134
Waver,25112,2020-07-21,0,134
Waver,25112,2020-07-22,0,134
Waver,25112,2020-07-23,0,134
Waver,25112,2020-07-24,0,134
Waver,25112,2020-07-25,0,134
Waver,25112,2020-07-26,0,134
Waver,25112,2020-07-27,0,134
Waver,25112,2020-07-28,0,134
Waver,25112,2020-07-29,0,134
Waver,25112,2020-07-30,0,134
Waver,25112,2020-07-31,0,134
Waver,25112,2020-08-01,2,136
Waver,25112,2020-08-02,1,137
Waver,25112,2020-08-03,1,138
Waver,25112,2020-08-04,4,142
Waver,25112,2020-08-05,0,142
Waver,25112,2020-08-06,0,142
Waver,25112,2020-08-07,1,143
Waver,25112,2020-08-08,1,144
Waver,25112,2020-08-09,0,144
Waver,25112,2020-08-10,1,145
Waver,25112,2020-08-11,1,146
Waver,25112,2020-08-12,1,147
Waver,25112,2020-08-13,1,148
Waver,25112,2020-08-14,1,149
Waver,25112,2020-08-15,5,154
Waver,25112,2020-08-16,1,155
Waver,25112,2020-08-17,0,155
Waver,25112,2020-08-18,0,155
Waver,25112,2020-08-19,0,155
Waver,25112,2020-08-20,0,155
Waver,25112,2020-08-21,2,157
Waver,25112,2020-08-22,0,157
Waver,25112,2020-08-23,0,157
Waver,25112,2020-08-24,0,157
Waver,25112,2020-08-25,2,159
Waver,25112,2020-08-26,0,159
Waver,25112,2020-08-27,2,161
Waver,25112,2020-08-28,0,161
Waver,25112,2020-08-29,1,162
Waver,25112,2020-08-30,2,164
Waver,25112,2020-08-31,0,164
Waver,25112,2020-09-01,1,165
Waver,25112,2020-09-02,0,165
Waver,25112,2020-09-03,1,166
Waver,25112,2020-09-04,1,167
Waver,25112,2020-09-05,1,168
Waver,25112,2020-09-06,1,169
Waver,25112,2020-09-07,4,173
Waver,25112,2020-09-08,2,175
Waver,25112,2020-09-09,4,179
Waver,25112,2020-09-10,2,181
Waver,25112,2020-09-11,5,186
Waver,25112,2020-09-12,3,189
Waver,25112,2020-09-13,5,194
Waver,25112,2020-09-14,1,195
Waver,25112,2020-09-15,0,195
Waver,25112,2020-09-16,1,196
Waver,25112,2020-09-17,1,197
Waver,25112,2020-09-18,7,204
Waver,25112,2020-09-19,2,206
Waver,25112,2020-09-20,16,222
Waver,25112,2020-09-21,2,224
Waver,25112,2020-09-22,2,226
Waver,25112,2020-09-23,8,234
Waver,25112,2020-09-24,10,244
Waver,25112,2020-09-25,6,250
Waver,25112,2020-09-26,12,262
Waver,25112,2020-09-27,4,266
Waver,25112,2020-09-28,2,268
Waver,25112,2020-09-29,3,271
Waver,25112,2020-09-30,6,277
Waver,25112,2020-10-01,6,283
Waver,25112,2020-10-02,10,293
Waver,25112,2020-10-03,13,306
Waver,25112,2020-10-04,17,323
Waver,25112,2020-10-05,12,335
Waver,25112,2020-10-06,3,338
Waver,25112,2020-10-07,5,343
Waver,25112,2020-10-08,20,363
Waver,25112,2020-10-09,30,393
Waver,25112,2020-10-10,17,410
Waver,25112,2020-10-11,48,458
Waver,25112,2020-10-12,26,484
Waver,25112,2020-10-13,3,487
Waver,25112,2020-10-14,33,520
Waver,25112,2020-10-15,42,562
Waver,25112,2020-10-16,37,599
Waver,25112,2020-10-17,46,645
Waver,25112,2020-10-18,31,676
Waver,25112,2020-10-19,18,694
Waver,25112,2020-10-20,33,727
Waver,25112,2020-10-21,50,777
Waver,25112,2020-10-22,82,859
Waver,25112,2020-10-23,50,909
Waver,25112,2020-10-24,97,1006
Waver,25112,2020-10-25,63,1069
Waver,25112,2020-10-26,36,1105
Waver,25112,2020-10-27,38,1143
Waver,25112,2020-10-28,50,1193
Waver,25112,2020-10-29,70,1263
Waver,25112,2020-10-30,72,1335
Waver,25112,2020-10-31,57,1392
Waver,25112,2020-11-01,53,1445
Waver,25112,2020-11-02,28,1473
Waver,25112,2020-11-03,20,1493
Waver,25112,2020-11-04,8,1501
Waver,25112,2020-11-05,40,1541
Waver,25112,2020-11-06,33,1574
Waver,25112,2020-11-07,15,1589
Waver,25112,2020-11-08,15,1604
Waver,25112,2020-11-09,17,1621
Waver,25112,2020-11-10,1,1622
Waver,25112,2020-11-11,10,1632
Chastre,25117,2020-04-01,1,6
Chastre,25117,2020-04-02,0,6
Chastre,25117,2020-04-03,0,6
Chastre,25117,2020-04-04,0,6
Chastre,25117,2020-04-05,0,6
Chastre,25117,2020-04-06,0,6
Chastre,25117,2020-04-07,0,6
Chastre,25117,2020-04-08,0,6
Chastre,25117,2020-04-09,0,6
Chastre,25117,2020-04-10,3,9
Chastre,25117,2020-04-11,0,9
Chastre,25117,2020-04-12,0,9
Chastre,25117,2020-04-13,1,10
Chastre,25117,2020-04-14,0,10
Chastre,25117,2020-04-15,0,10
Chastre,25117,2020-04-16,0,10
Chastre,25117,2020-04-17,0,10
Chastre,25117,2020-04-18,2,12
Chastre,25117,2020-04-19,0,12
Chastre,25117,2020-04-20,0,12
Chastre,25117,2020-04-21,0,12
Chastre,25117,2020-04-22,0,12
Chastre,25117,2020-04-23,1,13
Chastre,25117,2020-04-24,0,13
Chastre,25117,2020-04-25,0,13
Chastre,25117,2020-04-26,1,14
Chastre,25117,2020-04-27,0,14
Chastre,25117,2020-04-28,0,14
Chastre,25117,2020-04-29,0,14
Chastre,25117,2020-04-30,0,14
Chastre,25117,2020-05-01,0,14
Chastre,25117,2020-05-02,0,14
Chastre,25117,2020-05-03,0,14
Chastre,25117,2020-05-04,0,14
Chastre,25117,2020-05-05,0,14
Chastre,25117,2020-05-06,0,14
Chastre,25117,2020-05-07,0,14
Chastre,25117,2020-05-08,0,14
Chastre,25117,2020-05-09,0,14
Chastre,25117,2020-05-10,0,14
Chastre,25117,2020-05-11,0,14
Chastre,25117,2020-05-12,0,14
Chastre,25117,2020-05-13,0,14
Chastre,25117,2020-05-14,0,14
Chastre,25117,2020-05-15,0,14
Chastre,25117,2020-05-16,0,14
Chastre,25117,2020-05-17,0,14
Chastre,25117,2020-05-18,0,14
Chastre,25117,2020-05-19,0,14
Chastre,25117,2020-05-20,0,14
Chastre,25117,2020-05-21,0,14
Chastre,25117,2020-05-22,0,14
Chastre,25117,2020-05-23,0,14
Chastre,25117,2020-05-24,0,14
Chastre,25117,2020-05-25,0,14
Chastre,25117,2020-05-26,0,14
Chastre,25117,2020-05-27,0,14
Chastre,25117,2020-05-28,0,14
Chastre,25117,2020-05-29,0,14
Chastre,25117,2020-05-30,0,14
Chastre,25117,2020-05-31,0,14
Chastre,25117,2020-06-01,0,14
Chastre,25117,2020-06-02,0,14
Chastre,25117,2020-06-03,0,14
Chastre,25117,2020-06-04,0,14
Chastre,25117,2020-06-05,0,14
Chastre,25117,2020-06-06,0,14
Chastre,25117,2020-06-07,0,14
Chastre,25117,2020-06-08,0,14
Chastre,25117,2020-06-09,1,15
Chastre,25117,2020-06-10,0,15
Chastre,25117,2020-06-11,0,15
Chastre,25117,2020-06-12,0,15
Chastre,25117,2020-06-13,0,15
Chastre,25117,2020-06-14,0,15
Chastre,25117,2020-06-15,0,15
Chastre,25117,2020-06-16,0,15
Chastre,25117,2020-06-17,0,15
Chastre,25117,2020-06-18,0,15
Chastre,25117,2020-06-19,0,15
Chastre,25117,2020-06-20,0,15
Chastre,25117,2020-06-23,0,15
Chastre,25117,2020-06-24,0,15
Chastre,25117,2020-06-25,0,15
Chastre,25117,2020-06-26,0,15
Chastre,25117,2020-06-27,0,15
Chastre,25117,2020-06-30,0,15
Chastre,25117,2020-07-01,0,15
Chastre,25117,2020-07-02,0,15
Chastre,25117,2020-07-03,0,15
Chastre,25117,2020-07-04,0,15
Chastre,25117,2020-07-07,0,15
Chastre,25117,2020-07-08,0,15
Chastre,25117,2020-07-09,0,15
Chastre,25117,2020-07-10,0,15
Chastre,25117,2020-07-11,0,15
Chastre,25117,2020-07-14,0,15
Chastre,25117,2020-07-15,0,15
Chastre,25117,2020-07-16,0,15
Chastre,25117,2020-07-17,0,15
Chastre,25117,2020-07-18,0,15
Chastre,25117,2020-07-20,0,15
Chastre,25117,2020-07-21,0,15
Chastre,25117,2020-07-22,0,15
Chastre,25117,2020-07-23,0,15
Chastre,25117,2020-07-24,0,15
Chastre,25117,2020-07-25,0,15
Chastre,25117,2020-07-26,0,15
Chastre,25117,2020-07-27,0,15
Chastre,25117,2020-07-28,0,15
Chastre,25117,2020-07-29,0,15
Chastre,25117,2020-07-30,0,15
Chastre,25117,2020-07-31,0,15
Chastre,25117,2020-08-01,0,15
Chastre,25117,2020-08-02,0,15
Chastre,25117,2020-08-03,0,15
Chastre,25117,2020-08-04,0,15
Chastre,25117,2020-08-05,0,15
Chastre,25117,2020-08-06,0,15
Chastre,25117,2020-08-07,0,15
Chastre,25117,2020-08-08,0,15
Chastre,25117,2020-08-09,1,16
Chastre,25117,2020-08-10,0,16
Chastre,25117,2020-08-11,0,16
Chastre,25117,2020-08-12,0,16
Chastre,25117,2020-08-13,0,16
Chastre,25117,2020-08-14,1,17
Chastre,25117,2020-08-15,0,17
Chastre,25117,2020-08-16,0,17
Chastre,25117,2020-08-17,0,17
Chastre,25117,2020-08-18,0,17
Chastre,25117,2020-08-19,2,19
Chastre,25117,2020-08-20,0,19
Chastre,25117,2020-08-21,0,19
Chastre,25117,2020-08-22,0,19
Chastre,25117,2020-08-23,0,19
Chastre,25117,2020-08-24,0,19
Chastre,25117,2020-08-25,0,19
Chastre,25117,2020-08-26,0,19
Chastre,25117,2020-08-27,1,20
Chastre,25117,2020-08-28,1,21
Chastre,25117,2020-08-29,4,25
Chastre,25117,2020-08-30,0,25
Chastre,25117,2020-08-31,2,27
Chastre,25117,2020-09-01,0,27
Chastre,25117,2020-09-02,0,27
Chastre,25117,2020-09-03,0,27
Chastre,25117,2020-09-04,1,28
Chastre,25117,2020-09-05,0,28
Chastre,25117,2020-09-06,0,28
Chastre,25117,2020-09-07,0,28
Chastre,25117,2020-09-08,1,29
Chastre,25117,2020-09-09,0,29
Chastre,25117,2020-09-10,0,29
Chastre,25117,2020-09-11,0,29
Chastre,25117,2020-09-12,0,29
Chastre,25117,2020-09-13,0,29
Chastre,25117,2020-09-14,2,31
Chastre,25117,2020-09-15,0,31
Chastre,25117,2020-09-16,0,31
Chastre,25117,2020-09-17,3,34
Chastre,25117,2020-09-18,0,34
Chastre,25117,2020-09-19,0,34
Chastre,25117,2020-09-20,1,35
Chastre,25117,2020-09-21,1,36
Chastre,25117,2020-09-22,0,36
Chastre,25117,2020-09-23,0,36
Chastre,25117,2020-09-24,1,37
Chastre,25117,2020-09-25,2,39
Chastre,25117,2020-09-26,2,41
Chastre,25117,2020-09-27,3,44
Chastre,25117,2020-09-28,2,46
Chastre,25117,2020-09-29,0,46
Chastre,25117,2020-09-30,3,49
Chastre,25117,2020-10-01,1,50
Chastre,25117,2020-10-02,1,51
Chastre,25117,2020-10-03,4,55
Chastre,25117,2020-10-04,7,62
Chastre,25117,2020-10-05,3,65
Chastre,25117,2020-10-06,1,66
Chastre,25117,2020-10-07,4,70
Chastre,25117,2020-10-08,4,74
Chastre,25117,2020-10-09,8,82
Chastre,25117,2020-10-10,7,89
Chastre,25117,2020-10-11,8,97
Chastre,25117,2020-10-12,8,105
Chastre,25117,2020-10-13,1,106
Chastre,25117,2020-10-14,10,116
Chastre,25117,2020-10-15,15,131
Chastre,25117,2020-10-16,11,142
Chastre,25117,2020-10-17,12,154
Chastre,25117,2020-10-18,11,165
Chastre,25117,2020-10-19,5,170
Chastre,25117,2020-10-20,10,180
Chastre,25117,2020-10-21,5,185
Chastre,25117,2020-10-22,17,202
Chastre,25117,2020-10-23,27,229
Chastre,25117,2020-10-24,19,248
Chastre,25117,2020-10-25,17,265
Chastre,25117,2020-10-26,18,283
Chastre,25117,2020-10-27,8,291
Chastre,25117,2020-10-28,5,296
Chastre,25117,2020-10-29,24,320
Chastre,25117,2020-10-30,16,336
Chastre,25117,2020-10-31,8,344
Chastre,25117,2020-11-01,10,354
Chastre,25117,2020-11-02,11,365
Chastre,25117,2020-11-03,4,369
Chastre,25117,2020-11-04,1,370
Chastre,25117,2020-11-05,21,391
Chastre,25117,2020-11-06,6,397
Chastre,25117,2020-11-07,5,402
Chastre,25117,2020-11-08,4,406
Chastre,25117,2020-11-09,4,410
Chastre,25117,2020-11-10,3,413
Chastre,25117,2020-11-11,2,415
Hélécine,25118,2020-04-01,0,5
Hélécine,25118,2020-04-02,1,6
Hélécine,25118,2020-04-03,0,6
Hélécine,25118,2020-04-04,1,7
Hélécine,25118,2020-04-05,1,8
Hélécine,25118,2020-04-06,1,9
Hélécine,25118,2020-04-07,0,9
Hélécine,25118,2020-04-08,0,9
Hélécine,25118,2020-04-09,1,10
Hélécine,25118,2020-04-10,1,11
Hélécine,25118,2020-04-11,0,11
Hélécine,25118,2020-04-12,1,12
Hélécine,25118,2020-04-13,0,12
Hélécine,25118,2020-04-14,0,12
Hélécine,25118,2020-04-15,1,13
Hélécine,25118,2020-04-16,0,13
Hélécine,25118,2020-04-17,0,13
Hélécine,25118,2020-04-18,0,13
Hélécine,25118,2020-04-19,0,13
Hélécine,25118,2020-04-20,1,14
Hélécine,25118,2020-04-21,0,14
Hélécine,25118,2020-04-22,0,14
Hélécine,25118,2020-04-23,0,14
Hélécine,25118,2020-04-24,0,14
Hélécine,25118,2020-04-25,0,14
Hélécine,25118,2020-04-26,0,14
Hélécine,25118,2020-04-27,0,14
Hélécine,25118,2020-04-28,0,14
Hélécine,25118,2020-04-29,0,14
Hélécine,25118,2020-04-30,0,14
Hélécine,25118,2020-05-01,1,15
Hélécine,25118,2020-05-02,1,16
Hélécine,25118,2020-05-03,0,16
Hélécine,25118,2020-05-04,0,16
Hélécine,25118,2020-05-05,0,16
Hélécine,25118,2020-05-06,0,16
Hélécine,25118,2020-05-07,0,16
Hélécine,25118,2020-05-08,0,16
Hélécine,25118,2020-05-09,0,16
Hélécine,25118,2020-05-10,0,16
Hélécine,25118,2020-05-11,0,16
Hélécine,25118,2020-05-12,0,16
Hélécine,25118,2020-05-13,0,16
Hélécine,25118,2020-05-14,0,16
Hélécine,25118,2020-05-15,0,16
Hélécine,25118,2020-05-16,1,17
Hélécine,25118,2020-05-17,0,17
Hélécine,25118,2020-05-18,0,17
Hélécine,25118,2020-05-19,0,17
Hélécine,25118,2020-05-20,0,17
Hélécine,25118,2020-05-21,0,17
Hélécine,25118,2020-05-22,0,17
Hélécine,25118,2020-05-23,0,17
Hélécine,25118,2020-05-24,0,17
Hélécine,25118,2020-05-25,1,18
Hélécine,25118,2020-05-26,0,18
Hélécine,25118,2020-05-27,0,18
Hélécine,25118,2020-05-28,0,18
Hélécine,25118,2020-05-29,0,18
Hélécine,25118,2020-05-30,0,18
Hélécine,25118,2020-05-31,0,18
Hélécine,25118,2020-06-01,0,18
Hélécine,25118,2020-06-02,0,18
Hélécine,25118,2020-06-03,0,18
Hélécine,25118,2020-06-04,0,18
Hélécine,25118,2020-06-05,0,18
Hélécine,25118,2020-06-06,0,18
Hélécine,25118,2020-06-07,0,18
Hélécine,25118,2020-06-08,0,18
Hélécine,25118,2020-06-09,0,18
Hélécine,25118,2020-06-10,0,18
Hélécine,25118,2020-06-11,0,18
Hélécine,25118,2020-06-12,0,18
Hélécine,25118,2020-06-13,0,18
Hélécine,25118,2020-06-14,0,18
Hélécine,25118,2020-06-15,0,18
Hélécine,25118,2020-06-16,0,18
Hélécine,25118,2020-06-17,0,18
Hélécine,25118,2020-06-18,0,18
Hélécine,25118,2020-06-19,0,18
Hélécine,25118,2020-06-20,0,18
Hélécine,25118,2020-06-23,0,18
Hélécine,25118,2020-06-24,0,18
Hélécine,25118,2020-06-25,0,18
Hélécine,25118,2020-06-26,0,18
Hélécine,25118,2020-06-27,0,18
Hélécine,25118,2020-06-30,0,18
Hélécine,25118,2020-07-01,0,18
Hélécine,25118,2020-07-02,0,18
Hélécine,25118,2020-07-03,0,18
Hélécine,25118,2020-07-04,0,18
Hélécine,25118,2020-07-07,1,19
Hélécine,25118,2020-07-08,0,19
Hélécine,25118,2020-07-09,0,19
Hélécine,25118,2020-07-10,0,19
Hélécine,25118,2020-07-11,0,19
Hélécine,25118,2020-07-14,0,19
Hélécine,25118,2020-07-15,0,19
Hélécine,25118,2020-07-16,0,19
Hélécine,25118,2020-07-17,0,19
Hélécine,25118,2020-07-18,0,19
Hélécine,25118,2020-07-20,0,19
Hélécine,25118,2020-07-21,0,19
Hélécine,25118,2020-07-22,0,19
Hélécine,25118,2020-07-23,0,19
Hélécine,25118,2020-07-24,0,19
Hélécine,25118,2020-07-25,0,19
Hélécine,25118,2020-07-26,0,19
Hélécine,25118,2020-07-27,0,19
Hélécine,25118,2020-07-28,0,19
Hélécine,25118,2020-07-29,0,19
Hélécine,25118,2020-07-30,0,19
Hélécine,25118,2020-07-31,0,19
Hélécine,25118,2020-08-01,0,19
Hélécine,25118,2020-08-02,0,19
Hélécine,25118,2020-08-03,0,19
Hélécine,25118,2020-08-04,0,19
Hélécine,25118,2020-08-05,0,19
Hélécine,25118,2020-08-06,0,19
Hélécine,25118,2020-08-07,0,19
Hélécine,25118,2020-08-08,0,19
Hélécine,25118,2020-08-09,0,19
Hélécine,25118,2020-08-10,0,19
Hélécine,25118,2020-08-11,0,19
Hélécine,25118,2020-08-12,0,19
Hélécine,25118,2020-08-13,0,19
Hélécine,25118,2020-08-14,0,19
Hélécine,25118,2020-08-15,0,19
Hélécine,25118,2020-08-16,0,19
Hélécine,25118,2020-08-17,1,20
Hélécine,25118,2020-08-18,0,20
Hélécine,25118,2020-08-19,0,20
Hélécine,25118,2020-08-20,0,20
Hélécine,25118,2020-08-21,0,20
Hélécine,25118,2020-08-22,0,20
Hélécine,25118,2020-08-23,0,20
Hélécine,25118,2020-08-24,0,20
Hélécine,25118,2020-08-25,0,20
Hélécine,25118,2020-08-26,0,20
Hélécine,25118,2020-08-27,0,20
Hélécine,25118,2020-08-28,0,20
Hélécine,25118,2020-08-29,0,20
Hélécine,25118,2020-08-30,0,20
Hélécine,25118,2020-08-31,0,20
Hélécine,25118,2020-09-01,0,20
Hélécine,25118,2020-09-02,0,20
Hélécine,25118,2020-09-03,0,20
Hélécine,25118,2020-09-04,0,20
Hélécine,25118,2020-09-05,0,20
Hélécine,25118,2020-09-06,0,20
Hélécine,25118,2020-09-07,0,20
Hélécine,25118,2020-09-08,0,20
Hélécine,25118,2020-09-09,0,20
Hélécine,25118,2020-09-10,0,20
Hélécine,25118,2020-09-11,0,20
Hélécine,25118,2020-09-12,1,21
Hélécine,25118,2020-09-13,0,21
Hélécine,25118,2020-09-14,0,21
Hélécine,25118,2020-09-15,0,21
Hélécine,25118,2020-09-16,0,21
Hélécine,25118,2020-09-17,0,21
Hélécine,25118,2020-09-18,0,21
Hélécine,25118,2020-09-19,0,21
Hélécine,25118,2020-09-20,0,21
Hélécine,25118,2020-09-21,0,21
Hélécine,25118,2020-09-22,0,21
Hélécine,25118,2020-09-23,0,21
Hélécine,25118,2020-09-24,0,21
Hélécine,25118,2020-09-25,0,21
Hélécine,25118,2020-09-26,0,21
Hélécine,25118,2020-09-27,0,21
Hélécine,25118,2020-09-28,0,21
Hélécine,25118,2020-09-29,0,21
Hélécine,25118,2020-09-30,0,21
Hélécine,25118,2020-10-01,0,21
Hélécine,25118,2020-10-02,0,21
Hélécine,25118,2020-10-03,1,22
Hélécine,25118,2020-10-04,1,23
Hélécine,25118,2020-10-05,1,24
Hélécine,25118,2020-10-06,1,25
Hélécine,25118,2020-10-07,1,26
Hélécine,25118,2020-10-08,1,27
Hélécine,25118,2020-10-09,9,36
Hélécine,25118,2020-10-10,3,39
Hélécine,25118,2020-10-11,2,41
Hélécine,25118,2020-10-12,1,42
Hélécine,25118,2020-10-13,0,42
Hélécine,25118,2020-10-14,2,44
Hélécine,25118,2020-10-15,3,47
Hélécine,25118,2020-10-16,2,49
Hélécine,25118,2020-10-17,6,55
Hélécine,25118,2020-10-18,6,61
Hélécine,25118,2020-10-19,2,63
Hélécine,25118,2020-10-20,6,69
Hélécine,25118,2020-10-21,1,70
Hélécine,25118,2020-10-22,5,75
Hélécine,25118,2020-10-23,6,81
Hélécine,25118,2020-10-24,6,87
Hélécine,25118,2020-10-25,6,93
Hélécine,25118,2020-10-26,1,94
Hélécine,25118,2020-10-27,1,95
Hélécine,25118,2020-10-28,0,95
Hélécine,25118,2020-10-29,6,101
Hélécine,25118,2020-10-30,8,109
Hélécine,25118,2020-10-31,5,114
Hélécine,25118,2020-11-01,2,116
Hélécine,25118,2020-11-02,1,117
Hélécine,25118,2020-11-03,2,119
Hélécine,25118,2020-11-04,0,119
Hélécine,25118,2020-11-05,3,122
Hélécine,25118,2020-11-06,1,123
Hélécine,25118,2020-11-07,3,126
Hélécine,25118,2020-11-08,0,126
Hélécine,25118,2020-11-09,1,127
Hélécine,25118,2020-11-10,0,127
Hélécine,25118,2020-11-11,0,127
Lasne,25119,2020-04-01,1,19
Lasne,25119,2020-04-02,1,20
Lasne,25119,2020-04-03,1,21
Lasne,25119,2020-04-04,1,22
Lasne,25119,2020-04-05,0,22
Lasne,25119,2020-04-06,0,22
Lasne,25119,2020-04-07,0,22
Lasne,25119,2020-04-08,0,22
Lasne,25119,2020-04-09,1,23
Lasne,25119,2020-04-10,1,24
Lasne,25119,2020-04-11,2,26
Lasne,25119,2020-04-12,3,29
Lasne,25119,2020-04-13,0,29
Lasne,25119,2020-04-14,0,29
Lasne,25119,2020-04-15,1,30
Lasne,25119,2020-04-16,2,32
Lasne,25119,2020-04-17,0,32
Lasne,25119,2020-04-18,0,32
Lasne,25119,2020-04-19,1,33
Lasne,25119,2020-04-20,0,33
Lasne,25119,2020-04-21,0,33
Lasne,25119,2020-04-22,1,34
Lasne,25119,2020-04-23,1,35
Lasne,25119,2020-04-24,1,36
Lasne,25119,2020-04-25,0,36
Lasne,25119,2020-04-26,0,36
Lasne,25119,2020-04-27,0,36
Lasne,25119,2020-04-28,1,37
Lasne,25119,2020-04-29,1,38
Lasne,25119,2020-04-30,0,38
Lasne,25119,2020-05-01,0,38
Lasne,25119,2020-05-02,0,38
Lasne,25119,2020-05-03,0,38
Lasne,25119,2020-05-04,1,39
Lasne,25119,2020-05-05,0,39
Lasne,25119,2020-05-06,0,39
Lasne,25119,2020-05-07,0,39
Lasne,25119,2020-05-08,0,39
Lasne,25119,2020-05-09,0,39
Lasne,25119,2020-05-10,1,40
Lasne,25119,2020-05-11,0,40
Lasne,25119,2020-05-12,0,40
Lasne,25119,2020-05-13,0,40
Lasne,25119,2020-05-14,0,40
Lasne,25119,2020-05-15,1,41
Lasne,25119,2020-05-16,0,41
Lasne,25119,2020-05-17,0,41
Lasne,25119,2020-05-18,0,41
Lasne,25119,2020-05-19,0,41
Lasne,25119,2020-05-20,0,41
Lasne,25119,2020-05-21,0,41
Lasne,25119,2020-05-22,0,41
Lasne,25119,2020-05-23,0,41
Lasne,25119,2020-05-24,0,41
Lasne,25119,2020-05-25,0,41
Lasne,25119,2020-05-26,0,41
Lasne,25119,2020-05-27,0,41
Lasne,25119,2020-05-28,0,41
Lasne,25119,2020-05-29,0,41
Lasne,25119,2020-05-30,0,41
Lasne,25119,2020-05-31,0,41
Lasne,25119,2020-06-01,0,41
Lasne,25119,2020-06-02,0,41
Lasne,25119,2020-06-03,0,41
Lasne,25119,2020-06-04,0,41
Lasne,25119,2020-06-05,0,41
Lasne,25119,2020-06-06,1,42
Lasne,25119,2020-06-07,0,42
Lasne,25119,2020-06-08,0,42
Lasne,25119,2020-06-09,0,42
Lasne,25119,2020-06-10,0,42
Lasne,25119,2020-06-11,0,42
Lasne,25119,2020-06-12,0,42
Lasne,25119,2020-06-13,0,42
Lasne,25119,2020-06-14,0,42
Lasne,25119,2020-06-15,0,42
Lasne,25119,2020-06-16,0,42
Lasne,25119,2020-06-17,0,42
Lasne,25119,2020-06-18,0,42
Lasne,25119,2020-06-19,0,42
Lasne,25119,2020-06-20,0,42
Lasne,25119,2020-06-23,1,43
Lasne,25119,2020-06-24,0,43
Lasne,25119,2020-06-25,0,43
Lasne,25119,2020-06-26,0,43
Lasne,25119,2020-06-27,0,43
Lasne,25119,2020-06-30,0,43
Lasne,25119,2020-07-01,0,43
Lasne,25119,2020-07-02,0,43
Lasne,25119,2020-07-03,0,43
Lasne,25119,2020-07-04,0,43
Lasne,25119,2020-07-07,1,44
Lasne,25119,2020-07-08,0,44
Lasne,25119,2020-07-09,0,44
Lasne,25119,2020-07-10,0,44
Lasne,25119,2020-07-11,0,44
Lasne,25119,2020-07-14,0,44
Lasne,25119,2020-07-15,0,44
Lasne,25119,2020-07-16,0,44
Lasne,25119,2020-07-17,0,44
Lasne,25119,2020-07-18,1,45
Lasne,25119,2020-07-20,1,46
Lasne,25119,2020-07-21,0,46
Lasne,25119,2020-07-22,0,46
Lasne,25119,2020-07-23,0,46
Lasne,25119,2020-07-24,0,46
Lasne,25119,2020-07-25,0,46
Lasne,25119,2020-07-26,0,46
Lasne,25119,2020-07-27,0,46
Lasne,25119,2020-07-28,0,46
Lasne,25119,2020-07-29,0,46
Lasne,25119,2020-07-30,0,46
Lasne,25119,2020-07-31,0,46
Lasne,25119,2020-08-01,1,47
Lasne,25119,2020-08-02,0,47
Lasne,25119,2020-08-03,0,47
Lasne,25119,2020-08-04,0,47
Lasne,25119,2020-08-05,0,47
Lasne,25119,2020-08-06,2,49
Lasne,25119,2020-08-07,1,50
Lasne,25119,2020-08-08,0,50
Lasne,25119,2020-08-09,1,51
Lasne,25119,2020-08-10,1,52
Lasne,25119,2020-08-11,0,52
Lasne,25119,2020-08-12,1,53
Lasne,25119,2020-08-13,3,56
Lasne,25119,2020-08-14,0,56
Lasne,25119,2020-08-15,5,61
Lasne,25119,2020-08-16,1,62
Lasne,25119,2020-08-17,0,62
Lasne,25119,2020-08-18,1,63
Lasne,25119,2020-08-19,0,63
Lasne,25119,2020-08-20,0,63
Lasne,25119,2020-08-21,1,64
Lasne,25119,2020-08-22,2,66
Lasne,25119,2020-08-23,1,67
Lasne,25119,2020-08-24,1,68
Lasne,25119,2020-08-25,0,68
Lasne,25119,2020-08-26,0,68
Lasne,25119,2020-08-27,1,69
Lasne,25119,2020-08-28,0,69
Lasne,25119,2020-08-29,0,69
Lasne,25119,2020-08-30,0,69
Lasne,25119,2020-08-31,1,70
Lasne,25119,2020-09-01,0,70
Lasne,25119,2020-09-02,0,70
Lasne,25119,2020-09-03,1,71
Lasne,25119,2020-09-04,0,71
Lasne,25119,2020-09-05,1,72
Lasne,25119,2020-09-06,1,73
Lasne,25119,2020-09-07,0,73
Lasne,25119,2020-09-08,0,73
Lasne,25119,2020-09-09,0,73
Lasne,25119,2020-09-10,4,77
Lasne,25119,2020-09-11,2,79
Lasne,25119,2020-09-12,0,79
Lasne,25119,2020-09-13,7,86
Lasne,25119,2020-09-14,0,86
Lasne,25119,2020-09-15,1,87
Lasne,25119,2020-09-16,1,88
Lasne,25119,2020-09-17,2,90
Lasne,25119,2020-09-18,0,90
Lasne,25119,2020-09-19,5,95
Lasne,25119,2020-09-20,1,96
Lasne,25119,2020-09-21,4,100
Lasne,25119,2020-09-22,2,102
Lasne,25119,2020-09-23,8,110
Lasne,25119,2020-09-24,5,115
Lasne,25119,2020-09-25,3,118
Lasne,25119,2020-09-26,9,127
Lasne,25119,2020-09-27,3,130
Lasne,25119,2020-09-28,0,130
Lasne,25119,2020-09-29,4,134
Lasne,25119,2020-09-30,10,144
Lasne,25119,2020-10-01,2,146
Lasne,25119,2020-10-02,7,153
Lasne,25119,2020-10-03,6,159
Lasne,25119,2020-10-04,12,171
Lasne,25119,2020-10-05,9,180
Lasne,25119,2020-10-06,6,186
Lasne,25119,2020-10-07,7,193
Lasne,25119,2020-10-08,3,196
Lasne,25119,2020-10-09,30,226
Lasne,25119,2020-10-10,11,237
Lasne,25119,2020-10-11,13,250
Lasne,25119,2020-10-12,23,273
Lasne,25119,2020-10-13,1,274
Lasne,25119,2020-10-14,12,286
Lasne,25119,2020-10-15,10,296
Lasne,25119,2020-10-16,13,309
Lasne,25119,2020-10-17,34,343
Lasne,25119,2020-10-18,23,366
Lasne,25119,2020-10-19,13,379
Lasne,25119,2020-10-20,23,402
Lasne,25119,2020-10-21,27,429
Lasne,25119,2020-10-22,42,471
Lasne,25119,2020-10-23,44,515
Lasne,25119,2020-10-24,42,557
Lasne,25119,2020-10-25,40,597
Lasne,25119,2020-10-26,20,617
Lasne,25119,2020-10-27,31,648
Lasne,25119,2020-10-28,16,664
Lasne,25119,2020-10-29,41,705
Lasne,25119,2020-10-30,42,747
Lasne,25119,2020-10-31,30,777
Lasne,25119,2020-11-01,14,791
Lasne,25119,2020-11-02,16,807
Lasne,25119,2020-11-03,4,811
Lasne,25119,2020-11-04,1,812
Lasne,25119,2020-11-05,23,835
Lasne,25119,2020-11-06,13,848
Lasne,25119,2020-11-07,4,852
Lasne,25119,2020-11-08,3,855
Lasne,25119,2020-11-09,8,863
Lasne,25119,2020-11-10,1,864
Lasne,25119,2020-11-11,6,870
Orp-Jauche,25120,2020-04-01,0,6
Orp-Jauche,25120,2020-04-02,0,6
Orp-Jauche,25120,2020-04-03,0,6
Orp-Jauche,25120,2020-04-04,0,6
Orp-Jauche,25120,2020-04-05,0,6
Orp-Jauche,25120,2020-04-06,0,6
Orp-Jauche,25120,2020-04-07,0,6
Orp-Jauche,25120,2020-04-08,1,7
Orp-Jauche,25120,2020-04-09,1,8
Orp-Jauche,25120,2020-04-10,1,9
Orp-Jauche,25120,2020-04-11,1,10
Orp-Jauche,25120,2020-04-12,0,10
Orp-Jauche,25120,2020-04-13,0,10
Orp-Jauche,25120,2020-04-14,0,10
Orp-Jauche,25120,2020-04-15,1,11
Orp-Jauche,25120,2020-04-16,1,12
Orp-Jauche,25120,2020-04-17,0,12
Orp-Jauche,25120,2020-04-18,0,12
Orp-Jauche,25120,2020-04-19,0,12
Orp-Jauche,25120,2020-04-20,2,14
Orp-Jauche,25120,2020-04-21,1,15
Orp-Jauche,25120,2020-04-22,0,15
Orp-Jauche,25120,2020-04-23,0,15
Orp-Jauche,25120,2020-04-24,0,15
Orp-Jauche,25120,2020-04-25,0,15
Orp-Jauche,25120,2020-04-26,0,15
Orp-Jauche,25120,2020-04-27,0,15
Orp-Jauche,25120,2020-04-28,0,15
Orp-Jauche,25120,2020-04-29,0,15
Orp-Jauche,25120,2020-04-30,0,15
Orp-Jauche,25120,2020-05-01,0,15
Orp-Jauche,25120,2020-05-02,0,15
Orp-Jauche,25120,2020-05-03,0,15
Orp-Jauche,25120,2020-05-04,0,15
Orp-Jauche,25120,2020-05-05,0,15
Orp-Jauche,25120,2020-05-06,0,15
Orp-Jauche,25120,2020-05-07,0,15
Orp-Jauche,25120,2020-05-08,1,16
Orp-Jauche,25120,2020-05-09,0,16
Orp-Jauche,25120,2020-05-10,0,16
Orp-Jauche,25120,2020-05-11,0,16
Orp-Jauche,25120,2020-05-12,0,16
Orp-Jauche,25120,2020-05-13,0,16
Orp-Jauche,25120,2020-05-14,0,16
Orp-Jauche,25120,2020-05-15,0,16
Orp-Jauche,25120,2020-05-16,0,16
Orp-Jauche,25120,2020-05-17,0,16
Orp-Jauche,25120,2020-05-18,0,16
Orp-Jauche,25120,2020-05-19,0,16
Orp-Jauche,25120,2020-05-20,0,16
Orp-Jauche,25120,2020-05-21,0,16
Orp-Jauche,25120,2020-05-22,0,16
Orp-Jauche,25120,2020-05-23,2,18
Orp-Jauche,25120,2020-05-24,0,18
Orp-Jauche,25120,2020-05-25,0,18
Orp-Jauche,25120,2020-05-26,0,18
Orp-Jauche,25120,2020-05-27,0,18
Orp-Jauche,25120,2020-05-28,0,18
Orp-Jauche,25120,2020-05-29,0,18
Orp-Jauche,25120,2020-05-30,0,18
Orp-Jauche,25120,2020-05-31,0,18
Orp-Jauche,25120,2020-06-01,0,18
Orp-Jauche,25120,2020-06-02,0,18
Orp-Jauche,25120,2020-06-03,0,18
Orp-Jauche,25120,2020-06-04,0,18
Orp-Jauche,25120,2020-06-05,0,18
Orp-Jauche,25120,2020-06-06,0,18
Orp-Jauche,25120,2020-06-07,0,18
Orp-Jauche,25120,2020-06-08,0,18
Orp-Jauche,25120,2020-06-09,0,18
Orp-Jauche,25120,2020-06-10,0,18
Orp-Jauche,25120,2020-06-11,0,18
Orp-Jauche,25120,2020-06-12,0,18
Orp-Jauche,25120,2020-06-13,0,18
Orp-Jauche,25120,2020-06-14,0,18
Orp-Jauche,25120,2020-06-15,0,18
Orp-Jauche,25120,2020-06-16,0,18
Orp-Jauche,25120,2020-06-17,0,18
Orp-Jauche,25120,2020-06-18,0,18
Orp-Jauche,25120,2020-06-19,0,18
Orp-Jauche,25120,2020-06-20,0,18
Orp-Jauche,25120,2020-06-23,0,18
Orp-Jauche,25120,2020-06-24,0,18
Orp-Jauche,25120,2020-06-25,0,18
Orp-Jauche,25120,2020-06-26,0,18
Orp-Jauche,25120,2020-06-27,0,18
Orp-Jauche,25120,2020-06-30,0,18
Orp-Jauche,25120,2020-07-01,0,18
Orp-Jauche,25120,2020-07-02,0,18
Orp-Jauche,25120,2020-07-03,0,18
Orp-Jauche,25120,2020-07-04,0,18
Orp-Jauche,25120,2020-07-07,0,18
Orp-Jauche,25120,2020-07-08,0,18
Orp-Jauche,25120,2020-07-09,0,18
Orp-Jauche,25120,2020-07-10,0,18
Orp-Jauche,25120,2020-07-11,0,18
Orp-Jauche,25120,2020-07-14,0,18
Orp-Jauche,25120,2020-07-15,0,18
Orp-Jauche,25120,2020-07-16,0,18
Orp-Jauche,25120,2020-07-17,0,18
Orp-Jauche,25120,2020-07-18,0,18
Orp-Jauche,25120,2020-07-20,0,18
Orp-Jauche,25120,2020-07-21,1,19
Orp-Jauche,25120,2020-07-22,0,19
Orp-Jauche,25120,2020-07-23,0,19
Orp-Jauche,25120,2020-07-24,0,19
Orp-Jauche,25120,2020-07-25,0,19
Orp-Jauche,25120,2020-07-26,0,19
Orp-Jauche,25120,2020-07-27,0,19
Orp-Jauche,25120,2020-07-28,0,19
Orp-Jauche,25120,2020-07-29,0,19
Orp-Jauche,25120,2020-07-30,0,19
Orp-Jauche,25120,2020-07-31,0,19
Orp-Jauche,25120,2020-08-01,1,20
Orp-Jauche,25120,2020-08-02,0,20
Orp-Jauche,25120,2020-08-03,0,20
Orp-Jauche,25120,2020-08-04,0,20
Orp-Jauche,25120,2020-08-05,0,20
Orp-Jauche,25120,2020-08-06,0,20
Orp-Jauche,25120,2020-08-07,1,21
Orp-Jauche,25120,2020-08-08,0,21
Orp-Jauche,25120,2020-08-09,1,22
Orp-Jauche,25120,2020-08-10,0,22
Orp-Jauche,25120,2020-08-11,0,22
Orp-Jauche,25120,2020-08-12,0,22
Orp-Jauche,25120,2020-08-13,1,23
Orp-Jauche,25120,2020-08-14,0,23
Orp-Jauche,25120,2020-08-15,1,24
Orp-Jauche,25120,2020-08-16,0,24
Orp-Jauche,25120,2020-08-17,1,25
Orp-Jauche,25120,2020-08-18,0,25
Orp-Jauche,25120,2020-08-19,0,25
Orp-Jauche,25120,2020-08-20,0,25
Orp-Jauche,25120,2020-08-21,0,25
Orp-Jauche,25120,2020-08-22,0,25
Orp-Jauche,25120,2020-08-23,0,25
Orp-Jauche,25120,2020-08-24,0,25
Orp-Jauche,25120,2020-08-25,0,25
Orp-Jauche,25120,2020-08-26,0,25
Orp-Jauche,25120,2020-08-27,0,25
Orp-Jauche,25120,2020-08-28,0,25
Orp-Jauche,25120,2020-08-29,0,25
Orp-Jauche,25120,2020-08-30,0,25
Orp-Jauche,25120,2020-08-31,0,25
Orp-Jauche,25120,2020-09-01,0,25
Orp-Jauche,25120,2020-09-02,0,25
Orp-Jauche,25120,2020-09-03,0,25
Orp-Jauche,25120,2020-09-04,0,25
Orp-Jauche,25120,2020-09-05,2,27
Orp-Jauche,25120,2020-09-06,1,28
Orp-Jauche,25120,2020-09-07,0,28
Orp-Jauche,25120,2020-09-08,1,29
Orp-Jauche,25120,2020-09-09,0,29
Orp-Jauche,25120,2020-09-10,2,31
Orp-Jauche,25120,2020-09-11,0,31
Orp-Jauche,25120,2020-09-12,0,31
Orp-Jauche,25120,2020-09-13,1,32
Orp-Jauche,25120,2020-09-14,0,32
Orp-Jauche,25120,2020-09-15,1,33
Orp-Jauche,25120,2020-09-16,0,33
Orp-Jauche,25120,2020-09-17,1,34
Orp-Jauche,25120,2020-09-18,1,35
Orp-Jauche,25120,2020-09-19,2,37
Orp-Jauche,25120,2020-09-20,2,39
Orp-Jauche,25120,2020-09-21,0,39
Orp-Jauche,25120,2020-09-22,1,40
Orp-Jauche,25120,2020-09-23,4,44
Orp-Jauche,25120,2020-09-24,2,46
Orp-Jauche,25120,2020-09-25,0,46
Orp-Jauche,25120,2020-09-26,0,46
Orp-Jauche,25120,2020-09-27,0,46
Orp-Jauche,25120,2020-09-28,1,47
Orp-Jauche,25120,2020-09-29,4,51
Orp-Jauche,25120,2020-09-30,0,51
Orp-Jauche,25120,2020-10-01,2,53
Orp-Jauche,25120,2020-10-02,0,53
Orp-Jauche,25120,2020-10-03,4,57
Orp-Jauche,25120,2020-10-04,4,61
Orp-Jauche,25120,2020-10-05,0,61
Orp-Jauche,25120,2020-10-06,1,62
Orp-Jauche,25120,2020-10-07,4,66
Orp-Jauche,25120,2020-10-08,3,69
Orp-Jauche,25120,2020-10-09,12,81
Orp-Jauche,25120,2020-10-10,3,84
Orp-Jauche,25120,2020-10-11,7,91
Orp-Jauche,25120,2020-10-12,5,96
Orp-Jauche,25120,2020-10-13,1,97
Orp-Jauche,25120,2020-10-14,6,103
Orp-Jauche,25120,2020-10-15,9,112
Orp-Jauche,25120,2020-10-16,9,121
Orp-Jauche,25120,2020-10-17,8,129
Orp-Jauche,25120,2020-10-18,11,140
Orp-Jauche,25120,2020-10-19,7,147
Orp-Jauche,25120,2020-10-20,14,161
Orp-Jauche,25120,2020-10-21,6,167
Orp-Jauche,25120,2020-10-22,12,179
Orp-Jauche,25120,2020-10-23,18,197
Orp-Jauche,25120,2020-10-24,11,208
Orp-Jauche,25120,2020-10-25,14,222
Orp-Jauche,25120,2020-10-26,14,236
Orp-Jauche,25120,2020-10-27,12,248
Orp-Jauche,25120,2020-10-28,15,263
Orp-Jauche,25120,2020-10-29,17,280
Orp-Jauche,25120,2020-10-30,12,292
Orp-Jauche,25120,2020-10-31,16,308
Orp-Jauche,25120,2020-11-01,3,311
Orp-Jauche,25120,2020-11-02,3,314
Orp-Jauche,25120,2020-11-03,0,314
Orp-Jauche,25120,2020-11-04,6,320
Orp-Jauche,25120,2020-11-05,10,330
Orp-Jauche,25120,2020-11-06,8,338
Orp-Jauche,25120,2020-11-07,6,344
Orp-Jauche,25120,2020-11-08,4,348
Orp-Jauche,25120,2020-11-09,4,352
Orp-Jauche,25120,2020-11-10,2,354
Orp-Jauche,25120,2020-11-11,6,360
Ottignies-Louvain-la-Neuve,25121,2020-04-01,1,21
Ottignies-Louvain-la-Neuve,25121,2020-04-02,0,21
Ottignies-Louvain-la-Neuve,25121,2020-04-03,0,21
Ottignies-Louvain-la-Neuve,25121,2020-04-04,1,22
Ottignies-Louvain-la-Neuve,25121,2020-04-05,3,25
Ottignies-Louvain-la-Neuve,25121,2020-04-06,1,26
Ottignies-Louvain-la-Neuve,25121,2020-04-07,1,27
Ottignies-Louvain-la-Neuve,25121,2020-04-08,3,30
Ottignies-Louvain-la-Neuve,25121,2020-04-09,3,33
Ottignies-Louvain-la-Neuve,25121,2020-04-10,3,36
Ottignies-Louvain-la-Neuve,25121,2020-04-11,1,37
Ottignies-Louvain-la-Neuve,25121,2020-04-12,5,42
Ottignies-Louvain-la-Neuve,25121,2020-04-13,2,44
Ottignies-Louvain-la-Neuve,25121,2020-04-14,0,44
Ottignies-Louvain-la-Neuve,25121,2020-04-15,1,45
Ottignies-Louvain-la-Neuve,25121,2020-04-16,1,46
Ottignies-Louvain-la-Neuve,25121,2020-04-17,2,48
Ottignies-Louvain-la-Neuve,25121,2020-04-18,0,48
Ottignies-Louvain-la-Neuve,25121,2020-04-19,0,48
Ottignies-Louvain-la-Neuve,25121,2020-04-20,3,51
Ottignies-Louvain-la-Neuve,25121,2020-04-21,1,52
Ottignies-Louvain-la-Neuve,25121,2020-04-22,4,56
Ottignies-Louvain-la-Neuve,25121,2020-04-23,4,60
Ottignies-Louvain-la-Neuve,25121,2020-04-24,3,63
Ottignies-Louvain-la-Neuve,25121,2020-04-25,11,74
Ottignies-Louvain-la-Neuve,25121,2020-04-26,0,74
Ottignies-Louvain-la-Neuve,25121,2020-04-27,1,75
Ottignies-Louvain-la-Neuve,25121,2020-04-28,0,75
Ottignies-Louvain-la-Neuve,25121,2020-04-29,3,78
Ottignies-Louvain-la-Neuve,25121,2020-04-30,0,78
Ottignies-Louvain-la-Neuve,25121,2020-05-01,1,79
Ottignies-Louvain-la-Neuve,25121,2020-05-02,0,79
Ottignies-Louvain-la-Neuve,25121,2020-05-03,0,79
Ottignies-Louvain-la-Neuve,25121,2020-05-04,1,80
Ottignies-Louvain-la-Neuve,25121,2020-05-05,0,80
Ottignies-Louvain-la-Neuve,25121,2020-05-06,1,81
Ottignies-Louvain-la-Neuve,25121,2020-05-07,1,82
Ottignies-Louvain-la-Neuve,25121,2020-05-08,0,82
Ottignies-Louvain-la-Neuve,25121,2020-05-09,1,83
Ottignies-Louvain-la-Neuve,25121,2020-05-10,0,83
Ottignies-Louvain-la-Neuve,25121,2020-05-11,0,83
Ottignies-Louvain-la-Neuve,25121,2020-05-12,0,83
Ottignies-Louvain-la-Neuve,25121,2020-05-13,1,84
Ottignies-Louvain-la-Neuve,25121,2020-05-14,0,84
Ottignies-Louvain-la-Neuve,25121,2020-05-15,2,86
Ottignies-Louvain-la-Neuve,25121,2020-05-16,1,87
Ottignies-Louvain-la-Neuve,25121,2020-05-17,0,87
Ottignies-Louvain-la-Neuve,25121,2020-05-18,0,87
Ottignies-Louvain-la-Neuve,25121,2020-05-19,0,87
Ottignies-Louvain-la-Neuve,25121,2020-05-20,3,90
Ottignies-Louvain-la-Neuve,25121,2020-05-21,4,94
Ottignies-Louvain-la-Neuve,25121,2020-05-22,0,94
Ottignies-Louvain-la-Neuve,25121,2020-05-23,1,95
Ottignies-Louvain-la-Neuve,25121,2020-05-24,0,95
Ottignies-Louvain-la-Neuve,25121,2020-05-25,1,96
Ottignies-Louvain-la-Neuve,25121,2020-05-26,0,96
Ottignies-Louvain-la-Neuve,25121,2020-05-27,1,97
Ottignies-Louvain-la-Neuve,25121,2020-05-28,0,97
Ottignies-Louvain-la-Neuve,25121,2020-05-29,1,98
Ottignies-Louvain-la-Neuve,25121,2020-05-30,0,98
Ottignies-Louvain-la-Neuve,25121,2020-05-31,0,98
Ottignies-Louvain-la-Neuve,25121,2020-06-01,0,98
Ottignies-Louvain-la-Neuve,25121,2020-06-02,0,98
Ottignies-Louvain-la-Neuve,25121,2020-06-03,1,99
Ottignies-Louvain-la-Neuve,25121,2020-06-04,0,99
Ottignies-Louvain-la-Neuve,25121,2020-06-05,0,99
Ottignies-Louvain-la-Neuve,25121,2020-06-06,0,99
Ottignies-Louvain-la-Neuve,25121,2020-06-07,0,99
Ottignies-Louvain-la-Neuve,25121,2020-06-08,1,100
Ottignies-Louvain-la-Neuve,25121,2020-06-09,0,100
Ottignies-Louvain-la-Neuve,25121,2020-06-10,0,100
Ottignies-Louvain-la-Neuve,25121,2020-06-11,0,100
Ottignies-Louvain-la-Neuve,25121,2020-06-12,1,101
Ottignies-Louvain-la-Neuve,25121,2020-06-13,0,101
Ottignies-Louvain-la-Neuve,25121,2020-06-14,0,101
Ottignies-Louvain-la-Neuve,25121,2020-06-15,0,101
Ottignies-Louvain-la-Neuve,25121,2020-06-16,0,101
Ottignies-Louvain-la-Neuve,25121,2020-06-17,0,101
Ottignies-Louvain-la-Neuve,25121,2020-06-18,0,101
Ottignies-Louvain-la-Neuve,25121,2020-06-19,0,101
Ottignies-Louvain-la-Neuve,25121,2020-06-20,1,102
Ottignies-Louvain-la-Neuve,25121,2020-06-23,0,102
Ottignies-Louvain-la-Neuve,25121,2020-06-24,0,102
Ottignies-Louvain-la-Neuve,25121,2020-06-25,0,102
Ottignies-Louvain-la-Neuve,25121,2020-06-26,0,102
Ottignies-Louvain-la-Neuve,25121,2020-06-27,0,102
Ottignies-Louvain-la-Neuve,25121,2020-06-30,2,104
Ottignies-Louvain-la-Neuve,25121,2020-07-01,0,104
Ottignies-Louvain-la-Neuve,25121,2020-07-02,0,104
Ottignies-Louvain-la-Neuve,25121,2020-07-03,0,104
Ottignies-Louvain-la-Neuve,25121,2020-07-04,0,104
Ottignies-Louvain-la-Neuve,25121,2020-07-07,0,104
Ottignies-Louvain-la-Neuve,25121,2020-07-08,0,104
Ottignies-Louvain-la-Neuve,25121,2020-07-09,0,104
Ottignies-Louvain-la-Neuve,25121,2020-07-10,0,104
Ottignies-Louvain-la-Neuve,25121,2020-07-11,0,104
Ottignies-Louvain-la-Neuve,25121,2020-07-14,1,105
Ottignies-Louvain-la-Neuve,25121,2020-07-15,0,105
Ottignies-Louvain-la-Neuve,25121,2020-07-16,0,105
Ottignies-Louvain-la-Neuve,25121,2020-07-17,3,108
Ottignies-Louvain-la-Neuve,25121,2020-07-18,0,108
Ottignies-Louvain-la-Neuve,25121,2020-07-20,0,108
Ottignies-Louvain-la-Neuve,25121,2020-07-21,0,108
Ottignies-Louvain-la-Neuve,25121,2020-07-22,0,108
Ottignies-Louvain-la-Neuve,25121,2020-07-23,0,108
Ottignies-Louvain-la-Neuve,25121,2020-07-24,0,108
Ottignies-Louvain-la-Neuve,25121,2020-07-25,0,108
Ottignies-Louvain-la-Neuve,25121,2020-07-26,2,110
Ottignies-Louvain-la-Neuve,25121,2020-07-27,1,111
Ottignies-Louvain-la-Neuve,25121,2020-07-28,1,112
Ottignies-Louvain-la-Neuve,25121,2020-07-29,0,112
Ottignies-Louvain-la-Neuve,25121,2020-07-30,0,112
Ottignies-Louvain-la-Neuve,25121,2020-07-31,2,114
Ottignies-Louvain-la-Neuve,25121,2020-08-01,3,117
Ottignies-Louvain-la-Neuve,25121,2020-08-02,0,117
Ottignies-Louvain-la-Neuve,25121,2020-08-03,2,119
Ottignies-Louvain-la-Neuve,25121,2020-08-04,1,120
Ottignies-Louvain-la-Neuve,25121,2020-08-05,0,120
Ottignies-Louvain-la-Neuve,25121,2020-08-06,2,122
Ottignies-Louvain-la-Neuve,25121,2020-08-07,1,123
Ottignies-Louvain-la-Neuve,25121,2020-08-08,3,126
Ottignies-Louvain-la-Neuve,25121,2020-08-09,0,126
Ottignies-Louvain-la-Neuve,25121,2020-08-10,4,130
Ottignies-Louvain-la-Neuve,25121,2020-08-11,0,130
Ottignies-Louvain-la-Neuve,25121,2020-08-12,2,132
Ottignies-Louvain-la-Neuve,25121,2020-08-13,0,132
Ottignies-Louvain-la-Neuve,25121,2020-08-14,2,134
Ottignies-Louvain-la-Neuve,25121,2020-08-15,0,134
Ottignies-Louvain-la-Neuve,25121,2020-08-16,2,136
Ottignies-Louvain-la-Neuve,25121,2020-08-17,2,138
Ottignies-Louvain-la-Neuve,25121,2020-08-18,0,138
Ottignies-Louvain-la-Neuve,25121,2020-08-19,1,139
Ottignies-Louvain-la-Neuve,25121,2020-08-20,2,141
Ottignies-Louvain-la-Neuve,25121,2020-08-21,1,142
Ottignies-Louvain-la-Neuve,25121,2020-08-22,0,142
Ottignies-Louvain-la-Neuve,25121,2020-08-23,0,142
Ottignies-Louvain-la-Neuve,25121,2020-08-24,5,147
Ottignies-Louvain-la-Neuve,25121,2020-08-25,0,147
Ottignies-Louvain-la-Neuve,25121,2020-08-26,2,149
Ottignies-Louvain-la-Neuve,25121,2020-08-27,3,152
Ottignies-Louvain-la-Neuve,25121,2020-08-28,1,153
Ottignies-Louvain-la-Neuve,25121,2020-08-29,2,155
Ottignies-Louvain-la-Neuve,25121,2020-08-30,2,157
Ottignies-Louvain-la-Neuve,25121,2020-08-31,1,158
Ottignies-Louvain-la-Neuve,25121,2020-09-01,1,159
Ottignies-Louvain-la-Neuve,25121,2020-09-02,0,159
Ottignies-Louvain-la-Neuve,25121,2020-09-03,3,162
Ottignies-Louvain-la-Neuve,25121,2020-09-04,0,162
Ottignies-Louvain-la-Neuve,25121,2020-09-05,2,164
Ottignies-Louvain-la-Neuve,25121,2020-09-06,0,164
Ottignies-Louvain-la-Neuve,25121,2020-09-07,0,164
Ottignies-Louvain-la-Neuve,25121,2020-09-08,0,164
Ottignies-Louvain-la-Neuve,25121,2020-09-09,0,164
Ottignies-Louvain-la-Neuve,25121,2020-09-10,0,164
Ottignies-Louvain-la-Neuve,25121,2020-09-11,2,166
Ottignies-Louvain-la-Neuve,25121,2020-09-12,1,167
Ottignies-Louvain-la-Neuve,25121,2020-09-13,3,170
Ottignies-Louvain-la-Neuve,25121,2020-09-14,2,172
Ottignies-Louvain-la-Neuve,25121,2020-09-15,2,174
Ottignies-Louvain-la-Neuve,25121,2020-09-16,4,178
Ottignies-Louvain-la-Neuve,25121,2020-09-17,4,182
Ottignies-Louvain-la-Neuve,25121,2020-09-18,7,189
Ottignies-Louvain-la-Neuve,25121,2020-09-19,2,191
Ottignies-Louvain-la-Neuve,25121,2020-09-20,7,198
Ottignies-Louvain-la-Neuve,25121,2020-09-21,3,201
Ottignies-Louvain-la-Neuve,25121,2020-09-22,3,204
Ottignies-Louvain-la-Neuve,25121,2020-09-23,10,214
Ottignies-Louvain-la-Neuve,25121,2020-09-24,8,222
Ottignies-Louvain-la-Neuve,25121,2020-09-25,10,232
Ottignies-Louvain-la-Neuve,25121,2020-09-26,10,242
Ottignies-Louvain-la-Neuve,25121,2020-09-27,11,253
Ottignies-Louvain-la-Neuve,25121,2020-09-28,6,259
Ottignies-Louvain-la-Neuve,25121,2020-09-29,3,262
Ottignies-Louvain-la-Neuve,25121,2020-09-30,10,272
Ottignies-Louvain-la-Neuve,25121,2020-10-01,7,279
Ottignies-Louvain-la-Neuve,25121,2020-10-02,13,292
Ottignies-Louvain-la-Neuve,25121,2020-10-03,14,306
Ottignies-Louvain-la-Neuve,25121,2020-10-04,13,319
Ottignies-Louvain-la-Neuve,25121,2020-10-05,11,330
Ottignies-Louvain-la-Neuve,25121,2020-10-06,13,343
Ottignies-Louvain-la-Neuve,25121,2020-10-07,13,356
Ottignies-Louvain-la-Neuve,25121,2020-10-08,14,370
Ottignies-Louvain-la-Neuve,25121,2020-10-09,45,415
Ottignies-Louvain-la-Neuve,25121,2020-10-10,27,442
Ottignies-Louvain-la-Neuve,25121,2020-10-11,50,492
Ottignies-Louvain-la-Neuve,25121,2020-10-12,33,525
Ottignies-Louvain-la-Neuve,25121,2020-10-13,6,531
Ottignies-Louvain-la-Neuve,25121,2020-10-14,35,566
Ottignies-Louvain-la-Neuve,25121,2020-10-15,51,617
Ottignies-Louvain-la-Neuve,25121,2020-10-16,52,669
Ottignies-Louvain-la-Neuve,25121,2020-10-17,61,730
Ottignies-Louvain-la-Neuve,25121,2020-10-18,39,769
Ottignies-Louvain-la-Neuve,25121,2020-10-19,22,791
Ottignies-Louvain-la-Neuve,25121,2020-10-20,35,826
Ottignies-Louvain-la-Neuve,25121,2020-10-21,50,876
Ottignies-Louvain-la-Neuve,25121,2020-10-22,67,943
Ottignies-Louvain-la-Neuve,25121,2020-10-23,56,999
Ottignies-Louvain-la-Neuve,25121,2020-10-24,81,1080
Ottignies-Louvain-la-Neuve,25121,2020-10-25,54,1134
Ottignies-Louvain-la-Neuve,25121,2020-10-26,39,1173
Ottignies-Louvain-la-Neuve,25121,2020-10-27,68,1241
Ottignies-Louvain-la-Neuve,25121,2020-10-28,27,1268
Ottignies-Louvain-la-Neuve,25121,2020-10-29,63,1331
Ottignies-Louvain-la-Neuve,25121,2020-10-30,62,1393
Ottignies-Louvain-la-Neuve,25121,2020-10-31,56,1449
Ottignies-Louvain-la-Neuve,25121,2020-11-01,43,1492
Ottignies-Louvain-la-Neuve,25121,2020-11-02,24,1516
Ottignies-Louvain-la-Neuve,25121,2020-11-03,25,1541
Ottignies-Louvain-la-Neuve,25121,2020-11-04,6,1547
Ottignies-Louvain-la-Neuve,25121,2020-11-05,45,1592
Ottignies-Louvain-la-Neuve,25121,2020-11-06,37,1629
Ottignies-Louvain-la-Neuve,25121,2020-11-07,13,1642
Ottignies-Louvain-la-Neuve,25121,2020-11-08,25,1667
Ottignies-Louvain-la-Neuve,25121,2020-11-09,21,1688
Ottignies-Louvain-la-Neuve,25121,2020-11-10,3,1691
Ottignies-Louvain-la-Neuve,25121,2020-11-11,16,1707
Ramillies,25122,2020-04-01,0,0
Ramillies,25122,2020-04-02,0,0
Ramillies,25122,2020-04-03,0,0
Ramillies,25122,2020-04-04,0,0
Ramillies,25122,2020-04-05,5,5
Ramillies,25122,2020-04-06,0,5
Ramillies,25122,2020-04-07,0,5
Ramillies,25122,2020-04-08,0,5
Ramillies,25122,2020-04-09,0,5
Ramillies,25122,2020-04-10,0,5
Ramillies,25122,2020-04-11,0,5
Ramillies,25122,2020-04-12,1,6
Ramillies,25122,2020-04-13,0,6
Ramillies,25122,2020-04-14,0,6
Ramillies,25122,2020-04-15,1,7
Ramillies,25122,2020-04-16,0,7
Ramillies,25122,2020-04-17,0,7
Ramillies,25122,2020-04-18,0,7
Ramillies,25122,2020-04-19,0,7
Ramillies,25122,2020-04-20,0,7
Ramillies,25122,2020-04-21,0,7
Ramillies,25122,2020-04-22,0,7
Ramillies,25122,2020-04-23,1,8
Ramillies,25122,2020-04-24,0,8
Ramillies,25122,2020-04-25,-1,7
Ramillies,25122,2020-04-26,1,8
Ramillies,25122,2020-04-27,0,8
Ramillies,25122,2020-04-28,0,8
Ramillies,25122,2020-04-29,0,8
Ramillies,25122,2020-04-30,0,8
Ramillies,25122,2020-05-01,0,8
Ramillies,25122,2020-05-02,0,8
Ramillies,25122,2020-05-03,0,8
Ramillies,25122,2020-05-04,0,8
Ramillies,25122,2020-05-05,0,8
Ramillies,25122,2020-05-06,0,8
Ramillies,25122,2020-05-07,0,8
Ramillies,25122,2020-05-08,0,8
Ramillies,25122,2020-05-09,0,8
Ramillies,25122,2020-05-10,0,8
Ramillies,25122,2020-05-11,0,8
Ramillies,25122,2020-05-12,0,8
Ramillies,25122,2020-05-13,0,8
Ramillies,25122,2020-05-14,0,8
Ramillies,25122,2020-05-15,0,8
Ramillies,25122,2020-05-16,0,8
Ramillies,25122,2020-05-17,0,8
Ramillies,25122,2020-05-18,0,8
Ramillies,25122,2020-05-19,0,8
Ramillies,25122,2020-05-20,0,8
Ramillies,25122,2020-05-21,0,8
Ramillies,25122,2020-05-22,0,8
Ramillies,25122,2020-05-23,0,8
Ramillies,25122,2020-05-24,0,8
Ramillies,25122,2020-05-25,0,8
Ramillies,25122,2020-05-26,0,8
Ramillies,25122,2020-05-27,0,8
Ramillies,25122,2020-05-28,0,8
Ramillies,25122,2020-05-29,0,8
Ramillies,25122,2020-05-30,0,8
Ramillies,25122,2020-05-31,0,8
Ramillies,25122,2020-06-01,0,8
Ramillies,25122,2020-06-02,0,8
Ramillies,25122,2020-06-03,0,8
Ramillies,25122,2020-06-04,0,8
Ramillies,25122,2020-06-05,0,8
Ramillies,25122,2020-06-06,0,8
Ramillies,25122,2020-06-07,0,8
Ramillies,25122,2020-06-08,0,8
Ramillies,25122,2020-06-09,0,8
Ramillies,25122,2020-06-10,0,8
Ramillies,25122,2020-06-11,0,8
Ramillies,25122,2020-06-12,0,8
Ramillies,25122,2020-06-13,0,8
Ramillies,25122,2020-06-14,0,8
Ramillies,25122,2020-06-15,0,8
Ramillies,25122,2020-06-16,0,8
Ramillies,25122,2020-06-17,0,8
Ramillies,25122,2020-06-18,0,8
Ramillies,25122,2020-06-19,0,8
Ramillies,25122,2020-06-20,0,8
Ramillies,25122,2020-06-23,0,8
Ramillies,25122,2020-06-24,0,8
Ramillies,25122,2020-06-25,0,8
Ramillies,25122,2020-06-26,0,8
Ramillies,25122,2020-06-27,0,8
Ramillies,25122,2020-06-30,0,8
Ramillies,25122,2020-07-01,0,8
Ramillies,25122,2020-07-02,0,8
Ramillies,25122,2020-07-03,0,8
Ramillies,25122,2020-07-04,0,8
Ramillies,25122,2020-07-07,0,8
Ramillies,25122,2020-07-08,0,8
Ramillies,25122,2020-07-09,0,8
Ramillies,25122,2020-07-10,0,8
Ramillies,25122,2020-07-11,0,8
Ramillies,25122,2020-07-14,0,8
Ramillies,25122,2020-07-15,0,8
Ramillies,25122,2020-07-16,0,8
Ramillies,25122,2020-07-17,0,8
Ramillies,25122,2020-07-18,0,8
Ramillies,25122,2020-07-20,0,8
Ramillies,25122,2020-07-21,0,8
Ramillies,25122,2020-07-22,0,8
Ramillies,25122,2020-07-23,0,8
Ramillies,25122,2020-07-24,0,8
Ramillies,25122,2020-07-25,0,8
Ramillies,25122,2020-07-26,0,8
Ramillies,25122,2020-07-27,0,8
Ramillies,25122,2020-07-28,0,8
Ramillies,25122,2020-07-29,0,8
Ramillies,25122,2020-07-30,0,8
Ramillies,25122,2020-07-31,0,8
Ramillies,25122,2020-08-01,0,8
Ramillies,25122,2020-08-02,0,8
Ramillies,25122,2020-08-03,0,8
Ramillies,25122,2020-08-04,0,8
Ramillies,25122,2020-08-05,0,8
Ramillies,25122,2020-08-06,0,8
Ramillies,25122,2020-08-07,0,8
Ramillies,25122,2020-08-08,0,8
Ramillies,25122,2020-08-09,0,8
Ramillies,25122,2020-08-10,0,8
Ramillies,25122,2020-08-11,0,8
Ramillies,25122,2020-08-12,0,8
Ramillies,25122,2020-08-13,0,8
Ramillies,25122,2020-08-14,0,8
Ramillies,25122,2020-08-15,0,8
Ramillies,25122,2020-08-16,1,9
Ramillies,25122,2020-08-17,0,9
Ramillies,25122,2020-08-18,0,9
Ramillies,25122,2020-08-19,0,9
Ramillies,25122,2020-08-20,0,9
Ramillies,25122,2020-08-21,0,9
Ramillies,25122,2020-08-22,0,9
Ramillies,25122,2020-08-23,0,9
Ramillies,25122,2020-08-24,1,10
Ramillies,25122,2020-08-25,0,10
Ramillies,25122,2020-08-26,0,10
Ramillies,25122,2020-08-27,0,10
Ramillies,25122,2020-08-28,0,10
Ramillies,25122,2020-08-29,0,10
Ramillies,25122,2020-08-30,0,10
Ramillies,25122,2020-08-31,0,10
Ramillies,25122,2020-09-01,0,10
Ramillies,25122,2020-09-02,0,10
Ramillies,25122,2020-09-03,1,11
Ramillies,25122,2020-09-04,0,11
Ramillies,25122,2020-09-05,1,12
Ramillies,25122,2020-09-06,0,12
Ramillies,25122,2020-09-07,0,12
Ramillies,25122,2020-09-08,0,12
Ramillies,25122,2020-09-09,0,12
Ramillies,25122,2020-09-10,1,13
Ramillies,25122,2020-09-11,1,14
Ramillies,25122,2020-09-12,0,14
Ramillies,25122,2020-09-13,1,15
Ramillies,25122,2020-09-14,1,16
Ramillies,25122,2020-09-15,0,16
Ramillies,25122,2020-09-16,0,16
Ramillies,25122,2020-09-17,0,16
Ramillies,25122,2020-09-18,0,16
Ramillies,25122,2020-09-19,0,16
Ramillies,25122,2020-09-20,0,16
Ramillies,25122,2020-09-21,0,16
Ramillies,25122,2020-09-22,0,16
Ramillies,25122,2020-09-23,1,17
Ramillies,25122,2020-09-24,1,18
Ramillies,25122,2020-09-25,1,19
Ramillies,25122,2020-09-26,3,22
Ramillies,25122,2020-09-27,0,22
Ramillies,25122,2020-09-28,0,22
Ramillies,25122,2020-09-29,2,24
Ramillies,25122,2020-09-30,0,24
Ramillies,25122,2020-10-01,1,25
Ramillies,25122,2020-10-02,1,26
Ramillies,25122,2020-10-03,2,28
Ramillies,25122,2020-10-04,1,29
Ramillies,25122,2020-10-05,0,29
Ramillies,25122,2020-10-06,1,30
Ramillies,25122,2020-10-07,0,30
Ramillies,25122,2020-10-08,4,34
Ramillies,25122,2020-10-09,8,42
Ramillies,25122,2020-10-10,5,47
Ramillies,25122,2020-10-11,13,60
Ramillies,25122,2020-10-12,4,64
Ramillies,25122,2020-10-13,0,64
Ramillies,25122,2020-10-14,12,76
Ramillies,25122,2020-10-15,10,86
Ramillies,25122,2020-10-16,11,97
Ramillies,25122,2020-10-17,10,107
Ramillies,25122,2020-10-18,11,118
Ramillies,25122,2020-10-19,17,135
Ramillies,25122,2020-10-20,18,153
Ramillies,25122,2020-10-21,8,161
Ramillies,25122,2020-10-22,18,179
Ramillies,25122,2020-10-23,16,195
Ramillies,25122,2020-10-24,13,208
Ramillies,25122,2020-10-25,15,223
Ramillies,25122,2020-10-26,2,225
Ramillies,25122,2020-10-27,15,240
Ramillies,25122,2020-10-28,8,248
Ramillies,25122,2020-10-29,17,265
Ramillies,25122,2020-10-30,14,279
Ramillies,25122,2020-10-31,13,292
Ramillies,25122,2020-11-01,11,303
Ramillies,25122,2020-11-02,6,309
Ramillies,25122,2020-11-03,10,319
Ramillies,25122,2020-11-04,1,320
Ramillies,25122,2020-11-05,7,327
Ramillies,25122,2020-11-06,9,336
Ramillies,25122,2020-11-07,8,344
Ramillies,25122,2020-11-08,6,350
Ramillies,25122,2020-11-09,8,358
Ramillies,25122,2020-11-10,0,358
Ramillies,25122,2020-11-11,3,361
Rebecq,25123,2020-04-01,1,10
Rebecq,25123,2020-04-02,3,13
Rebecq,25123,2020-04-03,2,15
Rebecq,25123,2020-04-04,2,17
Rebecq,25123,2020-04-05,8,25
Rebecq,25123,2020-04-06,3,28
Rebecq,25123,2020-04-07,0,28
Rebecq,25123,2020-04-08,2,30
Rebecq,25123,2020-04-09,5,35
Rebecq,25123,2020-04-10,2,37
Rebecq,25123,2020-04-11,2,39
Rebecq,25123,2020-04-12,0,39
Rebecq,25123,2020-04-13,0,39
Rebecq,25123,2020-04-14,0,39
Rebecq,25123,2020-04-15,6,45
Rebecq,25123,2020-04-16,1,46
Rebecq,25123,2020-04-17,0,46
Rebecq,25123,2020-04-18,0,46
Rebecq,25123,2020-04-19,2,48
Rebecq,25123,2020-04-20,0,48
Rebecq,25123,2020-04-21,0,48
Rebecq,25123,2020-04-22,1,49
Rebecq,25123,2020-04-23,1,50
Rebecq,25123,2020-04-24,0,50
Rebecq,25123,2020-04-25,3,53
Rebecq,25123,2020-04-26,1,54
Rebecq,25123,2020-04-27,2,56
Rebecq,25123,2020-04-28,1,57
Rebecq,25123,2020-04-29,3,60
Rebecq,25123,2020-04-30,1,61
Rebecq,25123,2020-05-01,0,61
Rebecq,25123,2020-05-02,0,61
Rebecq,25123,2020-05-03,0,61
Rebecq,25123,2020-05-04,0,61
Rebecq,25123,2020-05-05,0,61
Rebecq,25123,2020-05-06,0,61
Rebecq,25123,2020-05-07,0,61
Rebecq,25123,2020-05-08,0,61
Rebecq,25123,2020-05-09,1,62
Rebecq,25123,2020-05-10,0,62
Rebecq,25123,2020-05-11,0,62
Rebecq,25123,2020-05-12,0,62
Rebecq,25123,2020-05-13,0,62
Rebecq,25123,2020-05-14,1,63
Rebecq,25123,2020-05-15,0,63
Rebecq,25123,2020-05-16,1,64
Rebecq,25123,2020-05-17,0,64
Rebecq,25123,2020-05-18,0,64
Rebecq,25123,2020-05-19,0,64
Rebecq,25123,2020-05-20,0,64
Rebecq,25123,2020-05-21,0,64
Rebecq,25123,2020-05-22,0,64
Rebecq,25123,2020-05-23,0,64
Rebecq,25123,2020-05-24,0,64
Rebecq,25123,2020-05-25,0,64
Rebecq,25123,2020-05-26,1,65
Rebecq,25123,2020-05-27,0,65
Rebecq,25123,2020-05-28,0,65
Rebecq,25123,2020-05-29,0,65
Rebecq,25123,2020-05-30,0,65
Rebecq,25123,2020-05-31,0,65
Rebecq,25123,2020-06-01,0,65
Rebecq,25123,2020-06-02,0,65
Rebecq,25123,2020-06-03,0,65
Rebecq,25123,2020-06-04,0,65
Rebecq,25123,2020-06-05,2,67
Rebecq,25123,2020-06-06,0,67
Rebecq,25123,2020-06-07,0,67
Rebecq,25123,2020-06-08,0,67
Rebecq,25123,2020-06-09,0,67
Rebecq,25123,2020-06-10,0,67
Rebecq,25123,2020-06-11,0,67
Rebecq,25123,2020-06-12,0,67
Rebecq,25123,2020-06-13,0,67
Rebecq,25123,2020-06-14,1,68
Rebecq,25123,2020-06-15,0,68
Rebecq,25123,2020-06-16,0,68
Rebecq,25123,2020-06-17,0,68
Rebecq,25123,2020-06-18,1,69
Rebecq,25123,2020-06-19,1,70
Rebecq,25123,2020-06-20,0,70
Rebecq,25123,2020-06-23,0,70
Rebecq,25123,2020-06-24,0,70
Rebecq,25123,2020-06-25,0,70
Rebecq,25123,2020-06-26,0,70
Rebecq,25123,2020-06-27,0,70
Rebecq,25123,2020-06-30,1,71
Rebecq,25123,2020-07-01,0,71
Rebecq,25123,2020-07-02,0,71
Rebecq,25123,2020-07-03,0,71
Rebecq,25123,2020-07-04,0,71
Rebecq,25123,2020-07-07,0,71
Rebecq,25123,2020-07-08,0,71
Rebecq,25123,2020-07-09,0,71
Rebecq,25123,2020-07-10,0,71
Rebecq,25123,2020-07-11,1,72
Rebecq,25123,2020-07-14,0,72
Rebecq,25123,2020-07-15,0,72
Rebecq,25123,2020-07-16,0,72
Rebecq,25123,2020-07-17,0,72
Rebecq,25123,2020-07-18,0,72
Rebecq,25123,2020-07-20,0,72
Rebecq,25123,2020-07-21,0,72
Rebecq,25123,2020-07-22,0,72
Rebecq,25123,2020-07-23,0,72
Rebecq,25123,2020-07-24,0,72
Rebecq,25123,2020-07-25,0,72
Rebecq,25123,2020-07-26,0,72
Rebecq,25123,2020-07-27,0,72
Rebecq,25123,2020-07-28,1,73
Rebecq,25123,2020-07-29,0,73
Rebecq,25123,2020-07-30,0,73
Rebecq,25123,2020-07-31,1,74
Rebecq,25123,2020-08-01,0,74
Rebecq,25123,2020-08-02,0,74
Rebecq,25123,2020-08-03,0,74
Rebecq,25123,2020-08-04,0,74
Rebecq,25123,2020-08-05,0,74
Rebecq,25123,2020-08-06,0,74
Rebecq,25123,2020-08-07,1,75
Rebecq,25123,2020-08-08,1,76
Rebecq,25123,2020-08-09,0,76
Rebecq,25123,2020-08-10,1,77
Rebecq,25123,2020-08-11,0,77
Rebecq,25123,2020-08-12,0,77
Rebecq,25123,2020-08-13,0,77
Rebecq,25123,2020-08-14,2,79
Rebecq,25123,2020-08-15,2,81
Rebecq,25123,2020-08-16,0,81
Rebecq,25123,2020-08-17,0,81
Rebecq,25123,2020-08-18,0,81
Rebecq,25123,2020-08-19,0,81
Rebecq,25123,2020-08-20,0,81
Rebecq,25123,2020-08-21,0,81
Rebecq,25123,2020-08-22,0,81
Rebecq,25123,2020-08-23,1,82
Rebecq,25123,2020-08-24,1,83
Rebecq,25123,2020-08-25,0,83
Rebecq,25123,2020-08-26,0,83
Rebecq,25123,2020-08-27,0,83
Rebecq,25123,2020-08-28,0,83
Rebecq,25123,2020-08-29,0,83
Rebecq,25123,2020-08-30,0,83
Rebecq,25123,2020-08-31,0,83
Rebecq,25123,2020-09-01,0,83
Rebecq,25123,2020-09-02,0,83
Rebecq,25123,2020-09-03,1,84
Rebecq,25123,2020-09-04,0,84
Rebecq,25123,2020-09-05,0,84
Rebecq,25123,2020-09-06,2,86
Rebecq,25123,2020-09-07,2,88
Rebecq,25123,2020-09-08,0,88
Rebecq,25123,2020-09-09,0,88
Rebecq,25123,2020-09-10,0,88
Rebecq,25123,2020-09-11,2,90
Rebecq,25123,2020-09-12,1,91
Rebecq,25123,2020-09-13,0,91
Rebecq,25123,2020-09-14,1,92
Rebecq,25123,2020-09-15,1,93
Rebecq,25123,2020-09-16,0,93
Rebecq,25123,2020-09-17,3,96
Rebecq,25123,2020-09-18,4,100
Rebecq,25123,2020-09-19,3,103
Rebecq,25123,2020-09-20,2,105
Rebecq,25123,2020-09-21,1,106
Rebecq,25123,2020-09-22,2,108
Rebecq,25123,2020-09-23,2,110
Rebecq,25123,2020-09-24,3,113
Rebecq,25123,2020-09-25,3,116
Rebecq,25123,2020-09-26,0,116
Rebecq,25123,2020-09-27,0,116
Rebecq,25123,2020-09-28,3,119
Rebecq,25123,2020-09-29,1,120
Rebecq,25123,2020-09-30,3,123
Rebecq,25123,2020-10-01,1,124
Rebecq,25123,2020-10-02,3,127
Rebecq,25123,2020-10-03,0,127
Rebecq,25123,2020-10-04,1,128
Rebecq,25123,2020-10-05,5,133
Rebecq,25123,2020-10-06,1,134
Rebecq,25123,2020-10-07,0,134
Rebecq,25123,2020-10-08,0,134
Rebecq,25123,2020-10-09,5,139
Rebecq,25123,2020-10-10,3,142
Rebecq,25123,2020-10-11,10,152
Rebecq,25123,2020-10-12,7,159
Rebecq,25123,2020-10-13,5,164
Rebecq,25123,2020-10-14,6,170
Rebecq,25123,2020-10-15,6,176
Rebecq,25123,2020-10-16,10,186
Rebecq,25123,2020-10-17,17,203
Rebecq,25123,2020-10-18,6,209
Rebecq,25123,2020-10-19,8,217
Rebecq,25123,2020-10-20,7,224
Rebecq,25123,2020-10-21,16,240
Rebecq,25123,2020-10-22,15,255
Rebecq,25123,2020-10-23,12,267
Rebecq,25123,2020-10-24,11,278
Rebecq,25123,2020-10-25,19,297
Rebecq,25123,2020-10-26,14,311
Rebecq,25123,2020-10-27,8,319
Rebecq,25123,2020-10-28,13,332
Rebecq,25123,2020-10-29,19,351
Rebecq,25123,2020-10-30,21,372
Rebecq,25123,2020-10-31,16,388
Rebecq,25123,2020-11-01,14,402
Rebecq,25123,2020-11-02,11,413
Rebecq,25123,2020-11-03,13,426
Rebecq,25123,2020-11-04,6,432
Rebecq,25123,2020-11-05,9,441
Rebecq,25123,2020-11-06,8,449
Rebecq,25123,2020-11-07,7,456
Rebecq,25123,2020-11-08,3,459
Rebecq,25123,2020-11-09,2,461
Rebecq,25123,2020-11-10,2,463
Rebecq,25123,2020-11-11,11,474
Walhain,25124,2020-04-01,0,6
Walhain,25124,2020-04-02,0,6
Walhain,25124,2020-04-03,1,7
Walhain,25124,2020-04-04,2,9
Walhain,25124,2020-04-05,0,9
Walhain,25124,2020-04-06,0,9
Walhain,25124,2020-04-07,1,10
Walhain,25124,2020-04-08,0,10
Walhain,25124,2020-04-09,1,11
Walhain,25124,2020-04-10,1,12
Walhain,25124,2020-04-11,1,13
Walhain,25124,2020-04-12,0,13
Walhain,25124,2020-04-13,0,13
Walhain,25124,2020-04-14,0,13
Walhain,25124,2020-04-15,1,14
Walhain,25124,2020-04-16,0,14
Walhain,25124,2020-04-17,0,14
Walhain,25124,2020-04-18,0,14
Walhain,25124,2020-04-19,0,14
Walhain,25124,2020-04-20,0,14
Walhain,25124,2020-04-21,0,14
Walhain,25124,2020-04-22,0,14
Walhain,25124,2020-04-23,1,15
Walhain,25124,2020-04-24,0,15
Walhain,25124,2020-04-25,1,16
Walhain,25124,2020-04-26,0,16
Walhain,25124,2020-04-27,0,16
Walhain,25124,2020-04-28,0,16
Walhain,25124,2020-04-29,0,16
Walhain,25124,2020-04-30,0,16
Walhain,25124,2020-05-01,0,16
Walhain,25124,2020-05-02,0,16
Walhain,25124,2020-05-03,0,16
Walhain,25124,2020-05-04,0,16
Walhain,25124,2020-05-05,0,16
Walhain,25124,2020-05-06,0,16
Walhain,25124,2020-05-07,0,16
Walhain,25124,2020-05-08,0,16
Walhain,25124,2020-05-09,0,16
Walhain,25124,2020-05-10,0,16
Walhain,25124,2020-05-11,0,16
Walhain,25124,2020-05-12,0,16
Walhain,25124,2020-05-13,0,16
Walhain,25124,2020-05-14,0,16
Walhain,25124,2020-05-15,0,16
Walhain,25124,2020-05-16,1,17
Walhain,25124,2020-05-17,0,17
Walhain,25124,2020-05-18,0,17
Walhain,25124,2020-05-19,0,17
Walhain,25124,2020-05-20,0,17
Walhain,25124,2020-05-21,0,17
Walhain,25124,2020-05-22,1,18
Walhain,25124,2020-05-23,0,18
Walhain,25124,2020-05-24,0,18
Walhain,25124,2020-05-25,0,18
Walhain,25124,2020-05-26,0,18
Walhain,25124,2020-05-27,0,18
Walhain,25124,2020-05-28,0,18
Walhain,25124,2020-05-29,0,18
Walhain,25124,2020-05-30,0,18
Walhain,25124,2020-05-31,0,18
Walhain,25124,2020-06-01,0,18
Walhain,25124,2020-06-02,0,18
Walhain,25124,2020-06-03,0,18
Walhain,25124,2020-06-04,0,18
Walhain,25124,2020-06-05,0,18
Walhain,25124,2020-06-06,0,18
Walhain,25124,2020-06-07,0,18
Walhain,25124,2020-06-08,0,18
Walhain,25124,2020-06-09,0,18
Walhain,25124,2020-06-10,0,18
Walhain,25124,2020-06-11,0,18
Walhain,25124,2020-06-12,0,18
Walhain,25124,2020-06-13,0,18
Walhain,25124,2020-06-14,0,18
Walhain,25124,2020-06-15,0,18
Walhain,25124,2020-06-16,0,18
Walhain,25124,2020-06-17,0,18
Walhain,25124,2020-06-18,0,18
Walhain,25124,2020-06-19,0,18
Walhain,25124,2020-06-20,0,18
Walhain,25124,2020-06-23,1,19
Walhain,25124,2020-06-24,0,19
Walhain,25124,2020-06-25,0,19
Walhain,25124,2020-06-26,1,20
Walhain,25124,2020-06-27,0,20
Walhain,25124,2020-06-30,0,20
Walhain,25124,2020-07-01,0,20
Walhain,25124,2020-07-02,0,20
Walhain,25124,2020-07-03,0,20
Walhain,25124,2020-07-04,0,20
Walhain,25124,2020-07-07,0,20
Walhain,25124,2020-07-08,0,20
Walhain,25124,2020-07-09,0,20
Walhain,25124,2020-07-10,0,20
Walhain,25124,2020-07-11,0,20
Walhain,25124,2020-07-14,0,20
Walhain,25124,2020-07-15,0,20
Walhain,25124,2020-07-16,0,20
Walhain,25124,2020-07-17,0,20
Walhain,25124,2020-07-18,0,20
Walhain,25124,2020-07-20,0,20
Walhain,25124,2020-07-21,0,20
Walhain,25124,2020-07-22,0,20
Walhain,25124,2020-07-23,0,20
Walhain,25124,2020-07-24,0,20
Walhain,25124,2020-07-25,0,20
Walhain,25124,2020-07-26,0,20
Walhain,25124,2020-07-27,0,20
Walhain,25124,2020-07-28,1,21
Walhain,25124,2020-07-29,0,21
Walhain,25124,2020-07-30,0,21
Walhain,25124,2020-07-31,0,21
Walhain,25124,2020-08-01,0,21
Walhain,25124,2020-08-02,0,21
Walhain,25124,2020-08-03,2,23
Walhain,25124,2020-08-04,0,23
Walhain,25124,2020-08-05,0,23
Walhain,25124,2020-08-06,0,23
Walhain,25124,2020-08-07,0,23
Walhain,25124,2020-08-08,0,23
Walhain,25124,2020-08-09,0,23
Walhain,25124,2020-08-10,1,24
Walhain,25124,2020-08-11,0,24
Walhain,25124,2020-08-12,0,24
Walhain,25124,2020-08-13,0,24
Walhain,25124,2020-08-14,1,25
Walhain,25124,2020-08-15,0,25
Walhain,25124,2020-08-16,0,25
Walhain,25124,2020-08-17,0,25
Walhain,25124,2020-08-18,0,25
Walhain,25124,2020-08-19,0,25
Walhain,25124,2020-08-20,0,25
Walhain,25124,2020-08-21,0,25
Walhain,25124,2020-08-22,0,25
Walhain,25124,2020-08-23,0,25
Walhain,25124,2020-08-24,0,25
Walhain,25124,2020-08-25,0,25
Walhain,25124,2020-08-26,0,25
Walhain,25124,2020-08-27,1,26
Walhain,25124,2020-08-28,0,26
Walhain,25124,2020-08-29,0,26
Walhain,25124,2020-08-30,2,28
Walhain,25124,2020-08-31,0,28
Walhain,25124,2020-09-01,1,29
Walhain,25124,2020-09-02,0,29
Walhain,25124,2020-09-03,0,29
Walhain,25124,2020-09-04,0,29
Walhain,25124,2020-09-05,1,30
Walhain,25124,2020-09-06,0,30
Walhain,25124,2020-09-07,1,31
Walhain,25124,2020-09-08,0,31
Walhain,25124,2020-09-09,0,31
Walhain,25124,2020-09-10,0,31
Walhain,25124,2020-09-11,0,31
Walhain,25124,2020-09-12,1,32
Walhain,25124,2020-09-13,0,32
Walhain,25124,2020-09-14,1,33
Walhain,25124,2020-09-15,1,34
Walhain,25124,2020-09-16,1,35
Walhain,25124,2020-09-17,0,35
Walhain,25124,2020-09-18,0,35
Walhain,25124,2020-09-19,2,37
Walhain,25124,2020-09-20,1,38
Walhain,25124,2020-09-21,0,38
Walhain,25124,2020-09-22,2,40
Walhain,25124,2020-09-23,4,44
Walhain,25124,2020-09-24,0,44
Walhain,25124,2020-09-25,1,45
Walhain,25124,2020-09-26,0,45
Walhain,25124,2020-09-27,1,46
Walhain,25124,2020-09-28,3,49
Walhain,25124,2020-09-29,1,50
Walhain,25124,2020-09-30,3,53
Walhain,25124,2020-10-01,-1,52
Walhain,25124,2020-10-02,1,53
Walhain,25124,2020-10-03,2,55
Walhain,25124,2020-10-04,5,60
Walhain,25124,2020-10-05,0,60
Walhain,25124,2020-10-06,1,61
Walhain,25124,2020-10-07,0,61
Walhain,25124,2020-10-08,2,63
Walhain,25124,2020-10-09,9,72
Walhain,25124,2020-10-10,7,79
Walhain,25124,2020-10-11,15,94
Walhain,25124,2020-10-12,12,106
Walhain,25124,2020-10-13,3,109
Walhain,25124,2020-10-14,6,115
Walhain,25124,2020-10-15,20,135
Walhain,25124,2020-10-16,17,152
Walhain,25124,2020-10-17,15,167
Walhain,25124,2020-10-18,13,180
Walhain,25124,2020-10-19,13,193
Walhain,25124,2020-10-20,9,202
Walhain,25124,2020-10-21,10,212
Walhain,25124,2020-10-22,17,229
Walhain,25124,2020-10-23,17,246
Walhain,25124,2020-10-24,20,266
Walhain,25124,2020-10-25,12,278
Walhain,25124,2020-10-26,20,298
Walhain,25124,2020-10-27,7,305
Walhain,25124,2020-10-28,7,312
Walhain,25124,2020-10-29,28,340
Walhain,25124,2020-10-30,12,352
Walhain,25124,2020-10-31,14,366
Walhain,25124,2020-11-01,12,378
Walhain,25124,2020-11-02,7,385
Walhain,25124,2020-11-03,4,389
Walhain,25124,2020-11-04,1,390
Walhain,25124,2020-11-05,13,403
Walhain,25124,2020-11-06,7,410
Walhain,25124,2020-11-07,2,412
Walhain,25124,2020-11-08,5,417
Walhain,25124,2020-11-09,9,426
Walhain,25124,2020-11-10,1,427
Walhain,25124,2020-11-11,3,430
Beernem,31003,2020-04-01,1,14
Beernem,31003,2020-04-02,0,14
Beernem,31003,2020-04-03,1,15
Beernem,31003,2020-04-04,4,19
Beernem,31003,2020-04-05,3,22
Beernem,31003,2020-04-06,4,26
Beernem,31003,2020-04-07,1,27
Beernem,31003,2020-04-08,1,28
Beernem,31003,2020-04-09,5,33
Beernem,31003,2020-04-10,1,34
Beernem,31003,2020-04-11,4,38
Beernem,31003,2020-04-12,3,41
Beernem,31003,2020-04-13,4,45
Beernem,31003,2020-04-14,2,47
Beernem,31003,2020-04-15,4,51
Beernem,31003,2020-04-16,2,53
Beernem,31003,2020-04-17,6,59
Beernem,31003,2020-04-18,1,60
Beernem,31003,2020-04-19,4,64
Beernem,31003,2020-04-20,1,65
Beernem,31003,2020-04-21,3,68
Beernem,31003,2020-04-22,2,70
Beernem,31003,2020-04-23,2,72
Beernem,31003,2020-04-24,15,87
Beernem,31003,2020-04-25,5,92
Beernem,31003,2020-04-26,3,95
Beernem,31003,2020-04-27,0,95
Beernem,31003,2020-04-28,1,96
Beernem,31003,2020-04-29,0,96
Beernem,31003,2020-04-30,0,96
Beernem,31003,2020-05-01,3,99
Beernem,31003,2020-05-02,2,101
Beernem,31003,2020-05-03,0,101
Beernem,31003,2020-05-04,0,101
Beernem,31003,2020-05-05,0,101
Beernem,31003,2020-05-06,0,101
Beernem,31003,2020-05-07,0,101
Beernem,31003,2020-05-08,0,101
Beernem,31003,2020-05-09,5,106
Beernem,31003,2020-05-10,4,110
Beernem,31003,2020-05-11,2,112
Beernem,31003,2020-05-12,2,114
Beernem,31003,2020-05-13,1,115
Beernem,31003,2020-05-14,1,116
Beernem,31003,2020-05-15,1,117
Beernem,31003,2020-05-16,0,117
Beernem,31003,2020-05-17,0,117
Beernem,31003,2020-05-18,0,117
Beernem,31003,2020-05-19,2,119
Beernem,31003,2020-05-20,1,120
Beernem,31003,2020-05-21,0,120
Beernem,31003,2020-05-22,0,120
Beernem,31003,2020-05-23,1,121
Beernem,31003,2020-05-24,1,122
Beernem,31003,2020-05-25,0,122
Beernem,31003,2020-05-26,0,122
Beernem,31003,2020-05-27,0,122
Beernem,31003,2020-05-28,0,122
Beernem,31003,2020-05-29,1,123
Beernem,31003,2020-05-30,0,123
Beernem,31003,2020-05-31,0,123
Beernem,31003,2020-06-01,0,123
Beernem,31003,2020-06-02,0,123
Beernem,31003,2020-06-03,0,123
Beernem,31003,2020-06-04,0,123
Beernem,31003,2020-06-05,0,123
Beernem,31003,2020-06-06,0,123
Beernem,31003,2020-06-07,0,123
Beernem,31003,2020-06-08,0,123
Beernem,31003,2020-06-09,0,123
Beernem,31003,2020-06-10,0,123
Beernem,31003,2020-06-11,0,123
Beernem,31003,2020-06-12,0,123
Beernem,31003,2020-06-13,0,123
Beernem,31003,2020-06-14,0,123
Beernem,31003,2020-06-15,0,123
Beernem,31003,2020-06-16,0,123
Beernem,31003,2020-06-17,0,123
Beernem,31003,2020-06-18,0,123
Beernem,31003,2020-06-19,1,124
Beernem,31003,2020-06-20,0,124
Beernem,31003,2020-06-23,0,124
Beernem,31003,2020-06-24,0,124
Beernem,31003,2020-06-25,0,124
Beernem,31003,2020-06-26,0,124
Beernem,31003,2020-06-27,0,124
Beernem,31003,2020-06-30,0,124
Beernem,31003,2020-07-01,0,124
Beernem,31003,2020-07-02,0,124
Beernem,31003,2020-07-03,1,125
Beernem,31003,2020-07-04,0,125
Beernem,31003,2020-07-07,0,125
Beernem,31003,2020-07-08,1,126
Beernem,31003,2020-07-09,0,126
Beernem,31003,2020-07-10,0,126
Beernem,31003,2020-07-11,2,128
Beernem,31003,2020-07-14,0,128
Beernem,31003,2020-07-15,0,128
Beernem,31003,2020-07-16,0,128
Beernem,31003,2020-07-17,0,128
Beernem,31003,2020-07-18,1,129
Beernem,31003,2020-07-20,0,129
Beernem,31003,2020-07-21,0,129
Beernem,31003,2020-07-22,0,129
Beernem,31003,2020-07-23,0,129
Beernem,31003,2020-07-24,0,129
Beernem,31003,2020-07-25,0,129
Beernem,31003,2020-07-26,0,129
Beernem,31003,2020-07-27,0,129
Beernem,31003,2020-07-28,0,129
Beernem,31003,2020-07-29,0,129
Beernem,31003,2020-07-30,0,129
Beernem,31003,2020-07-31,0,129
Beernem,31003,2020-08-01,0,129
Beernem,31003,2020-08-02,0,129
Beernem,31003,2020-08-03,0,129
Beernem,31003,2020-08-04,0,129
Beernem,31003,2020-08-05,0,129
Beernem,31003,2020-08-06,0,129
Beernem,31003,2020-08-07,0,129
Beernem,31003,2020-08-08,1,130
Beernem,31003,2020-08-09,0,130
Beernem,31003,2020-08-10,0,130
Beernem,31003,2020-08-11,0,130
Beernem,31003,2020-08-12,0,130
Beernem,31003,2020-08-13,1,131
Beernem,31003,2020-08-14,-1,130
Beernem,31003,2020-08-15,1,131
Beernem,31003,2020-08-16,1,132
Beernem,31003,2020-08-17,0,132
Beernem,31003,2020-08-18,0,132
Beernem,31003,2020-08-19,0,132
Beernem,31003,2020-08-20,0,132
Beernem,31003,2020-08-21,0,132
Beernem,31003,2020-08-22,1,133
Beernem,31003,2020-08-23,0,133
Beernem,31003,2020-08-24,0,133
Beernem,31003,2020-08-25,0,133
Beernem,31003,2020-08-26,0,133
Beernem,31003,2020-08-27,0,133
Beernem,31003,2020-08-28,0,133
Beernem,31003,2020-08-29,0,133
Beernem,31003,2020-08-30,0,133
Beernem,31003,2020-08-31,0,133
Beernem,31003,2020-09-01,0,133
Beernem,31003,2020-09-02,0,133
Beernem,31003,2020-09-03,2,135
Beernem,31003,2020-09-04,0,135
Beernem,31003,2020-09-05,1,136
Beernem,31003,2020-09-06,1,137
Beernem,31003,2020-09-07,0,137
Beernem,31003,2020-09-08,1,138
Beernem,31003,2020-09-09,0,138
Beernem,31003,2020-09-10,1,139
Beernem,31003,2020-09-11,0,139
Beernem,31003,2020-09-12,1,140
Beernem,31003,2020-09-13,0,140
Beernem,31003,2020-09-14,1,141
Beernem,31003,2020-09-15,2,143
Beernem,31003,2020-09-16,0,143
Beernem,31003,2020-09-17,1,144
Beernem,31003,2020-09-18,0,144
Beernem,31003,2020-09-19,1,145
Beernem,31003,2020-09-20,0,145
Beernem,31003,2020-09-21,2,147
Beernem,31003,2020-09-22,0,147
Beernem,31003,2020-09-23,0,147
Beernem,31003,2020-09-24,1,148
Beernem,31003,2020-09-25,1,149
Beernem,31003,2020-09-26,0,149
Beernem,31003,2020-09-27,2,151
Beernem,31003,2020-09-28,0,151
Beernem,31003,2020-09-29,0,151
Beernem,31003,2020-09-30,0,151
Beernem,31003,2020-10-01,0,151
Beernem,31003,2020-10-02,2,153
Beernem,31003,2020-10-03,0,153
Beernem,31003,2020-10-04,1,154
Beernem,31003,2020-10-05,0,154
Beernem,31003,2020-10-06,1,155
Beernem,31003,2020-10-07,0,155
Beernem,31003,2020-10-08,1,156
Beernem,31003,2020-10-09,2,158
Beernem,31003,2020-10-10,1,159
Beernem,31003,2020-10-11,0,159
Beernem,31003,2020-10-12,2,161
Beernem,31003,2020-10-13,2,163
Beernem,31003,2020-10-14,0,163
Beernem,31003,2020-10-15,2,165
Beernem,31003,2020-10-16,1,166
Beernem,31003,2020-10-17,2,168
Beernem,31003,2020-10-18,5,173
Beernem,31003,2020-10-19,4,177
Beernem,31003,2020-10-20,7,184
Beernem,31003,2020-10-21,3,187
Beernem,31003,2020-10-22,14,201
Beernem,31003,2020-10-23,7,208
Beernem,31003,2020-10-24,17,225
Beernem,31003,2020-10-25,17,242
Beernem,31003,2020-10-26,8,250
Beernem,31003,2020-10-27,13,263
Beernem,31003,2020-10-28,6,269
Beernem,31003,2020-10-29,16,285
Beernem,31003,2020-10-30,16,301
Beernem,31003,2020-10-31,12,313
Beernem,31003,2020-11-01,18,331
Beernem,31003,2020-11-02,8,339
Beernem,31003,2020-11-03,2,341
Beernem,31003,2020-11-04,3,344
Beernem,31003,2020-11-05,10,354
Beernem,31003,2020-11-06,5,359
Beernem,31003,2020-11-07,9,368
Beernem,31003,2020-11-08,2,370
Beernem,31003,2020-11-09,0,370
Beernem,31003,2020-11-10,1,371
Beernem,31003,2020-11-11,2,373
Blankenberge,31004,2020-04-01,1,24
Blankenberge,31004,2020-04-02,2,26
Blankenberge,31004,2020-04-03,2,28
Blankenberge,31004,2020-04-04,1,29
Blankenberge,31004,2020-04-05,0,29
Blankenberge,31004,2020-04-06,1,30
Blankenberge,31004,2020-04-07,1,31
Blankenberge,31004,2020-04-08,0,31
Blankenberge,31004,2020-04-09,2,33
Blankenberge,31004,2020-04-10,2,35
Blankenberge,31004,2020-04-11,4,39
Blankenberge,31004,2020-04-12,0,39
Blankenberge,31004,2020-04-13,0,39
Blankenberge,31004,2020-04-14,1,40
Blankenberge,31004,2020-04-15,2,42
Blankenberge,31004,2020-04-16,2,44
Blankenberge,31004,2020-04-17,0,44
Blankenberge,31004,2020-04-18,1,45
Blankenberge,31004,2020-04-19,1,46
Blankenberge,31004,2020-04-20,0,46
Blankenberge,31004,2020-04-21,2,48
Blankenberge,31004,2020-04-22,1,49
Blankenberge,31004,2020-04-23,0,49
Blankenberge,31004,2020-04-24,0,49
Blankenberge,31004,2020-04-25,1,50
Blankenberge,31004,2020-04-26,0,50
Blankenberge,31004,2020-04-27,0,50
Blankenberge,31004,2020-04-28,0,50
Blankenberge,31004,2020-04-29,0,50
Blankenberge,31004,2020-04-30,0,50
Blankenberge,31004,2020-05-01,0,50
Blankenberge,31004,2020-05-02,0,50
Blankenberge,31004,2020-05-03,0,50
Blankenberge,31004,2020-05-04,0,50
Blankenberge,31004,2020-05-05,0,50
Blankenberge,31004,2020-05-06,0,50
Blankenberge,31004,2020-05-07,0,50
Blankenberge,31004,2020-05-08,0,50
Blankenberge,31004,2020-05-09,1,51
Blankenberge,31004,2020-05-10,0,51
Blankenberge,31004,2020-05-11,0,51
Blankenberge,31004,2020-05-12,0,51
Blankenberge,31004,2020-05-13,0,51
Blankenberge,31004,2020-05-14,0,51
Blankenberge,31004,2020-05-15,0,51
Blankenberge,31004,2020-05-16,0,51
Blankenberge,31004,2020-05-17,0,51
Blankenberge,31004,2020-05-18,0,51
Blankenberge,31004,2020-05-19,0,51
Blankenberge,31004,2020-05-20,0,51
Blankenberge,31004,2020-05-21,0,51
Blankenberge,31004,2020-05-22,0,51
Blankenberge,31004,2020-05-23,0,51
Blankenberge,31004,2020-05-24,0,51
Blankenberge,31004,2020-05-25,0,51
Blankenberge,31004,2020-05-26,0,51
Blankenberge,31004,2020-05-27,1,52
Blankenberge,31004,2020-05-28,0,52
Blankenberge,31004,2020-05-29,2,54
Blankenberge,31004,2020-05-30,0,54
Blankenberge,31004,2020-05-31,0,54
Blankenberge,31004,2020-06-01,0,54
Blankenberge,31004,2020-06-02,0,54
Blankenberge,31004,2020-06-03,0,54
Blankenberge,31004,2020-06-04,0,54
Blankenberge,31004,2020-06-05,0,54
Blankenberge,31004,2020-06-06,0,54
Blankenberge,31004,2020-06-07,0,54
Blankenberge,31004,2020-06-08,0,54
Blankenberge,31004,2020-06-09,0,54
Blankenberge,31004,2020-06-10,0,54
Blankenberge,31004,2020-06-11,0,54
Blankenberge,31004,2020-06-12,0,54
Blankenberge,31004,2020-06-13,0,54
Blankenberge,31004,2020-06-14,0,54
Blankenberge,31004,2020-06-15,0,54
Blankenberge,31004,2020-06-16,0,54
Blankenberge,31004,2020-06-17,0,54
Blankenberge,31004,2020-06-18,0,54
Blankenberge,31004,2020-06-19,0,54
Blankenberge,31004,2020-06-20,0,54
Blankenberge,31004,2020-06-23,1,55
Blankenberge,31004,2020-06-24,0,55
Blankenberge,31004,2020-06-25,0,55
Blankenberge,31004,2020-06-26,1,56
Blankenberge,31004,2020-06-27,0,56
Blankenberge,31004,2020-06-30,0,56
Blankenberge,31004,2020-07-01,0,56
Blankenberge,31004,2020-07-02,0,56
Blankenberge,31004,2020-07-03,0,56
Blankenberge,31004,2020-07-04,0,56
Blankenberge,31004,2020-07-07,0,56
Blankenberge,31004,2020-07-08,0,56
Blankenberge,31004,2020-07-09,0,56
Blankenberge,31004,2020-07-10,0,56
Blankenberge,31004,2020-07-11,0,56
Blankenberge,31004,2020-07-14,1,57
Blankenberge,31004,2020-07-15,0,57
Blankenberge,31004,2020-07-16,0,57
Blankenberge,31004,2020-07-17,0,57
Blankenberge,31004,2020-07-18,0,57
Blankenberge,31004,2020-07-20,0,57
Blankenberge,31004,2020-07-21,0,57
Blankenberge,31004,2020-07-22,0,57
Blankenberge,31004,2020-07-23,1,58
Blankenberge,31004,2020-07-24,1,59
Blankenberge,31004,2020-07-25,0,59
Blankenberge,31004,2020-07-26,1,60
Blankenberge,31004,2020-07-27,0,60
Blankenberge,31004,2020-07-28,0,60
Blankenberge,31004,2020-07-29,0,60
Blankenberge,31004,2020-07-30,1,61
Blankenberge,31004,2020-07-31,0,61
Blankenberge,31004,2020-08-01,0,61
Blankenberge,31004,2020-08-02,1,62
Blankenberge,31004,2020-08-03,0,62
Blankenberge,31004,2020-08-04,0,62
Blankenberge,31004,2020-08-05,0,62
Blankenberge,31004,2020-08-06,0,62
Blankenberge,31004,2020-08-07,0,62
Blankenberge,31004,2020-08-08,0,62
Blankenberge,31004,2020-08-09,1,63
Blankenberge,31004,2020-08-10,1,64
Blankenberge,31004,2020-08-11,0,64
Blankenberge,31004,2020-08-12,0,64
Blankenberge,31004,2020-08-13,0,64
Blankenberge,31004,2020-08-14,2,66
Blankenberge,31004,2020-08-15,0,66
Blankenberge,31004,2020-08-16,1,67
Blankenberge,31004,2020-08-17,0,67
Blankenberge,31004,2020-08-18,0,67
Blankenberge,31004,2020-08-19,1,68
Blankenberge,31004,2020-08-20,0,68
Blankenberge,31004,2020-08-21,0,68
Blankenberge,31004,2020-08-22,1,69
Blankenberge,31004,2020-08-23,0,69
Blankenberge,31004,2020-08-24,0,69
Blankenberge,31004,2020-08-25,1,70
Blankenberge,31004,2020-08-26,0,70
Blankenberge,31004,2020-08-27,1,71
Blankenberge,31004,2020-08-28,0,71
Blankenberge,31004,2020-08-29,0,71
Blankenberge,31004,2020-08-30,0,71
Blankenberge,31004,2020-08-31,0,71
Blankenberge,31004,2020-09-01,0,71
Blankenberge,31004,2020-09-02,0,71
Blankenberge,31004,2020-09-03,0,71
Blankenberge,31004,2020-09-04,1,72
Blankenberge,31004,2020-09-05,0,72
Blankenberge,31004,2020-09-06,0,72
Blankenberge,31004,2020-09-07,0,72
Blankenberge,31004,2020-09-08,0,72
Blankenberge,31004,2020-09-09,1,73
Blankenberge,31004,2020-09-10,0,73
Blankenberge,31004,2020-09-11,3,76
Blankenberge,31004,2020-09-12,1,77
Blankenberge,31004,2020-09-13,1,78
Blankenberge,31004,2020-09-14,0,78
Blankenberge,31004,2020-09-15,0,78
Blankenberge,31004,2020-09-16,0,78
Blankenberge,31004,2020-09-17,0,78
Blankenberge,31004,2020-09-18,1,79
Blankenberge,31004,2020-09-19,1,80
Blankenberge,31004,2020-09-20,0,80
Blankenberge,31004,2020-09-21,0,80
Blankenberge,31004,2020-09-22,0,80
Blankenberge,31004,2020-09-23,1,81
Blankenberge,31004,2020-09-24,4,85
Blankenberge,31004,2020-09-25,6,91
Blankenberge,31004,2020-09-26,3,94
Blankenberge,31004,2020-09-27,3,97
Blankenberge,31004,2020-09-28,1,98
Blankenberge,31004,2020-09-29,1,99
Blankenberge,31004,2020-09-30,1,100
Blankenberge,31004,2020-10-01,1,101
Blankenberge,31004,2020-10-02,0,101
Blankenberge,31004,2020-10-03,2,103
Blankenberge,31004,2020-10-04,3,106
Blankenberge,31004,2020-10-05,0,106
Blankenberge,31004,2020-10-06,2,108
Blankenberge,31004,2020-10-07,0,108
Blankenberge,31004,2020-10-08,2,110
Blankenberge,31004,2020-10-09,1,111
Blankenberge,31004,2020-10-10,2,113
Blankenberge,31004,2020-10-11,3,116
Blankenberge,31004,2020-10-12,4,120
Blankenberge,31004,2020-10-13,1,121
Blankenberge,31004,2020-10-14,3,124
Blankenberge,31004,2020-10-15,1,125
Blankenberge,31004,2020-10-16,4,129
Blankenberge,31004,2020-10-17,3,132
Blankenberge,31004,2020-10-18,12,144
Blankenberge,31004,2020-10-19,6,150
Blankenberge,31004,2020-10-20,5,155
Blankenberge,31004,2020-10-21,8,163
Blankenberge,31004,2020-10-22,9,172
Blankenberge,31004,2020-10-23,16,188
Blankenberge,31004,2020-10-24,27,215
Blankenberge,31004,2020-10-25,31,246
Blankenberge,31004,2020-10-26,14,260
Blankenberge,31004,2020-10-27,18,278
Blankenberge,31004,2020-10-28,16,294
Blankenberge,31004,2020-10-29,27,321
Blankenberge,31004,2020-10-30,36,357
Blankenberge,31004,2020-10-31,15,372
Blankenberge,31004,2020-11-01,33,405
Blankenberge,31004,2020-11-02,12,417
Blankenberge,31004,2020-11-03,3,420
Blankenberge,31004,2020-11-04,14,434
Blankenberge,31004,2020-11-05,13,447
Blankenberge,31004,2020-11-06,7,454
Blankenberge,31004,2020-11-07,13,467
Blankenberge,31004,2020-11-08,6,473
Blankenberge,31004,2020-11-09,5,478
Blankenberge,31004,2020-11-10,3,481
Blankenberge,31004,2020-11-11,3,484
Brugge,31005,2020-04-01,13,119
Brugge,31005,2020-04-02,8,127
Brugge,31005,2020-04-03,11,138
Brugge,31005,2020-04-04,13,151
Brugge,31005,2020-04-05,27,178
Brugge,31005,2020-04-06,10,188
Brugge,31005,2020-04-07,10,198
Brugge,31005,2020-04-08,5,203
Brugge,31005,2020-04-09,11,214
Brugge,31005,2020-04-10,9,223
Brugge,31005,2020-04-11,8,231
Brugge,31005,2020-04-12,22,253
Brugge,31005,2020-04-13,3,256
Brugge,31005,2020-04-14,7,263
Brugge,31005,2020-04-15,75,338
Brugge,31005,2020-04-16,37,375
Brugge,31005,2020-04-17,8,383
Brugge,31005,2020-04-18,6,389
Brugge,31005,2020-04-19,27,416
Brugge,31005,2020-04-20,10,426
Brugge,31005,2020-04-21,7,433
Brugge,31005,2020-04-22,21,454
Brugge,31005,2020-04-23,16,470
Brugge,31005,2020-04-24,18,488
Brugge,31005,2020-04-25,8,496
Brugge,31005,2020-04-26,16,512
Brugge,31005,2020-04-27,0,512
Brugge,31005,2020-04-28,3,515
Brugge,31005,2020-04-29,14,529
Brugge,31005,2020-04-30,5,534
Brugge,31005,2020-05-01,3,537
Brugge,31005,2020-05-02,10,547
Brugge,31005,2020-05-03,5,552
Brugge,31005,2020-05-04,0,552
Brugge,31005,2020-05-05,5,557
Brugge,31005,2020-05-06,2,559
Brugge,31005,2020-05-07,19,578
Brugge,31005,2020-05-08,8,586
Brugge,31005,2020-05-09,46,632
Brugge,31005,2020-05-10,10,642
Brugge,31005,2020-05-11,9,651
Brugge,31005,2020-05-12,0,651
Brugge,31005,2020-05-13,3,654
Brugge,31005,2020-05-14,5,659
Brugge,31005,2020-05-15,6,665
Brugge,31005,2020-05-16,5,670
Brugge,31005,2020-05-17,7,677
Brugge,31005,2020-05-18,1,678
Brugge,31005,2020-05-19,5,683
Brugge,31005,2020-05-20,2,685
Brugge,31005,2020-05-21,1,686
Brugge,31005,2020-05-22,6,692
Brugge,31005,2020-05-23,1,693
Brugge,31005,2020-05-24,9,702
Brugge,31005,2020-05-25,8,710
Brugge,31005,2020-05-26,1,711
Brugge,31005,2020-05-27,3,714
Brugge,31005,2020-05-28,4,718
Brugge,31005,2020-05-29,3,721
Brugge,31005,2020-05-30,1,722
Brugge,31005,2020-05-31,3,725
Brugge,31005,2020-06-01,2,727
Brugge,31005,2020-06-02,1,728
Brugge,31005,2020-06-03,0,728
Brugge,31005,2020-06-04,0,728
Brugge,31005,2020-06-05,2,730
Brugge,31005,2020-06-06,2,732
Brugge,31005,2020-06-07,1,733
Brugge,31005,2020-06-08,3,736
Brugge,31005,2020-06-09,0,736
Brugge,31005,2020-06-10,2,738
Brugge,31005,2020-06-11,1,739
Brugge,31005,2020-06-12,1,740
Brugge,31005,2020-06-13,1,741
Brugge,31005,2020-06-14,1,742
Brugge,31005,2020-06-15,0,742
Brugge,31005,2020-06-16,0,742
Brugge,31005,2020-06-17,0,742
Brugge,31005,2020-06-18,1,743
Brugge,31005,2020-06-19,4,747
Brugge,31005,2020-06-20,3,750
Brugge,31005,2020-06-23,6,756
Brugge,31005,2020-06-24,1,757
Brugge,31005,2020-06-25,0,757
Brugge,31005,2020-06-26,4,761
Brugge,31005,2020-06-27,2,763
Brugge,31005,2020-06-30,4,767
Brugge,31005,2020-07-01,2,769
Brugge,31005,2020-07-02,2,771
Brugge,31005,2020-07-03,0,771
Brugge,31005,2020-07-04,0,771
Brugge,31005,2020-07-07,0,771
Brugge,31005,2020-07-08,0,771
Brugge,31005,2020-07-09,0,771
Brugge,31005,2020-07-10,0,771
Brugge,31005,2020-07-11,0,771
Brugge,31005,2020-07-14,5,776
Brugge,31005,2020-07-15,2,778
Brugge,31005,2020-07-16,0,778
Brugge,31005,2020-07-17,1,779
Brugge,31005,2020-07-18,0,779
Brugge,31005,2020-07-20,1,780
Brugge,31005,2020-07-21,1,781
Brugge,31005,2020-07-22,2,783
Brugge,31005,2020-07-23,0,783
Brugge,31005,2020-07-24,1,784
Brugge,31005,2020-07-25,2,786
Brugge,31005,2020-07-26,4,790
Brugge,31005,2020-07-27,1,791
Brugge,31005,2020-07-28,0,791
Brugge,31005,2020-07-29,2,793
Brugge,31005,2020-07-30,0,793
Brugge,31005,2020-07-31,2,795
Brugge,31005,2020-08-01,1,796
Brugge,31005,2020-08-02,2,798
Brugge,31005,2020-08-03,2,800
Brugge,31005,2020-08-04,4,804
Brugge,31005,2020-08-05,1,805
Brugge,31005,2020-08-06,1,806
Brugge,31005,2020-08-07,3,809
Brugge,31005,2020-08-08,2,811
Brugge,31005,2020-08-09,3,814
Brugge,31005,2020-08-10,1,815
Brugge,31005,2020-08-11,0,815
Brugge,31005,2020-08-12,4,819
Brugge,31005,2020-08-13,7,826
Brugge,31005,2020-08-14,2,828
Brugge,31005,2020-08-15,2,830
Brugge,31005,2020-08-16,2,832
Brugge,31005,2020-08-17,2,834
Brugge,31005,2020-08-18,1,835
Brugge,31005,2020-08-19,1,836
Brugge,31005,2020-08-20,3,839
Brugge,31005,2020-08-21,0,839
Brugge,31005,2020-08-22,1,840
Brugge,31005,2020-08-23,2,842
Brugge,31005,2020-08-24,0,842
Brugge,31005,2020-08-25,1,843
Brugge,31005,2020-08-26,1,844
Brugge,31005,2020-08-27,0,844
Brugge,31005,2020-08-28,1,845
Brugge,31005,2020-08-29,2,847
Brugge,31005,2020-08-30,1,848
Brugge,31005,2020-08-31,1,849
Brugge,31005,2020-09-01,1,850
Brugge,31005,2020-09-02,1,851
Brugge,31005,2020-09-03,2,853
Brugge,31005,2020-09-04,3,856
Brugge,31005,2020-09-05,2,858
Brugge,31005,2020-09-06,0,858
Brugge,31005,2020-09-07,1,859
Brugge,31005,2020-09-08,6,865
Brugge,31005,2020-09-09,3,868
Brugge,31005,2020-09-10,3,871
Brugge,31005,2020-09-11,1,872
Brugge,31005,2020-09-12,3,875
Brugge,31005,2020-09-13,5,880
Brugge,31005,2020-09-14,7,887
Brugge,31005,2020-09-15,3,890
Brugge,31005,2020-09-16,7,897
Brugge,31005,2020-09-17,11,908
Brugge,31005,2020-09-18,10,918
Brugge,31005,2020-09-19,5,923
Brugge,31005,2020-09-20,10,933
Brugge,31005,2020-09-21,21,954
Brugge,31005,2020-09-22,1,955
Brugge,31005,2020-09-23,8,963
Brugge,31005,2020-09-24,5,968
Brugge,31005,2020-09-25,14,982
Brugge,31005,2020-09-26,32,1014
Brugge,31005,2020-09-27,10,1024
Brugge,31005,2020-09-28,7,1031
Brugge,31005,2020-09-29,3,1034
Brugge,31005,2020-09-30,10,1044
Brugge,31005,2020-10-01,10,1054
Brugge,31005,2020-10-02,7,1061
Brugge,31005,2020-10-03,17,1078
Brugge,31005,2020-10-04,16,1094
Brugge,31005,2020-10-05,11,1105
Brugge,31005,2020-10-06,8,1113
Brugge,31005,2020-10-07,5,1118
Brugge,31005,2020-10-08,16,1134
Brugge,31005,2020-10-09,14,1148
Brugge,31005,2020-10-10,24,1172
Brugge,31005,2020-10-11,16,1188
Brugge,31005,2020-10-12,13,1201
Brugge,31005,2020-10-13,6,1207
Brugge,31005,2020-10-14,20,1227
Brugge,31005,2020-10-15,33,1260
Brugge,31005,2020-10-16,28,1288
Brugge,31005,2020-10-17,41,1329
Brugge,31005,2020-10-18,36,1365
Brugge,31005,2020-10-19,27,1392
Brugge,31005,2020-10-20,21,1413
Brugge,31005,2020-10-21,27,1440
Brugge,31005,2020-10-22,73,1513
Brugge,31005,2020-10-23,74,1587
Brugge,31005,2020-10-24,85,1672
Brugge,31005,2020-10-25,101,1773
Brugge,31005,2020-10-26,63,1836
Brugge,31005,2020-10-27,45,1881
Brugge,31005,2020-10-28,47,1928
Brugge,31005,2020-10-29,87,2015
Brugge,31005,2020-10-30,112,2127
Brugge,31005,2020-10-31,59,2186
Brugge,31005,2020-11-01,78,2264
Brugge,31005,2020-11-02,53,2317
Brugge,31005,2020-11-03,23,2340
Brugge,31005,2020-11-04,47,2387
Brugge,31005,2020-11-05,78,2465
Brugge,31005,2020-11-06,45,2510
Brugge,31005,2020-11-07,40,2550
Brugge,31005,2020-11-08,34,2584
Brugge,31005,2020-11-09,17,2601
Brugge,31005,2020-11-10,22,2623
Brugge,31005,2020-11-11,14,2637
Damme,31006,2020-04-01,1,25
Damme,31006,2020-04-02,3,28
Damme,31006,2020-04-03,4,32
Damme,31006,2020-04-04,4,36
Damme,31006,2020-04-05,2,38
Damme,31006,2020-04-06,1,39
Damme,31006,2020-04-07,0,39
Damme,31006,2020-04-08,0,39
Damme,31006,2020-04-09,1,40
Damme,31006,2020-04-10,2,42
Damme,31006,2020-04-11,3,45
Damme,31006,2020-04-12,2,47
Damme,31006,2020-04-13,0,47
Damme,31006,2020-04-14,0,47
Damme,31006,2020-04-15,3,50
Damme,31006,2020-04-16,2,52
Damme,31006,2020-04-17,0,52
Damme,31006,2020-04-18,2,54
Damme,31006,2020-04-19,11,65
Damme,31006,2020-04-20,1,66
Damme,31006,2020-04-21,1,67
Damme,31006,2020-04-22,0,67
Damme,31006,2020-04-23,2,69
Damme,31006,2020-04-24,1,70
Damme,31006,2020-04-25,0,70
Damme,31006,2020-04-26,1,71
Damme,31006,2020-04-27,0,71
Damme,31006,2020-04-28,0,71
Damme,31006,2020-04-29,1,72
Damme,31006,2020-04-30,1,73
Damme,31006,2020-05-01,1,74
Damme,31006,2020-05-02,0,74
Damme,31006,2020-05-03,0,74
Damme,31006,2020-05-04,0,74
Damme,31006,2020-05-05,0,74
Damme,31006,2020-05-06,0,74
Damme,31006,2020-05-07,2,76
Damme,31006,2020-05-08,1,77
Damme,31006,2020-05-09,0,77
Damme,31006,2020-05-10,0,77
Damme,31006,2020-05-11,0,77
Damme,31006,2020-05-12,0,77
Damme,31006,2020-05-13,0,77
Damme,31006,2020-05-14,0,77
Damme,31006,2020-05-15,0,77
Damme,31006,2020-05-16,0,77
Damme,31006,2020-05-17,0,77
Damme,31006,2020-05-18,0,77
Damme,31006,2020-05-19,1,78
Damme,31006,2020-05-20,0,78
Damme,31006,2020-05-21,0,78
Damme,31006,2020-05-22,0,78
Damme,31006,2020-05-23,0,78
Damme,31006,2020-05-24,0,78
Damme,31006,2020-05-25,0,78
Damme,31006,2020-05-26,0,78
Damme,31006,2020-05-27,0,78
Damme,31006,2020-05-28,0,78
Damme,31006,2020-05-29,0,78
Damme,31006,2020-05-30,0,78
Damme,31006,2020-05-31,0,78
Damme,31006,2020-06-01,0,78
Damme,31006,2020-06-02,0,78
Damme,31006,2020-06-03,0,78
Damme,31006,2020-06-04,0,78
Damme,31006,2020-06-05,0,78
Damme,31006,2020-06-06,1,79
Damme,31006,2020-06-07,0,79
Damme,31006,2020-06-08,0,79
Damme,31006,2020-06-09,0,79
Damme,31006,2020-06-10,0,79
Damme,31006,2020-06-11,0,79
Damme,31006,2020-06-12,0,79
Damme,31006,2020-06-13,0,79
Damme,31006,2020-06-14,0,79
Damme,31006,2020-06-15,0,79
Damme,31006,2020-06-16,0,79
Damme,31006,2020-06-17,0,79
Damme,31006,2020-06-18,0,79
Damme,31006,2020-06-19,0,79
Damme,31006,2020-06-20,0,79
Damme,31006,2020-06-23,1,80
Damme,31006,2020-06-24,0,80
Damme,31006,2020-06-25,0,80
Damme,31006,2020-06-26,1,81
Damme,31006,2020-06-27,0,81
Damme,31006,2020-06-30,0,81
Damme,31006,2020-07-01,0,81
Damme,31006,2020-07-02,0,81
Damme,31006,2020-07-03,0,81
Damme,31006,2020-07-04,0,81
Damme,31006,2020-07-07,1,82
Damme,31006,2020-07-08,0,82
Damme,31006,2020-07-09,0,82
Damme,31006,2020-07-10,0,82
Damme,31006,2020-07-11,0,82
Damme,31006,2020-07-14,1,83
Damme,31006,2020-07-15,0,83
Damme,31006,2020-07-16,0,83
Damme,31006,2020-07-17,0,83
Damme,31006,2020-07-18,0,83
Damme,31006,2020-07-20,0,83
Damme,31006,2020-07-21,0,83
Damme,31006,2020-07-22,0,83
Damme,31006,2020-07-23,0,83
Damme,31006,2020-07-24,0,83
Damme,31006,2020-07-25,0,83
Damme,31006,2020-07-26,0,83
Damme,31006,2020-07-27,0,83
Damme,31006,2020-07-28,0,83
Damme,31006,2020-07-29,0,83
Damme,31006,2020-07-30,1,84
Damme,31006,2020-07-31,0,84
Damme,31006,2020-08-01,0,84
Damme,31006,2020-08-02,1,85
Damme,31006,2020-08-03,1,86
Damme,31006,2020-08-04,0,86
Damme,31006,2020-08-05,0,86
Damme,31006,2020-08-06,0,86
Damme,31006,2020-08-07,0,86
Damme,31006,2020-08-08,1,87
Damme,31006,2020-08-09,0,87
Damme,31006,2020-08-10,0,87
Damme,31006,2020-08-11,0,87
Damme,31006,2020-08-12,0,87
Damme,31006,2020-08-13,0,87
Damme,31006,2020-08-14,0,87
Damme,31006,2020-08-15,1,88
Damme,31006,2020-08-16,0,88
Damme,31006,2020-08-17,0,88
Damme,31006,2020-08-18,0,88
Damme,31006,2020-08-19,0,88
Damme,31006,2020-08-20,0,88
Damme,31006,2020-08-21,0,88
Damme,31006,2020-08-22,0,88
Damme,31006,2020-08-23,0,88
Damme,31006,2020-08-24,0,88
Damme,31006,2020-08-25,0,88
Damme,31006,2020-08-26,0,88
Damme,31006,2020-08-27,0,88
Damme,31006,2020-08-28,1,89
Damme,31006,2020-08-29,0,89
Damme,31006,2020-08-30,0,89
Damme,31006,2020-08-31,0,89
Damme,31006,2020-09-01,0,89
Damme,31006,2020-09-02,0,89
Damme,31006,2020-09-03,0,89
Damme,31006,2020-09-04,0,89
Damme,31006,2020-09-05,0,89
Damme,31006,2020-09-06,0,89
Damme,31006,2020-09-07,0,89
Damme,31006,2020-09-08,0,89
Damme,31006,2020-09-09,0,89
Damme,31006,2020-09-10,0,89
Damme,31006,2020-09-11,0,89
Damme,31006,2020-09-12,0,89
Damme,31006,2020-09-13,0,89
Damme,31006,2020-09-14,0,89
Damme,31006,2020-09-15,0,89
Damme,31006,2020-09-16,0,89
Damme,31006,2020-09-17,0,89
Damme,31006,2020-09-18,0,89
Damme,31006,2020-09-19,0,89
Damme,31006,2020-09-20,1,90
Damme,31006,2020-09-21,0,90
Damme,31006,2020-09-22,0,90
Damme,31006,2020-09-23,0,90
Damme,31006,2020-09-24,0,90
Damme,31006,2020-09-25,0,90
Damme,31006,2020-09-26,0,90
Damme,31006,2020-09-27,0,90
Damme,31006,2020-09-28,1,91
Damme,31006,2020-09-29,0,91
Damme,31006,2020-09-30,0,91
Damme,31006,2020-10-01,2,93
Damme,31006,2020-10-02,0,93
Damme,31006,2020-10-03,2,95
Damme,31006,2020-10-04,1,96
Damme,31006,2020-10-05,2,98
Damme,31006,2020-10-06,0,98
Damme,31006,2020-10-07,0,98
Damme,31006,2020-10-08,2,100
Damme,31006,2020-10-09,1,101
Damme,31006,2020-10-10,2,103
Damme,31006,2020-10-11,1,104
Damme,31006,2020-10-12,1,105
Damme,31006,2020-10-13,0,105
Damme,31006,2020-10-14,1,106
Damme,31006,2020-10-15,1,107
Damme,31006,2020-10-16,2,109
Damme,31006,2020-10-17,0,109
Damme,31006,2020-10-18,5,114
Damme,31006,2020-10-19,4,118
Damme,31006,2020-10-20,2,120
Damme,31006,2020-10-21,3,123
Damme,31006,2020-10-22,6,129
Damme,31006,2020-10-23,0,129
Damme,31006,2020-10-24,3,132
Damme,31006,2020-10-25,10,142
Damme,31006,2020-10-26,5,147
Damme,31006,2020-10-27,7,154
Damme,31006,2020-10-28,4,158
Damme,31006,2020-10-29,2,160
Damme,31006,2020-10-30,9,169
Damme,31006,2020-10-31,5,174
Damme,31006,2020-11-01,5,179
Damme,31006,2020-11-02,5,184
Damme,31006,2020-11-03,2,186
Damme,31006,2020-11-04,7,193
Damme,31006,2020-11-05,2,195
Damme,31006,2020-11-06,4,199
Damme,31006,2020-11-07,6,205
Damme,31006,2020-11-08,4,209
Damme,31006,2020-11-09,5,214
Damme,31006,2020-11-10,2,216
Damme,31006,2020-11-11,1,217
Jabbeke,31012,2020-04-01,0,15
Jabbeke,31012,2020-04-02,1,16
Jabbeke,31012,2020-04-03,0,16
Jabbeke,31012,2020-04-04,1,17
Jabbeke,31012,2020-04-05,1,18
Jabbeke,31012,2020-04-06,0,18
Jabbeke,31012,2020-04-07,3,21
Jabbeke,31012,2020-04-08,1,22
Jabbeke,31012,2020-04-09,0,22
Jabbeke,31012,2020-04-10,1,23
Jabbeke,31012,2020-04-11,0,23
Jabbeke,31012,2020-04-12,2,25
Jabbeke,31012,2020-04-13,1,26
Jabbeke,31012,2020-04-14,0,26
Jabbeke,31012,2020-04-15,2,28
Jabbeke,31012,2020-04-16,2,30
Jabbeke,31012,2020-04-17,0,30
Jabbeke,31012,2020-04-18,0,30
Jabbeke,31012,2020-04-19,0,30
Jabbeke,31012,2020-04-20,1,31
Jabbeke,31012,2020-04-21,0,31
Jabbeke,31012,2020-04-22,1,32
Jabbeke,31012,2020-04-23,0,32
Jabbeke,31012,2020-04-24,0,32
Jabbeke,31012,2020-04-25,0,32
Jabbeke,31012,2020-04-26,0,32
Jabbeke,31012,2020-04-27,0,32
Jabbeke,31012,2020-04-28,1,33
Jabbeke,31012,2020-04-29,1,34
Jabbeke,31012,2020-04-30,1,35
Jabbeke,31012,2020-05-01,0,35
Jabbeke,31012,2020-05-02,3,38
Jabbeke,31012,2020-05-03,0,38
Jabbeke,31012,2020-05-04,0,38
Jabbeke,31012,2020-05-05,0,38
Jabbeke,31012,2020-05-06,1,39
Jabbeke,31012,2020-05-07,0,39
Jabbeke,31012,2020-05-08,0,39
Jabbeke,31012,2020-05-09,3,42
Jabbeke,31012,2020-05-10,1,43
Jabbeke,31012,2020-05-11,0,43
Jabbeke,31012,2020-05-12,0,43
Jabbeke,31012,2020-05-13,0,43
Jabbeke,31012,2020-05-14,1,44
Jabbeke,31012,2020-05-15,0,44
Jabbeke,31012,2020-05-16,1,45
Jabbeke,31012,2020-05-17,0,45
Jabbeke,31012,2020-05-18,1,46
Jabbeke,31012,2020-05-19,1,47
Jabbeke,31012,2020-05-20,0,47
Jabbeke,31012,2020-05-21,0,47
Jabbeke,31012,2020-05-22,0,47
Jabbeke,31012,2020-05-23,0,47
Jabbeke,31012,2020-05-24,0,47
Jabbeke,31012,2020-05-25,1,48
Jabbeke,31012,2020-05-26,0,48
Jabbeke,31012,2020-05-27,0,48
Jabbeke,31012,2020-05-28,1,49
Jabbeke,31012,2020-05-29,0,49
Jabbeke,31012,2020-05-30,0,49
Jabbeke,31012,2020-05-31,1,50
Jabbeke,31012,2020-06-01,0,50
Jabbeke,31012,2020-06-02,0,50
Jabbeke,31012,2020-06-03,0,50
Jabbeke,31012,2020-06-04,0,50
Jabbeke,31012,2020-06-05,0,50
Jabbeke,31012,2020-06-06,0,50
Jabbeke,31012,2020-06-07,0,50
Jabbeke,31012,2020-06-08,0,50
Jabbeke,31012,2020-06-09,0,50
Jabbeke,31012,2020-06-10,0,50
Jabbeke,31012,2020-06-11,1,51
Jabbeke,31012,2020-06-12,0,51
Jabbeke,31012,2020-06-13,0,51
Jabbeke,31012,2020-06-14,0,51
Jabbeke,31012,2020-06-15,0,51
Jabbeke,31012,2020-06-16,0,51
Jabbeke,31012,2020-06-17,0,51
Jabbeke,31012,2020-06-18,0,51
Jabbeke,31012,2020-06-19,0,51
Jabbeke,31012,2020-06-20,1,52
Jabbeke,31012,2020-06-23,0,52
Jabbeke,31012,2020-06-24,1,53
Jabbeke,31012,2020-06-25,0,53
Jabbeke,31012,2020-06-26,0,53
Jabbeke,31012,2020-06-27,0,53
Jabbeke,31012,2020-06-30,0,53
Jabbeke,31012,2020-07-01,0,53
Jabbeke,31012,2020-07-02,0,53
Jabbeke,31012,2020-07-03,0,53
Jabbeke,31012,2020-07-04,0,53
Jabbeke,31012,2020-07-07,0,53
Jabbeke,31012,2020-07-08,0,53
Jabbeke,31012,2020-07-09,1,54
Jabbeke,31012,2020-07-10,0,54
Jabbeke,31012,2020-07-11,0,54
Jabbeke,31012,2020-07-14,0,54
Jabbeke,31012,2020-07-15,0,54
Jabbeke,31012,2020-07-16,0,54
Jabbeke,31012,2020-07-17,0,54
Jabbeke,31012,2020-07-18,0,54
Jabbeke,31012,2020-07-20,0,54
Jabbeke,31012,2020-07-21,0,54
Jabbeke,31012,2020-07-22,0,54
Jabbeke,31012,2020-07-23,0,54
Jabbeke,31012,2020-07-24,0,54
Jabbeke,31012,2020-07-25,0,54
Jabbeke,31012,2020-07-26,1,55
Jabbeke,31012,2020-07-27,0,55
Jabbeke,31012,2020-07-28,0,55
Jabbeke,31012,2020-07-29,0,55
Jabbeke,31012,2020-07-30,2,57
Jabbeke,31012,2020-07-31,1,58
Jabbeke,31012,2020-08-01,0,58
Jabbeke,31012,2020-08-02,0,58
Jabbeke,31012,2020-08-03,2,60
Jabbeke,31012,2020-08-04,0,60
Jabbeke,31012,2020-08-05,1,61
Jabbeke,31012,2020-08-06,0,61
Jabbeke,31012,2020-08-07,3,64
Jabbeke,31012,2020-08-08,1,65
Jabbeke,31012,2020-08-09,1,66
Jabbeke,31012,2020-08-10,0,66
Jabbeke,31012,2020-08-11,0,66
Jabbeke,31012,2020-08-12,1,67
Jabbeke,31012,2020-08-13,1,68
Jabbeke,31012,2020-08-14,1,69
Jabbeke,31012,2020-08-15,0,69
Jabbeke,31012,2020-08-16,0,69
Jabbeke,31012,2020-08-17,0,69
Jabbeke,31012,2020-08-18,0,69
Jabbeke,31012,2020-08-19,1,70
Jabbeke,31012,2020-08-20,0,70
Jabbeke,31012,2020-08-21,0,70
Jabbeke,31012,2020-08-22,0,70
Jabbeke,31012,2020-08-23,0,70
Jabbeke,31012,2020-08-24,0,70
Jabbeke,31012,2020-08-25,0,70
Jabbeke,31012,2020-08-26,0,70
Jabbeke,31012,2020-08-27,0,70
Jabbeke,31012,2020-08-28,0,70
Jabbeke,31012,2020-08-29,2,72
Jabbeke,31012,2020-08-30,0,72
Jabbeke,31012,2020-08-31,0,72
Jabbeke,31012,2020-09-01,0,72
Jabbeke,31012,2020-09-02,0,72
Jabbeke,31012,2020-09-03,2,74
Jabbeke,31012,2020-09-04,0,74
Jabbeke,31012,2020-09-05,1,75
Jabbeke,31012,2020-09-06,0,75
Jabbeke,31012,2020-09-07,3,78
Jabbeke,31012,2020-09-08,0,78
Jabbeke,31012,2020-09-09,0,78
Jabbeke,31012,2020-09-10,0,78
Jabbeke,31012,2020-09-11,0,78
Jabbeke,31012,2020-09-12,0,78
Jabbeke,31012,2020-09-13,0,78
Jabbeke,31012,2020-09-14,1,79
Jabbeke,31012,2020-09-15,2,81
Jabbeke,31012,2020-09-16,0,81
Jabbeke,31012,2020-09-17,2,83
Jabbeke,31012,2020-09-18,0,83
Jabbeke,31012,2020-09-19,0,83
Jabbeke,31012,2020-09-20,0,83
Jabbeke,31012,2020-09-21,2,85
Jabbeke,31012,2020-09-22,1,86
Jabbeke,31012,2020-09-23,0,86
Jabbeke,31012,2020-09-24,1,87
Jabbeke,31012,2020-09-25,0,87
Jabbeke,31012,2020-09-26,0,87
Jabbeke,31012,2020-09-27,0,87
Jabbeke,31012,2020-09-28,1,88
Jabbeke,31012,2020-09-29,1,89
Jabbeke,31012,2020-09-30,0,89
Jabbeke,31012,2020-10-01,1,90
Jabbeke,31012,2020-10-02,2,92
Jabbeke,31012,2020-10-03,1,93
Jabbeke,31012,2020-10-04,6,99
Jabbeke,31012,2020-10-05,5,104
Jabbeke,31012,2020-10-06,0,104
Jabbeke,31012,2020-10-07,1,105
Jabbeke,31012,2020-10-08,5,110
Jabbeke,31012,2020-10-09,0,110
Jabbeke,31012,2020-10-10,2,112
Jabbeke,31012,2020-10-11,7,119
Jabbeke,31012,2020-10-12,7,126
Jabbeke,31012,2020-10-13,3,129
Jabbeke,31012,2020-10-14,1,130
Jabbeke,31012,2020-10-15,3,133
Jabbeke,31012,2020-10-16,7,140
Jabbeke,31012,2020-10-17,1,141
Jabbeke,31012,2020-10-18,6,147
Jabbeke,31012,2020-10-19,4,151
Jabbeke,31012,2020-10-20,2,153
Jabbeke,31012,2020-10-21,7,160
Jabbeke,31012,2020-10-22,2,162
Jabbeke,31012,2020-10-23,10,172
Jabbeke,31012,2020-10-24,14,186
Jabbeke,31012,2020-10-25,24,210
Jabbeke,31012,2020-10-26,25,235
Jabbeke,31012,2020-10-27,8,243
Jabbeke,31012,2020-10-28,16,259
Jabbeke,31012,2020-10-29,16,275
Jabbeke,31012,2020-10-30,20,295
Jabbeke,31012,2020-10-31,18,313
Jabbeke,31012,2020-11-01,12,325
Jabbeke,31012,2020-11-02,8,333
Jabbeke,31012,2020-11-03,4,337
Jabbeke,31012,2020-11-04,8,345
Jabbeke,31012,2020-11-05,9,354
Jabbeke,31012,2020-11-06,10,364
Jabbeke,31012,2020-11-07,7,371
Jabbeke,31012,2020-11-08,3,374
Jabbeke,31012,2020-11-09,4,378
Jabbeke,31012,2020-11-10,1,379
Jabbeke,31012,2020-11-11,4,383
Oostkamp,31022,2020-04-01,2,21
Oostkamp,31022,2020-04-02,3,24
Oostkamp,31022,2020-04-03,5,29
Oostkamp,31022,2020-04-04,3,32
Oostkamp,31022,2020-04-05,11,43
Oostkamp,31022,2020-04-06,2,45
Oostkamp,31022,2020-04-07,6,51
Oostkamp,31022,2020-04-08,0,51
Oostkamp,31022,2020-04-09,3,54
Oostkamp,31022,2020-04-10,1,55
Oostkamp,31022,2020-04-11,1,56
Oostkamp,31022,2020-04-12,13,69
Oostkamp,31022,2020-04-13,1,70
Oostkamp,31022,2020-04-14,0,70
Oostkamp,31022,2020-04-15,4,74
Oostkamp,31022,2020-04-16,36,110
Oostkamp,31022,2020-04-17,4,114
Oostkamp,31022,2020-04-18,1,115
Oostkamp,31022,2020-04-19,3,118
Oostkamp,31022,2020-04-20,2,120
Oostkamp,31022,2020-04-21,0,120
Oostkamp,31022,2020-04-22,3,123
Oostkamp,31022,2020-04-23,1,124
Oostkamp,31022,2020-04-24,1,125
Oostkamp,31022,2020-04-25,1,126
Oostkamp,31022,2020-04-26,2,128
Oostkamp,31022,2020-04-27,0,128
Oostkamp,31022,2020-04-28,1,129
Oostkamp,31022,2020-04-29,2,131
Oostkamp,31022,2020-04-30,0,131
Oostkamp,31022,2020-05-01,0,131
Oostkamp,31022,2020-05-02,6,137
Oostkamp,31022,2020-05-03,0,137
Oostkamp,31022,2020-05-04,0,137
Oostkamp,31022,2020-05-05,0,137
Oostkamp,31022,2020-05-06,0,137
Oostkamp,31022,2020-05-07,0,137
Oostkamp,31022,2020-05-08,5,142
Oostkamp,31022,2020-05-09,5,147
Oostkamp,31022,2020-05-10,2,149
Oostkamp,31022,2020-05-11,2,151
Oostkamp,31022,2020-05-12,5,156
Oostkamp,31022,2020-05-13,0,156
Oostkamp,31022,2020-05-14,1,157
Oostkamp,31022,2020-05-15,1,158
Oostkamp,31022,2020-05-16,0,158
Oostkamp,31022,2020-05-17,0,158
Oostkamp,31022,2020-05-18,0,158
Oostkamp,31022,2020-05-19,0,158
Oostkamp,31022,2020-05-20,0,158
Oostkamp,31022,2020-05-21,0,158
Oostkamp,31022,2020-05-22,0,158
Oostkamp,31022,2020-05-23,0,158
Oostkamp,31022,2020-05-24,5,163
Oostkamp,31022,2020-05-25,0,163
Oostkamp,31022,2020-05-26,1,164
Oostkamp,31022,2020-05-27,1,165
Oostkamp,31022,2020-05-28,0,165
Oostkamp,31022,2020-05-29,1,166
Oostkamp,31022,2020-05-30,1,167
Oostkamp,31022,2020-05-31,1,168
Oostkamp,31022,2020-06-01,0,168
Oostkamp,31022,2020-06-02,0,168
Oostkamp,31022,2020-06-03,0,168
Oostkamp,31022,2020-06-04,0,168
Oostkamp,31022,2020-06-05,0,168
Oostkamp,31022,2020-06-06,0,168
Oostkamp,31022,2020-06-07,0,168
Oostkamp,31022,2020-06-08,0,168
Oostkamp,31022,2020-06-09,0,168
Oostkamp,31022,2020-06-10,1,169
Oostkamp,31022,2020-06-11,2,171
Oostkamp,31022,2020-06-12,1,172
Oostkamp,31022,2020-06-13,0,172
Oostkamp,31022,2020-06-14,0,172
Oostkamp,31022,2020-06-15,0,172
Oostkamp,31022,2020-06-16,0,172
Oostkamp,31022,2020-06-17,0,172
Oostkamp,31022,2020-06-18,0,172
Oostkamp,31022,2020-06-19,0,172
Oostkamp,31022,2020-06-20,0,172
Oostkamp,31022,2020-06-23,0,172
Oostkamp,31022,2020-06-24,0,172
Oostkamp,31022,2020-06-25,0,172
Oostkamp,31022,2020-06-26,0,172
Oostkamp,31022,2020-06-27,0,172
Oostkamp,31022,2020-06-30,0,172
Oostkamp,31022,2020-07-01,0,172
Oostkamp,31022,2020-07-02,0,172
Oostkamp,31022,2020-07-03,0,172
Oostkamp,31022,2020-07-04,1,173
Oostkamp,31022,2020-07-07,0,173
Oostkamp,31022,2020-07-08,0,173
Oostkamp,31022,2020-07-09,0,173
Oostkamp,31022,2020-07-10,0,173
Oostkamp,31022,2020-07-11,0,173
Oostkamp,31022,2020-07-14,1,174
Oostkamp,31022,2020-07-15,0,174
Oostkamp,31022,2020-07-16,3,177
Oostkamp,31022,2020-07-17,1,178
Oostkamp,31022,2020-07-18,2,180
Oostkamp,31022,2020-07-20,0,180
Oostkamp,31022,2020-07-21,1,181
Oostkamp,31022,2020-07-22,0,181
Oostkamp,31022,2020-07-23,0,181
Oostkamp,31022,2020-07-24,0,181
Oostkamp,31022,2020-07-25,0,181
Oostkamp,31022,2020-07-26,0,181
Oostkamp,31022,2020-07-27,0,181
Oostkamp,31022,2020-07-28,0,181
Oostkamp,31022,2020-07-29,0,181
Oostkamp,31022,2020-07-30,0,181
Oostkamp,31022,2020-07-31,0,181
Oostkamp,31022,2020-08-01,0,181
Oostkamp,31022,2020-08-02,0,181
Oostkamp,31022,2020-08-03,0,181
Oostkamp,31022,2020-08-04,0,181
Oostkamp,31022,2020-08-05,1,182
Oostkamp,31022,2020-08-06,0,182
Oostkamp,31022,2020-08-07,1,183
Oostkamp,31022,2020-08-08,0,183
Oostkamp,31022,2020-08-09,0,183
Oostkamp,31022,2020-08-10,1,184
Oostkamp,31022,2020-08-11,0,184
Oostkamp,31022,2020-08-12,1,185
Oostkamp,31022,2020-08-13,0,185
Oostkamp,31022,2020-08-14,1,186
Oostkamp,31022,2020-08-15,0,186
Oostkamp,31022,2020-08-16,0,186
Oostkamp,31022,2020-08-17,0,186
Oostkamp,31022,2020-08-18,0,186
Oostkamp,31022,2020-08-19,0,186
Oostkamp,31022,2020-08-20,0,186
Oostkamp,31022,2020-08-21,0,186
Oostkamp,31022,2020-08-22,0,186
Oostkamp,31022,2020-08-23,1,187
Oostkamp,31022,2020-08-24,0,187
Oostkamp,31022,2020-08-25,0,187
Oostkamp,31022,2020-08-26,0,187
Oostkamp,31022,2020-08-27,1,188
Oostkamp,31022,2020-08-28,0,188
Oostkamp,31022,2020-08-29,0,188
Oostkamp,31022,2020-08-30,0,188
Oostkamp,31022,2020-08-31,0,188
Oostkamp,31022,2020-09-01,0,188
Oostkamp,31022,2020-09-02,0,188
Oostkamp,31022,2020-09-03,2,190
Oostkamp,31022,2020-09-04,0,190
Oostkamp,31022,2020-09-05,0,190
Oostkamp,31022,2020-09-06,1,191
Oostkamp,31022,2020-09-07,0,191
Oostkamp,31022,2020-09-08,0,191
Oostkamp,31022,2020-09-09,1,192
Oostkamp,31022,2020-09-10,1,193
Oostkamp,31022,2020-09-11,0,193
Oostkamp,31022,2020-09-12,0,193
Oostkamp,31022,2020-09-13,0,193
Oostkamp,31022,2020-09-14,0,193
Oostkamp,31022,2020-09-15,1,194
Oostkamp,31022,2020-09-16,1,195
Oostkamp,31022,2020-09-17,3,198
Oostkamp,31022,2020-09-18,1,199
Oostkamp,31022,2020-09-19,0,199
Oostkamp,31022,2020-09-20,1,200
Oostkamp,31022,2020-09-21,1,201
Oostkamp,31022,2020-09-22,0,201
Oostkamp,31022,2020-09-23,0,201
Oostkamp,31022,2020-09-24,0,201
Oostkamp,31022,2020-09-25,1,202
Oostkamp,31022,2020-09-26,2,204
Oostkamp,31022,2020-09-27,1,205
Oostkamp,31022,2020-09-28,2,207
Oostkamp,31022,2020-09-29,0,207
Oostkamp,31022,2020-09-30,2,209
Oostkamp,31022,2020-10-01,1,210
Oostkamp,31022,2020-10-02,1,211
Oostkamp,31022,2020-10-03,2,213
Oostkamp,31022,2020-10-04,1,214
Oostkamp,31022,2020-10-05,0,214
Oostkamp,31022,2020-10-06,1,215
Oostkamp,31022,2020-10-07,2,217
Oostkamp,31022,2020-10-08,2,219
Oostkamp,31022,2020-10-09,5,224
Oostkamp,31022,2020-10-10,6,230
Oostkamp,31022,2020-10-11,1,231
Oostkamp,31022,2020-10-12,4,235
Oostkamp,31022,2020-10-13,5,240
Oostkamp,31022,2020-10-14,2,242
Oostkamp,31022,2020-10-15,6,248
Oostkamp,31022,2020-10-16,14,262
Oostkamp,31022,2020-10-17,8,270
Oostkamp,31022,2020-10-18,10,280
Oostkamp,31022,2020-10-19,7,287
Oostkamp,31022,2020-10-20,7,294
Oostkamp,31022,2020-10-21,10,304
Oostkamp,31022,2020-10-22,7,311
Oostkamp,31022,2020-10-23,19,330
Oostkamp,31022,2020-10-24,23,353
Oostkamp,31022,2020-10-25,20,373
Oostkamp,31022,2020-10-26,15,388
Oostkamp,31022,2020-10-27,9,397
Oostkamp,31022,2020-10-28,14,411
Oostkamp,31022,2020-10-29,32,443
Oostkamp,31022,2020-10-30,13,456
Oostkamp,31022,2020-10-31,16,472
Oostkamp,31022,2020-11-01,14,486
Oostkamp,31022,2020-11-02,9,495
Oostkamp,31022,2020-11-03,11,506
Oostkamp,31022,2020-11-04,4,510
Oostkamp,31022,2020-11-05,16,526
Oostkamp,31022,2020-11-06,9,535
Oostkamp,31022,2020-11-07,11,546
Oostkamp,31022,2020-11-08,11,557
Oostkamp,31022,2020-11-09,0,557
Oostkamp,31022,2020-11-10,5,562
Oostkamp,31022,2020-11-11,3,565
Torhout,31033,2020-04-01,2,32
Torhout,31033,2020-04-02,2,34
Torhout,31033,2020-04-03,1,35
Torhout,31033,2020-04-04,4,39
Torhout,31033,2020-04-05,0,39
Torhout,31033,2020-04-06,0,39
Torhout,31033,2020-04-07,1,40
Torhout,31033,2020-04-08,0,40
Torhout,31033,2020-04-09,4,44
Torhout,31033,2020-04-10,1,45
Torhout,31033,2020-04-11,8,53
Torhout,31033,2020-04-12,3,56
Torhout,31033,2020-04-13,1,57
Torhout,31033,2020-04-14,1,58
Torhout,31033,2020-04-15,1,59
Torhout,31033,2020-04-16,2,61
Torhout,31033,2020-04-17,1,62
Torhout,31033,2020-04-18,0,62
Torhout,31033,2020-04-19,1,63
Torhout,31033,2020-04-20,1,64
Torhout,31033,2020-04-21,2,66
Torhout,31033,2020-04-22,5,71
Torhout,31033,2020-04-23,0,71
Torhout,31033,2020-04-24,3,74
Torhout,31033,2020-04-25,1,75
Torhout,31033,2020-04-26,0,75
Torhout,31033,2020-04-27,0,75
Torhout,31033,2020-04-28,0,75
Torhout,31033,2020-04-29,0,75
Torhout,31033,2020-04-30,1,76
Torhout,31033,2020-05-01,0,76
Torhout,31033,2020-05-02,1,77
Torhout,31033,2020-05-03,1,78
Torhout,31033,2020-05-04,0,78
Torhout,31033,2020-05-05,0,78
Torhout,31033,2020-05-06,1,79
Torhout,31033,2020-05-07,0,79
Torhout,31033,2020-05-08,0,79
Torhout,31033,2020-05-09,1,80
Torhout,31033,2020-05-10,1,81
Torhout,31033,2020-05-11,1,82
Torhout,31033,2020-05-12,1,83
Torhout,31033,2020-05-13,2,85
Torhout,31033,2020-05-14,3,88
Torhout,31033,2020-05-15,0,88
Torhout,31033,2020-05-16,11,99
Torhout,31033,2020-05-17,2,101
Torhout,31033,2020-05-18,1,102
Torhout,31033,2020-05-19,3,105
Torhout,31033,2020-05-20,0,105
Torhout,31033,2020-05-21,1,106
Torhout,31033,2020-05-22,3,109
Torhout,31033,2020-05-23,1,110
Torhout,31033,2020-05-24,0,110
Torhout,31033,2020-05-25,2,112
Torhout,31033,2020-05-26,0,112
Torhout,31033,2020-05-27,2,114
Torhout,31033,2020-05-28,2,116
Torhout,31033,2020-05-29,0,116
Torhout,31033,2020-05-30,3,119
Torhout,31033,2020-05-31,0,119
Torhout,31033,2020-06-01,0,119
Torhout,31033,2020-06-02,1,120
Torhout,31033,2020-06-03,0,120
Torhout,31033,2020-06-04,1,121
Torhout,31033,2020-06-05,0,121
Torhout,31033,2020-06-06,1,122
Torhout,31033,2020-06-07,0,122
Torhout,31033,2020-06-08,0,122
Torhout,31033,2020-06-09,0,122
Torhout,31033,2020-06-10,0,122
Torhout,31033,2020-06-11,1,123
Torhout,31033,2020-06-12,0,123
Torhout,31033,2020-06-13,0,123
Torhout,31033,2020-06-14,0,123
Torhout,31033,2020-06-15,0,123
Torhout,31033,2020-06-16,0,123
Torhout,31033,2020-06-17,1,124
Torhout,31033,2020-06-18,0,124
Torhout,31033,2020-06-19,0,124
Torhout,31033,2020-06-20,0,124
Torhout,31033,2020-06-23,0,124
Torhout,31033,2020-06-24,1,125
Torhout,31033,2020-06-25,0,125
Torhout,31033,2020-06-26,0,125
Torhout,31033,2020-06-27,0,125
Torhout,31033,2020-06-30,3,128
Torhout,31033,2020-07-01,0,128
Torhout,31033,2020-07-02,0,128
Torhout,31033,2020-07-03,0,128
Torhout,31033,2020-07-04,1,129
Torhout,31033,2020-07-07,0,129
Torhout,31033,2020-07-08,0,129
Torhout,31033,2020-07-09,0,129
Torhout,31033,2020-07-10,1,130
Torhout,31033,2020-07-11,0,130
Torhout,31033,2020-07-14,1,131
Torhout,31033,2020-07-15,1,132
Torhout,31033,2020-07-16,1,133
Torhout,31033,2020-07-17,4,137
Torhout,31033,2020-07-18,4,141
Torhout,31033,2020-07-20,0,141
Torhout,31033,2020-07-21,7,148
Torhout,31033,2020-07-22,0,148
Torhout,31033,2020-07-23,0,148
Torhout,31033,2020-07-24,4,152
Torhout,31033,2020-07-25,1,153
Torhout,31033,2020-07-26,0,153
Torhout,31033,2020-07-27,0,153
Torhout,31033,2020-07-28,3,156
Torhout,31033,2020-07-29,0,156
Torhout,31033,2020-07-30,1,157
Torhout,31033,2020-07-31,1,158
Torhout,31033,2020-08-01,0,158
Torhout,31033,2020-08-02,0,158
Torhout,31033,2020-08-03,0,158
Torhout,31033,2020-08-04,0,158
Torhout,31033,2020-08-05,0,158
Torhout,31033,2020-08-06,1,159
Torhout,31033,2020-08-07,0,159
Torhout,31033,2020-08-08,0,159
Torhout,31033,2020-08-09,1,160
Torhout,31033,2020-08-10,4,164
Torhout,31033,2020-08-11,0,164
Torhout,31033,2020-08-12,0,164
Torhout,31033,2020-08-13,0,164
Torhout,31033,2020-08-14,0,164
Torhout,31033,2020-08-15,3,167
Torhout,31033,2020-08-16,0,167
Torhout,31033,2020-08-17,0,167
Torhout,31033,2020-08-18,0,167
Torhout,31033,2020-08-19,0,167
Torhout,31033,2020-08-20,2,169
Torhout,31033,2020-08-21,0,169
Torhout,31033,2020-08-22,0,169
Torhout,31033,2020-08-23,0,169
Torhout,31033,2020-08-24,0,169
Torhout,31033,2020-08-25,0,169
Torhout,31033,2020-08-26,1,170
Torhout,31033,2020-08-27,0,170
Torhout,31033,2020-08-28,0,170
Torhout,31033,2020-08-29,1,171
Torhout,31033,2020-08-30,2,173
Torhout,31033,2020-08-31,0,173
Torhout,31033,2020-09-01,0,173
Torhout,31033,2020-09-02,1,174
Torhout,31033,2020-09-03,0,174
Torhout,31033,2020-09-04,1,175
Torhout,31033,2020-09-05,0,175
Torhout,31033,2020-09-06,0,175
Torhout,31033,2020-09-07,0,175
Torhout,31033,2020-09-08,0,175
Torhout,31033,2020-09-09,0,175
Torhout,31033,2020-09-10,1,176
Torhout,31033,2020-09-11,0,176
Torhout,31033,2020-09-12,0,176
Torhout,31033,2020-09-13,0,176
Torhout,31033,2020-09-14,0,176
Torhout,31033,2020-09-15,0,176
Torhout,31033,2020-09-16,0,176
Torhout,31033,2020-09-17,1,177
Torhout,31033,2020-09-18,0,177
Torhout,31033,2020-09-19,1,178
Torhout,31033,2020-09-20,0,178
Torhout,31033,2020-09-21,2,180
Torhout,31033,2020-09-22,0,180
Torhout,31033,2020-09-23,2,182
Torhout,31033,2020-09-24,0,182
Torhout,31033,2020-09-25,0,182
Torhout,31033,2020-09-26,0,182
Torhout,31033,2020-09-27,0,182
Torhout,31033,2020-09-28,0,182
Torhout,31033,2020-09-29,2,184
Torhout,31033,2020-09-30,3,187
Torhout,31033,2020-10-01,0,187
Torhout,31033,2020-10-02,1,188
Torhout,31033,2020-10-03,5,193
Torhout,31033,2020-10-04,1,194
Torhout,31033,2020-10-05,1,195
Torhout,31033,2020-10-06,1,196
Torhout,31033,2020-10-07,1,197
Torhout,31033,2020-10-08,5,202
Torhout,31033,2020-10-09,3,205
Torhout,31033,2020-10-10,5,210
Torhout,31033,2020-10-11,4,214
Torhout,31033,2020-10-12,5,219
Torhout,31033,2020-10-13,2,221
Torhout,31033,2020-10-14,7,228
Torhout,31033,2020-10-15,6,234
Torhout,31033,2020-10-16,12,246
Torhout,31033,2020-10-17,10,256
Torhout,31033,2020-10-18,5,261
Torhout,31033,2020-10-19,10,271
Torhout,31033,2020-10-20,23,294
Torhout,31033,2020-10-21,5,299
Torhout,31033,2020-10-22,16,315
Torhout,31033,2020-10-23,8,323
Torhout,31033,2020-10-24,13,336
Torhout,31033,2020-10-25,20,356
Torhout,31033,2020-10-26,44,400
Torhout,31033,2020-10-27,22,422
Torhout,31033,2020-10-28,8,430
Torhout,31033,2020-10-29,22,452
Torhout,31033,2020-10-30,21,473
Torhout,31033,2020-10-31,34,507
Torhout,31033,2020-11-01,21,528
Torhout,31033,2020-11-02,26,554
Torhout,31033,2020-11-03,21,575
Torhout,31033,2020-11-04,32,607
Torhout,31033,2020-11-05,32,639
Torhout,31033,2020-11-06,23,662
Torhout,31033,2020-11-07,20,682
Torhout,31033,2020-11-08,6,688
Torhout,31033,2020-11-09,14,702
Torhout,31033,2020-11-10,13,715
Torhout,31033,2020-11-11,14,729
Zedelgem,31040,2020-04-01,5,19
Zedelgem,31040,2020-04-02,5,24
Zedelgem,31040,2020-04-03,3,27
Zedelgem,31040,2020-04-04,6,33
Zedelgem,31040,2020-04-05,2,35
Zedelgem,31040,2020-04-06,0,35
Zedelgem,31040,2020-04-07,2,37
Zedelgem,31040,2020-04-08,0,37
Zedelgem,31040,2020-04-09,2,39
Zedelgem,31040,2020-04-10,1,40
Zedelgem,31040,2020-04-11,1,41
Zedelgem,31040,2020-04-12,4,45
Zedelgem,31040,2020-04-13,1,46
Zedelgem,31040,2020-04-14,0,46
Zedelgem,31040,2020-04-15,2,48
Zedelgem,31040,2020-04-16,2,50
Zedelgem,31040,2020-04-17,2,52
Zedelgem,31040,2020-04-18,4,56
Zedelgem,31040,2020-04-19,0,56
Zedelgem,31040,2020-04-20,0,56
Zedelgem,31040,2020-04-21,1,57
Zedelgem,31040,2020-04-22,8,65
Zedelgem,31040,2020-04-23,1,66
Zedelgem,31040,2020-04-24,4,70
Zedelgem,31040,2020-04-25,1,71
Zedelgem,31040,2020-04-26,4,75
Zedelgem,31040,2020-04-27,0,75
Zedelgem,31040,2020-04-28,0,75
Zedelgem,31040,2020-04-29,1,76
Zedelgem,31040,2020-04-30,0,76
Zedelgem,31040,2020-05-01,0,76
Zedelgem,31040,2020-05-02,1,77
Zedelgem,31040,2020-05-03,0,77
Zedelgem,31040,2020-05-04,0,77
Zedelgem,31040,2020-05-05,1,78
Zedelgem,31040,2020-05-06,0,78
Zedelgem,31040,2020-05-07,1,79
Zedelgem,31040,2020-05-08,0,79
Zedelgem,31040,2020-05-09,6,85
Zedelgem,31040,2020-05-10,3,88
Zedelgem,31040,2020-05-11,1,89
Zedelgem,31040,2020-05-12,0,89
Zedelgem,31040,2020-05-13,0,89
Zedelgem,31040,2020-05-14,0,89
Zedelgem,31040,2020-05-15,2,91
Zedelgem,31040,2020-05-16,2,93
Zedelgem,31040,2020-05-17,0,93
Zedelgem,31040,2020-05-18,0,93
Zedelgem,31040,2020-05-19,2,95
Zedelgem,31040,2020-05-20,1,96
Zedelgem,31040,2020-05-21,2,98
Zedelgem,31040,2020-05-22,0,98
Zedelgem,31040,2020-05-23,1,99
Zedelgem,31040,2020-05-24,0,99
Zedelgem,31040,2020-05-25,3,102
Zedelgem,31040,2020-05-26,0,102
Zedelgem,31040,2020-05-27,0,102
Zedelgem,31040,2020-05-28,3,105
Zedelgem,31040,2020-05-29,1,106
Zedelgem,31040,2020-05-30,0,106
Zedelgem,31040,2020-05-31,0,106
Zedelgem,31040,2020-06-01,0,106
Zedelgem,31040,2020-06-02,0,106
Zedelgem,31040,2020-06-03,0,106
Zedelgem,31040,2020-06-04,0,106
Zedelgem,31040,2020-06-05,0,106
Zedelgem,31040,2020-06-06,2,108
Zedelgem,31040,2020-06-07,0,108
Zedelgem,31040,2020-06-08,0,108
Zedelgem,31040,2020-06-09,0,108
Zedelgem,31040,2020-06-10,0,108
Zedelgem,31040,2020-06-11,2,110
Zedelgem,31040,2020-06-12,0,110
Zedelgem,31040,2020-06-13,0,110
Zedelgem,31040,2020-06-14,0,110
Zedelgem,31040,2020-06-15,0,110
Zedelgem,31040,2020-06-16,0,110
Zedelgem,31040,2020-06-17,0,110
Zedelgem,31040,2020-06-18,0,110
Zedelgem,31040,2020-06-19,0,110
Zedelgem,31040,2020-06-20,1,111
Zedelgem,31040,2020-06-23,0,111
Zedelgem,31040,2020-06-24,1,112
Zedelgem,31040,2020-06-25,0,112
Zedelgem,31040,2020-06-26,0,112
Zedelgem,31040,2020-06-27,1,113
Zedelgem,31040,2020-06-30,3,116
Zedelgem,31040,2020-07-01,2,118
Zedelgem,31040,2020-07-02,0,118
Zedelgem,31040,2020-07-03,1,119
Zedelgem,31040,2020-07-04,1,120
Zedelgem,31040,2020-07-07,0,120
Zedelgem,31040,2020-07-08,0,120
Zedelgem,31040,2020-07-09,0,120
Zedelgem,31040,2020-07-10,0,120
Zedelgem,31040,2020-07-11,0,120
Zedelgem,31040,2020-07-14,0,120
Zedelgem,31040,2020-07-15,0,120
Zedelgem,31040,2020-07-16,0,120
Zedelgem,31040,2020-07-17,1,121
Zedelgem,31040,2020-07-18,3,124
Zedelgem,31040,2020-07-20,0,124
Zedelgem,31040,2020-07-21,1,125
Zedelgem,31040,2020-07-22,0,125
Zedelgem,31040,2020-07-23,0,125
Zedelgem,31040,2020-07-24,0,125
Zedelgem,31040,2020-07-25,2,127
Zedelgem,31040,2020-07-26,0,127
Zedelgem,31040,2020-07-27,0,127
Zedelgem,31040,2020-07-28,1,128
Zedelgem,31040,2020-07-29,1,129
Zedelgem,31040,2020-07-30,0,129
Zedelgem,31040,2020-07-31,1,130
Zedelgem,31040,2020-08-01,0,130
Zedelgem,31040,2020-08-02,0,130
Zedelgem,31040,2020-08-03,0,130
Zedelgem,31040,2020-08-04,1,131
Zedelgem,31040,2020-08-05,0,131
Zedelgem,31040,2020-08-06,1,132
Zedelgem,31040,2020-08-07,3,135
Zedelgem,31040,2020-08-08,0,135
Zedelgem,31040,2020-08-09,1,136
Zedelgem,31040,2020-08-10,-1,135
Zedelgem,31040,2020-08-11,0,135
Zedelgem,31040,2020-08-12,2,137
Zedelgem,31040,2020-08-13,1,138
Zedelgem,31040,2020-08-14,0,138
Zedelgem,31040,2020-08-15,0,138
Zedelgem,31040,2020-08-16,1,139
Zedelgem,31040,2020-08-17,0,139
Zedelgem,31040,2020-08-18,0,139
Zedelgem,31040,2020-08-19,0,139
Zedelgem,31040,2020-08-20,0,139
Zedelgem,31040,2020-08-21,1,140
Zedelgem,31040,2020-08-22,0,140
Zedelgem,31040,2020-08-23,0,140
Zedelgem,31040,2020-08-24,0,140
Zedelgem,31040,2020-08-25,0,140
Zedelgem,31040,2020-08-26,0,140
Zedelgem,31040,2020-08-27,0,140
Zedelgem,31040,2020-08-28,0,140
Zedelgem,31040,2020-08-29,0,140
Zedelgem,31040,2020-08-30,2,142
Zedelgem,31040,2020-08-31,1,143
Zedelgem,31040,2020-09-01,0,143
Zedelgem,31040,2020-09-02,1,144
Zedelgem,31040,2020-09-03,1,145
Zedelgem,31040,2020-09-04,0,145
Zedelgem,31040,2020-09-05,0,145
Zedelgem,31040,2020-09-06,1,146
Zedelgem,31040,2020-09-07,0,146
Zedelgem,31040,2020-09-08,2,148
Zedelgem,31040,2020-09-09,0,148
Zedelgem,31040,2020-09-10,0,148
Zedelgem,31040,2020-09-11,1,149
Zedelgem,31040,2020-09-12,0,149
Zedelgem,31040,2020-09-13,0,149
Zedelgem,31040,2020-09-14,1,150
Zedelgem,31040,2020-09-15,0,150
Zedelgem,31040,2020-09-16,0,150
Zedelgem,31040,2020-09-17,1,151
Zedelgem,31040,2020-09-18,0,151
Zedelgem,31040,2020-09-19,1,152
Zedelgem,31040,2020-09-20,1,153
Zedelgem,31040,2020-09-21,0,153
Zedelgem,31040,2020-09-22,0,153
Zedelgem,31040,2020-09-23,0,153
Zedelgem,31040,2020-09-24,0,153
Zedelgem,31040,2020-09-25,1,154
Zedelgem,31040,2020-09-26,1,155
Zedelgem,31040,2020-09-27,1,156
Zedelgem,31040,2020-09-28,1,157
Zedelgem,31040,2020-09-29,0,157
Zedelgem,31040,2020-09-30,2,159
Zedelgem,31040,2020-10-01,1,160
Zedelgem,31040,2020-10-02,1,161
Zedelgem,31040,2020-10-03,2,163
Zedelgem,31040,2020-10-04,6,169
Zedelgem,31040,2020-10-05,1,170
Zedelgem,31040,2020-10-06,7,177
Zedelgem,31040,2020-10-07,2,179
Zedelgem,31040,2020-10-08,5,184
Zedelgem,31040,2020-10-09,10,194
Zedelgem,31040,2020-10-10,8,202
Zedelgem,31040,2020-10-11,4,206
Zedelgem,31040,2020-10-12,6,212
Zedelgem,31040,2020-10-13,4,216
Zedelgem,31040,2020-10-14,7,223
Zedelgem,31040,2020-10-15,9,232
Zedelgem,31040,2020-10-16,9,241
Zedelgem,31040,2020-10-17,5,246
Zedelgem,31040,2020-10-18,17,263
Zedelgem,31040,2020-10-19,13,276
Zedelgem,31040,2020-10-20,7,283
Zedelgem,31040,2020-10-21,10,293
Zedelgem,31040,2020-10-22,9,302
Zedelgem,31040,2020-10-23,17,319
Zedelgem,31040,2020-10-24,18,337
Zedelgem,31040,2020-10-25,15,352
Zedelgem,31040,2020-10-26,27,379
Zedelgem,31040,2020-10-27,10,389
Zedelgem,31040,2020-10-28,17,406
Zedelgem,31040,2020-10-29,18,424
Zedelgem,31040,2020-10-30,17,441
Zedelgem,31040,2020-10-31,13,454
Zedelgem,31040,2020-11-01,18,472
Zedelgem,31040,2020-11-02,10,482
Zedelgem,31040,2020-11-03,4,486
Zedelgem,31040,2020-11-04,7,493
Zedelgem,31040,2020-11-05,22,515
Zedelgem,31040,2020-11-06,13,528
Zedelgem,31040,2020-11-07,7,535
Zedelgem,31040,2020-11-08,8,543
Zedelgem,31040,2020-11-09,10,553
Zedelgem,31040,2020-11-10,2,555
Zedelgem,31040,2020-11-11,11,566
Knokke-Heist,31043,2020-04-01,2,60
Knokke-Heist,31043,2020-04-02,4,64
Knokke-Heist,31043,2020-04-03,5,69
Knokke-Heist,31043,2020-04-04,6,75
Knokke-Heist,31043,2020-04-05,1,76
Knokke-Heist,31043,2020-04-06,3,79
Knokke-Heist,31043,2020-04-07,0,79
Knokke-Heist,31043,2020-04-08,0,79
Knokke-Heist,31043,2020-04-09,9,88
Knokke-Heist,31043,2020-04-10,11,99
Knokke-Heist,31043,2020-04-11,3,102
Knokke-Heist,31043,2020-04-12,6,108
Knokke-Heist,31043,2020-04-13,5,113
Knokke-Heist,31043,2020-04-14,6,119
Knokke-Heist,31043,2020-04-15,15,134
Knokke-Heist,31043,2020-04-16,4,138
Knokke-Heist,31043,2020-04-17,0,138
Knokke-Heist,31043,2020-04-18,0,138
Knokke-Heist,31043,2020-04-19,1,139
Knokke-Heist,31043,2020-04-20,1,140
Knokke-Heist,31043,2020-04-21,1,141
Knokke-Heist,31043,2020-04-22,1,142
Knokke-Heist,31043,2020-04-23,0,142
Knokke-Heist,31043,2020-04-24,4,146
Knokke-Heist,31043,2020-04-25,0,146
Knokke-Heist,31043,2020-04-26,1,147
Knokke-Heist,31043,2020-04-27,0,147
Knokke-Heist,31043,2020-04-28,0,147
Knokke-Heist,31043,2020-04-29,-2,145
Knokke-Heist,31043,2020-04-30,1,146
Knokke-Heist,31043,2020-05-01,0,146
Knokke-Heist,31043,2020-05-02,2,148
Knokke-Heist,31043,2020-05-03,2,150
Knokke-Heist,31043,2020-05-04,0,150
Knokke-Heist,31043,2020-05-05,0,150
Knokke-Heist,31043,2020-05-06,1,151
Knokke-Heist,31043,2020-05-07,1,152
Knokke-Heist,31043,2020-05-08,3,155
Knokke-Heist,31043,2020-05-09,1,156
Knokke-Heist,31043,2020-05-10,0,156
Knokke-Heist,31043,2020-05-11,1,157
Knokke-Heist,31043,2020-05-12,0,157
Knokke-Heist,31043,2020-05-13,0,157
Knokke-Heist,31043,2020-05-14,0,157
Knokke-Heist,31043,2020-05-15,1,158
Knokke-Heist,31043,2020-05-16,0,158
Knokke-Heist,31043,2020-05-17,2,160
Knokke-Heist,31043,2020-05-18,0,160
Knokke-Heist,31043,2020-05-19,0,160
Knokke-Heist,31043,2020-05-20,0,160
Knokke-Heist,31043,2020-05-21,0,160
Knokke-Heist,31043,2020-05-22,0,160
Knokke-Heist,31043,2020-05-23,0,160
Knokke-Heist,31043,2020-05-24,1,161
Knokke-Heist,31043,2020-05-25,0,161
Knokke-Heist,31043,2020-05-26,0,161
Knokke-Heist,31043,2020-05-27,0,161
Knokke-Heist,31043,2020-05-28,0,161
Knokke-Heist,31043,2020-05-29,1,162
Knokke-Heist,31043,2020-05-30,0,162
Knokke-Heist,31043,2020-05-31,2,164
Knokke-Heist,31043,2020-06-01,0,164
Knokke-Heist,31043,2020-06-02,0,164
Knokke-Heist,31043,2020-06-03,0,164
Knokke-Heist,31043,2020-06-04,0,164
Knokke-Heist,31043,2020-06-05,1,165
Knokke-Heist,31043,2020-06-06,0,165
Knokke-Heist,31043,2020-06-07,0,165
Knokke-Heist,31043,2020-06-08,1,166
Knokke-Heist,31043,2020-06-09,1,167
Knokke-Heist,31043,2020-06-10,0,167
Knokke-Heist,31043,2020-06-11,0,167
Knokke-Heist,31043,2020-06-12,0,167
Knokke-Heist,31043,2020-06-13,0,167
Knokke-Heist,31043,2020-06-14,0,167
Knokke-Heist,31043,2020-06-15,0,167
Knokke-Heist,31043,2020-06-16,0,167
Knokke-Heist,31043,2020-06-17,1,168
Knokke-Heist,31043,2020-06-18,0,168
Knokke-Heist,31043,2020-06-19,0,168
Knokke-Heist,31043,2020-06-20,1,169
Knokke-Heist,31043,2020-06-23,1,170
Knokke-Heist,31043,2020-06-24,0,170
Knokke-Heist,31043,2020-06-25,0,170
Knokke-Heist,31043,2020-06-26,0,170
Knokke-Heist,31043,2020-06-27,0,170
Knokke-Heist,31043,2020-06-30,0,170
Knokke-Heist,31043,2020-07-01,0,170
Knokke-Heist,31043,2020-07-02,0,170
Knokke-Heist,31043,2020-07-03,0,170
Knokke-Heist,31043,2020-07-04,0,170
Knokke-Heist,31043,2020-07-07,0,170
Knokke-Heist,31043,2020-07-08,0,170
Knokke-Heist,31043,2020-07-09,2,172
Knokke-Heist,31043,2020-07-10,0,172
Knokke-Heist,31043,2020-07-11,0,172
Knokke-Heist,31043,2020-07-14,2,174
Knokke-Heist,31043,2020-07-15,0,174
Knokke-Heist,31043,2020-07-16,0,174
Knokke-Heist,31043,2020-07-17,0,174
Knokke-Heist,31043,2020-07-18,0,174
Knokke-Heist,31043,2020-07-20,2,176
Knokke-Heist,31043,2020-07-21,0,176
Knokke-Heist,31043,2020-07-22,0,176
Knokke-Heist,31043,2020-07-23,0,176
Knokke-Heist,31043,2020-07-24,0,176
Knokke-Heist,31043,2020-07-25,0,176
Knokke-Heist,31043,2020-07-26,0,176
Knokke-Heist,31043,2020-07-27,1,177
Knokke-Heist,31043,2020-07-28,0,177
Knokke-Heist,31043,2020-07-29,0,177
Knokke-Heist,31043,2020-07-30,-3,174
Knokke-Heist,31043,2020-07-31,1,175
Knokke-Heist,31043,2020-08-01,0,175
Knokke-Heist,31043,2020-08-02,0,175
Knokke-Heist,31043,2020-08-03,1,176
Knokke-Heist,31043,2020-08-04,1,177
Knokke-Heist,31043,2020-08-05,0,177
Knokke-Heist,31043,2020-08-06,0,177
Knokke-Heist,31043,2020-08-07,3,180
Knokke-Heist,31043,2020-08-08,0,180
Knokke-Heist,31043,2020-08-09,2,182
Knokke-Heist,31043,2020-08-10,0,182
Knokke-Heist,31043,2020-08-11,1,183
Knokke-Heist,31043,2020-08-12,2,185
Knokke-Heist,31043,2020-08-13,0,185
Knokke-Heist,31043,2020-08-14,0,185
Knokke-Heist,31043,2020-08-15,0,185
Knokke-Heist,31043,2020-08-16,1,186
Knokke-Heist,31043,2020-08-17,0,186
Knokke-Heist,31043,2020-08-18,1,187
Knokke-Heist,31043,2020-08-19,0,187
Knokke-Heist,31043,2020-08-20,1,188
Knokke-Heist,31043,2020-08-21,1,189
Knokke-Heist,31043,2020-08-22,0,189
Knokke-Heist,31043,2020-08-23,0,189
Knokke-Heist,31043,2020-08-24,0,189
Knokke-Heist,31043,2020-08-25,0,189
Knokke-Heist,31043,2020-08-26,0,189
Knokke-Heist,31043,2020-08-27,0,189
Knokke-Heist,31043,2020-08-28,1,190
Knokke-Heist,31043,2020-08-29,0,190
Knokke-Heist,31043,2020-08-30,2,192
Knokke-Heist,31043,2020-08-31,0,192
Knokke-Heist,31043,2020-09-01,0,192
Knokke-Heist,31043,2020-09-02,0,192
Knokke-Heist,31043,2020-09-03,0,192
Knokke-Heist,31043,2020-09-04,0,192
Knokke-Heist,31043,2020-09-05,1,193
Knokke-Heist,31043,2020-09-06,0,193
Knokke-Heist,31043,2020-09-07,0,193
Knokke-Heist,31043,2020-09-08,0,193
Knokke-Heist,31043,2020-09-09,1,194
Knokke-Heist,31043,2020-09-10,0,194
Knokke-Heist,31043,2020-09-11,0,194
Knokke-Heist,31043,2020-09-12,2,196
Knokke-Heist,31043,2020-09-13,0,196
Knokke-Heist,31043,2020-09-14,3,199
Knokke-Heist,31043,2020-09-15,1,200
Knokke-Heist,31043,2020-09-16,0,200
Knokke-Heist,31043,2020-09-17,3,203
Knokke-Heist,31043,2020-09-18,3,206
Knokke-Heist,31043,2020-09-19,5,211
Knokke-Heist,31043,2020-09-20,1,212
Knokke-Heist,31043,2020-09-21,1,213
Knokke-Heist,31043,2020-09-22,1,214
Knokke-Heist,31043,2020-09-23,2,216
Knokke-Heist,31043,2020-09-24,0,216
Knokke-Heist,31043,2020-09-25,2,218
Knokke-Heist,31043,2020-09-26,2,220
Knokke-Heist,31043,2020-09-27,3,223
Knokke-Heist,31043,2020-09-28,3,226
Knokke-Heist,31043,2020-09-29,0,226
Knokke-Heist,31043,2020-09-30,3,229
Knokke-Heist,31043,2020-10-01,1,230
Knokke-Heist,31043,2020-10-02,3,233
Knokke-Heist,31043,2020-10-03,8,241
Knokke-Heist,31043,2020-10-04,2,243
Knokke-Heist,31043,2020-10-05,1,244
Knokke-Heist,31043,2020-10-06,1,245
Knokke-Heist,31043,2020-10-07,0,245
Knokke-Heist,31043,2020-10-08,6,251
Knokke-Heist,31043,2020-10-09,12,263
Knokke-Heist,31043,2020-10-10,7,270
Knokke-Heist,31043,2020-10-11,4,274
Knokke-Heist,31043,2020-10-12,8,282
Knokke-Heist,31043,2020-10-13,4,286
Knokke-Heist,31043,2020-10-14,14,300
Knokke-Heist,31043,2020-10-15,7,307
Knokke-Heist,31043,2020-10-16,14,321
Knokke-Heist,31043,2020-10-17,24,345
Knokke-Heist,31043,2020-10-18,18,363
Knokke-Heist,31043,2020-10-19,15,378
Knokke-Heist,31043,2020-10-20,3,381
Knokke-Heist,31043,2020-10-21,14,395
Knokke-Heist,31043,2020-10-22,25,420
Knokke-Heist,31043,2020-10-23,35,455
Knokke-Heist,31043,2020-10-24,35,490
Knokke-Heist,31043,2020-10-25,76,566
Knokke-Heist,31043,2020-10-26,31,597
Knokke-Heist,31043,2020-10-27,7,604
Knokke-Heist,31043,2020-10-28,29,633
Knokke-Heist,31043,2020-10-29,42,675
Knokke-Heist,31043,2020-10-30,58,733
Knokke-Heist,31043,2020-10-31,35,768
Knokke-Heist,31043,2020-11-01,56,824
Knokke-Heist,31043,2020-11-02,27,851
Knokke-Heist,31043,2020-11-03,11,862
Knokke-Heist,31043,2020-11-04,20,882
Knokke-Heist,31043,2020-11-05,22,904
Knokke-Heist,31043,2020-11-06,27,931
Knokke-Heist,31043,2020-11-07,16,947
Knokke-Heist,31043,2020-11-08,7,954
Knokke-Heist,31043,2020-11-09,5,959
Knokke-Heist,31043,2020-11-10,5,964
Knokke-Heist,31043,2020-11-11,12,976
Diksmuide,32003,2020-04-01,2,18
Diksmuide,32003,2020-04-02,0,18
Diksmuide,32003,2020-04-03,0,18
Diksmuide,32003,2020-04-04,2,20
Diksmuide,32003,2020-04-05,1,21
Diksmuide,32003,2020-04-06,0,21
Diksmuide,32003,2020-04-07,0,21
Diksmuide,32003,2020-04-08,0,21
Diksmuide,32003,2020-04-09,1,22
Diksmuide,32003,2020-04-10,0,22
Diksmuide,32003,2020-04-11,0,22
Diksmuide,32003,2020-04-12,0,22
Diksmuide,32003,2020-04-13,1,23
Diksmuide,32003,2020-04-14,1,24
Diksmuide,32003,2020-04-15,2,26
Diksmuide,32003,2020-04-16,0,26
Diksmuide,32003,2020-04-17,1,27
Diksmuide,32003,2020-04-18,1,28
Diksmuide,32003,2020-04-19,1,29
Diksmuide,32003,2020-04-20,0,29
Diksmuide,32003,2020-04-21,0,29
Diksmuide,32003,2020-04-22,1,30
Diksmuide,32003,2020-04-23,0,30
Diksmuide,32003,2020-04-24,0,30
Diksmuide,32003,2020-04-25,0,30
Diksmuide,32003,2020-04-26,1,31
Diksmuide,32003,2020-04-27,0,31
Diksmuide,32003,2020-04-28,0,31
Diksmuide,32003,2020-04-29,0,31
Diksmuide,32003,2020-04-30,1,32
Diksmuide,32003,2020-05-01,2,34
Diksmuide,32003,2020-05-02,1,35
Diksmuide,32003,2020-05-03,0,35
Diksmuide,32003,2020-05-04,0,35
Diksmuide,32003,2020-05-05,0,35
Diksmuide,32003,2020-05-06,0,35
Diksmuide,32003,2020-05-07,0,35
Diksmuide,32003,2020-05-08,0,35
Diksmuide,32003,2020-05-09,0,35
Diksmuide,32003,2020-05-10,0,35
Diksmuide,32003,2020-05-11,0,35
Diksmuide,32003,2020-05-12,0,35
Diksmuide,32003,2020-05-13,7,42
Diksmuide,32003,2020-05-14,2,44
Diksmuide,32003,2020-05-15,0,44
Diksmuide,32003,2020-05-16,1,45
Diksmuide,32003,2020-05-17,0,45
Diksmuide,32003,2020-05-18,1,46
Diksmuide,32003,2020-05-19,1,47
Diksmuide,32003,2020-05-20,1,48
Diksmuide,32003,2020-05-21,0,48
Diksmuide,32003,2020-05-22,0,48
Diksmuide,32003,2020-05-23,0,48
Diksmuide,32003,2020-05-24,0,48
Diksmuide,32003,2020-05-25,1,49
Diksmuide,32003,2020-05-26,0,49
Diksmuide,32003,2020-05-27,0,49
Diksmuide,32003,2020-05-28,0,49
Diksmuide,32003,2020-05-29,0,49
Diksmuide,32003,2020-05-30,0,49
Diksmuide,32003,2020-05-31,0,49
Diksmuide,32003,2020-06-01,0,49
Diksmuide,32003,2020-06-02,0,49
Diksmuide,32003,2020-06-03,0,49
Diksmuide,32003,2020-06-04,0,49
Diksmuide,32003,2020-06-05,0,49
Diksmuide,32003,2020-06-06,0,49
Diksmuide,32003,2020-06-07,0,49
Diksmuide,32003,2020-06-08,0,49
Diksmuide,32003,2020-06-09,0,49
Diksmuide,32003,2020-06-10,0,49
Diksmuide,32003,2020-06-11,1,50
Diksmuide,32003,2020-06-12,1,51
Diksmuide,32003,2020-06-13,0,51
Diksmuide,32003,2020-06-14,0,51
Diksmuide,32003,2020-06-15,0,51
Diksmuide,32003,2020-06-16,0,51
Diksmuide,32003,2020-06-17,0,51
Diksmuide,32003,2020-06-18,0,51
Diksmuide,32003,2020-06-19,0,51
Diksmuide,32003,2020-06-20,0,51
Diksmuide,32003,2020-06-23,0,51
Diksmuide,32003,2020-06-24,0,51
Diksmuide,32003,2020-06-25,0,51
Diksmuide,32003,2020-06-26,0,51
Diksmuide,32003,2020-06-27,0,51
Diksmuide,32003,2020-06-30,0,51
Diksmuide,32003,2020-07-01,2,53
Diksmuide,32003,2020-07-02,0,53
Diksmuide,32003,2020-07-03,0,53
Diksmuide,32003,2020-07-04,0,53
Diksmuide,32003,2020-07-07,0,53
Diksmuide,32003,2020-07-08,0,53
Diksmuide,32003,2020-07-09,0,53
Diksmuide,32003,2020-07-10,0,53
Diksmuide,32003,2020-07-11,1,54
Diksmuide,32003,2020-07-14,1,55
Diksmuide,32003,2020-07-15,0,55
Diksmuide,32003,2020-07-16,0,55
Diksmuide,32003,2020-07-17,1,56
Diksmuide,32003,2020-07-18,0,56
Diksmuide,32003,2020-07-20,0,56
Diksmuide,32003,2020-07-21,0,56
Diksmuide,32003,2020-07-22,0,56
Diksmuide,32003,2020-07-23,0,56
Diksmuide,32003,2020-07-24,0,56
Diksmuide,32003,2020-07-25,0,56
Diksmuide,32003,2020-07-26,0,56
Diksmuide,32003,2020-07-27,0,56
Diksmuide,32003,2020-07-28,0,56
Diksmuide,32003,2020-07-29,0,56
Diksmuide,32003,2020-07-30,0,56
Diksmuide,32003,2020-07-31,0,56
Diksmuide,32003,2020-08-01,0,56
Diksmuide,32003,2020-08-02,0,56
Diksmuide,32003,2020-08-03,0,56
Diksmuide,32003,2020-08-04,0,56
Diksmuide,32003,2020-08-05,1,57
Diksmuide,32003,2020-08-06,2,59
Diksmuide,32003,2020-08-07,0,59
Diksmuide,32003,2020-08-08,2,61
Diksmuide,32003,2020-08-09,0,61
Diksmuide,32003,2020-08-10,0,61
Diksmuide,32003,2020-08-11,0,61
Diksmuide,32003,2020-08-12,0,61
Diksmuide,32003,2020-08-13,1,62
Diksmuide,32003,2020-08-14,-1,61
Diksmuide,32003,2020-08-15,1,62
Diksmuide,32003,2020-08-16,0,62
Diksmuide,32003,2020-08-17,0,62
Diksmuide,32003,2020-08-18,0,62
Diksmuide,32003,2020-08-19,0,62
Diksmuide,32003,2020-08-20,0,62
Diksmuide,32003,2020-08-21,0,62
Diksmuide,32003,2020-08-22,0,62
Diksmuide,32003,2020-08-23,0,62
Diksmuide,32003,2020-08-24,0,62
Diksmuide,32003,2020-08-25,0,62
Diksmuide,32003,2020-08-26,0,62
Diksmuide,32003,2020-08-27,0,62
Diksmuide,32003,2020-08-28,0,62
Diksmuide,32003,2020-08-29,0,62
Diksmuide,32003,2020-08-30,0,62
Diksmuide,32003,2020-08-31,0,62
Diksmuide,32003,2020-09-01,0,62
Diksmuide,32003,2020-09-02,0,62
Diksmuide,32003,2020-09-03,0,62
Diksmuide,32003,2020-09-04,0,62
Diksmuide,32003,2020-09-05,0,62
Diksmuide,32003,2020-09-06,0,62
Diksmuide,32003,2020-09-07,0,62
Diksmuide,32003,2020-09-08,0,62
Diksmuide,32003,2020-09-09,1,63
Diksmuide,32003,2020-09-10,0,63
Diksmuide,32003,2020-09-11,0,63
Diksmuide,32003,2020-09-12,0,63
Diksmuide,32003,2020-09-13,1,64
Diksmuide,32003,2020-09-14,0,64
Diksmuide,32003,2020-09-15,0,64
Diksmuide,32003,2020-09-16,0,64
Diksmuide,32003,2020-09-17,1,65
Diksmuide,32003,2020-09-18,0,65
Diksmuide,32003,2020-09-19,0,65
Diksmuide,32003,2020-09-20,1,66
Diksmuide,32003,2020-09-21,1,67
Diksmuide,32003,2020-09-22,0,67
Diksmuide,32003,2020-09-23,0,67
Diksmuide,32003,2020-09-24,0,67
Diksmuide,32003,2020-09-25,0,67
Diksmuide,32003,2020-09-26,1,68
Diksmuide,32003,2020-09-27,1,69
Diksmuide,32003,2020-09-28,0,69
Diksmuide,32003,2020-09-29,0,69
Diksmuide,32003,2020-09-30,0,69
Diksmuide,32003,2020-10-01,0,69
Diksmuide,32003,2020-10-02,0,69
Diksmuide,32003,2020-10-03,1,70
Diksmuide,32003,2020-10-04,3,73
Diksmuide,32003,2020-10-05,1,74
Diksmuide,32003,2020-10-06,0,74
Diksmuide,32003,2020-10-07,0,74
Diksmuide,32003,2020-10-08,2,76
Diksmuide,32003,2020-10-09,3,79
Diksmuide,32003,2020-10-10,2,81
Diksmuide,32003,2020-10-11,7,88
Diksmuide,32003,2020-10-12,5,93
Diksmuide,32003,2020-10-13,4,97
Diksmuide,32003,2020-10-14,6,103
Diksmuide,32003,2020-10-15,3,106
Diksmuide,32003,2020-10-16,4,110
Diksmuide,32003,2020-10-17,1,111
Diksmuide,32003,2020-10-18,9,120
Diksmuide,32003,2020-10-19,6,126
Diksmuide,32003,2020-10-20,8,134
Diksmuide,32003,2020-10-21,2,136
Diksmuide,32003,2020-10-22,9,145
Diksmuide,32003,2020-10-23,11,156
Diksmuide,32003,2020-10-24,12,168
Diksmuide,32003,2020-10-25,16,184
Diksmuide,32003,2020-10-26,17,201
Diksmuide,32003,2020-10-27,10,211
Diksmuide,32003,2020-10-28,0,211
Diksmuide,32003,2020-10-29,18,229
Diksmuide,32003,2020-10-30,17,246
Diksmuide,32003,2020-10-31,8,254
Diksmuide,32003,2020-11-01,7,261
Diksmuide,32003,2020-11-02,17,278
Diksmuide,32003,2020-11-03,11,289
Diksmuide,32003,2020-11-04,3,292
Diksmuide,32003,2020-11-05,15,307
Diksmuide,32003,2020-11-06,14,321
Diksmuide,32003,2020-11-07,9,330
Diksmuide,32003,2020-11-08,9,339
Diksmuide,32003,2020-11-09,6,345
Diksmuide,32003,2020-11-10,1,346
Diksmuide,32003,2020-11-11,4,350
Houthulst,32006,2020-04-01,0,7
Houthulst,32006,2020-04-02,2,9
Houthulst,32006,2020-04-03,1,10
Houthulst,32006,2020-04-04,5,15
Houthulst,32006,2020-04-05,2,17
Houthulst,32006,2020-04-06,2,19
Houthulst,32006,2020-04-07,1,20
Houthulst,32006,2020-04-08,0,20
Houthulst,32006,2020-04-09,1,21
Houthulst,32006,2020-04-10,2,23
Houthulst,32006,2020-04-11,2,25
Houthulst,32006,2020-04-12,2,27
Houthulst,32006,2020-04-13,1,28
Houthulst,32006,2020-04-14,0,28
Houthulst,32006,2020-04-15,0,28
Houthulst,32006,2020-04-16,1,29
Houthulst,32006,2020-04-17,0,29
Houthulst,32006,2020-04-18,2,31
Houthulst,32006,2020-04-19,3,34
Houthulst,32006,2020-04-20,1,35
Houthulst,32006,2020-04-21,2,37
Houthulst,32006,2020-04-22,1,38
Houthulst,32006,2020-04-23,0,38
Houthulst,32006,2020-04-24,1,39
Houthulst,32006,2020-04-25,0,39
Houthulst,32006,2020-04-26,0,39
Houthulst,32006,2020-04-27,0,39
Houthulst,32006,2020-04-28,1,40
Houthulst,32006,2020-04-29,1,41
Houthulst,32006,2020-04-30,1,42
Houthulst,32006,2020-05-01,0,42
Houthulst,32006,2020-05-02,3,45
Houthulst,32006,2020-05-03,0,45
Houthulst,32006,2020-05-04,0,45
Houthulst,32006,2020-05-05,0,45
Houthulst,32006,2020-05-06,1,46
Houthulst,32006,2020-05-07,5,51
Houthulst,32006,2020-05-08,0,51
Houthulst,32006,2020-05-09,0,51
Houthulst,32006,2020-05-10,0,51
Houthulst,32006,2020-05-11,0,51
Houthulst,32006,2020-05-12,0,51
Houthulst,32006,2020-05-13,1,52
Houthulst,32006,2020-05-14,1,53
Houthulst,32006,2020-05-15,1,54
Houthulst,32006,2020-05-16,0,54
Houthulst,32006,2020-05-17,0,54
Houthulst,32006,2020-05-18,2,56
Houthulst,32006,2020-05-19,0,56
Houthulst,32006,2020-05-20,0,56
Houthulst,32006,2020-05-21,1,57
Houthulst,32006,2020-05-22,0,57
Houthulst,32006,2020-05-23,0,57
Houthulst,32006,2020-05-24,0,57
Houthulst,32006,2020-05-25,0,57
Houthulst,32006,2020-05-26,0,57
Houthulst,32006,2020-05-27,0,57
Houthulst,32006,2020-05-28,0,57
Houthulst,32006,2020-05-29,0,57
Houthulst,32006,2020-05-30,0,57
Houthulst,32006,2020-05-31,0,57
Houthulst,32006,2020-06-01,0,57
Houthulst,32006,2020-06-02,0,57
Houthulst,32006,2020-06-03,0,57
Houthulst,32006,2020-06-04,0,57
Houthulst,32006,2020-06-05,0,57
Houthulst,32006,2020-06-06,0,57
Houthulst,32006,2020-06-07,0,57
Houthulst,32006,2020-06-08,1,58
Houthulst,32006,2020-06-09,0,58
Houthulst,32006,2020-06-10,0,58
Houthulst,32006,2020-06-11,0,58
Houthulst,32006,2020-06-12,0,58
Houthulst,32006,2020-06-13,0,58
Houthulst,32006,2020-06-14,0,58
Houthulst,32006,2020-06-15,0,58
Houthulst,32006,2020-06-16,1,59
Houthulst,32006,2020-06-17,0,59
Houthulst,32006,2020-06-18,0,59
Houthulst,32006,2020-06-19,0,59
Houthulst,32006,2020-06-20,1,60
Houthulst,32006,2020-06-23,1,61
Houthulst,32006,2020-06-24,0,61
Houthulst,32006,2020-06-25,1,62
Houthulst,32006,2020-06-26,0,62
Houthulst,32006,2020-06-27,0,62
Houthulst,32006,2020-06-30,0,62
Houthulst,32006,2020-07-01,0,62
Houthulst,32006,2020-07-02,0,62
Houthulst,32006,2020-07-03,0,62
Houthulst,32006,2020-07-04,1,63
Houthulst,32006,2020-07-07,0,63
Houthulst,32006,2020-07-08,0,63
Houthulst,32006,2020-07-09,0,63
Houthulst,32006,2020-07-10,0,63
Houthulst,32006,2020-07-11,0,63
Houthulst,32006,2020-07-14,0,63
Houthulst,32006,2020-07-15,0,63
Houthulst,32006,2020-07-16,0,63
Houthulst,32006,2020-07-17,0,63
Houthulst,32006,2020-07-18,1,64
Houthulst,32006,2020-07-20,0,64
Houthulst,32006,2020-07-21,0,64
Houthulst,32006,2020-07-22,0,64
Houthulst,32006,2020-07-23,0,64
Houthulst,32006,2020-07-24,1,65
Houthulst,32006,2020-07-25,0,65
Houthulst,32006,2020-07-26,0,65
Houthulst,32006,2020-07-27,0,65
Houthulst,32006,2020-07-28,0,65
Houthulst,32006,2020-07-29,1,66
Houthulst,32006,2020-07-30,0,66
Houthulst,32006,2020-07-31,0,66
Houthulst,32006,2020-08-01,0,66
Houthulst,32006,2020-08-02,0,66
Houthulst,32006,2020-08-03,0,66
Houthulst,32006,2020-08-04,0,66
Houthulst,32006,2020-08-05,0,66
Houthulst,32006,2020-08-06,1,67
Houthulst,32006,2020-08-07,1,68
Houthulst,32006,2020-08-08,3,71
Houthulst,32006,2020-08-09,2,73
Houthulst,32006,2020-08-10,2,75
Houthulst,32006,2020-08-11,0,75
Houthulst,32006,2020-08-12,0,75
Houthulst,32006,2020-08-13,1,76
Houthulst,32006,2020-08-14,0,76
Houthulst,32006,2020-08-15,0,76
Houthulst,32006,2020-08-16,0,76
Houthulst,32006,2020-08-17,0,76
Houthulst,32006,2020-08-18,0,76
Houthulst,32006,2020-08-19,0,76
Houthulst,32006,2020-08-20,0,76
Houthulst,32006,2020-08-21,0,76
Houthulst,32006,2020-08-22,0,76
Houthulst,32006,2020-08-23,0,76
Houthulst,32006,2020-08-24,0,76
Houthulst,32006,2020-08-25,0,76
Houthulst,32006,2020-08-26,0,76
Houthulst,32006,2020-08-27,0,76
Houthulst,32006,2020-08-28,0,76
Houthulst,32006,2020-08-29,0,76
Houthulst,32006,2020-08-30,0,76
Houthulst,32006,2020-08-31,0,76
Houthulst,32006,2020-09-01,0,76
Houthulst,32006,2020-09-02,0,76
Houthulst,32006,2020-09-03,1,77
Houthulst,32006,2020-09-04,0,77
Houthulst,32006,2020-09-05,0,77
Houthulst,32006,2020-09-06,0,77
Houthulst,32006,2020-09-07,0,77
Houthulst,32006,2020-09-08,0,77
Houthulst,32006,2020-09-09,0,77
Houthulst,32006,2020-09-10,0,77
Houthulst,32006,2020-09-11,0,77
Houthulst,32006,2020-09-12,0,77
Houthulst,32006,2020-09-13,0,77
Houthulst,32006,2020-09-14,0,77
Houthulst,32006,2020-09-15,0,77
Houthulst,32006,2020-09-16,0,77
Houthulst,32006,2020-09-17,0,77
Houthulst,32006,2020-09-18,1,78
Houthulst,32006,2020-09-19,1,79
Houthulst,32006,2020-09-20,1,80
Houthulst,32006,2020-09-21,0,80
Houthulst,32006,2020-09-22,0,80
Houthulst,32006,2020-09-23,0,80
Houthulst,32006,2020-09-24,0,80
Houthulst,32006,2020-09-25,0,80
Houthulst,32006,2020-09-26,4,84
Houthulst,32006,2020-09-27,0,84
Houthulst,32006,2020-09-28,0,84
Houthulst,32006,2020-09-29,1,85
Houthulst,32006,2020-09-30,0,85
Houthulst,32006,2020-10-01,1,86
Houthulst,32006,2020-10-02,0,86
Houthulst,32006,2020-10-03,0,86
Houthulst,32006,2020-10-04,1,87
Houthulst,32006,2020-10-05,1,88
Houthulst,32006,2020-10-06,1,89
Houthulst,32006,2020-10-07,0,89
Houthulst,32006,2020-10-08,3,92
Houthulst,32006,2020-10-09,0,92
Houthulst,32006,2020-10-10,3,95
Houthulst,32006,2020-10-11,4,99
Houthulst,32006,2020-10-12,0,99
Houthulst,32006,2020-10-13,1,100
Houthulst,32006,2020-10-14,0,100
Houthulst,32006,2020-10-15,2,102
Houthulst,32006,2020-10-16,0,102
Houthulst,32006,2020-10-17,2,104
Houthulst,32006,2020-10-18,6,110
Houthulst,32006,2020-10-19,6,116
Houthulst,32006,2020-10-20,7,123
Houthulst,32006,2020-10-21,1,124
Houthulst,32006,2020-10-22,9,133
Houthulst,32006,2020-10-23,14,147
Houthulst,32006,2020-10-24,14,161
Houthulst,32006,2020-10-25,7,168
Houthulst,32006,2020-10-26,15,183
Houthulst,32006,2020-10-27,9,192
Houthulst,32006,2020-10-28,1,193
Houthulst,32006,2020-10-29,8,201
Houthulst,32006,2020-10-30,8,209
Houthulst,32006,2020-10-31,9,218
Houthulst,32006,2020-11-01,8,226
Houthulst,32006,2020-11-02,7,233
Houthulst,32006,2020-11-03,4,237
Houthulst,32006,2020-11-04,9,246
Houthulst,32006,2020-11-05,10,256
Houthulst,32006,2020-11-06,13,269
Houthulst,32006,2020-11-07,7,276
Houthulst,32006,2020-11-08,4,280
Houthulst,32006,2020-11-09,1,281
Houthulst,32006,2020-11-10,4,285
Houthulst,32006,2020-11-11,7,292
Koekelare,32010,2020-04-01,0,0
Koekelare,32010,2020-04-02,0,0
Koekelare,32010,2020-04-03,0,0
Koekelare,32010,2020-04-04,0,0
Koekelare,32010,2020-04-05,0,0
Koekelare,32010,2020-04-06,0,0
Koekelare,32010,2020-04-07,5,5
Koekelare,32010,2020-04-08,0,5
Koekelare,32010,2020-04-09,0,5
Koekelare,32010,2020-04-10,0,5
Koekelare,32010,2020-04-11,0,5
Koekelare,32010,2020-04-12,0,5
Koekelare,32010,2020-04-13,0,5
Koekelare,32010,2020-04-14,0,5
Koekelare,32010,2020-04-15,0,5
Koekelare,32010,2020-04-16,0,5
Koekelare,32010,2020-04-17,2,7
Koekelare,32010,2020-04-18,0,7
Koekelare,32010,2020-04-19,2,9
Koekelare,32010,2020-04-20,0,9
Koekelare,32010,2020-04-21,0,9
Koekelare,32010,2020-04-22,2,11
Koekelare,32010,2020-04-23,-1,10
Koekelare,32010,2020-04-24,0,10
Koekelare,32010,2020-04-25,0,10
Koekelare,32010,2020-04-26,0,10
Koekelare,32010,2020-04-27,0,10
Koekelare,32010,2020-04-28,0,10
Koekelare,32010,2020-04-29,0,10
Koekelare,32010,2020-04-30,0,10
Koekelare,32010,2020-05-01,0,10
Koekelare,32010,2020-05-02,1,11
Koekelare,32010,2020-05-03,0,11
Koekelare,32010,2020-05-04,0,11
Koekelare,32010,2020-05-05,0,11
Koekelare,32010,2020-05-06,0,11
Koekelare,32010,2020-05-07,0,11
Koekelare,32010,2020-05-08,2,13
Koekelare,32010,2020-05-09,0,13
Koekelare,32010,2020-05-10,0,13
Koekelare,32010,2020-05-11,0,13
Koekelare,32010,2020-05-12,0,13
Koekelare,32010,2020-05-13,1,14
Koekelare,32010,2020-05-14,3,17
Koekelare,32010,2020-05-15,0,17
Koekelare,32010,2020-05-16,3,20
Koekelare,32010,2020-05-17,0,20
Koekelare,32010,2020-05-18,0,20
Koekelare,32010,2020-05-19,0,20
Koekelare,32010,2020-05-20,0,20
Koekelare,32010,2020-05-21,0,20
Koekelare,32010,2020-05-22,0,20
Koekelare,32010,2020-05-23,0,20
Koekelare,32010,2020-05-24,0,20
Koekelare,32010,2020-05-25,0,20
Koekelare,32010,2020-05-26,1,21
Koekelare,32010,2020-05-27,0,21
Koekelare,32010,2020-05-28,0,21
Koekelare,32010,2020-05-29,0,21
Koekelare,32010,2020-05-30,1,22
Koekelare,32010,2020-05-31,0,22
Koekelare,32010,2020-06-01,0,22
Koekelare,32010,2020-06-02,0,22
Koekelare,32010,2020-06-03,0,22
Koekelare,32010,2020-06-04,0,22
Koekelare,32010,2020-06-05,0,22
Koekelare,32010,2020-06-06,0,22
Koekelare,32010,2020-06-07,0,22
Koekelare,32010,2020-06-08,0,22
Koekelare,32010,2020-06-09,0,22
Koekelare,32010,2020-06-10,0,22
Koekelare,32010,2020-06-11,0,22
Koekelare,32010,2020-06-12,0,22
Koekelare,32010,2020-06-13,0,22
Koekelare,32010,2020-06-14,0,22
Koekelare,32010,2020-06-15,0,22
Koekelare,32010,2020-06-16,0,22
Koekelare,32010,2020-06-17,0,22
Koekelare,32010,2020-06-18,0,22
Koekelare,32010,2020-06-19,0,22
Koekelare,32010,2020-06-20,0,22
Koekelare,32010,2020-06-23,0,22
Koekelare,32010,2020-06-24,0,22
Koekelare,32010,2020-06-25,2,24
Koekelare,32010,2020-06-26,0,24
Koekelare,32010,2020-06-27,0,24
Koekelare,32010,2020-06-30,0,24
Koekelare,32010,2020-07-01,0,24
Koekelare,32010,2020-07-02,0,24
Koekelare,32010,2020-07-03,0,24
Koekelare,32010,2020-07-04,0,24
Koekelare,32010,2020-07-07,1,25
Koekelare,32010,2020-07-08,0,25
Koekelare,32010,2020-07-09,0,25
Koekelare,32010,2020-07-10,0,25
Koekelare,32010,2020-07-11,1,26
Koekelare,32010,2020-07-14,0,26
Koekelare,32010,2020-07-15,0,26
Koekelare,32010,2020-07-16,0,26
Koekelare,32010,2020-07-17,1,27
Koekelare,32010,2020-07-18,0,27
Koekelare,32010,2020-07-20,0,27
Koekelare,32010,2020-07-21,1,28
Koekelare,32010,2020-07-22,0,28
Koekelare,32010,2020-07-23,0,28
Koekelare,32010,2020-07-24,0,28
Koekelare,32010,2020-07-25,0,28
Koekelare,32010,2020-07-26,0,28
Koekelare,32010,2020-07-27,0,28
Koekelare,32010,2020-07-28,1,29
Koekelare,32010,2020-07-29,0,29
Koekelare,32010,2020-07-30,0,29
Koekelare,32010,2020-07-31,0,29
Koekelare,32010,2020-08-01,0,29
Koekelare,32010,2020-08-02,2,31
Koekelare,32010,2020-08-03,0,31
Koekelare,32010,2020-08-04,0,31
Koekelare,32010,2020-08-05,0,31
Koekelare,32010,2020-08-06,1,32
Koekelare,32010,2020-08-07,0,32
Koekelare,32010,2020-08-08,0,32
Koekelare,32010,2020-08-09,0,32
Koekelare,32010,2020-08-10,0,32
Koekelare,32010,2020-08-11,0,32
Koekelare,32010,2020-08-12,0,32
Koekelare,32010,2020-08-13,0,32
Koekelare,32010,2020-08-14,0,32
Koekelare,32010,2020-08-15,0,32
Koekelare,32010,2020-08-16,0,32
Koekelare,32010,2020-08-17,0,32
Koekelare,32010,2020-08-18,0,32
Koekelare,32010,2020-08-19,0,32
Koekelare,32010,2020-08-20,0,32
Koekelare,32010,2020-08-21,0,32
Koekelare,32010,2020-08-22,0,32
Koekelare,32010,2020-08-23,0,32
Koekelare,32010,2020-08-24,0,32
Koekelare,32010,2020-08-25,0,32
Koekelare,32010,2020-08-26,0,32
Koekelare,32010,2020-08-27,0,32
Koekelare,32010,2020-08-28,0,32
Koekelare,32010,2020-08-29,0,32
Koekelare,32010,2020-08-30,0,32
Koekelare,32010,2020-08-31,0,32
Koekelare,32010,2020-09-01,0,32
Koekelare,32010,2020-09-02,0,32
Koekelare,32010,2020-09-03,0,32
Koekelare,32010,2020-09-04,0,32
Koekelare,32010,2020-09-05,0,32
Koekelare,32010,2020-09-06,0,32
Koekelare,32010,2020-09-07,0,32
Koekelare,32010,2020-09-08,0,32
Koekelare,32010,2020-09-09,0,32
Koekelare,32010,2020-09-10,0,32
Koekelare,32010,2020-09-11,0,32
Koekelare,32010,2020-09-12,0,32
Koekelare,32010,2020-09-13,0,32
Koekelare,32010,2020-09-14,0,32
Koekelare,32010,2020-09-15,0,32
Koekelare,32010,2020-09-16,0,32
Koekelare,32010,2020-09-17,0,32
Koekelare,32010,2020-09-18,0,32
Koekelare,32010,2020-09-19,0,32
Koekelare,32010,2020-09-20,0,32
Koekelare,32010,2020-09-21,0,32
Koekelare,32010,2020-09-22,0,32
Koekelare,32010,2020-09-23,0,32
Koekelare,32010,2020-09-24,0,32
Koekelare,32010,2020-09-25,1,33
Koekelare,32010,2020-09-26,0,33
Koekelare,32010,2020-09-27,0,33
Koekelare,32010,2020-09-28,0,33
Koekelare,32010,2020-09-29,1,34
Koekelare,32010,2020-09-30,0,34
Koekelare,32010,2020-10-01,0,34
Koekelare,32010,2020-10-02,0,34
Koekelare,32010,2020-10-03,3,37
Koekelare,32010,2020-10-04,0,37
Koekelare,32010,2020-10-05,1,38
Koekelare,32010,2020-10-06,0,38
Koekelare,32010,2020-10-07,1,39
Koekelare,32010,2020-10-08,2,41
Koekelare,32010,2020-10-09,0,41
Koekelare,32010,2020-10-10,0,41
Koekelare,32010,2020-10-11,2,43
Koekelare,32010,2020-10-12,2,45
Koekelare,32010,2020-10-13,3,48
Koekelare,32010,2020-10-14,1,49
Koekelare,32010,2020-10-15,3,52
Koekelare,32010,2020-10-16,1,53
Koekelare,32010,2020-10-17,4,57
Koekelare,32010,2020-10-18,2,59
Koekelare,32010,2020-10-19,5,64
Koekelare,32010,2020-10-20,4,68
Koekelare,32010,2020-10-21,0,68
Koekelare,32010,2020-10-22,8,76
Koekelare,32010,2020-10-23,5,81
Koekelare,32010,2020-10-24,13,94
Koekelare,32010,2020-10-25,7,101
Koekelare,32010,2020-10-26,17,118
Koekelare,32010,2020-10-27,5,123
Koekelare,32010,2020-10-28,8,131
Koekelare,32010,2020-10-29,13,144
Koekelare,32010,2020-10-30,8,152
Koekelare,32010,2020-10-31,23,175
Koekelare,32010,2020-11-01,11,186
Koekelare,32010,2020-11-02,12,198
Koekelare,32010,2020-11-03,2,200
Koekelare,32010,2020-11-04,3,203
Koekelare,32010,2020-11-05,9,212
Koekelare,32010,2020-11-06,9,221
Koekelare,32010,2020-11-07,8,229
Koekelare,32010,2020-11-08,4,233
Koekelare,32010,2020-11-09,3,236
Koekelare,32010,2020-11-10,4,240
Koekelare,32010,2020-11-11,12,252
Kortemark,32011,2020-04-01,0,11
Kortemark,32011,2020-04-02,0,11
Kortemark,32011,2020-04-03,1,12
Kortemark,32011,2020-04-04,1,13
Kortemark,32011,2020-04-05,0,13
Kortemark,32011,2020-04-06,1,14
Kortemark,32011,2020-04-07,0,14
Kortemark,32011,2020-04-08,1,15
Kortemark,32011,2020-04-09,2,17
Kortemark,32011,2020-04-10,2,19
Kortemark,32011,2020-04-11,2,21
Kortemark,32011,2020-04-12,0,21
Kortemark,32011,2020-04-13,1,22
Kortemark,32011,2020-04-14,0,22
Kortemark,32011,2020-04-15,0,22
Kortemark,32011,2020-04-16,1,23
Kortemark,32011,2020-04-17,0,23
Kortemark,32011,2020-04-18,0,23
Kortemark,32011,2020-04-19,0,23
Kortemark,32011,2020-04-20,0,23
Kortemark,32011,2020-04-21,0,23
Kortemark,32011,2020-04-22,2,25
Kortemark,32011,2020-04-23,-1,24
Kortemark,32011,2020-04-24,0,24
Kortemark,32011,2020-04-25,0,24
Kortemark,32011,2020-04-26,2,26
Kortemark,32011,2020-04-27,0,26
Kortemark,32011,2020-04-28,0,26
Kortemark,32011,2020-04-29,0,26
Kortemark,32011,2020-04-30,1,27
Kortemark,32011,2020-05-01,0,27
Kortemark,32011,2020-05-02,0,27
Kortemark,32011,2020-05-03,1,28
Kortemark,32011,2020-05-04,0,28
Kortemark,32011,2020-05-05,1,29
Kortemark,32011,2020-05-06,0,29
Kortemark,32011,2020-05-07,0,29
Kortemark,32011,2020-05-08,2,31
Kortemark,32011,2020-05-09,0,31
Kortemark,32011,2020-05-10,0,31
Kortemark,32011,2020-05-11,0,31
Kortemark,32011,2020-05-12,0,31
Kortemark,32011,2020-05-13,1,32
Kortemark,32011,2020-05-14,0,32
Kortemark,32011,2020-05-15,0,32
Kortemark,32011,2020-05-16,3,35
Kortemark,32011,2020-05-17,1,36
Kortemark,32011,2020-05-18,0,36
Kortemark,32011,2020-05-19,0,36
Kortemark,32011,2020-05-20,0,36
Kortemark,32011,2020-05-21,0,36
Kortemark,32011,2020-05-22,0,36
Kortemark,32011,2020-05-23,0,36
Kortemark,32011,2020-05-24,0,36
Kortemark,32011,2020-05-25,0,36
Kortemark,32011,2020-05-26,0,36
Kortemark,32011,2020-05-27,1,37
Kortemark,32011,2020-05-28,0,37
Kortemark,32011,2020-05-29,0,37
Kortemark,32011,2020-05-30,0,37
Kortemark,32011,2020-05-31,0,37
Kortemark,32011,2020-06-01,0,37
Kortemark,32011,2020-06-02,0,37
Kortemark,32011,2020-06-03,0,37
Kortemark,32011,2020-06-04,0,37
Kortemark,32011,2020-06-05,0,37
Kortemark,32011,2020-06-06,0,37
Kortemark,32011,2020-06-07,0,37
Kortemark,32011,2020-06-08,0,37
Kortemark,32011,2020-06-09,0,37
Kortemark,32011,2020-06-10,0,37
Kortemark,32011,2020-06-11,0,37
Kortemark,32011,2020-06-12,0,37
Kortemark,32011,2020-06-13,0,37
Kortemark,32011,2020-06-14,0,37
Kortemark,32011,2020-06-15,0,37
Kortemark,32011,2020-06-16,0,37
Kortemark,32011,2020-06-17,0,37
Kortemark,32011,2020-06-18,0,37
Kortemark,32011,2020-06-19,0,37
Kortemark,32011,2020-06-20,0,37
Kortemark,32011,2020-06-23,0,37
Kortemark,32011,2020-06-24,0,37
Kortemark,32011,2020-06-25,1,38
Kortemark,32011,2020-06-26,0,38
Kortemark,32011,2020-06-27,0,38
Kortemark,32011,2020-06-30,1,39
Kortemark,32011,2020-07-01,1,40
Kortemark,32011,2020-07-02,0,40
Kortemark,32011,2020-07-03,0,40
Kortemark,32011,2020-07-04,0,40
Kortemark,32011,2020-07-07,0,40
Kortemark,32011,2020-07-08,1,41
Kortemark,32011,2020-07-09,0,41
Kortemark,32011,2020-07-10,0,41
Kortemark,32011,2020-07-11,0,41
Kortemark,32011,2020-07-14,2,43
Kortemark,32011,2020-07-15,0,43
Kortemark,32011,2020-07-16,0,43
Kortemark,32011,2020-07-17,2,45
Kortemark,32011,2020-07-18,3,48
Kortemark,32011,2020-07-20,0,48
Kortemark,32011,2020-07-21,7,55
Kortemark,32011,2020-07-22,0,55
Kortemark,32011,2020-07-23,0,55
Kortemark,32011,2020-07-24,0,55
Kortemark,32011,2020-07-25,0,55
Kortemark,32011,2020-07-26,0,55
Kortemark,32011,2020-07-27,1,56
Kortemark,32011,2020-07-28,1,57
Kortemark,32011,2020-07-29,0,57
Kortemark,32011,2020-07-30,0,57
Kortemark,32011,2020-07-31,0,57
Kortemark,32011,2020-08-01,0,57
Kortemark,32011,2020-08-02,1,58
Kortemark,32011,2020-08-03,0,58
Kortemark,32011,2020-08-04,0,58
Kortemark,32011,2020-08-05,0,58
Kortemark,32011,2020-08-06,0,58
Kortemark,32011,2020-08-07,0,58
Kortemark,32011,2020-08-08,0,58
Kortemark,32011,2020-08-09,0,58
Kortemark,32011,2020-08-10,0,58
Kortemark,32011,2020-08-11,0,58
Kortemark,32011,2020-08-12,0,58
Kortemark,32011,2020-08-13,0,58
Kortemark,32011,2020-08-14,0,58
Kortemark,32011,2020-08-15,1,59
Kortemark,32011,2020-08-16,0,59
Kortemark,32011,2020-08-17,0,59
Kortemark,32011,2020-08-18,0,59
Kortemark,32011,2020-08-19,1,60
Kortemark,32011,2020-08-20,0,60
Kortemark,32011,2020-08-21,0,60
Kortemark,32011,2020-08-22,0,60
Kortemark,32011,2020-08-23,0,60
Kortemark,32011,2020-08-24,0,60
Kortemark,32011,2020-08-25,0,60
Kortemark,32011,2020-08-26,0,60
Kortemark,32011,2020-08-27,0,60
Kortemark,32011,2020-08-28,0,60
Kortemark,32011,2020-08-29,0,60
Kortemark,32011,2020-08-30,0,60
Kortemark,32011,2020-08-31,0,60
Kortemark,32011,2020-09-01,0,60
Kortemark,32011,2020-09-02,0,60
Kortemark,32011,2020-09-03,0,60
Kortemark,32011,2020-09-04,0,60
Kortemark,32011,2020-09-05,0,60
Kortemark,32011,2020-09-06,0,60
Kortemark,32011,2020-09-07,0,60
Kortemark,32011,2020-09-08,0,60
Kortemark,32011,2020-09-09,0,60
Kortemark,32011,2020-09-10,0,60
Kortemark,32011,2020-09-11,0,60
Kortemark,32011,2020-09-12,0,60
Kortemark,32011,2020-09-13,0,60
Kortemark,32011,2020-09-14,0,60
Kortemark,32011,2020-09-15,0,60
Kortemark,32011,2020-09-16,0,60
Kortemark,32011,2020-09-17,0,60
Kortemark,32011,2020-09-18,0,60
Kortemark,32011,2020-09-19,0,60
Kortemark,32011,2020-09-20,0,60
Kortemark,32011,2020-09-21,0,60
Kortemark,32011,2020-09-22,0,60
Kortemark,32011,2020-09-23,0,60
Kortemark,32011,2020-09-24,0,60
Kortemark,32011,2020-09-25,1,61
Kortemark,32011,2020-09-26,0,61
Kortemark,32011,2020-09-27,0,61
Kortemark,32011,2020-09-28,0,61
Kortemark,32011,2020-09-29,1,62
Kortemark,32011,2020-09-30,1,63
Kortemark,32011,2020-10-01,0,63
Kortemark,32011,2020-10-02,1,64
Kortemark,32011,2020-10-03,0,64
Kortemark,32011,2020-10-04,1,65
Kortemark,32011,2020-10-05,0,65
Kortemark,32011,2020-10-06,1,66
Kortemark,32011,2020-10-07,2,68
Kortemark,32011,2020-10-08,0,68
Kortemark,32011,2020-10-09,1,69
Kortemark,32011,2020-10-10,5,74
Kortemark,32011,2020-10-11,2,76
Kortemark,32011,2020-10-12,1,77
Kortemark,32011,2020-10-13,0,77
Kortemark,32011,2020-10-14,2,79
Kortemark,32011,2020-10-15,2,81
Kortemark,32011,2020-10-16,1,82
Kortemark,32011,2020-10-17,6,88
Kortemark,32011,2020-10-18,13,101
Kortemark,32011,2020-10-19,11,112
Kortemark,32011,2020-10-20,2,114
Kortemark,32011,2020-10-21,1,115
Kortemark,32011,2020-10-22,9,124
Kortemark,32011,2020-10-23,9,133
Kortemark,32011,2020-10-24,5,138
Kortemark,32011,2020-10-25,14,152
Kortemark,32011,2020-10-26,24,176
Kortemark,32011,2020-10-27,15,191
Kortemark,32011,2020-10-28,1,192
Kortemark,32011,2020-10-29,11,203
Kortemark,32011,2020-10-30,12,215
Kortemark,32011,2020-10-31,16,231
Kortemark,32011,2020-11-01,10,241
Kortemark,32011,2020-11-02,18,259
Kortemark,32011,2020-11-03,3,262
Kortemark,32011,2020-11-04,10,272
Kortemark,32011,2020-11-05,25,297
Kortemark,32011,2020-11-06,10,307
Kortemark,32011,2020-11-07,11,318
Kortemark,32011,2020-11-08,4,322
Kortemark,32011,2020-11-09,8,330
Kortemark,32011,2020-11-10,12,342
Kortemark,32011,2020-11-11,4,346
Lo-Reninge,32030,2020-04-01,6,6
Lo-Reninge,32030,2020-04-02,0,6
Lo-Reninge,32030,2020-04-03,3,9
Lo-Reninge,32030,2020-04-04,0,9
Lo-Reninge,32030,2020-04-05,1,10
Lo-Reninge,32030,2020-04-06,0,10
Lo-Reninge,32030,2020-04-07,0,10
Lo-Reninge,32030,2020-04-08,0,10
Lo-Reninge,32030,2020-04-09,0,10
Lo-Reninge,32030,2020-04-10,0,10
Lo-Reninge,32030,2020-04-11,0,10
Lo-Reninge,32030,2020-04-12,0,10
Lo-Reninge,32030,2020-04-13,1,11
Lo-Reninge,32030,2020-04-14,0,11
Lo-Reninge,32030,2020-04-15,0,11
Lo-Reninge,32030,2020-04-16,1,12
Lo-Reninge,32030,2020-04-17,0,12
Lo-Reninge,32030,2020-04-18,0,12
Lo-Reninge,32030,2020-04-19,0,12
Lo-Reninge,32030,2020-04-20,0,12
Lo-Reninge,32030,2020-04-21,1,13
Lo-Reninge,32030,2020-04-22,0,13
Lo-Reninge,32030,2020-04-23,0,13
Lo-Reninge,32030,2020-04-24,0,13
Lo-Reninge,32030,2020-04-25,0,13
Lo-Reninge,32030,2020-04-26,0,13
Lo-Reninge,32030,2020-04-27,0,13
Lo-Reninge,32030,2020-04-28,0,13
Lo-Reninge,32030,2020-04-29,0,13
Lo-Reninge,32030,2020-04-30,0,13
Lo-Reninge,32030,2020-05-01,0,13
Lo-Reninge,32030,2020-05-02,1,14
Lo-Reninge,32030,2020-05-03,0,14
Lo-Reninge,32030,2020-05-04,0,14
Lo-Reninge,32030,2020-05-05,0,14
Lo-Reninge,32030,2020-05-06,0,14
Lo-Reninge,32030,2020-05-07,0,14
Lo-Reninge,32030,2020-05-08,0,14
Lo-Reninge,32030,2020-05-09,0,14
Lo-Reninge,32030,2020-05-10,0,14
Lo-Reninge,32030,2020-05-11,1,15
Lo-Reninge,32030,2020-05-12,0,15
Lo-Reninge,32030,2020-05-13,0,15
Lo-Reninge,32030,2020-05-14,0,15
Lo-Reninge,32030,2020-05-15,0,15
Lo-Reninge,32030,2020-05-16,0,15
Lo-Reninge,32030,2020-05-17,0,15
Lo-Reninge,32030,2020-05-18,0,15
Lo-Reninge,32030,2020-05-19,1,16
Lo-Reninge,32030,2020-05-20,0,16
Lo-Reninge,32030,2020-05-21,0,16
Lo-Reninge,32030,2020-05-22,0,16
Lo-Reninge,32030,2020-05-23,0,16
Lo-Reninge,32030,2020-05-24,0,16
Lo-Reninge,32030,2020-05-25,0,16
Lo-Reninge,32030,2020-05-26,0,16
Lo-Reninge,32030,2020-05-27,0,16
Lo-Reninge,32030,2020-05-28,0,16
Lo-Reninge,32030,2020-05-29,0,16
Lo-Reninge,32030,2020-05-30,0,16
Lo-Reninge,32030,2020-05-31,0,16
Lo-Reninge,32030,2020-06-01,0,16
Lo-Reninge,32030,2020-06-02,0,16
Lo-Reninge,32030,2020-06-03,0,16
Lo-Reninge,32030,2020-06-04,0,16
Lo-Reninge,32030,2020-06-05,0,16
Lo-Reninge,32030,2020-06-06,0,16
Lo-Reninge,32030,2020-06-07,0,16
Lo-Reninge,32030,2020-06-08,1,17
Lo-Reninge,32030,2020-06-09,0,17
Lo-Reninge,32030,2020-06-10,0,17
Lo-Reninge,32030,2020-06-11,0,17
Lo-Reninge,32030,2020-06-12,0,17
Lo-Reninge,32030,2020-06-13,0,17
Lo-Reninge,32030,2020-06-14,0,17
Lo-Reninge,32030,2020-06-15,0,17
Lo-Reninge,32030,2020-06-16,0,17
Lo-Reninge,32030,2020-06-17,0,17
Lo-Reninge,32030,2020-06-18,0,17
Lo-Reninge,32030,2020-06-19,0,17
Lo-Reninge,32030,2020-06-20,0,17
Lo-Reninge,32030,2020-06-23,0,17
Lo-Reninge,32030,2020-06-24,0,17
Lo-Reninge,32030,2020-06-25,0,17
Lo-Reninge,32030,2020-06-26,0,17
Lo-Reninge,32030,2020-06-27,0,17
Lo-Reninge,32030,2020-06-30,0,17
Lo-Reninge,32030,2020-07-01,0,17
Lo-Reninge,32030,2020-07-02,0,17
Lo-Reninge,32030,2020-07-03,0,17
Lo-Reninge,32030,2020-07-04,0,17
Lo-Reninge,32030,2020-07-07,0,17
Lo-Reninge,32030,2020-07-08,0,17
Lo-Reninge,32030,2020-07-09,0,17
Lo-Reninge,32030,2020-07-10,0,17
Lo-Reninge,32030,2020-07-11,0,17
Lo-Reninge,32030,2020-07-14,0,17
Lo-Reninge,32030,2020-07-15,0,17
Lo-Reninge,32030,2020-07-16,0,17
Lo-Reninge,32030,2020-07-17,0,17
Lo-Reninge,32030,2020-07-18,0,17
Lo-Reninge,32030,2020-07-20,0,17
Lo-Reninge,32030,2020-07-21,0,17
Lo-Reninge,32030,2020-07-22,0,17
Lo-Reninge,32030,2020-07-23,0,17
Lo-Reninge,32030,2020-07-24,0,17
Lo-Reninge,32030,2020-07-25,0,17
Lo-Reninge,32030,2020-07-26,0,17
Lo-Reninge,32030,2020-07-27,0,17
Lo-Reninge,32030,2020-07-28,0,17
Lo-Reninge,32030,2020-07-29,0,17
Lo-Reninge,32030,2020-07-30,0,17
Lo-Reninge,32030,2020-07-31,0,17
Lo-Reninge,32030,2020-08-01,0,17
Lo-Reninge,32030,2020-08-02,0,17
Lo-Reninge,32030,2020-08-03,0,17
Lo-Reninge,32030,2020-08-04,0,17
Lo-Reninge,32030,2020-08-05,0,17
Lo-Reninge,32030,2020-08-06,0,17
Lo-Reninge,32030,2020-08-07,0,17
Lo-Reninge,32030,2020-08-08,1,18
Lo-Reninge,32030,2020-08-09,0,18
Lo-Reninge,32030,2020-08-10,0,18
Lo-Reninge,32030,2020-08-11,0,18
Lo-Reninge,32030,2020-08-12,0,18
Lo-Reninge,32030,2020-08-13,0,18
Lo-Reninge,32030,2020-08-14,1,19
Lo-Reninge,32030,2020-08-15,0,19
Lo-Reninge,32030,2020-08-16,0,19
Lo-Reninge,32030,2020-08-17,0,19
Lo-Reninge,32030,2020-08-18,0,19
Lo-Reninge,32030,2020-08-19,0,19
Lo-Reninge,32030,2020-08-20,0,19
Lo-Reninge,32030,2020-08-21,0,19
Lo-Reninge,32030,2020-08-22,0,19
Lo-Reninge,32030,2020-08-23,0,19
Lo-Reninge,32030,2020-08-24,0,19
Lo-Reninge,32030,2020-08-25,0,19
Lo-Reninge,32030,2020-08-26,0,19
Lo-Reninge,32030,2020-08-27,0,19
Lo-Reninge,32030,2020-08-28,0,19
Lo-Reninge,32030,2020-08-29,0,19
Lo-Reninge,32030,2020-08-30,0,19
Lo-Reninge,32030,2020-08-31,0,19
Lo-Reninge,32030,2020-09-01,0,19
Lo-Reninge,32030,2020-09-02,0,19
Lo-Reninge,32030,2020-09-03,0,19
Lo-Reninge,32030,2020-09-04,0,19
Lo-Reninge,32030,2020-09-05,0,19
Lo-Reninge,32030,2020-09-06,0,19
Lo-Reninge,32030,2020-09-07,0,19
Lo-Reninge,32030,2020-09-08,0,19
Lo-Reninge,32030,2020-09-09,5,24
Lo-Reninge,32030,2020-09-10,0,24
Lo-Reninge,32030,2020-09-11,15,39
Lo-Reninge,32030,2020-09-12,3,42
Lo-Reninge,32030,2020-09-13,6,48
Lo-Reninge,32030,2020-09-14,5,53
Lo-Reninge,32030,2020-09-15,2,55
Lo-Reninge,32030,2020-09-16,0,55
Lo-Reninge,32030,2020-09-17,2,57
Lo-Reninge,32030,2020-09-18,4,61
Lo-Reninge,32030,2020-09-19,0,61
Lo-Reninge,32030,2020-09-20,1,62
Lo-Reninge,32030,2020-09-21,2,64
Lo-Reninge,32030,2020-09-22,2,66
Lo-Reninge,32030,2020-09-23,0,66
Lo-Reninge,32030,2020-09-24,0,66
Lo-Reninge,32030,2020-09-25,1,67
Lo-Reninge,32030,2020-09-26,0,67
Lo-Reninge,32030,2020-09-27,0,67
Lo-Reninge,32030,2020-09-28,0,67
Lo-Reninge,32030,2020-09-29,0,67
Lo-Reninge,32030,2020-09-30,0,67
Lo-Reninge,32030,2020-10-01,0,67
Lo-Reninge,32030,2020-10-02,1,68
Lo-Reninge,32030,2020-10-03,0,68
Lo-Reninge,32030,2020-10-04,0,68
Lo-Reninge,32030,2020-10-05,0,68
Lo-Reninge,32030,2020-10-06,0,68
Lo-Reninge,32030,2020-10-07,0,68
Lo-Reninge,32030,2020-10-08,0,68
Lo-Reninge,32030,2020-10-09,2,70
Lo-Reninge,32030,2020-10-10,1,71
Lo-Reninge,32030,2020-10-11,1,72
Lo-Reninge,32030,2020-10-12,1,73
Lo-Reninge,32030,2020-10-13,0,73
Lo-Reninge,32030,2020-10-14,2,75
Lo-Reninge,32030,2020-10-15,1,76
Lo-Reninge,32030,2020-10-16,3,79
Lo-Reninge,32030,2020-10-17,7,86
Lo-Reninge,32030,2020-10-18,4,90
Lo-Reninge,32030,2020-10-19,3,93
Lo-Reninge,32030,2020-10-20,1,94
Lo-Reninge,32030,2020-10-21,0,94
Lo-Reninge,32030,2020-10-22,2,96
Lo-Reninge,32030,2020-10-23,2,98
Lo-Reninge,32030,2020-10-24,6,104
Lo-Reninge,32030,2020-10-25,4,108
Lo-Reninge,32030,2020-10-26,1,109
Lo-Reninge,32030,2020-10-27,2,111
Lo-Reninge,32030,2020-10-28,0,111
Lo-Reninge,32030,2020-10-29,2,113
Lo-Reninge,32030,2020-10-30,3,116
Lo-Reninge,32030,2020-10-31,2,118
Lo-Reninge,32030,2020-11-01,0,118
Lo-Reninge,32030,2020-11-02,0,118
Lo-Reninge,32030,2020-11-03,2,120
Lo-Reninge,32030,2020-11-04,0,120
Lo-Reninge,32030,2020-11-05,0,120
Lo-Reninge,32030,2020-11-06,2,122
Lo-Reninge,32030,2020-11-07,0,122
Lo-Reninge,32030,2020-11-08,0,122
Lo-Reninge,32030,2020-11-09,1,123
Lo-Reninge,32030,2020-11-10,0,123
Lo-Reninge,32030,2020-11-11,2,125
Ieper,33011,2020-04-01,7,76
Ieper,33011,2020-04-02,4,80
Ieper,33011,2020-04-03,4,84
Ieper,33011,2020-04-04,8,92
Ieper,33011,2020-04-05,8,100
Ieper,33011,2020-04-06,1,101
Ieper,33011,2020-04-07,4,105
Ieper,33011,2020-04-08,0,105
Ieper,33011,2020-04-09,24,129
Ieper,33011,2020-04-10,15,144
Ieper,33011,2020-04-11,4,148
Ieper,33011,2020-04-12,2,150
Ieper,33011,2020-04-13,10,160
Ieper,33011,2020-04-14,5,165
Ieper,33011,2020-04-15,9,174
Ieper,33011,2020-04-16,19,193
Ieper,33011,2020-04-17,6,199
Ieper,33011,2020-04-18,9,208
Ieper,33011,2020-04-19,4,212
Ieper,33011,2020-04-20,4,216
Ieper,33011,2020-04-21,1,217
Ieper,33011,2020-04-22,2,219
Ieper,33011,2020-04-23,-1,218
Ieper,33011,2020-04-24,2,220
Ieper,33011,2020-04-25,0,220
Ieper,33011,2020-04-26,6,226
Ieper,33011,2020-04-27,0,226
Ieper,33011,2020-04-28,0,226
Ieper,33011,2020-04-29,1,227
Ieper,33011,2020-04-30,7,234
Ieper,33011,2020-05-01,2,236
Ieper,33011,2020-05-02,2,238
Ieper,33011,2020-05-03,0,238
Ieper,33011,2020-05-04,0,238
Ieper,33011,2020-05-05,1,239
Ieper,33011,2020-05-06,2,241
Ieper,33011,2020-05-07,0,241
Ieper,33011,2020-05-08,4,245
Ieper,33011,2020-05-09,1,246
Ieper,33011,2020-05-10,3,249
Ieper,33011,2020-05-11,1,250
Ieper,33011,2020-05-12,2,252
Ieper,33011,2020-05-13,1,253
Ieper,33011,2020-05-14,0,253
Ieper,33011,2020-05-15,5,258
Ieper,33011,2020-05-16,1,259
Ieper,33011,2020-05-17,2,261
Ieper,33011,2020-05-18,1,262
Ieper,33011,2020-05-19,3,265
Ieper,33011,2020-05-20,2,267
Ieper,33011,2020-05-21,1,268
Ieper,33011,2020-05-22,0,268
Ieper,33011,2020-05-23,1,269
Ieper,33011,2020-05-24,0,269
Ieper,33011,2020-05-25,3,272
Ieper,33011,2020-05-26,0,272
Ieper,33011,2020-05-27,1,273
Ieper,33011,2020-05-28,0,273
Ieper,33011,2020-05-29,2,275
Ieper,33011,2020-05-30,0,275
Ieper,33011,2020-05-31,0,275
Ieper,33011,2020-06-01,0,275
Ieper,33011,2020-06-02,0,275
Ieper,33011,2020-06-03,0,275
Ieper,33011,2020-06-04,0,275
Ieper,33011,2020-06-05,0,275
Ieper,33011,2020-06-06,0,275
Ieper,33011,2020-06-07,0,275
Ieper,33011,2020-06-08,0,275
Ieper,33011,2020-06-09,0,275
Ieper,33011,2020-06-10,0,275
Ieper,33011,2020-06-11,0,275
Ieper,33011,2020-06-12,0,275
Ieper,33011,2020-06-13,0,275
Ieper,33011,2020-06-14,0,275
Ieper,33011,2020-06-15,0,275
Ieper,33011,2020-06-16,0,275
Ieper,33011,2020-06-17,0,275
Ieper,33011,2020-06-18,0,275
Ieper,33011,2020-06-19,0,275
Ieper,33011,2020-06-20,0,275
Ieper,33011,2020-06-23,1,276
Ieper,33011,2020-06-24,0,276
Ieper,33011,2020-06-25,0,276
Ieper,33011,2020-06-26,0,276
Ieper,33011,2020-06-27,0,276
Ieper,33011,2020-06-30,0,276
Ieper,33011,2020-07-01,1,277
Ieper,33011,2020-07-02,0,277
Ieper,33011,2020-07-03,0,277
Ieper,33011,2020-07-04,0,277
Ieper,33011,2020-07-07,3,280
Ieper,33011,2020-07-08,0,280
Ieper,33011,2020-07-09,0,280
Ieper,33011,2020-07-10,0,280
Ieper,33011,2020-07-11,0,280
Ieper,33011,2020-07-14,1,281
Ieper,33011,2020-07-15,0,281
Ieper,33011,2020-07-16,0,281
Ieper,33011,2020-07-17,0,281
Ieper,33011,2020-07-18,1,282
Ieper,33011,2020-07-20,1,283
Ieper,33011,2020-07-21,0,283
Ieper,33011,2020-07-22,0,283
Ieper,33011,2020-07-23,0,283
Ieper,33011,2020-07-24,0,283
Ieper,33011,2020-07-25,0,283
Ieper,33011,2020-07-26,0,283
Ieper,33011,2020-07-27,0,283
Ieper,33011,2020-07-28,0,283
Ieper,33011,2020-07-29,0,283
Ieper,33011,2020-07-30,0,283
Ieper,33011,2020-07-31,2,285
Ieper,33011,2020-08-01,0,285
Ieper,33011,2020-08-02,0,285
Ieper,33011,2020-08-03,0,285
Ieper,33011,2020-08-04,0,285
Ieper,33011,2020-08-05,0,285
Ieper,33011,2020-08-06,0,285
Ieper,33011,2020-08-07,0,285
Ieper,33011,2020-08-08,1,286
Ieper,33011,2020-08-09,1,287
Ieper,33011,2020-08-10,0,287
Ieper,33011,2020-08-11,1,288
Ieper,33011,2020-08-12,0,288
Ieper,33011,2020-08-13,0,288
Ieper,33011,2020-08-14,0,288
Ieper,33011,2020-08-15,0,288
Ieper,33011,2020-08-16,1,289
Ieper,33011,2020-08-17,0,289
Ieper,33011,2020-08-18,0,289
Ieper,33011,2020-08-19,1,290
Ieper,33011,2020-08-20,0,290
Ieper,33011,2020-08-21,0,290
Ieper,33011,2020-08-22,1,291
Ieper,33011,2020-08-23,0,291
Ieper,33011,2020-08-24,4,295
Ieper,33011,2020-08-25,0,295
Ieper,33011,2020-08-26,1,296
Ieper,33011,2020-08-27,1,297
Ieper,33011,2020-08-28,0,297
Ieper,33011,2020-08-29,0,297
Ieper,33011,2020-08-30,1,298
Ieper,33011,2020-08-31,0,298
Ieper,33011,2020-09-01,0,298
Ieper,33011,2020-09-02,0,298
Ieper,33011,2020-09-03,3,301
Ieper,33011,2020-09-04,4,305
Ieper,33011,2020-09-05,3,308
Ieper,33011,2020-09-06,4,312
Ieper,33011,2020-09-07,2,314
Ieper,33011,2020-09-08,0,314
Ieper,33011,2020-09-09,3,317
Ieper,33011,2020-09-10,0,317
Ieper,33011,2020-09-11,4,321
Ieper,33011,2020-09-12,2,323
Ieper,33011,2020-09-13,3,326
Ieper,33011,2020-09-14,3,329
Ieper,33011,2020-09-15,2,331
Ieper,33011,2020-09-16,3,334
Ieper,33011,2020-09-17,5,339
Ieper,33011,2020-09-18,7,346
Ieper,33011,2020-09-19,5,351
Ieper,33011,2020-09-20,5,356
Ieper,33011,2020-09-21,5,361
Ieper,33011,2020-09-22,3,364
Ieper,33011,2020-09-23,3,367
Ieper,33011,2020-09-24,10,377
Ieper,33011,2020-09-25,5,382
Ieper,33011,2020-09-26,13,395
Ieper,33011,2020-09-27,8,403
Ieper,33011,2020-09-28,2,405
Ieper,33011,2020-09-29,10,415
Ieper,33011,2020-09-30,5,420
Ieper,33011,2020-10-01,2,422
Ieper,33011,2020-10-02,4,426
Ieper,33011,2020-10-03,5,431
Ieper,33011,2020-10-04,5,436
Ieper,33011,2020-10-05,7,443
Ieper,33011,2020-10-06,3,446
Ieper,33011,2020-10-07,3,449
Ieper,33011,2020-10-08,35,484
Ieper,33011,2020-10-09,10,494
Ieper,33011,2020-10-10,17,511
Ieper,33011,2020-10-11,26,537
Ieper,33011,2020-10-12,15,552
Ieper,33011,2020-10-13,13,565
Ieper,33011,2020-10-14,18,583
Ieper,33011,2020-10-15,22,605
Ieper,33011,2020-10-16,16,621
Ieper,33011,2020-10-17,12,633
Ieper,33011,2020-10-18,31,664
Ieper,33011,2020-10-19,12,676
Ieper,33011,2020-10-20,15,691
Ieper,33011,2020-10-21,10,701
Ieper,33011,2020-10-22,28,729
Ieper,33011,2020-10-23,22,751
Ieper,33011,2020-10-24,36,787
Ieper,33011,2020-10-25,18,805
Ieper,33011,2020-10-26,23,828
Ieper,33011,2020-10-27,16,844
Ieper,33011,2020-10-28,19,863
Ieper,33011,2020-10-29,48,911
Ieper,33011,2020-10-30,43,954
Ieper,33011,2020-10-31,35,989
Ieper,33011,2020-11-01,22,1011
Ieper,33011,2020-11-02,34,1045
Ieper,33011,2020-11-03,14,1059
Ieper,33011,2020-11-04,31,1090
Ieper,33011,2020-11-05,27,1117
Ieper,33011,2020-11-06,22,1139
Ieper,33011,2020-11-07,17,1156
Ieper,33011,2020-11-08,28,1184
Ieper,33011,2020-11-09,22,1206
Ieper,33011,2020-11-10,3,1209
Ieper,33011,2020-11-11,6,1215
Mesen,33016,2020-04-01,0,0
Mesen,33016,2020-04-02,0,0
Mesen,33016,2020-04-03,0,0
Mesen,33016,2020-04-04,0,0
Mesen,33016,2020-04-05,0,0
Mesen,33016,2020-04-06,0,0
Mesen,33016,2020-04-07,0,0
Mesen,33016,2020-04-08,0,0
Mesen,33016,2020-04-09,5,5
Mesen,33016,2020-04-10,0,5
Mesen,33016,2020-04-11,0,5
Mesen,33016,2020-04-12,0,5
Mesen,33016,2020-04-13,1,6
Mesen,33016,2020-04-14,0,6
Mesen,33016,2020-04-15,0,6
Mesen,33016,2020-04-16,0,6
Mesen,33016,2020-04-17,0,6
Mesen,33016,2020-04-18,0,6
Mesen,33016,2020-04-19,0,6
Mesen,33016,2020-04-20,0,6
Mesen,33016,2020-04-21,0,6
Mesen,33016,2020-04-22,0,6
Mesen,33016,2020-04-23,0,6
Mesen,33016,2020-04-24,0,6
Mesen,33016,2020-04-25,0,6
Mesen,33016,2020-04-26,0,6
Mesen,33016,2020-04-27,0,6
Mesen,33016,2020-04-28,0,6
Mesen,33016,2020-04-29,0,6
Mesen,33016,2020-04-30,0,6
Mesen,33016,2020-05-01,0,6
Mesen,33016,2020-05-02,0,6
Mesen,33016,2020-05-03,0,6
Mesen,33016,2020-05-04,0,6
Mesen,33016,2020-05-05,0,6
Mesen,33016,2020-05-06,0,6
Mesen,33016,2020-05-07,0,6
Mesen,33016,2020-05-08,0,6
Mesen,33016,2020-05-09,0,6
Mesen,33016,2020-05-10,0,6
Mesen,33016,2020-05-11,0,6
Mesen,33016,2020-05-12,0,6
Mesen,33016,2020-05-13,0,6
Mesen,33016,2020-05-14,0,6
Mesen,33016,2020-05-15,0,6
Mesen,33016,2020-05-16,0,6
Mesen,33016,2020-05-17,0,6
Mesen,33016,2020-05-18,0,6
Mesen,33016,2020-05-19,0,6
Mesen,33016,2020-05-20,1,7
Mesen,33016,2020-05-21,0,7
Mesen,33016,2020-05-22,0,7
Mesen,33016,2020-05-23,0,7
Mesen,33016,2020-05-24,0,7
Mesen,33016,2020-05-25,0,7
Mesen,33016,2020-05-26,0,7
Mesen,33016,2020-05-27,0,7
Mesen,33016,2020-05-28,0,7
Mesen,33016,2020-05-29,0,7
Mesen,33016,2020-05-30,0,7
Mesen,33016,2020-05-31,0,7
Mesen,33016,2020-06-01,0,7
Mesen,33016,2020-06-02,0,7
Mesen,33016,2020-06-03,0,7
Mesen,33016,2020-06-04,0,7
Mesen,33016,2020-06-05,0,7
Mesen,33016,2020-06-06,0,7
Mesen,33016,2020-06-07,0,7
Mesen,33016,2020-06-08,0,7
Mesen,33016,2020-06-09,0,7
Mesen,33016,2020-06-10,0,7
Mesen,33016,2020-06-11,0,7
Mesen,33016,2020-06-12,0,7
Mesen,33016,2020-06-13,0,7
Mesen,33016,2020-06-14,0,7
Mesen,33016,2020-06-15,0,7
Mesen,33016,2020-06-16,0,7
Mesen,33016,2020-06-17,0,7
Mesen,33016,2020-06-18,0,7
Mesen,33016,2020-06-19,0,7
Mesen,33016,2020-06-20,0,7
Mesen,33016,2020-06-23,0,7
Mesen,33016,2020-06-24,0,7
Mesen,33016,2020-06-25,0,7
Mesen,33016,2020-06-26,0,7
Mesen,33016,2020-06-27,0,7
Mesen,33016,2020-06-30,0,7
Mesen,33016,2020-07-01,0,7
Mesen,33016,2020-07-02,0,7
Mesen,33016,2020-07-03,0,7
Mesen,33016,2020-07-04,0,7
Mesen,33016,2020-07-07,0,7
Mesen,33016,2020-07-08,0,7
Mesen,33016,2020-07-09,0,7
Mesen,33016,2020-07-10,0,7
Mesen,33016,2020-07-11,0,7
Mesen,33016,2020-07-14,0,7
Mesen,33016,2020-07-15,0,7
Mesen,33016,2020-07-16,0,7
Mesen,33016,2020-07-17,0,7
Mesen,33016,2020-07-18,0,7
Mesen,33016,2020-07-20,0,7
Mesen,33016,2020-07-21,0,7
Mesen,33016,2020-07-22,0,7
Mesen,33016,2020-07-23,0,7
Mesen,33016,2020-07-24,0,7
Mesen,33016,2020-07-25,0,7
Mesen,33016,2020-07-26,0,7
Mesen,33016,2020-07-27,0,7
Mesen,33016,2020-07-28,0,7
Mesen,33016,2020-07-29,0,7
Mesen,33016,2020-07-30,0,7
Mesen,33016,2020-07-31,0,7
Mesen,33016,2020-08-01,0,7
Mesen,33016,2020-08-02,0,7
Mesen,33016,2020-08-03,0,7
Mesen,33016,2020-08-04,0,7
Mesen,33016,2020-08-05,0,7
Mesen,33016,2020-08-06,0,7
Mesen,33016,2020-08-07,0,7
Mesen,33016,2020-08-08,0,7
Mesen,33016,2020-08-09,0,7
Mesen,33016,2020-08-10,0,7
Mesen,33016,2020-08-11,0,7
Mesen,33016,2020-08-12,0,7
Mesen,33016,2020-08-13,0,7
Mesen,33016,2020-08-14,0,7
Mesen,33016,2020-08-15,0,7
Mesen,33016,2020-08-16,0,7
Mesen,33016,2020-08-17,0,7
Mesen,33016,2020-08-18,0,7
Mesen,33016,2020-08-19,0,7
Mesen,33016,2020-08-20,0,7
Mesen,33016,2020-08-21,0,7
Mesen,33016,2020-08-22,0,7
Mesen,33016,2020-08-23,0,7
Mesen,33016,2020-08-24,0,7
Mesen,33016,2020-08-25,0,7
Mesen,33016,2020-08-26,0,7
Mesen,33016,2020-08-27,0,7
Mesen,33016,2020-08-28,0,7
Mesen,33016,2020-08-29,0,7
Mesen,33016,2020-08-30,0,7
Mesen,33016,2020-08-31,0,7
Mesen,33016,2020-09-01,0,7
Mesen,33016,2020-09-02,0,7
Mesen,33016,2020-09-03,0,7
Mesen,33016,2020-09-04,0,7
Mesen,33016,2020-09-05,0,7
Mesen,33016,2020-09-06,0,7
Mesen,33016,2020-09-07,0,7
Mesen,33016,2020-09-08,0,7
Mesen,33016,2020-09-09,0,7
Mesen,33016,2020-09-10,0,7
Mesen,33016,2020-09-11,1,8
Mesen,33016,2020-09-12,0,8
Mesen,33016,2020-09-13,0,8
Mesen,33016,2020-09-14,1,9
Mesen,33016,2020-09-15,0,9
Mesen,33016,2020-09-16,0,9
Mesen,33016,2020-09-17,0,9
Mesen,33016,2020-09-18,0,9
Mesen,33016,2020-09-19,0,9
Mesen,33016,2020-09-20,0,9
Mesen,33016,2020-09-21,0,9
Mesen,33016,2020-09-22,0,9
Mesen,33016,2020-09-23,0,9
Mesen,33016,2020-09-24,1,10
Mesen,33016,2020-09-25,0,10
Mesen,33016,2020-09-26,0,10
Mesen,33016,2020-09-27,0,10
Mesen,33016,2020-09-28,0,10
Mesen,33016,2020-09-29,0,10
Mesen,33016,2020-09-30,0,10
Mesen,33016,2020-10-01,0,10
Mesen,33016,2020-10-02,0,10
Mesen,33016,2020-10-03,0,10
Mesen,33016,2020-10-04,0,10
Mesen,33016,2020-10-05,0,10
Mesen,33016,2020-10-06,0,10
Mesen,33016,2020-10-07,0,10
Mesen,33016,2020-10-08,1,11
Mesen,33016,2020-10-09,1,12
Mesen,33016,2020-10-10,1,13
Mesen,33016,2020-10-11,2,15
Mesen,33016,2020-10-12,2,17
Mesen,33016,2020-10-13,0,17
Mesen,33016,2020-10-14,1,18
Mesen,33016,2020-10-15,1,19
Mesen,33016,2020-10-16,0,19
Mesen,33016,2020-10-17,1,20
Mesen,33016,2020-10-18,0,20
Mesen,33016,2020-10-19,0,20
Mesen,33016,2020-10-20,2,22
Mesen,33016,2020-10-21,0,22
Mesen,33016,2020-10-22,0,22
Mesen,33016,2020-10-23,0,22
Mesen,33016,2020-10-24,3,25
Mesen,33016,2020-10-25,0,25
Mesen,33016,2020-10-26,0,25
Mesen,33016,2020-10-27,1,26
Mesen,33016,2020-10-28,2,28
Mesen,33016,2020-10-29,2,30
Mesen,33016,2020-10-30,1,31
Mesen,33016,2020-10-31,3,34
Mesen,33016,2020-11-01,3,37
Mesen,33016,2020-11-02,1,38
Mesen,33016,2020-11-03,0,38
Mesen,33016,2020-11-04,1,39
Mesen,33016,2020-11-05,1,40
Mesen,33016,2020-11-06,1,41
Mesen,33016,2020-11-07,1,42
Mesen,33016,2020-11-08,0,42
Mesen,33016,2020-11-09,1,43
Mesen,33016,2020-11-10,1,44
Mesen,33016,2020-11-11,0,44
Poperinge,33021,2020-04-01,7,26
Poperinge,33021,2020-04-02,2,28
Poperinge,33021,2020-04-03,6,34
Poperinge,33021,2020-04-04,3,37
Poperinge,33021,2020-04-05,1,38
Poperinge,33021,2020-04-06,0,38
Poperinge,33021,2020-04-07,0,38
Poperinge,33021,2020-04-08,1,39
Poperinge,33021,2020-04-09,6,45
Poperinge,33021,2020-04-10,1,46
Poperinge,33021,2020-04-11,1,47
Poperinge,33021,2020-04-12,0,47
Poperinge,33021,2020-04-13,8,55
Poperinge,33021,2020-04-14,0,55
Poperinge,33021,2020-04-15,3,58
Poperinge,33021,2020-04-16,3,61
Poperinge,33021,2020-04-17,0,61
Poperinge,33021,2020-04-18,4,65
Poperinge,33021,2020-04-19,1,66
Poperinge,33021,2020-04-20,0,66
Poperinge,33021,2020-04-21,-1,65
Poperinge,33021,2020-04-22,1,66
Poperinge,33021,2020-04-23,1,67
Poperinge,33021,2020-04-24,1,68
Poperinge,33021,2020-04-25,1,69
Poperinge,33021,2020-04-26,1,70
Poperinge,33021,2020-04-27,0,70
Poperinge,33021,2020-04-28,0,70
Poperinge,33021,2020-04-29,0,70
Poperinge,33021,2020-04-30,3,73
Poperinge,33021,2020-05-01,0,73
Poperinge,33021,2020-05-02,0,73
Poperinge,33021,2020-05-03,1,74
Poperinge,33021,2020-05-04,0,74
Poperinge,33021,2020-05-05,0,74
Poperinge,33021,2020-05-06,2,76
Poperinge,33021,2020-05-07,1,77
Poperinge,33021,2020-05-08,2,79
Poperinge,33021,2020-05-09,0,79
Poperinge,33021,2020-05-10,0,79
Poperinge,33021,2020-05-11,1,80
Poperinge,33021,2020-05-12,0,80
Poperinge,33021,2020-05-13,0,80
Poperinge,33021,2020-05-14,0,80
Poperinge,33021,2020-05-15,5,85
Poperinge,33021,2020-05-16,1,86
Poperinge,33021,2020-05-17,1,87
Poperinge,33021,2020-05-18,0,87
Poperinge,33021,2020-05-19,1,88
Poperinge,33021,2020-05-20,0,88
Poperinge,33021,2020-05-21,1,89
Poperinge,33021,2020-05-22,0,89
Poperinge,33021,2020-05-23,0,89
Poperinge,33021,2020-05-24,0,89
Poperinge,33021,2020-05-25,1,90
Poperinge,33021,2020-05-26,0,90
Poperinge,33021,2020-05-27,0,90
Poperinge,33021,2020-05-28,0,90
Poperinge,33021,2020-05-29,0,90
Poperinge,33021,2020-05-30,0,90
Poperinge,33021,2020-05-31,0,90
Poperinge,33021,2020-06-01,0,90
Poperinge,33021,2020-06-02,0,90
Poperinge,33021,2020-06-03,0,90
Poperinge,33021,2020-06-04,0,90
Poperinge,33021,2020-06-05,0,90
Poperinge,33021,2020-06-06,0,90
Poperinge,33021,2020-06-07,0,90
Poperinge,33021,2020-06-08,0,90
Poperinge,33021,2020-06-09,0,90
Poperinge,33021,2020-06-10,0,90
Poperinge,33021,2020-06-11,0,90
Poperinge,33021,2020-06-12,0,90
Poperinge,33021,2020-06-13,0,90
Poperinge,33021,2020-06-14,0,90
Poperinge,33021,2020-06-15,0,90
Poperinge,33021,2020-06-16,0,90
Poperinge,33021,2020-06-17,0,90
Poperinge,33021,2020-06-18,0,90
Poperinge,33021,2020-06-19,0,90
Poperinge,33021,2020-06-20,0,90
Poperinge,33021,2020-06-23,0,90
Poperinge,33021,2020-06-24,0,90
Poperinge,33021,2020-06-25,0,90
Poperinge,33021,2020-06-26,0,90
Poperinge,33021,2020-06-27,0,90
Poperinge,33021,2020-06-30,0,90
Poperinge,33021,2020-07-01,0,90
Poperinge,33021,2020-07-02,0,90
Poperinge,33021,2020-07-03,0,90
Poperinge,33021,2020-07-04,0,90
Poperinge,33021,2020-07-07,0,90
Poperinge,33021,2020-07-08,0,90
Poperinge,33021,2020-07-09,0,90
Poperinge,33021,2020-07-10,0,90
Poperinge,33021,2020-07-11,0,90
Poperinge,33021,2020-07-14,0,90
Poperinge,33021,2020-07-15,1,91
Poperinge,33021,2020-07-16,0,91
Poperinge,33021,2020-07-17,0,91
Poperinge,33021,2020-07-18,0,91
Poperinge,33021,2020-07-20,0,91
Poperinge,33021,2020-07-21,0,91
Poperinge,33021,2020-07-22,0,91
Poperinge,33021,2020-07-23,0,91
Poperinge,33021,2020-07-24,0,91
Poperinge,33021,2020-07-25,0,91
Poperinge,33021,2020-07-26,0,91
Poperinge,33021,2020-07-27,1,92
Poperinge,33021,2020-07-28,0,92
Poperinge,33021,2020-07-29,1,93
Poperinge,33021,2020-07-30,1,94
Poperinge,33021,2020-07-31,1,95
Poperinge,33021,2020-08-01,0,95
Poperinge,33021,2020-08-02,0,95
Poperinge,33021,2020-08-03,1,96
Poperinge,33021,2020-08-04,0,96
Poperinge,33021,2020-08-05,0,96
Poperinge,33021,2020-08-06,0,96
Poperinge,33021,2020-08-07,0,96
Poperinge,33021,2020-08-08,0,96
Poperinge,33021,2020-08-09,0,96
Poperinge,33021,2020-08-10,0,96
Poperinge,33021,2020-08-11,0,96
Poperinge,33021,2020-08-12,0,96
Poperinge,33021,2020-08-13,0,96
Poperinge,33021,2020-08-14,0,96
Poperinge,33021,2020-08-15,0,96
Poperinge,33021,2020-08-16,2,98
Poperinge,33021,2020-08-17,0,98
Poperinge,33021,2020-08-18,0,98
Poperinge,33021,2020-08-19,0,98
Poperinge,33021,2020-08-20,0,98
Poperinge,33021,2020-08-21,0,98
Poperinge,33021,2020-08-22,0,98
Poperinge,33021,2020-08-23,0,98
Poperinge,33021,2020-08-24,0,98
Poperinge,33021,2020-08-25,0,98
Poperinge,33021,2020-08-26,0,98
Poperinge,33021,2020-08-27,0,98
Poperinge,33021,2020-08-28,0,98
Poperinge,33021,2020-08-29,0,98
Poperinge,33021,2020-08-30,0,98
Poperinge,33021,2020-08-31,0,98
Poperinge,33021,2020-09-01,1,99
Poperinge,33021,2020-09-02,0,99
Poperinge,33021,2020-09-03,1,100
Poperinge,33021,2020-09-04,0,100
Poperinge,33021,2020-09-05,0,100
Poperinge,33021,2020-09-06,0,100
Poperinge,33021,2020-09-07,0,100
Poperinge,33021,2020-09-08,0,100
Poperinge,33021,2020-09-09,0,100
Poperinge,33021,2020-09-10,0,100
Poperinge,33021,2020-09-11,1,101
Poperinge,33021,2020-09-12,0,101
Poperinge,33021,2020-09-13,0,101
Poperinge,33021,2020-09-14,0,101
Poperinge,33021,2020-09-15,1,102
Poperinge,33021,2020-09-16,0,102
Poperinge,33021,2020-09-17,0,102
Poperinge,33021,2020-09-18,0,102
Poperinge,33021,2020-09-19,1,103
Poperinge,33021,2020-09-20,0,103
Poperinge,33021,2020-09-21,0,103
Poperinge,33021,2020-09-22,3,106
Poperinge,33021,2020-09-23,0,106
Poperinge,33021,2020-09-24,1,107
Poperinge,33021,2020-09-25,0,107
Poperinge,33021,2020-09-26,2,109
Poperinge,33021,2020-09-27,1,110
Poperinge,33021,2020-09-28,1,111
Poperinge,33021,2020-09-29,6,117
Poperinge,33021,2020-09-30,1,118
Poperinge,33021,2020-10-01,4,122
Poperinge,33021,2020-10-02,3,125
Poperinge,33021,2020-10-03,6,131
Poperinge,33021,2020-10-04,5,136
Poperinge,33021,2020-10-05,1,137
Poperinge,33021,2020-10-06,2,139
Poperinge,33021,2020-10-07,8,147
Poperinge,33021,2020-10-08,7,154
Poperinge,33021,2020-10-09,3,157
Poperinge,33021,2020-10-10,6,163
Poperinge,33021,2020-10-11,11,174
Poperinge,33021,2020-10-12,8,182
Poperinge,33021,2020-10-13,1,183
Poperinge,33021,2020-10-14,9,192
Poperinge,33021,2020-10-15,5,197
Poperinge,33021,2020-10-16,14,211
Poperinge,33021,2020-10-17,8,219
Poperinge,33021,2020-10-18,14,233
Poperinge,33021,2020-10-19,8,241
Poperinge,33021,2020-10-20,7,248
Poperinge,33021,2020-10-21,4,252
Poperinge,33021,2020-10-22,20,272
Poperinge,33021,2020-10-23,14,286
Poperinge,33021,2020-10-24,38,324
Poperinge,33021,2020-10-25,34,358
Poperinge,33021,2020-10-26,34,392
Poperinge,33021,2020-10-27,32,424
Poperinge,33021,2020-10-28,16,440
Poperinge,33021,2020-10-29,49,489
Poperinge,33021,2020-10-30,45,534
Poperinge,33021,2020-10-31,59,593
Poperinge,33021,2020-11-01,14,607
Poperinge,33021,2020-11-02,46,653
Poperinge,33021,2020-11-03,12,665
Poperinge,33021,2020-11-04,13,678
Poperinge,33021,2020-11-05,50,728
Poperinge,33021,2020-11-06,19,747
Poperinge,33021,2020-11-07,17,764
Poperinge,33021,2020-11-08,29,793
Poperinge,33021,2020-11-09,11,804
Poperinge,33021,2020-11-10,6,810
Poperinge,33021,2020-11-11,5,815
Wervik,33029,2020-04-01,3,37
Wervik,33029,2020-04-02,4,41
Wervik,33029,2020-04-03,3,44
Wervik,33029,2020-04-04,3,47
Wervik,33029,2020-04-05,1,48
Wervik,33029,2020-04-06,1,49
Wervik,33029,2020-04-07,3,52
Wervik,33029,2020-04-08,0,52
Wervik,33029,2020-04-09,8,60
Wervik,33029,2020-04-10,3,63
Wervik,33029,2020-04-11,2,65
Wervik,33029,2020-04-12,2,67
Wervik,33029,2020-04-13,1,68
Wervik,33029,2020-04-14,0,68
Wervik,33029,2020-04-15,2,70
Wervik,33029,2020-04-16,1,71
Wervik,33029,2020-04-17,2,73
Wervik,33029,2020-04-18,0,73
Wervik,33029,2020-04-19,1,74
Wervik,33029,2020-04-20,1,75
Wervik,33029,2020-04-21,3,78
Wervik,33029,2020-04-22,4,82
Wervik,33029,2020-04-23,2,84
Wervik,33029,2020-04-24,1,85
Wervik,33029,2020-04-25,1,86
Wervik,33029,2020-04-26,2,88
Wervik,33029,2020-04-27,1,89
Wervik,33029,2020-04-28,0,89
Wervik,33029,2020-04-29,2,91
Wervik,33029,2020-04-30,0,91
Wervik,33029,2020-05-01,1,92
Wervik,33029,2020-05-02,2,94
Wervik,33029,2020-05-03,0,94
Wervik,33029,2020-05-04,0,94
Wervik,33029,2020-05-05,0,94
Wervik,33029,2020-05-06,4,98
Wervik,33029,2020-05-07,5,103
Wervik,33029,2020-05-08,2,105
Wervik,33029,2020-05-09,3,108
Wervik,33029,2020-05-10,2,110
Wervik,33029,2020-05-11,1,111
Wervik,33029,2020-05-12,0,111
Wervik,33029,2020-05-13,0,111
Wervik,33029,2020-05-14,3,114
Wervik,33029,2020-05-15,3,117
Wervik,33029,2020-05-16,5,122
Wervik,33029,2020-05-17,5,127
Wervik,33029,2020-05-18,3,130
Wervik,33029,2020-05-19,3,133
Wervik,33029,2020-05-20,0,133
Wervik,33029,2020-05-21,0,133
Wervik,33029,2020-05-22,0,133
Wervik,33029,2020-05-23,0,133
Wervik,33029,2020-05-24,0,133
Wervik,33029,2020-05-25,1,134
Wervik,33029,2020-05-26,0,134
Wervik,33029,2020-05-27,0,134
Wervik,33029,2020-05-28,1,135
Wervik,33029,2020-05-29,0,135
Wervik,33029,2020-05-30,1,136
Wervik,33029,2020-05-31,1,137
Wervik,33029,2020-06-01,0,137
Wervik,33029,2020-06-02,0,137
Wervik,33029,2020-06-03,0,137
Wervik,33029,2020-06-04,0,137
Wervik,33029,2020-06-05,0,137
Wervik,33029,2020-06-06,0,137
Wervik,33029,2020-06-07,1,138
Wervik,33029,2020-06-08,0,138
Wervik,33029,2020-06-09,0,138
Wervik,33029,2020-06-10,0,138
Wervik,33029,2020-06-11,0,138
Wervik,33029,2020-06-12,1,139
Wervik,33029,2020-06-13,0,139
Wervik,33029,2020-06-14,0,139
Wervik,33029,2020-06-15,0,139
Wervik,33029,2020-06-16,0,139
Wervik,33029,2020-06-17,0,139
Wervik,33029,2020-06-18,0,139
Wervik,33029,2020-06-19,0,139
Wervik,33029,2020-06-20,0,139
Wervik,33029,2020-06-23,0,139
Wervik,33029,2020-06-24,0,139
Wervik,33029,2020-06-25,0,139
Wervik,33029,2020-06-26,0,139
Wervik,33029,2020-06-27,0,139
Wervik,33029,2020-06-30,0,139
Wervik,33029,2020-07-01,0,139
Wervik,33029,2020-07-02,0,139
Wervik,33029,2020-07-03,0,139
Wervik,33029,2020-07-04,0,139
Wervik,33029,2020-07-07,0,139
Wervik,33029,2020-07-08,0,139
Wervik,33029,2020-07-09,0,139
Wervik,33029,2020-07-10,1,140
Wervik,33029,2020-07-11,1,141
Wervik,33029,2020-07-14,1,142
Wervik,33029,2020-07-15,1,143
Wervik,33029,2020-07-16,0,143
Wervik,33029,2020-07-17,0,143
Wervik,33029,2020-07-18,2,145
Wervik,33029,2020-07-20,2,147
Wervik,33029,2020-07-21,1,148
Wervik,33029,2020-07-22,0,148
Wervik,33029,2020-07-23,0,148
Wervik,33029,2020-07-24,1,149
Wervik,33029,2020-07-25,0,149
Wervik,33029,2020-07-26,0,149
Wervik,33029,2020-07-27,0,149
Wervik,33029,2020-07-28,0,149
Wervik,33029,2020-07-29,0,149
Wervik,33029,2020-07-30,0,149
Wervik,33029,2020-07-31,1,150
Wervik,33029,2020-08-01,0,150
Wervik,33029,2020-08-02,0,150
Wervik,33029,2020-08-03,0,150
Wervik,33029,2020-08-04,0,150
Wervik,33029,2020-08-05,0,150
Wervik,33029,2020-08-06,0,150
Wervik,33029,2020-08-07,1,151
Wervik,33029,2020-08-08,1,152
Wervik,33029,2020-08-09,0,152
Wervik,33029,2020-08-10,-1,151
Wervik,33029,2020-08-11,1,152
Wervik,33029,2020-08-12,0,152
Wervik,33029,2020-08-13,0,152
Wervik,33029,2020-08-14,0,152
Wervik,33029,2020-08-15,2,154
Wervik,33029,2020-08-16,1,155
Wervik,33029,2020-08-17,0,155
Wervik,33029,2020-08-18,0,155
Wervik,33029,2020-08-19,3,158
Wervik,33029,2020-08-20,2,160
Wervik,33029,2020-08-21,0,160
Wervik,33029,2020-08-22,0,160
Wervik,33029,2020-08-23,1,161
Wervik,33029,2020-08-24,0,161
Wervik,33029,2020-08-25,1,162
Wervik,33029,2020-08-26,0,162
Wervik,33029,2020-08-27,0,162
Wervik,33029,2020-08-28,1,163
Wervik,33029,2020-08-29,0,163
Wervik,33029,2020-08-30,0,163
Wervik,33029,2020-08-31,1,164
Wervik,33029,2020-09-01,0,164
Wervik,33029,2020-09-02,1,165
Wervik,33029,2020-09-03,0,165
Wervik,33029,2020-09-04,0,165
Wervik,33029,2020-09-05,0,165
Wervik,33029,2020-09-06,0,165
Wervik,33029,2020-09-07,0,165
Wervik,33029,2020-09-08,0,165
Wervik,33029,2020-09-09,0,165
Wervik,33029,2020-09-10,1,166
Wervik,33029,2020-09-11,3,169
Wervik,33029,2020-09-12,6,175
Wervik,33029,2020-09-13,1,176
Wervik,33029,2020-09-14,2,178
Wervik,33029,2020-09-15,1,179
Wervik,33029,2020-09-16,1,180
Wervik,33029,2020-09-17,1,181
Wervik,33029,2020-09-18,0,181
Wervik,33029,2020-09-19,0,181
Wervik,33029,2020-09-20,0,181
Wervik,33029,2020-09-21,1,182
Wervik,33029,2020-09-22,0,182
Wervik,33029,2020-09-23,0,182
Wervik,33029,2020-09-24,0,182
Wervik,33029,2020-09-25,0,182
Wervik,33029,2020-09-26,0,182
Wervik,33029,2020-09-27,0,182
Wervik,33029,2020-09-28,0,182
Wervik,33029,2020-09-29,0,182
Wervik,33029,2020-09-30,3,185
Wervik,33029,2020-10-01,2,187
Wervik,33029,2020-10-02,2,189
Wervik,33029,2020-10-03,5,194
Wervik,33029,2020-10-04,4,198
Wervik,33029,2020-10-05,2,200
Wervik,33029,2020-10-06,1,201
Wervik,33029,2020-10-07,0,201
Wervik,33029,2020-10-08,5,206
Wervik,33029,2020-10-09,6,212
Wervik,33029,2020-10-10,12,224
Wervik,33029,2020-10-11,4,228
Wervik,33029,2020-10-12,8,236
Wervik,33029,2020-10-13,6,242
Wervik,33029,2020-10-14,8,250
Wervik,33029,2020-10-15,13,263
Wervik,33029,2020-10-16,6,269
Wervik,33029,2020-10-17,11,280
Wervik,33029,2020-10-18,3,283
Wervik,33029,2020-10-19,16,299
Wervik,33029,2020-10-20,9,308
Wervik,33029,2020-10-21,7,315
Wervik,33029,2020-10-22,31,346
Wervik,33029,2020-10-23,20,366
Wervik,33029,2020-10-24,27,393
Wervik,33029,2020-10-25,22,415
Wervik,33029,2020-10-26,28,443
Wervik,33029,2020-10-27,19,462
Wervik,33029,2020-10-28,5,467
Wervik,33029,2020-10-29,31,498
Wervik,33029,2020-10-30,50,548
Wervik,33029,2020-10-31,27,575
Wervik,33029,2020-11-01,15,590
Wervik,33029,2020-11-02,18,608
Wervik,33029,2020-11-03,6,614
Wervik,33029,2020-11-04,13,627
Wervik,33029,2020-11-05,29,656
Wervik,33029,2020-11-06,16,672
Wervik,33029,2020-11-07,10,682
Wervik,33029,2020-11-08,9,691
Wervik,33029,2020-11-09,15,706
Wervik,33029,2020-11-10,5,711
Wervik,33029,2020-11-11,7,718
Zonnebeke,33037,2020-04-01,1,25
Zonnebeke,33037,2020-04-02,1,26
Zonnebeke,33037,2020-04-03,1,27
Zonnebeke,33037,2020-04-04,1,28
Zonnebeke,33037,2020-04-05,0,28
Zonnebeke,33037,2020-04-06,0,28
Zonnebeke,33037,2020-04-07,0,28
Zonnebeke,33037,2020-04-08,0,28
Zonnebeke,33037,2020-04-09,2,30
Zonnebeke,33037,2020-04-10,0,30
Zonnebeke,33037,2020-04-11,0,30
Zonnebeke,33037,2020-04-12,1,31
Zonnebeke,33037,2020-04-13,1,32
Zonnebeke,33037,2020-04-14,0,32
Zonnebeke,33037,2020-04-15,2,34
Zonnebeke,33037,2020-04-16,0,34
Zonnebeke,33037,2020-04-17,0,34
Zonnebeke,33037,2020-04-18,0,34
Zonnebeke,33037,2020-04-19,0,34
Zonnebeke,33037,2020-04-20,0,34
Zonnebeke,33037,2020-04-21,1,35
Zonnebeke,33037,2020-04-22,0,35
Zonnebeke,33037,2020-04-23,1,36
Zonnebeke,33037,2020-04-24,0,36
Zonnebeke,33037,2020-04-25,1,37
Zonnebeke,33037,2020-04-26,1,38
Zonnebeke,33037,2020-04-27,0,38
Zonnebeke,33037,2020-04-28,0,38
Zonnebeke,33037,2020-04-29,0,38
Zonnebeke,33037,2020-04-30,1,39
Zonnebeke,33037,2020-05-01,1,40
Zonnebeke,33037,2020-05-02,0,40
Zonnebeke,33037,2020-05-03,1,41
Zonnebeke,33037,2020-05-04,0,41
Zonnebeke,33037,2020-05-05,0,41
Zonnebeke,33037,2020-05-06,0,41
Zonnebeke,33037,2020-05-07,0,41
Zonnebeke,33037,2020-05-08,1,42
Zonnebeke,33037,2020-05-09,0,42
Zonnebeke,33037,2020-05-10,0,42
Zonnebeke,33037,2020-05-11,0,42
Zonnebeke,33037,2020-05-12,0,42
Zonnebeke,33037,2020-05-13,0,42
Zonnebeke,33037,2020-05-14,0,42
Zonnebeke,33037,2020-05-15,1,43
Zonnebeke,33037,2020-05-16,0,43
Zonnebeke,33037,2020-05-17,0,43
Zonnebeke,33037,2020-05-18,2,45
Zonnebeke,33037,2020-05-19,1,46
Zonnebeke,33037,2020-05-20,1,47
Zonnebeke,33037,2020-05-21,1,48
Zonnebeke,33037,2020-05-22,0,48
Zonnebeke,33037,2020-05-23,0,48
Zonnebeke,33037,2020-05-24,0,48
Zonnebeke,33037,2020-05-25,0,48
Zonnebeke,33037,2020-05-26,0,48
Zonnebeke,33037,2020-05-27,0,48
Zonnebeke,33037,2020-05-28,0,48
Zonnebeke,33037,2020-05-29,0,48
Zonnebeke,33037,2020-05-30,0,48
Zonnebeke,33037,2020-05-31,0,48
Zonnebeke,33037,2020-06-01,0,48
Zonnebeke,33037,2020-06-02,0,48
Zonnebeke,33037,2020-06-03,0,48
Zonnebeke,33037,2020-06-04,0,48
Zonnebeke,33037,2020-06-05,0,48
Zonnebeke,33037,2020-06-06,0,48
Zonnebeke,33037,2020-06-07,0,48
Zonnebeke,33037,2020-06-08,0,48
Zonnebeke,33037,2020-06-09,0,48
Zonnebeke,33037,2020-06-10,0,48
Zonnebeke,33037,2020-06-11,0,48
Zonnebeke,33037,2020-06-12,0,48
Zonnebeke,33037,2020-06-13,0,48
Zonnebeke,33037,2020-06-14,0,48
Zonnebeke,33037,2020-06-15,0,48
Zonnebeke,33037,2020-06-16,0,48
Zonnebeke,33037,2020-06-17,0,48
Zonnebeke,33037,2020-06-18,0,48
Zonnebeke,33037,2020-06-19,0,48
Zonnebeke,33037,2020-06-20,0,48
Zonnebeke,33037,2020-06-23,1,49
Zonnebeke,33037,2020-06-24,1,50
Zonnebeke,33037,2020-06-25,0,50
Zonnebeke,33037,2020-06-26,0,50
Zonnebeke,33037,2020-06-27,0,50
Zonnebeke,33037,2020-06-30,0,50
Zonnebeke,33037,2020-07-01,0,50
Zonnebeke,33037,2020-07-02,0,50
Zonnebeke,33037,2020-07-03,0,50
Zonnebeke,33037,2020-07-04,1,51
Zonnebeke,33037,2020-07-07,2,53
Zonnebeke,33037,2020-07-08,0,53
Zonnebeke,33037,2020-07-09,0,53
Zonnebeke,33037,2020-07-10,0,53
Zonnebeke,33037,2020-07-11,0,53
Zonnebeke,33037,2020-07-14,0,53
Zonnebeke,33037,2020-07-15,1,54
Zonnebeke,33037,2020-07-16,0,54
Zonnebeke,33037,2020-07-17,0,54
Zonnebeke,33037,2020-07-18,1,55
Zonnebeke,33037,2020-07-20,0,55
Zonnebeke,33037,2020-07-21,1,56
Zonnebeke,33037,2020-07-22,0,56
Zonnebeke,33037,2020-07-23,0,56
Zonnebeke,33037,2020-07-24,1,57
Zonnebeke,33037,2020-07-25,0,57
Zonnebeke,33037,2020-07-26,1,58
Zonnebeke,33037,2020-07-27,0,58
Zonnebeke,33037,2020-07-28,0,58
Zonnebeke,33037,2020-07-29,0,58
Zonnebeke,33037,2020-07-30,0,58
Zonnebeke,33037,2020-07-31,0,58
Zonnebeke,33037,2020-08-01,1,59
Zonnebeke,33037,2020-08-02,0,59
Zonnebeke,33037,2020-08-03,1,60
Zonnebeke,33037,2020-08-04,0,60
Zonnebeke,33037,2020-08-05,0,60
Zonnebeke,33037,2020-08-06,0,60
Zonnebeke,33037,2020-08-07,1,61
Zonnebeke,33037,2020-08-08,1,62
Zonnebeke,33037,2020-08-09,0,62
Zonnebeke,33037,2020-08-10,0,62
Zonnebeke,33037,2020-08-11,0,62
Zonnebeke,33037,2020-08-12,0,62
Zonnebeke,33037,2020-08-13,0,62
Zonnebeke,33037,2020-08-14,0,62
Zonnebeke,33037,2020-08-15,0,62
Zonnebeke,33037,2020-08-16,0,62
Zonnebeke,33037,2020-08-17,0,62
Zonnebeke,33037,2020-08-18,0,62
Zonnebeke,33037,2020-08-19,0,62
Zonnebeke,33037,2020-08-20,0,62
Zonnebeke,33037,2020-08-21,0,62
Zonnebeke,33037,2020-08-22,0,62
Zonnebeke,33037,2020-08-23,0,62
Zonnebeke,33037,2020-08-24,0,62
Zonnebeke,33037,2020-08-25,0,62
Zonnebeke,33037,2020-08-26,0,62
Zonnebeke,33037,2020-08-27,0,62
Zonnebeke,33037,2020-08-28,0,62
Zonnebeke,33037,2020-08-29,0,62
Zonnebeke,33037,2020-08-30,0,62
Zonnebeke,33037,2020-08-31,0,62
Zonnebeke,33037,2020-09-01,0,62
Zonnebeke,33037,2020-09-02,0,62
Zonnebeke,33037,2020-09-03,0,62
Zonnebeke,33037,2020-09-04,0,62
Zonnebeke,33037,2020-09-05,0,62
Zonnebeke,33037,2020-09-06,0,62
Zonnebeke,33037,2020-09-07,0,62
Zonnebeke,33037,2020-09-08,0,62
Zonnebeke,33037,2020-09-09,1,63
Zonnebeke,33037,2020-09-10,0,63
Zonnebeke,33037,2020-09-11,5,68
Zonnebeke,33037,2020-09-12,0,68
Zonnebeke,33037,2020-09-13,1,69
Zonnebeke,33037,2020-09-14,1,70
Zonnebeke,33037,2020-09-15,2,72
Zonnebeke,33037,2020-09-16,1,73
Zonnebeke,33037,2020-09-17,10,83
Zonnebeke,33037,2020-09-18,3,86
Zonnebeke,33037,2020-09-19,3,89
Zonnebeke,33037,2020-09-20,2,91
Zonnebeke,33037,2020-09-21,2,93
Zonnebeke,33037,2020-09-22,2,95
Zonnebeke,33037,2020-09-23,2,97
Zonnebeke,33037,2020-09-24,1,98
Zonnebeke,33037,2020-09-25,3,101
Zonnebeke,33037,2020-09-26,3,104
Zonnebeke,33037,2020-09-27,3,107
Zonnebeke,33037,2020-09-28,0,107
Zonnebeke,33037,2020-09-29,1,108
Zonnebeke,33037,2020-09-30,3,111
Zonnebeke,33037,2020-10-01,2,113
Zonnebeke,33037,2020-10-02,5,118
Zonnebeke,33037,2020-10-03,4,122
Zonnebeke,33037,2020-10-04,2,124
Zonnebeke,33037,2020-10-05,6,130
Zonnebeke,33037,2020-10-06,4,134
Zonnebeke,33037,2020-10-07,2,136
Zonnebeke,33037,2020-10-08,8,144
Zonnebeke,33037,2020-10-09,5,149
Zonnebeke,33037,2020-10-10,8,157
Zonnebeke,33037,2020-10-11,13,170
Zonnebeke,33037,2020-10-12,12,182
Zonnebeke,33037,2020-10-13,3,185
Zonnebeke,33037,2020-10-14,11,196
Zonnebeke,33037,2020-10-15,10,206
Zonnebeke,33037,2020-10-16,23,229
Zonnebeke,33037,2020-10-17,9,238
Zonnebeke,33037,2020-10-18,19,257
Zonnebeke,33037,2020-10-19,18,275
Zonnebeke,33037,2020-10-20,12,287
Zonnebeke,33037,2020-10-21,7,294
Zonnebeke,33037,2020-10-22,24,318
Zonnebeke,33037,2020-10-23,12,330
Zonnebeke,33037,2020-10-24,15,345
Zonnebeke,33037,2020-10-25,9,354
Zonnebeke,33037,2020-10-26,14,368
Zonnebeke,33037,2020-10-27,15,383
Zonnebeke,33037,2020-10-28,4,387
Zonnebeke,33037,2020-10-29,24,411
Zonnebeke,33037,2020-10-30,12,423
Zonnebeke,33037,2020-10-31,17,440
Zonnebeke,33037,2020-11-01,13,453
Zonnebeke,33037,2020-11-02,12,465
Zonnebeke,33037,2020-11-03,5,470
Zonnebeke,33037,2020-11-04,16,486
Zonnebeke,33037,2020-11-05,11,497
Zonnebeke,33037,2020-11-06,8,505
Zonnebeke,33037,2020-11-07,3,508
Zonnebeke,33037,2020-11-08,7,515
Zonnebeke,33037,2020-11-09,7,522
Zonnebeke,33037,2020-11-10,0,522
Zonnebeke,33037,2020-11-11,3,525
Heuvelland,33039,2020-04-01,0,8
Heuvelland,33039,2020-04-02,0,8
Heuvelland,33039,2020-04-03,0,8
Heuvelland,33039,2020-04-04,0,8
Heuvelland,33039,2020-04-05,0,8
Heuvelland,33039,2020-04-06,0,8
Heuvelland,33039,2020-04-07,0,8
Heuvelland,33039,2020-04-08,0,8
Heuvelland,33039,2020-04-09,1,9
Heuvelland,33039,2020-04-10,0,9
Heuvelland,33039,2020-04-11,0,9
Heuvelland,33039,2020-04-12,1,10
Heuvelland,33039,2020-04-13,0,10
Heuvelland,33039,2020-04-14,1,11
Heuvelland,33039,2020-04-15,1,12
Heuvelland,33039,2020-04-16,2,14
Heuvelland,33039,2020-04-17,0,14
Heuvelland,33039,2020-04-18,0,14
Heuvelland,33039,2020-04-19,0,14
Heuvelland,33039,2020-04-20,0,14
Heuvelland,33039,2020-04-21,0,14
Heuvelland,33039,2020-04-22,1,15
Heuvelland,33039,2020-04-23,0,15
Heuvelland,33039,2020-04-24,0,15
Heuvelland,33039,2020-04-25,0,15
Heuvelland,33039,2020-04-26,1,16
Heuvelland,33039,2020-04-27,0,16
Heuvelland,33039,2020-04-28,0,16
Heuvelland,33039,2020-04-29,0,16
Heuvelland,33039,2020-04-30,0,16
Heuvelland,33039,2020-05-01,0,16
Heuvelland,33039,2020-05-02,0,16
Heuvelland,33039,2020-05-03,0,16
Heuvelland,33039,2020-05-04,0,16
Heuvelland,33039,2020-05-05,0,16
Heuvelland,33039,2020-05-06,0,16
Heuvelland,33039,2020-05-07,1,17
Heuvelland,33039,2020-05-08,0,17
Heuvelland,33039,2020-05-09,0,17
Heuvelland,33039,2020-05-10,0,17
Heuvelland,33039,2020-05-11,0,17
Heuvelland,33039,2020-05-12,0,17
Heuvelland,33039,2020-05-13,0,17
Heuvelland,33039,2020-05-14,0,17
Heuvelland,33039,2020-05-15,1,18
Heuvelland,33039,2020-05-16,0,18
Heuvelland,33039,2020-05-17,0,18
Heuvelland,33039,2020-05-18,1,19
Heuvelland,33039,2020-05-19,0,19
Heuvelland,33039,2020-05-20,1,20
Heuvelland,33039,2020-05-21,0,20
Heuvelland,33039,2020-05-22,0,20
Heuvelland,33039,2020-05-23,0,20
Heuvelland,33039,2020-05-24,0,20
Heuvelland,33039,2020-05-25,0,20
Heuvelland,33039,2020-05-26,0,20
Heuvelland,33039,2020-05-27,0,20
Heuvelland,33039,2020-05-28,0,20
Heuvelland,33039,2020-05-29,0,20
Heuvelland,33039,2020-05-30,1,21
Heuvelland,33039,2020-05-31,0,21
Heuvelland,33039,2020-06-01,0,21
Heuvelland,33039,2020-06-02,0,21
Heuvelland,33039,2020-06-03,0,21
Heuvelland,33039,2020-06-04,0,21
Heuvelland,33039,2020-06-05,0,21
Heuvelland,33039,2020-06-06,0,21
Heuvelland,33039,2020-06-07,0,21
Heuvelland,33039,2020-06-08,0,21
Heuvelland,33039,2020-06-09,0,21
Heuvelland,33039,2020-06-10,0,21
Heuvelland,33039,2020-06-11,1,22
Heuvelland,33039,2020-06-12,0,22
Heuvelland,33039,2020-06-13,0,22
Heuvelland,33039,2020-06-14,0,22
Heuvelland,33039,2020-06-15,0,22
Heuvelland,33039,2020-06-16,0,22
Heuvelland,33039,2020-06-17,0,22
Heuvelland,33039,2020-06-18,0,22
Heuvelland,33039,2020-06-19,0,22
Heuvelland,33039,2020-06-20,0,22
Heuvelland,33039,2020-06-23,0,22
Heuvelland,33039,2020-06-24,0,22
Heuvelland,33039,2020-06-25,0,22
Heuvelland,33039,2020-06-26,0,22
Heuvelland,33039,2020-06-27,0,22
Heuvelland,33039,2020-06-30,0,22
Heuvelland,33039,2020-07-01,0,22
Heuvelland,33039,2020-07-02,0,22
Heuvelland,33039,2020-07-03,0,22
Heuvelland,33039,2020-07-04,0,22
Heuvelland,33039,2020-07-07,1,23
Heuvelland,33039,2020-07-08,0,23
Heuvelland,33039,2020-07-09,0,23
Heuvelland,33039,2020-07-10,0,23
Heuvelland,33039,2020-07-11,0,23
Heuvelland,33039,2020-07-14,0,23
Heuvelland,33039,2020-07-15,0,23
Heuvelland,33039,2020-07-16,0,23
Heuvelland,33039,2020-07-17,0,23
Heuvelland,33039,2020-07-18,0,23
Heuvelland,33039,2020-07-20,0,23
Heuvelland,33039,2020-07-21,0,23
Heuvelland,33039,2020-07-22,0,23
Heuvelland,33039,2020-07-23,0,23
Heuvelland,33039,2020-07-24,0,23
Heuvelland,33039,2020-07-25,0,23
Heuvelland,33039,2020-07-26,0,23
Heuvelland,33039,2020-07-27,0,23
Heuvelland,33039,2020-07-28,0,23
Heuvelland,33039,2020-07-29,0,23
Heuvelland,33039,2020-07-30,0,23
Heuvelland,33039,2020-07-31,0,23
Heuvelland,33039,2020-08-01,0,23
Heuvelland,33039,2020-08-02,0,23
Heuvelland,33039,2020-08-03,0,23
Heuvelland,33039,2020-08-04,0,23
Heuvelland,33039,2020-08-05,0,23
Heuvelland,33039,2020-08-06,0,23
Heuvelland,33039,2020-08-07,0,23
Heuvelland,33039,2020-08-08,0,23
Heuvelland,33039,2020-08-09,0,23
Heuvelland,33039,2020-08-10,0,23
Heuvelland,33039,2020-08-11,0,23
Heuvelland,33039,2020-08-12,0,23
Heuvelland,33039,2020-08-13,0,23
Heuvelland,33039,2020-08-14,0,23
Heuvelland,33039,2020-08-15,0,23
Heuvelland,33039,2020-08-16,0,23
Heuvelland,33039,2020-08-17,0,23
Heuvelland,33039,2020-08-18,0,23
Heuvelland,33039,2020-08-19,0,23
Heuvelland,33039,2020-08-20,0,23
Heuvelland,33039,2020-08-21,0,23
Heuvelland,33039,2020-08-22,1,24
Heuvelland,33039,2020-08-23,0,24
Heuvelland,33039,2020-08-24,0,24
Heuvelland,33039,2020-08-25,0,24
Heuvelland,33039,2020-08-26,0,24
Heuvelland,33039,2020-08-27,0,24
Heuvelland,33039,2020-08-28,0,24
Heuvelland,33039,2020-08-29,0,24
Heuvelland,33039,2020-08-30,0,24
Heuvelland,33039,2020-08-31,0,24
Heuvelland,33039,2020-09-01,0,24
Heuvelland,33039,2020-09-02,0,24
Heuvelland,33039,2020-09-03,0,24
Heuvelland,33039,2020-09-04,0,24
Heuvelland,33039,2020-09-05,0,24
Heuvelland,33039,2020-09-06,1,25
Heuvelland,33039,2020-09-07,0,25
Heuvelland,33039,2020-09-08,4,29
Heuvelland,33039,2020-09-09,3,32
Heuvelland,33039,2020-09-10,0,32
Heuvelland,33039,2020-09-11,5,37
Heuvelland,33039,2020-09-12,1,38
Heuvelland,33039,2020-09-13,2,40
Heuvelland,33039,2020-09-14,2,42
Heuvelland,33039,2020-09-15,0,42
Heuvelland,33039,2020-09-16,2,44
Heuvelland,33039,2020-09-17,5,49
Heuvelland,33039,2020-09-18,4,53
Heuvelland,33039,2020-09-19,6,59
Heuvelland,33039,2020-09-20,1,60
Heuvelland,33039,2020-09-21,3,63
Heuvelland,33039,2020-09-22,1,64
Heuvelland,33039,2020-09-23,1,65
Heuvelland,33039,2020-09-24,4,69
Heuvelland,33039,2020-09-25,2,71
Heuvelland,33039,2020-09-26,0,71
Heuvelland,33039,2020-09-27,1,72
Heuvelland,33039,2020-09-28,0,72
Heuvelland,33039,2020-09-29,0,72
Heuvelland,33039,2020-09-30,0,72
Heuvelland,33039,2020-10-01,0,72
Heuvelland,33039,2020-10-02,2,74
Heuvelland,33039,2020-10-03,0,74
Heuvelland,33039,2020-10-04,0,74
Heuvelland,33039,2020-10-05,1,75
Heuvelland,33039,2020-10-06,0,75
Heuvelland,33039,2020-10-07,0,75
Heuvelland,33039,2020-10-08,4,79
Heuvelland,33039,2020-10-09,2,81
Heuvelland,33039,2020-10-10,2,83
Heuvelland,33039,2020-10-11,7,90
Heuvelland,33039,2020-10-12,5,95
Heuvelland,33039,2020-10-13,1,96
Heuvelland,33039,2020-10-14,5,101
Heuvelland,33039,2020-10-15,0,101
Heuvelland,33039,2020-10-16,9,110
Heuvelland,33039,2020-10-17,2,112
Heuvelland,33039,2020-10-18,12,124
Heuvelland,33039,2020-10-19,5,129
Heuvelland,33039,2020-10-20,6,135
Heuvelland,33039,2020-10-21,5,140
Heuvelland,33039,2020-10-22,10,150
Heuvelland,33039,2020-10-23,4,154
Heuvelland,33039,2020-10-24,13,167
Heuvelland,33039,2020-10-25,14,181
Heuvelland,33039,2020-10-26,9,190
Heuvelland,33039,2020-10-27,10,200
Heuvelland,33039,2020-10-28,6,206
Heuvelland,33039,2020-10-29,11,217
Heuvelland,33039,2020-10-30,11,228
Heuvelland,33039,2020-10-31,10,238
Heuvelland,33039,2020-11-01,4,242
Heuvelland,33039,2020-11-02,4,246
Heuvelland,33039,2020-11-03,4,250
Heuvelland,33039,2020-11-04,9,259
Heuvelland,33039,2020-11-05,10,269
Heuvelland,33039,2020-11-06,9,278
Heuvelland,33039,2020-11-07,11,289
Heuvelland,33039,2020-11-08,8,297
Heuvelland,33039,2020-11-09,3,300
Heuvelland,33039,2020-11-10,1,301
Heuvelland,33039,2020-11-11,2,303
Langemark-Poelkapelle,33040,2020-04-01,1,11
Langemark-Poelkapelle,33040,2020-04-02,0,11
Langemark-Poelkapelle,33040,2020-04-03,3,14
Langemark-Poelkapelle,33040,2020-04-04,0,14
Langemark-Poelkapelle,33040,2020-04-05,0,14
Langemark-Poelkapelle,33040,2020-04-06,0,14
Langemark-Poelkapelle,33040,2020-04-07,0,14
Langemark-Poelkapelle,33040,2020-04-08,0,14
Langemark-Poelkapelle,33040,2020-04-09,3,17
Langemark-Poelkapelle,33040,2020-04-10,0,17
Langemark-Poelkapelle,33040,2020-04-11,0,17
Langemark-Poelkapelle,33040,2020-04-12,1,18
Langemark-Poelkapelle,33040,2020-04-13,1,19
Langemark-Poelkapelle,33040,2020-04-14,0,19
Langemark-Poelkapelle,33040,2020-04-15,0,19
Langemark-Poelkapelle,33040,2020-04-16,1,20
Langemark-Poelkapelle,33040,2020-04-17,2,22
Langemark-Poelkapelle,33040,2020-04-18,1,23
Langemark-Poelkapelle,33040,2020-04-19,2,25
Langemark-Poelkapelle,33040,2020-04-20,1,26
Langemark-Poelkapelle,33040,2020-04-21,0,26
Langemark-Poelkapelle,33040,2020-04-22,0,26
Langemark-Poelkapelle,33040,2020-04-23,0,26
Langemark-Poelkapelle,33040,2020-04-24,0,26
Langemark-Poelkapelle,33040,2020-04-25,0,26
Langemark-Poelkapelle,33040,2020-04-26,0,26
Langemark-Poelkapelle,33040,2020-04-27,0,26
Langemark-Poelkapelle,33040,2020-04-28,0,26
Langemark-Poelkapelle,33040,2020-04-29,0,26
Langemark-Poelkapelle,33040,2020-04-30,0,26
Langemark-Poelkapelle,33040,2020-05-01,0,26
Langemark-Poelkapelle,33040,2020-05-02,1,27
Langemark-Poelkapelle,33040,2020-05-03,0,27
Langemark-Poelkapelle,33040,2020-05-04,0,27
Langemark-Poelkapelle,33040,2020-05-05,0,27
Langemark-Poelkapelle,33040,2020-05-06,0,27
Langemark-Poelkapelle,33040,2020-05-07,2,29
Langemark-Poelkapelle,33040,2020-05-08,0,29
Langemark-Poelkapelle,33040,2020-05-09,0,29
Langemark-Poelkapelle,33040,2020-05-10,0,29
Langemark-Poelkapelle,33040,2020-05-11,0,29
Langemark-Poelkapelle,33040,2020-05-12,0,29
Langemark-Poelkapelle,33040,2020-05-13,0,29
Langemark-Poelkapelle,33040,2020-05-14,0,29
Langemark-Poelkapelle,33040,2020-05-15,1,30
Langemark-Poelkapelle,33040,2020-05-16,1,31
Langemark-Poelkapelle,33040,2020-05-17,0,31
Langemark-Poelkapelle,33040,2020-05-18,0,31
Langemark-Poelkapelle,33040,2020-05-19,0,31
Langemark-Poelkapelle,33040,2020-05-20,2,33
Langemark-Poelkapelle,33040,2020-05-21,1,34
Langemark-Poelkapelle,33040,2020-05-22,0,34
Langemark-Poelkapelle,33040,2020-05-23,1,35
Langemark-Poelkapelle,33040,2020-05-24,0,35
Langemark-Poelkapelle,33040,2020-05-25,0,35
Langemark-Poelkapelle,33040,2020-05-26,0,35
Langemark-Poelkapelle,33040,2020-05-27,0,35
Langemark-Poelkapelle,33040,2020-05-28,0,35
Langemark-Poelkapelle,33040,2020-05-29,0,35
Langemark-Poelkapelle,33040,2020-05-30,0,35
Langemark-Poelkapelle,33040,2020-05-31,0,35
Langemark-Poelkapelle,33040,2020-06-01,0,35
Langemark-Poelkapelle,33040,2020-06-02,0,35
Langemark-Poelkapelle,33040,2020-06-03,0,35
Langemark-Poelkapelle,33040,2020-06-04,0,35
Langemark-Poelkapelle,33040,2020-06-05,0,35
Langemark-Poelkapelle,33040,2020-06-06,0,35
Langemark-Poelkapelle,33040,2020-06-07,0,35
Langemark-Poelkapelle,33040,2020-06-08,0,35
Langemark-Poelkapelle,33040,2020-06-09,0,35
Langemark-Poelkapelle,33040,2020-06-10,0,35
Langemark-Poelkapelle,33040,2020-06-11,0,35
Langemark-Poelkapelle,33040,2020-06-12,0,35
Langemark-Poelkapelle,33040,2020-06-13,0,35
Langemark-Poelkapelle,33040,2020-06-14,0,35
Langemark-Poelkapelle,33040,2020-06-15,0,35
Langemark-Poelkapelle,33040,2020-06-16,0,35
Langemark-Poelkapelle,33040,2020-06-17,0,35
Langemark-Poelkapelle,33040,2020-06-18,0,35
Langemark-Poelkapelle,33040,2020-06-19,0,35
Langemark-Poelkapelle,33040,2020-06-20,0,35
Langemark-Poelkapelle,33040,2020-06-23,0,35
Langemark-Poelkapelle,33040,2020-06-24,0,35
Langemark-Poelkapelle,33040,2020-06-25,0,35
Langemark-Poelkapelle,33040,2020-06-26,0,35
Langemark-Poelkapelle,33040,2020-06-27,0,35
Langemark-Poelkapelle,33040,2020-06-30,1,36
Langemark-Poelkapelle,33040,2020-07-01,0,36
Langemark-Poelkapelle,33040,2020-07-02,0,36
Langemark-Poelkapelle,33040,2020-07-03,0,36
Langemark-Poelkapelle,33040,2020-07-04,0,36
Langemark-Poelkapelle,33040,2020-07-07,0,36
Langemark-Poelkapelle,33040,2020-07-08,0,36
Langemark-Poelkapelle,33040,2020-07-09,0,36
Langemark-Poelkapelle,33040,2020-07-10,0,36
Langemark-Poelkapelle,33040,2020-07-11,0,36
Langemark-Poelkapelle,33040,2020-07-14,0,36
Langemark-Poelkapelle,33040,2020-07-15,0,36
Langemark-Poelkapelle,33040,2020-07-16,0,36
Langemark-Poelkapelle,33040,2020-07-17,0,36
Langemark-Poelkapelle,33040,2020-07-18,0,36
Langemark-Poelkapelle,33040,2020-07-20,0,36
Langemark-Poelkapelle,33040,2020-07-21,0,36
Langemark-Poelkapelle,33040,2020-07-22,0,36
Langemark-Poelkapelle,33040,2020-07-23,0,36
Langemark-Poelkapelle,33040,2020-07-24,0,36
Langemark-Poelkapelle,33040,2020-07-25,0,36
Langemark-Poelkapelle,33040,2020-07-26,0,36
Langemark-Poelkapelle,33040,2020-07-27,1,37
Langemark-Poelkapelle,33040,2020-07-28,0,37
Langemark-Poelkapelle,33040,2020-07-29,1,38
Langemark-Poelkapelle,33040,2020-07-30,0,38
Langemark-Poelkapelle,33040,2020-07-31,1,39
Langemark-Poelkapelle,33040,2020-08-01,0,39
Langemark-Poelkapelle,33040,2020-08-02,1,40
Langemark-Poelkapelle,33040,2020-08-03,0,40
Langemark-Poelkapelle,33040,2020-08-04,0,40
Langemark-Poelkapelle,33040,2020-08-05,0,40
Langemark-Poelkapelle,33040,2020-08-06,0,40
Langemark-Poelkapelle,33040,2020-08-07,0,40
Langemark-Poelkapelle,33040,2020-08-08,3,43
Langemark-Poelkapelle,33040,2020-08-09,0,43
Langemark-Poelkapelle,33040,2020-08-10,0,43
Langemark-Poelkapelle,33040,2020-08-11,0,43
Langemark-Poelkapelle,33040,2020-08-12,1,44
Langemark-Poelkapelle,33040,2020-08-13,0,44
Langemark-Poelkapelle,33040,2020-08-14,1,45
Langemark-Poelkapelle,33040,2020-08-15,0,45
Langemark-Poelkapelle,33040,2020-08-16,0,45
Langemark-Poelkapelle,33040,2020-08-17,0,45
Langemark-Poelkapelle,33040,2020-08-18,0,45
Langemark-Poelkapelle,33040,2020-08-19,0,45
Langemark-Poelkapelle,33040,2020-08-20,0,45
Langemark-Poelkapelle,33040,2020-08-21,0,45
Langemark-Poelkapelle,33040,2020-08-22,1,46
Langemark-Poelkapelle,33040,2020-08-23,0,46
Langemark-Poelkapelle,33040,2020-08-24,0,46
Langemark-Poelkapelle,33040,2020-08-25,0,46
Langemark-Poelkapelle,33040,2020-08-26,0,46
Langemark-Poelkapelle,33040,2020-08-27,0,46
Langemark-Poelkapelle,33040,2020-08-28,0,46
Langemark-Poelkapelle,33040,2020-08-29,0,46
Langemark-Poelkapelle,33040,2020-08-30,0,46
Langemark-Poelkapelle,33040,2020-08-31,0,46
Langemark-Poelkapelle,33040,2020-09-01,0,46
Langemark-Poelkapelle,33040,2020-09-02,0,46
Langemark-Poelkapelle,33040,2020-09-03,0,46
Langemark-Poelkapelle,33040,2020-09-04,0,46
Langemark-Poelkapelle,33040,2020-09-05,0,46
Langemark-Poelkapelle,33040,2020-09-06,0,46
Langemark-Poelkapelle,33040,2020-09-07,0,46
Langemark-Poelkapelle,33040,2020-09-08,0,46
Langemark-Poelkapelle,33040,2020-09-09,0,46
Langemark-Poelkapelle,33040,2020-09-10,0,46
Langemark-Poelkapelle,33040,2020-09-11,0,46
Langemark-Poelkapelle,33040,2020-09-12,0,46
Langemark-Poelkapelle,33040,2020-09-13,0,46
Langemark-Poelkapelle,33040,2020-09-14,0,46
Langemark-Poelkapelle,33040,2020-09-15,0,46
Langemark-Poelkapelle,33040,2020-09-16,1,47
Langemark-Poelkapelle,33040,2020-09-17,0,47
Langemark-Poelkapelle,33040,2020-09-18,1,48
Langemark-Poelkapelle,33040,2020-09-19,0,48
Langemark-Poelkapelle,33040,2020-09-20,0,48
Langemark-Poelkapelle,33040,2020-09-21,0,48
Langemark-Poelkapelle,33040,2020-09-22,1,49
Langemark-Poelkapelle,33040,2020-09-23,0,49
Langemark-Poelkapelle,33040,2020-09-24,0,49
Langemark-Poelkapelle,33040,2020-09-25,0,49
Langemark-Poelkapelle,33040,2020-09-26,0,49
Langemark-Poelkapelle,33040,2020-09-27,0,49
Langemark-Poelkapelle,33040,2020-09-28,1,50
Langemark-Poelkapelle,33040,2020-09-29,0,50
Langemark-Poelkapelle,33040,2020-09-30,1,51
Langemark-Poelkapelle,33040,2020-10-01,0,51
Langemark-Poelkapelle,33040,2020-10-02,0,51
Langemark-Poelkapelle,33040,2020-10-03,1,52
Langemark-Poelkapelle,33040,2020-10-04,3,55
Langemark-Poelkapelle,33040,2020-10-05,5,60
Langemark-Poelkapelle,33040,2020-10-06,1,61
Langemark-Poelkapelle,33040,2020-10-07,0,61
Langemark-Poelkapelle,33040,2020-10-08,4,65
Langemark-Poelkapelle,33040,2020-10-09,0,65
Langemark-Poelkapelle,33040,2020-10-10,3,68
Langemark-Poelkapelle,33040,2020-10-11,11,79
Langemark-Poelkapelle,33040,2020-10-12,4,83
Langemark-Poelkapelle,33040,2020-10-13,3,86
Langemark-Poelkapelle,33040,2020-10-14,3,89
Langemark-Poelkapelle,33040,2020-10-15,4,93
Langemark-Poelkapelle,33040,2020-10-16,8,101
Langemark-Poelkapelle,33040,2020-10-17,5,106
Langemark-Poelkapelle,33040,2020-10-18,7,113
Langemark-Poelkapelle,33040,2020-10-19,12,125
Langemark-Poelkapelle,33040,2020-10-20,5,130
Langemark-Poelkapelle,33040,2020-10-21,2,132
Langemark-Poelkapelle,33040,2020-10-22,13,145
Langemark-Poelkapelle,33040,2020-10-23,9,154
Langemark-Poelkapelle,33040,2020-10-24,8,162
Langemark-Poelkapelle,33040,2020-10-25,9,171
Langemark-Poelkapelle,33040,2020-10-26,9,180
Langemark-Poelkapelle,33040,2020-10-27,4,184
Langemark-Poelkapelle,33040,2020-10-28,6,190
Langemark-Poelkapelle,33040,2020-10-29,16,206
Langemark-Poelkapelle,33040,2020-10-30,15,221
Langemark-Poelkapelle,33040,2020-10-31,10,231
Langemark-Poelkapelle,33040,2020-11-01,7,238
Langemark-Poelkapelle,33040,2020-11-02,5,243
Langemark-Poelkapelle,33040,2020-11-03,2,245
Langemark-Poelkapelle,33040,2020-11-04,10,255
Langemark-Poelkapelle,33040,2020-11-05,8,263
Langemark-Poelkapelle,33040,2020-11-06,7,270
Langemark-Poelkapelle,33040,2020-11-07,8,278
Langemark-Poelkapelle,33040,2020-11-08,7,285
Langemark-Poelkapelle,33040,2020-11-09,4,289
Langemark-Poelkapelle,33040,2020-11-10,2,291
Langemark-Poelkapelle,33040,2020-11-11,6,297
Vleteren,33041,2020-04-01,0,0
Vleteren,33041,2020-04-02,0,0
Vleteren,33041,2020-04-03,0,0
Vleteren,33041,2020-04-04,0,0
Vleteren,33041,2020-04-05,0,0
Vleteren,33041,2020-04-06,0,0
Vleteren,33041,2020-04-07,0,0
Vleteren,33041,2020-04-08,0,0
Vleteren,33041,2020-04-09,0,0
Vleteren,33041,2020-04-10,0,0
Vleteren,33041,2020-04-11,0,0
Vleteren,33041,2020-04-12,0,0
Vleteren,33041,2020-04-13,0,0
Vleteren,33041,2020-04-14,0,0
Vleteren,33041,2020-04-15,0,0
Vleteren,33041,2020-04-16,0,0
Vleteren,33041,2020-04-17,0,0
Vleteren,33041,2020-04-18,0,0
Vleteren,33041,2020-04-19,0,0
Vleteren,33041,2020-04-20,0,0
Vleteren,33041,2020-04-21,0,0
Vleteren,33041,2020-04-22,0,0
Vleteren,33041,2020-04-23,0,0
Vleteren,33041,2020-04-24,0,0
Vleteren,33041,2020-04-25,0,0
Vleteren,33041,2020-04-26,0,0
Vleteren,33041,2020-04-27,0,0
Vleteren,33041,2020-04-28,0,0
Vleteren,33041,2020-04-29,0,0
Vleteren,33041,2020-04-30,0,0
Vleteren,33041,2020-05-01,0,0
Vleteren,33041,2020-05-02,0,0
Vleteren,33041,2020-05-03,0,0
Vleteren,33041,2020-05-04,0,0
Vleteren,33041,2020-05-05,0,0
Vleteren,33041,2020-05-06,0,0
Vleteren,33041,2020-05-07,0,0
Vleteren,33041,2020-05-08,0,0
Vleteren,33041,2020-05-09,0,0
Vleteren,33041,2020-05-10,5,5
Vleteren,33041,2020-05-11,0,5
Vleteren,33041,2020-05-12,0,5
Vleteren,33041,2020-05-13,0,5
Vleteren,33041,2020-05-14,0,5
Vleteren,33041,2020-05-15,0,5
Vleteren,33041,2020-05-16,0,5
Vleteren,33041,2020-05-17,0,5
Vleteren,33041,2020-05-18,0,5
Vleteren,33041,2020-05-19,0,5
Vleteren,33041,2020-05-20,0,5
Vleteren,33041,2020-05-21,0,5
Vleteren,33041,2020-05-22,0,5
Vleteren,33041,2020-05-23,1,6
Vleteren,33041,2020-05-24,0,6
Vleteren,33041,2020-05-25,0,6
Vleteren,33041,2020-05-26,0,6
Vleteren,33041,2020-05-27,0,6
Vleteren,33041,2020-05-28,0,6
Vleteren,33041,2020-05-29,0,6
Vleteren,33041,2020-05-30,0,6
Vleteren,33041,2020-05-31,0,6
Vleteren,33041,2020-06-01,0,6
Vleteren,33041,2020-06-02,0,6
Vleteren,33041,2020-06-03,0,6
Vleteren,33041,2020-06-04,0,6
Vleteren,33041,2020-06-05,0,6
Vleteren,33041,2020-06-06,0,6
Vleteren,33041,2020-06-07,0,6
Vleteren,33041,2020-06-08,0,6
Vleteren,33041,2020-06-09,0,6
Vleteren,33041,2020-06-10,0,6
Vleteren,33041,2020-06-11,0,6
Vleteren,33041,2020-06-12,0,6
Vleteren,33041,2020-06-13,0,6
Vleteren,33041,2020-06-14,0,6
Vleteren,33041,2020-06-15,0,6
Vleteren,33041,2020-06-16,0,6
Vleteren,33041,2020-06-17,0,6
Vleteren,33041,2020-06-18,0,6
Vleteren,33041,2020-06-19,0,6
Vleteren,33041,2020-06-20,0,6
Vleteren,33041,2020-06-23,0,6
Vleteren,33041,2020-06-24,0,6
Vleteren,33041,2020-06-25,0,6
Vleteren,33041,2020-06-26,0,6
Vleteren,33041,2020-06-27,0,6
Vleteren,33041,2020-06-30,0,6
Vleteren,33041,2020-07-01,0,6
Vleteren,33041,2020-07-02,0,6
Vleteren,33041,2020-07-03,0,6
Vleteren,33041,2020-07-04,0,6
Vleteren,33041,2020-07-07,0,6
Vleteren,33041,2020-07-08,0,6
Vleteren,33041,2020-07-09,0,6
Vleteren,33041,2020-07-10,0,6
Vleteren,33041,2020-07-11,0,6
Vleteren,33041,2020-07-14,0,6
Vleteren,33041,2020-07-15,0,6
Vleteren,33041,2020-07-16,0,6
Vleteren,33041,2020-07-17,0,6
Vleteren,33041,2020-07-18,0,6
Vleteren,33041,2020-07-20,0,6
Vleteren,33041,2020-07-21,0,6
Vleteren,33041,2020-07-22,0,6
Vleteren,33041,2020-07-23,0,6
Vleteren,33041,2020-07-24,0,6
Vleteren,33041,2020-07-25,0,6
Vleteren,33041,2020-07-26,0,6
Vleteren,33041,2020-07-27,1,7
Vleteren,33041,2020-07-28,0,7
Vleteren,33041,2020-07-29,0,7
Vleteren,33041,2020-07-30,1,8
Vleteren,33041,2020-07-31,0,8
Vleteren,33041,2020-08-01,0,8
Vleteren,33041,2020-08-02,0,8
Vleteren,33041,2020-08-03,0,8
Vleteren,33041,2020-08-04,0,8
Vleteren,33041,2020-08-05,0,8
Vleteren,33041,2020-08-06,0,8
Vleteren,33041,2020-08-07,0,8
Vleteren,33041,2020-08-08,0,8
Vleteren,33041,2020-08-09,0,8
Vleteren,33041,2020-08-10,0,8
Vleteren,33041,2020-08-11,0,8
Vleteren,33041,2020-08-12,0,8
Vleteren,33041,2020-08-13,0,8
Vleteren,33041,2020-08-14,0,8
Vleteren,33041,2020-08-15,0,8
Vleteren,33041,2020-08-16,0,8
Vleteren,33041,2020-08-17,0,8
Vleteren,33041,2020-08-18,0,8
Vleteren,33041,2020-08-19,0,8
Vleteren,33041,2020-08-20,0,8
Vleteren,33041,2020-08-21,0,8
Vleteren,33041,2020-08-22,0,8
Vleteren,33041,2020-08-23,0,8
Vleteren,33041,2020-08-24,0,8
Vleteren,33041,2020-08-25,0,8
Vleteren,33041,2020-08-26,0,8
Vleteren,33041,2020-08-27,0,8
Vleteren,33041,2020-08-28,0,8
Vleteren,33041,2020-08-29,0,8
Vleteren,33041,2020-08-30,0,8
Vleteren,33041,2020-08-31,0,8
Vleteren,33041,2020-09-01,0,8
Vleteren,33041,2020-09-02,0,8
Vleteren,33041,2020-09-03,0,8
Vleteren,33041,2020-09-04,0,8
Vleteren,33041,2020-09-05,0,8
Vleteren,33041,2020-09-06,0,8
Vleteren,33041,2020-09-07,0,8
Vleteren,33041,2020-09-08,0,8
Vleteren,33041,2020-09-09,0,8
Vleteren,33041,2020-09-10,0,8
Vleteren,33041,2020-09-11,1,9
Vleteren,33041,2020-09-12,0,9
Vleteren,33041,2020-09-13,1,10
Vleteren,33041,2020-09-14,6,16
Vleteren,33041,2020-09-15,0,16
Vleteren,33041,2020-09-16,1,17
Vleteren,33041,2020-09-17,0,17
Vleteren,33041,2020-09-18,0,17
Vleteren,33041,2020-09-19,0,17
Vleteren,33041,2020-09-20,1,18
Vleteren,33041,2020-09-21,1,19
Vleteren,33041,2020-09-22,0,19
Vleteren,33041,2020-09-23,0,19
Vleteren,33041,2020-09-24,0,19
Vleteren,33041,2020-09-25,0,19
Vleteren,33041,2020-09-26,1,20
Vleteren,33041,2020-09-27,1,21
Vleteren,33041,2020-09-28,0,21
Vleteren,33041,2020-09-29,0,21
Vleteren,33041,2020-09-30,0,21
Vleteren,33041,2020-10-01,0,21
Vleteren,33041,2020-10-02,0,21
Vleteren,33041,2020-10-03,0,21
Vleteren,33041,2020-10-04,1,22
Vleteren,33041,2020-10-05,0,22
Vleteren,33041,2020-10-06,0,22
Vleteren,33041,2020-10-07,0,22
Vleteren,33041,2020-10-08,0,22
Vleteren,33041,2020-10-09,0,22
Vleteren,33041,2020-10-10,1,23
Vleteren,33041,2020-10-11,1,24
Vleteren,33041,2020-10-12,1,25
Vleteren,33041,2020-10-13,1,26
Vleteren,33041,2020-10-14,1,27
Vleteren,33041,2020-10-15,1,28
Vleteren,33041,2020-10-16,2,30
Vleteren,33041,2020-10-17,1,31
Vleteren,33041,2020-10-18,2,33
Vleteren,33041,2020-10-19,3,36
Vleteren,33041,2020-10-20,1,37
Vleteren,33041,2020-10-21,2,39
Vleteren,33041,2020-10-22,5,44
Vleteren,33041,2020-10-23,0,44
Vleteren,33041,2020-10-24,5,49
Vleteren,33041,2020-10-25,6,55
Vleteren,33041,2020-10-26,5,60
Vleteren,33041,2020-10-27,4,64
Vleteren,33041,2020-10-28,0,64
Vleteren,33041,2020-10-29,10,74
Vleteren,33041,2020-10-30,5,79
Vleteren,33041,2020-10-31,10,89
Vleteren,33041,2020-11-01,4,93
Vleteren,33041,2020-11-02,3,96
Vleteren,33041,2020-11-03,3,99
Vleteren,33041,2020-11-04,0,99
Vleteren,33041,2020-11-05,15,114
Vleteren,33041,2020-11-06,3,117
Vleteren,33041,2020-11-07,2,119
Vleteren,33041,2020-11-08,3,122
Vleteren,33041,2020-11-09,2,124
Vleteren,33041,2020-11-10,2,126
Vleteren,33041,2020-11-11,2,128
Anzegem,34002,2020-04-01,4,14
Anzegem,34002,2020-04-02,2,16
Anzegem,34002,2020-04-03,1,17
Anzegem,34002,2020-04-04,1,18
Anzegem,34002,2020-04-05,2,20
Anzegem,34002,2020-04-06,1,21
Anzegem,34002,2020-04-07,2,23
Anzegem,34002,2020-04-08,1,24
Anzegem,34002,2020-04-09,3,27
Anzegem,34002,2020-04-10,7,34
Anzegem,34002,2020-04-11,2,36
Anzegem,34002,2020-04-12,2,38
Anzegem,34002,2020-04-13,2,40
Anzegem,34002,2020-04-14,2,42
Anzegem,34002,2020-04-15,4,46
Anzegem,34002,2020-04-16,9,55
Anzegem,34002,2020-04-17,1,56
Anzegem,34002,2020-04-18,0,56
Anzegem,34002,2020-04-19,1,57
Anzegem,34002,2020-04-20,6,63
Anzegem,34002,2020-04-21,1,64
Anzegem,34002,2020-04-22,0,64
Anzegem,34002,2020-04-23,2,66
Anzegem,34002,2020-04-24,4,70
Anzegem,34002,2020-04-25,4,74
Anzegem,34002,2020-04-26,0,74
Anzegem,34002,2020-04-27,0,74
Anzegem,34002,2020-04-28,1,75
Anzegem,34002,2020-04-29,3,78
Anzegem,34002,2020-04-30,0,78
Anzegem,34002,2020-05-01,2,80
Anzegem,34002,2020-05-02,1,81
Anzegem,34002,2020-05-03,0,81
Anzegem,34002,2020-05-04,2,83
Anzegem,34002,2020-05-05,1,84
Anzegem,34002,2020-05-06,0,84
Anzegem,34002,2020-05-07,1,85
Anzegem,34002,2020-05-08,1,86
Anzegem,34002,2020-05-09,1,87
Anzegem,34002,2020-05-10,3,90
Anzegem,34002,2020-05-11,0,90
Anzegem,34002,2020-05-12,0,90
Anzegem,34002,2020-05-13,0,90
Anzegem,34002,2020-05-14,0,90
Anzegem,34002,2020-05-15,1,91
Anzegem,34002,2020-05-16,0,91
Anzegem,34002,2020-05-17,1,92
Anzegem,34002,2020-05-18,0,92
Anzegem,34002,2020-05-19,1,93
Anzegem,34002,2020-05-20,0,93
Anzegem,34002,2020-05-21,0,93
Anzegem,34002,2020-05-22,1,94
Anzegem,34002,2020-05-23,0,94
Anzegem,34002,2020-05-24,0,94
Anzegem,34002,2020-05-25,1,95
Anzegem,34002,2020-05-26,0,95
Anzegem,34002,2020-05-27,0,95
Anzegem,34002,2020-05-28,0,95
Anzegem,34002,2020-05-29,0,95
Anzegem,34002,2020-05-30,0,95
Anzegem,34002,2020-05-31,1,96
Anzegem,34002,2020-06-01,0,96
Anzegem,34002,2020-06-02,0,96
Anzegem,34002,2020-06-03,0,96
Anzegem,34002,2020-06-04,0,96
Anzegem,34002,2020-06-05,0,96
Anzegem,34002,2020-06-06,0,96
Anzegem,34002,2020-06-07,0,96
Anzegem,34002,2020-06-08,0,96
Anzegem,34002,2020-06-09,0,96
Anzegem,34002,2020-06-10,0,96
Anzegem,34002,2020-06-11,0,96
Anzegem,34002,2020-06-12,0,96
Anzegem,34002,2020-06-13,0,96
Anzegem,34002,2020-06-14,0,96
Anzegem,34002,2020-06-15,0,96
Anzegem,34002,2020-06-16,0,96
Anzegem,34002,2020-06-17,0,96
Anzegem,34002,2020-06-18,0,96
Anzegem,34002,2020-06-19,0,96
Anzegem,34002,2020-06-20,0,96
Anzegem,34002,2020-06-23,1,97
Anzegem,34002,2020-06-24,0,97
Anzegem,34002,2020-06-25,0,97
Anzegem,34002,2020-06-26,0,97
Anzegem,34002,2020-06-27,0,97
Anzegem,34002,2020-06-30,0,97
Anzegem,34002,2020-07-01,0,97
Anzegem,34002,2020-07-02,0,97
Anzegem,34002,2020-07-03,0,97
Anzegem,34002,2020-07-04,0,97
Anzegem,34002,2020-07-07,0,97
Anzegem,34002,2020-07-08,0,97
Anzegem,34002,2020-07-09,1,98
Anzegem,34002,2020-07-10,1,99
Anzegem,34002,2020-07-11,0,99
Anzegem,34002,2020-07-14,0,99
Anzegem,34002,2020-07-15,1,100
Anzegem,34002,2020-07-16,0,100
Anzegem,34002,2020-07-17,0,100
Anzegem,34002,2020-07-18,0,100
Anzegem,34002,2020-07-20,0,100
Anzegem,34002,2020-07-21,0,100
Anzegem,34002,2020-07-22,0,100
Anzegem,34002,2020-07-23,0,100
Anzegem,34002,2020-07-24,0,100
Anzegem,34002,2020-07-25,0,100
Anzegem,34002,2020-07-26,0,100
Anzegem,34002,2020-07-27,0,100
Anzegem,34002,2020-07-28,0,100
Anzegem,34002,2020-07-29,0,100
Anzegem,34002,2020-07-30,0,100
Anzegem,34002,2020-07-31,0,100
Anzegem,34002,2020-08-01,0,100
Anzegem,34002,2020-08-02,0,100
Anzegem,34002,2020-08-03,1,101
Anzegem,34002,2020-08-04,0,101
Anzegem,34002,2020-08-05,0,101
Anzegem,34002,2020-08-06,2,103
Anzegem,34002,2020-08-07,1,104
Anzegem,34002,2020-08-08,1,105
Anzegem,34002,2020-08-09,5,110
Anzegem,34002,2020-08-10,0,110
Anzegem,34002,2020-08-11,0,110
Anzegem,34002,2020-08-12,0,110
Anzegem,34002,2020-08-13,1,111
Anzegem,34002,2020-08-14,0,111
Anzegem,34002,2020-08-15,0,111
Anzegem,34002,2020-08-16,4,115
Anzegem,34002,2020-08-17,0,115
Anzegem,34002,2020-08-18,0,115
Anzegem,34002,2020-08-19,0,115
Anzegem,34002,2020-08-20,0,115
Anzegem,34002,2020-08-21,0,115
Anzegem,34002,2020-08-22,0,115
Anzegem,34002,2020-08-23,0,115
Anzegem,34002,2020-08-24,0,115
Anzegem,34002,2020-08-25,0,115
Anzegem,34002,2020-08-26,0,115
Anzegem,34002,2020-08-27,0,115
Anzegem,34002,2020-08-28,0,115
Anzegem,34002,2020-08-29,0,115
Anzegem,34002,2020-08-30,0,115
Anzegem,34002,2020-08-31,0,115
Anzegem,34002,2020-09-01,0,115
Anzegem,34002,2020-09-02,0,115
Anzegem,34002,2020-09-03,0,115
Anzegem,34002,2020-09-04,0,115
Anzegem,34002,2020-09-05,0,115
Anzegem,34002,2020-09-06,0,115
Anzegem,34002,2020-09-07,0,115
Anzegem,34002,2020-09-08,0,115
Anzegem,34002,2020-09-09,0,115
Anzegem,34002,2020-09-10,0,115
Anzegem,34002,2020-09-11,1,116
Anzegem,34002,2020-09-12,0,116
Anzegem,34002,2020-09-13,0,116
Anzegem,34002,2020-09-14,1,117
Anzegem,34002,2020-09-15,1,118
Anzegem,34002,2020-09-16,4,122
Anzegem,34002,2020-09-17,0,122
Anzegem,34002,2020-09-18,1,123
Anzegem,34002,2020-09-19,6,129
Anzegem,34002,2020-09-20,0,129
Anzegem,34002,2020-09-21,0,129
Anzegem,34002,2020-09-22,0,129
Anzegem,34002,2020-09-23,4,133
Anzegem,34002,2020-09-24,0,133
Anzegem,34002,2020-09-25,1,134
Anzegem,34002,2020-09-26,0,134
Anzegem,34002,2020-09-27,1,135
Anzegem,34002,2020-09-28,0,135
Anzegem,34002,2020-09-29,0,135
Anzegem,34002,2020-09-30,0,135
Anzegem,34002,2020-10-01,1,136
Anzegem,34002,2020-10-02,3,139
Anzegem,34002,2020-10-03,4,143
Anzegem,34002,2020-10-04,3,146
Anzegem,34002,2020-10-05,1,147
Anzegem,34002,2020-10-06,0,147
Anzegem,34002,2020-10-07,0,147
Anzegem,34002,2020-10-08,3,150
Anzegem,34002,2020-10-09,1,151
Anzegem,34002,2020-10-10,2,153
Anzegem,34002,2020-10-11,3,156
Anzegem,34002,2020-10-12,0,156
Anzegem,34002,2020-10-13,1,157
Anzegem,34002,2020-10-14,5,162
Anzegem,34002,2020-10-15,7,169
Anzegem,34002,2020-10-16,6,175
Anzegem,34002,2020-10-17,7,182
Anzegem,34002,2020-10-18,2,184
Anzegem,34002,2020-10-19,7,191
Anzegem,34002,2020-10-20,5,196
Anzegem,34002,2020-10-21,1,197
Anzegem,34002,2020-10-22,7,204
Anzegem,34002,2020-10-23,21,225
Anzegem,34002,2020-10-24,10,235
Anzegem,34002,2020-10-25,16,251
Anzegem,34002,2020-10-26,18,269
Anzegem,34002,2020-10-27,11,280
Anzegem,34002,2020-10-28,21,301
Anzegem,34002,2020-10-29,24,325
Anzegem,34002,2020-10-30,18,343
Anzegem,34002,2020-10-31,28,371
Anzegem,34002,2020-11-01,12,383
Anzegem,34002,2020-11-02,9,392
Anzegem,34002,2020-11-03,4,396
Anzegem,34002,2020-11-04,12,408
Anzegem,34002,2020-11-05,17,425
Anzegem,34002,2020-11-06,8,433
Anzegem,34002,2020-11-07,9,442
Anzegem,34002,2020-11-08,4,446
Anzegem,34002,2020-11-09,4,450
Anzegem,34002,2020-11-10,2,452
Anzegem,34002,2020-11-11,7,459
Avelgem,34003,2020-04-01,1,11
Avelgem,34003,2020-04-02,1,12
Avelgem,34003,2020-04-03,1,13
Avelgem,34003,2020-04-04,2,15
Avelgem,34003,2020-04-05,1,16
Avelgem,34003,2020-04-06,1,17
Avelgem,34003,2020-04-07,0,17
Avelgem,34003,2020-04-08,0,17
Avelgem,34003,2020-04-09,0,17
Avelgem,34003,2020-04-10,2,19
Avelgem,34003,2020-04-11,1,20
Avelgem,34003,2020-04-12,2,22
Avelgem,34003,2020-04-13,3,25
Avelgem,34003,2020-04-14,1,26
Avelgem,34003,2020-04-15,2,28
Avelgem,34003,2020-04-16,0,28
Avelgem,34003,2020-04-17,2,30
Avelgem,34003,2020-04-18,0,30
Avelgem,34003,2020-04-19,4,34
Avelgem,34003,2020-04-20,1,35
Avelgem,34003,2020-04-21,1,36
Avelgem,34003,2020-04-22,1,37
Avelgem,34003,2020-04-23,1,38
Avelgem,34003,2020-04-24,0,38
Avelgem,34003,2020-04-25,1,39
Avelgem,34003,2020-04-26,0,39
Avelgem,34003,2020-04-27,0,39
Avelgem,34003,2020-04-28,1,40
Avelgem,34003,2020-04-29,1,41
Avelgem,34003,2020-04-30,0,41
Avelgem,34003,2020-05-01,1,42
Avelgem,34003,2020-05-02,0,42
Avelgem,34003,2020-05-03,0,42
Avelgem,34003,2020-05-04,0,42
Avelgem,34003,2020-05-05,0,42
Avelgem,34003,2020-05-06,0,42
Avelgem,34003,2020-05-07,1,43
Avelgem,34003,2020-05-08,3,46
Avelgem,34003,2020-05-09,1,47
Avelgem,34003,2020-05-10,4,51
Avelgem,34003,2020-05-11,0,51
Avelgem,34003,2020-05-12,1,52
Avelgem,34003,2020-05-13,2,54
Avelgem,34003,2020-05-14,-1,53
Avelgem,34003,2020-05-15,0,53
Avelgem,34003,2020-05-16,2,55
Avelgem,34003,2020-05-17,2,57
Avelgem,34003,2020-05-18,1,58
Avelgem,34003,2020-05-19,0,58
Avelgem,34003,2020-05-20,1,59
Avelgem,34003,2020-05-21,0,59
Avelgem,34003,2020-05-22,1,60
Avelgem,34003,2020-05-23,1,61
Avelgem,34003,2020-05-24,0,61
Avelgem,34003,2020-05-25,0,61
Avelgem,34003,2020-05-26,0,61
Avelgem,34003,2020-05-27,0,61
Avelgem,34003,2020-05-28,0,61
Avelgem,34003,2020-05-29,0,61
Avelgem,34003,2020-05-30,0,61
Avelgem,34003,2020-05-31,1,62
Avelgem,34003,2020-06-01,0,62
Avelgem,34003,2020-06-02,0,62
Avelgem,34003,2020-06-03,0,62
Avelgem,34003,2020-06-04,0,62
Avelgem,34003,2020-06-05,0,62
Avelgem,34003,2020-06-06,0,62
Avelgem,34003,2020-06-07,0,62
Avelgem,34003,2020-06-08,0,62
Avelgem,34003,2020-06-09,0,62
Avelgem,34003,2020-06-10,0,62
Avelgem,34003,2020-06-11,0,62
Avelgem,34003,2020-06-12,0,62
Avelgem,34003,2020-06-13,0,62
Avelgem,34003,2020-06-14,0,62
Avelgem,34003,2020-06-15,0,62
Avelgem,34003,2020-06-16,0,62
Avelgem,34003,2020-06-17,0,62
Avelgem,34003,2020-06-18,0,62
Avelgem,34003,2020-06-19,0,62
Avelgem,34003,2020-06-20,0,62
Avelgem,34003,2020-06-23,0,62
Avelgem,34003,2020-06-24,0,62
Avelgem,34003,2020-06-25,0,62
Avelgem,34003,2020-06-26,0,62
Avelgem,34003,2020-06-27,0,62
Avelgem,34003,2020-06-30,0,62
Avelgem,34003,2020-07-01,0,62
Avelgem,34003,2020-07-02,0,62
Avelgem,34003,2020-07-03,0,62
Avelgem,34003,2020-07-04,0,62
Avelgem,34003,2020-07-07,0,62
Avelgem,34003,2020-07-08,0,62
Avelgem,34003,2020-07-09,0,62
Avelgem,34003,2020-07-10,0,62
Avelgem,34003,2020-07-11,0,62
Avelgem,34003,2020-07-14,0,62
Avelgem,34003,2020-07-15,0,62
Avelgem,34003,2020-07-16,0,62
Avelgem,34003,2020-07-17,0,62
Avelgem,34003,2020-07-18,0,62
Avelgem,34003,2020-07-20,0,62
Avelgem,34003,2020-07-21,0,62
Avelgem,34003,2020-07-22,0,62
Avelgem,34003,2020-07-23,0,62
Avelgem,34003,2020-07-24,0,62
Avelgem,34003,2020-07-25,0,62
Avelgem,34003,2020-07-26,0,62
Avelgem,34003,2020-07-27,0,62
Avelgem,34003,2020-07-28,0,62
Avelgem,34003,2020-07-29,0,62
Avelgem,34003,2020-07-30,0,62
Avelgem,34003,2020-07-31,3,65
Avelgem,34003,2020-08-01,1,66
Avelgem,34003,2020-08-02,0,66
Avelgem,34003,2020-08-03,0,66
Avelgem,34003,2020-08-04,0,66
Avelgem,34003,2020-08-05,0,66
Avelgem,34003,2020-08-06,1,67
Avelgem,34003,2020-08-07,0,67
Avelgem,34003,2020-08-08,0,67
Avelgem,34003,2020-08-09,3,70
Avelgem,34003,2020-08-10,0,70
Avelgem,34003,2020-08-11,0,70
Avelgem,34003,2020-08-12,0,70
Avelgem,34003,2020-08-13,0,70
Avelgem,34003,2020-08-14,0,70
Avelgem,34003,2020-08-15,0,70
Avelgem,34003,2020-08-16,0,70
Avelgem,34003,2020-08-17,0,70
Avelgem,34003,2020-08-18,0,70
Avelgem,34003,2020-08-19,0,70
Avelgem,34003,2020-08-20,0,70
Avelgem,34003,2020-08-21,0,70
Avelgem,34003,2020-08-22,0,70
Avelgem,34003,2020-08-23,0,70
Avelgem,34003,2020-08-24,0,70
Avelgem,34003,2020-08-25,0,70
Avelgem,34003,2020-08-26,0,70
Avelgem,34003,2020-08-27,0,70
Avelgem,34003,2020-08-28,0,70
Avelgem,34003,2020-08-29,0,70
Avelgem,34003,2020-08-30,0,70
Avelgem,34003,2020-08-31,0,70
Avelgem,34003,2020-09-01,0,70
Avelgem,34003,2020-09-02,0,70
Avelgem,34003,2020-09-03,0,70
Avelgem,34003,2020-09-04,0,70
Avelgem,34003,2020-09-05,0,70
Avelgem,34003,2020-09-06,0,70
Avelgem,34003,2020-09-07,0,70
Avelgem,34003,2020-09-08,0,70
Avelgem,34003,2020-09-09,1,71
Avelgem,34003,2020-09-10,3,74
Avelgem,34003,2020-09-11,0,74
Avelgem,34003,2020-09-12,1,75
Avelgem,34003,2020-09-13,0,75
Avelgem,34003,2020-09-14,0,75
Avelgem,34003,2020-09-15,0,75
Avelgem,34003,2020-09-16,0,75
Avelgem,34003,2020-09-17,0,75
Avelgem,34003,2020-09-18,0,75
Avelgem,34003,2020-09-19,0,75
Avelgem,34003,2020-09-20,0,75
Avelgem,34003,2020-09-21,0,75
Avelgem,34003,2020-09-22,0,75
Avelgem,34003,2020-09-23,0,75
Avelgem,34003,2020-09-24,0,75
Avelgem,34003,2020-09-25,0,75
Avelgem,34003,2020-09-26,1,76
Avelgem,34003,2020-09-27,0,76
Avelgem,34003,2020-09-28,0,76
Avelgem,34003,2020-09-29,0,76
Avelgem,34003,2020-09-30,0,76
Avelgem,34003,2020-10-01,1,77
Avelgem,34003,2020-10-02,0,77
Avelgem,34003,2020-10-03,2,79
Avelgem,34003,2020-10-04,3,82
Avelgem,34003,2020-10-05,3,85
Avelgem,34003,2020-10-06,0,85
Avelgem,34003,2020-10-07,1,86
Avelgem,34003,2020-10-08,2,88
Avelgem,34003,2020-10-09,3,91
Avelgem,34003,2020-10-10,0,91
Avelgem,34003,2020-10-11,1,92
Avelgem,34003,2020-10-12,2,94
Avelgem,34003,2020-10-13,0,94
Avelgem,34003,2020-10-14,1,95
Avelgem,34003,2020-10-15,7,102
Avelgem,34003,2020-10-16,0,102
Avelgem,34003,2020-10-17,1,103
Avelgem,34003,2020-10-18,2,105
Avelgem,34003,2020-10-19,2,107
Avelgem,34003,2020-10-20,1,108
Avelgem,34003,2020-10-21,5,113
Avelgem,34003,2020-10-22,3,116
Avelgem,34003,2020-10-23,10,126
Avelgem,34003,2020-10-24,7,133
Avelgem,34003,2020-10-25,5,138
Avelgem,34003,2020-10-26,9,147
Avelgem,34003,2020-10-27,2,149
Avelgem,34003,2020-10-28,10,159
Avelgem,34003,2020-10-29,14,173
Avelgem,34003,2020-10-30,18,191
Avelgem,34003,2020-10-31,4,195
Avelgem,34003,2020-11-01,7,202
Avelgem,34003,2020-11-02,4,206
Avelgem,34003,2020-11-03,8,214
Avelgem,34003,2020-11-04,10,224
Avelgem,34003,2020-11-05,11,235
Avelgem,34003,2020-11-06,8,243
Avelgem,34003,2020-11-07,8,251
Avelgem,34003,2020-11-08,5,256
Avelgem,34003,2020-11-09,3,259
Avelgem,34003,2020-11-10,0,259
Avelgem,34003,2020-11-11,4,263
Deerlijk,34009,2020-04-01,9,19
Deerlijk,34009,2020-04-02,6,25
Deerlijk,34009,2020-04-03,0,25
Deerlijk,34009,2020-04-04,1,26
Deerlijk,34009,2020-04-05,0,26
Deerlijk,34009,2020-04-06,0,26
Deerlijk,34009,2020-04-07,1,27
Deerlijk,34009,2020-04-08,3,30
Deerlijk,34009,2020-04-09,7,37
Deerlijk,34009,2020-04-10,2,39
Deerlijk,34009,2020-04-11,1,40
Deerlijk,34009,2020-04-12,1,41
Deerlijk,34009,2020-04-13,0,41
Deerlijk,34009,2020-04-14,0,41
Deerlijk,34009,2020-04-15,13,54
Deerlijk,34009,2020-04-16,2,56
Deerlijk,34009,2020-04-17,-1,55
Deerlijk,34009,2020-04-18,2,57
Deerlijk,34009,2020-04-19,1,58
Deerlijk,34009,2020-04-20,0,58
Deerlijk,34009,2020-04-21,2,60
Deerlijk,34009,2020-04-22,1,61
Deerlijk,34009,2020-04-23,1,62
Deerlijk,34009,2020-04-24,1,63
Deerlijk,34009,2020-04-25,2,65
Deerlijk,34009,2020-04-26,0,65
Deerlijk,34009,2020-04-27,0,65
Deerlijk,34009,2020-04-28,1,66
Deerlijk,34009,2020-04-29,0,66
Deerlijk,34009,2020-04-30,0,66
Deerlijk,34009,2020-05-01,1,67
Deerlijk,34009,2020-05-02,0,67
Deerlijk,34009,2020-05-03,0,67
Deerlijk,34009,2020-05-04,0,67
Deerlijk,34009,2020-05-05,0,67
Deerlijk,34009,2020-05-06,0,67
Deerlijk,34009,2020-05-07,1,68
Deerlijk,34009,2020-05-08,0,68
Deerlijk,34009,2020-05-09,1,69
Deerlijk,34009,2020-05-10,0,69
Deerlijk,34009,2020-05-11,0,69
Deerlijk,34009,2020-05-12,0,69
Deerlijk,34009,2020-05-13,0,69
Deerlijk,34009,2020-05-14,1,70
Deerlijk,34009,2020-05-15,0,70
Deerlijk,34009,2020-05-16,0,70
Deerlijk,34009,2020-05-17,1,71
Deerlijk,34009,2020-05-18,0,71
Deerlijk,34009,2020-05-19,0,71
Deerlijk,34009,2020-05-20,0,71
Deerlijk,34009,2020-05-21,1,72
Deerlijk,34009,2020-05-22,0,72
Deerlijk,34009,2020-05-23,0,72
Deerlijk,34009,2020-05-24,0,72
Deerlijk,34009,2020-05-25,1,73
Deerlijk,34009,2020-05-26,0,73
Deerlijk,34009,2020-05-27,0,73
Deerlijk,34009,2020-05-28,0,73
Deerlijk,34009,2020-05-29,0,73
Deerlijk,34009,2020-05-30,0,73
Deerlijk,34009,2020-05-31,1,74
Deerlijk,34009,2020-06-01,0,74
Deerlijk,34009,2020-06-02,0,74
Deerlijk,34009,2020-06-03,0,74
Deerlijk,34009,2020-06-04,0,74
Deerlijk,34009,2020-06-05,0,74
Deerlijk,34009,2020-06-06,0,74
Deerlijk,34009,2020-06-07,0,74
Deerlijk,34009,2020-06-08,0,74
Deerlijk,34009,2020-06-09,0,74
Deerlijk,34009,2020-06-10,0,74
Deerlijk,34009,2020-06-11,0,74
Deerlijk,34009,2020-06-12,0,74
Deerlijk,34009,2020-06-13,0,74
Deerlijk,34009,2020-06-14,0,74
Deerlijk,34009,2020-06-15,0,74
Deerlijk,34009,2020-06-16,0,74
Deerlijk,34009,2020-06-17,0,74
Deerlijk,34009,2020-06-18,1,75
Deerlijk,34009,2020-06-19,0,75
Deerlijk,34009,2020-06-20,0,75
Deerlijk,34009,2020-06-23,1,76
Deerlijk,34009,2020-06-24,1,77
Deerlijk,34009,2020-06-25,1,78
Deerlijk,34009,2020-06-26,0,78
Deerlijk,34009,2020-06-27,0,78
Deerlijk,34009,2020-06-30,0,78
Deerlijk,34009,2020-07-01,0,78
Deerlijk,34009,2020-07-02,1,79
Deerlijk,34009,2020-07-03,0,79
Deerlijk,34009,2020-07-04,0,79
Deerlijk,34009,2020-07-07,0,79
Deerlijk,34009,2020-07-08,0,79
Deerlijk,34009,2020-07-09,0,79
Deerlijk,34009,2020-07-10,0,79
Deerlijk,34009,2020-07-11,0,79
Deerlijk,34009,2020-07-14,0,79
Deerlijk,34009,2020-07-15,0,79
Deerlijk,34009,2020-07-16,0,79
Deerlijk,34009,2020-07-17,0,79
Deerlijk,34009,2020-07-18,0,79
Deerlijk,34009,2020-07-20,0,79
Deerlijk,34009,2020-07-21,0,79
Deerlijk,34009,2020-07-22,0,79
Deerlijk,34009,2020-07-23,0,79
Deerlijk,34009,2020-07-24,1,80
Deerlijk,34009,2020-07-25,0,80
Deerlijk,34009,2020-07-26,0,80
Deerlijk,34009,2020-07-27,0,80
Deerlijk,34009,2020-07-28,0,80
Deerlijk,34009,2020-07-29,2,82
Deerlijk,34009,2020-07-30,1,83
Deerlijk,34009,2020-07-31,5,88
Deerlijk,34009,2020-08-01,1,89
Deerlijk,34009,2020-08-02,2,91
Deerlijk,34009,2020-08-03,1,92
Deerlijk,34009,2020-08-04,0,92
Deerlijk,34009,2020-08-05,0,92
Deerlijk,34009,2020-08-06,1,93
Deerlijk,34009,2020-08-07,0,93
Deerlijk,34009,2020-08-08,0,93
Deerlijk,34009,2020-08-09,0,93
Deerlijk,34009,2020-08-10,0,93
Deerlijk,34009,2020-08-11,0,93
Deerlijk,34009,2020-08-12,0,93
Deerlijk,34009,2020-08-13,0,93
Deerlijk,34009,2020-08-14,0,93
Deerlijk,34009,2020-08-15,0,93
Deerlijk,34009,2020-08-16,0,93
Deerlijk,34009,2020-08-17,0,93
Deerlijk,34009,2020-08-18,0,93
Deerlijk,34009,2020-08-19,0,93
Deerlijk,34009,2020-08-20,0,93
Deerlijk,34009,2020-08-21,0,93
Deerlijk,34009,2020-08-22,0,93
Deerlijk,34009,2020-08-23,0,93
Deerlijk,34009,2020-08-24,0,93
Deerlijk,34009,2020-08-25,0,93
Deerlijk,34009,2020-08-26,0,93
Deerlijk,34009,2020-08-27,0,93
Deerlijk,34009,2020-08-28,0,93
Deerlijk,34009,2020-08-29,0,93
Deerlijk,34009,2020-08-30,0,93
Deerlijk,34009,2020-08-31,0,93
Deerlijk,34009,2020-09-01,0,93
Deerlijk,34009,2020-09-02,0,93
Deerlijk,34009,2020-09-03,1,94
Deerlijk,34009,2020-09-04,1,95
Deerlijk,34009,2020-09-05,0,95
Deerlijk,34009,2020-09-06,1,96
Deerlijk,34009,2020-09-07,0,96
Deerlijk,34009,2020-09-08,0,96
Deerlijk,34009,2020-09-09,0,96
Deerlijk,34009,2020-09-10,2,98
Deerlijk,34009,2020-09-11,3,101
Deerlijk,34009,2020-09-12,0,101
Deerlijk,34009,2020-09-13,0,101
Deerlijk,34009,2020-09-14,0,101
Deerlijk,34009,2020-09-15,0,101
Deerlijk,34009,2020-09-16,3,104
Deerlijk,34009,2020-09-17,1,105
Deerlijk,34009,2020-09-18,1,106
Deerlijk,34009,2020-09-19,2,108
Deerlijk,34009,2020-09-20,0,108
Deerlijk,34009,2020-09-21,0,108
Deerlijk,34009,2020-09-22,0,108
Deerlijk,34009,2020-09-23,0,108
Deerlijk,34009,2020-09-24,0,108
Deerlijk,34009,2020-09-25,0,108
Deerlijk,34009,2020-09-26,2,110
Deerlijk,34009,2020-09-27,2,112
Deerlijk,34009,2020-09-28,1,113
Deerlijk,34009,2020-09-29,0,113
Deerlijk,34009,2020-09-30,0,113
Deerlijk,34009,2020-10-01,0,113
Deerlijk,34009,2020-10-02,1,114
Deerlijk,34009,2020-10-03,3,117
Deerlijk,34009,2020-10-04,3,120
Deerlijk,34009,2020-10-05,2,122
Deerlijk,34009,2020-10-06,1,123
Deerlijk,34009,2020-10-07,0,123
Deerlijk,34009,2020-10-08,2,125
Deerlijk,34009,2020-10-09,1,126
Deerlijk,34009,2020-10-10,2,128
Deerlijk,34009,2020-10-11,1,129
Deerlijk,34009,2020-10-12,0,129
Deerlijk,34009,2020-10-13,0,129
Deerlijk,34009,2020-10-14,5,134
Deerlijk,34009,2020-10-15,7,141
Deerlijk,34009,2020-10-16,2,143
Deerlijk,34009,2020-10-17,3,146
Deerlijk,34009,2020-10-18,2,148
Deerlijk,34009,2020-10-19,3,151
Deerlijk,34009,2020-10-20,2,153
Deerlijk,34009,2020-10-21,2,155
Deerlijk,34009,2020-10-22,5,160
Deerlijk,34009,2020-10-23,13,173
Deerlijk,34009,2020-10-24,9,182
Deerlijk,34009,2020-10-25,12,194
Deerlijk,34009,2020-10-26,11,205
Deerlijk,34009,2020-10-27,8,213
Deerlijk,34009,2020-10-28,18,231
Deerlijk,34009,2020-10-29,25,256
Deerlijk,34009,2020-10-30,17,273
Deerlijk,34009,2020-10-31,12,285
Deerlijk,34009,2020-11-01,22,307
Deerlijk,34009,2020-11-02,10,317
Deerlijk,34009,2020-11-03,3,320
Deerlijk,34009,2020-11-04,17,337
Deerlijk,34009,2020-11-05,20,357
Deerlijk,34009,2020-11-06,14,371
Deerlijk,34009,2020-11-07,6,377
Deerlijk,34009,2020-11-08,4,381
Deerlijk,34009,2020-11-09,12,393
Deerlijk,34009,2020-11-10,0,393
Deerlijk,34009,2020-11-11,15,408
Harelbeke,34013,2020-04-01,3,51
Harelbeke,34013,2020-04-02,10,61
Harelbeke,34013,2020-04-03,9,70
Harelbeke,34013,2020-04-04,8,78
Harelbeke,34013,2020-04-05,4,82
Harelbeke,34013,2020-04-06,5,87
Harelbeke,34013,2020-04-07,9,96
Harelbeke,34013,2020-04-08,3,99
Harelbeke,34013,2020-04-09,12,111
Harelbeke,34013,2020-04-10,10,121
Harelbeke,34013,2020-04-11,7,128
Harelbeke,34013,2020-04-12,9,137
Harelbeke,34013,2020-04-13,4,141
Harelbeke,34013,2020-04-14,0,141
Harelbeke,34013,2020-04-15,1,142
Harelbeke,34013,2020-04-16,5,147
Harelbeke,34013,2020-04-17,6,153
Harelbeke,34013,2020-04-18,3,156
Harelbeke,34013,2020-04-19,3,159
Harelbeke,34013,2020-04-20,6,165
Harelbeke,34013,2020-04-21,6,171
Harelbeke,34013,2020-04-22,3,174
Harelbeke,34013,2020-04-23,1,175
Harelbeke,34013,2020-04-24,1,176
Harelbeke,34013,2020-04-25,4,180
Harelbeke,34013,2020-04-26,5,185
Harelbeke,34013,2020-04-27,1,186
Harelbeke,34013,2020-04-28,1,187
Harelbeke,34013,2020-04-29,2,189
Harelbeke,34013,2020-04-30,1,190
Harelbeke,34013,2020-05-01,0,190
Harelbeke,34013,2020-05-02,1,191
Harelbeke,34013,2020-05-03,2,193
Harelbeke,34013,2020-05-04,3,196
Harelbeke,34013,2020-05-05,0,196
Harelbeke,34013,2020-05-06,0,196
Harelbeke,34013,2020-05-07,2,198
Harelbeke,34013,2020-05-08,4,202
Harelbeke,34013,2020-05-09,1,203
Harelbeke,34013,2020-05-10,6,209
Harelbeke,34013,2020-05-11,1,210
Harelbeke,34013,2020-05-12,0,210
Harelbeke,34013,2020-05-13,1,211
Harelbeke,34013,2020-05-14,0,211
Harelbeke,34013,2020-05-15,4,215
Harelbeke,34013,2020-05-16,8,223
Harelbeke,34013,2020-05-17,3,226
Harelbeke,34013,2020-05-18,1,227
Harelbeke,34013,2020-05-19,3,230
Harelbeke,34013,2020-05-20,0,230
Harelbeke,34013,2020-05-21,2,232
Harelbeke,34013,2020-05-22,9,241
Harelbeke,34013,2020-05-23,2,243
Harelbeke,34013,2020-05-24,1,244
Harelbeke,34013,2020-05-25,0,244
Harelbeke,34013,2020-05-26,1,245
Harelbeke,34013,2020-05-27,0,245
Harelbeke,34013,2020-05-28,1,246
Harelbeke,34013,2020-05-29,2,248
Harelbeke,34013,2020-05-30,0,248
Harelbeke,34013,2020-05-31,0,248
Harelbeke,34013,2020-06-01,0,248
Harelbeke,34013,2020-06-02,0,248
Harelbeke,34013,2020-06-03,0,248
Harelbeke,34013,2020-06-04,1,249
Harelbeke,34013,2020-06-05,0,249
Harelbeke,34013,2020-06-06,0,249
Harelbeke,34013,2020-06-07,2,251
Harelbeke,34013,2020-06-08,0,251
Harelbeke,34013,2020-06-09,0,251
Harelbeke,34013,2020-06-10,0,251
Harelbeke,34013,2020-06-11,0,251
Harelbeke,34013,2020-06-12,0,251
Harelbeke,34013,2020-06-13,0,251
Harelbeke,34013,2020-06-14,0,251
Harelbeke,34013,2020-06-15,0,251
Harelbeke,34013,2020-06-16,5,256
Harelbeke,34013,2020-06-17,0,256
Harelbeke,34013,2020-06-18,5,261
Harelbeke,34013,2020-06-19,6,267
Harelbeke,34013,2020-06-20,1,268
Harelbeke,34013,2020-06-23,3,271
Harelbeke,34013,2020-06-24,0,271
Harelbeke,34013,2020-06-25,0,271
Harelbeke,34013,2020-06-26,0,271
Harelbeke,34013,2020-06-27,0,271
Harelbeke,34013,2020-06-30,0,271
Harelbeke,34013,2020-07-01,4,275
Harelbeke,34013,2020-07-02,0,275
Harelbeke,34013,2020-07-03,0,275
Harelbeke,34013,2020-07-04,1,276
Harelbeke,34013,2020-07-07,1,277
Harelbeke,34013,2020-07-08,1,278
Harelbeke,34013,2020-07-09,0,278
Harelbeke,34013,2020-07-10,1,279
Harelbeke,34013,2020-07-11,0,279
Harelbeke,34013,2020-07-14,0,279
Harelbeke,34013,2020-07-15,0,279
Harelbeke,34013,2020-07-16,0,279
Harelbeke,34013,2020-07-17,0,279
Harelbeke,34013,2020-07-18,0,279
Harelbeke,34013,2020-07-20,0,279
Harelbeke,34013,2020-07-21,1,280
Harelbeke,34013,2020-07-22,0,280
Harelbeke,34013,2020-07-23,0,280
Harelbeke,34013,2020-07-24,2,282
Harelbeke,34013,2020-07-25,0,282
Harelbeke,34013,2020-07-26,1,283
Harelbeke,34013,2020-07-27,0,283
Harelbeke,34013,2020-07-28,0,283
Harelbeke,34013,2020-07-29,0,283
Harelbeke,34013,2020-07-30,0,283
Harelbeke,34013,2020-07-31,4,287
Harelbeke,34013,2020-08-01,2,289
Harelbeke,34013,2020-08-02,0,289
Harelbeke,34013,2020-08-03,2,291
Harelbeke,34013,2020-08-04,0,291
Harelbeke,34013,2020-08-05,0,291
Harelbeke,34013,2020-08-06,3,294
Harelbeke,34013,2020-08-07,3,297
Harelbeke,34013,2020-08-08,1,298
Harelbeke,34013,2020-08-09,3,301
Harelbeke,34013,2020-08-10,1,302
Harelbeke,34013,2020-08-11,0,302
Harelbeke,34013,2020-08-12,0,302
Harelbeke,34013,2020-08-13,1,303
Harelbeke,34013,2020-08-14,0,303
Harelbeke,34013,2020-08-15,4,307
Harelbeke,34013,2020-08-16,0,307
Harelbeke,34013,2020-08-17,0,307
Harelbeke,34013,2020-08-18,0,307
Harelbeke,34013,2020-08-19,0,307
Harelbeke,34013,2020-08-20,0,307
Harelbeke,34013,2020-08-21,2,309
Harelbeke,34013,2020-08-22,0,309
Harelbeke,34013,2020-08-23,0,309
Harelbeke,34013,2020-08-24,1,310
Harelbeke,34013,2020-08-25,0,310
Harelbeke,34013,2020-08-26,1,311
Harelbeke,34013,2020-08-27,0,311
Harelbeke,34013,2020-08-28,0,311
Harelbeke,34013,2020-08-29,1,312
Harelbeke,34013,2020-08-30,2,314
Harelbeke,34013,2020-08-31,0,314
Harelbeke,34013,2020-09-01,0,314
Harelbeke,34013,2020-09-02,1,315
Harelbeke,34013,2020-09-03,-1,314
Harelbeke,34013,2020-09-04,1,315
Harelbeke,34013,2020-09-05,0,315
Harelbeke,34013,2020-09-06,1,316
Harelbeke,34013,2020-09-07,0,316
Harelbeke,34013,2020-09-08,0,316
Harelbeke,34013,2020-09-09,0,316
Harelbeke,34013,2020-09-10,0,316
Harelbeke,34013,2020-09-11,1,317
Harelbeke,34013,2020-09-12,1,318
Harelbeke,34013,2020-09-13,0,318
Harelbeke,34013,2020-09-14,1,319
Harelbeke,34013,2020-09-15,0,319
Harelbeke,34013,2020-09-16,1,320
Harelbeke,34013,2020-09-17,2,322
Harelbeke,34013,2020-09-18,1,323
Harelbeke,34013,2020-09-19,0,323
Harelbeke,34013,2020-09-20,2,325
Harelbeke,34013,2020-09-21,0,325
Harelbeke,34013,2020-09-22,4,329
Harelbeke,34013,2020-09-23,0,329
Harelbeke,34013,2020-09-24,2,331
Harelbeke,34013,2020-09-25,0,331
Harelbeke,34013,2020-09-26,9,340
Harelbeke,34013,2020-09-27,2,342
Harelbeke,34013,2020-09-28,0,342
Harelbeke,34013,2020-09-29,3,345
Harelbeke,34013,2020-09-30,3,348
Harelbeke,34013,2020-10-01,4,352
Harelbeke,34013,2020-10-02,8,360
Harelbeke,34013,2020-10-03,1,361
Harelbeke,34013,2020-10-04,0,361
Harelbeke,34013,2020-10-05,1,362
Harelbeke,34013,2020-10-06,0,362
Harelbeke,34013,2020-10-07,0,362
Harelbeke,34013,2020-10-08,2,364
Harelbeke,34013,2020-10-09,4,368
Harelbeke,34013,2020-10-10,6,374
Harelbeke,34013,2020-10-11,8,382
Harelbeke,34013,2020-10-12,4,386
Harelbeke,34013,2020-10-13,0,386
Harelbeke,34013,2020-10-14,5,391
Harelbeke,34013,2020-10-15,3,394
Harelbeke,34013,2020-10-16,7,401
Harelbeke,34013,2020-10-17,12,413
Harelbeke,34013,2020-10-18,6,419
Harelbeke,34013,2020-10-19,6,425
Harelbeke,34013,2020-10-20,4,429
Harelbeke,34013,2020-10-21,17,446
Harelbeke,34013,2020-10-22,15,461
Harelbeke,34013,2020-10-23,16,477
Harelbeke,34013,2020-10-24,19,496
Harelbeke,34013,2020-10-25,18,514
Harelbeke,34013,2020-10-26,22,536
Harelbeke,34013,2020-10-27,18,554
Harelbeke,34013,2020-10-28,16,570
Harelbeke,34013,2020-10-29,39,609
Harelbeke,34013,2020-10-30,30,639
Harelbeke,34013,2020-10-31,34,673
Harelbeke,34013,2020-11-01,22,695
Harelbeke,34013,2020-11-02,18,713
Harelbeke,34013,2020-11-03,8,721
Harelbeke,34013,2020-11-04,16,737
Harelbeke,34013,2020-11-05,24,761
Harelbeke,34013,2020-11-06,26,787
Harelbeke,34013,2020-11-07,29,816
Harelbeke,34013,2020-11-08,20,836
Harelbeke,34013,2020-11-09,11,847
Harelbeke,34013,2020-11-10,2,849
Harelbeke,34013,2020-11-11,15,864
Kortrijk,34022,2020-04-01,9,121
Kortrijk,34022,2020-04-02,17,138
Kortrijk,34022,2020-04-03,8,146
Kortrijk,34022,2020-04-04,9,155
Kortrijk,34022,2020-04-05,3,158
Kortrijk,34022,2020-04-06,15,173
Kortrijk,34022,2020-04-07,8,181
Kortrijk,34022,2020-04-08,12,193
Kortrijk,34022,2020-04-09,22,215
Kortrijk,34022,2020-04-10,23,238
Kortrijk,34022,2020-04-11,6,244
Kortrijk,34022,2020-04-12,49,293
Kortrijk,34022,2020-04-13,13,306
Kortrijk,34022,2020-04-14,17,323
Kortrijk,34022,2020-04-15,0,323
Kortrijk,34022,2020-04-16,3,326
Kortrijk,34022,2020-04-17,16,342
Kortrijk,34022,2020-04-18,5,347
Kortrijk,34022,2020-04-19,19,366
Kortrijk,34022,2020-04-20,29,395
Kortrijk,34022,2020-04-21,31,426
Kortrijk,34022,2020-04-22,4,430
Kortrijk,34022,2020-04-23,8,438
Kortrijk,34022,2020-04-24,8,446
Kortrijk,34022,2020-04-25,0,446
Kortrijk,34022,2020-04-26,4,450
Kortrijk,34022,2020-04-27,0,450
Kortrijk,34022,2020-04-28,3,453
Kortrijk,34022,2020-04-29,1,454
Kortrijk,34022,2020-04-30,6,460
Kortrijk,34022,2020-05-01,2,462
Kortrijk,34022,2020-05-02,3,465
Kortrijk,34022,2020-05-03,1,466
Kortrijk,34022,2020-05-04,1,467
Kortrijk,34022,2020-05-05,0,467
Kortrijk,34022,2020-05-06,1,468
Kortrijk,34022,2020-05-07,16,484
Kortrijk,34022,2020-05-08,1,485
Kortrijk,34022,2020-05-09,3,488
Kortrijk,34022,2020-05-10,4,492
Kortrijk,34022,2020-05-11,0,492
Kortrijk,34022,2020-05-12,0,492
Kortrijk,34022,2020-05-13,3,495
Kortrijk,34022,2020-05-14,1,496
Kortrijk,34022,2020-05-15,14,510
Kortrijk,34022,2020-05-16,7,517
Kortrijk,34022,2020-05-17,1,518
Kortrijk,34022,2020-05-18,2,520
Kortrijk,34022,2020-05-19,1,521
Kortrijk,34022,2020-05-20,0,521
Kortrijk,34022,2020-05-21,2,523
Kortrijk,34022,2020-05-22,2,525
Kortrijk,34022,2020-05-23,1,526
Kortrijk,34022,2020-05-24,2,528
Kortrijk,34022,2020-05-25,0,528
Kortrijk,34022,2020-05-26,1,529
Kortrijk,34022,2020-05-27,2,531
Kortrijk,34022,2020-05-28,0,531
Kortrijk,34022,2020-05-29,6,537
Kortrijk,34022,2020-05-30,0,537
Kortrijk,34022,2020-05-31,1,538
Kortrijk,34022,2020-06-01,0,538
Kortrijk,34022,2020-06-02,0,538
Kortrijk,34022,2020-06-03,2,540
Kortrijk,34022,2020-06-04,2,542
Kortrijk,34022,2020-06-05,1,543
Kortrijk,34022,2020-06-06,3,546
Kortrijk,34022,2020-06-07,2,548
Kortrijk,34022,2020-06-08,1,549
Kortrijk,34022,2020-06-09,0,549
Kortrijk,34022,2020-06-10,1,550
Kortrijk,34022,2020-06-11,2,552
Kortrijk,34022,2020-06-12,1,553
Kortrijk,34022,2020-06-13,0,553
Kortrijk,34022,2020-06-14,0,553
Kortrijk,34022,2020-06-15,0,553
Kortrijk,34022,2020-06-16,0,553
Kortrijk,34022,2020-06-17,0,553
Kortrijk,34022,2020-06-18,1,554
Kortrijk,34022,2020-06-19,0,554
Kortrijk,34022,2020-06-20,0,554
Kortrijk,34022,2020-06-23,3,557
Kortrijk,34022,2020-06-24,1,558
Kortrijk,34022,2020-06-25,2,560
Kortrijk,34022,2020-06-26,0,560
Kortrijk,34022,2020-06-27,0,560
Kortrijk,34022,2020-06-30,0,560
Kortrijk,34022,2020-07-01,2,562
Kortrijk,34022,2020-07-02,0,562
Kortrijk,34022,2020-07-03,1,563
Kortrijk,34022,2020-07-04,5,568
Kortrijk,34022,2020-07-07,0,568
Kortrijk,34022,2020-07-08,3,571
Kortrijk,34022,2020-07-09,0,571
Kortrijk,34022,2020-07-10,1,572
Kortrijk,34022,2020-07-11,0,572
Kortrijk,34022,2020-07-14,9,581
Kortrijk,34022,2020-07-15,2,583
Kortrijk,34022,2020-07-16,2,585
Kortrijk,34022,2020-07-17,2,587
Kortrijk,34022,2020-07-18,6,593
Kortrijk,34022,2020-07-20,0,593
Kortrijk,34022,2020-07-21,0,593
Kortrijk,34022,2020-07-22,0,593
Kortrijk,34022,2020-07-23,1,594
Kortrijk,34022,2020-07-24,2,596
Kortrijk,34022,2020-07-25,1,597
Kortrijk,34022,2020-07-26,0,597
Kortrijk,34022,2020-07-27,0,597
Kortrijk,34022,2020-07-28,0,597
Kortrijk,34022,2020-07-29,2,599
Kortrijk,34022,2020-07-30,2,601
Kortrijk,34022,2020-07-31,23,624
Kortrijk,34022,2020-08-01,5,629
Kortrijk,34022,2020-08-02,3,632
Kortrijk,34022,2020-08-03,3,635
Kortrijk,34022,2020-08-04,1,636
Kortrijk,34022,2020-08-05,0,636
Kortrijk,34022,2020-08-06,1,637
Kortrijk,34022,2020-08-07,1,638
Kortrijk,34022,2020-08-08,3,641
Kortrijk,34022,2020-08-09,3,644
Kortrijk,34022,2020-08-10,1,645
Kortrijk,34022,2020-08-11,0,645
Kortrijk,34022,2020-08-12,0,645
Kortrijk,34022,2020-08-13,1,646
Kortrijk,34022,2020-08-14,0,646
Kortrijk,34022,2020-08-15,1,647
Kortrijk,34022,2020-08-16,1,648
Kortrijk,34022,2020-08-17,3,651
Kortrijk,34022,2020-08-18,0,651
Kortrijk,34022,2020-08-19,5,656
Kortrijk,34022,2020-08-20,1,657
Kortrijk,34022,2020-08-21,1,658
Kortrijk,34022,2020-08-22,5,663
Kortrijk,34022,2020-08-23,0,663
Kortrijk,34022,2020-08-24,3,666
Kortrijk,34022,2020-08-25,0,666
Kortrijk,34022,2020-08-26,1,667
Kortrijk,34022,2020-08-27,6,673
Kortrijk,34022,2020-08-28,0,673
Kortrijk,34022,2020-08-29,5,678
Kortrijk,34022,2020-08-30,2,680
Kortrijk,34022,2020-08-31,1,681
Kortrijk,34022,2020-09-01,0,681
Kortrijk,34022,2020-09-02,3,684
Kortrijk,34022,2020-09-03,7,691
Kortrijk,34022,2020-09-04,2,693
Kortrijk,34022,2020-09-05,0,693
Kortrijk,34022,2020-09-06,2,695
Kortrijk,34022,2020-09-07,0,695
Kortrijk,34022,2020-09-08,0,695
Kortrijk,34022,2020-09-09,0,695
Kortrijk,34022,2020-09-10,1,696
Kortrijk,34022,2020-09-11,16,712
Kortrijk,34022,2020-09-12,5,717
Kortrijk,34022,2020-09-13,2,719
Kortrijk,34022,2020-09-14,2,721
Kortrijk,34022,2020-09-15,2,723
Kortrijk,34022,2020-09-16,7,730
Kortrijk,34022,2020-09-17,1,731
Kortrijk,34022,2020-09-18,4,735
Kortrijk,34022,2020-09-19,12,747
Kortrijk,34022,2020-09-20,4,751
Kortrijk,34022,2020-09-21,7,758
Kortrijk,34022,2020-09-22,3,761
Kortrijk,34022,2020-09-23,3,764
Kortrijk,34022,2020-09-24,10,774
Kortrijk,34022,2020-09-25,3,777
Kortrijk,34022,2020-09-26,17,794
Kortrijk,34022,2020-09-27,8,802
Kortrijk,34022,2020-09-28,2,804
Kortrijk,34022,2020-09-29,14,818
Kortrijk,34022,2020-09-30,6,824
Kortrijk,34022,2020-10-01,11,835
Kortrijk,34022,2020-10-02,15,850
Kortrijk,34022,2020-10-03,16,866
Kortrijk,34022,2020-10-04,14,880
Kortrijk,34022,2020-10-05,19,899
Kortrijk,34022,2020-10-06,7,906
Kortrijk,34022,2020-10-07,2,908
Kortrijk,34022,2020-10-08,28,936
Kortrijk,34022,2020-10-09,15,951
Kortrijk,34022,2020-10-10,15,966
Kortrijk,34022,2020-10-11,23,989
Kortrijk,34022,2020-10-12,23,1012
Kortrijk,34022,2020-10-13,8,1020
Kortrijk,34022,2020-10-14,31,1051
Kortrijk,34022,2020-10-15,45,1096
Kortrijk,34022,2020-10-16,43,1139
Kortrijk,34022,2020-10-17,39,1178
Kortrijk,34022,2020-10-18,46,1224
Kortrijk,34022,2020-10-19,32,1256
Kortrijk,34022,2020-10-20,42,1298
Kortrijk,34022,2020-10-21,45,1343
Kortrijk,34022,2020-10-22,59,1402
Kortrijk,34022,2020-10-23,78,1480
Kortrijk,34022,2020-10-24,77,1557
Kortrijk,34022,2020-10-25,63,1620
Kortrijk,34022,2020-10-26,56,1676
Kortrijk,34022,2020-10-27,42,1718
Kortrijk,34022,2020-10-28,78,1796
Kortrijk,34022,2020-10-29,127,1923
Kortrijk,34022,2020-10-30,136,2059
Kortrijk,34022,2020-10-31,149,2208
Kortrijk,34022,2020-11-01,84,2292
Kortrijk,34022,2020-11-02,47,2339
Kortrijk,34022,2020-11-03,33,2372
Kortrijk,34022,2020-11-04,78,2450
Kortrijk,34022,2020-11-05,89,2539
Kortrijk,34022,2020-11-06,61,2600
Kortrijk,34022,2020-11-07,44,2644
Kortrijk,34022,2020-11-08,47,2691
Kortrijk,34022,2020-11-09,21,2712
Kortrijk,34022,2020-11-10,5,2717
Kortrijk,34022,2020-11-11,38,2755
Kuurne,34023,2020-04-01,4,14
Kuurne,34023,2020-04-02,5,19
Kuurne,34023,2020-04-03,3,22
Kuurne,34023,2020-04-04,2,24
Kuurne,34023,2020-04-05,1,25
Kuurne,34023,2020-04-06,3,28
Kuurne,34023,2020-04-07,0,28
Kuurne,34023,2020-04-08,2,30
Kuurne,34023,2020-04-09,2,32
Kuurne,34023,2020-04-10,5,37
Kuurne,34023,2020-04-11,7,44
Kuurne,34023,2020-04-12,3,47
Kuurne,34023,2020-04-13,3,50
Kuurne,34023,2020-04-14,2,52
Kuurne,34023,2020-04-15,2,54
Kuurne,34023,2020-04-16,2,56
Kuurne,34023,2020-04-17,0,56
Kuurne,34023,2020-04-18,3,59
Kuurne,34023,2020-04-19,1,60
Kuurne,34023,2020-04-20,1,61
Kuurne,34023,2020-04-21,0,61
Kuurne,34023,2020-04-22,2,63
Kuurne,34023,2020-04-23,2,65
Kuurne,34023,2020-04-24,0,65
Kuurne,34023,2020-04-25,0,65
Kuurne,34023,2020-04-26,2,67
Kuurne,34023,2020-04-27,0,67
Kuurne,34023,2020-04-28,0,67
Kuurne,34023,2020-04-29,2,69
Kuurne,34023,2020-04-30,0,69
Kuurne,34023,2020-05-01,0,69
Kuurne,34023,2020-05-02,1,70
Kuurne,34023,2020-05-03,0,70
Kuurne,34023,2020-05-04,0,70
Kuurne,34023,2020-05-05,1,71
Kuurne,34023,2020-05-06,0,71
Kuurne,34023,2020-05-07,1,72
Kuurne,34023,2020-05-08,0,72
Kuurne,34023,2020-05-09,1,73
Kuurne,34023,2020-05-10,2,75
Kuurne,34023,2020-05-11,2,77
Kuurne,34023,2020-05-12,0,77
Kuurne,34023,2020-05-13,2,79
Kuurne,34023,2020-05-14,0,79
Kuurne,34023,2020-05-15,1,80
Kuurne,34023,2020-05-16,1,81
Kuurne,34023,2020-05-17,1,82
Kuurne,34023,2020-05-18,0,82
Kuurne,34023,2020-05-19,0,82
Kuurne,34023,2020-05-20,1,83
Kuurne,34023,2020-05-21,1,84
Kuurne,34023,2020-05-22,0,84
Kuurne,34023,2020-05-23,0,84
Kuurne,34023,2020-05-24,0,84
Kuurne,34023,2020-05-25,0,84
Kuurne,34023,2020-05-26,1,85
Kuurne,34023,2020-05-27,0,85
Kuurne,34023,2020-05-28,1,86
Kuurne,34023,2020-05-29,0,86
Kuurne,34023,2020-05-30,0,86
Kuurne,34023,2020-05-31,0,86
Kuurne,34023,2020-06-01,0,86
Kuurne,34023,2020-06-02,0,86
Kuurne,34023,2020-06-03,1,87
Kuurne,34023,2020-06-04,0,87
Kuurne,34023,2020-06-05,0,87
Kuurne,34023,2020-06-06,0,87
Kuurne,34023,2020-06-07,0,87
Kuurne,34023,2020-06-08,0,87
Kuurne,34023,2020-06-09,0,87
Kuurne,34023,2020-06-10,0,87
Kuurne,34023,2020-06-11,0,87
Kuurne,34023,2020-06-12,0,87
Kuurne,34023,2020-06-13,0,87
Kuurne,34023,2020-06-14,0,87
Kuurne,34023,2020-06-15,0,87
Kuurne,34023,2020-06-16,0,87
Kuurne,34023,2020-06-17,0,87
Kuurne,34023,2020-06-18,0,87
Kuurne,34023,2020-06-19,0,87
Kuurne,34023,2020-06-20,0,87
Kuurne,34023,2020-06-23,0,87
Kuurne,34023,2020-06-24,0,87
Kuurne,34023,2020-06-25,0,87
Kuurne,34023,2020-06-26,0,87
Kuurne,34023,2020-06-27,0,87
Kuurne,34023,2020-06-30,0,87
Kuurne,34023,2020-07-01,2,89
Kuurne,34023,2020-07-02,0,89
Kuurne,34023,2020-07-03,0,89
Kuurne,34023,2020-07-04,0,89
Kuurne,34023,2020-07-07,0,89
Kuurne,34023,2020-07-08,2,91
Kuurne,34023,2020-07-09,1,92
Kuurne,34023,2020-07-10,0,92
Kuurne,34023,2020-07-11,0,92
Kuurne,34023,2020-07-14,0,92
Kuurne,34023,2020-07-15,1,93
Kuurne,34023,2020-07-16,0,93
Kuurne,34023,2020-07-17,1,94
Kuurne,34023,2020-07-18,0,94
Kuurne,34023,2020-07-20,0,94
Kuurne,34023,2020-07-21,0,94
Kuurne,34023,2020-07-22,0,94
Kuurne,34023,2020-07-23,0,94
Kuurne,34023,2020-07-24,0,94
Kuurne,34023,2020-07-25,0,94
Kuurne,34023,2020-07-26,0,94
Kuurne,34023,2020-07-27,0,94
Kuurne,34023,2020-07-28,1,95
Kuurne,34023,2020-07-29,0,95
Kuurne,34023,2020-07-30,0,95
Kuurne,34023,2020-07-31,0,95
Kuurne,34023,2020-08-01,0,95
Kuurne,34023,2020-08-02,0,95
Kuurne,34023,2020-08-03,0,95
Kuurne,34023,2020-08-04,0,95
Kuurne,34023,2020-08-05,0,95
Kuurne,34023,2020-08-06,0,95
Kuurne,34023,2020-08-07,0,95
Kuurne,34023,2020-08-08,0,95
Kuurne,34023,2020-08-09,1,96
Kuurne,34023,2020-08-10,1,97
Kuurne,34023,2020-08-11,0,97
Kuurne,34023,2020-08-12,0,97
Kuurne,34023,2020-08-13,0,97
Kuurne,34023,2020-08-14,0,97
Kuurne,34023,2020-08-15,0,97
Kuurne,34023,2020-08-16,0,97
Kuurne,34023,2020-08-17,1,98
Kuurne,34023,2020-08-18,0,98
Kuurne,34023,2020-08-19,0,98
Kuurne,34023,2020-08-20,0,98
Kuurne,34023,2020-08-21,0,98
Kuurne,34023,2020-08-22,0,98
Kuurne,34023,2020-08-23,0,98
Kuurne,34023,2020-08-24,3,101
Kuurne,34023,2020-08-25,0,101
Kuurne,34023,2020-08-26,0,101
Kuurne,34023,2020-08-27,0,101
Kuurne,34023,2020-08-28,0,101
Kuurne,34023,2020-08-29,0,101
Kuurne,34023,2020-08-30,0,101
Kuurne,34023,2020-08-31,0,101
Kuurne,34023,2020-09-01,0,101
Kuurne,34023,2020-09-02,0,101
Kuurne,34023,2020-09-03,0,101
Kuurne,34023,2020-09-04,0,101
Kuurne,34023,2020-09-05,1,102
Kuurne,34023,2020-09-06,1,103
Kuurne,34023,2020-09-07,0,103
Kuurne,34023,2020-09-08,0,103
Kuurne,34023,2020-09-09,0,103
Kuurne,34023,2020-09-10,0,103
Kuurne,34023,2020-09-11,1,104
Kuurne,34023,2020-09-12,0,104
Kuurne,34023,2020-09-13,0,104
Kuurne,34023,2020-09-14,0,104
Kuurne,34023,2020-09-15,0,104
Kuurne,34023,2020-09-16,3,107
Kuurne,34023,2020-09-17,0,107
Kuurne,34023,2020-09-18,0,107
Kuurne,34023,2020-09-19,0,107
Kuurne,34023,2020-09-20,0,107
Kuurne,34023,2020-09-21,0,107
Kuurne,34023,2020-09-22,0,107
Kuurne,34023,2020-09-23,0,107
Kuurne,34023,2020-09-24,0,107
Kuurne,34023,2020-09-25,0,107
Kuurne,34023,2020-09-26,6,113
Kuurne,34023,2020-09-27,0,113
Kuurne,34023,2020-09-28,0,113
Kuurne,34023,2020-09-29,1,114
Kuurne,34023,2020-09-30,1,115
Kuurne,34023,2020-10-01,2,117
Kuurne,34023,2020-10-02,1,118
Kuurne,34023,2020-10-03,2,120
Kuurne,34023,2020-10-04,1,121
Kuurne,34023,2020-10-05,0,121
Kuurne,34023,2020-10-06,1,122
Kuurne,34023,2020-10-07,0,122
Kuurne,34023,2020-10-08,0,122
Kuurne,34023,2020-10-09,1,123
Kuurne,34023,2020-10-10,2,125
Kuurne,34023,2020-10-11,1,126
Kuurne,34023,2020-10-12,0,126
Kuurne,34023,2020-10-13,0,126
Kuurne,34023,2020-10-14,6,132
Kuurne,34023,2020-10-15,12,144
Kuurne,34023,2020-10-16,9,153
Kuurne,34023,2020-10-17,6,159
Kuurne,34023,2020-10-18,6,165
Kuurne,34023,2020-10-19,3,168
Kuurne,34023,2020-10-20,6,174
Kuurne,34023,2020-10-21,8,182
Kuurne,34023,2020-10-22,6,188
Kuurne,34023,2020-10-23,11,199
Kuurne,34023,2020-10-24,11,210
Kuurne,34023,2020-10-25,12,222
Kuurne,34023,2020-10-26,5,227
Kuurne,34023,2020-10-27,5,232
Kuurne,34023,2020-10-28,10,242
Kuurne,34023,2020-10-29,17,259
Kuurne,34023,2020-10-30,8,267
Kuurne,34023,2020-10-31,23,290
Kuurne,34023,2020-11-01,14,304
Kuurne,34023,2020-11-02,5,309
Kuurne,34023,2020-11-03,5,314
Kuurne,34023,2020-11-04,13,327
Kuurne,34023,2020-11-05,13,340
Kuurne,34023,2020-11-06,11,351
Kuurne,34023,2020-11-07,4,355
Kuurne,34023,2020-11-08,3,358
Kuurne,34023,2020-11-09,0,358
Kuurne,34023,2020-11-10,1,359
Kuurne,34023,2020-11-11,1,360
Lendelede,34025,2020-04-01,0,0
Lendelede,34025,2020-04-02,0,0
Lendelede,34025,2020-04-03,0,0
Lendelede,34025,2020-04-04,5,5
Lendelede,34025,2020-04-05,1,6
Lendelede,34025,2020-04-06,0,6
Lendelede,34025,2020-04-07,1,7
Lendelede,34025,2020-04-08,1,8
Lendelede,34025,2020-04-09,0,8
Lendelede,34025,2020-04-10,3,11
Lendelede,34025,2020-04-11,5,16
Lendelede,34025,2020-04-12,12,28
Lendelede,34025,2020-04-13,0,28
Lendelede,34025,2020-04-14,0,28
Lendelede,34025,2020-04-15,0,28
Lendelede,34025,2020-04-16,0,28
Lendelede,34025,2020-04-17,1,29
Lendelede,34025,2020-04-18,1,30
Lendelede,34025,2020-04-19,0,30
Lendelede,34025,2020-04-20,0,30
Lendelede,34025,2020-04-21,-1,29
Lendelede,34025,2020-04-22,0,29
Lendelede,34025,2020-04-23,0,29
Lendelede,34025,2020-04-24,0,29
Lendelede,34025,2020-04-25,0,29
Lendelede,34025,2020-04-26,0,29
Lendelede,34025,2020-04-27,0,29
Lendelede,34025,2020-04-28,0,29
Lendelede,34025,2020-04-29,0,29
Lendelede,34025,2020-04-30,0,29
Lendelede,34025,2020-05-01,0,29
Lendelede,34025,2020-05-02,0,29
Lendelede,34025,2020-05-03,0,29
Lendelede,34025,2020-05-04,0,29
Lendelede,34025,2020-05-05,0,29
Lendelede,34025,2020-05-06,0,29
Lendelede,34025,2020-05-07,0,29
Lendelede,34025,2020-05-08,0,29
Lendelede,34025,2020-05-09,0,29
Lendelede,34025,2020-05-10,0,29
Lendelede,34025,2020-05-11,0,29
Lendelede,34025,2020-05-12,0,29
Lendelede,34025,2020-05-13,0,29
Lendelede,34025,2020-05-14,0,29
Lendelede,34025,2020-05-15,1,30
Lendelede,34025,2020-05-16,0,30
Lendelede,34025,2020-05-17,0,30
Lendelede,34025,2020-05-18,0,30
Lendelede,34025,2020-05-19,1,31
Lendelede,34025,2020-05-20,0,31
Lendelede,34025,2020-05-21,0,31
Lendelede,34025,2020-05-22,0,31
Lendelede,34025,2020-05-23,0,31
Lendelede,34025,2020-05-24,0,31
Lendelede,34025,2020-05-25,0,31
Lendelede,34025,2020-05-26,0,31
Lendelede,34025,2020-05-27,0,31
Lendelede,34025,2020-05-28,0,31
Lendelede,34025,2020-05-29,0,31
Lendelede,34025,2020-05-30,0,31
Lendelede,34025,2020-05-31,1,32
Lendelede,34025,2020-06-01,0,32
Lendelede,34025,2020-06-02,0,32
Lendelede,34025,2020-06-03,0,32
Lendelede,34025,2020-06-04,0,32
Lendelede,34025,2020-06-05,0,32
Lendelede,34025,2020-06-06,0,32
Lendelede,34025,2020-06-07,0,32
Lendelede,34025,2020-06-08,0,32
Lendelede,34025,2020-06-09,0,32
Lendelede,34025,2020-06-10,1,33
Lendelede,34025,2020-06-11,0,33
Lendelede,34025,2020-06-12,0,33
Lendelede,34025,2020-06-13,0,33
Lendelede,34025,2020-06-14,0,33
Lendelede,34025,2020-06-15,0,33
Lendelede,34025,2020-06-16,0,33
Lendelede,34025,2020-06-17,0,33
Lendelede,34025,2020-06-18,0,33
Lendelede,34025,2020-06-19,0,33
Lendelede,34025,2020-06-20,0,33
Lendelede,34025,2020-06-23,0,33
Lendelede,34025,2020-06-24,0,33
Lendelede,34025,2020-06-25,0,33
Lendelede,34025,2020-06-26,0,33
Lendelede,34025,2020-06-27,0,33
Lendelede,34025,2020-06-30,0,33
Lendelede,34025,2020-07-01,0,33
Lendelede,34025,2020-07-02,1,34
Lendelede,34025,2020-07-03,0,34
Lendelede,34025,2020-07-04,0,34
Lendelede,34025,2020-07-07,0,34
Lendelede,34025,2020-07-08,1,35
Lendelede,34025,2020-07-09,0,35
Lendelede,34025,2020-07-10,3,38
Lendelede,34025,2020-07-11,0,38
Lendelede,34025,2020-07-14,1,39
Lendelede,34025,2020-07-15,0,39
Lendelede,34025,2020-07-16,0,39
Lendelede,34025,2020-07-17,0,39
Lendelede,34025,2020-07-18,1,40
Lendelede,34025,2020-07-20,0,40
Lendelede,34025,2020-07-21,0,40
Lendelede,34025,2020-07-22,0,40
Lendelede,34025,2020-07-23,0,40
Lendelede,34025,2020-07-24,1,41
Lendelede,34025,2020-07-25,1,42
Lendelede,34025,2020-07-26,0,42
Lendelede,34025,2020-07-27,0,42
Lendelede,34025,2020-07-28,0,42
Lendelede,34025,2020-07-29,0,42
Lendelede,34025,2020-07-30,0,42
Lendelede,34025,2020-07-31,3,45
Lendelede,34025,2020-08-01,0,45
Lendelede,34025,2020-08-02,0,45
Lendelede,34025,2020-08-03,0,45
Lendelede,34025,2020-08-04,0,45
Lendelede,34025,2020-08-05,0,45
Lendelede,34025,2020-08-06,0,45
Lendelede,34025,2020-08-07,0,45
Lendelede,34025,2020-08-08,0,45
Lendelede,34025,2020-08-09,0,45
Lendelede,34025,2020-08-10,0,45
Lendelede,34025,2020-08-11,0,45
Lendelede,34025,2020-08-12,0,45
Lendelede,34025,2020-08-13,0,45
Lendelede,34025,2020-08-14,0,45
Lendelede,34025,2020-08-15,1,46
Lendelede,34025,2020-08-16,0,46
Lendelede,34025,2020-08-17,0,46
Lendelede,34025,2020-08-18,0,46
Lendelede,34025,2020-08-19,0,46
Lendelede,34025,2020-08-20,0,46
Lendelede,34025,2020-08-21,2,48
Lendelede,34025,2020-08-22,1,49
Lendelede,34025,2020-08-23,0,49
Lendelede,34025,2020-08-24,1,50
Lendelede,34025,2020-08-25,0,50
Lendelede,34025,2020-08-26,0,50
Lendelede,34025,2020-08-27,0,50
Lendelede,34025,2020-08-28,0,50
Lendelede,34025,2020-08-29,0,50
Lendelede,34025,2020-08-30,0,50
Lendelede,34025,2020-08-31,0,50
Lendelede,34025,2020-09-01,0,50
Lendelede,34025,2020-09-02,0,50
Lendelede,34025,2020-09-03,0,50
Lendelede,34025,2020-09-04,0,50
Lendelede,34025,2020-09-05,0,50
Lendelede,34025,2020-09-06,0,50
Lendelede,34025,2020-09-07,0,50
Lendelede,34025,2020-09-08,0,50
Lendelede,34025,2020-09-09,0,50
Lendelede,34025,2020-09-10,0,50
Lendelede,34025,2020-09-11,1,51
Lendelede,34025,2020-09-12,0,51
Lendelede,34025,2020-09-13,0,51
Lendelede,34025,2020-09-14,0,51
Lendelede,34025,2020-09-15,0,51
Lendelede,34025,2020-09-16,1,52
Lendelede,34025,2020-09-17,0,52
Lendelede,34025,2020-09-18,0,52
Lendelede,34025,2020-09-19,1,53
Lendelede,34025,2020-09-20,0,53
Lendelede,34025,2020-09-21,0,53
Lendelede,34025,2020-09-22,0,53
Lendelede,34025,2020-09-23,0,53
Lendelede,34025,2020-09-24,0,53
Lendelede,34025,2020-09-25,0,53
Lendelede,34025,2020-09-26,0,53
Lendelede,34025,2020-09-27,1,54
Lendelede,34025,2020-09-28,1,55
Lendelede,34025,2020-09-29,0,55
Lendelede,34025,2020-09-30,0,55
Lendelede,34025,2020-10-01,0,55
Lendelede,34025,2020-10-02,1,56
Lendelede,34025,2020-10-03,1,57
Lendelede,34025,2020-10-04,0,57
Lendelede,34025,2020-10-05,0,57
Lendelede,34025,2020-10-06,1,58
Lendelede,34025,2020-10-07,0,58
Lendelede,34025,2020-10-08,4,62
Lendelede,34025,2020-10-09,2,64
Lendelede,34025,2020-10-10,2,66
Lendelede,34025,2020-10-11,4,70
Lendelede,34025,2020-10-12,2,72
Lendelede,34025,2020-10-13,0,72
Lendelede,34025,2020-10-14,7,79
Lendelede,34025,2020-10-15,6,85
Lendelede,34025,2020-10-16,3,88
Lendelede,34025,2020-10-17,1,89
Lendelede,34025,2020-10-18,8,97
Lendelede,34025,2020-10-19,2,99
Lendelede,34025,2020-10-20,2,101
Lendelede,34025,2020-10-21,3,104
Lendelede,34025,2020-10-22,8,112
Lendelede,34025,2020-10-23,11,123
Lendelede,34025,2020-10-24,11,134
Lendelede,34025,2020-10-25,15,149
Lendelede,34025,2020-10-26,4,153
Lendelede,34025,2020-10-27,9,162
Lendelede,34025,2020-10-28,6,168
Lendelede,34025,2020-10-29,17,185
Lendelede,34025,2020-10-30,16,201
Lendelede,34025,2020-10-31,9,210
Lendelede,34025,2020-11-01,7,217
Lendelede,34025,2020-11-02,3,220
Lendelede,34025,2020-11-03,3,223
Lendelede,34025,2020-11-04,4,227
Lendelede,34025,2020-11-05,14,241
Lendelede,34025,2020-11-06,5,246
Lendelede,34025,2020-11-07,8,254
Lendelede,34025,2020-11-08,4,258
Lendelede,34025,2020-11-09,3,261
Lendelede,34025,2020-11-10,1,262
Lendelede,34025,2020-11-11,1,263
Menen,34027,2020-04-01,6,60
Menen,34027,2020-04-02,7,67
Menen,34027,2020-04-03,5,72
Menen,34027,2020-04-04,4,76
Menen,34027,2020-04-05,3,79
Menen,34027,2020-04-06,2,81
Menen,34027,2020-04-07,6,87
Menen,34027,2020-04-08,0,87
Menen,34027,2020-04-09,12,99
Menen,34027,2020-04-10,3,102
Menen,34027,2020-04-11,4,106
Menen,34027,2020-04-12,8,114
Menen,34027,2020-04-13,15,129
Menen,34027,2020-04-14,2,131
Menen,34027,2020-04-15,4,135
Menen,34027,2020-04-16,4,139
Menen,34027,2020-04-17,15,154
Menen,34027,2020-04-18,22,176
Menen,34027,2020-04-19,1,177
Menen,34027,2020-04-20,16,193
Menen,34027,2020-04-21,2,195
Menen,34027,2020-04-22,3,198
Menen,34027,2020-04-23,-1,197
Menen,34027,2020-04-24,5,202
Menen,34027,2020-04-25,8,210
Menen,34027,2020-04-26,5,215
Menen,34027,2020-04-27,0,215
Menen,34027,2020-04-28,1,216
Menen,34027,2020-04-29,2,218
Menen,34027,2020-04-30,2,220
Menen,34027,2020-05-01,2,222
Menen,34027,2020-05-02,1,223
Menen,34027,2020-05-03,1,224
Menen,34027,2020-05-04,0,224
Menen,34027,2020-05-05,1,225
Menen,34027,2020-05-06,1,226
Menen,34027,2020-05-07,4,230
Menen,34027,2020-05-08,2,232
Menen,34027,2020-05-09,0,232
Menen,34027,2020-05-10,1,233
Menen,34027,2020-05-11,0,233
Menen,34027,2020-05-12,0,233
Menen,34027,2020-05-13,1,234
Menen,34027,2020-05-14,2,236
Menen,34027,2020-05-15,0,236
Menen,34027,2020-05-16,2,238
Menen,34027,2020-05-17,1,239
Menen,34027,2020-05-18,3,242
Menen,34027,2020-05-19,1,243
Menen,34027,2020-05-20,9,252
Menen,34027,2020-05-21,0,252
Menen,34027,2020-05-22,1,253
Menen,34027,2020-05-23,0,253
Menen,34027,2020-05-24,0,253
Menen,34027,2020-05-25,4,257
Menen,34027,2020-05-26,3,260
Menen,34027,2020-05-27,0,260
Menen,34027,2020-05-28,2,262
Menen,34027,2020-05-29,0,262
Menen,34027,2020-05-30,0,262
Menen,34027,2020-05-31,1,263
Menen,34027,2020-06-01,0,263
Menen,34027,2020-06-02,0,263
Menen,34027,2020-06-03,0,263
Menen,34027,2020-06-04,1,264
Menen,34027,2020-06-05,0,264
Menen,34027,2020-06-06,1,265
Menen,34027,2020-06-07,0,265
Menen,34027,2020-06-08,0,265
Menen,34027,2020-06-09,0,265
Menen,34027,2020-06-10,0,265
Menen,34027,2020-06-11,0,265
Menen,34027,2020-06-12,0,265
Menen,34027,2020-06-13,0,265
Menen,34027,2020-06-14,1,266
Menen,34027,2020-06-15,0,266
Menen,34027,2020-06-16,0,266
Menen,34027,2020-06-17,0,266
Menen,34027,2020-06-18,3,269
Menen,34027,2020-06-19,0,269
Menen,34027,2020-06-20,1,270
Menen,34027,2020-06-23,2,272
Menen,34027,2020-06-24,4,276
Menen,34027,2020-06-25,1,277
Menen,34027,2020-06-26,0,277
Menen,34027,2020-06-27,0,277
Menen,34027,2020-06-30,2,279
Menen,34027,2020-07-01,2,281
Menen,34027,2020-07-02,1,282
Menen,34027,2020-07-03,0,282
Menen,34027,2020-07-04,2,284
Menen,34027,2020-07-07,0,284
Menen,34027,2020-07-08,1,285
Menen,34027,2020-07-09,1,286
Menen,34027,2020-07-10,1,287
Menen,34027,2020-07-11,0,287
Menen,34027,2020-07-14,3,290
Menen,34027,2020-07-15,1,291
Menen,34027,2020-07-16,2,293
Menen,34027,2020-07-17,0,293
Menen,34027,2020-07-18,1,294
Menen,34027,2020-07-20,0,294
Menen,34027,2020-07-21,5,299
Menen,34027,2020-07-22,2,301
Menen,34027,2020-07-23,3,304
Menen,34027,2020-07-24,1,305
Menen,34027,2020-07-25,0,305
Menen,34027,2020-07-26,0,305
Menen,34027,2020-07-27,0,305
Menen,34027,2020-07-28,0,305
Menen,34027,2020-07-29,1,306
Menen,34027,2020-07-30,0,306
Menen,34027,2020-07-31,0,306
Menen,34027,2020-08-01,1,307
Menen,34027,2020-08-02,1,308
Menen,34027,2020-08-03,1,309
Menen,34027,2020-08-04,0,309
Menen,34027,2020-08-05,0,309
Menen,34027,2020-08-06,2,311
Menen,34027,2020-08-07,3,314
Menen,34027,2020-08-08,1,315
Menen,34027,2020-08-09,2,317
Menen,34027,2020-08-10,0,317
Menen,34027,2020-08-11,0,317
Menen,34027,2020-08-12,0,317
Menen,34027,2020-08-13,0,317
Menen,34027,2020-08-14,1,318
Menen,34027,2020-08-15,2,320
Menen,34027,2020-08-16,0,320
Menen,34027,2020-08-17,0,320
Menen,34027,2020-08-18,0,320
Menen,34027,2020-08-19,0,320
Menen,34027,2020-08-20,0,320
Menen,34027,2020-08-21,1,321
Menen,34027,2020-08-22,2,323
Menen,34027,2020-08-23,1,324
Menen,34027,2020-08-24,2,326
Menen,34027,2020-08-25,0,326
Menen,34027,2020-08-26,0,326
Menen,34027,2020-08-27,0,326
Menen,34027,2020-08-28,1,327
Menen,34027,2020-08-29,2,329
Menen,34027,2020-08-30,1,330
Menen,34027,2020-08-31,1,331
Menen,34027,2020-09-01,0,331
Menen,34027,2020-09-02,0,331
Menen,34027,2020-09-03,1,332
Menen,34027,2020-09-04,0,332
Menen,34027,2020-09-05,0,332
Menen,34027,2020-09-06,1,333
Menen,34027,2020-09-07,3,336
Menen,34027,2020-09-08,0,336
Menen,34027,2020-09-09,0,336
Menen,34027,2020-09-10,0,336
Menen,34027,2020-09-11,2,338
Menen,34027,2020-09-12,2,340
Menen,34027,2020-09-13,4,344
Menen,34027,2020-09-14,0,344
Menen,34027,2020-09-15,1,345
Menen,34027,2020-09-16,0,345
Menen,34027,2020-09-17,0,345
Menen,34027,2020-09-18,1,346
Menen,34027,2020-09-19,2,348
Menen,34027,2020-09-20,3,351
Menen,34027,2020-09-21,2,353
Menen,34027,2020-09-22,1,354
Menen,34027,2020-09-23,2,356
Menen,34027,2020-09-24,6,362
Menen,34027,2020-09-25,2,364
Menen,34027,2020-09-26,4,368
Menen,34027,2020-09-27,4,372
Menen,34027,2020-09-28,3,375
Menen,34027,2020-09-29,3,378
Menen,34027,2020-09-30,5,383
Menen,34027,2020-10-01,1,384
Menen,34027,2020-10-02,24,408
Menen,34027,2020-10-03,3,411
Menen,34027,2020-10-04,8,419
Menen,34027,2020-10-05,6,425
Menen,34027,2020-10-06,4,429
Menen,34027,2020-10-07,1,430
Menen,34027,2020-10-08,8,438
Menen,34027,2020-10-09,11,449
Menen,34027,2020-10-10,29,478
Menen,34027,2020-10-11,34,512
Menen,34027,2020-10-12,38,550
Menen,34027,2020-10-13,33,583
Menen,34027,2020-10-14,18,601
Menen,34027,2020-10-15,45,646
Menen,34027,2020-10-16,34,680
Menen,34027,2020-10-17,39,719
Menen,34027,2020-10-18,53,772
Menen,34027,2020-10-19,44,816
Menen,34027,2020-10-20,26,842
Menen,34027,2020-10-21,27,869
Menen,34027,2020-10-22,47,916
Menen,34027,2020-10-23,30,946
Menen,34027,2020-10-24,70,1016
Menen,34027,2020-10-25,56,1072
Menen,34027,2020-10-26,87,1159
Menen,34027,2020-10-27,53,1212
Menen,34027,2020-10-28,31,1243
Menen,34027,2020-10-29,68,1311
Menen,34027,2020-10-30,117,1428
Menen,34027,2020-10-31,62,1490
Menen,34027,2020-11-01,48,1538
Menen,34027,2020-11-02,70,1608
Menen,34027,2020-11-03,23,1631
Menen,34027,2020-11-04,21,1652
Menen,34027,2020-11-05,58,1710
Menen,34027,2020-11-06,34,1744
Menen,34027,2020-11-07,30,1774
Menen,34027,2020-11-08,31,1805
Menen,34027,2020-11-09,50,1855
Menen,34027,2020-11-10,15,1870
Menen,34027,2020-11-11,18,1888
Waregem,34040,2020-04-01,2,68
Waregem,34040,2020-04-02,11,79
Waregem,34040,2020-04-03,5,84
Waregem,34040,2020-04-04,9,93
Waregem,34040,2020-04-05,7,100
Waregem,34040,2020-04-06,3,103
Waregem,34040,2020-04-07,2,105
Waregem,34040,2020-04-08,6,111
Waregem,34040,2020-04-09,13,124
Waregem,34040,2020-04-10,7,131
Waregem,34040,2020-04-11,0,131
Waregem,34040,2020-04-12,6,137
Waregem,34040,2020-04-13,1,138
Waregem,34040,2020-04-14,1,139
Waregem,34040,2020-04-15,147,286
Waregem,34040,2020-04-16,8,294
Waregem,34040,2020-04-17,-9,285
Waregem,34040,2020-04-18,13,298
Waregem,34040,2020-04-19,2,300
Waregem,34040,2020-04-20,3,303
Waregem,34040,2020-04-21,0,303
Waregem,34040,2020-04-22,1,304
Waregem,34040,2020-04-23,3,307
Waregem,34040,2020-04-24,2,309
Waregem,34040,2020-04-25,1,310
Waregem,34040,2020-04-26,1,311
Waregem,34040,2020-04-27,3,314
Waregem,34040,2020-04-28,0,314
Waregem,34040,2020-04-29,2,316
Waregem,34040,2020-04-30,0,316
Waregem,34040,2020-05-01,1,317
Waregem,34040,2020-05-02,0,317
Waregem,34040,2020-05-03,0,317
Waregem,34040,2020-05-04,0,317
Waregem,34040,2020-05-05,1,318
Waregem,34040,2020-05-06,0,318
Waregem,34040,2020-05-07,4,322
Waregem,34040,2020-05-08,3,325
Waregem,34040,2020-05-09,0,325
Waregem,34040,2020-05-10,5,330
Waregem,34040,2020-05-11,2,332
Waregem,34040,2020-05-12,2,334
Waregem,34040,2020-05-13,2,336
Waregem,34040,2020-05-14,1,337
Waregem,34040,2020-05-15,1,338
Waregem,34040,2020-05-16,0,338
Waregem,34040,2020-05-17,0,338
Waregem,34040,2020-05-18,0,338
Waregem,34040,2020-05-19,0,338
Waregem,34040,2020-05-20,0,338
Waregem,34040,2020-05-21,2,340
Waregem,34040,2020-05-22,0,340
Waregem,34040,2020-05-23,0,340
Waregem,34040,2020-05-24,0,340
Waregem,34040,2020-05-25,4,344
Waregem,34040,2020-05-26,1,345
Waregem,34040,2020-05-27,0,345
Waregem,34040,2020-05-28,0,345
Waregem,34040,2020-05-29,0,345
Waregem,34040,2020-05-30,0,345
Waregem,34040,2020-05-31,0,345
Waregem,34040,2020-06-01,2,347
Waregem,34040,2020-06-02,0,347
Waregem,34040,2020-06-03,0,347
Waregem,34040,2020-06-04,0,347
Waregem,34040,2020-06-05,0,347
Waregem,34040,2020-06-06,0,347
Waregem,34040,2020-06-07,0,347
Waregem,34040,2020-06-08,0,347
Waregem,34040,2020-06-09,0,347
Waregem,34040,2020-06-10,0,347
Waregem,34040,2020-06-11,0,347
Waregem,34040,2020-06-12,0,347
Waregem,34040,2020-06-13,0,347
Waregem,34040,2020-06-14,0,347
Waregem,34040,2020-06-15,0,347
Waregem,34040,2020-06-16,0,347
Waregem,34040,2020-06-17,0,347
Waregem,34040,2020-06-18,1,348
Waregem,34040,2020-06-19,5,353
Waregem,34040,2020-06-20,0,353
Waregem,34040,2020-06-23,0,353
Waregem,34040,2020-06-24,2,355
Waregem,34040,2020-06-25,1,356
Waregem,34040,2020-06-26,0,356
Waregem,34040,2020-06-27,0,356
Waregem,34040,2020-06-30,0,356
Waregem,34040,2020-07-01,0,356
Waregem,34040,2020-07-02,0,356
Waregem,34040,2020-07-03,0,356
Waregem,34040,2020-07-04,0,356
Waregem,34040,2020-07-07,1,357
Waregem,34040,2020-07-08,0,357
Waregem,34040,2020-07-09,0,357
Waregem,34040,2020-07-10,0,357
Waregem,34040,2020-07-11,2,359
Waregem,34040,2020-07-14,0,359
Waregem,34040,2020-07-15,0,359
Waregem,34040,2020-07-16,1,360
Waregem,34040,2020-07-17,1,361
Waregem,34040,2020-07-18,0,361
Waregem,34040,2020-07-20,2,363
Waregem,34040,2020-07-21,0,363
Waregem,34040,2020-07-22,1,364
Waregem,34040,2020-07-23,0,364
Waregem,34040,2020-07-24,0,364
Waregem,34040,2020-07-25,2,366
Waregem,34040,2020-07-26,0,366
Waregem,34040,2020-07-27,1,367
Waregem,34040,2020-07-28,0,367
Waregem,34040,2020-07-29,1,368
Waregem,34040,2020-07-30,1,369
Waregem,34040,2020-07-31,1,370
Waregem,34040,2020-08-01,1,371
Waregem,34040,2020-08-02,0,371
Waregem,34040,2020-08-03,1,372
Waregem,34040,2020-08-04,0,372
Waregem,34040,2020-08-05,0,372
Waregem,34040,2020-08-06,0,372
Waregem,34040,2020-08-07,0,372
Waregem,34040,2020-08-08,1,373
Waregem,34040,2020-08-09,2,375
Waregem,34040,2020-08-10,1,376
Waregem,34040,2020-08-11,0,376
Waregem,34040,2020-08-12,0,376
Waregem,34040,2020-08-13,0,376
Waregem,34040,2020-08-14,0,376
Waregem,34040,2020-08-15,1,377
Waregem,34040,2020-08-16,0,377
Waregem,34040,2020-08-17,0,377
Waregem,34040,2020-08-18,0,377
Waregem,34040,2020-08-19,0,377
Waregem,34040,2020-08-20,0,377
Waregem,34040,2020-08-21,0,377
Waregem,34040,2020-08-22,0,377
Waregem,34040,2020-08-23,0,377
Waregem,34040,2020-08-24,1,378
Waregem,34040,2020-08-25,0,378
Waregem,34040,2020-08-26,0,378
Waregem,34040,2020-08-27,0,378
Waregem,34040,2020-08-28,1,379
Waregem,34040,2020-08-29,0,379
Waregem,34040,2020-08-30,0,379
Waregem,34040,2020-08-31,0,379
Waregem,34040,2020-09-01,0,379
Waregem,34040,2020-09-02,0,379
Waregem,34040,2020-09-03,1,380
Waregem,34040,2020-09-04,1,381
Waregem,34040,2020-09-05,1,382
Waregem,34040,2020-09-06,1,383
Waregem,34040,2020-09-07,1,384
Waregem,34040,2020-09-08,2,386
Waregem,34040,2020-09-09,1,387
Waregem,34040,2020-09-10,1,388
Waregem,34040,2020-09-11,1,389
Waregem,34040,2020-09-12,5,394
Waregem,34040,2020-09-13,2,396
Waregem,34040,2020-09-14,1,397
Waregem,34040,2020-09-15,1,398
Waregem,34040,2020-09-16,15,413
Waregem,34040,2020-09-17,5,418
Waregem,34040,2020-09-18,3,421
Waregem,34040,2020-09-19,3,424
Waregem,34040,2020-09-20,3,427
Waregem,34040,2020-09-21,4,431
Waregem,34040,2020-09-22,0,431
Waregem,34040,2020-09-23,0,431
Waregem,34040,2020-09-24,0,431
Waregem,34040,2020-09-25,0,431
Waregem,34040,2020-09-26,5,436
Waregem,34040,2020-09-27,5,441
Waregem,34040,2020-09-28,1,442
Waregem,34040,2020-09-29,0,442
Waregem,34040,2020-09-30,3,445
Waregem,34040,2020-10-01,3,448
Waregem,34040,2020-10-02,1,449
Waregem,34040,2020-10-03,1,450
Waregem,34040,2020-10-04,5,455
Waregem,34040,2020-10-05,6,461
Waregem,34040,2020-10-06,0,461
Waregem,34040,2020-10-07,1,462
Waregem,34040,2020-10-08,7,469
Waregem,34040,2020-10-09,5,474
Waregem,34040,2020-10-10,9,483
Waregem,34040,2020-10-11,7,490
Waregem,34040,2020-10-12,12,502
Waregem,34040,2020-10-13,2,504
Waregem,34040,2020-10-14,7,511
Waregem,34040,2020-10-15,27,538
Waregem,34040,2020-10-16,34,572
Waregem,34040,2020-10-17,24,596
Waregem,34040,2020-10-18,23,619
Waregem,34040,2020-10-19,48,667
Waregem,34040,2020-10-20,17,684
Waregem,34040,2020-10-21,27,711
Waregem,34040,2020-10-22,20,731
Waregem,34040,2020-10-23,67,798
Waregem,34040,2020-10-24,31,829
Waregem,34040,2020-10-25,39,868
Waregem,34040,2020-10-26,38,906
Waregem,34040,2020-10-27,34,940
Waregem,34040,2020-10-28,50,990
Waregem,34040,2020-10-29,70,1060
Waregem,34040,2020-10-30,56,1116
Waregem,34040,2020-10-31,55,1171
Waregem,34040,2020-11-01,71,1242
Waregem,34040,2020-11-02,40,1282
Waregem,34040,2020-11-03,19,1301
Waregem,34040,2020-11-04,42,1343
Waregem,34040,2020-11-05,37,1380
Waregem,34040,2020-11-06,30,1410
Waregem,34040,2020-11-07,20,1430
Waregem,34040,2020-11-08,24,1454
Waregem,34040,2020-11-09,19,1473
Waregem,34040,2020-11-10,8,1481
Waregem,34040,2020-11-11,24,1505
Wevelgem,34041,2020-04-01,4,52
Wevelgem,34041,2020-04-02,5,57
Wevelgem,34041,2020-04-03,4,61
Wevelgem,34041,2020-04-04,3,64
Wevelgem,34041,2020-04-05,0,64
Wevelgem,34041,2020-04-06,7,71
Wevelgem,34041,2020-04-07,4,75
Wevelgem,34041,2020-04-08,0,75
Wevelgem,34041,2020-04-09,6,81
Wevelgem,34041,2020-04-10,4,85
Wevelgem,34041,2020-04-11,1,86
Wevelgem,34041,2020-04-12,1,87
Wevelgem,34041,2020-04-13,1,88
Wevelgem,34041,2020-04-14,0,88
Wevelgem,34041,2020-04-15,0,88
Wevelgem,34041,2020-04-16,2,90
Wevelgem,34041,2020-04-17,2,92
Wevelgem,34041,2020-04-18,1,93
Wevelgem,34041,2020-04-19,0,93
Wevelgem,34041,2020-04-20,10,103
Wevelgem,34041,2020-04-21,4,107
Wevelgem,34041,2020-04-22,4,111
Wevelgem,34041,2020-04-23,2,113
Wevelgem,34041,2020-04-24,3,116
Wevelgem,34041,2020-04-25,0,116
Wevelgem,34041,2020-04-26,4,120
Wevelgem,34041,2020-04-27,0,120
Wevelgem,34041,2020-04-28,4,124
Wevelgem,34041,2020-04-29,0,124
Wevelgem,34041,2020-04-30,3,127
Wevelgem,34041,2020-05-01,0,127
Wevelgem,34041,2020-05-02,1,128
Wevelgem,34041,2020-05-03,3,131
Wevelgem,34041,2020-05-04,0,131
Wevelgem,34041,2020-05-05,1,132
Wevelgem,34041,2020-05-06,2,134
Wevelgem,34041,2020-05-07,2,136
Wevelgem,34041,2020-05-08,4,140
Wevelgem,34041,2020-05-09,4,144
Wevelgem,34041,2020-05-10,3,147
Wevelgem,34041,2020-05-11,0,147
Wevelgem,34041,2020-05-12,0,147
Wevelgem,34041,2020-05-13,2,149
Wevelgem,34041,2020-05-14,2,151
Wevelgem,34041,2020-05-15,2,153
Wevelgem,34041,2020-05-16,2,155
Wevelgem,34041,2020-05-17,0,155
Wevelgem,34041,2020-05-18,3,158
Wevelgem,34041,2020-05-19,1,159
Wevelgem,34041,2020-05-20,0,159
Wevelgem,34041,2020-05-21,0,159
Wevelgem,34041,2020-05-22,0,159
Wevelgem,34041,2020-05-23,0,159
Wevelgem,34041,2020-05-24,0,159
Wevelgem,34041,2020-05-25,0,159
Wevelgem,34041,2020-05-26,0,159
Wevelgem,34041,2020-05-27,0,159
Wevelgem,34041,2020-05-28,0,159
Wevelgem,34041,2020-05-29,2,161
Wevelgem,34041,2020-05-30,0,161
Wevelgem,34041,2020-05-31,1,162
Wevelgem,34041,2020-06-01,0,162
Wevelgem,34041,2020-06-02,0,162
Wevelgem,34041,2020-06-03,0,162
Wevelgem,34041,2020-06-04,0,162
Wevelgem,34041,2020-06-05,0,162
Wevelgem,34041,2020-06-06,1,163
Wevelgem,34041,2020-06-07,0,163
Wevelgem,34041,2020-06-08,0,163
Wevelgem,34041,2020-06-09,0,163
Wevelgem,34041,2020-06-10,1,164
Wevelgem,34041,2020-06-11,1,165
Wevelgem,34041,2020-06-12,0,165
Wevelgem,34041,2020-06-13,0,165
Wevelgem,34041,2020-06-14,0,165
Wevelgem,34041,2020-06-15,0,165
Wevelgem,34041,2020-06-16,0,165
Wevelgem,34041,2020-06-17,0,165
Wevelgem,34041,2020-06-18,1,166
Wevelgem,34041,2020-06-19,2,168
Wevelgem,34041,2020-06-20,1,169
Wevelgem,34041,2020-06-23,0,169
Wevelgem,34041,2020-06-24,3,172
Wevelgem,34041,2020-06-25,3,175
Wevelgem,34041,2020-06-26,0,175
Wevelgem,34041,2020-06-27,4,179
Wevelgem,34041,2020-06-30,1,180
Wevelgem,34041,2020-07-01,4,184
Wevelgem,34041,2020-07-02,5,189
Wevelgem,34041,2020-07-03,0,189
Wevelgem,34041,2020-07-04,6,195
Wevelgem,34041,2020-07-07,7,202
Wevelgem,34041,2020-07-08,0,202
Wevelgem,34041,2020-07-09,0,202
Wevelgem,34041,2020-07-10,2,204
Wevelgem,34041,2020-07-11,1,205
Wevelgem,34041,2020-07-14,8,213
Wevelgem,34041,2020-07-15,0,213
Wevelgem,34041,2020-07-16,0,213
Wevelgem,34041,2020-07-17,1,214
Wevelgem,34041,2020-07-18,2,216
Wevelgem,34041,2020-07-20,4,220
Wevelgem,34041,2020-07-21,0,220
Wevelgem,34041,2020-07-22,0,220
Wevelgem,34041,2020-07-23,0,220
Wevelgem,34041,2020-07-24,0,220
Wevelgem,34041,2020-07-25,1,221
Wevelgem,34041,2020-07-26,1,222
Wevelgem,34041,2020-07-27,0,222
Wevelgem,34041,2020-07-28,0,222
Wevelgem,34041,2020-07-29,1,223
Wevelgem,34041,2020-07-30,0,223
Wevelgem,34041,2020-07-31,2,225
Wevelgem,34041,2020-08-01,2,227
Wevelgem,34041,2020-08-02,0,227
Wevelgem,34041,2020-08-03,0,227
Wevelgem,34041,2020-08-04,0,227
Wevelgem,34041,2020-08-05,0,227
Wevelgem,34041,2020-08-06,5,232
Wevelgem,34041,2020-08-07,1,233
Wevelgem,34041,2020-08-08,2,235
Wevelgem,34041,2020-08-09,2,237
Wevelgem,34041,2020-08-10,0,237
Wevelgem,34041,2020-08-11,0,237
Wevelgem,34041,2020-08-12,0,237
Wevelgem,34041,2020-08-13,4,241
Wevelgem,34041,2020-08-14,1,242
Wevelgem,34041,2020-08-15,3,245
Wevelgem,34041,2020-08-16,1,246
Wevelgem,34041,2020-08-17,0,246
Wevelgem,34041,2020-08-18,0,246
Wevelgem,34041,2020-08-19,0,246
Wevelgem,34041,2020-08-20,0,246
Wevelgem,34041,2020-08-21,1,247
Wevelgem,34041,2020-08-22,2,249
Wevelgem,34041,2020-08-23,1,250
Wevelgem,34041,2020-08-24,1,251
Wevelgem,34041,2020-08-25,0,251
Wevelgem,34041,2020-08-26,0,251
Wevelgem,34041,2020-08-27,2,253
Wevelgem,34041,2020-08-28,1,254
Wevelgem,34041,2020-08-29,0,254
Wevelgem,34041,2020-08-30,1,255
Wevelgem,34041,2020-08-31,1,256
Wevelgem,34041,2020-09-01,0,256
Wevelgem,34041,2020-09-02,0,256
Wevelgem,34041,2020-09-03,1,257
Wevelgem,34041,2020-09-04,1,258
Wevelgem,34041,2020-09-05,0,258
Wevelgem,34041,2020-09-06,1,259
Wevelgem,34041,2020-09-07,0,259
Wevelgem,34041,2020-09-08,0,259
Wevelgem,34041,2020-09-09,0,259
Wevelgem,34041,2020-09-10,0,259
Wevelgem,34041,2020-09-11,10,269
Wevelgem,34041,2020-09-12,0,269
Wevelgem,34041,2020-09-13,2,271
Wevelgem,34041,2020-09-14,2,273
Wevelgem,34041,2020-09-15,0,273
Wevelgem,34041,2020-09-16,0,273
Wevelgem,34041,2020-09-17,2,275
Wevelgem,34041,2020-09-18,1,276
Wevelgem,34041,2020-09-19,6,282
Wevelgem,34041,2020-09-20,1,283
Wevelgem,34041,2020-09-21,3,286
Wevelgem,34041,2020-09-22,3,289
Wevelgem,34041,2020-09-23,1,290
Wevelgem,34041,2020-09-24,1,291
Wevelgem,34041,2020-09-25,0,291
Wevelgem,34041,2020-09-26,4,295
Wevelgem,34041,2020-09-27,2,297
Wevelgem,34041,2020-09-28,1,298
Wevelgem,34041,2020-09-29,2,300
Wevelgem,34041,2020-09-30,2,302
Wevelgem,34041,2020-10-01,0,302
Wevelgem,34041,2020-10-02,7,309
Wevelgem,34041,2020-10-03,5,314
Wevelgem,34041,2020-10-04,7,321
Wevelgem,34041,2020-10-05,4,325
Wevelgem,34041,2020-10-06,2,327
Wevelgem,34041,2020-10-07,2,329
Wevelgem,34041,2020-10-08,2,331
Wevelgem,34041,2020-10-09,9,340
Wevelgem,34041,2020-10-10,8,348
Wevelgem,34041,2020-10-11,14,362
Wevelgem,34041,2020-10-12,16,378
Wevelgem,34041,2020-10-13,2,380
Wevelgem,34041,2020-10-14,9,389
Wevelgem,34041,2020-10-15,13,402
Wevelgem,34041,2020-10-16,24,426
Wevelgem,34041,2020-10-17,12,438
Wevelgem,34041,2020-10-18,28,466
Wevelgem,34041,2020-10-19,26,492
Wevelgem,34041,2020-10-20,12,504
Wevelgem,34041,2020-10-21,13,517
Wevelgem,34041,2020-10-22,35,552
Wevelgem,34041,2020-10-23,30,582
Wevelgem,34041,2020-10-24,42,624
Wevelgem,34041,2020-10-25,49,673
Wevelgem,34041,2020-10-26,28,701
Wevelgem,34041,2020-10-27,21,722
Wevelgem,34041,2020-10-28,33,755
Wevelgem,34041,2020-10-29,60,815
Wevelgem,34041,2020-10-30,61,876
Wevelgem,34041,2020-10-31,56,932
Wevelgem,34041,2020-11-01,27,959
Wevelgem,34041,2020-11-02,49,1008
Wevelgem,34041,2020-11-03,22,1030
Wevelgem,34041,2020-11-04,16,1046
Wevelgem,34041,2020-11-05,58,1104
Wevelgem,34041,2020-11-06,21,1125
Wevelgem,34041,2020-11-07,24,1149
Wevelgem,34041,2020-11-08,17,1166
Wevelgem,34041,2020-11-09,12,1178
Wevelgem,34041,2020-11-10,7,1185
Wevelgem,34041,2020-11-11,5,1190
Zwevegem,34042,2020-04-01,2,32
Zwevegem,34042,2020-04-02,4,36
Zwevegem,34042,2020-04-03,5,41
Zwevegem,34042,2020-04-04,3,44
Zwevegem,34042,2020-04-05,1,45
Zwevegem,34042,2020-04-06,1,46
Zwevegem,34042,2020-04-07,4,50
Zwevegem,34042,2020-04-08,4,54
Zwevegem,34042,2020-04-09,2,56
Zwevegem,34042,2020-04-10,6,62
Zwevegem,34042,2020-04-11,3,65
Zwevegem,34042,2020-04-12,6,71
Zwevegem,34042,2020-04-13,2,73
Zwevegem,34042,2020-04-14,2,75
Zwevegem,34042,2020-04-15,0,75
Zwevegem,34042,2020-04-16,5,80
Zwevegem,34042,2020-04-17,7,87
Zwevegem,34042,2020-04-18,-1,86
Zwevegem,34042,2020-04-19,2,88
Zwevegem,34042,2020-04-20,5,93
Zwevegem,34042,2020-04-21,2,95
Zwevegem,34042,2020-04-22,3,98
Zwevegem,34042,2020-04-23,1,99
Zwevegem,34042,2020-04-24,1,100
Zwevegem,34042,2020-04-25,1,101
Zwevegem,34042,2020-04-26,2,103
Zwevegem,34042,2020-04-27,0,103
Zwevegem,34042,2020-04-28,0,103
Zwevegem,34042,2020-04-29,1,104
Zwevegem,34042,2020-04-30,1,105
Zwevegem,34042,2020-05-01,0,105
Zwevegem,34042,2020-05-02,3,108
Zwevegem,34042,2020-05-03,0,108
Zwevegem,34042,2020-05-04,2,110
Zwevegem,34042,2020-05-05,0,110
Zwevegem,34042,2020-05-06,1,111
Zwevegem,34042,2020-05-07,3,114
Zwevegem,34042,2020-05-08,1,115
Zwevegem,34042,2020-05-09,3,118
Zwevegem,34042,2020-05-10,0,118
Zwevegem,34042,2020-05-11,0,118
Zwevegem,34042,2020-05-12,0,118
Zwevegem,34042,2020-05-13,0,118
Zwevegem,34042,2020-05-14,1,119
Zwevegem,34042,2020-05-15,4,123
Zwevegem,34042,2020-05-16,0,123
Zwevegem,34042,2020-05-17,0,123
Zwevegem,34042,2020-05-18,2,125
Zwevegem,34042,2020-05-19,2,127
Zwevegem,34042,2020-05-20,0,127
Zwevegem,34042,2020-05-21,1,128
Zwevegem,34042,2020-05-22,1,129
Zwevegem,34042,2020-05-23,0,129
Zwevegem,34042,2020-05-24,1,130
Zwevegem,34042,2020-05-25,1,131
Zwevegem,34042,2020-05-26,1,132
Zwevegem,34042,2020-05-27,0,132
Zwevegem,34042,2020-05-28,0,132
Zwevegem,34042,2020-05-29,1,133
Zwevegem,34042,2020-05-30,1,134
Zwevegem,34042,2020-05-31,0,134
Zwevegem,34042,2020-06-01,0,134
Zwevegem,34042,2020-06-02,0,134
Zwevegem,34042,2020-06-03,0,134
Zwevegem,34042,2020-06-04,0,134
Zwevegem,34042,2020-06-05,0,134
Zwevegem,34042,2020-06-06,2,136
Zwevegem,34042,2020-06-07,-1,135
Zwevegem,34042,2020-06-08,0,135
Zwevegem,34042,2020-06-09,0,135
Zwevegem,34042,2020-06-10,0,135
Zwevegem,34042,2020-06-11,0,135
Zwevegem,34042,2020-06-12,0,135
Zwevegem,34042,2020-06-13,0,135
Zwevegem,34042,2020-06-14,0,135
Zwevegem,34042,2020-06-15,0,135
Zwevegem,34042,2020-06-16,1,136
Zwevegem,34042,2020-06-17,0,136
Zwevegem,34042,2020-06-18,0,136
Zwevegem,34042,2020-06-19,0,136
Zwevegem,34042,2020-06-20,0,136
Zwevegem,34042,2020-06-23,0,136
Zwevegem,34042,2020-06-24,0,136
Zwevegem,34042,2020-06-25,0,136
Zwevegem,34042,2020-06-26,0,136
Zwevegem,34042,2020-06-27,0,136
Zwevegem,34042,2020-06-30,0,136
Zwevegem,34042,2020-07-01,1,137
Zwevegem,34042,2020-07-02,0,137
Zwevegem,34042,2020-07-03,0,137
Zwevegem,34042,2020-07-04,0,137
Zwevegem,34042,2020-07-07,0,137
Zwevegem,34042,2020-07-08,0,137
Zwevegem,34042,2020-07-09,0,137
Zwevegem,34042,2020-07-10,0,137
Zwevegem,34042,2020-07-11,0,137
Zwevegem,34042,2020-07-14,0,137
Zwevegem,34042,2020-07-15,0,137
Zwevegem,34042,2020-07-16,0,137
Zwevegem,34042,2020-07-17,0,137
Zwevegem,34042,2020-07-18,2,139
Zwevegem,34042,2020-07-20,0,139
Zwevegem,34042,2020-07-21,0,139
Zwevegem,34042,2020-07-22,1,140
Zwevegem,34042,2020-07-23,0,140
Zwevegem,34042,2020-07-24,2,142
Zwevegem,34042,2020-07-25,0,142
Zwevegem,34042,2020-07-26,1,143
Zwevegem,34042,2020-07-27,0,143
Zwevegem,34042,2020-07-28,0,143
Zwevegem,34042,2020-07-29,0,143
Zwevegem,34042,2020-07-30,1,144
Zwevegem,34042,2020-07-31,3,147
Zwevegem,34042,2020-08-01,1,148
Zwevegem,34042,2020-08-02,0,148
Zwevegem,34042,2020-08-03,2,150
Zwevegem,34042,2020-08-04,0,150
Zwevegem,34042,2020-08-05,0,150
Zwevegem,34042,2020-08-06,2,152
Zwevegem,34042,2020-08-07,1,153
Zwevegem,34042,2020-08-08,0,153
Zwevegem,34042,2020-08-09,0,153
Zwevegem,34042,2020-08-10,0,153
Zwevegem,34042,2020-08-11,0,153
Zwevegem,34042,2020-08-12,1,154
Zwevegem,34042,2020-08-13,0,154
Zwevegem,34042,2020-08-14,0,154
Zwevegem,34042,2020-08-15,1,155
Zwevegem,34042,2020-08-16,0,155
Zwevegem,34042,2020-08-17,0,155
Zwevegem,34042,2020-08-18,0,155
Zwevegem,34042,2020-08-19,0,155
Zwevegem,34042,2020-08-20,2,157
Zwevegem,34042,2020-08-21,0,157
Zwevegem,34042,2020-08-22,1,158
Zwevegem,34042,2020-08-23,1,159
Zwevegem,34042,2020-08-24,1,160
Zwevegem,34042,2020-08-25,0,160
Zwevegem,34042,2020-08-26,0,160
Zwevegem,34042,2020-08-27,1,161
Zwevegem,34042,2020-08-28,0,161
Zwevegem,34042,2020-08-29,0,161
Zwevegem,34042,2020-08-30,0,161
Zwevegem,34042,2020-08-31,0,161
Zwevegem,34042,2020-09-01,0,161
Zwevegem,34042,2020-09-02,0,161
Zwevegem,34042,2020-09-03,0,161
Zwevegem,34042,2020-09-04,1,162
Zwevegem,34042,2020-09-05,0,162
Zwevegem,34042,2020-09-06,0,162
Zwevegem,34042,2020-09-07,0,162
Zwevegem,34042,2020-09-08,0,162
Zwevegem,34042,2020-09-09,1,163
Zwevegem,34042,2020-09-10,0,163
Zwevegem,34042,2020-09-11,5,168
Zwevegem,34042,2020-09-12,0,168
Zwevegem,34042,2020-09-13,0,168
Zwevegem,34042,2020-09-14,1,169
Zwevegem,34042,2020-09-15,1,170
Zwevegem,34042,2020-09-16,1,171
Zwevegem,34042,2020-09-17,2,173
Zwevegem,34042,2020-09-18,4,177
Zwevegem,34042,2020-09-19,4,181
Zwevegem,34042,2020-09-20,0,181
Zwevegem,34042,2020-09-21,3,184
Zwevegem,34042,2020-09-22,2,186
Zwevegem,34042,2020-09-23,1,187
Zwevegem,34042,2020-09-24,4,191
Zwevegem,34042,2020-09-25,0,191
Zwevegem,34042,2020-09-26,9,200
Zwevegem,34042,2020-09-27,0,200
Zwevegem,34042,2020-09-28,1,201
Zwevegem,34042,2020-09-29,3,204
Zwevegem,34042,2020-09-30,0,204
Zwevegem,34042,2020-10-01,1,205
Zwevegem,34042,2020-10-02,8,213
Zwevegem,34042,2020-10-03,11,224
Zwevegem,34042,2020-10-04,3,227
Zwevegem,34042,2020-10-05,2,229
Zwevegem,34042,2020-10-06,0,229
Zwevegem,34042,2020-10-07,1,230
Zwevegem,34042,2020-10-08,1,231
Zwevegem,34042,2020-10-09,0,231
Zwevegem,34042,2020-10-10,5,236
Zwevegem,34042,2020-10-11,5,241
Zwevegem,34042,2020-10-12,6,247
Zwevegem,34042,2020-10-13,0,247
Zwevegem,34042,2020-10-14,3,250
Zwevegem,34042,2020-10-15,8,258
Zwevegem,34042,2020-10-16,7,265
Zwevegem,34042,2020-10-17,12,277
Zwevegem,34042,2020-10-18,18,295
Zwevegem,34042,2020-10-19,11,306
Zwevegem,34042,2020-10-20,9,315
Zwevegem,34042,2020-10-21,13,328
Zwevegem,34042,2020-10-22,13,341
Zwevegem,34042,2020-10-23,22,363
Zwevegem,34042,2020-10-24,34,397
Zwevegem,34042,2020-10-25,27,424
Zwevegem,34042,2020-10-26,18,442
Zwevegem,34042,2020-10-27,9,451
Zwevegem,34042,2020-10-28,29,480
Zwevegem,34042,2020-10-29,31,511
Zwevegem,34042,2020-10-30,29,540
Zwevegem,34042,2020-10-31,29,569
Zwevegem,34042,2020-11-01,26,595
Zwevegem,34042,2020-11-02,16,611
Zwevegem,34042,2020-11-03,2,613
Zwevegem,34042,2020-11-04,17,630
Zwevegem,34042,2020-11-05,22,652
Zwevegem,34042,2020-11-06,25,677
Zwevegem,34042,2020-11-07,21,698
Zwevegem,34042,2020-11-08,11,709
Zwevegem,34042,2020-11-09,7,716
Zwevegem,34042,2020-11-10,0,716
Zwevegem,34042,2020-11-11,12,728
Spiere-Helkijn,34043,2020-04-01,0,0
Spiere-Helkijn,34043,2020-04-02,0,0
Spiere-Helkijn,34043,2020-04-03,0,0
Spiere-Helkijn,34043,2020-04-04,0,0
Spiere-Helkijn,34043,2020-04-05,0,0
Spiere-Helkijn,34043,2020-04-06,0,0
Spiere-Helkijn,34043,2020-04-07,0,0
Spiere-Helkijn,34043,2020-04-08,0,0
Spiere-Helkijn,34043,2020-04-09,0,0
Spiere-Helkijn,34043,2020-04-10,0,0
Spiere-Helkijn,34043,2020-04-11,0,0
Spiere-Helkijn,34043,2020-04-12,0,0
Spiere-Helkijn,34043,2020-04-13,5,5
Spiere-Helkijn,34043,2020-04-14,0,5
Spiere-Helkijn,34043,2020-04-15,0,5
Spiere-Helkijn,34043,2020-04-16,0,5
Spiere-Helkijn,34043,2020-04-17,0,5
Spiere-Helkijn,34043,2020-04-18,0,5
Spiere-Helkijn,34043,2020-04-19,0,5
Spiere-Helkijn,34043,2020-04-20,1,6
Spiere-Helkijn,34043,2020-04-21,0,6
Spiere-Helkijn,34043,2020-04-22,1,7
Spiere-Helkijn,34043,2020-04-23,0,7
Spiere-Helkijn,34043,2020-04-24,0,7
Spiere-Helkijn,34043,2020-04-25,0,7
Spiere-Helkijn,34043,2020-04-26,0,7
Spiere-Helkijn,34043,2020-04-27,0,7
Spiere-Helkijn,34043,2020-04-28,0,7
Spiere-Helkijn,34043,2020-04-29,0,7
Spiere-Helkijn,34043,2020-04-30,1,8
Spiere-Helkijn,34043,2020-05-01,0,8
Spiere-Helkijn,34043,2020-05-02,0,8
Spiere-Helkijn,34043,2020-05-03,0,8
Spiere-Helkijn,34043,2020-05-04,0,8
Spiere-Helkijn,34043,2020-05-05,0,8
Spiere-Helkijn,34043,2020-05-06,0,8
Spiere-Helkijn,34043,2020-05-07,0,8
Spiere-Helkijn,34043,2020-05-08,0,8
Spiere-Helkijn,34043,2020-05-09,0,8
Spiere-Helkijn,34043,2020-05-10,0,8
Spiere-Helkijn,34043,2020-05-11,0,8
Spiere-Helkijn,34043,2020-05-12,0,8
Spiere-Helkijn,34043,2020-05-13,0,8
Spiere-Helkijn,34043,2020-05-14,0,8
Spiere-Helkijn,34043,2020-05-15,0,8
Spiere-Helkijn,34043,2020-05-16,0,8
Spiere-Helkijn,34043,2020-05-17,0,8
Spiere-Helkijn,34043,2020-05-18,0,8
Spiere-Helkijn,34043,2020-05-19,0,8
Spiere-Helkijn,34043,2020-05-20,0,8
Spiere-Helkijn,34043,2020-05-21,0,8
Spiere-Helkijn,34043,2020-05-22,0,8
Spiere-Helkijn,34043,2020-05-23,0,8
Spiere-Helkijn,34043,2020-05-24,1,9
Spiere-Helkijn,34043,2020-05-25,0,9
Spiere-Helkijn,34043,2020-05-26,0,9
Spiere-Helkijn,34043,2020-05-27,0,9
Spiere-Helkijn,34043,2020-05-28,0,9
Spiere-Helkijn,34043,2020-05-29,0,9
Spiere-Helkijn,34043,2020-05-30,0,9
Spiere-Helkijn,34043,2020-05-31,0,9
Spiere-Helkijn,34043,2020-06-01,0,9
Spiere-Helkijn,34043,2020-06-02,0,9
Spiere-Helkijn,34043,2020-06-03,0,9
Spiere-Helkijn,34043,2020-06-04,0,9
Spiere-Helkijn,34043,2020-06-05,0,9
Spiere-Helkijn,34043,2020-06-06,0,9
Spiere-Helkijn,34043,2020-06-07,0,9
Spiere-Helkijn,34043,2020-06-08,0,9
Spiere-Helkijn,34043,2020-06-09,0,9
Spiere-Helkijn,34043,2020-06-10,0,9
Spiere-Helkijn,34043,2020-06-11,0,9
Spiere-Helkijn,34043,2020-06-12,0,9
Spiere-Helkijn,34043,2020-06-13,0,9
Spiere-Helkijn,34043,2020-06-14,0,9
Spiere-Helkijn,34043,2020-06-15,0,9
Spiere-Helkijn,34043,2020-06-16,0,9
Spiere-Helkijn,34043,2020-06-17,0,9
Spiere-Helkijn,34043,2020-06-18,0,9
Spiere-Helkijn,34043,2020-06-19,0,9
Spiere-Helkijn,34043,2020-06-20,0,9
Spiere-Helkijn,34043,2020-06-23,0,9
Spiere-Helkijn,34043,2020-06-24,0,9
Spiere-Helkijn,34043,2020-06-25,0,9
Spiere-Helkijn,34043,2020-06-26,0,9
Spiere-Helkijn,34043,2020-06-27,0,9
Spiere-Helkijn,34043,2020-06-30,0,9
Spiere-Helkijn,34043,2020-07-01,0,9
Spiere-Helkijn,34043,2020-07-02,0,9
Spiere-Helkijn,34043,2020-07-03,1,10
Spiere-Helkijn,34043,2020-07-04,0,10
Spiere-Helkijn,34043,2020-07-07,0,10
Spiere-Helkijn,34043,2020-07-08,1,11
Spiere-Helkijn,34043,2020-07-09,0,11
Spiere-Helkijn,34043,2020-07-10,0,11
Spiere-Helkijn,34043,2020-07-11,0,11
Spiere-Helkijn,34043,2020-07-14,0,11
Spiere-Helkijn,34043,2020-07-15,0,11
Spiere-Helkijn,34043,2020-07-16,0,11
Spiere-Helkijn,34043,2020-07-17,0,11
Spiere-Helkijn,34043,2020-07-18,0,11
Spiere-Helkijn,34043,2020-07-20,0,11
Spiere-Helkijn,34043,2020-07-21,0,11
Spiere-Helkijn,34043,2020-07-22,0,11
Spiere-Helkijn,34043,2020-07-23,0,11
Spiere-Helkijn,34043,2020-07-24,0,11
Spiere-Helkijn,34043,2020-07-25,0,11
Spiere-Helkijn,34043,2020-07-26,0,11
Spiere-Helkijn,34043,2020-07-27,0,11
Spiere-Helkijn,34043,2020-07-28,0,11
Spiere-Helkijn,34043,2020-07-29,0,11
Spiere-Helkijn,34043,2020-07-30,0,11
Spiere-Helkijn,34043,2020-07-31,0,11
Spiere-Helkijn,34043,2020-08-01,0,11
Spiere-Helkijn,34043,2020-08-02,0,11
Spiere-Helkijn,34043,2020-08-03,0,11
Spiere-Helkijn,34043,2020-08-04,0,11
Spiere-Helkijn,34043,2020-08-05,0,11
Spiere-Helkijn,34043,2020-08-06,0,11
Spiere-Helkijn,34043,2020-08-07,0,11
Spiere-Helkijn,34043,2020-08-08,0,11
Spiere-Helkijn,34043,2020-08-09,0,11
Spiere-Helkijn,34043,2020-08-10,0,11
Spiere-Helkijn,34043,2020-08-11,0,11
Spiere-Helkijn,34043,2020-08-12,0,11
Spiere-Helkijn,34043,2020-08-13,0,11
Spiere-Helkijn,34043,2020-08-14,0,11
Spiere-Helkijn,34043,2020-08-15,0,11
Spiere-Helkijn,34043,2020-08-16,0,11
Spiere-Helkijn,34043,2020-08-17,0,11
Spiere-Helkijn,34043,2020-08-18,0,11
Spiere-Helkijn,34043,2020-08-19,0,11
Spiere-Helkijn,34043,2020-08-20,0,11
Spiere-Helkijn,34043,2020-08-21,0,11
Spiere-Helkijn,34043,2020-08-22,0,11
Spiere-Helkijn,34043,2020-08-23,0,11
Spiere-Helkijn,34043,2020-08-24,0,11
Spiere-Helkijn,34043,2020-08-25,0,11
Spiere-Helkijn,34043,2020-08-26,0,11
Spiere-Helkijn,34043,2020-08-27,0,11
Spiere-Helkijn,34043,2020-08-28,0,11
Spiere-Helkijn,34043,2020-08-29,0,11
Spiere-Helkijn,34043,2020-08-30,0,11
Spiere-Helkijn,34043,2020-08-31,0,11
Spiere-Helkijn,34043,2020-09-01,0,11
Spiere-Helkijn,34043,2020-09-02,0,11
Spiere-Helkijn,34043,2020-09-03,0,11
Spiere-Helkijn,34043,2020-09-04,0,11
Spiere-Helkijn,34043,2020-09-05,0,11
Spiere-Helkijn,34043,2020-09-06,0,11
Spiere-Helkijn,34043,2020-09-07,0,11
Spiere-Helkijn,34043,2020-09-08,1,12
Spiere-Helkijn,34043,2020-09-09,0,12
Spiere-Helkijn,34043,2020-09-10,0,12
Spiere-Helkijn,34043,2020-09-11,0,12
Spiere-Helkijn,34043,2020-09-12,0,12
Spiere-Helkijn,34043,2020-09-13,0,12
Spiere-Helkijn,34043,2020-09-14,0,12
Spiere-Helkijn,34043,2020-09-15,0,12
Spiere-Helkijn,34043,2020-09-16,0,12
Spiere-Helkijn,34043,2020-09-17,0,12
Spiere-Helkijn,34043,2020-09-18,1,13
Spiere-Helkijn,34043,2020-09-19,1,14
Spiere-Helkijn,34043,2020-09-20,1,15
Spiere-Helkijn,34043,2020-09-21,0,15
Spiere-Helkijn,34043,2020-09-22,0,15
Spiere-Helkijn,34043,2020-09-23,0,15
Spiere-Helkijn,34043,2020-09-24,0,15
Spiere-Helkijn,34043,2020-09-25,1,16
Spiere-Helkijn,34043,2020-09-26,0,16
Spiere-Helkijn,34043,2020-09-27,0,16
Spiere-Helkijn,34043,2020-09-28,0,16
Spiere-Helkijn,34043,2020-09-29,1,17
Spiere-Helkijn,34043,2020-09-30,0,17
Spiere-Helkijn,34043,2020-10-01,0,17
Spiere-Helkijn,34043,2020-10-02,0,17
Spiere-Helkijn,34043,2020-10-03,0,17
Spiere-Helkijn,34043,2020-10-04,0,17
Spiere-Helkijn,34043,2020-10-05,0,17
Spiere-Helkijn,34043,2020-10-06,0,17
Spiere-Helkijn,34043,2020-10-07,1,18
Spiere-Helkijn,34043,2020-10-08,1,19
Spiere-Helkijn,34043,2020-10-09,0,19
Spiere-Helkijn,34043,2020-10-10,1,20
Spiere-Helkijn,34043,2020-10-11,2,22
Spiere-Helkijn,34043,2020-10-12,1,23
Spiere-Helkijn,34043,2020-10-13,0,23
Spiere-Helkijn,34043,2020-10-14,2,25
Spiere-Helkijn,34043,2020-10-15,1,26
Spiere-Helkijn,34043,2020-10-16,2,28
Spiere-Helkijn,34043,2020-10-17,2,30
Spiere-Helkijn,34043,2020-10-18,4,34
Spiere-Helkijn,34043,2020-10-19,2,36
Spiere-Helkijn,34043,2020-10-20,1,37
Spiere-Helkijn,34043,2020-10-21,5,42
Spiere-Helkijn,34043,2020-10-22,5,47
Spiere-Helkijn,34043,2020-10-23,7,54
Spiere-Helkijn,34043,2020-10-24,5,59
Spiere-Helkijn,34043,2020-10-25,2,61
Spiere-Helkijn,34043,2020-10-26,4,65
Spiere-Helkijn,34043,2020-10-27,1,66
Spiere-Helkijn,34043,2020-10-28,3,69
Spiere-Helkijn,34043,2020-10-29,10,79
Spiere-Helkijn,34043,2020-10-30,5,84
Spiere-Helkijn,34043,2020-10-31,6,90
Spiere-Helkijn,34043,2020-11-01,2,92
Spiere-Helkijn,34043,2020-11-02,2,94
Spiere-Helkijn,34043,2020-11-03,0,94
Spiere-Helkijn,34043,2020-11-04,2,96
Spiere-Helkijn,34043,2020-11-05,3,99
Spiere-Helkijn,34043,2020-11-06,3,102
Spiere-Helkijn,34043,2020-11-07,2,104
Spiere-Helkijn,34043,2020-11-08,1,105
Spiere-Helkijn,34043,2020-11-09,0,105
Spiere-Helkijn,34043,2020-11-10,2,107
Spiere-Helkijn,34043,2020-11-11,0,107
Bredene,35002,2020-04-01,1,15
Bredene,35002,2020-04-02,3,18
Bredene,35002,2020-04-03,2,20
Bredene,35002,2020-04-04,3,23
Bredene,35002,2020-04-05,2,25
Bredene,35002,2020-04-06,0,25
Bredene,35002,2020-04-07,0,25
Bredene,35002,2020-04-08,1,26
Bredene,35002,2020-04-09,0,26
Bredene,35002,2020-04-10,0,26
Bredene,35002,2020-04-11,0,26
Bredene,35002,2020-04-12,2,28
Bredene,35002,2020-04-13,1,29
Bredene,35002,2020-04-14,3,32
Bredene,35002,2020-04-15,5,37
Bredene,35002,2020-04-16,5,42
Bredene,35002,2020-04-17,1,43
Bredene,35002,2020-04-18,0,43
Bredene,35002,2020-04-19,0,43
Bredene,35002,2020-04-20,1,44
Bredene,35002,2020-04-21,0,44
Bredene,35002,2020-04-22,2,46
Bredene,35002,2020-04-23,0,46
Bredene,35002,2020-04-24,2,48
Bredene,35002,2020-04-25,0,48
Bredene,35002,2020-04-26,1,49
Bredene,35002,2020-04-27,0,49
Bredene,35002,2020-04-28,0,49
Bredene,35002,2020-04-29,0,49
Bredene,35002,2020-04-30,1,50
Bredene,35002,2020-05-01,3,53
Bredene,35002,2020-05-02,0,53
Bredene,35002,2020-05-03,0,53
Bredene,35002,2020-05-04,1,54
Bredene,35002,2020-05-05,0,54
Bredene,35002,2020-05-06,0,54
Bredene,35002,2020-05-07,0,54
Bredene,35002,2020-05-08,1,55
Bredene,35002,2020-05-09,3,58
Bredene,35002,2020-05-10,0,58
Bredene,35002,2020-05-11,0,58
Bredene,35002,2020-05-12,0,58
Bredene,35002,2020-05-13,0,58
Bredene,35002,2020-05-14,0,58
Bredene,35002,2020-05-15,0,58
Bredene,35002,2020-05-16,0,58
Bredene,35002,2020-05-17,0,58
Bredene,35002,2020-05-18,0,58
Bredene,35002,2020-05-19,1,59
Bredene,35002,2020-05-20,0,59
Bredene,35002,2020-05-21,0,59
Bredene,35002,2020-05-22,0,59
Bredene,35002,2020-05-23,0,59
Bredene,35002,2020-05-24,0,59
Bredene,35002,2020-05-25,0,59
Bredene,35002,2020-05-26,0,59
Bredene,35002,2020-05-27,0,59
Bredene,35002,2020-05-28,0,59
Bredene,35002,2020-05-29,0,59
Bredene,35002,2020-05-30,1,60
Bredene,35002,2020-05-31,1,61
Bredene,35002,2020-06-01,0,61
Bredene,35002,2020-06-02,0,61
Bredene,35002,2020-06-03,0,61
Bredene,35002,2020-06-04,0,61
Bredene,35002,2020-06-05,0,61
Bredene,35002,2020-06-06,0,61
Bredene,35002,2020-06-07,0,61
Bredene,35002,2020-06-08,0,61
Bredene,35002,2020-06-09,0,61
Bredene,35002,2020-06-10,0,61
Bredene,35002,2020-06-11,0,61
Bredene,35002,2020-06-12,0,61
Bredene,35002,2020-06-13,0,61
Bredene,35002,2020-06-14,0,61
Bredene,35002,2020-06-15,0,61
Bredene,35002,2020-06-16,0,61
Bredene,35002,2020-06-17,1,62
Bredene,35002,2020-06-18,0,62
Bredene,35002,2020-06-19,1,63
Bredene,35002,2020-06-20,1,64
Bredene,35002,2020-06-23,0,64
Bredene,35002,2020-06-24,0,64
Bredene,35002,2020-06-25,3,67
Bredene,35002,2020-06-26,0,67
Bredene,35002,2020-06-27,0,67
Bredene,35002,2020-06-30,1,68
Bredene,35002,2020-07-01,0,68
Bredene,35002,2020-07-02,0,68
Bredene,35002,2020-07-03,0,68
Bredene,35002,2020-07-04,0,68
Bredene,35002,2020-07-07,1,69
Bredene,35002,2020-07-08,0,69
Bredene,35002,2020-07-09,0,69
Bredene,35002,2020-07-10,0,69
Bredene,35002,2020-07-11,0,69
Bredene,35002,2020-07-14,0,69
Bredene,35002,2020-07-15,0,69
Bredene,35002,2020-07-16,0,69
Bredene,35002,2020-07-17,1,70
Bredene,35002,2020-07-18,0,70
Bredene,35002,2020-07-20,0,70
Bredene,35002,2020-07-21,0,70
Bredene,35002,2020-07-22,0,70
Bredene,35002,2020-07-23,1,71
Bredene,35002,2020-07-24,0,71
Bredene,35002,2020-07-25,0,71
Bredene,35002,2020-07-26,0,71
Bredene,35002,2020-07-27,0,71
Bredene,35002,2020-07-28,0,71
Bredene,35002,2020-07-29,0,71
Bredene,35002,2020-07-30,1,72
Bredene,35002,2020-07-31,0,72
Bredene,35002,2020-08-01,0,72
Bredene,35002,2020-08-02,0,72
Bredene,35002,2020-08-03,0,72
Bredene,35002,2020-08-04,0,72
Bredene,35002,2020-08-05,2,74
Bredene,35002,2020-08-06,1,75
Bredene,35002,2020-08-07,0,75
Bredene,35002,2020-08-08,0,75
Bredene,35002,2020-08-09,1,76
Bredene,35002,2020-08-10,1,77
Bredene,35002,2020-08-11,0,77
Bredene,35002,2020-08-12,0,77
Bredene,35002,2020-08-13,0,77
Bredene,35002,2020-08-14,1,78
Bredene,35002,2020-08-15,3,81
Bredene,35002,2020-08-16,0,81
Bredene,35002,2020-08-17,0,81
Bredene,35002,2020-08-18,0,81
Bredene,35002,2020-08-19,0,81
Bredene,35002,2020-08-20,0,81
Bredene,35002,2020-08-21,0,81
Bredene,35002,2020-08-22,0,81
Bredene,35002,2020-08-23,1,82
Bredene,35002,2020-08-24,0,82
Bredene,35002,2020-08-25,0,82
Bredene,35002,2020-08-26,0,82
Bredene,35002,2020-08-27,0,82
Bredene,35002,2020-08-28,0,82
Bredene,35002,2020-08-29,0,82
Bredene,35002,2020-08-30,0,82
Bredene,35002,2020-08-31,0,82
Bredene,35002,2020-09-01,0,82
Bredene,35002,2020-09-02,0,82
Bredene,35002,2020-09-03,0,82
Bredene,35002,2020-09-04,0,82
Bredene,35002,2020-09-05,0,82
Bredene,35002,2020-09-06,0,82
Bredene,35002,2020-09-07,0,82
Bredene,35002,2020-09-08,0,82
Bredene,35002,2020-09-09,0,82
Bredene,35002,2020-09-10,0,82
Bredene,35002,2020-09-11,2,84
Bredene,35002,2020-09-12,1,85
Bredene,35002,2020-09-13,0,85
Bredene,35002,2020-09-14,0,85
Bredene,35002,2020-09-15,6,91
Bredene,35002,2020-09-16,0,91
Bredene,35002,2020-09-17,2,93
Bredene,35002,2020-09-18,0,93
Bredene,35002,2020-09-19,1,94
Bredene,35002,2020-09-20,0,94
Bredene,35002,2020-09-21,0,94
Bredene,35002,2020-09-22,0,94
Bredene,35002,2020-09-23,0,94
Bredene,35002,2020-09-24,0,94
Bredene,35002,2020-09-25,0,94
Bredene,35002,2020-09-26,0,94
Bredene,35002,2020-09-27,1,95
Bredene,35002,2020-09-28,0,95
Bredene,35002,2020-09-29,0,95
Bredene,35002,2020-09-30,0,95
Bredene,35002,2020-10-01,1,96
Bredene,35002,2020-10-02,2,98
Bredene,35002,2020-10-03,2,100
Bredene,35002,2020-10-04,3,103
Bredene,35002,2020-10-05,2,105
Bredene,35002,2020-10-06,0,105
Bredene,35002,2020-10-07,2,107
Bredene,35002,2020-10-08,0,107
Bredene,35002,2020-10-09,3,110
Bredene,35002,2020-10-10,0,110
Bredene,35002,2020-10-11,3,113
Bredene,35002,2020-10-12,7,120
Bredene,35002,2020-10-13,2,122
Bredene,35002,2020-10-14,3,125
Bredene,35002,2020-10-15,7,132
Bredene,35002,2020-10-16,6,138
Bredene,35002,2020-10-17,16,154
Bredene,35002,2020-10-18,13,167
Bredene,35002,2020-10-19,9,176
Bredene,35002,2020-10-20,7,183
Bredene,35002,2020-10-21,7,190
Bredene,35002,2020-10-22,8,198
Bredene,35002,2020-10-23,19,217
Bredene,35002,2020-10-24,7,224
Bredene,35002,2020-10-25,12,236
Bredene,35002,2020-10-26,6,242
Bredene,35002,2020-10-27,8,250
Bredene,35002,2020-10-28,8,258
Bredene,35002,2020-10-29,15,273
Bredene,35002,2020-10-30,16,289
Bredene,35002,2020-10-31,3,292
Bredene,35002,2020-11-01,8,300
Bredene,35002,2020-11-02,18,318
Bredene,35002,2020-11-03,5,323
Bredene,35002,2020-11-04,4,327
Bredene,35002,2020-11-05,8,335
Bredene,35002,2020-11-06,2,337
Bredene,35002,2020-11-07,8,345
Bredene,35002,2020-11-08,2,347
Bredene,35002,2020-11-09,2,349
Bredene,35002,2020-11-10,1,350
Bredene,35002,2020-11-11,2,352
Gistel,35005,2020-04-01,3,14
Gistel,35005,2020-04-02,0,14
Gistel,35005,2020-04-03,0,14
Gistel,35005,2020-04-04,2,16
Gistel,35005,2020-04-05,3,19
Gistel,35005,2020-04-06,0,19
Gistel,35005,2020-04-07,0,19
Gistel,35005,2020-04-08,2,21
Gistel,35005,2020-04-09,0,21
Gistel,35005,2020-04-10,0,21
Gistel,35005,2020-04-11,0,21
Gistel,35005,2020-04-12,2,23
Gistel,35005,2020-04-13,0,23
Gistel,35005,2020-04-14,0,23
Gistel,35005,2020-04-15,1,24
Gistel,35005,2020-04-16,3,27
Gistel,35005,2020-04-17,0,27
Gistel,35005,2020-04-18,0,27
Gistel,35005,2020-04-19,2,29
Gistel,35005,2020-04-20,0,29
Gistel,35005,2020-04-21,0,29
Gistel,35005,2020-04-22,0,29
Gistel,35005,2020-04-23,0,29
Gistel,35005,2020-04-24,1,30
Gistel,35005,2020-04-25,0,30
Gistel,35005,2020-04-26,0,30
Gistel,35005,2020-04-27,0,30
Gistel,35005,2020-04-28,1,31
Gistel,35005,2020-04-29,0,31
Gistel,35005,2020-04-30,1,32
Gistel,35005,2020-05-01,0,32
Gistel,35005,2020-05-02,0,32
Gistel,35005,2020-05-03,0,32
Gistel,35005,2020-05-04,0,32
Gistel,35005,2020-05-05,0,32
Gistel,35005,2020-05-06,1,33
Gistel,35005,2020-05-07,3,36
Gistel,35005,2020-05-08,1,37
Gistel,35005,2020-05-09,3,40
Gistel,35005,2020-05-10,0,40
Gistel,35005,2020-05-11,0,40
Gistel,35005,2020-05-12,0,40
Gistel,35005,2020-05-13,0,40
Gistel,35005,2020-05-14,0,40
Gistel,35005,2020-05-15,0,40
Gistel,35005,2020-05-16,0,40
Gistel,35005,2020-05-17,1,41
Gistel,35005,2020-05-18,0,41
Gistel,35005,2020-05-19,0,41
Gistel,35005,2020-05-20,0,41
Gistel,35005,2020-05-21,0,41
Gistel,35005,2020-05-22,1,42
Gistel,35005,2020-05-23,0,42
Gistel,35005,2020-05-24,0,42
Gistel,35005,2020-05-25,0,42
Gistel,35005,2020-05-26,0,42
Gistel,35005,2020-05-27,0,42
Gistel,35005,2020-05-28,0,42
Gistel,35005,2020-05-29,0,42
Gistel,35005,2020-05-30,0,42
Gistel,35005,2020-05-31,0,42
Gistel,35005,2020-06-01,0,42
Gistel,35005,2020-06-02,0,42
Gistel,35005,2020-06-03,0,42
Gistel,35005,2020-06-04,0,42
Gistel,35005,2020-06-05,0,42
Gistel,35005,2020-06-06,0,42
Gistel,35005,2020-06-07,0,42
Gistel,35005,2020-06-08,0,42
Gistel,35005,2020-06-09,0,42
Gistel,35005,2020-06-10,0,42
Gistel,35005,2020-06-11,0,42
Gistel,35005,2020-06-12,1,43
Gistel,35005,2020-06-13,0,43
Gistel,35005,2020-06-14,1,44
Gistel,35005,2020-06-15,0,44
Gistel,35005,2020-06-16,1,45
Gistel,35005,2020-06-17,0,45
Gistel,35005,2020-06-18,0,45
Gistel,35005,2020-06-19,0,45
Gistel,35005,2020-06-20,0,45
Gistel,35005,2020-06-23,2,47
Gistel,35005,2020-06-24,1,48
Gistel,35005,2020-06-25,1,49
Gistel,35005,2020-06-26,0,49
Gistel,35005,2020-06-27,1,50
Gistel,35005,2020-06-30,0,50
Gistel,35005,2020-07-01,0,50
Gistel,35005,2020-07-02,0,50
Gistel,35005,2020-07-03,0,50
Gistel,35005,2020-07-04,0,50
Gistel,35005,2020-07-07,0,50
Gistel,35005,2020-07-08,0,50
Gistel,35005,2020-07-09,0,50
Gistel,35005,2020-07-10,0,50
Gistel,35005,2020-07-11,0,50
Gistel,35005,2020-07-14,1,51
Gistel,35005,2020-07-15,0,51
Gistel,35005,2020-07-16,0,51
Gistel,35005,2020-07-17,0,51
Gistel,35005,2020-07-18,0,51
Gistel,35005,2020-07-20,1,52
Gistel,35005,2020-07-21,2,54
Gistel,35005,2020-07-22,0,54
Gistel,35005,2020-07-23,0,54
Gistel,35005,2020-07-24,0,54
Gistel,35005,2020-07-25,1,55
Gistel,35005,2020-07-26,0,55
Gistel,35005,2020-07-27,0,55
Gistel,35005,2020-07-28,0,55
Gistel,35005,2020-07-29,7,62
Gistel,35005,2020-07-30,1,63
Gistel,35005,2020-07-31,0,63
Gistel,35005,2020-08-01,0,63
Gistel,35005,2020-08-02,0,63
Gistel,35005,2020-08-03,0,63
Gistel,35005,2020-08-04,1,64
Gistel,35005,2020-08-05,0,64
Gistel,35005,2020-08-06,3,67
Gistel,35005,2020-08-07,0,67
Gistel,35005,2020-08-08,0,67
Gistel,35005,2020-08-09,0,67
Gistel,35005,2020-08-10,1,68
Gistel,35005,2020-08-11,0,68
Gistel,35005,2020-08-12,4,72
Gistel,35005,2020-08-13,0,72
Gistel,35005,2020-08-14,0,72
Gistel,35005,2020-08-15,0,72
Gistel,35005,2020-08-16,0,72
Gistel,35005,2020-08-17,0,72
Gistel,35005,2020-08-18,0,72
Gistel,35005,2020-08-19,0,72
Gistel,35005,2020-08-20,0,72
Gistel,35005,2020-08-21,0,72
Gistel,35005,2020-08-22,0,72
Gistel,35005,2020-08-23,1,73
Gistel,35005,2020-08-24,0,73
Gistel,35005,2020-08-25,0,73
Gistel,35005,2020-08-26,0,73
Gistel,35005,2020-08-27,0,73
Gistel,35005,2020-08-28,0,73
Gistel,35005,2020-08-29,0,73
Gistel,35005,2020-08-30,0,73
Gistel,35005,2020-08-31,0,73
Gistel,35005,2020-09-01,0,73
Gistel,35005,2020-09-02,0,73
Gistel,35005,2020-09-03,0,73
Gistel,35005,2020-09-04,0,73
Gistel,35005,2020-09-05,0,73
Gistel,35005,2020-09-06,0,73
Gistel,35005,2020-09-07,1,74
Gistel,35005,2020-09-08,0,74
Gistel,35005,2020-09-09,0,74
Gistel,35005,2020-09-10,0,74
Gistel,35005,2020-09-11,1,75
Gistel,35005,2020-09-12,0,75
Gistel,35005,2020-09-13,0,75
Gistel,35005,2020-09-14,0,75
Gistel,35005,2020-09-15,0,75
Gistel,35005,2020-09-16,0,75
Gistel,35005,2020-09-17,0,75
Gistel,35005,2020-09-18,0,75
Gistel,35005,2020-09-19,0,75
Gistel,35005,2020-09-20,0,75
Gistel,35005,2020-09-21,0,75
Gistel,35005,2020-09-22,0,75
Gistel,35005,2020-09-23,0,75
Gistel,35005,2020-09-24,0,75
Gistel,35005,2020-09-25,0,75
Gistel,35005,2020-09-26,0,75
Gistel,35005,2020-09-27,0,75
Gistel,35005,2020-09-28,1,76
Gistel,35005,2020-09-29,0,76
Gistel,35005,2020-09-30,1,77
Gistel,35005,2020-10-01,1,78
Gistel,35005,2020-10-02,0,78
Gistel,35005,2020-10-03,2,80
Gistel,35005,2020-10-04,2,82
Gistel,35005,2020-10-05,1,83
Gistel,35005,2020-10-06,0,83
Gistel,35005,2020-10-07,1,84
Gistel,35005,2020-10-08,1,85
Gistel,35005,2020-10-09,3,88
Gistel,35005,2020-10-10,2,90
Gistel,35005,2020-10-11,4,94
Gistel,35005,2020-10-12,3,97
Gistel,35005,2020-10-13,5,102
Gistel,35005,2020-10-14,2,104
Gistel,35005,2020-10-15,4,108
Gistel,35005,2020-10-16,5,113
Gistel,35005,2020-10-17,0,113
Gistel,35005,2020-10-18,4,117
Gistel,35005,2020-10-19,7,124
Gistel,35005,2020-10-20,7,131
Gistel,35005,2020-10-21,3,134
Gistel,35005,2020-10-22,5,139
Gistel,35005,2020-10-23,5,144
Gistel,35005,2020-10-24,7,151
Gistel,35005,2020-10-25,11,162
Gistel,35005,2020-10-26,26,188
Gistel,35005,2020-10-27,7,195
Gistel,35005,2020-10-28,13,208
Gistel,35005,2020-10-29,14,222
Gistel,35005,2020-10-30,7,229
Gistel,35005,2020-10-31,17,246
Gistel,35005,2020-11-01,14,260
Gistel,35005,2020-11-02,6,266
Gistel,35005,2020-11-03,3,269
Gistel,35005,2020-11-04,1,270
Gistel,35005,2020-11-05,13,283
Gistel,35005,2020-11-06,4,287
Gistel,35005,2020-11-07,2,289
Gistel,35005,2020-11-08,4,293
Gistel,35005,2020-11-09,5,298
Gistel,35005,2020-11-10,2,300
Gistel,35005,2020-11-11,4,304
Ichtegem,35006,2020-04-01,4,14
Ichtegem,35006,2020-04-02,1,15
Ichtegem,35006,2020-04-03,1,16
Ichtegem,35006,2020-04-04,0,16
Ichtegem,35006,2020-04-05,0,16
Ichtegem,35006,2020-04-06,0,16
Ichtegem,35006,2020-04-07,1,17
Ichtegem,35006,2020-04-08,0,17
Ichtegem,35006,2020-04-09,1,18
Ichtegem,35006,2020-04-10,3,21
Ichtegem,35006,2020-04-11,1,22
Ichtegem,35006,2020-04-12,1,23
Ichtegem,35006,2020-04-13,1,24
Ichtegem,35006,2020-04-14,0,24
Ichtegem,35006,2020-04-15,3,27
Ichtegem,35006,2020-04-16,1,28
Ichtegem,35006,2020-04-17,2,30
Ichtegem,35006,2020-04-18,2,32
Ichtegem,35006,2020-04-19,0,32
Ichtegem,35006,2020-04-20,0,32
Ichtegem,35006,2020-04-21,0,32
Ichtegem,35006,2020-04-22,1,33
Ichtegem,35006,2020-04-23,0,33
Ichtegem,35006,2020-04-24,0,33
Ichtegem,35006,2020-04-25,3,36
Ichtegem,35006,2020-04-26,0,36
Ichtegem,35006,2020-04-27,1,37
Ichtegem,35006,2020-04-28,0,37
Ichtegem,35006,2020-04-29,0,37
Ichtegem,35006,2020-04-30,0,37
Ichtegem,35006,2020-05-01,0,37
Ichtegem,35006,2020-05-02,0,37
Ichtegem,35006,2020-05-03,1,38
Ichtegem,35006,2020-05-04,0,38
Ichtegem,35006,2020-05-05,0,38
Ichtegem,35006,2020-05-06,1,39
Ichtegem,35006,2020-05-07,1,40
Ichtegem,35006,2020-05-08,1,41
Ichtegem,35006,2020-05-09,0,41
Ichtegem,35006,2020-05-10,1,42
Ichtegem,35006,2020-05-11,1,43
Ichtegem,35006,2020-05-12,0,43
Ichtegem,35006,2020-05-13,0,43
Ichtegem,35006,2020-05-14,1,44
Ichtegem,35006,2020-05-15,0,44
Ichtegem,35006,2020-05-16,5,49
Ichtegem,35006,2020-05-17,0,49
Ichtegem,35006,2020-05-18,0,49
Ichtegem,35006,2020-05-19,4,53
Ichtegem,35006,2020-05-20,1,54
Ichtegem,35006,2020-05-21,1,55
Ichtegem,35006,2020-05-22,1,56
Ichtegem,35006,2020-05-23,0,56
Ichtegem,35006,2020-05-24,0,56
Ichtegem,35006,2020-05-25,1,57
Ichtegem,35006,2020-05-26,0,57
Ichtegem,35006,2020-05-27,0,57
Ichtegem,35006,2020-05-28,2,59
Ichtegem,35006,2020-05-29,1,60
Ichtegem,35006,2020-05-30,1,61
Ichtegem,35006,2020-05-31,1,62
Ichtegem,35006,2020-06-01,1,63
Ichtegem,35006,2020-06-02,2,65
Ichtegem,35006,2020-06-03,0,65
Ichtegem,35006,2020-06-04,0,65
Ichtegem,35006,2020-06-05,1,66
Ichtegem,35006,2020-06-06,1,67
Ichtegem,35006,2020-06-07,0,67
Ichtegem,35006,2020-06-08,0,67
Ichtegem,35006,2020-06-09,0,67
Ichtegem,35006,2020-06-10,0,67
Ichtegem,35006,2020-06-11,0,67
Ichtegem,35006,2020-06-12,0,67
Ichtegem,35006,2020-06-13,0,67
Ichtegem,35006,2020-06-14,0,67
Ichtegem,35006,2020-06-15,0,67
Ichtegem,35006,2020-06-16,0,67
Ichtegem,35006,2020-06-17,0,67
Ichtegem,35006,2020-06-18,0,67
Ichtegem,35006,2020-06-19,0,67
Ichtegem,35006,2020-06-20,0,67
Ichtegem,35006,2020-06-23,1,68
Ichtegem,35006,2020-06-24,0,68
Ichtegem,35006,2020-06-25,0,68
Ichtegem,35006,2020-06-26,0,68
Ichtegem,35006,2020-06-27,0,68
Ichtegem,35006,2020-06-30,0,68
Ichtegem,35006,2020-07-01,0,68
Ichtegem,35006,2020-07-02,0,68
Ichtegem,35006,2020-07-03,0,68
Ichtegem,35006,2020-07-04,0,68
Ichtegem,35006,2020-07-07,0,68
Ichtegem,35006,2020-07-08,0,68
Ichtegem,35006,2020-07-09,0,68
Ichtegem,35006,2020-07-10,1,69
Ichtegem,35006,2020-07-11,0,69
Ichtegem,35006,2020-07-14,1,70
Ichtegem,35006,2020-07-15,1,71
Ichtegem,35006,2020-07-16,0,71
Ichtegem,35006,2020-07-17,0,71
Ichtegem,35006,2020-07-18,1,72
Ichtegem,35006,2020-07-20,1,73
Ichtegem,35006,2020-07-21,3,76
Ichtegem,35006,2020-07-22,0,76
Ichtegem,35006,2020-07-23,0,76
Ichtegem,35006,2020-07-24,0,76
Ichtegem,35006,2020-07-25,0,76
Ichtegem,35006,2020-07-26,0,76
Ichtegem,35006,2020-07-27,0,76
Ichtegem,35006,2020-07-28,0,76
Ichtegem,35006,2020-07-29,0,76
Ichtegem,35006,2020-07-30,0,76
Ichtegem,35006,2020-07-31,1,77
Ichtegem,35006,2020-08-01,1,78
Ichtegem,35006,2020-08-02,0,78
Ichtegem,35006,2020-08-03,0,78
Ichtegem,35006,2020-08-04,0,78
Ichtegem,35006,2020-08-05,0,78
Ichtegem,35006,2020-08-06,1,79
Ichtegem,35006,2020-08-07,0,79
Ichtegem,35006,2020-08-08,0,79
Ichtegem,35006,2020-08-09,0,79
Ichtegem,35006,2020-08-10,1,80
Ichtegem,35006,2020-08-11,0,80
Ichtegem,35006,2020-08-12,0,80
Ichtegem,35006,2020-08-13,0,80
Ichtegem,35006,2020-08-14,0,80
Ichtegem,35006,2020-08-15,0,80
Ichtegem,35006,2020-08-16,0,80
Ichtegem,35006,2020-08-17,0,80
Ichtegem,35006,2020-08-18,0,80
Ichtegem,35006,2020-08-19,0,80
Ichtegem,35006,2020-08-20,0,80
Ichtegem,35006,2020-08-21,0,80
Ichtegem,35006,2020-08-22,0,80
Ichtegem,35006,2020-08-23,0,80
Ichtegem,35006,2020-08-24,1,81
Ichtegem,35006,2020-08-25,0,81
Ichtegem,35006,2020-08-26,0,81
Ichtegem,35006,2020-08-27,1,82
Ichtegem,35006,2020-08-28,2,84
Ichtegem,35006,2020-08-29,0,84
Ichtegem,35006,2020-08-30,0,84
Ichtegem,35006,2020-08-31,0,84
Ichtegem,35006,2020-09-01,0,84
Ichtegem,35006,2020-09-02,1,85
Ichtegem,35006,2020-09-03,0,85
Ichtegem,35006,2020-09-04,0,85
Ichtegem,35006,2020-09-05,0,85
Ichtegem,35006,2020-09-06,0,85
Ichtegem,35006,2020-09-07,0,85
Ichtegem,35006,2020-09-08,0,85
Ichtegem,35006,2020-09-09,0,85
Ichtegem,35006,2020-09-10,0,85
Ichtegem,35006,2020-09-11,1,86
Ichtegem,35006,2020-09-12,0,86
Ichtegem,35006,2020-09-13,0,86
Ichtegem,35006,2020-09-14,0,86
Ichtegem,35006,2020-09-15,0,86
Ichtegem,35006,2020-09-16,1,87
Ichtegem,35006,2020-09-17,0,87
Ichtegem,35006,2020-09-18,0,87
Ichtegem,35006,2020-09-19,0,87
Ichtegem,35006,2020-09-20,0,87
Ichtegem,35006,2020-09-21,1,88
Ichtegem,35006,2020-09-22,0,88
Ichtegem,35006,2020-09-23,1,89
Ichtegem,35006,2020-09-24,0,89
Ichtegem,35006,2020-09-25,0,89
Ichtegem,35006,2020-09-26,0,89
Ichtegem,35006,2020-09-27,1,90
Ichtegem,35006,2020-09-28,0,90
Ichtegem,35006,2020-09-29,0,90
Ichtegem,35006,2020-09-30,2,92
Ichtegem,35006,2020-10-01,0,92
Ichtegem,35006,2020-10-02,0,92
Ichtegem,35006,2020-10-03,0,92
Ichtegem,35006,2020-10-04,0,92
Ichtegem,35006,2020-10-05,2,94
Ichtegem,35006,2020-10-06,1,95
Ichtegem,35006,2020-10-07,0,95
Ichtegem,35006,2020-10-08,4,99
Ichtegem,35006,2020-10-09,3,102
Ichtegem,35006,2020-10-10,3,105
Ichtegem,35006,2020-10-11,2,107
Ichtegem,35006,2020-10-12,3,110
Ichtegem,35006,2020-10-13,0,110
Ichtegem,35006,2020-10-14,1,111
Ichtegem,35006,2020-10-15,2,113
Ichtegem,35006,2020-10-16,4,117
Ichtegem,35006,2020-10-17,1,118
Ichtegem,35006,2020-10-18,1,119
Ichtegem,35006,2020-10-19,4,123
Ichtegem,35006,2020-10-20,8,131
Ichtegem,35006,2020-10-21,2,133
Ichtegem,35006,2020-10-22,9,142
Ichtegem,35006,2020-10-23,6,148
Ichtegem,35006,2020-10-24,8,156
Ichtegem,35006,2020-10-25,11,167
Ichtegem,35006,2020-10-26,16,183
Ichtegem,35006,2020-10-27,14,197
Ichtegem,35006,2020-10-28,8,205
Ichtegem,35006,2020-10-29,18,223
Ichtegem,35006,2020-10-30,19,242
Ichtegem,35006,2020-10-31,14,256
Ichtegem,35006,2020-11-01,8,264
Ichtegem,35006,2020-11-02,14,278
Ichtegem,35006,2020-11-03,10,288
Ichtegem,35006,2020-11-04,7,295
Ichtegem,35006,2020-11-05,15,310
Ichtegem,35006,2020-11-06,15,325
Ichtegem,35006,2020-11-07,10,335
Ichtegem,35006,2020-11-08,6,341
Ichtegem,35006,2020-11-09,15,356
Ichtegem,35006,2020-11-10,5,361
Ichtegem,35006,2020-11-11,7,368
Middelkerke,35011,2020-04-01,1,20
Middelkerke,35011,2020-04-02,0,20
Middelkerke,35011,2020-04-03,1,21
Middelkerke,35011,2020-04-04,1,22
Middelkerke,35011,2020-04-05,0,22
Middelkerke,35011,2020-04-06,1,23
Middelkerke,35011,2020-04-07,0,23
Middelkerke,35011,2020-04-08,2,25
Middelkerke,35011,2020-04-09,0,25
Middelkerke,35011,2020-04-10,1,26
Middelkerke,35011,2020-04-11,0,26
Middelkerke,35011,2020-04-12,2,28
Middelkerke,35011,2020-04-13,0,28
Middelkerke,35011,2020-04-14,1,29
Middelkerke,35011,2020-04-15,2,31
Middelkerke,35011,2020-04-16,0,31
Middelkerke,35011,2020-04-17,3,34
Middelkerke,35011,2020-04-18,1,35
Middelkerke,35011,2020-04-19,2,37
Middelkerke,35011,2020-04-20,0,37
Middelkerke,35011,2020-04-21,1,38
Middelkerke,35011,2020-04-22,1,39
Middelkerke,35011,2020-04-23,0,39
Middelkerke,35011,2020-04-24,0,39
Middelkerke,35011,2020-04-25,0,39
Middelkerke,35011,2020-04-26,1,40
Middelkerke,35011,2020-04-27,0,40
Middelkerke,35011,2020-04-28,0,40
Middelkerke,35011,2020-04-29,0,40
Middelkerke,35011,2020-04-30,1,41
Middelkerke,35011,2020-05-01,1,42
Middelkerke,35011,2020-05-02,0,42
Middelkerke,35011,2020-05-03,0,42
Middelkerke,35011,2020-05-04,0,42
Middelkerke,35011,2020-05-05,1,43
Middelkerke,35011,2020-05-06,0,43
Middelkerke,35011,2020-05-07,0,43
Middelkerke,35011,2020-05-08,0,43
Middelkerke,35011,2020-05-09,6,49
Middelkerke,35011,2020-05-10,0,49
Middelkerke,35011,2020-05-11,1,50
Middelkerke,35011,2020-05-12,0,50
Middelkerke,35011,2020-05-13,1,51
Middelkerke,35011,2020-05-14,1,52
Middelkerke,35011,2020-05-15,2,54
Middelkerke,35011,2020-05-16,1,55
Middelkerke,35011,2020-05-17,0,55
Middelkerke,35011,2020-05-18,0,55
Middelkerke,35011,2020-05-19,0,55
Middelkerke,35011,2020-05-20,0,55
Middelkerke,35011,2020-05-21,0,55
Middelkerke,35011,2020-05-22,1,56
Middelkerke,35011,2020-05-23,0,56
Middelkerke,35011,2020-05-24,1,57
Middelkerke,35011,2020-05-25,0,57
Middelkerke,35011,2020-05-26,0,57
Middelkerke,35011,2020-05-27,0,57
Middelkerke,35011,2020-05-28,2,59
Middelkerke,35011,2020-05-29,0,59
Middelkerke,35011,2020-05-30,0,59
Middelkerke,35011,2020-05-31,0,59
Middelkerke,35011,2020-06-01,0,59
Middelkerke,35011,2020-06-02,0,59
Middelkerke,35011,2020-06-03,0,59
Middelkerke,35011,2020-06-04,0,59
Middelkerke,35011,2020-06-05,0,59
Middelkerke,35011,2020-06-06,0,59
Middelkerke,35011,2020-06-07,0,59
Middelkerke,35011,2020-06-08,1,60
Middelkerke,35011,2020-06-09,0,60
Middelkerke,35011,2020-06-10,0,60
Middelkerke,35011,2020-06-11,0,60
Middelkerke,35011,2020-06-12,0,60
Middelkerke,35011,2020-06-13,1,61
Middelkerke,35011,2020-06-14,0,61
Middelkerke,35011,2020-06-15,1,62
Middelkerke,35011,2020-06-16,0,62
Middelkerke,35011,2020-06-17,0,62
Middelkerke,35011,2020-06-18,0,62
Middelkerke,35011,2020-06-19,1,63
Middelkerke,35011,2020-06-20,0,63
Middelkerke,35011,2020-06-23,0,63
Middelkerke,35011,2020-06-24,0,63
Middelkerke,35011,2020-06-25,0,63
Middelkerke,35011,2020-06-26,0,63
Middelkerke,35011,2020-06-27,0,63
Middelkerke,35011,2020-06-30,0,63
Middelkerke,35011,2020-07-01,0,63
Middelkerke,35011,2020-07-02,0,63
Middelkerke,35011,2020-07-03,0,63
Middelkerke,35011,2020-07-04,0,63
Middelkerke,35011,2020-07-07,0,63
Middelkerke,35011,2020-07-08,0,63
Middelkerke,35011,2020-07-09,0,63
Middelkerke,35011,2020-07-10,0,63
Middelkerke,35011,2020-07-11,0,63
Middelkerke,35011,2020-07-14,0,63
Middelkerke,35011,2020-07-15,0,63
Middelkerke,35011,2020-07-16,0,63
Middelkerke,35011,2020-07-17,0,63
Middelkerke,35011,2020-07-18,0,63
Middelkerke,35011,2020-07-20,0,63
Middelkerke,35011,2020-07-21,0,63
Middelkerke,35011,2020-07-22,0,63
Middelkerke,35011,2020-07-23,1,64
Middelkerke,35011,2020-07-24,0,64
Middelkerke,35011,2020-07-25,0,64
Middelkerke,35011,2020-07-26,0,64
Middelkerke,35011,2020-07-27,0,64
Middelkerke,35011,2020-07-28,0,64
Middelkerke,35011,2020-07-29,0,64
Middelkerke,35011,2020-07-30,0,64
Middelkerke,35011,2020-07-31,0,64
Middelkerke,35011,2020-08-01,2,66
Middelkerke,35011,2020-08-02,1,67
Middelkerke,35011,2020-08-03,0,67
Middelkerke,35011,2020-08-04,0,67
Middelkerke,35011,2020-08-05,0,67
Middelkerke,35011,2020-08-06,0,67
Middelkerke,35011,2020-08-07,0,67
Middelkerke,35011,2020-08-08,2,69
Middelkerke,35011,2020-08-09,2,71
Middelkerke,35011,2020-08-10,0,71
Middelkerke,35011,2020-08-11,0,71
Middelkerke,35011,2020-08-12,0,71
Middelkerke,35011,2020-08-13,2,73
Middelkerke,35011,2020-08-14,0,73
Middelkerke,35011,2020-08-15,0,73
Middelkerke,35011,2020-08-16,0,73
Middelkerke,35011,2020-08-17,0,73
Middelkerke,35011,2020-08-18,1,74
Middelkerke,35011,2020-08-19,1,75
Middelkerke,35011,2020-08-20,0,75
Middelkerke,35011,2020-08-21,0,75
Middelkerke,35011,2020-08-22,0,75
Middelkerke,35011,2020-08-23,0,75
Middelkerke,35011,2020-08-24,1,76
Middelkerke,35011,2020-08-25,0,76
Middelkerke,35011,2020-08-26,0,76
Middelkerke,35011,2020-08-27,0,76
Middelkerke,35011,2020-08-28,0,76
Middelkerke,35011,2020-08-29,0,76
Middelkerke,35011,2020-08-30,1,77
Middelkerke,35011,2020-08-31,0,77
Middelkerke,35011,2020-09-01,0,77
Middelkerke,35011,2020-09-02,0,77
Middelkerke,35011,2020-09-03,0,77
Middelkerke,35011,2020-09-04,0,77
Middelkerke,35011,2020-09-05,0,77
Middelkerke,35011,2020-09-06,0,77
Middelkerke,35011,2020-09-07,0,77
Middelkerke,35011,2020-09-08,0,77
Middelkerke,35011,2020-09-09,0,77
Middelkerke,35011,2020-09-10,0,77
Middelkerke,35011,2020-09-11,2,79
Middelkerke,35011,2020-09-12,0,79
Middelkerke,35011,2020-09-13,0,79
Middelkerke,35011,2020-09-14,0,79
Middelkerke,35011,2020-09-15,0,79
Middelkerke,35011,2020-09-16,0,79
Middelkerke,35011,2020-09-17,1,80
Middelkerke,35011,2020-09-18,0,80
Middelkerke,35011,2020-09-19,0,80
Middelkerke,35011,2020-09-20,0,80
Middelkerke,35011,2020-09-21,0,80
Middelkerke,35011,2020-09-22,1,81
Middelkerke,35011,2020-09-23,0,81
Middelkerke,35011,2020-09-24,0,81
Middelkerke,35011,2020-09-25,0,81
Middelkerke,35011,2020-09-26,0,81
Middelkerke,35011,2020-09-27,0,81
Middelkerke,35011,2020-09-28,0,81
Middelkerke,35011,2020-09-29,0,81
Middelkerke,35011,2020-09-30,1,82
Middelkerke,35011,2020-10-01,0,82
Middelkerke,35011,2020-10-02,0,82
Middelkerke,35011,2020-10-03,4,86
Middelkerke,35011,2020-10-04,3,89
Middelkerke,35011,2020-10-05,3,92
Middelkerke,35011,2020-10-06,0,92
Middelkerke,35011,2020-10-07,0,92
Middelkerke,35011,2020-10-08,3,95
Middelkerke,35011,2020-10-09,5,100
Middelkerke,35011,2020-10-10,10,110
Middelkerke,35011,2020-10-11,4,114
Middelkerke,35011,2020-10-12,3,117
Middelkerke,35011,2020-10-13,2,119
Middelkerke,35011,2020-10-14,6,125
Middelkerke,35011,2020-10-15,8,133
Middelkerke,35011,2020-10-16,23,156
Middelkerke,35011,2020-10-17,8,164
Middelkerke,35011,2020-10-18,12,176
Middelkerke,35011,2020-10-19,17,193
Middelkerke,35011,2020-10-20,10,203
Middelkerke,35011,2020-10-21,10,213
Middelkerke,35011,2020-10-22,16,229
Middelkerke,35011,2020-10-23,20,249
Middelkerke,35011,2020-10-24,24,273
Middelkerke,35011,2020-10-25,23,296
Middelkerke,35011,2020-10-26,29,325
Middelkerke,35011,2020-10-27,8,333
Middelkerke,35011,2020-10-28,4,337
Middelkerke,35011,2020-10-29,30,367
Middelkerke,35011,2020-10-30,21,388
Middelkerke,35011,2020-10-31,16,404
Middelkerke,35011,2020-11-01,23,427
Middelkerke,35011,2020-11-02,17,444
Middelkerke,35011,2020-11-03,7,451
Middelkerke,35011,2020-11-04,6,457
Middelkerke,35011,2020-11-05,16,473
Middelkerke,35011,2020-11-06,15,488
Middelkerke,35011,2020-11-07,9,497
Middelkerke,35011,2020-11-08,7,504
Middelkerke,35011,2020-11-09,3,507
Middelkerke,35011,2020-11-10,0,507
Middelkerke,35011,2020-11-11,7,514
Oostende,35013,2020-04-01,4,62
Oostende,35013,2020-04-02,10,72
Oostende,35013,2020-04-03,2,74
Oostende,35013,2020-04-04,8,82
Oostende,35013,2020-04-05,10,92
Oostende,35013,2020-04-06,3,95
Oostende,35013,2020-04-07,0,95
Oostende,35013,2020-04-08,3,98
Oostende,35013,2020-04-09,0,98
Oostende,35013,2020-04-10,7,105
Oostende,35013,2020-04-11,5,110
Oostende,35013,2020-04-12,5,115
Oostende,35013,2020-04-13,2,117
Oostende,35013,2020-04-14,2,119
Oostende,35013,2020-04-15,20,139
Oostende,35013,2020-04-16,5,144
Oostende,35013,2020-04-17,2,146
Oostende,35013,2020-04-18,6,152
Oostende,35013,2020-04-19,20,172
Oostende,35013,2020-04-20,5,177
Oostende,35013,2020-04-21,0,177
Oostende,35013,2020-04-22,2,179
Oostende,35013,2020-04-23,0,179
Oostende,35013,2020-04-24,3,182
Oostende,35013,2020-04-25,3,185
Oostende,35013,2020-04-26,3,188
Oostende,35013,2020-04-27,5,193
Oostende,35013,2020-04-28,3,196
Oostende,35013,2020-04-29,1,197
Oostende,35013,2020-04-30,3,200
Oostende,35013,2020-05-01,1,201
Oostende,35013,2020-05-02,3,204
Oostende,35013,2020-05-03,1,205
Oostende,35013,2020-05-04,1,206
Oostende,35013,2020-05-05,5,211
Oostende,35013,2020-05-06,2,213
Oostende,35013,2020-05-07,2,215
Oostende,35013,2020-05-08,4,219
Oostende,35013,2020-05-09,22,241
Oostende,35013,2020-05-10,7,248
Oostende,35013,2020-05-11,0,248
Oostende,35013,2020-05-12,10,258
Oostende,35013,2020-05-13,2,260
Oostende,35013,2020-05-14,10,270
Oostende,35013,2020-05-15,3,273
Oostende,35013,2020-05-16,6,279
Oostende,35013,2020-05-17,10,289
Oostende,35013,2020-05-18,1,290
Oostende,35013,2020-05-19,1,291
Oostende,35013,2020-05-20,1,292
Oostende,35013,2020-05-21,0,292
Oostende,35013,2020-05-22,5,297
Oostende,35013,2020-05-23,4,301
Oostende,35013,2020-05-24,7,308
Oostende,35013,2020-05-25,4,312
Oostende,35013,2020-05-26,2,314
Oostende,35013,2020-05-27,1,315
Oostende,35013,2020-05-28,1,316
Oostende,35013,2020-05-29,7,323
Oostende,35013,2020-05-30,6,329
Oostende,35013,2020-05-31,7,336
Oostende,35013,2020-06-01,3,339
Oostende,35013,2020-06-02,0,339
Oostende,35013,2020-06-03,1,340
Oostende,35013,2020-06-04,0,340
Oostende,35013,2020-06-05,5,345
Oostende,35013,2020-06-06,9,354
Oostende,35013,2020-06-07,0,354
Oostende,35013,2020-06-08,2,356
Oostende,35013,2020-06-09,0,356
Oostende,35013,2020-06-10,2,358
Oostende,35013,2020-06-11,1,359
Oostende,35013,2020-06-12,0,359
Oostende,35013,2020-06-13,1,360
Oostende,35013,2020-06-14,5,365
Oostende,35013,2020-06-15,-1,364
Oostende,35013,2020-06-16,0,364
Oostende,35013,2020-06-17,0,364
Oostende,35013,2020-06-18,0,364
Oostende,35013,2020-06-19,1,365
Oostende,35013,2020-06-20,1,366
Oostende,35013,2020-06-23,1,367
Oostende,35013,2020-06-24,1,368
Oostende,35013,2020-06-25,0,368
Oostende,35013,2020-06-26,1,369
Oostende,35013,2020-06-27,1,370
Oostende,35013,2020-06-30,1,371
Oostende,35013,2020-07-01,0,371
Oostende,35013,2020-07-02,0,371
Oostende,35013,2020-07-03,0,371
Oostende,35013,2020-07-04,0,371
Oostende,35013,2020-07-07,0,371
Oostende,35013,2020-07-08,0,371
Oostende,35013,2020-07-09,0,371
Oostende,35013,2020-07-10,1,372
Oostende,35013,2020-07-11,0,372
Oostende,35013,2020-07-14,5,377
Oostende,35013,2020-07-15,3,380
Oostende,35013,2020-07-16,0,380
Oostende,35013,2020-07-17,0,380
Oostende,35013,2020-07-18,0,380
Oostende,35013,2020-07-20,2,382
Oostende,35013,2020-07-21,0,382
Oostende,35013,2020-07-22,0,382
Oostende,35013,2020-07-23,7,389
Oostende,35013,2020-07-24,1,390
Oostende,35013,2020-07-25,1,391
Oostende,35013,2020-07-26,0,391
Oostende,35013,2020-07-27,1,392
Oostende,35013,2020-07-28,3,395
Oostende,35013,2020-07-29,3,398
Oostende,35013,2020-07-30,0,398
Oostende,35013,2020-07-31,0,398
Oostende,35013,2020-08-01,0,398
Oostende,35013,2020-08-02,0,398
Oostende,35013,2020-08-03,2,400
Oostende,35013,2020-08-04,0,400
Oostende,35013,2020-08-05,0,400
Oostende,35013,2020-08-06,2,402
Oostende,35013,2020-08-07,2,404
Oostende,35013,2020-08-08,1,405
Oostende,35013,2020-08-09,6,411
Oostende,35013,2020-08-10,2,413
Oostende,35013,2020-08-11,0,413
Oostende,35013,2020-08-12,0,413
Oostende,35013,2020-08-13,0,413
Oostende,35013,2020-08-14,5,418
Oostende,35013,2020-08-15,1,419
Oostende,35013,2020-08-16,3,422
Oostende,35013,2020-08-17,0,422
Oostende,35013,2020-08-18,0,422
Oostende,35013,2020-08-19,0,422
Oostende,35013,2020-08-20,1,423
Oostende,35013,2020-08-21,3,426
Oostende,35013,2020-08-22,1,427
Oostende,35013,2020-08-23,3,430
Oostende,35013,2020-08-24,0,430
Oostende,35013,2020-08-25,1,431
Oostende,35013,2020-08-26,0,431
Oostende,35013,2020-08-27,0,431
Oostende,35013,2020-08-28,9,440
Oostende,35013,2020-08-29,2,442
Oostende,35013,2020-08-30,2,444
Oostende,35013,2020-08-31,6,450
Oostende,35013,2020-09-01,0,450
Oostende,35013,2020-09-02,0,450
Oostende,35013,2020-09-03,0,450
Oostende,35013,2020-09-04,0,450
Oostende,35013,2020-09-05,2,452
Oostende,35013,2020-09-06,5,457
Oostende,35013,2020-09-07,1,458
Oostende,35013,2020-09-08,4,462
Oostende,35013,2020-09-09,2,464
Oostende,35013,2020-09-10,1,465
Oostende,35013,2020-09-11,11,476
Oostende,35013,2020-09-12,2,478
Oostende,35013,2020-09-13,3,481
Oostende,35013,2020-09-14,2,483
Oostende,35013,2020-09-15,6,489
Oostende,35013,2020-09-16,5,494
Oostende,35013,2020-09-17,3,497
Oostende,35013,2020-09-18,5,502
Oostende,35013,2020-09-19,4,506
Oostende,35013,2020-09-20,1,507
Oostende,35013,2020-09-21,9,516
Oostende,35013,2020-09-22,0,516
Oostende,35013,2020-09-23,2,518
Oostende,35013,2020-09-24,3,521
Oostende,35013,2020-09-25,3,524
Oostende,35013,2020-09-26,0,524
Oostende,35013,2020-09-27,7,531
Oostende,35013,2020-09-28,2,533
Oostende,35013,2020-09-29,1,534
Oostende,35013,2020-09-30,2,536
Oostende,35013,2020-10-01,4,540
Oostende,35013,2020-10-02,4,544
Oostende,35013,2020-10-03,0,544
Oostende,35013,2020-10-04,4,548
Oostende,35013,2020-10-05,4,552
Oostende,35013,2020-10-06,2,554
Oostende,35013,2020-10-07,2,556
Oostende,35013,2020-10-08,11,567
Oostende,35013,2020-10-09,17,584
Oostende,35013,2020-10-10,8,592
Oostende,35013,2020-10-11,7,599
Oostende,35013,2020-10-12,9,608
Oostende,35013,2020-10-13,10,618
Oostende,35013,2020-10-14,14,632
Oostende,35013,2020-10-15,23,655
Oostende,35013,2020-10-16,38,693
Oostende,35013,2020-10-17,24,717
Oostende,35013,2020-10-18,34,751
Oostende,35013,2020-10-19,36,787
Oostende,35013,2020-10-20,20,807
Oostende,35013,2020-10-21,31,838
Oostende,35013,2020-10-22,39,877
Oostende,35013,2020-10-23,37,914
Oostende,35013,2020-10-24,57,971
Oostende,35013,2020-10-25,51,1022
Oostende,35013,2020-10-26,47,1069
Oostende,35013,2020-10-27,40,1109
Oostende,35013,2020-10-28,29,1138
Oostende,35013,2020-10-29,61,1199
Oostende,35013,2020-10-30,69,1268
Oostende,35013,2020-10-31,34,1302
Oostende,35013,2020-11-01,47,1349
Oostende,35013,2020-11-02,51,1400
Oostende,35013,2020-11-03,17,1417
Oostende,35013,2020-11-04,33,1450
Oostende,35013,2020-11-05,55,1505
Oostende,35013,2020-11-06,39,1544
Oostende,35013,2020-11-07,37,1581
Oostende,35013,2020-11-08,25,1606
Oostende,35013,2020-11-09,26,1632
Oostende,35013,2020-11-10,5,1637
Oostende,35013,2020-11-11,22,1659
Oudenburg,35014,2020-04-01,2,14
Oudenburg,35014,2020-04-02,1,15
Oudenburg,35014,2020-04-03,1,16
Oudenburg,35014,2020-04-04,1,17
Oudenburg,35014,2020-04-05,0,17
Oudenburg,35014,2020-04-06,0,17
Oudenburg,35014,2020-04-07,0,17
Oudenburg,35014,2020-04-08,1,18
Oudenburg,35014,2020-04-09,0,18
Oudenburg,35014,2020-04-10,2,20
Oudenburg,35014,2020-04-11,0,20
Oudenburg,35014,2020-04-12,1,21
Oudenburg,35014,2020-04-13,0,21
Oudenburg,35014,2020-04-14,0,21
Oudenburg,35014,2020-04-15,1,22
Oudenburg,35014,2020-04-16,1,23
Oudenburg,35014,2020-04-17,0,23
Oudenburg,35014,2020-04-18,0,23
Oudenburg,35014,2020-04-19,0,23
Oudenburg,35014,2020-04-20,1,24
Oudenburg,35014,2020-04-21,1,25
Oudenburg,35014,2020-04-22,0,25
Oudenburg,35014,2020-04-23,0,25
Oudenburg,35014,2020-04-24,1,26
Oudenburg,35014,2020-04-25,0,26
Oudenburg,35014,2020-04-26,0,26
Oudenburg,35014,2020-04-27,0,26
Oudenburg,35014,2020-04-28,0,26
Oudenburg,35014,2020-04-29,0,26
Oudenburg,35014,2020-04-30,0,26
Oudenburg,35014,2020-05-01,1,27
Oudenburg,35014,2020-05-02,0,27
Oudenburg,35014,2020-05-03,0,27
Oudenburg,35014,2020-05-04,1,28
Oudenburg,35014,2020-05-05,0,28
Oudenburg,35014,2020-05-06,0,28
Oudenburg,35014,2020-05-07,0,28
Oudenburg,35014,2020-05-08,2,30
Oudenburg,35014,2020-05-09,0,30
Oudenburg,35014,2020-05-10,0,30
Oudenburg,35014,2020-05-11,0,30
Oudenburg,35014,2020-05-12,0,30
Oudenburg,35014,2020-05-13,1,31
Oudenburg,35014,2020-05-14,2,33
Oudenburg,35014,2020-05-15,0,33
Oudenburg,35014,2020-05-16,0,33
Oudenburg,35014,2020-05-17,0,33
Oudenburg,35014,2020-05-18,0,33
Oudenburg,35014,2020-05-19,0,33
Oudenburg,35014,2020-05-20,0,33
Oudenburg,35014,2020-05-21,0,33
Oudenburg,35014,2020-05-22,0,33
Oudenburg,35014,2020-05-23,0,33
Oudenburg,35014,2020-05-24,1,34
Oudenburg,35014,2020-05-25,2,36
Oudenburg,35014,2020-05-26,0,36
Oudenburg,35014,2020-05-27,0,36
Oudenburg,35014,2020-05-28,0,36
Oudenburg,35014,2020-05-29,0,36
Oudenburg,35014,2020-05-30,0,36
Oudenburg,35014,2020-05-31,0,36
Oudenburg,35014,2020-06-01,0,36
Oudenburg,35014,2020-06-02,0,36
Oudenburg,35014,2020-06-03,0,36
Oudenburg,35014,2020-06-04,0,36
Oudenburg,35014,2020-06-05,0,36
Oudenburg,35014,2020-06-06,0,36
Oudenburg,35014,2020-06-07,0,36
Oudenburg,35014,2020-06-08,0,36
Oudenburg,35014,2020-06-09,0,36
Oudenburg,35014,2020-06-10,1,37
Oudenburg,35014,2020-06-11,0,37
Oudenburg,35014,2020-06-12,-1,36
Oudenburg,35014,2020-06-13,0,36
Oudenburg,35014,2020-06-14,0,36
Oudenburg,35014,2020-06-15,0,36
Oudenburg,35014,2020-06-16,0,36
Oudenburg,35014,2020-06-17,0,36
Oudenburg,35014,2020-06-18,0,36
Oudenburg,35014,2020-06-19,0,36
Oudenburg,35014,2020-06-20,0,36
Oudenburg,35014,2020-06-23,1,37
Oudenburg,35014,2020-06-24,0,37
Oudenburg,35014,2020-06-25,0,37
Oudenburg,35014,2020-06-26,1,38
Oudenburg,35014,2020-06-27,0,38
Oudenburg,35014,2020-06-30,1,39
Oudenburg,35014,2020-07-01,0,39
Oudenburg,35014,2020-07-02,0,39
Oudenburg,35014,2020-07-03,0,39
Oudenburg,35014,2020-07-04,0,39
Oudenburg,35014,2020-07-07,0,39
Oudenburg,35014,2020-07-08,0,39
Oudenburg,35014,2020-07-09,0,39
Oudenburg,35014,2020-07-10,0,39
Oudenburg,35014,2020-07-11,0,39
Oudenburg,35014,2020-07-14,0,39
Oudenburg,35014,2020-07-15,0,39
Oudenburg,35014,2020-07-16,0,39
Oudenburg,35014,2020-07-17,0,39
Oudenburg,35014,2020-07-18,0,39
Oudenburg,35014,2020-07-20,0,39
Oudenburg,35014,2020-07-21,0,39
Oudenburg,35014,2020-07-22,0,39
Oudenburg,35014,2020-07-23,0,39
Oudenburg,35014,2020-07-24,1,40
Oudenburg,35014,2020-07-25,0,40
Oudenburg,35014,2020-07-26,0,40
Oudenburg,35014,2020-07-27,0,40
Oudenburg,35014,2020-07-28,3,43
Oudenburg,35014,2020-07-29,0,43
Oudenburg,35014,2020-07-30,0,43
Oudenburg,35014,2020-07-31,0,43
Oudenburg,35014,2020-08-01,0,43
Oudenburg,35014,2020-08-02,0,43
Oudenburg,35014,2020-08-03,0,43
Oudenburg,35014,2020-08-04,0,43
Oudenburg,35014,2020-08-05,0,43
Oudenburg,35014,2020-08-06,2,45
Oudenburg,35014,2020-08-07,0,45
Oudenburg,35014,2020-08-08,0,45
Oudenburg,35014,2020-08-09,2,47
Oudenburg,35014,2020-08-10,1,48
Oudenburg,35014,2020-08-11,0,48
Oudenburg,35014,2020-08-12,0,48
Oudenburg,35014,2020-08-13,0,48
Oudenburg,35014,2020-08-14,0,48
Oudenburg,35014,2020-08-15,0,48
Oudenburg,35014,2020-08-16,0,48
Oudenburg,35014,2020-08-17,0,48
Oudenburg,35014,2020-08-18,0,48
Oudenburg,35014,2020-08-19,0,48
Oudenburg,35014,2020-08-20,0,48
Oudenburg,35014,2020-08-21,0,48
Oudenburg,35014,2020-08-22,0,48
Oudenburg,35014,2020-08-23,0,48
Oudenburg,35014,2020-08-24,0,48
Oudenburg,35014,2020-08-25,0,48
Oudenburg,35014,2020-08-26,1,49
Oudenburg,35014,2020-08-27,0,49
Oudenburg,35014,2020-08-28,0,49
Oudenburg,35014,2020-08-29,0,49
Oudenburg,35014,2020-08-30,0,49
Oudenburg,35014,2020-08-31,0,49
Oudenburg,35014,2020-09-01,0,49
Oudenburg,35014,2020-09-02,0,49
Oudenburg,35014,2020-09-03,1,50
Oudenburg,35014,2020-09-04,0,50
Oudenburg,35014,2020-09-05,0,50
Oudenburg,35014,2020-09-06,0,50
Oudenburg,35014,2020-09-07,0,50
Oudenburg,35014,2020-09-08,0,50
Oudenburg,35014,2020-09-09,0,50
Oudenburg,35014,2020-09-10,0,50
Oudenburg,35014,2020-09-11,0,50
Oudenburg,35014,2020-09-12,0,50
Oudenburg,35014,2020-09-13,0,50
Oudenburg,35014,2020-09-14,0,50
Oudenburg,35014,2020-09-15,0,50
Oudenburg,35014,2020-09-16,0,50
Oudenburg,35014,2020-09-17,0,50
Oudenburg,35014,2020-09-18,0,50
Oudenburg,35014,2020-09-19,0,50
Oudenburg,35014,2020-09-20,0,50
Oudenburg,35014,2020-09-21,2,52
Oudenburg,35014,2020-09-22,1,53
Oudenburg,35014,2020-09-23,0,53
Oudenburg,35014,2020-09-24,0,53
Oudenburg,35014,2020-09-25,1,54
Oudenburg,35014,2020-09-26,2,56
Oudenburg,35014,2020-09-27,0,56
Oudenburg,35014,2020-09-28,0,56
Oudenburg,35014,2020-09-29,0,56
Oudenburg,35014,2020-09-30,0,56
Oudenburg,35014,2020-10-01,0,56
Oudenburg,35014,2020-10-02,1,57
Oudenburg,35014,2020-10-03,0,57
Oudenburg,35014,2020-10-04,1,58
Oudenburg,35014,2020-10-05,0,58
Oudenburg,35014,2020-10-06,0,58
Oudenburg,35014,2020-10-07,0,58
Oudenburg,35014,2020-10-08,2,60
Oudenburg,35014,2020-10-09,0,60
Oudenburg,35014,2020-10-10,0,60
Oudenburg,35014,2020-10-11,1,61
Oudenburg,35014,2020-10-12,0,61
Oudenburg,35014,2020-10-13,1,62
Oudenburg,35014,2020-10-14,1,63
Oudenburg,35014,2020-10-15,2,65
Oudenburg,35014,2020-10-16,3,68
Oudenburg,35014,2020-10-17,1,69
Oudenburg,35014,2020-10-18,2,71
Oudenburg,35014,2020-10-19,6,77
Oudenburg,35014,2020-10-20,2,79
Oudenburg,35014,2020-10-21,4,83
Oudenburg,35014,2020-10-22,4,87
Oudenburg,35014,2020-10-23,2,89
Oudenburg,35014,2020-10-24,2,91
Oudenburg,35014,2020-10-25,4,95
Oudenburg,35014,2020-10-26,6,101
Oudenburg,35014,2020-10-27,3,104
Oudenburg,35014,2020-10-28,3,107
Oudenburg,35014,2020-10-29,9,116
Oudenburg,35014,2020-10-30,8,124
Oudenburg,35014,2020-10-31,8,132
Oudenburg,35014,2020-11-01,5,137
Oudenburg,35014,2020-11-02,3,140
Oudenburg,35014,2020-11-03,1,141
Oudenburg,35014,2020-11-04,4,145
Oudenburg,35014,2020-11-05,9,154
Oudenburg,35014,2020-11-06,6,160
Oudenburg,35014,2020-11-07,3,163
Oudenburg,35014,2020-11-08,0,163
Oudenburg,35014,2020-11-09,4,167
Oudenburg,35014,2020-11-10,1,168
Oudenburg,35014,2020-11-11,3,171
De Haan,35029,2020-04-01,1,16
De Haan,35029,2020-04-02,2,18
De Haan,35029,2020-04-03,3,21
De Haan,35029,2020-04-04,2,23
De Haan,35029,2020-04-05,2,25
De Haan,35029,2020-04-06,0,25
De Haan,35029,2020-04-07,1,26
De Haan,35029,2020-04-08,1,27
De Haan,35029,2020-04-09,1,28
De Haan,35029,2020-04-10,3,31
De Haan,35029,2020-04-11,0,31
De Haan,35029,2020-04-12,0,31
De Haan,35029,2020-04-13,0,31
De Haan,35029,2020-04-14,3,34
De Haan,35029,2020-04-15,13,47
De Haan,35029,2020-04-16,6,53
De Haan,35029,2020-04-17,1,54
De Haan,35029,2020-04-18,1,55
De Haan,35029,2020-04-19,0,55
De Haan,35029,2020-04-20,2,57
De Haan,35029,2020-04-21,1,58
De Haan,35029,2020-04-22,0,58
De Haan,35029,2020-04-23,1,59
De Haan,35029,2020-04-24,0,59
De Haan,35029,2020-04-25,0,59
De Haan,35029,2020-04-26,0,59
De Haan,35029,2020-04-27,1,60
De Haan,35029,2020-04-28,0,60
De Haan,35029,2020-04-29,0,60
De Haan,35029,2020-04-30,0,60
De Haan,35029,2020-05-01,1,61
De Haan,35029,2020-05-02,0,61
De Haan,35029,2020-05-03,0,61
De Haan,35029,2020-05-04,0,61
De Haan,35029,2020-05-05,0,61
De Haan,35029,2020-05-06,0,61
De Haan,35029,2020-05-07,0,61
De Haan,35029,2020-05-08,0,61
De Haan,35029,2020-05-09,3,64
De Haan,35029,2020-05-10,1,65
De Haan,35029,2020-05-11,0,65
De Haan,35029,2020-05-12,0,65
De Haan,35029,2020-05-13,0,65
De Haan,35029,2020-05-14,1,66
De Haan,35029,2020-05-15,1,67
De Haan,35029,2020-05-16,0,67
De Haan,35029,2020-05-17,0,67
De Haan,35029,2020-05-18,0,67
De Haan,35029,2020-05-19,0,67
De Haan,35029,2020-05-20,0,67
De Haan,35029,2020-05-21,0,67
De Haan,35029,2020-05-22,0,67
De Haan,35029,2020-05-23,0,67
De Haan,35029,2020-05-24,0,67
De Haan,35029,2020-05-25,0,67
De Haan,35029,2020-05-26,0,67
De Haan,35029,2020-05-27,0,67
De Haan,35029,2020-05-28,0,67
De Haan,35029,2020-05-29,0,67
De Haan,35029,2020-05-30,0,67
De Haan,35029,2020-05-31,0,67
De Haan,35029,2020-06-01,0,67
De Haan,35029,2020-06-02,0,67
De Haan,35029,2020-06-03,0,67
De Haan,35029,2020-06-04,0,67
De Haan,35029,2020-06-05,0,67
De Haan,35029,2020-06-06,0,67
De Haan,35029,2020-06-07,0,67
De Haan,35029,2020-06-08,0,67
De Haan,35029,2020-06-09,0,67
De Haan,35029,2020-06-10,0,67
De Haan,35029,2020-06-11,0,67
De Haan,35029,2020-06-12,0,67
De Haan,35029,2020-06-13,0,67
De Haan,35029,2020-06-14,0,67
De Haan,35029,2020-06-15,0,67
De Haan,35029,2020-06-16,0,67
De Haan,35029,2020-06-17,0,67
De Haan,35029,2020-06-18,1,68
De Haan,35029,2020-06-19,0,68
De Haan,35029,2020-06-20,0,68
De Haan,35029,2020-06-23,0,68
De Haan,35029,2020-06-24,0,68
De Haan,35029,2020-06-25,1,69
De Haan,35029,2020-06-26,0,69
De Haan,35029,2020-06-27,0,69
De Haan,35029,2020-06-30,0,69
De Haan,35029,2020-07-01,0,69
De Haan,35029,2020-07-02,0,69
De Haan,35029,2020-07-03,0,69
De Haan,35029,2020-07-04,0,69
De Haan,35029,2020-07-07,0,69
De Haan,35029,2020-07-08,0,69
De Haan,35029,2020-07-09,0,69
De Haan,35029,2020-07-10,0,69
De Haan,35029,2020-07-11,0,69
De Haan,35029,2020-07-14,1,70
De Haan,35029,2020-07-15,0,70
De Haan,35029,2020-07-16,0,70
De Haan,35029,2020-07-17,0,70
De Haan,35029,2020-07-18,0,70
De Haan,35029,2020-07-20,0,70
De Haan,35029,2020-07-21,0,70
De Haan,35029,2020-07-22,0,70
De Haan,35029,2020-07-23,0,70
De Haan,35029,2020-07-24,0,70
De Haan,35029,2020-07-25,0,70
De Haan,35029,2020-07-26,0,70
De Haan,35029,2020-07-27,0,70
De Haan,35029,2020-07-28,0,70
De Haan,35029,2020-07-29,0,70
De Haan,35029,2020-07-30,0,70
De Haan,35029,2020-07-31,0,70
De Haan,35029,2020-08-01,0,70
De Haan,35029,2020-08-02,0,70
De Haan,35029,2020-08-03,0,70
De Haan,35029,2020-08-04,0,70
De Haan,35029,2020-08-05,0,70
De Haan,35029,2020-08-06,0,70
De Haan,35029,2020-08-07,1,71
De Haan,35029,2020-08-08,0,71
De Haan,35029,2020-08-09,0,71
De Haan,35029,2020-08-10,0,71
De Haan,35029,2020-08-11,0,71
De Haan,35029,2020-08-12,0,71
De Haan,35029,2020-08-13,0,71
De Haan,35029,2020-08-14,0,71
De Haan,35029,2020-08-15,0,71
De Haan,35029,2020-08-16,0,71
De Haan,35029,2020-08-17,0,71
De Haan,35029,2020-08-18,0,71
De Haan,35029,2020-08-19,0,71
De Haan,35029,2020-08-20,1,72
De Haan,35029,2020-08-21,0,72
De Haan,35029,2020-08-22,0,72
De Haan,35029,2020-08-23,0,72
De Haan,35029,2020-08-24,0,72
De Haan,35029,2020-08-25,0,72
De Haan,35029,2020-08-26,0,72
De Haan,35029,2020-08-27,0,72
De Haan,35029,2020-08-28,0,72
De Haan,35029,2020-08-29,0,72
De Haan,35029,2020-08-30,0,72
De Haan,35029,2020-08-31,0,72
De Haan,35029,2020-09-01,0,72
De Haan,35029,2020-09-02,0,72
De Haan,35029,2020-09-03,0,72
De Haan,35029,2020-09-04,0,72
De Haan,35029,2020-09-05,0,72
De Haan,35029,2020-09-06,0,72
De Haan,35029,2020-09-07,0,72
De Haan,35029,2020-09-08,0,72
De Haan,35029,2020-09-09,0,72
De Haan,35029,2020-09-10,0,72
De Haan,35029,2020-09-11,0,72
De Haan,35029,2020-09-12,1,73
De Haan,35029,2020-09-13,0,73
De Haan,35029,2020-09-14,0,73
De Haan,35029,2020-09-15,1,74
De Haan,35029,2020-09-16,1,75
De Haan,35029,2020-09-17,0,75
De Haan,35029,2020-09-18,0,75
De Haan,35029,2020-09-19,0,75
De Haan,35029,2020-09-20,1,76
De Haan,35029,2020-09-21,1,77
De Haan,35029,2020-09-22,0,77
De Haan,35029,2020-09-23,3,80
De Haan,35029,2020-09-24,1,81
De Haan,35029,2020-09-25,2,83
De Haan,35029,2020-09-26,0,83
De Haan,35029,2020-09-27,0,83
De Haan,35029,2020-09-28,0,83
De Haan,35029,2020-09-29,0,83
De Haan,35029,2020-09-30,1,84
De Haan,35029,2020-10-01,2,86
De Haan,35029,2020-10-02,0,86
De Haan,35029,2020-10-03,0,86
De Haan,35029,2020-10-04,0,86
De Haan,35029,2020-10-05,2,88
De Haan,35029,2020-10-06,2,90
De Haan,35029,2020-10-07,1,91
De Haan,35029,2020-10-08,3,94
De Haan,35029,2020-10-09,3,97
De Haan,35029,2020-10-10,5,102
De Haan,35029,2020-10-11,1,103
De Haan,35029,2020-10-12,1,104
De Haan,35029,2020-10-13,0,104
De Haan,35029,2020-10-14,3,107
De Haan,35029,2020-10-15,3,110
De Haan,35029,2020-10-16,8,118
De Haan,35029,2020-10-17,4,122
De Haan,35029,2020-10-18,5,127
De Haan,35029,2020-10-19,7,134
De Haan,35029,2020-10-20,5,139
De Haan,35029,2020-10-21,4,143
De Haan,35029,2020-10-22,10,153
De Haan,35029,2020-10-23,6,159
De Haan,35029,2020-10-24,5,164
De Haan,35029,2020-10-25,11,175
De Haan,35029,2020-10-26,10,185
De Haan,35029,2020-10-27,3,188
De Haan,35029,2020-10-28,6,194
De Haan,35029,2020-10-29,18,212
De Haan,35029,2020-10-30,10,222
De Haan,35029,2020-10-31,7,229
De Haan,35029,2020-11-01,15,244
De Haan,35029,2020-11-02,4,248
De Haan,35029,2020-11-03,7,255
De Haan,35029,2020-11-04,3,258
De Haan,35029,2020-11-05,10,268
De Haan,35029,2020-11-06,4,272
De Haan,35029,2020-11-07,6,278
De Haan,35029,2020-11-08,6,284
De Haan,35029,2020-11-09,0,284
De Haan,35029,2020-11-10,1,285
De Haan,35029,2020-11-11,2,287
Hooglede,36006,2020-04-01,2,9
Hooglede,36006,2020-04-02,1,10
Hooglede,36006,2020-04-03,1,11
Hooglede,36006,2020-04-04,0,11
Hooglede,36006,2020-04-05,0,11
Hooglede,36006,2020-04-06,0,11
Hooglede,36006,2020-04-07,1,12
Hooglede,36006,2020-04-08,0,12
Hooglede,36006,2020-04-09,0,12
Hooglede,36006,2020-04-10,0,12
Hooglede,36006,2020-04-11,1,13
Hooglede,36006,2020-04-12,0,13
Hooglede,36006,2020-04-13,0,13
Hooglede,36006,2020-04-14,1,14
Hooglede,36006,2020-04-15,0,14
Hooglede,36006,2020-04-16,0,14
Hooglede,36006,2020-04-17,1,15
Hooglede,36006,2020-04-18,1,16
Hooglede,36006,2020-04-19,0,16
Hooglede,36006,2020-04-20,1,17
Hooglede,36006,2020-04-21,0,17
Hooglede,36006,2020-04-22,3,20
Hooglede,36006,2020-04-23,-1,19
Hooglede,36006,2020-04-24,1,20
Hooglede,36006,2020-04-25,10,30
Hooglede,36006,2020-04-26,1,31
Hooglede,36006,2020-04-27,0,31
Hooglede,36006,2020-04-28,0,31
Hooglede,36006,2020-04-29,0,31
Hooglede,36006,2020-04-30,1,32
Hooglede,36006,2020-05-01,0,32
Hooglede,36006,2020-05-02,2,34
Hooglede,36006,2020-05-03,0,34
Hooglede,36006,2020-05-04,0,34
Hooglede,36006,2020-05-05,0,34
Hooglede,36006,2020-05-06,0,34
Hooglede,36006,2020-05-07,1,35
Hooglede,36006,2020-05-08,0,35
Hooglede,36006,2020-05-09,0,35
Hooglede,36006,2020-05-10,2,37
Hooglede,36006,2020-05-11,0,37
Hooglede,36006,2020-05-12,0,37
Hooglede,36006,2020-05-13,0,37
Hooglede,36006,2020-05-14,1,38
Hooglede,36006,2020-05-15,0,38
Hooglede,36006,2020-05-16,0,38
Hooglede,36006,2020-05-17,0,38
Hooglede,36006,2020-05-18,1,39
Hooglede,36006,2020-05-19,1,40
Hooglede,36006,2020-05-20,0,40
Hooglede,36006,2020-05-21,2,42
Hooglede,36006,2020-05-22,0,42
Hooglede,36006,2020-05-23,0,42
Hooglede,36006,2020-05-24,0,42
Hooglede,36006,2020-05-25,0,42
Hooglede,36006,2020-05-26,0,42
Hooglede,36006,2020-05-27,1,43
Hooglede,36006,2020-05-28,1,44
Hooglede,36006,2020-05-29,0,44
Hooglede,36006,2020-05-30,0,44
Hooglede,36006,2020-05-31,0,44
Hooglede,36006,2020-06-01,0,44
Hooglede,36006,2020-06-02,1,45
Hooglede,36006,2020-06-03,0,45
Hooglede,36006,2020-06-04,-1,44
Hooglede,36006,2020-06-05,0,44
Hooglede,36006,2020-06-06,0,44
Hooglede,36006,2020-06-07,0,44
Hooglede,36006,2020-06-08,0,44
Hooglede,36006,2020-06-09,0,44
Hooglede,36006,2020-06-10,0,44
Hooglede,36006,2020-06-11,0,44
Hooglede,36006,2020-06-12,0,44
Hooglede,36006,2020-06-13,0,44
Hooglede,36006,2020-06-14,0,44
Hooglede,36006,2020-06-15,0,44
Hooglede,36006,2020-06-16,0,44
Hooglede,36006,2020-06-17,0,44
Hooglede,36006,2020-06-18,0,44
Hooglede,36006,2020-06-19,0,44
Hooglede,36006,2020-06-20,0,44
Hooglede,36006,2020-06-23,0,44
Hooglede,36006,2020-06-24,2,46
Hooglede,36006,2020-06-25,0,46
Hooglede,36006,2020-06-26,1,47
Hooglede,36006,2020-06-27,0,47
Hooglede,36006,2020-06-30,1,48
Hooglede,36006,2020-07-01,0,48
Hooglede,36006,2020-07-02,0,48
Hooglede,36006,2020-07-03,0,48
Hooglede,36006,2020-07-04,0,48
Hooglede,36006,2020-07-07,1,49
Hooglede,36006,2020-07-08,0,49
Hooglede,36006,2020-07-09,0,49
Hooglede,36006,2020-07-10,0,49
Hooglede,36006,2020-07-11,0,49
Hooglede,36006,2020-07-14,0,49
Hooglede,36006,2020-07-15,0,49
Hooglede,36006,2020-07-16,1,50
Hooglede,36006,2020-07-17,1,51
Hooglede,36006,2020-07-18,1,52
Hooglede,36006,2020-07-20,0,52
Hooglede,36006,2020-07-21,0,52
Hooglede,36006,2020-07-22,0,52
Hooglede,36006,2020-07-23,0,52
Hooglede,36006,2020-07-24,0,52
Hooglede,36006,2020-07-25,1,53
Hooglede,36006,2020-07-26,0,53
Hooglede,36006,2020-07-27,0,53
Hooglede,36006,2020-07-28,1,54
Hooglede,36006,2020-07-29,0,54
Hooglede,36006,2020-07-30,0,54
Hooglede,36006,2020-07-31,1,55
Hooglede,36006,2020-08-01,0,55
Hooglede,36006,2020-08-02,0,55
Hooglede,36006,2020-08-03,0,55
Hooglede,36006,2020-08-04,0,55
Hooglede,36006,2020-08-05,0,55
Hooglede,36006,2020-08-06,0,55
Hooglede,36006,2020-08-07,1,56
Hooglede,36006,2020-08-08,0,56
Hooglede,36006,2020-08-09,0,56
Hooglede,36006,2020-08-10,1,57
Hooglede,36006,2020-08-11,0,57
Hooglede,36006,2020-08-12,0,57
Hooglede,36006,2020-08-13,0,57
Hooglede,36006,2020-08-14,0,57
Hooglede,36006,2020-08-15,1,58
Hooglede,36006,2020-08-16,0,58
Hooglede,36006,2020-08-17,0,58
Hooglede,36006,2020-08-18,0,58
Hooglede,36006,2020-08-19,0,58
Hooglede,36006,2020-08-20,0,58
Hooglede,36006,2020-08-21,0,58
Hooglede,36006,2020-08-22,0,58
Hooglede,36006,2020-08-23,0,58
Hooglede,36006,2020-08-24,0,58
Hooglede,36006,2020-08-25,0,58
Hooglede,36006,2020-08-26,0,58
Hooglede,36006,2020-08-27,0,58
Hooglede,36006,2020-08-28,0,58
Hooglede,36006,2020-08-29,0,58
Hooglede,36006,2020-08-30,0,58
Hooglede,36006,2020-08-31,0,58
Hooglede,36006,2020-09-01,0,58
Hooglede,36006,2020-09-02,0,58
Hooglede,36006,2020-09-03,0,58
Hooglede,36006,2020-09-04,0,58
Hooglede,36006,2020-09-05,0,58
Hooglede,36006,2020-09-06,0,58
Hooglede,36006,2020-09-07,0,58
Hooglede,36006,2020-09-08,0,58
Hooglede,36006,2020-09-09,0,58
Hooglede,36006,2020-09-10,0,58
Hooglede,36006,2020-09-11,2,60
Hooglede,36006,2020-09-12,1,61
Hooglede,36006,2020-09-13,0,61
Hooglede,36006,2020-09-14,0,61
Hooglede,36006,2020-09-15,1,62
Hooglede,36006,2020-09-16,0,62
Hooglede,36006,2020-09-17,0,62
Hooglede,36006,2020-09-18,0,62
Hooglede,36006,2020-09-19,1,63
Hooglede,36006,2020-09-20,0,63
Hooglede,36006,2020-09-21,0,63
Hooglede,36006,2020-09-22,0,63
Hooglede,36006,2020-09-23,1,64
Hooglede,36006,2020-09-24,1,65
Hooglede,36006,2020-09-25,0,65
Hooglede,36006,2020-09-26,0,65
Hooglede,36006,2020-09-27,1,66
Hooglede,36006,2020-09-28,0,66
Hooglede,36006,2020-09-29,0,66
Hooglede,36006,2020-09-30,0,66
Hooglede,36006,2020-10-01,1,67
Hooglede,36006,2020-10-02,0,67
Hooglede,36006,2020-10-03,0,67
Hooglede,36006,2020-10-04,1,68
Hooglede,36006,2020-10-05,1,69
Hooglede,36006,2020-10-06,0,69
Hooglede,36006,2020-10-07,1,70
Hooglede,36006,2020-10-08,1,71
Hooglede,36006,2020-10-09,3,74
Hooglede,36006,2020-10-10,0,74
Hooglede,36006,2020-10-11,2,76
Hooglede,36006,2020-10-12,4,80
Hooglede,36006,2020-10-13,0,80
Hooglede,36006,2020-10-14,8,88
Hooglede,36006,2020-10-15,3,91
Hooglede,36006,2020-10-16,4,95
Hooglede,36006,2020-10-17,2,97
Hooglede,36006,2020-10-18,17,114
Hooglede,36006,2020-10-19,4,118
Hooglede,36006,2020-10-20,6,124
Hooglede,36006,2020-10-21,5,129
Hooglede,36006,2020-10-22,7,136
Hooglede,36006,2020-10-23,17,153
Hooglede,36006,2020-10-24,22,175
Hooglede,36006,2020-10-25,12,187
Hooglede,36006,2020-10-26,13,200
Hooglede,36006,2020-10-27,25,225
Hooglede,36006,2020-10-28,3,228
Hooglede,36006,2020-10-29,17,245
Hooglede,36006,2020-10-30,30,275
Hooglede,36006,2020-10-31,16,291
Hooglede,36006,2020-11-01,13,304
Hooglede,36006,2020-11-02,16,320
Hooglede,36006,2020-11-03,4,324
Hooglede,36006,2020-11-04,4,328
Hooglede,36006,2020-11-05,32,360
Hooglede,36006,2020-11-06,8,368
Hooglede,36006,2020-11-07,11,379
Hooglede,36006,2020-11-08,6,385
Hooglede,36006,2020-11-09,5,390
Hooglede,36006,2020-11-10,3,393
Hooglede,36006,2020-11-11,4,397
Ingelmunster,36007,2020-04-01,0,6
Ingelmunster,36007,2020-04-02,0,6
Ingelmunster,36007,2020-04-03,2,8
Ingelmunster,36007,2020-04-04,4,12
Ingelmunster,36007,2020-04-05,0,12
Ingelmunster,36007,2020-04-06,0,12
Ingelmunster,36007,2020-04-07,1,13
Ingelmunster,36007,2020-04-08,0,13
Ingelmunster,36007,2020-04-09,2,15
Ingelmunster,36007,2020-04-10,2,17
Ingelmunster,36007,2020-04-11,4,21
Ingelmunster,36007,2020-04-12,11,32
Ingelmunster,36007,2020-04-13,3,35
Ingelmunster,36007,2020-04-14,3,38
Ingelmunster,36007,2020-04-15,0,38
Ingelmunster,36007,2020-04-16,1,39
Ingelmunster,36007,2020-04-17,2,41
Ingelmunster,36007,2020-04-18,1,42
Ingelmunster,36007,2020-04-19,4,46
Ingelmunster,36007,2020-04-20,8,54
Ingelmunster,36007,2020-04-21,-11,43
Ingelmunster,36007,2020-04-22,6,49
Ingelmunster,36007,2020-04-23,-1,48
Ingelmunster,36007,2020-04-24,0,48
Ingelmunster,36007,2020-04-25,2,50
Ingelmunster,36007,2020-04-26,2,52
Ingelmunster,36007,2020-04-27,0,52
Ingelmunster,36007,2020-04-28,0,52
Ingelmunster,36007,2020-04-29,0,52
Ingelmunster,36007,2020-04-30,1,53
Ingelmunster,36007,2020-05-01,0,53
Ingelmunster,36007,2020-05-02,0,53
Ingelmunster,36007,2020-05-03,1,54
Ingelmunster,36007,2020-05-04,0,54
Ingelmunster,36007,2020-05-05,4,58
Ingelmunster,36007,2020-05-06,2,60
Ingelmunster,36007,2020-05-07,2,62
Ingelmunster,36007,2020-05-08,0,62
Ingelmunster,36007,2020-05-09,0,62
Ingelmunster,36007,2020-05-10,0,62
Ingelmunster,36007,2020-05-11,0,62
Ingelmunster,36007,2020-05-12,0,62
Ingelmunster,36007,2020-05-13,0,62
Ingelmunster,36007,2020-05-14,0,62
Ingelmunster,36007,2020-05-15,0,62
Ingelmunster,36007,2020-05-16,0,62
Ingelmunster,36007,2020-05-17,0,62
Ingelmunster,36007,2020-05-18,0,62
Ingelmunster,36007,2020-05-19,3,65
Ingelmunster,36007,2020-05-20,0,65
Ingelmunster,36007,2020-05-21,3,68
Ingelmunster,36007,2020-05-22,0,68
Ingelmunster,36007,2020-05-23,0,68
Ingelmunster,36007,2020-05-24,0,68
Ingelmunster,36007,2020-05-25,0,68
Ingelmunster,36007,2020-05-26,0,68
Ingelmunster,36007,2020-05-27,0,68
Ingelmunster,36007,2020-05-28,0,68
Ingelmunster,36007,2020-05-29,0,68
Ingelmunster,36007,2020-05-30,0,68
Ingelmunster,36007,2020-05-31,0,68
Ingelmunster,36007,2020-06-01,0,68
Ingelmunster,36007,2020-06-02,1,69
Ingelmunster,36007,2020-06-03,0,69
Ingelmunster,36007,2020-06-04,0,69
Ingelmunster,36007,2020-06-05,0,69
Ingelmunster,36007,2020-06-06,1,70
Ingelmunster,36007,2020-06-07,-1,69
Ingelmunster,36007,2020-06-08,0,69
Ingelmunster,36007,2020-06-09,0,69
Ingelmunster,36007,2020-06-10,0,69
Ingelmunster,36007,2020-06-11,0,69
Ingelmunster,36007,2020-06-12,0,69
Ingelmunster,36007,2020-06-13,0,69
Ingelmunster,36007,2020-06-14,0,69
Ingelmunster,36007,2020-06-15,0,69
Ingelmunster,36007,2020-06-16,0,69
Ingelmunster,36007,2020-06-17,0,69
Ingelmunster,36007,2020-06-18,0,69
Ingelmunster,36007,2020-06-19,0,69
Ingelmunster,36007,2020-06-20,0,69
Ingelmunster,36007,2020-06-23,1,70
Ingelmunster,36007,2020-06-24,0,70
Ingelmunster,36007,2020-06-25,0,70
Ingelmunster,36007,2020-06-26,0,70
Ingelmunster,36007,2020-06-27,0,70
Ingelmunster,36007,2020-06-30,0,70
Ingelmunster,36007,2020-07-01,0,70
Ingelmunster,36007,2020-07-02,0,70
Ingelmunster,36007,2020-07-03,0,70
Ingelmunster,36007,2020-07-04,0,70
Ingelmunster,36007,2020-07-07,0,70
Ingelmunster,36007,2020-07-08,0,70
Ingelmunster,36007,2020-07-09,0,70
Ingelmunster,36007,2020-07-10,0,70
Ingelmunster,36007,2020-07-11,0,70
Ingelmunster,36007,2020-07-14,0,70
Ingelmunster,36007,2020-07-15,0,70
Ingelmunster,36007,2020-07-16,0,70
Ingelmunster,36007,2020-07-17,0,70
Ingelmunster,36007,2020-07-18,0,70
Ingelmunster,36007,2020-07-20,0,70
Ingelmunster,36007,2020-07-21,0,70
Ingelmunster,36007,2020-07-22,0,70
Ingelmunster,36007,2020-07-23,0,70
Ingelmunster,36007,2020-07-24,0,70
Ingelmunster,36007,2020-07-25,0,70
Ingelmunster,36007,2020-07-26,0,70
Ingelmunster,36007,2020-07-27,0,70
Ingelmunster,36007,2020-07-28,0,70
Ingelmunster,36007,2020-07-29,0,70
Ingelmunster,36007,2020-07-30,0,70
Ingelmunster,36007,2020-07-31,1,71
Ingelmunster,36007,2020-08-01,0,71
Ingelmunster,36007,2020-08-02,0,71
Ingelmunster,36007,2020-08-03,0,71
Ingelmunster,36007,2020-08-04,0,71
Ingelmunster,36007,2020-08-05,0,71
Ingelmunster,36007,2020-08-06,0,71
Ingelmunster,36007,2020-08-07,0,71
Ingelmunster,36007,2020-08-08,0,71
Ingelmunster,36007,2020-08-09,0,71
Ingelmunster,36007,2020-08-10,0,71
Ingelmunster,36007,2020-08-11,0,71
Ingelmunster,36007,2020-08-12,0,71
Ingelmunster,36007,2020-08-13,0,71
Ingelmunster,36007,2020-08-14,0,71
Ingelmunster,36007,2020-08-15,1,72
Ingelmunster,36007,2020-08-16,0,72
Ingelmunster,36007,2020-08-17,0,72
Ingelmunster,36007,2020-08-18,0,72
Ingelmunster,36007,2020-08-19,1,73
Ingelmunster,36007,2020-08-20,0,73
Ingelmunster,36007,2020-08-21,0,73
Ingelmunster,36007,2020-08-22,1,74
Ingelmunster,36007,2020-08-23,0,74
Ingelmunster,36007,2020-08-24,1,75
Ingelmunster,36007,2020-08-25,0,75
Ingelmunster,36007,2020-08-26,0,75
Ingelmunster,36007,2020-08-27,1,76
Ingelmunster,36007,2020-08-28,0,76
Ingelmunster,36007,2020-08-29,1,77
Ingelmunster,36007,2020-08-30,3,80
Ingelmunster,36007,2020-08-31,0,80
Ingelmunster,36007,2020-09-01,1,81
Ingelmunster,36007,2020-09-02,1,82
Ingelmunster,36007,2020-09-03,0,82
Ingelmunster,36007,2020-09-04,0,82
Ingelmunster,36007,2020-09-05,0,82
Ingelmunster,36007,2020-09-06,1,83
Ingelmunster,36007,2020-09-07,0,83
Ingelmunster,36007,2020-09-08,0,83
Ingelmunster,36007,2020-09-09,0,83
Ingelmunster,36007,2020-09-10,0,83
Ingelmunster,36007,2020-09-11,1,84
Ingelmunster,36007,2020-09-12,0,84
Ingelmunster,36007,2020-09-13,0,84
Ingelmunster,36007,2020-09-14,0,84
Ingelmunster,36007,2020-09-15,0,84
Ingelmunster,36007,2020-09-16,0,84
Ingelmunster,36007,2020-09-17,0,84
Ingelmunster,36007,2020-09-18,0,84
Ingelmunster,36007,2020-09-19,0,84
Ingelmunster,36007,2020-09-20,0,84
Ingelmunster,36007,2020-09-21,0,84
Ingelmunster,36007,2020-09-22,0,84
Ingelmunster,36007,2020-09-23,1,85
Ingelmunster,36007,2020-09-24,0,85
Ingelmunster,36007,2020-09-25,0,85
Ingelmunster,36007,2020-09-26,0,85
Ingelmunster,36007,2020-09-27,0,85
Ingelmunster,36007,2020-09-28,0,85
Ingelmunster,36007,2020-09-29,0,85
Ingelmunster,36007,2020-09-30,0,85
Ingelmunster,36007,2020-10-01,0,85
Ingelmunster,36007,2020-10-02,0,85
Ingelmunster,36007,2020-10-03,0,85
Ingelmunster,36007,2020-10-04,0,85
Ingelmunster,36007,2020-10-05,1,86
Ingelmunster,36007,2020-10-06,1,87
Ingelmunster,36007,2020-10-07,0,87
Ingelmunster,36007,2020-10-08,1,88
Ingelmunster,36007,2020-10-09,2,90
Ingelmunster,36007,2020-10-10,2,92
Ingelmunster,36007,2020-10-11,0,92
Ingelmunster,36007,2020-10-12,2,94
Ingelmunster,36007,2020-10-13,0,94
Ingelmunster,36007,2020-10-14,5,99
Ingelmunster,36007,2020-10-15,2,101
Ingelmunster,36007,2020-10-16,11,112
Ingelmunster,36007,2020-10-17,9,121
Ingelmunster,36007,2020-10-18,4,125
Ingelmunster,36007,2020-10-19,9,134
Ingelmunster,36007,2020-10-20,2,136
Ingelmunster,36007,2020-10-21,6,142
Ingelmunster,36007,2020-10-22,7,149
Ingelmunster,36007,2020-10-23,15,164
Ingelmunster,36007,2020-10-24,14,178
Ingelmunster,36007,2020-10-25,8,186
Ingelmunster,36007,2020-10-26,17,203
Ingelmunster,36007,2020-10-27,12,215
Ingelmunster,36007,2020-10-28,8,223
Ingelmunster,36007,2020-10-29,16,239
Ingelmunster,36007,2020-10-30,17,256
Ingelmunster,36007,2020-10-31,15,271
Ingelmunster,36007,2020-11-01,8,279
Ingelmunster,36007,2020-11-02,8,287
Ingelmunster,36007,2020-11-03,4,291
Ingelmunster,36007,2020-11-04,5,296
Ingelmunster,36007,2020-11-05,27,323
Ingelmunster,36007,2020-11-06,16,339
Ingelmunster,36007,2020-11-07,7,346
Ingelmunster,36007,2020-11-08,7,353
Ingelmunster,36007,2020-11-09,4,357
Ingelmunster,36007,2020-11-10,1,358
Ingelmunster,36007,2020-11-11,6,364
Izegem,36008,2020-04-01,3,31
Izegem,36008,2020-04-02,4,35
Izegem,36008,2020-04-03,6,41
Izegem,36008,2020-04-04,5,46
Izegem,36008,2020-04-05,2,48
Izegem,36008,2020-04-06,2,50
Izegem,36008,2020-04-07,1,51
Izegem,36008,2020-04-08,3,54
Izegem,36008,2020-04-09,6,60
Izegem,36008,2020-04-10,7,67
Izegem,36008,2020-04-11,4,71
Izegem,36008,2020-04-12,18,89
Izegem,36008,2020-04-13,2,91
Izegem,36008,2020-04-14,6,97
Izegem,36008,2020-04-15,0,97
Izegem,36008,2020-04-16,4,101
Izegem,36008,2020-04-17,1,102
Izegem,36008,2020-04-18,1,103
Izegem,36008,2020-04-19,7,110
Izegem,36008,2020-04-20,9,119
Izegem,36008,2020-04-21,-17,102
Izegem,36008,2020-04-22,2,104
Izegem,36008,2020-04-23,1,105
Izegem,36008,2020-04-24,3,108
Izegem,36008,2020-04-25,3,111
Izegem,36008,2020-04-26,3,114
Izegem,36008,2020-04-27,1,115
Izegem,36008,2020-04-28,2,117
Izegem,36008,2020-04-29,1,118
Izegem,36008,2020-04-30,2,120
Izegem,36008,2020-05-01,1,121
Izegem,36008,2020-05-02,0,121
Izegem,36008,2020-05-03,1,122
Izegem,36008,2020-05-04,0,122
Izegem,36008,2020-05-05,0,122
Izegem,36008,2020-05-06,2,124
Izegem,36008,2020-05-07,4,128
Izegem,36008,2020-05-08,1,129
Izegem,36008,2020-05-09,4,133
Izegem,36008,2020-05-10,1,134
Izegem,36008,2020-05-11,1,135
Izegem,36008,2020-05-12,0,135
Izegem,36008,2020-05-13,1,136
Izegem,36008,2020-05-14,0,136
Izegem,36008,2020-05-15,1,137
Izegem,36008,2020-05-16,1,138
Izegem,36008,2020-05-17,0,138
Izegem,36008,2020-05-18,1,139
Izegem,36008,2020-05-19,0,139
Izegem,36008,2020-05-20,0,139
Izegem,36008,2020-05-21,0,139
Izegem,36008,2020-05-22,1,140
Izegem,36008,2020-05-23,1,141
Izegem,36008,2020-05-24,0,141
Izegem,36008,2020-05-25,0,141
Izegem,36008,2020-05-26,3,144
Izegem,36008,2020-05-27,1,145
Izegem,36008,2020-05-28,0,145
Izegem,36008,2020-05-29,2,147
Izegem,36008,2020-05-30,1,148
Izegem,36008,2020-05-31,1,149
Izegem,36008,2020-06-01,0,149
Izegem,36008,2020-06-02,0,149
Izegem,36008,2020-06-03,0,149
Izegem,36008,2020-06-04,0,149
Izegem,36008,2020-06-05,0,149
Izegem,36008,2020-06-06,1,150
Izegem,36008,2020-06-07,0,150
Izegem,36008,2020-06-08,0,150
Izegem,36008,2020-06-09,1,151
Izegem,36008,2020-06-10,0,151
Izegem,36008,2020-06-11,1,152
Izegem,36008,2020-06-12,0,152
Izegem,36008,2020-06-13,0,152
Izegem,36008,2020-06-14,0,152
Izegem,36008,2020-06-15,0,152
Izegem,36008,2020-06-16,1,153
Izegem,36008,2020-06-17,0,153
Izegem,36008,2020-06-18,0,153
Izegem,36008,2020-06-19,0,153
Izegem,36008,2020-06-20,0,153
Izegem,36008,2020-06-23,2,155
Izegem,36008,2020-06-24,0,155
Izegem,36008,2020-06-25,0,155
Izegem,36008,2020-06-26,0,155
Izegem,36008,2020-06-27,0,155
Izegem,36008,2020-06-30,0,155
Izegem,36008,2020-07-01,1,156
Izegem,36008,2020-07-02,1,157
Izegem,36008,2020-07-03,0,157
Izegem,36008,2020-07-04,0,157
Izegem,36008,2020-07-07,0,157
Izegem,36008,2020-07-08,0,157
Izegem,36008,2020-07-09,1,158
Izegem,36008,2020-07-10,0,158
Izegem,36008,2020-07-11,1,159
Izegem,36008,2020-07-14,2,161
Izegem,36008,2020-07-15,0,161
Izegem,36008,2020-07-16,0,161
Izegem,36008,2020-07-17,1,162
Izegem,36008,2020-07-18,0,162
Izegem,36008,2020-07-20,1,163
Izegem,36008,2020-07-21,0,163
Izegem,36008,2020-07-22,0,163
Izegem,36008,2020-07-23,0,163
Izegem,36008,2020-07-24,1,164
Izegem,36008,2020-07-25,1,165
Izegem,36008,2020-07-26,1,166
Izegem,36008,2020-07-27,0,166
Izegem,36008,2020-07-28,0,166
Izegem,36008,2020-07-29,2,168
Izegem,36008,2020-07-30,1,169
Izegem,36008,2020-07-31,2,171
Izegem,36008,2020-08-01,0,171
Izegem,36008,2020-08-02,0,171
Izegem,36008,2020-08-03,0,171
Izegem,36008,2020-08-04,0,171
Izegem,36008,2020-08-05,0,171
Izegem,36008,2020-08-06,1,172
Izegem,36008,2020-08-07,0,172
Izegem,36008,2020-08-08,1,173
Izegem,36008,2020-08-09,1,174
Izegem,36008,2020-08-10,0,174
Izegem,36008,2020-08-11,0,174
Izegem,36008,2020-08-12,1,175
Izegem,36008,2020-08-13,2,177
Izegem,36008,2020-08-14,0,177
Izegem,36008,2020-08-15,0,177
Izegem,36008,2020-08-16,2,179
Izegem,36008,2020-08-17,1,180
Izegem,36008,2020-08-18,0,180
Izegem,36008,2020-08-19,0,180
Izegem,36008,2020-08-20,1,181
Izegem,36008,2020-08-21,0,181
Izegem,36008,2020-08-22,2,183
Izegem,36008,2020-08-23,0,183
Izegem,36008,2020-08-24,3,186
Izegem,36008,2020-08-25,0,186
Izegem,36008,2020-08-26,0,186
Izegem,36008,2020-08-27,0,186
Izegem,36008,2020-08-28,0,186
Izegem,36008,2020-08-29,2,188
Izegem,36008,2020-08-30,1,189
Izegem,36008,2020-08-31,2,191
Izegem,36008,2020-09-01,1,192
Izegem,36008,2020-09-02,1,193
Izegem,36008,2020-09-03,1,194
Izegem,36008,2020-09-04,0,194
Izegem,36008,2020-09-05,0,194
Izegem,36008,2020-09-06,0,194
Izegem,36008,2020-09-07,0,194
Izegem,36008,2020-09-08,0,194
Izegem,36008,2020-09-09,0,194
Izegem,36008,2020-09-10,0,194
Izegem,36008,2020-09-11,2,196
Izegem,36008,2020-09-12,5,201
Izegem,36008,2020-09-13,0,201
Izegem,36008,2020-09-14,0,201
Izegem,36008,2020-09-15,0,201
Izegem,36008,2020-09-16,0,201
Izegem,36008,2020-09-17,2,203
Izegem,36008,2020-09-18,2,205
Izegem,36008,2020-09-19,1,206
Izegem,36008,2020-09-20,1,207
Izegem,36008,2020-09-21,1,208
Izegem,36008,2020-09-22,1,209
Izegem,36008,2020-09-23,0,209
Izegem,36008,2020-09-24,1,210
Izegem,36008,2020-09-25,0,210
Izegem,36008,2020-09-26,3,213
Izegem,36008,2020-09-27,4,217
Izegem,36008,2020-09-28,1,218
Izegem,36008,2020-09-29,3,221
Izegem,36008,2020-09-30,2,223
Izegem,36008,2020-10-01,0,223
Izegem,36008,2020-10-02,3,226
Izegem,36008,2020-10-03,5,231
Izegem,36008,2020-10-04,5,236
Izegem,36008,2020-10-05,1,237
Izegem,36008,2020-10-06,0,237
Izegem,36008,2020-10-07,0,237
Izegem,36008,2020-10-08,7,244
Izegem,36008,2020-10-09,5,249
Izegem,36008,2020-10-10,9,258
Izegem,36008,2020-10-11,13,271
Izegem,36008,2020-10-12,11,282
Izegem,36008,2020-10-13,1,283
Izegem,36008,2020-10-14,9,292
Izegem,36008,2020-10-15,11,303
Izegem,36008,2020-10-16,11,314
Izegem,36008,2020-10-17,20,334
Izegem,36008,2020-10-18,14,348
Izegem,36008,2020-10-19,10,358
Izegem,36008,2020-10-20,6,364
Izegem,36008,2020-10-21,25,389
Izegem,36008,2020-10-22,22,411
Izegem,36008,2020-10-23,31,442
Izegem,36008,2020-10-24,32,474
Izegem,36008,2020-10-25,29,503
Izegem,36008,2020-10-26,24,527
Izegem,36008,2020-10-27,32,559
Izegem,36008,2020-10-28,11,570
Izegem,36008,2020-10-29,38,608
Izegem,36008,2020-10-30,36,644
Izegem,36008,2020-10-31,43,687
Izegem,36008,2020-11-01,33,720
Izegem,36008,2020-11-02,21,741
Izegem,36008,2020-11-03,18,759
Izegem,36008,2020-11-04,12,771
Izegem,36008,2020-11-05,76,847
Izegem,36008,2020-11-06,27,874
Izegem,36008,2020-11-07,15,889
Izegem,36008,2020-11-08,14,903
Izegem,36008,2020-11-09,15,918
Izegem,36008,2020-11-10,11,929
Izegem,36008,2020-11-11,13,942
Ledegem,36010,2020-04-01,1,18
Ledegem,36010,2020-04-02,1,19
Ledegem,36010,2020-04-03,1,20
Ledegem,36010,2020-04-04,1,21
Ledegem,36010,2020-04-05,0,21
Ledegem,36010,2020-04-06,2,23
Ledegem,36010,2020-04-07,2,25
Ledegem,36010,2020-04-08,0,25
Ledegem,36010,2020-04-09,3,28
Ledegem,36010,2020-04-10,1,29
Ledegem,36010,2020-04-11,0,29
Ledegem,36010,2020-04-12,2,31
Ledegem,36010,2020-04-13,2,33
Ledegem,36010,2020-04-14,1,34
Ledegem,36010,2020-04-15,0,34
Ledegem,36010,2020-04-16,3,37
Ledegem,36010,2020-04-17,0,37
Ledegem,36010,2020-04-18,0,37
Ledegem,36010,2020-04-19,0,37
Ledegem,36010,2020-04-20,0,37
Ledegem,36010,2020-04-21,1,38
Ledegem,36010,2020-04-22,0,38
Ledegem,36010,2020-04-23,0,38
Ledegem,36010,2020-04-24,1,39
Ledegem,36010,2020-04-25,0,39
Ledegem,36010,2020-04-26,0,39
Ledegem,36010,2020-04-27,2,41
Ledegem,36010,2020-04-28,0,41
Ledegem,36010,2020-04-29,0,41
Ledegem,36010,2020-04-30,0,41
Ledegem,36010,2020-05-01,0,41
Ledegem,36010,2020-05-02,2,43
Ledegem,36010,2020-05-03,0,43
Ledegem,36010,2020-05-04,0,43
Ledegem,36010,2020-05-05,1,44
Ledegem,36010,2020-05-06,0,44
Ledegem,36010,2020-05-07,2,46
Ledegem,36010,2020-05-08,0,46
Ledegem,36010,2020-05-09,0,46
Ledegem,36010,2020-05-10,1,47
Ledegem,36010,2020-05-11,0,47
Ledegem,36010,2020-05-12,0,47
Ledegem,36010,2020-05-13,0,47
Ledegem,36010,2020-05-14,0,47
Ledegem,36010,2020-05-15,1,48
Ledegem,36010,2020-05-16,0,48
Ledegem,36010,2020-05-17,0,48
Ledegem,36010,2020-05-18,0,48
Ledegem,36010,2020-05-19,0,48
Ledegem,36010,2020-05-20,0,48
Ledegem,36010,2020-05-21,0,48
Ledegem,36010,2020-05-22,0,48
Ledegem,36010,2020-05-23,0,48
Ledegem,36010,2020-05-24,0,48
Ledegem,36010,2020-05-25,1,49
Ledegem,36010,2020-05-26,0,49
Ledegem,36010,2020-05-27,0,49
Ledegem,36010,2020-05-28,0,49
Ledegem,36010,2020-05-29,0,49
Ledegem,36010,2020-05-30,0,49
Ledegem,36010,2020-05-31,0,49
Ledegem,36010,2020-06-01,0,49
Ledegem,36010,2020-06-02,0,49
Ledegem,36010,2020-06-03,0,49
Ledegem,36010,2020-06-04,0,49
Ledegem,36010,2020-06-05,0,49
Ledegem,36010,2020-06-06,1,50
Ledegem,36010,2020-06-07,0,50
Ledegem,36010,2020-06-08,1,51
Ledegem,36010,2020-06-09,0,51
Ledegem,36010,2020-06-10,0,51
Ledegem,36010,2020-06-11,0,51
Ledegem,36010,2020-06-12,0,51
Ledegem,36010,2020-06-13,0,51
Ledegem,36010,2020-06-14,0,51
Ledegem,36010,2020-06-15,0,51
Ledegem,36010,2020-06-16,0,51
Ledegem,36010,2020-06-17,0,51
Ledegem,36010,2020-06-18,0,51
Ledegem,36010,2020-06-19,1,52
Ledegem,36010,2020-06-20,1,53
Ledegem,36010,2020-06-23,0,53
Ledegem,36010,2020-06-24,0,53
Ledegem,36010,2020-06-25,0,53
Ledegem,36010,2020-06-26,0,53
Ledegem,36010,2020-06-27,0,53
Ledegem,36010,2020-06-30,1,54
Ledegem,36010,2020-07-01,0,54
Ledegem,36010,2020-07-02,0,54
Ledegem,36010,2020-07-03,0,54
Ledegem,36010,2020-07-04,0,54
Ledegem,36010,2020-07-07,0,54
Ledegem,36010,2020-07-08,2,56
Ledegem,36010,2020-07-09,1,57
Ledegem,36010,2020-07-10,0,57
Ledegem,36010,2020-07-11,1,58
Ledegem,36010,2020-07-14,5,63
Ledegem,36010,2020-07-15,4,67
Ledegem,36010,2020-07-16,2,69
Ledegem,36010,2020-07-17,3,72
Ledegem,36010,2020-07-18,8,80
Ledegem,36010,2020-07-20,0,80
Ledegem,36010,2020-07-21,1,81
Ledegem,36010,2020-07-22,0,81
Ledegem,36010,2020-07-23,0,81
Ledegem,36010,2020-07-24,2,83
Ledegem,36010,2020-07-25,0,83
Ledegem,36010,2020-07-26,1,84
Ledegem,36010,2020-07-27,0,84
Ledegem,36010,2020-07-28,0,84
Ledegem,36010,2020-07-29,0,84
Ledegem,36010,2020-07-30,0,84
Ledegem,36010,2020-07-31,1,85
Ledegem,36010,2020-08-01,0,85
Ledegem,36010,2020-08-02,3,88
Ledegem,36010,2020-08-03,0,88
Ledegem,36010,2020-08-04,0,88
Ledegem,36010,2020-08-05,0,88
Ledegem,36010,2020-08-06,1,89
Ledegem,36010,2020-08-07,2,91
Ledegem,36010,2020-08-08,0,91
Ledegem,36010,2020-08-09,0,91
Ledegem,36010,2020-08-10,-1,90
Ledegem,36010,2020-08-11,0,90
Ledegem,36010,2020-08-12,0,90
Ledegem,36010,2020-08-13,0,90
Ledegem,36010,2020-08-14,-6,84
Ledegem,36010,2020-08-15,7,91
Ledegem,36010,2020-08-16,0,91
Ledegem,36010,2020-08-17,0,91
Ledegem,36010,2020-08-18,0,91
Ledegem,36010,2020-08-19,0,91
Ledegem,36010,2020-08-20,0,91
Ledegem,36010,2020-08-21,0,91
Ledegem,36010,2020-08-22,1,92
Ledegem,36010,2020-08-23,1,93
Ledegem,36010,2020-08-24,1,94
Ledegem,36010,2020-08-25,0,94
Ledegem,36010,2020-08-26,0,94
Ledegem,36010,2020-08-27,0,94
Ledegem,36010,2020-08-28,2,96
Ledegem,36010,2020-08-29,0,96
Ledegem,36010,2020-08-30,0,96
Ledegem,36010,2020-08-31,0,96
Ledegem,36010,2020-09-01,0,96
Ledegem,36010,2020-09-02,0,96
Ledegem,36010,2020-09-03,0,96
Ledegem,36010,2020-09-04,0,96
Ledegem,36010,2020-09-05,1,97
Ledegem,36010,2020-09-06,0,97
Ledegem,36010,2020-09-07,0,97
Ledegem,36010,2020-09-08,0,97
Ledegem,36010,2020-09-09,0,97
Ledegem,36010,2020-09-10,0,97
Ledegem,36010,2020-09-11,0,97
Ledegem,36010,2020-09-12,0,97
Ledegem,36010,2020-09-13,0,97
Ledegem,36010,2020-09-14,0,97
Ledegem,36010,2020-09-15,0,97
Ledegem,36010,2020-09-16,0,97
Ledegem,36010,2020-09-17,1,98
Ledegem,36010,2020-09-18,0,98
Ledegem,36010,2020-09-19,3,101
Ledegem,36010,2020-09-20,6,107
Ledegem,36010,2020-09-21,7,114
Ledegem,36010,2020-09-22,0,114
Ledegem,36010,2020-09-23,3,117
Ledegem,36010,2020-09-24,0,117
Ledegem,36010,2020-09-25,3,120
Ledegem,36010,2020-09-26,2,122
Ledegem,36010,2020-09-27,0,122
Ledegem,36010,2020-09-28,0,122
Ledegem,36010,2020-09-29,1,123
Ledegem,36010,2020-09-30,3,126
Ledegem,36010,2020-10-01,3,129
Ledegem,36010,2020-10-02,4,133
Ledegem,36010,2020-10-03,8,141
Ledegem,36010,2020-10-04,4,145
Ledegem,36010,2020-10-05,5,150
Ledegem,36010,2020-10-06,1,151
Ledegem,36010,2020-10-07,2,153
Ledegem,36010,2020-10-08,7,160
Ledegem,36010,2020-10-09,6,166
Ledegem,36010,2020-10-10,7,173
Ledegem,36010,2020-10-11,7,180
Ledegem,36010,2020-10-12,11,191
Ledegem,36010,2020-10-13,2,193
Ledegem,36010,2020-10-14,4,197
Ledegem,36010,2020-10-15,7,204
Ledegem,36010,2020-10-16,7,211
Ledegem,36010,2020-10-17,6,217
Ledegem,36010,2020-10-18,14,231
Ledegem,36010,2020-10-19,12,243
Ledegem,36010,2020-10-20,10,253
Ledegem,36010,2020-10-21,6,259
Ledegem,36010,2020-10-22,10,269
Ledegem,36010,2020-10-23,21,290
Ledegem,36010,2020-10-24,14,304
Ledegem,36010,2020-10-25,15,319
Ledegem,36010,2020-10-26,9,328
Ledegem,36010,2020-10-27,26,354
Ledegem,36010,2020-10-28,7,361
Ledegem,36010,2020-10-29,17,378
Ledegem,36010,2020-10-30,20,398
Ledegem,36010,2020-10-31,9,407
Ledegem,36010,2020-11-01,14,421
Ledegem,36010,2020-11-02,12,433
Ledegem,36010,2020-11-03,5,438
Ledegem,36010,2020-11-04,5,443
Ledegem,36010,2020-11-05,11,454
Ledegem,36010,2020-11-06,3,457
Ledegem,36010,2020-11-07,7,464
Ledegem,36010,2020-11-08,5,469
Ledegem,36010,2020-11-09,7,476
Ledegem,36010,2020-11-10,5,481
Ledegem,36010,2020-11-11,4,485
Lichtervelde,36011,2020-04-01,0,11
Lichtervelde,36011,2020-04-02,0,11
Lichtervelde,36011,2020-04-03,0,11
Lichtervelde,36011,2020-04-04,1,12
Lichtervelde,36011,2020-04-05,0,12
Lichtervelde,36011,2020-04-06,1,13
Lichtervelde,36011,2020-04-07,1,14
Lichtervelde,36011,2020-04-08,0,14
Lichtervelde,36011,2020-04-09,0,14
Lichtervelde,36011,2020-04-10,0,14
Lichtervelde,36011,2020-04-11,2,16
Lichtervelde,36011,2020-04-12,0,16
Lichtervelde,36011,2020-04-13,0,16
Lichtervelde,36011,2020-04-14,0,16
Lichtervelde,36011,2020-04-15,0,16
Lichtervelde,36011,2020-04-16,0,16
Lichtervelde,36011,2020-04-17,0,16
Lichtervelde,36011,2020-04-18,0,16
Lichtervelde,36011,2020-04-19,0,16
Lichtervelde,36011,2020-04-20,0,16
Lichtervelde,36011,2020-04-21,1,17
Lichtervelde,36011,2020-04-22,0,17
Lichtervelde,36011,2020-04-23,0,17
Lichtervelde,36011,2020-04-24,2,19
Lichtervelde,36011,2020-04-25,0,19
Lichtervelde,36011,2020-04-26,2,21
Lichtervelde,36011,2020-04-27,0,21
Lichtervelde,36011,2020-04-28,0,21
Lichtervelde,36011,2020-04-29,0,21
Lichtervelde,36011,2020-04-30,0,21
Lichtervelde,36011,2020-05-01,0,21
Lichtervelde,36011,2020-05-02,0,21
Lichtervelde,36011,2020-05-03,0,21
Lichtervelde,36011,2020-05-04,0,21
Lichtervelde,36011,2020-05-05,1,22
Lichtervelde,36011,2020-05-06,0,22
Lichtervelde,36011,2020-05-07,1,23
Lichtervelde,36011,2020-05-08,0,23
Lichtervelde,36011,2020-05-09,0,23
Lichtervelde,36011,2020-05-10,0,23
Lichtervelde,36011,2020-05-11,0,23
Lichtervelde,36011,2020-05-12,0,23
Lichtervelde,36011,2020-05-13,0,23
Lichtervelde,36011,2020-05-14,1,24
Lichtervelde,36011,2020-05-15,1,25
Lichtervelde,36011,2020-05-16,1,26
Lichtervelde,36011,2020-05-17,1,27
Lichtervelde,36011,2020-05-18,0,27
Lichtervelde,36011,2020-05-19,0,27
Lichtervelde,36011,2020-05-20,0,27
Lichtervelde,36011,2020-05-21,0,27
Lichtervelde,36011,2020-05-22,1,28
Lichtervelde,36011,2020-05-23,2,30
Lichtervelde,36011,2020-05-24,0,30
Lichtervelde,36011,2020-05-25,2,32
Lichtervelde,36011,2020-05-26,1,33
Lichtervelde,36011,2020-05-27,0,33
Lichtervelde,36011,2020-05-28,1,34
Lichtervelde,36011,2020-05-29,0,34
Lichtervelde,36011,2020-05-30,1,35
Lichtervelde,36011,2020-05-31,0,35
Lichtervelde,36011,2020-06-01,0,35
Lichtervelde,36011,2020-06-02,1,36
Lichtervelde,36011,2020-06-03,0,36
Lichtervelde,36011,2020-06-04,0,36
Lichtervelde,36011,2020-06-05,0,36
Lichtervelde,36011,2020-06-06,0,36
Lichtervelde,36011,2020-06-07,0,36
Lichtervelde,36011,2020-06-08,0,36
Lichtervelde,36011,2020-06-09,0,36
Lichtervelde,36011,2020-06-10,0,36
Lichtervelde,36011,2020-06-11,0,36
Lichtervelde,36011,2020-06-12,2,38
Lichtervelde,36011,2020-06-13,0,38
Lichtervelde,36011,2020-06-14,0,38
Lichtervelde,36011,2020-06-15,0,38
Lichtervelde,36011,2020-06-16,0,38
Lichtervelde,36011,2020-06-17,0,38
Lichtervelde,36011,2020-06-18,0,38
Lichtervelde,36011,2020-06-19,0,38
Lichtervelde,36011,2020-06-20,0,38
Lichtervelde,36011,2020-06-23,1,39
Lichtervelde,36011,2020-06-24,0,39
Lichtervelde,36011,2020-06-25,0,39
Lichtervelde,36011,2020-06-26,1,40
Lichtervelde,36011,2020-06-27,1,41
Lichtervelde,36011,2020-06-30,0,41
Lichtervelde,36011,2020-07-01,1,42
Lichtervelde,36011,2020-07-02,0,42
Lichtervelde,36011,2020-07-03,0,42
Lichtervelde,36011,2020-07-04,1,43
Lichtervelde,36011,2020-07-07,0,43
Lichtervelde,36011,2020-07-08,0,43
Lichtervelde,36011,2020-07-09,0,43
Lichtervelde,36011,2020-07-10,0,43
Lichtervelde,36011,2020-07-11,0,43
Lichtervelde,36011,2020-07-14,1,44
Lichtervelde,36011,2020-07-15,0,44
Lichtervelde,36011,2020-07-16,0,44
Lichtervelde,36011,2020-07-17,0,44
Lichtervelde,36011,2020-07-18,0,44
Lichtervelde,36011,2020-07-20,0,44
Lichtervelde,36011,2020-07-21,1,45
Lichtervelde,36011,2020-07-22,0,45
Lichtervelde,36011,2020-07-23,0,45
Lichtervelde,36011,2020-07-24,2,47
Lichtervelde,36011,2020-07-25,2,49
Lichtervelde,36011,2020-07-26,0,49
Lichtervelde,36011,2020-07-27,0,49
Lichtervelde,36011,2020-07-28,2,51
Lichtervelde,36011,2020-07-29,0,51
Lichtervelde,36011,2020-07-30,0,51
Lichtervelde,36011,2020-07-31,1,52
Lichtervelde,36011,2020-08-01,0,52
Lichtervelde,36011,2020-08-02,0,52
Lichtervelde,36011,2020-08-03,1,53
Lichtervelde,36011,2020-08-04,0,53
Lichtervelde,36011,2020-08-05,0,53
Lichtervelde,36011,2020-08-06,1,54
Lichtervelde,36011,2020-08-07,1,55
Lichtervelde,36011,2020-08-08,2,57
Lichtervelde,36011,2020-08-09,2,59
Lichtervelde,36011,2020-08-10,0,59
Lichtervelde,36011,2020-08-11,0,59
Lichtervelde,36011,2020-08-12,0,59
Lichtervelde,36011,2020-08-13,0,59
Lichtervelde,36011,2020-08-14,0,59
Lichtervelde,36011,2020-08-15,1,60
Lichtervelde,36011,2020-08-16,1,61
Lichtervelde,36011,2020-08-17,0,61
Lichtervelde,36011,2020-08-18,0,61
Lichtervelde,36011,2020-08-19,0,61
Lichtervelde,36011,2020-08-20,0,61
Lichtervelde,36011,2020-08-21,0,61
Lichtervelde,36011,2020-08-22,0,61
Lichtervelde,36011,2020-08-23,0,61
Lichtervelde,36011,2020-08-24,0,61
Lichtervelde,36011,2020-08-25,0,61
Lichtervelde,36011,2020-08-26,0,61
Lichtervelde,36011,2020-08-27,0,61
Lichtervelde,36011,2020-08-28,0,61
Lichtervelde,36011,2020-08-29,0,61
Lichtervelde,36011,2020-08-30,0,61
Lichtervelde,36011,2020-08-31,0,61
Lichtervelde,36011,2020-09-01,0,61
Lichtervelde,36011,2020-09-02,0,61
Lichtervelde,36011,2020-09-03,0,61
Lichtervelde,36011,2020-09-04,0,61
Lichtervelde,36011,2020-09-05,0,61
Lichtervelde,36011,2020-09-06,0,61
Lichtervelde,36011,2020-09-07,0,61
Lichtervelde,36011,2020-09-08,0,61
Lichtervelde,36011,2020-09-09,0,61
Lichtervelde,36011,2020-09-10,0,61
Lichtervelde,36011,2020-09-11,0,61
Lichtervelde,36011,2020-09-12,0,61
Lichtervelde,36011,2020-09-13,0,61
Lichtervelde,36011,2020-09-14,0,61
Lichtervelde,36011,2020-09-15,0,61
Lichtervelde,36011,2020-09-16,0,61
Lichtervelde,36011,2020-09-17,0,61
Lichtervelde,36011,2020-09-18,0,61
Lichtervelde,36011,2020-09-19,0,61
Lichtervelde,36011,2020-09-20,0,61
Lichtervelde,36011,2020-09-21,0,61
Lichtervelde,36011,2020-09-22,0,61
Lichtervelde,36011,2020-09-23,0,61
Lichtervelde,36011,2020-09-24,0,61
Lichtervelde,36011,2020-09-25,0,61
Lichtervelde,36011,2020-09-26,0,61
Lichtervelde,36011,2020-09-27,0,61
Lichtervelde,36011,2020-09-28,0,61
Lichtervelde,36011,2020-09-29,0,61
Lichtervelde,36011,2020-09-30,0,61
Lichtervelde,36011,2020-10-01,0,61
Lichtervelde,36011,2020-10-02,0,61
Lichtervelde,36011,2020-10-03,0,61
Lichtervelde,36011,2020-10-04,1,62
Lichtervelde,36011,2020-10-05,0,62
Lichtervelde,36011,2020-10-06,1,63
Lichtervelde,36011,2020-10-07,1,64
Lichtervelde,36011,2020-10-08,0,64
Lichtervelde,36011,2020-10-09,3,67
Lichtervelde,36011,2020-10-10,4,71
Lichtervelde,36011,2020-10-11,1,72
Lichtervelde,36011,2020-10-12,0,72
Lichtervelde,36011,2020-10-13,1,73
Lichtervelde,36011,2020-10-14,0,73
Lichtervelde,36011,2020-10-15,2,75
Lichtervelde,36011,2020-10-16,1,76
Lichtervelde,36011,2020-10-17,2,78
Lichtervelde,36011,2020-10-18,6,84
Lichtervelde,36011,2020-10-19,3,87
Lichtervelde,36011,2020-10-20,5,92
Lichtervelde,36011,2020-10-21,1,93
Lichtervelde,36011,2020-10-22,4,97
Lichtervelde,36011,2020-10-23,5,102
Lichtervelde,36011,2020-10-24,7,109
Lichtervelde,36011,2020-10-25,6,115
Lichtervelde,36011,2020-10-26,5,120
Lichtervelde,36011,2020-10-27,19,139
Lichtervelde,36011,2020-10-28,4,143
Lichtervelde,36011,2020-10-29,2,145
Lichtervelde,36011,2020-10-30,11,156
Lichtervelde,36011,2020-10-31,14,170
Lichtervelde,36011,2020-11-01,6,176
Lichtervelde,36011,2020-11-02,14,190
Lichtervelde,36011,2020-11-03,5,195
Lichtervelde,36011,2020-11-04,3,198
Lichtervelde,36011,2020-11-05,11,209
Lichtervelde,36011,2020-11-06,4,213
Lichtervelde,36011,2020-11-07,1,214
Lichtervelde,36011,2020-11-08,8,222
Lichtervelde,36011,2020-11-09,2,224
Lichtervelde,36011,2020-11-10,2,226
Lichtervelde,36011,2020-11-11,3,229
Moorslede,36012,2020-04-01,2,16
Moorslede,36012,2020-04-02,3,19
Moorslede,36012,2020-04-03,8,27
Moorslede,36012,2020-04-04,2,29
Moorslede,36012,2020-04-05,1,30
Moorslede,36012,2020-04-06,3,33
Moorslede,36012,2020-04-07,4,37
Moorslede,36012,2020-04-08,0,37
Moorslede,36012,2020-04-09,1,38
Moorslede,36012,2020-04-10,2,40
Moorslede,36012,2020-04-11,0,40
Moorslede,36012,2020-04-12,1,41
Moorslede,36012,2020-04-13,3,44
Moorslede,36012,2020-04-14,0,44
Moorslede,36012,2020-04-15,0,44
Moorslede,36012,2020-04-16,0,44
Moorslede,36012,2020-04-17,0,44
Moorslede,36012,2020-04-18,0,44
Moorslede,36012,2020-04-19,0,44
Moorslede,36012,2020-04-20,3,47
Moorslede,36012,2020-04-21,0,47
Moorslede,36012,2020-04-22,1,48
Moorslede,36012,2020-04-23,0,48
Moorslede,36012,2020-04-24,2,50
Moorslede,36012,2020-04-25,1,51
Moorslede,36012,2020-04-26,1,52
Moorslede,36012,2020-04-27,0,52
Moorslede,36012,2020-04-28,0,52
Moorslede,36012,2020-04-29,0,52
Moorslede,36012,2020-04-30,2,54
Moorslede,36012,2020-05-01,0,54
Moorslede,36012,2020-05-02,1,55
Moorslede,36012,2020-05-03,0,55
Moorslede,36012,2020-05-04,0,55
Moorslede,36012,2020-05-05,0,55
Moorslede,36012,2020-05-06,0,55
Moorslede,36012,2020-05-07,1,56
Moorslede,36012,2020-05-08,7,63
Moorslede,36012,2020-05-09,2,65
Moorslede,36012,2020-05-10,0,65
Moorslede,36012,2020-05-11,0,65
Moorslede,36012,2020-05-12,0,65
Moorslede,36012,2020-05-13,0,65
Moorslede,36012,2020-05-14,1,66
Moorslede,36012,2020-05-15,0,66
Moorslede,36012,2020-05-16,2,68
Moorslede,36012,2020-05-17,0,68
Moorslede,36012,2020-05-18,1,69
Moorslede,36012,2020-05-19,0,69
Moorslede,36012,2020-05-20,0,69
Moorslede,36012,2020-05-21,2,71
Moorslede,36012,2020-05-22,0,71
Moorslede,36012,2020-05-23,0,71
Moorslede,36012,2020-05-24,0,71
Moorslede,36012,2020-05-25,0,71
Moorslede,36012,2020-05-26,0,71
Moorslede,36012,2020-05-27,0,71
Moorslede,36012,2020-05-28,0,71
Moorslede,36012,2020-05-29,0,71
Moorslede,36012,2020-05-30,0,71
Moorslede,36012,2020-05-31,1,72
Moorslede,36012,2020-06-01,0,72
Moorslede,36012,2020-06-02,0,72
Moorslede,36012,2020-06-03,0,72
Moorslede,36012,2020-06-04,0,72
Moorslede,36012,2020-06-05,0,72
Moorslede,36012,2020-06-06,0,72
Moorslede,36012,2020-06-07,0,72
Moorslede,36012,2020-06-08,0,72
Moorslede,36012,2020-06-09,0,72
Moorslede,36012,2020-06-10,0,72
Moorslede,36012,2020-06-11,0,72
Moorslede,36012,2020-06-12,0,72
Moorslede,36012,2020-06-13,0,72
Moorslede,36012,2020-06-14,0,72
Moorslede,36012,2020-06-15,0,72
Moorslede,36012,2020-06-16,0,72
Moorslede,36012,2020-06-17,0,72
Moorslede,36012,2020-06-18,0,72
Moorslede,36012,2020-06-19,1,73
Moorslede,36012,2020-06-20,0,73
Moorslede,36012,2020-06-23,0,73
Moorslede,36012,2020-06-24,1,74
Moorslede,36012,2020-06-25,0,74
Moorslede,36012,2020-06-26,0,74
Moorslede,36012,2020-06-27,0,74
Moorslede,36012,2020-06-30,0,74
Moorslede,36012,2020-07-01,0,74
Moorslede,36012,2020-07-02,0,74
Moorslede,36012,2020-07-03,0,74
Moorslede,36012,2020-07-04,0,74
Moorslede,36012,2020-07-07,0,74
Moorslede,36012,2020-07-08,0,74
Moorslede,36012,2020-07-09,0,74
Moorslede,36012,2020-07-10,0,74
Moorslede,36012,2020-07-11,0,74
Moorslede,36012,2020-07-14,3,77
Moorslede,36012,2020-07-15,0,77
Moorslede,36012,2020-07-16,3,80
Moorslede,36012,2020-07-17,1,81
Moorslede,36012,2020-07-18,4,85
Moorslede,36012,2020-07-20,0,85
Moorslede,36012,2020-07-21,0,85
Moorslede,36012,2020-07-22,0,85
Moorslede,36012,2020-07-23,0,85
Moorslede,36012,2020-07-24,1,86
Moorslede,36012,2020-07-25,0,86
Moorslede,36012,2020-07-26,0,86
Moorslede,36012,2020-07-27,0,86
Moorslede,36012,2020-07-28,0,86
Moorslede,36012,2020-07-29,1,87
Moorslede,36012,2020-07-30,0,87
Moorslede,36012,2020-07-31,1,88
Moorslede,36012,2020-08-01,1,89
Moorslede,36012,2020-08-02,0,89
Moorslede,36012,2020-08-03,0,89
Moorslede,36012,2020-08-04,0,89
Moorslede,36012,2020-08-05,0,89
Moorslede,36012,2020-08-06,2,91
Moorslede,36012,2020-08-07,1,92
Moorslede,36012,2020-08-08,1,93
Moorslede,36012,2020-08-09,0,93
Moorslede,36012,2020-08-10,-1,92
Moorslede,36012,2020-08-11,0,92
Moorslede,36012,2020-08-12,2,94
Moorslede,36012,2020-08-13,0,94
Moorslede,36012,2020-08-14,0,94
Moorslede,36012,2020-08-15,2,96
Moorslede,36012,2020-08-16,0,96
Moorslede,36012,2020-08-17,0,96
Moorslede,36012,2020-08-18,0,96
Moorslede,36012,2020-08-19,0,96
Moorslede,36012,2020-08-20,0,96
Moorslede,36012,2020-08-21,0,96
Moorslede,36012,2020-08-22,0,96
Moorslede,36012,2020-08-23,0,96
Moorslede,36012,2020-08-24,0,96
Moorslede,36012,2020-08-25,0,96
Moorslede,36012,2020-08-26,0,96
Moorslede,36012,2020-08-27,0,96
Moorslede,36012,2020-08-28,0,96
Moorslede,36012,2020-08-29,0,96
Moorslede,36012,2020-08-30,0,96
Moorslede,36012,2020-08-31,0,96
Moorslede,36012,2020-09-01,0,96
Moorslede,36012,2020-09-02,0,96
Moorslede,36012,2020-09-03,0,96
Moorslede,36012,2020-09-04,2,98
Moorslede,36012,2020-09-05,0,98
Moorslede,36012,2020-09-06,0,98
Moorslede,36012,2020-09-07,2,100
Moorslede,36012,2020-09-08,0,100
Moorslede,36012,2020-09-09,0,100
Moorslede,36012,2020-09-10,0,100
Moorslede,36012,2020-09-11,0,100
Moorslede,36012,2020-09-12,0,100
Moorslede,36012,2020-09-13,0,100
Moorslede,36012,2020-09-14,1,101
Moorslede,36012,2020-09-15,0,101
Moorslede,36012,2020-09-16,0,101
Moorslede,36012,2020-09-17,0,101
Moorslede,36012,2020-09-18,1,102
Moorslede,36012,2020-09-19,1,103
Moorslede,36012,2020-09-20,0,103
Moorslede,36012,2020-09-21,-1,102
Moorslede,36012,2020-09-22,0,102
Moorslede,36012,2020-09-23,0,102
Moorslede,36012,2020-09-24,1,103
Moorslede,36012,2020-09-25,0,103
Moorslede,36012,2020-09-26,0,103
Moorslede,36012,2020-09-27,1,104
Moorslede,36012,2020-09-28,1,105
Moorslede,36012,2020-09-29,3,108
Moorslede,36012,2020-09-30,0,108
Moorslede,36012,2020-10-01,2,110
Moorslede,36012,2020-10-02,2,112
Moorslede,36012,2020-10-03,1,113
Moorslede,36012,2020-10-04,3,116
Moorslede,36012,2020-10-05,6,122
Moorslede,36012,2020-10-06,3,125
Moorslede,36012,2020-10-07,5,130
Moorslede,36012,2020-10-08,5,135
Moorslede,36012,2020-10-09,4,139
Moorslede,36012,2020-10-10,5,144
Moorslede,36012,2020-10-11,4,148
Moorslede,36012,2020-10-12,3,151
Moorslede,36012,2020-10-13,2,153
Moorslede,36012,2020-10-14,7,160
Moorslede,36012,2020-10-15,10,170
Moorslede,36012,2020-10-16,13,183
Moorslede,36012,2020-10-17,16,199
Moorslede,36012,2020-10-18,18,217
Moorslede,36012,2020-10-19,13,230
Moorslede,36012,2020-10-20,9,239
Moorslede,36012,2020-10-21,20,259
Moorslede,36012,2020-10-22,12,271
Moorslede,36012,2020-10-23,17,288
Moorslede,36012,2020-10-24,20,308
Moorslede,36012,2020-10-25,23,331
Moorslede,36012,2020-10-26,29,360
Moorslede,36012,2020-10-27,28,388
Moorslede,36012,2020-10-28,9,397
Moorslede,36012,2020-10-29,24,421
Moorslede,36012,2020-10-30,21,442
Moorslede,36012,2020-10-31,18,460
Moorslede,36012,2020-11-01,10,470
Moorslede,36012,2020-11-02,14,484
Moorslede,36012,2020-11-03,13,497
Moorslede,36012,2020-11-04,8,505
Moorslede,36012,2020-11-05,15,520
Moorslede,36012,2020-11-06,6,526
Moorslede,36012,2020-11-07,11,537
Moorslede,36012,2020-11-08,6,543
Moorslede,36012,2020-11-09,8,551
Moorslede,36012,2020-11-10,6,557
Moorslede,36012,2020-11-11,5,562
Roeselare,36015,2020-04-01,11,118
Roeselare,36015,2020-04-02,14,132
Roeselare,36015,2020-04-03,12,144
Roeselare,36015,2020-04-04,16,160
Roeselare,36015,2020-04-05,1,161
Roeselare,36015,2020-04-06,2,163
Roeselare,36015,2020-04-07,3,166
Roeselare,36015,2020-04-08,4,170
Roeselare,36015,2020-04-09,14,184
Roeselare,36015,2020-04-10,7,191
Roeselare,36015,2020-04-11,7,198
Roeselare,36015,2020-04-12,6,204
Roeselare,36015,2020-04-13,14,218
Roeselare,36015,2020-04-14,3,221
Roeselare,36015,2020-04-15,1,222
Roeselare,36015,2020-04-16,4,226
Roeselare,36015,2020-04-17,2,228
Roeselare,36015,2020-04-18,2,230
Roeselare,36015,2020-04-19,3,233
Roeselare,36015,2020-04-20,5,238
Roeselare,36015,2020-04-21,-3,235
Roeselare,36015,2020-04-22,12,247
Roeselare,36015,2020-04-23,-4,243
Roeselare,36015,2020-04-24,15,258
Roeselare,36015,2020-04-25,2,260
Roeselare,36015,2020-04-26,2,262
Roeselare,36015,2020-04-27,4,266
Roeselare,36015,2020-04-28,2,268
Roeselare,36015,2020-04-29,4,272
Roeselare,36015,2020-04-30,5,277
Roeselare,36015,2020-05-01,5,282
Roeselare,36015,2020-05-02,4,286
Roeselare,36015,2020-05-03,4,290
Roeselare,36015,2020-05-04,0,290
Roeselare,36015,2020-05-05,1,291
Roeselare,36015,2020-05-06,3,294
Roeselare,36015,2020-05-07,6,300
Roeselare,36015,2020-05-08,3,303
Roeselare,36015,2020-05-09,3,306
Roeselare,36015,2020-05-10,1,307
Roeselare,36015,2020-05-11,2,309
Roeselare,36015,2020-05-12,0,309
Roeselare,36015,2020-05-13,2,311
Roeselare,36015,2020-05-14,2,313
Roeselare,36015,2020-05-15,2,315
Roeselare,36015,2020-05-16,0,315
Roeselare,36015,2020-05-17,0,315
Roeselare,36015,2020-05-18,11,326
Roeselare,36015,2020-05-19,7,333
Roeselare,36015,2020-05-20,2,335
Roeselare,36015,2020-05-21,4,339
Roeselare,36015,2020-05-22,0,339
Roeselare,36015,2020-05-23,2,341
Roeselare,36015,2020-05-24,3,344
Roeselare,36015,2020-05-25,2,346
Roeselare,36015,2020-05-26,1,347
Roeselare,36015,2020-05-27,0,347
Roeselare,36015,2020-05-28,1,348
Roeselare,36015,2020-05-29,2,350
Roeselare,36015,2020-05-30,2,352
Roeselare,36015,2020-05-31,1,353
Roeselare,36015,2020-06-01,0,353
Roeselare,36015,2020-06-02,1,354
Roeselare,36015,2020-06-03,0,354
Roeselare,36015,2020-06-04,0,354
Roeselare,36015,2020-06-05,0,354
Roeselare,36015,2020-06-06,3,357
Roeselare,36015,2020-06-07,2,359
Roeselare,36015,2020-06-08,0,359
Roeselare,36015,2020-06-09,0,359
Roeselare,36015,2020-06-10,0,359
Roeselare,36015,2020-06-11,0,359
Roeselare,36015,2020-06-12,0,359
Roeselare,36015,2020-06-13,0,359
Roeselare,36015,2020-06-14,0,359
Roeselare,36015,2020-06-15,1,360
Roeselare,36015,2020-06-16,0,360
Roeselare,36015,2020-06-17,0,360
Roeselare,36015,2020-06-18,1,361
Roeselare,36015,2020-06-19,0,361
Roeselare,36015,2020-06-20,0,361
Roeselare,36015,2020-06-23,2,363
Roeselare,36015,2020-06-24,7,370
Roeselare,36015,2020-06-25,3,373
Roeselare,36015,2020-06-26,0,373
Roeselare,36015,2020-06-27,0,373
Roeselare,36015,2020-06-30,4,377
Roeselare,36015,2020-07-01,0,377
Roeselare,36015,2020-07-02,0,377
Roeselare,36015,2020-07-03,0,377
Roeselare,36015,2020-07-04,1,378
Roeselare,36015,2020-07-07,2,380
Roeselare,36015,2020-07-08,0,380
Roeselare,36015,2020-07-09,0,380
Roeselare,36015,2020-07-10,6,386
Roeselare,36015,2020-07-11,2,388
Roeselare,36015,2020-07-14,2,390
Roeselare,36015,2020-07-15,3,393
Roeselare,36015,2020-07-16,1,394
Roeselare,36015,2020-07-17,2,396
Roeselare,36015,2020-07-18,1,397
Roeselare,36015,2020-07-20,3,400
Roeselare,36015,2020-07-21,3,403
Roeselare,36015,2020-07-22,2,405
Roeselare,36015,2020-07-23,1,406
Roeselare,36015,2020-07-24,6,412
Roeselare,36015,2020-07-25,6,418
Roeselare,36015,2020-07-26,0,418
Roeselare,36015,2020-07-27,1,419
Roeselare,36015,2020-07-28,6,425
Roeselare,36015,2020-07-29,1,426
Roeselare,36015,2020-07-30,2,428
Roeselare,36015,2020-07-31,4,432
Roeselare,36015,2020-08-01,3,435
Roeselare,36015,2020-08-02,4,439
Roeselare,36015,2020-08-03,1,440
Roeselare,36015,2020-08-04,2,442
Roeselare,36015,2020-08-05,0,442
Roeselare,36015,2020-08-06,6,448
Roeselare,36015,2020-08-07,1,449
Roeselare,36015,2020-08-08,9,458
Roeselare,36015,2020-08-09,5,463
Roeselare,36015,2020-08-10,11,474
Roeselare,36015,2020-08-11,4,478
Roeselare,36015,2020-08-12,4,482
Roeselare,36015,2020-08-13,0,482
Roeselare,36015,2020-08-14,-1,481
Roeselare,36015,2020-08-15,4,485
Roeselare,36015,2020-08-16,1,486
Roeselare,36015,2020-08-17,0,486
Roeselare,36015,2020-08-18,1,487
Roeselare,36015,2020-08-19,1,488
Roeselare,36015,2020-08-20,2,490
Roeselare,36015,2020-08-21,0,490
Roeselare,36015,2020-08-22,1,491
Roeselare,36015,2020-08-23,1,492
Roeselare,36015,2020-08-24,1,493
Roeselare,36015,2020-08-25,0,493
Roeselare,36015,2020-08-26,2,495
Roeselare,36015,2020-08-27,0,495
Roeselare,36015,2020-08-28,2,497
Roeselare,36015,2020-08-29,0,497
Roeselare,36015,2020-08-30,1,498
Roeselare,36015,2020-08-31,1,499
Roeselare,36015,2020-09-01,0,499
Roeselare,36015,2020-09-02,1,500
Roeselare,36015,2020-09-03,1,501
Roeselare,36015,2020-09-04,1,502
Roeselare,36015,2020-09-05,1,503
Roeselare,36015,2020-09-06,0,503
Roeselare,36015,2020-09-07,2,505
Roeselare,36015,2020-09-08,1,506
Roeselare,36015,2020-09-09,1,507
Roeselare,36015,2020-09-10,1,508
Roeselare,36015,2020-09-11,1,509
Roeselare,36015,2020-09-12,0,509
Roeselare,36015,2020-09-13,2,511
Roeselare,36015,2020-09-14,5,516
Roeselare,36015,2020-09-15,1,517
Roeselare,36015,2020-09-16,1,518
Roeselare,36015,2020-09-17,2,520
Roeselare,36015,2020-09-18,1,521
Roeselare,36015,2020-09-19,6,527
Roeselare,36015,2020-09-20,3,530
Roeselare,36015,2020-09-21,3,533
Roeselare,36015,2020-09-22,1,534
Roeselare,36015,2020-09-23,3,537
Roeselare,36015,2020-09-24,4,541
Roeselare,36015,2020-09-25,2,543
Roeselare,36015,2020-09-26,7,550
Roeselare,36015,2020-09-27,9,559
Roeselare,36015,2020-09-28,3,562
Roeselare,36015,2020-09-29,15,577
Roeselare,36015,2020-09-30,9,586
Roeselare,36015,2020-10-01,11,597
Roeselare,36015,2020-10-02,10,607
Roeselare,36015,2020-10-03,9,616
Roeselare,36015,2020-10-04,9,625
Roeselare,36015,2020-10-05,7,632
Roeselare,36015,2020-10-06,8,640
Roeselare,36015,2020-10-07,8,648
Roeselare,36015,2020-10-08,9,657
Roeselare,36015,2020-10-09,13,670
Roeselare,36015,2020-10-10,22,692
Roeselare,36015,2020-10-11,17,709
Roeselare,36015,2020-10-12,27,736
Roeselare,36015,2020-10-13,7,743
Roeselare,36015,2020-10-14,22,765
Roeselare,36015,2020-10-15,30,795
Roeselare,36015,2020-10-16,21,816
Roeselare,36015,2020-10-17,25,841
Roeselare,36015,2020-10-18,41,882
Roeselare,36015,2020-10-19,36,918
Roeselare,36015,2020-10-20,33,951
Roeselare,36015,2020-10-21,37,988
Roeselare,36015,2020-10-22,61,1049
Roeselare,36015,2020-10-23,63,1112
Roeselare,36015,2020-10-24,88,1200
Roeselare,36015,2020-10-25,80,1280
Roeselare,36015,2020-10-26,100,1380
Roeselare,36015,2020-10-27,167,1547
Roeselare,36015,2020-10-28,34,1581
Roeselare,36015,2020-10-29,82,1663
Roeselare,36015,2020-10-30,154,1817
Roeselare,36015,2020-10-31,127,1944
Roeselare,36015,2020-11-01,71,2015
Roeselare,36015,2020-11-02,98,2113
Roeselare,36015,2020-11-03,30,2143
Roeselare,36015,2020-11-04,22,2165
Roeselare,36015,2020-11-05,73,2238
Roeselare,36015,2020-11-06,51,2289
Roeselare,36015,2020-11-07,41,2330
Roeselare,36015,2020-11-08,45,2375
Roeselare,36015,2020-11-09,48,2423
Roeselare,36015,2020-11-10,23,2446
Roeselare,36015,2020-11-11,28,2474
Staden,36019,2020-04-01,0,7
Staden,36019,2020-04-02,2,9
Staden,36019,2020-04-03,0,9
Staden,36019,2020-04-04,1,10
Staden,36019,2020-04-05,0,10
Staden,36019,2020-04-06,0,10
Staden,36019,2020-04-07,0,10
Staden,36019,2020-04-08,0,10
Staden,36019,2020-04-09,0,10
Staden,36019,2020-04-10,0,10
Staden,36019,2020-04-11,2,12
Staden,36019,2020-04-12,1,13
Staden,36019,2020-04-13,1,14
Staden,36019,2020-04-14,2,16
Staden,36019,2020-04-15,0,16
Staden,36019,2020-04-16,0,16
Staden,36019,2020-04-17,0,16
Staden,36019,2020-04-18,1,17
Staden,36019,2020-04-19,0,17
Staden,36019,2020-04-20,1,18
Staden,36019,2020-04-21,0,18
Staden,36019,2020-04-22,0,18
Staden,36019,2020-04-23,0,18
Staden,36019,2020-04-24,0,18
Staden,36019,2020-04-25,1,19
Staden,36019,2020-04-26,1,20
Staden,36019,2020-04-27,0,20
Staden,36019,2020-04-28,0,20
Staden,36019,2020-04-29,0,20
Staden,36019,2020-04-30,0,20
Staden,36019,2020-05-01,0,20
Staden,36019,2020-05-02,0,20
Staden,36019,2020-05-03,0,20
Staden,36019,2020-05-04,0,20
Staden,36019,2020-05-05,0,20
Staden,36019,2020-05-06,0,20
Staden,36019,2020-05-07,0,20
Staden,36019,2020-05-08,0,20
Staden,36019,2020-05-09,0,20
Staden,36019,2020-05-10,0,20
Staden,36019,2020-05-11,0,20
Staden,36019,2020-05-12,0,20
Staden,36019,2020-05-13,1,21
Staden,36019,2020-05-14,0,21
Staden,36019,2020-05-15,1,22
Staden,36019,2020-05-16,3,25
Staden,36019,2020-05-17,0,25
Staden,36019,2020-05-18,1,26
Staden,36019,2020-05-19,0,26
Staden,36019,2020-05-20,0,26
Staden,36019,2020-05-21,0,26
Staden,36019,2020-05-22,1,27
Staden,36019,2020-05-23,0,27
Staden,36019,2020-05-24,0,27
Staden,36019,2020-05-25,0,27
Staden,36019,2020-05-26,0,27
Staden,36019,2020-05-27,1,28
Staden,36019,2020-05-28,0,28
Staden,36019,2020-05-29,0,28
Staden,36019,2020-05-30,2,30
Staden,36019,2020-05-31,0,30
Staden,36019,2020-06-01,0,30
Staden,36019,2020-06-02,0,30
Staden,36019,2020-06-03,0,30
Staden,36019,2020-06-04,0,30
Staden,36019,2020-06-05,0,30
Staden,36019,2020-06-06,1,31
Staden,36019,2020-06-07,0,31
Staden,36019,2020-06-08,0,31
Staden,36019,2020-06-09,0,31
Staden,36019,2020-06-10,0,31
Staden,36019,2020-06-11,0,31
Staden,36019,2020-06-12,0,31
Staden,36019,2020-06-13,0,31
Staden,36019,2020-06-14,0,31
Staden,36019,2020-06-15,0,31
Staden,36019,2020-06-16,0,31
Staden,36019,2020-06-17,0,31
Staden,36019,2020-06-18,0,31
Staden,36019,2020-06-19,0,31
Staden,36019,2020-06-20,0,31
Staden,36019,2020-06-23,0,31
Staden,36019,2020-06-24,0,31
Staden,36019,2020-06-25,1,32
Staden,36019,2020-06-26,0,32
Staden,36019,2020-06-27,3,35
Staden,36019,2020-06-30,1,36
Staden,36019,2020-07-01,0,36
Staden,36019,2020-07-02,0,36
Staden,36019,2020-07-03,0,36
Staden,36019,2020-07-04,1,37
Staden,36019,2020-07-07,4,41
Staden,36019,2020-07-08,0,41
Staden,36019,2020-07-09,0,41
Staden,36019,2020-07-10,0,41
Staden,36019,2020-07-11,1,42
Staden,36019,2020-07-14,1,43
Staden,36019,2020-07-15,0,43
Staden,36019,2020-07-16,0,43
Staden,36019,2020-07-17,0,43
Staden,36019,2020-07-18,0,43
Staden,36019,2020-07-20,0,43
Staden,36019,2020-07-21,0,43
Staden,36019,2020-07-22,0,43
Staden,36019,2020-07-23,0,43
Staden,36019,2020-07-24,0,43
Staden,36019,2020-07-25,1,44
Staden,36019,2020-07-26,0,44
Staden,36019,2020-07-27,0,44
Staden,36019,2020-07-28,1,45
Staden,36019,2020-07-29,0,45
Staden,36019,2020-07-30,0,45
Staden,36019,2020-07-31,0,45
Staden,36019,2020-08-01,0,45
Staden,36019,2020-08-02,1,46
Staden,36019,2020-08-03,0,46
Staden,36019,2020-08-04,1,47
Staden,36019,2020-08-05,1,48
Staden,36019,2020-08-06,2,50
Staden,36019,2020-08-07,1,51
Staden,36019,2020-08-08,3,54
Staden,36019,2020-08-09,1,55
Staden,36019,2020-08-10,1,56
Staden,36019,2020-08-11,0,56
Staden,36019,2020-08-12,0,56
Staden,36019,2020-08-13,4,60
Staden,36019,2020-08-14,1,61
Staden,36019,2020-08-15,1,62
Staden,36019,2020-08-16,1,63
Staden,36019,2020-08-17,1,64
Staden,36019,2020-08-18,0,64
Staden,36019,2020-08-19,1,65
Staden,36019,2020-08-20,1,66
Staden,36019,2020-08-21,0,66
Staden,36019,2020-08-22,0,66
Staden,36019,2020-08-23,1,67
Staden,36019,2020-08-24,0,67
Staden,36019,2020-08-25,0,67
Staden,36019,2020-08-26,1,68
Staden,36019,2020-08-27,0,68
Staden,36019,2020-08-28,0,68
Staden,36019,2020-08-29,0,68
Staden,36019,2020-08-30,1,69
Staden,36019,2020-08-31,0,69
Staden,36019,2020-09-01,0,69
Staden,36019,2020-09-02,0,69
Staden,36019,2020-09-03,0,69
Staden,36019,2020-09-04,0,69
Staden,36019,2020-09-05,1,70
Staden,36019,2020-09-06,1,71
Staden,36019,2020-09-07,1,72
Staden,36019,2020-09-08,1,73
Staden,36019,2020-09-09,0,73
Staden,36019,2020-09-10,0,73
Staden,36019,2020-09-11,0,73
Staden,36019,2020-09-12,0,73
Staden,36019,2020-09-13,0,73
Staden,36019,2020-09-14,0,73
Staden,36019,2020-09-15,0,73
Staden,36019,2020-09-16,0,73
Staden,36019,2020-09-17,0,73
Staden,36019,2020-09-18,0,73
Staden,36019,2020-09-19,1,74
Staden,36019,2020-09-20,0,74
Staden,36019,2020-09-21,1,75
Staden,36019,2020-09-22,0,75
Staden,36019,2020-09-23,2,77
Staden,36019,2020-09-24,1,78
Staden,36019,2020-09-25,2,80
Staden,36019,2020-09-26,3,83
Staden,36019,2020-09-27,0,83
Staden,36019,2020-09-28,1,84
Staden,36019,2020-09-29,2,86
Staden,36019,2020-09-30,2,88
Staden,36019,2020-10-01,1,89
Staden,36019,2020-10-02,0,89
Staden,36019,2020-10-03,4,93
Staden,36019,2020-10-04,4,97
Staden,36019,2020-10-05,1,98
Staden,36019,2020-10-06,2,100
Staden,36019,2020-10-07,3,103
Staden,36019,2020-10-08,2,105
Staden,36019,2020-10-09,0,105
Staden,36019,2020-10-10,3,108
Staden,36019,2020-10-11,3,111
Staden,36019,2020-10-12,4,115
Staden,36019,2020-10-13,0,115
Staden,36019,2020-10-14,10,125
Staden,36019,2020-10-15,9,134
Staden,36019,2020-10-16,1,135
Staden,36019,2020-10-17,4,139
Staden,36019,2020-10-18,7,146
Staden,36019,2020-10-19,4,150
Staden,36019,2020-10-20,7,157
Staden,36019,2020-10-21,6,163
Staden,36019,2020-10-22,5,168
Staden,36019,2020-10-23,14,182
Staden,36019,2020-10-24,11,193
Staden,36019,2020-10-25,20,213
Staden,36019,2020-10-26,18,231
Staden,36019,2020-10-27,44,275
Staden,36019,2020-10-28,5,280
Staden,36019,2020-10-29,15,295
Staden,36019,2020-10-30,24,319
Staden,36019,2020-10-31,28,347
Staden,36019,2020-11-01,12,359
Staden,36019,2020-11-02,18,377
Staden,36019,2020-11-03,9,386
Staden,36019,2020-11-04,2,388
Staden,36019,2020-11-05,16,404
Staden,36019,2020-11-06,12,416
Staden,36019,2020-11-07,18,434
Staden,36019,2020-11-08,9,443
Staden,36019,2020-11-09,10,453
Staden,36019,2020-11-10,5,458
Staden,36019,2020-11-11,6,464
Dentergem,37002,2020-04-01,1,16
Dentergem,37002,2020-04-02,1,17
Dentergem,37002,2020-04-03,2,19
Dentergem,37002,2020-04-04,2,21
Dentergem,37002,2020-04-05,1,22
Dentergem,37002,2020-04-06,1,23
Dentergem,37002,2020-04-07,1,24
Dentergem,37002,2020-04-08,0,24
Dentergem,37002,2020-04-09,0,24
Dentergem,37002,2020-04-10,0,24
Dentergem,37002,2020-04-11,3,27
Dentergem,37002,2020-04-12,1,28
Dentergem,37002,2020-04-13,0,28
Dentergem,37002,2020-04-14,0,28
Dentergem,37002,2020-04-15,1,29
Dentergem,37002,2020-04-16,0,29
Dentergem,37002,2020-04-17,0,29
Dentergem,37002,2020-04-18,2,31
Dentergem,37002,2020-04-19,0,31
Dentergem,37002,2020-04-20,0,31
Dentergem,37002,2020-04-21,0,31
Dentergem,37002,2020-04-22,0,31
Dentergem,37002,2020-04-23,0,31
Dentergem,37002,2020-04-24,0,31
Dentergem,37002,2020-04-25,0,31
Dentergem,37002,2020-04-26,0,31
Dentergem,37002,2020-04-27,0,31
Dentergem,37002,2020-04-28,0,31
Dentergem,37002,2020-04-29,0,31
Dentergem,37002,2020-04-30,0,31
Dentergem,37002,2020-05-01,0,31
Dentergem,37002,2020-05-02,0,31
Dentergem,37002,2020-05-03,0,31
Dentergem,37002,2020-05-04,0,31
Dentergem,37002,2020-05-05,0,31
Dentergem,37002,2020-05-06,0,31
Dentergem,37002,2020-05-07,0,31
Dentergem,37002,2020-05-08,1,32
Dentergem,37002,2020-05-09,0,32
Dentergem,37002,2020-05-10,1,33
Dentergem,37002,2020-05-11,0,33
Dentergem,37002,2020-05-12,0,33
Dentergem,37002,2020-05-13,0,33
Dentergem,37002,2020-05-14,0,33
Dentergem,37002,2020-05-15,0,33
Dentergem,37002,2020-05-16,1,34
Dentergem,37002,2020-05-17,0,34
Dentergem,37002,2020-05-18,0,34
Dentergem,37002,2020-05-19,1,35
Dentergem,37002,2020-05-20,0,35
Dentergem,37002,2020-05-21,0,35
Dentergem,37002,2020-05-22,0,35
Dentergem,37002,2020-05-23,0,35
Dentergem,37002,2020-05-24,1,36
Dentergem,37002,2020-05-25,3,39
Dentergem,37002,2020-05-26,1,40
Dentergem,37002,2020-05-27,0,40
Dentergem,37002,2020-05-28,0,40
Dentergem,37002,2020-05-29,0,40
Dentergem,37002,2020-05-30,0,40
Dentergem,37002,2020-05-31,0,40
Dentergem,37002,2020-06-01,0,40
Dentergem,37002,2020-06-02,0,40
Dentergem,37002,2020-06-03,0,40
Dentergem,37002,2020-06-04,0,40
Dentergem,37002,2020-06-05,0,40
Dentergem,37002,2020-06-06,0,40
Dentergem,37002,2020-06-07,0,40
Dentergem,37002,2020-06-08,0,40
Dentergem,37002,2020-06-09,0,40
Dentergem,37002,2020-06-10,0,40
Dentergem,37002,2020-06-11,0,40
Dentergem,37002,2020-06-12,0,40
Dentergem,37002,2020-06-13,0,40
Dentergem,37002,2020-06-14,0,40
Dentergem,37002,2020-06-15,0,40
Dentergem,37002,2020-06-16,0,40
Dentergem,37002,2020-06-17,1,41
Dentergem,37002,2020-06-18,0,41
Dentergem,37002,2020-06-19,0,41
Dentergem,37002,2020-06-20,0,41
Dentergem,37002,2020-06-23,2,43
Dentergem,37002,2020-06-24,1,44
Dentergem,37002,2020-06-25,0,44
Dentergem,37002,2020-06-26,0,44
Dentergem,37002,2020-06-27,0,44
Dentergem,37002,2020-06-30,0,44
Dentergem,37002,2020-07-01,0,44
Dentergem,37002,2020-07-02,0,44
Dentergem,37002,2020-07-03,0,44
Dentergem,37002,2020-07-04,0,44
Dentergem,37002,2020-07-07,0,44
Dentergem,37002,2020-07-08,0,44
Dentergem,37002,2020-07-09,0,44
Dentergem,37002,2020-07-10,0,44
Dentergem,37002,2020-07-11,0,44
Dentergem,37002,2020-07-14,0,44
Dentergem,37002,2020-07-15,0,44
Dentergem,37002,2020-07-16,0,44
Dentergem,37002,2020-07-17,0,44
Dentergem,37002,2020-07-18,0,44
Dentergem,37002,2020-07-20,0,44
Dentergem,37002,2020-07-21,0,44
Dentergem,37002,2020-07-22,0,44
Dentergem,37002,2020-07-23,0,44
Dentergem,37002,2020-07-24,1,45
Dentergem,37002,2020-07-25,0,45
Dentergem,37002,2020-07-26,0,45
Dentergem,37002,2020-07-27,0,45
Dentergem,37002,2020-07-28,0,45
Dentergem,37002,2020-07-29,0,45
Dentergem,37002,2020-07-30,0,45
Dentergem,37002,2020-07-31,0,45
Dentergem,37002,2020-08-01,0,45
Dentergem,37002,2020-08-02,1,46
Dentergem,37002,2020-08-03,0,46
Dentergem,37002,2020-08-04,0,46
Dentergem,37002,2020-08-05,0,46
Dentergem,37002,2020-08-06,0,46
Dentergem,37002,2020-08-07,0,46
Dentergem,37002,2020-08-08,0,46
Dentergem,37002,2020-08-09,0,46
Dentergem,37002,2020-08-10,0,46
Dentergem,37002,2020-08-11,0,46
Dentergem,37002,2020-08-12,0,46
Dentergem,37002,2020-08-13,0,46
Dentergem,37002,2020-08-14,1,47
Dentergem,37002,2020-08-15,0,47
Dentergem,37002,2020-08-16,0,47
Dentergem,37002,2020-08-17,0,47
Dentergem,37002,2020-08-18,0,47
Dentergem,37002,2020-08-19,1,48
Dentergem,37002,2020-08-20,0,48
Dentergem,37002,2020-08-21,0,48
Dentergem,37002,2020-08-22,0,48
Dentergem,37002,2020-08-23,0,48
Dentergem,37002,2020-08-24,0,48
Dentergem,37002,2020-08-25,0,48
Dentergem,37002,2020-08-26,0,48
Dentergem,37002,2020-08-27,0,48
Dentergem,37002,2020-08-28,0,48
Dentergem,37002,2020-08-29,0,48
Dentergem,37002,2020-08-30,0,48
Dentergem,37002,2020-08-31,1,49
Dentergem,37002,2020-09-01,0,49
Dentergem,37002,2020-09-02,0,49
Dentergem,37002,2020-09-03,0,49
Dentergem,37002,2020-09-04,0,49
Dentergem,37002,2020-09-05,0,49
Dentergem,37002,2020-09-06,1,50
Dentergem,37002,2020-09-07,0,50
Dentergem,37002,2020-09-08,0,50
Dentergem,37002,2020-09-09,0,50
Dentergem,37002,2020-09-10,0,50
Dentergem,37002,2020-09-11,0,50
Dentergem,37002,2020-09-12,0,50
Dentergem,37002,2020-09-13,0,50
Dentergem,37002,2020-09-14,0,50
Dentergem,37002,2020-09-15,3,53
Dentergem,37002,2020-09-16,1,54
Dentergem,37002,2020-09-17,2,56
Dentergem,37002,2020-09-18,0,56
Dentergem,37002,2020-09-19,0,56
Dentergem,37002,2020-09-20,0,56
Dentergem,37002,2020-09-21,0,56
Dentergem,37002,2020-09-22,0,56
Dentergem,37002,2020-09-23,0,56
Dentergem,37002,2020-09-24,0,56
Dentergem,37002,2020-09-25,0,56
Dentergem,37002,2020-09-26,0,56
Dentergem,37002,2020-09-27,0,56
Dentergem,37002,2020-09-28,0,56
Dentergem,37002,2020-09-29,0,56
Dentergem,37002,2020-09-30,0,56
Dentergem,37002,2020-10-01,0,56
Dentergem,37002,2020-10-02,0,56
Dentergem,37002,2020-10-03,1,57
Dentergem,37002,2020-10-04,0,57
Dentergem,37002,2020-10-05,0,57
Dentergem,37002,2020-10-06,2,59
Dentergem,37002,2020-10-07,0,59
Dentergem,37002,2020-10-08,0,59
Dentergem,37002,2020-10-09,0,59
Dentergem,37002,2020-10-10,0,59
Dentergem,37002,2020-10-11,1,60
Dentergem,37002,2020-10-12,0,60
Dentergem,37002,2020-10-13,0,60
Dentergem,37002,2020-10-14,1,61
Dentergem,37002,2020-10-15,0,61
Dentergem,37002,2020-10-16,1,62
Dentergem,37002,2020-10-17,1,63
Dentergem,37002,2020-10-18,10,73
Dentergem,37002,2020-10-19,2,75
Dentergem,37002,2020-10-20,4,79
Dentergem,37002,2020-10-21,7,86
Dentergem,37002,2020-10-22,2,88
Dentergem,37002,2020-10-23,14,102
Dentergem,37002,2020-10-24,16,118
Dentergem,37002,2020-10-25,9,127
Dentergem,37002,2020-10-26,13,140
Dentergem,37002,2020-10-27,14,154
Dentergem,37002,2020-10-28,9,163
Dentergem,37002,2020-10-29,33,196
Dentergem,37002,2020-10-30,19,215
Dentergem,37002,2020-10-31,22,237
Dentergem,37002,2020-11-01,11,248
Dentergem,37002,2020-11-02,14,262
Dentergem,37002,2020-11-03,6,268
Dentergem,37002,2020-11-04,9,277
Dentergem,37002,2020-11-05,17,294
Dentergem,37002,2020-11-06,24,318
Dentergem,37002,2020-11-07,13,331
Dentergem,37002,2020-11-08,7,338
Dentergem,37002,2020-11-09,6,344
Dentergem,37002,2020-11-10,7,351
Dentergem,37002,2020-11-11,3,354
Meulebeke,37007,2020-04-01,0,9
Meulebeke,37007,2020-04-02,5,14
Meulebeke,37007,2020-04-03,0,14
Meulebeke,37007,2020-04-04,0,14
Meulebeke,37007,2020-04-05,1,15
Meulebeke,37007,2020-04-06,0,15
Meulebeke,37007,2020-04-07,1,16
Meulebeke,37007,2020-04-08,0,16
Meulebeke,37007,2020-04-09,0,16
Meulebeke,37007,2020-04-10,0,16
Meulebeke,37007,2020-04-11,0,16
Meulebeke,37007,2020-04-12,4,20
Meulebeke,37007,2020-04-13,0,20
Meulebeke,37007,2020-04-14,0,20
Meulebeke,37007,2020-04-15,0,20
Meulebeke,37007,2020-04-16,0,20
Meulebeke,37007,2020-04-17,0,20
Meulebeke,37007,2020-04-18,0,20
Meulebeke,37007,2020-04-19,1,21
Meulebeke,37007,2020-04-20,1,22
Meulebeke,37007,2020-04-21,-3,19
Meulebeke,37007,2020-04-22,2,21
Meulebeke,37007,2020-04-23,-1,20
Meulebeke,37007,2020-04-24,2,22
Meulebeke,37007,2020-04-25,0,22
Meulebeke,37007,2020-04-26,1,23
Meulebeke,37007,2020-04-27,0,23
Meulebeke,37007,2020-04-28,0,23
Meulebeke,37007,2020-04-29,0,23
Meulebeke,37007,2020-04-30,1,24
Meulebeke,37007,2020-05-01,0,24
Meulebeke,37007,2020-05-02,1,25
Meulebeke,37007,2020-05-03,1,26
Meulebeke,37007,2020-05-04,0,26
Meulebeke,37007,2020-05-05,0,26
Meulebeke,37007,2020-05-06,0,26
Meulebeke,37007,2020-05-07,0,26
Meulebeke,37007,2020-05-08,1,27
Meulebeke,37007,2020-05-09,0,27
Meulebeke,37007,2020-05-10,1,28
Meulebeke,37007,2020-05-11,1,29
Meulebeke,37007,2020-05-12,0,29
Meulebeke,37007,2020-05-13,0,29
Meulebeke,37007,2020-05-14,1,30
Meulebeke,37007,2020-05-15,1,31
Meulebeke,37007,2020-05-16,0,31
Meulebeke,37007,2020-05-17,0,31
Meulebeke,37007,2020-05-18,1,32
Meulebeke,37007,2020-05-19,1,33
Meulebeke,37007,2020-05-20,0,33
Meulebeke,37007,2020-05-21,0,33
Meulebeke,37007,2020-05-22,0,33
Meulebeke,37007,2020-05-23,0,33
Meulebeke,37007,2020-05-24,0,33
Meulebeke,37007,2020-05-25,0,33
Meulebeke,37007,2020-05-26,0,33
Meulebeke,37007,2020-05-27,0,33
Meulebeke,37007,2020-05-28,1,34
Meulebeke,37007,2020-05-29,0,34
Meulebeke,37007,2020-05-30,0,34
Meulebeke,37007,2020-05-31,2,36
Meulebeke,37007,2020-06-01,0,36
Meulebeke,37007,2020-06-02,0,36
Meulebeke,37007,2020-06-03,0,36
Meulebeke,37007,2020-06-04,0,36
Meulebeke,37007,2020-06-05,0,36
Meulebeke,37007,2020-06-06,0,36
Meulebeke,37007,2020-06-07,0,36
Meulebeke,37007,2020-06-08,0,36
Meulebeke,37007,2020-06-09,0,36
Meulebeke,37007,2020-06-10,0,36
Meulebeke,37007,2020-06-11,0,36
Meulebeke,37007,2020-06-12,0,36
Meulebeke,37007,2020-06-13,0,36
Meulebeke,37007,2020-06-14,0,36
Meulebeke,37007,2020-06-15,0,36
Meulebeke,37007,2020-06-16,0,36
Meulebeke,37007,2020-06-17,0,36
Meulebeke,37007,2020-06-18,0,36
Meulebeke,37007,2020-06-19,0,36
Meulebeke,37007,2020-06-20,0,36
Meulebeke,37007,2020-06-23,0,36
Meulebeke,37007,2020-06-24,1,37
Meulebeke,37007,2020-06-25,0,37
Meulebeke,37007,2020-06-26,0,37
Meulebeke,37007,2020-06-27,0,37
Meulebeke,37007,2020-06-30,0,37
Meulebeke,37007,2020-07-01,0,37
Meulebeke,37007,2020-07-02,0,37
Meulebeke,37007,2020-07-03,0,37
Meulebeke,37007,2020-07-04,0,37
Meulebeke,37007,2020-07-07,1,38
Meulebeke,37007,2020-07-08,1,39
Meulebeke,37007,2020-07-09,0,39
Meulebeke,37007,2020-07-10,1,40
Meulebeke,37007,2020-07-11,0,40
Meulebeke,37007,2020-07-14,0,40
Meulebeke,37007,2020-07-15,1,41
Meulebeke,37007,2020-07-16,0,41
Meulebeke,37007,2020-07-17,0,41
Meulebeke,37007,2020-07-18,0,41
Meulebeke,37007,2020-07-20,0,41
Meulebeke,37007,2020-07-21,0,41
Meulebeke,37007,2020-07-22,1,42
Meulebeke,37007,2020-07-23,1,43
Meulebeke,37007,2020-07-24,3,46
Meulebeke,37007,2020-07-25,0,46
Meulebeke,37007,2020-07-26,0,46
Meulebeke,37007,2020-07-27,0,46
Meulebeke,37007,2020-07-28,0,46
Meulebeke,37007,2020-07-29,0,46
Meulebeke,37007,2020-07-30,0,46
Meulebeke,37007,2020-07-31,0,46
Meulebeke,37007,2020-08-01,2,48
Meulebeke,37007,2020-08-02,0,48
Meulebeke,37007,2020-08-03,1,49
Meulebeke,37007,2020-08-04,0,49
Meulebeke,37007,2020-08-05,0,49
Meulebeke,37007,2020-08-06,1,50
Meulebeke,37007,2020-08-07,1,51
Meulebeke,37007,2020-08-08,0,51
Meulebeke,37007,2020-08-09,0,51
Meulebeke,37007,2020-08-10,0,51
Meulebeke,37007,2020-08-11,0,51
Meulebeke,37007,2020-08-12,0,51
Meulebeke,37007,2020-08-13,0,51
Meulebeke,37007,2020-08-14,0,51
Meulebeke,37007,2020-08-15,0,51
Meulebeke,37007,2020-08-16,0,51
Meulebeke,37007,2020-08-17,1,52
Meulebeke,37007,2020-08-18,0,52
Meulebeke,37007,2020-08-19,1,53
Meulebeke,37007,2020-08-20,0,53
Meulebeke,37007,2020-08-21,0,53
Meulebeke,37007,2020-08-22,0,53
Meulebeke,37007,2020-08-23,2,55
Meulebeke,37007,2020-08-24,0,55
Meulebeke,37007,2020-08-25,0,55
Meulebeke,37007,2020-08-26,0,55
Meulebeke,37007,2020-08-27,0,55
Meulebeke,37007,2020-08-28,0,55
Meulebeke,37007,2020-08-29,0,55
Meulebeke,37007,2020-08-30,0,55
Meulebeke,37007,2020-08-31,0,55
Meulebeke,37007,2020-09-01,0,55
Meulebeke,37007,2020-09-02,2,57
Meulebeke,37007,2020-09-03,0,57
Meulebeke,37007,2020-09-04,0,57
Meulebeke,37007,2020-09-05,0,57
Meulebeke,37007,2020-09-06,0,57
Meulebeke,37007,2020-09-07,0,57
Meulebeke,37007,2020-09-08,0,57
Meulebeke,37007,2020-09-09,1,58
Meulebeke,37007,2020-09-10,3,61
Meulebeke,37007,2020-09-11,3,64
Meulebeke,37007,2020-09-12,5,69
Meulebeke,37007,2020-09-13,1,70
Meulebeke,37007,2020-09-14,0,70
Meulebeke,37007,2020-09-15,2,72
Meulebeke,37007,2020-09-16,0,72
Meulebeke,37007,2020-09-17,2,74
Meulebeke,37007,2020-09-18,1,75
Meulebeke,37007,2020-09-19,1,76
Meulebeke,37007,2020-09-20,1,77
Meulebeke,37007,2020-09-21,2,79
Meulebeke,37007,2020-09-22,1,80
Meulebeke,37007,2020-09-23,0,80
Meulebeke,37007,2020-09-24,0,80
Meulebeke,37007,2020-09-25,1,81
Meulebeke,37007,2020-09-26,0,81
Meulebeke,37007,2020-09-27,0,81
Meulebeke,37007,2020-09-28,0,81
Meulebeke,37007,2020-09-29,0,81
Meulebeke,37007,2020-09-30,0,81
Meulebeke,37007,2020-10-01,0,81
Meulebeke,37007,2020-10-02,0,81
Meulebeke,37007,2020-10-03,2,83
Meulebeke,37007,2020-10-04,1,84
Meulebeke,37007,2020-10-05,0,84
Meulebeke,37007,2020-10-06,0,84
Meulebeke,37007,2020-10-07,0,84
Meulebeke,37007,2020-10-08,1,85
Meulebeke,37007,2020-10-09,5,90
Meulebeke,37007,2020-10-10,3,93
Meulebeke,37007,2020-10-11,6,99
Meulebeke,37007,2020-10-12,2,101
Meulebeke,37007,2020-10-13,0,101
Meulebeke,37007,2020-10-14,0,101
Meulebeke,37007,2020-10-15,7,108
Meulebeke,37007,2020-10-16,2,110
Meulebeke,37007,2020-10-17,3,113
Meulebeke,37007,2020-10-18,7,120
Meulebeke,37007,2020-10-19,4,124
Meulebeke,37007,2020-10-20,7,131
Meulebeke,37007,2020-10-21,1,132
Meulebeke,37007,2020-10-22,11,143
Meulebeke,37007,2020-10-23,8,151
Meulebeke,37007,2020-10-24,18,169
Meulebeke,37007,2020-10-25,11,180
Meulebeke,37007,2020-10-26,13,193
Meulebeke,37007,2020-10-27,24,217
Meulebeke,37007,2020-10-28,5,222
Meulebeke,37007,2020-10-29,9,231
Meulebeke,37007,2020-10-30,16,247
Meulebeke,37007,2020-10-31,21,268
Meulebeke,37007,2020-11-01,16,284
Meulebeke,37007,2020-11-02,21,305
Meulebeke,37007,2020-11-03,7,312
Meulebeke,37007,2020-11-04,8,320
Meulebeke,37007,2020-11-05,21,341
Meulebeke,37007,2020-11-06,15,356
Meulebeke,37007,2020-11-07,11,367
Meulebeke,37007,2020-11-08,8,375
Meulebeke,37007,2020-11-09,4,379
Meulebeke,37007,2020-11-10,3,382
Meulebeke,37007,2020-11-11,8,390
Oostrozebeke,37010,2020-04-01,1,7
Oostrozebeke,37010,2020-04-02,0,7
Oostrozebeke,37010,2020-04-03,2,9
Oostrozebeke,37010,2020-04-04,0,9
Oostrozebeke,37010,2020-04-05,0,9
Oostrozebeke,37010,2020-04-06,1,10
Oostrozebeke,37010,2020-04-07,1,11
Oostrozebeke,37010,2020-04-08,1,12
Oostrozebeke,37010,2020-04-09,1,13
Oostrozebeke,37010,2020-04-10,2,15
Oostrozebeke,37010,2020-04-11,0,15
Oostrozebeke,37010,2020-04-12,1,16
Oostrozebeke,37010,2020-04-13,1,17
Oostrozebeke,37010,2020-04-14,0,17
Oostrozebeke,37010,2020-04-15,1,18
Oostrozebeke,37010,2020-04-16,2,20
Oostrozebeke,37010,2020-04-17,1,21
Oostrozebeke,37010,2020-04-18,0,21
Oostrozebeke,37010,2020-04-19,0,21
Oostrozebeke,37010,2020-04-20,0,21
Oostrozebeke,37010,2020-04-21,0,21
Oostrozebeke,37010,2020-04-22,0,21
Oostrozebeke,37010,2020-04-23,0,21
Oostrozebeke,37010,2020-04-24,3,24
Oostrozebeke,37010,2020-04-25,0,24
Oostrozebeke,37010,2020-04-26,2,26
Oostrozebeke,37010,2020-04-27,0,26
Oostrozebeke,37010,2020-04-28,0,26
Oostrozebeke,37010,2020-04-29,0,26
Oostrozebeke,37010,2020-04-30,0,26
Oostrozebeke,37010,2020-05-01,0,26
Oostrozebeke,37010,2020-05-02,0,26
Oostrozebeke,37010,2020-05-03,0,26
Oostrozebeke,37010,2020-05-04,0,26
Oostrozebeke,37010,2020-05-05,0,26
Oostrozebeke,37010,2020-05-06,0,26
Oostrozebeke,37010,2020-05-07,1,27
Oostrozebeke,37010,2020-05-08,1,28
Oostrozebeke,37010,2020-05-09,1,29
Oostrozebeke,37010,2020-05-10,0,29
Oostrozebeke,37010,2020-05-11,0,29
Oostrozebeke,37010,2020-05-12,1,30
Oostrozebeke,37010,2020-05-13,1,31
Oostrozebeke,37010,2020-05-14,0,31
Oostrozebeke,37010,2020-05-15,0,31
Oostrozebeke,37010,2020-05-16,2,33
Oostrozebeke,37010,2020-05-17,0,33
Oostrozebeke,37010,2020-05-18,0,33
Oostrozebeke,37010,2020-05-19,0,33
Oostrozebeke,37010,2020-05-20,0,33
Oostrozebeke,37010,2020-05-21,0,33
Oostrozebeke,37010,2020-05-22,0,33
Oostrozebeke,37010,2020-05-23,0,33
Oostrozebeke,37010,2020-05-24,0,33
Oostrozebeke,37010,2020-05-25,2,35
Oostrozebeke,37010,2020-05-26,0,35
Oostrozebeke,37010,2020-05-27,0,35
Oostrozebeke,37010,2020-05-28,0,35
Oostrozebeke,37010,2020-05-29,0,35
Oostrozebeke,37010,2020-05-30,0,35
Oostrozebeke,37010,2020-05-31,0,35
Oostrozebeke,37010,2020-06-01,0,35
Oostrozebeke,37010,2020-06-02,0,35
Oostrozebeke,37010,2020-06-03,0,35
Oostrozebeke,37010,2020-06-04,0,35
Oostrozebeke,37010,2020-06-05,0,35
Oostrozebeke,37010,2020-06-06,0,35
Oostrozebeke,37010,2020-06-07,0,35
Oostrozebeke,37010,2020-06-08,0,35
Oostrozebeke,37010,2020-06-09,0,35
Oostrozebeke,37010,2020-06-10,0,35
Oostrozebeke,37010,2020-06-11,0,35
Oostrozebeke,37010,2020-06-12,0,35
Oostrozebeke,37010,2020-06-13,0,35
Oostrozebeke,37010,2020-06-14,0,35
Oostrozebeke,37010,2020-06-15,0,35
Oostrozebeke,37010,2020-06-16,0,35
Oostrozebeke,37010,2020-06-17,0,35
Oostrozebeke,37010,2020-06-18,0,35
Oostrozebeke,37010,2020-06-19,0,35
Oostrozebeke,37010,2020-06-20,0,35
Oostrozebeke,37010,2020-06-23,0,35
Oostrozebeke,37010,2020-06-24,0,35
Oostrozebeke,37010,2020-06-25,0,35
Oostrozebeke,37010,2020-06-26,0,35
Oostrozebeke,37010,2020-06-27,0,35
Oostrozebeke,37010,2020-06-30,0,35
Oostrozebeke,37010,2020-07-01,0,35
Oostrozebeke,37010,2020-07-02,0,35
Oostrozebeke,37010,2020-07-03,0,35
Oostrozebeke,37010,2020-07-04,0,35
Oostrozebeke,37010,2020-07-07,1,36
Oostrozebeke,37010,2020-07-08,0,36
Oostrozebeke,37010,2020-07-09,0,36
Oostrozebeke,37010,2020-07-10,0,36
Oostrozebeke,37010,2020-07-11,0,36
Oostrozebeke,37010,2020-07-14,1,37
Oostrozebeke,37010,2020-07-15,1,38
Oostrozebeke,37010,2020-07-16,0,38
Oostrozebeke,37010,2020-07-17,0,38
Oostrozebeke,37010,2020-07-18,2,40
Oostrozebeke,37010,2020-07-20,0,40
Oostrozebeke,37010,2020-07-21,0,40
Oostrozebeke,37010,2020-07-22,0,40
Oostrozebeke,37010,2020-07-23,0,40
Oostrozebeke,37010,2020-07-24,0,40
Oostrozebeke,37010,2020-07-25,0,40
Oostrozebeke,37010,2020-07-26,0,40
Oostrozebeke,37010,2020-07-27,0,40
Oostrozebeke,37010,2020-07-28,0,40
Oostrozebeke,37010,2020-07-29,0,40
Oostrozebeke,37010,2020-07-30,0,40
Oostrozebeke,37010,2020-07-31,0,40
Oostrozebeke,37010,2020-08-01,0,40
Oostrozebeke,37010,2020-08-02,0,40
Oostrozebeke,37010,2020-08-03,0,40
Oostrozebeke,37010,2020-08-04,0,40
Oostrozebeke,37010,2020-08-05,0,40
Oostrozebeke,37010,2020-08-06,0,40
Oostrozebeke,37010,2020-08-07,0,40
Oostrozebeke,37010,2020-08-08,0,40
Oostrozebeke,37010,2020-08-09,0,40
Oostrozebeke,37010,2020-08-10,0,40
Oostrozebeke,37010,2020-08-11,0,40
Oostrozebeke,37010,2020-08-12,0,40
Oostrozebeke,37010,2020-08-13,0,40
Oostrozebeke,37010,2020-08-14,0,40
Oostrozebeke,37010,2020-08-15,0,40
Oostrozebeke,37010,2020-08-16,0,40
Oostrozebeke,37010,2020-08-17,0,40
Oostrozebeke,37010,2020-08-18,0,40
Oostrozebeke,37010,2020-08-19,0,40
Oostrozebeke,37010,2020-08-20,0,40
Oostrozebeke,37010,2020-08-21,0,40
Oostrozebeke,37010,2020-08-22,0,40
Oostrozebeke,37010,2020-08-23,0,40
Oostrozebeke,37010,2020-08-24,0,40
Oostrozebeke,37010,2020-08-25,0,40
Oostrozebeke,37010,2020-08-26,0,40
Oostrozebeke,37010,2020-08-27,0,40
Oostrozebeke,37010,2020-08-28,0,40
Oostrozebeke,37010,2020-08-29,0,40
Oostrozebeke,37010,2020-08-30,0,40
Oostrozebeke,37010,2020-08-31,0,40
Oostrozebeke,37010,2020-09-01,0,40
Oostrozebeke,37010,2020-09-02,0,40
Oostrozebeke,37010,2020-09-03,1,41
Oostrozebeke,37010,2020-09-04,0,41
Oostrozebeke,37010,2020-09-05,0,41
Oostrozebeke,37010,2020-09-06,0,41
Oostrozebeke,37010,2020-09-07,0,41
Oostrozebeke,37010,2020-09-08,0,41
Oostrozebeke,37010,2020-09-09,0,41
Oostrozebeke,37010,2020-09-10,0,41
Oostrozebeke,37010,2020-09-11,0,41
Oostrozebeke,37010,2020-09-12,0,41
Oostrozebeke,37010,2020-09-13,0,41
Oostrozebeke,37010,2020-09-14,0,41
Oostrozebeke,37010,2020-09-15,0,41
Oostrozebeke,37010,2020-09-16,1,42
Oostrozebeke,37010,2020-09-17,1,43
Oostrozebeke,37010,2020-09-18,0,43
Oostrozebeke,37010,2020-09-19,2,45
Oostrozebeke,37010,2020-09-20,1,46
Oostrozebeke,37010,2020-09-21,0,46
Oostrozebeke,37010,2020-09-22,0,46
Oostrozebeke,37010,2020-09-23,0,46
Oostrozebeke,37010,2020-09-24,0,46
Oostrozebeke,37010,2020-09-25,0,46
Oostrozebeke,37010,2020-09-26,0,46
Oostrozebeke,37010,2020-09-27,0,46
Oostrozebeke,37010,2020-09-28,0,46
Oostrozebeke,37010,2020-09-29,0,46
Oostrozebeke,37010,2020-09-30,0,46
Oostrozebeke,37010,2020-10-01,2,48
Oostrozebeke,37010,2020-10-02,0,48
Oostrozebeke,37010,2020-10-03,0,48
Oostrozebeke,37010,2020-10-04,0,48
Oostrozebeke,37010,2020-10-05,1,49
Oostrozebeke,37010,2020-10-06,1,50
Oostrozebeke,37010,2020-10-07,0,50
Oostrozebeke,37010,2020-10-08,0,50
Oostrozebeke,37010,2020-10-09,1,51
Oostrozebeke,37010,2020-10-10,1,52
Oostrozebeke,37010,2020-10-11,2,54
Oostrozebeke,37010,2020-10-12,2,56
Oostrozebeke,37010,2020-10-13,2,58
Oostrozebeke,37010,2020-10-14,0,58
Oostrozebeke,37010,2020-10-15,3,61
Oostrozebeke,37010,2020-10-16,5,66
Oostrozebeke,37010,2020-10-17,12,78
Oostrozebeke,37010,2020-10-18,9,87
Oostrozebeke,37010,2020-10-19,6,93
Oostrozebeke,37010,2020-10-20,1,94
Oostrozebeke,37010,2020-10-21,4,98
Oostrozebeke,37010,2020-10-22,6,104
Oostrozebeke,37010,2020-10-23,11,115
Oostrozebeke,37010,2020-10-24,9,124
Oostrozebeke,37010,2020-10-25,9,133
Oostrozebeke,37010,2020-10-26,16,149
Oostrozebeke,37010,2020-10-27,4,153
Oostrozebeke,37010,2020-10-28,1,154
Oostrozebeke,37010,2020-10-29,16,170
Oostrozebeke,37010,2020-10-30,18,188
Oostrozebeke,37010,2020-10-31,17,205
Oostrozebeke,37010,2020-11-01,17,222
Oostrozebeke,37010,2020-11-02,10,232
Oostrozebeke,37010,2020-11-03,3,235
Oostrozebeke,37010,2020-11-04,6,241
Oostrozebeke,37010,2020-11-05,4,245
Oostrozebeke,37010,2020-11-06,9,254
Oostrozebeke,37010,2020-11-07,8,262
Oostrozebeke,37010,2020-11-08,5,267
Oostrozebeke,37010,2020-11-09,1,268
Oostrozebeke,37010,2020-11-10,0,268
Oostrozebeke,37010,2020-11-11,0,268
Pittem,37011,2020-04-01,1,10
Pittem,37011,2020-04-02,0,10
Pittem,37011,2020-04-03,1,11
Pittem,37011,2020-04-04,1,12
Pittem,37011,2020-04-05,0,12
Pittem,37011,2020-04-06,0,12
Pittem,37011,2020-04-07,0,12
Pittem,37011,2020-04-08,0,12
Pittem,37011,2020-04-09,3,15
Pittem,37011,2020-04-10,0,15
Pittem,37011,2020-04-11,1,16
Pittem,37011,2020-04-12,1,17
Pittem,37011,2020-04-13,0,17
Pittem,37011,2020-04-14,0,17
Pittem,37011,2020-04-15,0,17
Pittem,37011,2020-04-16,1,18
Pittem,37011,2020-04-17,0,18
Pittem,37011,2020-04-18,0,18
Pittem,37011,2020-04-19,0,18
Pittem,37011,2020-04-20,2,20
Pittem,37011,2020-04-21,0,20
Pittem,37011,2020-04-22,0,20
Pittem,37011,2020-04-23,0,20
Pittem,37011,2020-04-24,2,22
Pittem,37011,2020-04-25,0,22
Pittem,37011,2020-04-26,0,22
Pittem,37011,2020-04-27,0,22
Pittem,37011,2020-04-28,0,22
Pittem,37011,2020-04-29,1,23
Pittem,37011,2020-04-30,0,23
Pittem,37011,2020-05-01,0,23
Pittem,37011,2020-05-02,0,23
Pittem,37011,2020-05-03,0,23
Pittem,37011,2020-05-04,0,23
Pittem,37011,2020-05-05,0,23
Pittem,37011,2020-05-06,0,23
Pittem,37011,2020-05-07,1,24
Pittem,37011,2020-05-08,1,25
Pittem,37011,2020-05-09,0,25
Pittem,37011,2020-05-10,2,27
Pittem,37011,2020-05-11,0,27
Pittem,37011,2020-05-12,0,27
Pittem,37011,2020-05-13,1,28
Pittem,37011,2020-05-14,1,29
Pittem,37011,2020-05-15,0,29
Pittem,37011,2020-05-16,0,29
Pittem,37011,2020-05-17,1,30
Pittem,37011,2020-05-18,0,30
Pittem,37011,2020-05-19,0,30
Pittem,37011,2020-05-20,0,30
Pittem,37011,2020-05-21,0,30
Pittem,37011,2020-05-22,0,30
Pittem,37011,2020-05-23,0,30
Pittem,37011,2020-05-24,0,30
Pittem,37011,2020-05-25,0,30
Pittem,37011,2020-05-26,0,30
Pittem,37011,2020-05-27,0,30
Pittem,37011,2020-05-28,0,30
Pittem,37011,2020-05-29,0,30
Pittem,37011,2020-05-30,0,30
Pittem,37011,2020-05-31,0,30
Pittem,37011,2020-06-01,0,30
Pittem,37011,2020-06-02,0,30
Pittem,37011,2020-06-03,0,30
Pittem,37011,2020-06-04,0,30
Pittem,37011,2020-06-05,0,30
Pittem,37011,2020-06-06,0,30
Pittem,37011,2020-06-07,0,30
Pittem,37011,2020-06-08,0,30
Pittem,37011,2020-06-09,0,30
Pittem,37011,2020-06-10,0,30
Pittem,37011,2020-06-11,0,30
Pittem,37011,2020-06-12,0,30
Pittem,37011,2020-06-13,0,30
Pittem,37011,2020-06-14,0,30
Pittem,37011,2020-06-15,0,30
Pittem,37011,2020-06-16,0,30
Pittem,37011,2020-06-17,0,30
Pittem,37011,2020-06-18,0,30
Pittem,37011,2020-06-19,0,30
Pittem,37011,2020-06-20,0,30
Pittem,37011,2020-06-23,0,30
Pittem,37011,2020-06-24,1,31
Pittem,37011,2020-06-25,0,31
Pittem,37011,2020-06-26,0,31
Pittem,37011,2020-06-27,0,31
Pittem,37011,2020-06-30,0,31
Pittem,37011,2020-07-01,0,31
Pittem,37011,2020-07-02,0,31
Pittem,37011,2020-07-03,0,31
Pittem,37011,2020-07-04,0,31
Pittem,37011,2020-07-07,0,31
Pittem,37011,2020-07-08,0,31
Pittem,37011,2020-07-09,0,31
Pittem,37011,2020-07-10,0,31
Pittem,37011,2020-07-11,0,31
Pittem,37011,2020-07-14,0,31
Pittem,37011,2020-07-15,0,31
Pittem,37011,2020-07-16,0,31
Pittem,37011,2020-07-17,0,31
Pittem,37011,2020-07-18,1,32
Pittem,37011,2020-07-20,0,32
Pittem,37011,2020-07-21,1,33
Pittem,37011,2020-07-22,0,33
Pittem,37011,2020-07-23,0,33
Pittem,37011,2020-07-24,1,34
Pittem,37011,2020-07-25,0,34
Pittem,37011,2020-07-26,0,34
Pittem,37011,2020-07-27,0,34
Pittem,37011,2020-07-28,0,34
Pittem,37011,2020-07-29,0,34
Pittem,37011,2020-07-30,0,34
Pittem,37011,2020-07-31,1,35
Pittem,37011,2020-08-01,0,35
Pittem,37011,2020-08-02,1,36
Pittem,37011,2020-08-03,0,36
Pittem,37011,2020-08-04,0,36
Pittem,37011,2020-08-05,0,36
Pittem,37011,2020-08-06,0,36
Pittem,37011,2020-08-07,0,36
Pittem,37011,2020-08-08,0,36
Pittem,37011,2020-08-09,0,36
Pittem,37011,2020-08-10,0,36
Pittem,37011,2020-08-11,0,36
Pittem,37011,2020-08-12,0,36
Pittem,37011,2020-08-13,0,36
Pittem,37011,2020-08-14,0,36
Pittem,37011,2020-08-15,0,36
Pittem,37011,2020-08-16,0,36
Pittem,37011,2020-08-17,0,36
Pittem,37011,2020-08-18,0,36
Pittem,37011,2020-08-19,0,36
Pittem,37011,2020-08-20,1,37
Pittem,37011,2020-08-21,0,37
Pittem,37011,2020-08-22,1,38
Pittem,37011,2020-08-23,0,38
Pittem,37011,2020-08-24,0,38
Pittem,37011,2020-08-25,0,38
Pittem,37011,2020-08-26,0,38
Pittem,37011,2020-08-27,4,42
Pittem,37011,2020-08-28,1,43
Pittem,37011,2020-08-29,1,44
Pittem,37011,2020-08-30,0,44
Pittem,37011,2020-08-31,0,44
Pittem,37011,2020-09-01,0,44
Pittem,37011,2020-09-02,0,44
Pittem,37011,2020-09-03,0,44
Pittem,37011,2020-09-04,0,44
Pittem,37011,2020-09-05,0,44
Pittem,37011,2020-09-06,0,44
Pittem,37011,2020-09-07,1,45
Pittem,37011,2020-09-08,0,45
Pittem,37011,2020-09-09,0,45
Pittem,37011,2020-09-10,0,45
Pittem,37011,2020-09-11,0,45
Pittem,37011,2020-09-12,0,45
Pittem,37011,2020-09-13,0,45
Pittem,37011,2020-09-14,0,45
Pittem,37011,2020-09-15,1,46
Pittem,37011,2020-09-16,0,46
Pittem,37011,2020-09-17,0,46
Pittem,37011,2020-09-18,1,47
Pittem,37011,2020-09-19,0,47
Pittem,37011,2020-09-20,0,47
Pittem,37011,2020-09-21,0,47
Pittem,37011,2020-09-22,0,47
Pittem,37011,2020-09-23,0,47
Pittem,37011,2020-09-24,2,49
Pittem,37011,2020-09-25,0,49
Pittem,37011,2020-09-26,1,50
Pittem,37011,2020-09-27,0,50
Pittem,37011,2020-09-28,0,50
Pittem,37011,2020-09-29,0,50
Pittem,37011,2020-09-30,0,50
Pittem,37011,2020-10-01,0,50
Pittem,37011,2020-10-02,0,50
Pittem,37011,2020-10-03,0,50
Pittem,37011,2020-10-04,0,50
Pittem,37011,2020-10-05,1,51
Pittem,37011,2020-10-06,0,51
Pittem,37011,2020-10-07,0,51
Pittem,37011,2020-10-08,1,52
Pittem,37011,2020-10-09,0,52
Pittem,37011,2020-10-10,0,52
Pittem,37011,2020-10-11,2,54
Pittem,37011,2020-10-12,1,55
Pittem,37011,2020-10-13,3,58
Pittem,37011,2020-10-14,3,61
Pittem,37011,2020-10-15,2,63
Pittem,37011,2020-10-16,9,72
Pittem,37011,2020-10-17,5,77
Pittem,37011,2020-10-18,5,82
Pittem,37011,2020-10-19,6,88
Pittem,37011,2020-10-20,8,96
Pittem,37011,2020-10-21,3,99
Pittem,37011,2020-10-22,10,109
Pittem,37011,2020-10-23,7,116
Pittem,37011,2020-10-24,12,128
Pittem,37011,2020-10-25,12,140
Pittem,37011,2020-10-26,19,159
Pittem,37011,2020-10-27,10,169
Pittem,37011,2020-10-28,6,175
Pittem,37011,2020-10-29,9,184
Pittem,37011,2020-10-30,16,200
Pittem,37011,2020-10-31,7,207
Pittem,37011,2020-11-01,11,218
Pittem,37011,2020-11-02,12,230
Pittem,37011,2020-11-03,4,234
Pittem,37011,2020-11-04,1,235
Pittem,37011,2020-11-05,6,241
Pittem,37011,2020-11-06,6,247
Pittem,37011,2020-11-07,4,251
Pittem,37011,2020-11-08,4,255
Pittem,37011,2020-11-09,3,258
Pittem,37011,2020-11-10,2,260
Pittem,37011,2020-11-11,1,261
Ruiselede,37012,2020-04-01,1,10
Ruiselede,37012,2020-04-02,1,11
Ruiselede,37012,2020-04-03,2,13
Ruiselede,37012,2020-04-04,2,15
Ruiselede,37012,2020-04-05,0,15
Ruiselede,37012,2020-04-06,0,15
Ruiselede,37012,2020-04-07,1,16
Ruiselede,37012,2020-04-08,0,16
Ruiselede,37012,2020-04-09,1,17
Ruiselede,37012,2020-04-10,0,17
Ruiselede,37012,2020-04-11,0,17
Ruiselede,37012,2020-04-12,0,17
Ruiselede,37012,2020-04-13,1,18
Ruiselede,37012,2020-04-14,0,18
Ruiselede,37012,2020-04-15,1,19
Ruiselede,37012,2020-04-16,1,20
Ruiselede,37012,2020-04-17,0,20
Ruiselede,37012,2020-04-18,0,20
Ruiselede,37012,2020-04-19,0,20
Ruiselede,37012,2020-04-20,0,20
Ruiselede,37012,2020-04-21,0,20
Ruiselede,37012,2020-04-22,0,20
Ruiselede,37012,2020-04-23,0,20
Ruiselede,37012,2020-04-24,1,21
Ruiselede,37012,2020-04-25,0,21
Ruiselede,37012,2020-04-26,1,22
Ruiselede,37012,2020-04-27,0,22
Ruiselede,37012,2020-04-28,0,22
Ruiselede,37012,2020-04-29,0,22
Ruiselede,37012,2020-04-30,1,23
Ruiselede,37012,2020-05-01,1,24
Ruiselede,37012,2020-05-02,3,27
Ruiselede,37012,2020-05-03,0,27
Ruiselede,37012,2020-05-04,0,27
Ruiselede,37012,2020-05-05,0,27
Ruiselede,37012,2020-05-06,0,27
Ruiselede,37012,2020-05-07,0,27
Ruiselede,37012,2020-05-08,0,27
Ruiselede,37012,2020-05-09,0,27
Ruiselede,37012,2020-05-10,0,27
Ruiselede,37012,2020-05-11,0,27
Ruiselede,37012,2020-05-12,0,27
Ruiselede,37012,2020-05-13,0,27
Ruiselede,37012,2020-05-14,0,27
Ruiselede,37012,2020-05-15,0,27
Ruiselede,37012,2020-05-16,0,27
Ruiselede,37012,2020-05-17,0,27
Ruiselede,37012,2020-05-18,0,27
Ruiselede,37012,2020-05-19,0,27
Ruiselede,37012,2020-05-20,0,27
Ruiselede,37012,2020-05-21,0,27
Ruiselede,37012,2020-05-22,1,28
Ruiselede,37012,2020-05-23,0,28
Ruiselede,37012,2020-05-24,0,28
Ruiselede,37012,2020-05-25,0,28
Ruiselede,37012,2020-05-26,0,28
Ruiselede,37012,2020-05-27,0,28
Ruiselede,37012,2020-05-28,0,28
Ruiselede,37012,2020-05-29,0,28
Ruiselede,37012,2020-05-30,1,29
Ruiselede,37012,2020-05-31,0,29
Ruiselede,37012,2020-06-01,0,29
Ruiselede,37012,2020-06-02,0,29
Ruiselede,37012,2020-06-03,1,30
Ruiselede,37012,2020-06-04,0,30
Ruiselede,37012,2020-06-05,0,30
Ruiselede,37012,2020-06-06,0,30
Ruiselede,37012,2020-06-07,0,30
Ruiselede,37012,2020-06-08,0,30
Ruiselede,37012,2020-06-09,0,30
Ruiselede,37012,2020-06-10,0,30
Ruiselede,37012,2020-06-11,1,31
Ruiselede,37012,2020-06-12,0,31
Ruiselede,37012,2020-06-13,0,31
Ruiselede,37012,2020-06-14,0,31
Ruiselede,37012,2020-06-15,0,31
Ruiselede,37012,2020-06-16,0,31
Ruiselede,37012,2020-06-17,0,31
Ruiselede,37012,2020-06-18,0,31
Ruiselede,37012,2020-06-19,0,31
Ruiselede,37012,2020-06-20,0,31
Ruiselede,37012,2020-06-23,0,31
Ruiselede,37012,2020-06-24,0,31
Ruiselede,37012,2020-06-25,0,31
Ruiselede,37012,2020-06-26,0,31
Ruiselede,37012,2020-06-27,0,31
Ruiselede,37012,2020-06-30,0,31
Ruiselede,37012,2020-07-01,0,31
Ruiselede,37012,2020-07-02,0,31
Ruiselede,37012,2020-07-03,0,31
Ruiselede,37012,2020-07-04,0,31
Ruiselede,37012,2020-07-07,0,31
Ruiselede,37012,2020-07-08,0,31
Ruiselede,37012,2020-07-09,0,31
Ruiselede,37012,2020-07-10,0,31
Ruiselede,37012,2020-07-11,0,31
Ruiselede,37012,2020-07-14,0,31
Ruiselede,37012,2020-07-15,0,31
Ruiselede,37012,2020-07-16,0,31
Ruiselede,37012,2020-07-17,0,31
Ruiselede,37012,2020-07-18,0,31
Ruiselede,37012,2020-07-20,0,31
Ruiselede,37012,2020-07-21,0,31
Ruiselede,37012,2020-07-22,0,31
Ruiselede,37012,2020-07-23,0,31
Ruiselede,37012,2020-07-24,0,31
Ruiselede,37012,2020-07-25,0,31
Ruiselede,37012,2020-07-26,0,31
Ruiselede,37012,2020-07-27,0,31
Ruiselede,37012,2020-07-28,0,31
Ruiselede,37012,2020-07-29,0,31
Ruiselede,37012,2020-07-30,0,31
Ruiselede,37012,2020-07-31,0,31
Ruiselede,37012,2020-08-01,0,31
Ruiselede,37012,2020-08-02,0,31
Ruiselede,37012,2020-08-03,0,31
Ruiselede,37012,2020-08-04,0,31
Ruiselede,37012,2020-08-05,0,31
Ruiselede,37012,2020-08-06,1,32
Ruiselede,37012,2020-08-07,0,32
Ruiselede,37012,2020-08-08,0,32
Ruiselede,37012,2020-08-09,0,32
Ruiselede,37012,2020-08-10,-1,31
Ruiselede,37012,2020-08-11,0,31
Ruiselede,37012,2020-08-12,0,31
Ruiselede,37012,2020-08-13,0,31
Ruiselede,37012,2020-08-14,0,31
Ruiselede,37012,2020-08-15,0,31
Ruiselede,37012,2020-08-16,0,31
Ruiselede,37012,2020-08-17,0,31
Ruiselede,37012,2020-08-18,0,31
Ruiselede,37012,2020-08-19,0,31
Ruiselede,37012,2020-08-20,0,31
Ruiselede,37012,2020-08-21,0,31
Ruiselede,37012,2020-08-22,0,31
Ruiselede,37012,2020-08-23,0,31
Ruiselede,37012,2020-08-24,0,31
Ruiselede,37012,2020-08-25,0,31
Ruiselede,37012,2020-08-26,0,31
Ruiselede,37012,2020-08-27,0,31
Ruiselede,37012,2020-08-28,1,32
Ruiselede,37012,2020-08-29,0,32
Ruiselede,37012,2020-08-30,1,33
Ruiselede,37012,2020-08-31,0,33
Ruiselede,37012,2020-09-01,0,33
Ruiselede,37012,2020-09-02,0,33
Ruiselede,37012,2020-09-03,0,33
Ruiselede,37012,2020-09-04,0,33
Ruiselede,37012,2020-09-05,1,34
Ruiselede,37012,2020-09-06,0,34
Ruiselede,37012,2020-09-07,0,34
Ruiselede,37012,2020-09-08,0,34
Ruiselede,37012,2020-09-09,0,34
Ruiselede,37012,2020-09-10,0,34
Ruiselede,37012,2020-09-11,0,34
Ruiselede,37012,2020-09-12,0,34
Ruiselede,37012,2020-09-13,1,35
Ruiselede,37012,2020-09-14,0,35
Ruiselede,37012,2020-09-15,1,36
Ruiselede,37012,2020-09-16,0,36
Ruiselede,37012,2020-09-17,1,37
Ruiselede,37012,2020-09-18,1,38
Ruiselede,37012,2020-09-19,0,38
Ruiselede,37012,2020-09-20,1,39
Ruiselede,37012,2020-09-21,0,39
Ruiselede,37012,2020-09-22,0,39
Ruiselede,37012,2020-09-23,0,39
Ruiselede,37012,2020-09-24,0,39
Ruiselede,37012,2020-09-25,0,39
Ruiselede,37012,2020-09-26,0,39
Ruiselede,37012,2020-09-27,0,39
Ruiselede,37012,2020-09-28,0,39
Ruiselede,37012,2020-09-29,0,39
Ruiselede,37012,2020-09-30,0,39
Ruiselede,37012,2020-10-01,0,39
Ruiselede,37012,2020-10-02,0,39
Ruiselede,37012,2020-10-03,3,42
Ruiselede,37012,2020-10-04,1,43
Ruiselede,37012,2020-10-05,0,43
Ruiselede,37012,2020-10-06,1,44
Ruiselede,37012,2020-10-07,0,44
Ruiselede,37012,2020-10-08,1,45
Ruiselede,37012,2020-10-09,1,46
Ruiselede,37012,2020-10-10,1,47
Ruiselede,37012,2020-10-11,0,47
Ruiselede,37012,2020-10-12,0,47
Ruiselede,37012,2020-10-13,1,48
Ruiselede,37012,2020-10-14,0,48
Ruiselede,37012,2020-10-15,1,49
Ruiselede,37012,2020-10-16,1,50
Ruiselede,37012,2020-10-17,6,56
Ruiselede,37012,2020-10-18,3,59
Ruiselede,37012,2020-10-19,0,59
Ruiselede,37012,2020-10-20,3,62
Ruiselede,37012,2020-10-21,2,64
Ruiselede,37012,2020-10-22,5,69
Ruiselede,37012,2020-10-23,4,73
Ruiselede,37012,2020-10-24,4,77
Ruiselede,37012,2020-10-25,14,91
Ruiselede,37012,2020-10-26,10,101
Ruiselede,37012,2020-10-27,17,118
Ruiselede,37012,2020-10-28,3,121
Ruiselede,37012,2020-10-29,5,126
Ruiselede,37012,2020-10-30,8,134
Ruiselede,37012,2020-10-31,7,141
Ruiselede,37012,2020-11-01,13,154
Ruiselede,37012,2020-11-02,3,157
Ruiselede,37012,2020-11-03,3,160
Ruiselede,37012,2020-11-04,6,166
Ruiselede,37012,2020-11-05,5,171
Ruiselede,37012,2020-11-06,5,176
Ruiselede,37012,2020-11-07,12,188
Ruiselede,37012,2020-11-08,2,190
Ruiselede,37012,2020-11-09,6,196
Ruiselede,37012,2020-11-10,0,196
Ruiselede,37012,2020-11-11,10,206
Tielt (Tielt),37015,2020-04-01,2,36
Tielt (Tielt),37015,2020-04-02,3,39
Tielt (Tielt),37015,2020-04-03,6,45
Tielt (Tielt),37015,2020-04-04,2,47
Tielt (Tielt),37015,2020-04-05,0,47
Tielt (Tielt),37015,2020-04-06,2,49
Tielt (Tielt),37015,2020-04-07,1,50
Tielt (Tielt),37015,2020-04-08,0,50
Tielt (Tielt),37015,2020-04-09,2,52
Tielt (Tielt),37015,2020-04-10,1,53
Tielt (Tielt),37015,2020-04-11,2,55
Tielt (Tielt),37015,2020-04-12,1,56
Tielt (Tielt),37015,2020-04-13,1,57
Tielt (Tielt),37015,2020-04-14,0,57
Tielt (Tielt),37015,2020-04-15,1,58
Tielt (Tielt),37015,2020-04-16,2,60
Tielt (Tielt),37015,2020-04-17,2,62
Tielt (Tielt),37015,2020-04-18,1,63
Tielt (Tielt),37015,2020-04-19,1,64
Tielt (Tielt),37015,2020-04-20,3,67
Tielt (Tielt),37015,2020-04-21,0,67
Tielt (Tielt),37015,2020-04-22,2,69
Tielt (Tielt),37015,2020-04-23,1,70
Tielt (Tielt),37015,2020-04-24,2,72
Tielt (Tielt),37015,2020-04-25,1,73
Tielt (Tielt),37015,2020-04-26,0,73
Tielt (Tielt),37015,2020-04-27,0,73
Tielt (Tielt),37015,2020-04-28,0,73
Tielt (Tielt),37015,2020-04-29,1,74
Tielt (Tielt),37015,2020-04-30,1,75
Tielt (Tielt),37015,2020-05-01,1,76
Tielt (Tielt),37015,2020-05-02,0,76
Tielt (Tielt),37015,2020-05-03,0,76
Tielt (Tielt),37015,2020-05-04,0,76
Tielt (Tielt),37015,2020-05-05,1,77
Tielt (Tielt),37015,2020-05-06,2,79
Tielt (Tielt),37015,2020-05-07,0,79
Tielt (Tielt),37015,2020-05-08,0,79
Tielt (Tielt),37015,2020-05-09,2,81
Tielt (Tielt),37015,2020-05-10,0,81
Tielt (Tielt),37015,2020-05-11,2,83
Tielt (Tielt),37015,2020-05-12,0,83
Tielt (Tielt),37015,2020-05-13,1,84
Tielt (Tielt),37015,2020-05-14,2,86
Tielt (Tielt),37015,2020-05-15,0,86
Tielt (Tielt),37015,2020-05-16,3,89
Tielt (Tielt),37015,2020-05-17,0,89
Tielt (Tielt),37015,2020-05-18,0,89
Tielt (Tielt),37015,2020-05-19,1,90
Tielt (Tielt),37015,2020-05-20,1,91
Tielt (Tielt),37015,2020-05-21,0,91
Tielt (Tielt),37015,2020-05-22,0,91
Tielt (Tielt),37015,2020-05-23,0,91
Tielt (Tielt),37015,2020-05-24,0,91
Tielt (Tielt),37015,2020-05-25,4,95
Tielt (Tielt),37015,2020-05-26,0,95
Tielt (Tielt),37015,2020-05-27,0,95
Tielt (Tielt),37015,2020-05-28,0,95
Tielt (Tielt),37015,2020-05-29,1,96
Tielt (Tielt),37015,2020-05-30,0,96
Tielt (Tielt),37015,2020-05-31,0,96
Tielt (Tielt),37015,2020-06-01,0,96
Tielt (Tielt),37015,2020-06-02,0,96
Tielt (Tielt),37015,2020-06-03,0,96
Tielt (Tielt),37015,2020-06-04,0,96
Tielt (Tielt),37015,2020-06-05,0,96
Tielt (Tielt),37015,2020-06-06,2,98
Tielt (Tielt),37015,2020-06-07,0,98
Tielt (Tielt),37015,2020-06-08,0,98
Tielt (Tielt),37015,2020-06-09,0,98
Tielt (Tielt),37015,2020-06-10,0,98
Tielt (Tielt),37015,2020-06-11,1,99
Tielt (Tielt),37015,2020-06-12,0,99
Tielt (Tielt),37015,2020-06-13,0,99
Tielt (Tielt),37015,2020-06-14,1,100
Tielt (Tielt),37015,2020-06-15,0,100
Tielt (Tielt),37015,2020-06-16,0,100
Tielt (Tielt),37015,2020-06-17,1,101
Tielt (Tielt),37015,2020-06-18,0,101
Tielt (Tielt),37015,2020-06-19,0,101
Tielt (Tielt),37015,2020-06-20,0,101
Tielt (Tielt),37015,2020-06-23,0,101
Tielt (Tielt),37015,2020-06-24,0,101
Tielt (Tielt),37015,2020-06-25,1,102
Tielt (Tielt),37015,2020-06-26,0,102
Tielt (Tielt),37015,2020-06-27,0,102
Tielt (Tielt),37015,2020-06-30,0,102
Tielt (Tielt),37015,2020-07-01,0,102
Tielt (Tielt),37015,2020-07-02,0,102
Tielt (Tielt),37015,2020-07-03,0,102
Tielt (Tielt),37015,2020-07-04,0,102
Tielt (Tielt),37015,2020-07-07,0,102
Tielt (Tielt),37015,2020-07-08,0,102
Tielt (Tielt),37015,2020-07-09,0,102
Tielt (Tielt),37015,2020-07-10,0,102
Tielt (Tielt),37015,2020-07-11,0,102
Tielt (Tielt),37015,2020-07-14,0,102
Tielt (Tielt),37015,2020-07-15,2,104
Tielt (Tielt),37015,2020-07-16,0,104
Tielt (Tielt),37015,2020-07-17,2,106
Tielt (Tielt),37015,2020-07-18,0,106
Tielt (Tielt),37015,2020-07-20,0,106
Tielt (Tielt),37015,2020-07-21,2,108
Tielt (Tielt),37015,2020-07-22,0,108
Tielt (Tielt),37015,2020-07-23,0,108
Tielt (Tielt),37015,2020-07-24,0,108
Tielt (Tielt),37015,2020-07-25,0,108
Tielt (Tielt),37015,2020-07-26,0,108
Tielt (Tielt),37015,2020-07-27,0,108
Tielt (Tielt),37015,2020-07-28,1,109
Tielt (Tielt),37015,2020-07-29,1,110
Tielt (Tielt),37015,2020-07-30,0,110
Tielt (Tielt),37015,2020-07-31,0,110
Tielt (Tielt),37015,2020-08-01,0,110
Tielt (Tielt),37015,2020-08-02,1,111
Tielt (Tielt),37015,2020-08-03,0,111
Tielt (Tielt),37015,2020-08-04,0,111
Tielt (Tielt),37015,2020-08-05,0,111
Tielt (Tielt),37015,2020-08-06,0,111
Tielt (Tielt),37015,2020-08-07,2,113
Tielt (Tielt),37015,2020-08-08,1,114
Tielt (Tielt),37015,2020-08-09,4,118
Tielt (Tielt),37015,2020-08-10,0,118
Tielt (Tielt),37015,2020-08-11,0,118
Tielt (Tielt),37015,2020-08-12,0,118
Tielt (Tielt),37015,2020-08-13,4,122
Tielt (Tielt),37015,2020-08-14,0,122
Tielt (Tielt),37015,2020-08-15,3,125
Tielt (Tielt),37015,2020-08-16,0,125
Tielt (Tielt),37015,2020-08-17,4,129
Tielt (Tielt),37015,2020-08-18,0,129
Tielt (Tielt),37015,2020-08-19,4,133
Tielt (Tielt),37015,2020-08-20,0,133
Tielt (Tielt),37015,2020-08-21,0,133
Tielt (Tielt),37015,2020-08-22,1,134
Tielt (Tielt),37015,2020-08-23,0,134
Tielt (Tielt),37015,2020-08-24,1,135
Tielt (Tielt),37015,2020-08-25,0,135
Tielt (Tielt),37015,2020-08-26,0,135
Tielt (Tielt),37015,2020-08-27,0,135
Tielt (Tielt),37015,2020-08-28,1,136
Tielt (Tielt),37015,2020-08-29,2,138
Tielt (Tielt),37015,2020-08-30,3,141
Tielt (Tielt),37015,2020-08-31,0,141
Tielt (Tielt),37015,2020-09-01,0,141
Tielt (Tielt),37015,2020-09-02,1,142
Tielt (Tielt),37015,2020-09-03,0,142
Tielt (Tielt),37015,2020-09-04,4,146
Tielt (Tielt),37015,2020-09-05,1,147
Tielt (Tielt),37015,2020-09-06,1,148
Tielt (Tielt),37015,2020-09-07,1,149
Tielt (Tielt),37015,2020-09-08,0,149
Tielt (Tielt),37015,2020-09-09,0,149
Tielt (Tielt),37015,2020-09-10,0,149
Tielt (Tielt),37015,2020-09-11,1,150
Tielt (Tielt),37015,2020-09-12,1,151
Tielt (Tielt),37015,2020-09-13,3,154
Tielt (Tielt),37015,2020-09-14,2,156
Tielt (Tielt),37015,2020-09-15,3,159
Tielt (Tielt),37015,2020-09-16,0,159
Tielt (Tielt),37015,2020-09-17,2,161
Tielt (Tielt),37015,2020-09-18,0,161
Tielt (Tielt),37015,2020-09-19,1,162
Tielt (Tielt),37015,2020-09-20,1,163
Tielt (Tielt),37015,2020-09-21,-1,162
Tielt (Tielt),37015,2020-09-22,0,162
Tielt (Tielt),37015,2020-09-23,1,163
Tielt (Tielt),37015,2020-09-24,2,165
Tielt (Tielt),37015,2020-09-25,0,165
Tielt (Tielt),37015,2020-09-26,3,168
Tielt (Tielt),37015,2020-09-27,0,168
Tielt (Tielt),37015,2020-09-28,2,170
Tielt (Tielt),37015,2020-09-29,0,170
Tielt (Tielt),37015,2020-09-30,3,173
Tielt (Tielt),37015,2020-10-01,0,173
Tielt (Tielt),37015,2020-10-02,1,174
Tielt (Tielt),37015,2020-10-03,2,176
Tielt (Tielt),37015,2020-10-04,2,178
Tielt (Tielt),37015,2020-10-05,5,183
Tielt (Tielt),37015,2020-10-06,3,186
Tielt (Tielt),37015,2020-10-07,1,187
Tielt (Tielt),37015,2020-10-08,10,197
Tielt (Tielt),37015,2020-10-09,7,204
Tielt (Tielt),37015,2020-10-10,6,210
Tielt (Tielt),37015,2020-10-11,9,219
Tielt (Tielt),37015,2020-10-12,5,224
Tielt (Tielt),37015,2020-10-13,3,227
Tielt (Tielt),37015,2020-10-14,12,239
Tielt (Tielt),37015,2020-10-15,11,250
Tielt (Tielt),37015,2020-10-16,9,259
Tielt (Tielt),37015,2020-10-17,19,278
Tielt (Tielt),37015,2020-10-18,31,309
Tielt (Tielt),37015,2020-10-19,11,320
Tielt (Tielt),37015,2020-10-20,23,343
Tielt (Tielt),37015,2020-10-21,18,361
Tielt (Tielt),37015,2020-10-22,21,382
Tielt (Tielt),37015,2020-10-23,32,414
Tielt (Tielt),37015,2020-10-24,17,431
Tielt (Tielt),37015,2020-10-25,24,455
Tielt (Tielt),37015,2020-10-26,47,502
Tielt (Tielt),37015,2020-10-27,29,531
Tielt (Tielt),37015,2020-10-28,12,543
Tielt (Tielt),37015,2020-10-29,25,568
Tielt (Tielt),37015,2020-10-30,37,605
Tielt (Tielt),37015,2020-10-31,27,632
Tielt (Tielt),37015,2020-11-01,21,653
Tielt (Tielt),37015,2020-11-02,33,686
Tielt (Tielt),37015,2020-11-03,13,699
Tielt (Tielt),37015,2020-11-04,12,711
Tielt (Tielt),37015,2020-11-05,23,734
Tielt (Tielt),37015,2020-11-06,17,751
Tielt (Tielt),37015,2020-11-07,13,764
Tielt (Tielt),37015,2020-11-08,9,773
Tielt (Tielt),37015,2020-11-09,9,782
Tielt (Tielt),37015,2020-11-10,12,794
Tielt (Tielt),37015,2020-11-11,10,804
Wielsbeke,37017,2020-04-01,2,14
Wielsbeke,37017,2020-04-02,1,15
Wielsbeke,37017,2020-04-03,2,17
Wielsbeke,37017,2020-04-04,0,17
Wielsbeke,37017,2020-04-05,0,17
Wielsbeke,37017,2020-04-06,0,17
Wielsbeke,37017,2020-04-07,2,19
Wielsbeke,37017,2020-04-08,1,20
Wielsbeke,37017,2020-04-09,0,20
Wielsbeke,37017,2020-04-10,0,20
Wielsbeke,37017,2020-04-11,0,20
Wielsbeke,37017,2020-04-12,0,20
Wielsbeke,37017,2020-04-13,0,20
Wielsbeke,37017,2020-04-14,0,20
Wielsbeke,37017,2020-04-15,4,24
Wielsbeke,37017,2020-04-16,1,25
Wielsbeke,37017,2020-04-17,1,26
Wielsbeke,37017,2020-04-18,1,27
Wielsbeke,37017,2020-04-19,1,28
Wielsbeke,37017,2020-04-20,0,28
Wielsbeke,37017,2020-04-21,0,28
Wielsbeke,37017,2020-04-22,3,31
Wielsbeke,37017,2020-04-23,0,31
Wielsbeke,37017,2020-04-24,0,31
Wielsbeke,37017,2020-04-25,1,32
Wielsbeke,37017,2020-04-26,0,32
Wielsbeke,37017,2020-04-27,0,32
Wielsbeke,37017,2020-04-28,0,32
Wielsbeke,37017,2020-04-29,1,33
Wielsbeke,37017,2020-04-30,0,33
Wielsbeke,37017,2020-05-01,0,33
Wielsbeke,37017,2020-05-02,0,33
Wielsbeke,37017,2020-05-03,0,33
Wielsbeke,37017,2020-05-04,1,34
Wielsbeke,37017,2020-05-05,0,34
Wielsbeke,37017,2020-05-06,0,34
Wielsbeke,37017,2020-05-07,0,34
Wielsbeke,37017,2020-05-08,0,34
Wielsbeke,37017,2020-05-09,1,35
Wielsbeke,37017,2020-05-10,1,36
Wielsbeke,37017,2020-05-11,0,36
Wielsbeke,37017,2020-05-12,0,36
Wielsbeke,37017,2020-05-13,0,36
Wielsbeke,37017,2020-05-14,0,36
Wielsbeke,37017,2020-05-15,0,36
Wielsbeke,37017,2020-05-16,0,36
Wielsbeke,37017,2020-05-17,0,36
Wielsbeke,37017,2020-05-18,0,36
Wielsbeke,37017,2020-05-19,0,36
Wielsbeke,37017,2020-05-20,0,36
Wielsbeke,37017,2020-05-21,0,36
Wielsbeke,37017,2020-05-22,0,36
Wielsbeke,37017,2020-05-23,0,36
Wielsbeke,37017,2020-05-24,0,36
Wielsbeke,37017,2020-05-25,0,36
Wielsbeke,37017,2020-05-26,0,36
Wielsbeke,37017,2020-05-27,0,36
Wielsbeke,37017,2020-05-28,0,36
Wielsbeke,37017,2020-05-29,1,37
Wielsbeke,37017,2020-05-30,0,37
Wielsbeke,37017,2020-05-31,0,37
Wielsbeke,37017,2020-06-01,0,37
Wielsbeke,37017,2020-06-02,0,37
Wielsbeke,37017,2020-06-03,1,38
Wielsbeke,37017,2020-06-04,0,38
Wielsbeke,37017,2020-06-05,0,38
Wielsbeke,37017,2020-06-06,0,38
Wielsbeke,37017,2020-06-07,0,38
Wielsbeke,37017,2020-06-08,0,38
Wielsbeke,37017,2020-06-09,0,38
Wielsbeke,37017,2020-06-10,0,38
Wielsbeke,37017,2020-06-11,1,39
Wielsbeke,37017,2020-06-12,0,39
Wielsbeke,37017,2020-06-13,0,39
Wielsbeke,37017,2020-06-14,0,39
Wielsbeke,37017,2020-06-15,0,39
Wielsbeke,37017,2020-06-16,0,39
Wielsbeke,37017,2020-06-17,0,39
Wielsbeke,37017,2020-06-18,0,39
Wielsbeke,37017,2020-06-19,0,39
Wielsbeke,37017,2020-06-20,0,39
Wielsbeke,37017,2020-06-23,0,39
Wielsbeke,37017,2020-06-24,0,39
Wielsbeke,37017,2020-06-25,0,39
Wielsbeke,37017,2020-06-26,0,39
Wielsbeke,37017,2020-06-27,0,39
Wielsbeke,37017,2020-06-30,1,40
Wielsbeke,37017,2020-07-01,0,40
Wielsbeke,37017,2020-07-02,0,40
Wielsbeke,37017,2020-07-03,0,40
Wielsbeke,37017,2020-07-04,0,40
Wielsbeke,37017,2020-07-07,0,40
Wielsbeke,37017,2020-07-08,0,40
Wielsbeke,37017,2020-07-09,0,40
Wielsbeke,37017,2020-07-10,0,40
Wielsbeke,37017,2020-07-11,0,40
Wielsbeke,37017,2020-07-14,0,40
Wielsbeke,37017,2020-07-15,0,40
Wielsbeke,37017,2020-07-16,0,40
Wielsbeke,37017,2020-07-17,0,40
Wielsbeke,37017,2020-07-18,0,40
Wielsbeke,37017,2020-07-20,0,40
Wielsbeke,37017,2020-07-21,0,40
Wielsbeke,37017,2020-07-22,1,41
Wielsbeke,37017,2020-07-23,1,42
Wielsbeke,37017,2020-07-24,0,42
Wielsbeke,37017,2020-07-25,0,42
Wielsbeke,37017,2020-07-26,1,43
Wielsbeke,37017,2020-07-27,0,43
Wielsbeke,37017,2020-07-28,0,43
Wielsbeke,37017,2020-07-29,0,43
Wielsbeke,37017,2020-07-30,0,43
Wielsbeke,37017,2020-07-31,3,46
Wielsbeke,37017,2020-08-01,0,46
Wielsbeke,37017,2020-08-02,0,46
Wielsbeke,37017,2020-08-03,0,46
Wielsbeke,37017,2020-08-04,0,46
Wielsbeke,37017,2020-08-05,0,46
Wielsbeke,37017,2020-08-06,0,46
Wielsbeke,37017,2020-08-07,0,46
Wielsbeke,37017,2020-08-08,0,46
Wielsbeke,37017,2020-08-09,0,46
Wielsbeke,37017,2020-08-10,0,46
Wielsbeke,37017,2020-08-11,0,46
Wielsbeke,37017,2020-08-12,0,46
Wielsbeke,37017,2020-08-13,0,46
Wielsbeke,37017,2020-08-14,0,46
Wielsbeke,37017,2020-08-15,0,46
Wielsbeke,37017,2020-08-16,0,46
Wielsbeke,37017,2020-08-17,0,46
Wielsbeke,37017,2020-08-18,0,46
Wielsbeke,37017,2020-08-19,0,46
Wielsbeke,37017,2020-08-20,0,46
Wielsbeke,37017,2020-08-21,0,46
Wielsbeke,37017,2020-08-22,0,46
Wielsbeke,37017,2020-08-23,0,46
Wielsbeke,37017,2020-08-24,0,46
Wielsbeke,37017,2020-08-25,0,46
Wielsbeke,37017,2020-08-26,0,46
Wielsbeke,37017,2020-08-27,0,46
Wielsbeke,37017,2020-08-28,0,46
Wielsbeke,37017,2020-08-29,0,46
Wielsbeke,37017,2020-08-30,0,46
Wielsbeke,37017,2020-08-31,0,46
Wielsbeke,37017,2020-09-01,0,46
Wielsbeke,37017,2020-09-02,0,46
Wielsbeke,37017,2020-09-03,0,46
Wielsbeke,37017,2020-09-04,0,46
Wielsbeke,37017,2020-09-05,0,46
Wielsbeke,37017,2020-09-06,0,46
Wielsbeke,37017,2020-09-07,0,46
Wielsbeke,37017,2020-09-08,0,46
Wielsbeke,37017,2020-09-09,0,46
Wielsbeke,37017,2020-09-10,0,46
Wielsbeke,37017,2020-09-11,0,46
Wielsbeke,37017,2020-09-12,1,47
Wielsbeke,37017,2020-09-13,0,47
Wielsbeke,37017,2020-09-14,0,47
Wielsbeke,37017,2020-09-15,1,48
Wielsbeke,37017,2020-09-16,3,51
Wielsbeke,37017,2020-09-17,0,51
Wielsbeke,37017,2020-09-18,0,51
Wielsbeke,37017,2020-09-19,1,52
Wielsbeke,37017,2020-09-20,0,52
Wielsbeke,37017,2020-09-21,1,53
Wielsbeke,37017,2020-09-22,0,53
Wielsbeke,37017,2020-09-23,0,53
Wielsbeke,37017,2020-09-24,0,53
Wielsbeke,37017,2020-09-25,0,53
Wielsbeke,37017,2020-09-26,0,53
Wielsbeke,37017,2020-09-27,0,53
Wielsbeke,37017,2020-09-28,0,53
Wielsbeke,37017,2020-09-29,0,53
Wielsbeke,37017,2020-09-30,0,53
Wielsbeke,37017,2020-10-01,0,53
Wielsbeke,37017,2020-10-02,0,53
Wielsbeke,37017,2020-10-03,0,53
Wielsbeke,37017,2020-10-04,0,53
Wielsbeke,37017,2020-10-05,0,53
Wielsbeke,37017,2020-10-06,0,53
Wielsbeke,37017,2020-10-07,0,53
Wielsbeke,37017,2020-10-08,0,53
Wielsbeke,37017,2020-10-09,0,53
Wielsbeke,37017,2020-10-10,0,53
Wielsbeke,37017,2020-10-11,1,54
Wielsbeke,37017,2020-10-12,3,57
Wielsbeke,37017,2020-10-13,1,58
Wielsbeke,37017,2020-10-14,1,59
Wielsbeke,37017,2020-10-15,9,68
Wielsbeke,37017,2020-10-16,5,73
Wielsbeke,37017,2020-10-17,4,77
Wielsbeke,37017,2020-10-18,10,87
Wielsbeke,37017,2020-10-19,7,94
Wielsbeke,37017,2020-10-20,4,98
Wielsbeke,37017,2020-10-21,4,102
Wielsbeke,37017,2020-10-22,7,109
Wielsbeke,37017,2020-10-23,11,120
Wielsbeke,37017,2020-10-24,12,132
Wielsbeke,37017,2020-10-25,9,141
Wielsbeke,37017,2020-10-26,5,146
Wielsbeke,37017,2020-10-27,4,150
Wielsbeke,37017,2020-10-28,17,167
Wielsbeke,37017,2020-10-29,16,183
Wielsbeke,37017,2020-10-30,17,200
Wielsbeke,37017,2020-10-31,15,215
Wielsbeke,37017,2020-11-01,22,237
Wielsbeke,37017,2020-11-02,10,247
Wielsbeke,37017,2020-11-03,1,248
Wielsbeke,37017,2020-11-04,10,258
Wielsbeke,37017,2020-11-05,12,270
Wielsbeke,37017,2020-11-06,12,282
Wielsbeke,37017,2020-11-07,9,291
Wielsbeke,37017,2020-11-08,8,299
Wielsbeke,37017,2020-11-09,9,308
Wielsbeke,37017,2020-11-10,3,311
Wielsbeke,37017,2020-11-11,10,321
Wingene,37018,2020-04-01,3,36
Wingene,37018,2020-04-02,9,45
Wingene,37018,2020-04-03,0,45
Wingene,37018,2020-04-04,7,52
Wingene,37018,2020-04-05,3,55
Wingene,37018,2020-04-06,3,58
Wingene,37018,2020-04-07,5,63
Wingene,37018,2020-04-08,0,63
Wingene,37018,2020-04-09,7,70
Wingene,37018,2020-04-10,4,74
Wingene,37018,2020-04-11,8,82
Wingene,37018,2020-04-12,5,87
Wingene,37018,2020-04-13,3,90
Wingene,37018,2020-04-14,0,90
Wingene,37018,2020-04-15,2,92
Wingene,37018,2020-04-16,2,94
Wingene,37018,2020-04-17,1,95
Wingene,37018,2020-04-18,2,97
Wingene,37018,2020-04-19,0,97
Wingene,37018,2020-04-20,4,101
Wingene,37018,2020-04-21,3,104
Wingene,37018,2020-04-22,1,105
Wingene,37018,2020-04-23,0,105
Wingene,37018,2020-04-24,4,109
Wingene,37018,2020-04-25,1,110
Wingene,37018,2020-04-26,1,111
Wingene,37018,2020-04-27,0,111
Wingene,37018,2020-04-28,1,112
Wingene,37018,2020-04-29,2,114
Wingene,37018,2020-04-30,0,114
Wingene,37018,2020-05-01,1,115
Wingene,37018,2020-05-02,0,115
Wingene,37018,2020-05-03,0,115
Wingene,37018,2020-05-04,0,115
Wingene,37018,2020-05-05,0,115
Wingene,37018,2020-05-06,0,115
Wingene,37018,2020-05-07,3,118
Wingene,37018,2020-05-08,2,120
Wingene,37018,2020-05-09,1,121
Wingene,37018,2020-05-10,1,122
Wingene,37018,2020-05-11,1,123
Wingene,37018,2020-05-12,0,123
Wingene,37018,2020-05-13,1,124
Wingene,37018,2020-05-14,0,124
Wingene,37018,2020-05-15,0,124
Wingene,37018,2020-05-16,0,124
Wingene,37018,2020-05-17,0,124
Wingene,37018,2020-05-18,0,124
Wingene,37018,2020-05-19,1,125
Wingene,37018,2020-05-20,0,125
Wingene,37018,2020-05-21,0,125
Wingene,37018,2020-05-22,1,126
Wingene,37018,2020-05-23,0,126
Wingene,37018,2020-05-24,1,127
Wingene,37018,2020-05-25,0,127
Wingene,37018,2020-05-26,0,127
Wingene,37018,2020-05-27,0,127
Wingene,37018,2020-05-28,1,128
Wingene,37018,2020-05-29,0,128
Wingene,37018,2020-05-30,1,129
Wingene,37018,2020-05-31,0,129
Wingene,37018,2020-06-01,0,129
Wingene,37018,2020-06-02,0,129
Wingene,37018,2020-06-03,0,129
Wingene,37018,2020-06-04,1,130
Wingene,37018,2020-06-05,0,130
Wingene,37018,2020-06-06,0,130
Wingene,37018,2020-06-07,0,130
Wingene,37018,2020-06-08,0,130
Wingene,37018,2020-06-09,0,130
Wingene,37018,2020-06-10,0,130
Wingene,37018,2020-06-11,0,130
Wingene,37018,2020-06-12,0,130
Wingene,37018,2020-06-13,0,130
Wingene,37018,2020-06-14,0,130
Wingene,37018,2020-06-15,0,130
Wingene,37018,2020-06-16,0,130
Wingene,37018,2020-06-17,0,130
Wingene,37018,2020-06-18,0,130
Wingene,37018,2020-06-19,0,130
Wingene,37018,2020-06-20,0,130
Wingene,37018,2020-06-23,0,130
Wingene,37018,2020-06-24,1,131
Wingene,37018,2020-06-25,1,132
Wingene,37018,2020-06-26,0,132
Wingene,37018,2020-06-27,0,132
Wingene,37018,2020-06-30,0,132
Wingene,37018,2020-07-01,2,134
Wingene,37018,2020-07-02,0,134
Wingene,37018,2020-07-03,0,134
Wingene,37018,2020-07-04,1,135
Wingene,37018,2020-07-07,0,135
Wingene,37018,2020-07-08,0,135
Wingene,37018,2020-07-09,0,135
Wingene,37018,2020-07-10,0,135
Wingene,37018,2020-07-11,0,135
Wingene,37018,2020-07-14,0,135
Wingene,37018,2020-07-15,0,135
Wingene,37018,2020-07-16,0,135
Wingene,37018,2020-07-17,0,135
Wingene,37018,2020-07-18,2,137
Wingene,37018,2020-07-20,0,137
Wingene,37018,2020-07-21,0,137
Wingene,37018,2020-07-22,0,137
Wingene,37018,2020-07-23,1,138
Wingene,37018,2020-07-24,1,139
Wingene,37018,2020-07-25,1,140
Wingene,37018,2020-07-26,0,140
Wingene,37018,2020-07-27,0,140
Wingene,37018,2020-07-28,0,140
Wingene,37018,2020-07-29,1,141
Wingene,37018,2020-07-30,0,141
Wingene,37018,2020-07-31,0,141
Wingene,37018,2020-08-01,0,141
Wingene,37018,2020-08-02,0,141
Wingene,37018,2020-08-03,0,141
Wingene,37018,2020-08-04,0,141
Wingene,37018,2020-08-05,0,141
Wingene,37018,2020-08-06,0,141
Wingene,37018,2020-08-07,0,141
Wingene,37018,2020-08-08,0,141
Wingene,37018,2020-08-09,2,143
Wingene,37018,2020-08-10,0,143
Wingene,37018,2020-08-11,0,143
Wingene,37018,2020-08-12,0,143
Wingene,37018,2020-08-13,3,146
Wingene,37018,2020-08-14,0,146
Wingene,37018,2020-08-15,0,146
Wingene,37018,2020-08-16,0,146
Wingene,37018,2020-08-17,1,147
Wingene,37018,2020-08-18,0,147
Wingene,37018,2020-08-19,0,147
Wingene,37018,2020-08-20,5,152
Wingene,37018,2020-08-21,0,152
Wingene,37018,2020-08-22,0,152
Wingene,37018,2020-08-23,0,152
Wingene,37018,2020-08-24,0,152
Wingene,37018,2020-08-25,0,152
Wingene,37018,2020-08-26,0,152
Wingene,37018,2020-08-27,0,152
Wingene,37018,2020-08-28,0,152
Wingene,37018,2020-08-29,0,152
Wingene,37018,2020-08-30,0,152
Wingene,37018,2020-08-31,0,152
Wingene,37018,2020-09-01,0,152
Wingene,37018,2020-09-02,0,152
Wingene,37018,2020-09-03,0,152
Wingene,37018,2020-09-04,1,153
Wingene,37018,2020-09-05,1,154
Wingene,37018,2020-09-06,0,154
Wingene,37018,2020-09-07,0,154
Wingene,37018,2020-09-08,0,154
Wingene,37018,2020-09-09,0,154
Wingene,37018,2020-09-10,0,154
Wingene,37018,2020-09-11,0,154
Wingene,37018,2020-09-12,1,155
Wingene,37018,2020-09-13,0,155
Wingene,37018,2020-09-14,1,156
Wingene,37018,2020-09-15,0,156
Wingene,37018,2020-09-16,0,156
Wingene,37018,2020-09-17,0,156
Wingene,37018,2020-09-18,0,156
Wingene,37018,2020-09-19,0,156
Wingene,37018,2020-09-20,0,156
Wingene,37018,2020-09-21,-1,155
Wingene,37018,2020-09-22,0,155
Wingene,37018,2020-09-23,2,157
Wingene,37018,2020-09-24,0,157
Wingene,37018,2020-09-25,0,157
Wingene,37018,2020-09-26,0,157
Wingene,37018,2020-09-27,0,157
Wingene,37018,2020-09-28,0,157
Wingene,37018,2020-09-29,2,159
Wingene,37018,2020-09-30,0,159
Wingene,37018,2020-10-01,1,160
Wingene,37018,2020-10-02,0,160
Wingene,37018,2020-10-03,0,160
Wingene,37018,2020-10-04,1,161
Wingene,37018,2020-10-05,0,161
Wingene,37018,2020-10-06,0,161
Wingene,37018,2020-10-07,0,161
Wingene,37018,2020-10-08,5,166
Wingene,37018,2020-10-09,2,168
Wingene,37018,2020-10-10,6,174
Wingene,37018,2020-10-11,3,177
Wingene,37018,2020-10-12,4,181
Wingene,37018,2020-10-13,0,181
Wingene,37018,2020-10-14,4,185
Wingene,37018,2020-10-15,9,194
Wingene,37018,2020-10-16,7,201
Wingene,37018,2020-10-17,10,211
Wingene,37018,2020-10-18,16,227
Wingene,37018,2020-10-19,8,235
Wingene,37018,2020-10-20,9,244
Wingene,37018,2020-10-21,4,248
Wingene,37018,2020-10-22,8,256
Wingene,37018,2020-10-23,10,266
Wingene,37018,2020-10-24,19,285
Wingene,37018,2020-10-25,14,299
Wingene,37018,2020-10-26,24,323
Wingene,37018,2020-10-27,17,340
Wingene,37018,2020-10-28,3,343
Wingene,37018,2020-10-29,14,357
Wingene,37018,2020-10-30,29,386
Wingene,37018,2020-10-31,20,406
Wingene,37018,2020-11-01,5,411
Wingene,37018,2020-11-02,14,425
Wingene,37018,2020-11-03,8,433
Wingene,37018,2020-11-04,6,439
Wingene,37018,2020-11-05,13,452
Wingene,37018,2020-11-06,8,460
Wingene,37018,2020-11-07,8,468
Wingene,37018,2020-11-08,7,475
Wingene,37018,2020-11-09,3,478
Wingene,37018,2020-11-10,5,483
Wingene,37018,2020-11-11,7,490
Ardooie,37020,2020-04-01,0,20
Ardooie,37020,2020-04-02,1,21
Ardooie,37020,2020-04-03,3,24
Ardooie,37020,2020-04-04,1,25
Ardooie,37020,2020-04-05,0,25
Ardooie,37020,2020-04-06,0,25
Ardooie,37020,2020-04-07,0,25
Ardooie,37020,2020-04-08,0,25
Ardooie,37020,2020-04-09,1,26
Ardooie,37020,2020-04-10,1,27
Ardooie,37020,2020-04-11,0,27
Ardooie,37020,2020-04-12,0,27
Ardooie,37020,2020-04-13,0,27
Ardooie,37020,2020-04-14,0,27
Ardooie,37020,2020-04-15,0,27
Ardooie,37020,2020-04-16,0,27
Ardooie,37020,2020-04-17,0,27
Ardooie,37020,2020-04-18,0,27
Ardooie,37020,2020-04-19,2,29
Ardooie,37020,2020-04-20,0,29
Ardooie,37020,2020-04-21,-2,27
Ardooie,37020,2020-04-22,1,28
Ardooie,37020,2020-04-23,-1,27
Ardooie,37020,2020-04-24,0,27
Ardooie,37020,2020-04-25,0,27
Ardooie,37020,2020-04-26,0,27
Ardooie,37020,2020-04-27,0,27
Ardooie,37020,2020-04-28,0,27
Ardooie,37020,2020-04-29,0,27
Ardooie,37020,2020-04-30,0,27
Ardooie,37020,2020-05-01,0,27
Ardooie,37020,2020-05-02,0,27
Ardooie,37020,2020-05-03,0,27
Ardooie,37020,2020-05-04,0,27
Ardooie,37020,2020-05-05,0,27
Ardooie,37020,2020-05-06,0,27
Ardooie,37020,2020-05-07,0,27
Ardooie,37020,2020-05-08,1,28
Ardooie,37020,2020-05-09,0,28
Ardooie,37020,2020-05-10,0,28
Ardooie,37020,2020-05-11,0,28
Ardooie,37020,2020-05-12,0,28
Ardooie,37020,2020-05-13,2,30
Ardooie,37020,2020-05-14,0,30
Ardooie,37020,2020-05-15,0,30
Ardooie,37020,2020-05-16,0,30
Ardooie,37020,2020-05-17,0,30
Ardooie,37020,2020-05-18,0,30
Ardooie,37020,2020-05-19,0,30
Ardooie,37020,2020-05-20,0,30
Ardooie,37020,2020-05-21,0,30
Ardooie,37020,2020-05-22,0,30
Ardooie,37020,2020-05-23,0,30
Ardooie,37020,2020-05-24,0,30
Ardooie,37020,2020-05-25,0,30
Ardooie,37020,2020-05-26,0,30
Ardooie,37020,2020-05-27,0,30
Ardooie,37020,2020-05-28,0,30
Ardooie,37020,2020-05-29,0,30
Ardooie,37020,2020-05-30,0,30
Ardooie,37020,2020-05-31,0,30
Ardooie,37020,2020-06-01,0,30
Ardooie,37020,2020-06-02,0,30
Ardooie,37020,2020-06-03,0,30
Ardooie,37020,2020-06-04,0,30
Ardooie,37020,2020-06-05,0,30
Ardooie,37020,2020-06-06,0,30
Ardooie,37020,2020-06-07,0,30
Ardooie,37020,2020-06-08,3,33
Ardooie,37020,2020-06-09,0,33
Ardooie,37020,2020-06-10,3,36
Ardooie,37020,2020-06-11,0,36
Ardooie,37020,2020-06-12,0,36
Ardooie,37020,2020-06-13,0,36
Ardooie,37020,2020-06-14,0,36
Ardooie,37020,2020-06-15,0,36
Ardooie,37020,2020-06-16,0,36
Ardooie,37020,2020-06-17,0,36
Ardooie,37020,2020-06-18,0,36
Ardooie,37020,2020-06-19,0,36
Ardooie,37020,2020-06-20,0,36
Ardooie,37020,2020-06-23,0,36
Ardooie,37020,2020-06-24,0,36
Ardooie,37020,2020-06-25,0,36
Ardooie,37020,2020-06-26,0,36
Ardooie,37020,2020-06-27,0,36
Ardooie,37020,2020-06-30,0,36
Ardooie,37020,2020-07-01,0,36
Ardooie,37020,2020-07-02,0,36
Ardooie,37020,2020-07-03,0,36
Ardooie,37020,2020-07-04,0,36
Ardooie,37020,2020-07-07,0,36
Ardooie,37020,2020-07-08,0,36
Ardooie,37020,2020-07-09,0,36
Ardooie,37020,2020-07-10,0,36
Ardooie,37020,2020-07-11,0,36
Ardooie,37020,2020-07-14,0,36
Ardooie,37020,2020-07-15,0,36
Ardooie,37020,2020-07-16,0,36
Ardooie,37020,2020-07-17,2,38
Ardooie,37020,2020-07-18,0,38
Ardooie,37020,2020-07-20,0,38
Ardooie,37020,2020-07-21,0,38
Ardooie,37020,2020-07-22,0,38
Ardooie,37020,2020-07-23,0,38
Ardooie,37020,2020-07-24,0,38
Ardooie,37020,2020-07-25,0,38
Ardooie,37020,2020-07-26,0,38
Ardooie,37020,2020-07-27,0,38
Ardooie,37020,2020-07-28,0,38
Ardooie,37020,2020-07-29,0,38
Ardooie,37020,2020-07-30,1,39
Ardooie,37020,2020-07-31,0,39
Ardooie,37020,2020-08-01,0,39
Ardooie,37020,2020-08-02,0,39
Ardooie,37020,2020-08-03,1,40
Ardooie,37020,2020-08-04,0,40
Ardooie,37020,2020-08-05,0,40
Ardooie,37020,2020-08-06,0,40
Ardooie,37020,2020-08-07,0,40
Ardooie,37020,2020-08-08,0,40
Ardooie,37020,2020-08-09,1,41
Ardooie,37020,2020-08-10,0,41
Ardooie,37020,2020-08-11,0,41
Ardooie,37020,2020-08-12,0,41
Ardooie,37020,2020-08-13,2,43
Ardooie,37020,2020-08-14,3,46
Ardooie,37020,2020-08-15,1,47
Ardooie,37020,2020-08-16,0,47
Ardooie,37020,2020-08-17,0,47
Ardooie,37020,2020-08-18,0,47
Ardooie,37020,2020-08-19,0,47
Ardooie,37020,2020-08-20,1,48
Ardooie,37020,2020-08-21,0,48
Ardooie,37020,2020-08-22,0,48
Ardooie,37020,2020-08-23,0,48
Ardooie,37020,2020-08-24,1,49
Ardooie,37020,2020-08-25,0,49
Ardooie,37020,2020-08-26,0,49
Ardooie,37020,2020-08-27,1,50
Ardooie,37020,2020-08-28,0,50
Ardooie,37020,2020-08-29,1,51
Ardooie,37020,2020-08-30,0,51
Ardooie,37020,2020-08-31,0,51
Ardooie,37020,2020-09-01,0,51
Ardooie,37020,2020-09-02,0,51
Ardooie,37020,2020-09-03,0,51
Ardooie,37020,2020-09-04,0,51
Ardooie,37020,2020-09-05,0,51
Ardooie,37020,2020-09-06,0,51
Ardooie,37020,2020-09-07,0,51
Ardooie,37020,2020-09-08,0,51
Ardooie,37020,2020-09-09,0,51
Ardooie,37020,2020-09-10,0,51
Ardooie,37020,2020-09-11,0,51
Ardooie,37020,2020-09-12,1,52
Ardooie,37020,2020-09-13,0,52
Ardooie,37020,2020-09-14,0,52
Ardooie,37020,2020-09-15,0,52
Ardooie,37020,2020-09-16,1,53
Ardooie,37020,2020-09-17,0,53
Ardooie,37020,2020-09-18,0,53
Ardooie,37020,2020-09-19,1,54
Ardooie,37020,2020-09-20,0,54
Ardooie,37020,2020-09-21,1,55
Ardooie,37020,2020-09-22,0,55
Ardooie,37020,2020-09-23,0,55
Ardooie,37020,2020-09-24,0,55
Ardooie,37020,2020-09-25,0,55
Ardooie,37020,2020-09-26,0,55
Ardooie,37020,2020-09-27,2,57
Ardooie,37020,2020-09-28,2,59
Ardooie,37020,2020-09-29,1,60
Ardooie,37020,2020-09-30,0,60
Ardooie,37020,2020-10-01,0,60
Ardooie,37020,2020-10-02,0,60
Ardooie,37020,2020-10-03,0,60
Ardooie,37020,2020-10-04,1,61
Ardooie,37020,2020-10-05,0,61
Ardooie,37020,2020-10-06,1,62
Ardooie,37020,2020-10-07,0,62
Ardooie,37020,2020-10-08,4,66
Ardooie,37020,2020-10-09,5,71
Ardooie,37020,2020-10-10,1,72
Ardooie,37020,2020-10-11,3,75
Ardooie,37020,2020-10-12,8,83
Ardooie,37020,2020-10-13,0,83
Ardooie,37020,2020-10-14,9,92
Ardooie,37020,2020-10-15,8,100
Ardooie,37020,2020-10-16,5,105
Ardooie,37020,2020-10-17,6,111
Ardooie,37020,2020-10-18,9,120
Ardooie,37020,2020-10-19,5,125
Ardooie,37020,2020-10-20,8,133
Ardooie,37020,2020-10-21,3,136
Ardooie,37020,2020-10-22,6,142
Ardooie,37020,2020-10-23,6,148
Ardooie,37020,2020-10-24,12,160
Ardooie,37020,2020-10-25,12,172
Ardooie,37020,2020-10-26,11,183
Ardooie,37020,2020-10-27,14,197
Ardooie,37020,2020-10-28,9,206
Ardooie,37020,2020-10-29,14,220
Ardooie,37020,2020-10-30,19,239
Ardooie,37020,2020-10-31,8,247
Ardooie,37020,2020-11-01,14,261
Ardooie,37020,2020-11-02,25,286
Ardooie,37020,2020-11-03,6,292
Ardooie,37020,2020-11-04,2,294
Ardooie,37020,2020-11-05,18,312
Ardooie,37020,2020-11-06,9,321
Ardooie,37020,2020-11-07,5,326
Ardooie,37020,2020-11-08,2,328
Ardooie,37020,2020-11-09,2,330
Ardooie,37020,2020-11-10,10,340
Ardooie,37020,2020-11-11,6,346
Alveringem,38002,2020-04-01,1,6
Alveringem,38002,2020-04-02,1,7
Alveringem,38002,2020-04-03,1,8
Alveringem,38002,2020-04-04,0,8
Alveringem,38002,2020-04-05,0,8
Alveringem,38002,2020-04-06,0,8
Alveringem,38002,2020-04-07,0,8
Alveringem,38002,2020-04-08,1,9
Alveringem,38002,2020-04-09,1,10
Alveringem,38002,2020-04-10,1,11
Alveringem,38002,2020-04-11,0,11
Alveringem,38002,2020-04-12,0,11
Alveringem,38002,2020-04-13,3,14
Alveringem,38002,2020-04-14,1,15
Alveringem,38002,2020-04-15,0,15
Alveringem,38002,2020-04-16,0,15
Alveringem,38002,2020-04-17,0,15
Alveringem,38002,2020-04-18,0,15
Alveringem,38002,2020-04-19,0,15
Alveringem,38002,2020-04-20,1,16
Alveringem,38002,2020-04-21,0,16
Alveringem,38002,2020-04-22,0,16
Alveringem,38002,2020-04-23,0,16
Alveringem,38002,2020-04-24,0,16
Alveringem,38002,2020-04-25,0,16
Alveringem,38002,2020-04-26,0,16
Alveringem,38002,2020-04-27,0,16
Alveringem,38002,2020-04-28,0,16
Alveringem,38002,2020-04-29,0,16
Alveringem,38002,2020-04-30,0,16
Alveringem,38002,2020-05-01,0,16
Alveringem,38002,2020-05-02,1,17
Alveringem,38002,2020-05-03,0,17
Alveringem,38002,2020-05-04,0,17
Alveringem,38002,2020-05-05,0,17
Alveringem,38002,2020-05-06,0,17
Alveringem,38002,2020-05-07,0,17
Alveringem,38002,2020-05-08,0,17
Alveringem,38002,2020-05-09,1,18
Alveringem,38002,2020-05-10,0,18
Alveringem,38002,2020-05-11,0,18
Alveringem,38002,2020-05-12,0,18
Alveringem,38002,2020-05-13,0,18
Alveringem,38002,2020-05-14,0,18
Alveringem,38002,2020-05-15,0,18
Alveringem,38002,2020-05-16,0,18
Alveringem,38002,2020-05-17,0,18
Alveringem,38002,2020-05-18,0,18
Alveringem,38002,2020-05-19,0,18
Alveringem,38002,2020-05-20,0,18
Alveringem,38002,2020-05-21,1,19
Alveringem,38002,2020-05-22,0,19
Alveringem,38002,2020-05-23,0,19
Alveringem,38002,2020-05-24,0,19
Alveringem,38002,2020-05-25,0,19
Alveringem,38002,2020-05-26,0,19
Alveringem,38002,2020-05-27,0,19
Alveringem,38002,2020-05-28,0,19
Alveringem,38002,2020-05-29,0,19
Alveringem,38002,2020-05-30,0,19
Alveringem,38002,2020-05-31,0,19
Alveringem,38002,2020-06-01,0,19
Alveringem,38002,2020-06-02,0,19
Alveringem,38002,2020-06-03,0,19
Alveringem,38002,2020-06-04,0,19
Alveringem,38002,2020-06-05,0,19
Alveringem,38002,2020-06-06,0,19
Alveringem,38002,2020-06-07,0,19
Alveringem,38002,2020-06-08,0,19
Alveringem,38002,2020-06-09,0,19
Alveringem,38002,2020-06-10,0,19
Alveringem,38002,2020-06-11,0,19
Alveringem,38002,2020-06-12,0,19
Alveringem,38002,2020-06-13,0,19
Alveringem,38002,2020-06-14,0,19
Alveringem,38002,2020-06-15,0,19
Alveringem,38002,2020-06-16,0,19
Alveringem,38002,2020-06-17,0,19
Alveringem,38002,2020-06-18,0,19
Alveringem,38002,2020-06-19,0,19
Alveringem,38002,2020-06-20,0,19
Alveringem,38002,2020-06-23,0,19
Alveringem,38002,2020-06-24,0,19
Alveringem,38002,2020-06-25,0,19
Alveringem,38002,2020-06-26,0,19
Alveringem,38002,2020-06-27,0,19
Alveringem,38002,2020-06-30,0,19
Alveringem,38002,2020-07-01,0,19
Alveringem,38002,2020-07-02,0,19
Alveringem,38002,2020-07-03,0,19
Alveringem,38002,2020-07-04,0,19
Alveringem,38002,2020-07-07,1,20
Alveringem,38002,2020-07-08,1,21
Alveringem,38002,2020-07-09,-1,20
Alveringem,38002,2020-07-10,0,20
Alveringem,38002,2020-07-11,0,20
Alveringem,38002,2020-07-14,0,20
Alveringem,38002,2020-07-15,0,20
Alveringem,38002,2020-07-16,0,20
Alveringem,38002,2020-07-17,0,20
Alveringem,38002,2020-07-18,0,20
Alveringem,38002,2020-07-20,0,20
Alveringem,38002,2020-07-21,0,20
Alveringem,38002,2020-07-22,0,20
Alveringem,38002,2020-07-23,0,20
Alveringem,38002,2020-07-24,0,20
Alveringem,38002,2020-07-25,0,20
Alveringem,38002,2020-07-26,0,20
Alveringem,38002,2020-07-27,0,20
Alveringem,38002,2020-07-28,0,20
Alveringem,38002,2020-07-29,0,20
Alveringem,38002,2020-07-30,0,20
Alveringem,38002,2020-07-31,0,20
Alveringem,38002,2020-08-01,0,20
Alveringem,38002,2020-08-02,0,20
Alveringem,38002,2020-08-03,0,20
Alveringem,38002,2020-08-04,0,20
Alveringem,38002,2020-08-05,0,20
Alveringem,38002,2020-08-06,0,20
Alveringem,38002,2020-08-07,0,20
Alveringem,38002,2020-08-08,0,20
Alveringem,38002,2020-08-09,0,20
Alveringem,38002,2020-08-10,0,20
Alveringem,38002,2020-08-11,0,20
Alveringem,38002,2020-08-12,0,20
Alveringem,38002,2020-08-13,0,20
Alveringem,38002,2020-08-14,0,20
Alveringem,38002,2020-08-15,0,20
Alveringem,38002,2020-08-16,0,20
Alveringem,38002,2020-08-17,0,20
Alveringem,38002,2020-08-18,0,20
Alveringem,38002,2020-08-19,0,20
Alveringem,38002,2020-08-20,0,20
Alveringem,38002,2020-08-21,0,20
Alveringem,38002,2020-08-22,0,20
Alveringem,38002,2020-08-23,1,21
Alveringem,38002,2020-08-24,0,21
Alveringem,38002,2020-08-25,0,21
Alveringem,38002,2020-08-26,0,21
Alveringem,38002,2020-08-27,0,21
Alveringem,38002,2020-08-28,0,21
Alveringem,38002,2020-08-29,0,21
Alveringem,38002,2020-08-30,0,21
Alveringem,38002,2020-08-31,0,21
Alveringem,38002,2020-09-01,0,21
Alveringem,38002,2020-09-02,1,22
Alveringem,38002,2020-09-03,0,22
Alveringem,38002,2020-09-04,0,22
Alveringem,38002,2020-09-05,0,22
Alveringem,38002,2020-09-06,0,22
Alveringem,38002,2020-09-07,0,22
Alveringem,38002,2020-09-08,0,22
Alveringem,38002,2020-09-09,2,24
Alveringem,38002,2020-09-10,0,24
Alveringem,38002,2020-09-11,9,33
Alveringem,38002,2020-09-12,2,35
Alveringem,38002,2020-09-13,4,39
Alveringem,38002,2020-09-14,2,41
Alveringem,38002,2020-09-15,2,43
Alveringem,38002,2020-09-16,0,43
Alveringem,38002,2020-09-17,3,46
Alveringem,38002,2020-09-18,2,48
Alveringem,38002,2020-09-19,1,49
Alveringem,38002,2020-09-20,2,51
Alveringem,38002,2020-09-21,0,51
Alveringem,38002,2020-09-22,2,53
Alveringem,38002,2020-09-23,0,53
Alveringem,38002,2020-09-24,0,53
Alveringem,38002,2020-09-25,3,56
Alveringem,38002,2020-09-26,0,56
Alveringem,38002,2020-09-27,2,58
Alveringem,38002,2020-09-28,0,58
Alveringem,38002,2020-09-29,0,58
Alveringem,38002,2020-09-30,0,58
Alveringem,38002,2020-10-01,0,58
Alveringem,38002,2020-10-02,0,58
Alveringem,38002,2020-10-03,0,58
Alveringem,38002,2020-10-04,1,59
Alveringem,38002,2020-10-05,0,59
Alveringem,38002,2020-10-06,0,59
Alveringem,38002,2020-10-07,0,59
Alveringem,38002,2020-10-08,0,59
Alveringem,38002,2020-10-09,1,60
Alveringem,38002,2020-10-10,0,60
Alveringem,38002,2020-10-11,3,63
Alveringem,38002,2020-10-12,0,63
Alveringem,38002,2020-10-13,1,64
Alveringem,38002,2020-10-14,0,64
Alveringem,38002,2020-10-15,0,64
Alveringem,38002,2020-10-16,0,64
Alveringem,38002,2020-10-17,1,65
Alveringem,38002,2020-10-18,1,66
Alveringem,38002,2020-10-19,1,67
Alveringem,38002,2020-10-20,2,69
Alveringem,38002,2020-10-21,2,71
Alveringem,38002,2020-10-22,6,77
Alveringem,38002,2020-10-23,2,79
Alveringem,38002,2020-10-24,5,84
Alveringem,38002,2020-10-25,2,86
Alveringem,38002,2020-10-26,5,91
Alveringem,38002,2020-10-27,2,93
Alveringem,38002,2020-10-28,0,93
Alveringem,38002,2020-10-29,4,97
Alveringem,38002,2020-10-30,4,101
Alveringem,38002,2020-10-31,8,109
Alveringem,38002,2020-11-01,10,119
Alveringem,38002,2020-11-02,8,127
Alveringem,38002,2020-11-03,3,130
Alveringem,38002,2020-11-04,0,130
Alveringem,38002,2020-11-05,8,138
Alveringem,38002,2020-11-06,3,141
Alveringem,38002,2020-11-07,1,142
Alveringem,38002,2020-11-08,1,143
Alveringem,38002,2020-11-09,1,144
Alveringem,38002,2020-11-10,0,144
Alveringem,38002,2020-11-11,4,148
De Panne,38008,2020-04-01,1,7
De Panne,38008,2020-04-02,2,9
De Panne,38008,2020-04-03,1,10
De Panne,38008,2020-04-04,2,12
De Panne,38008,2020-04-05,3,15
De Panne,38008,2020-04-06,1,16
De Panne,38008,2020-04-07,0,16
De Panne,38008,2020-04-08,0,16
De Panne,38008,2020-04-09,3,19
De Panne,38008,2020-04-10,0,19
De Panne,38008,2020-04-11,1,20
De Panne,38008,2020-04-12,0,20
De Panne,38008,2020-04-13,1,21
De Panne,38008,2020-04-14,1,22
De Panne,38008,2020-04-15,0,22
De Panne,38008,2020-04-16,0,22
De Panne,38008,2020-04-17,2,24
De Panne,38008,2020-04-18,1,25
De Panne,38008,2020-04-19,1,26
De Panne,38008,2020-04-20,1,27
De Panne,38008,2020-04-21,0,27
De Panne,38008,2020-04-22,0,27
De Panne,38008,2020-04-23,0,27
De Panne,38008,2020-04-24,0,27
De Panne,38008,2020-04-25,0,27
De Panne,38008,2020-04-26,0,27
De Panne,38008,2020-04-27,0,27
De Panne,38008,2020-04-28,1,28
De Panne,38008,2020-04-29,1,29
De Panne,38008,2020-04-30,1,30
De Panne,38008,2020-05-01,0,30
De Panne,38008,2020-05-02,0,30
De Panne,38008,2020-05-03,0,30
De Panne,38008,2020-05-04,0,30
De Panne,38008,2020-05-05,0,30
De Panne,38008,2020-05-06,0,30
De Panne,38008,2020-05-07,0,30
De Panne,38008,2020-05-08,0,30
De Panne,38008,2020-05-09,1,31
De Panne,38008,2020-05-10,2,33
De Panne,38008,2020-05-11,0,33
De Panne,38008,2020-05-12,1,34
De Panne,38008,2020-05-13,0,34
De Panne,38008,2020-05-14,0,34
De Panne,38008,2020-05-15,0,34
De Panne,38008,2020-05-16,0,34
De Panne,38008,2020-05-17,1,35
De Panne,38008,2020-05-18,0,35
De Panne,38008,2020-05-19,0,35
De Panne,38008,2020-05-20,0,35
De Panne,38008,2020-05-21,0,35
De Panne,38008,2020-05-22,0,35
De Panne,38008,2020-05-23,0,35
De Panne,38008,2020-05-24,0,35
De Panne,38008,2020-05-25,0,35
De Panne,38008,2020-05-26,0,35
De Panne,38008,2020-05-27,0,35
De Panne,38008,2020-05-28,0,35
De Panne,38008,2020-05-29,0,35
De Panne,38008,2020-05-30,0,35
De Panne,38008,2020-05-31,0,35
De Panne,38008,2020-06-01,0,35
De Panne,38008,2020-06-02,0,35
De Panne,38008,2020-06-03,0,35
De Panne,38008,2020-06-04,0,35
De Panne,38008,2020-06-05,0,35
De Panne,38008,2020-06-06,0,35
De Panne,38008,2020-06-07,0,35
De Panne,38008,2020-06-08,0,35
De Panne,38008,2020-06-09,0,35
De Panne,38008,2020-06-10,0,35
De Panne,38008,2020-06-11,0,35
De Panne,38008,2020-06-12,0,35
De Panne,38008,2020-06-13,0,35
De Panne,38008,2020-06-14,0,35
De Panne,38008,2020-06-15,0,35
De Panne,38008,2020-06-16,0,35
De Panne,38008,2020-06-17,0,35
De Panne,38008,2020-06-18,0,35
De Panne,38008,2020-06-19,0,35
De Panne,38008,2020-06-20,0,35
De Panne,38008,2020-06-23,0,35
De Panne,38008,2020-06-24,0,35
De Panne,38008,2020-06-25,0,35
De Panne,38008,2020-06-26,0,35
De Panne,38008,2020-06-27,0,35
De Panne,38008,2020-06-30,0,35
De Panne,38008,2020-07-01,0,35
De Panne,38008,2020-07-02,0,35
De Panne,38008,2020-07-03,0,35
De Panne,38008,2020-07-04,0,35
De Panne,38008,2020-07-07,0,35
De Panne,38008,2020-07-08,0,35
De Panne,38008,2020-07-09,0,35
De Panne,38008,2020-07-10,0,35
De Panne,38008,2020-07-11,0,35
De Panne,38008,2020-07-14,0,35
De Panne,38008,2020-07-15,0,35
De Panne,38008,2020-07-16,0,35
De Panne,38008,2020-07-17,0,35
De Panne,38008,2020-07-18,0,35
De Panne,38008,2020-07-20,0,35
De Panne,38008,2020-07-21,0,35
De Panne,38008,2020-07-22,0,35
De Panne,38008,2020-07-23,0,35
De Panne,38008,2020-07-24,0,35
De Panne,38008,2020-07-25,0,35
De Panne,38008,2020-07-26,0,35
De Panne,38008,2020-07-27,0,35
De Panne,38008,2020-07-28,0,35
De Panne,38008,2020-07-29,0,35
De Panne,38008,2020-07-30,0,35
De Panne,38008,2020-07-31,0,35
De Panne,38008,2020-08-01,0,35
De Panne,38008,2020-08-02,0,35
De Panne,38008,2020-08-03,0,35
De Panne,38008,2020-08-04,0,35
De Panne,38008,2020-08-05,0,35
De Panne,38008,2020-08-06,0,35
De Panne,38008,2020-08-07,0,35
De Panne,38008,2020-08-08,0,35
De Panne,38008,2020-08-09,0,35
De Panne,38008,2020-08-10,0,35
De Panne,38008,2020-08-11,0,35
De Panne,38008,2020-08-12,0,35
De Panne,38008,2020-08-13,0,35
De Panne,38008,2020-08-14,0,35
De Panne,38008,2020-08-15,0,35
De Panne,38008,2020-08-16,0,35
De Panne,38008,2020-08-17,0,35
De Panne,38008,2020-08-18,0,35
De Panne,38008,2020-08-19,0,35
De Panne,38008,2020-08-20,0,35
De Panne,38008,2020-08-21,0,35
De Panne,38008,2020-08-22,0,35
De Panne,38008,2020-08-23,0,35
De Panne,38008,2020-08-24,0,35
De Panne,38008,2020-08-25,0,35
De Panne,38008,2020-08-26,0,35
De Panne,38008,2020-08-27,0,35
De Panne,38008,2020-08-28,0,35
De Panne,38008,2020-08-29,0,35
De Panne,38008,2020-08-30,0,35
De Panne,38008,2020-08-31,0,35
De Panne,38008,2020-09-01,1,36
De Panne,38008,2020-09-02,2,38
De Panne,38008,2020-09-03,0,38
De Panne,38008,2020-09-04,0,38
De Panne,38008,2020-09-05,0,38
De Panne,38008,2020-09-06,0,38
De Panne,38008,2020-09-07,0,38
De Panne,38008,2020-09-08,0,38
De Panne,38008,2020-09-09,0,38
De Panne,38008,2020-09-10,0,38
De Panne,38008,2020-09-11,0,38
De Panne,38008,2020-09-12,0,38
De Panne,38008,2020-09-13,0,38
De Panne,38008,2020-09-14,0,38
De Panne,38008,2020-09-15,0,38
De Panne,38008,2020-09-16,0,38
De Panne,38008,2020-09-17,1,39
De Panne,38008,2020-09-18,0,39
De Panne,38008,2020-09-19,0,39
De Panne,38008,2020-09-20,0,39
De Panne,38008,2020-09-21,1,40
De Panne,38008,2020-09-22,2,42
De Panne,38008,2020-09-23,1,43
De Panne,38008,2020-09-24,1,44
De Panne,38008,2020-09-25,1,45
De Panne,38008,2020-09-26,1,46
De Panne,38008,2020-09-27,2,48
De Panne,38008,2020-09-28,0,48
De Panne,38008,2020-09-29,1,49
De Panne,38008,2020-09-30,0,49
De Panne,38008,2020-10-01,0,49
De Panne,38008,2020-10-02,1,50
De Panne,38008,2020-10-03,0,50
De Panne,38008,2020-10-04,2,52
De Panne,38008,2020-10-05,0,52
De Panne,38008,2020-10-06,0,52
De Panne,38008,2020-10-07,0,52
De Panne,38008,2020-10-08,4,56
De Panne,38008,2020-10-09,0,56
De Panne,38008,2020-10-10,0,56
De Panne,38008,2020-10-11,6,62
De Panne,38008,2020-10-12,2,64
De Panne,38008,2020-10-13,2,66
De Panne,38008,2020-10-14,4,70
De Panne,38008,2020-10-15,1,71
De Panne,38008,2020-10-16,8,79
De Panne,38008,2020-10-17,2,81
De Panne,38008,2020-10-18,4,85
De Panne,38008,2020-10-19,3,88
De Panne,38008,2020-10-20,3,91
De Panne,38008,2020-10-21,3,94
De Panne,38008,2020-10-22,4,98
De Panne,38008,2020-10-23,2,100
De Panne,38008,2020-10-24,2,102
De Panne,38008,2020-10-25,6,108
De Panne,38008,2020-10-26,14,122
De Panne,38008,2020-10-27,6,128
De Panne,38008,2020-10-28,0,128
De Panne,38008,2020-10-29,8,136
De Panne,38008,2020-10-30,9,145
De Panne,38008,2020-10-31,8,153
De Panne,38008,2020-11-01,6,159
De Panne,38008,2020-11-02,7,166
De Panne,38008,2020-11-03,3,169
De Panne,38008,2020-11-04,2,171
De Panne,38008,2020-11-05,9,180
De Panne,38008,2020-11-06,3,183
De Panne,38008,2020-11-07,4,187
De Panne,38008,2020-11-08,3,190
De Panne,38008,2020-11-09,4,194
De Panne,38008,2020-11-10,1,195
De Panne,38008,2020-11-11,4,199
Koksijde,38014,2020-04-01,2,20
Koksijde,38014,2020-04-02,3,23
Koksijde,38014,2020-04-03,0,23
Koksijde,38014,2020-04-04,3,26
Koksijde,38014,2020-04-05,1,27
Koksijde,38014,2020-04-06,2,29
Koksijde,38014,2020-04-07,0,29
Koksijde,38014,2020-04-08,3,32
Koksijde,38014,2020-04-09,6,38
Koksijde,38014,2020-04-10,4,42
Koksijde,38014,2020-04-11,3,45
Koksijde,38014,2020-04-12,2,47
Koksijde,38014,2020-04-13,3,50
Koksijde,38014,2020-04-14,2,52
Koksijde,38014,2020-04-15,0,52
Koksijde,38014,2020-04-16,2,54
Koksijde,38014,2020-04-17,1,55
Koksijde,38014,2020-04-18,6,61
Koksijde,38014,2020-04-19,0,61
Koksijde,38014,2020-04-20,1,62
Koksijde,38014,2020-04-21,0,62
Koksijde,38014,2020-04-22,0,62
Koksijde,38014,2020-04-23,0,62
Koksijde,38014,2020-04-24,1,63
Koksijde,38014,2020-04-25,0,63
Koksijde,38014,2020-04-26,0,63
Koksijde,38014,2020-04-27,0,63
Koksijde,38014,2020-04-28,2,65
Koksijde,38014,2020-04-29,1,66
Koksijde,38014,2020-04-30,3,69
Koksijde,38014,2020-05-01,0,69
Koksijde,38014,2020-05-02,0,69
Koksijde,38014,2020-05-03,0,69
Koksijde,38014,2020-05-04,1,70
Koksijde,38014,2020-05-05,1,71
Koksijde,38014,2020-05-06,1,72
Koksijde,38014,2020-05-07,1,73
Koksijde,38014,2020-05-08,0,73
Koksijde,38014,2020-05-09,1,74
Koksijde,38014,2020-05-10,1,75
Koksijde,38014,2020-05-11,1,76
Koksijde,38014,2020-05-12,0,76
Koksijde,38014,2020-05-13,0,76
Koksijde,38014,2020-05-14,0,76
Koksijde,38014,2020-05-15,0,76
Koksijde,38014,2020-05-16,0,76
Koksijde,38014,2020-05-17,0,76
Koksijde,38014,2020-05-18,0,76
Koksijde,38014,2020-05-19,0,76
Koksijde,38014,2020-05-20,1,77
Koksijde,38014,2020-05-21,1,78
Koksijde,38014,2020-05-22,0,78
Koksijde,38014,2020-05-23,2,80
Koksijde,38014,2020-05-24,0,80
Koksijde,38014,2020-05-25,2,82
Koksijde,38014,2020-05-26,0,82
Koksijde,38014,2020-05-27,0,82
Koksijde,38014,2020-05-28,0,82
Koksijde,38014,2020-05-29,1,83
Koksijde,38014,2020-05-30,0,83
Koksijde,38014,2020-05-31,0,83
Koksijde,38014,2020-06-01,1,84
Koksijde,38014,2020-06-02,0,84
Koksijde,38014,2020-06-03,0,84
Koksijde,38014,2020-06-04,0,84
Koksijde,38014,2020-06-05,0,84
Koksijde,38014,2020-06-06,0,84
Koksijde,38014,2020-06-07,0,84
Koksijde,38014,2020-06-08,0,84
Koksijde,38014,2020-06-09,0,84
Koksijde,38014,2020-06-10,0,84
Koksijde,38014,2020-06-11,0,84
Koksijde,38014,2020-06-12,0,84
Koksijde,38014,2020-06-13,0,84
Koksijde,38014,2020-06-14,0,84
Koksijde,38014,2020-06-15,1,85
Koksijde,38014,2020-06-16,0,85
Koksijde,38014,2020-06-17,0,85
Koksijde,38014,2020-06-18,0,85
Koksijde,38014,2020-06-19,0,85
Koksijde,38014,2020-06-20,0,85
Koksijde,38014,2020-06-23,0,85
Koksijde,38014,2020-06-24,0,85
Koksijde,38014,2020-06-25,1,86
Koksijde,38014,2020-06-26,0,86
Koksijde,38014,2020-06-27,0,86
Koksijde,38014,2020-06-30,0,86
Koksijde,38014,2020-07-01,0,86
Koksijde,38014,2020-07-02,0,86
Koksijde,38014,2020-07-03,0,86
Koksijde,38014,2020-07-04,0,86
Koksijde,38014,2020-07-07,0,86
Koksijde,38014,2020-07-08,0,86
Koksijde,38014,2020-07-09,0,86
Koksijde,38014,2020-07-10,1,87
Koksijde,38014,2020-07-11,0,87
Koksijde,38014,2020-07-14,0,87
Koksijde,38014,2020-07-15,0,87
Koksijde,38014,2020-07-16,0,87
Koksijde,38014,2020-07-17,0,87
Koksijde,38014,2020-07-18,0,87
Koksijde,38014,2020-07-20,0,87
Koksijde,38014,2020-07-21,0,87
Koksijde,38014,2020-07-22,0,87
Koksijde,38014,2020-07-23,0,87
Koksijde,38014,2020-07-24,1,88
Koksijde,38014,2020-07-25,0,88
Koksijde,38014,2020-07-26,0,88
Koksijde,38014,2020-07-27,0,88
Koksijde,38014,2020-07-28,1,89
Koksijde,38014,2020-07-29,0,89
Koksijde,38014,2020-07-30,0,89
Koksijde,38014,2020-07-31,0,89
Koksijde,38014,2020-08-01,1,90
Koksijde,38014,2020-08-02,0,90
Koksijde,38014,2020-08-03,0,90
Koksijde,38014,2020-08-04,0,90
Koksijde,38014,2020-08-05,0,90
Koksijde,38014,2020-08-06,0,90
Koksijde,38014,2020-08-07,1,91
Koksijde,38014,2020-08-08,0,91
Koksijde,38014,2020-08-09,0,91
Koksijde,38014,2020-08-10,0,91
Koksijde,38014,2020-08-11,0,91
Koksijde,38014,2020-08-12,0,91
Koksijde,38014,2020-08-13,0,91
Koksijde,38014,2020-08-14,2,93
Koksijde,38014,2020-08-15,0,93
Koksijde,38014,2020-08-16,0,93
Koksijde,38014,2020-08-17,0,93
Koksijde,38014,2020-08-18,0,93
Koksijde,38014,2020-08-19,0,93
Koksijde,38014,2020-08-20,0,93
Koksijde,38014,2020-08-21,1,94
Koksijde,38014,2020-08-22,0,94
Koksijde,38014,2020-08-23,0,94
Koksijde,38014,2020-08-24,0,94
Koksijde,38014,2020-08-25,1,95
Koksijde,38014,2020-08-26,0,95
Koksijde,38014,2020-08-27,0,95
Koksijde,38014,2020-08-28,0,95
Koksijde,38014,2020-08-29,1,96
Koksijde,38014,2020-08-30,0,96
Koksijde,38014,2020-08-31,0,96
Koksijde,38014,2020-09-01,0,96
Koksijde,38014,2020-09-02,0,96
Koksijde,38014,2020-09-03,0,96
Koksijde,38014,2020-09-04,0,96
Koksijde,38014,2020-09-05,0,96
Koksijde,38014,2020-09-06,0,96
Koksijde,38014,2020-09-07,0,96
Koksijde,38014,2020-09-08,0,96
Koksijde,38014,2020-09-09,0,96
Koksijde,38014,2020-09-10,0,96
Koksijde,38014,2020-09-11,0,96
Koksijde,38014,2020-09-12,0,96
Koksijde,38014,2020-09-13,1,97
Koksijde,38014,2020-09-14,1,98
Koksijde,38014,2020-09-15,3,101
Koksijde,38014,2020-09-16,0,101
Koksijde,38014,2020-09-17,2,103
Koksijde,38014,2020-09-18,3,106
Koksijde,38014,2020-09-19,1,107
Koksijde,38014,2020-09-20,0,107
Koksijde,38014,2020-09-21,1,108
Koksijde,38014,2020-09-22,0,108
Koksijde,38014,2020-09-23,2,110
Koksijde,38014,2020-09-24,1,111
Koksijde,38014,2020-09-25,1,112
Koksijde,38014,2020-09-26,3,115
Koksijde,38014,2020-09-27,0,115
Koksijde,38014,2020-09-28,0,115
Koksijde,38014,2020-09-29,0,115
Koksijde,38014,2020-09-30,1,116
Koksijde,38014,2020-10-01,0,116
Koksijde,38014,2020-10-02,2,118
Koksijde,38014,2020-10-03,1,119
Koksijde,38014,2020-10-04,1,120
Koksijde,38014,2020-10-05,0,120
Koksijde,38014,2020-10-06,2,122
Koksijde,38014,2020-10-07,1,123
Koksijde,38014,2020-10-08,3,126
Koksijde,38014,2020-10-09,2,128
Koksijde,38014,2020-10-10,6,134
Koksijde,38014,2020-10-11,12,146
Koksijde,38014,2020-10-12,7,153
Koksijde,38014,2020-10-13,3,156
Koksijde,38014,2020-10-14,3,159
Koksijde,38014,2020-10-15,7,166
Koksijde,38014,2020-10-16,14,180
Koksijde,38014,2020-10-17,15,195
Koksijde,38014,2020-10-18,17,212
Koksijde,38014,2020-10-19,15,227
Koksijde,38014,2020-10-20,7,234
Koksijde,38014,2020-10-21,5,239
Koksijde,38014,2020-10-22,22,261
Koksijde,38014,2020-10-23,14,275
Koksijde,38014,2020-10-24,20,295
Koksijde,38014,2020-10-25,14,309
Koksijde,38014,2020-10-26,22,331
Koksijde,38014,2020-10-27,11,342
Koksijde,38014,2020-10-28,1,343
Koksijde,38014,2020-10-29,23,366
Koksijde,38014,2020-10-30,15,381
Koksijde,38014,2020-10-31,28,409
Koksijde,38014,2020-11-01,6,415
Koksijde,38014,2020-11-02,12,427
Koksijde,38014,2020-11-03,11,438
Koksijde,38014,2020-11-04,1,439
Koksijde,38014,2020-11-05,17,456
Koksijde,38014,2020-11-06,5,461
Koksijde,38014,2020-11-07,8,469
Koksijde,38014,2020-11-08,2,471
Koksijde,38014,2020-11-09,5,476
Koksijde,38014,2020-11-10,1,477
Koksijde,38014,2020-11-11,1,478
Nieuwpoort,38016,2020-04-01,5,5
Nieuwpoort,38016,2020-04-02,2,7
Nieuwpoort,38016,2020-04-03,0,7
Nieuwpoort,38016,2020-04-04,0,7
Nieuwpoort,38016,2020-04-05,1,8
Nieuwpoort,38016,2020-04-06,1,9
Nieuwpoort,38016,2020-04-07,0,9
Nieuwpoort,38016,2020-04-08,1,10
Nieuwpoort,38016,2020-04-09,1,11
Nieuwpoort,38016,2020-04-10,0,11
Nieuwpoort,38016,2020-04-11,1,12
Nieuwpoort,38016,2020-04-12,1,13
Nieuwpoort,38016,2020-04-13,2,15
Nieuwpoort,38016,2020-04-14,0,15
Nieuwpoort,38016,2020-04-15,0,15
Nieuwpoort,38016,2020-04-16,1,16
Nieuwpoort,38016,2020-04-17,0,16
Nieuwpoort,38016,2020-04-18,1,17
Nieuwpoort,38016,2020-04-19,4,21
Nieuwpoort,38016,2020-04-20,0,21
Nieuwpoort,38016,2020-04-21,2,23
Nieuwpoort,38016,2020-04-22,0,23
Nieuwpoort,38016,2020-04-23,0,23
Nieuwpoort,38016,2020-04-24,1,24
Nieuwpoort,38016,2020-04-25,1,25
Nieuwpoort,38016,2020-04-26,1,26
Nieuwpoort,38016,2020-04-27,0,26
Nieuwpoort,38016,2020-04-28,3,29
Nieuwpoort,38016,2020-04-29,0,29
Nieuwpoort,38016,2020-04-30,2,31
Nieuwpoort,38016,2020-05-01,0,31
Nieuwpoort,38016,2020-05-02,4,35
Nieuwpoort,38016,2020-05-03,0,35
Nieuwpoort,38016,2020-05-04,0,35
Nieuwpoort,38016,2020-05-05,0,35
Nieuwpoort,38016,2020-05-06,0,35
Nieuwpoort,38016,2020-05-07,0,35
Nieuwpoort,38016,2020-05-08,0,35
Nieuwpoort,38016,2020-05-09,0,35
Nieuwpoort,38016,2020-05-10,0,35
Nieuwpoort,38016,2020-05-11,2,37
Nieuwpoort,38016,2020-05-12,0,37
Nieuwpoort,38016,2020-05-13,0,37
Nieuwpoort,38016,2020-05-14,0,37
Nieuwpoort,38016,2020-05-15,0,37
Nieuwpoort,38016,2020-05-16,1,38
Nieuwpoort,38016,2020-05-17,0,38
Nieuwpoort,38016,2020-05-18,0,38
Nieuwpoort,38016,2020-05-19,0,38
Nieuwpoort,38016,2020-05-20,0,38
Nieuwpoort,38016,2020-05-21,0,38
Nieuwpoort,38016,2020-05-22,0,38
Nieuwpoort,38016,2020-05-23,0,38
Nieuwpoort,38016,2020-05-24,0,38
Nieuwpoort,38016,2020-05-25,0,38
Nieuwpoort,38016,2020-05-26,0,38
Nieuwpoort,38016,2020-05-27,0,38
Nieuwpoort,38016,2020-05-28,0,38
Nieuwpoort,38016,2020-05-29,0,38
Nieuwpoort,38016,2020-05-30,0,38
Nieuwpoort,38016,2020-05-31,0,38
Nieuwpoort,38016,2020-06-01,0,38
Nieuwpoort,38016,2020-06-02,0,38
Nieuwpoort,38016,2020-06-03,1,39
Nieuwpoort,38016,2020-06-04,0,39
Nieuwpoort,38016,2020-06-05,1,40
Nieuwpoort,38016,2020-06-06,0,40
Nieuwpoort,38016,2020-06-07,0,40
Nieuwpoort,38016,2020-06-08,0,40
Nieuwpoort,38016,2020-06-09,0,40
Nieuwpoort,38016,2020-06-10,0,40
Nieuwpoort,38016,2020-06-11,0,40
Nieuwpoort,38016,2020-06-12,0,40
Nieuwpoort,38016,2020-06-13,0,40
Nieuwpoort,38016,2020-06-14,0,40
Nieuwpoort,38016,2020-06-15,0,40
Nieuwpoort,38016,2020-06-16,0,40
Nieuwpoort,38016,2020-06-17,0,40
Nieuwpoort,38016,2020-06-18,0,40
Nieuwpoort,38016,2020-06-19,0,40
Nieuwpoort,38016,2020-06-20,0,40
Nieuwpoort,38016,2020-06-23,1,41
Nieuwpoort,38016,2020-06-24,0,41
Nieuwpoort,38016,2020-06-25,0,41
Nieuwpoort,38016,2020-06-26,0,41
Nieuwpoort,38016,2020-06-27,0,41
Nieuwpoort,38016,2020-06-30,0,41
Nieuwpoort,38016,2020-07-01,0,41
Nieuwpoort,38016,2020-07-02,0,41
Nieuwpoort,38016,2020-07-03,0,41
Nieuwpoort,38016,2020-07-04,0,41
Nieuwpoort,38016,2020-07-07,1,42
Nieuwpoort,38016,2020-07-08,0,42
Nieuwpoort,38016,2020-07-09,0,42
Nieuwpoort,38016,2020-07-10,0,42
Nieuwpoort,38016,2020-07-11,0,42
Nieuwpoort,38016,2020-07-14,0,42
Nieuwpoort,38016,2020-07-15,0,42
Nieuwpoort,38016,2020-07-16,0,42
Nieuwpoort,38016,2020-07-17,0,42
Nieuwpoort,38016,2020-07-18,0,42
Nieuwpoort,38016,2020-07-20,0,42
Nieuwpoort,38016,2020-07-21,0,42
Nieuwpoort,38016,2020-07-22,0,42
Nieuwpoort,38016,2020-07-23,0,42
Nieuwpoort,38016,2020-07-24,0,42
Nieuwpoort,38016,2020-07-25,0,42
Nieuwpoort,38016,2020-07-26,0,42
Nieuwpoort,38016,2020-07-27,0,42
Nieuwpoort,38016,2020-07-28,0,42
Nieuwpoort,38016,2020-07-29,0,42
Nieuwpoort,38016,2020-07-30,0,42
Nieuwpoort,38016,2020-07-31,0,42
Nieuwpoort,38016,2020-08-01,0,42
Nieuwpoort,38016,2020-08-02,0,42
Nieuwpoort,38016,2020-08-03,0,42
Nieuwpoort,38016,2020-08-04,0,42
Nieuwpoort,38016,2020-08-05,0,42
Nieuwpoort,38016,2020-08-06,0,42
Nieuwpoort,38016,2020-08-07,0,42
Nieuwpoort,38016,2020-08-08,0,42
Nieuwpoort,38016,2020-08-09,0,42
Nieuwpoort,38016,2020-08-10,0,42
Nieuwpoort,38016,2020-08-11,0,42
Nieuwpoort,38016,2020-08-12,1,43
Nieuwpoort,38016,2020-08-13,0,43
Nieuwpoort,38016,2020-08-14,0,43
Nieuwpoort,38016,2020-08-15,0,43
Nieuwpoort,38016,2020-08-16,0,43
Nieuwpoort,38016,2020-08-17,0,43
Nieuwpoort,38016,2020-08-18,0,43
Nieuwpoort,38016,2020-08-19,0,43
Nieuwpoort,38016,2020-08-20,1,44
Nieuwpoort,38016,2020-08-21,0,44
Nieuwpoort,38016,2020-08-22,0,44
Nieuwpoort,38016,2020-08-23,0,44
Nieuwpoort,38016,2020-08-24,0,44
Nieuwpoort,38016,2020-08-25,0,44
Nieuwpoort,38016,2020-08-26,0,44
Nieuwpoort,38016,2020-08-27,0,44
Nieuwpoort,38016,2020-08-28,0,44
Nieuwpoort,38016,2020-08-29,0,44
Nieuwpoort,38016,2020-08-30,0,44
Nieuwpoort,38016,2020-08-31,2,46
Nieuwpoort,38016,2020-09-01,0,46
Nieuwpoort,38016,2020-09-02,0,46
Nieuwpoort,38016,2020-09-03,0,46
Nieuwpoort,38016,2020-09-04,0,46
Nieuwpoort,38016,2020-09-05,0,46
Nieuwpoort,38016,2020-09-06,0,46
Nieuwpoort,38016,2020-09-07,0,46
Nieuwpoort,38016,2020-09-08,0,46
Nieuwpoort,38016,2020-09-09,0,46
Nieuwpoort,38016,2020-09-10,0,46
Nieuwpoort,38016,2020-09-11,0,46
Nieuwpoort,38016,2020-09-12,0,46
Nieuwpoort,38016,2020-09-13,0,46
Nieuwpoort,38016,2020-09-14,1,47
Nieuwpoort,38016,2020-09-15,1,48
Nieuwpoort,38016,2020-09-16,0,48
Nieuwpoort,38016,2020-09-17,0,48
Nieuwpoort,38016,2020-09-18,0,48
Nieuwpoort,38016,2020-09-19,1,49
Nieuwpoort,38016,2020-09-20,0,49
Nieuwpoort,38016,2020-09-21,0,49
Nieuwpoort,38016,2020-09-22,0,49
Nieuwpoort,38016,2020-09-23,1,50
Nieuwpoort,38016,2020-09-24,0,50
Nieuwpoort,38016,2020-09-25,0,50
Nieuwpoort,38016,2020-09-26,0,50
Nieuwpoort,38016,2020-09-27,0,50
Nieuwpoort,38016,2020-09-28,1,51
Nieuwpoort,38016,2020-09-29,0,51
Nieuwpoort,38016,2020-09-30,0,51
Nieuwpoort,38016,2020-10-01,0,51
Nieuwpoort,38016,2020-10-02,1,52
Nieuwpoort,38016,2020-10-03,2,54
Nieuwpoort,38016,2020-10-04,2,56
Nieuwpoort,38016,2020-10-05,0,56
Nieuwpoort,38016,2020-10-06,0,56
Nieuwpoort,38016,2020-10-07,0,56
Nieuwpoort,38016,2020-10-08,2,58
Nieuwpoort,38016,2020-10-09,3,61
Nieuwpoort,38016,2020-10-10,2,63
Nieuwpoort,38016,2020-10-11,2,65
Nieuwpoort,38016,2020-10-12,7,72
Nieuwpoort,38016,2020-10-13,5,77
Nieuwpoort,38016,2020-10-14,2,79
Nieuwpoort,38016,2020-10-15,4,83
Nieuwpoort,38016,2020-10-16,5,88
Nieuwpoort,38016,2020-10-17,8,96
Nieuwpoort,38016,2020-10-18,14,110
Nieuwpoort,38016,2020-10-19,11,121
Nieuwpoort,38016,2020-10-20,7,128
Nieuwpoort,38016,2020-10-21,7,135
Nieuwpoort,38016,2020-10-22,7,142
Nieuwpoort,38016,2020-10-23,20,162
Nieuwpoort,38016,2020-10-24,8,170
Nieuwpoort,38016,2020-10-25,5,175
Nieuwpoort,38016,2020-10-26,16,191
Nieuwpoort,38016,2020-10-27,5,196
Nieuwpoort,38016,2020-10-28,2,198
Nieuwpoort,38016,2020-10-29,16,214
Nieuwpoort,38016,2020-10-30,10,224
Nieuwpoort,38016,2020-10-31,15,239
Nieuwpoort,38016,2020-11-01,13,252
Nieuwpoort,38016,2020-11-02,9,261
Nieuwpoort,38016,2020-11-03,1,262
Nieuwpoort,38016,2020-11-04,0,262
Nieuwpoort,38016,2020-11-05,9,271
Nieuwpoort,38016,2020-11-06,10,281
Nieuwpoort,38016,2020-11-07,4,285
Nieuwpoort,38016,2020-11-08,4,289
Nieuwpoort,38016,2020-11-09,1,290
Nieuwpoort,38016,2020-11-10,1,291
Nieuwpoort,38016,2020-11-11,1,292
Veurne,38025,2020-04-01,0,7
Veurne,38025,2020-04-02,1,8
Veurne,38025,2020-04-03,1,9
Veurne,38025,2020-04-04,0,9
Veurne,38025,2020-04-05,1,10
Veurne,38025,2020-04-06,2,12
Veurne,38025,2020-04-07,0,12
Veurne,38025,2020-04-08,0,12
Veurne,38025,2020-04-09,2,14
Veurne,38025,2020-04-10,2,16
Veurne,38025,2020-04-11,0,16
Veurne,38025,2020-04-12,0,16
Veurne,38025,2020-04-13,3,19
Veurne,38025,2020-04-14,1,20
Veurne,38025,2020-04-15,0,20
Veurne,38025,2020-04-16,0,20
Veurne,38025,2020-04-17,0,20
Veurne,38025,2020-04-18,8,28
Veurne,38025,2020-04-19,3,31
Veurne,38025,2020-04-20,0,31
Veurne,38025,2020-04-21,0,31
Veurne,38025,2020-04-22,0,31
Veurne,38025,2020-04-23,0,31
Veurne,38025,2020-04-24,1,32
Veurne,38025,2020-04-25,0,32
Veurne,38025,2020-04-26,1,33
Veurne,38025,2020-04-27,0,33
Veurne,38025,2020-04-28,1,34
Veurne,38025,2020-04-29,0,34
Veurne,38025,2020-04-30,0,34
Veurne,38025,2020-05-01,0,34
Veurne,38025,2020-05-02,0,34
Veurne,38025,2020-05-03,0,34
Veurne,38025,2020-05-04,0,34
Veurne,38025,2020-05-05,0,34
Veurne,38025,2020-05-06,0,34
Veurne,38025,2020-05-07,0,34
Veurne,38025,2020-05-08,0,34
Veurne,38025,2020-05-09,2,36
Veurne,38025,2020-05-10,1,37
Veurne,38025,2020-05-11,0,37
Veurne,38025,2020-05-12,0,37
Veurne,38025,2020-05-13,1,38
Veurne,38025,2020-05-14,0,38
Veurne,38025,2020-05-15,0,38
Veurne,38025,2020-05-16,0,38
Veurne,38025,2020-05-17,0,38
Veurne,38025,2020-05-18,0,38
Veurne,38025,2020-05-19,0,38
Veurne,38025,2020-05-20,0,38
Veurne,38025,2020-05-21,0,38
Veurne,38025,2020-05-22,0,38
Veurne,38025,2020-05-23,1,39
Veurne,38025,2020-05-24,0,39
Veurne,38025,2020-05-25,0,39
Veurne,38025,2020-05-26,0,39
Veurne,38025,2020-05-27,0,39
Veurne,38025,2020-05-28,0,39
Veurne,38025,2020-05-29,0,39
Veurne,38025,2020-05-30,0,39
Veurne,38025,2020-05-31,0,39
Veurne,38025,2020-06-01,0,39
Veurne,38025,2020-06-02,0,39
Veurne,38025,2020-06-03,0,39
Veurne,38025,2020-06-04,0,39
Veurne,38025,2020-06-05,0,39
Veurne,38025,2020-06-06,0,39
Veurne,38025,2020-06-07,0,39
Veurne,38025,2020-06-08,0,39
Veurne,38025,2020-06-09,0,39
Veurne,38025,2020-06-10,0,39
Veurne,38025,2020-06-11,0,39
Veurne,38025,2020-06-12,0,39
Veurne,38025,2020-06-13,0,39
Veurne,38025,2020-06-14,0,39
Veurne,38025,2020-06-15,0,39
Veurne,38025,2020-06-16,0,39
Veurne,38025,2020-06-17,0,39
Veurne,38025,2020-06-18,0,39
Veurne,38025,2020-06-19,0,39
Veurne,38025,2020-06-20,0,39
Veurne,38025,2020-06-23,0,39
Veurne,38025,2020-06-24,0,39
Veurne,38025,2020-06-25,0,39
Veurne,38025,2020-06-26,0,39
Veurne,38025,2020-06-27,0,39
Veurne,38025,2020-06-30,0,39
Veurne,38025,2020-07-01,0,39
Veurne,38025,2020-07-02,0,39
Veurne,38025,2020-07-03,0,39
Veurne,38025,2020-07-04,0,39
Veurne,38025,2020-07-07,0,39
Veurne,38025,2020-07-08,0,39
Veurne,38025,2020-07-09,0,39
Veurne,38025,2020-07-10,0,39
Veurne,38025,2020-07-11,0,39
Veurne,38025,2020-07-14,0,39
Veurne,38025,2020-07-15,0,39
Veurne,38025,2020-07-16,0,39
Veurne,38025,2020-07-17,0,39
Veurne,38025,2020-07-18,0,39
Veurne,38025,2020-07-20,0,39
Veurne,38025,2020-07-21,0,39
Veurne,38025,2020-07-22,0,39
Veurne,38025,2020-07-23,0,39
Veurne,38025,2020-07-24,0,39
Veurne,38025,2020-07-25,0,39
Veurne,38025,2020-07-26,1,40
Veurne,38025,2020-07-27,0,40
Veurne,38025,2020-07-28,0,40
Veurne,38025,2020-07-29,0,40
Veurne,38025,2020-07-30,0,40
Veurne,38025,2020-07-31,0,40
Veurne,38025,2020-08-01,0,40
Veurne,38025,2020-08-02,0,40
Veurne,38025,2020-08-03,0,40
Veurne,38025,2020-08-04,0,40
Veurne,38025,2020-08-05,0,40
Veurne,38025,2020-08-06,1,41
Veurne,38025,2020-08-07,0,41
Veurne,38025,2020-08-08,0,41
Veurne,38025,2020-08-09,0,41
Veurne,38025,2020-08-10,0,41
Veurne,38025,2020-08-11,1,42
Veurne,38025,2020-08-12,0,42
Veurne,38025,2020-08-13,0,42
Veurne,38025,2020-08-14,0,42
Veurne,38025,2020-08-15,0,42
Veurne,38025,2020-08-16,0,42
Veurne,38025,2020-08-17,1,43
Veurne,38025,2020-08-18,0,43
Veurne,38025,2020-08-19,0,43
Veurne,38025,2020-08-20,0,43
Veurne,38025,2020-08-21,1,44
Veurne,38025,2020-08-22,0,44
Veurne,38025,2020-08-23,0,44
Veurne,38025,2020-08-24,0,44
Veurne,38025,2020-08-25,0,44
Veurne,38025,2020-08-26,0,44
Veurne,38025,2020-08-27,0,44
Veurne,38025,2020-08-28,0,44
Veurne,38025,2020-08-29,0,44
Veurne,38025,2020-08-30,0,44
Veurne,38025,2020-08-31,0,44
Veurne,38025,2020-09-01,0,44
Veurne,38025,2020-09-02,0,44
Veurne,38025,2020-09-03,0,44
Veurne,38025,2020-09-04,0,44
Veurne,38025,2020-09-05,0,44
Veurne,38025,2020-09-06,0,44
Veurne,38025,2020-09-07,0,44
Veurne,38025,2020-09-08,0,44
Veurne,38025,2020-09-09,0,44
Veurne,38025,2020-09-10,0,44
Veurne,38025,2020-09-11,0,44
Veurne,38025,2020-09-12,1,45
Veurne,38025,2020-09-13,0,45
Veurne,38025,2020-09-14,0,45
Veurne,38025,2020-09-15,0,45
Veurne,38025,2020-09-16,0,45
Veurne,38025,2020-09-17,0,45
Veurne,38025,2020-09-18,0,45
Veurne,38025,2020-09-19,0,45
Veurne,38025,2020-09-20,0,45
Veurne,38025,2020-09-21,2,47
Veurne,38025,2020-09-22,1,48
Veurne,38025,2020-09-23,0,48
Veurne,38025,2020-09-24,0,48
Veurne,38025,2020-09-25,1,49
Veurne,38025,2020-09-26,2,51
Veurne,38025,2020-09-27,0,51
Veurne,38025,2020-09-28,1,52
Veurne,38025,2020-09-29,0,52
Veurne,38025,2020-09-30,2,54
Veurne,38025,2020-10-01,0,54
Veurne,38025,2020-10-02,0,54
Veurne,38025,2020-10-03,0,54
Veurne,38025,2020-10-04,1,55
Veurne,38025,2020-10-05,2,57
Veurne,38025,2020-10-06,0,57
Veurne,38025,2020-10-07,0,57
Veurne,38025,2020-10-08,2,59
Veurne,38025,2020-10-09,3,62
Veurne,38025,2020-10-10,2,64
Veurne,38025,2020-10-11,0,64
Veurne,38025,2020-10-12,5,69
Veurne,38025,2020-10-13,0,69
Veurne,38025,2020-10-14,2,71
Veurne,38025,2020-10-15,5,76
Veurne,38025,2020-10-16,5,81
Veurne,38025,2020-10-17,3,84
Veurne,38025,2020-10-18,5,89
Veurne,38025,2020-10-19,5,94
Veurne,38025,2020-10-20,5,99
Veurne,38025,2020-10-21,3,102
Veurne,38025,2020-10-22,5,107
Veurne,38025,2020-10-23,3,110
Veurne,38025,2020-10-24,3,113
Veurne,38025,2020-10-25,2,115
Veurne,38025,2020-10-26,13,128
Veurne,38025,2020-10-27,6,134
Veurne,38025,2020-10-28,0,134
Veurne,38025,2020-10-29,6,140
Veurne,38025,2020-10-30,5,145
Veurne,38025,2020-10-31,8,153
Veurne,38025,2020-11-01,4,157
Veurne,38025,2020-11-02,1,158
Veurne,38025,2020-11-03,8,166
Veurne,38025,2020-11-04,1,167
Veurne,38025,2020-11-05,12,179
Veurne,38025,2020-11-06,1,180
Veurne,38025,2020-11-07,1,181
Veurne,38025,2020-11-08,1,182
Veurne,38025,2020-11-09,1,183
Veurne,38025,2020-11-10,2,185
Veurne,38025,2020-11-11,6,191
Aalst (Aalst),41002,2020-04-01,1,90
Aalst (Aalst),41002,2020-04-02,20,110
Aalst (Aalst),41002,2020-04-03,13,123
Aalst (Aalst),41002,2020-04-04,5,128
Aalst (Aalst),41002,2020-04-05,9,137
Aalst (Aalst),41002,2020-04-06,8,145
Aalst (Aalst),41002,2020-04-07,22,167
Aalst (Aalst),41002,2020-04-08,20,187
Aalst (Aalst),41002,2020-04-09,14,201
Aalst (Aalst),41002,2020-04-10,15,216
Aalst (Aalst),41002,2020-04-11,9,225
Aalst (Aalst),41002,2020-04-12,38,263
Aalst (Aalst),41002,2020-04-13,12,275
Aalst (Aalst),41002,2020-04-14,3,278
Aalst (Aalst),41002,2020-04-15,24,302
Aalst (Aalst),41002,2020-04-16,7,309
Aalst (Aalst),41002,2020-04-17,31,340
Aalst (Aalst),41002,2020-04-18,8,348
Aalst (Aalst),41002,2020-04-19,18,366
Aalst (Aalst),41002,2020-04-20,28,394
Aalst (Aalst),41002,2020-04-21,14,408
Aalst (Aalst),41002,2020-04-22,3,411
Aalst (Aalst),41002,2020-04-23,9,420
Aalst (Aalst),41002,2020-04-24,21,441
Aalst (Aalst),41002,2020-04-25,4,445
Aalst (Aalst),41002,2020-04-26,12,457
Aalst (Aalst),41002,2020-04-27,9,466
Aalst (Aalst),41002,2020-04-28,2,468
Aalst (Aalst),41002,2020-04-29,2,470
Aalst (Aalst),41002,2020-04-30,3,473
Aalst (Aalst),41002,2020-05-01,5,478
Aalst (Aalst),41002,2020-05-02,0,478
Aalst (Aalst),41002,2020-05-03,2,480
Aalst (Aalst),41002,2020-05-04,2,482
Aalst (Aalst),41002,2020-05-05,3,485
Aalst (Aalst),41002,2020-05-06,0,485
Aalst (Aalst),41002,2020-05-07,4,489
Aalst (Aalst),41002,2020-05-08,4,493
Aalst (Aalst),41002,2020-05-09,1,494
Aalst (Aalst),41002,2020-05-10,5,499
Aalst (Aalst),41002,2020-05-11,2,501
Aalst (Aalst),41002,2020-05-12,1,502
Aalst (Aalst),41002,2020-05-13,0,502
Aalst (Aalst),41002,2020-05-14,0,502
Aalst (Aalst),41002,2020-05-15,1,503
Aalst (Aalst),41002,2020-05-16,2,505
Aalst (Aalst),41002,2020-05-17,0,505
Aalst (Aalst),41002,2020-05-18,3,508
Aalst (Aalst),41002,2020-05-19,0,508
Aalst (Aalst),41002,2020-05-20,0,508
Aalst (Aalst),41002,2020-05-21,0,508
Aalst (Aalst),41002,2020-05-22,1,509
Aalst (Aalst),41002,2020-05-23,1,510
Aalst (Aalst),41002,2020-05-24,2,512
Aalst (Aalst),41002,2020-05-25,0,512
Aalst (Aalst),41002,2020-05-26,1,513
Aalst (Aalst),41002,2020-05-27,0,513
Aalst (Aalst),41002,2020-05-28,1,514
Aalst (Aalst),41002,2020-05-29,1,515
Aalst (Aalst),41002,2020-05-30,0,515
Aalst (Aalst),41002,2020-05-31,2,517
Aalst (Aalst),41002,2020-06-01,0,517
Aalst (Aalst),41002,2020-06-02,0,517
Aalst (Aalst),41002,2020-06-03,0,517
Aalst (Aalst),41002,2020-06-04,1,518
Aalst (Aalst),41002,2020-06-05,1,519
Aalst (Aalst),41002,2020-06-06,0,519
Aalst (Aalst),41002,2020-06-07,1,520
Aalst (Aalst),41002,2020-06-08,0,520
Aalst (Aalst),41002,2020-06-09,0,520
Aalst (Aalst),41002,2020-06-10,1,521
Aalst (Aalst),41002,2020-06-11,1,522
Aalst (Aalst),41002,2020-06-12,0,522
Aalst (Aalst),41002,2020-06-13,0,522
Aalst (Aalst),41002,2020-06-14,1,523
Aalst (Aalst),41002,2020-06-15,2,525
Aalst (Aalst),41002,2020-06-16,1,526
Aalst (Aalst),41002,2020-06-17,1,527
Aalst (Aalst),41002,2020-06-18,0,527
Aalst (Aalst),41002,2020-06-19,2,529
Aalst (Aalst),41002,2020-06-20,0,529
Aalst (Aalst),41002,2020-06-23,0,529
Aalst (Aalst),41002,2020-06-24,0,529
Aalst (Aalst),41002,2020-06-25,1,530
Aalst (Aalst),41002,2020-06-26,1,531
Aalst (Aalst),41002,2020-06-27,1,532
Aalst (Aalst),41002,2020-06-30,1,533
Aalst (Aalst),41002,2020-07-01,0,533
Aalst (Aalst),41002,2020-07-02,1,534
Aalst (Aalst),41002,2020-07-03,1,535
Aalst (Aalst),41002,2020-07-04,0,535
Aalst (Aalst),41002,2020-07-07,0,535
Aalst (Aalst),41002,2020-07-08,0,535
Aalst (Aalst),41002,2020-07-09,0,535
Aalst (Aalst),41002,2020-07-10,1,536
Aalst (Aalst),41002,2020-07-11,0,536
Aalst (Aalst),41002,2020-07-14,0,536
Aalst (Aalst),41002,2020-07-15,0,536
Aalst (Aalst),41002,2020-07-16,0,536
Aalst (Aalst),41002,2020-07-17,0,536
Aalst (Aalst),41002,2020-07-18,2,538
Aalst (Aalst),41002,2020-07-20,1,539
Aalst (Aalst),41002,2020-07-21,1,540
Aalst (Aalst),41002,2020-07-22,1,541
Aalst (Aalst),41002,2020-07-23,2,543
Aalst (Aalst),41002,2020-07-24,1,544
Aalst (Aalst),41002,2020-07-25,0,544
Aalst (Aalst),41002,2020-07-26,1,545
Aalst (Aalst),41002,2020-07-27,0,545
Aalst (Aalst),41002,2020-07-28,1,546
Aalst (Aalst),41002,2020-07-29,1,547
Aalst (Aalst),41002,2020-07-30,3,550
Aalst (Aalst),41002,2020-07-31,1,551
Aalst (Aalst),41002,2020-08-01,1,552
Aalst (Aalst),41002,2020-08-02,1,553
Aalst (Aalst),41002,2020-08-03,0,553
Aalst (Aalst),41002,2020-08-04,1,554
Aalst (Aalst),41002,2020-08-05,0,554
Aalst (Aalst),41002,2020-08-06,0,554
Aalst (Aalst),41002,2020-08-07,4,558
Aalst (Aalst),41002,2020-08-08,2,560
Aalst (Aalst),41002,2020-08-09,2,562
Aalst (Aalst),41002,2020-08-10,4,566
Aalst (Aalst),41002,2020-08-11,0,566
Aalst (Aalst),41002,2020-08-12,2,568
Aalst (Aalst),41002,2020-08-13,11,579
Aalst (Aalst),41002,2020-08-14,2,581
Aalst (Aalst),41002,2020-08-15,4,585
Aalst (Aalst),41002,2020-08-16,5,590
Aalst (Aalst),41002,2020-08-17,8,598
Aalst (Aalst),41002,2020-08-18,0,598
Aalst (Aalst),41002,2020-08-19,1,599
Aalst (Aalst),41002,2020-08-20,1,600
Aalst (Aalst),41002,2020-08-21,3,603
Aalst (Aalst),41002,2020-08-22,4,607
Aalst (Aalst),41002,2020-08-23,1,608
Aalst (Aalst),41002,2020-08-24,2,610
Aalst (Aalst),41002,2020-08-25,1,611
Aalst (Aalst),41002,2020-08-26,1,612
Aalst (Aalst),41002,2020-08-27,4,616
Aalst (Aalst),41002,2020-08-28,3,619
Aalst (Aalst),41002,2020-08-29,8,627
Aalst (Aalst),41002,2020-08-30,5,632
Aalst (Aalst),41002,2020-08-31,3,635
Aalst (Aalst),41002,2020-09-01,0,635
Aalst (Aalst),41002,2020-09-02,3,638
Aalst (Aalst),41002,2020-09-03,9,647
Aalst (Aalst),41002,2020-09-04,1,648
Aalst (Aalst),41002,2020-09-05,6,654
Aalst (Aalst),41002,2020-09-06,5,659
Aalst (Aalst),41002,2020-09-07,0,659
Aalst (Aalst),41002,2020-09-08,4,663
Aalst (Aalst),41002,2020-09-09,0,663
Aalst (Aalst),41002,2020-09-10,6,669
Aalst (Aalst),41002,2020-09-11,2,671
Aalst (Aalst),41002,2020-09-12,9,680
Aalst (Aalst),41002,2020-09-13,3,683
Aalst (Aalst),41002,2020-09-14,4,687
Aalst (Aalst),41002,2020-09-15,6,693
Aalst (Aalst),41002,2020-09-16,0,693
Aalst (Aalst),41002,2020-09-17,11,704
Aalst (Aalst),41002,2020-09-18,5,709
Aalst (Aalst),41002,2020-09-19,3,712
Aalst (Aalst),41002,2020-09-20,4,716
Aalst (Aalst),41002,2020-09-21,18,734
Aalst (Aalst),41002,2020-09-22,8,742
Aalst (Aalst),41002,2020-09-23,6,748
Aalst (Aalst),41002,2020-09-24,12,760
Aalst (Aalst),41002,2020-09-25,5,765
Aalst (Aalst),41002,2020-09-26,5,770
Aalst (Aalst),41002,2020-09-27,12,782
Aalst (Aalst),41002,2020-09-28,11,793
Aalst (Aalst),41002,2020-09-29,0,793
Aalst (Aalst),41002,2020-09-30,5,798
Aalst (Aalst),41002,2020-10-01,4,802
Aalst (Aalst),41002,2020-10-02,26,828
Aalst (Aalst),41002,2020-10-03,19,847
Aalst (Aalst),41002,2020-10-04,26,873
Aalst (Aalst),41002,2020-10-05,15,888
Aalst (Aalst),41002,2020-10-06,8,896
Aalst (Aalst),41002,2020-10-07,13,909
Aalst (Aalst),41002,2020-10-08,36,945
Aalst (Aalst),41002,2020-10-09,41,986
Aalst (Aalst),41002,2020-10-10,32,1018
Aalst (Aalst),41002,2020-10-11,50,1068
Aalst (Aalst),41002,2020-10-12,25,1093
Aalst (Aalst),41002,2020-10-13,23,1116
Aalst (Aalst),41002,2020-10-14,45,1161
Aalst (Aalst),41002,2020-10-15,37,1198
Aalst (Aalst),41002,2020-10-16,44,1242
Aalst (Aalst),41002,2020-10-17,62,1304
Aalst (Aalst),41002,2020-10-18,58,1362
Aalst (Aalst),41002,2020-10-19,46,1408
Aalst (Aalst),41002,2020-10-20,62,1470
Aalst (Aalst),41002,2020-10-21,81,1551
Aalst (Aalst),41002,2020-10-22,91,1642
Aalst (Aalst),41002,2020-10-23,111,1753
Aalst (Aalst),41002,2020-10-24,103,1856
Aalst (Aalst),41002,2020-10-25,132,1988
Aalst (Aalst),41002,2020-10-26,80,2068
Aalst (Aalst),41002,2020-10-27,113,2181
Aalst (Aalst),41002,2020-10-28,67,2248
Aalst (Aalst),41002,2020-10-29,129,2377
Aalst (Aalst),41002,2020-10-30,118,2495
Aalst (Aalst),41002,2020-10-31,101,2596
Aalst (Aalst),41002,2020-11-01,94,2690
Aalst (Aalst),41002,2020-11-02,63,2753
Aalst (Aalst),41002,2020-11-03,32,2785
Aalst (Aalst),41002,2020-11-04,35,2820
Aalst (Aalst),41002,2020-11-05,86,2906
Aalst (Aalst),41002,2020-11-06,59,2965
Aalst (Aalst),41002,2020-11-07,31,2996
Aalst (Aalst),41002,2020-11-08,67,3063
Aalst (Aalst),41002,2020-11-09,35,3098
Aalst (Aalst),41002,2020-11-10,7,3105
Aalst (Aalst),41002,2020-11-11,22,3127
Denderleeuw,41011,2020-04-01,0,27
Denderleeuw,41011,2020-04-02,4,31
Denderleeuw,41011,2020-04-03,2,33
Denderleeuw,41011,2020-04-04,0,33
Denderleeuw,41011,2020-04-05,1,34
Denderleeuw,41011,2020-04-06,2,36
Denderleeuw,41011,2020-04-07,1,37
Denderleeuw,41011,2020-04-08,4,41
Denderleeuw,41011,2020-04-09,2,43
Denderleeuw,41011,2020-04-10,1,44
Denderleeuw,41011,2020-04-11,2,46
Denderleeuw,41011,2020-04-12,2,48
Denderleeuw,41011,2020-04-13,0,48
Denderleeuw,41011,2020-04-14,2,50
Denderleeuw,41011,2020-04-15,8,58
Denderleeuw,41011,2020-04-16,2,60
Denderleeuw,41011,2020-04-17,5,65
Denderleeuw,41011,2020-04-18,3,68
Denderleeuw,41011,2020-04-19,6,74
Denderleeuw,41011,2020-04-20,5,79
Denderleeuw,41011,2020-04-21,4,83
Denderleeuw,41011,2020-04-22,0,83
Denderleeuw,41011,2020-04-23,5,88
Denderleeuw,41011,2020-04-24,3,91
Denderleeuw,41011,2020-04-25,2,93
Denderleeuw,41011,2020-04-26,0,93
Denderleeuw,41011,2020-04-27,2,95
Denderleeuw,41011,2020-04-28,0,95
Denderleeuw,41011,2020-04-29,0,95
Denderleeuw,41011,2020-04-30,0,95
Denderleeuw,41011,2020-05-01,1,96
Denderleeuw,41011,2020-05-02,1,97
Denderleeuw,41011,2020-05-03,0,97
Denderleeuw,41011,2020-05-04,0,97
Denderleeuw,41011,2020-05-05,1,98
Denderleeuw,41011,2020-05-06,0,98
Denderleeuw,41011,2020-05-07,0,98
Denderleeuw,41011,2020-05-08,0,98
Denderleeuw,41011,2020-05-09,1,99
Denderleeuw,41011,2020-05-10,2,101
Denderleeuw,41011,2020-05-11,0,101
Denderleeuw,41011,2020-05-12,0,101
Denderleeuw,41011,2020-05-13,0,101
Denderleeuw,41011,2020-05-14,0,101
Denderleeuw,41011,2020-05-15,0,101
Denderleeuw,41011,2020-05-16,0,101
Denderleeuw,41011,2020-05-17,0,101
Denderleeuw,41011,2020-05-18,0,101
Denderleeuw,41011,2020-05-19,0,101
Denderleeuw,41011,2020-05-20,0,101
Denderleeuw,41011,2020-05-21,1,102
Denderleeuw,41011,2020-05-22,1,103
Denderleeuw,41011,2020-05-23,0,103
Denderleeuw,41011,2020-05-24,0,103
Denderleeuw,41011,2020-05-25,0,103
Denderleeuw,41011,2020-05-26,1,104
Denderleeuw,41011,2020-05-27,0,104
Denderleeuw,41011,2020-05-28,0,104
Denderleeuw,41011,2020-05-29,0,104
Denderleeuw,41011,2020-05-30,0,104
Denderleeuw,41011,2020-05-31,0,104
Denderleeuw,41011,2020-06-01,0,104
Denderleeuw,41011,2020-06-02,0,104
Denderleeuw,41011,2020-06-03,0,104
Denderleeuw,41011,2020-06-04,0,104
Denderleeuw,41011,2020-06-05,0,104
Denderleeuw,41011,2020-06-06,0,104
Denderleeuw,41011,2020-06-07,0,104
Denderleeuw,41011,2020-06-08,0,104
Denderleeuw,41011,2020-06-09,0,104
Denderleeuw,41011,2020-06-10,1,105
Denderleeuw,41011,2020-06-11,0,105
Denderleeuw,41011,2020-06-12,0,105
Denderleeuw,41011,2020-06-13,0,105
Denderleeuw,41011,2020-06-14,0,105
Denderleeuw,41011,2020-06-15,0,105
Denderleeuw,41011,2020-06-16,0,105
Denderleeuw,41011,2020-06-17,0,105
Denderleeuw,41011,2020-06-18,0,105
Denderleeuw,41011,2020-06-19,0,105
Denderleeuw,41011,2020-06-20,0,105
Denderleeuw,41011,2020-06-23,0,105
Denderleeuw,41011,2020-06-24,0,105
Denderleeuw,41011,2020-06-25,0,105
Denderleeuw,41011,2020-06-26,0,105
Denderleeuw,41011,2020-06-27,0,105
Denderleeuw,41011,2020-06-30,0,105
Denderleeuw,41011,2020-07-01,0,105
Denderleeuw,41011,2020-07-02,0,105
Denderleeuw,41011,2020-07-03,1,106
Denderleeuw,41011,2020-07-04,0,106
Denderleeuw,41011,2020-07-07,0,106
Denderleeuw,41011,2020-07-08,0,106
Denderleeuw,41011,2020-07-09,0,106
Denderleeuw,41011,2020-07-10,0,106
Denderleeuw,41011,2020-07-11,0,106
Denderleeuw,41011,2020-07-14,0,106
Denderleeuw,41011,2020-07-15,0,106
Denderleeuw,41011,2020-07-16,1,107
Denderleeuw,41011,2020-07-17,0,107
Denderleeuw,41011,2020-07-18,0,107
Denderleeuw,41011,2020-07-20,0,107
Denderleeuw,41011,2020-07-21,0,107
Denderleeuw,41011,2020-07-22,1,108
Denderleeuw,41011,2020-07-23,0,108
Denderleeuw,41011,2020-07-24,0,108
Denderleeuw,41011,2020-07-25,0,108
Denderleeuw,41011,2020-07-26,1,109
Denderleeuw,41011,2020-07-27,0,109
Denderleeuw,41011,2020-07-28,0,109
Denderleeuw,41011,2020-07-29,0,109
Denderleeuw,41011,2020-07-30,1,110
Denderleeuw,41011,2020-07-31,0,110
Denderleeuw,41011,2020-08-01,1,111
Denderleeuw,41011,2020-08-02,0,111
Denderleeuw,41011,2020-08-03,0,111
Denderleeuw,41011,2020-08-04,0,111
Denderleeuw,41011,2020-08-05,0,111
Denderleeuw,41011,2020-08-06,0,111
Denderleeuw,41011,2020-08-07,0,111
Denderleeuw,41011,2020-08-08,0,111
Denderleeuw,41011,2020-08-09,1,112
Denderleeuw,41011,2020-08-10,1,113
Denderleeuw,41011,2020-08-11,0,113
Denderleeuw,41011,2020-08-12,0,113
Denderleeuw,41011,2020-08-13,2,115
Denderleeuw,41011,2020-08-14,1,116
Denderleeuw,41011,2020-08-15,0,116
Denderleeuw,41011,2020-08-16,2,118
Denderleeuw,41011,2020-08-17,1,119
Denderleeuw,41011,2020-08-18,0,119
Denderleeuw,41011,2020-08-19,0,119
Denderleeuw,41011,2020-08-20,0,119
Denderleeuw,41011,2020-08-21,4,123
Denderleeuw,41011,2020-08-22,0,123
Denderleeuw,41011,2020-08-23,0,123
Denderleeuw,41011,2020-08-24,0,123
Denderleeuw,41011,2020-08-25,0,123
Denderleeuw,41011,2020-08-26,3,126
Denderleeuw,41011,2020-08-27,1,127
Denderleeuw,41011,2020-08-28,2,129
Denderleeuw,41011,2020-08-29,0,129
Denderleeuw,41011,2020-08-30,1,130
Denderleeuw,41011,2020-08-31,1,131
Denderleeuw,41011,2020-09-01,0,131
Denderleeuw,41011,2020-09-02,0,131
Denderleeuw,41011,2020-09-03,0,131
Denderleeuw,41011,2020-09-04,1,132
Denderleeuw,41011,2020-09-05,1,133
Denderleeuw,41011,2020-09-06,0,133
Denderleeuw,41011,2020-09-07,2,135
Denderleeuw,41011,2020-09-08,0,135
Denderleeuw,41011,2020-09-09,0,135
Denderleeuw,41011,2020-09-10,1,136
Denderleeuw,41011,2020-09-11,0,136
Denderleeuw,41011,2020-09-12,1,137
Denderleeuw,41011,2020-09-13,1,138
Denderleeuw,41011,2020-09-14,1,139
Denderleeuw,41011,2020-09-15,0,139
Denderleeuw,41011,2020-09-16,0,139
Denderleeuw,41011,2020-09-17,1,140
Denderleeuw,41011,2020-09-18,4,144
Denderleeuw,41011,2020-09-19,0,144
Denderleeuw,41011,2020-09-20,0,144
Denderleeuw,41011,2020-09-21,6,150
Denderleeuw,41011,2020-09-22,1,151
Denderleeuw,41011,2020-09-23,4,155
Denderleeuw,41011,2020-09-24,1,156
Denderleeuw,41011,2020-09-25,4,160
Denderleeuw,41011,2020-09-26,3,163
Denderleeuw,41011,2020-09-27,5,168
Denderleeuw,41011,2020-09-28,1,169
Denderleeuw,41011,2020-09-29,1,170
Denderleeuw,41011,2020-09-30,0,170
Denderleeuw,41011,2020-10-01,1,171
Denderleeuw,41011,2020-10-02,2,173
Denderleeuw,41011,2020-10-03,5,178
Denderleeuw,41011,2020-10-04,4,182
Denderleeuw,41011,2020-10-05,4,186
Denderleeuw,41011,2020-10-06,1,187
Denderleeuw,41011,2020-10-07,2,189
Denderleeuw,41011,2020-10-08,13,202
Denderleeuw,41011,2020-10-09,14,216
Denderleeuw,41011,2020-10-10,9,225
Denderleeuw,41011,2020-10-11,8,233
Denderleeuw,41011,2020-10-12,8,241
Denderleeuw,41011,2020-10-13,8,249
Denderleeuw,41011,2020-10-14,17,266
Denderleeuw,41011,2020-10-15,12,278
Denderleeuw,41011,2020-10-16,13,291
Denderleeuw,41011,2020-10-17,11,302
Denderleeuw,41011,2020-10-18,20,322
Denderleeuw,41011,2020-10-19,10,332
Denderleeuw,41011,2020-10-20,12,344
Denderleeuw,41011,2020-10-21,16,360
Denderleeuw,41011,2020-10-22,24,384
Denderleeuw,41011,2020-10-23,24,408
Denderleeuw,41011,2020-10-24,30,438
Denderleeuw,41011,2020-10-25,31,469
Denderleeuw,41011,2020-10-26,20,489
Denderleeuw,41011,2020-10-27,18,507
Denderleeuw,41011,2020-10-28,16,523
Denderleeuw,41011,2020-10-29,54,577
Denderleeuw,41011,2020-10-30,30,607
Denderleeuw,41011,2020-10-31,29,636
Denderleeuw,41011,2020-11-01,32,668
Denderleeuw,41011,2020-11-02,11,679
Denderleeuw,41011,2020-11-03,15,694
Denderleeuw,41011,2020-11-04,4,698
Denderleeuw,41011,2020-11-05,31,729
Denderleeuw,41011,2020-11-06,37,766
Denderleeuw,41011,2020-11-07,6,772
Denderleeuw,41011,2020-11-08,30,802
Denderleeuw,41011,2020-11-09,10,812
Denderleeuw,41011,2020-11-10,1,813
Denderleeuw,41011,2020-11-11,7,820
Geraardsbergen,41018,2020-04-01,0,36
Geraardsbergen,41018,2020-04-02,4,40
Geraardsbergen,41018,2020-04-03,5,45
Geraardsbergen,41018,2020-04-04,0,45
Geraardsbergen,41018,2020-04-05,1,46
Geraardsbergen,41018,2020-04-06,0,46
Geraardsbergen,41018,2020-04-07,9,55
Geraardsbergen,41018,2020-04-08,4,59
Geraardsbergen,41018,2020-04-09,0,59
Geraardsbergen,41018,2020-04-10,3,62
Geraardsbergen,41018,2020-04-11,0,62
Geraardsbergen,41018,2020-04-12,2,64
Geraardsbergen,41018,2020-04-13,3,67
Geraardsbergen,41018,2020-04-14,0,67
Geraardsbergen,41018,2020-04-15,2,69
Geraardsbergen,41018,2020-04-16,4,73
Geraardsbergen,41018,2020-04-17,4,77
Geraardsbergen,41018,2020-04-18,0,77
Geraardsbergen,41018,2020-04-19,3,80
Geraardsbergen,41018,2020-04-20,2,82
Geraardsbergen,41018,2020-04-21,2,84
Geraardsbergen,41018,2020-04-22,1,85
Geraardsbergen,41018,2020-04-23,0,85
Geraardsbergen,41018,2020-04-24,0,85
Geraardsbergen,41018,2020-04-25,1,86
Geraardsbergen,41018,2020-04-26,0,86
Geraardsbergen,41018,2020-04-27,2,88
Geraardsbergen,41018,2020-04-28,0,88
Geraardsbergen,41018,2020-04-29,0,88
Geraardsbergen,41018,2020-04-30,1,89
Geraardsbergen,41018,2020-05-01,1,90
Geraardsbergen,41018,2020-05-02,1,91
Geraardsbergen,41018,2020-05-03,1,92
Geraardsbergen,41018,2020-05-04,0,92
Geraardsbergen,41018,2020-05-05,0,92
Geraardsbergen,41018,2020-05-06,1,93
Geraardsbergen,41018,2020-05-07,3,96
Geraardsbergen,41018,2020-05-08,3,99
Geraardsbergen,41018,2020-05-09,0,99
Geraardsbergen,41018,2020-05-10,0,99
Geraardsbergen,41018,2020-05-11,1,100
Geraardsbergen,41018,2020-05-12,1,101
Geraardsbergen,41018,2020-05-13,0,101
Geraardsbergen,41018,2020-05-14,0,101
Geraardsbergen,41018,2020-05-15,0,101
Geraardsbergen,41018,2020-05-16,0,101
Geraardsbergen,41018,2020-05-17,1,102
Geraardsbergen,41018,2020-05-18,0,102
Geraardsbergen,41018,2020-05-19,0,102
Geraardsbergen,41018,2020-05-20,0,102
Geraardsbergen,41018,2020-05-21,0,102
Geraardsbergen,41018,2020-05-22,0,102
Geraardsbergen,41018,2020-05-23,0,102
Geraardsbergen,41018,2020-05-24,0,102
Geraardsbergen,41018,2020-05-25,0,102
Geraardsbergen,41018,2020-05-26,0,102
Geraardsbergen,41018,2020-05-27,0,102
Geraardsbergen,41018,2020-05-28,2,104
Geraardsbergen,41018,2020-05-29,0,104
Geraardsbergen,41018,2020-05-30,2,106
Geraardsbergen,41018,2020-05-31,1,107
Geraardsbergen,41018,2020-06-01,0,107
Geraardsbergen,41018,2020-06-02,0,107
Geraardsbergen,41018,2020-06-03,0,107
Geraardsbergen,41018,2020-06-04,0,107
Geraardsbergen,41018,2020-06-05,0,107
Geraardsbergen,41018,2020-06-06,1,108
Geraardsbergen,41018,2020-06-07,0,108
Geraardsbergen,41018,2020-06-08,0,108
Geraardsbergen,41018,2020-06-09,0,108
Geraardsbergen,41018,2020-06-10,0,108
Geraardsbergen,41018,2020-06-11,1,109
Geraardsbergen,41018,2020-06-12,0,109
Geraardsbergen,41018,2020-06-13,0,109
Geraardsbergen,41018,2020-06-14,0,109
Geraardsbergen,41018,2020-06-15,0,109
Geraardsbergen,41018,2020-06-16,0,109
Geraardsbergen,41018,2020-06-17,0,109
Geraardsbergen,41018,2020-06-18,0,109
Geraardsbergen,41018,2020-06-19,0,109
Geraardsbergen,41018,2020-06-20,0,109
Geraardsbergen,41018,2020-06-23,0,109
Geraardsbergen,41018,2020-06-24,0,109
Geraardsbergen,41018,2020-06-25,1,110
Geraardsbergen,41018,2020-06-26,1,111
Geraardsbergen,41018,2020-06-27,0,111
Geraardsbergen,41018,2020-06-30,0,111
Geraardsbergen,41018,2020-07-01,0,111
Geraardsbergen,41018,2020-07-02,0,111
Geraardsbergen,41018,2020-07-03,0,111
Geraardsbergen,41018,2020-07-04,0,111
Geraardsbergen,41018,2020-07-07,0,111
Geraardsbergen,41018,2020-07-08,0,111
Geraardsbergen,41018,2020-07-09,0,111
Geraardsbergen,41018,2020-07-10,0,111
Geraardsbergen,41018,2020-07-11,0,111
Geraardsbergen,41018,2020-07-14,0,111
Geraardsbergen,41018,2020-07-15,0,111
Geraardsbergen,41018,2020-07-16,0,111
Geraardsbergen,41018,2020-07-17,0,111
Geraardsbergen,41018,2020-07-18,1,112
Geraardsbergen,41018,2020-07-20,0,112
Geraardsbergen,41018,2020-07-21,0,112
Geraardsbergen,41018,2020-07-22,0,112
Geraardsbergen,41018,2020-07-23,0,112
Geraardsbergen,41018,2020-07-24,1,113
Geraardsbergen,41018,2020-07-25,0,113
Geraardsbergen,41018,2020-07-26,0,113
Geraardsbergen,41018,2020-07-27,0,113
Geraardsbergen,41018,2020-07-28,0,113
Geraardsbergen,41018,2020-07-29,1,114
Geraardsbergen,41018,2020-07-30,0,114
Geraardsbergen,41018,2020-07-31,0,114
Geraardsbergen,41018,2020-08-01,1,115
Geraardsbergen,41018,2020-08-02,3,118
Geraardsbergen,41018,2020-08-03,4,122
Geraardsbergen,41018,2020-08-04,0,122
Geraardsbergen,41018,2020-08-05,0,122
Geraardsbergen,41018,2020-08-06,0,122
Geraardsbergen,41018,2020-08-07,0,122
Geraardsbergen,41018,2020-08-08,0,122
Geraardsbergen,41018,2020-08-09,0,122
Geraardsbergen,41018,2020-08-10,0,122
Geraardsbergen,41018,2020-08-11,0,122
Geraardsbergen,41018,2020-08-12,0,122
Geraardsbergen,41018,2020-08-13,1,123
Geraardsbergen,41018,2020-08-14,0,123
Geraardsbergen,41018,2020-08-15,1,124
Geraardsbergen,41018,2020-08-16,5,129
Geraardsbergen,41018,2020-08-17,0,129
Geraardsbergen,41018,2020-08-18,2,131
Geraardsbergen,41018,2020-08-19,1,132
Geraardsbergen,41018,2020-08-20,0,132
Geraardsbergen,41018,2020-08-21,0,132
Geraardsbergen,41018,2020-08-22,0,132
Geraardsbergen,41018,2020-08-23,0,132
Geraardsbergen,41018,2020-08-24,0,132
Geraardsbergen,41018,2020-08-25,0,132
Geraardsbergen,41018,2020-08-26,1,133
Geraardsbergen,41018,2020-08-27,0,133
Geraardsbergen,41018,2020-08-28,1,134
Geraardsbergen,41018,2020-08-29,1,135
Geraardsbergen,41018,2020-08-30,2,137
Geraardsbergen,41018,2020-08-31,0,137
Geraardsbergen,41018,2020-09-01,0,137
Geraardsbergen,41018,2020-09-02,0,137
Geraardsbergen,41018,2020-09-03,1,138
Geraardsbergen,41018,2020-09-04,0,138
Geraardsbergen,41018,2020-09-05,1,139
Geraardsbergen,41018,2020-09-06,1,140
Geraardsbergen,41018,2020-09-07,1,141
Geraardsbergen,41018,2020-09-08,0,141
Geraardsbergen,41018,2020-09-09,0,141
Geraardsbergen,41018,2020-09-10,0,141
Geraardsbergen,41018,2020-09-11,0,141
Geraardsbergen,41018,2020-09-12,0,141
Geraardsbergen,41018,2020-09-13,4,145
Geraardsbergen,41018,2020-09-14,2,147
Geraardsbergen,41018,2020-09-15,3,150
Geraardsbergen,41018,2020-09-16,1,151
Geraardsbergen,41018,2020-09-17,1,152
Geraardsbergen,41018,2020-09-18,0,152
Geraardsbergen,41018,2020-09-19,1,153
Geraardsbergen,41018,2020-09-20,-1,152
Geraardsbergen,41018,2020-09-21,2,154
Geraardsbergen,41018,2020-09-22,1,155
Geraardsbergen,41018,2020-09-23,1,156
Geraardsbergen,41018,2020-09-24,2,158
Geraardsbergen,41018,2020-09-25,1,159
Geraardsbergen,41018,2020-09-26,1,160
Geraardsbergen,41018,2020-09-27,1,161
Geraardsbergen,41018,2020-09-28,6,167
Geraardsbergen,41018,2020-09-29,1,168
Geraardsbergen,41018,2020-09-30,0,168
Geraardsbergen,41018,2020-10-01,0,168
Geraardsbergen,41018,2020-10-02,1,169
Geraardsbergen,41018,2020-10-03,5,174
Geraardsbergen,41018,2020-10-04,5,179
Geraardsbergen,41018,2020-10-05,9,188
Geraardsbergen,41018,2020-10-06,1,189
Geraardsbergen,41018,2020-10-07,1,190
Geraardsbergen,41018,2020-10-08,5,195
Geraardsbergen,41018,2020-10-09,7,202
Geraardsbergen,41018,2020-10-10,9,211
Geraardsbergen,41018,2020-10-11,5,216
Geraardsbergen,41018,2020-10-12,8,224
Geraardsbergen,41018,2020-10-13,3,227
Geraardsbergen,41018,2020-10-14,4,231
Geraardsbergen,41018,2020-10-15,1,232
Geraardsbergen,41018,2020-10-16,10,242
Geraardsbergen,41018,2020-10-17,8,250
Geraardsbergen,41018,2020-10-18,11,261
Geraardsbergen,41018,2020-10-19,5,266
Geraardsbergen,41018,2020-10-20,17,283
Geraardsbergen,41018,2020-10-21,25,308
Geraardsbergen,41018,2020-10-22,31,339
Geraardsbergen,41018,2020-10-23,26,365
Geraardsbergen,41018,2020-10-24,34,399
Geraardsbergen,41018,2020-10-25,26,425
Geraardsbergen,41018,2020-10-26,32,457
Geraardsbergen,41018,2020-10-27,31,488
Geraardsbergen,41018,2020-10-28,13,501
Geraardsbergen,41018,2020-10-29,39,540
Geraardsbergen,41018,2020-10-30,35,575
Geraardsbergen,41018,2020-10-31,24,599
Geraardsbergen,41018,2020-11-01,37,636
Geraardsbergen,41018,2020-11-02,31,667
Geraardsbergen,41018,2020-11-03,27,694
Geraardsbergen,41018,2020-11-04,16,710
Geraardsbergen,41018,2020-11-05,37,747
Geraardsbergen,41018,2020-11-06,21,768
Geraardsbergen,41018,2020-11-07,33,801
Geraardsbergen,41018,2020-11-08,24,825
Geraardsbergen,41018,2020-11-09,47,872
Geraardsbergen,41018,2020-11-10,18,890
Geraardsbergen,41018,2020-11-11,12,902
Haaltert,41024,2020-04-01,1,31
Haaltert,41024,2020-04-02,4,35
Haaltert,41024,2020-04-03,9,44
Haaltert,41024,2020-04-04,1,45
Haaltert,41024,2020-04-05,3,48
Haaltert,41024,2020-04-06,1,49
Haaltert,41024,2020-04-07,10,59
Haaltert,41024,2020-04-08,8,67
Haaltert,41024,2020-04-09,1,68
Haaltert,41024,2020-04-10,6,74
Haaltert,41024,2020-04-11,2,76
Haaltert,41024,2020-04-12,9,85
Haaltert,41024,2020-04-13,3,88
Haaltert,41024,2020-04-14,2,90
Haaltert,41024,2020-04-15,42,132
Haaltert,41024,2020-04-16,0,132
Haaltert,41024,2020-04-17,1,133
Haaltert,41024,2020-04-18,3,136
Haaltert,41024,2020-04-19,4,140
Haaltert,41024,2020-04-20,6,146
Haaltert,41024,2020-04-21,0,146
Haaltert,41024,2020-04-22,1,147
Haaltert,41024,2020-04-23,2,149
Haaltert,41024,2020-04-24,3,152
Haaltert,41024,2020-04-25,0,152
Haaltert,41024,2020-04-26,1,153
Haaltert,41024,2020-04-27,0,153
Haaltert,41024,2020-04-28,1,154
Haaltert,41024,2020-04-29,1,155
Haaltert,41024,2020-04-30,12,167
Haaltert,41024,2020-05-01,1,168
Haaltert,41024,2020-05-02,1,169
Haaltert,41024,2020-05-03,0,169
Haaltert,41024,2020-05-04,0,169
Haaltert,41024,2020-05-05,0,169
Haaltert,41024,2020-05-06,1,170
Haaltert,41024,2020-05-07,0,170
Haaltert,41024,2020-05-08,0,170
Haaltert,41024,2020-05-09,0,170
Haaltert,41024,2020-05-10,1,171
Haaltert,41024,2020-05-11,0,171
Haaltert,41024,2020-05-12,0,171
Haaltert,41024,2020-05-13,0,171
Haaltert,41024,2020-05-14,0,171
Haaltert,41024,2020-05-15,0,171
Haaltert,41024,2020-05-16,1,172
Haaltert,41024,2020-05-17,0,172
Haaltert,41024,2020-05-18,0,172
Haaltert,41024,2020-05-19,0,172
Haaltert,41024,2020-05-20,0,172
Haaltert,41024,2020-05-21,0,172
Haaltert,41024,2020-05-22,0,172
Haaltert,41024,2020-05-23,0,172
Haaltert,41024,2020-05-24,2,174
Haaltert,41024,2020-05-25,0,174
Haaltert,41024,2020-05-26,0,174
Haaltert,41024,2020-05-27,0,174
Haaltert,41024,2020-05-28,0,174
Haaltert,41024,2020-05-29,0,174
Haaltert,41024,2020-05-30,0,174
Haaltert,41024,2020-05-31,0,174
Haaltert,41024,2020-06-01,0,174
Haaltert,41024,2020-06-02,0,174
Haaltert,41024,2020-06-03,0,174
Haaltert,41024,2020-06-04,0,174
Haaltert,41024,2020-06-05,0,174
Haaltert,41024,2020-06-06,0,174
Haaltert,41024,2020-06-07,0,174
Haaltert,41024,2020-06-08,0,174
Haaltert,41024,2020-06-09,0,174
Haaltert,41024,2020-06-10,0,174
Haaltert,41024,2020-06-11,0,174
Haaltert,41024,2020-06-12,0,174
Haaltert,41024,2020-06-13,0,174
Haaltert,41024,2020-06-14,0,174
Haaltert,41024,2020-06-15,0,174
Haaltert,41024,2020-06-16,0,174
Haaltert,41024,2020-06-17,0,174
Haaltert,41024,2020-06-18,0,174
Haaltert,41024,2020-06-19,0,174
Haaltert,41024,2020-06-20,0,174
Haaltert,41024,2020-06-23,2,176
Haaltert,41024,2020-06-24,0,176
Haaltert,41024,2020-06-25,1,177
Haaltert,41024,2020-06-26,0,177
Haaltert,41024,2020-06-27,0,177
Haaltert,41024,2020-06-30,0,177
Haaltert,41024,2020-07-01,0,177
Haaltert,41024,2020-07-02,0,177
Haaltert,41024,2020-07-03,0,177
Haaltert,41024,2020-07-04,0,177
Haaltert,41024,2020-07-07,0,177
Haaltert,41024,2020-07-08,0,177
Haaltert,41024,2020-07-09,0,177
Haaltert,41024,2020-07-10,0,177
Haaltert,41024,2020-07-11,0,177
Haaltert,41024,2020-07-14,0,177
Haaltert,41024,2020-07-15,1,178
Haaltert,41024,2020-07-16,0,178
Haaltert,41024,2020-07-17,0,178
Haaltert,41024,2020-07-18,0,178
Haaltert,41024,2020-07-20,0,178
Haaltert,41024,2020-07-21,0,178
Haaltert,41024,2020-07-22,0,178
Haaltert,41024,2020-07-23,0,178
Haaltert,41024,2020-07-24,0,178
Haaltert,41024,2020-07-25,0,178
Haaltert,41024,2020-07-26,0,178
Haaltert,41024,2020-07-27,0,178
Haaltert,41024,2020-07-28,0,178
Haaltert,41024,2020-07-29,0,178
Haaltert,41024,2020-07-30,0,178
Haaltert,41024,2020-07-31,0,178
Haaltert,41024,2020-08-01,0,178
Haaltert,41024,2020-08-02,0,178
Haaltert,41024,2020-08-03,0,178
Haaltert,41024,2020-08-04,0,178
Haaltert,41024,2020-08-05,0,178
Haaltert,41024,2020-08-06,0,178
Haaltert,41024,2020-08-07,0,178
Haaltert,41024,2020-08-08,0,178
Haaltert,41024,2020-08-09,0,178
Haaltert,41024,2020-08-10,0,178
Haaltert,41024,2020-08-11,0,178
Haaltert,41024,2020-08-12,0,178
Haaltert,41024,2020-08-13,1,179
Haaltert,41024,2020-08-14,0,179
Haaltert,41024,2020-08-15,0,179
Haaltert,41024,2020-08-16,0,179
Haaltert,41024,2020-08-17,0,179
Haaltert,41024,2020-08-18,0,179
Haaltert,41024,2020-08-19,0,179
Haaltert,41024,2020-08-20,0,179
Haaltert,41024,2020-08-21,1,180
Haaltert,41024,2020-08-22,0,180
Haaltert,41024,2020-08-23,0,180
Haaltert,41024,2020-08-24,0,180
Haaltert,41024,2020-08-25,0,180
Haaltert,41024,2020-08-26,0,180
Haaltert,41024,2020-08-27,0,180
Haaltert,41024,2020-08-28,0,180
Haaltert,41024,2020-08-29,1,181
Haaltert,41024,2020-08-30,0,181
Haaltert,41024,2020-08-31,0,181
Haaltert,41024,2020-09-01,0,181
Haaltert,41024,2020-09-02,0,181
Haaltert,41024,2020-09-03,0,181
Haaltert,41024,2020-09-04,0,181
Haaltert,41024,2020-09-05,0,181
Haaltert,41024,2020-09-06,0,181
Haaltert,41024,2020-09-07,0,181
Haaltert,41024,2020-09-08,1,182
Haaltert,41024,2020-09-09,1,183
Haaltert,41024,2020-09-10,2,185
Haaltert,41024,2020-09-11,2,187
Haaltert,41024,2020-09-12,2,189
Haaltert,41024,2020-09-13,1,190
Haaltert,41024,2020-09-14,1,191
Haaltert,41024,2020-09-15,2,193
Haaltert,41024,2020-09-16,0,193
Haaltert,41024,2020-09-17,2,195
Haaltert,41024,2020-09-18,0,195
Haaltert,41024,2020-09-19,1,196
Haaltert,41024,2020-09-20,0,196
Haaltert,41024,2020-09-21,0,196
Haaltert,41024,2020-09-22,0,196
Haaltert,41024,2020-09-23,1,197
Haaltert,41024,2020-09-24,1,198
Haaltert,41024,2020-09-25,2,200
Haaltert,41024,2020-09-26,1,201
Haaltert,41024,2020-09-27,2,203
Haaltert,41024,2020-09-28,0,203
Haaltert,41024,2020-09-29,0,203
Haaltert,41024,2020-09-30,0,203
Haaltert,41024,2020-10-01,2,205
Haaltert,41024,2020-10-02,0,205
Haaltert,41024,2020-10-03,2,207
Haaltert,41024,2020-10-04,3,210
Haaltert,41024,2020-10-05,5,215
Haaltert,41024,2020-10-06,0,215
Haaltert,41024,2020-10-07,1,216
Haaltert,41024,2020-10-08,3,219
Haaltert,41024,2020-10-09,8,227
Haaltert,41024,2020-10-10,5,232
Haaltert,41024,2020-10-11,15,247
Haaltert,41024,2020-10-12,7,254
Haaltert,41024,2020-10-13,2,256
Haaltert,41024,2020-10-14,7,263
Haaltert,41024,2020-10-15,8,271
Haaltert,41024,2020-10-16,11,282
Haaltert,41024,2020-10-17,9,291
Haaltert,41024,2020-10-18,4,295
Haaltert,41024,2020-10-19,5,300
Haaltert,41024,2020-10-20,11,311
Haaltert,41024,2020-10-21,5,316
Haaltert,41024,2020-10-22,23,339
Haaltert,41024,2020-10-23,23,362
Haaltert,41024,2020-10-24,24,386
Haaltert,41024,2020-10-25,29,415
Haaltert,41024,2020-10-26,25,440
Haaltert,41024,2020-10-27,25,465
Haaltert,41024,2020-10-28,5,470
Haaltert,41024,2020-10-29,45,515
Haaltert,41024,2020-10-30,20,535
Haaltert,41024,2020-10-31,20,555
Haaltert,41024,2020-11-01,20,575
Haaltert,41024,2020-11-02,21,596
Haaltert,41024,2020-11-03,12,608
Haaltert,41024,2020-11-04,7,615
Haaltert,41024,2020-11-05,25,640
Haaltert,41024,2020-11-06,14,654
Haaltert,41024,2020-11-07,8,662
Haaltert,41024,2020-11-08,20,682
Haaltert,41024,2020-11-09,11,693
Haaltert,41024,2020-11-10,7,700
Haaltert,41024,2020-11-11,6,706
Herzele,41027,2020-04-01,0,14
Herzele,41027,2020-04-02,2,16
Herzele,41027,2020-04-03,0,16
Herzele,41027,2020-04-04,1,17
Herzele,41027,2020-04-05,1,18
Herzele,41027,2020-04-06,0,18
Herzele,41027,2020-04-07,1,19
Herzele,41027,2020-04-08,3,22
Herzele,41027,2020-04-09,1,23
Herzele,41027,2020-04-10,5,28
Herzele,41027,2020-04-11,1,29
Herzele,41027,2020-04-12,1,30
Herzele,41027,2020-04-13,1,31
Herzele,41027,2020-04-14,0,31
Herzele,41027,2020-04-15,2,33
Herzele,41027,2020-04-16,0,33
Herzele,41027,2020-04-17,1,34
Herzele,41027,2020-04-18,2,36
Herzele,41027,2020-04-19,2,38
Herzele,41027,2020-04-20,5,43
Herzele,41027,2020-04-21,0,43
Herzele,41027,2020-04-22,0,43
Herzele,41027,2020-04-23,0,43
Herzele,41027,2020-04-24,4,47
Herzele,41027,2020-04-25,1,48
Herzele,41027,2020-04-26,2,50
Herzele,41027,2020-04-27,2,52
Herzele,41027,2020-04-28,1,53
Herzele,41027,2020-04-29,2,55
Herzele,41027,2020-04-30,1,56
Herzele,41027,2020-05-01,0,56
Herzele,41027,2020-05-02,3,59
Herzele,41027,2020-05-03,0,59
Herzele,41027,2020-05-04,0,59
Herzele,41027,2020-05-05,1,60
Herzele,41027,2020-05-06,0,60
Herzele,41027,2020-05-07,2,62
Herzele,41027,2020-05-08,0,62
Herzele,41027,2020-05-09,0,62
Herzele,41027,2020-05-10,0,62
Herzele,41027,2020-05-11,1,63
Herzele,41027,2020-05-12,0,63
Herzele,41027,2020-05-13,0,63
Herzele,41027,2020-05-14,0,63
Herzele,41027,2020-05-15,1,64
Herzele,41027,2020-05-16,5,69
Herzele,41027,2020-05-17,0,69
Herzele,41027,2020-05-18,0,69
Herzele,41027,2020-05-19,0,69
Herzele,41027,2020-05-20,0,69
Herzele,41027,2020-05-21,1,70
Herzele,41027,2020-05-22,2,72
Herzele,41027,2020-05-23,0,72
Herzele,41027,2020-05-24,1,73
Herzele,41027,2020-05-25,0,73
Herzele,41027,2020-05-26,0,73
Herzele,41027,2020-05-27,2,75
Herzele,41027,2020-05-28,1,76
Herzele,41027,2020-05-29,0,76
Herzele,41027,2020-05-30,0,76
Herzele,41027,2020-05-31,0,76
Herzele,41027,2020-06-01,0,76
Herzele,41027,2020-06-02,0,76
Herzele,41027,2020-06-03,0,76
Herzele,41027,2020-06-04,0,76
Herzele,41027,2020-06-05,0,76
Herzele,41027,2020-06-06,0,76
Herzele,41027,2020-06-07,0,76
Herzele,41027,2020-06-08,0,76
Herzele,41027,2020-06-09,0,76
Herzele,41027,2020-06-10,0,76
Herzele,41027,2020-06-11,0,76
Herzele,41027,2020-06-12,0,76
Herzele,41027,2020-06-13,0,76
Herzele,41027,2020-06-14,0,76
Herzele,41027,2020-06-15,0,76
Herzele,41027,2020-06-16,0,76
Herzele,41027,2020-06-17,0,76
Herzele,41027,2020-06-18,1,77
Herzele,41027,2020-06-19,0,77
Herzele,41027,2020-06-20,0,77
Herzele,41027,2020-06-23,0,77
Herzele,41027,2020-06-24,0,77
Herzele,41027,2020-06-25,0,77
Herzele,41027,2020-06-26,0,77
Herzele,41027,2020-06-27,0,77
Herzele,41027,2020-06-30,0,77
Herzele,41027,2020-07-01,0,77
Herzele,41027,2020-07-02,0,77
Herzele,41027,2020-07-03,0,77
Herzele,41027,2020-07-04,0,77
Herzele,41027,2020-07-07,2,79
Herzele,41027,2020-07-08,0,79
Herzele,41027,2020-07-09,0,79
Herzele,41027,2020-07-10,0,79
Herzele,41027,2020-07-11,0,79
Herzele,41027,2020-07-14,0,79
Herzele,41027,2020-07-15,1,80
Herzele,41027,2020-07-16,0,80
Herzele,41027,2020-07-17,0,80
Herzele,41027,2020-07-18,0,80
Herzele,41027,2020-07-20,0,80
Herzele,41027,2020-07-21,0,80
Herzele,41027,2020-07-22,1,81
Herzele,41027,2020-07-23,2,83
Herzele,41027,2020-07-24,0,83
Herzele,41027,2020-07-25,1,84
Herzele,41027,2020-07-26,1,85
Herzele,41027,2020-07-27,0,85
Herzele,41027,2020-07-28,1,86
Herzele,41027,2020-07-29,0,86
Herzele,41027,2020-07-30,0,86
Herzele,41027,2020-07-31,0,86
Herzele,41027,2020-08-01,0,86
Herzele,41027,2020-08-02,0,86
Herzele,41027,2020-08-03,3,89
Herzele,41027,2020-08-04,0,89
Herzele,41027,2020-08-05,1,90
Herzele,41027,2020-08-06,1,91
Herzele,41027,2020-08-07,0,91
Herzele,41027,2020-08-08,0,91
Herzele,41027,2020-08-09,1,92
Herzele,41027,2020-08-10,1,93
Herzele,41027,2020-08-11,0,93
Herzele,41027,2020-08-12,0,93
Herzele,41027,2020-08-13,0,93
Herzele,41027,2020-08-14,1,94
Herzele,41027,2020-08-15,0,94
Herzele,41027,2020-08-16,1,95
Herzele,41027,2020-08-17,0,95
Herzele,41027,2020-08-18,0,95
Herzele,41027,2020-08-19,1,96
Herzele,41027,2020-08-20,0,96
Herzele,41027,2020-08-21,3,99
Herzele,41027,2020-08-22,1,100
Herzele,41027,2020-08-23,0,100
Herzele,41027,2020-08-24,0,100
Herzele,41027,2020-08-25,1,101
Herzele,41027,2020-08-26,0,101
Herzele,41027,2020-08-27,0,101
Herzele,41027,2020-08-28,1,102
Herzele,41027,2020-08-29,0,102
Herzele,41027,2020-08-30,1,103
Herzele,41027,2020-08-31,1,104
Herzele,41027,2020-09-01,0,104
Herzele,41027,2020-09-02,1,105
Herzele,41027,2020-09-03,0,105
Herzele,41027,2020-09-04,0,105
Herzele,41027,2020-09-05,1,106
Herzele,41027,2020-09-06,0,106
Herzele,41027,2020-09-07,0,106
Herzele,41027,2020-09-08,0,106
Herzele,41027,2020-09-09,0,106
Herzele,41027,2020-09-10,0,106
Herzele,41027,2020-09-11,1,107
Herzele,41027,2020-09-12,2,109
Herzele,41027,2020-09-13,1,110
Herzele,41027,2020-09-14,3,113
Herzele,41027,2020-09-15,1,114
Herzele,41027,2020-09-16,0,114
Herzele,41027,2020-09-17,1,115
Herzele,41027,2020-09-18,1,116
Herzele,41027,2020-09-19,1,117
Herzele,41027,2020-09-20,-1,116
Herzele,41027,2020-09-21,1,117
Herzele,41027,2020-09-22,1,118
Herzele,41027,2020-09-23,0,118
Herzele,41027,2020-09-24,2,120
Herzele,41027,2020-09-25,1,121
Herzele,41027,2020-09-26,3,124
Herzele,41027,2020-09-27,4,128
Herzele,41027,2020-09-28,6,134
Herzele,41027,2020-09-29,0,134
Herzele,41027,2020-09-30,5,139
Herzele,41027,2020-10-01,0,139
Herzele,41027,2020-10-02,2,141
Herzele,41027,2020-10-03,5,146
Herzele,41027,2020-10-04,2,148
Herzele,41027,2020-10-05,0,148
Herzele,41027,2020-10-06,0,148
Herzele,41027,2020-10-07,2,150
Herzele,41027,2020-10-08,0,150
Herzele,41027,2020-10-09,4,154
Herzele,41027,2020-10-10,2,156
Herzele,41027,2020-10-11,13,169
Herzele,41027,2020-10-12,3,172
Herzele,41027,2020-10-13,1,173
Herzele,41027,2020-10-14,9,182
Herzele,41027,2020-10-15,6,188
Herzele,41027,2020-10-16,2,190
Herzele,41027,2020-10-17,1,191
Herzele,41027,2020-10-18,7,198
Herzele,41027,2020-10-19,2,200
Herzele,41027,2020-10-20,6,206
Herzele,41027,2020-10-21,9,215
Herzele,41027,2020-10-22,10,225
Herzele,41027,2020-10-23,6,231
Herzele,41027,2020-10-24,4,235
Herzele,41027,2020-10-25,15,250
Herzele,41027,2020-10-26,6,256
Herzele,41027,2020-10-27,17,273
Herzele,41027,2020-10-28,15,288
Herzele,41027,2020-10-29,10,298
Herzele,41027,2020-10-30,39,337
Herzele,41027,2020-10-31,29,366
Herzele,41027,2020-11-01,29,395
Herzele,41027,2020-11-02,39,434
Herzele,41027,2020-11-03,15,449
Herzele,41027,2020-11-04,8,457
Herzele,41027,2020-11-05,17,474
Herzele,41027,2020-11-06,9,483
Herzele,41027,2020-11-07,5,488
Herzele,41027,2020-11-08,12,500
Herzele,41027,2020-11-09,5,505
Herzele,41027,2020-11-10,10,515
Herzele,41027,2020-11-11,11,526
Lede,41034,2020-04-01,0,18
Lede,41034,2020-04-02,2,20
Lede,41034,2020-04-03,4,24
Lede,41034,2020-04-04,0,24
Lede,41034,2020-04-05,0,24
Lede,41034,2020-04-06,1,25
Lede,41034,2020-04-07,9,34
Lede,41034,2020-04-08,1,35
Lede,41034,2020-04-09,4,39
Lede,41034,2020-04-10,1,40
Lede,41034,2020-04-11,2,42
Lede,41034,2020-04-12,2,44
Lede,41034,2020-04-13,1,45
Lede,41034,2020-04-14,1,46
Lede,41034,2020-04-15,4,50
Lede,41034,2020-04-16,2,52
Lede,41034,2020-04-17,3,55
Lede,41034,2020-04-18,1,56
Lede,41034,2020-04-19,1,57
Lede,41034,2020-04-20,2,59
Lede,41034,2020-04-21,1,60
Lede,41034,2020-04-22,1,61
Lede,41034,2020-04-23,1,62
Lede,41034,2020-04-24,0,62
Lede,41034,2020-04-25,0,62
Lede,41034,2020-04-26,0,62
Lede,41034,2020-04-27,1,63
Lede,41034,2020-04-28,0,63
Lede,41034,2020-04-29,2,65
Lede,41034,2020-04-30,0,65
Lede,41034,2020-05-01,3,68
Lede,41034,2020-05-02,1,69
Lede,41034,2020-05-03,0,69
Lede,41034,2020-05-04,0,69
Lede,41034,2020-05-05,0,69
Lede,41034,2020-05-06,0,69
Lede,41034,2020-05-07,0,69
Lede,41034,2020-05-08,0,69
Lede,41034,2020-05-09,0,69
Lede,41034,2020-05-10,0,69
Lede,41034,2020-05-11,0,69
Lede,41034,2020-05-12,1,70
Lede,41034,2020-05-13,0,70
Lede,41034,2020-05-14,0,70
Lede,41034,2020-05-15,0,70
Lede,41034,2020-05-16,0,70
Lede,41034,2020-05-17,1,71
Lede,41034,2020-05-18,0,71
Lede,41034,2020-05-19,1,72
Lede,41034,2020-05-20,0,72
Lede,41034,2020-05-21,0,72
Lede,41034,2020-05-22,0,72
Lede,41034,2020-05-23,0,72
Lede,41034,2020-05-24,2,74
Lede,41034,2020-05-25,0,74
Lede,41034,2020-05-26,0,74
Lede,41034,2020-05-27,1,75
Lede,41034,2020-05-28,1,76
Lede,41034,2020-05-29,1,77
Lede,41034,2020-05-30,0,77
Lede,41034,2020-05-31,0,77
Lede,41034,2020-06-01,0,77
Lede,41034,2020-06-02,0,77
Lede,41034,2020-06-03,0,77
Lede,41034,2020-06-04,0,77
Lede,41034,2020-06-05,0,77
Lede,41034,2020-06-06,0,77
Lede,41034,2020-06-07,0,77
Lede,41034,2020-06-08,0,77
Lede,41034,2020-06-09,0,77
Lede,41034,2020-06-10,0,77
Lede,41034,2020-06-11,0,77
Lede,41034,2020-06-12,0,77
Lede,41034,2020-06-13,0,77
Lede,41034,2020-06-14,0,77
Lede,41034,2020-06-15,0,77
Lede,41034,2020-06-16,0,77
Lede,41034,2020-06-17,0,77
Lede,41034,2020-06-18,0,77
Lede,41034,2020-06-19,0,77
Lede,41034,2020-06-20,0,77
Lede,41034,2020-06-23,0,77
Lede,41034,2020-06-24,0,77
Lede,41034,2020-06-25,0,77
Lede,41034,2020-06-26,0,77
Lede,41034,2020-06-27,0,77
Lede,41034,2020-06-30,0,77
Lede,41034,2020-07-01,0,77
Lede,41034,2020-07-02,0,77
Lede,41034,2020-07-03,0,77
Lede,41034,2020-07-04,0,77
Lede,41034,2020-07-07,0,77
Lede,41034,2020-07-08,0,77
Lede,41034,2020-07-09,0,77
Lede,41034,2020-07-10,0,77
Lede,41034,2020-07-11,0,77
Lede,41034,2020-07-14,2,79
Lede,41034,2020-07-15,0,79
Lede,41034,2020-07-16,0,79
Lede,41034,2020-07-17,0,79
Lede,41034,2020-07-18,0,79
Lede,41034,2020-07-20,0,79
Lede,41034,2020-07-21,0,79
Lede,41034,2020-07-22,2,81
Lede,41034,2020-07-23,1,82
Lede,41034,2020-07-24,0,82
Lede,41034,2020-07-25,1,83
Lede,41034,2020-07-26,1,84
Lede,41034,2020-07-27,0,84
Lede,41034,2020-07-28,0,84
Lede,41034,2020-07-29,0,84
Lede,41034,2020-07-30,0,84
Lede,41034,2020-07-31,0,84
Lede,41034,2020-08-01,0,84
Lede,41034,2020-08-02,0,84
Lede,41034,2020-08-03,1,85
Lede,41034,2020-08-04,0,85
Lede,41034,2020-08-05,0,85
Lede,41034,2020-08-06,0,85
Lede,41034,2020-08-07,0,85
Lede,41034,2020-08-08,0,85
Lede,41034,2020-08-09,0,85
Lede,41034,2020-08-10,1,86
Lede,41034,2020-08-11,0,86
Lede,41034,2020-08-12,0,86
Lede,41034,2020-08-13,0,86
Lede,41034,2020-08-14,0,86
Lede,41034,2020-08-15,0,86
Lede,41034,2020-08-16,0,86
Lede,41034,2020-08-17,0,86
Lede,41034,2020-08-18,0,86
Lede,41034,2020-08-19,0,86
Lede,41034,2020-08-20,1,87
Lede,41034,2020-08-21,1,88
Lede,41034,2020-08-22,0,88
Lede,41034,2020-08-23,0,88
Lede,41034,2020-08-24,0,88
Lede,41034,2020-08-25,0,88
Lede,41034,2020-08-26,0,88
Lede,41034,2020-08-27,0,88
Lede,41034,2020-08-28,0,88
Lede,41034,2020-08-29,0,88
Lede,41034,2020-08-30,0,88
Lede,41034,2020-08-31,0,88
Lede,41034,2020-09-01,0,88
Lede,41034,2020-09-02,0,88
Lede,41034,2020-09-03,0,88
Lede,41034,2020-09-04,0,88
Lede,41034,2020-09-05,0,88
Lede,41034,2020-09-06,1,89
Lede,41034,2020-09-07,0,89
Lede,41034,2020-09-08,0,89
Lede,41034,2020-09-09,0,89
Lede,41034,2020-09-10,0,89
Lede,41034,2020-09-11,0,89
Lede,41034,2020-09-12,0,89
Lede,41034,2020-09-13,1,90
Lede,41034,2020-09-14,6,96
Lede,41034,2020-09-15,0,96
Lede,41034,2020-09-16,1,97
Lede,41034,2020-09-17,2,99
Lede,41034,2020-09-18,4,103
Lede,41034,2020-09-19,2,105
Lede,41034,2020-09-20,2,107
Lede,41034,2020-09-21,5,112
Lede,41034,2020-09-22,1,113
Lede,41034,2020-09-23,0,113
Lede,41034,2020-09-24,0,113
Lede,41034,2020-09-25,2,115
Lede,41034,2020-09-26,1,116
Lede,41034,2020-09-27,1,117
Lede,41034,2020-09-28,2,119
Lede,41034,2020-09-29,0,119
Lede,41034,2020-09-30,1,120
Lede,41034,2020-10-01,0,120
Lede,41034,2020-10-02,1,121
Lede,41034,2020-10-03,3,124
Lede,41034,2020-10-04,3,127
Lede,41034,2020-10-05,2,129
Lede,41034,2020-10-06,2,131
Lede,41034,2020-10-07,1,132
Lede,41034,2020-10-08,3,135
Lede,41034,2020-10-09,4,139
Lede,41034,2020-10-10,7,146
Lede,41034,2020-10-11,9,155
Lede,41034,2020-10-12,6,161
Lede,41034,2020-10-13,1,162
Lede,41034,2020-10-14,5,167
Lede,41034,2020-10-15,9,176
Lede,41034,2020-10-16,10,186
Lede,41034,2020-10-17,11,197
Lede,41034,2020-10-18,5,202
Lede,41034,2020-10-19,10,212
Lede,41034,2020-10-20,5,217
Lede,41034,2020-10-21,15,232
Lede,41034,2020-10-22,18,250
Lede,41034,2020-10-23,14,264
Lede,41034,2020-10-24,26,290
Lede,41034,2020-10-25,24,314
Lede,41034,2020-10-26,18,332
Lede,41034,2020-10-27,16,348
Lede,41034,2020-10-28,21,369
Lede,41034,2020-10-29,35,404
Lede,41034,2020-10-30,15,419
Lede,41034,2020-10-31,35,454
Lede,41034,2020-11-01,26,480
Lede,41034,2020-11-02,13,493
Lede,41034,2020-11-03,15,508
Lede,41034,2020-11-04,6,514
Lede,41034,2020-11-05,25,539
Lede,41034,2020-11-06,13,552
Lede,41034,2020-11-07,8,560
Lede,41034,2020-11-08,9,569
Lede,41034,2020-11-09,10,579
Lede,41034,2020-11-10,7,586
Lede,41034,2020-11-11,5,591
Ninove,41048,2020-04-01,1,65
Ninove,41048,2020-04-02,1,66
Ninove,41048,2020-04-03,8,74
Ninove,41048,2020-04-04,2,76
Ninove,41048,2020-04-05,5,81
Ninove,41048,2020-04-06,3,84
Ninove,41048,2020-04-07,11,95
Ninove,41048,2020-04-08,7,102
Ninove,41048,2020-04-09,4,106
Ninove,41048,2020-04-10,5,111
Ninove,41048,2020-04-11,4,115
Ninove,41048,2020-04-12,9,124
Ninove,41048,2020-04-13,5,129
Ninove,41048,2020-04-14,4,133
Ninove,41048,2020-04-15,8,141
Ninove,41048,2020-04-16,1,142
Ninove,41048,2020-04-17,10,152
Ninove,41048,2020-04-18,2,154
Ninove,41048,2020-04-19,4,158
Ninove,41048,2020-04-20,4,162
Ninove,41048,2020-04-21,1,163
Ninove,41048,2020-04-22,1,164
Ninove,41048,2020-04-23,2,166
Ninove,41048,2020-04-24,2,168
Ninove,41048,2020-04-25,4,172
Ninove,41048,2020-04-26,1,173
Ninove,41048,2020-04-27,3,176
Ninove,41048,2020-04-28,1,177
Ninove,41048,2020-04-29,0,177
Ninove,41048,2020-04-30,1,178
Ninove,41048,2020-05-01,2,180
Ninove,41048,2020-05-02,1,181
Ninove,41048,2020-05-03,4,185
Ninove,41048,2020-05-04,2,187
Ninove,41048,2020-05-05,0,187
Ninove,41048,2020-05-06,1,188
Ninove,41048,2020-05-07,0,188
Ninove,41048,2020-05-08,2,190
Ninove,41048,2020-05-09,2,192
Ninove,41048,2020-05-10,1,193
Ninove,41048,2020-05-11,1,194
Ninove,41048,2020-05-12,0,194
Ninove,41048,2020-05-13,0,194
Ninove,41048,2020-05-14,1,195
Ninove,41048,2020-05-15,0,195
Ninove,41048,2020-05-16,0,195
Ninove,41048,2020-05-17,1,196
Ninove,41048,2020-05-18,0,196
Ninove,41048,2020-05-19,0,196
Ninove,41048,2020-05-20,0,196
Ninove,41048,2020-05-21,0,196
Ninove,41048,2020-05-22,0,196
Ninove,41048,2020-05-23,0,196
Ninove,41048,2020-05-24,0,196
Ninove,41048,2020-05-25,0,196
Ninove,41048,2020-05-26,0,196
Ninove,41048,2020-05-27,0,196
Ninove,41048,2020-05-28,1,197
Ninove,41048,2020-05-29,1,198
Ninove,41048,2020-05-30,0,198
Ninove,41048,2020-05-31,0,198
Ninove,41048,2020-06-01,0,198
Ninove,41048,2020-06-02,0,198
Ninove,41048,2020-06-03,0,198
Ninove,41048,2020-06-04,0,198
Ninove,41048,2020-06-05,0,198
Ninove,41048,2020-06-06,0,198
Ninove,41048,2020-06-07,0,198
Ninove,41048,2020-06-08,0,198
Ninove,41048,2020-06-09,0,198
Ninove,41048,2020-06-10,0,198
Ninove,41048,2020-06-11,0,198
Ninove,41048,2020-06-12,0,198
Ninove,41048,2020-06-13,0,198
Ninove,41048,2020-06-14,0,198
Ninove,41048,2020-06-15,0,198
Ninove,41048,2020-06-16,0,198
Ninove,41048,2020-06-17,0,198
Ninove,41048,2020-06-18,0,198
Ninove,41048,2020-06-19,0,198
Ninove,41048,2020-06-20,0,198
Ninove,41048,2020-06-23,0,198
Ninove,41048,2020-06-24,0,198
Ninove,41048,2020-06-25,0,198
Ninove,41048,2020-06-26,0,198
Ninove,41048,2020-06-27,0,198
Ninove,41048,2020-06-30,0,198
Ninove,41048,2020-07-01,1,199
Ninove,41048,2020-07-02,0,199
Ninove,41048,2020-07-03,1,200
Ninove,41048,2020-07-04,0,200
Ninove,41048,2020-07-07,2,202
Ninove,41048,2020-07-08,0,202
Ninove,41048,2020-07-09,0,202
Ninove,41048,2020-07-10,0,202
Ninove,41048,2020-07-11,0,202
Ninove,41048,2020-07-14,0,202
Ninove,41048,2020-07-15,0,202
Ninove,41048,2020-07-16,0,202
Ninove,41048,2020-07-17,1,203
Ninove,41048,2020-07-18,1,204
Ninove,41048,2020-07-20,0,204
Ninove,41048,2020-07-21,0,204
Ninove,41048,2020-07-22,0,204
Ninove,41048,2020-07-23,0,204
Ninove,41048,2020-07-24,1,205
Ninove,41048,2020-07-25,1,206
Ninove,41048,2020-07-26,4,210
Ninove,41048,2020-07-27,1,211
Ninove,41048,2020-07-28,1,212
Ninove,41048,2020-07-29,1,213
Ninove,41048,2020-07-30,0,213
Ninove,41048,2020-07-31,2,215
Ninove,41048,2020-08-01,0,215
Ninove,41048,2020-08-02,1,216
Ninove,41048,2020-08-03,0,216
Ninove,41048,2020-08-04,1,217
Ninove,41048,2020-08-05,0,217
Ninove,41048,2020-08-06,1,218
Ninove,41048,2020-08-07,0,218
Ninove,41048,2020-08-08,4,222
Ninove,41048,2020-08-09,4,226
Ninove,41048,2020-08-10,1,227
Ninove,41048,2020-08-11,1,228
Ninove,41048,2020-08-12,1,229
Ninove,41048,2020-08-13,0,229
Ninove,41048,2020-08-14,-1,228
Ninove,41048,2020-08-15,1,229
Ninove,41048,2020-08-16,3,232
Ninove,41048,2020-08-17,0,232
Ninove,41048,2020-08-18,0,232
Ninove,41048,2020-08-19,3,235
Ninove,41048,2020-08-20,1,236
Ninove,41048,2020-08-21,1,237
Ninove,41048,2020-08-22,1,238
Ninove,41048,2020-08-23,0,238
Ninove,41048,2020-08-24,0,238
Ninove,41048,2020-08-25,0,238
Ninove,41048,2020-08-26,0,238
Ninove,41048,2020-08-27,1,239
Ninove,41048,2020-08-28,0,239
Ninove,41048,2020-08-29,0,239
Ninove,41048,2020-08-30,1,240
Ninove,41048,2020-08-31,2,242
Ninove,41048,2020-09-01,0,242
Ninove,41048,2020-09-02,1,243
Ninove,41048,2020-09-03,0,243
Ninove,41048,2020-09-04,3,246
Ninove,41048,2020-09-05,2,248
Ninove,41048,2020-09-06,3,251
Ninove,41048,2020-09-07,2,253
Ninove,41048,2020-09-08,1,254
Ninove,41048,2020-09-09,1,255
Ninove,41048,2020-09-10,5,260
Ninove,41048,2020-09-11,5,265
Ninove,41048,2020-09-12,4,269
Ninove,41048,2020-09-13,1,270
Ninove,41048,2020-09-14,2,272
Ninove,41048,2020-09-15,5,277
Ninove,41048,2020-09-16,2,279
Ninove,41048,2020-09-17,3,282
Ninove,41048,2020-09-18,2,284
Ninove,41048,2020-09-19,8,292
Ninove,41048,2020-09-20,0,292
Ninove,41048,2020-09-21,14,306
Ninove,41048,2020-09-22,5,311
Ninove,41048,2020-09-23,1,312
Ninove,41048,2020-09-24,7,319
Ninove,41048,2020-09-25,6,325
Ninove,41048,2020-09-26,2,327
Ninove,41048,2020-09-27,3,330
Ninove,41048,2020-09-28,6,336
Ninove,41048,2020-09-29,1,337
Ninove,41048,2020-09-30,5,342
Ninove,41048,2020-10-01,3,345
Ninove,41048,2020-10-02,2,347
Ninove,41048,2020-10-03,9,356
Ninove,41048,2020-10-04,8,364
Ninove,41048,2020-10-05,7,371
Ninove,41048,2020-10-06,4,375
Ninove,41048,2020-10-07,4,379
Ninove,41048,2020-10-08,7,386
Ninove,41048,2020-10-09,18,404
Ninove,41048,2020-10-10,15,419
Ninove,41048,2020-10-11,27,446
Ninove,41048,2020-10-12,18,464
Ninove,41048,2020-10-13,17,481
Ninove,41048,2020-10-14,18,499
Ninove,41048,2020-10-15,32,531
Ninove,41048,2020-10-16,23,554
Ninove,41048,2020-10-17,25,579
Ninove,41048,2020-10-18,26,605
Ninove,41048,2020-10-19,34,639
Ninove,41048,2020-10-20,37,676
Ninove,41048,2020-10-21,32,708
Ninove,41048,2020-10-22,55,763
Ninove,41048,2020-10-23,52,815
Ninove,41048,2020-10-24,69,884
Ninove,41048,2020-10-25,55,939
Ninove,41048,2020-10-26,51,990
Ninove,41048,2020-10-27,59,1049
Ninove,41048,2020-10-28,19,1068
Ninove,41048,2020-10-29,64,1132
Ninove,41048,2020-10-30,32,1164
Ninove,41048,2020-10-31,43,1207
Ninove,41048,2020-11-01,42,1249
Ninove,41048,2020-11-02,37,1286
Ninove,41048,2020-11-03,17,1303
Ninove,41048,2020-11-04,13,1316
Ninove,41048,2020-11-05,48,1364
Ninove,41048,2020-11-06,24,1388
Ninove,41048,2020-11-07,15,1403
Ninove,41048,2020-11-08,37,1440
Ninove,41048,2020-11-09,19,1459
Ninove,41048,2020-11-10,11,1470
Ninove,41048,2020-11-11,7,1477
Sint-Lievens-Houtem,41063,2020-04-01,0,11
Sint-Lievens-Houtem,41063,2020-04-02,0,11
Sint-Lievens-Houtem,41063,2020-04-03,0,11
Sint-Lievens-Houtem,41063,2020-04-04,0,11
Sint-Lievens-Houtem,41063,2020-04-05,0,11
Sint-Lievens-Houtem,41063,2020-04-06,0,11
Sint-Lievens-Houtem,41063,2020-04-07,0,11
Sint-Lievens-Houtem,41063,2020-04-08,0,11
Sint-Lievens-Houtem,41063,2020-04-09,1,12
Sint-Lievens-Houtem,41063,2020-04-10,1,13
Sint-Lievens-Houtem,41063,2020-04-11,0,13
Sint-Lievens-Houtem,41063,2020-04-12,3,16
Sint-Lievens-Houtem,41063,2020-04-13,1,17
Sint-Lievens-Houtem,41063,2020-04-14,0,17
Sint-Lievens-Houtem,41063,2020-04-15,1,18
Sint-Lievens-Houtem,41063,2020-04-16,1,19
Sint-Lievens-Houtem,41063,2020-04-17,0,19
Sint-Lievens-Houtem,41063,2020-04-18,0,19
Sint-Lievens-Houtem,41063,2020-04-19,1,20
Sint-Lievens-Houtem,41063,2020-04-20,2,22
Sint-Lievens-Houtem,41063,2020-04-21,0,22
Sint-Lievens-Houtem,41063,2020-04-22,0,22
Sint-Lievens-Houtem,41063,2020-04-23,0,22
Sint-Lievens-Houtem,41063,2020-04-24,0,22
Sint-Lievens-Houtem,41063,2020-04-25,1,23
Sint-Lievens-Houtem,41063,2020-04-26,0,23
Sint-Lievens-Houtem,41063,2020-04-27,2,25
Sint-Lievens-Houtem,41063,2020-04-28,0,25
Sint-Lievens-Houtem,41063,2020-04-29,0,25
Sint-Lievens-Houtem,41063,2020-04-30,1,26
Sint-Lievens-Houtem,41063,2020-05-01,0,26
Sint-Lievens-Houtem,41063,2020-05-02,0,26
Sint-Lievens-Houtem,41063,2020-05-03,0,26
Sint-Lievens-Houtem,41063,2020-05-04,0,26
Sint-Lievens-Houtem,41063,2020-05-05,0,26
Sint-Lievens-Houtem,41063,2020-05-06,0,26
Sint-Lievens-Houtem,41063,2020-05-07,0,26
Sint-Lievens-Houtem,41063,2020-05-08,0,26
Sint-Lievens-Houtem,41063,2020-05-09,0,26
Sint-Lievens-Houtem,41063,2020-05-10,0,26
Sint-Lievens-Houtem,41063,2020-05-11,1,27
Sint-Lievens-Houtem,41063,2020-05-12,0,27
Sint-Lievens-Houtem,41063,2020-05-13,0,27
Sint-Lievens-Houtem,41063,2020-05-14,0,27
Sint-Lievens-Houtem,41063,2020-05-15,0,27
Sint-Lievens-Houtem,41063,2020-05-16,0,27
Sint-Lievens-Houtem,41063,2020-05-17,0,27
Sint-Lievens-Houtem,41063,2020-05-18,0,27
Sint-Lievens-Houtem,41063,2020-05-19,0,27
Sint-Lievens-Houtem,41063,2020-05-20,0,27
Sint-Lievens-Houtem,41063,2020-05-21,0,27
Sint-Lievens-Houtem,41063,2020-05-22,0,27
Sint-Lievens-Houtem,41063,2020-05-23,0,27
Sint-Lievens-Houtem,41063,2020-05-24,0,27
Sint-Lievens-Houtem,41063,2020-05-25,0,27
Sint-Lievens-Houtem,41063,2020-05-26,0,27
Sint-Lievens-Houtem,41063,2020-05-27,0,27
Sint-Lievens-Houtem,41063,2020-05-28,0,27
Sint-Lievens-Houtem,41063,2020-05-29,0,27
Sint-Lievens-Houtem,41063,2020-05-30,0,27
Sint-Lievens-Houtem,41063,2020-05-31,0,27
Sint-Lievens-Houtem,41063,2020-06-01,0,27
Sint-Lievens-Houtem,41063,2020-06-02,0,27
Sint-Lievens-Houtem,41063,2020-06-03,0,27
Sint-Lievens-Houtem,41063,2020-06-04,0,27
Sint-Lievens-Houtem,41063,2020-06-05,0,27
Sint-Lievens-Houtem,41063,2020-06-06,0,27
Sint-Lievens-Houtem,41063,2020-06-07,0,27
Sint-Lievens-Houtem,41063,2020-06-08,0,27
Sint-Lievens-Houtem,41063,2020-06-09,1,28
Sint-Lievens-Houtem,41063,2020-06-10,0,28
Sint-Lievens-Houtem,41063,2020-06-11,0,28
Sint-Lievens-Houtem,41063,2020-06-12,0,28
Sint-Lievens-Houtem,41063,2020-06-13,0,28
Sint-Lievens-Houtem,41063,2020-06-14,0,28
Sint-Lievens-Houtem,41063,2020-06-15,0,28
Sint-Lievens-Houtem,41063,2020-06-16,0,28
Sint-Lievens-Houtem,41063,2020-06-17,0,28
Sint-Lievens-Houtem,41063,2020-06-18,0,28
Sint-Lievens-Houtem,41063,2020-06-19,0,28
Sint-Lievens-Houtem,41063,2020-06-20,0,28
Sint-Lievens-Houtem,41063,2020-06-23,0,28
Sint-Lievens-Houtem,41063,2020-06-24,0,28
Sint-Lievens-Houtem,41063,2020-06-25,0,28
Sint-Lievens-Houtem,41063,2020-06-26,0,28
Sint-Lievens-Houtem,41063,2020-06-27,0,28
Sint-Lievens-Houtem,41063,2020-06-30,0,28
Sint-Lievens-Houtem,41063,2020-07-01,0,28
Sint-Lievens-Houtem,41063,2020-07-02,0,28
Sint-Lievens-Houtem,41063,2020-07-03,0,28
Sint-Lievens-Houtem,41063,2020-07-04,0,28
Sint-Lievens-Houtem,41063,2020-07-07,0,28
Sint-Lievens-Houtem,41063,2020-07-08,0,28
Sint-Lievens-Houtem,41063,2020-07-09,0,28
Sint-Lievens-Houtem,41063,2020-07-10,0,28
Sint-Lievens-Houtem,41063,2020-07-11,0,28
Sint-Lievens-Houtem,41063,2020-07-14,0,28
Sint-Lievens-Houtem,41063,2020-07-15,0,28
Sint-Lievens-Houtem,41063,2020-07-16,0,28
Sint-Lievens-Houtem,41063,2020-07-17,0,28
Sint-Lievens-Houtem,41063,2020-07-18,1,29
Sint-Lievens-Houtem,41063,2020-07-20,0,29
Sint-Lievens-Houtem,41063,2020-07-21,0,29
Sint-Lievens-Houtem,41063,2020-07-22,1,30
Sint-Lievens-Houtem,41063,2020-07-23,1,31
Sint-Lievens-Houtem,41063,2020-07-24,0,31
Sint-Lievens-Houtem,41063,2020-07-25,0,31
Sint-Lievens-Houtem,41063,2020-07-26,0,31
Sint-Lievens-Houtem,41063,2020-07-27,0,31
Sint-Lievens-Houtem,41063,2020-07-28,0,31
Sint-Lievens-Houtem,41063,2020-07-29,0,31
Sint-Lievens-Houtem,41063,2020-07-30,0,31
Sint-Lievens-Houtem,41063,2020-07-31,0,31
Sint-Lievens-Houtem,41063,2020-08-01,0,31
Sint-Lievens-Houtem,41063,2020-08-02,0,31
Sint-Lievens-Houtem,41063,2020-08-03,0,31
Sint-Lievens-Houtem,41063,2020-08-04,0,31
Sint-Lievens-Houtem,41063,2020-08-05,0,31
Sint-Lievens-Houtem,41063,2020-08-06,0,31
Sint-Lievens-Houtem,41063,2020-08-07,0,31
Sint-Lievens-Houtem,41063,2020-08-08,0,31
Sint-Lievens-Houtem,41063,2020-08-09,0,31
Sint-Lievens-Houtem,41063,2020-08-10,0,31
Sint-Lievens-Houtem,41063,2020-08-11,0,31
Sint-Lievens-Houtem,41063,2020-08-12,0,31
Sint-Lievens-Houtem,41063,2020-08-13,0,31
Sint-Lievens-Houtem,41063,2020-08-14,1,32
Sint-Lievens-Houtem,41063,2020-08-15,0,32
Sint-Lievens-Houtem,41063,2020-08-16,0,32
Sint-Lievens-Houtem,41063,2020-08-17,0,32
Sint-Lievens-Houtem,41063,2020-08-18,0,32
Sint-Lievens-Houtem,41063,2020-08-19,0,32
Sint-Lievens-Houtem,41063,2020-08-20,0,32
Sint-Lievens-Houtem,41063,2020-08-21,0,32
Sint-Lievens-Houtem,41063,2020-08-22,0,32
Sint-Lievens-Houtem,41063,2020-08-23,0,32
Sint-Lievens-Houtem,41063,2020-08-24,0,32
Sint-Lievens-Houtem,41063,2020-08-25,0,32
Sint-Lievens-Houtem,41063,2020-08-26,0,32
Sint-Lievens-Houtem,41063,2020-08-27,0,32
Sint-Lievens-Houtem,41063,2020-08-28,0,32
Sint-Lievens-Houtem,41063,2020-08-29,0,32
Sint-Lievens-Houtem,41063,2020-08-30,0,32
Sint-Lievens-Houtem,41063,2020-08-31,0,32
Sint-Lievens-Houtem,41063,2020-09-01,0,32
Sint-Lievens-Houtem,41063,2020-09-02,0,32
Sint-Lievens-Houtem,41063,2020-09-03,0,32
Sint-Lievens-Houtem,41063,2020-09-04,0,32
Sint-Lievens-Houtem,41063,2020-09-05,1,33
Sint-Lievens-Houtem,41063,2020-09-06,0,33
Sint-Lievens-Houtem,41063,2020-09-07,0,33
Sint-Lievens-Houtem,41063,2020-09-08,0,33
Sint-Lievens-Houtem,41063,2020-09-09,0,33
Sint-Lievens-Houtem,41063,2020-09-10,0,33
Sint-Lievens-Houtem,41063,2020-09-11,0,33
Sint-Lievens-Houtem,41063,2020-09-12,0,33
Sint-Lievens-Houtem,41063,2020-09-13,1,34
Sint-Lievens-Houtem,41063,2020-09-14,0,34
Sint-Lievens-Houtem,41063,2020-09-15,2,36
Sint-Lievens-Houtem,41063,2020-09-16,0,36
Sint-Lievens-Houtem,41063,2020-09-17,0,36
Sint-Lievens-Houtem,41063,2020-09-18,1,37
Sint-Lievens-Houtem,41063,2020-09-19,1,38
Sint-Lievens-Houtem,41063,2020-09-20,-2,36
Sint-Lievens-Houtem,41063,2020-09-21,4,40
Sint-Lievens-Houtem,41063,2020-09-22,0,40
Sint-Lievens-Houtem,41063,2020-09-23,0,40
Sint-Lievens-Houtem,41063,2020-09-24,2,42
Sint-Lievens-Houtem,41063,2020-09-25,0,42
Sint-Lievens-Houtem,41063,2020-09-26,0,42
Sint-Lievens-Houtem,41063,2020-09-27,2,44
Sint-Lievens-Houtem,41063,2020-09-28,0,44
Sint-Lievens-Houtem,41063,2020-09-29,0,44
Sint-Lievens-Houtem,41063,2020-09-30,1,45
Sint-Lievens-Houtem,41063,2020-10-01,1,46
Sint-Lievens-Houtem,41063,2020-10-02,1,47
Sint-Lievens-Houtem,41063,2020-10-03,0,47
Sint-Lievens-Houtem,41063,2020-10-04,0,47
Sint-Lievens-Houtem,41063,2020-10-05,0,47
Sint-Lievens-Houtem,41063,2020-10-06,0,47
Sint-Lievens-Houtem,41063,2020-10-07,0,47
Sint-Lievens-Houtem,41063,2020-10-08,0,47
Sint-Lievens-Houtem,41063,2020-10-09,1,48
Sint-Lievens-Houtem,41063,2020-10-10,2,50
Sint-Lievens-Houtem,41063,2020-10-11,14,64
Sint-Lievens-Houtem,41063,2020-10-12,3,67
Sint-Lievens-Houtem,41063,2020-10-13,5,72
Sint-Lievens-Houtem,41063,2020-10-14,2,74
Sint-Lievens-Houtem,41063,2020-10-15,2,76
Sint-Lievens-Houtem,41063,2020-10-16,7,83
Sint-Lievens-Houtem,41063,2020-10-17,3,86
Sint-Lievens-Houtem,41063,2020-10-18,6,92
Sint-Lievens-Houtem,41063,2020-10-19,5,97
Sint-Lievens-Houtem,41063,2020-10-20,9,106
Sint-Lievens-Houtem,41063,2020-10-21,7,113
Sint-Lievens-Houtem,41063,2020-10-22,11,124
Sint-Lievens-Houtem,41063,2020-10-23,16,140
Sint-Lievens-Houtem,41063,2020-10-24,7,147
Sint-Lievens-Houtem,41063,2020-10-25,24,171
Sint-Lievens-Houtem,41063,2020-10-26,11,182
Sint-Lievens-Houtem,41063,2020-10-27,13,195
Sint-Lievens-Houtem,41063,2020-10-28,8,203
Sint-Lievens-Houtem,41063,2020-10-29,18,221
Sint-Lievens-Houtem,41063,2020-10-30,24,245
Sint-Lievens-Houtem,41063,2020-10-31,14,259
Sint-Lievens-Houtem,41063,2020-11-01,22,281
Sint-Lievens-Houtem,41063,2020-11-02,12,293
Sint-Lievens-Houtem,41063,2020-11-03,8,301
Sint-Lievens-Houtem,41063,2020-11-04,1,302
Sint-Lievens-Houtem,41063,2020-11-05,26,328
Sint-Lievens-Houtem,41063,2020-11-06,7,335
Sint-Lievens-Houtem,41063,2020-11-07,6,341
Sint-Lievens-Houtem,41063,2020-11-08,4,345
Sint-Lievens-Houtem,41063,2020-11-09,2,347
Sint-Lievens-Houtem,41063,2020-11-10,4,351
Sint-Lievens-Houtem,41063,2020-11-11,1,352
Zottegem,41081,2020-04-01,1,27
Zottegem,41081,2020-04-02,3,30
Zottegem,41081,2020-04-03,1,31
Zottegem,41081,2020-04-04,4,35
Zottegem,41081,2020-04-05,2,37
Zottegem,41081,2020-04-06,0,37
Zottegem,41081,2020-04-07,0,37
Zottegem,41081,2020-04-08,3,40
Zottegem,41081,2020-04-09,0,40
Zottegem,41081,2020-04-10,6,46
Zottegem,41081,2020-04-11,2,48
Zottegem,41081,2020-04-12,0,48
Zottegem,41081,2020-04-13,1,49
Zottegem,41081,2020-04-14,0,49
Zottegem,41081,2020-04-15,1,50
Zottegem,41081,2020-04-16,0,50
Zottegem,41081,2020-04-17,2,52
Zottegem,41081,2020-04-18,0,52
Zottegem,41081,2020-04-19,1,53
Zottegem,41081,2020-04-20,1,54
Zottegem,41081,2020-04-21,0,54
Zottegem,41081,2020-04-22,0,54
Zottegem,41081,2020-04-23,0,54
Zottegem,41081,2020-04-24,1,55
Zottegem,41081,2020-04-25,1,56
Zottegem,41081,2020-04-26,1,57
Zottegem,41081,2020-04-27,3,60
Zottegem,41081,2020-04-28,1,61
Zottegem,41081,2020-04-29,0,61
Zottegem,41081,2020-04-30,0,61
Zottegem,41081,2020-05-01,0,61
Zottegem,41081,2020-05-02,0,61
Zottegem,41081,2020-05-03,2,63
Zottegem,41081,2020-05-04,2,65
Zottegem,41081,2020-05-05,0,65
Zottegem,41081,2020-05-06,0,65
Zottegem,41081,2020-05-07,2,67
Zottegem,41081,2020-05-08,0,67
Zottegem,41081,2020-05-09,0,67
Zottegem,41081,2020-05-10,1,68
Zottegem,41081,2020-05-11,1,69
Zottegem,41081,2020-05-12,1,70
Zottegem,41081,2020-05-13,0,70
Zottegem,41081,2020-05-14,0,70
Zottegem,41081,2020-05-15,0,70
Zottegem,41081,2020-05-16,0,70
Zottegem,41081,2020-05-17,0,70
Zottegem,41081,2020-05-18,0,70
Zottegem,41081,2020-05-19,0,70
Zottegem,41081,2020-05-20,0,70
Zottegem,41081,2020-05-21,0,70
Zottegem,41081,2020-05-22,0,70
Zottegem,41081,2020-05-23,0,70
Zottegem,41081,2020-05-24,0,70
Zottegem,41081,2020-05-25,0,70
Zottegem,41081,2020-05-26,0,70
Zottegem,41081,2020-05-27,0,70
Zottegem,41081,2020-05-28,0,70
Zottegem,41081,2020-05-29,0,70
Zottegem,41081,2020-05-30,0,70
Zottegem,41081,2020-05-31,0,70
Zottegem,41081,2020-06-01,0,70
Zottegem,41081,2020-06-02,0,70
Zottegem,41081,2020-06-03,0,70
Zottegem,41081,2020-06-04,2,72
Zottegem,41081,2020-06-05,2,74
Zottegem,41081,2020-06-06,2,76
Zottegem,41081,2020-06-07,0,76
Zottegem,41081,2020-06-08,0,76
Zottegem,41081,2020-06-09,0,76
Zottegem,41081,2020-06-10,0,76
Zottegem,41081,2020-06-11,0,76
Zottegem,41081,2020-06-12,0,76
Zottegem,41081,2020-06-13,0,76
Zottegem,41081,2020-06-14,0,76
Zottegem,41081,2020-06-15,0,76
Zottegem,41081,2020-06-16,0,76
Zottegem,41081,2020-06-17,0,76
Zottegem,41081,2020-06-18,0,76
Zottegem,41081,2020-06-19,0,76
Zottegem,41081,2020-06-20,0,76
Zottegem,41081,2020-06-23,0,76
Zottegem,41081,2020-06-24,0,76
Zottegem,41081,2020-06-25,0,76
Zottegem,41081,2020-06-26,0,76
Zottegem,41081,2020-06-27,0,76
Zottegem,41081,2020-06-30,0,76
Zottegem,41081,2020-07-01,0,76
Zottegem,41081,2020-07-02,0,76
Zottegem,41081,2020-07-03,0,76
Zottegem,41081,2020-07-04,0,76
Zottegem,41081,2020-07-07,2,78
Zottegem,41081,2020-07-08,0,78
Zottegem,41081,2020-07-09,0,78
Zottegem,41081,2020-07-10,0,78
Zottegem,41081,2020-07-11,0,78
Zottegem,41081,2020-07-14,0,78
Zottegem,41081,2020-07-15,0,78
Zottegem,41081,2020-07-16,0,78
Zottegem,41081,2020-07-17,0,78
Zottegem,41081,2020-07-18,0,78
Zottegem,41081,2020-07-20,0,78
Zottegem,41081,2020-07-21,0,78
Zottegem,41081,2020-07-22,0,78
Zottegem,41081,2020-07-23,0,78
Zottegem,41081,2020-07-24,0,78
Zottegem,41081,2020-07-25,1,79
Zottegem,41081,2020-07-26,0,79
Zottegem,41081,2020-07-27,0,79
Zottegem,41081,2020-07-28,0,79
Zottegem,41081,2020-07-29,1,80
Zottegem,41081,2020-07-30,2,82
Zottegem,41081,2020-07-31,1,83
Zottegem,41081,2020-08-01,0,83
Zottegem,41081,2020-08-02,3,86
Zottegem,41081,2020-08-03,1,87
Zottegem,41081,2020-08-04,1,88
Zottegem,41081,2020-08-05,1,89
Zottegem,41081,2020-08-06,0,89
Zottegem,41081,2020-08-07,2,91
Zottegem,41081,2020-08-08,3,94
Zottegem,41081,2020-08-09,1,95
Zottegem,41081,2020-08-10,3,98
Zottegem,41081,2020-08-11,0,98
Zottegem,41081,2020-08-12,1,99
Zottegem,41081,2020-08-13,0,99
Zottegem,41081,2020-08-14,0,99
Zottegem,41081,2020-08-15,0,99
Zottegem,41081,2020-08-16,0,99
Zottegem,41081,2020-08-17,1,100
Zottegem,41081,2020-08-18,0,100
Zottegem,41081,2020-08-19,1,101
Zottegem,41081,2020-08-20,0,101
Zottegem,41081,2020-08-21,0,101
Zottegem,41081,2020-08-22,2,103
Zottegem,41081,2020-08-23,1,104
Zottegem,41081,2020-08-24,1,105
Zottegem,41081,2020-08-25,0,105
Zottegem,41081,2020-08-26,0,105
Zottegem,41081,2020-08-27,0,105
Zottegem,41081,2020-08-28,0,105
Zottegem,41081,2020-08-29,1,106
Zottegem,41081,2020-08-30,2,108
Zottegem,41081,2020-08-31,1,109
Zottegem,41081,2020-09-01,1,110
Zottegem,41081,2020-09-02,1,111
Zottegem,41081,2020-09-03,0,111
Zottegem,41081,2020-09-04,0,111
Zottegem,41081,2020-09-05,0,111
Zottegem,41081,2020-09-06,0,111
Zottegem,41081,2020-09-07,0,111
Zottegem,41081,2020-09-08,1,112
Zottegem,41081,2020-09-09,2,114
Zottegem,41081,2020-09-10,0,114
Zottegem,41081,2020-09-11,1,115
Zottegem,41081,2020-09-12,1,116
Zottegem,41081,2020-09-13,2,118
Zottegem,41081,2020-09-14,3,121
Zottegem,41081,2020-09-15,1,122
Zottegem,41081,2020-09-16,0,122
Zottegem,41081,2020-09-17,0,122
Zottegem,41081,2020-09-18,0,122
Zottegem,41081,2020-09-19,1,123
Zottegem,41081,2020-09-20,-1,122
Zottegem,41081,2020-09-21,4,126
Zottegem,41081,2020-09-22,1,127
Zottegem,41081,2020-09-23,2,129
Zottegem,41081,2020-09-24,1,130
Zottegem,41081,2020-09-25,4,134
Zottegem,41081,2020-09-26,2,136
Zottegem,41081,2020-09-27,3,139
Zottegem,41081,2020-09-28,4,143
Zottegem,41081,2020-09-29,0,143
Zottegem,41081,2020-09-30,2,145
Zottegem,41081,2020-10-01,0,145
Zottegem,41081,2020-10-02,1,146
Zottegem,41081,2020-10-03,4,150
Zottegem,41081,2020-10-04,4,154
Zottegem,41081,2020-10-05,3,157
Zottegem,41081,2020-10-06,2,159
Zottegem,41081,2020-10-07,5,164
Zottegem,41081,2020-10-08,2,166
Zottegem,41081,2020-10-09,6,172
Zottegem,41081,2020-10-10,4,176
Zottegem,41081,2020-10-11,19,195
Zottegem,41081,2020-10-12,7,202
Zottegem,41081,2020-10-13,1,203
Zottegem,41081,2020-10-14,8,211
Zottegem,41081,2020-10-15,8,219
Zottegem,41081,2020-10-16,4,223
Zottegem,41081,2020-10-17,9,232
Zottegem,41081,2020-10-18,10,242
Zottegem,41081,2020-10-19,12,254
Zottegem,41081,2020-10-20,2,256
Zottegem,41081,2020-10-21,14,270
Zottegem,41081,2020-10-22,19,289
Zottegem,41081,2020-10-23,14,303
Zottegem,41081,2020-10-24,13,316
Zottegem,41081,2020-10-25,20,336
Zottegem,41081,2020-10-26,22,358
Zottegem,41081,2020-10-27,17,375
Zottegem,41081,2020-10-28,23,398
Zottegem,41081,2020-10-29,14,412
Zottegem,41081,2020-10-30,61,473
Zottegem,41081,2020-10-31,26,499
Zottegem,41081,2020-11-01,17,516
Zottegem,41081,2020-11-02,28,544
Zottegem,41081,2020-11-03,12,556
Zottegem,41081,2020-11-04,18,574
Zottegem,41081,2020-11-05,28,602
Zottegem,41081,2020-11-06,29,631
Zottegem,41081,2020-11-07,21,652
Zottegem,41081,2020-11-08,16,668
Zottegem,41081,2020-11-09,18,686
Zottegem,41081,2020-11-10,5,691
Zottegem,41081,2020-11-11,9,700
Erpe-Mere,41082,2020-04-01,0,16
Erpe-Mere,41082,2020-04-02,2,18
Erpe-Mere,41082,2020-04-03,4,22
Erpe-Mere,41082,2020-04-04,2,24
Erpe-Mere,41082,2020-04-05,2,26
Erpe-Mere,41082,2020-04-06,0,26
Erpe-Mere,41082,2020-04-07,12,38
Erpe-Mere,41082,2020-04-08,3,41
Erpe-Mere,41082,2020-04-09,3,44
Erpe-Mere,41082,2020-04-10,3,47
Erpe-Mere,41082,2020-04-11,5,52
Erpe-Mere,41082,2020-04-12,16,68
Erpe-Mere,41082,2020-04-13,13,81
Erpe-Mere,41082,2020-04-14,2,83
Erpe-Mere,41082,2020-04-15,10,93
Erpe-Mere,41082,2020-04-16,1,94
Erpe-Mere,41082,2020-04-17,4,98
Erpe-Mere,41082,2020-04-18,2,100
Erpe-Mere,41082,2020-04-19,2,102
Erpe-Mere,41082,2020-04-20,13,115
Erpe-Mere,41082,2020-04-21,1,116
Erpe-Mere,41082,2020-04-22,2,118
Erpe-Mere,41082,2020-04-23,2,120
Erpe-Mere,41082,2020-04-24,0,120
Erpe-Mere,41082,2020-04-25,0,120
Erpe-Mere,41082,2020-04-26,0,120
Erpe-Mere,41082,2020-04-27,1,121
Erpe-Mere,41082,2020-04-28,0,121
Erpe-Mere,41082,2020-04-29,0,121
Erpe-Mere,41082,2020-04-30,0,121
Erpe-Mere,41082,2020-05-01,2,123
Erpe-Mere,41082,2020-05-02,1,124
Erpe-Mere,41082,2020-05-03,0,124
Erpe-Mere,41082,2020-05-04,0,124
Erpe-Mere,41082,2020-05-05,0,124
Erpe-Mere,41082,2020-05-06,0,124
Erpe-Mere,41082,2020-05-07,1,125
Erpe-Mere,41082,2020-05-08,1,126
Erpe-Mere,41082,2020-05-09,0,126
Erpe-Mere,41082,2020-05-10,0,126
Erpe-Mere,41082,2020-05-11,1,127
Erpe-Mere,41082,2020-05-12,3,130
Erpe-Mere,41082,2020-05-13,0,130
Erpe-Mere,41082,2020-05-14,1,131
Erpe-Mere,41082,2020-05-15,0,131
Erpe-Mere,41082,2020-05-16,0,131
Erpe-Mere,41082,2020-05-17,0,131
Erpe-Mere,41082,2020-05-18,0,131
Erpe-Mere,41082,2020-05-19,0,131
Erpe-Mere,41082,2020-05-20,0,131
Erpe-Mere,41082,2020-05-21,1,132
Erpe-Mere,41082,2020-05-22,0,132
Erpe-Mere,41082,2020-05-23,0,132
Erpe-Mere,41082,2020-05-24,0,132
Erpe-Mere,41082,2020-05-25,1,133
Erpe-Mere,41082,2020-05-26,1,134
Erpe-Mere,41082,2020-05-27,0,134
Erpe-Mere,41082,2020-05-28,0,134
Erpe-Mere,41082,2020-05-29,1,135
Erpe-Mere,41082,2020-05-30,0,135
Erpe-Mere,41082,2020-05-31,0,135
Erpe-Mere,41082,2020-06-01,0,135
Erpe-Mere,41082,2020-06-02,0,135
Erpe-Mere,41082,2020-06-03,0,135
Erpe-Mere,41082,2020-06-04,0,135
Erpe-Mere,41082,2020-06-05,0,135
Erpe-Mere,41082,2020-06-06,0,135
Erpe-Mere,41082,2020-06-07,0,135
Erpe-Mere,41082,2020-06-08,0,135
Erpe-Mere,41082,2020-06-09,0,135
Erpe-Mere,41082,2020-06-10,0,135
Erpe-Mere,41082,2020-06-11,0,135
Erpe-Mere,41082,2020-06-12,0,135
Erpe-Mere,41082,2020-06-13,0,135
Erpe-Mere,41082,2020-06-14,0,135
Erpe-Mere,41082,2020-06-15,0,135
Erpe-Mere,41082,2020-06-16,0,135
Erpe-Mere,41082,2020-06-17,0,135
Erpe-Mere,41082,2020-06-18,0,135
Erpe-Mere,41082,2020-06-19,0,135
Erpe-Mere,41082,2020-06-20,0,135
Erpe-Mere,41082,2020-06-23,1,136
Erpe-Mere,41082,2020-06-24,0,136
Erpe-Mere,41082,2020-06-25,0,136
Erpe-Mere,41082,2020-06-26,0,136
Erpe-Mere,41082,2020-06-27,0,136
Erpe-Mere,41082,2020-06-30,1,137
Erpe-Mere,41082,2020-07-01,0,137
Erpe-Mere,41082,2020-07-02,0,137
Erpe-Mere,41082,2020-07-03,0,137
Erpe-Mere,41082,2020-07-04,0,137
Erpe-Mere,41082,2020-07-07,0,137
Erpe-Mere,41082,2020-07-08,0,137
Erpe-Mere,41082,2020-07-09,0,137
Erpe-Mere,41082,2020-07-10,0,137
Erpe-Mere,41082,2020-07-11,0,137
Erpe-Mere,41082,2020-07-14,0,137
Erpe-Mere,41082,2020-07-15,0,137
Erpe-Mere,41082,2020-07-16,0,137
Erpe-Mere,41082,2020-07-17,0,137
Erpe-Mere,41082,2020-07-18,0,137
Erpe-Mere,41082,2020-07-20,0,137
Erpe-Mere,41082,2020-07-21,1,138
Erpe-Mere,41082,2020-07-22,0,138
Erpe-Mere,41082,2020-07-23,1,139
Erpe-Mere,41082,2020-07-24,0,139
Erpe-Mere,41082,2020-07-25,0,139
Erpe-Mere,41082,2020-07-26,0,139
Erpe-Mere,41082,2020-07-27,0,139
Erpe-Mere,41082,2020-07-28,0,139
Erpe-Mere,41082,2020-07-29,0,139
Erpe-Mere,41082,2020-07-30,0,139
Erpe-Mere,41082,2020-07-31,0,139
Erpe-Mere,41082,2020-08-01,0,139
Erpe-Mere,41082,2020-08-02,0,139
Erpe-Mere,41082,2020-08-03,0,139
Erpe-Mere,41082,2020-08-04,0,139
Erpe-Mere,41082,2020-08-05,2,141
Erpe-Mere,41082,2020-08-06,0,141
Erpe-Mere,41082,2020-08-07,0,141
Erpe-Mere,41082,2020-08-08,0,141
Erpe-Mere,41082,2020-08-09,0,141
Erpe-Mere,41082,2020-08-10,0,141
Erpe-Mere,41082,2020-08-11,0,141
Erpe-Mere,41082,2020-08-12,0,141
Erpe-Mere,41082,2020-08-13,1,142
Erpe-Mere,41082,2020-08-14,0,142
Erpe-Mere,41082,2020-08-15,0,142
Erpe-Mere,41082,2020-08-16,2,144
Erpe-Mere,41082,2020-08-17,1,145
Erpe-Mere,41082,2020-08-18,0,145
Erpe-Mere,41082,2020-08-19,0,145
Erpe-Mere,41082,2020-08-20,1,146
Erpe-Mere,41082,2020-08-21,0,146
Erpe-Mere,41082,2020-08-22,0,146
Erpe-Mere,41082,2020-08-23,1,147
Erpe-Mere,41082,2020-08-24,2,149
Erpe-Mere,41082,2020-08-25,0,149
Erpe-Mere,41082,2020-08-26,0,149
Erpe-Mere,41082,2020-08-27,0,149
Erpe-Mere,41082,2020-08-28,0,149
Erpe-Mere,41082,2020-08-29,0,149
Erpe-Mere,41082,2020-08-30,0,149
Erpe-Mere,41082,2020-08-31,0,149
Erpe-Mere,41082,2020-09-01,0,149
Erpe-Mere,41082,2020-09-02,0,149
Erpe-Mere,41082,2020-09-03,1,150
Erpe-Mere,41082,2020-09-04,0,150
Erpe-Mere,41082,2020-09-05,1,151
Erpe-Mere,41082,2020-09-06,1,152
Erpe-Mere,41082,2020-09-07,0,152
Erpe-Mere,41082,2020-09-08,1,153
Erpe-Mere,41082,2020-09-09,1,154
Erpe-Mere,41082,2020-09-10,3,157
Erpe-Mere,41082,2020-09-11,0,157
Erpe-Mere,41082,2020-09-12,0,157
Erpe-Mere,41082,2020-09-13,1,158
Erpe-Mere,41082,2020-09-14,0,158
Erpe-Mere,41082,2020-09-15,1,159
Erpe-Mere,41082,2020-09-16,0,159
Erpe-Mere,41082,2020-09-17,3,162
Erpe-Mere,41082,2020-09-18,0,162
Erpe-Mere,41082,2020-09-19,1,163
Erpe-Mere,41082,2020-09-20,0,163
Erpe-Mere,41082,2020-09-21,6,169
Erpe-Mere,41082,2020-09-22,2,171
Erpe-Mere,41082,2020-09-23,0,171
Erpe-Mere,41082,2020-09-24,0,171
Erpe-Mere,41082,2020-09-25,3,174
Erpe-Mere,41082,2020-09-26,1,175
Erpe-Mere,41082,2020-09-27,3,178
Erpe-Mere,41082,2020-09-28,1,179
Erpe-Mere,41082,2020-09-29,1,180
Erpe-Mere,41082,2020-09-30,2,182
Erpe-Mere,41082,2020-10-01,1,183
Erpe-Mere,41082,2020-10-02,0,183
Erpe-Mere,41082,2020-10-03,3,186
Erpe-Mere,41082,2020-10-04,4,190
Erpe-Mere,41082,2020-10-05,3,193
Erpe-Mere,41082,2020-10-06,3,196
Erpe-Mere,41082,2020-10-07,2,198
Erpe-Mere,41082,2020-10-08,5,203
Erpe-Mere,41082,2020-10-09,6,209
Erpe-Mere,41082,2020-10-10,11,220
Erpe-Mere,41082,2020-10-11,8,228
Erpe-Mere,41082,2020-10-12,12,240
Erpe-Mere,41082,2020-10-13,0,240
Erpe-Mere,41082,2020-10-14,4,244
Erpe-Mere,41082,2020-10-15,8,252
Erpe-Mere,41082,2020-10-16,10,262
Erpe-Mere,41082,2020-10-17,10,272
Erpe-Mere,41082,2020-10-18,11,283
Erpe-Mere,41082,2020-10-19,16,299
Erpe-Mere,41082,2020-10-20,16,315
Erpe-Mere,41082,2020-10-21,14,329
Erpe-Mere,41082,2020-10-22,17,346
Erpe-Mere,41082,2020-10-23,24,370
Erpe-Mere,41082,2020-10-24,30,400
Erpe-Mere,41082,2020-10-25,29,429
Erpe-Mere,41082,2020-10-26,41,470
Erpe-Mere,41082,2020-10-27,22,492
Erpe-Mere,41082,2020-10-28,17,509
Erpe-Mere,41082,2020-10-29,34,543
Erpe-Mere,41082,2020-10-30,26,569
Erpe-Mere,41082,2020-10-31,27,596
Erpe-Mere,41082,2020-11-01,26,622
Erpe-Mere,41082,2020-11-02,17,639
Erpe-Mere,41082,2020-11-03,18,657
Erpe-Mere,41082,2020-11-04,6,663
Erpe-Mere,41082,2020-11-05,48,711
Erpe-Mere,41082,2020-11-06,19,730
Erpe-Mere,41082,2020-11-07,8,738
Erpe-Mere,41082,2020-11-08,8,746
Erpe-Mere,41082,2020-11-09,5,751
Erpe-Mere,41082,2020-11-10,8,759
Erpe-Mere,41082,2020-11-11,5,764
Berlare,42003,2020-04-01,0,12
Berlare,42003,2020-04-02,0,12
Berlare,42003,2020-04-03,2,14
Berlare,42003,2020-04-04,1,15
Berlare,42003,2020-04-05,1,16
Berlare,42003,2020-04-06,2,18
Berlare,42003,2020-04-07,4,22
Berlare,42003,2020-04-08,5,27
Berlare,42003,2020-04-09,1,28
Berlare,42003,2020-04-10,4,32
Berlare,42003,2020-04-11,1,33
Berlare,42003,2020-04-12,2,35
Berlare,42003,2020-04-13,1,36
Berlare,42003,2020-04-14,0,36
Berlare,42003,2020-04-15,1,37
Berlare,42003,2020-04-16,1,38
Berlare,42003,2020-04-17,3,41
Berlare,42003,2020-04-18,1,42
Berlare,42003,2020-04-19,1,43
Berlare,42003,2020-04-20,0,43
Berlare,42003,2020-04-21,2,45
Berlare,42003,2020-04-22,0,45
Berlare,42003,2020-04-23,1,46
Berlare,42003,2020-04-24,1,47
Berlare,42003,2020-04-25,2,49
Berlare,42003,2020-04-26,0,49
Berlare,42003,2020-04-27,0,49
Berlare,42003,2020-04-28,0,49
Berlare,42003,2020-04-29,0,49
Berlare,42003,2020-04-30,0,49
Berlare,42003,2020-05-01,1,50
Berlare,42003,2020-05-02,0,50
Berlare,42003,2020-05-03,0,50
Berlare,42003,2020-05-04,0,50
Berlare,42003,2020-05-05,2,52
Berlare,42003,2020-05-06,0,52
Berlare,42003,2020-05-07,0,52
Berlare,42003,2020-05-08,1,53
Berlare,42003,2020-05-09,0,53
Berlare,42003,2020-05-10,0,53
Berlare,42003,2020-05-11,0,53
Berlare,42003,2020-05-12,0,53
Berlare,42003,2020-05-13,0,53
Berlare,42003,2020-05-14,0,53
Berlare,42003,2020-05-15,0,53
Berlare,42003,2020-05-16,0,53
Berlare,42003,2020-05-17,0,53
Berlare,42003,2020-05-18,0,53
Berlare,42003,2020-05-19,0,53
Berlare,42003,2020-05-20,0,53
Berlare,42003,2020-05-21,0,53
Berlare,42003,2020-05-22,0,53
Berlare,42003,2020-05-23,0,53
Berlare,42003,2020-05-24,0,53
Berlare,42003,2020-05-25,2,55
Berlare,42003,2020-05-26,0,55
Berlare,42003,2020-05-27,0,55
Berlare,42003,2020-05-28,0,55
Berlare,42003,2020-05-29,1,56
Berlare,42003,2020-05-30,0,56
Berlare,42003,2020-05-31,0,56
Berlare,42003,2020-06-01,0,56
Berlare,42003,2020-06-02,0,56
Berlare,42003,2020-06-03,1,57
Berlare,42003,2020-06-04,0,57
Berlare,42003,2020-06-05,0,57
Berlare,42003,2020-06-06,0,57
Berlare,42003,2020-06-07,0,57
Berlare,42003,2020-06-08,0,57
Berlare,42003,2020-06-09,0,57
Berlare,42003,2020-06-10,0,57
Berlare,42003,2020-06-11,0,57
Berlare,42003,2020-06-12,0,57
Berlare,42003,2020-06-13,0,57
Berlare,42003,2020-06-14,0,57
Berlare,42003,2020-06-15,0,57
Berlare,42003,2020-06-16,0,57
Berlare,42003,2020-06-17,0,57
Berlare,42003,2020-06-18,1,58
Berlare,42003,2020-06-19,0,58
Berlare,42003,2020-06-20,0,58
Berlare,42003,2020-06-23,0,58
Berlare,42003,2020-06-24,0,58
Berlare,42003,2020-06-25,0,58
Berlare,42003,2020-06-26,0,58
Berlare,42003,2020-06-27,0,58
Berlare,42003,2020-06-30,2,60
Berlare,42003,2020-07-01,0,60
Berlare,42003,2020-07-02,0,60
Berlare,42003,2020-07-03,0,60
Berlare,42003,2020-07-04,0,60
Berlare,42003,2020-07-07,0,60
Berlare,42003,2020-07-08,0,60
Berlare,42003,2020-07-09,0,60
Berlare,42003,2020-07-10,1,61
Berlare,42003,2020-07-11,0,61
Berlare,42003,2020-07-14,0,61
Berlare,42003,2020-07-15,0,61
Berlare,42003,2020-07-16,0,61
Berlare,42003,2020-07-17,0,61
Berlare,42003,2020-07-18,0,61
Berlare,42003,2020-07-20,0,61
Berlare,42003,2020-07-21,0,61
Berlare,42003,2020-07-22,0,61
Berlare,42003,2020-07-23,0,61
Berlare,42003,2020-07-24,0,61
Berlare,42003,2020-07-25,0,61
Berlare,42003,2020-07-26,0,61
Berlare,42003,2020-07-27,0,61
Berlare,42003,2020-07-28,0,61
Berlare,42003,2020-07-29,0,61
Berlare,42003,2020-07-30,0,61
Berlare,42003,2020-07-31,0,61
Berlare,42003,2020-08-01,0,61
Berlare,42003,2020-08-02,0,61
Berlare,42003,2020-08-03,0,61
Berlare,42003,2020-08-04,0,61
Berlare,42003,2020-08-05,0,61
Berlare,42003,2020-08-06,0,61
Berlare,42003,2020-08-07,0,61
Berlare,42003,2020-08-08,1,62
Berlare,42003,2020-08-09,0,62
Berlare,42003,2020-08-10,0,62
Berlare,42003,2020-08-11,0,62
Berlare,42003,2020-08-12,0,62
Berlare,42003,2020-08-13,0,62
Berlare,42003,2020-08-14,0,62
Berlare,42003,2020-08-15,0,62
Berlare,42003,2020-08-16,0,62
Berlare,42003,2020-08-17,0,62
Berlare,42003,2020-08-18,1,63
Berlare,42003,2020-08-19,0,63
Berlare,42003,2020-08-20,1,64
Berlare,42003,2020-08-21,0,64
Berlare,42003,2020-08-22,0,64
Berlare,42003,2020-08-23,0,64
Berlare,42003,2020-08-24,0,64
Berlare,42003,2020-08-25,0,64
Berlare,42003,2020-08-26,0,64
Berlare,42003,2020-08-27,1,65
Berlare,42003,2020-08-28,0,65
Berlare,42003,2020-08-29,0,65
Berlare,42003,2020-08-30,1,66
Berlare,42003,2020-08-31,0,66
Berlare,42003,2020-09-01,0,66
Berlare,42003,2020-09-02,0,66
Berlare,42003,2020-09-03,0,66
Berlare,42003,2020-09-04,0,66
Berlare,42003,2020-09-05,0,66
Berlare,42003,2020-09-06,1,67
Berlare,42003,2020-09-07,0,67
Berlare,42003,2020-09-08,0,67
Berlare,42003,2020-09-09,1,68
Berlare,42003,2020-09-10,2,70
Berlare,42003,2020-09-11,4,74
Berlare,42003,2020-09-12,0,74
Berlare,42003,2020-09-13,0,74
Berlare,42003,2020-09-14,0,74
Berlare,42003,2020-09-15,0,74
Berlare,42003,2020-09-16,1,75
Berlare,42003,2020-09-17,0,75
Berlare,42003,2020-09-18,6,81
Berlare,42003,2020-09-19,0,81
Berlare,42003,2020-09-20,2,83
Berlare,42003,2020-09-21,0,83
Berlare,42003,2020-09-22,0,83
Berlare,42003,2020-09-23,3,86
Berlare,42003,2020-09-24,11,97
Berlare,42003,2020-09-25,5,102
Berlare,42003,2020-09-26,7,109
Berlare,42003,2020-09-27,0,109
Berlare,42003,2020-09-28,3,112
Berlare,42003,2020-09-29,1,113
Berlare,42003,2020-09-30,5,118
Berlare,42003,2020-10-01,10,128
Berlare,42003,2020-10-02,4,132
Berlare,42003,2020-10-03,2,134
Berlare,42003,2020-10-04,1,135
Berlare,42003,2020-10-05,1,136
Berlare,42003,2020-10-06,3,139
Berlare,42003,2020-10-07,1,140
Berlare,42003,2020-10-08,3,143
Berlare,42003,2020-10-09,0,143
Berlare,42003,2020-10-10,3,146
Berlare,42003,2020-10-11,11,157
Berlare,42003,2020-10-12,3,160
Berlare,42003,2020-10-13,1,161
Berlare,42003,2020-10-14,5,166
Berlare,42003,2020-10-15,7,173
Berlare,42003,2020-10-16,8,181
Berlare,42003,2020-10-17,2,183
Berlare,42003,2020-10-18,3,186
Berlare,42003,2020-10-19,7,193
Berlare,42003,2020-10-20,2,195
Berlare,42003,2020-10-21,5,200
Berlare,42003,2020-10-22,9,209
Berlare,42003,2020-10-23,9,218
Berlare,42003,2020-10-24,11,229
Berlare,42003,2020-10-25,24,253
Berlare,42003,2020-10-26,15,268
Berlare,42003,2020-10-27,16,284
Berlare,42003,2020-10-28,9,293
Berlare,42003,2020-10-29,20,313
Berlare,42003,2020-10-30,23,336
Berlare,42003,2020-10-31,13,349
Berlare,42003,2020-11-01,4,353
Berlare,42003,2020-11-02,12,365
Berlare,42003,2020-11-03,2,367
Berlare,42003,2020-11-04,9,376
Berlare,42003,2020-11-05,6,382
Berlare,42003,2020-11-06,17,399
Berlare,42003,2020-11-07,6,405
Berlare,42003,2020-11-08,10,415
Berlare,42003,2020-11-09,11,426
Berlare,42003,2020-11-10,8,434
Berlare,42003,2020-11-11,4,438
Buggenhout,42004,2020-04-01,1,9
Buggenhout,42004,2020-04-02,1,10
Buggenhout,42004,2020-04-03,1,11
Buggenhout,42004,2020-04-04,1,12
Buggenhout,42004,2020-04-05,1,13
Buggenhout,42004,2020-04-06,2,15
Buggenhout,42004,2020-04-07,0,15
Buggenhout,42004,2020-04-08,5,20
Buggenhout,42004,2020-04-09,3,23
Buggenhout,42004,2020-04-10,0,23
Buggenhout,42004,2020-04-11,3,26
Buggenhout,42004,2020-04-12,4,30
Buggenhout,42004,2020-04-13,2,32
Buggenhout,42004,2020-04-14,1,33
Buggenhout,42004,2020-04-15,6,39
Buggenhout,42004,2020-04-16,4,43
Buggenhout,42004,2020-04-17,6,49
Buggenhout,42004,2020-04-18,2,51
Buggenhout,42004,2020-04-19,1,52
Buggenhout,42004,2020-04-20,7,59
Buggenhout,42004,2020-04-21,3,62
Buggenhout,42004,2020-04-22,14,76
Buggenhout,42004,2020-04-23,4,80
Buggenhout,42004,2020-04-24,2,82
Buggenhout,42004,2020-04-25,1,83
Buggenhout,42004,2020-04-26,3,86
Buggenhout,42004,2020-04-27,0,86
Buggenhout,42004,2020-04-28,0,86
Buggenhout,42004,2020-04-29,0,86
Buggenhout,42004,2020-04-30,0,86
Buggenhout,42004,2020-05-01,0,86
Buggenhout,42004,2020-05-02,0,86
Buggenhout,42004,2020-05-03,0,86
Buggenhout,42004,2020-05-04,0,86
Buggenhout,42004,2020-05-05,0,86
Buggenhout,42004,2020-05-06,0,86
Buggenhout,42004,2020-05-07,1,87
Buggenhout,42004,2020-05-08,1,88
Buggenhout,42004,2020-05-09,0,88
Buggenhout,42004,2020-05-10,0,88
Buggenhout,42004,2020-05-11,4,92
Buggenhout,42004,2020-05-12,0,92
Buggenhout,42004,2020-05-13,1,93
Buggenhout,42004,2020-05-14,0,93
Buggenhout,42004,2020-05-15,0,93
Buggenhout,42004,2020-05-16,0,93
Buggenhout,42004,2020-05-17,0,93
Buggenhout,42004,2020-05-18,0,93
Buggenhout,42004,2020-05-19,0,93
Buggenhout,42004,2020-05-20,0,93
Buggenhout,42004,2020-05-21,2,95
Buggenhout,42004,2020-05-22,0,95
Buggenhout,42004,2020-05-23,0,95
Buggenhout,42004,2020-05-24,0,95
Buggenhout,42004,2020-05-25,0,95
Buggenhout,42004,2020-05-26,0,95
Buggenhout,42004,2020-05-27,0,95
Buggenhout,42004,2020-05-28,0,95
Buggenhout,42004,2020-05-29,0,95
Buggenhout,42004,2020-05-30,0,95
Buggenhout,42004,2020-05-31,0,95
Buggenhout,42004,2020-06-01,1,96
Buggenhout,42004,2020-06-02,0,96
Buggenhout,42004,2020-06-03,0,96
Buggenhout,42004,2020-06-04,0,96
Buggenhout,42004,2020-06-05,0,96
Buggenhout,42004,2020-06-06,0,96
Buggenhout,42004,2020-06-07,0,96
Buggenhout,42004,2020-06-08,2,98
Buggenhout,42004,2020-06-09,0,98
Buggenhout,42004,2020-06-10,0,98
Buggenhout,42004,2020-06-11,0,98
Buggenhout,42004,2020-06-12,0,98
Buggenhout,42004,2020-06-13,0,98
Buggenhout,42004,2020-06-14,0,98
Buggenhout,42004,2020-06-15,0,98
Buggenhout,42004,2020-06-16,0,98
Buggenhout,42004,2020-06-17,0,98
Buggenhout,42004,2020-06-18,0,98
Buggenhout,42004,2020-06-19,0,98
Buggenhout,42004,2020-06-20,0,98
Buggenhout,42004,2020-06-23,0,98
Buggenhout,42004,2020-06-24,0,98
Buggenhout,42004,2020-06-25,1,99
Buggenhout,42004,2020-06-26,0,99
Buggenhout,42004,2020-06-27,0,99
Buggenhout,42004,2020-06-30,0,99
Buggenhout,42004,2020-07-01,1,100
Buggenhout,42004,2020-07-02,0,100
Buggenhout,42004,2020-07-03,0,100
Buggenhout,42004,2020-07-04,0,100
Buggenhout,42004,2020-07-07,0,100
Buggenhout,42004,2020-07-08,0,100
Buggenhout,42004,2020-07-09,0,100
Buggenhout,42004,2020-07-10,1,101
Buggenhout,42004,2020-07-11,0,101
Buggenhout,42004,2020-07-14,1,102
Buggenhout,42004,2020-07-15,0,102
Buggenhout,42004,2020-07-16,0,102
Buggenhout,42004,2020-07-17,0,102
Buggenhout,42004,2020-07-18,0,102
Buggenhout,42004,2020-07-20,0,102
Buggenhout,42004,2020-07-21,0,102
Buggenhout,42004,2020-07-22,0,102
Buggenhout,42004,2020-07-23,0,102
Buggenhout,42004,2020-07-24,1,103
Buggenhout,42004,2020-07-25,0,103
Buggenhout,42004,2020-07-26,2,105
Buggenhout,42004,2020-07-27,0,105
Buggenhout,42004,2020-07-28,0,105
Buggenhout,42004,2020-07-29,0,105
Buggenhout,42004,2020-07-30,0,105
Buggenhout,42004,2020-07-31,0,105
Buggenhout,42004,2020-08-01,0,105
Buggenhout,42004,2020-08-02,0,105
Buggenhout,42004,2020-08-03,0,105
Buggenhout,42004,2020-08-04,0,105
Buggenhout,42004,2020-08-05,1,106
Buggenhout,42004,2020-08-06,0,106
Buggenhout,42004,2020-08-07,0,106
Buggenhout,42004,2020-08-08,0,106
Buggenhout,42004,2020-08-09,0,106
Buggenhout,42004,2020-08-10,1,107
Buggenhout,42004,2020-08-11,0,107
Buggenhout,42004,2020-08-12,0,107
Buggenhout,42004,2020-08-13,1,108
Buggenhout,42004,2020-08-14,0,108
Buggenhout,42004,2020-08-15,0,108
Buggenhout,42004,2020-08-16,0,108
Buggenhout,42004,2020-08-17,0,108
Buggenhout,42004,2020-08-18,0,108
Buggenhout,42004,2020-08-19,2,110
Buggenhout,42004,2020-08-20,0,110
Buggenhout,42004,2020-08-21,0,110
Buggenhout,42004,2020-08-22,0,110
Buggenhout,42004,2020-08-23,0,110
Buggenhout,42004,2020-08-24,0,110
Buggenhout,42004,2020-08-25,0,110
Buggenhout,42004,2020-08-26,0,110
Buggenhout,42004,2020-08-27,1,111
Buggenhout,42004,2020-08-28,1,112
Buggenhout,42004,2020-08-29,0,112
Buggenhout,42004,2020-08-30,0,112
Buggenhout,42004,2020-08-31,1,113
Buggenhout,42004,2020-09-01,1,114
Buggenhout,42004,2020-09-02,0,114
Buggenhout,42004,2020-09-03,0,114
Buggenhout,42004,2020-09-04,1,115
Buggenhout,42004,2020-09-05,3,118
Buggenhout,42004,2020-09-06,1,119
Buggenhout,42004,2020-09-07,0,119
Buggenhout,42004,2020-09-08,0,119
Buggenhout,42004,2020-09-09,1,120
Buggenhout,42004,2020-09-10,1,121
Buggenhout,42004,2020-09-11,1,122
Buggenhout,42004,2020-09-12,1,123
Buggenhout,42004,2020-09-13,0,123
Buggenhout,42004,2020-09-14,0,123
Buggenhout,42004,2020-09-15,0,123
Buggenhout,42004,2020-09-16,2,125
Buggenhout,42004,2020-09-17,1,126
Buggenhout,42004,2020-09-18,3,129
Buggenhout,42004,2020-09-19,0,129
Buggenhout,42004,2020-09-20,1,130
Buggenhout,42004,2020-09-21,6,136
Buggenhout,42004,2020-09-22,0,136
Buggenhout,42004,2020-09-23,0,136
Buggenhout,42004,2020-09-24,0,136
Buggenhout,42004,2020-09-25,0,136
Buggenhout,42004,2020-09-26,1,137
Buggenhout,42004,2020-09-27,2,139
Buggenhout,42004,2020-09-28,0,139
Buggenhout,42004,2020-09-29,0,139
Buggenhout,42004,2020-09-30,1,140
Buggenhout,42004,2020-10-01,0,140
Buggenhout,42004,2020-10-02,0,140
Buggenhout,42004,2020-10-03,5,145
Buggenhout,42004,2020-10-04,1,146
Buggenhout,42004,2020-10-05,1,147
Buggenhout,42004,2020-10-06,4,151
Buggenhout,42004,2020-10-07,3,154
Buggenhout,42004,2020-10-08,3,157
Buggenhout,42004,2020-10-09,9,166
Buggenhout,42004,2020-10-10,0,166
Buggenhout,42004,2020-10-11,7,173
Buggenhout,42004,2020-10-12,2,175
Buggenhout,42004,2020-10-13,3,178
Buggenhout,42004,2020-10-14,7,185
Buggenhout,42004,2020-10-15,3,188
Buggenhout,42004,2020-10-16,6,194
Buggenhout,42004,2020-10-17,7,201
Buggenhout,42004,2020-10-18,9,210
Buggenhout,42004,2020-10-19,9,219
Buggenhout,42004,2020-10-20,5,224
Buggenhout,42004,2020-10-21,2,226
Buggenhout,42004,2020-10-22,3,229
Buggenhout,42004,2020-10-23,12,241
Buggenhout,42004,2020-10-24,13,254
Buggenhout,42004,2020-10-25,16,270
Buggenhout,42004,2020-10-26,12,282
Buggenhout,42004,2020-10-27,5,287
Buggenhout,42004,2020-10-28,12,299
Buggenhout,42004,2020-10-29,18,317
Buggenhout,42004,2020-10-30,8,325
Buggenhout,42004,2020-10-31,10,335
Buggenhout,42004,2020-11-01,8,343
Buggenhout,42004,2020-11-02,9,352
Buggenhout,42004,2020-11-03,2,354
Buggenhout,42004,2020-11-04,8,362
Buggenhout,42004,2020-11-05,8,370
Buggenhout,42004,2020-11-06,1,371
Buggenhout,42004,2020-11-07,7,378
Buggenhout,42004,2020-11-08,10,388
Buggenhout,42004,2020-11-09,4,392
Buggenhout,42004,2020-11-10,3,395
Buggenhout,42004,2020-11-11,1,396
Dendermonde,42006,2020-04-01,5,50
Dendermonde,42006,2020-04-02,4,54
Dendermonde,42006,2020-04-03,4,58
Dendermonde,42006,2020-04-04,6,64
Dendermonde,42006,2020-04-05,1,65
Dendermonde,42006,2020-04-06,8,73
Dendermonde,42006,2020-04-07,2,75
Dendermonde,42006,2020-04-08,13,88
Dendermonde,42006,2020-04-09,4,92
Dendermonde,42006,2020-04-10,9,101
Dendermonde,42006,2020-04-11,9,110
Dendermonde,42006,2020-04-12,6,116
Dendermonde,42006,2020-04-13,5,121
Dendermonde,42006,2020-04-14,2,123
Dendermonde,42006,2020-04-15,7,130
Dendermonde,42006,2020-04-16,42,172
Dendermonde,42006,2020-04-17,9,181
Dendermonde,42006,2020-04-18,2,183
Dendermonde,42006,2020-04-19,1,184
Dendermonde,42006,2020-04-20,5,189
Dendermonde,42006,2020-04-21,1,190
Dendermonde,42006,2020-04-22,4,194
Dendermonde,42006,2020-04-23,3,197
Dendermonde,42006,2020-04-24,7,204
Dendermonde,42006,2020-04-25,1,205
Dendermonde,42006,2020-04-26,1,206
Dendermonde,42006,2020-04-27,3,209
Dendermonde,42006,2020-04-28,1,210
Dendermonde,42006,2020-04-29,0,210
Dendermonde,42006,2020-04-30,3,213
Dendermonde,42006,2020-05-01,1,214
Dendermonde,42006,2020-05-02,0,214
Dendermonde,42006,2020-05-03,1,215
Dendermonde,42006,2020-05-04,0,215
Dendermonde,42006,2020-05-05,1,216
Dendermonde,42006,2020-05-06,3,219
Dendermonde,42006,2020-05-07,4,223
Dendermonde,42006,2020-05-08,1,224
Dendermonde,42006,2020-05-09,0,224
Dendermonde,42006,2020-05-10,1,225
Dendermonde,42006,2020-05-11,0,225
Dendermonde,42006,2020-05-12,0,225
Dendermonde,42006,2020-05-13,0,225
Dendermonde,42006,2020-05-14,1,226
Dendermonde,42006,2020-05-15,1,227
Dendermonde,42006,2020-05-16,0,227
Dendermonde,42006,2020-05-17,1,228
Dendermonde,42006,2020-05-18,1,229
Dendermonde,42006,2020-05-19,1,230
Dendermonde,42006,2020-05-20,1,231
Dendermonde,42006,2020-05-21,2,233
Dendermonde,42006,2020-05-22,0,233
Dendermonde,42006,2020-05-23,0,233
Dendermonde,42006,2020-05-24,0,233
Dendermonde,42006,2020-05-25,0,233
Dendermonde,42006,2020-05-26,0,233
Dendermonde,42006,2020-05-27,0,233
Dendermonde,42006,2020-05-28,2,235
Dendermonde,42006,2020-05-29,0,235
Dendermonde,42006,2020-05-30,1,236
Dendermonde,42006,2020-05-31,1,237
Dendermonde,42006,2020-06-01,0,237
Dendermonde,42006,2020-06-02,0,237
Dendermonde,42006,2020-06-03,2,239
Dendermonde,42006,2020-06-04,1,240
Dendermonde,42006,2020-06-05,1,241
Dendermonde,42006,2020-06-06,1,242
Dendermonde,42006,2020-06-07,0,242
Dendermonde,42006,2020-06-08,0,242
Dendermonde,42006,2020-06-09,0,242
Dendermonde,42006,2020-06-10,0,242
Dendermonde,42006,2020-06-11,0,242
Dendermonde,42006,2020-06-12,1,243
Dendermonde,42006,2020-06-13,0,243
Dendermonde,42006,2020-06-14,0,243
Dendermonde,42006,2020-06-15,0,243
Dendermonde,42006,2020-06-16,0,243
Dendermonde,42006,2020-06-17,0,243
Dendermonde,42006,2020-06-18,0,243
Dendermonde,42006,2020-06-19,0,243
Dendermonde,42006,2020-06-20,0,243
Dendermonde,42006,2020-06-23,1,244
Dendermonde,42006,2020-06-24,0,244
Dendermonde,42006,2020-06-25,0,244
Dendermonde,42006,2020-06-26,0,244
Dendermonde,42006,2020-06-27,0,244
Dendermonde,42006,2020-06-30,2,246
Dendermonde,42006,2020-07-01,1,247
Dendermonde,42006,2020-07-02,0,247
Dendermonde,42006,2020-07-03,1,248
Dendermonde,42006,2020-07-04,0,248
Dendermonde,42006,2020-07-07,0,248
Dendermonde,42006,2020-07-08,0,248
Dendermonde,42006,2020-07-09,0,248
Dendermonde,42006,2020-07-10,3,251
Dendermonde,42006,2020-07-11,0,251
Dendermonde,42006,2020-07-14,0,251
Dendermonde,42006,2020-07-15,0,251
Dendermonde,42006,2020-07-16,0,251
Dendermonde,42006,2020-07-17,2,253
Dendermonde,42006,2020-07-18,1,254
Dendermonde,42006,2020-07-20,2,256
Dendermonde,42006,2020-07-21,0,256
Dendermonde,42006,2020-07-22,0,256
Dendermonde,42006,2020-07-23,0,256
Dendermonde,42006,2020-07-24,0,256
Dendermonde,42006,2020-07-25,0,256
Dendermonde,42006,2020-07-26,5,261
Dendermonde,42006,2020-07-27,1,262
Dendermonde,42006,2020-07-28,4,266
Dendermonde,42006,2020-07-29,0,266
Dendermonde,42006,2020-07-30,4,270
Dendermonde,42006,2020-07-31,5,275
Dendermonde,42006,2020-08-01,2,277
Dendermonde,42006,2020-08-02,0,277
Dendermonde,42006,2020-08-03,3,280
Dendermonde,42006,2020-08-04,2,282
Dendermonde,42006,2020-08-05,0,282
Dendermonde,42006,2020-08-06,1,283
Dendermonde,42006,2020-08-07,0,283
Dendermonde,42006,2020-08-08,0,283
Dendermonde,42006,2020-08-09,1,284
Dendermonde,42006,2020-08-10,0,284
Dendermonde,42006,2020-08-11,2,286
Dendermonde,42006,2020-08-12,1,287
Dendermonde,42006,2020-08-13,1,288
Dendermonde,42006,2020-08-14,0,288
Dendermonde,42006,2020-08-15,1,289
Dendermonde,42006,2020-08-16,1,290
Dendermonde,42006,2020-08-17,1,291
Dendermonde,42006,2020-08-18,0,291
Dendermonde,42006,2020-08-19,2,293
Dendermonde,42006,2020-08-20,2,295
Dendermonde,42006,2020-08-21,2,297
Dendermonde,42006,2020-08-22,2,299
Dendermonde,42006,2020-08-23,1,300
Dendermonde,42006,2020-08-24,0,300
Dendermonde,42006,2020-08-25,1,301
Dendermonde,42006,2020-08-26,0,301
Dendermonde,42006,2020-08-27,1,302
Dendermonde,42006,2020-08-28,0,302
Dendermonde,42006,2020-08-29,0,302
Dendermonde,42006,2020-08-30,1,303
Dendermonde,42006,2020-08-31,0,303
Dendermonde,42006,2020-09-01,0,303
Dendermonde,42006,2020-09-02,2,305
Dendermonde,42006,2020-09-03,1,306
Dendermonde,42006,2020-09-04,2,308
Dendermonde,42006,2020-09-05,1,309
Dendermonde,42006,2020-09-06,1,310
Dendermonde,42006,2020-09-07,1,311
Dendermonde,42006,2020-09-08,1,312
Dendermonde,42006,2020-09-09,1,313
Dendermonde,42006,2020-09-10,3,316
Dendermonde,42006,2020-09-11,3,319
Dendermonde,42006,2020-09-12,8,327
Dendermonde,42006,2020-09-13,0,327
Dendermonde,42006,2020-09-14,3,330
Dendermonde,42006,2020-09-15,2,332
Dendermonde,42006,2020-09-16,1,333
Dendermonde,42006,2020-09-17,2,335
Dendermonde,42006,2020-09-18,4,339
Dendermonde,42006,2020-09-19,2,341
Dendermonde,42006,2020-09-20,2,343
Dendermonde,42006,2020-09-21,5,348
Dendermonde,42006,2020-09-22,2,350
Dendermonde,42006,2020-09-23,5,355
Dendermonde,42006,2020-09-24,3,358
Dendermonde,42006,2020-09-25,1,359
Dendermonde,42006,2020-09-26,6,365
Dendermonde,42006,2020-09-27,3,368
Dendermonde,42006,2020-09-28,5,373
Dendermonde,42006,2020-09-29,1,374
Dendermonde,42006,2020-09-30,3,377
Dendermonde,42006,2020-10-01,3,380
Dendermonde,42006,2020-10-02,5,385
Dendermonde,42006,2020-10-03,12,397
Dendermonde,42006,2020-10-04,5,402
Dendermonde,42006,2020-10-05,3,405
Dendermonde,42006,2020-10-06,0,405
Dendermonde,42006,2020-10-07,2,407
Dendermonde,42006,2020-10-08,5,412
Dendermonde,42006,2020-10-09,6,418
Dendermonde,42006,2020-10-10,5,423
Dendermonde,42006,2020-10-11,21,444
Dendermonde,42006,2020-10-12,10,454
Dendermonde,42006,2020-10-13,6,460
Dendermonde,42006,2020-10-14,20,480
Dendermonde,42006,2020-10-15,17,497
Dendermonde,42006,2020-10-16,28,525
Dendermonde,42006,2020-10-17,33,558
Dendermonde,42006,2020-10-18,21,579
Dendermonde,42006,2020-10-19,23,602
Dendermonde,42006,2020-10-20,15,617
Dendermonde,42006,2020-10-21,19,636
Dendermonde,42006,2020-10-22,21,657
Dendermonde,42006,2020-10-23,81,738
Dendermonde,42006,2020-10-24,71,809
Dendermonde,42006,2020-10-25,58,867
Dendermonde,42006,2020-10-26,50,917
Dendermonde,42006,2020-10-27,54,971
Dendermonde,42006,2020-10-28,52,1023
Dendermonde,42006,2020-10-29,105,1128
Dendermonde,42006,2020-10-30,61,1189
Dendermonde,42006,2020-10-31,69,1258
Dendermonde,42006,2020-11-01,42,1300
Dendermonde,42006,2020-11-02,32,1332
Dendermonde,42006,2020-11-03,12,1344
Dendermonde,42006,2020-11-04,32,1376
Dendermonde,42006,2020-11-05,24,1400
Dendermonde,42006,2020-11-06,20,1420
Dendermonde,42006,2020-11-07,24,1444
Dendermonde,42006,2020-11-08,23,1467
Dendermonde,42006,2020-11-09,15,1482
Dendermonde,42006,2020-11-10,8,1490
Dendermonde,42006,2020-11-11,7,1497
Hamme (Dendermonde),42008,2020-04-01,1,21
Hamme (Dendermonde),42008,2020-04-02,5,26
Hamme (Dendermonde),42008,2020-04-03,4,30
Hamme (Dendermonde),42008,2020-04-04,0,30
Hamme (Dendermonde),42008,2020-04-05,4,34
Hamme (Dendermonde),42008,2020-04-06,1,35
Hamme (Dendermonde),42008,2020-04-07,0,35
Hamme (Dendermonde),42008,2020-04-08,3,38
Hamme (Dendermonde),42008,2020-04-09,5,43
Hamme (Dendermonde),42008,2020-04-10,2,45
Hamme (Dendermonde),42008,2020-04-11,3,48
Hamme (Dendermonde),42008,2020-04-12,1,49
Hamme (Dendermonde),42008,2020-04-13,0,49
Hamme (Dendermonde),42008,2020-04-14,1,50
Hamme (Dendermonde),42008,2020-04-15,2,52
Hamme (Dendermonde),42008,2020-04-16,3,55
Hamme (Dendermonde),42008,2020-04-17,1,56
Hamme (Dendermonde),42008,2020-04-18,4,60
Hamme (Dendermonde),42008,2020-04-19,0,60
Hamme (Dendermonde),42008,2020-04-20,5,65
Hamme (Dendermonde),42008,2020-04-21,1,66
Hamme (Dendermonde),42008,2020-04-22,0,66
Hamme (Dendermonde),42008,2020-04-23,12,78
Hamme (Dendermonde),42008,2020-04-24,0,78
Hamme (Dendermonde),42008,2020-04-25,2,80
Hamme (Dendermonde),42008,2020-04-26,1,81
Hamme (Dendermonde),42008,2020-04-27,0,81
Hamme (Dendermonde),42008,2020-04-28,5,86
Hamme (Dendermonde),42008,2020-04-29,2,88
Hamme (Dendermonde),42008,2020-04-30,0,88
Hamme (Dendermonde),42008,2020-05-01,0,88
Hamme (Dendermonde),42008,2020-05-02,0,88
Hamme (Dendermonde),42008,2020-05-03,0,88
Hamme (Dendermonde),42008,2020-05-04,1,89
Hamme (Dendermonde),42008,2020-05-05,0,89
Hamme (Dendermonde),42008,2020-05-06,0,89
Hamme (Dendermonde),42008,2020-05-07,1,90
Hamme (Dendermonde),42008,2020-05-08,0,90
Hamme (Dendermonde),42008,2020-05-09,2,92
Hamme (Dendermonde),42008,2020-05-10,2,94
Hamme (Dendermonde),42008,2020-05-11,2,96
Hamme (Dendermonde),42008,2020-05-12,0,96
Hamme (Dendermonde),42008,2020-05-13,2,98
Hamme (Dendermonde),42008,2020-05-14,0,98
Hamme (Dendermonde),42008,2020-05-15,0,98
Hamme (Dendermonde),42008,2020-05-16,4,102
Hamme (Dendermonde),42008,2020-05-17,1,103
Hamme (Dendermonde),42008,2020-05-18,1,104
Hamme (Dendermonde),42008,2020-05-19,1,105
Hamme (Dendermonde),42008,2020-05-20,4,109
Hamme (Dendermonde),42008,2020-05-21,3,112
Hamme (Dendermonde),42008,2020-05-22,2,114
Hamme (Dendermonde),42008,2020-05-23,3,117
Hamme (Dendermonde),42008,2020-05-24,0,117
Hamme (Dendermonde),42008,2020-05-25,17,134
Hamme (Dendermonde),42008,2020-05-26,0,134
Hamme (Dendermonde),42008,2020-05-27,0,134
Hamme (Dendermonde),42008,2020-05-28,0,134
Hamme (Dendermonde),42008,2020-05-29,2,136
Hamme (Dendermonde),42008,2020-05-30,3,139
Hamme (Dendermonde),42008,2020-05-31,1,140
Hamme (Dendermonde),42008,2020-06-01,4,144
Hamme (Dendermonde),42008,2020-06-02,1,145
Hamme (Dendermonde),42008,2020-06-03,0,145
Hamme (Dendermonde),42008,2020-06-04,2,147
Hamme (Dendermonde),42008,2020-06-05,1,148
Hamme (Dendermonde),42008,2020-06-06,0,148
Hamme (Dendermonde),42008,2020-06-07,2,150
Hamme (Dendermonde),42008,2020-06-08,1,151
Hamme (Dendermonde),42008,2020-06-09,2,153
Hamme (Dendermonde),42008,2020-06-10,3,156
Hamme (Dendermonde),42008,2020-06-11,0,156
Hamme (Dendermonde),42008,2020-06-12,0,156
Hamme (Dendermonde),42008,2020-06-13,8,164
Hamme (Dendermonde),42008,2020-06-14,1,165
Hamme (Dendermonde),42008,2020-06-15,1,166
Hamme (Dendermonde),42008,2020-06-16,1,167
Hamme (Dendermonde),42008,2020-06-17,1,168
Hamme (Dendermonde),42008,2020-06-18,0,168
Hamme (Dendermonde),42008,2020-06-19,1,169
Hamme (Dendermonde),42008,2020-06-20,0,169
Hamme (Dendermonde),42008,2020-06-23,1,170
Hamme (Dendermonde),42008,2020-06-24,0,170
Hamme (Dendermonde),42008,2020-06-25,0,170
Hamme (Dendermonde),42008,2020-06-26,0,170
Hamme (Dendermonde),42008,2020-06-27,0,170
Hamme (Dendermonde),42008,2020-06-30,0,170
Hamme (Dendermonde),42008,2020-07-01,0,170
Hamme (Dendermonde),42008,2020-07-02,0,170
Hamme (Dendermonde),42008,2020-07-03,0,170
Hamme (Dendermonde),42008,2020-07-04,0,170
Hamme (Dendermonde),42008,2020-07-07,0,170
Hamme (Dendermonde),42008,2020-07-08,0,170
Hamme (Dendermonde),42008,2020-07-09,0,170
Hamme (Dendermonde),42008,2020-07-10,2,172
Hamme (Dendermonde),42008,2020-07-11,0,172
Hamme (Dendermonde),42008,2020-07-14,1,173
Hamme (Dendermonde),42008,2020-07-15,1,174
Hamme (Dendermonde),42008,2020-07-16,0,174
Hamme (Dendermonde),42008,2020-07-17,0,174
Hamme (Dendermonde),42008,2020-07-18,0,174
Hamme (Dendermonde),42008,2020-07-20,0,174
Hamme (Dendermonde),42008,2020-07-21,0,174
Hamme (Dendermonde),42008,2020-07-22,0,174
Hamme (Dendermonde),42008,2020-07-23,0,174
Hamme (Dendermonde),42008,2020-07-24,0,174
Hamme (Dendermonde),42008,2020-07-25,1,175
Hamme (Dendermonde),42008,2020-07-26,0,175
Hamme (Dendermonde),42008,2020-07-27,0,175
Hamme (Dendermonde),42008,2020-07-28,0,175
Hamme (Dendermonde),42008,2020-07-29,0,175
Hamme (Dendermonde),42008,2020-07-30,0,175
Hamme (Dendermonde),42008,2020-07-31,0,175
Hamme (Dendermonde),42008,2020-08-01,0,175
Hamme (Dendermonde),42008,2020-08-02,0,175
Hamme (Dendermonde),42008,2020-08-03,1,176
Hamme (Dendermonde),42008,2020-08-04,0,176
Hamme (Dendermonde),42008,2020-08-05,2,178
Hamme (Dendermonde),42008,2020-08-06,0,178
Hamme (Dendermonde),42008,2020-08-07,2,180
Hamme (Dendermonde),42008,2020-08-08,1,181
Hamme (Dendermonde),42008,2020-08-09,0,181
Hamme (Dendermonde),42008,2020-08-10,1,182
Hamme (Dendermonde),42008,2020-08-11,0,182
Hamme (Dendermonde),42008,2020-08-12,0,182
Hamme (Dendermonde),42008,2020-08-13,1,183
Hamme (Dendermonde),42008,2020-08-14,0,183
Hamme (Dendermonde),42008,2020-08-15,0,183
Hamme (Dendermonde),42008,2020-08-16,3,186
Hamme (Dendermonde),42008,2020-08-17,0,186
Hamme (Dendermonde),42008,2020-08-18,0,186
Hamme (Dendermonde),42008,2020-08-19,2,188
Hamme (Dendermonde),42008,2020-08-20,0,188
Hamme (Dendermonde),42008,2020-08-21,0,188
Hamme (Dendermonde),42008,2020-08-22,0,188
Hamme (Dendermonde),42008,2020-08-23,0,188
Hamme (Dendermonde),42008,2020-08-24,0,188
Hamme (Dendermonde),42008,2020-08-25,0,188
Hamme (Dendermonde),42008,2020-08-26,2,190
Hamme (Dendermonde),42008,2020-08-27,0,190
Hamme (Dendermonde),42008,2020-08-28,0,190
Hamme (Dendermonde),42008,2020-08-29,0,190
Hamme (Dendermonde),42008,2020-08-30,0,190
Hamme (Dendermonde),42008,2020-08-31,0,190
Hamme (Dendermonde),42008,2020-09-01,0,190
Hamme (Dendermonde),42008,2020-09-02,0,190
Hamme (Dendermonde),42008,2020-09-03,0,190
Hamme (Dendermonde),42008,2020-09-04,8,198
Hamme (Dendermonde),42008,2020-09-05,1,199
Hamme (Dendermonde),42008,2020-09-06,5,204
Hamme (Dendermonde),42008,2020-09-07,1,205
Hamme (Dendermonde),42008,2020-09-08,5,210
Hamme (Dendermonde),42008,2020-09-09,1,211
Hamme (Dendermonde),42008,2020-09-10,8,219
Hamme (Dendermonde),42008,2020-09-11,2,221
Hamme (Dendermonde),42008,2020-09-12,4,225
Hamme (Dendermonde),42008,2020-09-13,3,228
Hamme (Dendermonde),42008,2020-09-14,2,230
Hamme (Dendermonde),42008,2020-09-15,1,231
Hamme (Dendermonde),42008,2020-09-16,0,231
Hamme (Dendermonde),42008,2020-09-17,2,233
Hamme (Dendermonde),42008,2020-09-18,4,237
Hamme (Dendermonde),42008,2020-09-19,0,237
Hamme (Dendermonde),42008,2020-09-20,1,238
Hamme (Dendermonde),42008,2020-09-21,6,244
Hamme (Dendermonde),42008,2020-09-22,2,246
Hamme (Dendermonde),42008,2020-09-23,4,250
Hamme (Dendermonde),42008,2020-09-24,3,253
Hamme (Dendermonde),42008,2020-09-25,0,253
Hamme (Dendermonde),42008,2020-09-26,4,257
Hamme (Dendermonde),42008,2020-09-27,3,260
Hamme (Dendermonde),42008,2020-09-28,2,262
Hamme (Dendermonde),42008,2020-09-29,1,263
Hamme (Dendermonde),42008,2020-09-30,2,265
Hamme (Dendermonde),42008,2020-10-01,0,265
Hamme (Dendermonde),42008,2020-10-02,3,268
Hamme (Dendermonde),42008,2020-10-03,5,273
Hamme (Dendermonde),42008,2020-10-04,4,277
Hamme (Dendermonde),42008,2020-10-05,0,277
Hamme (Dendermonde),42008,2020-10-06,0,277
Hamme (Dendermonde),42008,2020-10-07,2,279
Hamme (Dendermonde),42008,2020-10-08,6,285
Hamme (Dendermonde),42008,2020-10-09,8,293
Hamme (Dendermonde),42008,2020-10-10,4,297
Hamme (Dendermonde),42008,2020-10-11,7,304
Hamme (Dendermonde),42008,2020-10-12,4,308
Hamme (Dendermonde),42008,2020-10-13,2,310
Hamme (Dendermonde),42008,2020-10-14,8,318
Hamme (Dendermonde),42008,2020-10-15,9,327
Hamme (Dendermonde),42008,2020-10-16,8,335
Hamme (Dendermonde),42008,2020-10-17,6,341
Hamme (Dendermonde),42008,2020-10-18,11,352
Hamme (Dendermonde),42008,2020-10-19,10,362
Hamme (Dendermonde),42008,2020-10-20,7,369
Hamme (Dendermonde),42008,2020-10-21,7,376
Hamme (Dendermonde),42008,2020-10-22,11,387
Hamme (Dendermonde),42008,2020-10-23,31,418
Hamme (Dendermonde),42008,2020-10-24,18,436
Hamme (Dendermonde),42008,2020-10-25,27,463
Hamme (Dendermonde),42008,2020-10-26,20,483
Hamme (Dendermonde),42008,2020-10-27,16,499
Hamme (Dendermonde),42008,2020-10-28,20,519
Hamme (Dendermonde),42008,2020-10-29,34,553
Hamme (Dendermonde),42008,2020-10-30,30,583
Hamme (Dendermonde),42008,2020-10-31,32,615
Hamme (Dendermonde),42008,2020-11-01,22,637
Hamme (Dendermonde),42008,2020-11-02,24,661
Hamme (Dendermonde),42008,2020-11-03,5,666
Hamme (Dendermonde),42008,2020-11-04,20,686
Hamme (Dendermonde),42008,2020-11-05,21,707
Hamme (Dendermonde),42008,2020-11-06,14,721
Hamme (Dendermonde),42008,2020-11-07,16,737
Hamme (Dendermonde),42008,2020-11-08,16,753
Hamme (Dendermonde),42008,2020-11-09,13,766
Hamme (Dendermonde),42008,2020-11-10,7,773
Hamme (Dendermonde),42008,2020-11-11,5,778
Laarne,42010,2020-04-01,2,13
Laarne,42010,2020-04-02,0,13
Laarne,42010,2020-04-03,2,15
Laarne,42010,2020-04-04,1,16
Laarne,42010,2020-04-05,0,16
Laarne,42010,2020-04-06,1,17
Laarne,42010,2020-04-07,0,17
Laarne,42010,2020-04-08,1,18
Laarne,42010,2020-04-09,1,19
Laarne,42010,2020-04-10,1,20
Laarne,42010,2020-04-11,0,20
Laarne,42010,2020-04-12,3,23
Laarne,42010,2020-04-13,1,24
Laarne,42010,2020-04-14,0,24
Laarne,42010,2020-04-15,1,25
Laarne,42010,2020-04-16,0,25
Laarne,42010,2020-04-17,1,26
Laarne,42010,2020-04-18,0,26
Laarne,42010,2020-04-19,1,27
Laarne,42010,2020-04-20,1,28
Laarne,42010,2020-04-21,1,29
Laarne,42010,2020-04-22,0,29
Laarne,42010,2020-04-23,0,29
Laarne,42010,2020-04-24,0,29
Laarne,42010,2020-04-25,0,29
Laarne,42010,2020-04-26,0,29
Laarne,42010,2020-04-27,0,29
Laarne,42010,2020-04-28,0,29
Laarne,42010,2020-04-29,0,29
Laarne,42010,2020-04-30,0,29
Laarne,42010,2020-05-01,0,29
Laarne,42010,2020-05-02,0,29
Laarne,42010,2020-05-03,1,30
Laarne,42010,2020-05-04,0,30
Laarne,42010,2020-05-05,0,30
Laarne,42010,2020-05-06,1,31
Laarne,42010,2020-05-07,0,31
Laarne,42010,2020-05-08,0,31
Laarne,42010,2020-05-09,0,31
Laarne,42010,2020-05-10,0,31
Laarne,42010,2020-05-11,0,31
Laarne,42010,2020-05-12,0,31
Laarne,42010,2020-05-13,0,31
Laarne,42010,2020-05-14,0,31
Laarne,42010,2020-05-15,0,31
Laarne,42010,2020-05-16,0,31
Laarne,42010,2020-05-17,0,31
Laarne,42010,2020-05-18,0,31
Laarne,42010,2020-05-19,0,31
Laarne,42010,2020-05-20,0,31
Laarne,42010,2020-05-21,0,31
Laarne,42010,2020-05-22,0,31
Laarne,42010,2020-05-23,0,31
Laarne,42010,2020-05-24,0,31
Laarne,42010,2020-05-25,0,31
Laarne,42010,2020-05-26,0,31
Laarne,42010,2020-05-27,0,31
Laarne,42010,2020-05-28,0,31
Laarne,42010,2020-05-29,0,31
Laarne,42010,2020-05-30,0,31
Laarne,42010,2020-05-31,0,31
Laarne,42010,2020-06-01,0,31
Laarne,42010,2020-06-02,0,31
Laarne,42010,2020-06-03,0,31
Laarne,42010,2020-06-04,0,31
Laarne,42010,2020-06-05,0,31
Laarne,42010,2020-06-06,0,31
Laarne,42010,2020-06-07,0,31
Laarne,42010,2020-06-08,0,31
Laarne,42010,2020-06-09,0,31
Laarne,42010,2020-06-10,0,31
Laarne,42010,2020-06-11,0,31
Laarne,42010,2020-06-12,0,31
Laarne,42010,2020-06-13,0,31
Laarne,42010,2020-06-14,0,31
Laarne,42010,2020-06-15,0,31
Laarne,42010,2020-06-16,0,31
Laarne,42010,2020-06-17,0,31
Laarne,42010,2020-06-18,0,31
Laarne,42010,2020-06-19,0,31
Laarne,42010,2020-06-20,0,31
Laarne,42010,2020-06-23,0,31
Laarne,42010,2020-06-24,0,31
Laarne,42010,2020-06-25,0,31
Laarne,42010,2020-06-26,0,31
Laarne,42010,2020-06-27,0,31
Laarne,42010,2020-06-30,0,31
Laarne,42010,2020-07-01,0,31
Laarne,42010,2020-07-02,0,31
Laarne,42010,2020-07-03,0,31
Laarne,42010,2020-07-04,0,31
Laarne,42010,2020-07-07,0,31
Laarne,42010,2020-07-08,0,31
Laarne,42010,2020-07-09,0,31
Laarne,42010,2020-07-10,0,31
Laarne,42010,2020-07-11,0,31
Laarne,42010,2020-07-14,0,31
Laarne,42010,2020-07-15,0,31
Laarne,42010,2020-07-16,0,31
Laarne,42010,2020-07-17,0,31
Laarne,42010,2020-07-18,0,31
Laarne,42010,2020-07-20,0,31
Laarne,42010,2020-07-21,0,31
Laarne,42010,2020-07-22,0,31
Laarne,42010,2020-07-23,0,31
Laarne,42010,2020-07-24,0,31
Laarne,42010,2020-07-25,0,31
Laarne,42010,2020-07-26,0,31
Laarne,42010,2020-07-27,0,31
Laarne,42010,2020-07-28,0,31
Laarne,42010,2020-07-29,0,31
Laarne,42010,2020-07-30,0,31
Laarne,42010,2020-07-31,0,31
Laarne,42010,2020-08-01,0,31
Laarne,42010,2020-08-02,0,31
Laarne,42010,2020-08-03,0,31
Laarne,42010,2020-08-04,0,31
Laarne,42010,2020-08-05,0,31
Laarne,42010,2020-08-06,0,31
Laarne,42010,2020-08-07,0,31
Laarne,42010,2020-08-08,0,31
Laarne,42010,2020-08-09,1,32
Laarne,42010,2020-08-10,0,32
Laarne,42010,2020-08-11,0,32
Laarne,42010,2020-08-12,0,32
Laarne,42010,2020-08-13,0,32
Laarne,42010,2020-08-14,0,32
Laarne,42010,2020-08-15,0,32
Laarne,42010,2020-08-16,0,32
Laarne,42010,2020-08-17,0,32
Laarne,42010,2020-08-18,0,32
Laarne,42010,2020-08-19,0,32
Laarne,42010,2020-08-20,0,32
Laarne,42010,2020-08-21,0,32
Laarne,42010,2020-08-22,0,32
Laarne,42010,2020-08-23,0,32
Laarne,42010,2020-08-24,0,32
Laarne,42010,2020-08-25,0,32
Laarne,42010,2020-08-26,0,32
Laarne,42010,2020-08-27,0,32
Laarne,42010,2020-08-28,0,32
Laarne,42010,2020-08-29,0,32
Laarne,42010,2020-08-30,0,32
Laarne,42010,2020-08-31,0,32
Laarne,42010,2020-09-01,0,32
Laarne,42010,2020-09-02,0,32
Laarne,42010,2020-09-03,0,32
Laarne,42010,2020-09-04,0,32
Laarne,42010,2020-09-05,0,32
Laarne,42010,2020-09-06,0,32
Laarne,42010,2020-09-07,0,32
Laarne,42010,2020-09-08,0,32
Laarne,42010,2020-09-09,0,32
Laarne,42010,2020-09-10,0,32
Laarne,42010,2020-09-11,0,32
Laarne,42010,2020-09-12,1,33
Laarne,42010,2020-09-13,0,33
Laarne,42010,2020-09-14,0,33
Laarne,42010,2020-09-15,0,33
Laarne,42010,2020-09-16,1,34
Laarne,42010,2020-09-17,1,35
Laarne,42010,2020-09-18,0,35
Laarne,42010,2020-09-19,2,37
Laarne,42010,2020-09-20,0,37
Laarne,42010,2020-09-21,0,37
Laarne,42010,2020-09-22,0,37
Laarne,42010,2020-09-23,0,37
Laarne,42010,2020-09-24,1,38
Laarne,42010,2020-09-25,1,39
Laarne,42010,2020-09-26,0,39
Laarne,42010,2020-09-27,1,40
Laarne,42010,2020-09-28,1,41
Laarne,42010,2020-09-29,0,41
Laarne,42010,2020-09-30,2,43
Laarne,42010,2020-10-01,1,44
Laarne,42010,2020-10-02,0,44
Laarne,42010,2020-10-03,1,45
Laarne,42010,2020-10-04,0,45
Laarne,42010,2020-10-05,0,45
Laarne,42010,2020-10-06,0,45
Laarne,42010,2020-10-07,1,46
Laarne,42010,2020-10-08,1,47
Laarne,42010,2020-10-09,0,47
Laarne,42010,2020-10-10,5,52
Laarne,42010,2020-10-11,3,55
Laarne,42010,2020-10-12,1,56
Laarne,42010,2020-10-13,1,57
Laarne,42010,2020-10-14,3,60
Laarne,42010,2020-10-15,6,66
Laarne,42010,2020-10-16,3,69
Laarne,42010,2020-10-17,9,78
Laarne,42010,2020-10-18,1,79
Laarne,42010,2020-10-19,5,84
Laarne,42010,2020-10-20,9,93
Laarne,42010,2020-10-21,14,107
Laarne,42010,2020-10-22,5,112
Laarne,42010,2020-10-23,9,121
Laarne,42010,2020-10-24,17,138
Laarne,42010,2020-10-25,12,150
Laarne,42010,2020-10-26,28,178
Laarne,42010,2020-10-27,31,209
Laarne,42010,2020-10-28,4,213
Laarne,42010,2020-10-29,23,236
Laarne,42010,2020-10-30,14,250
Laarne,42010,2020-10-31,29,279
Laarne,42010,2020-11-01,35,314
Laarne,42010,2020-11-02,10,324
Laarne,42010,2020-11-03,4,328
Laarne,42010,2020-11-04,9,337
Laarne,42010,2020-11-05,12,349
Laarne,42010,2020-11-06,23,372
Laarne,42010,2020-11-07,3,375
Laarne,42010,2020-11-08,5,380
Laarne,42010,2020-11-09,3,383
Laarne,42010,2020-11-10,3,386
Laarne,42010,2020-11-11,5,391
Lebbeke,42011,2020-04-01,0,19
Lebbeke,42011,2020-04-02,4,23
Lebbeke,42011,2020-04-03,1,24
Lebbeke,42011,2020-04-04,5,29
Lebbeke,42011,2020-04-05,3,32
Lebbeke,42011,2020-04-06,2,34
Lebbeke,42011,2020-04-07,0,34
Lebbeke,42011,2020-04-08,1,35
Lebbeke,42011,2020-04-09,2,37
Lebbeke,42011,2020-04-10,2,39
Lebbeke,42011,2020-04-11,0,39
Lebbeke,42011,2020-04-12,7,46
Lebbeke,42011,2020-04-13,1,47
Lebbeke,42011,2020-04-14,0,47
Lebbeke,42011,2020-04-15,2,49
Lebbeke,42011,2020-04-16,1,50
Lebbeke,42011,2020-04-17,6,56
Lebbeke,42011,2020-04-18,0,56
Lebbeke,42011,2020-04-19,5,61
Lebbeke,42011,2020-04-20,6,67
Lebbeke,42011,2020-04-21,0,67
Lebbeke,42011,2020-04-22,2,69
Lebbeke,42011,2020-04-23,3,72
Lebbeke,42011,2020-04-24,3,75
Lebbeke,42011,2020-04-25,0,75
Lebbeke,42011,2020-04-26,1,76
Lebbeke,42011,2020-04-27,1,77
Lebbeke,42011,2020-04-28,0,77
Lebbeke,42011,2020-04-29,0,77
Lebbeke,42011,2020-04-30,0,77
Lebbeke,42011,2020-05-01,0,77
Lebbeke,42011,2020-05-02,0,77
Lebbeke,42011,2020-05-03,1,78
Lebbeke,42011,2020-05-04,0,78
Lebbeke,42011,2020-05-05,1,79
Lebbeke,42011,2020-05-06,1,80
Lebbeke,42011,2020-05-07,1,81
Lebbeke,42011,2020-05-08,1,82
Lebbeke,42011,2020-05-09,2,84
Lebbeke,42011,2020-05-10,1,85
Lebbeke,42011,2020-05-11,0,85
Lebbeke,42011,2020-05-12,1,86
Lebbeke,42011,2020-05-13,-1,85
Lebbeke,42011,2020-05-14,0,85
Lebbeke,42011,2020-05-15,2,87
Lebbeke,42011,2020-05-16,0,87
Lebbeke,42011,2020-05-17,0,87
Lebbeke,42011,2020-05-18,0,87
Lebbeke,42011,2020-05-19,0,87
Lebbeke,42011,2020-05-20,0,87
Lebbeke,42011,2020-05-21,1,88
Lebbeke,42011,2020-05-22,0,88
Lebbeke,42011,2020-05-23,0,88
Lebbeke,42011,2020-05-24,0,88
Lebbeke,42011,2020-05-25,0,88
Lebbeke,42011,2020-05-26,0,88
Lebbeke,42011,2020-05-27,0,88
Lebbeke,42011,2020-05-28,0,88
Lebbeke,42011,2020-05-29,0,88
Lebbeke,42011,2020-05-30,0,88
Lebbeke,42011,2020-05-31,0,88
Lebbeke,42011,2020-06-01,0,88
Lebbeke,42011,2020-06-02,0,88
Lebbeke,42011,2020-06-03,1,89
Lebbeke,42011,2020-06-04,0,89
Lebbeke,42011,2020-06-05,0,89
Lebbeke,42011,2020-06-06,0,89
Lebbeke,42011,2020-06-07,0,89
Lebbeke,42011,2020-06-08,0,89
Lebbeke,42011,2020-06-09,1,90
Lebbeke,42011,2020-06-10,0,90
Lebbeke,42011,2020-06-11,0,90
Lebbeke,42011,2020-06-12,0,90
Lebbeke,42011,2020-06-13,0,90
Lebbeke,42011,2020-06-14,0,90
Lebbeke,42011,2020-06-15,0,90
Lebbeke,42011,2020-06-16,0,90
Lebbeke,42011,2020-06-17,0,90
Lebbeke,42011,2020-06-18,0,90
Lebbeke,42011,2020-06-19,0,90
Lebbeke,42011,2020-06-20,0,90
Lebbeke,42011,2020-06-23,0,90
Lebbeke,42011,2020-06-24,0,90
Lebbeke,42011,2020-06-25,0,90
Lebbeke,42011,2020-06-26,0,90
Lebbeke,42011,2020-06-27,0,90
Lebbeke,42011,2020-06-30,0,90
Lebbeke,42011,2020-07-01,0,90
Lebbeke,42011,2020-07-02,0,90
Lebbeke,42011,2020-07-03,0,90
Lebbeke,42011,2020-07-04,0,90
Lebbeke,42011,2020-07-07,1,91
Lebbeke,42011,2020-07-08,0,91
Lebbeke,42011,2020-07-09,0,91
Lebbeke,42011,2020-07-10,1,92
Lebbeke,42011,2020-07-11,0,92
Lebbeke,42011,2020-07-14,0,92
Lebbeke,42011,2020-07-15,0,92
Lebbeke,42011,2020-07-16,0,92
Lebbeke,42011,2020-07-17,0,92
Lebbeke,42011,2020-07-18,0,92
Lebbeke,42011,2020-07-20,0,92
Lebbeke,42011,2020-07-21,0,92
Lebbeke,42011,2020-07-22,0,92
Lebbeke,42011,2020-07-23,0,92
Lebbeke,42011,2020-07-24,0,92
Lebbeke,42011,2020-07-25,1,93
Lebbeke,42011,2020-07-26,4,97
Lebbeke,42011,2020-07-27,1,98
Lebbeke,42011,2020-07-28,0,98
Lebbeke,42011,2020-07-29,0,98
Lebbeke,42011,2020-07-30,1,99
Lebbeke,42011,2020-07-31,0,99
Lebbeke,42011,2020-08-01,0,99
Lebbeke,42011,2020-08-02,0,99
Lebbeke,42011,2020-08-03,0,99
Lebbeke,42011,2020-08-04,1,100
Lebbeke,42011,2020-08-05,0,100
Lebbeke,42011,2020-08-06,0,100
Lebbeke,42011,2020-08-07,1,101
Lebbeke,42011,2020-08-08,0,101
Lebbeke,42011,2020-08-09,0,101
Lebbeke,42011,2020-08-10,2,103
Lebbeke,42011,2020-08-11,0,103
Lebbeke,42011,2020-08-12,0,103
Lebbeke,42011,2020-08-13,0,103
Lebbeke,42011,2020-08-14,0,103
Lebbeke,42011,2020-08-15,0,103
Lebbeke,42011,2020-08-16,0,103
Lebbeke,42011,2020-08-17,0,103
Lebbeke,42011,2020-08-18,0,103
Lebbeke,42011,2020-08-19,0,103
Lebbeke,42011,2020-08-20,0,103
Lebbeke,42011,2020-08-21,0,103
Lebbeke,42011,2020-08-22,0,103
Lebbeke,42011,2020-08-23,1,104
Lebbeke,42011,2020-08-24,0,104
Lebbeke,42011,2020-08-25,1,105
Lebbeke,42011,2020-08-26,1,106
Lebbeke,42011,2020-08-27,0,106
Lebbeke,42011,2020-08-28,1,107
Lebbeke,42011,2020-08-29,0,107
Lebbeke,42011,2020-08-30,0,107
Lebbeke,42011,2020-08-31,1,108
Lebbeke,42011,2020-09-01,1,109
Lebbeke,42011,2020-09-02,0,109
Lebbeke,42011,2020-09-03,0,109
Lebbeke,42011,2020-09-04,1,110
Lebbeke,42011,2020-09-05,0,110
Lebbeke,42011,2020-09-06,0,110
Lebbeke,42011,2020-09-07,0,110
Lebbeke,42011,2020-09-08,1,111
Lebbeke,42011,2020-09-09,0,111
Lebbeke,42011,2020-09-10,0,111
Lebbeke,42011,2020-09-11,0,111
Lebbeke,42011,2020-09-12,1,112
Lebbeke,42011,2020-09-13,1,113
Lebbeke,42011,2020-09-14,2,115
Lebbeke,42011,2020-09-15,3,118
Lebbeke,42011,2020-09-16,0,118
Lebbeke,42011,2020-09-17,0,118
Lebbeke,42011,2020-09-18,1,119
Lebbeke,42011,2020-09-19,1,120
Lebbeke,42011,2020-09-20,0,120
Lebbeke,42011,2020-09-21,5,125
Lebbeke,42011,2020-09-22,2,127
Lebbeke,42011,2020-09-23,2,129
Lebbeke,42011,2020-09-24,2,131
Lebbeke,42011,2020-09-25,3,134
Lebbeke,42011,2020-09-26,7,141
Lebbeke,42011,2020-09-27,2,143
Lebbeke,42011,2020-09-28,4,147
Lebbeke,42011,2020-09-29,1,148
Lebbeke,42011,2020-09-30,2,150
Lebbeke,42011,2020-10-01,0,150
Lebbeke,42011,2020-10-02,4,154
Lebbeke,42011,2020-10-03,1,155
Lebbeke,42011,2020-10-04,1,156
Lebbeke,42011,2020-10-05,5,161
Lebbeke,42011,2020-10-06,3,164
Lebbeke,42011,2020-10-07,3,167
Lebbeke,42011,2020-10-08,8,175
Lebbeke,42011,2020-10-09,7,182
Lebbeke,42011,2020-10-10,0,182
Lebbeke,42011,2020-10-11,20,202
Lebbeke,42011,2020-10-12,5,207
Lebbeke,42011,2020-10-13,3,210
Lebbeke,42011,2020-10-14,2,212
Lebbeke,42011,2020-10-15,42,254
Lebbeke,42011,2020-10-16,13,267
Lebbeke,42011,2020-10-17,14,281
Lebbeke,42011,2020-10-18,22,303
Lebbeke,42011,2020-10-19,6,309
Lebbeke,42011,2020-10-20,4,313
Lebbeke,42011,2020-10-21,11,324
Lebbeke,42011,2020-10-22,7,331
Lebbeke,42011,2020-10-23,37,368
Lebbeke,42011,2020-10-24,20,388
Lebbeke,42011,2020-10-25,19,407
Lebbeke,42011,2020-10-26,21,428
Lebbeke,42011,2020-10-27,10,438
Lebbeke,42011,2020-10-28,14,452
Lebbeke,42011,2020-10-29,22,474
Lebbeke,42011,2020-10-30,21,495
Lebbeke,42011,2020-10-31,18,513
Lebbeke,42011,2020-11-01,17,530
Lebbeke,42011,2020-11-02,18,548
Lebbeke,42011,2020-11-03,2,550
Lebbeke,42011,2020-11-04,13,563
Lebbeke,42011,2020-11-05,23,586
Lebbeke,42011,2020-11-06,16,602
Lebbeke,42011,2020-11-07,11,613
Lebbeke,42011,2020-11-08,5,618
Lebbeke,42011,2020-11-09,2,620
Lebbeke,42011,2020-11-10,1,621
Lebbeke,42011,2020-11-11,2,623
Waasmunster,42023,2020-04-01,2,18
Waasmunster,42023,2020-04-02,1,19
Waasmunster,42023,2020-04-03,1,20
Waasmunster,42023,2020-04-04,1,21
Waasmunster,42023,2020-04-05,1,22
Waasmunster,42023,2020-04-06,0,22
Waasmunster,42023,2020-04-07,0,22
Waasmunster,42023,2020-04-08,0,22
Waasmunster,42023,2020-04-09,0,22
Waasmunster,42023,2020-04-10,2,24
Waasmunster,42023,2020-04-11,2,26
Waasmunster,42023,2020-04-12,4,30
Waasmunster,42023,2020-04-13,0,30
Waasmunster,42023,2020-04-14,0,30
Waasmunster,42023,2020-04-15,1,31
Waasmunster,42023,2020-04-16,3,34
Waasmunster,42023,2020-04-17,1,35
Waasmunster,42023,2020-04-18,0,35
Waasmunster,42023,2020-04-19,0,35
Waasmunster,42023,2020-04-20,0,35
Waasmunster,42023,2020-04-21,1,36
Waasmunster,42023,2020-04-22,4,40
Waasmunster,42023,2020-04-23,1,41
Waasmunster,42023,2020-04-24,3,44
Waasmunster,42023,2020-04-25,1,45
Waasmunster,42023,2020-04-26,0,45
Waasmunster,42023,2020-04-27,0,45
Waasmunster,42023,2020-04-28,0,45
Waasmunster,42023,2020-04-29,0,45
Waasmunster,42023,2020-04-30,7,52
Waasmunster,42023,2020-05-01,1,53
Waasmunster,42023,2020-05-02,0,53
Waasmunster,42023,2020-05-03,0,53
Waasmunster,42023,2020-05-04,0,53
Waasmunster,42023,2020-05-05,1,54
Waasmunster,42023,2020-05-06,1,55
Waasmunster,42023,2020-05-07,0,55
Waasmunster,42023,2020-05-08,1,56
Waasmunster,42023,2020-05-09,0,56
Waasmunster,42023,2020-05-10,1,57
Waasmunster,42023,2020-05-11,0,57
Waasmunster,42023,2020-05-12,0,57
Waasmunster,42023,2020-05-13,0,57
Waasmunster,42023,2020-05-14,0,57
Waasmunster,42023,2020-05-15,0,57
Waasmunster,42023,2020-05-16,0,57
Waasmunster,42023,2020-05-17,0,57
Waasmunster,42023,2020-05-18,0,57
Waasmunster,42023,2020-05-19,0,57
Waasmunster,42023,2020-05-20,0,57
Waasmunster,42023,2020-05-21,1,58
Waasmunster,42023,2020-05-22,0,58
Waasmunster,42023,2020-05-23,2,60
Waasmunster,42023,2020-05-24,1,61
Waasmunster,42023,2020-05-25,0,61
Waasmunster,42023,2020-05-26,0,61
Waasmunster,42023,2020-05-27,0,61
Waasmunster,42023,2020-05-28,1,62
Waasmunster,42023,2020-05-29,0,62
Waasmunster,42023,2020-05-30,0,62
Waasmunster,42023,2020-05-31,0,62
Waasmunster,42023,2020-06-01,1,63
Waasmunster,42023,2020-06-02,0,63
Waasmunster,42023,2020-06-03,0,63
Waasmunster,42023,2020-06-04,0,63
Waasmunster,42023,2020-06-05,0,63
Waasmunster,42023,2020-06-06,0,63
Waasmunster,42023,2020-06-07,1,64
Waasmunster,42023,2020-06-08,0,64
Waasmunster,42023,2020-06-09,0,64
Waasmunster,42023,2020-06-10,0,64
Waasmunster,42023,2020-06-11,0,64
Waasmunster,42023,2020-06-12,0,64
Waasmunster,42023,2020-06-13,0,64
Waasmunster,42023,2020-06-14,0,64
Waasmunster,42023,2020-06-15,0,64
Waasmunster,42023,2020-06-16,0,64
Waasmunster,42023,2020-06-17,0,64
Waasmunster,42023,2020-06-18,0,64
Waasmunster,42023,2020-06-19,0,64
Waasmunster,42023,2020-06-20,0,64
Waasmunster,42023,2020-06-23,0,64
Waasmunster,42023,2020-06-24,0,64
Waasmunster,42023,2020-06-25,0,64
Waasmunster,42023,2020-06-26,0,64
Waasmunster,42023,2020-06-27,0,64
Waasmunster,42023,2020-06-30,0,64
Waasmunster,42023,2020-07-01,0,64
Waasmunster,42023,2020-07-02,0,64
Waasmunster,42023,2020-07-03,0,64
Waasmunster,42023,2020-07-04,0,64
Waasmunster,42023,2020-07-07,0,64
Waasmunster,42023,2020-07-08,0,64
Waasmunster,42023,2020-07-09,0,64
Waasmunster,42023,2020-07-10,0,64
Waasmunster,42023,2020-07-11,0,64
Waasmunster,42023,2020-07-14,0,64
Waasmunster,42023,2020-07-15,0,64
Waasmunster,42023,2020-07-16,0,64
Waasmunster,42023,2020-07-17,0,64
Waasmunster,42023,2020-07-18,0,64
Waasmunster,42023,2020-07-20,0,64
Waasmunster,42023,2020-07-21,0,64
Waasmunster,42023,2020-07-22,0,64
Waasmunster,42023,2020-07-23,0,64
Waasmunster,42023,2020-07-24,0,64
Waasmunster,42023,2020-07-25,0,64
Waasmunster,42023,2020-07-26,1,65
Waasmunster,42023,2020-07-27,0,65
Waasmunster,42023,2020-07-28,0,65
Waasmunster,42023,2020-07-29,0,65
Waasmunster,42023,2020-07-30,0,65
Waasmunster,42023,2020-07-31,0,65
Waasmunster,42023,2020-08-01,0,65
Waasmunster,42023,2020-08-02,2,67
Waasmunster,42023,2020-08-03,2,69
Waasmunster,42023,2020-08-04,0,69
Waasmunster,42023,2020-08-05,0,69
Waasmunster,42023,2020-08-06,0,69
Waasmunster,42023,2020-08-07,0,69
Waasmunster,42023,2020-08-08,0,69
Waasmunster,42023,2020-08-09,0,69
Waasmunster,42023,2020-08-10,0,69
Waasmunster,42023,2020-08-11,0,69
Waasmunster,42023,2020-08-12,0,69
Waasmunster,42023,2020-08-13,0,69
Waasmunster,42023,2020-08-14,0,69
Waasmunster,42023,2020-08-15,0,69
Waasmunster,42023,2020-08-16,2,71
Waasmunster,42023,2020-08-17,0,71
Waasmunster,42023,2020-08-18,0,71
Waasmunster,42023,2020-08-19,1,72
Waasmunster,42023,2020-08-20,0,72
Waasmunster,42023,2020-08-21,0,72
Waasmunster,42023,2020-08-22,0,72
Waasmunster,42023,2020-08-23,0,72
Waasmunster,42023,2020-08-24,0,72
Waasmunster,42023,2020-08-25,0,72
Waasmunster,42023,2020-08-26,0,72
Waasmunster,42023,2020-08-27,0,72
Waasmunster,42023,2020-08-28,0,72
Waasmunster,42023,2020-08-29,0,72
Waasmunster,42023,2020-08-30,0,72
Waasmunster,42023,2020-08-31,0,72
Waasmunster,42023,2020-09-01,0,72
Waasmunster,42023,2020-09-02,0,72
Waasmunster,42023,2020-09-03,0,72
Waasmunster,42023,2020-09-04,1,73
Waasmunster,42023,2020-09-05,0,73
Waasmunster,42023,2020-09-06,2,75
Waasmunster,42023,2020-09-07,0,75
Waasmunster,42023,2020-09-08,0,75
Waasmunster,42023,2020-09-09,0,75
Waasmunster,42023,2020-09-10,1,76
Waasmunster,42023,2020-09-11,0,76
Waasmunster,42023,2020-09-12,0,76
Waasmunster,42023,2020-09-13,0,76
Waasmunster,42023,2020-09-14,0,76
Waasmunster,42023,2020-09-15,1,77
Waasmunster,42023,2020-09-16,1,78
Waasmunster,42023,2020-09-17,1,79
Waasmunster,42023,2020-09-18,0,79
Waasmunster,42023,2020-09-19,0,79
Waasmunster,42023,2020-09-20,1,80
Waasmunster,42023,2020-09-21,0,80
Waasmunster,42023,2020-09-22,0,80
Waasmunster,42023,2020-09-23,1,81
Waasmunster,42023,2020-09-24,1,82
Waasmunster,42023,2020-09-25,1,83
Waasmunster,42023,2020-09-26,0,83
Waasmunster,42023,2020-09-27,0,83
Waasmunster,42023,2020-09-28,0,83
Waasmunster,42023,2020-09-29,1,84
Waasmunster,42023,2020-09-30,2,86
Waasmunster,42023,2020-10-01,3,89
Waasmunster,42023,2020-10-02,2,91
Waasmunster,42023,2020-10-03,6,97
Waasmunster,42023,2020-10-04,7,104
Waasmunster,42023,2020-10-05,6,110
Waasmunster,42023,2020-10-06,0,110
Waasmunster,42023,2020-10-07,5,115
Waasmunster,42023,2020-10-08,7,122
Waasmunster,42023,2020-10-09,5,127
Waasmunster,42023,2020-10-10,1,128
Waasmunster,42023,2020-10-11,5,133
Waasmunster,42023,2020-10-12,2,135
Waasmunster,42023,2020-10-13,2,137
Waasmunster,42023,2020-10-14,6,143
Waasmunster,42023,2020-10-15,5,148
Waasmunster,42023,2020-10-16,5,153
Waasmunster,42023,2020-10-17,5,158
Waasmunster,42023,2020-10-18,10,168
Waasmunster,42023,2020-10-19,3,171
Waasmunster,42023,2020-10-20,0,171
Waasmunster,42023,2020-10-21,6,177
Waasmunster,42023,2020-10-22,9,186
Waasmunster,42023,2020-10-23,11,197
Waasmunster,42023,2020-10-24,4,201
Waasmunster,42023,2020-10-25,12,213
Waasmunster,42023,2020-10-26,13,226
Waasmunster,42023,2020-10-27,13,239
Waasmunster,42023,2020-10-28,10,249
Waasmunster,42023,2020-10-29,6,255
Waasmunster,42023,2020-10-30,15,270
Waasmunster,42023,2020-10-31,20,290
Waasmunster,42023,2020-11-01,8,298
Waasmunster,42023,2020-11-02,10,308
Waasmunster,42023,2020-11-03,9,317
Waasmunster,42023,2020-11-04,6,323
Waasmunster,42023,2020-11-05,6,329
Waasmunster,42023,2020-11-06,8,337
Waasmunster,42023,2020-11-07,5,342
Waasmunster,42023,2020-11-08,9,351
Waasmunster,42023,2020-11-09,2,353
Waasmunster,42023,2020-11-10,1,354
Waasmunster,42023,2020-11-11,4,358
Wetteren,42025,2020-04-01,2,48
Wetteren,42025,2020-04-02,4,52
Wetteren,42025,2020-04-03,8,60
Wetteren,42025,2020-04-04,2,62
Wetteren,42025,2020-04-05,6,68
Wetteren,42025,2020-04-06,1,69
Wetteren,42025,2020-04-07,9,78
Wetteren,42025,2020-04-08,6,84
Wetteren,42025,2020-04-09,3,87
Wetteren,42025,2020-04-10,3,90
Wetteren,42025,2020-04-11,0,90
Wetteren,42025,2020-04-12,4,94
Wetteren,42025,2020-04-13,0,94
Wetteren,42025,2020-04-14,0,94
Wetteren,42025,2020-04-15,20,114
Wetteren,42025,2020-04-16,2,116
Wetteren,42025,2020-04-17,4,120
Wetteren,42025,2020-04-18,0,120
Wetteren,42025,2020-04-19,2,122
Wetteren,42025,2020-04-20,1,123
Wetteren,42025,2020-04-21,4,127
Wetteren,42025,2020-04-22,0,127
Wetteren,42025,2020-04-23,0,127
Wetteren,42025,2020-04-24,0,127
Wetteren,42025,2020-04-25,0,127
Wetteren,42025,2020-04-26,1,128
Wetteren,42025,2020-04-27,2,130
Wetteren,42025,2020-04-28,0,130
Wetteren,42025,2020-04-29,0,130
Wetteren,42025,2020-04-30,0,130
Wetteren,42025,2020-05-01,1,131
Wetteren,42025,2020-05-02,0,131
Wetteren,42025,2020-05-03,0,131
Wetteren,42025,2020-05-04,1,132
Wetteren,42025,2020-05-05,0,132
Wetteren,42025,2020-05-06,0,132
Wetteren,42025,2020-05-07,0,132
Wetteren,42025,2020-05-08,1,133
Wetteren,42025,2020-05-09,0,133
Wetteren,42025,2020-05-10,0,133
Wetteren,42025,2020-05-11,0,133
Wetteren,42025,2020-05-12,0,133
Wetteren,42025,2020-05-13,0,133
Wetteren,42025,2020-05-14,0,133
Wetteren,42025,2020-05-15,0,133
Wetteren,42025,2020-05-16,0,133
Wetteren,42025,2020-05-17,0,133
Wetteren,42025,2020-05-18,0,133
Wetteren,42025,2020-05-19,0,133
Wetteren,42025,2020-05-20,0,133
Wetteren,42025,2020-05-21,0,133
Wetteren,42025,2020-05-22,0,133
Wetteren,42025,2020-05-23,1,134
Wetteren,42025,2020-05-24,0,134
Wetteren,42025,2020-05-25,0,134
Wetteren,42025,2020-05-26,0,134
Wetteren,42025,2020-05-27,1,135
Wetteren,42025,2020-05-28,0,135
Wetteren,42025,2020-05-29,0,135
Wetteren,42025,2020-05-30,1,136
Wetteren,42025,2020-05-31,1,137
Wetteren,42025,2020-06-01,0,137
Wetteren,42025,2020-06-02,0,137
Wetteren,42025,2020-06-03,0,137
Wetteren,42025,2020-06-04,0,137
Wetteren,42025,2020-06-05,0,137
Wetteren,42025,2020-06-06,1,138
Wetteren,42025,2020-06-07,0,138
Wetteren,42025,2020-06-08,1,139
Wetteren,42025,2020-06-09,0,139
Wetteren,42025,2020-06-10,0,139
Wetteren,42025,2020-06-11,0,139
Wetteren,42025,2020-06-12,0,139
Wetteren,42025,2020-06-13,0,139
Wetteren,42025,2020-06-14,0,139
Wetteren,42025,2020-06-15,0,139
Wetteren,42025,2020-06-16,0,139
Wetteren,42025,2020-06-17,0,139
Wetteren,42025,2020-06-18,0,139
Wetteren,42025,2020-06-19,0,139
Wetteren,42025,2020-06-20,0,139
Wetteren,42025,2020-06-23,0,139
Wetteren,42025,2020-06-24,0,139
Wetteren,42025,2020-06-25,0,139
Wetteren,42025,2020-06-26,0,139
Wetteren,42025,2020-06-27,0,139
Wetteren,42025,2020-06-30,0,139
Wetteren,42025,2020-07-01,0,139
Wetteren,42025,2020-07-02,0,139
Wetteren,42025,2020-07-03,0,139
Wetteren,42025,2020-07-04,0,139
Wetteren,42025,2020-07-07,1,140
Wetteren,42025,2020-07-08,0,140
Wetteren,42025,2020-07-09,0,140
Wetteren,42025,2020-07-10,0,140
Wetteren,42025,2020-07-11,0,140
Wetteren,42025,2020-07-14,0,140
Wetteren,42025,2020-07-15,0,140
Wetteren,42025,2020-07-16,0,140
Wetteren,42025,2020-07-17,0,140
Wetteren,42025,2020-07-18,0,140
Wetteren,42025,2020-07-20,0,140
Wetteren,42025,2020-07-21,0,140
Wetteren,42025,2020-07-22,1,141
Wetteren,42025,2020-07-23,0,141
Wetteren,42025,2020-07-24,0,141
Wetteren,42025,2020-07-25,1,142
Wetteren,42025,2020-07-26,0,142
Wetteren,42025,2020-07-27,0,142
Wetteren,42025,2020-07-28,1,143
Wetteren,42025,2020-07-29,0,143
Wetteren,42025,2020-07-30,1,144
Wetteren,42025,2020-07-31,1,145
Wetteren,42025,2020-08-01,0,145
Wetteren,42025,2020-08-02,0,145
Wetteren,42025,2020-08-03,0,145
Wetteren,42025,2020-08-04,1,146
Wetteren,42025,2020-08-05,0,146
Wetteren,42025,2020-08-06,2,148
Wetteren,42025,2020-08-07,0,148
Wetteren,42025,2020-08-08,1,149
Wetteren,42025,2020-08-09,0,149
Wetteren,42025,2020-08-10,0,149
Wetteren,42025,2020-08-11,0,149
Wetteren,42025,2020-08-12,1,150
Wetteren,42025,2020-08-13,1,151
Wetteren,42025,2020-08-14,0,151
Wetteren,42025,2020-08-15,0,151
Wetteren,42025,2020-08-16,2,153
Wetteren,42025,2020-08-17,0,153
Wetteren,42025,2020-08-18,0,153
Wetteren,42025,2020-08-19,0,153
Wetteren,42025,2020-08-20,0,153
Wetteren,42025,2020-08-21,0,153
Wetteren,42025,2020-08-22,0,153
Wetteren,42025,2020-08-23,0,153
Wetteren,42025,2020-08-24,0,153
Wetteren,42025,2020-08-25,0,153
Wetteren,42025,2020-08-26,0,153
Wetteren,42025,2020-08-27,0,153
Wetteren,42025,2020-08-28,0,153
Wetteren,42025,2020-08-29,0,153
Wetteren,42025,2020-08-30,0,153
Wetteren,42025,2020-08-31,2,155
Wetteren,42025,2020-09-01,0,155
Wetteren,42025,2020-09-02,2,157
Wetteren,42025,2020-09-03,1,158
Wetteren,42025,2020-09-04,0,158
Wetteren,42025,2020-09-05,2,160
Wetteren,42025,2020-09-06,1,161
Wetteren,42025,2020-09-07,0,161
Wetteren,42025,2020-09-08,0,161
Wetteren,42025,2020-09-09,0,161
Wetteren,42025,2020-09-10,2,163
Wetteren,42025,2020-09-11,0,163
Wetteren,42025,2020-09-12,0,163
Wetteren,42025,2020-09-13,0,163
Wetteren,42025,2020-09-14,0,163
Wetteren,42025,2020-09-15,0,163
Wetteren,42025,2020-09-16,3,166
Wetteren,42025,2020-09-17,0,166
Wetteren,42025,2020-09-18,1,167
Wetteren,42025,2020-09-19,1,168
Wetteren,42025,2020-09-20,2,170
Wetteren,42025,2020-09-21,3,173
Wetteren,42025,2020-09-22,0,173
Wetteren,42025,2020-09-23,4,177
Wetteren,42025,2020-09-24,12,189
Wetteren,42025,2020-09-25,5,194
Wetteren,42025,2020-09-26,3,197
Wetteren,42025,2020-09-27,6,203
Wetteren,42025,2020-09-28,4,207
Wetteren,42025,2020-09-29,0,207
Wetteren,42025,2020-09-30,5,212
Wetteren,42025,2020-10-01,1,213
Wetteren,42025,2020-10-02,2,215
Wetteren,42025,2020-10-03,5,220
Wetteren,42025,2020-10-04,1,221
Wetteren,42025,2020-10-05,3,224
Wetteren,42025,2020-10-06,0,224
Wetteren,42025,2020-10-07,2,226
Wetteren,42025,2020-10-08,2,228
Wetteren,42025,2020-10-09,5,233
Wetteren,42025,2020-10-10,7,240
Wetteren,42025,2020-10-11,4,244
Wetteren,42025,2020-10-12,2,246
Wetteren,42025,2020-10-13,1,247
Wetteren,42025,2020-10-14,4,251
Wetteren,42025,2020-10-15,3,254
Wetteren,42025,2020-10-16,7,261
Wetteren,42025,2020-10-17,6,267
Wetteren,42025,2020-10-18,4,271
Wetteren,42025,2020-10-19,15,286
Wetteren,42025,2020-10-20,13,299
Wetteren,42025,2020-10-21,12,311
Wetteren,42025,2020-10-22,18,329
Wetteren,42025,2020-10-23,21,350
Wetteren,42025,2020-10-24,16,366
Wetteren,42025,2020-10-25,25,391
Wetteren,42025,2020-10-26,22,413
Wetteren,42025,2020-10-27,22,435
Wetteren,42025,2020-10-28,11,446
Wetteren,42025,2020-10-29,45,491
Wetteren,42025,2020-10-30,36,527
Wetteren,42025,2020-10-31,31,558
Wetteren,42025,2020-11-01,34,592
Wetteren,42025,2020-11-02,20,612
Wetteren,42025,2020-11-03,11,623
Wetteren,42025,2020-11-04,13,636
Wetteren,42025,2020-11-05,58,694
Wetteren,42025,2020-11-06,26,720
Wetteren,42025,2020-11-07,11,731
Wetteren,42025,2020-11-08,23,754
Wetteren,42025,2020-11-09,16,770
Wetteren,42025,2020-11-10,10,780
Wetteren,42025,2020-11-11,10,790
Wichelen,42026,2020-04-01,6,47
Wichelen,42026,2020-04-02,5,52
Wichelen,42026,2020-04-03,4,56
Wichelen,42026,2020-04-04,3,59
Wichelen,42026,2020-04-05,0,59
Wichelen,42026,2020-04-06,3,62
Wichelen,42026,2020-04-07,2,64
Wichelen,42026,2020-04-08,1,65
Wichelen,42026,2020-04-09,5,70
Wichelen,42026,2020-04-10,2,72
Wichelen,42026,2020-04-11,1,73
Wichelen,42026,2020-04-12,1,74
Wichelen,42026,2020-04-13,1,75
Wichelen,42026,2020-04-14,0,75
Wichelen,42026,2020-04-15,5,80
Wichelen,42026,2020-04-16,7,87
Wichelen,42026,2020-04-17,1,88
Wichelen,42026,2020-04-18,1,89
Wichelen,42026,2020-04-19,1,90
Wichelen,42026,2020-04-20,0,90
Wichelen,42026,2020-04-21,0,90
Wichelen,42026,2020-04-22,0,90
Wichelen,42026,2020-04-23,1,91
Wichelen,42026,2020-04-24,1,92
Wichelen,42026,2020-04-25,1,93
Wichelen,42026,2020-04-26,0,93
Wichelen,42026,2020-04-27,2,95
Wichelen,42026,2020-04-28,0,95
Wichelen,42026,2020-04-29,1,96
Wichelen,42026,2020-04-30,1,97
Wichelen,42026,2020-05-01,0,97
Wichelen,42026,2020-05-02,0,97
Wichelen,42026,2020-05-03,0,97
Wichelen,42026,2020-05-04,0,97
Wichelen,42026,2020-05-05,0,97
Wichelen,42026,2020-05-06,0,97
Wichelen,42026,2020-05-07,0,97
Wichelen,42026,2020-05-08,0,97
Wichelen,42026,2020-05-09,0,97
Wichelen,42026,2020-05-10,0,97
Wichelen,42026,2020-05-11,0,97
Wichelen,42026,2020-05-12,0,97
Wichelen,42026,2020-05-13,0,97
Wichelen,42026,2020-05-14,0,97
Wichelen,42026,2020-05-15,0,97
Wichelen,42026,2020-05-16,0,97
Wichelen,42026,2020-05-17,0,97
Wichelen,42026,2020-05-18,0,97
Wichelen,42026,2020-05-19,0,97
Wichelen,42026,2020-05-20,0,97
Wichelen,42026,2020-05-21,1,98
Wichelen,42026,2020-05-22,0,98
Wichelen,42026,2020-05-23,0,98
Wichelen,42026,2020-05-24,1,99
Wichelen,42026,2020-05-25,0,99
Wichelen,42026,2020-05-26,0,99
Wichelen,42026,2020-05-27,0,99
Wichelen,42026,2020-05-28,1,100
Wichelen,42026,2020-05-29,0,100
Wichelen,42026,2020-05-30,0,100
Wichelen,42026,2020-05-31,0,100
Wichelen,42026,2020-06-01,0,100
Wichelen,42026,2020-06-02,0,100
Wichelen,42026,2020-06-03,0,100
Wichelen,42026,2020-06-04,0,100
Wichelen,42026,2020-06-05,0,100
Wichelen,42026,2020-06-06,0,100
Wichelen,42026,2020-06-07,0,100
Wichelen,42026,2020-06-08,0,100
Wichelen,42026,2020-06-09,0,100
Wichelen,42026,2020-06-10,0,100
Wichelen,42026,2020-06-11,0,100
Wichelen,42026,2020-06-12,0,100
Wichelen,42026,2020-06-13,0,100
Wichelen,42026,2020-06-14,0,100
Wichelen,42026,2020-06-15,0,100
Wichelen,42026,2020-06-16,0,100
Wichelen,42026,2020-06-17,0,100
Wichelen,42026,2020-06-18,0,100
Wichelen,42026,2020-06-19,0,100
Wichelen,42026,2020-06-20,0,100
Wichelen,42026,2020-06-23,0,100
Wichelen,42026,2020-06-24,0,100
Wichelen,42026,2020-06-25,0,100
Wichelen,42026,2020-06-26,0,100
Wichelen,42026,2020-06-27,0,100
Wichelen,42026,2020-06-30,0,100
Wichelen,42026,2020-07-01,0,100
Wichelen,42026,2020-07-02,0,100
Wichelen,42026,2020-07-03,0,100
Wichelen,42026,2020-07-04,0,100
Wichelen,42026,2020-07-07,0,100
Wichelen,42026,2020-07-08,0,100
Wichelen,42026,2020-07-09,0,100
Wichelen,42026,2020-07-10,1,101
Wichelen,42026,2020-07-11,0,101
Wichelen,42026,2020-07-14,0,101
Wichelen,42026,2020-07-15,0,101
Wichelen,42026,2020-07-16,0,101
Wichelen,42026,2020-07-17,0,101
Wichelen,42026,2020-07-18,0,101
Wichelen,42026,2020-07-20,0,101
Wichelen,42026,2020-07-21,0,101
Wichelen,42026,2020-07-22,0,101
Wichelen,42026,2020-07-23,2,103
Wichelen,42026,2020-07-24,0,103
Wichelen,42026,2020-07-25,0,103
Wichelen,42026,2020-07-26,0,103
Wichelen,42026,2020-07-27,0,103
Wichelen,42026,2020-07-28,0,103
Wichelen,42026,2020-07-29,0,103
Wichelen,42026,2020-07-30,0,103
Wichelen,42026,2020-07-31,0,103
Wichelen,42026,2020-08-01,0,103
Wichelen,42026,2020-08-02,0,103
Wichelen,42026,2020-08-03,0,103
Wichelen,42026,2020-08-04,0,103
Wichelen,42026,2020-08-05,0,103
Wichelen,42026,2020-08-06,0,103
Wichelen,42026,2020-08-07,0,103
Wichelen,42026,2020-08-08,0,103
Wichelen,42026,2020-08-09,0,103
Wichelen,42026,2020-08-10,0,103
Wichelen,42026,2020-08-11,0,103
Wichelen,42026,2020-08-12,0,103
Wichelen,42026,2020-08-13,1,104
Wichelen,42026,2020-08-14,1,105
Wichelen,42026,2020-08-15,0,105
Wichelen,42026,2020-08-16,0,105
Wichelen,42026,2020-08-17,0,105
Wichelen,42026,2020-08-18,0,105
Wichelen,42026,2020-08-19,0,105
Wichelen,42026,2020-08-20,0,105
Wichelen,42026,2020-08-21,0,105
Wichelen,42026,2020-08-22,0,105
Wichelen,42026,2020-08-23,0,105
Wichelen,42026,2020-08-24,0,105
Wichelen,42026,2020-08-25,0,105
Wichelen,42026,2020-08-26,0,105
Wichelen,42026,2020-08-27,0,105
Wichelen,42026,2020-08-28,0,105
Wichelen,42026,2020-08-29,0,105
Wichelen,42026,2020-08-30,0,105
Wichelen,42026,2020-08-31,0,105
Wichelen,42026,2020-09-01,0,105
Wichelen,42026,2020-09-02,0,105
Wichelen,42026,2020-09-03,0,105
Wichelen,42026,2020-09-04,0,105
Wichelen,42026,2020-09-05,0,105
Wichelen,42026,2020-09-06,0,105
Wichelen,42026,2020-09-07,0,105
Wichelen,42026,2020-09-08,1,106
Wichelen,42026,2020-09-09,0,106
Wichelen,42026,2020-09-10,0,106
Wichelen,42026,2020-09-11,0,106
Wichelen,42026,2020-09-12,0,106
Wichelen,42026,2020-09-13,1,107
Wichelen,42026,2020-09-14,1,108
Wichelen,42026,2020-09-15,0,108
Wichelen,42026,2020-09-16,0,108
Wichelen,42026,2020-09-17,2,110
Wichelen,42026,2020-09-18,1,111
Wichelen,42026,2020-09-19,0,111
Wichelen,42026,2020-09-20,0,111
Wichelen,42026,2020-09-21,0,111
Wichelen,42026,2020-09-22,0,111
Wichelen,42026,2020-09-23,0,111
Wichelen,42026,2020-09-24,0,111
Wichelen,42026,2020-09-25,0,111
Wichelen,42026,2020-09-26,1,112
Wichelen,42026,2020-09-27,1,113
Wichelen,42026,2020-09-28,1,114
Wichelen,42026,2020-09-29,0,114
Wichelen,42026,2020-09-30,3,117
Wichelen,42026,2020-10-01,0,117
Wichelen,42026,2020-10-02,0,117
Wichelen,42026,2020-10-03,0,117
Wichelen,42026,2020-10-04,3,120
Wichelen,42026,2020-10-05,0,120
Wichelen,42026,2020-10-06,0,120
Wichelen,42026,2020-10-07,2,122
Wichelen,42026,2020-10-08,2,124
Wichelen,42026,2020-10-09,2,126
Wichelen,42026,2020-10-10,0,126
Wichelen,42026,2020-10-11,4,130
Wichelen,42026,2020-10-12,0,130
Wichelen,42026,2020-10-13,1,131
Wichelen,42026,2020-10-14,2,133
Wichelen,42026,2020-10-15,3,136
Wichelen,42026,2020-10-16,6,142
Wichelen,42026,2020-10-17,4,146
Wichelen,42026,2020-10-18,2,148
Wichelen,42026,2020-10-19,4,152
Wichelen,42026,2020-10-20,3,155
Wichelen,42026,2020-10-21,8,163
Wichelen,42026,2020-10-22,6,169
Wichelen,42026,2020-10-23,6,175
Wichelen,42026,2020-10-24,10,185
Wichelen,42026,2020-10-25,6,191
Wichelen,42026,2020-10-26,7,198
Wichelen,42026,2020-10-27,11,209
Wichelen,42026,2020-10-28,4,213
Wichelen,42026,2020-10-29,20,233
Wichelen,42026,2020-10-30,13,246
Wichelen,42026,2020-10-31,15,261
Wichelen,42026,2020-11-01,19,280
Wichelen,42026,2020-11-02,4,284
Wichelen,42026,2020-11-03,6,290
Wichelen,42026,2020-11-04,4,294
Wichelen,42026,2020-11-05,13,307
Wichelen,42026,2020-11-06,8,315
Wichelen,42026,2020-11-07,6,321
Wichelen,42026,2020-11-08,13,334
Wichelen,42026,2020-11-09,9,343
Wichelen,42026,2020-11-10,1,344
Wichelen,42026,2020-11-11,3,347
Zele,42028,2020-04-01,0,11
Zele,42028,2020-04-02,2,13
Zele,42028,2020-04-03,2,15
Zele,42028,2020-04-04,3,18
Zele,42028,2020-04-05,3,21
Zele,42028,2020-04-06,6,27
Zele,42028,2020-04-07,2,29
Zele,42028,2020-04-08,2,31
Zele,42028,2020-04-09,6,37
Zele,42028,2020-04-10,3,40
Zele,42028,2020-04-11,16,56
Zele,42028,2020-04-12,4,60
Zele,42028,2020-04-13,2,62
Zele,42028,2020-04-14,0,62
Zele,42028,2020-04-15,2,64
Zele,42028,2020-04-16,2,66
Zele,42028,2020-04-17,0,66
Zele,42028,2020-04-18,1,67
Zele,42028,2020-04-19,1,68
Zele,42028,2020-04-20,3,71
Zele,42028,2020-04-21,0,71
Zele,42028,2020-04-22,1,72
Zele,42028,2020-04-23,3,75
Zele,42028,2020-04-24,1,76
Zele,42028,2020-04-25,0,76
Zele,42028,2020-04-26,3,79
Zele,42028,2020-04-27,6,85
Zele,42028,2020-04-28,0,85
Zele,42028,2020-04-29,1,86
Zele,42028,2020-04-30,4,90
Zele,42028,2020-05-01,0,90
Zele,42028,2020-05-02,4,94
Zele,42028,2020-05-03,1,95
Zele,42028,2020-05-04,0,95
Zele,42028,2020-05-05,0,95
Zele,42028,2020-05-06,1,96
Zele,42028,2020-05-07,0,96
Zele,42028,2020-05-08,2,98
Zele,42028,2020-05-09,4,102
Zele,42028,2020-05-10,0,102
Zele,42028,2020-05-11,0,102
Zele,42028,2020-05-12,0,102
Zele,42028,2020-05-13,0,102
Zele,42028,2020-05-14,4,106
Zele,42028,2020-05-15,0,106
Zele,42028,2020-05-16,3,109
Zele,42028,2020-05-17,3,112
Zele,42028,2020-05-18,1,113
Zele,42028,2020-05-19,1,114
Zele,42028,2020-05-20,1,115
Zele,42028,2020-05-21,0,115
Zele,42028,2020-05-22,2,117
Zele,42028,2020-05-23,5,122
Zele,42028,2020-05-24,0,122
Zele,42028,2020-05-25,0,122
Zele,42028,2020-05-26,0,122
Zele,42028,2020-05-27,0,122
Zele,42028,2020-05-28,0,122
Zele,42028,2020-05-29,0,122
Zele,42028,2020-05-30,1,123
Zele,42028,2020-05-31,1,124
Zele,42028,2020-06-01,1,125
Zele,42028,2020-06-02,0,125
Zele,42028,2020-06-03,1,126
Zele,42028,2020-06-04,0,126
Zele,42028,2020-06-05,1,127
Zele,42028,2020-06-06,0,127
Zele,42028,2020-06-07,0,127
Zele,42028,2020-06-08,1,128
Zele,42028,2020-06-09,0,128
Zele,42028,2020-06-10,0,128
Zele,42028,2020-06-11,0,128
Zele,42028,2020-06-12,0,128
Zele,42028,2020-06-13,0,128
Zele,42028,2020-06-14,0,128
Zele,42028,2020-06-15,1,129
Zele,42028,2020-06-16,0,129
Zele,42028,2020-06-17,0,129
Zele,42028,2020-06-18,0,129
Zele,42028,2020-06-19,0,129
Zele,42028,2020-06-20,0,129
Zele,42028,2020-06-23,0,129
Zele,42028,2020-06-24,0,129
Zele,42028,2020-06-25,0,129
Zele,42028,2020-06-26,0,129
Zele,42028,2020-06-27,0,129
Zele,42028,2020-06-30,1,130
Zele,42028,2020-07-01,0,130
Zele,42028,2020-07-02,0,130
Zele,42028,2020-07-03,0,130
Zele,42028,2020-07-04,1,131
Zele,42028,2020-07-07,0,131
Zele,42028,2020-07-08,0,131
Zele,42028,2020-07-09,0,131
Zele,42028,2020-07-10,1,132
Zele,42028,2020-07-11,0,132
Zele,42028,2020-07-14,0,132
Zele,42028,2020-07-15,0,132
Zele,42028,2020-07-16,0,132
Zele,42028,2020-07-17,0,132
Zele,42028,2020-07-18,0,132
Zele,42028,2020-07-20,0,132
Zele,42028,2020-07-21,0,132
Zele,42028,2020-07-22,0,132
Zele,42028,2020-07-23,1,133
Zele,42028,2020-07-24,0,133
Zele,42028,2020-07-25,0,133
Zele,42028,2020-07-26,0,133
Zele,42028,2020-07-27,1,134
Zele,42028,2020-07-28,0,134
Zele,42028,2020-07-29,0,134
Zele,42028,2020-07-30,1,135
Zele,42028,2020-07-31,3,138
Zele,42028,2020-08-01,0,138
Zele,42028,2020-08-02,0,138
Zele,42028,2020-08-03,2,140
Zele,42028,2020-08-04,0,140
Zele,42028,2020-08-05,1,141
Zele,42028,2020-08-06,0,141
Zele,42028,2020-08-07,3,144
Zele,42028,2020-08-08,0,144
Zele,42028,2020-08-09,1,145
Zele,42028,2020-08-10,4,149
Zele,42028,2020-08-11,0,149
Zele,42028,2020-08-12,1,150
Zele,42028,2020-08-13,1,151
Zele,42028,2020-08-14,1,152
Zele,42028,2020-08-15,6,158
Zele,42028,2020-08-16,0,158
Zele,42028,2020-08-17,0,158
Zele,42028,2020-08-18,0,158
Zele,42028,2020-08-19,1,159
Zele,42028,2020-08-20,0,159
Zele,42028,2020-08-21,0,159
Zele,42028,2020-08-22,0,159
Zele,42028,2020-08-23,0,159
Zele,42028,2020-08-24,0,159
Zele,42028,2020-08-25,0,159
Zele,42028,2020-08-26,0,159
Zele,42028,2020-08-27,0,159
Zele,42028,2020-08-28,0,159
Zele,42028,2020-08-29,0,159
Zele,42028,2020-08-30,0,159
Zele,42028,2020-08-31,0,159
Zele,42028,2020-09-01,1,160
Zele,42028,2020-09-02,0,160
Zele,42028,2020-09-03,0,160
Zele,42028,2020-09-04,0,160
Zele,42028,2020-09-05,0,160
Zele,42028,2020-09-06,1,161
Zele,42028,2020-09-07,0,161
Zele,42028,2020-09-08,1,162
Zele,42028,2020-09-09,2,164
Zele,42028,2020-09-10,1,165
Zele,42028,2020-09-11,6,171
Zele,42028,2020-09-12,5,176
Zele,42028,2020-09-13,1,177
Zele,42028,2020-09-14,3,180
Zele,42028,2020-09-15,2,182
Zele,42028,2020-09-16,3,185
Zele,42028,2020-09-17,1,186
Zele,42028,2020-09-18,2,188
Zele,42028,2020-09-19,0,188
Zele,42028,2020-09-20,5,193
Zele,42028,2020-09-21,5,198
Zele,42028,2020-09-22,0,198
Zele,42028,2020-09-23,0,198
Zele,42028,2020-09-24,1,199
Zele,42028,2020-09-25,3,202
Zele,42028,2020-09-26,3,205
Zele,42028,2020-09-27,2,207
Zele,42028,2020-09-28,4,211
Zele,42028,2020-09-29,4,215
Zele,42028,2020-09-30,1,216
Zele,42028,2020-10-01,1,217
Zele,42028,2020-10-02,4,221
Zele,42028,2020-10-03,5,226
Zele,42028,2020-10-04,5,231
Zele,42028,2020-10-05,1,232
Zele,42028,2020-10-06,0,232
Zele,42028,2020-10-07,3,235
Zele,42028,2020-10-08,7,242
Zele,42028,2020-10-09,7,249
Zele,42028,2020-10-10,4,253
Zele,42028,2020-10-11,13,266
Zele,42028,2020-10-12,8,274
Zele,42028,2020-10-13,10,284
Zele,42028,2020-10-14,11,295
Zele,42028,2020-10-15,10,305
Zele,42028,2020-10-16,10,315
Zele,42028,2020-10-17,9,324
Zele,42028,2020-10-18,14,338
Zele,42028,2020-10-19,6,344
Zele,42028,2020-10-20,3,347
Zele,42028,2020-10-21,8,355
Zele,42028,2020-10-22,6,361
Zele,42028,2020-10-23,43,404
Zele,42028,2020-10-24,26,430
Zele,42028,2020-10-25,29,459
Zele,42028,2020-10-26,20,479
Zele,42028,2020-10-27,22,501
Zele,42028,2020-10-28,26,527
Zele,42028,2020-10-29,38,565
Zele,42028,2020-10-30,24,589
Zele,42028,2020-10-31,31,620
Zele,42028,2020-11-01,17,637
Zele,42028,2020-11-02,22,659
Zele,42028,2020-11-03,6,665
Zele,42028,2020-11-04,18,683
Zele,42028,2020-11-05,12,695
Zele,42028,2020-11-06,12,707
Zele,42028,2020-11-07,12,719
Zele,42028,2020-11-08,16,735
Zele,42028,2020-11-09,2,737
Zele,42028,2020-11-10,1,738
Zele,42028,2020-11-11,1,739
Assenede,43002,2020-04-01,0,9
Assenede,43002,2020-04-02,7,16
Assenede,43002,2020-04-03,7,23
Assenede,43002,2020-04-04,0,23
Assenede,43002,2020-04-05,0,23
Assenede,43002,2020-04-06,0,23
Assenede,43002,2020-04-07,2,25
Assenede,43002,2020-04-08,2,27
Assenede,43002,2020-04-09,5,32
Assenede,43002,2020-04-10,3,35
Assenede,43002,2020-04-11,4,39
Assenede,43002,2020-04-12,4,43
Assenede,43002,2020-04-13,2,45
Assenede,43002,2020-04-14,3,48
Assenede,43002,2020-04-15,2,50
Assenede,43002,2020-04-16,0,50
Assenede,43002,2020-04-17,2,52
Assenede,43002,2020-04-18,2,54
Assenede,43002,2020-04-19,11,65
Assenede,43002,2020-04-20,6,71
Assenede,43002,2020-04-21,0,71
Assenede,43002,2020-04-22,0,71
Assenede,43002,2020-04-23,1,72
Assenede,43002,2020-04-24,2,74
Assenede,43002,2020-04-25,2,76
Assenede,43002,2020-04-26,0,76
Assenede,43002,2020-04-27,0,76
Assenede,43002,2020-04-28,0,76
Assenede,43002,2020-04-29,0,76
Assenede,43002,2020-04-30,1,77
Assenede,43002,2020-05-01,0,77
Assenede,43002,2020-05-02,0,77
Assenede,43002,2020-05-03,0,77
Assenede,43002,2020-05-04,0,77
Assenede,43002,2020-05-05,0,77
Assenede,43002,2020-05-06,0,77
Assenede,43002,2020-05-07,0,77
Assenede,43002,2020-05-08,2,79
Assenede,43002,2020-05-09,2,81
Assenede,43002,2020-05-10,1,82
Assenede,43002,2020-05-11,0,82
Assenede,43002,2020-05-12,0,82
Assenede,43002,2020-05-13,0,82
Assenede,43002,2020-05-14,0,82
Assenede,43002,2020-05-15,0,82
Assenede,43002,2020-05-16,0,82
Assenede,43002,2020-05-17,0,82
Assenede,43002,2020-05-18,0,82
Assenede,43002,2020-05-19,0,82
Assenede,43002,2020-05-20,0,82
Assenede,43002,2020-05-21,0,82
Assenede,43002,2020-05-22,0,82
Assenede,43002,2020-05-23,0,82
Assenede,43002,2020-05-24,0,82
Assenede,43002,2020-05-25,0,82
Assenede,43002,2020-05-26,0,82
Assenede,43002,2020-05-27,0,82
Assenede,43002,2020-05-28,0,82
Assenede,43002,2020-05-29,1,83
Assenede,43002,2020-05-30,1,84
Assenede,43002,2020-05-31,1,85
Assenede,43002,2020-06-01,0,85
Assenede,43002,2020-06-02,0,85
Assenede,43002,2020-06-03,0,85
Assenede,43002,2020-06-04,0,85
Assenede,43002,2020-06-05,1,86
Assenede,43002,2020-06-06,1,87
Assenede,43002,2020-06-07,0,87
Assenede,43002,2020-06-08,0,87
Assenede,43002,2020-06-09,0,87
Assenede,43002,2020-06-10,0,87
Assenede,43002,2020-06-11,0,87
Assenede,43002,2020-06-12,0,87
Assenede,43002,2020-06-13,0,87
Assenede,43002,2020-06-14,0,87
Assenede,43002,2020-06-15,0,87
Assenede,43002,2020-06-16,0,87
Assenede,43002,2020-06-17,0,87
Assenede,43002,2020-06-18,0,87
Assenede,43002,2020-06-19,0,87
Assenede,43002,2020-06-20,0,87
Assenede,43002,2020-06-23,0,87
Assenede,43002,2020-06-24,0,87
Assenede,43002,2020-06-25,0,87
Assenede,43002,2020-06-26,0,87
Assenede,43002,2020-06-27,0,87
Assenede,43002,2020-06-30,0,87
Assenede,43002,2020-07-01,0,87
Assenede,43002,2020-07-02,0,87
Assenede,43002,2020-07-03,0,87
Assenede,43002,2020-07-04,0,87
Assenede,43002,2020-07-07,0,87
Assenede,43002,2020-07-08,0,87
Assenede,43002,2020-07-09,0,87
Assenede,43002,2020-07-10,0,87
Assenede,43002,2020-07-11,0,87
Assenede,43002,2020-07-14,0,87
Assenede,43002,2020-07-15,0,87
Assenede,43002,2020-07-16,0,87
Assenede,43002,2020-07-17,0,87
Assenede,43002,2020-07-18,0,87
Assenede,43002,2020-07-20,0,87
Assenede,43002,2020-07-21,0,87
Assenede,43002,2020-07-22,0,87
Assenede,43002,2020-07-23,2,89
Assenede,43002,2020-07-24,0,89
Assenede,43002,2020-07-25,0,89
Assenede,43002,2020-07-26,0,89
Assenede,43002,2020-07-27,0,89
Assenede,43002,2020-07-28,1,90
Assenede,43002,2020-07-29,1,91
Assenede,43002,2020-07-30,1,92
Assenede,43002,2020-07-31,0,92
Assenede,43002,2020-08-01,0,92
Assenede,43002,2020-08-02,0,92
Assenede,43002,2020-08-03,0,92
Assenede,43002,2020-08-04,0,92
Assenede,43002,2020-08-05,0,92
Assenede,43002,2020-08-06,0,92
Assenede,43002,2020-08-07,1,93
Assenede,43002,2020-08-08,0,93
Assenede,43002,2020-08-09,1,94
Assenede,43002,2020-08-10,0,94
Assenede,43002,2020-08-11,0,94
Assenede,43002,2020-08-12,1,95
Assenede,43002,2020-08-13,0,95
Assenede,43002,2020-08-14,0,95
Assenede,43002,2020-08-15,0,95
Assenede,43002,2020-08-16,0,95
Assenede,43002,2020-08-17,0,95
Assenede,43002,2020-08-18,0,95
Assenede,43002,2020-08-19,3,98
Assenede,43002,2020-08-20,0,98
Assenede,43002,2020-08-21,0,98
Assenede,43002,2020-08-22,0,98
Assenede,43002,2020-08-23,0,98
Assenede,43002,2020-08-24,0,98
Assenede,43002,2020-08-25,0,98
Assenede,43002,2020-08-26,2,100
Assenede,43002,2020-08-27,0,100
Assenede,43002,2020-08-28,1,101
Assenede,43002,2020-08-29,1,102
Assenede,43002,2020-08-30,0,102
Assenede,43002,2020-08-31,0,102
Assenede,43002,2020-09-01,0,102
Assenede,43002,2020-09-02,0,102
Assenede,43002,2020-09-03,0,102
Assenede,43002,2020-09-04,0,102
Assenede,43002,2020-09-05,0,102
Assenede,43002,2020-09-06,0,102
Assenede,43002,2020-09-07,0,102
Assenede,43002,2020-09-08,0,102
Assenede,43002,2020-09-09,0,102
Assenede,43002,2020-09-10,0,102
Assenede,43002,2020-09-11,1,103
Assenede,43002,2020-09-12,1,104
Assenede,43002,2020-09-13,0,104
Assenede,43002,2020-09-14,0,104
Assenede,43002,2020-09-15,1,105
Assenede,43002,2020-09-16,1,106
Assenede,43002,2020-09-17,0,106
Assenede,43002,2020-09-18,0,106
Assenede,43002,2020-09-19,0,106
Assenede,43002,2020-09-20,0,106
Assenede,43002,2020-09-21,2,108
Assenede,43002,2020-09-22,0,108
Assenede,43002,2020-09-23,1,109
Assenede,43002,2020-09-24,0,109
Assenede,43002,2020-09-25,0,109
Assenede,43002,2020-09-26,0,109
Assenede,43002,2020-09-27,0,109
Assenede,43002,2020-09-28,0,109
Assenede,43002,2020-09-29,0,109
Assenede,43002,2020-09-30,0,109
Assenede,43002,2020-10-01,0,109
Assenede,43002,2020-10-02,2,111
Assenede,43002,2020-10-03,0,111
Assenede,43002,2020-10-04,1,112
Assenede,43002,2020-10-05,0,112
Assenede,43002,2020-10-06,0,112
Assenede,43002,2020-10-07,0,112
Assenede,43002,2020-10-08,1,113
Assenede,43002,2020-10-09,1,114
Assenede,43002,2020-10-10,5,119
Assenede,43002,2020-10-11,0,119
Assenede,43002,2020-10-12,3,122
Assenede,43002,2020-10-13,2,124
Assenede,43002,2020-10-14,1,125
Assenede,43002,2020-10-15,3,128
Assenede,43002,2020-10-16,3,131
Assenede,43002,2020-10-17,2,133
Assenede,43002,2020-10-18,3,136
Assenede,43002,2020-10-19,3,139
Assenede,43002,2020-10-20,0,139
Assenede,43002,2020-10-21,0,139
Assenede,43002,2020-10-22,5,144
Assenede,43002,2020-10-23,5,149
Assenede,43002,2020-10-24,11,160
Assenede,43002,2020-10-25,9,169
Assenede,43002,2020-10-26,10,179
Assenede,43002,2020-10-27,7,186
Assenede,43002,2020-10-28,6,192
Assenede,43002,2020-10-29,10,202
Assenede,43002,2020-10-30,7,209
Assenede,43002,2020-10-31,8,217
Assenede,43002,2020-11-01,14,231
Assenede,43002,2020-11-02,14,245
Assenede,43002,2020-11-03,1,246
Assenede,43002,2020-11-04,5,251
Assenede,43002,2020-11-05,10,261
Assenede,43002,2020-11-06,3,264
Assenede,43002,2020-11-07,8,272
Assenede,43002,2020-11-08,2,274
Assenede,43002,2020-11-09,3,277
Assenede,43002,2020-11-10,2,279
Assenede,43002,2020-11-11,1,280
Eeklo,43005,2020-04-01,0,15
Eeklo,43005,2020-04-02,1,16
Eeklo,43005,2020-04-03,1,17
Eeklo,43005,2020-04-04,3,20
Eeklo,43005,2020-04-05,3,23
Eeklo,43005,2020-04-06,2,25
Eeklo,43005,2020-04-07,1,26
Eeklo,43005,2020-04-08,0,26
Eeklo,43005,2020-04-09,2,28
Eeklo,43005,2020-04-10,3,31
Eeklo,43005,2020-04-11,1,32
Eeklo,43005,2020-04-12,0,32
Eeklo,43005,2020-04-13,3,35
Eeklo,43005,2020-04-14,3,38
Eeklo,43005,2020-04-15,3,41
Eeklo,43005,2020-04-16,0,41
Eeklo,43005,2020-04-17,1,42
Eeklo,43005,2020-04-18,1,43
Eeklo,43005,2020-04-19,0,43
Eeklo,43005,2020-04-20,1,44
Eeklo,43005,2020-04-21,0,44
Eeklo,43005,2020-04-22,0,44
Eeklo,43005,2020-04-23,0,44
Eeklo,43005,2020-04-24,0,44
Eeklo,43005,2020-04-25,1,45
Eeklo,43005,2020-04-26,0,45
Eeklo,43005,2020-04-27,0,45
Eeklo,43005,2020-04-28,0,45
Eeklo,43005,2020-04-29,0,45
Eeklo,43005,2020-04-30,0,45
Eeklo,43005,2020-05-01,0,45
Eeklo,43005,2020-05-02,0,45
Eeklo,43005,2020-05-03,1,46
Eeklo,43005,2020-05-04,1,47
Eeklo,43005,2020-05-05,0,47
Eeklo,43005,2020-05-06,0,47
Eeklo,43005,2020-05-07,1,48
Eeklo,43005,2020-05-08,1,49
Eeklo,43005,2020-05-09,5,54
Eeklo,43005,2020-05-10,2,56
Eeklo,43005,2020-05-11,1,57
Eeklo,43005,2020-05-12,3,60
Eeklo,43005,2020-05-13,0,60
Eeklo,43005,2020-05-14,9,69
Eeklo,43005,2020-05-15,4,73
Eeklo,43005,2020-05-16,0,73
Eeklo,43005,2020-05-17,0,73
Eeklo,43005,2020-05-18,0,73
Eeklo,43005,2020-05-19,0,73
Eeklo,43005,2020-05-20,2,75
Eeklo,43005,2020-05-21,2,77
Eeklo,43005,2020-05-22,2,79
Eeklo,43005,2020-05-23,0,79
Eeklo,43005,2020-05-24,0,79
Eeklo,43005,2020-05-25,1,80
Eeklo,43005,2020-05-26,0,80
Eeklo,43005,2020-05-27,0,80
Eeklo,43005,2020-05-28,0,80
Eeklo,43005,2020-05-29,0,80
Eeklo,43005,2020-05-30,0,80
Eeklo,43005,2020-05-31,1,81
Eeklo,43005,2020-06-01,0,81
Eeklo,43005,2020-06-02,0,81
Eeklo,43005,2020-06-03,1,82
Eeklo,43005,2020-06-04,0,82
Eeklo,43005,2020-06-05,0,82
Eeklo,43005,2020-06-06,0,82
Eeklo,43005,2020-06-07,0,82
Eeklo,43005,2020-06-08,0,82
Eeklo,43005,2020-06-09,0,82
Eeklo,43005,2020-06-10,0,82
Eeklo,43005,2020-06-11,0,82
Eeklo,43005,2020-06-12,0,82
Eeklo,43005,2020-06-13,0,82
Eeklo,43005,2020-06-14,1,83
Eeklo,43005,2020-06-15,0,83
Eeklo,43005,2020-06-16,0,83
Eeklo,43005,2020-06-17,0,83
Eeklo,43005,2020-06-18,0,83
Eeklo,43005,2020-06-19,0,83
Eeklo,43005,2020-06-20,0,83
Eeklo,43005,2020-06-23,0,83
Eeklo,43005,2020-06-24,0,83
Eeklo,43005,2020-06-25,0,83
Eeklo,43005,2020-06-26,0,83
Eeklo,43005,2020-06-27,0,83
Eeklo,43005,2020-06-30,0,83
Eeklo,43005,2020-07-01,0,83
Eeklo,43005,2020-07-02,0,83
Eeklo,43005,2020-07-03,0,83
Eeklo,43005,2020-07-04,0,83
Eeklo,43005,2020-07-07,0,83
Eeklo,43005,2020-07-08,0,83
Eeklo,43005,2020-07-09,0,83
Eeklo,43005,2020-07-10,0,83
Eeklo,43005,2020-07-11,0,83
Eeklo,43005,2020-07-14,0,83
Eeklo,43005,2020-07-15,0,83
Eeklo,43005,2020-07-16,0,83
Eeklo,43005,2020-07-17,0,83
Eeklo,43005,2020-07-18,0,83
Eeklo,43005,2020-07-20,0,83
Eeklo,43005,2020-07-21,0,83
Eeklo,43005,2020-07-22,0,83
Eeklo,43005,2020-07-23,1,84
Eeklo,43005,2020-07-24,0,84
Eeklo,43005,2020-07-25,1,85
Eeklo,43005,2020-07-26,0,85
Eeklo,43005,2020-07-27,0,85
Eeklo,43005,2020-07-28,0,85
Eeklo,43005,2020-07-29,1,86
Eeklo,43005,2020-07-30,0,86
Eeklo,43005,2020-07-31,0,86
Eeklo,43005,2020-08-01,0,86
Eeklo,43005,2020-08-02,0,86
Eeklo,43005,2020-08-03,0,86
Eeklo,43005,2020-08-04,0,86
Eeklo,43005,2020-08-05,0,86
Eeklo,43005,2020-08-06,0,86
Eeklo,43005,2020-08-07,2,88
Eeklo,43005,2020-08-08,1,89
Eeklo,43005,2020-08-09,5,94
Eeklo,43005,2020-08-10,1,95
Eeklo,43005,2020-08-11,1,96
Eeklo,43005,2020-08-12,0,96
Eeklo,43005,2020-08-13,0,96
Eeklo,43005,2020-08-14,1,97
Eeklo,43005,2020-08-15,0,97
Eeklo,43005,2020-08-16,0,97
Eeklo,43005,2020-08-17,0,97
Eeklo,43005,2020-08-18,0,97
Eeklo,43005,2020-08-19,0,97
Eeklo,43005,2020-08-20,2,99
Eeklo,43005,2020-08-21,0,99
Eeklo,43005,2020-08-22,1,100
Eeklo,43005,2020-08-23,2,102
Eeklo,43005,2020-08-24,0,102
Eeklo,43005,2020-08-25,0,102
Eeklo,43005,2020-08-26,0,102
Eeklo,43005,2020-08-27,0,102
Eeklo,43005,2020-08-28,0,102
Eeklo,43005,2020-08-29,0,102
Eeklo,43005,2020-08-30,0,102
Eeklo,43005,2020-08-31,0,102
Eeklo,43005,2020-09-01,0,102
Eeklo,43005,2020-09-02,0,102
Eeklo,43005,2020-09-03,0,102
Eeklo,43005,2020-09-04,0,102
Eeklo,43005,2020-09-05,0,102
Eeklo,43005,2020-09-06,1,103
Eeklo,43005,2020-09-07,1,104
Eeklo,43005,2020-09-08,0,104
Eeklo,43005,2020-09-09,1,105
Eeklo,43005,2020-09-10,1,106
Eeklo,43005,2020-09-11,0,106
Eeklo,43005,2020-09-12,1,107
Eeklo,43005,2020-09-13,0,107
Eeklo,43005,2020-09-14,0,107
Eeklo,43005,2020-09-15,0,107
Eeklo,43005,2020-09-16,0,107
Eeklo,43005,2020-09-17,1,108
Eeklo,43005,2020-09-18,0,108
Eeklo,43005,2020-09-19,0,108
Eeklo,43005,2020-09-20,1,109
Eeklo,43005,2020-09-21,5,114
Eeklo,43005,2020-09-22,0,114
Eeklo,43005,2020-09-23,0,114
Eeklo,43005,2020-09-24,0,114
Eeklo,43005,2020-09-25,0,114
Eeklo,43005,2020-09-26,0,114
Eeklo,43005,2020-09-27,2,116
Eeklo,43005,2020-09-28,1,117
Eeklo,43005,2020-09-29,0,117
Eeklo,43005,2020-09-30,0,117
Eeklo,43005,2020-10-01,1,118
Eeklo,43005,2020-10-02,1,119
Eeklo,43005,2020-10-03,0,119
Eeklo,43005,2020-10-04,2,121
Eeklo,43005,2020-10-05,0,121
Eeklo,43005,2020-10-06,1,122
Eeklo,43005,2020-10-07,0,122
Eeklo,43005,2020-10-08,2,124
Eeklo,43005,2020-10-09,2,126
Eeklo,43005,2020-10-10,3,129
Eeklo,43005,2020-10-11,5,134
Eeklo,43005,2020-10-12,1,135
Eeklo,43005,2020-10-13,2,137
Eeklo,43005,2020-10-14,1,138
Eeklo,43005,2020-10-15,2,140
Eeklo,43005,2020-10-16,2,142
Eeklo,43005,2020-10-17,5,147
Eeklo,43005,2020-10-18,5,152
Eeklo,43005,2020-10-19,5,157
Eeklo,43005,2020-10-20,5,162
Eeklo,43005,2020-10-21,8,170
Eeklo,43005,2020-10-22,6,176
Eeklo,43005,2020-10-23,9,185
Eeklo,43005,2020-10-24,6,191
Eeklo,43005,2020-10-25,12,203
Eeklo,43005,2020-10-26,21,224
Eeklo,43005,2020-10-27,21,245
Eeklo,43005,2020-10-28,6,251
Eeklo,43005,2020-10-29,28,279
Eeklo,43005,2020-10-30,21,300
Eeklo,43005,2020-10-31,16,316
Eeklo,43005,2020-11-01,14,330
Eeklo,43005,2020-11-02,12,342
Eeklo,43005,2020-11-03,3,345
Eeklo,43005,2020-11-04,14,359
Eeklo,43005,2020-11-05,11,370
Eeklo,43005,2020-11-06,3,373
Eeklo,43005,2020-11-07,7,380
Eeklo,43005,2020-11-08,7,387
Eeklo,43005,2020-11-09,4,391
Eeklo,43005,2020-11-10,3,394
Eeklo,43005,2020-11-11,0,394
Kaprijke,43007,2020-04-01,0,0
Kaprijke,43007,2020-04-02,7,7
Kaprijke,43007,2020-04-03,1,8
Kaprijke,43007,2020-04-04,1,9
Kaprijke,43007,2020-04-05,0,9
Kaprijke,43007,2020-04-06,0,9
Kaprijke,43007,2020-04-07,1,10
Kaprijke,43007,2020-04-08,1,11
Kaprijke,43007,2020-04-09,0,11
Kaprijke,43007,2020-04-10,2,13
Kaprijke,43007,2020-04-11,0,13
Kaprijke,43007,2020-04-12,0,13
Kaprijke,43007,2020-04-13,1,14
Kaprijke,43007,2020-04-14,1,15
Kaprijke,43007,2020-04-15,14,29
Kaprijke,43007,2020-04-16,0,29
Kaprijke,43007,2020-04-17,1,30
Kaprijke,43007,2020-04-18,1,31
Kaprijke,43007,2020-04-19,1,32
Kaprijke,43007,2020-04-20,1,33
Kaprijke,43007,2020-04-21,0,33
Kaprijke,43007,2020-04-22,0,33
Kaprijke,43007,2020-04-23,0,33
Kaprijke,43007,2020-04-24,0,33
Kaprijke,43007,2020-04-25,0,33
Kaprijke,43007,2020-04-26,0,33
Kaprijke,43007,2020-04-27,0,33
Kaprijke,43007,2020-04-28,0,33
Kaprijke,43007,2020-04-29,0,33
Kaprijke,43007,2020-04-30,0,33
Kaprijke,43007,2020-05-01,0,33
Kaprijke,43007,2020-05-02,0,33
Kaprijke,43007,2020-05-03,0,33
Kaprijke,43007,2020-05-04,0,33
Kaprijke,43007,2020-05-05,0,33
Kaprijke,43007,2020-05-06,0,33
Kaprijke,43007,2020-05-07,0,33
Kaprijke,43007,2020-05-08,0,33
Kaprijke,43007,2020-05-09,1,34
Kaprijke,43007,2020-05-10,1,35
Kaprijke,43007,2020-05-11,0,35
Kaprijke,43007,2020-05-12,2,37
Kaprijke,43007,2020-05-13,0,37
Kaprijke,43007,2020-05-14,0,37
Kaprijke,43007,2020-05-15,0,37
Kaprijke,43007,2020-05-16,0,37
Kaprijke,43007,2020-05-17,0,37
Kaprijke,43007,2020-05-18,0,37
Kaprijke,43007,2020-05-19,0,37
Kaprijke,43007,2020-05-20,0,37
Kaprijke,43007,2020-05-21,0,37
Kaprijke,43007,2020-05-22,0,37
Kaprijke,43007,2020-05-23,0,37
Kaprijke,43007,2020-05-24,0,37
Kaprijke,43007,2020-05-25,0,37
Kaprijke,43007,2020-05-26,0,37
Kaprijke,43007,2020-05-27,0,37
Kaprijke,43007,2020-05-28,1,38
Kaprijke,43007,2020-05-29,0,38
Kaprijke,43007,2020-05-30,0,38
Kaprijke,43007,2020-05-31,0,38
Kaprijke,43007,2020-06-01,0,38
Kaprijke,43007,2020-06-02,0,38
Kaprijke,43007,2020-06-03,0,38
Kaprijke,43007,2020-06-04,0,38
Kaprijke,43007,2020-06-05,0,38
Kaprijke,43007,2020-06-06,0,38
Kaprijke,43007,2020-06-07,0,38
Kaprijke,43007,2020-06-08,0,38
Kaprijke,43007,2020-06-09,0,38
Kaprijke,43007,2020-06-10,0,38
Kaprijke,43007,2020-06-11,0,38
Kaprijke,43007,2020-06-12,0,38
Kaprijke,43007,2020-06-13,0,38
Kaprijke,43007,2020-06-14,0,38
Kaprijke,43007,2020-06-15,0,38
Kaprijke,43007,2020-06-16,0,38
Kaprijke,43007,2020-06-17,0,38
Kaprijke,43007,2020-06-18,0,38
Kaprijke,43007,2020-06-19,0,38
Kaprijke,43007,2020-06-20,0,38
Kaprijke,43007,2020-06-23,0,38
Kaprijke,43007,2020-06-24,0,38
Kaprijke,43007,2020-06-25,0,38
Kaprijke,43007,2020-06-26,0,38
Kaprijke,43007,2020-06-27,0,38
Kaprijke,43007,2020-06-30,0,38
Kaprijke,43007,2020-07-01,0,38
Kaprijke,43007,2020-07-02,0,38
Kaprijke,43007,2020-07-03,0,38
Kaprijke,43007,2020-07-04,0,38
Kaprijke,43007,2020-07-07,0,38
Kaprijke,43007,2020-07-08,0,38
Kaprijke,43007,2020-07-09,0,38
Kaprijke,43007,2020-07-10,0,38
Kaprijke,43007,2020-07-11,0,38
Kaprijke,43007,2020-07-14,0,38
Kaprijke,43007,2020-07-15,0,38
Kaprijke,43007,2020-07-16,0,38
Kaprijke,43007,2020-07-17,0,38
Kaprijke,43007,2020-07-18,0,38
Kaprijke,43007,2020-07-20,0,38
Kaprijke,43007,2020-07-21,0,38
Kaprijke,43007,2020-07-22,0,38
Kaprijke,43007,2020-07-23,0,38
Kaprijke,43007,2020-07-24,0,38
Kaprijke,43007,2020-07-25,0,38
Kaprijke,43007,2020-07-26,1,39
Kaprijke,43007,2020-07-27,0,39
Kaprijke,43007,2020-07-28,0,39
Kaprijke,43007,2020-07-29,0,39
Kaprijke,43007,2020-07-30,0,39
Kaprijke,43007,2020-07-31,0,39
Kaprijke,43007,2020-08-01,0,39
Kaprijke,43007,2020-08-02,0,39
Kaprijke,43007,2020-08-03,0,39
Kaprijke,43007,2020-08-04,0,39
Kaprijke,43007,2020-08-05,0,39
Kaprijke,43007,2020-08-06,0,39
Kaprijke,43007,2020-08-07,0,39
Kaprijke,43007,2020-08-08,0,39
Kaprijke,43007,2020-08-09,0,39
Kaprijke,43007,2020-08-10,1,40
Kaprijke,43007,2020-08-11,0,40
Kaprijke,43007,2020-08-12,0,40
Kaprijke,43007,2020-08-13,0,40
Kaprijke,43007,2020-08-14,0,40
Kaprijke,43007,2020-08-15,0,40
Kaprijke,43007,2020-08-16,0,40
Kaprijke,43007,2020-08-17,1,41
Kaprijke,43007,2020-08-18,0,41
Kaprijke,43007,2020-08-19,0,41
Kaprijke,43007,2020-08-20,0,41
Kaprijke,43007,2020-08-21,1,42
Kaprijke,43007,2020-08-22,0,42
Kaprijke,43007,2020-08-23,0,42
Kaprijke,43007,2020-08-24,0,42
Kaprijke,43007,2020-08-25,0,42
Kaprijke,43007,2020-08-26,0,42
Kaprijke,43007,2020-08-27,0,42
Kaprijke,43007,2020-08-28,0,42
Kaprijke,43007,2020-08-29,0,42
Kaprijke,43007,2020-08-30,0,42
Kaprijke,43007,2020-08-31,0,42
Kaprijke,43007,2020-09-01,0,42
Kaprijke,43007,2020-09-02,0,42
Kaprijke,43007,2020-09-03,0,42
Kaprijke,43007,2020-09-04,0,42
Kaprijke,43007,2020-09-05,0,42
Kaprijke,43007,2020-09-06,0,42
Kaprijke,43007,2020-09-07,0,42
Kaprijke,43007,2020-09-08,0,42
Kaprijke,43007,2020-09-09,0,42
Kaprijke,43007,2020-09-10,0,42
Kaprijke,43007,2020-09-11,0,42
Kaprijke,43007,2020-09-12,0,42
Kaprijke,43007,2020-09-13,0,42
Kaprijke,43007,2020-09-14,0,42
Kaprijke,43007,2020-09-15,0,42
Kaprijke,43007,2020-09-16,0,42
Kaprijke,43007,2020-09-17,0,42
Kaprijke,43007,2020-09-18,0,42
Kaprijke,43007,2020-09-19,0,42
Kaprijke,43007,2020-09-20,0,42
Kaprijke,43007,2020-09-21,1,43
Kaprijke,43007,2020-09-22,0,43
Kaprijke,43007,2020-09-23,2,45
Kaprijke,43007,2020-09-24,1,46
Kaprijke,43007,2020-09-25,0,46
Kaprijke,43007,2020-09-26,0,46
Kaprijke,43007,2020-09-27,0,46
Kaprijke,43007,2020-09-28,0,46
Kaprijke,43007,2020-09-29,0,46
Kaprijke,43007,2020-09-30,0,46
Kaprijke,43007,2020-10-01,0,46
Kaprijke,43007,2020-10-02,0,46
Kaprijke,43007,2020-10-03,0,46
Kaprijke,43007,2020-10-04,2,48
Kaprijke,43007,2020-10-05,1,49
Kaprijke,43007,2020-10-06,0,49
Kaprijke,43007,2020-10-07,1,50
Kaprijke,43007,2020-10-08,0,50
Kaprijke,43007,2020-10-09,0,50
Kaprijke,43007,2020-10-10,0,50
Kaprijke,43007,2020-10-11,1,51
Kaprijke,43007,2020-10-12,0,51
Kaprijke,43007,2020-10-13,0,51
Kaprijke,43007,2020-10-14,0,51
Kaprijke,43007,2020-10-15,0,51
Kaprijke,43007,2020-10-16,0,51
Kaprijke,43007,2020-10-17,0,51
Kaprijke,43007,2020-10-18,0,51
Kaprijke,43007,2020-10-19,0,51
Kaprijke,43007,2020-10-20,2,53
Kaprijke,43007,2020-10-21,3,56
Kaprijke,43007,2020-10-22,1,57
Kaprijke,43007,2020-10-23,2,59
Kaprijke,43007,2020-10-24,2,61
Kaprijke,43007,2020-10-25,2,63
Kaprijke,43007,2020-10-26,2,65
Kaprijke,43007,2020-10-27,4,69
Kaprijke,43007,2020-10-28,1,70
Kaprijke,43007,2020-10-29,7,77
Kaprijke,43007,2020-10-30,1,78
Kaprijke,43007,2020-10-31,2,80
Kaprijke,43007,2020-11-01,3,83
Kaprijke,43007,2020-11-02,1,84
Kaprijke,43007,2020-11-03,1,85
Kaprijke,43007,2020-11-04,1,86
Kaprijke,43007,2020-11-05,3,89
Kaprijke,43007,2020-11-06,0,89
Kaprijke,43007,2020-11-07,5,94
Kaprijke,43007,2020-11-08,2,96
Kaprijke,43007,2020-11-09,2,98
Kaprijke,43007,2020-11-10,1,99
Kaprijke,43007,2020-11-11,2,101
Maldegem,43010,2020-04-01,0,11
Maldegem,43010,2020-04-02,3,14
Maldegem,43010,2020-04-03,0,14
Maldegem,43010,2020-04-04,1,15
Maldegem,43010,2020-04-05,2,17
Maldegem,43010,2020-04-06,3,20
Maldegem,43010,2020-04-07,3,23
Maldegem,43010,2020-04-08,0,23
Maldegem,43010,2020-04-09,2,25
Maldegem,43010,2020-04-10,2,27
Maldegem,43010,2020-04-11,1,28
Maldegem,43010,2020-04-12,3,31
Maldegem,43010,2020-04-13,1,32
Maldegem,43010,2020-04-14,0,32
Maldegem,43010,2020-04-15,5,37
Maldegem,43010,2020-04-16,3,40
Maldegem,43010,2020-04-17,0,40
Maldegem,43010,2020-04-18,1,41
Maldegem,43010,2020-04-19,8,49
Maldegem,43010,2020-04-20,1,50
Maldegem,43010,2020-04-21,1,51
Maldegem,43010,2020-04-22,1,52
Maldegem,43010,2020-04-23,0,52
Maldegem,43010,2020-04-24,0,52
Maldegem,43010,2020-04-25,2,54
Maldegem,43010,2020-04-26,2,56
Maldegem,43010,2020-04-27,0,56
Maldegem,43010,2020-04-28,0,56
Maldegem,43010,2020-04-29,0,56
Maldegem,43010,2020-04-30,3,59
Maldegem,43010,2020-05-01,2,61
Maldegem,43010,2020-05-02,0,61
Maldegem,43010,2020-05-03,0,61
Maldegem,43010,2020-05-04,0,61
Maldegem,43010,2020-05-05,0,61
Maldegem,43010,2020-05-06,1,62
Maldegem,43010,2020-05-07,0,62
Maldegem,43010,2020-05-08,0,62
Maldegem,43010,2020-05-09,2,64
Maldegem,43010,2020-05-10,0,64
Maldegem,43010,2020-05-11,1,65
Maldegem,43010,2020-05-12,0,65
Maldegem,43010,2020-05-13,0,65
Maldegem,43010,2020-05-14,1,66
Maldegem,43010,2020-05-15,0,66
Maldegem,43010,2020-05-16,0,66
Maldegem,43010,2020-05-17,0,66
Maldegem,43010,2020-05-18,0,66
Maldegem,43010,2020-05-19,1,67
Maldegem,43010,2020-05-20,1,68
Maldegem,43010,2020-05-21,0,68
Maldegem,43010,2020-05-22,0,68
Maldegem,43010,2020-05-23,0,68
Maldegem,43010,2020-05-24,0,68
Maldegem,43010,2020-05-25,0,68
Maldegem,43010,2020-05-26,0,68
Maldegem,43010,2020-05-27,0,68
Maldegem,43010,2020-05-28,1,69
Maldegem,43010,2020-05-29,0,69
Maldegem,43010,2020-05-30,0,69
Maldegem,43010,2020-05-31,1,70
Maldegem,43010,2020-06-01,0,70
Maldegem,43010,2020-06-02,0,70
Maldegem,43010,2020-06-03,1,71
Maldegem,43010,2020-06-04,0,71
Maldegem,43010,2020-06-05,0,71
Maldegem,43010,2020-06-06,1,72
Maldegem,43010,2020-06-07,0,72
Maldegem,43010,2020-06-08,0,72
Maldegem,43010,2020-06-09,0,72
Maldegem,43010,2020-06-10,0,72
Maldegem,43010,2020-06-11,0,72
Maldegem,43010,2020-06-12,0,72
Maldegem,43010,2020-06-13,0,72
Maldegem,43010,2020-06-14,0,72
Maldegem,43010,2020-06-15,0,72
Maldegem,43010,2020-06-16,0,72
Maldegem,43010,2020-06-17,0,72
Maldegem,43010,2020-06-18,0,72
Maldegem,43010,2020-06-19,0,72
Maldegem,43010,2020-06-20,0,72
Maldegem,43010,2020-06-23,0,72
Maldegem,43010,2020-06-24,0,72
Maldegem,43010,2020-06-25,0,72
Maldegem,43010,2020-06-26,0,72
Maldegem,43010,2020-06-27,0,72
Maldegem,43010,2020-06-30,0,72
Maldegem,43010,2020-07-01,0,72
Maldegem,43010,2020-07-02,0,72
Maldegem,43010,2020-07-03,0,72
Maldegem,43010,2020-07-04,0,72
Maldegem,43010,2020-07-07,1,73
Maldegem,43010,2020-07-08,0,73
Maldegem,43010,2020-07-09,0,73
Maldegem,43010,2020-07-10,0,73
Maldegem,43010,2020-07-11,0,73
Maldegem,43010,2020-07-14,1,74
Maldegem,43010,2020-07-15,0,74
Maldegem,43010,2020-07-16,0,74
Maldegem,43010,2020-07-17,0,74
Maldegem,43010,2020-07-18,0,74
Maldegem,43010,2020-07-20,0,74
Maldegem,43010,2020-07-21,0,74
Maldegem,43010,2020-07-22,2,76
Maldegem,43010,2020-07-23,0,76
Maldegem,43010,2020-07-24,0,76
Maldegem,43010,2020-07-25,0,76
Maldegem,43010,2020-07-26,0,76
Maldegem,43010,2020-07-27,1,77
Maldegem,43010,2020-07-28,0,77
Maldegem,43010,2020-07-29,1,78
Maldegem,43010,2020-07-30,0,78
Maldegem,43010,2020-07-31,0,78
Maldegem,43010,2020-08-01,0,78
Maldegem,43010,2020-08-02,0,78
Maldegem,43010,2020-08-03,0,78
Maldegem,43010,2020-08-04,2,80
Maldegem,43010,2020-08-05,0,80
Maldegem,43010,2020-08-06,0,80
Maldegem,43010,2020-08-07,3,83
Maldegem,43010,2020-08-08,0,83
Maldegem,43010,2020-08-09,1,84
Maldegem,43010,2020-08-10,1,85
Maldegem,43010,2020-08-11,0,85
Maldegem,43010,2020-08-12,0,85
Maldegem,43010,2020-08-13,0,85
Maldegem,43010,2020-08-14,0,85
Maldegem,43010,2020-08-15,0,85
Maldegem,43010,2020-08-16,0,85
Maldegem,43010,2020-08-17,0,85
Maldegem,43010,2020-08-18,0,85
Maldegem,43010,2020-08-19,0,85
Maldegem,43010,2020-08-20,1,86
Maldegem,43010,2020-08-21,0,86
Maldegem,43010,2020-08-22,1,87
Maldegem,43010,2020-08-23,0,87
Maldegem,43010,2020-08-24,1,88
Maldegem,43010,2020-08-25,0,88
Maldegem,43010,2020-08-26,0,88
Maldegem,43010,2020-08-27,0,88
Maldegem,43010,2020-08-28,0,88
Maldegem,43010,2020-08-29,0,88
Maldegem,43010,2020-08-30,0,88
Maldegem,43010,2020-08-31,0,88
Maldegem,43010,2020-09-01,0,88
Maldegem,43010,2020-09-02,0,88
Maldegem,43010,2020-09-03,0,88
Maldegem,43010,2020-09-04,0,88
Maldegem,43010,2020-09-05,1,89
Maldegem,43010,2020-09-06,1,90
Maldegem,43010,2020-09-07,0,90
Maldegem,43010,2020-09-08,0,90
Maldegem,43010,2020-09-09,0,90
Maldegem,43010,2020-09-10,0,90
Maldegem,43010,2020-09-11,1,91
Maldegem,43010,2020-09-12,1,92
Maldegem,43010,2020-09-13,0,92
Maldegem,43010,2020-09-14,0,92
Maldegem,43010,2020-09-15,2,94
Maldegem,43010,2020-09-16,0,94
Maldegem,43010,2020-09-17,0,94
Maldegem,43010,2020-09-18,0,94
Maldegem,43010,2020-09-19,0,94
Maldegem,43010,2020-09-20,-1,93
Maldegem,43010,2020-09-21,2,95
Maldegem,43010,2020-09-22,1,96
Maldegem,43010,2020-09-23,0,96
Maldegem,43010,2020-09-24,0,96
Maldegem,43010,2020-09-25,1,97
Maldegem,43010,2020-09-26,0,97
Maldegem,43010,2020-09-27,1,98
Maldegem,43010,2020-09-28,0,98
Maldegem,43010,2020-09-29,0,98
Maldegem,43010,2020-09-30,0,98
Maldegem,43010,2020-10-01,0,98
Maldegem,43010,2020-10-02,0,98
Maldegem,43010,2020-10-03,2,100
Maldegem,43010,2020-10-04,2,102
Maldegem,43010,2020-10-05,0,102
Maldegem,43010,2020-10-06,1,103
Maldegem,43010,2020-10-07,2,105
Maldegem,43010,2020-10-08,1,106
Maldegem,43010,2020-10-09,1,107
Maldegem,43010,2020-10-10,4,111
Maldegem,43010,2020-10-11,2,113
Maldegem,43010,2020-10-12,2,115
Maldegem,43010,2020-10-13,2,117
Maldegem,43010,2020-10-14,5,122
Maldegem,43010,2020-10-15,3,125
Maldegem,43010,2020-10-16,4,129
Maldegem,43010,2020-10-17,7,136
Maldegem,43010,2020-10-18,3,139
Maldegem,43010,2020-10-19,3,142
Maldegem,43010,2020-10-20,6,148
Maldegem,43010,2020-10-21,10,158
Maldegem,43010,2020-10-22,7,165
Maldegem,43010,2020-10-23,12,177
Maldegem,43010,2020-10-24,8,185
Maldegem,43010,2020-10-25,12,197
Maldegem,43010,2020-10-26,9,206
Maldegem,43010,2020-10-27,8,214
Maldegem,43010,2020-10-28,8,222
Maldegem,43010,2020-10-29,16,238
Maldegem,43010,2020-10-30,25,263
Maldegem,43010,2020-10-31,19,282
Maldegem,43010,2020-11-01,12,294
Maldegem,43010,2020-11-02,8,302
Maldegem,43010,2020-11-03,4,306
Maldegem,43010,2020-11-04,6,312
Maldegem,43010,2020-11-05,8,320
Maldegem,43010,2020-11-06,7,327
Maldegem,43010,2020-11-07,3,330
Maldegem,43010,2020-11-08,7,337
Maldegem,43010,2020-11-09,7,344
Maldegem,43010,2020-11-10,3,347
Maldegem,43010,2020-11-11,8,355
Sint-Laureins,43014,2020-04-01,0,0
Sint-Laureins,43014,2020-04-02,0,0
Sint-Laureins,43014,2020-04-03,0,0
Sint-Laureins,43014,2020-04-04,0,0
Sint-Laureins,43014,2020-04-05,0,0
Sint-Laureins,43014,2020-04-06,0,0
Sint-Laureins,43014,2020-04-07,0,0
Sint-Laureins,43014,2020-04-08,6,6
Sint-Laureins,43014,2020-04-09,0,6
Sint-Laureins,43014,2020-04-10,0,6
Sint-Laureins,43014,2020-04-11,0,6
Sint-Laureins,43014,2020-04-12,0,6
Sint-Laureins,43014,2020-04-13,1,7
Sint-Laureins,43014,2020-04-14,0,7
Sint-Laureins,43014,2020-04-15,0,7
Sint-Laureins,43014,2020-04-16,0,7
Sint-Laureins,43014,2020-04-17,0,7
Sint-Laureins,43014,2020-04-18,0,7
Sint-Laureins,43014,2020-04-19,0,7
Sint-Laureins,43014,2020-04-20,0,7
Sint-Laureins,43014,2020-04-21,0,7
Sint-Laureins,43014,2020-04-22,0,7
Sint-Laureins,43014,2020-04-23,0,7
Sint-Laureins,43014,2020-04-24,0,7
Sint-Laureins,43014,2020-04-25,0,7
Sint-Laureins,43014,2020-04-26,0,7
Sint-Laureins,43014,2020-04-27,0,7
Sint-Laureins,43014,2020-04-28,0,7
Sint-Laureins,43014,2020-04-29,0,7
Sint-Laureins,43014,2020-04-30,0,7
Sint-Laureins,43014,2020-05-01,0,7
Sint-Laureins,43014,2020-05-02,0,7
Sint-Laureins,43014,2020-05-03,0,7
Sint-Laureins,43014,2020-05-04,0,7
Sint-Laureins,43014,2020-05-05,0,7
Sint-Laureins,43014,2020-05-06,0,7
Sint-Laureins,43014,2020-05-07,0,7
Sint-Laureins,43014,2020-05-08,0,7
Sint-Laureins,43014,2020-05-09,0,7
Sint-Laureins,43014,2020-05-10,1,8
Sint-Laureins,43014,2020-05-11,0,8
Sint-Laureins,43014,2020-05-12,0,8
Sint-Laureins,43014,2020-05-13,0,8
Sint-Laureins,43014,2020-05-14,0,8
Sint-Laureins,43014,2020-05-15,1,9
Sint-Laureins,43014,2020-05-16,0,9
Sint-Laureins,43014,2020-05-17,2,11
Sint-Laureins,43014,2020-05-18,2,13
Sint-Laureins,43014,2020-05-19,1,14
Sint-Laureins,43014,2020-05-20,0,14
Sint-Laureins,43014,2020-05-21,0,14
Sint-Laureins,43014,2020-05-22,1,15
Sint-Laureins,43014,2020-05-23,0,15
Sint-Laureins,43014,2020-05-24,0,15
Sint-Laureins,43014,2020-05-25,1,16
Sint-Laureins,43014,2020-05-26,0,16
Sint-Laureins,43014,2020-05-27,0,16
Sint-Laureins,43014,2020-05-28,0,16
Sint-Laureins,43014,2020-05-29,1,17
Sint-Laureins,43014,2020-05-30,0,17
Sint-Laureins,43014,2020-05-31,1,18
Sint-Laureins,43014,2020-06-01,0,18
Sint-Laureins,43014,2020-06-02,0,18
Sint-Laureins,43014,2020-06-03,1,19
Sint-Laureins,43014,2020-06-04,0,19
Sint-Laureins,43014,2020-06-05,0,19
Sint-Laureins,43014,2020-06-06,0,19
Sint-Laureins,43014,2020-06-07,0,19
Sint-Laureins,43014,2020-06-08,0,19
Sint-Laureins,43014,2020-06-09,0,19
Sint-Laureins,43014,2020-06-10,0,19
Sint-Laureins,43014,2020-06-11,0,19
Sint-Laureins,43014,2020-06-12,0,19
Sint-Laureins,43014,2020-06-13,0,19
Sint-Laureins,43014,2020-06-14,0,19
Sint-Laureins,43014,2020-06-15,0,19
Sint-Laureins,43014,2020-06-16,0,19
Sint-Laureins,43014,2020-06-17,0,19
Sint-Laureins,43014,2020-06-18,0,19
Sint-Laureins,43014,2020-06-19,0,19
Sint-Laureins,43014,2020-06-20,0,19
Sint-Laureins,43014,2020-06-23,0,19
Sint-Laureins,43014,2020-06-24,0,19
Sint-Laureins,43014,2020-06-25,0,19
Sint-Laureins,43014,2020-06-26,0,19
Sint-Laureins,43014,2020-06-27,0,19
Sint-Laureins,43014,2020-06-30,0,19
Sint-Laureins,43014,2020-07-01,0,19
Sint-Laureins,43014,2020-07-02,0,19
Sint-Laureins,43014,2020-07-03,0,19
Sint-Laureins,43014,2020-07-04,0,19
Sint-Laureins,43014,2020-07-07,0,19
Sint-Laureins,43014,2020-07-08,0,19
Sint-Laureins,43014,2020-07-09,0,19
Sint-Laureins,43014,2020-07-10,0,19
Sint-Laureins,43014,2020-07-11,0,19
Sint-Laureins,43014,2020-07-14,0,19
Sint-Laureins,43014,2020-07-15,0,19
Sint-Laureins,43014,2020-07-16,0,19
Sint-Laureins,43014,2020-07-17,0,19
Sint-Laureins,43014,2020-07-18,0,19
Sint-Laureins,43014,2020-07-20,0,19
Sint-Laureins,43014,2020-07-21,0,19
Sint-Laureins,43014,2020-07-22,0,19
Sint-Laureins,43014,2020-07-23,0,19
Sint-Laureins,43014,2020-07-24,0,19
Sint-Laureins,43014,2020-07-25,0,19
Sint-Laureins,43014,2020-07-26,0,19
Sint-Laureins,43014,2020-07-27,0,19
Sint-Laureins,43014,2020-07-28,0,19
Sint-Laureins,43014,2020-07-29,0,19
Sint-Laureins,43014,2020-07-30,0,19
Sint-Laureins,43014,2020-07-31,0,19
Sint-Laureins,43014,2020-08-01,0,19
Sint-Laureins,43014,2020-08-02,0,19
Sint-Laureins,43014,2020-08-03,0,19
Sint-Laureins,43014,2020-08-04,0,19
Sint-Laureins,43014,2020-08-05,0,19
Sint-Laureins,43014,2020-08-06,0,19
Sint-Laureins,43014,2020-08-07,0,19
Sint-Laureins,43014,2020-08-08,0,19
Sint-Laureins,43014,2020-08-09,1,20
Sint-Laureins,43014,2020-08-10,0,20
Sint-Laureins,43014,2020-08-11,0,20
Sint-Laureins,43014,2020-08-12,0,20
Sint-Laureins,43014,2020-08-13,0,20
Sint-Laureins,43014,2020-08-14,0,20
Sint-Laureins,43014,2020-08-15,0,20
Sint-Laureins,43014,2020-08-16,0,20
Sint-Laureins,43014,2020-08-17,0,20
Sint-Laureins,43014,2020-08-18,0,20
Sint-Laureins,43014,2020-08-19,0,20
Sint-Laureins,43014,2020-08-20,0,20
Sint-Laureins,43014,2020-08-21,0,20
Sint-Laureins,43014,2020-08-22,0,20
Sint-Laureins,43014,2020-08-23,0,20
Sint-Laureins,43014,2020-08-24,0,20
Sint-Laureins,43014,2020-08-25,0,20
Sint-Laureins,43014,2020-08-26,0,20
Sint-Laureins,43014,2020-08-27,0,20
Sint-Laureins,43014,2020-08-28,0,20
Sint-Laureins,43014,2020-08-29,0,20
Sint-Laureins,43014,2020-08-30,0,20
Sint-Laureins,43014,2020-08-31,0,20
Sint-Laureins,43014,2020-09-01,0,20
Sint-Laureins,43014,2020-09-02,0,20
Sint-Laureins,43014,2020-09-03,0,20
Sint-Laureins,43014,2020-09-04,0,20
Sint-Laureins,43014,2020-09-05,0,20
Sint-Laureins,43014,2020-09-06,0,20
Sint-Laureins,43014,2020-09-07,2,22
Sint-Laureins,43014,2020-09-08,0,22
Sint-Laureins,43014,2020-09-09,0,22
Sint-Laureins,43014,2020-09-10,0,22
Sint-Laureins,43014,2020-09-11,0,22
Sint-Laureins,43014,2020-09-12,0,22
Sint-Laureins,43014,2020-09-13,0,22
Sint-Laureins,43014,2020-09-14,0,22
Sint-Laureins,43014,2020-09-15,0,22
Sint-Laureins,43014,2020-09-16,0,22
Sint-Laureins,43014,2020-09-17,1,23
Sint-Laureins,43014,2020-09-18,1,24
Sint-Laureins,43014,2020-09-19,0,24
Sint-Laureins,43014,2020-09-20,0,24
Sint-Laureins,43014,2020-09-21,1,25
Sint-Laureins,43014,2020-09-22,0,25
Sint-Laureins,43014,2020-09-23,1,26
Sint-Laureins,43014,2020-09-24,0,26
Sint-Laureins,43014,2020-09-25,1,27
Sint-Laureins,43014,2020-09-26,0,27
Sint-Laureins,43014,2020-09-27,0,27
Sint-Laureins,43014,2020-09-28,0,27
Sint-Laureins,43014,2020-09-29,0,27
Sint-Laureins,43014,2020-09-30,0,27
Sint-Laureins,43014,2020-10-01,2,29
Sint-Laureins,43014,2020-10-02,1,30
Sint-Laureins,43014,2020-10-03,1,31
Sint-Laureins,43014,2020-10-04,1,32
Sint-Laureins,43014,2020-10-05,0,32
Sint-Laureins,43014,2020-10-06,0,32
Sint-Laureins,43014,2020-10-07,0,32
Sint-Laureins,43014,2020-10-08,0,32
Sint-Laureins,43014,2020-10-09,0,32
Sint-Laureins,43014,2020-10-10,1,33
Sint-Laureins,43014,2020-10-11,0,33
Sint-Laureins,43014,2020-10-12,0,33
Sint-Laureins,43014,2020-10-13,0,33
Sint-Laureins,43014,2020-10-14,0,33
Sint-Laureins,43014,2020-10-15,0,33
Sint-Laureins,43014,2020-10-16,0,33
Sint-Laureins,43014,2020-10-17,1,34
Sint-Laureins,43014,2020-10-18,0,34
Sint-Laureins,43014,2020-10-19,1,35
Sint-Laureins,43014,2020-10-20,2,37
Sint-Laureins,43014,2020-10-21,0,37
Sint-Laureins,43014,2020-10-22,0,37
Sint-Laureins,43014,2020-10-23,0,37
Sint-Laureins,43014,2020-10-24,4,41
Sint-Laureins,43014,2020-10-25,2,43
Sint-Laureins,43014,2020-10-26,3,46
Sint-Laureins,43014,2020-10-27,0,46
Sint-Laureins,43014,2020-10-28,1,47
Sint-Laureins,43014,2020-10-29,7,54
Sint-Laureins,43014,2020-10-30,7,61
Sint-Laureins,43014,2020-10-31,2,63
Sint-Laureins,43014,2020-11-01,5,68
Sint-Laureins,43014,2020-11-02,2,70
Sint-Laureins,43014,2020-11-03,0,70
Sint-Laureins,43014,2020-11-04,3,73
Sint-Laureins,43014,2020-11-05,2,75
Sint-Laureins,43014,2020-11-06,4,79
Sint-Laureins,43014,2020-11-07,0,79
Sint-Laureins,43014,2020-11-08,3,82
Sint-Laureins,43014,2020-11-09,0,82
Sint-Laureins,43014,2020-11-10,0,82
Sint-Laureins,43014,2020-11-11,3,85
Zelzate,43018,2020-04-01,0,0
Zelzate,43018,2020-04-02,0,0
Zelzate,43018,2020-04-03,6,6
Zelzate,43018,2020-04-04,1,7
Zelzate,43018,2020-04-05,0,7
Zelzate,43018,2020-04-06,0,7
Zelzate,43018,2020-04-07,0,7
Zelzate,43018,2020-04-08,1,8
Zelzate,43018,2020-04-09,1,9
Zelzate,43018,2020-04-10,2,11
Zelzate,43018,2020-04-11,0,11
Zelzate,43018,2020-04-12,0,11
Zelzate,43018,2020-04-13,0,11
Zelzate,43018,2020-04-14,1,12
Zelzate,43018,2020-04-15,1,13
Zelzate,43018,2020-04-16,0,13
Zelzate,43018,2020-04-17,0,13
Zelzate,43018,2020-04-18,0,13
Zelzate,43018,2020-04-19,5,18
Zelzate,43018,2020-04-20,0,18
Zelzate,43018,2020-04-21,0,18
Zelzate,43018,2020-04-22,0,18
Zelzate,43018,2020-04-23,0,18
Zelzate,43018,2020-04-24,0,18
Zelzate,43018,2020-04-25,0,18
Zelzate,43018,2020-04-26,0,18
Zelzate,43018,2020-04-27,0,18
Zelzate,43018,2020-04-28,0,18
Zelzate,43018,2020-04-29,0,18
Zelzate,43018,2020-04-30,0,18
Zelzate,43018,2020-05-01,0,18
Zelzate,43018,2020-05-02,0,18
Zelzate,43018,2020-05-03,1,19
Zelzate,43018,2020-05-04,0,19
Zelzate,43018,2020-05-05,0,19
Zelzate,43018,2020-05-06,0,19
Zelzate,43018,2020-05-07,0,19
Zelzate,43018,2020-05-08,1,20
Zelzate,43018,2020-05-09,1,21
Zelzate,43018,2020-05-10,1,22
Zelzate,43018,2020-05-11,0,22
Zelzate,43018,2020-05-12,0,22
Zelzate,43018,2020-05-13,0,22
Zelzate,43018,2020-05-14,0,22
Zelzate,43018,2020-05-15,1,23
Zelzate,43018,2020-05-16,0,23
Zelzate,43018,2020-05-17,0,23
Zelzate,43018,2020-05-18,0,23
Zelzate,43018,2020-05-19,0,23
Zelzate,43018,2020-05-20,1,24
Zelzate,43018,2020-05-21,0,24
Zelzate,43018,2020-05-22,0,24
Zelzate,43018,2020-05-23,0,24
Zelzate,43018,2020-05-24,0,24
Zelzate,43018,2020-05-25,0,24
Zelzate,43018,2020-05-26,0,24
Zelzate,43018,2020-05-27,0,24
Zelzate,43018,2020-05-28,0,24
Zelzate,43018,2020-05-29,0,24
Zelzate,43018,2020-05-30,0,24
Zelzate,43018,2020-05-31,0,24
Zelzate,43018,2020-06-01,0,24
Zelzate,43018,2020-06-02,0,24
Zelzate,43018,2020-06-03,0,24
Zelzate,43018,2020-06-04,0,24
Zelzate,43018,2020-06-05,0,24
Zelzate,43018,2020-06-06,0,24
Zelzate,43018,2020-06-07,0,24
Zelzate,43018,2020-06-08,0,24
Zelzate,43018,2020-06-09,0,24
Zelzate,43018,2020-06-10,0,24
Zelzate,43018,2020-06-11,0,24
Zelzate,43018,2020-06-12,0,24
Zelzate,43018,2020-06-13,0,24
Zelzate,43018,2020-06-14,0,24
Zelzate,43018,2020-06-15,0,24
Zelzate,43018,2020-06-16,0,24
Zelzate,43018,2020-06-17,0,24
Zelzate,43018,2020-06-18,0,24
Zelzate,43018,2020-06-19,0,24
Zelzate,43018,2020-06-20,0,24
Zelzate,43018,2020-06-23,0,24
Zelzate,43018,2020-06-24,0,24
Zelzate,43018,2020-06-25,0,24
Zelzate,43018,2020-06-26,0,24
Zelzate,43018,2020-06-27,1,25
Zelzate,43018,2020-06-30,1,26
Zelzate,43018,2020-07-01,0,26
Zelzate,43018,2020-07-02,0,26
Zelzate,43018,2020-07-03,0,26
Zelzate,43018,2020-07-04,0,26
Zelzate,43018,2020-07-07,0,26
Zelzate,43018,2020-07-08,0,26
Zelzate,43018,2020-07-09,0,26
Zelzate,43018,2020-07-10,0,26
Zelzate,43018,2020-07-11,0,26
Zelzate,43018,2020-07-14,0,26
Zelzate,43018,2020-07-15,0,26
Zelzate,43018,2020-07-16,0,26
Zelzate,43018,2020-07-17,0,26
Zelzate,43018,2020-07-18,0,26
Zelzate,43018,2020-07-20,0,26
Zelzate,43018,2020-07-21,0,26
Zelzate,43018,2020-07-22,1,27
Zelzate,43018,2020-07-23,0,27
Zelzate,43018,2020-07-24,0,27
Zelzate,43018,2020-07-25,0,27
Zelzate,43018,2020-07-26,1,28
Zelzate,43018,2020-07-27,0,28
Zelzate,43018,2020-07-28,1,29
Zelzate,43018,2020-07-29,0,29
Zelzate,43018,2020-07-30,0,29
Zelzate,43018,2020-07-31,1,30
Zelzate,43018,2020-08-01,1,31
Zelzate,43018,2020-08-02,0,31
Zelzate,43018,2020-08-03,0,31
Zelzate,43018,2020-08-04,0,31
Zelzate,43018,2020-08-05,0,31
Zelzate,43018,2020-08-06,1,32
Zelzate,43018,2020-08-07,0,32
Zelzate,43018,2020-08-08,0,32
Zelzate,43018,2020-08-09,0,32
Zelzate,43018,2020-08-10,0,32
Zelzate,43018,2020-08-11,0,32
Zelzate,43018,2020-08-12,0,32
Zelzate,43018,2020-08-13,0,32
Zelzate,43018,2020-08-14,0,32
Zelzate,43018,2020-08-15,0,32
Zelzate,43018,2020-08-16,0,32
Zelzate,43018,2020-08-17,0,32
Zelzate,43018,2020-08-18,0,32
Zelzate,43018,2020-08-19,0,32
Zelzate,43018,2020-08-20,0,32
Zelzate,43018,2020-08-21,3,35
Zelzate,43018,2020-08-22,3,38
Zelzate,43018,2020-08-23,3,41
Zelzate,43018,2020-08-24,0,41
Zelzate,43018,2020-08-25,0,41
Zelzate,43018,2020-08-26,1,42
Zelzate,43018,2020-08-27,0,42
Zelzate,43018,2020-08-28,0,42
Zelzate,43018,2020-08-29,0,42
Zelzate,43018,2020-08-30,0,42
Zelzate,43018,2020-08-31,0,42
Zelzate,43018,2020-09-01,0,42
Zelzate,43018,2020-09-02,1,43
Zelzate,43018,2020-09-03,0,43
Zelzate,43018,2020-09-04,0,43
Zelzate,43018,2020-09-05,1,44
Zelzate,43018,2020-09-06,2,46
Zelzate,43018,2020-09-07,1,47
Zelzate,43018,2020-09-08,3,50
Zelzate,43018,2020-09-09,1,51
Zelzate,43018,2020-09-10,1,52
Zelzate,43018,2020-09-11,2,54
Zelzate,43018,2020-09-12,0,54
Zelzate,43018,2020-09-13,2,56
Zelzate,43018,2020-09-14,1,57
Zelzate,43018,2020-09-15,0,57
Zelzate,43018,2020-09-16,0,57
Zelzate,43018,2020-09-17,0,57
Zelzate,43018,2020-09-18,2,59
Zelzate,43018,2020-09-19,0,59
Zelzate,43018,2020-09-20,1,60
Zelzate,43018,2020-09-21,1,61
Zelzate,43018,2020-09-22,0,61
Zelzate,43018,2020-09-23,4,65
Zelzate,43018,2020-09-24,0,65
Zelzate,43018,2020-09-25,0,65
Zelzate,43018,2020-09-26,2,67
Zelzate,43018,2020-09-27,2,69
Zelzate,43018,2020-09-28,2,71
Zelzate,43018,2020-09-29,0,71
Zelzate,43018,2020-09-30,0,71
Zelzate,43018,2020-10-01,0,71
Zelzate,43018,2020-10-02,1,72
Zelzate,43018,2020-10-03,2,74
Zelzate,43018,2020-10-04,1,75
Zelzate,43018,2020-10-05,0,75
Zelzate,43018,2020-10-06,1,76
Zelzate,43018,2020-10-07,0,76
Zelzate,43018,2020-10-08,1,77
Zelzate,43018,2020-10-09,1,78
Zelzate,43018,2020-10-10,3,81
Zelzate,43018,2020-10-11,2,83
Zelzate,43018,2020-10-12,2,85
Zelzate,43018,2020-10-13,5,90
Zelzate,43018,2020-10-14,2,92
Zelzate,43018,2020-10-15,2,94
Zelzate,43018,2020-10-16,3,97
Zelzate,43018,2020-10-17,2,99
Zelzate,43018,2020-10-18,12,111
Zelzate,43018,2020-10-19,6,117
Zelzate,43018,2020-10-20,8,125
Zelzate,43018,2020-10-21,6,131
Zelzate,43018,2020-10-22,3,134
Zelzate,43018,2020-10-23,10,144
Zelzate,43018,2020-10-24,11,155
Zelzate,43018,2020-10-25,11,166
Zelzate,43018,2020-10-26,17,183
Zelzate,43018,2020-10-27,6,189
Zelzate,43018,2020-10-28,4,193
Zelzate,43018,2020-10-29,8,201
Zelzate,43018,2020-10-30,10,211
Zelzate,43018,2020-10-31,2,213
Zelzate,43018,2020-11-01,7,220
Zelzate,43018,2020-11-02,9,229
Zelzate,43018,2020-11-03,1,230
Zelzate,43018,2020-11-04,1,231
Zelzate,43018,2020-11-05,7,238
Zelzate,43018,2020-11-06,9,247
Zelzate,43018,2020-11-07,6,253
Zelzate,43018,2020-11-08,2,255
Zelzate,43018,2020-11-09,6,261
Zelzate,43018,2020-11-10,4,265
Zelzate,43018,2020-11-11,4,269
De Pinte,44012,2020-04-01,0,8
De Pinte,44012,2020-04-02,0,8
De Pinte,44012,2020-04-03,0,8
De Pinte,44012,2020-04-04,0,8
De Pinte,44012,2020-04-05,2,10
De Pinte,44012,2020-04-06,0,10
De Pinte,44012,2020-04-07,1,11
De Pinte,44012,2020-04-08,0,11
De Pinte,44012,2020-04-09,0,11
De Pinte,44012,2020-04-10,1,12
De Pinte,44012,2020-04-11,0,12
De Pinte,44012,2020-04-12,1,13
De Pinte,44012,2020-04-13,0,13
De Pinte,44012,2020-04-14,0,13
De Pinte,44012,2020-04-15,2,15
De Pinte,44012,2020-04-16,0,15
De Pinte,44012,2020-04-17,0,15
De Pinte,44012,2020-04-18,1,16
De Pinte,44012,2020-04-19,0,16
De Pinte,44012,2020-04-20,0,16
De Pinte,44012,2020-04-21,1,17
De Pinte,44012,2020-04-22,0,17
De Pinte,44012,2020-04-23,0,17
De Pinte,44012,2020-04-24,0,17
De Pinte,44012,2020-04-25,5,22
De Pinte,44012,2020-04-26,0,22
De Pinte,44012,2020-04-27,0,22
De Pinte,44012,2020-04-28,0,22
De Pinte,44012,2020-04-29,0,22
De Pinte,44012,2020-04-30,1,23
De Pinte,44012,2020-05-01,0,23
De Pinte,44012,2020-05-02,0,23
De Pinte,44012,2020-05-03,1,24
De Pinte,44012,2020-05-04,0,24
De Pinte,44012,2020-05-05,0,24
De Pinte,44012,2020-05-06,0,24
De Pinte,44012,2020-05-07,0,24
De Pinte,44012,2020-05-08,0,24
De Pinte,44012,2020-05-09,0,24
De Pinte,44012,2020-05-10,0,24
De Pinte,44012,2020-05-11,0,24
De Pinte,44012,2020-05-12,0,24
De Pinte,44012,2020-05-13,0,24
De Pinte,44012,2020-05-14,0,24
De Pinte,44012,2020-05-15,1,25
De Pinte,44012,2020-05-16,0,25
De Pinte,44012,2020-05-17,0,25
De Pinte,44012,2020-05-18,0,25
De Pinte,44012,2020-05-19,0,25
De Pinte,44012,2020-05-20,0,25
De Pinte,44012,2020-05-21,0,25
De Pinte,44012,2020-05-22,0,25
De Pinte,44012,2020-05-23,0,25
De Pinte,44012,2020-05-24,0,25
De Pinte,44012,2020-05-25,0,25
De Pinte,44012,2020-05-26,0,25
De Pinte,44012,2020-05-27,0,25
De Pinte,44012,2020-05-28,0,25
De Pinte,44012,2020-05-29,0,25
De Pinte,44012,2020-05-30,0,25
De Pinte,44012,2020-05-31,0,25
De Pinte,44012,2020-06-01,0,25
De Pinte,44012,2020-06-02,0,25
De Pinte,44012,2020-06-03,0,25
De Pinte,44012,2020-06-04,0,25
De Pinte,44012,2020-06-05,0,25
De Pinte,44012,2020-06-06,0,25
De Pinte,44012,2020-06-07,0,25
De Pinte,44012,2020-06-08,0,25
De Pinte,44012,2020-06-09,0,25
De Pinte,44012,2020-06-10,0,25
De Pinte,44012,2020-06-11,0,25
De Pinte,44012,2020-06-12,0,25
De Pinte,44012,2020-06-13,0,25
De Pinte,44012,2020-06-14,0,25
De Pinte,44012,2020-06-15,0,25
De Pinte,44012,2020-06-16,0,25
De Pinte,44012,2020-06-17,0,25
De Pinte,44012,2020-06-18,0,25
De Pinte,44012,2020-06-19,0,25
De Pinte,44012,2020-06-20,0,25
De Pinte,44012,2020-06-23,0,25
De Pinte,44012,2020-06-24,0,25
De Pinte,44012,2020-06-25,0,25
De Pinte,44012,2020-06-26,0,25
De Pinte,44012,2020-06-27,0,25
De Pinte,44012,2020-06-30,0,25
De Pinte,44012,2020-07-01,0,25
De Pinte,44012,2020-07-02,0,25
De Pinte,44012,2020-07-03,0,25
De Pinte,44012,2020-07-04,0,25
De Pinte,44012,2020-07-07,0,25
De Pinte,44012,2020-07-08,0,25
De Pinte,44012,2020-07-09,0,25
De Pinte,44012,2020-07-10,0,25
De Pinte,44012,2020-07-11,0,25
De Pinte,44012,2020-07-14,0,25
De Pinte,44012,2020-07-15,0,25
De Pinte,44012,2020-07-16,0,25
De Pinte,44012,2020-07-17,0,25
De Pinte,44012,2020-07-18,0,25
De Pinte,44012,2020-07-20,0,25
De Pinte,44012,2020-07-21,0,25
De Pinte,44012,2020-07-22,0,25
De Pinte,44012,2020-07-23,0,25
De Pinte,44012,2020-07-24,0,25
De Pinte,44012,2020-07-25,0,25
De Pinte,44012,2020-07-26,0,25
De Pinte,44012,2020-07-27,0,25
De Pinte,44012,2020-07-28,0,25
De Pinte,44012,2020-07-29,0,25
De Pinte,44012,2020-07-30,0,25
De Pinte,44012,2020-07-31,0,25
De Pinte,44012,2020-08-01,0,25
De Pinte,44012,2020-08-02,0,25
De Pinte,44012,2020-08-03,0,25
De Pinte,44012,2020-08-04,0,25
De Pinte,44012,2020-08-05,0,25
De Pinte,44012,2020-08-06,0,25
De Pinte,44012,2020-08-07,0,25
De Pinte,44012,2020-08-08,2,27
De Pinte,44012,2020-08-09,0,27
De Pinte,44012,2020-08-10,1,28
De Pinte,44012,2020-08-11,0,28
De Pinte,44012,2020-08-12,0,28
De Pinte,44012,2020-08-13,0,28
De Pinte,44012,2020-08-14,0,28
De Pinte,44012,2020-08-15,0,28
De Pinte,44012,2020-08-16,0,28
De Pinte,44012,2020-08-17,0,28
De Pinte,44012,2020-08-18,0,28
De Pinte,44012,2020-08-19,0,28
De Pinte,44012,2020-08-20,0,28
De Pinte,44012,2020-08-21,0,28
De Pinte,44012,2020-08-22,0,28
De Pinte,44012,2020-08-23,0,28
De Pinte,44012,2020-08-24,0,28
De Pinte,44012,2020-08-25,0,28
De Pinte,44012,2020-08-26,0,28
De Pinte,44012,2020-08-27,1,29
De Pinte,44012,2020-08-28,0,29
De Pinte,44012,2020-08-29,0,29
De Pinte,44012,2020-08-30,0,29
De Pinte,44012,2020-08-31,0,29
De Pinte,44012,2020-09-01,0,29
De Pinte,44012,2020-09-02,0,29
De Pinte,44012,2020-09-03,0,29
De Pinte,44012,2020-09-04,0,29
De Pinte,44012,2020-09-05,0,29
De Pinte,44012,2020-09-06,0,29
De Pinte,44012,2020-09-07,0,29
De Pinte,44012,2020-09-08,0,29
De Pinte,44012,2020-09-09,0,29
De Pinte,44012,2020-09-10,0,29
De Pinte,44012,2020-09-11,2,31
De Pinte,44012,2020-09-12,0,31
De Pinte,44012,2020-09-13,1,32
De Pinte,44012,2020-09-14,1,33
De Pinte,44012,2020-09-15,0,33
De Pinte,44012,2020-09-16,0,33
De Pinte,44012,2020-09-17,6,39
De Pinte,44012,2020-09-18,2,41
De Pinte,44012,2020-09-19,0,41
De Pinte,44012,2020-09-20,0,41
De Pinte,44012,2020-09-21,2,43
De Pinte,44012,2020-09-22,0,43
De Pinte,44012,2020-09-23,1,44
De Pinte,44012,2020-09-24,0,44
De Pinte,44012,2020-09-25,0,44
De Pinte,44012,2020-09-26,3,47
De Pinte,44012,2020-09-27,0,47
De Pinte,44012,2020-09-28,0,47
De Pinte,44012,2020-09-29,0,47
De Pinte,44012,2020-09-30,4,51
De Pinte,44012,2020-10-01,5,56
De Pinte,44012,2020-10-02,1,57
De Pinte,44012,2020-10-03,4,61
De Pinte,44012,2020-10-04,2,63
De Pinte,44012,2020-10-05,1,64
De Pinte,44012,2020-10-06,1,65
De Pinte,44012,2020-10-07,0,65
De Pinte,44012,2020-10-08,5,70
De Pinte,44012,2020-10-09,2,72
De Pinte,44012,2020-10-10,3,75
De Pinte,44012,2020-10-11,3,78
De Pinte,44012,2020-10-12,3,81
De Pinte,44012,2020-10-13,0,81
De Pinte,44012,2020-10-14,2,83
De Pinte,44012,2020-10-15,2,85
De Pinte,44012,2020-10-16,6,91
De Pinte,44012,2020-10-17,2,93
De Pinte,44012,2020-10-18,7,100
De Pinte,44012,2020-10-19,1,101
De Pinte,44012,2020-10-20,3,104
De Pinte,44012,2020-10-21,5,109
De Pinte,44012,2020-10-22,9,118
De Pinte,44012,2020-10-23,9,127
De Pinte,44012,2020-10-24,9,136
De Pinte,44012,2020-10-25,4,140
De Pinte,44012,2020-10-26,17,157
De Pinte,44012,2020-10-27,4,161
De Pinte,44012,2020-10-28,9,170
De Pinte,44012,2020-10-29,8,178
De Pinte,44012,2020-10-30,12,190
De Pinte,44012,2020-10-31,8,198
De Pinte,44012,2020-11-01,6,204
De Pinte,44012,2020-11-02,5,209
De Pinte,44012,2020-11-03,0,209
De Pinte,44012,2020-11-04,4,213
De Pinte,44012,2020-11-05,7,220
De Pinte,44012,2020-11-06,9,229
De Pinte,44012,2020-11-07,5,234
De Pinte,44012,2020-11-08,4,238
De Pinte,44012,2020-11-09,5,243
De Pinte,44012,2020-11-10,4,247
De Pinte,44012,2020-11-11,1,248
Destelbergen,44013,2020-04-01,2,22
Destelbergen,44013,2020-04-02,1,23
Destelbergen,44013,2020-04-03,2,25
Destelbergen,44013,2020-04-04,2,27
Destelbergen,44013,2020-04-05,2,29
Destelbergen,44013,2020-04-06,1,30
Destelbergen,44013,2020-04-07,4,34
Destelbergen,44013,2020-04-08,2,36
Destelbergen,44013,2020-04-09,0,36
Destelbergen,44013,2020-04-10,1,37
Destelbergen,44013,2020-04-11,0,37
Destelbergen,44013,2020-04-12,3,40
Destelbergen,44013,2020-04-13,0,40
Destelbergen,44013,2020-04-14,1,41
Destelbergen,44013,2020-04-15,1,42
Destelbergen,44013,2020-04-16,1,43
Destelbergen,44013,2020-04-17,0,43
Destelbergen,44013,2020-04-18,0,43
Destelbergen,44013,2020-04-19,0,43
Destelbergen,44013,2020-04-20,3,46
Destelbergen,44013,2020-04-21,0,46
Destelbergen,44013,2020-04-22,0,46
Destelbergen,44013,2020-04-23,7,53
Destelbergen,44013,2020-04-24,6,59
Destelbergen,44013,2020-04-25,3,62
Destelbergen,44013,2020-04-26,1,63
Destelbergen,44013,2020-04-27,0,63
Destelbergen,44013,2020-04-28,0,63
Destelbergen,44013,2020-04-29,0,63
Destelbergen,44013,2020-04-30,0,63
Destelbergen,44013,2020-05-01,1,64
Destelbergen,44013,2020-05-02,1,65
Destelbergen,44013,2020-05-03,0,65
Destelbergen,44013,2020-05-04,0,65
Destelbergen,44013,2020-05-05,0,65
Destelbergen,44013,2020-05-06,0,65
Destelbergen,44013,2020-05-07,0,65
Destelbergen,44013,2020-05-08,0,65
Destelbergen,44013,2020-05-09,0,65
Destelbergen,44013,2020-05-10,0,65
Destelbergen,44013,2020-05-11,0,65
Destelbergen,44013,2020-05-12,0,65
Destelbergen,44013,2020-05-13,0,65
Destelbergen,44013,2020-05-14,0,65
Destelbergen,44013,2020-05-15,0,65
Destelbergen,44013,2020-05-16,0,65
Destelbergen,44013,2020-05-17,0,65
Destelbergen,44013,2020-05-18,0,65
Destelbergen,44013,2020-05-19,0,65
Destelbergen,44013,2020-05-20,0,65
Destelbergen,44013,2020-05-21,0,65
Destelbergen,44013,2020-05-22,0,65
Destelbergen,44013,2020-05-23,1,66
Destelbergen,44013,2020-05-24,0,66
Destelbergen,44013,2020-05-25,0,66
Destelbergen,44013,2020-05-26,0,66
Destelbergen,44013,2020-05-27,1,67
Destelbergen,44013,2020-05-28,1,68
Destelbergen,44013,2020-05-29,0,68
Destelbergen,44013,2020-05-30,0,68
Destelbergen,44013,2020-05-31,1,69
Destelbergen,44013,2020-06-01,0,69
Destelbergen,44013,2020-06-02,0,69
Destelbergen,44013,2020-06-03,0,69
Destelbergen,44013,2020-06-04,0,69
Destelbergen,44013,2020-06-05,0,69
Destelbergen,44013,2020-06-06,1,70
Destelbergen,44013,2020-06-07,0,70
Destelbergen,44013,2020-06-08,0,70
Destelbergen,44013,2020-06-09,0,70
Destelbergen,44013,2020-06-10,0,70
Destelbergen,44013,2020-06-11,0,70
Destelbergen,44013,2020-06-12,0,70
Destelbergen,44013,2020-06-13,0,70
Destelbergen,44013,2020-06-14,0,70
Destelbergen,44013,2020-06-15,0,70
Destelbergen,44013,2020-06-16,0,70
Destelbergen,44013,2020-06-17,0,70
Destelbergen,44013,2020-06-18,0,70
Destelbergen,44013,2020-06-19,1,71
Destelbergen,44013,2020-06-20,0,71
Destelbergen,44013,2020-06-23,0,71
Destelbergen,44013,2020-06-24,0,71
Destelbergen,44013,2020-06-25,0,71
Destelbergen,44013,2020-06-26,0,71
Destelbergen,44013,2020-06-27,0,71
Destelbergen,44013,2020-06-30,0,71
Destelbergen,44013,2020-07-01,0,71
Destelbergen,44013,2020-07-02,0,71
Destelbergen,44013,2020-07-03,1,72
Destelbergen,44013,2020-07-04,0,72
Destelbergen,44013,2020-07-07,0,72
Destelbergen,44013,2020-07-08,0,72
Destelbergen,44013,2020-07-09,0,72
Destelbergen,44013,2020-07-10,0,72
Destelbergen,44013,2020-07-11,0,72
Destelbergen,44013,2020-07-14,0,72
Destelbergen,44013,2020-07-15,0,72
Destelbergen,44013,2020-07-16,0,72
Destelbergen,44013,2020-07-17,0,72
Destelbergen,44013,2020-07-18,0,72
Destelbergen,44013,2020-07-20,0,72
Destelbergen,44013,2020-07-21,0,72
Destelbergen,44013,2020-07-22,0,72
Destelbergen,44013,2020-07-23,0,72
Destelbergen,44013,2020-07-24,0,72
Destelbergen,44013,2020-07-25,0,72
Destelbergen,44013,2020-07-26,0,72
Destelbergen,44013,2020-07-27,0,72
Destelbergen,44013,2020-07-28,0,72
Destelbergen,44013,2020-07-29,0,72
Destelbergen,44013,2020-07-30,0,72
Destelbergen,44013,2020-07-31,0,72
Destelbergen,44013,2020-08-01,0,72
Destelbergen,44013,2020-08-02,1,73
Destelbergen,44013,2020-08-03,1,74
Destelbergen,44013,2020-08-04,0,74
Destelbergen,44013,2020-08-05,1,75
Destelbergen,44013,2020-08-06,0,75
Destelbergen,44013,2020-08-07,0,75
Destelbergen,44013,2020-08-08,0,75
Destelbergen,44013,2020-08-09,2,77
Destelbergen,44013,2020-08-10,0,77
Destelbergen,44013,2020-08-11,1,78
Destelbergen,44013,2020-08-12,0,78
Destelbergen,44013,2020-08-13,0,78
Destelbergen,44013,2020-08-14,0,78
Destelbergen,44013,2020-08-15,0,78
Destelbergen,44013,2020-08-16,0,78
Destelbergen,44013,2020-08-17,0,78
Destelbergen,44013,2020-08-18,0,78
Destelbergen,44013,2020-08-19,0,78
Destelbergen,44013,2020-08-20,0,78
Destelbergen,44013,2020-08-21,0,78
Destelbergen,44013,2020-08-22,1,79
Destelbergen,44013,2020-08-23,1,80
Destelbergen,44013,2020-08-24,0,80
Destelbergen,44013,2020-08-25,0,80
Destelbergen,44013,2020-08-26,1,81
Destelbergen,44013,2020-08-27,2,83
Destelbergen,44013,2020-08-28,0,83
Destelbergen,44013,2020-08-29,0,83
Destelbergen,44013,2020-08-30,1,84
Destelbergen,44013,2020-08-31,1,85
Destelbergen,44013,2020-09-01,0,85
Destelbergen,44013,2020-09-02,0,85
Destelbergen,44013,2020-09-03,0,85
Destelbergen,44013,2020-09-04,1,86
Destelbergen,44013,2020-09-05,1,87
Destelbergen,44013,2020-09-06,1,88
Destelbergen,44013,2020-09-07,0,88
Destelbergen,44013,2020-09-08,0,88
Destelbergen,44013,2020-09-09,0,88
Destelbergen,44013,2020-09-10,0,88
Destelbergen,44013,2020-09-11,1,89
Destelbergen,44013,2020-09-12,0,89
Destelbergen,44013,2020-09-13,0,89
Destelbergen,44013,2020-09-14,1,90
Destelbergen,44013,2020-09-15,0,90
Destelbergen,44013,2020-09-16,2,92
Destelbergen,44013,2020-09-17,0,92
Destelbergen,44013,2020-09-18,0,92
Destelbergen,44013,2020-09-19,1,93
Destelbergen,44013,2020-09-20,0,93
Destelbergen,44013,2020-09-21,1,94
Destelbergen,44013,2020-09-22,1,95
Destelbergen,44013,2020-09-23,3,98
Destelbergen,44013,2020-09-24,2,100
Destelbergen,44013,2020-09-25,3,103
Destelbergen,44013,2020-09-26,2,105
Destelbergen,44013,2020-09-27,0,105
Destelbergen,44013,2020-09-28,0,105
Destelbergen,44013,2020-09-29,0,105
Destelbergen,44013,2020-09-30,7,112
Destelbergen,44013,2020-10-01,1,113
Destelbergen,44013,2020-10-02,0,113
Destelbergen,44013,2020-10-03,3,116
Destelbergen,44013,2020-10-04,1,117
Destelbergen,44013,2020-10-05,2,119
Destelbergen,44013,2020-10-06,1,120
Destelbergen,44013,2020-10-07,1,121
Destelbergen,44013,2020-10-08,1,122
Destelbergen,44013,2020-10-09,0,122
Destelbergen,44013,2020-10-10,6,128
Destelbergen,44013,2020-10-11,4,132
Destelbergen,44013,2020-10-12,1,133
Destelbergen,44013,2020-10-13,1,134
Destelbergen,44013,2020-10-14,3,137
Destelbergen,44013,2020-10-15,5,142
Destelbergen,44013,2020-10-16,9,151
Destelbergen,44013,2020-10-17,1,152
Destelbergen,44013,2020-10-18,11,163
Destelbergen,44013,2020-10-19,10,173
Destelbergen,44013,2020-10-20,8,181
Destelbergen,44013,2020-10-21,6,187
Destelbergen,44013,2020-10-22,20,207
Destelbergen,44013,2020-10-23,20,227
Destelbergen,44013,2020-10-24,8,235
Destelbergen,44013,2020-10-25,14,249
Destelbergen,44013,2020-10-26,8,257
Destelbergen,44013,2020-10-27,8,265
Destelbergen,44013,2020-10-28,9,274
Destelbergen,44013,2020-10-29,19,293
Destelbergen,44013,2020-10-30,23,316
Destelbergen,44013,2020-10-31,21,337
Destelbergen,44013,2020-11-01,19,356
Destelbergen,44013,2020-11-02,4,360
Destelbergen,44013,2020-11-03,4,364
Destelbergen,44013,2020-11-04,3,367
Destelbergen,44013,2020-11-05,18,385
Destelbergen,44013,2020-11-06,15,400
Destelbergen,44013,2020-11-07,14,414
Destelbergen,44013,2020-11-08,3,417
Destelbergen,44013,2020-11-09,12,429
Destelbergen,44013,2020-11-10,1,430
Destelbergen,44013,2020-11-11,3,433
Evergem,44019,2020-04-01,1,26
Evergem,44019,2020-04-02,4,30
Evergem,44019,2020-04-03,10,40
Evergem,44019,2020-04-04,5,45
Evergem,44019,2020-04-05,1,46
Evergem,44019,2020-04-06,6,52
Evergem,44019,2020-04-07,4,56
Evergem,44019,2020-04-08,1,57
Evergem,44019,2020-04-09,4,61
Evergem,44019,2020-04-10,1,62
Evergem,44019,2020-04-11,4,66
Evergem,44019,2020-04-12,4,70
Evergem,44019,2020-04-13,1,71
Evergem,44019,2020-04-14,0,71
Evergem,44019,2020-04-15,12,83
Evergem,44019,2020-04-16,7,90
Evergem,44019,2020-04-17,8,98
Evergem,44019,2020-04-18,2,100
Evergem,44019,2020-04-19,2,102
Evergem,44019,2020-04-20,1,103
Evergem,44019,2020-04-21,1,104
Evergem,44019,2020-04-22,2,106
Evergem,44019,2020-04-23,3,109
Evergem,44019,2020-04-24,1,110
Evergem,44019,2020-04-25,11,121
Evergem,44019,2020-04-26,4,125
Evergem,44019,2020-04-27,4,129
Evergem,44019,2020-04-28,0,129
Evergem,44019,2020-04-29,0,129
Evergem,44019,2020-04-30,0,129
Evergem,44019,2020-05-01,32,161
Evergem,44019,2020-05-02,4,165
Evergem,44019,2020-05-03,2,167
Evergem,44019,2020-05-04,1,168
Evergem,44019,2020-05-05,1,169
Evergem,44019,2020-05-06,2,171
Evergem,44019,2020-05-07,0,171
Evergem,44019,2020-05-08,3,174
Evergem,44019,2020-05-09,10,184
Evergem,44019,2020-05-10,2,186
Evergem,44019,2020-05-11,1,187
Evergem,44019,2020-05-12,2,189
Evergem,44019,2020-05-13,4,193
Evergem,44019,2020-05-14,0,193
Evergem,44019,2020-05-15,1,194
Evergem,44019,2020-05-16,1,195
Evergem,44019,2020-05-17,1,196
Evergem,44019,2020-05-18,0,196
Evergem,44019,2020-05-19,0,196
Evergem,44019,2020-05-20,2,198
Evergem,44019,2020-05-21,0,198
Evergem,44019,2020-05-22,0,198
Evergem,44019,2020-05-23,0,198
Evergem,44019,2020-05-24,3,201
Evergem,44019,2020-05-25,2,203
Evergem,44019,2020-05-26,0,203
Evergem,44019,2020-05-27,1,204
Evergem,44019,2020-05-28,0,204
Evergem,44019,2020-05-29,0,204
Evergem,44019,2020-05-30,2,206
Evergem,44019,2020-05-31,2,208
Evergem,44019,2020-06-01,1,209
Evergem,44019,2020-06-02,0,209
Evergem,44019,2020-06-03,1,210
Evergem,44019,2020-06-04,0,210
Evergem,44019,2020-06-05,0,210
Evergem,44019,2020-06-06,1,211
Evergem,44019,2020-06-07,1,212
Evergem,44019,2020-06-08,2,214
Evergem,44019,2020-06-09,0,214
Evergem,44019,2020-06-10,1,215
Evergem,44019,2020-06-11,0,215
Evergem,44019,2020-06-12,1,216
Evergem,44019,2020-06-13,0,216
Evergem,44019,2020-06-14,0,216
Evergem,44019,2020-06-15,0,216
Evergem,44019,2020-06-16,0,216
Evergem,44019,2020-06-17,0,216
Evergem,44019,2020-06-18,1,217
Evergem,44019,2020-06-19,1,218
Evergem,44019,2020-06-20,0,218
Evergem,44019,2020-06-23,0,218
Evergem,44019,2020-06-24,0,218
Evergem,44019,2020-06-25,0,218
Evergem,44019,2020-06-26,0,218
Evergem,44019,2020-06-27,0,218
Evergem,44019,2020-06-30,2,220
Evergem,44019,2020-07-01,2,222
Evergem,44019,2020-07-02,0,222
Evergem,44019,2020-07-03,0,222
Evergem,44019,2020-07-04,0,222
Evergem,44019,2020-07-07,0,222
Evergem,44019,2020-07-08,0,222
Evergem,44019,2020-07-09,0,222
Evergem,44019,2020-07-10,0,222
Evergem,44019,2020-07-11,0,222
Evergem,44019,2020-07-14,0,222
Evergem,44019,2020-07-15,0,222
Evergem,44019,2020-07-16,0,222
Evergem,44019,2020-07-17,0,222
Evergem,44019,2020-07-18,0,222
Evergem,44019,2020-07-20,0,222
Evergem,44019,2020-07-21,0,222
Evergem,44019,2020-07-22,0,222
Evergem,44019,2020-07-23,0,222
Evergem,44019,2020-07-24,0,222
Evergem,44019,2020-07-25,1,223
Evergem,44019,2020-07-26,1,224
Evergem,44019,2020-07-27,0,224
Evergem,44019,2020-07-28,1,225
Evergem,44019,2020-07-29,0,225
Evergem,44019,2020-07-30,1,226
Evergem,44019,2020-07-31,0,226
Evergem,44019,2020-08-01,1,227
Evergem,44019,2020-08-02,0,227
Evergem,44019,2020-08-03,0,227
Evergem,44019,2020-08-04,0,227
Evergem,44019,2020-08-05,0,227
Evergem,44019,2020-08-06,0,227
Evergem,44019,2020-08-07,0,227
Evergem,44019,2020-08-08,0,227
Evergem,44019,2020-08-09,2,229
Evergem,44019,2020-08-10,0,229
Evergem,44019,2020-08-11,1,230
Evergem,44019,2020-08-12,0,230
Evergem,44019,2020-08-13,0,230
Evergem,44019,2020-08-14,0,230
Evergem,44019,2020-08-15,0,230
Evergem,44019,2020-08-16,1,231
Evergem,44019,2020-08-17,0,231
Evergem,44019,2020-08-18,0,231
Evergem,44019,2020-08-19,1,232
Evergem,44019,2020-08-20,2,234
Evergem,44019,2020-08-21,0,234
Evergem,44019,2020-08-22,2,236
Evergem,44019,2020-08-23,1,237
Evergem,44019,2020-08-24,0,237
Evergem,44019,2020-08-25,0,237
Evergem,44019,2020-08-26,0,237
Evergem,44019,2020-08-27,0,237
Evergem,44019,2020-08-28,1,238
Evergem,44019,2020-08-29,0,238
Evergem,44019,2020-08-30,0,238
Evergem,44019,2020-08-31,1,239
Evergem,44019,2020-09-01,0,239
Evergem,44019,2020-09-02,2,241
Evergem,44019,2020-09-03,0,241
Evergem,44019,2020-09-04,1,242
Evergem,44019,2020-09-05,0,242
Evergem,44019,2020-09-06,0,242
Evergem,44019,2020-09-07,0,242
Evergem,44019,2020-09-08,1,243
Evergem,44019,2020-09-09,2,245
Evergem,44019,2020-09-10,0,245
Evergem,44019,2020-09-11,1,246
Evergem,44019,2020-09-12,0,246
Evergem,44019,2020-09-13,3,249
Evergem,44019,2020-09-14,3,252
Evergem,44019,2020-09-15,0,252
Evergem,44019,2020-09-16,0,252
Evergem,44019,2020-09-17,1,253
Evergem,44019,2020-09-18,2,255
Evergem,44019,2020-09-19,1,256
Evergem,44019,2020-09-20,1,257
Evergem,44019,2020-09-21,1,258
Evergem,44019,2020-09-22,0,258
Evergem,44019,2020-09-23,1,259
Evergem,44019,2020-09-24,0,259
Evergem,44019,2020-09-25,3,262
Evergem,44019,2020-09-26,2,264
Evergem,44019,2020-09-27,1,265
Evergem,44019,2020-09-28,2,267
Evergem,44019,2020-09-29,0,267
Evergem,44019,2020-09-30,0,267
Evergem,44019,2020-10-01,1,268
Evergem,44019,2020-10-02,1,269
Evergem,44019,2020-10-03,2,271
Evergem,44019,2020-10-04,2,273
Evergem,44019,2020-10-05,0,273
Evergem,44019,2020-10-06,2,275
Evergem,44019,2020-10-07,0,275
Evergem,44019,2020-10-08,2,277
Evergem,44019,2020-10-09,2,279
Evergem,44019,2020-10-10,0,279
Evergem,44019,2020-10-11,6,285
Evergem,44019,2020-10-12,3,288
Evergem,44019,2020-10-13,6,294
Evergem,44019,2020-10-14,5,299
Evergem,44019,2020-10-15,7,306
Evergem,44019,2020-10-16,6,312
Evergem,44019,2020-10-17,5,317
Evergem,44019,2020-10-18,10,327
Evergem,44019,2020-10-19,7,334
Evergem,44019,2020-10-20,4,338
Evergem,44019,2020-10-21,8,346
Evergem,44019,2020-10-22,10,356
Evergem,44019,2020-10-23,19,375
Evergem,44019,2020-10-24,22,397
Evergem,44019,2020-10-25,26,423
Evergem,44019,2020-10-26,29,452
Evergem,44019,2020-10-27,15,467
Evergem,44019,2020-10-28,47,514
Evergem,44019,2020-10-29,40,554
Evergem,44019,2020-10-30,40,594
Evergem,44019,2020-10-31,42,636
Evergem,44019,2020-11-01,50,686
Evergem,44019,2020-11-02,33,719
Evergem,44019,2020-11-03,4,723
Evergem,44019,2020-11-04,17,740
Evergem,44019,2020-11-05,27,767
Evergem,44019,2020-11-06,10,777
Evergem,44019,2020-11-07,14,791
Evergem,44019,2020-11-08,7,798
Evergem,44019,2020-11-09,16,814
Evergem,44019,2020-11-10,3,817
Evergem,44019,2020-11-11,11,828
Gavere,44020,2020-04-01,0,12
Gavere,44020,2020-04-02,4,16
Gavere,44020,2020-04-03,1,17
Gavere,44020,2020-04-04,2,19
Gavere,44020,2020-04-05,1,20
Gavere,44020,2020-04-06,0,20
Gavere,44020,2020-04-07,4,24
Gavere,44020,2020-04-08,4,28
Gavere,44020,2020-04-09,2,30
Gavere,44020,2020-04-10,4,34
Gavere,44020,2020-04-11,0,34
Gavere,44020,2020-04-12,5,39
Gavere,44020,2020-04-13,0,39
Gavere,44020,2020-04-14,0,39
Gavere,44020,2020-04-15,0,39
Gavere,44020,2020-04-16,0,39
Gavere,44020,2020-04-17,0,39
Gavere,44020,2020-04-18,0,39
Gavere,44020,2020-04-19,0,39
Gavere,44020,2020-04-20,0,39
Gavere,44020,2020-04-21,0,39
Gavere,44020,2020-04-22,0,39
Gavere,44020,2020-04-23,1,40
Gavere,44020,2020-04-24,0,40
Gavere,44020,2020-04-25,0,40
Gavere,44020,2020-04-26,0,40
Gavere,44020,2020-04-27,1,41
Gavere,44020,2020-04-28,0,41
Gavere,44020,2020-04-29,0,41
Gavere,44020,2020-04-30,0,41
Gavere,44020,2020-05-01,1,42
Gavere,44020,2020-05-02,0,42
Gavere,44020,2020-05-03,2,44
Gavere,44020,2020-05-04,0,44
Gavere,44020,2020-05-05,0,44
Gavere,44020,2020-05-06,0,44
Gavere,44020,2020-05-07,0,44
Gavere,44020,2020-05-08,0,44
Gavere,44020,2020-05-09,0,44
Gavere,44020,2020-05-10,1,45
Gavere,44020,2020-05-11,0,45
Gavere,44020,2020-05-12,0,45
Gavere,44020,2020-05-13,0,45
Gavere,44020,2020-05-14,0,45
Gavere,44020,2020-05-15,0,45
Gavere,44020,2020-05-16,0,45
Gavere,44020,2020-05-17,0,45
Gavere,44020,2020-05-18,0,45
Gavere,44020,2020-05-19,0,45
Gavere,44020,2020-05-20,0,45
Gavere,44020,2020-05-21,0,45
Gavere,44020,2020-05-22,0,45
Gavere,44020,2020-05-23,0,45
Gavere,44020,2020-05-24,0,45
Gavere,44020,2020-05-25,0,45
Gavere,44020,2020-05-26,1,46
Gavere,44020,2020-05-27,0,46
Gavere,44020,2020-05-28,0,46
Gavere,44020,2020-05-29,0,46
Gavere,44020,2020-05-30,0,46
Gavere,44020,2020-05-31,1,47
Gavere,44020,2020-06-01,0,47
Gavere,44020,2020-06-02,0,47
Gavere,44020,2020-06-03,0,47
Gavere,44020,2020-06-04,0,47
Gavere,44020,2020-06-05,0,47
Gavere,44020,2020-06-06,0,47
Gavere,44020,2020-06-07,0,47
Gavere,44020,2020-06-08,0,47
Gavere,44020,2020-06-09,0,47
Gavere,44020,2020-06-10,0,47
Gavere,44020,2020-06-11,0,47
Gavere,44020,2020-06-12,0,47
Gavere,44020,2020-06-13,0,47
Gavere,44020,2020-06-14,0,47
Gavere,44020,2020-06-15,0,47
Gavere,44020,2020-06-16,0,47
Gavere,44020,2020-06-17,0,47
Gavere,44020,2020-06-18,0,47
Gavere,44020,2020-06-19,0,47
Gavere,44020,2020-06-20,0,47
Gavere,44020,2020-06-23,0,47
Gavere,44020,2020-06-24,0,47
Gavere,44020,2020-06-25,0,47
Gavere,44020,2020-06-26,0,47
Gavere,44020,2020-06-27,0,47
Gavere,44020,2020-06-30,0,47
Gavere,44020,2020-07-01,0,47
Gavere,44020,2020-07-02,0,47
Gavere,44020,2020-07-03,0,47
Gavere,44020,2020-07-04,0,47
Gavere,44020,2020-07-07,0,47
Gavere,44020,2020-07-08,0,47
Gavere,44020,2020-07-09,0,47
Gavere,44020,2020-07-10,0,47
Gavere,44020,2020-07-11,0,47
Gavere,44020,2020-07-14,0,47
Gavere,44020,2020-07-15,0,47
Gavere,44020,2020-07-16,0,47
Gavere,44020,2020-07-17,0,47
Gavere,44020,2020-07-18,0,47
Gavere,44020,2020-07-20,0,47
Gavere,44020,2020-07-21,0,47
Gavere,44020,2020-07-22,1,48
Gavere,44020,2020-07-23,1,49
Gavere,44020,2020-07-24,0,49
Gavere,44020,2020-07-25,0,49
Gavere,44020,2020-07-26,2,51
Gavere,44020,2020-07-27,0,51
Gavere,44020,2020-07-28,0,51
Gavere,44020,2020-07-29,0,51
Gavere,44020,2020-07-30,0,51
Gavere,44020,2020-07-31,0,51
Gavere,44020,2020-08-01,1,52
Gavere,44020,2020-08-02,0,52
Gavere,44020,2020-08-03,1,53
Gavere,44020,2020-08-04,1,54
Gavere,44020,2020-08-05,0,54
Gavere,44020,2020-08-06,0,54
Gavere,44020,2020-08-07,0,54
Gavere,44020,2020-08-08,0,54
Gavere,44020,2020-08-09,1,55
Gavere,44020,2020-08-10,0,55
Gavere,44020,2020-08-11,0,55
Gavere,44020,2020-08-12,0,55
Gavere,44020,2020-08-13,0,55
Gavere,44020,2020-08-14,0,55
Gavere,44020,2020-08-15,1,56
Gavere,44020,2020-08-16,0,56
Gavere,44020,2020-08-17,0,56
Gavere,44020,2020-08-18,0,56
Gavere,44020,2020-08-19,0,56
Gavere,44020,2020-08-20,0,56
Gavere,44020,2020-08-21,1,57
Gavere,44020,2020-08-22,0,57
Gavere,44020,2020-08-23,0,57
Gavere,44020,2020-08-24,0,57
Gavere,44020,2020-08-25,0,57
Gavere,44020,2020-08-26,2,59
Gavere,44020,2020-08-27,2,61
Gavere,44020,2020-08-28,1,62
Gavere,44020,2020-08-29,0,62
Gavere,44020,2020-08-30,2,64
Gavere,44020,2020-08-31,0,64
Gavere,44020,2020-09-01,0,64
Gavere,44020,2020-09-02,0,64
Gavere,44020,2020-09-03,1,65
Gavere,44020,2020-09-04,0,65
Gavere,44020,2020-09-05,0,65
Gavere,44020,2020-09-06,0,65
Gavere,44020,2020-09-07,0,65
Gavere,44020,2020-09-08,0,65
Gavere,44020,2020-09-09,0,65
Gavere,44020,2020-09-10,0,65
Gavere,44020,2020-09-11,2,67
Gavere,44020,2020-09-12,0,67
Gavere,44020,2020-09-13,0,67
Gavere,44020,2020-09-14,0,67
Gavere,44020,2020-09-15,0,67
Gavere,44020,2020-09-16,0,67
Gavere,44020,2020-09-17,1,68
Gavere,44020,2020-09-18,2,70
Gavere,44020,2020-09-19,0,70
Gavere,44020,2020-09-20,2,72
Gavere,44020,2020-09-21,1,73
Gavere,44020,2020-09-22,1,74
Gavere,44020,2020-09-23,2,76
Gavere,44020,2020-09-24,1,77
Gavere,44020,2020-09-25,0,77
Gavere,44020,2020-09-26,1,78
Gavere,44020,2020-09-27,1,79
Gavere,44020,2020-09-28,0,79
Gavere,44020,2020-09-29,2,81
Gavere,44020,2020-09-30,1,82
Gavere,44020,2020-10-01,3,85
Gavere,44020,2020-10-02,3,88
Gavere,44020,2020-10-03,3,91
Gavere,44020,2020-10-04,2,93
Gavere,44020,2020-10-05,2,95
Gavere,44020,2020-10-06,2,97
Gavere,44020,2020-10-07,2,99
Gavere,44020,2020-10-08,8,107
Gavere,44020,2020-10-09,7,114
Gavere,44020,2020-10-10,2,116
Gavere,44020,2020-10-11,7,123
Gavere,44020,2020-10-12,3,126
Gavere,44020,2020-10-13,4,130
Gavere,44020,2020-10-14,5,135
Gavere,44020,2020-10-15,3,138
Gavere,44020,2020-10-16,3,141
Gavere,44020,2020-10-17,7,148
Gavere,44020,2020-10-18,10,158
Gavere,44020,2020-10-19,1,159
Gavere,44020,2020-10-20,5,164
Gavere,44020,2020-10-21,4,168
Gavere,44020,2020-10-22,9,177
Gavere,44020,2020-10-23,7,184
Gavere,44020,2020-10-24,8,192
Gavere,44020,2020-10-25,5,197
Gavere,44020,2020-10-26,12,209
Gavere,44020,2020-10-27,5,214
Gavere,44020,2020-10-28,11,225
Gavere,44020,2020-10-29,14,239
Gavere,44020,2020-10-30,13,252
Gavere,44020,2020-10-31,11,263
Gavere,44020,2020-11-01,8,271
Gavere,44020,2020-11-02,6,277
Gavere,44020,2020-11-03,7,284
Gavere,44020,2020-11-04,3,287
Gavere,44020,2020-11-05,18,305
Gavere,44020,2020-11-06,8,313
Gavere,44020,2020-11-07,17,330
Gavere,44020,2020-11-08,9,339
Gavere,44020,2020-11-09,5,344
Gavere,44020,2020-11-10,4,348
Gavere,44020,2020-11-11,6,354
Gent,44021,2020-04-01,18,226
Gent,44021,2020-04-02,13,239
Gent,44021,2020-04-03,32,271
Gent,44021,2020-04-04,19,290
Gent,44021,2020-04-05,22,312
Gent,44021,2020-04-06,15,327
Gent,44021,2020-04-07,18,345
Gent,44021,2020-04-08,15,360
Gent,44021,2020-04-09,8,368
Gent,44021,2020-04-10,18,386
Gent,44021,2020-04-11,9,395
Gent,44021,2020-04-12,11,406
Gent,44021,2020-04-13,10,416
Gent,44021,2020-04-14,5,421
Gent,44021,2020-04-15,80,501
Gent,44021,2020-04-16,15,516
Gent,44021,2020-04-17,6,522
Gent,44021,2020-04-18,16,538
Gent,44021,2020-04-19,13,551
Gent,44021,2020-04-20,5,556
Gent,44021,2020-04-21,5,561
Gent,44021,2020-04-22,11,572
Gent,44021,2020-04-23,5,577
Gent,44021,2020-04-24,2,579
Gent,44021,2020-04-25,27,606
Gent,44021,2020-04-26,7,613
Gent,44021,2020-04-27,5,618
Gent,44021,2020-04-28,2,620
Gent,44021,2020-04-29,9,629
Gent,44021,2020-04-30,10,639
Gent,44021,2020-05-01,13,652
Gent,44021,2020-05-02,5,657
Gent,44021,2020-05-03,9,666
Gent,44021,2020-05-04,0,666
Gent,44021,2020-05-05,1,667
Gent,44021,2020-05-06,4,671
Gent,44021,2020-05-07,5,676
Gent,44021,2020-05-08,4,680
Gent,44021,2020-05-09,5,685
Gent,44021,2020-05-10,10,695
Gent,44021,2020-05-11,4,699
Gent,44021,2020-05-12,2,701
Gent,44021,2020-05-13,8,709
Gent,44021,2020-05-14,2,711
Gent,44021,2020-05-15,4,715
Gent,44021,2020-05-16,3,718
Gent,44021,2020-05-17,2,720
Gent,44021,2020-05-18,1,721
Gent,44021,2020-05-19,2,723
Gent,44021,2020-05-20,4,727
Gent,44021,2020-05-21,2,729
Gent,44021,2020-05-22,4,733
Gent,44021,2020-05-23,4,737
Gent,44021,2020-05-24,4,741
Gent,44021,2020-05-25,2,743
Gent,44021,2020-05-26,1,744
Gent,44021,2020-05-27,3,747
Gent,44021,2020-05-28,3,750
Gent,44021,2020-05-29,3,753
Gent,44021,2020-05-30,0,753
Gent,44021,2020-05-31,4,757
Gent,44021,2020-06-01,1,758
Gent,44021,2020-06-02,1,759
Gent,44021,2020-06-03,1,760
Gent,44021,2020-06-04,1,761
Gent,44021,2020-06-05,1,762
Gent,44021,2020-06-06,2,764
Gent,44021,2020-06-07,1,765
Gent,44021,2020-06-08,0,765
Gent,44021,2020-06-09,1,766
Gent,44021,2020-06-10,1,767
Gent,44021,2020-06-11,2,769
Gent,44021,2020-06-12,5,774
Gent,44021,2020-06-13,5,779
Gent,44021,2020-06-14,1,780
Gent,44021,2020-06-15,0,780
Gent,44021,2020-06-16,1,781
Gent,44021,2020-06-17,0,781
Gent,44021,2020-06-18,0,781
Gent,44021,2020-06-19,2,783
Gent,44021,2020-06-20,0,783
Gent,44021,2020-06-23,3,786
Gent,44021,2020-06-24,2,788
Gent,44021,2020-06-25,2,790
Gent,44021,2020-06-26,1,791
Gent,44021,2020-06-27,0,791
Gent,44021,2020-06-30,1,792
Gent,44021,2020-07-01,1,793
Gent,44021,2020-07-02,0,793
Gent,44021,2020-07-03,4,797
Gent,44021,2020-07-04,2,799
Gent,44021,2020-07-07,5,804
Gent,44021,2020-07-08,2,806
Gent,44021,2020-07-09,0,806
Gent,44021,2020-07-10,5,811
Gent,44021,2020-07-11,8,819
Gent,44021,2020-07-14,8,827
Gent,44021,2020-07-15,0,827
Gent,44021,2020-07-16,0,827
Gent,44021,2020-07-17,7,834
Gent,44021,2020-07-18,3,837
Gent,44021,2020-07-20,3,840
Gent,44021,2020-07-21,3,843
Gent,44021,2020-07-22,0,843
Gent,44021,2020-07-23,8,851
Gent,44021,2020-07-24,1,852
Gent,44021,2020-07-25,3,855
Gent,44021,2020-07-26,5,860
Gent,44021,2020-07-27,6,866
Gent,44021,2020-07-28,1,867
Gent,44021,2020-07-29,8,875
Gent,44021,2020-07-30,3,878
Gent,44021,2020-07-31,8,886
Gent,44021,2020-08-01,5,891
Gent,44021,2020-08-02,6,897
Gent,44021,2020-08-03,1,898
Gent,44021,2020-08-04,4,902
Gent,44021,2020-08-05,2,904
Gent,44021,2020-08-06,9,913
Gent,44021,2020-08-07,11,924
Gent,44021,2020-08-08,19,943
Gent,44021,2020-08-09,22,965
Gent,44021,2020-08-10,2,967
Gent,44021,2020-08-11,26,993
Gent,44021,2020-08-12,6,999
Gent,44021,2020-08-13,17,1016
Gent,44021,2020-08-14,17,1033
Gent,44021,2020-08-15,23,1056
Gent,44021,2020-08-16,10,1066
Gent,44021,2020-08-17,13,1079
Gent,44021,2020-08-18,5,1084
Gent,44021,2020-08-19,7,1091
Gent,44021,2020-08-20,19,1110
Gent,44021,2020-08-21,25,1135
Gent,44021,2020-08-22,12,1147
Gent,44021,2020-08-23,19,1166
Gent,44021,2020-08-24,12,1178
Gent,44021,2020-08-25,3,1181
Gent,44021,2020-08-26,4,1185
Gent,44021,2020-08-27,27,1212
Gent,44021,2020-08-28,14,1226
Gent,44021,2020-08-29,6,1232
Gent,44021,2020-08-30,17,1249
Gent,44021,2020-08-31,4,1253
Gent,44021,2020-09-01,3,1256
Gent,44021,2020-09-02,9,1265
Gent,44021,2020-09-03,11,1276
Gent,44021,2020-09-04,16,1292
Gent,44021,2020-09-05,15,1307
Gent,44021,2020-09-06,22,1329
Gent,44021,2020-09-07,10,1339
Gent,44021,2020-09-08,23,1362
Gent,44021,2020-09-09,4,1366
Gent,44021,2020-09-10,21,1387
Gent,44021,2020-09-11,17,1404
Gent,44021,2020-09-12,46,1450
Gent,44021,2020-09-13,30,1480
Gent,44021,2020-09-14,40,1520
Gent,44021,2020-09-15,6,1526
Gent,44021,2020-09-16,12,1538
Gent,44021,2020-09-17,19,1557
Gent,44021,2020-09-18,38,1595
Gent,44021,2020-09-19,47,1642
Gent,44021,2020-09-20,14,1656
Gent,44021,2020-09-21,32,1688
Gent,44021,2020-09-22,9,1697
Gent,44021,2020-09-23,33,1730
Gent,44021,2020-09-24,17,1747
Gent,44021,2020-09-25,40,1787
Gent,44021,2020-09-26,32,1819
Gent,44021,2020-09-27,41,1860
Gent,44021,2020-09-28,12,1872
Gent,44021,2020-09-29,16,1888
Gent,44021,2020-09-30,22,1910
Gent,44021,2020-10-01,21,1931
Gent,44021,2020-10-02,41,1972
Gent,44021,2020-10-03,63,2035
Gent,44021,2020-10-04,50,2085
Gent,44021,2020-10-05,24,2109
Gent,44021,2020-10-06,9,2118
Gent,44021,2020-10-07,15,2133
Gent,44021,2020-10-08,46,2179
Gent,44021,2020-10-09,56,2235
Gent,44021,2020-10-10,39,2274
Gent,44021,2020-10-11,70,2344
Gent,44021,2020-10-12,37,2381
Gent,44021,2020-10-13,29,2410
Gent,44021,2020-10-14,60,2470
Gent,44021,2020-10-15,111,2581
Gent,44021,2020-10-16,94,2675
Gent,44021,2020-10-17,78,2753
Gent,44021,2020-10-18,129,2882
Gent,44021,2020-10-19,144,3026
Gent,44021,2020-10-20,48,3074
Gent,44021,2020-10-21,129,3203
Gent,44021,2020-10-22,179,3382
Gent,44021,2020-10-23,260,3642
Gent,44021,2020-10-24,169,3811
Gent,44021,2020-10-25,251,4062
Gent,44021,2020-10-26,219,4281
Gent,44021,2020-10-27,164,4445
Gent,44021,2020-10-28,139,4584
Gent,44021,2020-10-29,315,4899
Gent,44021,2020-10-30,328,5227
Gent,44021,2020-10-31,257,5484
Gent,44021,2020-11-01,245,5729
Gent,44021,2020-11-02,195,5924
Gent,44021,2020-11-03,68,5992
Gent,44021,2020-11-04,100,6092
Gent,44021,2020-11-05,219,6311
Gent,44021,2020-11-06,159,6470
Gent,44021,2020-11-07,152,6622
Gent,44021,2020-11-08,123,6745
Gent,44021,2020-11-09,147,6892
Gent,44021,2020-11-10,34,6926
Gent,44021,2020-11-11,68,6994
Lochristi,44034,2020-04-01,1,20
Lochristi,44034,2020-04-02,2,22
Lochristi,44034,2020-04-03,4,26
Lochristi,44034,2020-04-04,3,29
Lochristi,44034,2020-04-05,1,30
Lochristi,44034,2020-04-06,0,30
Lochristi,44034,2020-04-07,0,30
Lochristi,44034,2020-04-08,2,32
Lochristi,44034,2020-04-09,3,35
Lochristi,44034,2020-04-10,1,36
Lochristi,44034,2020-04-11,1,37
Lochristi,44034,2020-04-12,4,41
Lochristi,44034,2020-04-13,1,42
Lochristi,44034,2020-04-14,2,44
Lochristi,44034,2020-04-15,3,47
Lochristi,44034,2020-04-16,2,49
Lochristi,44034,2020-04-17,1,50
Lochristi,44034,2020-04-18,3,53
Lochristi,44034,2020-04-19,5,58
Lochristi,44034,2020-04-20,3,61
Lochristi,44034,2020-04-21,0,61
Lochristi,44034,2020-04-22,0,61
Lochristi,44034,2020-04-23,0,61
Lochristi,44034,2020-04-24,1,62
Lochristi,44034,2020-04-25,1,63
Lochristi,44034,2020-04-26,1,64
Lochristi,44034,2020-04-27,2,66
Lochristi,44034,2020-04-28,0,66
Lochristi,44034,2020-04-29,3,69
Lochristi,44034,2020-04-30,1,70
Lochristi,44034,2020-05-01,0,70
Lochristi,44034,2020-05-02,2,72
Lochristi,44034,2020-05-03,1,73
Lochristi,44034,2020-05-04,0,73
Lochristi,44034,2020-05-05,1,74
Lochristi,44034,2020-05-06,0,74
Lochristi,44034,2020-05-07,0,74
Lochristi,44034,2020-05-08,2,76
Lochristi,44034,2020-05-09,3,79
Lochristi,44034,2020-05-10,2,81
Lochristi,44034,2020-05-11,0,81
Lochristi,44034,2020-05-12,0,81
Lochristi,44034,2020-05-13,0,81
Lochristi,44034,2020-05-14,0,81
Lochristi,44034,2020-05-15,0,81
Lochristi,44034,2020-05-16,0,81
Lochristi,44034,2020-05-17,0,81
Lochristi,44034,2020-05-18,0,81
Lochristi,44034,2020-05-19,0,81
Lochristi,44034,2020-05-20,0,81
Lochristi,44034,2020-05-21,0,81
Lochristi,44034,2020-05-22,0,81
Lochristi,44034,2020-05-23,0,81
Lochristi,44034,2020-05-24,0,81
Lochristi,44034,2020-05-25,0,81
Lochristi,44034,2020-05-26,0,81
Lochristi,44034,2020-05-27,2,83
Lochristi,44034,2020-05-28,0,83
Lochristi,44034,2020-05-29,0,83
Lochristi,44034,2020-05-30,1,84
Lochristi,44034,2020-05-31,0,84
Lochristi,44034,2020-06-01,0,84
Lochristi,44034,2020-06-02,0,84
Lochristi,44034,2020-06-03,0,84
Lochristi,44034,2020-06-04,0,84
Lochristi,44034,2020-06-05,0,84
Lochristi,44034,2020-06-06,0,84
Lochristi,44034,2020-06-07,0,84
Lochristi,44034,2020-06-08,0,84
Lochristi,44034,2020-06-09,0,84
Lochristi,44034,2020-06-10,0,84
Lochristi,44034,2020-06-11,0,84
Lochristi,44034,2020-06-12,0,84
Lochristi,44034,2020-06-13,0,84
Lochristi,44034,2020-06-14,0,84
Lochristi,44034,2020-06-15,0,84
Lochristi,44034,2020-06-16,0,84
Lochristi,44034,2020-06-17,0,84
Lochristi,44034,2020-06-18,0,84
Lochristi,44034,2020-06-19,0,84
Lochristi,44034,2020-06-20,0,84
Lochristi,44034,2020-06-23,1,85
Lochristi,44034,2020-06-24,0,85
Lochristi,44034,2020-06-25,0,85
Lochristi,44034,2020-06-26,0,85
Lochristi,44034,2020-06-27,0,85
Lochristi,44034,2020-06-30,0,85
Lochristi,44034,2020-07-01,0,85
Lochristi,44034,2020-07-02,0,85
Lochristi,44034,2020-07-03,0,85
Lochristi,44034,2020-07-04,0,85
Lochristi,44034,2020-07-07,1,86
Lochristi,44034,2020-07-08,0,86
Lochristi,44034,2020-07-09,1,87
Lochristi,44034,2020-07-10,0,87
Lochristi,44034,2020-07-11,0,87
Lochristi,44034,2020-07-14,0,87
Lochristi,44034,2020-07-15,0,87
Lochristi,44034,2020-07-16,0,87
Lochristi,44034,2020-07-17,0,87
Lochristi,44034,2020-07-18,0,87
Lochristi,44034,2020-07-20,0,87
Lochristi,44034,2020-07-21,0,87
Lochristi,44034,2020-07-22,0,87
Lochristi,44034,2020-07-23,0,87
Lochristi,44034,2020-07-24,0,87
Lochristi,44034,2020-07-25,0,87
Lochristi,44034,2020-07-26,0,87
Lochristi,44034,2020-07-27,0,87
Lochristi,44034,2020-07-28,1,88
Lochristi,44034,2020-07-29,0,88
Lochristi,44034,2020-07-30,0,88
Lochristi,44034,2020-07-31,1,89
Lochristi,44034,2020-08-01,0,89
Lochristi,44034,2020-08-02,0,89
Lochristi,44034,2020-08-03,0,89
Lochristi,44034,2020-08-04,0,89
Lochristi,44034,2020-08-05,0,89
Lochristi,44034,2020-08-06,0,89
Lochristi,44034,2020-08-07,0,89
Lochristi,44034,2020-08-08,0,89
Lochristi,44034,2020-08-09,0,89
Lochristi,44034,2020-08-10,0,89
Lochristi,44034,2020-08-11,0,89
Lochristi,44034,2020-08-12,0,89
Lochristi,44034,2020-08-13,0,89
Lochristi,44034,2020-08-14,1,90
Lochristi,44034,2020-08-15,1,91
Lochristi,44034,2020-08-16,1,92
Lochristi,44034,2020-08-17,1,93
Lochristi,44034,2020-08-18,0,93
Lochristi,44034,2020-08-19,0,93
Lochristi,44034,2020-08-20,1,94
Lochristi,44034,2020-08-21,0,94
Lochristi,44034,2020-08-22,1,95
Lochristi,44034,2020-08-23,0,95
Lochristi,44034,2020-08-24,0,95
Lochristi,44034,2020-08-25,0,95
Lochristi,44034,2020-08-26,0,95
Lochristi,44034,2020-08-27,1,96
Lochristi,44034,2020-08-28,0,96
Lochristi,44034,2020-08-29,2,98
Lochristi,44034,2020-08-30,0,98
Lochristi,44034,2020-08-31,0,98
Lochristi,44034,2020-09-01,0,98
Lochristi,44034,2020-09-02,0,98
Lochristi,44034,2020-09-03,0,98
Lochristi,44034,2020-09-04,0,98
Lochristi,44034,2020-09-05,0,98
Lochristi,44034,2020-09-06,1,99
Lochristi,44034,2020-09-07,0,99
Lochristi,44034,2020-09-08,0,99
Lochristi,44034,2020-09-09,0,99
Lochristi,44034,2020-09-10,0,99
Lochristi,44034,2020-09-11,0,99
Lochristi,44034,2020-09-12,0,99
Lochristi,44034,2020-09-13,0,99
Lochristi,44034,2020-09-14,2,101
Lochristi,44034,2020-09-15,0,101
Lochristi,44034,2020-09-16,0,101
Lochristi,44034,2020-09-17,0,101
Lochristi,44034,2020-09-18,6,107
Lochristi,44034,2020-09-19,1,108
Lochristi,44034,2020-09-20,0,108
Lochristi,44034,2020-09-21,5,113
Lochristi,44034,2020-09-22,0,113
Lochristi,44034,2020-09-23,0,113
Lochristi,44034,2020-09-24,0,113
Lochristi,44034,2020-09-25,0,113
Lochristi,44034,2020-09-26,0,113
Lochristi,44034,2020-09-27,2,115
Lochristi,44034,2020-09-28,0,115
Lochristi,44034,2020-09-29,0,115
Lochristi,44034,2020-09-30,0,115
Lochristi,44034,2020-10-01,0,115
Lochristi,44034,2020-10-02,2,117
Lochristi,44034,2020-10-03,3,120
Lochristi,44034,2020-10-04,0,120
Lochristi,44034,2020-10-05,0,120
Lochristi,44034,2020-10-06,1,121
Lochristi,44034,2020-10-07,1,122
Lochristi,44034,2020-10-08,3,125
Lochristi,44034,2020-10-09,3,128
Lochristi,44034,2020-10-10,2,130
Lochristi,44034,2020-10-11,7,137
Lochristi,44034,2020-10-12,2,139
Lochristi,44034,2020-10-13,1,140
Lochristi,44034,2020-10-14,10,150
Lochristi,44034,2020-10-15,8,158
Lochristi,44034,2020-10-16,10,168
Lochristi,44034,2020-10-17,3,171
Lochristi,44034,2020-10-18,15,186
Lochristi,44034,2020-10-19,8,194
Lochristi,44034,2020-10-20,9,203
Lochristi,44034,2020-10-21,20,223
Lochristi,44034,2020-10-22,13,236
Lochristi,44034,2020-10-23,23,259
Lochristi,44034,2020-10-24,14,273
Lochristi,44034,2020-10-25,29,302
Lochristi,44034,2020-10-26,35,337
Lochristi,44034,2020-10-27,34,371
Lochristi,44034,2020-10-28,13,384
Lochristi,44034,2020-10-29,21,405
Lochristi,44034,2020-10-30,26,431
Lochristi,44034,2020-10-31,24,455
Lochristi,44034,2020-11-01,60,515
Lochristi,44034,2020-11-02,13,528
Lochristi,44034,2020-11-03,6,534
Lochristi,44034,2020-11-04,14,548
Lochristi,44034,2020-11-05,10,558
Lochristi,44034,2020-11-06,15,573
Lochristi,44034,2020-11-07,9,582
Lochristi,44034,2020-11-08,9,591
Lochristi,44034,2020-11-09,10,601
Lochristi,44034,2020-11-10,7,608
Lochristi,44034,2020-11-11,3,611
Melle,44040,2020-04-01,2,19
Melle,44040,2020-04-02,0,19
Melle,44040,2020-04-03,1,20
Melle,44040,2020-04-04,0,20
Melle,44040,2020-04-05,2,22
Melle,44040,2020-04-06,0,22
Melle,44040,2020-04-07,1,23
Melle,44040,2020-04-08,0,23
Melle,44040,2020-04-09,1,24
Melle,44040,2020-04-10,0,24
Melle,44040,2020-04-11,1,25
Melle,44040,2020-04-12,0,25
Melle,44040,2020-04-13,1,26
Melle,44040,2020-04-14,0,26
Melle,44040,2020-04-15,1,27
Melle,44040,2020-04-16,0,27
Melle,44040,2020-04-17,1,28
Melle,44040,2020-04-18,0,28
Melle,44040,2020-04-19,0,28
Melle,44040,2020-04-20,1,29
Melle,44040,2020-04-21,0,29
Melle,44040,2020-04-22,0,29
Melle,44040,2020-04-23,1,30
Melle,44040,2020-04-24,1,31
Melle,44040,2020-04-25,0,31
Melle,44040,2020-04-26,0,31
Melle,44040,2020-04-27,0,31
Melle,44040,2020-04-28,0,31
Melle,44040,2020-04-29,0,31
Melle,44040,2020-04-30,1,32
Melle,44040,2020-05-01,0,32
Melle,44040,2020-05-02,0,32
Melle,44040,2020-05-03,0,32
Melle,44040,2020-05-04,0,32
Melle,44040,2020-05-05,0,32
Melle,44040,2020-05-06,0,32
Melle,44040,2020-05-07,0,32
Melle,44040,2020-05-08,1,33
Melle,44040,2020-05-09,0,33
Melle,44040,2020-05-10,0,33
Melle,44040,2020-05-11,0,33
Melle,44040,2020-05-12,0,33
Melle,44040,2020-05-13,0,33
Melle,44040,2020-05-14,0,33
Melle,44040,2020-05-15,0,33
Melle,44040,2020-05-16,0,33
Melle,44040,2020-05-17,0,33
Melle,44040,2020-05-18,0,33
Melle,44040,2020-05-19,0,33
Melle,44040,2020-05-20,0,33
Melle,44040,2020-05-21,0,33
Melle,44040,2020-05-22,0,33
Melle,44040,2020-05-23,0,33
Melle,44040,2020-05-24,1,34
Melle,44040,2020-05-25,0,34
Melle,44040,2020-05-26,0,34
Melle,44040,2020-05-27,0,34
Melle,44040,2020-05-28,0,34
Melle,44040,2020-05-29,0,34
Melle,44040,2020-05-30,0,34
Melle,44040,2020-05-31,1,35
Melle,44040,2020-06-01,1,36
Melle,44040,2020-06-02,0,36
Melle,44040,2020-06-03,0,36
Melle,44040,2020-06-04,0,36
Melle,44040,2020-06-05,0,36
Melle,44040,2020-06-06,0,36
Melle,44040,2020-06-07,0,36
Melle,44040,2020-06-08,0,36
Melle,44040,2020-06-09,0,36
Melle,44040,2020-06-10,0,36
Melle,44040,2020-06-11,0,36
Melle,44040,2020-06-12,0,36
Melle,44040,2020-06-13,0,36
Melle,44040,2020-06-14,0,36
Melle,44040,2020-06-15,0,36
Melle,44040,2020-06-16,0,36
Melle,44040,2020-06-17,0,36
Melle,44040,2020-06-18,0,36
Melle,44040,2020-06-19,0,36
Melle,44040,2020-06-20,0,36
Melle,44040,2020-06-23,0,36
Melle,44040,2020-06-24,0,36
Melle,44040,2020-06-25,0,36
Melle,44040,2020-06-26,0,36
Melle,44040,2020-06-27,0,36
Melle,44040,2020-06-30,0,36
Melle,44040,2020-07-01,0,36
Melle,44040,2020-07-02,0,36
Melle,44040,2020-07-03,0,36
Melle,44040,2020-07-04,0,36
Melle,44040,2020-07-07,0,36
Melle,44040,2020-07-08,0,36
Melle,44040,2020-07-09,0,36
Melle,44040,2020-07-10,0,36
Melle,44040,2020-07-11,0,36
Melle,44040,2020-07-14,0,36
Melle,44040,2020-07-15,0,36
Melle,44040,2020-07-16,1,37
Melle,44040,2020-07-17,0,37
Melle,44040,2020-07-18,0,37
Melle,44040,2020-07-20,0,37
Melle,44040,2020-07-21,0,37
Melle,44040,2020-07-22,0,37
Melle,44040,2020-07-23,0,37
Melle,44040,2020-07-24,0,37
Melle,44040,2020-07-25,1,38
Melle,44040,2020-07-26,0,38
Melle,44040,2020-07-27,0,38
Melle,44040,2020-07-28,0,38
Melle,44040,2020-07-29,0,38
Melle,44040,2020-07-30,0,38
Melle,44040,2020-07-31,0,38
Melle,44040,2020-08-01,0,38
Melle,44040,2020-08-02,0,38
Melle,44040,2020-08-03,0,38
Melle,44040,2020-08-04,0,38
Melle,44040,2020-08-05,1,39
Melle,44040,2020-08-06,0,39
Melle,44040,2020-08-07,0,39
Melle,44040,2020-08-08,2,41
Melle,44040,2020-08-09,1,42
Melle,44040,2020-08-10,0,42
Melle,44040,2020-08-11,1,43
Melle,44040,2020-08-12,1,44
Melle,44040,2020-08-13,0,44
Melle,44040,2020-08-14,0,44
Melle,44040,2020-08-15,0,44
Melle,44040,2020-08-16,3,47
Melle,44040,2020-08-17,0,47
Melle,44040,2020-08-18,0,47
Melle,44040,2020-08-19,2,49
Melle,44040,2020-08-20,0,49
Melle,44040,2020-08-21,2,51
Melle,44040,2020-08-22,0,51
Melle,44040,2020-08-23,1,52
Melle,44040,2020-08-24,2,54
Melle,44040,2020-08-25,0,54
Melle,44040,2020-08-26,0,54
Melle,44040,2020-08-27,0,54
Melle,44040,2020-08-28,1,55
Melle,44040,2020-08-29,0,55
Melle,44040,2020-08-30,0,55
Melle,44040,2020-08-31,0,55
Melle,44040,2020-09-01,0,55
Melle,44040,2020-09-02,0,55
Melle,44040,2020-09-03,0,55
Melle,44040,2020-09-04,0,55
Melle,44040,2020-09-05,0,55
Melle,44040,2020-09-06,0,55
Melle,44040,2020-09-07,0,55
Melle,44040,2020-09-08,0,55
Melle,44040,2020-09-09,0,55
Melle,44040,2020-09-10,0,55
Melle,44040,2020-09-11,1,56
Melle,44040,2020-09-12,1,57
Melle,44040,2020-09-13,0,57
Melle,44040,2020-09-14,2,59
Melle,44040,2020-09-15,0,59
Melle,44040,2020-09-16,0,59
Melle,44040,2020-09-17,1,60
Melle,44040,2020-09-18,0,60
Melle,44040,2020-09-19,2,62
Melle,44040,2020-09-20,0,62
Melle,44040,2020-09-21,3,65
Melle,44040,2020-09-22,0,65
Melle,44040,2020-09-23,0,65
Melle,44040,2020-09-24,1,66
Melle,44040,2020-09-25,0,66
Melle,44040,2020-09-26,0,66
Melle,44040,2020-09-27,0,66
Melle,44040,2020-09-28,1,67
Melle,44040,2020-09-29,0,67
Melle,44040,2020-09-30,3,70
Melle,44040,2020-10-01,5,75
Melle,44040,2020-10-02,2,77
Melle,44040,2020-10-03,1,78
Melle,44040,2020-10-04,1,79
Melle,44040,2020-10-05,0,79
Melle,44040,2020-10-06,0,79
Melle,44040,2020-10-07,0,79
Melle,44040,2020-10-08,2,81
Melle,44040,2020-10-09,1,82
Melle,44040,2020-10-10,0,82
Melle,44040,2020-10-11,3,85
Melle,44040,2020-10-12,2,87
Melle,44040,2020-10-13,1,88
Melle,44040,2020-10-14,2,90
Melle,44040,2020-10-15,4,94
Melle,44040,2020-10-16,4,98
Melle,44040,2020-10-17,8,106
Melle,44040,2020-10-18,15,121
Melle,44040,2020-10-19,4,125
Melle,44040,2020-10-20,5,130
Melle,44040,2020-10-21,7,137
Melle,44040,2020-10-22,9,146
Melle,44040,2020-10-23,11,157
Melle,44040,2020-10-24,6,163
Melle,44040,2020-10-25,9,172
Melle,44040,2020-10-26,3,175
Melle,44040,2020-10-27,3,178
Melle,44040,2020-10-28,5,183
Melle,44040,2020-10-29,17,200
Melle,44040,2020-10-30,11,211
Melle,44040,2020-10-31,23,234
Melle,44040,2020-11-01,12,246
Melle,44040,2020-11-02,9,255
Melle,44040,2020-11-03,4,259
Melle,44040,2020-11-04,2,261
Melle,44040,2020-11-05,20,281
Melle,44040,2020-11-06,6,287
Melle,44040,2020-11-07,7,294
Melle,44040,2020-11-08,1,295
Melle,44040,2020-11-09,11,306
Melle,44040,2020-11-10,3,309
Melle,44040,2020-11-11,9,318
Merelbeke,44043,2020-04-01,3,29
Merelbeke,44043,2020-04-02,1,30
Merelbeke,44043,2020-04-03,3,33
Merelbeke,44043,2020-04-04,4,37
Merelbeke,44043,2020-04-05,2,39
Merelbeke,44043,2020-04-06,1,40
Merelbeke,44043,2020-04-07,0,40
Merelbeke,44043,2020-04-08,1,41
Merelbeke,44043,2020-04-09,2,43
Merelbeke,44043,2020-04-10,1,44
Merelbeke,44043,2020-04-11,1,45
Merelbeke,44043,2020-04-12,4,49
Merelbeke,44043,2020-04-13,4,53
Merelbeke,44043,2020-04-14,1,54
Merelbeke,44043,2020-04-15,6,60
Merelbeke,44043,2020-04-16,0,60
Merelbeke,44043,2020-04-17,3,63
Merelbeke,44043,2020-04-18,2,65
Merelbeke,44043,2020-04-19,0,65
Merelbeke,44043,2020-04-20,0,65
Merelbeke,44043,2020-04-21,0,65
Merelbeke,44043,2020-04-22,3,68
Merelbeke,44043,2020-04-23,2,70
Merelbeke,44043,2020-04-24,0,70
Merelbeke,44043,2020-04-25,2,72
Merelbeke,44043,2020-04-26,0,72
Merelbeke,44043,2020-04-27,3,75
Merelbeke,44043,2020-04-28,0,75
Merelbeke,44043,2020-04-29,0,75
Merelbeke,44043,2020-04-30,1,76
Merelbeke,44043,2020-05-01,0,76
Merelbeke,44043,2020-05-02,1,77
Merelbeke,44043,2020-05-03,0,77
Merelbeke,44043,2020-05-04,0,77
Merelbeke,44043,2020-05-05,0,77
Merelbeke,44043,2020-05-06,0,77
Merelbeke,44043,2020-05-07,0,77
Merelbeke,44043,2020-05-08,0,77
Merelbeke,44043,2020-05-09,0,77
Merelbeke,44043,2020-05-10,1,78
Merelbeke,44043,2020-05-11,0,78
Merelbeke,44043,2020-05-12,0,78
Merelbeke,44043,2020-05-13,0,78
Merelbeke,44043,2020-05-14,0,78
Merelbeke,44043,2020-05-15,0,78
Merelbeke,44043,2020-05-16,0,78
Merelbeke,44043,2020-05-17,0,78
Merelbeke,44043,2020-05-18,0,78
Merelbeke,44043,2020-05-19,0,78
Merelbeke,44043,2020-05-20,0,78
Merelbeke,44043,2020-05-21,0,78
Merelbeke,44043,2020-05-22,0,78
Merelbeke,44043,2020-05-23,0,78
Merelbeke,44043,2020-05-24,0,78
Merelbeke,44043,2020-05-25,0,78
Merelbeke,44043,2020-05-26,0,78
Merelbeke,44043,2020-05-27,0,78
Merelbeke,44043,2020-05-28,0,78
Merelbeke,44043,2020-05-29,1,79
Merelbeke,44043,2020-05-30,0,79
Merelbeke,44043,2020-05-31,0,79
Merelbeke,44043,2020-06-01,0,79
Merelbeke,44043,2020-06-02,0,79
Merelbeke,44043,2020-06-03,0,79
Merelbeke,44043,2020-06-04,0,79
Merelbeke,44043,2020-06-05,0,79
Merelbeke,44043,2020-06-06,0,79
Merelbeke,44043,2020-06-07,0,79
Merelbeke,44043,2020-06-08,0,79
Merelbeke,44043,2020-06-09,0,79
Merelbeke,44043,2020-06-10,0,79
Merelbeke,44043,2020-06-11,0,79
Merelbeke,44043,2020-06-12,0,79
Merelbeke,44043,2020-06-13,1,80
Merelbeke,44043,2020-06-14,0,80
Merelbeke,44043,2020-06-15,0,80
Merelbeke,44043,2020-06-16,0,80
Merelbeke,44043,2020-06-17,0,80
Merelbeke,44043,2020-06-18,0,80
Merelbeke,44043,2020-06-19,1,81
Merelbeke,44043,2020-06-20,0,81
Merelbeke,44043,2020-06-23,0,81
Merelbeke,44043,2020-06-24,0,81
Merelbeke,44043,2020-06-25,0,81
Merelbeke,44043,2020-06-26,0,81
Merelbeke,44043,2020-06-27,0,81
Merelbeke,44043,2020-06-30,0,81
Merelbeke,44043,2020-07-01,0,81
Merelbeke,44043,2020-07-02,0,81
Merelbeke,44043,2020-07-03,0,81
Merelbeke,44043,2020-07-04,0,81
Merelbeke,44043,2020-07-07,0,81
Merelbeke,44043,2020-07-08,0,81
Merelbeke,44043,2020-07-09,0,81
Merelbeke,44043,2020-07-10,1,82
Merelbeke,44043,2020-07-11,1,83
Merelbeke,44043,2020-07-14,0,83
Merelbeke,44043,2020-07-15,0,83
Merelbeke,44043,2020-07-16,0,83
Merelbeke,44043,2020-07-17,1,84
Merelbeke,44043,2020-07-18,1,85
Merelbeke,44043,2020-07-20,0,85
Merelbeke,44043,2020-07-21,0,85
Merelbeke,44043,2020-07-22,0,85
Merelbeke,44043,2020-07-23,0,85
Merelbeke,44043,2020-07-24,0,85
Merelbeke,44043,2020-07-25,1,86
Merelbeke,44043,2020-07-26,0,86
Merelbeke,44043,2020-07-27,0,86
Merelbeke,44043,2020-07-28,1,87
Merelbeke,44043,2020-07-29,1,88
Merelbeke,44043,2020-07-30,0,88
Merelbeke,44043,2020-07-31,1,89
Merelbeke,44043,2020-08-01,0,89
Merelbeke,44043,2020-08-02,0,89
Merelbeke,44043,2020-08-03,0,89
Merelbeke,44043,2020-08-04,0,89
Merelbeke,44043,2020-08-05,0,89
Merelbeke,44043,2020-08-06,0,89
Merelbeke,44043,2020-08-07,0,89
Merelbeke,44043,2020-08-08,1,90
Merelbeke,44043,2020-08-09,2,92
Merelbeke,44043,2020-08-10,0,92
Merelbeke,44043,2020-08-11,0,92
Merelbeke,44043,2020-08-12,1,93
Merelbeke,44043,2020-08-13,2,95
Merelbeke,44043,2020-08-14,0,95
Merelbeke,44043,2020-08-15,0,95
Merelbeke,44043,2020-08-16,0,95
Merelbeke,44043,2020-08-17,0,95
Merelbeke,44043,2020-08-18,0,95
Merelbeke,44043,2020-08-19,0,95
Merelbeke,44043,2020-08-20,0,95
Merelbeke,44043,2020-08-21,0,95
Merelbeke,44043,2020-08-22,0,95
Merelbeke,44043,2020-08-23,0,95
Merelbeke,44043,2020-08-24,0,95
Merelbeke,44043,2020-08-25,0,95
Merelbeke,44043,2020-08-26,1,96
Merelbeke,44043,2020-08-27,0,96
Merelbeke,44043,2020-08-28,0,96
Merelbeke,44043,2020-08-29,0,96
Merelbeke,44043,2020-08-30,0,96
Merelbeke,44043,2020-08-31,3,99
Merelbeke,44043,2020-09-01,0,99
Merelbeke,44043,2020-09-02,0,99
Merelbeke,44043,2020-09-03,2,101
Merelbeke,44043,2020-09-04,0,101
Merelbeke,44043,2020-09-05,1,102
Merelbeke,44043,2020-09-06,1,103
Merelbeke,44043,2020-09-07,0,103
Merelbeke,44043,2020-09-08,0,103
Merelbeke,44043,2020-09-09,0,103
Merelbeke,44043,2020-09-10,1,104
Merelbeke,44043,2020-09-11,2,106
Merelbeke,44043,2020-09-12,1,107
Merelbeke,44043,2020-09-13,3,110
Merelbeke,44043,2020-09-14,3,113
Merelbeke,44043,2020-09-15,1,114
Merelbeke,44043,2020-09-16,1,115
Merelbeke,44043,2020-09-17,3,118
Merelbeke,44043,2020-09-18,1,119
Merelbeke,44043,2020-09-19,3,122
Merelbeke,44043,2020-09-20,-2,120
Merelbeke,44043,2020-09-21,7,127
Merelbeke,44043,2020-09-22,0,127
Merelbeke,44043,2020-09-23,1,128
Merelbeke,44043,2020-09-24,0,128
Merelbeke,44043,2020-09-25,1,129
Merelbeke,44043,2020-09-26,1,130
Merelbeke,44043,2020-09-27,0,130
Merelbeke,44043,2020-09-28,0,130
Merelbeke,44043,2020-09-29,0,130
Merelbeke,44043,2020-09-30,0,130
Merelbeke,44043,2020-10-01,3,133
Merelbeke,44043,2020-10-02,1,134
Merelbeke,44043,2020-10-03,3,137
Merelbeke,44043,2020-10-04,2,139
Merelbeke,44043,2020-10-05,3,142
Merelbeke,44043,2020-10-06,0,142
Merelbeke,44043,2020-10-07,2,144
Merelbeke,44043,2020-10-08,6,150
Merelbeke,44043,2020-10-09,3,153
Merelbeke,44043,2020-10-10,2,155
Merelbeke,44043,2020-10-11,5,160
Merelbeke,44043,2020-10-12,5,165
Merelbeke,44043,2020-10-13,0,165
Merelbeke,44043,2020-10-14,8,173
Merelbeke,44043,2020-10-15,7,180
Merelbeke,44043,2020-10-16,6,186
Merelbeke,44043,2020-10-17,9,195
Merelbeke,44043,2020-10-18,20,215
Merelbeke,44043,2020-10-19,4,219
Merelbeke,44043,2020-10-20,6,225
Merelbeke,44043,2020-10-21,15,240
Merelbeke,44043,2020-10-22,11,251
Merelbeke,44043,2020-10-23,12,263
Merelbeke,44043,2020-10-24,14,277
Merelbeke,44043,2020-10-25,17,294
Merelbeke,44043,2020-10-26,16,310
Merelbeke,44043,2020-10-27,17,327
Merelbeke,44043,2020-10-28,14,341
Merelbeke,44043,2020-10-29,28,369
Merelbeke,44043,2020-10-30,21,390
Merelbeke,44043,2020-10-31,22,412
Merelbeke,44043,2020-11-01,24,436
Merelbeke,44043,2020-11-02,15,451
Merelbeke,44043,2020-11-03,11,462
Merelbeke,44043,2020-11-04,3,465
Merelbeke,44043,2020-11-05,24,489
Merelbeke,44043,2020-11-06,13,502
Merelbeke,44043,2020-11-07,7,509
Merelbeke,44043,2020-11-08,5,514
Merelbeke,44043,2020-11-09,12,526
Merelbeke,44043,2020-11-10,2,528
Merelbeke,44043,2020-11-11,5,533
Moerbeke (Gent),44045,2020-04-01,1,10
Moerbeke (Gent),44045,2020-04-02,0,10
Moerbeke (Gent),44045,2020-04-03,1,11
Moerbeke (Gent),44045,2020-04-04,0,11
Moerbeke (Gent),44045,2020-04-05,0,11
Moerbeke (Gent),44045,2020-04-06,0,11
Moerbeke (Gent),44045,2020-04-07,1,12
Moerbeke (Gent),44045,2020-04-08,0,12
Moerbeke (Gent),44045,2020-04-09,1,13
Moerbeke (Gent),44045,2020-04-10,1,14
Moerbeke (Gent),44045,2020-04-11,0,14
Moerbeke (Gent),44045,2020-04-12,1,15
Moerbeke (Gent),44045,2020-04-13,0,15
Moerbeke (Gent),44045,2020-04-14,0,15
Moerbeke (Gent),44045,2020-04-15,3,18
Moerbeke (Gent),44045,2020-04-16,0,18
Moerbeke (Gent),44045,2020-04-17,0,18
Moerbeke (Gent),44045,2020-04-18,0,18
Moerbeke (Gent),44045,2020-04-19,0,18
Moerbeke (Gent),44045,2020-04-20,0,18
Moerbeke (Gent),44045,2020-04-21,0,18
Moerbeke (Gent),44045,2020-04-22,0,18
Moerbeke (Gent),44045,2020-04-23,0,18
Moerbeke (Gent),44045,2020-04-24,0,18
Moerbeke (Gent),44045,2020-04-25,1,19
Moerbeke (Gent),44045,2020-04-26,0,19
Moerbeke (Gent),44045,2020-04-27,0,19
Moerbeke (Gent),44045,2020-04-28,0,19
Moerbeke (Gent),44045,2020-04-29,0,19
Moerbeke (Gent),44045,2020-04-30,0,19
Moerbeke (Gent),44045,2020-05-01,0,19
Moerbeke (Gent),44045,2020-05-02,0,19
Moerbeke (Gent),44045,2020-05-03,0,19
Moerbeke (Gent),44045,2020-05-04,0,19
Moerbeke (Gent),44045,2020-05-05,0,19
Moerbeke (Gent),44045,2020-05-06,0,19
Moerbeke (Gent),44045,2020-05-07,0,19
Moerbeke (Gent),44045,2020-05-08,0,19
Moerbeke (Gent),44045,2020-05-09,0,19
Moerbeke (Gent),44045,2020-05-10,0,19
Moerbeke (Gent),44045,2020-05-11,2,21
Moerbeke (Gent),44045,2020-05-12,0,21
Moerbeke (Gent),44045,2020-05-13,0,21
Moerbeke (Gent),44045,2020-05-14,0,21
Moerbeke (Gent),44045,2020-05-15,0,21
Moerbeke (Gent),44045,2020-05-16,0,21
Moerbeke (Gent),44045,2020-05-17,0,21
Moerbeke (Gent),44045,2020-05-18,0,21
Moerbeke (Gent),44045,2020-05-19,0,21
Moerbeke (Gent),44045,2020-05-20,0,21
Moerbeke (Gent),44045,2020-05-21,0,21
Moerbeke (Gent),44045,2020-05-22,0,21
Moerbeke (Gent),44045,2020-05-23,0,21
Moerbeke (Gent),44045,2020-05-24,0,21
Moerbeke (Gent),44045,2020-05-25,1,22
Moerbeke (Gent),44045,2020-05-26,0,22
Moerbeke (Gent),44045,2020-05-27,0,22
Moerbeke (Gent),44045,2020-05-28,0,22
Moerbeke (Gent),44045,2020-05-29,0,22
Moerbeke (Gent),44045,2020-05-30,0,22
Moerbeke (Gent),44045,2020-05-31,0,22
Moerbeke (Gent),44045,2020-06-01,0,22
Moerbeke (Gent),44045,2020-06-02,0,22
Moerbeke (Gent),44045,2020-06-03,0,22
Moerbeke (Gent),44045,2020-06-04,0,22
Moerbeke (Gent),44045,2020-06-05,0,22
Moerbeke (Gent),44045,2020-06-06,1,23
Moerbeke (Gent),44045,2020-06-07,0,23
Moerbeke (Gent),44045,2020-06-08,1,24
Moerbeke (Gent),44045,2020-06-09,0,24
Moerbeke (Gent),44045,2020-06-10,0,24
Moerbeke (Gent),44045,2020-06-11,0,24
Moerbeke (Gent),44045,2020-06-12,0,24
Moerbeke (Gent),44045,2020-06-13,0,24
Moerbeke (Gent),44045,2020-06-14,0,24
Moerbeke (Gent),44045,2020-06-15,0,24
Moerbeke (Gent),44045,2020-06-16,0,24
Moerbeke (Gent),44045,2020-06-17,0,24
Moerbeke (Gent),44045,2020-06-18,0,24
Moerbeke (Gent),44045,2020-06-19,0,24
Moerbeke (Gent),44045,2020-06-20,0,24
Moerbeke (Gent),44045,2020-06-23,0,24
Moerbeke (Gent),44045,2020-06-24,0,24
Moerbeke (Gent),44045,2020-06-25,0,24
Moerbeke (Gent),44045,2020-06-26,0,24
Moerbeke (Gent),44045,2020-06-27,0,24
Moerbeke (Gent),44045,2020-06-30,0,24
Moerbeke (Gent),44045,2020-07-01,0,24
Moerbeke (Gent),44045,2020-07-02,0,24
Moerbeke (Gent),44045,2020-07-03,0,24
Moerbeke (Gent),44045,2020-07-04,0,24
Moerbeke (Gent),44045,2020-07-07,0,24
Moerbeke (Gent),44045,2020-07-08,0,24
Moerbeke (Gent),44045,2020-07-09,0,24
Moerbeke (Gent),44045,2020-07-10,0,24
Moerbeke (Gent),44045,2020-07-11,0,24
Moerbeke (Gent),44045,2020-07-14,0,24
Moerbeke (Gent),44045,2020-07-15,0,24
Moerbeke (Gent),44045,2020-07-16,0,24
Moerbeke (Gent),44045,2020-07-17,0,24
Moerbeke (Gent),44045,2020-07-18,0,24
Moerbeke (Gent),44045,2020-07-20,0,24
Moerbeke (Gent),44045,2020-07-21,0,24
Moerbeke (Gent),44045,2020-07-22,0,24
Moerbeke (Gent),44045,2020-07-23,4,28
Moerbeke (Gent),44045,2020-07-24,0,28
Moerbeke (Gent),44045,2020-07-25,0,28
Moerbeke (Gent),44045,2020-07-26,0,28
Moerbeke (Gent),44045,2020-07-27,0,28
Moerbeke (Gent),44045,2020-07-28,0,28
Moerbeke (Gent),44045,2020-07-29,0,28
Moerbeke (Gent),44045,2020-07-30,1,29
Moerbeke (Gent),44045,2020-07-31,1,30
Moerbeke (Gent),44045,2020-08-01,1,31
Moerbeke (Gent),44045,2020-08-02,0,31
Moerbeke (Gent),44045,2020-08-03,0,31
Moerbeke (Gent),44045,2020-08-04,0,31
Moerbeke (Gent),44045,2020-08-05,0,31
Moerbeke (Gent),44045,2020-08-06,0,31
Moerbeke (Gent),44045,2020-08-07,0,31
Moerbeke (Gent),44045,2020-08-08,2,33
Moerbeke (Gent),44045,2020-08-09,0,33
Moerbeke (Gent),44045,2020-08-10,0,33
Moerbeke (Gent),44045,2020-08-11,0,33
Moerbeke (Gent),44045,2020-08-12,0,33
Moerbeke (Gent),44045,2020-08-13,0,33
Moerbeke (Gent),44045,2020-08-14,0,33
Moerbeke (Gent),44045,2020-08-15,0,33
Moerbeke (Gent),44045,2020-08-16,0,33
Moerbeke (Gent),44045,2020-08-17,0,33
Moerbeke (Gent),44045,2020-08-18,0,33
Moerbeke (Gent),44045,2020-08-19,0,33
Moerbeke (Gent),44045,2020-08-20,2,35
Moerbeke (Gent),44045,2020-08-21,0,35
Moerbeke (Gent),44045,2020-08-22,0,35
Moerbeke (Gent),44045,2020-08-23,0,35
Moerbeke (Gent),44045,2020-08-24,0,35
Moerbeke (Gent),44045,2020-08-25,0,35
Moerbeke (Gent),44045,2020-08-26,0,35
Moerbeke (Gent),44045,2020-08-27,0,35
Moerbeke (Gent),44045,2020-08-28,0,35
Moerbeke (Gent),44045,2020-08-29,0,35
Moerbeke (Gent),44045,2020-08-30,0,35
Moerbeke (Gent),44045,2020-08-31,0,35
Moerbeke (Gent),44045,2020-09-01,0,35
Moerbeke (Gent),44045,2020-09-02,0,35
Moerbeke (Gent),44045,2020-09-03,0,35
Moerbeke (Gent),44045,2020-09-04,0,35
Moerbeke (Gent),44045,2020-09-05,0,35
Moerbeke (Gent),44045,2020-09-06,1,36
Moerbeke (Gent),44045,2020-09-07,0,36
Moerbeke (Gent),44045,2020-09-08,0,36
Moerbeke (Gent),44045,2020-09-09,0,36
Moerbeke (Gent),44045,2020-09-10,0,36
Moerbeke (Gent),44045,2020-09-11,0,36
Moerbeke (Gent),44045,2020-09-12,1,37
Moerbeke (Gent),44045,2020-09-13,0,37
Moerbeke (Gent),44045,2020-09-14,0,37
Moerbeke (Gent),44045,2020-09-15,0,37
Moerbeke (Gent),44045,2020-09-16,0,37
Moerbeke (Gent),44045,2020-09-17,0,37
Moerbeke (Gent),44045,2020-09-18,0,37
Moerbeke (Gent),44045,2020-09-19,1,38
Moerbeke (Gent),44045,2020-09-20,0,38
Moerbeke (Gent),44045,2020-09-21,1,39
Moerbeke (Gent),44045,2020-09-22,1,40
Moerbeke (Gent),44045,2020-09-23,0,40
Moerbeke (Gent),44045,2020-09-24,1,41
Moerbeke (Gent),44045,2020-09-25,1,42
Moerbeke (Gent),44045,2020-09-26,0,42
Moerbeke (Gent),44045,2020-09-27,0,42
Moerbeke (Gent),44045,2020-09-28,0,42
Moerbeke (Gent),44045,2020-09-29,0,42
Moerbeke (Gent),44045,2020-09-30,0,42
Moerbeke (Gent),44045,2020-10-01,0,42
Moerbeke (Gent),44045,2020-10-02,0,42
Moerbeke (Gent),44045,2020-10-03,1,43
Moerbeke (Gent),44045,2020-10-04,1,44
Moerbeke (Gent),44045,2020-10-05,3,47
Moerbeke (Gent),44045,2020-10-06,0,47
Moerbeke (Gent),44045,2020-10-07,1,48
Moerbeke (Gent),44045,2020-10-08,0,48
Moerbeke (Gent),44045,2020-10-09,0,48
Moerbeke (Gent),44045,2020-10-10,4,52
Moerbeke (Gent),44045,2020-10-11,6,58
Moerbeke (Gent),44045,2020-10-12,0,58
Moerbeke (Gent),44045,2020-10-13,0,58
Moerbeke (Gent),44045,2020-10-14,1,59
Moerbeke (Gent),44045,2020-10-15,2,61
Moerbeke (Gent),44045,2020-10-16,3,64
Moerbeke (Gent),44045,2020-10-17,8,72
Moerbeke (Gent),44045,2020-10-18,5,77
Moerbeke (Gent),44045,2020-10-19,3,80
Moerbeke (Gent),44045,2020-10-20,2,82
Moerbeke (Gent),44045,2020-10-21,9,91
Moerbeke (Gent),44045,2020-10-22,6,97
Moerbeke (Gent),44045,2020-10-23,11,108
Moerbeke (Gent),44045,2020-10-24,4,112
Moerbeke (Gent),44045,2020-10-25,4,116
Moerbeke (Gent),44045,2020-10-26,6,122
Moerbeke (Gent),44045,2020-10-27,5,127
Moerbeke (Gent),44045,2020-10-28,19,146
Moerbeke (Gent),44045,2020-10-29,23,169
Moerbeke (Gent),44045,2020-10-30,3,172
Moerbeke (Gent),44045,2020-10-31,6,178
Moerbeke (Gent),44045,2020-11-01,2,180
Moerbeke (Gent),44045,2020-11-02,3,183
Moerbeke (Gent),44045,2020-11-03,1,184
Moerbeke (Gent),44045,2020-11-04,3,187
Moerbeke (Gent),44045,2020-11-05,6,193
Moerbeke (Gent),44045,2020-11-06,0,193
Moerbeke (Gent),44045,2020-11-07,2,195
Moerbeke (Gent),44045,2020-11-08,3,198
Moerbeke (Gent),44045,2020-11-09,2,200
Moerbeke (Gent),44045,2020-11-10,0,200
Moerbeke (Gent),44045,2020-11-11,1,201
Nazareth,44048,2020-04-01,0,5
Nazareth,44048,2020-04-02,1,6
Nazareth,44048,2020-04-03,0,6
Nazareth,44048,2020-04-04,1,7
Nazareth,44048,2020-04-05,0,7
Nazareth,44048,2020-04-06,2,9
Nazareth,44048,2020-04-07,0,9
Nazareth,44048,2020-04-08,0,9
Nazareth,44048,2020-04-09,1,10
Nazareth,44048,2020-04-10,1,11
Nazareth,44048,2020-04-11,0,11
Nazareth,44048,2020-04-12,1,12
Nazareth,44048,2020-04-13,1,13
Nazareth,44048,2020-04-14,0,13
Nazareth,44048,2020-04-15,0,13
Nazareth,44048,2020-04-16,0,13
Nazareth,44048,2020-04-17,0,13
Nazareth,44048,2020-04-18,1,14
Nazareth,44048,2020-04-19,0,14
Nazareth,44048,2020-04-20,0,14
Nazareth,44048,2020-04-21,0,14
Nazareth,44048,2020-04-22,0,14
Nazareth,44048,2020-04-23,1,15
Nazareth,44048,2020-04-24,0,15
Nazareth,44048,2020-04-25,0,15
Nazareth,44048,2020-04-26,0,15
Nazareth,44048,2020-04-27,0,15
Nazareth,44048,2020-04-28,0,15
Nazareth,44048,2020-04-29,3,18
Nazareth,44048,2020-04-30,1,19
Nazareth,44048,2020-05-01,0,19
Nazareth,44048,2020-05-02,1,20
Nazareth,44048,2020-05-03,1,21
Nazareth,44048,2020-05-04,0,21
Nazareth,44048,2020-05-05,0,21
Nazareth,44048,2020-05-06,0,21
Nazareth,44048,2020-05-07,0,21
Nazareth,44048,2020-05-08,0,21
Nazareth,44048,2020-05-09,0,21
Nazareth,44048,2020-05-10,0,21
Nazareth,44048,2020-05-11,0,21
Nazareth,44048,2020-05-12,0,21
Nazareth,44048,2020-05-13,0,21
Nazareth,44048,2020-05-14,0,21
Nazareth,44048,2020-05-15,0,21
Nazareth,44048,2020-05-16,0,21
Nazareth,44048,2020-05-17,0,21
Nazareth,44048,2020-05-18,0,21
Nazareth,44048,2020-05-19,0,21
Nazareth,44048,2020-05-20,0,21
Nazareth,44048,2020-05-21,0,21
Nazareth,44048,2020-05-22,0,21
Nazareth,44048,2020-05-23,0,21
Nazareth,44048,2020-05-24,0,21
Nazareth,44048,2020-05-25,0,21
Nazareth,44048,2020-05-26,0,21
Nazareth,44048,2020-05-27,0,21
Nazareth,44048,2020-05-28,0,21
Nazareth,44048,2020-05-29,0,21
Nazareth,44048,2020-05-30,0,21
Nazareth,44048,2020-05-31,0,21
Nazareth,44048,2020-06-01,0,21
Nazareth,44048,2020-06-02,0,21
Nazareth,44048,2020-06-03,0,21
Nazareth,44048,2020-06-04,0,21
Nazareth,44048,2020-06-05,0,21
Nazareth,44048,2020-06-06,0,21
Nazareth,44048,2020-06-07,0,21
Nazareth,44048,2020-06-08,0,21
Nazareth,44048,2020-06-09,0,21
Nazareth,44048,2020-06-10,0,21
Nazareth,44048,2020-06-11,0,21
Nazareth,44048,2020-06-12,0,21
Nazareth,44048,2020-06-13,0,21
Nazareth,44048,2020-06-14,0,21
Nazareth,44048,2020-06-15,0,21
Nazareth,44048,2020-06-16,0,21
Nazareth,44048,2020-06-17,0,21
Nazareth,44048,2020-06-18,0,21
Nazareth,44048,2020-06-19,0,21
Nazareth,44048,2020-06-20,0,21
Nazareth,44048,2020-06-23,0,21
Nazareth,44048,2020-06-24,0,21
Nazareth,44048,2020-06-25,0,21
Nazareth,44048,2020-06-26,0,21
Nazareth,44048,2020-06-27,0,21
Nazareth,44048,2020-06-30,0,21
Nazareth,44048,2020-07-01,0,21
Nazareth,44048,2020-07-02,0,21
Nazareth,44048,2020-07-03,0,21
Nazareth,44048,2020-07-04,0,21
Nazareth,44048,2020-07-07,0,21
Nazareth,44048,2020-07-08,0,21
Nazareth,44048,2020-07-09,0,21
Nazareth,44048,2020-07-10,0,21
Nazareth,44048,2020-07-11,0,21
Nazareth,44048,2020-07-14,0,21
Nazareth,44048,2020-07-15,0,21
Nazareth,44048,2020-07-16,0,21
Nazareth,44048,2020-07-17,0,21
Nazareth,44048,2020-07-18,0,21
Nazareth,44048,2020-07-20,0,21
Nazareth,44048,2020-07-21,0,21
Nazareth,44048,2020-07-22,0,21
Nazareth,44048,2020-07-23,0,21
Nazareth,44048,2020-07-24,0,21
Nazareth,44048,2020-07-25,0,21
Nazareth,44048,2020-07-26,0,21
Nazareth,44048,2020-07-27,0,21
Nazareth,44048,2020-07-28,0,21
Nazareth,44048,2020-07-29,1,22
Nazareth,44048,2020-07-30,0,22
Nazareth,44048,2020-07-31,0,22
Nazareth,44048,2020-08-01,0,22
Nazareth,44048,2020-08-02,0,22
Nazareth,44048,2020-08-03,1,23
Nazareth,44048,2020-08-04,0,23
Nazareth,44048,2020-08-05,0,23
Nazareth,44048,2020-08-06,0,23
Nazareth,44048,2020-08-07,2,25
Nazareth,44048,2020-08-08,0,25
Nazareth,44048,2020-08-09,2,27
Nazareth,44048,2020-08-10,0,27
Nazareth,44048,2020-08-11,0,27
Nazareth,44048,2020-08-12,0,27
Nazareth,44048,2020-08-13,0,27
Nazareth,44048,2020-08-14,0,27
Nazareth,44048,2020-08-15,0,27
Nazareth,44048,2020-08-16,1,28
Nazareth,44048,2020-08-17,0,28
Nazareth,44048,2020-08-18,0,28
Nazareth,44048,2020-08-19,0,28
Nazareth,44048,2020-08-20,0,28
Nazareth,44048,2020-08-21,0,28
Nazareth,44048,2020-08-22,0,28
Nazareth,44048,2020-08-23,0,28
Nazareth,44048,2020-08-24,0,28
Nazareth,44048,2020-08-25,0,28
Nazareth,44048,2020-08-26,0,28
Nazareth,44048,2020-08-27,0,28
Nazareth,44048,2020-08-28,0,28
Nazareth,44048,2020-08-29,0,28
Nazareth,44048,2020-08-30,0,28
Nazareth,44048,2020-08-31,0,28
Nazareth,44048,2020-09-01,0,28
Nazareth,44048,2020-09-02,0,28
Nazareth,44048,2020-09-03,0,28
Nazareth,44048,2020-09-04,0,28
Nazareth,44048,2020-09-05,0,28
Nazareth,44048,2020-09-06,0,28
Nazareth,44048,2020-09-07,0,28
Nazareth,44048,2020-09-08,0,28
Nazareth,44048,2020-09-09,1,29
Nazareth,44048,2020-09-10,1,30
Nazareth,44048,2020-09-11,0,30
Nazareth,44048,2020-09-12,4,34
Nazareth,44048,2020-09-13,0,34
Nazareth,44048,2020-09-14,0,34
Nazareth,44048,2020-09-15,0,34
Nazareth,44048,2020-09-16,0,34
Nazareth,44048,2020-09-17,0,34
Nazareth,44048,2020-09-18,0,34
Nazareth,44048,2020-09-19,0,34
Nazareth,44048,2020-09-20,1,35
Nazareth,44048,2020-09-21,0,35
Nazareth,44048,2020-09-22,0,35
Nazareth,44048,2020-09-23,3,38
Nazareth,44048,2020-09-24,2,40
Nazareth,44048,2020-09-25,0,40
Nazareth,44048,2020-09-26,1,41
Nazareth,44048,2020-09-27,0,41
Nazareth,44048,2020-09-28,1,42
Nazareth,44048,2020-09-29,0,42
Nazareth,44048,2020-09-30,3,45
Nazareth,44048,2020-10-01,1,46
Nazareth,44048,2020-10-02,0,46
Nazareth,44048,2020-10-03,2,48
Nazareth,44048,2020-10-04,3,51
Nazareth,44048,2020-10-05,0,51
Nazareth,44048,2020-10-06,1,52
Nazareth,44048,2020-10-07,1,53
Nazareth,44048,2020-10-08,6,59
Nazareth,44048,2020-10-09,3,62
Nazareth,44048,2020-10-10,3,65
Nazareth,44048,2020-10-11,4,69
Nazareth,44048,2020-10-12,4,73
Nazareth,44048,2020-10-13,0,73
Nazareth,44048,2020-10-14,4,77
Nazareth,44048,2020-10-15,1,78
Nazareth,44048,2020-10-16,4,82
Nazareth,44048,2020-10-17,4,86
Nazareth,44048,2020-10-18,5,91
Nazareth,44048,2020-10-19,7,98
Nazareth,44048,2020-10-20,2,100
Nazareth,44048,2020-10-21,4,104
Nazareth,44048,2020-10-22,11,115
Nazareth,44048,2020-10-23,17,132
Nazareth,44048,2020-10-24,5,137
Nazareth,44048,2020-10-25,7,144
Nazareth,44048,2020-10-26,9,153
Nazareth,44048,2020-10-27,13,166
Nazareth,44048,2020-10-28,13,179
Nazareth,44048,2020-10-29,25,204
Nazareth,44048,2020-10-30,14,218
Nazareth,44048,2020-10-31,14,232
Nazareth,44048,2020-11-01,9,241
Nazareth,44048,2020-11-02,4,245
Nazareth,44048,2020-11-03,6,251
Nazareth,44048,2020-11-04,12,263
Nazareth,44048,2020-11-05,8,271
Nazareth,44048,2020-11-06,13,284
Nazareth,44048,2020-11-07,9,293
Nazareth,44048,2020-11-08,3,296
Nazareth,44048,2020-11-09,11,307
Nazareth,44048,2020-11-10,2,309
Nazareth,44048,2020-11-11,3,312
Oosterzele,44052,2020-04-01,1,13
Oosterzele,44052,2020-04-02,2,15
Oosterzele,44052,2020-04-03,1,16
Oosterzele,44052,2020-04-04,1,17
Oosterzele,44052,2020-04-05,0,17
Oosterzele,44052,2020-04-06,0,17
Oosterzele,44052,2020-04-07,0,17
Oosterzele,44052,2020-04-08,0,17
Oosterzele,44052,2020-04-09,1,18
Oosterzele,44052,2020-04-10,1,19
Oosterzele,44052,2020-04-11,1,20
Oosterzele,44052,2020-04-12,0,20
Oosterzele,44052,2020-04-13,1,21
Oosterzele,44052,2020-04-14,0,21
Oosterzele,44052,2020-04-15,2,23
Oosterzele,44052,2020-04-16,0,23
Oosterzele,44052,2020-04-17,2,25
Oosterzele,44052,2020-04-18,0,25
Oosterzele,44052,2020-04-19,0,25
Oosterzele,44052,2020-04-20,1,26
Oosterzele,44052,2020-04-21,0,26
Oosterzele,44052,2020-04-22,0,26
Oosterzele,44052,2020-04-23,0,26
Oosterzele,44052,2020-04-24,0,26
Oosterzele,44052,2020-04-25,1,27
Oosterzele,44052,2020-04-26,0,27
Oosterzele,44052,2020-04-27,0,27
Oosterzele,44052,2020-04-28,0,27
Oosterzele,44052,2020-04-29,0,27
Oosterzele,44052,2020-04-30,0,27
Oosterzele,44052,2020-05-01,0,27
Oosterzele,44052,2020-05-02,0,27
Oosterzele,44052,2020-05-03,0,27
Oosterzele,44052,2020-05-04,0,27
Oosterzele,44052,2020-05-05,0,27
Oosterzele,44052,2020-05-06,0,27
Oosterzele,44052,2020-05-07,0,27
Oosterzele,44052,2020-05-08,0,27
Oosterzele,44052,2020-05-09,0,27
Oosterzele,44052,2020-05-10,0,27
Oosterzele,44052,2020-05-11,0,27
Oosterzele,44052,2020-05-12,0,27
Oosterzele,44052,2020-05-13,0,27
Oosterzele,44052,2020-05-14,0,27
Oosterzele,44052,2020-05-15,0,27
Oosterzele,44052,2020-05-16,0,27
Oosterzele,44052,2020-05-17,0,27
Oosterzele,44052,2020-05-18,0,27
Oosterzele,44052,2020-05-19,0,27
Oosterzele,44052,2020-05-20,0,27
Oosterzele,44052,2020-05-21,0,27
Oosterzele,44052,2020-05-22,0,27
Oosterzele,44052,2020-05-23,1,28
Oosterzele,44052,2020-05-24,0,28
Oosterzele,44052,2020-05-25,0,28
Oosterzele,44052,2020-05-26,0,28
Oosterzele,44052,2020-05-27,1,29
Oosterzele,44052,2020-05-28,0,29
Oosterzele,44052,2020-05-29,0,29
Oosterzele,44052,2020-05-30,0,29
Oosterzele,44052,2020-05-31,0,29
Oosterzele,44052,2020-06-01,0,29
Oosterzele,44052,2020-06-02,0,29
Oosterzele,44052,2020-06-03,0,29
Oosterzele,44052,2020-06-04,0,29
Oosterzele,44052,2020-06-05,0,29
Oosterzele,44052,2020-06-06,0,29
Oosterzele,44052,2020-06-07,1,30
Oosterzele,44052,2020-06-08,0,30
Oosterzele,44052,2020-06-09,1,31
Oosterzele,44052,2020-06-10,0,31
Oosterzele,44052,2020-06-11,0,31
Oosterzele,44052,2020-06-12,0,31
Oosterzele,44052,2020-06-13,0,31
Oosterzele,44052,2020-06-14,0,31
Oosterzele,44052,2020-06-15,0,31
Oosterzele,44052,2020-06-16,0,31
Oosterzele,44052,2020-06-17,0,31
Oosterzele,44052,2020-06-18,0,31
Oosterzele,44052,2020-06-19,0,31
Oosterzele,44052,2020-06-20,0,31
Oosterzele,44052,2020-06-23,0,31
Oosterzele,44052,2020-06-24,0,31
Oosterzele,44052,2020-06-25,0,31
Oosterzele,44052,2020-06-26,0,31
Oosterzele,44052,2020-06-27,0,31
Oosterzele,44052,2020-06-30,0,31
Oosterzele,44052,2020-07-01,0,31
Oosterzele,44052,2020-07-02,0,31
Oosterzele,44052,2020-07-03,0,31
Oosterzele,44052,2020-07-04,0,31
Oosterzele,44052,2020-07-07,0,31
Oosterzele,44052,2020-07-08,0,31
Oosterzele,44052,2020-07-09,0,31
Oosterzele,44052,2020-07-10,0,31
Oosterzele,44052,2020-07-11,0,31
Oosterzele,44052,2020-07-14,0,31
Oosterzele,44052,2020-07-15,0,31
Oosterzele,44052,2020-07-16,0,31
Oosterzele,44052,2020-07-17,0,31
Oosterzele,44052,2020-07-18,0,31
Oosterzele,44052,2020-07-20,0,31
Oosterzele,44052,2020-07-21,0,31
Oosterzele,44052,2020-07-22,0,31
Oosterzele,44052,2020-07-23,0,31
Oosterzele,44052,2020-07-24,0,31
Oosterzele,44052,2020-07-25,0,31
Oosterzele,44052,2020-07-26,0,31
Oosterzele,44052,2020-07-27,0,31
Oosterzele,44052,2020-07-28,0,31
Oosterzele,44052,2020-07-29,2,33
Oosterzele,44052,2020-07-30,0,33
Oosterzele,44052,2020-07-31,1,34
Oosterzele,44052,2020-08-01,0,34
Oosterzele,44052,2020-08-02,0,34
Oosterzele,44052,2020-08-03,1,35
Oosterzele,44052,2020-08-04,0,35
Oosterzele,44052,2020-08-05,1,36
Oosterzele,44052,2020-08-06,0,36
Oosterzele,44052,2020-08-07,0,36
Oosterzele,44052,2020-08-08,1,37
Oosterzele,44052,2020-08-09,0,37
Oosterzele,44052,2020-08-10,0,37
Oosterzele,44052,2020-08-11,0,37
Oosterzele,44052,2020-08-12,0,37
Oosterzele,44052,2020-08-13,1,38
Oosterzele,44052,2020-08-14,0,38
Oosterzele,44052,2020-08-15,0,38
Oosterzele,44052,2020-08-16,1,39
Oosterzele,44052,2020-08-17,0,39
Oosterzele,44052,2020-08-18,0,39
Oosterzele,44052,2020-08-19,0,39
Oosterzele,44052,2020-08-20,0,39
Oosterzele,44052,2020-08-21,0,39
Oosterzele,44052,2020-08-22,0,39
Oosterzele,44052,2020-08-23,0,39
Oosterzele,44052,2020-08-24,0,39
Oosterzele,44052,2020-08-25,3,42
Oosterzele,44052,2020-08-26,0,42
Oosterzele,44052,2020-08-27,0,42
Oosterzele,44052,2020-08-28,0,42
Oosterzele,44052,2020-08-29,0,42
Oosterzele,44052,2020-08-30,0,42
Oosterzele,44052,2020-08-31,0,42
Oosterzele,44052,2020-09-01,0,42
Oosterzele,44052,2020-09-02,0,42
Oosterzele,44052,2020-09-03,0,42
Oosterzele,44052,2020-09-04,0,42
Oosterzele,44052,2020-09-05,0,42
Oosterzele,44052,2020-09-06,0,42
Oosterzele,44052,2020-09-07,0,42
Oosterzele,44052,2020-09-08,0,42
Oosterzele,44052,2020-09-09,0,42
Oosterzele,44052,2020-09-10,0,42
Oosterzele,44052,2020-09-11,0,42
Oosterzele,44052,2020-09-12,0,42
Oosterzele,44052,2020-09-13,1,43
Oosterzele,44052,2020-09-14,1,44
Oosterzele,44052,2020-09-15,0,44
Oosterzele,44052,2020-09-16,0,44
Oosterzele,44052,2020-09-17,0,44
Oosterzele,44052,2020-09-18,0,44
Oosterzele,44052,2020-09-19,1,45
Oosterzele,44052,2020-09-20,0,45
Oosterzele,44052,2020-09-21,2,47
Oosterzele,44052,2020-09-22,1,48
Oosterzele,44052,2020-09-23,0,48
Oosterzele,44052,2020-09-24,1,49
Oosterzele,44052,2020-09-25,1,50
Oosterzele,44052,2020-09-26,1,51
Oosterzele,44052,2020-09-27,0,51
Oosterzele,44052,2020-09-28,1,52
Oosterzele,44052,2020-09-29,0,52
Oosterzele,44052,2020-09-30,1,53
Oosterzele,44052,2020-10-01,1,54
Oosterzele,44052,2020-10-02,3,57
Oosterzele,44052,2020-10-03,2,59
Oosterzele,44052,2020-10-04,2,61
Oosterzele,44052,2020-10-05,0,61
Oosterzele,44052,2020-10-06,1,62
Oosterzele,44052,2020-10-07,2,64
Oosterzele,44052,2020-10-08,0,64
Oosterzele,44052,2020-10-09,1,65
Oosterzele,44052,2020-10-10,3,68
Oosterzele,44052,2020-10-11,1,69
Oosterzele,44052,2020-10-12,2,71
Oosterzele,44052,2020-10-13,1,72
Oosterzele,44052,2020-10-14,4,76
Oosterzele,44052,2020-10-15,1,77
Oosterzele,44052,2020-10-16,0,77
Oosterzele,44052,2020-10-17,2,79
Oosterzele,44052,2020-10-18,4,83
Oosterzele,44052,2020-10-19,1,84
Oosterzele,44052,2020-10-20,3,87
Oosterzele,44052,2020-10-21,2,89
Oosterzele,44052,2020-10-22,12,101
Oosterzele,44052,2020-10-23,8,109
Oosterzele,44052,2020-10-24,7,116
Oosterzele,44052,2020-10-25,15,131
Oosterzele,44052,2020-10-26,14,145
Oosterzele,44052,2020-10-27,14,159
Oosterzele,44052,2020-10-28,7,166
Oosterzele,44052,2020-10-29,16,182
Oosterzele,44052,2020-10-30,14,196
Oosterzele,44052,2020-10-31,18,214
Oosterzele,44052,2020-11-01,15,229
Oosterzele,44052,2020-11-02,11,240
Oosterzele,44052,2020-11-03,16,256
Oosterzele,44052,2020-11-04,8,264
Oosterzele,44052,2020-11-05,5,269
Oosterzele,44052,2020-11-06,7,276
Oosterzele,44052,2020-11-07,9,285
Oosterzele,44052,2020-11-08,8,293
Oosterzele,44052,2020-11-09,5,298
Oosterzele,44052,2020-11-10,2,300
Oosterzele,44052,2020-11-11,6,306
Sint-Martens-Latem,44064,2020-04-01,1,20
Sint-Martens-Latem,44064,2020-04-02,1,21
Sint-Martens-Latem,44064,2020-04-03,1,22
Sint-Martens-Latem,44064,2020-04-04,0,22
Sint-Martens-Latem,44064,2020-04-05,0,22
Sint-Martens-Latem,44064,2020-04-06,0,22
Sint-Martens-Latem,44064,2020-04-07,0,22
Sint-Martens-Latem,44064,2020-04-08,0,22
Sint-Martens-Latem,44064,2020-04-09,0,22
Sint-Martens-Latem,44064,2020-04-10,0,22
Sint-Martens-Latem,44064,2020-04-11,0,22
Sint-Martens-Latem,44064,2020-04-12,0,22
Sint-Martens-Latem,44064,2020-04-13,2,24
Sint-Martens-Latem,44064,2020-04-14,3,27
Sint-Martens-Latem,44064,2020-04-15,1,28
Sint-Martens-Latem,44064,2020-04-16,1,29
Sint-Martens-Latem,44064,2020-04-17,-1,28
Sint-Martens-Latem,44064,2020-04-18,1,29
Sint-Martens-Latem,44064,2020-04-19,1,30
Sint-Martens-Latem,44064,2020-04-20,0,30
Sint-Martens-Latem,44064,2020-04-21,1,31
Sint-Martens-Latem,44064,2020-04-22,0,31
Sint-Martens-Latem,44064,2020-04-23,0,31
Sint-Martens-Latem,44064,2020-04-24,1,32
Sint-Martens-Latem,44064,2020-04-25,1,33
Sint-Martens-Latem,44064,2020-04-26,0,33
Sint-Martens-Latem,44064,2020-04-27,3,36
Sint-Martens-Latem,44064,2020-04-28,0,36
Sint-Martens-Latem,44064,2020-04-29,0,36
Sint-Martens-Latem,44064,2020-04-30,0,36
Sint-Martens-Latem,44064,2020-05-01,3,39
Sint-Martens-Latem,44064,2020-05-02,1,40
Sint-Martens-Latem,44064,2020-05-03,0,40
Sint-Martens-Latem,44064,2020-05-04,0,40
Sint-Martens-Latem,44064,2020-05-05,2,42
Sint-Martens-Latem,44064,2020-05-06,1,43
Sint-Martens-Latem,44064,2020-05-07,3,46
Sint-Martens-Latem,44064,2020-05-08,0,46
Sint-Martens-Latem,44064,2020-05-09,0,46
Sint-Martens-Latem,44064,2020-05-10,2,48
Sint-Martens-Latem,44064,2020-05-11,1,49
Sint-Martens-Latem,44064,2020-05-12,0,49
Sint-Martens-Latem,44064,2020-05-13,0,49
Sint-Martens-Latem,44064,2020-05-14,0,49
Sint-Martens-Latem,44064,2020-05-15,0,49
Sint-Martens-Latem,44064,2020-05-16,0,49
Sint-Martens-Latem,44064,2020-05-17,0,49
Sint-Martens-Latem,44064,2020-05-18,0,49
Sint-Martens-Latem,44064,2020-05-19,0,49
Sint-Martens-Latem,44064,2020-05-20,0,49
Sint-Martens-Latem,44064,2020-05-21,0,49
Sint-Martens-Latem,44064,2020-05-22,0,49
Sint-Martens-Latem,44064,2020-05-23,0,49
Sint-Martens-Latem,44064,2020-05-24,0,49
Sint-Martens-Latem,44064,2020-05-25,0,49
Sint-Martens-Latem,44064,2020-05-26,0,49
Sint-Martens-Latem,44064,2020-05-27,0,49
Sint-Martens-Latem,44064,2020-05-28,0,49
Sint-Martens-Latem,44064,2020-05-29,0,49
Sint-Martens-Latem,44064,2020-05-30,0,49
Sint-Martens-Latem,44064,2020-05-31,0,49
Sint-Martens-Latem,44064,2020-06-01,0,49
Sint-Martens-Latem,44064,2020-06-02,0,49
Sint-Martens-Latem,44064,2020-06-03,0,49
Sint-Martens-Latem,44064,2020-06-04,0,49
Sint-Martens-Latem,44064,2020-06-05,0,49
Sint-Martens-Latem,44064,2020-06-06,0,49
Sint-Martens-Latem,44064,2020-06-07,0,49
Sint-Martens-Latem,44064,2020-06-08,0,49
Sint-Martens-Latem,44064,2020-06-09,0,49
Sint-Martens-Latem,44064,2020-06-10,0,49
Sint-Martens-Latem,44064,2020-06-11,0,49
Sint-Martens-Latem,44064,2020-06-12,0,49
Sint-Martens-Latem,44064,2020-06-13,0,49
Sint-Martens-Latem,44064,2020-06-14,0,49
Sint-Martens-Latem,44064,2020-06-15,0,49
Sint-Martens-Latem,44064,2020-06-16,0,49
Sint-Martens-Latem,44064,2020-06-17,0,49
Sint-Martens-Latem,44064,2020-06-18,0,49
Sint-Martens-Latem,44064,2020-06-19,0,49
Sint-Martens-Latem,44064,2020-06-20,0,49
Sint-Martens-Latem,44064,2020-06-23,0,49
Sint-Martens-Latem,44064,2020-06-24,0,49
Sint-Martens-Latem,44064,2020-06-25,0,49
Sint-Martens-Latem,44064,2020-06-26,0,49
Sint-Martens-Latem,44064,2020-06-27,0,49
Sint-Martens-Latem,44064,2020-06-30,0,49
Sint-Martens-Latem,44064,2020-07-01,0,49
Sint-Martens-Latem,44064,2020-07-02,0,49
Sint-Martens-Latem,44064,2020-07-03,0,49
Sint-Martens-Latem,44064,2020-07-04,0,49
Sint-Martens-Latem,44064,2020-07-07,0,49
Sint-Martens-Latem,44064,2020-07-08,0,49
Sint-Martens-Latem,44064,2020-07-09,0,49
Sint-Martens-Latem,44064,2020-07-10,0,49
Sint-Martens-Latem,44064,2020-07-11,0,49
Sint-Martens-Latem,44064,2020-07-14,1,50
Sint-Martens-Latem,44064,2020-07-15,0,50
Sint-Martens-Latem,44064,2020-07-16,0,50
Sint-Martens-Latem,44064,2020-07-17,0,50
Sint-Martens-Latem,44064,2020-07-18,1,51
Sint-Martens-Latem,44064,2020-07-20,0,51
Sint-Martens-Latem,44064,2020-07-21,0,51
Sint-Martens-Latem,44064,2020-07-22,0,51
Sint-Martens-Latem,44064,2020-07-23,1,52
Sint-Martens-Latem,44064,2020-07-24,1,53
Sint-Martens-Latem,44064,2020-07-25,0,53
Sint-Martens-Latem,44064,2020-07-26,0,53
Sint-Martens-Latem,44064,2020-07-27,1,54
Sint-Martens-Latem,44064,2020-07-28,0,54
Sint-Martens-Latem,44064,2020-07-29,1,55
Sint-Martens-Latem,44064,2020-07-30,0,55
Sint-Martens-Latem,44064,2020-07-31,0,55
Sint-Martens-Latem,44064,2020-08-01,0,55
Sint-Martens-Latem,44064,2020-08-02,0,55
Sint-Martens-Latem,44064,2020-08-03,1,56
Sint-Martens-Latem,44064,2020-08-04,0,56
Sint-Martens-Latem,44064,2020-08-05,0,56
Sint-Martens-Latem,44064,2020-08-06,1,57
Sint-Martens-Latem,44064,2020-08-07,2,59
Sint-Martens-Latem,44064,2020-08-08,0,59
Sint-Martens-Latem,44064,2020-08-09,2,61
Sint-Martens-Latem,44064,2020-08-10,1,62
Sint-Martens-Latem,44064,2020-08-11,0,62
Sint-Martens-Latem,44064,2020-08-12,0,62
Sint-Martens-Latem,44064,2020-08-13,0,62
Sint-Martens-Latem,44064,2020-08-14,0,62
Sint-Martens-Latem,44064,2020-08-15,1,63
Sint-Martens-Latem,44064,2020-08-16,0,63
Sint-Martens-Latem,44064,2020-08-17,0,63
Sint-Martens-Latem,44064,2020-08-18,0,63
Sint-Martens-Latem,44064,2020-08-19,0,63
Sint-Martens-Latem,44064,2020-08-20,0,63
Sint-Martens-Latem,44064,2020-08-21,0,63
Sint-Martens-Latem,44064,2020-08-22,0,63
Sint-Martens-Latem,44064,2020-08-23,1,64
Sint-Martens-Latem,44064,2020-08-24,1,65
Sint-Martens-Latem,44064,2020-08-25,0,65
Sint-Martens-Latem,44064,2020-08-26,0,65
Sint-Martens-Latem,44064,2020-08-27,0,65
Sint-Martens-Latem,44064,2020-08-28,0,65
Sint-Martens-Latem,44064,2020-08-29,0,65
Sint-Martens-Latem,44064,2020-08-30,0,65
Sint-Martens-Latem,44064,2020-08-31,0,65
Sint-Martens-Latem,44064,2020-09-01,0,65
Sint-Martens-Latem,44064,2020-09-02,1,66
Sint-Martens-Latem,44064,2020-09-03,0,66
Sint-Martens-Latem,44064,2020-09-04,1,67
Sint-Martens-Latem,44064,2020-09-05,1,68
Sint-Martens-Latem,44064,2020-09-06,1,69
Sint-Martens-Latem,44064,2020-09-07,0,69
Sint-Martens-Latem,44064,2020-09-08,1,70
Sint-Martens-Latem,44064,2020-09-09,0,70
Sint-Martens-Latem,44064,2020-09-10,0,70
Sint-Martens-Latem,44064,2020-09-11,0,70
Sint-Martens-Latem,44064,2020-09-12,0,70
Sint-Martens-Latem,44064,2020-09-13,0,70
Sint-Martens-Latem,44064,2020-09-14,0,70
Sint-Martens-Latem,44064,2020-09-15,2,72
Sint-Martens-Latem,44064,2020-09-16,0,72
Sint-Martens-Latem,44064,2020-09-17,2,74
Sint-Martens-Latem,44064,2020-09-18,0,74
Sint-Martens-Latem,44064,2020-09-19,3,77
Sint-Martens-Latem,44064,2020-09-20,1,78
Sint-Martens-Latem,44064,2020-09-21,3,81
Sint-Martens-Latem,44064,2020-09-22,0,81
Sint-Martens-Latem,44064,2020-09-23,1,82
Sint-Martens-Latem,44064,2020-09-24,1,83
Sint-Martens-Latem,44064,2020-09-25,0,83
Sint-Martens-Latem,44064,2020-09-26,2,85
Sint-Martens-Latem,44064,2020-09-27,0,85
Sint-Martens-Latem,44064,2020-09-28,1,86
Sint-Martens-Latem,44064,2020-09-29,0,86
Sint-Martens-Latem,44064,2020-09-30,2,88
Sint-Martens-Latem,44064,2020-10-01,0,88
Sint-Martens-Latem,44064,2020-10-02,0,88
Sint-Martens-Latem,44064,2020-10-03,1,89
Sint-Martens-Latem,44064,2020-10-04,1,90
Sint-Martens-Latem,44064,2020-10-05,1,91
Sint-Martens-Latem,44064,2020-10-06,2,93
Sint-Martens-Latem,44064,2020-10-07,0,93
Sint-Martens-Latem,44064,2020-10-08,1,94
Sint-Martens-Latem,44064,2020-10-09,2,96
Sint-Martens-Latem,44064,2020-10-10,4,100
Sint-Martens-Latem,44064,2020-10-11,2,102
Sint-Martens-Latem,44064,2020-10-12,0,102
Sint-Martens-Latem,44064,2020-10-13,1,103
Sint-Martens-Latem,44064,2020-10-14,4,107
Sint-Martens-Latem,44064,2020-10-15,3,110
Sint-Martens-Latem,44064,2020-10-16,9,119
Sint-Martens-Latem,44064,2020-10-17,3,122
Sint-Martens-Latem,44064,2020-10-18,3,125
Sint-Martens-Latem,44064,2020-10-19,3,128
Sint-Martens-Latem,44064,2020-10-20,3,131
Sint-Martens-Latem,44064,2020-10-21,2,133
Sint-Martens-Latem,44064,2020-10-22,5,138
Sint-Martens-Latem,44064,2020-10-23,4,142
Sint-Martens-Latem,44064,2020-10-24,5,147
Sint-Martens-Latem,44064,2020-10-25,9,156
Sint-Martens-Latem,44064,2020-10-26,6,162
Sint-Martens-Latem,44064,2020-10-27,1,163
Sint-Martens-Latem,44064,2020-10-28,10,173
Sint-Martens-Latem,44064,2020-10-29,9,182
Sint-Martens-Latem,44064,2020-10-30,15,197
Sint-Martens-Latem,44064,2020-10-31,14,211
Sint-Martens-Latem,44064,2020-11-01,3,214
Sint-Martens-Latem,44064,2020-11-02,8,222
Sint-Martens-Latem,44064,2020-11-03,1,223
Sint-Martens-Latem,44064,2020-11-04,1,224
Sint-Martens-Latem,44064,2020-11-05,6,230
Sint-Martens-Latem,44064,2020-11-06,4,234
Sint-Martens-Latem,44064,2020-11-07,4,238
Sint-Martens-Latem,44064,2020-11-08,5,243
Sint-Martens-Latem,44064,2020-11-09,1,244
Sint-Martens-Latem,44064,2020-11-10,1,245
Sint-Martens-Latem,44064,2020-11-11,1,246
Wachtebeke,44073,2020-04-01,2,14
Wachtebeke,44073,2020-04-02,7,21
Wachtebeke,44073,2020-04-03,2,23
Wachtebeke,44073,2020-04-04,4,27
Wachtebeke,44073,2020-04-05,2,29
Wachtebeke,44073,2020-04-06,1,30
Wachtebeke,44073,2020-04-07,2,32
Wachtebeke,44073,2020-04-08,2,34
Wachtebeke,44073,2020-04-09,2,36
Wachtebeke,44073,2020-04-10,0,36
Wachtebeke,44073,2020-04-11,1,37
Wachtebeke,44073,2020-04-12,2,39
Wachtebeke,44073,2020-04-13,0,39
Wachtebeke,44073,2020-04-14,0,39
Wachtebeke,44073,2020-04-15,48,87
Wachtebeke,44073,2020-04-16,2,89
Wachtebeke,44073,2020-04-17,0,89
Wachtebeke,44073,2020-04-18,0,89
Wachtebeke,44073,2020-04-19,1,90
Wachtebeke,44073,2020-04-20,0,90
Wachtebeke,44073,2020-04-21,0,90
Wachtebeke,44073,2020-04-22,0,90
Wachtebeke,44073,2020-04-23,0,90
Wachtebeke,44073,2020-04-24,0,90
Wachtebeke,44073,2020-04-25,0,90
Wachtebeke,44073,2020-04-26,0,90
Wachtebeke,44073,2020-04-27,0,90
Wachtebeke,44073,2020-04-28,0,90
Wachtebeke,44073,2020-04-29,1,91
Wachtebeke,44073,2020-04-30,0,91
Wachtebeke,44073,2020-05-01,1,92
Wachtebeke,44073,2020-05-02,1,93
Wachtebeke,44073,2020-05-03,0,93
Wachtebeke,44073,2020-05-04,0,93
Wachtebeke,44073,2020-05-05,0,93
Wachtebeke,44073,2020-05-06,0,93
Wachtebeke,44073,2020-05-07,0,93
Wachtebeke,44073,2020-05-08,0,93
Wachtebeke,44073,2020-05-09,0,93
Wachtebeke,44073,2020-05-10,0,93
Wachtebeke,44073,2020-05-11,0,93
Wachtebeke,44073,2020-05-12,0,93
Wachtebeke,44073,2020-05-13,0,93
Wachtebeke,44073,2020-05-14,0,93
Wachtebeke,44073,2020-05-15,0,93
Wachtebeke,44073,2020-05-16,0,93
Wachtebeke,44073,2020-05-17,0,93
Wachtebeke,44073,2020-05-18,0,93
Wachtebeke,44073,2020-05-19,0,93
Wachtebeke,44073,2020-05-20,0,93
Wachtebeke,44073,2020-05-21,0,93
Wachtebeke,44073,2020-05-22,0,93
Wachtebeke,44073,2020-05-23,0,93
Wachtebeke,44073,2020-05-24,0,93
Wachtebeke,44073,2020-05-25,0,93
Wachtebeke,44073,2020-05-26,0,93
Wachtebeke,44073,2020-05-27,0,93
Wachtebeke,44073,2020-05-28,1,94
Wachtebeke,44073,2020-05-29,0,94
Wachtebeke,44073,2020-05-30,0,94
Wachtebeke,44073,2020-05-31,0,94
Wachtebeke,44073,2020-06-01,0,94
Wachtebeke,44073,2020-06-02,0,94
Wachtebeke,44073,2020-06-03,0,94
Wachtebeke,44073,2020-06-04,0,94
Wachtebeke,44073,2020-06-05,0,94
Wachtebeke,44073,2020-06-06,0,94
Wachtebeke,44073,2020-06-07,1,95
Wachtebeke,44073,2020-06-08,0,95
Wachtebeke,44073,2020-06-09,0,95
Wachtebeke,44073,2020-06-10,0,95
Wachtebeke,44073,2020-06-11,0,95
Wachtebeke,44073,2020-06-12,0,95
Wachtebeke,44073,2020-06-13,0,95
Wachtebeke,44073,2020-06-14,0,95
Wachtebeke,44073,2020-06-15,0,95
Wachtebeke,44073,2020-06-16,0,95
Wachtebeke,44073,2020-06-17,0,95
Wachtebeke,44073,2020-06-18,0,95
Wachtebeke,44073,2020-06-19,0,95
Wachtebeke,44073,2020-06-20,0,95
Wachtebeke,44073,2020-06-23,0,95
Wachtebeke,44073,2020-06-24,0,95
Wachtebeke,44073,2020-06-25,0,95
Wachtebeke,44073,2020-06-26,1,96
Wachtebeke,44073,2020-06-27,0,96
Wachtebeke,44073,2020-06-30,0,96
Wachtebeke,44073,2020-07-01,0,96
Wachtebeke,44073,2020-07-02,0,96
Wachtebeke,44073,2020-07-03,0,96
Wachtebeke,44073,2020-07-04,0,96
Wachtebeke,44073,2020-07-07,0,96
Wachtebeke,44073,2020-07-08,0,96
Wachtebeke,44073,2020-07-09,0,96
Wachtebeke,44073,2020-07-10,0,96
Wachtebeke,44073,2020-07-11,0,96
Wachtebeke,44073,2020-07-14,0,96
Wachtebeke,44073,2020-07-15,0,96
Wachtebeke,44073,2020-07-16,0,96
Wachtebeke,44073,2020-07-17,0,96
Wachtebeke,44073,2020-07-18,0,96
Wachtebeke,44073,2020-07-20,0,96
Wachtebeke,44073,2020-07-21,0,96
Wachtebeke,44073,2020-07-22,0,96
Wachtebeke,44073,2020-07-23,0,96
Wachtebeke,44073,2020-07-24,0,96
Wachtebeke,44073,2020-07-25,0,96
Wachtebeke,44073,2020-07-26,0,96
Wachtebeke,44073,2020-07-27,0,96
Wachtebeke,44073,2020-07-28,0,96
Wachtebeke,44073,2020-07-29,0,96
Wachtebeke,44073,2020-07-30,0,96
Wachtebeke,44073,2020-07-31,0,96
Wachtebeke,44073,2020-08-01,0,96
Wachtebeke,44073,2020-08-02,0,96
Wachtebeke,44073,2020-08-03,0,96
Wachtebeke,44073,2020-08-04,0,96
Wachtebeke,44073,2020-08-05,0,96
Wachtebeke,44073,2020-08-06,0,96
Wachtebeke,44073,2020-08-07,0,96
Wachtebeke,44073,2020-08-08,0,96
Wachtebeke,44073,2020-08-09,0,96
Wachtebeke,44073,2020-08-10,1,97
Wachtebeke,44073,2020-08-11,0,97
Wachtebeke,44073,2020-08-12,0,97
Wachtebeke,44073,2020-08-13,0,97
Wachtebeke,44073,2020-08-14,0,97
Wachtebeke,44073,2020-08-15,0,97
Wachtebeke,44073,2020-08-16,0,97
Wachtebeke,44073,2020-08-17,0,97
Wachtebeke,44073,2020-08-18,0,97
Wachtebeke,44073,2020-08-19,0,97
Wachtebeke,44073,2020-08-20,0,97
Wachtebeke,44073,2020-08-21,0,97
Wachtebeke,44073,2020-08-22,0,97
Wachtebeke,44073,2020-08-23,0,97
Wachtebeke,44073,2020-08-24,0,97
Wachtebeke,44073,2020-08-25,0,97
Wachtebeke,44073,2020-08-26,1,98
Wachtebeke,44073,2020-08-27,0,98
Wachtebeke,44073,2020-08-28,0,98
Wachtebeke,44073,2020-08-29,0,98
Wachtebeke,44073,2020-08-30,0,98
Wachtebeke,44073,2020-08-31,0,98
Wachtebeke,44073,2020-09-01,0,98
Wachtebeke,44073,2020-09-02,0,98
Wachtebeke,44073,2020-09-03,0,98
Wachtebeke,44073,2020-09-04,0,98
Wachtebeke,44073,2020-09-05,0,98
Wachtebeke,44073,2020-09-06,0,98
Wachtebeke,44073,2020-09-07,0,98
Wachtebeke,44073,2020-09-08,1,99
Wachtebeke,44073,2020-09-09,0,99
Wachtebeke,44073,2020-09-10,1,100
Wachtebeke,44073,2020-09-11,0,100
Wachtebeke,44073,2020-09-12,0,100
Wachtebeke,44073,2020-09-13,0,100
Wachtebeke,44073,2020-09-14,0,100
Wachtebeke,44073,2020-09-15,1,101
Wachtebeke,44073,2020-09-16,0,101
Wachtebeke,44073,2020-09-17,0,101
Wachtebeke,44073,2020-09-18,1,102
Wachtebeke,44073,2020-09-19,0,102
Wachtebeke,44073,2020-09-20,0,102
Wachtebeke,44073,2020-09-21,1,103
Wachtebeke,44073,2020-09-22,0,103
Wachtebeke,44073,2020-09-23,0,103
Wachtebeke,44073,2020-09-24,0,103
Wachtebeke,44073,2020-09-25,0,103
Wachtebeke,44073,2020-09-26,1,104
Wachtebeke,44073,2020-09-27,0,104
Wachtebeke,44073,2020-09-28,0,104
Wachtebeke,44073,2020-09-29,0,104
Wachtebeke,44073,2020-09-30,0,104
Wachtebeke,44073,2020-10-01,1,105
Wachtebeke,44073,2020-10-02,0,105
Wachtebeke,44073,2020-10-03,1,106
Wachtebeke,44073,2020-10-04,1,107
Wachtebeke,44073,2020-10-05,0,107
Wachtebeke,44073,2020-10-06,0,107
Wachtebeke,44073,2020-10-07,0,107
Wachtebeke,44073,2020-10-08,0,107
Wachtebeke,44073,2020-10-09,3,110
Wachtebeke,44073,2020-10-10,0,110
Wachtebeke,44073,2020-10-11,1,111
Wachtebeke,44073,2020-10-12,1,112
Wachtebeke,44073,2020-10-13,0,112
Wachtebeke,44073,2020-10-14,3,115
Wachtebeke,44073,2020-10-15,1,116
Wachtebeke,44073,2020-10-16,3,119
Wachtebeke,44073,2020-10-17,3,122
Wachtebeke,44073,2020-10-18,2,124
Wachtebeke,44073,2020-10-19,3,127
Wachtebeke,44073,2020-10-20,1,128
Wachtebeke,44073,2020-10-21,4,132
Wachtebeke,44073,2020-10-22,7,139
Wachtebeke,44073,2020-10-23,4,143
Wachtebeke,44073,2020-10-24,4,147
Wachtebeke,44073,2020-10-25,11,158
Wachtebeke,44073,2020-10-26,6,164
Wachtebeke,44073,2020-10-27,6,170
Wachtebeke,44073,2020-10-28,7,177
Wachtebeke,44073,2020-10-29,6,183
Wachtebeke,44073,2020-10-30,8,191
Wachtebeke,44073,2020-10-31,15,206
Wachtebeke,44073,2020-11-01,14,220
Wachtebeke,44073,2020-11-02,6,226
Wachtebeke,44073,2020-11-03,3,229
Wachtebeke,44073,2020-11-04,6,235
Wachtebeke,44073,2020-11-05,10,245
Wachtebeke,44073,2020-11-06,6,251
Wachtebeke,44073,2020-11-07,3,254
Wachtebeke,44073,2020-11-08,3,257
Wachtebeke,44073,2020-11-09,9,266
Wachtebeke,44073,2020-11-10,5,271
Wachtebeke,44073,2020-11-11,0,271
Zulte,44081,2020-04-01,2,21
Zulte,44081,2020-04-02,2,23
Zulte,44081,2020-04-03,0,23
Zulte,44081,2020-04-04,1,24
Zulte,44081,2020-04-05,0,24
Zulte,44081,2020-04-06,0,24
Zulte,44081,2020-04-07,0,24
Zulte,44081,2020-04-08,1,25
Zulte,44081,2020-04-09,1,26
Zulte,44081,2020-04-10,2,28
Zulte,44081,2020-04-11,0,28
Zulte,44081,2020-04-12,1,29
Zulte,44081,2020-04-13,0,29
Zulte,44081,2020-04-14,1,30
Zulte,44081,2020-04-15,1,31
Zulte,44081,2020-04-16,1,32
Zulte,44081,2020-04-17,0,32
Zulte,44081,2020-04-18,2,34
Zulte,44081,2020-04-19,4,38
Zulte,44081,2020-04-20,0,38
Zulte,44081,2020-04-21,0,38
Zulte,44081,2020-04-22,0,38
Zulte,44081,2020-04-23,0,38
Zulte,44081,2020-04-24,1,39
Zulte,44081,2020-04-25,0,39
Zulte,44081,2020-04-26,1,40
Zulte,44081,2020-04-27,0,40
Zulte,44081,2020-04-28,0,40
Zulte,44081,2020-04-29,1,41
Zulte,44081,2020-04-30,1,42
Zulte,44081,2020-05-01,1,43
Zulte,44081,2020-05-02,0,43
Zulte,44081,2020-05-03,0,43
Zulte,44081,2020-05-04,1,44
Zulte,44081,2020-05-05,0,44
Zulte,44081,2020-05-06,0,44
Zulte,44081,2020-05-07,3,47
Zulte,44081,2020-05-08,2,49
Zulte,44081,2020-05-09,0,49
Zulte,44081,2020-05-10,0,49
Zulte,44081,2020-05-11,0,49
Zulte,44081,2020-05-12,1,50
Zulte,44081,2020-05-13,0,50
Zulte,44081,2020-05-14,0,50
Zulte,44081,2020-05-15,0,50
Zulte,44081,2020-05-16,1,51
Zulte,44081,2020-05-17,1,52
Zulte,44081,2020-05-18,1,53
Zulte,44081,2020-05-19,0,53
Zulte,44081,2020-05-20,0,53
Zulte,44081,2020-05-21,0,53
Zulte,44081,2020-05-22,0,53
Zulte,44081,2020-05-23,0,53
Zulte,44081,2020-05-24,0,53
Zulte,44081,2020-05-25,0,53
Zulte,44081,2020-05-26,0,53
Zulte,44081,2020-05-27,0,53
Zulte,44081,2020-05-28,0,53
Zulte,44081,2020-05-29,0,53
Zulte,44081,2020-05-30,0,53
Zulte,44081,2020-05-31,0,53
Zulte,44081,2020-06-01,0,53
Zulte,44081,2020-06-02,1,54
Zulte,44081,2020-06-03,0,54
Zulte,44081,2020-06-04,0,54
Zulte,44081,2020-06-05,0,54
Zulte,44081,2020-06-06,0,54
Zulte,44081,2020-06-07,0,54
Zulte,44081,2020-06-08,0,54
Zulte,44081,2020-06-09,0,54
Zulte,44081,2020-06-10,0,54
Zulte,44081,2020-06-11,0,54
Zulte,44081,2020-06-12,0,54
Zulte,44081,2020-06-13,0,54
Zulte,44081,2020-06-14,0,54
Zulte,44081,2020-06-15,0,54
Zulte,44081,2020-06-16,0,54
Zulte,44081,2020-06-17,0,54
Zulte,44081,2020-06-18,1,55
Zulte,44081,2020-06-19,0,55
Zulte,44081,2020-06-20,0,55
Zulte,44081,2020-06-23,0,55
Zulte,44081,2020-06-24,0,55
Zulte,44081,2020-06-25,0,55
Zulte,44081,2020-06-26,0,55
Zulte,44081,2020-06-27,0,55
Zulte,44081,2020-06-30,1,56
Zulte,44081,2020-07-01,0,56
Zulte,44081,2020-07-02,0,56
Zulte,44081,2020-07-03,0,56
Zulte,44081,2020-07-04,0,56
Zulte,44081,2020-07-07,0,56
Zulte,44081,2020-07-08,0,56
Zulte,44081,2020-07-09,0,56
Zulte,44081,2020-07-10,0,56
Zulte,44081,2020-07-11,0,56
Zulte,44081,2020-07-14,0,56
Zulte,44081,2020-07-15,0,56
Zulte,44081,2020-07-16,0,56
Zulte,44081,2020-07-17,1,57
Zulte,44081,2020-07-18,0,57
Zulte,44081,2020-07-20,1,58
Zulte,44081,2020-07-21,0,58
Zulte,44081,2020-07-22,0,58
Zulte,44081,2020-07-23,0,58
Zulte,44081,2020-07-24,0,58
Zulte,44081,2020-07-25,0,58
Zulte,44081,2020-07-26,0,58
Zulte,44081,2020-07-27,1,59
Zulte,44081,2020-07-28,0,59
Zulte,44081,2020-07-29,0,59
Zulte,44081,2020-07-30,2,61
Zulte,44081,2020-07-31,0,61
Zulte,44081,2020-08-01,0,61
Zulte,44081,2020-08-02,0,61
Zulte,44081,2020-08-03,0,61
Zulte,44081,2020-08-04,0,61
Zulte,44081,2020-08-05,1,62
Zulte,44081,2020-08-06,0,62
Zulte,44081,2020-08-07,0,62
Zulte,44081,2020-08-08,0,62
Zulte,44081,2020-08-09,0,62
Zulte,44081,2020-08-10,0,62
Zulte,44081,2020-08-11,0,62
Zulte,44081,2020-08-12,0,62
Zulte,44081,2020-08-13,0,62
Zulte,44081,2020-08-14,0,62
Zulte,44081,2020-08-15,0,62
Zulte,44081,2020-08-16,1,63
Zulte,44081,2020-08-17,6,69
Zulte,44081,2020-08-18,0,69
Zulte,44081,2020-08-19,5,74
Zulte,44081,2020-08-20,1,75
Zulte,44081,2020-08-21,1,76
Zulte,44081,2020-08-22,0,76
Zulte,44081,2020-08-23,0,76
Zulte,44081,2020-08-24,0,76
Zulte,44081,2020-08-25,0,76
Zulte,44081,2020-08-26,0,76
Zulte,44081,2020-08-27,0,76
Zulte,44081,2020-08-28,0,76
Zulte,44081,2020-08-29,1,77
Zulte,44081,2020-08-30,0,77
Zulte,44081,2020-08-31,0,77
Zulte,44081,2020-09-01,0,77
Zulte,44081,2020-09-02,0,77
Zulte,44081,2020-09-03,0,77
Zulte,44081,2020-09-04,1,78
Zulte,44081,2020-09-05,0,78
Zulte,44081,2020-09-06,0,78
Zulte,44081,2020-09-07,2,80
Zulte,44081,2020-09-08,0,80
Zulte,44081,2020-09-09,0,80
Zulte,44081,2020-09-10,0,80
Zulte,44081,2020-09-11,0,80
Zulte,44081,2020-09-12,2,82
Zulte,44081,2020-09-13,1,83
Zulte,44081,2020-09-14,1,84
Zulte,44081,2020-09-15,0,84
Zulte,44081,2020-09-16,2,86
Zulte,44081,2020-09-17,3,89
Zulte,44081,2020-09-18,0,89
Zulte,44081,2020-09-19,0,89
Zulte,44081,2020-09-20,0,89
Zulte,44081,2020-09-21,0,89
Zulte,44081,2020-09-22,0,89
Zulte,44081,2020-09-23,1,90
Zulte,44081,2020-09-24,5,95
Zulte,44081,2020-09-25,2,97
Zulte,44081,2020-09-26,1,98
Zulte,44081,2020-09-27,0,98
Zulte,44081,2020-09-28,0,98
Zulte,44081,2020-09-29,1,99
Zulte,44081,2020-09-30,1,100
Zulte,44081,2020-10-01,0,100
Zulte,44081,2020-10-02,3,103
Zulte,44081,2020-10-03,3,106
Zulte,44081,2020-10-04,2,108
Zulte,44081,2020-10-05,1,109
Zulte,44081,2020-10-06,0,109
Zulte,44081,2020-10-07,0,109
Zulte,44081,2020-10-08,3,112
Zulte,44081,2020-10-09,9,121
Zulte,44081,2020-10-10,6,127
Zulte,44081,2020-10-11,9,136
Zulte,44081,2020-10-12,4,140
Zulte,44081,2020-10-13,7,147
Zulte,44081,2020-10-14,4,151
Zulte,44081,2020-10-15,9,160
Zulte,44081,2020-10-16,6,166
Zulte,44081,2020-10-17,6,172
Zulte,44081,2020-10-18,10,182
Zulte,44081,2020-10-19,17,199
Zulte,44081,2020-10-20,6,205
Zulte,44081,2020-10-21,11,216
Zulte,44081,2020-10-22,17,233
Zulte,44081,2020-10-23,24,257
Zulte,44081,2020-10-24,16,273
Zulte,44081,2020-10-25,33,306
Zulte,44081,2020-10-26,28,334
Zulte,44081,2020-10-27,22,356
Zulte,44081,2020-10-28,15,371
Zulte,44081,2020-10-29,37,408
Zulte,44081,2020-10-30,16,424
Zulte,44081,2020-10-31,24,448
Zulte,44081,2020-11-01,16,464
Zulte,44081,2020-11-02,14,478
Zulte,44081,2020-11-03,6,484
Zulte,44081,2020-11-04,5,489
Zulte,44081,2020-11-05,13,502
Zulte,44081,2020-11-06,12,514
Zulte,44081,2020-11-07,8,522
Zulte,44081,2020-11-08,11,533
Zulte,44081,2020-11-09,8,541
Zulte,44081,2020-11-10,4,545
Zulte,44081,2020-11-11,7,552
Deinze,44083,2020-04-01,1,27
Deinze,44083,2020-04-02,7,34
Deinze,44083,2020-04-03,1,35
Deinze,44083,2020-04-04,6,41
Deinze,44083,2020-04-05,3,44
Deinze,44083,2020-04-06,2,46
Deinze,44083,2020-04-07,3,49
Deinze,44083,2020-04-08,1,50
Deinze,44083,2020-04-09,4,54
Deinze,44083,2020-04-10,3,57
Deinze,44083,2020-04-11,0,57
Deinze,44083,2020-04-12,1,58
Deinze,44083,2020-04-13,1,59
Deinze,44083,2020-04-14,1,60
Deinze,44083,2020-04-15,2,62
Deinze,44083,2020-04-16,1,63
Deinze,44083,2020-04-17,2,65
Deinze,44083,2020-04-18,2,67
Deinze,44083,2020-04-19,3,70
Deinze,44083,2020-04-20,0,70
Deinze,44083,2020-04-21,3,73
Deinze,44083,2020-04-22,0,73
Deinze,44083,2020-04-23,1,74
Deinze,44083,2020-04-24,0,74
Deinze,44083,2020-04-25,4,78
Deinze,44083,2020-04-26,5,83
Deinze,44083,2020-04-27,1,84
Deinze,44083,2020-04-28,1,85
Deinze,44083,2020-04-29,0,85
Deinze,44083,2020-04-30,0,85
Deinze,44083,2020-05-01,0,85
Deinze,44083,2020-05-02,1,86
Deinze,44083,2020-05-03,0,86
Deinze,44083,2020-05-04,1,87
Deinze,44083,2020-05-05,1,88
Deinze,44083,2020-05-06,0,88
Deinze,44083,2020-05-07,1,89
Deinze,44083,2020-05-08,0,89
Deinze,44083,2020-05-09,8,97
Deinze,44083,2020-05-10,0,97
Deinze,44083,2020-05-11,3,100
Deinze,44083,2020-05-12,1,101
Deinze,44083,2020-05-13,0,101
Deinze,44083,2020-05-14,0,101
Deinze,44083,2020-05-15,0,101
Deinze,44083,2020-05-16,1,102
Deinze,44083,2020-05-17,0,102
Deinze,44083,2020-05-18,0,102
Deinze,44083,2020-05-19,0,102
Deinze,44083,2020-05-20,0,102
Deinze,44083,2020-05-21,1,103
Deinze,44083,2020-05-22,0,103
Deinze,44083,2020-05-23,0,103
Deinze,44083,2020-05-24,0,103
Deinze,44083,2020-05-25,1,104
Deinze,44083,2020-05-26,1,105
Deinze,44083,2020-05-27,0,105
Deinze,44083,2020-05-28,0,105
Deinze,44083,2020-05-29,0,105
Deinze,44083,2020-05-30,0,105
Deinze,44083,2020-05-31,0,105
Deinze,44083,2020-06-01,0,105
Deinze,44083,2020-06-02,0,105
Deinze,44083,2020-06-03,0,105
Deinze,44083,2020-06-04,0,105
Deinze,44083,2020-06-05,0,105
Deinze,44083,2020-06-06,0,105
Deinze,44083,2020-06-07,0,105
Deinze,44083,2020-06-08,0,105
Deinze,44083,2020-06-09,0,105
Deinze,44083,2020-06-10,0,105
Deinze,44083,2020-06-11,0,105
Deinze,44083,2020-06-12,1,106
Deinze,44083,2020-06-13,0,106
Deinze,44083,2020-06-14,0,106
Deinze,44083,2020-06-15,0,106
Deinze,44083,2020-06-16,0,106
Deinze,44083,2020-06-17,0,106
Deinze,44083,2020-06-18,0,106
Deinze,44083,2020-06-19,0,106
Deinze,44083,2020-06-20,1,107
Deinze,44083,2020-06-23,2,109
Deinze,44083,2020-06-24,0,109
Deinze,44083,2020-06-25,0,109
Deinze,44083,2020-06-26,0,109
Deinze,44083,2020-06-27,0,109
Deinze,44083,2020-06-30,0,109
Deinze,44083,2020-07-01,0,109
Deinze,44083,2020-07-02,0,109
Deinze,44083,2020-07-03,0,109
Deinze,44083,2020-07-04,0,109
Deinze,44083,2020-07-07,1,110
Deinze,44083,2020-07-08,0,110
Deinze,44083,2020-07-09,1,111
Deinze,44083,2020-07-10,0,111
Deinze,44083,2020-07-11,0,111
Deinze,44083,2020-07-14,0,111
Deinze,44083,2020-07-15,1,112
Deinze,44083,2020-07-16,0,112
Deinze,44083,2020-07-17,1,113
Deinze,44083,2020-07-18,2,115
Deinze,44083,2020-07-20,3,118
Deinze,44083,2020-07-21,0,118
Deinze,44083,2020-07-22,1,119
Deinze,44083,2020-07-23,0,119
Deinze,44083,2020-07-24,1,120
Deinze,44083,2020-07-25,2,122
Deinze,44083,2020-07-26,0,122
Deinze,44083,2020-07-27,0,122
Deinze,44083,2020-07-28,1,123
Deinze,44083,2020-07-29,0,123
Deinze,44083,2020-07-30,1,124
Deinze,44083,2020-07-31,0,124
Deinze,44083,2020-08-01,0,124
Deinze,44083,2020-08-02,0,124
Deinze,44083,2020-08-03,0,124
Deinze,44083,2020-08-04,0,124
Deinze,44083,2020-08-05,0,124
Deinze,44083,2020-08-06,0,124
Deinze,44083,2020-08-07,0,124
Deinze,44083,2020-08-08,0,124
Deinze,44083,2020-08-09,2,126
Deinze,44083,2020-08-10,2,128
Deinze,44083,2020-08-11,2,130
Deinze,44083,2020-08-12,0,130
Deinze,44083,2020-08-13,0,130
Deinze,44083,2020-08-14,0,130
Deinze,44083,2020-08-15,1,131
Deinze,44083,2020-08-16,1,132
Deinze,44083,2020-08-17,0,132
Deinze,44083,2020-08-18,0,132
Deinze,44083,2020-08-19,0,132
Deinze,44083,2020-08-20,0,132
Deinze,44083,2020-08-21,1,133
Deinze,44083,2020-08-22,1,134
Deinze,44083,2020-08-23,0,134
Deinze,44083,2020-08-24,1,135
Deinze,44083,2020-08-25,0,135
Deinze,44083,2020-08-26,0,135
Deinze,44083,2020-08-27,0,135
Deinze,44083,2020-08-28,0,135
Deinze,44083,2020-08-29,0,135
Deinze,44083,2020-08-30,0,135
Deinze,44083,2020-08-31,0,135
Deinze,44083,2020-09-01,1,136
Deinze,44083,2020-09-02,1,137
Deinze,44083,2020-09-03,1,138
Deinze,44083,2020-09-04,1,139
Deinze,44083,2020-09-05,2,141
Deinze,44083,2020-09-06,5,146
Deinze,44083,2020-09-07,1,147
Deinze,44083,2020-09-08,0,147
Deinze,44083,2020-09-09,1,148
Deinze,44083,2020-09-10,0,148
Deinze,44083,2020-09-11,1,149
Deinze,44083,2020-09-12,1,150
Deinze,44083,2020-09-13,0,150
Deinze,44083,2020-09-14,4,154
Deinze,44083,2020-09-15,0,154
Deinze,44083,2020-09-16,0,154
Deinze,44083,2020-09-17,5,159
Deinze,44083,2020-09-18,7,166
Deinze,44083,2020-09-19,6,172
Deinze,44083,2020-09-20,-1,171
Deinze,44083,2020-09-21,6,177
Deinze,44083,2020-09-22,1,178
Deinze,44083,2020-09-23,0,178
Deinze,44083,2020-09-24,1,179
Deinze,44083,2020-09-25,2,181
Deinze,44083,2020-09-26,4,185
Deinze,44083,2020-09-27,2,187
Deinze,44083,2020-09-28,0,187
Deinze,44083,2020-09-29,1,188
Deinze,44083,2020-09-30,2,190
Deinze,44083,2020-10-01,3,193
Deinze,44083,2020-10-02,2,195
Deinze,44083,2020-10-03,3,198
Deinze,44083,2020-10-04,1,199
Deinze,44083,2020-10-05,2,201
Deinze,44083,2020-10-06,0,201
Deinze,44083,2020-10-07,2,203
Deinze,44083,2020-10-08,3,206
Deinze,44083,2020-10-09,5,211
Deinze,44083,2020-10-10,2,213
Deinze,44083,2020-10-11,6,219
Deinze,44083,2020-10-12,3,222
Deinze,44083,2020-10-13,2,224
Deinze,44083,2020-10-14,6,230
Deinze,44083,2020-10-15,8,238
Deinze,44083,2020-10-16,6,244
Deinze,44083,2020-10-17,13,257
Deinze,44083,2020-10-18,20,277
Deinze,44083,2020-10-19,39,316
Deinze,44083,2020-10-20,12,328
Deinze,44083,2020-10-21,28,356
Deinze,44083,2020-10-22,48,404
Deinze,44083,2020-10-23,37,441
Deinze,44083,2020-10-24,55,496
Deinze,44083,2020-10-25,37,533
Deinze,44083,2020-10-26,51,584
Deinze,44083,2020-10-27,33,617
Deinze,44083,2020-10-28,33,650
Deinze,44083,2020-10-29,57,707
Deinze,44083,2020-10-30,61,768
Deinze,44083,2020-10-31,58,826
Deinze,44083,2020-11-01,57,883
Deinze,44083,2020-11-02,24,907
Deinze,44083,2020-11-03,11,918
Deinze,44083,2020-11-04,20,938
Deinze,44083,2020-11-05,40,978
Deinze,44083,2020-11-06,42,1020
Deinze,44083,2020-11-07,23,1043
Deinze,44083,2020-11-08,25,1068
Deinze,44083,2020-11-09,18,1086
Deinze,44083,2020-11-10,4,1090
Deinze,44083,2020-11-11,13,1103
Aalter,44084,2020-04-01,2,30
Aalter,44084,2020-04-02,3,33
Aalter,44084,2020-04-03,4,37
Aalter,44084,2020-04-04,3,40
Aalter,44084,2020-04-05,1,41
Aalter,44084,2020-04-06,3,44
Aalter,44084,2020-04-07,5,49
Aalter,44084,2020-04-08,1,50
Aalter,44084,2020-04-09,1,51
Aalter,44084,2020-04-10,3,54
Aalter,44084,2020-04-11,1,55
Aalter,44084,2020-04-12,3,58
Aalter,44084,2020-04-13,4,62
Aalter,44084,2020-04-14,2,64
Aalter,44084,2020-04-15,2,66
Aalter,44084,2020-04-16,4,70
Aalter,44084,2020-04-17,2,72
Aalter,44084,2020-04-18,5,77
Aalter,44084,2020-04-19,2,79
Aalter,44084,2020-04-20,0,79
Aalter,44084,2020-04-21,0,79
Aalter,44084,2020-04-22,0,79
Aalter,44084,2020-04-23,2,81
Aalter,44084,2020-04-24,1,82
Aalter,44084,2020-04-25,1,83
Aalter,44084,2020-04-26,1,84
Aalter,44084,2020-04-27,0,84
Aalter,44084,2020-04-28,0,84
Aalter,44084,2020-04-29,1,85
Aalter,44084,2020-04-30,2,87
Aalter,44084,2020-05-01,0,87
Aalter,44084,2020-05-02,0,87
Aalter,44084,2020-05-03,0,87
Aalter,44084,2020-05-04,0,87
Aalter,44084,2020-05-05,0,87
Aalter,44084,2020-05-06,2,89
Aalter,44084,2020-05-07,0,89
Aalter,44084,2020-05-08,3,92
Aalter,44084,2020-05-09,0,92
Aalter,44084,2020-05-10,0,92
Aalter,44084,2020-05-11,0,92
Aalter,44084,2020-05-12,0,92
Aalter,44084,2020-05-13,0,92
Aalter,44084,2020-05-14,0,92
Aalter,44084,2020-05-15,1,93
Aalter,44084,2020-05-16,1,94
Aalter,44084,2020-05-17,0,94
Aalter,44084,2020-05-18,3,97
Aalter,44084,2020-05-19,3,100
Aalter,44084,2020-05-20,2,102
Aalter,44084,2020-05-21,1,103
Aalter,44084,2020-05-22,1,104
Aalter,44084,2020-05-23,0,104
Aalter,44084,2020-05-24,3,107
Aalter,44084,2020-05-25,1,108
Aalter,44084,2020-05-26,1,109
Aalter,44084,2020-05-27,0,109
Aalter,44084,2020-05-28,1,110
Aalter,44084,2020-05-29,0,110
Aalter,44084,2020-05-30,0,110
Aalter,44084,2020-05-31,0,110
Aalter,44084,2020-06-01,2,112
Aalter,44084,2020-06-02,0,112
Aalter,44084,2020-06-03,0,112
Aalter,44084,2020-06-04,0,112
Aalter,44084,2020-06-05,0,112
Aalter,44084,2020-06-06,0,112
Aalter,44084,2020-06-07,0,112
Aalter,44084,2020-06-08,0,112
Aalter,44084,2020-06-09,0,112
Aalter,44084,2020-06-10,0,112
Aalter,44084,2020-06-11,0,112
Aalter,44084,2020-06-12,0,112
Aalter,44084,2020-06-13,0,112
Aalter,44084,2020-06-14,0,112
Aalter,44084,2020-06-15,0,112
Aalter,44084,2020-06-16,0,112
Aalter,44084,2020-06-17,0,112
Aalter,44084,2020-06-18,0,112
Aalter,44084,2020-06-19,0,112
Aalter,44084,2020-06-20,0,112
Aalter,44084,2020-06-23,0,112
Aalter,44084,2020-06-24,1,113
Aalter,44084,2020-06-25,0,113
Aalter,44084,2020-06-26,0,113
Aalter,44084,2020-06-27,0,113
Aalter,44084,2020-06-30,1,114
Aalter,44084,2020-07-01,0,114
Aalter,44084,2020-07-02,0,114
Aalter,44084,2020-07-03,0,114
Aalter,44084,2020-07-04,0,114
Aalter,44084,2020-07-07,0,114
Aalter,44084,2020-07-08,0,114
Aalter,44084,2020-07-09,0,114
Aalter,44084,2020-07-10,0,114
Aalter,44084,2020-07-11,1,115
Aalter,44084,2020-07-14,0,115
Aalter,44084,2020-07-15,0,115
Aalter,44084,2020-07-16,0,115
Aalter,44084,2020-07-17,1,116
Aalter,44084,2020-07-18,0,116
Aalter,44084,2020-07-20,1,117
Aalter,44084,2020-07-21,1,118
Aalter,44084,2020-07-22,1,119
Aalter,44084,2020-07-23,0,119
Aalter,44084,2020-07-24,0,119
Aalter,44084,2020-07-25,1,120
Aalter,44084,2020-07-26,2,122
Aalter,44084,2020-07-27,0,122
Aalter,44084,2020-07-28,0,122
Aalter,44084,2020-07-29,0,122
Aalter,44084,2020-07-30,0,122
Aalter,44084,2020-07-31,0,122
Aalter,44084,2020-08-01,0,122
Aalter,44084,2020-08-02,1,123
Aalter,44084,2020-08-03,0,123
Aalter,44084,2020-08-04,0,123
Aalter,44084,2020-08-05,1,124
Aalter,44084,2020-08-06,0,124
Aalter,44084,2020-08-07,1,125
Aalter,44084,2020-08-08,3,128
Aalter,44084,2020-08-09,1,129
Aalter,44084,2020-08-10,1,130
Aalter,44084,2020-08-11,2,132
Aalter,44084,2020-08-12,0,132
Aalter,44084,2020-08-13,0,132
Aalter,44084,2020-08-14,0,132
Aalter,44084,2020-08-15,0,132
Aalter,44084,2020-08-16,0,132
Aalter,44084,2020-08-17,0,132
Aalter,44084,2020-08-18,0,132
Aalter,44084,2020-08-19,0,132
Aalter,44084,2020-08-20,0,132
Aalter,44084,2020-08-21,1,133
Aalter,44084,2020-08-22,1,134
Aalter,44084,2020-08-23,1,135
Aalter,44084,2020-08-24,0,135
Aalter,44084,2020-08-25,0,135
Aalter,44084,2020-08-26,1,136
Aalter,44084,2020-08-27,1,137
Aalter,44084,2020-08-28,0,137
Aalter,44084,2020-08-29,0,137
Aalter,44084,2020-08-30,0,137
Aalter,44084,2020-08-31,0,137
Aalter,44084,2020-09-01,0,137
Aalter,44084,2020-09-02,0,137
Aalter,44084,2020-09-03,1,138
Aalter,44084,2020-09-04,0,138
Aalter,44084,2020-09-05,1,139
Aalter,44084,2020-09-06,0,139
Aalter,44084,2020-09-07,0,139
Aalter,44084,2020-09-08,0,139
Aalter,44084,2020-09-09,0,139
Aalter,44084,2020-09-10,1,140
Aalter,44084,2020-09-11,0,140
Aalter,44084,2020-09-12,0,140
Aalter,44084,2020-09-13,2,142
Aalter,44084,2020-09-14,1,143
Aalter,44084,2020-09-15,1,144
Aalter,44084,2020-09-16,0,144
Aalter,44084,2020-09-17,3,147
Aalter,44084,2020-09-18,0,147
Aalter,44084,2020-09-19,2,149
Aalter,44084,2020-09-20,-3,146
Aalter,44084,2020-09-21,4,150
Aalter,44084,2020-09-22,0,150
Aalter,44084,2020-09-23,2,152
Aalter,44084,2020-09-24,0,152
Aalter,44084,2020-09-25,0,152
Aalter,44084,2020-09-26,2,154
Aalter,44084,2020-09-27,0,154
Aalter,44084,2020-09-28,0,154
Aalter,44084,2020-09-29,0,154
Aalter,44084,2020-09-30,2,156
Aalter,44084,2020-10-01,1,157
Aalter,44084,2020-10-02,1,158
Aalter,44084,2020-10-03,2,160
Aalter,44084,2020-10-04,2,162
Aalter,44084,2020-10-05,2,164
Aalter,44084,2020-10-06,0,164
Aalter,44084,2020-10-07,1,165
Aalter,44084,2020-10-08,1,166
Aalter,44084,2020-10-09,4,170
Aalter,44084,2020-10-10,5,175
Aalter,44084,2020-10-11,6,181
Aalter,44084,2020-10-12,7,188
Aalter,44084,2020-10-13,4,192
Aalter,44084,2020-10-14,7,199
Aalter,44084,2020-10-15,12,211
Aalter,44084,2020-10-16,9,220
Aalter,44084,2020-10-17,13,233
Aalter,44084,2020-10-18,18,251
Aalter,44084,2020-10-19,17,268
Aalter,44084,2020-10-20,8,276
Aalter,44084,2020-10-21,22,298
Aalter,44084,2020-10-22,15,313
Aalter,44084,2020-10-23,14,327
Aalter,44084,2020-10-24,33,360
Aalter,44084,2020-10-25,29,389
Aalter,44084,2020-10-26,30,419
Aalter,44084,2020-10-27,38,457
Aalter,44084,2020-10-28,10,467
Aalter,44084,2020-10-29,41,508
Aalter,44084,2020-10-30,41,549
Aalter,44084,2020-10-31,41,590
Aalter,44084,2020-11-01,30,620
Aalter,44084,2020-11-02,14,634
Aalter,44084,2020-11-03,10,644
Aalter,44084,2020-11-04,10,654
Aalter,44084,2020-11-05,16,670
Aalter,44084,2020-11-06,12,682
Aalter,44084,2020-11-07,21,703
Aalter,44084,2020-11-08,9,712
Aalter,44084,2020-11-09,7,719
Aalter,44084,2020-11-10,4,723
Aalter,44084,2020-11-11,2,725
Lievegem,44085,2020-04-01,3,39
Lievegem,44085,2020-04-02,5,44
Lievegem,44085,2020-04-03,4,48
Lievegem,44085,2020-04-04,5,53
Lievegem,44085,2020-04-05,6,59
Lievegem,44085,2020-04-06,1,60
Lievegem,44085,2020-04-07,6,66
Lievegem,44085,2020-04-08,1,67
Lievegem,44085,2020-04-09,4,71
Lievegem,44085,2020-04-10,6,77
Lievegem,44085,2020-04-11,6,83
Lievegem,44085,2020-04-12,1,84
Lievegem,44085,2020-04-13,2,86
Lievegem,44085,2020-04-14,2,88
Lievegem,44085,2020-04-15,4,92
Lievegem,44085,2020-04-16,0,92
Lievegem,44085,2020-04-17,2,94
Lievegem,44085,2020-04-18,2,96
Lievegem,44085,2020-04-19,2,98
Lievegem,44085,2020-04-20,1,99
Lievegem,44085,2020-04-21,1,100
Lievegem,44085,2020-04-22,1,101
Lievegem,44085,2020-04-23,6,107
Lievegem,44085,2020-04-24,3,110
Lievegem,44085,2020-04-25,11,121
Lievegem,44085,2020-04-26,1,122
Lievegem,44085,2020-04-27,0,122
Lievegem,44085,2020-04-28,1,123
Lievegem,44085,2020-04-29,3,126
Lievegem,44085,2020-04-30,2,128
Lievegem,44085,2020-05-01,2,130
Lievegem,44085,2020-05-02,1,131
Lievegem,44085,2020-05-03,1,132
Lievegem,44085,2020-05-04,0,132
Lievegem,44085,2020-05-05,0,132
Lievegem,44085,2020-05-06,2,134
Lievegem,44085,2020-05-07,0,134
Lievegem,44085,2020-05-08,2,136
Lievegem,44085,2020-05-09,2,138
Lievegem,44085,2020-05-10,1,139
Lievegem,44085,2020-05-11,1,140
Lievegem,44085,2020-05-12,2,142
Lievegem,44085,2020-05-13,0,142
Lievegem,44085,2020-05-14,1,143
Lievegem,44085,2020-05-15,0,143
Lievegem,44085,2020-05-16,0,143
Lievegem,44085,2020-05-17,1,144
Lievegem,44085,2020-05-18,1,145
Lievegem,44085,2020-05-19,2,147
Lievegem,44085,2020-05-20,1,148
Lievegem,44085,2020-05-21,1,149
Lievegem,44085,2020-05-22,1,150
Lievegem,44085,2020-05-23,1,151
Lievegem,44085,2020-05-24,0,151
Lievegem,44085,2020-05-25,2,153
Lievegem,44085,2020-05-26,0,153
Lievegem,44085,2020-05-27,0,153
Lievegem,44085,2020-05-28,0,153
Lievegem,44085,2020-05-29,3,156
Lievegem,44085,2020-05-30,0,156
Lievegem,44085,2020-05-31,1,157
Lievegem,44085,2020-06-01,0,157
Lievegem,44085,2020-06-02,0,157
Lievegem,44085,2020-06-03,0,157
Lievegem,44085,2020-06-04,1,158
Lievegem,44085,2020-06-05,0,158
Lievegem,44085,2020-06-06,0,158
Lievegem,44085,2020-06-07,0,158
Lievegem,44085,2020-06-08,1,159
Lievegem,44085,2020-06-09,0,159
Lievegem,44085,2020-06-10,0,159
Lievegem,44085,2020-06-11,0,159
Lievegem,44085,2020-06-12,0,159
Lievegem,44085,2020-06-13,0,159
Lievegem,44085,2020-06-14,1,160
Lievegem,44085,2020-06-15,0,160
Lievegem,44085,2020-06-16,0,160
Lievegem,44085,2020-06-17,1,161
Lievegem,44085,2020-06-18,0,161
Lievegem,44085,2020-06-19,0,161
Lievegem,44085,2020-06-20,0,161
Lievegem,44085,2020-06-23,2,163
Lievegem,44085,2020-06-24,0,163
Lievegem,44085,2020-06-25,0,163
Lievegem,44085,2020-06-26,0,163
Lievegem,44085,2020-06-27,1,164
Lievegem,44085,2020-06-30,1,165
Lievegem,44085,2020-07-01,0,165
Lievegem,44085,2020-07-02,0,165
Lievegem,44085,2020-07-03,0,165
Lievegem,44085,2020-07-04,0,165
Lievegem,44085,2020-07-07,0,165
Lievegem,44085,2020-07-08,0,165
Lievegem,44085,2020-07-09,0,165
Lievegem,44085,2020-07-10,0,165
Lievegem,44085,2020-07-11,-1,164
Lievegem,44085,2020-07-14,0,164
Lievegem,44085,2020-07-15,0,164
Lievegem,44085,2020-07-16,0,164
Lievegem,44085,2020-07-17,0,164
Lievegem,44085,2020-07-18,0,164
Lievegem,44085,2020-07-20,0,164
Lievegem,44085,2020-07-21,0,164
Lievegem,44085,2020-07-22,1,165
Lievegem,44085,2020-07-23,0,165
Lievegem,44085,2020-07-24,1,166
Lievegem,44085,2020-07-25,3,169
Lievegem,44085,2020-07-26,0,169
Lievegem,44085,2020-07-27,0,169
Lievegem,44085,2020-07-28,0,169
Lievegem,44085,2020-07-29,0,169
Lievegem,44085,2020-07-30,0,169
Lievegem,44085,2020-07-31,0,169
Lievegem,44085,2020-08-01,0,169
Lievegem,44085,2020-08-02,3,172
Lievegem,44085,2020-08-03,-1,171
Lievegem,44085,2020-08-04,2,173
Lievegem,44085,2020-08-05,0,173
Lievegem,44085,2020-08-06,0,173
Lievegem,44085,2020-08-07,1,174
Lievegem,44085,2020-08-08,0,174
Lievegem,44085,2020-08-09,3,177
Lievegem,44085,2020-08-10,0,177
Lievegem,44085,2020-08-11,0,177
Lievegem,44085,2020-08-12,0,177
Lievegem,44085,2020-08-13,0,177
Lievegem,44085,2020-08-14,0,177
Lievegem,44085,2020-08-15,0,177
Lievegem,44085,2020-08-16,0,177
Lievegem,44085,2020-08-17,0,177
Lievegem,44085,2020-08-18,0,177
Lievegem,44085,2020-08-19,0,177
Lievegem,44085,2020-08-20,0,177
Lievegem,44085,2020-08-21,0,177
Lievegem,44085,2020-08-22,0,177
Lievegem,44085,2020-08-23,0,177
Lievegem,44085,2020-08-24,0,177
Lievegem,44085,2020-08-25,0,177
Lievegem,44085,2020-08-26,0,177
Lievegem,44085,2020-08-27,1,178
Lievegem,44085,2020-08-28,0,178
Lievegem,44085,2020-08-29,1,179
Lievegem,44085,2020-08-30,0,179
Lievegem,44085,2020-08-31,0,179
Lievegem,44085,2020-09-01,1,180
Lievegem,44085,2020-09-02,0,180
Lievegem,44085,2020-09-03,0,180
Lievegem,44085,2020-09-04,0,180
Lievegem,44085,2020-09-05,0,180
Lievegem,44085,2020-09-06,0,180
Lievegem,44085,2020-09-07,0,180
Lievegem,44085,2020-09-08,0,180
Lievegem,44085,2020-09-09,0,180
Lievegem,44085,2020-09-10,1,181
Lievegem,44085,2020-09-11,0,181
Lievegem,44085,2020-09-12,0,181
Lievegem,44085,2020-09-13,1,182
Lievegem,44085,2020-09-14,1,183
Lievegem,44085,2020-09-15,0,183
Lievegem,44085,2020-09-16,0,183
Lievegem,44085,2020-09-17,0,183
Lievegem,44085,2020-09-18,0,183
Lievegem,44085,2020-09-19,1,184
Lievegem,44085,2020-09-20,2,186
Lievegem,44085,2020-09-21,1,187
Lievegem,44085,2020-09-22,0,187
Lievegem,44085,2020-09-23,0,187
Lievegem,44085,2020-09-24,3,190
Lievegem,44085,2020-09-25,2,192
Lievegem,44085,2020-09-26,0,192
Lievegem,44085,2020-09-27,5,197
Lievegem,44085,2020-09-28,1,198
Lievegem,44085,2020-09-29,0,198
Lievegem,44085,2020-09-30,1,199
Lievegem,44085,2020-10-01,9,208
Lievegem,44085,2020-10-02,1,209
Lievegem,44085,2020-10-03,1,210
Lievegem,44085,2020-10-04,10,220
Lievegem,44085,2020-10-05,0,220
Lievegem,44085,2020-10-06,1,221
Lievegem,44085,2020-10-07,1,222
Lievegem,44085,2020-10-08,5,227
Lievegem,44085,2020-10-09,2,229
Lievegem,44085,2020-10-10,3,232
Lievegem,44085,2020-10-11,2,234
Lievegem,44085,2020-10-12,3,237
Lievegem,44085,2020-10-13,0,237
Lievegem,44085,2020-10-14,1,238
Lievegem,44085,2020-10-15,4,242
Lievegem,44085,2020-10-16,4,246
Lievegem,44085,2020-10-17,5,251
Lievegem,44085,2020-10-18,9,260
Lievegem,44085,2020-10-19,10,270
Lievegem,44085,2020-10-20,3,273
Lievegem,44085,2020-10-21,12,285
Lievegem,44085,2020-10-22,11,296
Lievegem,44085,2020-10-23,24,320
Lievegem,44085,2020-10-24,17,337
Lievegem,44085,2020-10-25,25,362
Lievegem,44085,2020-10-26,27,389
Lievegem,44085,2020-10-27,3,392
Lievegem,44085,2020-10-28,16,408
Lievegem,44085,2020-10-29,25,433
Lievegem,44085,2020-10-30,34,467
Lievegem,44085,2020-10-31,26,493
Lievegem,44085,2020-11-01,25,518
Lievegem,44085,2020-11-02,8,526
Lievegem,44085,2020-11-03,1,527
Lievegem,44085,2020-11-04,12,539
Lievegem,44085,2020-11-05,24,563
Lievegem,44085,2020-11-06,16,579
Lievegem,44085,2020-11-07,5,584
Lievegem,44085,2020-11-08,10,594
Lievegem,44085,2020-11-09,6,600
Lievegem,44085,2020-11-10,3,603
Lievegem,44085,2020-11-11,5,608
Oudenaarde,45035,2020-04-01,5,39
Oudenaarde,45035,2020-04-02,1,40
Oudenaarde,45035,2020-04-03,1,41
Oudenaarde,45035,2020-04-04,1,42
Oudenaarde,45035,2020-04-05,0,42
Oudenaarde,45035,2020-04-06,0,42
Oudenaarde,45035,2020-04-07,17,59
Oudenaarde,45035,2020-04-08,4,63
Oudenaarde,45035,2020-04-09,5,68
Oudenaarde,45035,2020-04-10,6,74
Oudenaarde,45035,2020-04-11,0,74
Oudenaarde,45035,2020-04-12,9,83
Oudenaarde,45035,2020-04-13,4,87
Oudenaarde,45035,2020-04-14,2,89
Oudenaarde,45035,2020-04-15,4,93
Oudenaarde,45035,2020-04-16,4,97
Oudenaarde,45035,2020-04-17,4,101
Oudenaarde,45035,2020-04-18,11,112
Oudenaarde,45035,2020-04-19,7,119
Oudenaarde,45035,2020-04-20,0,119
Oudenaarde,45035,2020-04-21,2,121
Oudenaarde,45035,2020-04-22,2,123
Oudenaarde,45035,2020-04-23,5,128
Oudenaarde,45035,2020-04-24,2,130
Oudenaarde,45035,2020-04-25,0,130
Oudenaarde,45035,2020-04-26,1,131
Oudenaarde,45035,2020-04-27,2,133
Oudenaarde,45035,2020-04-28,7,140
Oudenaarde,45035,2020-04-29,3,143
Oudenaarde,45035,2020-04-30,3,146
Oudenaarde,45035,2020-05-01,3,149
Oudenaarde,45035,2020-05-02,1,150
Oudenaarde,45035,2020-05-03,2,152
Oudenaarde,45035,2020-05-04,0,152
Oudenaarde,45035,2020-05-05,1,153
Oudenaarde,45035,2020-05-06,0,153
Oudenaarde,45035,2020-05-07,3,156
Oudenaarde,45035,2020-05-08,1,157
Oudenaarde,45035,2020-05-09,0,157
Oudenaarde,45035,2020-05-10,0,157
Oudenaarde,45035,2020-05-11,1,158
Oudenaarde,45035,2020-05-12,1,159
Oudenaarde,45035,2020-05-13,0,159
Oudenaarde,45035,2020-05-14,2,161
Oudenaarde,45035,2020-05-15,2,163
Oudenaarde,45035,2020-05-16,0,163
Oudenaarde,45035,2020-05-17,1,164
Oudenaarde,45035,2020-05-18,1,165
Oudenaarde,45035,2020-05-19,0,165
Oudenaarde,45035,2020-05-20,1,166
Oudenaarde,45035,2020-05-21,0,166
Oudenaarde,45035,2020-05-22,1,167
Oudenaarde,45035,2020-05-23,1,168
Oudenaarde,45035,2020-05-24,2,170
Oudenaarde,45035,2020-05-25,3,173
Oudenaarde,45035,2020-05-26,0,173
Oudenaarde,45035,2020-05-27,1,174
Oudenaarde,45035,2020-05-28,1,175
Oudenaarde,45035,2020-05-29,0,175
Oudenaarde,45035,2020-05-30,0,175
Oudenaarde,45035,2020-05-31,0,175
Oudenaarde,45035,2020-06-01,0,175
Oudenaarde,45035,2020-06-02,1,176
Oudenaarde,45035,2020-06-03,1,177
Oudenaarde,45035,2020-06-04,0,177
Oudenaarde,45035,2020-06-05,1,178
Oudenaarde,45035,2020-06-06,0,178
Oudenaarde,45035,2020-06-07,0,178
Oudenaarde,45035,2020-06-08,0,178
Oudenaarde,45035,2020-06-09,1,179
Oudenaarde,45035,2020-06-10,1,180
Oudenaarde,45035,2020-06-11,0,180
Oudenaarde,45035,2020-06-12,0,180
Oudenaarde,45035,2020-06-13,0,180
Oudenaarde,45035,2020-06-14,0,180
Oudenaarde,45035,2020-06-15,1,181
Oudenaarde,45035,2020-06-16,0,181
Oudenaarde,45035,2020-06-17,1,182
Oudenaarde,45035,2020-06-18,1,183
Oudenaarde,45035,2020-06-19,1,184
Oudenaarde,45035,2020-06-20,1,185
Oudenaarde,45035,2020-06-23,0,185
Oudenaarde,45035,2020-06-24,0,185
Oudenaarde,45035,2020-06-25,1,186
Oudenaarde,45035,2020-06-26,0,186
Oudenaarde,45035,2020-06-27,0,186
Oudenaarde,45035,2020-06-30,0,186
Oudenaarde,45035,2020-07-01,0,186
Oudenaarde,45035,2020-07-02,1,187
Oudenaarde,45035,2020-07-03,0,187
Oudenaarde,45035,2020-07-04,0,187
Oudenaarde,45035,2020-07-07,0,187
Oudenaarde,45035,2020-07-08,0,187
Oudenaarde,45035,2020-07-09,0,187
Oudenaarde,45035,2020-07-10,0,187
Oudenaarde,45035,2020-07-11,0,187
Oudenaarde,45035,2020-07-14,0,187
Oudenaarde,45035,2020-07-15,0,187
Oudenaarde,45035,2020-07-16,0,187
Oudenaarde,45035,2020-07-17,0,187
Oudenaarde,45035,2020-07-18,0,187
Oudenaarde,45035,2020-07-20,0,187
Oudenaarde,45035,2020-07-21,0,187
Oudenaarde,45035,2020-07-22,0,187
Oudenaarde,45035,2020-07-23,0,187
Oudenaarde,45035,2020-07-24,0,187
Oudenaarde,45035,2020-07-25,1,188
Oudenaarde,45035,2020-07-26,0,188
Oudenaarde,45035,2020-07-27,0,188
Oudenaarde,45035,2020-07-28,2,190
Oudenaarde,45035,2020-07-29,0,190
Oudenaarde,45035,2020-07-30,0,190
Oudenaarde,45035,2020-07-31,0,190
Oudenaarde,45035,2020-08-01,0,190
Oudenaarde,45035,2020-08-02,0,190
Oudenaarde,45035,2020-08-03,1,191
Oudenaarde,45035,2020-08-04,0,191
Oudenaarde,45035,2020-08-05,0,191
Oudenaarde,45035,2020-08-06,0,191
Oudenaarde,45035,2020-08-07,0,191
Oudenaarde,45035,2020-08-08,3,194
Oudenaarde,45035,2020-08-09,0,194
Oudenaarde,45035,2020-08-10,0,194
Oudenaarde,45035,2020-08-11,0,194
Oudenaarde,45035,2020-08-12,1,195
Oudenaarde,45035,2020-08-13,2,197
Oudenaarde,45035,2020-08-14,0,197
Oudenaarde,45035,2020-08-15,0,197
Oudenaarde,45035,2020-08-16,0,197
Oudenaarde,45035,2020-08-17,1,198
Oudenaarde,45035,2020-08-18,1,199
Oudenaarde,45035,2020-08-19,3,202
Oudenaarde,45035,2020-08-20,2,204
Oudenaarde,45035,2020-08-21,1,205
Oudenaarde,45035,2020-08-22,0,205
Oudenaarde,45035,2020-08-23,0,205
Oudenaarde,45035,2020-08-24,1,206
Oudenaarde,45035,2020-08-25,0,206
Oudenaarde,45035,2020-08-26,0,206
Oudenaarde,45035,2020-08-27,0,206
Oudenaarde,45035,2020-08-28,1,207
Oudenaarde,45035,2020-08-29,0,207
Oudenaarde,45035,2020-08-30,1,208
Oudenaarde,45035,2020-08-31,2,210
Oudenaarde,45035,2020-09-01,0,210
Oudenaarde,45035,2020-09-02,0,210
Oudenaarde,45035,2020-09-03,0,210
Oudenaarde,45035,2020-09-04,0,210
Oudenaarde,45035,2020-09-05,2,212
Oudenaarde,45035,2020-09-06,0,212
Oudenaarde,45035,2020-09-07,0,212
Oudenaarde,45035,2020-09-08,0,212
Oudenaarde,45035,2020-09-09,0,212
Oudenaarde,45035,2020-09-10,0,212
Oudenaarde,45035,2020-09-11,3,215
Oudenaarde,45035,2020-09-12,0,215
Oudenaarde,45035,2020-09-13,7,222
Oudenaarde,45035,2020-09-14,4,226
Oudenaarde,45035,2020-09-15,2,228
Oudenaarde,45035,2020-09-16,3,231
Oudenaarde,45035,2020-09-17,6,237
Oudenaarde,45035,2020-09-18,6,243
Oudenaarde,45035,2020-09-19,5,248
Oudenaarde,45035,2020-09-20,4,252
Oudenaarde,45035,2020-09-21,3,255
Oudenaarde,45035,2020-09-22,1,256
Oudenaarde,45035,2020-09-23,4,260
Oudenaarde,45035,2020-09-24,4,264
Oudenaarde,45035,2020-09-25,3,267
Oudenaarde,45035,2020-09-26,2,269
Oudenaarde,45035,2020-09-27,5,274
Oudenaarde,45035,2020-09-28,1,275
Oudenaarde,45035,2020-09-29,0,275
Oudenaarde,45035,2020-09-30,2,277
Oudenaarde,45035,2020-10-01,3,280
Oudenaarde,45035,2020-10-02,2,282
Oudenaarde,45035,2020-10-03,10,292
Oudenaarde,45035,2020-10-04,3,295
Oudenaarde,45035,2020-10-05,1,296
Oudenaarde,45035,2020-10-06,1,297
Oudenaarde,45035,2020-10-07,0,297
Oudenaarde,45035,2020-10-08,3,300
Oudenaarde,45035,2020-10-09,4,304
Oudenaarde,45035,2020-10-10,3,307
Oudenaarde,45035,2020-10-11,15,322
Oudenaarde,45035,2020-10-12,5,327
Oudenaarde,45035,2020-10-13,6,333
Oudenaarde,45035,2020-10-14,7,340
Oudenaarde,45035,2020-10-15,2,342
Oudenaarde,45035,2020-10-16,14,356
Oudenaarde,45035,2020-10-17,19,375
Oudenaarde,45035,2020-10-18,8,383
Oudenaarde,45035,2020-10-19,17,400
Oudenaarde,45035,2020-10-20,13,413
Oudenaarde,45035,2020-10-21,11,424
Oudenaarde,45035,2020-10-22,13,437
Oudenaarde,45035,2020-10-23,22,459
Oudenaarde,45035,2020-10-24,31,490
Oudenaarde,45035,2020-10-25,19,509
Oudenaarde,45035,2020-10-26,29,538
Oudenaarde,45035,2020-10-27,26,564
Oudenaarde,45035,2020-10-28,23,587
Oudenaarde,45035,2020-10-29,24,611
Oudenaarde,45035,2020-10-30,54,665
Oudenaarde,45035,2020-10-31,25,690
Oudenaarde,45035,2020-11-01,20,710
Oudenaarde,45035,2020-11-02,19,729
Oudenaarde,45035,2020-11-03,5,734
Oudenaarde,45035,2020-11-04,19,753
Oudenaarde,45035,2020-11-05,25,778
Oudenaarde,45035,2020-11-06,14,792
Oudenaarde,45035,2020-11-07,13,805
Oudenaarde,45035,2020-11-08,15,820
Oudenaarde,45035,2020-11-09,7,827
Oudenaarde,45035,2020-11-10,4,831
Oudenaarde,45035,2020-11-11,12,843
Ronse,45041,2020-04-01,22,65
Ronse,45041,2020-04-02,1,66
Ronse,45041,2020-04-03,4,70
Ronse,45041,2020-04-04,15,85
Ronse,45041,2020-04-05,0,85
Ronse,45041,2020-04-06,1,86
Ronse,45041,2020-04-07,24,110
Ronse,45041,2020-04-08,3,113
Ronse,45041,2020-04-09,10,123
Ronse,45041,2020-04-10,10,133
Ronse,45041,2020-04-11,0,133
Ronse,45041,2020-04-12,2,135
Ronse,45041,2020-04-13,0,135
Ronse,45041,2020-04-14,1,136
Ronse,45041,2020-04-15,12,148
Ronse,45041,2020-04-16,29,177
Ronse,45041,2020-04-17,3,180
Ronse,45041,2020-04-18,0,180
Ronse,45041,2020-04-19,2,182
Ronse,45041,2020-04-20,0,182
Ronse,45041,2020-04-21,29,211
Ronse,45041,2020-04-22,5,216
Ronse,45041,2020-04-23,3,219
Ronse,45041,2020-04-24,0,219
Ronse,45041,2020-04-25,0,219
Ronse,45041,2020-04-26,0,219
Ronse,45041,2020-04-27,0,219
Ronse,45041,2020-04-28,3,222
Ronse,45041,2020-04-29,3,225
Ronse,45041,2020-04-30,1,226
Ronse,45041,2020-05-01,0,226
Ronse,45041,2020-05-02,0,226
Ronse,45041,2020-05-03,0,226
Ronse,45041,2020-05-04,0,226
Ronse,45041,2020-05-05,0,226
Ronse,45041,2020-05-06,1,227
Ronse,45041,2020-05-07,0,227
Ronse,45041,2020-05-08,0,227
Ronse,45041,2020-05-09,0,227
Ronse,45041,2020-05-10,0,227
Ronse,45041,2020-05-11,0,227
Ronse,45041,2020-05-12,0,227
Ronse,45041,2020-05-13,0,227
Ronse,45041,2020-05-14,0,227
Ronse,45041,2020-05-15,1,228
Ronse,45041,2020-05-16,0,228
Ronse,45041,2020-05-17,1,229
Ronse,45041,2020-05-18,0,229
Ronse,45041,2020-05-19,0,229
Ronse,45041,2020-05-20,4,233
Ronse,45041,2020-05-21,0,233
Ronse,45041,2020-05-22,0,233
Ronse,45041,2020-05-23,1,234
Ronse,45041,2020-05-24,0,234
Ronse,45041,2020-05-25,2,236
Ronse,45041,2020-05-26,0,236
Ronse,45041,2020-05-27,0,236
Ronse,45041,2020-05-28,0,236
Ronse,45041,2020-05-29,0,236
Ronse,45041,2020-05-30,0,236
Ronse,45041,2020-05-31,0,236
Ronse,45041,2020-06-01,0,236
Ronse,45041,2020-06-02,0,236
Ronse,45041,2020-06-03,0,236
Ronse,45041,2020-06-04,0,236
Ronse,45041,2020-06-05,1,237
Ronse,45041,2020-06-06,0,237
Ronse,45041,2020-06-07,0,237
Ronse,45041,2020-06-08,0,237
Ronse,45041,2020-06-09,0,237
Ronse,45041,2020-06-10,0,237
Ronse,45041,2020-06-11,0,237
Ronse,45041,2020-06-12,0,237
Ronse,45041,2020-06-13,0,237
Ronse,45041,2020-06-14,0,237
Ronse,45041,2020-06-15,0,237
Ronse,45041,2020-06-16,0,237
Ronse,45041,2020-06-17,1,238
Ronse,45041,2020-06-18,0,238
Ronse,45041,2020-06-19,0,238
Ronse,45041,2020-06-20,0,238
Ronse,45041,2020-06-23,0,238
Ronse,45041,2020-06-24,0,238
Ronse,45041,2020-06-25,1,239
Ronse,45041,2020-06-26,0,239
Ronse,45041,2020-06-27,0,239
Ronse,45041,2020-06-30,0,239
Ronse,45041,2020-07-01,0,239
Ronse,45041,2020-07-02,0,239
Ronse,45041,2020-07-03,0,239
Ronse,45041,2020-07-04,0,239
Ronse,45041,2020-07-07,0,239
Ronse,45041,2020-07-08,0,239
Ronse,45041,2020-07-09,0,239
Ronse,45041,2020-07-10,1,240
Ronse,45041,2020-07-11,0,240
Ronse,45041,2020-07-14,0,240
Ronse,45041,2020-07-15,0,240
Ronse,45041,2020-07-16,0,240
Ronse,45041,2020-07-17,-1,239
Ronse,45041,2020-07-18,0,239
Ronse,45041,2020-07-20,0,239
Ronse,45041,2020-07-21,0,239
Ronse,45041,2020-07-22,0,239
Ronse,45041,2020-07-23,0,239
Ronse,45041,2020-07-24,0,239
Ronse,45041,2020-07-25,0,239
Ronse,45041,2020-07-26,0,239
Ronse,45041,2020-07-27,0,239
Ronse,45041,2020-07-28,1,240
Ronse,45041,2020-07-29,0,240
Ronse,45041,2020-07-30,0,240
Ronse,45041,2020-07-31,0,240
Ronse,45041,2020-08-01,0,240
Ronse,45041,2020-08-02,1,241
Ronse,45041,2020-08-03,2,243
Ronse,45041,2020-08-04,7,250
Ronse,45041,2020-08-05,0,250
Ronse,45041,2020-08-06,1,251
Ronse,45041,2020-08-07,0,251
Ronse,45041,2020-08-08,0,251
Ronse,45041,2020-08-09,2,253
Ronse,45041,2020-08-10,1,254
Ronse,45041,2020-08-11,0,254
Ronse,45041,2020-08-12,0,254
Ronse,45041,2020-08-13,3,257
Ronse,45041,2020-08-14,0,257
Ronse,45041,2020-08-15,5,262
Ronse,45041,2020-08-16,1,263
Ronse,45041,2020-08-17,0,263
Ronse,45041,2020-08-18,0,263
Ronse,45041,2020-08-19,0,263
Ronse,45041,2020-08-20,0,263
Ronse,45041,2020-08-21,0,263
Ronse,45041,2020-08-22,0,263
Ronse,45041,2020-08-23,0,263
Ronse,45041,2020-08-24,0,263
Ronse,45041,2020-08-25,0,263
Ronse,45041,2020-08-26,1,264
Ronse,45041,2020-08-27,0,264
Ronse,45041,2020-08-28,0,264
Ronse,45041,2020-08-29,1,265
Ronse,45041,2020-08-30,0,265
Ronse,45041,2020-08-31,1,266
Ronse,45041,2020-09-01,0,266
Ronse,45041,2020-09-02,0,266
Ronse,45041,2020-09-03,1,267
Ronse,45041,2020-09-04,0,267
Ronse,45041,2020-09-05,0,267
Ronse,45041,2020-09-06,1,268
Ronse,45041,2020-09-07,0,268
Ronse,45041,2020-09-08,3,271
Ronse,45041,2020-09-09,0,271
Ronse,45041,2020-09-10,0,271
Ronse,45041,2020-09-11,0,271
Ronse,45041,2020-09-12,1,272
Ronse,45041,2020-09-13,0,272
Ronse,45041,2020-09-14,0,272
Ronse,45041,2020-09-15,0,272
Ronse,45041,2020-09-16,2,274
Ronse,45041,2020-09-17,3,277
Ronse,45041,2020-09-18,1,278
Ronse,45041,2020-09-19,29,307
Ronse,45041,2020-09-20,1,308
Ronse,45041,2020-09-21,0,308
Ronse,45041,2020-09-22,0,308
Ronse,45041,2020-09-23,0,308
Ronse,45041,2020-09-24,2,310
Ronse,45041,2020-09-25,1,311
Ronse,45041,2020-09-26,1,312
Ronse,45041,2020-09-27,11,323
Ronse,45041,2020-09-28,1,324
Ronse,45041,2020-09-29,0,324
Ronse,45041,2020-09-30,13,337
Ronse,45041,2020-10-01,1,338
Ronse,45041,2020-10-02,1,339
Ronse,45041,2020-10-03,5,344
Ronse,45041,2020-10-04,2,346
Ronse,45041,2020-10-05,3,349
Ronse,45041,2020-10-06,1,350
Ronse,45041,2020-10-07,3,353
Ronse,45041,2020-10-08,7,360
Ronse,45041,2020-10-09,5,365
Ronse,45041,2020-10-10,2,367
Ronse,45041,2020-10-11,10,377
Ronse,45041,2020-10-12,2,379
Ronse,45041,2020-10-13,4,383
Ronse,45041,2020-10-14,5,388
Ronse,45041,2020-10-15,4,392
Ronse,45041,2020-10-16,17,409
Ronse,45041,2020-10-17,4,413
Ronse,45041,2020-10-18,6,419
Ronse,45041,2020-10-19,15,434
Ronse,45041,2020-10-20,11,445
Ronse,45041,2020-10-21,15,460
Ronse,45041,2020-10-22,14,474
Ronse,45041,2020-10-23,39,513
Ronse,45041,2020-10-24,25,538
Ronse,45041,2020-10-25,74,612
Ronse,45041,2020-10-26,25,637
Ronse,45041,2020-10-27,34,671
Ronse,45041,2020-10-28,37,708
Ronse,45041,2020-10-29,50,758
Ronse,45041,2020-10-30,63,821
Ronse,45041,2020-10-31,46,867
Ronse,45041,2020-11-01,49,916
Ronse,45041,2020-11-02,14,930
Ronse,45041,2020-11-03,5,935
Ronse,45041,2020-11-04,27,962
Ronse,45041,2020-11-05,31,993
Ronse,45041,2020-11-06,21,1014
Ronse,45041,2020-11-07,18,1032
Ronse,45041,2020-11-08,22,1054
Ronse,45041,2020-11-09,9,1063
Ronse,45041,2020-11-10,3,1066
Ronse,45041,2020-11-11,12,1078
Brakel,45059,2020-04-01,2,13
Brakel,45059,2020-04-02,0,13
Brakel,45059,2020-04-03,1,14
Brakel,45059,2020-04-04,0,14
Brakel,45059,2020-04-05,0,14
Brakel,45059,2020-04-06,1,15
Brakel,45059,2020-04-07,4,19
Brakel,45059,2020-04-08,1,20
Brakel,45059,2020-04-09,0,20
Brakel,45059,2020-04-10,0,20
Brakel,45059,2020-04-11,0,20
Brakel,45059,2020-04-12,0,20
Brakel,45059,2020-04-13,0,20
Brakel,45059,2020-04-14,0,20
Brakel,45059,2020-04-15,1,21
Brakel,45059,2020-04-16,1,22
Brakel,45059,2020-04-17,0,22
Brakel,45059,2020-04-18,2,24
Brakel,45059,2020-04-19,1,25
Brakel,45059,2020-04-20,3,28
Brakel,45059,2020-04-21,1,29
Brakel,45059,2020-04-22,0,29
Brakel,45059,2020-04-23,0,29
Brakel,45059,2020-04-24,1,30
Brakel,45059,2020-04-25,1,31
Brakel,45059,2020-04-26,0,31
Brakel,45059,2020-04-27,0,31
Brakel,45059,2020-04-28,2,33
Brakel,45059,2020-04-29,0,33
Brakel,45059,2020-04-30,2,35
Brakel,45059,2020-05-01,0,35
Brakel,45059,2020-05-02,0,35
Brakel,45059,2020-05-03,0,35
Brakel,45059,2020-05-04,0,35
Brakel,45059,2020-05-05,0,35
Brakel,45059,2020-05-06,0,35
Brakel,45059,2020-05-07,0,35
Brakel,45059,2020-05-08,2,37
Brakel,45059,2020-05-09,1,38
Brakel,45059,2020-05-10,0,38
Brakel,45059,2020-05-11,0,38
Brakel,45059,2020-05-12,1,39
Brakel,45059,2020-05-13,0,39
Brakel,45059,2020-05-14,0,39
Brakel,45059,2020-05-15,0,39
Brakel,45059,2020-05-16,0,39
Brakel,45059,2020-05-17,0,39
Brakel,45059,2020-05-18,0,39
Brakel,45059,2020-05-19,0,39
Brakel,45059,2020-05-20,0,39
Brakel,45059,2020-05-21,0,39
Brakel,45059,2020-05-22,0,39
Brakel,45059,2020-05-23,0,39
Brakel,45059,2020-05-24,0,39
Brakel,45059,2020-05-25,0,39
Brakel,45059,2020-05-26,0,39
Brakel,45059,2020-05-27,1,40
Brakel,45059,2020-05-28,0,40
Brakel,45059,2020-05-29,0,40
Brakel,45059,2020-05-30,0,40
Brakel,45059,2020-05-31,0,40
Brakel,45059,2020-06-01,0,40
Brakel,45059,2020-06-02,0,40
Brakel,45059,2020-06-03,0,40
Brakel,45059,2020-06-04,0,40
Brakel,45059,2020-06-05,0,40
Brakel,45059,2020-06-06,0,40
Brakel,45059,2020-06-07,0,40
Brakel,45059,2020-06-08,0,40
Brakel,45059,2020-06-09,0,40
Brakel,45059,2020-06-10,0,40
Brakel,45059,2020-06-11,0,40
Brakel,45059,2020-06-12,0,40
Brakel,45059,2020-06-13,0,40
Brakel,45059,2020-06-14,0,40
Brakel,45059,2020-06-15,0,40
Brakel,45059,2020-06-16,0,40
Brakel,45059,2020-06-17,0,40
Brakel,45059,2020-06-18,0,40
Brakel,45059,2020-06-19,0,40
Brakel,45059,2020-06-20,0,40
Brakel,45059,2020-06-23,0,40
Brakel,45059,2020-06-24,0,40
Brakel,45059,2020-06-25,0,40
Brakel,45059,2020-06-26,0,40
Brakel,45059,2020-06-27,0,40
Brakel,45059,2020-06-30,0,40
Brakel,45059,2020-07-01,0,40
Brakel,45059,2020-07-02,0,40
Brakel,45059,2020-07-03,0,40
Brakel,45059,2020-07-04,0,40
Brakel,45059,2020-07-07,0,40
Brakel,45059,2020-07-08,0,40
Brakel,45059,2020-07-09,0,40
Brakel,45059,2020-07-10,0,40
Brakel,45059,2020-07-11,0,40
Brakel,45059,2020-07-14,1,41
Brakel,45059,2020-07-15,0,41
Brakel,45059,2020-07-16,0,41
Brakel,45059,2020-07-17,0,41
Brakel,45059,2020-07-18,1,42
Brakel,45059,2020-07-20,0,42
Brakel,45059,2020-07-21,2,44
Brakel,45059,2020-07-22,0,44
Brakel,45059,2020-07-23,1,45
Brakel,45059,2020-07-24,0,45
Brakel,45059,2020-07-25,0,45
Brakel,45059,2020-07-26,1,46
Brakel,45059,2020-07-27,0,46
Brakel,45059,2020-07-28,3,49
Brakel,45059,2020-07-29,1,50
Brakel,45059,2020-07-30,4,54
Brakel,45059,2020-07-31,8,62
Brakel,45059,2020-08-01,2,64
Brakel,45059,2020-08-02,8,72
Brakel,45059,2020-08-03,6,78
Brakel,45059,2020-08-04,0,78
Brakel,45059,2020-08-05,1,79
Brakel,45059,2020-08-06,2,81
Brakel,45059,2020-08-07,2,83
Brakel,45059,2020-08-08,1,84
Brakel,45059,2020-08-09,6,90
Brakel,45059,2020-08-10,3,93
Brakel,45059,2020-08-11,0,93
Brakel,45059,2020-08-12,3,96
Brakel,45059,2020-08-13,1,97
Brakel,45059,2020-08-14,1,98
Brakel,45059,2020-08-15,1,99
Brakel,45059,2020-08-16,1,100
Brakel,45059,2020-08-17,1,101
Brakel,45059,2020-08-18,0,101
Brakel,45059,2020-08-19,2,103
Brakel,45059,2020-08-20,0,103
Brakel,45059,2020-08-21,1,104
Brakel,45059,2020-08-22,0,104
Brakel,45059,2020-08-23,0,104
Brakel,45059,2020-08-24,0,104
Brakel,45059,2020-08-25,0,104
Brakel,45059,2020-08-26,0,104
Brakel,45059,2020-08-27,0,104
Brakel,45059,2020-08-28,0,104
Brakel,45059,2020-08-29,1,105
Brakel,45059,2020-08-30,0,105
Brakel,45059,2020-08-31,1,106
Brakel,45059,2020-09-01,0,106
Brakel,45059,2020-09-02,0,106
Brakel,45059,2020-09-03,0,106
Brakel,45059,2020-09-04,0,106
Brakel,45059,2020-09-05,0,106
Brakel,45059,2020-09-06,0,106
Brakel,45059,2020-09-07,0,106
Brakel,45059,2020-09-08,0,106
Brakel,45059,2020-09-09,1,107
Brakel,45059,2020-09-10,0,107
Brakel,45059,2020-09-11,0,107
Brakel,45059,2020-09-12,0,107
Brakel,45059,2020-09-13,0,107
Brakel,45059,2020-09-14,0,107
Brakel,45059,2020-09-15,1,108
Brakel,45059,2020-09-16,0,108
Brakel,45059,2020-09-17,0,108
Brakel,45059,2020-09-18,0,108
Brakel,45059,2020-09-19,0,108
Brakel,45059,2020-09-20,0,108
Brakel,45059,2020-09-21,6,114
Brakel,45059,2020-09-22,0,114
Brakel,45059,2020-09-23,0,114
Brakel,45059,2020-09-24,0,114
Brakel,45059,2020-09-25,0,114
Brakel,45059,2020-09-26,1,115
Brakel,45059,2020-09-27,1,116
Brakel,45059,2020-09-28,0,116
Brakel,45059,2020-09-29,0,116
Brakel,45059,2020-09-30,0,116
Brakel,45059,2020-10-01,0,116
Brakel,45059,2020-10-02,3,119
Brakel,45059,2020-10-03,0,119
Brakel,45059,2020-10-04,2,121
Brakel,45059,2020-10-05,1,122
Brakel,45059,2020-10-06,1,123
Brakel,45059,2020-10-07,0,123
Brakel,45059,2020-10-08,0,123
Brakel,45059,2020-10-09,4,127
Brakel,45059,2020-10-10,0,127
Brakel,45059,2020-10-11,4,131
Brakel,45059,2020-10-12,1,132
Brakel,45059,2020-10-13,1,133
Brakel,45059,2020-10-14,6,139
Brakel,45059,2020-10-15,6,145
Brakel,45059,2020-10-16,0,145
Brakel,45059,2020-10-17,3,148
Brakel,45059,2020-10-18,7,155
Brakel,45059,2020-10-19,3,158
Brakel,45059,2020-10-20,3,161
Brakel,45059,2020-10-21,8,169
Brakel,45059,2020-10-22,9,178
Brakel,45059,2020-10-23,9,187
Brakel,45059,2020-10-24,8,195
Brakel,45059,2020-10-25,13,208
Brakel,45059,2020-10-26,14,222
Brakel,45059,2020-10-27,22,244
Brakel,45059,2020-10-28,14,258
Brakel,45059,2020-10-29,9,267
Brakel,45059,2020-10-30,28,295
Brakel,45059,2020-10-31,24,319
Brakel,45059,2020-11-01,15,334
Brakel,45059,2020-11-02,8,342
Brakel,45059,2020-11-03,9,351
Brakel,45059,2020-11-04,7,358
Brakel,45059,2020-11-05,17,375
Brakel,45059,2020-11-06,11,386
Brakel,45059,2020-11-07,7,393
Brakel,45059,2020-11-08,5,398
Brakel,45059,2020-11-09,9,407
Brakel,45059,2020-11-10,3,410
Brakel,45059,2020-11-11,4,414
Kluisbergen,45060,2020-04-01,5,5
Kluisbergen,45060,2020-04-02,1,6
Kluisbergen,45060,2020-04-03,1,7
Kluisbergen,45060,2020-04-04,1,8
Kluisbergen,45060,2020-04-05,0,8
Kluisbergen,45060,2020-04-06,0,8
Kluisbergen,45060,2020-04-07,1,9
Kluisbergen,45060,2020-04-08,0,9
Kluisbergen,45060,2020-04-09,0,9
Kluisbergen,45060,2020-04-10,0,9
Kluisbergen,45060,2020-04-11,0,9
Kluisbergen,45060,2020-04-12,0,9
Kluisbergen,45060,2020-04-13,0,9
Kluisbergen,45060,2020-04-14,1,10
Kluisbergen,45060,2020-04-15,0,10
Kluisbergen,45060,2020-04-16,1,11
Kluisbergen,45060,2020-04-17,1,12
Kluisbergen,45060,2020-04-18,0,12
Kluisbergen,45060,2020-04-19,1,13
Kluisbergen,45060,2020-04-20,1,14
Kluisbergen,45060,2020-04-21,0,14
Kluisbergen,45060,2020-04-22,0,14
Kluisbergen,45060,2020-04-23,0,14
Kluisbergen,45060,2020-04-24,0,14
Kluisbergen,45060,2020-04-25,0,14
Kluisbergen,45060,2020-04-26,0,14
Kluisbergen,45060,2020-04-27,1,15
Kluisbergen,45060,2020-04-28,0,15
Kluisbergen,45060,2020-04-29,2,17
Kluisbergen,45060,2020-04-30,0,17
Kluisbergen,45060,2020-05-01,1,18
Kluisbergen,45060,2020-05-02,1,19
Kluisbergen,45060,2020-05-03,0,19
Kluisbergen,45060,2020-05-04,1,20
Kluisbergen,45060,2020-05-05,0,20
Kluisbergen,45060,2020-05-06,0,20
Kluisbergen,45060,2020-05-07,0,20
Kluisbergen,45060,2020-05-08,1,21
Kluisbergen,45060,2020-05-09,0,21
Kluisbergen,45060,2020-05-10,0,21
Kluisbergen,45060,2020-05-11,1,22
Kluisbergen,45060,2020-05-12,0,22
Kluisbergen,45060,2020-05-13,0,22
Kluisbergen,45060,2020-05-14,2,24
Kluisbergen,45060,2020-05-15,0,24
Kluisbergen,45060,2020-05-16,0,24
Kluisbergen,45060,2020-05-17,0,24
Kluisbergen,45060,2020-05-18,0,24
Kluisbergen,45060,2020-05-19,0,24
Kluisbergen,45060,2020-05-20,0,24
Kluisbergen,45060,2020-05-21,0,24
Kluisbergen,45060,2020-05-22,0,24
Kluisbergen,45060,2020-05-23,0,24
Kluisbergen,45060,2020-05-24,0,24
Kluisbergen,45060,2020-05-25,1,25
Kluisbergen,45060,2020-05-26,0,25
Kluisbergen,45060,2020-05-27,0,25
Kluisbergen,45060,2020-05-28,0,25
Kluisbergen,45060,2020-05-29,1,26
Kluisbergen,45060,2020-05-30,0,26
Kluisbergen,45060,2020-05-31,0,26
Kluisbergen,45060,2020-06-01,0,26
Kluisbergen,45060,2020-06-02,0,26
Kluisbergen,45060,2020-06-03,0,26
Kluisbergen,45060,2020-06-04,0,26
Kluisbergen,45060,2020-06-05,0,26
Kluisbergen,45060,2020-06-06,0,26
Kluisbergen,45060,2020-06-07,0,26
Kluisbergen,45060,2020-06-08,0,26
Kluisbergen,45060,2020-06-09,0,26
Kluisbergen,45060,2020-06-10,0,26
Kluisbergen,45060,2020-06-11,0,26
Kluisbergen,45060,2020-06-12,0,26
Kluisbergen,45060,2020-06-13,0,26
Kluisbergen,45060,2020-06-14,0,26
Kluisbergen,45060,2020-06-15,0,26
Kluisbergen,45060,2020-06-16,0,26
Kluisbergen,45060,2020-06-17,0,26
Kluisbergen,45060,2020-06-18,0,26
Kluisbergen,45060,2020-06-19,0,26
Kluisbergen,45060,2020-06-20,0,26
Kluisbergen,45060,2020-06-23,0,26
Kluisbergen,45060,2020-06-24,0,26
Kluisbergen,45060,2020-06-25,0,26
Kluisbergen,45060,2020-06-26,0,26
Kluisbergen,45060,2020-06-27,0,26
Kluisbergen,45060,2020-06-30,0,26
Kluisbergen,45060,2020-07-01,0,26
Kluisbergen,45060,2020-07-02,0,26
Kluisbergen,45060,2020-07-03,0,26
Kluisbergen,45060,2020-07-04,0,26
Kluisbergen,45060,2020-07-07,0,26
Kluisbergen,45060,2020-07-08,0,26
Kluisbergen,45060,2020-07-09,0,26
Kluisbergen,45060,2020-07-10,0,26
Kluisbergen,45060,2020-07-11,0,26
Kluisbergen,45060,2020-07-14,0,26
Kluisbergen,45060,2020-07-15,0,26
Kluisbergen,45060,2020-07-16,0,26
Kluisbergen,45060,2020-07-17,0,26
Kluisbergen,45060,2020-07-18,0,26
Kluisbergen,45060,2020-07-20,1,27
Kluisbergen,45060,2020-07-21,0,27
Kluisbergen,45060,2020-07-22,0,27
Kluisbergen,45060,2020-07-23,0,27
Kluisbergen,45060,2020-07-24,0,27
Kluisbergen,45060,2020-07-25,0,27
Kluisbergen,45060,2020-07-26,0,27
Kluisbergen,45060,2020-07-27,0,27
Kluisbergen,45060,2020-07-28,0,27
Kluisbergen,45060,2020-07-29,0,27
Kluisbergen,45060,2020-07-30,0,27
Kluisbergen,45060,2020-07-31,0,27
Kluisbergen,45060,2020-08-01,1,28
Kluisbergen,45060,2020-08-02,1,29
Kluisbergen,45060,2020-08-03,0,29
Kluisbergen,45060,2020-08-04,0,29
Kluisbergen,45060,2020-08-05,0,29
Kluisbergen,45060,2020-08-06,0,29
Kluisbergen,45060,2020-08-07,0,29
Kluisbergen,45060,2020-08-08,0,29
Kluisbergen,45060,2020-08-09,0,29
Kluisbergen,45060,2020-08-10,0,29
Kluisbergen,45060,2020-08-11,4,33
Kluisbergen,45060,2020-08-12,0,33
Kluisbergen,45060,2020-08-13,0,33
Kluisbergen,45060,2020-08-14,1,34
Kluisbergen,45060,2020-08-15,0,34
Kluisbergen,45060,2020-08-16,0,34
Kluisbergen,45060,2020-08-17,0,34
Kluisbergen,45060,2020-08-18,0,34
Kluisbergen,45060,2020-08-19,0,34
Kluisbergen,45060,2020-08-20,0,34
Kluisbergen,45060,2020-08-21,0,34
Kluisbergen,45060,2020-08-22,0,34
Kluisbergen,45060,2020-08-23,0,34
Kluisbergen,45060,2020-08-24,0,34
Kluisbergen,45060,2020-08-25,0,34
Kluisbergen,45060,2020-08-26,0,34
Kluisbergen,45060,2020-08-27,0,34
Kluisbergen,45060,2020-08-28,0,34
Kluisbergen,45060,2020-08-29,0,34
Kluisbergen,45060,2020-08-30,0,34
Kluisbergen,45060,2020-08-31,0,34
Kluisbergen,45060,2020-09-01,0,34
Kluisbergen,45060,2020-09-02,0,34
Kluisbergen,45060,2020-09-03,0,34
Kluisbergen,45060,2020-09-04,0,34
Kluisbergen,45060,2020-09-05,0,34
Kluisbergen,45060,2020-09-06,0,34
Kluisbergen,45060,2020-09-07,0,34
Kluisbergen,45060,2020-09-08,0,34
Kluisbergen,45060,2020-09-09,0,34
Kluisbergen,45060,2020-09-10,0,34
Kluisbergen,45060,2020-09-11,0,34
Kluisbergen,45060,2020-09-12,0,34
Kluisbergen,45060,2020-09-13,0,34
Kluisbergen,45060,2020-09-14,0,34
Kluisbergen,45060,2020-09-15,0,34
Kluisbergen,45060,2020-09-16,0,34
Kluisbergen,45060,2020-09-17,0,34
Kluisbergen,45060,2020-09-18,0,34
Kluisbergen,45060,2020-09-19,0,34
Kluisbergen,45060,2020-09-20,0,34
Kluisbergen,45060,2020-09-21,0,34
Kluisbergen,45060,2020-09-22,0,34
Kluisbergen,45060,2020-09-23,0,34
Kluisbergen,45060,2020-09-24,0,34
Kluisbergen,45060,2020-09-25,0,34
Kluisbergen,45060,2020-09-26,1,35
Kluisbergen,45060,2020-09-27,0,35
Kluisbergen,45060,2020-09-28,0,35
Kluisbergen,45060,2020-09-29,0,35
Kluisbergen,45060,2020-09-30,0,35
Kluisbergen,45060,2020-10-01,0,35
Kluisbergen,45060,2020-10-02,1,36
Kluisbergen,45060,2020-10-03,1,37
Kluisbergen,45060,2020-10-04,1,38
Kluisbergen,45060,2020-10-05,0,38
Kluisbergen,45060,2020-10-06,0,38
Kluisbergen,45060,2020-10-07,0,38
Kluisbergen,45060,2020-10-08,1,39
Kluisbergen,45060,2020-10-09,1,40
Kluisbergen,45060,2020-10-10,3,43
Kluisbergen,45060,2020-10-11,2,45
Kluisbergen,45060,2020-10-12,0,45
Kluisbergen,45060,2020-10-13,1,46
Kluisbergen,45060,2020-10-14,3,49
Kluisbergen,45060,2020-10-15,1,50
Kluisbergen,45060,2020-10-16,4,54
Kluisbergen,45060,2020-10-17,4,58
Kluisbergen,45060,2020-10-18,2,60
Kluisbergen,45060,2020-10-19,4,64
Kluisbergen,45060,2020-10-20,2,66
Kluisbergen,45060,2020-10-21,2,68
Kluisbergen,45060,2020-10-22,3,71
Kluisbergen,45060,2020-10-23,3,74
Kluisbergen,45060,2020-10-24,7,81
Kluisbergen,45060,2020-10-25,7,88
Kluisbergen,45060,2020-10-26,11,99
Kluisbergen,45060,2020-10-27,8,107
Kluisbergen,45060,2020-10-28,7,114
Kluisbergen,45060,2020-10-29,9,123
Kluisbergen,45060,2020-10-30,13,136
Kluisbergen,45060,2020-10-31,9,145
Kluisbergen,45060,2020-11-01,4,149
Kluisbergen,45060,2020-11-02,8,157
Kluisbergen,45060,2020-11-03,1,158
Kluisbergen,45060,2020-11-04,4,162
Kluisbergen,45060,2020-11-05,9,171
Kluisbergen,45060,2020-11-06,7,178
Kluisbergen,45060,2020-11-07,6,184
Kluisbergen,45060,2020-11-08,1,185
Kluisbergen,45060,2020-11-09,5,190
Kluisbergen,45060,2020-11-10,2,192
Kluisbergen,45060,2020-11-11,1,193
Horebeke,45062,2020-04-01,0,5
Horebeke,45062,2020-04-02,0,5
Horebeke,45062,2020-04-03,1,6
Horebeke,45062,2020-04-04,1,7
Horebeke,45062,2020-04-05,0,7
Horebeke,45062,2020-04-06,0,7
Horebeke,45062,2020-04-07,2,9
Horebeke,45062,2020-04-08,0,9
Horebeke,45062,2020-04-09,0,9
Horebeke,45062,2020-04-10,0,9
Horebeke,45062,2020-04-11,0,9
Horebeke,45062,2020-04-12,0,9
Horebeke,45062,2020-04-13,0,9
Horebeke,45062,2020-04-14,0,9
Horebeke,45062,2020-04-15,4,13
Horebeke,45062,2020-04-16,1,14
Horebeke,45062,2020-04-17,0,14
Horebeke,45062,2020-04-18,0,14
Horebeke,45062,2020-04-19,0,14
Horebeke,45062,2020-04-20,0,14
Horebeke,45062,2020-04-21,0,14
Horebeke,45062,2020-04-22,0,14
Horebeke,45062,2020-04-23,0,14
Horebeke,45062,2020-04-24,0,14
Horebeke,45062,2020-04-25,0,14
Horebeke,45062,2020-04-26,0,14
Horebeke,45062,2020-04-27,0,14
Horebeke,45062,2020-04-28,0,14
Horebeke,45062,2020-04-29,0,14
Horebeke,45062,2020-04-30,1,15
Horebeke,45062,2020-05-01,0,15
Horebeke,45062,2020-05-02,0,15
Horebeke,45062,2020-05-03,0,15
Horebeke,45062,2020-05-04,0,15
Horebeke,45062,2020-05-05,0,15
Horebeke,45062,2020-05-06,0,15
Horebeke,45062,2020-05-07,0,15
Horebeke,45062,2020-05-08,0,15
Horebeke,45062,2020-05-09,0,15
Horebeke,45062,2020-05-10,1,16
Horebeke,45062,2020-05-11,0,16
Horebeke,45062,2020-05-12,0,16
Horebeke,45062,2020-05-13,0,16
Horebeke,45062,2020-05-14,2,18
Horebeke,45062,2020-05-15,1,19
Horebeke,45062,2020-05-16,0,19
Horebeke,45062,2020-05-17,0,19
Horebeke,45062,2020-05-18,0,19
Horebeke,45062,2020-05-19,0,19
Horebeke,45062,2020-05-20,0,19
Horebeke,45062,2020-05-21,0,19
Horebeke,45062,2020-05-22,0,19
Horebeke,45062,2020-05-23,1,20
Horebeke,45062,2020-05-24,0,20
Horebeke,45062,2020-05-25,0,20
Horebeke,45062,2020-05-26,0,20
Horebeke,45062,2020-05-27,0,20
Horebeke,45062,2020-05-28,0,20
Horebeke,45062,2020-05-29,0,20
Horebeke,45062,2020-05-30,0,20
Horebeke,45062,2020-05-31,0,20
Horebeke,45062,2020-06-01,0,20
Horebeke,45062,2020-06-02,0,20
Horebeke,45062,2020-06-03,0,20
Horebeke,45062,2020-06-04,0,20
Horebeke,45062,2020-06-05,0,20
Horebeke,45062,2020-06-06,0,20
Horebeke,45062,2020-06-07,0,20
Horebeke,45062,2020-06-08,0,20
Horebeke,45062,2020-06-09,0,20
Horebeke,45062,2020-06-10,0,20
Horebeke,45062,2020-06-11,0,20
Horebeke,45062,2020-06-12,0,20
Horebeke,45062,2020-06-13,0,20
Horebeke,45062,2020-06-14,0,20
Horebeke,45062,2020-06-15,0,20
Horebeke,45062,2020-06-16,0,20
Horebeke,45062,2020-06-17,0,20
Horebeke,45062,2020-06-18,0,20
Horebeke,45062,2020-06-19,0,20
Horebeke,45062,2020-06-20,0,20
Horebeke,45062,2020-06-23,0,20
Horebeke,45062,2020-06-24,0,20
Horebeke,45062,2020-06-25,0,20
Horebeke,45062,2020-06-26,0,20
Horebeke,45062,2020-06-27,0,20
Horebeke,45062,2020-06-30,0,20
Horebeke,45062,2020-07-01,0,20
Horebeke,45062,2020-07-02,0,20
Horebeke,45062,2020-07-03,0,20
Horebeke,45062,2020-07-04,0,20
Horebeke,45062,2020-07-07,0,20
Horebeke,45062,2020-07-08,0,20
Horebeke,45062,2020-07-09,0,20
Horebeke,45062,2020-07-10,0,20
Horebeke,45062,2020-07-11,0,20
Horebeke,45062,2020-07-14,0,20
Horebeke,45062,2020-07-15,0,20
Horebeke,45062,2020-07-16,0,20
Horebeke,45062,2020-07-17,0,20
Horebeke,45062,2020-07-18,0,20
Horebeke,45062,2020-07-20,0,20
Horebeke,45062,2020-07-21,0,20
Horebeke,45062,2020-07-22,0,20
Horebeke,45062,2020-07-23,0,20
Horebeke,45062,2020-07-24,0,20
Horebeke,45062,2020-07-25,0,20
Horebeke,45062,2020-07-26,0,20
Horebeke,45062,2020-07-27,0,20
Horebeke,45062,2020-07-28,0,20
Horebeke,45062,2020-07-29,0,20
Horebeke,45062,2020-07-30,0,20
Horebeke,45062,2020-07-31,1,21
Horebeke,45062,2020-08-01,0,21
Horebeke,45062,2020-08-02,0,21
Horebeke,45062,2020-08-03,0,21
Horebeke,45062,2020-08-04,0,21
Horebeke,45062,2020-08-05,0,21
Horebeke,45062,2020-08-06,0,21
Horebeke,45062,2020-08-07,0,21
Horebeke,45062,2020-08-08,0,21
Horebeke,45062,2020-08-09,0,21
Horebeke,45062,2020-08-10,0,21
Horebeke,45062,2020-08-11,0,21
Horebeke,45062,2020-08-12,0,21
Horebeke,45062,2020-08-13,0,21
Horebeke,45062,2020-08-14,0,21
Horebeke,45062,2020-08-15,0,21
Horebeke,45062,2020-08-16,0,21
Horebeke,45062,2020-08-17,0,21
Horebeke,45062,2020-08-18,0,21
Horebeke,45062,2020-08-19,1,22
Horebeke,45062,2020-08-20,1,23
Horebeke,45062,2020-08-21,0,23
Horebeke,45062,2020-08-22,0,23
Horebeke,45062,2020-08-23,0,23
Horebeke,45062,2020-08-24,0,23
Horebeke,45062,2020-08-25,0,23
Horebeke,45062,2020-08-26,0,23
Horebeke,45062,2020-08-27,0,23
Horebeke,45062,2020-08-28,0,23
Horebeke,45062,2020-08-29,0,23
Horebeke,45062,2020-08-30,0,23
Horebeke,45062,2020-08-31,0,23
Horebeke,45062,2020-09-01,0,23
Horebeke,45062,2020-09-02,0,23
Horebeke,45062,2020-09-03,0,23
Horebeke,45062,2020-09-04,0,23
Horebeke,45062,2020-09-05,0,23
Horebeke,45062,2020-09-06,0,23
Horebeke,45062,2020-09-07,0,23
Horebeke,45062,2020-09-08,0,23
Horebeke,45062,2020-09-09,0,23
Horebeke,45062,2020-09-10,0,23
Horebeke,45062,2020-09-11,0,23
Horebeke,45062,2020-09-12,0,23
Horebeke,45062,2020-09-13,0,23
Horebeke,45062,2020-09-14,0,23
Horebeke,45062,2020-09-15,0,23
Horebeke,45062,2020-09-16,0,23
Horebeke,45062,2020-09-17,0,23
Horebeke,45062,2020-09-18,0,23
Horebeke,45062,2020-09-19,0,23
Horebeke,45062,2020-09-20,0,23
Horebeke,45062,2020-09-21,0,23
Horebeke,45062,2020-09-22,0,23
Horebeke,45062,2020-09-23,0,23
Horebeke,45062,2020-09-24,0,23
Horebeke,45062,2020-09-25,0,23
Horebeke,45062,2020-09-26,0,23
Horebeke,45062,2020-09-27,0,23
Horebeke,45062,2020-09-28,0,23
Horebeke,45062,2020-09-29,0,23
Horebeke,45062,2020-09-30,0,23
Horebeke,45062,2020-10-01,0,23
Horebeke,45062,2020-10-02,0,23
Horebeke,45062,2020-10-03,0,23
Horebeke,45062,2020-10-04,0,23
Horebeke,45062,2020-10-05,0,23
Horebeke,45062,2020-10-06,0,23
Horebeke,45062,2020-10-07,0,23
Horebeke,45062,2020-10-08,0,23
Horebeke,45062,2020-10-09,0,23
Horebeke,45062,2020-10-10,0,23
Horebeke,45062,2020-10-11,0,23
Horebeke,45062,2020-10-12,0,23
Horebeke,45062,2020-10-13,0,23
Horebeke,45062,2020-10-14,0,23
Horebeke,45062,2020-10-15,0,23
Horebeke,45062,2020-10-16,0,23
Horebeke,45062,2020-10-17,0,23
Horebeke,45062,2020-10-18,1,24
Horebeke,45062,2020-10-19,0,24
Horebeke,45062,2020-10-20,0,24
Horebeke,45062,2020-10-21,0,24
Horebeke,45062,2020-10-22,0,24
Horebeke,45062,2020-10-23,0,24
Horebeke,45062,2020-10-24,0,24
Horebeke,45062,2020-10-25,1,25
Horebeke,45062,2020-10-26,1,26
Horebeke,45062,2020-10-27,1,27
Horebeke,45062,2020-10-28,1,28
Horebeke,45062,2020-10-29,3,31
Horebeke,45062,2020-10-30,4,35
Horebeke,45062,2020-10-31,3,38
Horebeke,45062,2020-11-01,2,40
Horebeke,45062,2020-11-02,2,42
Horebeke,45062,2020-11-03,0,42
Horebeke,45062,2020-11-04,2,44
Horebeke,45062,2020-11-05,1,45
Horebeke,45062,2020-11-06,2,47
Horebeke,45062,2020-11-07,1,48
Horebeke,45062,2020-11-08,0,48
Horebeke,45062,2020-11-09,2,50
Horebeke,45062,2020-11-10,0,50
Horebeke,45062,2020-11-11,0,50
Lierde,45063,2020-04-01,0,6
Lierde,45063,2020-04-02,1,7
Lierde,45063,2020-04-03,1,8
Lierde,45063,2020-04-04,0,8
Lierde,45063,2020-04-05,0,8
Lierde,45063,2020-04-06,0,8
Lierde,45063,2020-04-07,0,8
Lierde,45063,2020-04-08,0,8
Lierde,45063,2020-04-09,0,8
Lierde,45063,2020-04-10,0,8
Lierde,45063,2020-04-11,1,9
Lierde,45063,2020-04-12,0,9
Lierde,45063,2020-04-13,0,9
Lierde,45063,2020-04-14,0,9
Lierde,45063,2020-04-15,0,9
Lierde,45063,2020-04-16,0,9
Lierde,45063,2020-04-17,0,9
Lierde,45063,2020-04-18,0,9
Lierde,45063,2020-04-19,0,9
Lierde,45063,2020-04-20,1,10
Lierde,45063,2020-04-21,0,10
Lierde,45063,2020-04-22,0,10
Lierde,45063,2020-04-23,0,10
Lierde,45063,2020-04-24,0,10
Lierde,45063,2020-04-25,0,10
Lierde,45063,2020-04-26,0,10
Lierde,45063,2020-04-27,0,10
Lierde,45063,2020-04-28,0,10
Lierde,45063,2020-04-29,0,10
Lierde,45063,2020-04-30,0,10
Lierde,45063,2020-05-01,0,10
Lierde,45063,2020-05-02,0,10
Lierde,45063,2020-05-03,0,10
Lierde,45063,2020-05-04,0,10
Lierde,45063,2020-05-05,0,10
Lierde,45063,2020-05-06,0,10
Lierde,45063,2020-05-07,0,10
Lierde,45063,2020-05-08,0,10
Lierde,45063,2020-05-09,0,10
Lierde,45063,2020-05-10,0,10
Lierde,45063,2020-05-11,0,10
Lierde,45063,2020-05-12,0,10
Lierde,45063,2020-05-13,0,10
Lierde,45063,2020-05-14,0,10
Lierde,45063,2020-05-15,1,11
Lierde,45063,2020-05-16,0,11
Lierde,45063,2020-05-17,0,11
Lierde,45063,2020-05-18,0,11
Lierde,45063,2020-05-19,0,11
Lierde,45063,2020-05-20,0,11
Lierde,45063,2020-05-21,0,11
Lierde,45063,2020-05-22,0,11
Lierde,45063,2020-05-23,0,11
Lierde,45063,2020-05-24,0,11
Lierde,45063,2020-05-25,0,11
Lierde,45063,2020-05-26,0,11
Lierde,45063,2020-05-27,0,11
Lierde,45063,2020-05-28,0,11
Lierde,45063,2020-05-29,1,12
Lierde,45063,2020-05-30,0,12
Lierde,45063,2020-05-31,1,13
Lierde,45063,2020-06-01,0,13
Lierde,45063,2020-06-02,0,13
Lierde,45063,2020-06-03,0,13
Lierde,45063,2020-06-04,0,13
Lierde,45063,2020-06-05,0,13
Lierde,45063,2020-06-06,0,13
Lierde,45063,2020-06-07,0,13
Lierde,45063,2020-06-08,0,13
Lierde,45063,2020-06-09,0,13
Lierde,45063,2020-06-10,0,13
Lierde,45063,2020-06-11,0,13
Lierde,45063,2020-06-12,0,13
Lierde,45063,2020-06-13,0,13
Lierde,45063,2020-06-14,0,13
Lierde,45063,2020-06-15,0,13
Lierde,45063,2020-06-16,0,13
Lierde,45063,2020-06-17,0,13
Lierde,45063,2020-06-18,0,13
Lierde,45063,2020-06-19,0,13
Lierde,45063,2020-06-20,0,13
Lierde,45063,2020-06-23,0,13
Lierde,45063,2020-06-24,0,13
Lierde,45063,2020-06-25,0,13
Lierde,45063,2020-06-26,0,13
Lierde,45063,2020-06-27,0,13
Lierde,45063,2020-06-30,0,13
Lierde,45063,2020-07-01,0,13
Lierde,45063,2020-07-02,0,13
Lierde,45063,2020-07-03,0,13
Lierde,45063,2020-07-04,0,13
Lierde,45063,2020-07-07,0,13
Lierde,45063,2020-07-08,0,13
Lierde,45063,2020-07-09,0,13
Lierde,45063,2020-07-10,0,13
Lierde,45063,2020-07-11,0,13
Lierde,45063,2020-07-14,0,13
Lierde,45063,2020-07-15,0,13
Lierde,45063,2020-07-16,0,13
Lierde,45063,2020-07-17,0,13
Lierde,45063,2020-07-18,0,13
Lierde,45063,2020-07-20,0,13
Lierde,45063,2020-07-21,0,13
Lierde,45063,2020-07-22,0,13
Lierde,45063,2020-07-23,0,13
Lierde,45063,2020-07-24,0,13
Lierde,45063,2020-07-25,0,13
Lierde,45063,2020-07-26,0,13
Lierde,45063,2020-07-27,0,13
Lierde,45063,2020-07-28,0,13
Lierde,45063,2020-07-29,0,13
Lierde,45063,2020-07-30,0,13
Lierde,45063,2020-07-31,0,13
Lierde,45063,2020-08-01,0,13
Lierde,45063,2020-08-02,1,14
Lierde,45063,2020-08-03,1,15
Lierde,45063,2020-08-04,0,15
Lierde,45063,2020-08-05,1,16
Lierde,45063,2020-08-06,0,16
Lierde,45063,2020-08-07,0,16
Lierde,45063,2020-08-08,0,16
Lierde,45063,2020-08-09,0,16
Lierde,45063,2020-08-10,0,16
Lierde,45063,2020-08-11,0,16
Lierde,45063,2020-08-12,0,16
Lierde,45063,2020-08-13,0,16
Lierde,45063,2020-08-14,0,16
Lierde,45063,2020-08-15,0,16
Lierde,45063,2020-08-16,0,16
Lierde,45063,2020-08-17,0,16
Lierde,45063,2020-08-18,0,16
Lierde,45063,2020-08-19,0,16
Lierde,45063,2020-08-20,0,16
Lierde,45063,2020-08-21,0,16
Lierde,45063,2020-08-22,0,16
Lierde,45063,2020-08-23,0,16
Lierde,45063,2020-08-24,0,16
Lierde,45063,2020-08-25,0,16
Lierde,45063,2020-08-26,0,16
Lierde,45063,2020-08-27,0,16
Lierde,45063,2020-08-28,0,16
Lierde,45063,2020-08-29,0,16
Lierde,45063,2020-08-30,0,16
Lierde,45063,2020-08-31,1,17
Lierde,45063,2020-09-01,0,17
Lierde,45063,2020-09-02,0,17
Lierde,45063,2020-09-03,0,17
Lierde,45063,2020-09-04,0,17
Lierde,45063,2020-09-05,0,17
Lierde,45063,2020-09-06,0,17
Lierde,45063,2020-09-07,0,17
Lierde,45063,2020-09-08,0,17
Lierde,45063,2020-09-09,0,17
Lierde,45063,2020-09-10,0,17
Lierde,45063,2020-09-11,0,17
Lierde,45063,2020-09-12,0,17
Lierde,45063,2020-09-13,0,17
Lierde,45063,2020-09-14,0,17
Lierde,45063,2020-09-15,0,17
Lierde,45063,2020-09-16,0,17
Lierde,45063,2020-09-17,0,17
Lierde,45063,2020-09-18,0,17
Lierde,45063,2020-09-19,0,17
Lierde,45063,2020-09-20,0,17
Lierde,45063,2020-09-21,0,17
Lierde,45063,2020-09-22,1,18
Lierde,45063,2020-09-23,0,18
Lierde,45063,2020-09-24,0,18
Lierde,45063,2020-09-25,0,18
Lierde,45063,2020-09-26,0,18
Lierde,45063,2020-09-27,0,18
Lierde,45063,2020-09-28,1,19
Lierde,45063,2020-09-29,0,19
Lierde,45063,2020-09-30,2,21
Lierde,45063,2020-10-01,0,21
Lierde,45063,2020-10-02,0,21
Lierde,45063,2020-10-03,1,22
Lierde,45063,2020-10-04,0,22
Lierde,45063,2020-10-05,3,25
Lierde,45063,2020-10-06,1,26
Lierde,45063,2020-10-07,0,26
Lierde,45063,2020-10-08,0,26
Lierde,45063,2020-10-09,2,28
Lierde,45063,2020-10-10,1,29
Lierde,45063,2020-10-11,0,29
Lierde,45063,2020-10-12,0,29
Lierde,45063,2020-10-13,0,29
Lierde,45063,2020-10-14,2,31
Lierde,45063,2020-10-15,0,31
Lierde,45063,2020-10-16,2,33
Lierde,45063,2020-10-17,2,35
Lierde,45063,2020-10-18,3,38
Lierde,45063,2020-10-19,5,43
Lierde,45063,2020-10-20,1,44
Lierde,45063,2020-10-21,1,45
Lierde,45063,2020-10-22,0,45
Lierde,45063,2020-10-23,5,50
Lierde,45063,2020-10-24,4,54
Lierde,45063,2020-10-25,5,59
Lierde,45063,2020-10-26,4,63
Lierde,45063,2020-10-27,5,68
Lierde,45063,2020-10-28,2,70
Lierde,45063,2020-10-29,6,76
Lierde,45063,2020-10-30,9,85
Lierde,45063,2020-10-31,14,99
Lierde,45063,2020-11-01,5,104
Lierde,45063,2020-11-02,3,107
Lierde,45063,2020-11-03,4,111
Lierde,45063,2020-11-04,2,113
Lierde,45063,2020-11-05,9,122
Lierde,45063,2020-11-06,2,124
Lierde,45063,2020-11-07,6,130
Lierde,45063,2020-11-08,1,131
Lierde,45063,2020-11-09,3,134
Lierde,45063,2020-11-10,3,137
Lierde,45063,2020-11-11,3,140
Maarkedal,45064,2020-04-01,1,7
Maarkedal,45064,2020-04-02,2,9
Maarkedal,45064,2020-04-03,0,9
Maarkedal,45064,2020-04-04,2,11
Maarkedal,45064,2020-04-05,0,11
Maarkedal,45064,2020-04-06,1,12
Maarkedal,45064,2020-04-07,5,17
Maarkedal,45064,2020-04-08,0,17
Maarkedal,45064,2020-04-09,0,17
Maarkedal,45064,2020-04-10,0,17
Maarkedal,45064,2020-04-11,0,17
Maarkedal,45064,2020-04-12,0,17
Maarkedal,45064,2020-04-13,0,17
Maarkedal,45064,2020-04-14,0,17
Maarkedal,45064,2020-04-15,1,18
Maarkedal,45064,2020-04-16,1,19
Maarkedal,45064,2020-04-17,1,20
Maarkedal,45064,2020-04-18,0,20
Maarkedal,45064,2020-04-19,2,22
Maarkedal,45064,2020-04-20,0,22
Maarkedal,45064,2020-04-21,1,23
Maarkedal,45064,2020-04-22,0,23
Maarkedal,45064,2020-04-23,0,23
Maarkedal,45064,2020-04-24,0,23
Maarkedal,45064,2020-04-25,0,23
Maarkedal,45064,2020-04-26,0,23
Maarkedal,45064,2020-04-27,0,23
Maarkedal,45064,2020-04-28,0,23
Maarkedal,45064,2020-04-29,0,23
Maarkedal,45064,2020-04-30,0,23
Maarkedal,45064,2020-05-01,0,23
Maarkedal,45064,2020-05-02,1,24
Maarkedal,45064,2020-05-03,0,24
Maarkedal,45064,2020-05-04,0,24
Maarkedal,45064,2020-05-05,0,24
Maarkedal,45064,2020-05-06,0,24
Maarkedal,45064,2020-05-07,0,24
Maarkedal,45064,2020-05-08,0,24
Maarkedal,45064,2020-05-09,0,24
Maarkedal,45064,2020-05-10,1,25
Maarkedal,45064,2020-05-11,0,25
Maarkedal,45064,2020-05-12,0,25
Maarkedal,45064,2020-05-13,1,26
Maarkedal,45064,2020-05-14,1,27
Maarkedal,45064,2020-05-15,1,28
Maarkedal,45064,2020-05-16,0,28
Maarkedal,45064,2020-05-17,1,29
Maarkedal,45064,2020-05-18,0,29
Maarkedal,45064,2020-05-19,1,30
Maarkedal,45064,2020-05-20,0,30
Maarkedal,45064,2020-05-21,0,30
Maarkedal,45064,2020-05-22,1,31
Maarkedal,45064,2020-05-23,0,31
Maarkedal,45064,2020-05-24,1,32
Maarkedal,45064,2020-05-25,9,41
Maarkedal,45064,2020-05-26,0,41
Maarkedal,45064,2020-05-27,0,41
Maarkedal,45064,2020-05-28,0,41
Maarkedal,45064,2020-05-29,0,41
Maarkedal,45064,2020-05-30,1,42
Maarkedal,45064,2020-05-31,0,42
Maarkedal,45064,2020-06-01,0,42
Maarkedal,45064,2020-06-02,0,42
Maarkedal,45064,2020-06-03,0,42
Maarkedal,45064,2020-06-04,0,42
Maarkedal,45064,2020-06-05,0,42
Maarkedal,45064,2020-06-06,0,42
Maarkedal,45064,2020-06-07,0,42
Maarkedal,45064,2020-06-08,0,42
Maarkedal,45064,2020-06-09,0,42
Maarkedal,45064,2020-06-10,0,42
Maarkedal,45064,2020-06-11,0,42
Maarkedal,45064,2020-06-12,0,42
Maarkedal,45064,2020-06-13,0,42
Maarkedal,45064,2020-06-14,0,42
Maarkedal,45064,2020-06-15,0,42
Maarkedal,45064,2020-06-16,0,42
Maarkedal,45064,2020-06-17,0,42
Maarkedal,45064,2020-06-18,0,42
Maarkedal,45064,2020-06-19,0,42
Maarkedal,45064,2020-06-20,0,42
Maarkedal,45064,2020-06-23,0,42
Maarkedal,45064,2020-06-24,0,42
Maarkedal,45064,2020-06-25,0,42
Maarkedal,45064,2020-06-26,0,42
Maarkedal,45064,2020-06-27,0,42
Maarkedal,45064,2020-06-30,0,42
Maarkedal,45064,2020-07-01,0,42
Maarkedal,45064,2020-07-02,0,42
Maarkedal,45064,2020-07-03,0,42
Maarkedal,45064,2020-07-04,0,42
Maarkedal,45064,2020-07-07,0,42
Maarkedal,45064,2020-07-08,0,42
Maarkedal,45064,2020-07-09,0,42
Maarkedal,45064,2020-07-10,0,42
Maarkedal,45064,2020-07-11,0,42
Maarkedal,45064,2020-07-14,0,42
Maarkedal,45064,2020-07-15,0,42
Maarkedal,45064,2020-07-16,0,42
Maarkedal,45064,2020-07-17,0,42
Maarkedal,45064,2020-07-18,0,42
Maarkedal,45064,2020-07-20,0,42
Maarkedal,45064,2020-07-21,0,42
Maarkedal,45064,2020-07-22,0,42
Maarkedal,45064,2020-07-23,1,43
Maarkedal,45064,2020-07-24,0,43
Maarkedal,45064,2020-07-25,0,43
Maarkedal,45064,2020-07-26,0,43
Maarkedal,45064,2020-07-27,0,43
Maarkedal,45064,2020-07-28,0,43
Maarkedal,45064,2020-07-29,0,43
Maarkedal,45064,2020-07-30,0,43
Maarkedal,45064,2020-07-31,1,44
Maarkedal,45064,2020-08-01,0,44
Maarkedal,45064,2020-08-02,0,44
Maarkedal,45064,2020-08-03,0,44
Maarkedal,45064,2020-08-04,0,44
Maarkedal,45064,2020-08-05,0,44
Maarkedal,45064,2020-08-06,0,44
Maarkedal,45064,2020-08-07,0,44
Maarkedal,45064,2020-08-08,0,44
Maarkedal,45064,2020-08-09,0,44
Maarkedal,45064,2020-08-10,1,45
Maarkedal,45064,2020-08-11,0,45
Maarkedal,45064,2020-08-12,0,45
Maarkedal,45064,2020-08-13,0,45
Maarkedal,45064,2020-08-14,0,45
Maarkedal,45064,2020-08-15,0,45
Maarkedal,45064,2020-08-16,0,45
Maarkedal,45064,2020-08-17,0,45
Maarkedal,45064,2020-08-18,0,45
Maarkedal,45064,2020-08-19,0,45
Maarkedal,45064,2020-08-20,0,45
Maarkedal,45064,2020-08-21,0,45
Maarkedal,45064,2020-08-22,0,45
Maarkedal,45064,2020-08-23,0,45
Maarkedal,45064,2020-08-24,0,45
Maarkedal,45064,2020-08-25,0,45
Maarkedal,45064,2020-08-26,0,45
Maarkedal,45064,2020-08-27,0,45
Maarkedal,45064,2020-08-28,0,45
Maarkedal,45064,2020-08-29,0,45
Maarkedal,45064,2020-08-30,0,45
Maarkedal,45064,2020-08-31,0,45
Maarkedal,45064,2020-09-01,0,45
Maarkedal,45064,2020-09-02,0,45
Maarkedal,45064,2020-09-03,0,45
Maarkedal,45064,2020-09-04,0,45
Maarkedal,45064,2020-09-05,0,45
Maarkedal,45064,2020-09-06,0,45
Maarkedal,45064,2020-09-07,0,45
Maarkedal,45064,2020-09-08,0,45
Maarkedal,45064,2020-09-09,0,45
Maarkedal,45064,2020-09-10,0,45
Maarkedal,45064,2020-09-11,0,45
Maarkedal,45064,2020-09-12,0,45
Maarkedal,45064,2020-09-13,0,45
Maarkedal,45064,2020-09-14,0,45
Maarkedal,45064,2020-09-15,0,45
Maarkedal,45064,2020-09-16,0,45
Maarkedal,45064,2020-09-17,0,45
Maarkedal,45064,2020-09-18,0,45
Maarkedal,45064,2020-09-19,1,46
Maarkedal,45064,2020-09-20,0,46
Maarkedal,45064,2020-09-21,0,46
Maarkedal,45064,2020-09-22,1,47
Maarkedal,45064,2020-09-23,0,47
Maarkedal,45064,2020-09-24,0,47
Maarkedal,45064,2020-09-25,1,48
Maarkedal,45064,2020-09-26,0,48
Maarkedal,45064,2020-09-27,0,48
Maarkedal,45064,2020-09-28,0,48
Maarkedal,45064,2020-09-29,1,49
Maarkedal,45064,2020-09-30,0,49
Maarkedal,45064,2020-10-01,0,49
Maarkedal,45064,2020-10-02,2,51
Maarkedal,45064,2020-10-03,1,52
Maarkedal,45064,2020-10-04,2,54
Maarkedal,45064,2020-10-05,0,54
Maarkedal,45064,2020-10-06,0,54
Maarkedal,45064,2020-10-07,1,55
Maarkedal,45064,2020-10-08,1,56
Maarkedal,45064,2020-10-09,1,57
Maarkedal,45064,2020-10-10,1,58
Maarkedal,45064,2020-10-11,5,63
Maarkedal,45064,2020-10-12,1,64
Maarkedal,45064,2020-10-13,2,66
Maarkedal,45064,2020-10-14,0,66
Maarkedal,45064,2020-10-15,3,69
Maarkedal,45064,2020-10-16,1,70
Maarkedal,45064,2020-10-17,3,73
Maarkedal,45064,2020-10-18,3,76
Maarkedal,45064,2020-10-19,6,82
Maarkedal,45064,2020-10-20,4,86
Maarkedal,45064,2020-10-21,6,92
Maarkedal,45064,2020-10-22,5,97
Maarkedal,45064,2020-10-23,11,108
Maarkedal,45064,2020-10-24,7,115
Maarkedal,45064,2020-10-25,15,130
Maarkedal,45064,2020-10-26,11,141
Maarkedal,45064,2020-10-27,10,151
Maarkedal,45064,2020-10-28,4,155
Maarkedal,45064,2020-10-29,16,171
Maarkedal,45064,2020-10-30,15,186
Maarkedal,45064,2020-10-31,6,192
Maarkedal,45064,2020-11-01,7,199
Maarkedal,45064,2020-11-02,6,205
Maarkedal,45064,2020-11-03,0,205
Maarkedal,45064,2020-11-04,6,211
Maarkedal,45064,2020-11-05,8,219
Maarkedal,45064,2020-11-06,0,219
Maarkedal,45064,2020-11-07,2,221
Maarkedal,45064,2020-11-08,2,223
Maarkedal,45064,2020-11-09,5,228
Maarkedal,45064,2020-11-10,0,228
Maarkedal,45064,2020-11-11,5,233
Zwalm,45065,2020-04-01,0,7
Zwalm,45065,2020-04-02,0,7
Zwalm,45065,2020-04-03,0,7
Zwalm,45065,2020-04-04,0,7
Zwalm,45065,2020-04-05,1,8
Zwalm,45065,2020-04-06,1,9
Zwalm,45065,2020-04-07,1,10
Zwalm,45065,2020-04-08,0,10
Zwalm,45065,2020-04-09,0,10
Zwalm,45065,2020-04-10,0,10
Zwalm,45065,2020-04-11,2,12
Zwalm,45065,2020-04-12,0,12
Zwalm,45065,2020-04-13,0,12
Zwalm,45065,2020-04-14,0,12
Zwalm,45065,2020-04-15,1,13
Zwalm,45065,2020-04-16,0,13
Zwalm,45065,2020-04-17,0,13
Zwalm,45065,2020-04-18,0,13
Zwalm,45065,2020-04-19,0,13
Zwalm,45065,2020-04-20,0,13
Zwalm,45065,2020-04-21,0,13
Zwalm,45065,2020-04-22,0,13
Zwalm,45065,2020-04-23,0,13
Zwalm,45065,2020-04-24,0,13
Zwalm,45065,2020-04-25,0,13
Zwalm,45065,2020-04-26,0,13
Zwalm,45065,2020-04-27,2,15
Zwalm,45065,2020-04-28,0,15
Zwalm,45065,2020-04-29,0,15
Zwalm,45065,2020-04-30,0,15
Zwalm,45065,2020-05-01,0,15
Zwalm,45065,2020-05-02,0,15
Zwalm,45065,2020-05-03,0,15
Zwalm,45065,2020-05-04,0,15
Zwalm,45065,2020-05-05,0,15
Zwalm,45065,2020-05-06,0,15
Zwalm,45065,2020-05-07,0,15
Zwalm,45065,2020-05-08,0,15
Zwalm,45065,2020-05-09,0,15
Zwalm,45065,2020-05-10,0,15
Zwalm,45065,2020-05-11,0,15
Zwalm,45065,2020-05-12,0,15
Zwalm,45065,2020-05-13,0,15
Zwalm,45065,2020-05-14,0,15
Zwalm,45065,2020-05-15,0,15
Zwalm,45065,2020-05-16,0,15
Zwalm,45065,2020-05-17,0,15
Zwalm,45065,2020-05-18,0,15
Zwalm,45065,2020-05-19,0,15
Zwalm,45065,2020-05-20,0,15
Zwalm,45065,2020-05-21,0,15
Zwalm,45065,2020-05-22,0,15
Zwalm,45065,2020-05-23,0,15
Zwalm,45065,2020-05-24,0,15
Zwalm,45065,2020-05-25,0,15
Zwalm,45065,2020-05-26,0,15
Zwalm,45065,2020-05-27,0,15
Zwalm,45065,2020-05-28,0,15
Zwalm,45065,2020-05-29,0,15
Zwalm,45065,2020-05-30,0,15
Zwalm,45065,2020-05-31,0,15
Zwalm,45065,2020-06-01,0,15
Zwalm,45065,2020-06-02,0,15
Zwalm,45065,2020-06-03,0,15
Zwalm,45065,2020-06-04,0,15
Zwalm,45065,2020-06-05,0,15
Zwalm,45065,2020-06-06,0,15
Zwalm,45065,2020-06-07,0,15
Zwalm,45065,2020-06-08,0,15
Zwalm,45065,2020-06-09,0,15
Zwalm,45065,2020-06-10,0,15
Zwalm,45065,2020-06-11,0,15
Zwalm,45065,2020-06-12,0,15
Zwalm,45065,2020-06-13,0,15
Zwalm,45065,2020-06-14,0,15
Zwalm,45065,2020-06-15,0,15
Zwalm,45065,2020-06-16,0,15
Zwalm,45065,2020-06-17,0,15
Zwalm,45065,2020-06-18,1,16
Zwalm,45065,2020-06-19,0,16
Zwalm,45065,2020-06-20,0,16
Zwalm,45065,2020-06-23,0,16
Zwalm,45065,2020-06-24,0,16
Zwalm,45065,2020-06-25,0,16
Zwalm,45065,2020-06-26,0,16
Zwalm,45065,2020-06-27,0,16
Zwalm,45065,2020-06-30,0,16
Zwalm,45065,2020-07-01,0,16
Zwalm,45065,2020-07-02,0,16
Zwalm,45065,2020-07-03,0,16
Zwalm,45065,2020-07-04,0,16
Zwalm,45065,2020-07-07,0,16
Zwalm,45065,2020-07-08,0,16
Zwalm,45065,2020-07-09,0,16
Zwalm,45065,2020-07-10,0,16
Zwalm,45065,2020-07-11,0,16
Zwalm,45065,2020-07-14,0,16
Zwalm,45065,2020-07-15,0,16
Zwalm,45065,2020-07-16,0,16
Zwalm,45065,2020-07-17,0,16
Zwalm,45065,2020-07-18,0,16
Zwalm,45065,2020-07-20,0,16
Zwalm,45065,2020-07-21,0,16
Zwalm,45065,2020-07-22,0,16
Zwalm,45065,2020-07-23,0,16
Zwalm,45065,2020-07-24,0,16
Zwalm,45065,2020-07-25,0,16
Zwalm,45065,2020-07-26,0,16
Zwalm,45065,2020-07-27,2,18
Zwalm,45065,2020-07-28,1,19
Zwalm,45065,2020-07-29,0,19
Zwalm,45065,2020-07-30,0,19
Zwalm,45065,2020-07-31,1,20
Zwalm,45065,2020-08-01,0,20
Zwalm,45065,2020-08-02,0,20
Zwalm,45065,2020-08-03,0,20
Zwalm,45065,2020-08-04,0,20
Zwalm,45065,2020-08-05,1,21
Zwalm,45065,2020-08-06,0,21
Zwalm,45065,2020-08-07,2,23
Zwalm,45065,2020-08-08,1,24
Zwalm,45065,2020-08-09,0,24
Zwalm,45065,2020-08-10,0,24
Zwalm,45065,2020-08-11,1,25
Zwalm,45065,2020-08-12,0,25
Zwalm,45065,2020-08-13,0,25
Zwalm,45065,2020-08-14,0,25
Zwalm,45065,2020-08-15,0,25
Zwalm,45065,2020-08-16,1,26
Zwalm,45065,2020-08-17,0,26
Zwalm,45065,2020-08-18,0,26
Zwalm,45065,2020-08-19,0,26
Zwalm,45065,2020-08-20,0,26
Zwalm,45065,2020-08-21,0,26
Zwalm,45065,2020-08-22,0,26
Zwalm,45065,2020-08-23,0,26
Zwalm,45065,2020-08-24,0,26
Zwalm,45065,2020-08-25,0,26
Zwalm,45065,2020-08-26,0,26
Zwalm,45065,2020-08-27,0,26
Zwalm,45065,2020-08-28,0,26
Zwalm,45065,2020-08-29,0,26
Zwalm,45065,2020-08-30,0,26
Zwalm,45065,2020-08-31,0,26
Zwalm,45065,2020-09-01,0,26
Zwalm,45065,2020-09-02,0,26
Zwalm,45065,2020-09-03,0,26
Zwalm,45065,2020-09-04,0,26
Zwalm,45065,2020-09-05,0,26
Zwalm,45065,2020-09-06,0,26
Zwalm,45065,2020-09-07,0,26
Zwalm,45065,2020-09-08,0,26
Zwalm,45065,2020-09-09,0,26
Zwalm,45065,2020-09-10,1,27
Zwalm,45065,2020-09-11,0,27
Zwalm,45065,2020-09-12,0,27
Zwalm,45065,2020-09-13,0,27
Zwalm,45065,2020-09-14,2,29
Zwalm,45065,2020-09-15,0,29
Zwalm,45065,2020-09-16,0,29
Zwalm,45065,2020-09-17,0,29
Zwalm,45065,2020-09-18,0,29
Zwalm,45065,2020-09-19,0,29
Zwalm,45065,2020-09-20,0,29
Zwalm,45065,2020-09-21,1,30
Zwalm,45065,2020-09-22,1,31
Zwalm,45065,2020-09-23,1,32
Zwalm,45065,2020-09-24,0,32
Zwalm,45065,2020-09-25,0,32
Zwalm,45065,2020-09-26,1,33
Zwalm,45065,2020-09-27,0,33
Zwalm,45065,2020-09-28,0,33
Zwalm,45065,2020-09-29,0,33
Zwalm,45065,2020-09-30,0,33
Zwalm,45065,2020-10-01,1,34
Zwalm,45065,2020-10-02,0,34
Zwalm,45065,2020-10-03,0,34
Zwalm,45065,2020-10-04,1,35
Zwalm,45065,2020-10-05,0,35
Zwalm,45065,2020-10-06,0,35
Zwalm,45065,2020-10-07,0,35
Zwalm,45065,2020-10-08,0,35
Zwalm,45065,2020-10-09,1,36
Zwalm,45065,2020-10-10,2,38
Zwalm,45065,2020-10-11,1,39
Zwalm,45065,2020-10-12,1,40
Zwalm,45065,2020-10-13,0,40
Zwalm,45065,2020-10-14,0,40
Zwalm,45065,2020-10-15,4,44
Zwalm,45065,2020-10-16,6,50
Zwalm,45065,2020-10-17,4,54
Zwalm,45065,2020-10-18,6,60
Zwalm,45065,2020-10-19,1,61
Zwalm,45065,2020-10-20,0,61
Zwalm,45065,2020-10-21,8,69
Zwalm,45065,2020-10-22,3,72
Zwalm,45065,2020-10-23,10,82
Zwalm,45065,2020-10-24,8,90
Zwalm,45065,2020-10-25,8,98
Zwalm,45065,2020-10-26,5,103
Zwalm,45065,2020-10-27,4,107
Zwalm,45065,2020-10-28,8,115
Zwalm,45065,2020-10-29,9,124
Zwalm,45065,2020-10-30,18,142
Zwalm,45065,2020-10-31,14,156
Zwalm,45065,2020-11-01,8,164
Zwalm,45065,2020-11-02,5,169
Zwalm,45065,2020-11-03,2,171
Zwalm,45065,2020-11-04,7,178
Zwalm,45065,2020-11-05,11,189
Zwalm,45065,2020-11-06,21,210
Zwalm,45065,2020-11-07,9,219
Zwalm,45065,2020-11-08,10,229
Zwalm,45065,2020-11-09,6,235
Zwalm,45065,2020-11-10,1,236
Zwalm,45065,2020-11-11,4,240
Kruisem,45068,2020-04-01,0,10
Kruisem,45068,2020-04-02,1,11
Kruisem,45068,2020-04-03,1,12
Kruisem,45068,2020-04-04,0,12
Kruisem,45068,2020-04-05,0,12
Kruisem,45068,2020-04-06,2,14
Kruisem,45068,2020-04-07,6,20
Kruisem,45068,2020-04-08,1,21
Kruisem,45068,2020-04-09,0,21
Kruisem,45068,2020-04-10,0,21
Kruisem,45068,2020-04-11,1,22
Kruisem,45068,2020-04-12,0,22
Kruisem,45068,2020-04-13,0,22
Kruisem,45068,2020-04-14,0,22
Kruisem,45068,2020-04-15,0,22
Kruisem,45068,2020-04-16,0,22
Kruisem,45068,2020-04-17,0,22
Kruisem,45068,2020-04-18,2,24
Kruisem,45068,2020-04-19,0,24
Kruisem,45068,2020-04-20,0,24
Kruisem,45068,2020-04-21,2,26
Kruisem,45068,2020-04-22,0,26
Kruisem,45068,2020-04-23,1,27
Kruisem,45068,2020-04-24,0,27
Kruisem,45068,2020-04-25,1,28
Kruisem,45068,2020-04-26,0,28
Kruisem,45068,2020-04-27,0,28
Kruisem,45068,2020-04-28,1,29
Kruisem,45068,2020-04-29,0,29
Kruisem,45068,2020-04-30,0,29
Kruisem,45068,2020-05-01,1,30
Kruisem,45068,2020-05-02,0,30
Kruisem,45068,2020-05-03,0,30
Kruisem,45068,2020-05-04,0,30
Kruisem,45068,2020-05-05,0,30
Kruisem,45068,2020-05-06,1,31
Kruisem,45068,2020-05-07,1,32
Kruisem,45068,2020-05-08,0,32
Kruisem,45068,2020-05-09,1,33
Kruisem,45068,2020-05-10,0,33
Kruisem,45068,2020-05-11,0,33
Kruisem,45068,2020-05-12,0,33
Kruisem,45068,2020-05-13,0,33
Kruisem,45068,2020-05-14,0,33
Kruisem,45068,2020-05-15,0,33
Kruisem,45068,2020-05-16,0,33
Kruisem,45068,2020-05-17,0,33
Kruisem,45068,2020-05-18,0,33
Kruisem,45068,2020-05-19,0,33
Kruisem,45068,2020-05-20,0,33
Kruisem,45068,2020-05-21,1,34
Kruisem,45068,2020-05-22,0,34
Kruisem,45068,2020-05-23,0,34
Kruisem,45068,2020-05-24,0,34
Kruisem,45068,2020-05-25,1,35
Kruisem,45068,2020-05-26,1,36
Kruisem,45068,2020-05-27,0,36
Kruisem,45068,2020-05-28,1,37
Kruisem,45068,2020-05-29,0,37
Kruisem,45068,2020-05-30,1,38
Kruisem,45068,2020-05-31,0,38
Kruisem,45068,2020-06-01,0,38
Kruisem,45068,2020-06-02,0,38
Kruisem,45068,2020-06-03,1,39
Kruisem,45068,2020-06-04,0,39
Kruisem,45068,2020-06-05,0,39
Kruisem,45068,2020-06-06,0,39
Kruisem,45068,2020-06-07,0,39
Kruisem,45068,2020-06-08,0,39
Kruisem,45068,2020-06-09,0,39
Kruisem,45068,2020-06-10,0,39
Kruisem,45068,2020-06-11,0,39
Kruisem,45068,2020-06-12,0,39
Kruisem,45068,2020-06-13,0,39
Kruisem,45068,2020-06-14,0,39
Kruisem,45068,2020-06-15,0,39
Kruisem,45068,2020-06-16,0,39
Kruisem,45068,2020-06-17,0,39
Kruisem,45068,2020-06-18,0,39
Kruisem,45068,2020-06-19,0,39
Kruisem,45068,2020-06-20,0,39
Kruisem,45068,2020-06-23,0,39
Kruisem,45068,2020-06-24,0,39
Kruisem,45068,2020-06-25,0,39
Kruisem,45068,2020-06-26,0,39
Kruisem,45068,2020-06-27,0,39
Kruisem,45068,2020-06-30,0,39
Kruisem,45068,2020-07-01,0,39
Kruisem,45068,2020-07-02,0,39
Kruisem,45068,2020-07-03,0,39
Kruisem,45068,2020-07-04,0,39
Kruisem,45068,2020-07-07,0,39
Kruisem,45068,2020-07-08,0,39
Kruisem,45068,2020-07-09,0,39
Kruisem,45068,2020-07-10,0,39
Kruisem,45068,2020-07-11,0,39
Kruisem,45068,2020-07-14,0,39
Kruisem,45068,2020-07-15,0,39
Kruisem,45068,2020-07-16,0,39
Kruisem,45068,2020-07-17,0,39
Kruisem,45068,2020-07-18,1,40
Kruisem,45068,2020-07-20,0,40
Kruisem,45068,2020-07-21,0,40
Kruisem,45068,2020-07-22,0,40
Kruisem,45068,2020-07-23,0,40
Kruisem,45068,2020-07-24,1,41
Kruisem,45068,2020-07-25,0,41
Kruisem,45068,2020-07-26,1,42
Kruisem,45068,2020-07-27,1,43
Kruisem,45068,2020-07-28,0,43
Kruisem,45068,2020-07-29,0,43
Kruisem,45068,2020-07-30,0,43
Kruisem,45068,2020-07-31,0,43
Kruisem,45068,2020-08-01,0,43
Kruisem,45068,2020-08-02,0,43
Kruisem,45068,2020-08-03,0,43
Kruisem,45068,2020-08-04,0,43
Kruisem,45068,2020-08-05,0,43
Kruisem,45068,2020-08-06,1,44
Kruisem,45068,2020-08-07,0,44
Kruisem,45068,2020-08-08,0,44
Kruisem,45068,2020-08-09,2,46
Kruisem,45068,2020-08-10,1,47
Kruisem,45068,2020-08-11,1,48
Kruisem,45068,2020-08-12,0,48
Kruisem,45068,2020-08-13,0,48
Kruisem,45068,2020-08-14,0,48
Kruisem,45068,2020-08-15,0,48
Kruisem,45068,2020-08-16,0,48
Kruisem,45068,2020-08-17,0,48
Kruisem,45068,2020-08-18,0,48
Kruisem,45068,2020-08-19,0,48
Kruisem,45068,2020-08-20,0,48
Kruisem,45068,2020-08-21,0,48
Kruisem,45068,2020-08-22,0,48
Kruisem,45068,2020-08-23,0,48
Kruisem,45068,2020-08-24,0,48
Kruisem,45068,2020-08-25,0,48
Kruisem,45068,2020-08-26,0,48
Kruisem,45068,2020-08-27,0,48
Kruisem,45068,2020-08-28,0,48
Kruisem,45068,2020-08-29,0,48
Kruisem,45068,2020-08-30,0,48
Kruisem,45068,2020-08-31,0,48
Kruisem,45068,2020-09-01,0,48
Kruisem,45068,2020-09-02,0,48
Kruisem,45068,2020-09-03,0,48
Kruisem,45068,2020-09-04,0,48
Kruisem,45068,2020-09-05,0,48
Kruisem,45068,2020-09-06,0,48
Kruisem,45068,2020-09-07,0,48
Kruisem,45068,2020-09-08,0,48
Kruisem,45068,2020-09-09,3,51
Kruisem,45068,2020-09-10,0,51
Kruisem,45068,2020-09-11,0,51
Kruisem,45068,2020-09-12,0,51
Kruisem,45068,2020-09-13,0,51
Kruisem,45068,2020-09-14,1,52
Kruisem,45068,2020-09-15,0,52
Kruisem,45068,2020-09-16,0,52
Kruisem,45068,2020-09-17,4,56
Kruisem,45068,2020-09-18,1,57
Kruisem,45068,2020-09-19,0,57
Kruisem,45068,2020-09-20,0,57
Kruisem,45068,2020-09-21,1,58
Kruisem,45068,2020-09-22,1,59
Kruisem,45068,2020-09-23,0,59
Kruisem,45068,2020-09-24,3,62
Kruisem,45068,2020-09-25,0,62
Kruisem,45068,2020-09-26,2,64
Kruisem,45068,2020-09-27,0,64
Kruisem,45068,2020-09-28,2,66
Kruisem,45068,2020-09-29,0,66
Kruisem,45068,2020-09-30,1,67
Kruisem,45068,2020-10-01,0,67
Kruisem,45068,2020-10-02,0,67
Kruisem,45068,2020-10-03,0,67
Kruisem,45068,2020-10-04,1,68
Kruisem,45068,2020-10-05,1,69
Kruisem,45068,2020-10-06,0,69
Kruisem,45068,2020-10-07,0,69
Kruisem,45068,2020-10-08,2,71
Kruisem,45068,2020-10-09,3,74
Kruisem,45068,2020-10-10,2,76
Kruisem,45068,2020-10-11,2,78
Kruisem,45068,2020-10-12,1,79
Kruisem,45068,2020-10-13,2,81
Kruisem,45068,2020-10-14,4,85
Kruisem,45068,2020-10-15,3,88
Kruisem,45068,2020-10-16,10,98
Kruisem,45068,2020-10-17,6,104
Kruisem,45068,2020-10-18,10,114
Kruisem,45068,2020-10-19,9,123
Kruisem,45068,2020-10-20,5,128
Kruisem,45068,2020-10-21,13,141
Kruisem,45068,2020-10-22,14,155
Kruisem,45068,2020-10-23,11,166
Kruisem,45068,2020-10-24,26,192
Kruisem,45068,2020-10-25,9,201
Kruisem,45068,2020-10-26,32,233
Kruisem,45068,2020-10-27,19,252
Kruisem,45068,2020-10-28,24,276
Kruisem,45068,2020-10-29,20,296
Kruisem,45068,2020-10-30,30,326
Kruisem,45068,2020-10-31,16,342
Kruisem,45068,2020-11-01,19,361
Kruisem,45068,2020-11-02,15,376
Kruisem,45068,2020-11-03,7,383
Kruisem,45068,2020-11-04,11,394
Kruisem,45068,2020-11-05,16,410
Kruisem,45068,2020-11-06,10,420
Kruisem,45068,2020-11-07,6,426
Kruisem,45068,2020-11-08,10,436
Kruisem,45068,2020-11-09,21,457
Kruisem,45068,2020-11-10,4,461
Kruisem,45068,2020-11-11,5,466
Beveren (Sint-Niklaas),46003,2020-04-01,3,29
Beveren (Sint-Niklaas),46003,2020-04-02,6,35
Beveren (Sint-Niklaas),46003,2020-04-03,6,41
Beveren (Sint-Niklaas),46003,2020-04-04,4,45
Beveren (Sint-Niklaas),46003,2020-04-05,2,47
Beveren (Sint-Niklaas),46003,2020-04-06,7,54
Beveren (Sint-Niklaas),46003,2020-04-07,0,54
Beveren (Sint-Niklaas),46003,2020-04-08,1,55
Beveren (Sint-Niklaas),46003,2020-04-09,4,59
Beveren (Sint-Niklaas),46003,2020-04-10,4,63
Beveren (Sint-Niklaas),46003,2020-04-11,1,64
Beveren (Sint-Niklaas),46003,2020-04-12,2,66
Beveren (Sint-Niklaas),46003,2020-04-13,0,66
Beveren (Sint-Niklaas),46003,2020-04-14,1,67
Beveren (Sint-Niklaas),46003,2020-04-15,8,75
Beveren (Sint-Niklaas),46003,2020-04-16,2,77
Beveren (Sint-Niklaas),46003,2020-04-17,2,79
Beveren (Sint-Niklaas),46003,2020-04-18,2,81
Beveren (Sint-Niklaas),46003,2020-04-19,1,82
Beveren (Sint-Niklaas),46003,2020-04-20,1,83
Beveren (Sint-Niklaas),46003,2020-04-21,0,83
Beveren (Sint-Niklaas),46003,2020-04-22,1,84
Beveren (Sint-Niklaas),46003,2020-04-23,1,85
Beveren (Sint-Niklaas),46003,2020-04-24,3,88
Beveren (Sint-Niklaas),46003,2020-04-25,1,89
Beveren (Sint-Niklaas),46003,2020-04-26,1,90
Beveren (Sint-Niklaas),46003,2020-04-27,2,92
Beveren (Sint-Niklaas),46003,2020-04-28,0,92
Beveren (Sint-Niklaas),46003,2020-04-29,1,93
Beveren (Sint-Niklaas),46003,2020-04-30,2,95
Beveren (Sint-Niklaas),46003,2020-05-01,1,96
Beveren (Sint-Niklaas),46003,2020-05-02,1,97
Beveren (Sint-Niklaas),46003,2020-05-03,0,97
Beveren (Sint-Niklaas),46003,2020-05-04,2,99
Beveren (Sint-Niklaas),46003,2020-05-05,0,99
Beveren (Sint-Niklaas),46003,2020-05-06,0,99
Beveren (Sint-Niklaas),46003,2020-05-07,0,99
Beveren (Sint-Niklaas),46003,2020-05-08,0,99
Beveren (Sint-Niklaas),46003,2020-05-09,2,101
Beveren (Sint-Niklaas),46003,2020-05-10,2,103
Beveren (Sint-Niklaas),46003,2020-05-11,0,103
Beveren (Sint-Niklaas),46003,2020-05-12,1,104
Beveren (Sint-Niklaas),46003,2020-05-13,0,104
Beveren (Sint-Niklaas),46003,2020-05-14,0,104
Beveren (Sint-Niklaas),46003,2020-05-15,1,105
Beveren (Sint-Niklaas),46003,2020-05-16,1,106
Beveren (Sint-Niklaas),46003,2020-05-17,0,106
Beveren (Sint-Niklaas),46003,2020-05-18,3,109
Beveren (Sint-Niklaas),46003,2020-05-19,0,109
Beveren (Sint-Niklaas),46003,2020-05-20,2,111
Beveren (Sint-Niklaas),46003,2020-05-21,1,112
Beveren (Sint-Niklaas),46003,2020-05-22,1,113
Beveren (Sint-Niklaas),46003,2020-05-23,5,118
Beveren (Sint-Niklaas),46003,2020-05-24,4,122
Beveren (Sint-Niklaas),46003,2020-05-25,1,123
Beveren (Sint-Niklaas),46003,2020-05-26,0,123
Beveren (Sint-Niklaas),46003,2020-05-27,0,123
Beveren (Sint-Niklaas),46003,2020-05-28,19,142
Beveren (Sint-Niklaas),46003,2020-05-29,1,143
Beveren (Sint-Niklaas),46003,2020-05-30,1,144
Beveren (Sint-Niklaas),46003,2020-05-31,1,145
Beveren (Sint-Niklaas),46003,2020-06-01,1,146
Beveren (Sint-Niklaas),46003,2020-06-02,0,146
Beveren (Sint-Niklaas),46003,2020-06-03,2,148
Beveren (Sint-Niklaas),46003,2020-06-04,0,148
Beveren (Sint-Niklaas),46003,2020-06-05,0,148
Beveren (Sint-Niklaas),46003,2020-06-06,0,148
Beveren (Sint-Niklaas),46003,2020-06-07,1,149
Beveren (Sint-Niklaas),46003,2020-06-08,0,149
Beveren (Sint-Niklaas),46003,2020-06-09,0,149
Beveren (Sint-Niklaas),46003,2020-06-10,0,149
Beveren (Sint-Niklaas),46003,2020-06-11,0,149
Beveren (Sint-Niklaas),46003,2020-06-12,0,149
Beveren (Sint-Niklaas),46003,2020-06-13,0,149
Beveren (Sint-Niklaas),46003,2020-06-14,0,149
Beveren (Sint-Niklaas),46003,2020-06-15,0,149
Beveren (Sint-Niklaas),46003,2020-06-16,0,149
Beveren (Sint-Niklaas),46003,2020-06-17,0,149
Beveren (Sint-Niklaas),46003,2020-06-18,0,149
Beveren (Sint-Niklaas),46003,2020-06-19,0,149
Beveren (Sint-Niklaas),46003,2020-06-20,0,149
Beveren (Sint-Niklaas),46003,2020-06-23,0,149
Beveren (Sint-Niklaas),46003,2020-06-24,0,149
Beveren (Sint-Niklaas),46003,2020-06-25,1,150
Beveren (Sint-Niklaas),46003,2020-06-26,0,150
Beveren (Sint-Niklaas),46003,2020-06-27,1,151
Beveren (Sint-Niklaas),46003,2020-06-30,1,152
Beveren (Sint-Niklaas),46003,2020-07-01,0,152
Beveren (Sint-Niklaas),46003,2020-07-02,0,152
Beveren (Sint-Niklaas),46003,2020-07-03,1,153
Beveren (Sint-Niklaas),46003,2020-07-04,2,155
Beveren (Sint-Niklaas),46003,2020-07-07,1,156
Beveren (Sint-Niklaas),46003,2020-07-08,0,156
Beveren (Sint-Niklaas),46003,2020-07-09,0,156
Beveren (Sint-Niklaas),46003,2020-07-10,0,156
Beveren (Sint-Niklaas),46003,2020-07-11,2,158
Beveren (Sint-Niklaas),46003,2020-07-14,0,158
Beveren (Sint-Niklaas),46003,2020-07-15,0,158
Beveren (Sint-Niklaas),46003,2020-07-16,2,160
Beveren (Sint-Niklaas),46003,2020-07-17,0,160
Beveren (Sint-Niklaas),46003,2020-07-18,1,161
Beveren (Sint-Niklaas),46003,2020-07-20,1,162
Beveren (Sint-Niklaas),46003,2020-07-21,0,162
Beveren (Sint-Niklaas),46003,2020-07-22,0,162
Beveren (Sint-Niklaas),46003,2020-07-23,1,163
Beveren (Sint-Niklaas),46003,2020-07-24,0,163
Beveren (Sint-Niklaas),46003,2020-07-25,2,165
Beveren (Sint-Niklaas),46003,2020-07-26,2,167
Beveren (Sint-Niklaas),46003,2020-07-27,0,167
Beveren (Sint-Niklaas),46003,2020-07-28,1,168
Beveren (Sint-Niklaas),46003,2020-07-29,0,168
Beveren (Sint-Niklaas),46003,2020-07-30,2,170
Beveren (Sint-Niklaas),46003,2020-07-31,3,173
Beveren (Sint-Niklaas),46003,2020-08-01,1,174
Beveren (Sint-Niklaas),46003,2020-08-02,2,176
Beveren (Sint-Niklaas),46003,2020-08-03,1,177
Beveren (Sint-Niklaas),46003,2020-08-04,4,181
Beveren (Sint-Niklaas),46003,2020-08-05,0,181
Beveren (Sint-Niklaas),46003,2020-08-06,4,185
Beveren (Sint-Niklaas),46003,2020-08-07,3,188
Beveren (Sint-Niklaas),46003,2020-08-08,0,188
Beveren (Sint-Niklaas),46003,2020-08-09,2,190
Beveren (Sint-Niklaas),46003,2020-08-10,2,192
Beveren (Sint-Niklaas),46003,2020-08-11,-1,191
Beveren (Sint-Niklaas),46003,2020-08-12,1,192
Beveren (Sint-Niklaas),46003,2020-08-13,0,192
Beveren (Sint-Niklaas),46003,2020-08-14,-1,191
Beveren (Sint-Niklaas),46003,2020-08-15,2,193
Beveren (Sint-Niklaas),46003,2020-08-16,1,194
Beveren (Sint-Niklaas),46003,2020-08-17,1,195
Beveren (Sint-Niklaas),46003,2020-08-18,0,195
Beveren (Sint-Niklaas),46003,2020-08-19,0,195
Beveren (Sint-Niklaas),46003,2020-08-20,2,197
Beveren (Sint-Niklaas),46003,2020-08-21,0,197
Beveren (Sint-Niklaas),46003,2020-08-22,5,202
Beveren (Sint-Niklaas),46003,2020-08-23,3,205
Beveren (Sint-Niklaas),46003,2020-08-24,4,209
Beveren (Sint-Niklaas),46003,2020-08-25,0,209
Beveren (Sint-Niklaas),46003,2020-08-26,0,209
Beveren (Sint-Niklaas),46003,2020-08-27,1,210
Beveren (Sint-Niklaas),46003,2020-08-28,0,210
Beveren (Sint-Niklaas),46003,2020-08-29,1,211
Beveren (Sint-Niklaas),46003,2020-08-30,4,215
Beveren (Sint-Niklaas),46003,2020-08-31,0,215
Beveren (Sint-Niklaas),46003,2020-09-01,2,217
Beveren (Sint-Niklaas),46003,2020-09-02,1,218
Beveren (Sint-Niklaas),46003,2020-09-03,2,220
Beveren (Sint-Niklaas),46003,2020-09-04,4,224
Beveren (Sint-Niklaas),46003,2020-09-05,1,225
Beveren (Sint-Niklaas),46003,2020-09-06,5,230
Beveren (Sint-Niklaas),46003,2020-09-07,2,232
Beveren (Sint-Niklaas),46003,2020-09-08,0,232
Beveren (Sint-Niklaas),46003,2020-09-09,1,233
Beveren (Sint-Niklaas),46003,2020-09-10,2,235
Beveren (Sint-Niklaas),46003,2020-09-11,2,237
Beveren (Sint-Niklaas),46003,2020-09-12,3,240
Beveren (Sint-Niklaas),46003,2020-09-13,6,246
Beveren (Sint-Niklaas),46003,2020-09-14,5,251
Beveren (Sint-Niklaas),46003,2020-09-15,8,259
Beveren (Sint-Niklaas),46003,2020-09-16,1,260
Beveren (Sint-Niklaas),46003,2020-09-17,1,261
Beveren (Sint-Niklaas),46003,2020-09-18,3,264
Beveren (Sint-Niklaas),46003,2020-09-19,1,265
Beveren (Sint-Niklaas),46003,2020-09-20,5,270
Beveren (Sint-Niklaas),46003,2020-09-21,7,277
Beveren (Sint-Niklaas),46003,2020-09-22,1,278
Beveren (Sint-Niklaas),46003,2020-09-23,4,282
Beveren (Sint-Niklaas),46003,2020-09-24,4,286
Beveren (Sint-Niklaas),46003,2020-09-25,3,289
Beveren (Sint-Niklaas),46003,2020-09-26,4,293
Beveren (Sint-Niklaas),46003,2020-09-27,7,300
Beveren (Sint-Niklaas),46003,2020-09-28,3,303
Beveren (Sint-Niklaas),46003,2020-09-29,1,304
Beveren (Sint-Niklaas),46003,2020-09-30,3,307
Beveren (Sint-Niklaas),46003,2020-10-01,9,316
Beveren (Sint-Niklaas),46003,2020-10-02,6,322
Beveren (Sint-Niklaas),46003,2020-10-03,9,331
Beveren (Sint-Niklaas),46003,2020-10-04,8,339
Beveren (Sint-Niklaas),46003,2020-10-05,5,344
Beveren (Sint-Niklaas),46003,2020-10-06,2,346
Beveren (Sint-Niklaas),46003,2020-10-07,6,352
Beveren (Sint-Niklaas),46003,2020-10-08,20,372
Beveren (Sint-Niklaas),46003,2020-10-09,15,387
Beveren (Sint-Niklaas),46003,2020-10-10,15,402
Beveren (Sint-Niklaas),46003,2020-10-11,25,427
Beveren (Sint-Niklaas),46003,2020-10-12,16,443
Beveren (Sint-Niklaas),46003,2020-10-13,14,457
Beveren (Sint-Niklaas),46003,2020-10-14,20,477
Beveren (Sint-Niklaas),46003,2020-10-15,24,501
Beveren (Sint-Niklaas),46003,2020-10-16,41,542
Beveren (Sint-Niklaas),46003,2020-10-17,33,575
Beveren (Sint-Niklaas),46003,2020-10-18,34,609
Beveren (Sint-Niklaas),46003,2020-10-19,29,638
Beveren (Sint-Niklaas),46003,2020-10-20,31,669
Beveren (Sint-Niklaas),46003,2020-10-21,34,703
Beveren (Sint-Niklaas),46003,2020-10-22,43,746
Beveren (Sint-Niklaas),46003,2020-10-23,55,801
Beveren (Sint-Niklaas),46003,2020-10-24,38,839
Beveren (Sint-Niklaas),46003,2020-10-25,54,893
Beveren (Sint-Niklaas),46003,2020-10-26,73,966
Beveren (Sint-Niklaas),46003,2020-10-27,83,1049
Beveren (Sint-Niklaas),46003,2020-10-28,58,1107
Beveren (Sint-Niklaas),46003,2020-10-29,74,1181
Beveren (Sint-Niklaas),46003,2020-10-30,79,1260
Beveren (Sint-Niklaas),46003,2020-10-31,68,1328
Beveren (Sint-Niklaas),46003,2020-11-01,57,1385
Beveren (Sint-Niklaas),46003,2020-11-02,39,1424
Beveren (Sint-Niklaas),46003,2020-11-03,23,1447
Beveren (Sint-Niklaas),46003,2020-11-04,18,1465
Beveren (Sint-Niklaas),46003,2020-11-05,37,1502
Beveren (Sint-Niklaas),46003,2020-11-06,25,1527
Beveren (Sint-Niklaas),46003,2020-11-07,29,1556
Beveren (Sint-Niklaas),46003,2020-11-08,15,1571
Beveren (Sint-Niklaas),46003,2020-11-09,24,1595
Beveren (Sint-Niklaas),46003,2020-11-10,9,1604
Beveren (Sint-Niklaas),46003,2020-11-11,15,1619
Kruibeke,46013,2020-04-01,1,17
Kruibeke,46013,2020-04-02,3,20
Kruibeke,46013,2020-04-03,3,23
Kruibeke,46013,2020-04-04,0,23
Kruibeke,46013,2020-04-05,4,27
Kruibeke,46013,2020-04-06,0,27
Kruibeke,46013,2020-04-07,1,28
Kruibeke,46013,2020-04-08,0,28
Kruibeke,46013,2020-04-09,1,29
Kruibeke,46013,2020-04-10,1,30
Kruibeke,46013,2020-04-11,0,30
Kruibeke,46013,2020-04-12,0,30
Kruibeke,46013,2020-04-13,2,32
Kruibeke,46013,2020-04-14,0,32
Kruibeke,46013,2020-04-15,2,34
Kruibeke,46013,2020-04-16,0,34
Kruibeke,46013,2020-04-17,0,34
Kruibeke,46013,2020-04-18,2,36
Kruibeke,46013,2020-04-19,1,37
Kruibeke,46013,2020-04-20,1,38
Kruibeke,46013,2020-04-21,0,38
Kruibeke,46013,2020-04-22,1,39
Kruibeke,46013,2020-04-23,0,39
Kruibeke,46013,2020-04-24,1,40
Kruibeke,46013,2020-04-25,0,40
Kruibeke,46013,2020-04-26,2,42
Kruibeke,46013,2020-04-27,0,42
Kruibeke,46013,2020-04-28,0,42
Kruibeke,46013,2020-04-29,1,43
Kruibeke,46013,2020-04-30,0,43
Kruibeke,46013,2020-05-01,0,43
Kruibeke,46013,2020-05-02,0,43
Kruibeke,46013,2020-05-03,0,43
Kruibeke,46013,2020-05-04,0,43
Kruibeke,46013,2020-05-05,0,43
Kruibeke,46013,2020-05-06,0,43
Kruibeke,46013,2020-05-07,1,44
Kruibeke,46013,2020-05-08,1,45
Kruibeke,46013,2020-05-09,0,45
Kruibeke,46013,2020-05-10,0,45
Kruibeke,46013,2020-05-11,1,46
Kruibeke,46013,2020-05-12,0,46
Kruibeke,46013,2020-05-13,0,46
Kruibeke,46013,2020-05-14,0,46
Kruibeke,46013,2020-05-15,0,46
Kruibeke,46013,2020-05-16,0,46
Kruibeke,46013,2020-05-17,0,46
Kruibeke,46013,2020-05-18,0,46
Kruibeke,46013,2020-05-19,1,47
Kruibeke,46013,2020-05-20,0,47
Kruibeke,46013,2020-05-21,0,47
Kruibeke,46013,2020-05-22,0,47
Kruibeke,46013,2020-05-23,2,49
Kruibeke,46013,2020-05-24,0,49
Kruibeke,46013,2020-05-25,0,49
Kruibeke,46013,2020-05-26,0,49
Kruibeke,46013,2020-05-27,0,49
Kruibeke,46013,2020-05-28,1,50
Kruibeke,46013,2020-05-29,0,50
Kruibeke,46013,2020-05-30,0,50
Kruibeke,46013,2020-05-31,0,50
Kruibeke,46013,2020-06-01,1,51
Kruibeke,46013,2020-06-02,0,51
Kruibeke,46013,2020-06-03,0,51
Kruibeke,46013,2020-06-04,0,51
Kruibeke,46013,2020-06-05,0,51
Kruibeke,46013,2020-06-06,0,51
Kruibeke,46013,2020-06-07,1,52
Kruibeke,46013,2020-06-08,0,52
Kruibeke,46013,2020-06-09,1,53
Kruibeke,46013,2020-06-10,0,53
Kruibeke,46013,2020-06-11,1,54
Kruibeke,46013,2020-06-12,0,54
Kruibeke,46013,2020-06-13,0,54
Kruibeke,46013,2020-06-14,0,54
Kruibeke,46013,2020-06-15,0,54
Kruibeke,46013,2020-06-16,0,54
Kruibeke,46013,2020-06-17,0,54
Kruibeke,46013,2020-06-18,0,54
Kruibeke,46013,2020-06-19,1,55
Kruibeke,46013,2020-06-20,1,56
Kruibeke,46013,2020-06-23,0,56
Kruibeke,46013,2020-06-24,0,56
Kruibeke,46013,2020-06-25,0,56
Kruibeke,46013,2020-06-26,0,56
Kruibeke,46013,2020-06-27,1,57
Kruibeke,46013,2020-06-30,1,58
Kruibeke,46013,2020-07-01,0,58
Kruibeke,46013,2020-07-02,0,58
Kruibeke,46013,2020-07-03,1,59
Kruibeke,46013,2020-07-04,0,59
Kruibeke,46013,2020-07-07,1,60
Kruibeke,46013,2020-07-08,0,60
Kruibeke,46013,2020-07-09,0,60
Kruibeke,46013,2020-07-10,0,60
Kruibeke,46013,2020-07-11,0,60
Kruibeke,46013,2020-07-14,0,60
Kruibeke,46013,2020-07-15,0,60
Kruibeke,46013,2020-07-16,1,61
Kruibeke,46013,2020-07-17,1,62
Kruibeke,46013,2020-07-18,0,62
Kruibeke,46013,2020-07-20,1,63
Kruibeke,46013,2020-07-21,0,63
Kruibeke,46013,2020-07-22,0,63
Kruibeke,46013,2020-07-23,1,64
Kruibeke,46013,2020-07-24,0,64
Kruibeke,46013,2020-07-25,0,64
Kruibeke,46013,2020-07-26,1,65
Kruibeke,46013,2020-07-27,0,65
Kruibeke,46013,2020-07-28,0,65
Kruibeke,46013,2020-07-29,0,65
Kruibeke,46013,2020-07-30,0,65
Kruibeke,46013,2020-07-31,0,65
Kruibeke,46013,2020-08-01,0,65
Kruibeke,46013,2020-08-02,0,65
Kruibeke,46013,2020-08-03,1,66
Kruibeke,46013,2020-08-04,0,66
Kruibeke,46013,2020-08-05,0,66
Kruibeke,46013,2020-08-06,0,66
Kruibeke,46013,2020-08-07,0,66
Kruibeke,46013,2020-08-08,0,66
Kruibeke,46013,2020-08-09,1,67
Kruibeke,46013,2020-08-10,0,67
Kruibeke,46013,2020-08-11,1,68
Kruibeke,46013,2020-08-12,1,69
Kruibeke,46013,2020-08-13,0,69
Kruibeke,46013,2020-08-14,-1,68
Kruibeke,46013,2020-08-15,3,71
Kruibeke,46013,2020-08-16,0,71
Kruibeke,46013,2020-08-17,0,71
Kruibeke,46013,2020-08-18,3,74
Kruibeke,46013,2020-08-19,0,74
Kruibeke,46013,2020-08-20,0,74
Kruibeke,46013,2020-08-21,1,75
Kruibeke,46013,2020-08-22,0,75
Kruibeke,46013,2020-08-23,0,75
Kruibeke,46013,2020-08-24,0,75
Kruibeke,46013,2020-08-25,0,75
Kruibeke,46013,2020-08-26,1,76
Kruibeke,46013,2020-08-27,0,76
Kruibeke,46013,2020-08-28,1,77
Kruibeke,46013,2020-08-29,0,77
Kruibeke,46013,2020-08-30,0,77
Kruibeke,46013,2020-08-31,0,77
Kruibeke,46013,2020-09-01,1,78
Kruibeke,46013,2020-09-02,0,78
Kruibeke,46013,2020-09-03,0,78
Kruibeke,46013,2020-09-04,1,79
Kruibeke,46013,2020-09-05,0,79
Kruibeke,46013,2020-09-06,0,79
Kruibeke,46013,2020-09-07,1,80
Kruibeke,46013,2020-09-08,0,80
Kruibeke,46013,2020-09-09,0,80
Kruibeke,46013,2020-09-10,1,81
Kruibeke,46013,2020-09-11,2,83
Kruibeke,46013,2020-09-12,2,85
Kruibeke,46013,2020-09-13,1,86
Kruibeke,46013,2020-09-14,3,89
Kruibeke,46013,2020-09-15,1,90
Kruibeke,46013,2020-09-16,0,90
Kruibeke,46013,2020-09-17,2,92
Kruibeke,46013,2020-09-18,0,92
Kruibeke,46013,2020-09-19,3,95
Kruibeke,46013,2020-09-20,0,95
Kruibeke,46013,2020-09-21,4,99
Kruibeke,46013,2020-09-22,1,100
Kruibeke,46013,2020-09-23,2,102
Kruibeke,46013,2020-09-24,3,105
Kruibeke,46013,2020-09-25,7,112
Kruibeke,46013,2020-09-26,4,116
Kruibeke,46013,2020-09-27,1,117
Kruibeke,46013,2020-09-28,5,122
Kruibeke,46013,2020-09-29,0,122
Kruibeke,46013,2020-09-30,4,126
Kruibeke,46013,2020-10-01,2,128
Kruibeke,46013,2020-10-02,4,132
Kruibeke,46013,2020-10-03,2,134
Kruibeke,46013,2020-10-04,3,137
Kruibeke,46013,2020-10-05,3,140
Kruibeke,46013,2020-10-06,2,142
Kruibeke,46013,2020-10-07,2,144
Kruibeke,46013,2020-10-08,4,148
Kruibeke,46013,2020-10-09,0,148
Kruibeke,46013,2020-10-10,5,153
Kruibeke,46013,2020-10-11,3,156
Kruibeke,46013,2020-10-12,6,162
Kruibeke,46013,2020-10-13,1,163
Kruibeke,46013,2020-10-14,6,169
Kruibeke,46013,2020-10-15,4,173
Kruibeke,46013,2020-10-16,8,181
Kruibeke,46013,2020-10-17,7,188
Kruibeke,46013,2020-10-18,6,194
Kruibeke,46013,2020-10-19,2,196
Kruibeke,46013,2020-10-20,8,204
Kruibeke,46013,2020-10-21,12,216
Kruibeke,46013,2020-10-22,8,224
Kruibeke,46013,2020-10-23,16,240
Kruibeke,46013,2020-10-24,16,256
Kruibeke,46013,2020-10-25,23,279
Kruibeke,46013,2020-10-26,13,292
Kruibeke,46013,2020-10-27,18,310
Kruibeke,46013,2020-10-28,21,331
Kruibeke,46013,2020-10-29,23,354
Kruibeke,46013,2020-10-30,20,374
Kruibeke,46013,2020-10-31,25,399
Kruibeke,46013,2020-11-01,15,414
Kruibeke,46013,2020-11-02,12,426
Kruibeke,46013,2020-11-03,1,427
Kruibeke,46013,2020-11-04,7,434
Kruibeke,46013,2020-11-05,20,454
Kruibeke,46013,2020-11-06,17,471
Kruibeke,46013,2020-11-07,11,482
Kruibeke,46013,2020-11-08,3,485
Kruibeke,46013,2020-11-09,12,497
Kruibeke,46013,2020-11-10,1,498
Kruibeke,46013,2020-11-11,3,501
Lokeren,46014,2020-04-01,1,55
Lokeren,46014,2020-04-02,10,65
Lokeren,46014,2020-04-03,6,71
Lokeren,46014,2020-04-04,4,75
Lokeren,46014,2020-04-05,10,85
Lokeren,46014,2020-04-06,6,91
Lokeren,46014,2020-04-07,4,95
Lokeren,46014,2020-04-08,1,96
Lokeren,46014,2020-04-09,22,118
Lokeren,46014,2020-04-10,9,127
Lokeren,46014,2020-04-11,2,129
Lokeren,46014,2020-04-12,6,135
Lokeren,46014,2020-04-13,5,140
Lokeren,46014,2020-04-14,1,141
Lokeren,46014,2020-04-15,6,147
Lokeren,46014,2020-04-16,0,147
Lokeren,46014,2020-04-17,8,155
Lokeren,46014,2020-04-18,4,159
Lokeren,46014,2020-04-19,9,168
Lokeren,46014,2020-04-20,6,174
Lokeren,46014,2020-04-21,22,196
Lokeren,46014,2020-04-22,16,212
Lokeren,46014,2020-04-23,3,215
Lokeren,46014,2020-04-24,4,219
Lokeren,46014,2020-04-25,3,222
Lokeren,46014,2020-04-26,1,223
Lokeren,46014,2020-04-27,1,224
Lokeren,46014,2020-04-28,1,225
Lokeren,46014,2020-04-29,2,227
Lokeren,46014,2020-04-30,1,228
Lokeren,46014,2020-05-01,3,231
Lokeren,46014,2020-05-02,3,234
Lokeren,46014,2020-05-03,0,234
Lokeren,46014,2020-05-04,0,234
Lokeren,46014,2020-05-05,0,234
Lokeren,46014,2020-05-06,2,236
Lokeren,46014,2020-05-07,0,236
Lokeren,46014,2020-05-08,4,240
Lokeren,46014,2020-05-09,4,244
Lokeren,46014,2020-05-10,3,247
Lokeren,46014,2020-05-11,3,250
Lokeren,46014,2020-05-12,2,252
Lokeren,46014,2020-05-13,1,253
Lokeren,46014,2020-05-14,0,253
Lokeren,46014,2020-05-15,0,253
Lokeren,46014,2020-05-16,2,255
Lokeren,46014,2020-05-17,2,257
Lokeren,46014,2020-05-18,2,259
Lokeren,46014,2020-05-19,1,260
Lokeren,46014,2020-05-20,0,260
Lokeren,46014,2020-05-21,0,260
Lokeren,46014,2020-05-22,2,262
Lokeren,46014,2020-05-23,7,269
Lokeren,46014,2020-05-24,2,271
Lokeren,46014,2020-05-25,0,271
Lokeren,46014,2020-05-26,0,271
Lokeren,46014,2020-05-27,0,271
Lokeren,46014,2020-05-28,5,276
Lokeren,46014,2020-05-29,1,277
Lokeren,46014,2020-05-30,0,277
Lokeren,46014,2020-05-31,0,277
Lokeren,46014,2020-06-01,2,279
Lokeren,46014,2020-06-02,1,280
Lokeren,46014,2020-06-03,0,280
Lokeren,46014,2020-06-04,1,281
Lokeren,46014,2020-06-05,0,281
Lokeren,46014,2020-06-06,1,282
Lokeren,46014,2020-06-07,6,288
Lokeren,46014,2020-06-08,2,290
Lokeren,46014,2020-06-09,0,290
Lokeren,46014,2020-06-10,1,291
Lokeren,46014,2020-06-11,0,291
Lokeren,46014,2020-06-12,1,292
Lokeren,46014,2020-06-13,2,294
Lokeren,46014,2020-06-14,0,294
Lokeren,46014,2020-06-15,0,294
Lokeren,46014,2020-06-16,0,294
Lokeren,46014,2020-06-17,0,294
Lokeren,46014,2020-06-18,0,294
Lokeren,46014,2020-06-19,0,294
Lokeren,46014,2020-06-20,0,294
Lokeren,46014,2020-06-23,0,294
Lokeren,46014,2020-06-24,0,294
Lokeren,46014,2020-06-25,1,295
Lokeren,46014,2020-06-26,0,295
Lokeren,46014,2020-06-27,0,295
Lokeren,46014,2020-06-30,0,295
Lokeren,46014,2020-07-01,0,295
Lokeren,46014,2020-07-02,0,295
Lokeren,46014,2020-07-03,0,295
Lokeren,46014,2020-07-04,1,296
Lokeren,46014,2020-07-07,0,296
Lokeren,46014,2020-07-08,1,297
Lokeren,46014,2020-07-09,0,297
Lokeren,46014,2020-07-10,0,297
Lokeren,46014,2020-07-11,1,298
Lokeren,46014,2020-07-14,0,298
Lokeren,46014,2020-07-15,0,298
Lokeren,46014,2020-07-16,0,298
Lokeren,46014,2020-07-17,1,299
Lokeren,46014,2020-07-18,0,299
Lokeren,46014,2020-07-20,0,299
Lokeren,46014,2020-07-21,1,300
Lokeren,46014,2020-07-22,0,300
Lokeren,46014,2020-07-23,0,300
Lokeren,46014,2020-07-24,1,301
Lokeren,46014,2020-07-25,0,301
Lokeren,46014,2020-07-26,5,306
Lokeren,46014,2020-07-27,4,310
Lokeren,46014,2020-07-28,1,311
Lokeren,46014,2020-07-29,3,314
Lokeren,46014,2020-07-30,6,320
Lokeren,46014,2020-07-31,4,324
Lokeren,46014,2020-08-01,12,336
Lokeren,46014,2020-08-02,16,352
Lokeren,46014,2020-08-03,5,357
Lokeren,46014,2020-08-04,4,361
Lokeren,46014,2020-08-05,2,363
Lokeren,46014,2020-08-06,7,370
Lokeren,46014,2020-08-07,8,378
Lokeren,46014,2020-08-08,11,389
Lokeren,46014,2020-08-09,5,394
Lokeren,46014,2020-08-10,6,400
Lokeren,46014,2020-08-11,2,402
Lokeren,46014,2020-08-12,1,403
Lokeren,46014,2020-08-13,8,411
Lokeren,46014,2020-08-14,2,413
Lokeren,46014,2020-08-15,3,416
Lokeren,46014,2020-08-16,2,418
Lokeren,46014,2020-08-17,1,419
Lokeren,46014,2020-08-18,0,419
Lokeren,46014,2020-08-19,3,422
Lokeren,46014,2020-08-20,6,428
Lokeren,46014,2020-08-21,3,431
Lokeren,46014,2020-08-22,3,434
Lokeren,46014,2020-08-23,0,434
Lokeren,46014,2020-08-24,1,435
Lokeren,46014,2020-08-25,1,436
Lokeren,46014,2020-08-26,0,436
Lokeren,46014,2020-08-27,2,438
Lokeren,46014,2020-08-28,2,440
Lokeren,46014,2020-08-29,0,440
Lokeren,46014,2020-08-30,1,441
Lokeren,46014,2020-08-31,1,442
Lokeren,46014,2020-09-01,6,448
Lokeren,46014,2020-09-02,0,448
Lokeren,46014,2020-09-03,0,448
Lokeren,46014,2020-09-04,2,450
Lokeren,46014,2020-09-05,0,450
Lokeren,46014,2020-09-06,0,450
Lokeren,46014,2020-09-07,0,450
Lokeren,46014,2020-09-08,2,452
Lokeren,46014,2020-09-09,1,453
Lokeren,46014,2020-09-10,4,457
Lokeren,46014,2020-09-11,4,461
Lokeren,46014,2020-09-12,4,465
Lokeren,46014,2020-09-13,4,469
Lokeren,46014,2020-09-14,13,482
Lokeren,46014,2020-09-15,4,486
Lokeren,46014,2020-09-16,2,488
Lokeren,46014,2020-09-17,7,495
Lokeren,46014,2020-09-18,3,498
Lokeren,46014,2020-09-19,6,504
Lokeren,46014,2020-09-20,4,508
Lokeren,46014,2020-09-21,8,516
Lokeren,46014,2020-09-22,5,521
Lokeren,46014,2020-09-23,4,525
Lokeren,46014,2020-09-24,2,527
Lokeren,46014,2020-09-25,7,534
Lokeren,46014,2020-09-26,3,537
Lokeren,46014,2020-09-27,5,542
Lokeren,46014,2020-09-28,1,543
Lokeren,46014,2020-09-29,2,545
Lokeren,46014,2020-09-30,3,548
Lokeren,46014,2020-10-01,3,551
Lokeren,46014,2020-10-02,5,556
Lokeren,46014,2020-10-03,6,562
Lokeren,46014,2020-10-04,9,571
Lokeren,46014,2020-10-05,9,580
Lokeren,46014,2020-10-06,7,587
Lokeren,46014,2020-10-07,5,592
Lokeren,46014,2020-10-08,10,602
Lokeren,46014,2020-10-09,24,626
Lokeren,46014,2020-10-10,14,640
Lokeren,46014,2020-10-11,28,668
Lokeren,46014,2020-10-12,10,678
Lokeren,46014,2020-10-13,16,694
Lokeren,46014,2020-10-14,16,710
Lokeren,46014,2020-10-15,20,730
Lokeren,46014,2020-10-16,29,759
Lokeren,46014,2020-10-17,23,782
Lokeren,46014,2020-10-18,24,806
Lokeren,46014,2020-10-19,8,814
Lokeren,46014,2020-10-20,14,828
Lokeren,46014,2020-10-21,16,844
Lokeren,46014,2020-10-22,22,866
Lokeren,46014,2020-10-23,32,898
Lokeren,46014,2020-10-24,27,925
Lokeren,46014,2020-10-25,59,984
Lokeren,46014,2020-10-26,46,1030
Lokeren,46014,2020-10-27,50,1080
Lokeren,46014,2020-10-28,48,1128
Lokeren,46014,2020-10-29,51,1179
Lokeren,46014,2020-10-30,71,1250
Lokeren,46014,2020-10-31,58,1308
Lokeren,46014,2020-11-01,48,1356
Lokeren,46014,2020-11-02,27,1383
Lokeren,46014,2020-11-03,25,1408
Lokeren,46014,2020-11-04,23,1431
Lokeren,46014,2020-11-05,37,1468
Lokeren,46014,2020-11-06,27,1495
Lokeren,46014,2020-11-07,25,1520
Lokeren,46014,2020-11-08,14,1534
Lokeren,46014,2020-11-09,24,1558
Lokeren,46014,2020-11-10,4,1562
Lokeren,46014,2020-11-11,9,1571
Sint-Gillis-Waas,46020,2020-04-01,2,26
Sint-Gillis-Waas,46020,2020-04-02,1,27
Sint-Gillis-Waas,46020,2020-04-03,1,28
Sint-Gillis-Waas,46020,2020-04-04,4,32
Sint-Gillis-Waas,46020,2020-04-05,6,38
Sint-Gillis-Waas,46020,2020-04-06,6,44
Sint-Gillis-Waas,46020,2020-04-07,1,45
Sint-Gillis-Waas,46020,2020-04-08,3,48
Sint-Gillis-Waas,46020,2020-04-09,0,48
Sint-Gillis-Waas,46020,2020-04-10,3,51
Sint-Gillis-Waas,46020,2020-04-11,1,52
Sint-Gillis-Waas,46020,2020-04-12,2,54
Sint-Gillis-Waas,46020,2020-04-13,0,54
Sint-Gillis-Waas,46020,2020-04-14,0,54
Sint-Gillis-Waas,46020,2020-04-15,8,62
Sint-Gillis-Waas,46020,2020-04-16,31,93
Sint-Gillis-Waas,46020,2020-04-17,3,96
Sint-Gillis-Waas,46020,2020-04-18,0,96
Sint-Gillis-Waas,46020,2020-04-19,0,96
Sint-Gillis-Waas,46020,2020-04-20,0,96
Sint-Gillis-Waas,46020,2020-04-21,0,96
Sint-Gillis-Waas,46020,2020-04-22,2,98
Sint-Gillis-Waas,46020,2020-04-23,1,99
Sint-Gillis-Waas,46020,2020-04-24,2,101
Sint-Gillis-Waas,46020,2020-04-25,1,102
Sint-Gillis-Waas,46020,2020-04-26,2,104
Sint-Gillis-Waas,46020,2020-04-27,0,104
Sint-Gillis-Waas,46020,2020-04-28,1,105
Sint-Gillis-Waas,46020,2020-04-29,1,106
Sint-Gillis-Waas,46020,2020-04-30,0,106
Sint-Gillis-Waas,46020,2020-05-01,0,106
Sint-Gillis-Waas,46020,2020-05-02,1,107
Sint-Gillis-Waas,46020,2020-05-03,1,108
Sint-Gillis-Waas,46020,2020-05-04,0,108
Sint-Gillis-Waas,46020,2020-05-05,0,108
Sint-Gillis-Waas,46020,2020-05-06,0,108
Sint-Gillis-Waas,46020,2020-05-07,0,108
Sint-Gillis-Waas,46020,2020-05-08,0,108
Sint-Gillis-Waas,46020,2020-05-09,0,108
Sint-Gillis-Waas,46020,2020-05-10,0,108
Sint-Gillis-Waas,46020,2020-05-11,0,108
Sint-Gillis-Waas,46020,2020-05-12,2,110
Sint-Gillis-Waas,46020,2020-05-13,0,110
Sint-Gillis-Waas,46020,2020-05-14,0,110
Sint-Gillis-Waas,46020,2020-05-15,0,110
Sint-Gillis-Waas,46020,2020-05-16,1,111
Sint-Gillis-Waas,46020,2020-05-17,1,112
Sint-Gillis-Waas,46020,2020-05-18,0,112
Sint-Gillis-Waas,46020,2020-05-19,0,112
Sint-Gillis-Waas,46020,2020-05-20,0,112
Sint-Gillis-Waas,46020,2020-05-21,0,112
Sint-Gillis-Waas,46020,2020-05-22,0,112
Sint-Gillis-Waas,46020,2020-05-23,2,114
Sint-Gillis-Waas,46020,2020-05-24,1,115
Sint-Gillis-Waas,46020,2020-05-25,0,115
Sint-Gillis-Waas,46020,2020-05-26,0,115
Sint-Gillis-Waas,46020,2020-05-27,0,115
Sint-Gillis-Waas,46020,2020-05-28,1,116
Sint-Gillis-Waas,46020,2020-05-29,0,116
Sint-Gillis-Waas,46020,2020-05-30,0,116
Sint-Gillis-Waas,46020,2020-05-31,0,116
Sint-Gillis-Waas,46020,2020-06-01,0,116
Sint-Gillis-Waas,46020,2020-06-02,0,116
Sint-Gillis-Waas,46020,2020-06-03,0,116
Sint-Gillis-Waas,46020,2020-06-04,0,116
Sint-Gillis-Waas,46020,2020-06-05,0,116
Sint-Gillis-Waas,46020,2020-06-06,0,116
Sint-Gillis-Waas,46020,2020-06-07,1,117
Sint-Gillis-Waas,46020,2020-06-08,0,117
Sint-Gillis-Waas,46020,2020-06-09,0,117
Sint-Gillis-Waas,46020,2020-06-10,0,117
Sint-Gillis-Waas,46020,2020-06-11,0,117
Sint-Gillis-Waas,46020,2020-06-12,0,117
Sint-Gillis-Waas,46020,2020-06-13,0,117
Sint-Gillis-Waas,46020,2020-06-14,0,117
Sint-Gillis-Waas,46020,2020-06-15,0,117
Sint-Gillis-Waas,46020,2020-06-16,0,117
Sint-Gillis-Waas,46020,2020-06-17,0,117
Sint-Gillis-Waas,46020,2020-06-18,0,117
Sint-Gillis-Waas,46020,2020-06-19,0,117
Sint-Gillis-Waas,46020,2020-06-20,0,117
Sint-Gillis-Waas,46020,2020-06-23,0,117
Sint-Gillis-Waas,46020,2020-06-24,0,117
Sint-Gillis-Waas,46020,2020-06-25,0,117
Sint-Gillis-Waas,46020,2020-06-26,0,117
Sint-Gillis-Waas,46020,2020-06-27,0,117
Sint-Gillis-Waas,46020,2020-06-30,0,117
Sint-Gillis-Waas,46020,2020-07-01,0,117
Sint-Gillis-Waas,46020,2020-07-02,0,117
Sint-Gillis-Waas,46020,2020-07-03,1,118
Sint-Gillis-Waas,46020,2020-07-04,0,118
Sint-Gillis-Waas,46020,2020-07-07,1,119
Sint-Gillis-Waas,46020,2020-07-08,0,119
Sint-Gillis-Waas,46020,2020-07-09,0,119
Sint-Gillis-Waas,46020,2020-07-10,0,119
Sint-Gillis-Waas,46020,2020-07-11,1,120
Sint-Gillis-Waas,46020,2020-07-14,0,120
Sint-Gillis-Waas,46020,2020-07-15,1,121
Sint-Gillis-Waas,46020,2020-07-16,0,121
Sint-Gillis-Waas,46020,2020-07-17,0,121
Sint-Gillis-Waas,46020,2020-07-18,0,121
Sint-Gillis-Waas,46020,2020-07-20,0,121
Sint-Gillis-Waas,46020,2020-07-21,0,121
Sint-Gillis-Waas,46020,2020-07-22,0,121
Sint-Gillis-Waas,46020,2020-07-23,0,121
Sint-Gillis-Waas,46020,2020-07-24,0,121
Sint-Gillis-Waas,46020,2020-07-25,2,123
Sint-Gillis-Waas,46020,2020-07-26,1,124
Sint-Gillis-Waas,46020,2020-07-27,0,124
Sint-Gillis-Waas,46020,2020-07-28,0,124
Sint-Gillis-Waas,46020,2020-07-29,0,124
Sint-Gillis-Waas,46020,2020-07-30,0,124
Sint-Gillis-Waas,46020,2020-07-31,1,125
Sint-Gillis-Waas,46020,2020-08-01,0,125
Sint-Gillis-Waas,46020,2020-08-02,0,125
Sint-Gillis-Waas,46020,2020-08-03,0,125
Sint-Gillis-Waas,46020,2020-08-04,2,127
Sint-Gillis-Waas,46020,2020-08-05,0,127
Sint-Gillis-Waas,46020,2020-08-06,0,127
Sint-Gillis-Waas,46020,2020-08-07,1,128
Sint-Gillis-Waas,46020,2020-08-08,1,129
Sint-Gillis-Waas,46020,2020-08-09,0,129
Sint-Gillis-Waas,46020,2020-08-10,1,130
Sint-Gillis-Waas,46020,2020-08-11,0,130
Sint-Gillis-Waas,46020,2020-08-12,0,130
Sint-Gillis-Waas,46020,2020-08-13,1,131
Sint-Gillis-Waas,46020,2020-08-14,0,131
Sint-Gillis-Waas,46020,2020-08-15,1,132
Sint-Gillis-Waas,46020,2020-08-16,1,133
Sint-Gillis-Waas,46020,2020-08-17,0,133
Sint-Gillis-Waas,46020,2020-08-18,0,133
Sint-Gillis-Waas,46020,2020-08-19,0,133
Sint-Gillis-Waas,46020,2020-08-20,6,139
Sint-Gillis-Waas,46020,2020-08-21,0,139
Sint-Gillis-Waas,46020,2020-08-22,1,140
Sint-Gillis-Waas,46020,2020-08-23,2,142
Sint-Gillis-Waas,46020,2020-08-24,0,142
Sint-Gillis-Waas,46020,2020-08-25,0,142
Sint-Gillis-Waas,46020,2020-08-26,0,142
Sint-Gillis-Waas,46020,2020-08-27,1,143
Sint-Gillis-Waas,46020,2020-08-28,0,143
Sint-Gillis-Waas,46020,2020-08-29,0,143
Sint-Gillis-Waas,46020,2020-08-30,0,143
Sint-Gillis-Waas,46020,2020-08-31,0,143
Sint-Gillis-Waas,46020,2020-09-01,0,143
Sint-Gillis-Waas,46020,2020-09-02,1,144
Sint-Gillis-Waas,46020,2020-09-03,0,144
Sint-Gillis-Waas,46020,2020-09-04,0,144
Sint-Gillis-Waas,46020,2020-09-05,0,144
Sint-Gillis-Waas,46020,2020-09-06,1,145
Sint-Gillis-Waas,46020,2020-09-07,1,146
Sint-Gillis-Waas,46020,2020-09-08,0,146
Sint-Gillis-Waas,46020,2020-09-09,0,146
Sint-Gillis-Waas,46020,2020-09-10,0,146
Sint-Gillis-Waas,46020,2020-09-11,1,147
Sint-Gillis-Waas,46020,2020-09-12,0,147
Sint-Gillis-Waas,46020,2020-09-13,1,148
Sint-Gillis-Waas,46020,2020-09-14,0,148
Sint-Gillis-Waas,46020,2020-09-15,0,148
Sint-Gillis-Waas,46020,2020-09-16,0,148
Sint-Gillis-Waas,46020,2020-09-17,0,148
Sint-Gillis-Waas,46020,2020-09-18,1,149
Sint-Gillis-Waas,46020,2020-09-19,0,149
Sint-Gillis-Waas,46020,2020-09-20,0,149
Sint-Gillis-Waas,46020,2020-09-21,3,152
Sint-Gillis-Waas,46020,2020-09-22,1,153
Sint-Gillis-Waas,46020,2020-09-23,2,155
Sint-Gillis-Waas,46020,2020-09-24,1,156
Sint-Gillis-Waas,46020,2020-09-25,0,156
Sint-Gillis-Waas,46020,2020-09-26,1,157
Sint-Gillis-Waas,46020,2020-09-27,3,160
Sint-Gillis-Waas,46020,2020-09-28,0,160
Sint-Gillis-Waas,46020,2020-09-29,0,160
Sint-Gillis-Waas,46020,2020-09-30,3,163
Sint-Gillis-Waas,46020,2020-10-01,0,163
Sint-Gillis-Waas,46020,2020-10-02,0,163
Sint-Gillis-Waas,46020,2020-10-03,2,165
Sint-Gillis-Waas,46020,2020-10-04,6,171
Sint-Gillis-Waas,46020,2020-10-05,4,175
Sint-Gillis-Waas,46020,2020-10-06,2,177
Sint-Gillis-Waas,46020,2020-10-07,0,177
Sint-Gillis-Waas,46020,2020-10-08,2,179
Sint-Gillis-Waas,46020,2020-10-09,4,183
Sint-Gillis-Waas,46020,2020-10-10,5,188
Sint-Gillis-Waas,46020,2020-10-11,6,194
Sint-Gillis-Waas,46020,2020-10-12,6,200
Sint-Gillis-Waas,46020,2020-10-13,4,204
Sint-Gillis-Waas,46020,2020-10-14,9,213
Sint-Gillis-Waas,46020,2020-10-15,8,221
Sint-Gillis-Waas,46020,2020-10-16,17,238
Sint-Gillis-Waas,46020,2020-10-17,9,247
Sint-Gillis-Waas,46020,2020-10-18,25,272
Sint-Gillis-Waas,46020,2020-10-19,21,293
Sint-Gillis-Waas,46020,2020-10-20,26,319
Sint-Gillis-Waas,46020,2020-10-21,32,351
Sint-Gillis-Waas,46020,2020-10-22,28,379
Sint-Gillis-Waas,46020,2020-10-23,30,409
Sint-Gillis-Waas,46020,2020-10-24,35,444
Sint-Gillis-Waas,46020,2020-10-25,26,470
Sint-Gillis-Waas,46020,2020-10-26,33,503
Sint-Gillis-Waas,46020,2020-10-27,42,545
Sint-Gillis-Waas,46020,2020-10-28,20,565
Sint-Gillis-Waas,46020,2020-10-29,25,590
Sint-Gillis-Waas,46020,2020-10-30,29,619
Sint-Gillis-Waas,46020,2020-10-31,24,643
Sint-Gillis-Waas,46020,2020-11-01,31,674
Sint-Gillis-Waas,46020,2020-11-02,17,691
Sint-Gillis-Waas,46020,2020-11-03,8,699
Sint-Gillis-Waas,46020,2020-11-04,22,721
Sint-Gillis-Waas,46020,2020-11-05,30,751
Sint-Gillis-Waas,46020,2020-11-06,15,766
Sint-Gillis-Waas,46020,2020-11-07,9,775
Sint-Gillis-Waas,46020,2020-11-08,3,778
Sint-Gillis-Waas,46020,2020-11-09,12,790
Sint-Gillis-Waas,46020,2020-11-10,3,793
Sint-Gillis-Waas,46020,2020-11-11,8,801
Sint-Niklaas (Sint-Niklaas),46021,2020-04-01,12,86
Sint-Niklaas (Sint-Niklaas),46021,2020-04-02,9,95
Sint-Niklaas (Sint-Niklaas),46021,2020-04-03,16,111
Sint-Niklaas (Sint-Niklaas),46021,2020-04-04,5,116
Sint-Niklaas (Sint-Niklaas),46021,2020-04-05,7,123
Sint-Niklaas (Sint-Niklaas),46021,2020-04-06,9,132
Sint-Niklaas (Sint-Niklaas),46021,2020-04-07,0,132
Sint-Niklaas (Sint-Niklaas),46021,2020-04-08,1,133
Sint-Niklaas (Sint-Niklaas),46021,2020-04-09,6,139
Sint-Niklaas (Sint-Niklaas),46021,2020-04-10,9,148
Sint-Niklaas (Sint-Niklaas),46021,2020-04-11,4,152
Sint-Niklaas (Sint-Niklaas),46021,2020-04-12,12,164
Sint-Niklaas (Sint-Niklaas),46021,2020-04-13,6,170
Sint-Niklaas (Sint-Niklaas),46021,2020-04-14,4,174
Sint-Niklaas (Sint-Niklaas),46021,2020-04-15,29,203
Sint-Niklaas (Sint-Niklaas),46021,2020-04-16,10,213
Sint-Niklaas (Sint-Niklaas),46021,2020-04-17,3,216
Sint-Niklaas (Sint-Niklaas),46021,2020-04-18,5,221
Sint-Niklaas (Sint-Niklaas),46021,2020-04-19,4,225
Sint-Niklaas (Sint-Niklaas),46021,2020-04-20,2,227
Sint-Niklaas (Sint-Niklaas),46021,2020-04-21,4,231
Sint-Niklaas (Sint-Niklaas),46021,2020-04-22,1,232
Sint-Niklaas (Sint-Niklaas),46021,2020-04-23,2,234
Sint-Niklaas (Sint-Niklaas),46021,2020-04-24,3,237
Sint-Niklaas (Sint-Niklaas),46021,2020-04-25,2,239
Sint-Niklaas (Sint-Niklaas),46021,2020-04-26,1,240
Sint-Niklaas (Sint-Niklaas),46021,2020-04-27,2,242
Sint-Niklaas (Sint-Niklaas),46021,2020-04-28,2,244
Sint-Niklaas (Sint-Niklaas),46021,2020-04-29,2,246
Sint-Niklaas (Sint-Niklaas),46021,2020-04-30,4,250
Sint-Niklaas (Sint-Niklaas),46021,2020-05-01,2,252
Sint-Niklaas (Sint-Niklaas),46021,2020-05-02,1,253
Sint-Niklaas (Sint-Niklaas),46021,2020-05-03,1,254
Sint-Niklaas (Sint-Niklaas),46021,2020-05-04,0,254
Sint-Niklaas (Sint-Niklaas),46021,2020-05-05,0,254
Sint-Niklaas (Sint-Niklaas),46021,2020-05-06,1,255
Sint-Niklaas (Sint-Niklaas),46021,2020-05-07,0,255
Sint-Niklaas (Sint-Niklaas),46021,2020-05-08,2,257
Sint-Niklaas (Sint-Niklaas),46021,2020-05-09,0,257
Sint-Niklaas (Sint-Niklaas),46021,2020-05-10,2,259
Sint-Niklaas (Sint-Niklaas),46021,2020-05-11,0,259
Sint-Niklaas (Sint-Niklaas),46021,2020-05-12,0,259
Sint-Niklaas (Sint-Niklaas),46021,2020-05-13,-1,258
Sint-Niklaas (Sint-Niklaas),46021,2020-05-14,0,258
Sint-Niklaas (Sint-Niklaas),46021,2020-05-15,1,259
Sint-Niklaas (Sint-Niklaas),46021,2020-05-16,1,260
Sint-Niklaas (Sint-Niklaas),46021,2020-05-17,1,261
Sint-Niklaas (Sint-Niklaas),46021,2020-05-18,6,267
Sint-Niklaas (Sint-Niklaas),46021,2020-05-19,1,268
Sint-Niklaas (Sint-Niklaas),46021,2020-05-20,3,271
Sint-Niklaas (Sint-Niklaas),46021,2020-05-21,0,271
Sint-Niklaas (Sint-Niklaas),46021,2020-05-22,3,274
Sint-Niklaas (Sint-Niklaas),46021,2020-05-23,7,281
Sint-Niklaas (Sint-Niklaas),46021,2020-05-24,2,283
Sint-Niklaas (Sint-Niklaas),46021,2020-05-25,0,283
Sint-Niklaas (Sint-Niklaas),46021,2020-05-26,0,283
Sint-Niklaas (Sint-Niklaas),46021,2020-05-27,0,283
Sint-Niklaas (Sint-Niklaas),46021,2020-05-28,6,289
Sint-Niklaas (Sint-Niklaas),46021,2020-05-29,0,289
Sint-Niklaas (Sint-Niklaas),46021,2020-05-30,1,290
Sint-Niklaas (Sint-Niklaas),46021,2020-05-31,1,291
Sint-Niklaas (Sint-Niklaas),46021,2020-06-01,0,291
Sint-Niklaas (Sint-Niklaas),46021,2020-06-02,0,291
Sint-Niklaas (Sint-Niklaas),46021,2020-06-03,1,292
Sint-Niklaas (Sint-Niklaas),46021,2020-06-04,0,292
Sint-Niklaas (Sint-Niklaas),46021,2020-06-05,2,294
Sint-Niklaas (Sint-Niklaas),46021,2020-06-06,0,294
Sint-Niklaas (Sint-Niklaas),46021,2020-06-07,3,297
Sint-Niklaas (Sint-Niklaas),46021,2020-06-08,0,297
Sint-Niklaas (Sint-Niklaas),46021,2020-06-09,1,298
Sint-Niklaas (Sint-Niklaas),46021,2020-06-10,0,298
Sint-Niklaas (Sint-Niklaas),46021,2020-06-11,0,298
Sint-Niklaas (Sint-Niklaas),46021,2020-06-12,0,298
Sint-Niklaas (Sint-Niklaas),46021,2020-06-13,0,298
Sint-Niklaas (Sint-Niklaas),46021,2020-06-14,0,298
Sint-Niklaas (Sint-Niklaas),46021,2020-06-15,1,299
Sint-Niklaas (Sint-Niklaas),46021,2020-06-16,1,300
Sint-Niklaas (Sint-Niklaas),46021,2020-06-17,0,300
Sint-Niklaas (Sint-Niklaas),46021,2020-06-18,0,300
Sint-Niklaas (Sint-Niklaas),46021,2020-06-19,3,303
Sint-Niklaas (Sint-Niklaas),46021,2020-06-20,0,303
Sint-Niklaas (Sint-Niklaas),46021,2020-06-23,2,305
Sint-Niklaas (Sint-Niklaas),46021,2020-06-24,0,305
Sint-Niklaas (Sint-Niklaas),46021,2020-06-25,1,306
Sint-Niklaas (Sint-Niklaas),46021,2020-06-26,0,306
Sint-Niklaas (Sint-Niklaas),46021,2020-06-27,1,307
Sint-Niklaas (Sint-Niklaas),46021,2020-06-30,1,308
Sint-Niklaas (Sint-Niklaas),46021,2020-07-01,5,313
Sint-Niklaas (Sint-Niklaas),46021,2020-07-02,1,314
Sint-Niklaas (Sint-Niklaas),46021,2020-07-03,0,314
Sint-Niklaas (Sint-Niklaas),46021,2020-07-04,1,315
Sint-Niklaas (Sint-Niklaas),46021,2020-07-07,2,317
Sint-Niklaas (Sint-Niklaas),46021,2020-07-08,0,317
Sint-Niklaas (Sint-Niklaas),46021,2020-07-09,0,317
Sint-Niklaas (Sint-Niklaas),46021,2020-07-10,1,318
Sint-Niklaas (Sint-Niklaas),46021,2020-07-11,0,318
Sint-Niklaas (Sint-Niklaas),46021,2020-07-14,0,318
Sint-Niklaas (Sint-Niklaas),46021,2020-07-15,0,318
Sint-Niklaas (Sint-Niklaas),46021,2020-07-16,0,318
Sint-Niklaas (Sint-Niklaas),46021,2020-07-17,2,320
Sint-Niklaas (Sint-Niklaas),46021,2020-07-18,1,321
Sint-Niklaas (Sint-Niklaas),46021,2020-07-20,1,322
Sint-Niklaas (Sint-Niklaas),46021,2020-07-21,0,322
Sint-Niklaas (Sint-Niklaas),46021,2020-07-22,0,322
Sint-Niklaas (Sint-Niklaas),46021,2020-07-23,2,324
Sint-Niklaas (Sint-Niklaas),46021,2020-07-24,1,325
Sint-Niklaas (Sint-Niklaas),46021,2020-07-25,5,330
Sint-Niklaas (Sint-Niklaas),46021,2020-07-26,2,332
Sint-Niklaas (Sint-Niklaas),46021,2020-07-27,1,333
Sint-Niklaas (Sint-Niklaas),46021,2020-07-28,2,335
Sint-Niklaas (Sint-Niklaas),46021,2020-07-29,2,337
Sint-Niklaas (Sint-Niklaas),46021,2020-07-30,6,343
Sint-Niklaas (Sint-Niklaas),46021,2020-07-31,6,349
Sint-Niklaas (Sint-Niklaas),46021,2020-08-01,4,353
Sint-Niklaas (Sint-Niklaas),46021,2020-08-02,0,353
Sint-Niklaas (Sint-Niklaas),46021,2020-08-03,8,361
Sint-Niklaas (Sint-Niklaas),46021,2020-08-04,6,367
Sint-Niklaas (Sint-Niklaas),46021,2020-08-05,1,368
Sint-Niklaas (Sint-Niklaas),46021,2020-08-06,7,375
Sint-Niklaas (Sint-Niklaas),46021,2020-08-07,4,379
Sint-Niklaas (Sint-Niklaas),46021,2020-08-08,5,384
Sint-Niklaas (Sint-Niklaas),46021,2020-08-09,3,387
Sint-Niklaas (Sint-Niklaas),46021,2020-08-10,9,396
Sint-Niklaas (Sint-Niklaas),46021,2020-08-11,0,396
Sint-Niklaas (Sint-Niklaas),46021,2020-08-12,2,398
Sint-Niklaas (Sint-Niklaas),46021,2020-08-13,8,406
Sint-Niklaas (Sint-Niklaas),46021,2020-08-14,4,410
Sint-Niklaas (Sint-Niklaas),46021,2020-08-15,3,413
Sint-Niklaas (Sint-Niklaas),46021,2020-08-16,6,419
Sint-Niklaas (Sint-Niklaas),46021,2020-08-17,1,420
Sint-Niklaas (Sint-Niklaas),46021,2020-08-18,0,420
Sint-Niklaas (Sint-Niklaas),46021,2020-08-19,4,424
Sint-Niklaas (Sint-Niklaas),46021,2020-08-20,3,427
Sint-Niklaas (Sint-Niklaas),46021,2020-08-21,2,429
Sint-Niklaas (Sint-Niklaas),46021,2020-08-22,1,430
Sint-Niklaas (Sint-Niklaas),46021,2020-08-23,3,433
Sint-Niklaas (Sint-Niklaas),46021,2020-08-24,1,434
Sint-Niklaas (Sint-Niklaas),46021,2020-08-25,1,435
Sint-Niklaas (Sint-Niklaas),46021,2020-08-26,2,437
Sint-Niklaas (Sint-Niklaas),46021,2020-08-27,5,442
Sint-Niklaas (Sint-Niklaas),46021,2020-08-28,0,442
Sint-Niklaas (Sint-Niklaas),46021,2020-08-29,4,446
Sint-Niklaas (Sint-Niklaas),46021,2020-08-30,1,447
Sint-Niklaas (Sint-Niklaas),46021,2020-08-31,2,449
Sint-Niklaas (Sint-Niklaas),46021,2020-09-01,5,454
Sint-Niklaas (Sint-Niklaas),46021,2020-09-02,4,458
Sint-Niklaas (Sint-Niklaas),46021,2020-09-03,4,462
Sint-Niklaas (Sint-Niklaas),46021,2020-09-04,3,465
Sint-Niklaas (Sint-Niklaas),46021,2020-09-05,4,469
Sint-Niklaas (Sint-Niklaas),46021,2020-09-06,2,471
Sint-Niklaas (Sint-Niklaas),46021,2020-09-07,3,474
Sint-Niklaas (Sint-Niklaas),46021,2020-09-08,0,474
Sint-Niklaas (Sint-Niklaas),46021,2020-09-09,1,475
Sint-Niklaas (Sint-Niklaas),46021,2020-09-10,3,478
Sint-Niklaas (Sint-Niklaas),46021,2020-09-11,7,485
Sint-Niklaas (Sint-Niklaas),46021,2020-09-12,7,492
Sint-Niklaas (Sint-Niklaas),46021,2020-09-13,8,500
Sint-Niklaas (Sint-Niklaas),46021,2020-09-14,4,504
Sint-Niklaas (Sint-Niklaas),46021,2020-09-15,2,506
Sint-Niklaas (Sint-Niklaas),46021,2020-09-16,1,507
Sint-Niklaas (Sint-Niklaas),46021,2020-09-17,4,511
Sint-Niklaas (Sint-Niklaas),46021,2020-09-18,6,517
Sint-Niklaas (Sint-Niklaas),46021,2020-09-19,6,523
Sint-Niklaas (Sint-Niklaas),46021,2020-09-20,-1,522
Sint-Niklaas (Sint-Niklaas),46021,2020-09-21,14,536
Sint-Niklaas (Sint-Niklaas),46021,2020-09-22,5,541
Sint-Niklaas (Sint-Niklaas),46021,2020-09-23,12,553
Sint-Niklaas (Sint-Niklaas),46021,2020-09-24,7,560
Sint-Niklaas (Sint-Niklaas),46021,2020-09-25,17,577
Sint-Niklaas (Sint-Niklaas),46021,2020-09-26,14,591
Sint-Niklaas (Sint-Niklaas),46021,2020-09-27,7,598
Sint-Niklaas (Sint-Niklaas),46021,2020-09-28,12,610
Sint-Niklaas (Sint-Niklaas),46021,2020-09-29,3,613
Sint-Niklaas (Sint-Niklaas),46021,2020-09-30,12,625
Sint-Niklaas (Sint-Niklaas),46021,2020-10-01,5,630
Sint-Niklaas (Sint-Niklaas),46021,2020-10-02,21,651
Sint-Niklaas (Sint-Niklaas),46021,2020-10-03,24,675
Sint-Niklaas (Sint-Niklaas),46021,2020-10-04,19,694
Sint-Niklaas (Sint-Niklaas),46021,2020-10-05,14,708
Sint-Niklaas (Sint-Niklaas),46021,2020-10-06,9,717
Sint-Niklaas (Sint-Niklaas),46021,2020-10-07,23,740
Sint-Niklaas (Sint-Niklaas),46021,2020-10-08,30,770
Sint-Niklaas (Sint-Niklaas),46021,2020-10-09,23,793
Sint-Niklaas (Sint-Niklaas),46021,2020-10-10,30,823
Sint-Niklaas (Sint-Niklaas),46021,2020-10-11,44,867
Sint-Niklaas (Sint-Niklaas),46021,2020-10-12,17,884
Sint-Niklaas (Sint-Niklaas),46021,2020-10-13,15,899
Sint-Niklaas (Sint-Niklaas),46021,2020-10-14,35,934
Sint-Niklaas (Sint-Niklaas),46021,2020-10-15,32,966
Sint-Niklaas (Sint-Niklaas),46021,2020-10-16,33,999
Sint-Niklaas (Sint-Niklaas),46021,2020-10-17,38,1037
Sint-Niklaas (Sint-Niklaas),46021,2020-10-18,34,1071
Sint-Niklaas (Sint-Niklaas),46021,2020-10-19,27,1098
Sint-Niklaas (Sint-Niklaas),46021,2020-10-20,36,1134
Sint-Niklaas (Sint-Niklaas),46021,2020-10-21,57,1191
Sint-Niklaas (Sint-Niklaas),46021,2020-10-22,61,1252
Sint-Niklaas (Sint-Niklaas),46021,2020-10-23,95,1347
Sint-Niklaas (Sint-Niklaas),46021,2020-10-24,60,1407
Sint-Niklaas (Sint-Niklaas),46021,2020-10-25,83,1490
Sint-Niklaas (Sint-Niklaas),46021,2020-10-26,66,1556
Sint-Niklaas (Sint-Niklaas),46021,2020-10-27,97,1653
Sint-Niklaas (Sint-Niklaas),46021,2020-10-28,69,1722
Sint-Niklaas (Sint-Niklaas),46021,2020-10-29,80,1802
Sint-Niklaas (Sint-Niklaas),46021,2020-10-30,73,1875
Sint-Niklaas (Sint-Niklaas),46021,2020-10-31,80,1955
Sint-Niklaas (Sint-Niklaas),46021,2020-11-01,63,2018
Sint-Niklaas (Sint-Niklaas),46021,2020-11-02,57,2075
Sint-Niklaas (Sint-Niklaas),46021,2020-11-03,40,2115
Sint-Niklaas (Sint-Niklaas),46021,2020-11-04,40,2155
Sint-Niklaas (Sint-Niklaas),46021,2020-11-05,62,2217
Sint-Niklaas (Sint-Niklaas),46021,2020-11-06,51,2268
Sint-Niklaas (Sint-Niklaas),46021,2020-11-07,44,2312
Sint-Niklaas (Sint-Niklaas),46021,2020-11-08,53,2365
Sint-Niklaas (Sint-Niklaas),46021,2020-11-09,25,2390
Sint-Niklaas (Sint-Niklaas),46021,2020-11-10,9,2399
Sint-Niklaas (Sint-Niklaas),46021,2020-11-11,24,2423
Stekene,46024,2020-04-01,0,22
Stekene,46024,2020-04-02,6,28
Stekene,46024,2020-04-03,2,30
Stekene,46024,2020-04-04,4,34
Stekene,46024,2020-04-05,1,35
Stekene,46024,2020-04-06,3,38
Stekene,46024,2020-04-07,0,38
Stekene,46024,2020-04-08,0,38
Stekene,46024,2020-04-09,2,40
Stekene,46024,2020-04-10,4,44
Stekene,46024,2020-04-11,2,46
Stekene,46024,2020-04-12,0,46
Stekene,46024,2020-04-13,1,47
Stekene,46024,2020-04-14,0,47
Stekene,46024,2020-04-15,1,48
Stekene,46024,2020-04-16,2,50
Stekene,46024,2020-04-17,3,53
Stekene,46024,2020-04-18,0,53
Stekene,46024,2020-04-19,0,53
Stekene,46024,2020-04-20,0,53
Stekene,46024,2020-04-21,0,53
Stekene,46024,2020-04-22,0,53
Stekene,46024,2020-04-23,1,54
Stekene,46024,2020-04-24,0,54
Stekene,46024,2020-04-25,0,54
Stekene,46024,2020-04-26,0,54
Stekene,46024,2020-04-27,2,56
Stekene,46024,2020-04-28,0,56
Stekene,46024,2020-04-29,0,56
Stekene,46024,2020-04-30,0,56
Stekene,46024,2020-05-01,0,56
Stekene,46024,2020-05-02,1,57
Stekene,46024,2020-05-03,0,57
Stekene,46024,2020-05-04,0,57
Stekene,46024,2020-05-05,1,58
Stekene,46024,2020-05-06,0,58
Stekene,46024,2020-05-07,0,58
Stekene,46024,2020-05-08,0,58
Stekene,46024,2020-05-09,0,58
Stekene,46024,2020-05-10,0,58
Stekene,46024,2020-05-11,1,59
Stekene,46024,2020-05-12,1,60
Stekene,46024,2020-05-13,0,60
Stekene,46024,2020-05-14,0,60
Stekene,46024,2020-05-15,0,60
Stekene,46024,2020-05-16,0,60
Stekene,46024,2020-05-17,0,60
Stekene,46024,2020-05-18,0,60
Stekene,46024,2020-05-19,0,60
Stekene,46024,2020-05-20,0,60
Stekene,46024,2020-05-21,0,60
Stekene,46024,2020-05-22,0,60
Stekene,46024,2020-05-23,0,60
Stekene,46024,2020-05-24,2,62
Stekene,46024,2020-05-25,1,63
Stekene,46024,2020-05-26,1,64
Stekene,46024,2020-05-27,0,64
Stekene,46024,2020-05-28,0,64
Stekene,46024,2020-05-29,0,64
Stekene,46024,2020-05-30,0,64
Stekene,46024,2020-05-31,0,64
Stekene,46024,2020-06-01,0,64
Stekene,46024,2020-06-02,0,64
Stekene,46024,2020-06-03,0,64
Stekene,46024,2020-06-04,0,64
Stekene,46024,2020-06-05,0,64
Stekene,46024,2020-06-06,0,64
Stekene,46024,2020-06-07,1,65
Stekene,46024,2020-06-08,0,65
Stekene,46024,2020-06-09,0,65
Stekene,46024,2020-06-10,0,65
Stekene,46024,2020-06-11,0,65
Stekene,46024,2020-06-12,0,65
Stekene,46024,2020-06-13,0,65
Stekene,46024,2020-06-14,0,65
Stekene,46024,2020-06-15,0,65
Stekene,46024,2020-06-16,0,65
Stekene,46024,2020-06-17,0,65
Stekene,46024,2020-06-18,0,65
Stekene,46024,2020-06-19,0,65
Stekene,46024,2020-06-20,0,65
Stekene,46024,2020-06-23,0,65
Stekene,46024,2020-06-24,0,65
Stekene,46024,2020-06-25,0,65
Stekene,46024,2020-06-26,0,65
Stekene,46024,2020-06-27,0,65
Stekene,46024,2020-06-30,0,65
Stekene,46024,2020-07-01,0,65
Stekene,46024,2020-07-02,1,66
Stekene,46024,2020-07-03,0,66
Stekene,46024,2020-07-04,0,66
Stekene,46024,2020-07-07,0,66
Stekene,46024,2020-07-08,0,66
Stekene,46024,2020-07-09,0,66
Stekene,46024,2020-07-10,1,67
Stekene,46024,2020-07-11,0,67
Stekene,46024,2020-07-14,0,67
Stekene,46024,2020-07-15,0,67
Stekene,46024,2020-07-16,1,68
Stekene,46024,2020-07-17,0,68
Stekene,46024,2020-07-18,0,68
Stekene,46024,2020-07-20,0,68
Stekene,46024,2020-07-21,0,68
Stekene,46024,2020-07-22,0,68
Stekene,46024,2020-07-23,0,68
Stekene,46024,2020-07-24,0,68
Stekene,46024,2020-07-25,0,68
Stekene,46024,2020-07-26,0,68
Stekene,46024,2020-07-27,0,68
Stekene,46024,2020-07-28,0,68
Stekene,46024,2020-07-29,0,68
Stekene,46024,2020-07-30,0,68
Stekene,46024,2020-07-31,0,68
Stekene,46024,2020-08-01,0,68
Stekene,46024,2020-08-02,0,68
Stekene,46024,2020-08-03,1,69
Stekene,46024,2020-08-04,1,70
Stekene,46024,2020-08-05,2,72
Stekene,46024,2020-08-06,0,72
Stekene,46024,2020-08-07,1,73
Stekene,46024,2020-08-08,1,74
Stekene,46024,2020-08-09,1,75
Stekene,46024,2020-08-10,1,76
Stekene,46024,2020-08-11,0,76
Stekene,46024,2020-08-12,1,77
Stekene,46024,2020-08-13,2,79
Stekene,46024,2020-08-14,6,85
Stekene,46024,2020-08-15,0,85
Stekene,46024,2020-08-16,0,85
Stekene,46024,2020-08-17,1,86
Stekene,46024,2020-08-18,0,86
Stekene,46024,2020-08-19,0,86
Stekene,46024,2020-08-20,0,86
Stekene,46024,2020-08-21,0,86
Stekene,46024,2020-08-22,1,87
Stekene,46024,2020-08-23,0,87
Stekene,46024,2020-08-24,0,87
Stekene,46024,2020-08-25,0,87
Stekene,46024,2020-08-26,0,87
Stekene,46024,2020-08-27,0,87
Stekene,46024,2020-08-28,0,87
Stekene,46024,2020-08-29,0,87
Stekene,46024,2020-08-30,0,87
Stekene,46024,2020-08-31,0,87
Stekene,46024,2020-09-01,1,88
Stekene,46024,2020-09-02,0,88
Stekene,46024,2020-09-03,2,90
Stekene,46024,2020-09-04,0,90
Stekene,46024,2020-09-05,1,91
Stekene,46024,2020-09-06,0,91
Stekene,46024,2020-09-07,0,91
Stekene,46024,2020-09-08,0,91
Stekene,46024,2020-09-09,0,91
Stekene,46024,2020-09-10,0,91
Stekene,46024,2020-09-11,1,92
Stekene,46024,2020-09-12,1,93
Stekene,46024,2020-09-13,0,93
Stekene,46024,2020-09-14,3,96
Stekene,46024,2020-09-15,0,96
Stekene,46024,2020-09-16,1,97
Stekene,46024,2020-09-17,2,99
Stekene,46024,2020-09-18,0,99
Stekene,46024,2020-09-19,0,99
Stekene,46024,2020-09-20,1,100
Stekene,46024,2020-09-21,1,101
Stekene,46024,2020-09-22,0,101
Stekene,46024,2020-09-23,5,106
Stekene,46024,2020-09-24,0,106
Stekene,46024,2020-09-25,1,107
Stekene,46024,2020-09-26,1,108
Stekene,46024,2020-09-27,5,113
Stekene,46024,2020-09-28,0,113
Stekene,46024,2020-09-29,0,113
Stekene,46024,2020-09-30,0,113
Stekene,46024,2020-10-01,0,113
Stekene,46024,2020-10-02,0,113
Stekene,46024,2020-10-03,1,114
Stekene,46024,2020-10-04,0,114
Stekene,46024,2020-10-05,0,114
Stekene,46024,2020-10-06,1,115
Stekene,46024,2020-10-07,3,118
Stekene,46024,2020-10-08,3,121
Stekene,46024,2020-10-09,4,125
Stekene,46024,2020-10-10,4,129
Stekene,46024,2020-10-11,10,139
Stekene,46024,2020-10-12,3,142
Stekene,46024,2020-10-13,3,145
Stekene,46024,2020-10-14,4,149
Stekene,46024,2020-10-15,10,159
Stekene,46024,2020-10-16,8,167
Stekene,46024,2020-10-17,7,174
Stekene,46024,2020-10-18,16,190
Stekene,46024,2020-10-19,10,200
Stekene,46024,2020-10-20,10,210
Stekene,46024,2020-10-21,16,226
Stekene,46024,2020-10-22,22,248
Stekene,46024,2020-10-23,30,278
Stekene,46024,2020-10-24,15,293
Stekene,46024,2020-10-25,19,312
Stekene,46024,2020-10-26,16,328
Stekene,46024,2020-10-27,29,357
Stekene,46024,2020-10-28,20,377
Stekene,46024,2020-10-29,27,404
Stekene,46024,2020-10-30,25,429
Stekene,46024,2020-10-31,15,444
Stekene,46024,2020-11-01,22,466
Stekene,46024,2020-11-02,14,480
Stekene,46024,2020-11-03,5,485
Stekene,46024,2020-11-04,8,493
Stekene,46024,2020-11-05,12,505
Stekene,46024,2020-11-06,12,517
Stekene,46024,2020-11-07,5,522
Stekene,46024,2020-11-08,7,529
Stekene,46024,2020-11-09,6,535
Stekene,46024,2020-11-10,1,536
Stekene,46024,2020-11-11,5,541
Temse,46025,2020-04-01,4,31
Temse,46025,2020-04-02,5,36
Temse,46025,2020-04-03,18,54
Temse,46025,2020-04-04,20,74
Temse,46025,2020-04-05,4,78
Temse,46025,2020-04-06,6,84
Temse,46025,2020-04-07,21,105
Temse,46025,2020-04-08,3,108
Temse,46025,2020-04-09,1,109
Temse,46025,2020-04-10,8,117
Temse,46025,2020-04-11,1,118
Temse,46025,2020-04-12,18,136
Temse,46025,2020-04-13,3,139
Temse,46025,2020-04-14,0,139
Temse,46025,2020-04-15,1,140
Temse,46025,2020-04-16,1,141
Temse,46025,2020-04-17,2,143
Temse,46025,2020-04-18,6,149
Temse,46025,2020-04-19,21,170
Temse,46025,2020-04-20,0,170
Temse,46025,2020-04-21,4,174
Temse,46025,2020-04-22,0,174
Temse,46025,2020-04-23,0,174
Temse,46025,2020-04-24,0,174
Temse,46025,2020-04-25,2,176
Temse,46025,2020-04-26,1,177
Temse,46025,2020-04-27,0,177
Temse,46025,2020-04-28,0,177
Temse,46025,2020-04-29,0,177
Temse,46025,2020-04-30,1,178
Temse,46025,2020-05-01,0,178
Temse,46025,2020-05-02,2,180
Temse,46025,2020-05-03,0,180
Temse,46025,2020-05-04,0,180
Temse,46025,2020-05-05,0,180
Temse,46025,2020-05-06,3,183
Temse,46025,2020-05-07,1,184
Temse,46025,2020-05-08,4,188
Temse,46025,2020-05-09,2,190
Temse,46025,2020-05-10,0,190
Temse,46025,2020-05-11,0,190
Temse,46025,2020-05-12,0,190
Temse,46025,2020-05-13,2,192
Temse,46025,2020-05-14,2,194
Temse,46025,2020-05-15,2,196
Temse,46025,2020-05-16,1,197
Temse,46025,2020-05-17,0,197
Temse,46025,2020-05-18,2,199
Temse,46025,2020-05-19,0,199
Temse,46025,2020-05-20,1,200
Temse,46025,2020-05-21,2,202
Temse,46025,2020-05-22,0,202
Temse,46025,2020-05-23,3,205
Temse,46025,2020-05-24,2,207
Temse,46025,2020-05-25,1,208
Temse,46025,2020-05-26,0,208
Temse,46025,2020-05-27,0,208
Temse,46025,2020-05-28,1,209
Temse,46025,2020-05-29,0,209
Temse,46025,2020-05-30,0,209
Temse,46025,2020-05-31,0,209
Temse,46025,2020-06-01,0,209
Temse,46025,2020-06-02,0,209
Temse,46025,2020-06-03,1,210
Temse,46025,2020-06-04,0,210
Temse,46025,2020-06-05,0,210
Temse,46025,2020-06-06,0,210
Temse,46025,2020-06-07,0,210
Temse,46025,2020-06-08,0,210
Temse,46025,2020-06-09,0,210
Temse,46025,2020-06-10,0,210
Temse,46025,2020-06-11,0,210
Temse,46025,2020-06-12,0,210
Temse,46025,2020-06-13,1,211
Temse,46025,2020-06-14,0,211
Temse,46025,2020-06-15,0,211
Temse,46025,2020-06-16,0,211
Temse,46025,2020-06-17,0,211
Temse,46025,2020-06-18,1,212
Temse,46025,2020-06-19,1,213
Temse,46025,2020-06-20,1,214
Temse,46025,2020-06-23,0,214
Temse,46025,2020-06-24,0,214
Temse,46025,2020-06-25,0,214
Temse,46025,2020-06-26,0,214
Temse,46025,2020-06-27,0,214
Temse,46025,2020-06-30,0,214
Temse,46025,2020-07-01,0,214
Temse,46025,2020-07-02,0,214
Temse,46025,2020-07-03,0,214
Temse,46025,2020-07-04,0,214
Temse,46025,2020-07-07,0,214
Temse,46025,2020-07-08,2,216
Temse,46025,2020-07-09,1,217
Temse,46025,2020-07-10,1,218
Temse,46025,2020-07-11,0,218
Temse,46025,2020-07-14,0,218
Temse,46025,2020-07-15,1,219
Temse,46025,2020-07-16,1,220
Temse,46025,2020-07-17,3,223
Temse,46025,2020-07-18,1,224
Temse,46025,2020-07-20,0,224
Temse,46025,2020-07-21,1,225
Temse,46025,2020-07-22,0,225
Temse,46025,2020-07-23,0,225
Temse,46025,2020-07-24,0,225
Temse,46025,2020-07-25,0,225
Temse,46025,2020-07-26,1,226
Temse,46025,2020-07-27,1,227
Temse,46025,2020-07-28,1,228
Temse,46025,2020-07-29,0,228
Temse,46025,2020-07-30,8,236
Temse,46025,2020-07-31,2,238
Temse,46025,2020-08-01,2,240
Temse,46025,2020-08-02,1,241
Temse,46025,2020-08-03,3,244
Temse,46025,2020-08-04,3,247
Temse,46025,2020-08-05,0,247
Temse,46025,2020-08-06,3,250
Temse,46025,2020-08-07,3,253
Temse,46025,2020-08-08,0,253
Temse,46025,2020-08-09,0,253
Temse,46025,2020-08-10,3,256
Temse,46025,2020-08-11,4,260
Temse,46025,2020-08-12,6,266
Temse,46025,2020-08-13,1,267
Temse,46025,2020-08-14,0,267
Temse,46025,2020-08-15,0,267
Temse,46025,2020-08-16,9,276
Temse,46025,2020-08-17,0,276
Temse,46025,2020-08-18,0,276
Temse,46025,2020-08-19,0,276
Temse,46025,2020-08-20,1,277
Temse,46025,2020-08-21,2,279
Temse,46025,2020-08-22,4,283
Temse,46025,2020-08-23,2,285
Temse,46025,2020-08-24,2,287
Temse,46025,2020-08-25,0,287
Temse,46025,2020-08-26,0,287
Temse,46025,2020-08-27,0,287
Temse,46025,2020-08-28,0,287
Temse,46025,2020-08-29,2,289
Temse,46025,2020-08-30,1,290
Temse,46025,2020-08-31,2,292
Temse,46025,2020-09-01,0,292
Temse,46025,2020-09-02,0,292
Temse,46025,2020-09-03,5,297
Temse,46025,2020-09-04,3,300
Temse,46025,2020-09-05,4,304
Temse,46025,2020-09-06,4,308
Temse,46025,2020-09-07,1,309
Temse,46025,2020-09-08,1,310
Temse,46025,2020-09-09,0,310
Temse,46025,2020-09-10,0,310
Temse,46025,2020-09-11,3,313
Temse,46025,2020-09-12,2,315
Temse,46025,2020-09-13,4,319
Temse,46025,2020-09-14,1,320
Temse,46025,2020-09-15,1,321
Temse,46025,2020-09-16,0,321
Temse,46025,2020-09-17,3,324
Temse,46025,2020-09-18,5,329
Temse,46025,2020-09-19,4,333
Temse,46025,2020-09-20,1,334
Temse,46025,2020-09-21,5,339
Temse,46025,2020-09-22,3,342
Temse,46025,2020-09-23,1,343
Temse,46025,2020-09-24,2,345
Temse,46025,2020-09-25,4,349
Temse,46025,2020-09-26,5,354
Temse,46025,2020-09-27,8,362
Temse,46025,2020-09-28,0,362
Temse,46025,2020-09-29,1,363
Temse,46025,2020-09-30,3,366
Temse,46025,2020-10-01,2,368
Temse,46025,2020-10-02,4,372
Temse,46025,2020-10-03,6,378
Temse,46025,2020-10-04,2,380
Temse,46025,2020-10-05,1,381
Temse,46025,2020-10-06,0,381
Temse,46025,2020-10-07,4,385
Temse,46025,2020-10-08,9,394
Temse,46025,2020-10-09,18,412
Temse,46025,2020-10-10,15,427
Temse,46025,2020-10-11,17,444
Temse,46025,2020-10-12,16,460
Temse,46025,2020-10-13,7,467
Temse,46025,2020-10-14,18,485
Temse,46025,2020-10-15,15,500
Temse,46025,2020-10-16,14,514
Temse,46025,2020-10-17,17,531
Temse,46025,2020-10-18,23,554
Temse,46025,2020-10-19,11,565
Temse,46025,2020-10-20,16,581
Temse,46025,2020-10-21,23,604
Temse,46025,2020-10-22,24,628
Temse,46025,2020-10-23,26,654
Temse,46025,2020-10-24,31,685
Temse,46025,2020-10-25,19,704
Temse,46025,2020-10-26,24,728
Temse,46025,2020-10-27,31,759
Temse,46025,2020-10-28,16,775
Temse,46025,2020-10-29,26,801
Temse,46025,2020-10-30,45,846
Temse,46025,2020-10-31,32,878
Temse,46025,2020-11-01,27,905
Temse,46025,2020-11-02,19,924
Temse,46025,2020-11-03,7,931
Temse,46025,2020-11-04,13,944
Temse,46025,2020-11-05,18,962
Temse,46025,2020-11-06,19,981
Temse,46025,2020-11-07,12,993
Temse,46025,2020-11-08,19,1012
Temse,46025,2020-11-09,10,1022
Temse,46025,2020-11-10,2,1024
Temse,46025,2020-11-11,13,1037
Aat,51004,2020-04-01,2,28
Aat,51004,2020-04-02,2,30
Aat,51004,2020-04-03,3,33
Aat,51004,2020-04-04,6,39
Aat,51004,2020-04-05,2,41
Aat,51004,2020-04-06,5,46
Aat,51004,2020-04-07,3,49
Aat,51004,2020-04-08,3,52
Aat,51004,2020-04-09,1,53
Aat,51004,2020-04-10,1,54
Aat,51004,2020-04-11,0,54
Aat,51004,2020-04-12,2,56
Aat,51004,2020-04-13,1,57
Aat,51004,2020-04-14,0,57
Aat,51004,2020-04-15,18,75
Aat,51004,2020-04-16,3,78
Aat,51004,2020-04-17,1,79
Aat,51004,2020-04-18,1,80
Aat,51004,2020-04-19,1,81
Aat,51004,2020-04-20,3,84
Aat,51004,2020-04-21,21,105
Aat,51004,2020-04-22,1,106
Aat,51004,2020-04-23,2,108
Aat,51004,2020-04-24,0,108
Aat,51004,2020-04-25,2,110
Aat,51004,2020-04-26,2,112
Aat,51004,2020-04-27,0,112
Aat,51004,2020-04-28,0,112
Aat,51004,2020-04-29,0,112
Aat,51004,2020-04-30,0,112
Aat,51004,2020-05-01,0,112
Aat,51004,2020-05-02,0,112
Aat,51004,2020-05-03,0,112
Aat,51004,2020-05-04,0,112
Aat,51004,2020-05-05,0,112
Aat,51004,2020-05-06,0,112
Aat,51004,2020-05-07,0,112
Aat,51004,2020-05-08,0,112
Aat,51004,2020-05-09,0,112
Aat,51004,2020-05-10,0,112
Aat,51004,2020-05-11,1,113
Aat,51004,2020-05-12,0,113
Aat,51004,2020-05-13,0,113
Aat,51004,2020-05-14,0,113
Aat,51004,2020-05-15,1,114
Aat,51004,2020-05-16,0,114
Aat,51004,2020-05-17,1,115
Aat,51004,2020-05-18,0,115
Aat,51004,2020-05-19,0,115
Aat,51004,2020-05-20,1,116
Aat,51004,2020-05-21,0,116
Aat,51004,2020-05-22,1,117
Aat,51004,2020-05-23,0,117
Aat,51004,2020-05-24,1,118
Aat,51004,2020-05-25,0,118
Aat,51004,2020-05-26,0,118
Aat,51004,2020-05-27,0,118
Aat,51004,2020-05-28,0,118
Aat,51004,2020-05-29,0,118
Aat,51004,2020-05-30,0,118
Aat,51004,2020-05-31,0,118
Aat,51004,2020-06-01,0,118
Aat,51004,2020-06-02,0,118
Aat,51004,2020-06-03,0,118
Aat,51004,2020-06-04,0,118
Aat,51004,2020-06-05,0,118
Aat,51004,2020-06-06,0,118
Aat,51004,2020-06-07,0,118
Aat,51004,2020-06-08,0,118
Aat,51004,2020-06-09,0,118
Aat,51004,2020-06-10,0,118
Aat,51004,2020-06-11,0,118
Aat,51004,2020-06-12,0,118
Aat,51004,2020-06-13,0,118
Aat,51004,2020-06-14,0,118
Aat,51004,2020-06-15,0,118
Aat,51004,2020-06-16,0,118
Aat,51004,2020-06-17,0,118
Aat,51004,2020-06-18,0,118
Aat,51004,2020-06-19,1,119
Aat,51004,2020-06-20,0,119
Aat,51004,2020-06-23,0,119
Aat,51004,2020-06-24,0,119
Aat,51004,2020-06-25,0,119
Aat,51004,2020-06-26,0,119
Aat,51004,2020-06-27,0,119
Aat,51004,2020-06-30,0,119
Aat,51004,2020-07-01,0,119
Aat,51004,2020-07-02,0,119
Aat,51004,2020-07-03,0,119
Aat,51004,2020-07-04,0,119
Aat,51004,2020-07-07,0,119
Aat,51004,2020-07-08,0,119
Aat,51004,2020-07-09,0,119
Aat,51004,2020-07-10,0,119
Aat,51004,2020-07-11,0,119
Aat,51004,2020-07-14,0,119
Aat,51004,2020-07-15,0,119
Aat,51004,2020-07-16,1,120
Aat,51004,2020-07-17,1,121
Aat,51004,2020-07-18,0,121
Aat,51004,2020-07-20,1,122
Aat,51004,2020-07-21,0,122
Aat,51004,2020-07-22,0,122
Aat,51004,2020-07-23,0,122
Aat,51004,2020-07-24,0,122
Aat,51004,2020-07-25,0,122
Aat,51004,2020-07-26,0,122
Aat,51004,2020-07-27,0,122
Aat,51004,2020-07-28,0,122
Aat,51004,2020-07-29,0,122
Aat,51004,2020-07-30,0,122
Aat,51004,2020-07-31,1,123
Aat,51004,2020-08-01,1,124
Aat,51004,2020-08-02,1,125
Aat,51004,2020-08-03,1,126
Aat,51004,2020-08-04,0,126
Aat,51004,2020-08-05,0,126
Aat,51004,2020-08-06,0,126
Aat,51004,2020-08-07,1,127
Aat,51004,2020-08-08,0,127
Aat,51004,2020-08-09,0,127
Aat,51004,2020-08-10,0,127
Aat,51004,2020-08-11,0,127
Aat,51004,2020-08-12,0,127
Aat,51004,2020-08-13,0,127
Aat,51004,2020-08-14,1,128
Aat,51004,2020-08-15,0,128
Aat,51004,2020-08-16,0,128
Aat,51004,2020-08-17,0,128
Aat,51004,2020-08-18,0,128
Aat,51004,2020-08-19,0,128
Aat,51004,2020-08-20,0,128
Aat,51004,2020-08-21,0,128
Aat,51004,2020-08-22,0,128
Aat,51004,2020-08-23,1,129
Aat,51004,2020-08-24,0,129
Aat,51004,2020-08-25,0,129
Aat,51004,2020-08-26,2,131
Aat,51004,2020-08-27,0,131
Aat,51004,2020-08-28,0,131
Aat,51004,2020-08-29,0,131
Aat,51004,2020-08-30,0,131
Aat,51004,2020-08-31,1,132
Aat,51004,2020-09-01,0,132
Aat,51004,2020-09-02,0,132
Aat,51004,2020-09-03,0,132
Aat,51004,2020-09-04,2,134
Aat,51004,2020-09-05,0,134
Aat,51004,2020-09-06,0,134
Aat,51004,2020-09-07,1,135
Aat,51004,2020-09-08,0,135
Aat,51004,2020-09-09,0,135
Aat,51004,2020-09-10,0,135
Aat,51004,2020-09-11,1,136
Aat,51004,2020-09-12,0,136
Aat,51004,2020-09-13,0,136
Aat,51004,2020-09-14,1,137
Aat,51004,2020-09-15,0,137
Aat,51004,2020-09-16,1,138
Aat,51004,2020-09-17,0,138
Aat,51004,2020-09-18,3,141
Aat,51004,2020-09-19,1,142
Aat,51004,2020-09-20,1,143
Aat,51004,2020-09-21,3,146
Aat,51004,2020-09-22,1,147
Aat,51004,2020-09-23,4,151
Aat,51004,2020-09-24,2,153
Aat,51004,2020-09-25,3,156
Aat,51004,2020-09-26,2,158
Aat,51004,2020-09-27,1,159
Aat,51004,2020-09-28,2,161
Aat,51004,2020-09-29,0,161
Aat,51004,2020-09-30,3,164
Aat,51004,2020-10-01,0,164
Aat,51004,2020-10-02,5,169
Aat,51004,2020-10-03,6,175
Aat,51004,2020-10-04,8,183
Aat,51004,2020-10-05,12,195
Aat,51004,2020-10-06,7,202
Aat,51004,2020-10-07,6,208
Aat,51004,2020-10-08,2,210
Aat,51004,2020-10-09,23,233
Aat,51004,2020-10-10,35,268
Aat,51004,2020-10-11,38,306
Aat,51004,2020-10-12,25,331
Aat,51004,2020-10-13,32,363
Aat,51004,2020-10-14,32,395
Aat,51004,2020-10-15,14,409
Aat,51004,2020-10-16,41,450
Aat,51004,2020-10-17,52,502
Aat,51004,2020-10-18,38,540
Aat,51004,2020-10-19,40,580
Aat,51004,2020-10-20,55,635
Aat,51004,2020-10-21,26,661
Aat,51004,2020-10-22,42,703
Aat,51004,2020-10-23,58,761
Aat,51004,2020-10-24,46,807
Aat,51004,2020-10-25,79,886
Aat,51004,2020-10-26,56,942
Aat,51004,2020-10-27,61,1003
Aat,51004,2020-10-28,37,1040
Aat,51004,2020-10-29,84,1124
Aat,51004,2020-10-30,95,1219
Aat,51004,2020-10-31,45,1264
Aat,51004,2020-11-01,59,1323
Aat,51004,2020-11-02,53,1376
Aat,51004,2020-11-03,33,1409
Aat,51004,2020-11-04,18,1427
Aat,51004,2020-11-05,55,1482
Aat,51004,2020-11-06,30,1512
Aat,51004,2020-11-07,26,1538
Aat,51004,2020-11-08,15,1553
Aat,51004,2020-11-09,33,1586
Aat,51004,2020-11-10,12,1598
Aat,51004,2020-11-11,9,1607
Beloeil,51008,2020-04-01,0,14
Beloeil,51008,2020-04-02,2,16
Beloeil,51008,2020-04-03,1,17
Beloeil,51008,2020-04-04,0,17
Beloeil,51008,2020-04-05,1,18
Beloeil,51008,2020-04-06,1,19
Beloeil,51008,2020-04-07,0,19
Beloeil,51008,2020-04-08,1,20
Beloeil,51008,2020-04-09,2,22
Beloeil,51008,2020-04-10,1,23
Beloeil,51008,2020-04-11,1,24
Beloeil,51008,2020-04-12,0,24
Beloeil,51008,2020-04-13,0,24
Beloeil,51008,2020-04-14,0,24
Beloeil,51008,2020-04-15,1,25
Beloeil,51008,2020-04-16,2,27
Beloeil,51008,2020-04-17,1,28
Beloeil,51008,2020-04-18,0,28
Beloeil,51008,2020-04-19,0,28
Beloeil,51008,2020-04-20,0,28
Beloeil,51008,2020-04-21,0,28
Beloeil,51008,2020-04-22,1,29
Beloeil,51008,2020-04-23,1,30
Beloeil,51008,2020-04-24,1,31
Beloeil,51008,2020-04-25,0,31
Beloeil,51008,2020-04-26,0,31
Beloeil,51008,2020-04-27,0,31
Beloeil,51008,2020-04-28,1,32
Beloeil,51008,2020-04-29,0,32
Beloeil,51008,2020-04-30,0,32
Beloeil,51008,2020-05-01,1,33
Beloeil,51008,2020-05-02,0,33
Beloeil,51008,2020-05-03,0,33
Beloeil,51008,2020-05-04,1,34
Beloeil,51008,2020-05-05,0,34
Beloeil,51008,2020-05-06,0,34
Beloeil,51008,2020-05-07,0,34
Beloeil,51008,2020-05-08,3,37
Beloeil,51008,2020-05-09,1,38
Beloeil,51008,2020-05-10,1,39
Beloeil,51008,2020-05-11,0,39
Beloeil,51008,2020-05-12,0,39
Beloeil,51008,2020-05-13,0,39
Beloeil,51008,2020-05-14,0,39
Beloeil,51008,2020-05-15,0,39
Beloeil,51008,2020-05-16,0,39
Beloeil,51008,2020-05-17,0,39
Beloeil,51008,2020-05-18,0,39
Beloeil,51008,2020-05-19,0,39
Beloeil,51008,2020-05-20,1,40
Beloeil,51008,2020-05-21,0,40
Beloeil,51008,2020-05-22,1,41
Beloeil,51008,2020-05-23,0,41
Beloeil,51008,2020-05-24,0,41
Beloeil,51008,2020-05-25,0,41
Beloeil,51008,2020-05-26,0,41
Beloeil,51008,2020-05-27,0,41
Beloeil,51008,2020-05-28,0,41
Beloeil,51008,2020-05-29,0,41
Beloeil,51008,2020-05-30,0,41
Beloeil,51008,2020-05-31,0,41
Beloeil,51008,2020-06-01,0,41
Beloeil,51008,2020-06-02,0,41
Beloeil,51008,2020-06-03,0,41
Beloeil,51008,2020-06-04,0,41
Beloeil,51008,2020-06-05,0,41
Beloeil,51008,2020-06-06,0,41
Beloeil,51008,2020-06-07,0,41
Beloeil,51008,2020-06-08,0,41
Beloeil,51008,2020-06-09,0,41
Beloeil,51008,2020-06-10,0,41
Beloeil,51008,2020-06-11,0,41
Beloeil,51008,2020-06-12,0,41
Beloeil,51008,2020-06-13,0,41
Beloeil,51008,2020-06-14,0,41
Beloeil,51008,2020-06-15,0,41
Beloeil,51008,2020-06-16,0,41
Beloeil,51008,2020-06-17,0,41
Beloeil,51008,2020-06-18,0,41
Beloeil,51008,2020-06-19,0,41
Beloeil,51008,2020-06-20,0,41
Beloeil,51008,2020-06-23,0,41
Beloeil,51008,2020-06-24,0,41
Beloeil,51008,2020-06-25,0,41
Beloeil,51008,2020-06-26,0,41
Beloeil,51008,2020-06-27,0,41
Beloeil,51008,2020-06-30,1,42
Beloeil,51008,2020-07-01,0,42
Beloeil,51008,2020-07-02,1,43
Beloeil,51008,2020-07-03,0,43
Beloeil,51008,2020-07-04,0,43
Beloeil,51008,2020-07-07,0,43
Beloeil,51008,2020-07-08,0,43
Beloeil,51008,2020-07-09,0,43
Beloeil,51008,2020-07-10,0,43
Beloeil,51008,2020-07-11,0,43
Beloeil,51008,2020-07-14,1,44
Beloeil,51008,2020-07-15,0,44
Beloeil,51008,2020-07-16,0,44
Beloeil,51008,2020-07-17,1,45
Beloeil,51008,2020-07-18,0,45
Beloeil,51008,2020-07-20,0,45
Beloeil,51008,2020-07-21,1,46
Beloeil,51008,2020-07-22,0,46
Beloeil,51008,2020-07-23,0,46
Beloeil,51008,2020-07-24,0,46
Beloeil,51008,2020-07-25,0,46
Beloeil,51008,2020-07-26,0,46
Beloeil,51008,2020-07-27,0,46
Beloeil,51008,2020-07-28,3,49
Beloeil,51008,2020-07-29,0,49
Beloeil,51008,2020-07-30,0,49
Beloeil,51008,2020-07-31,2,51
Beloeil,51008,2020-08-01,0,51
Beloeil,51008,2020-08-02,0,51
Beloeil,51008,2020-08-03,0,51
Beloeil,51008,2020-08-04,0,51
Beloeil,51008,2020-08-05,0,51
Beloeil,51008,2020-08-06,0,51
Beloeil,51008,2020-08-07,0,51
Beloeil,51008,2020-08-08,0,51
Beloeil,51008,2020-08-09,0,51
Beloeil,51008,2020-08-10,0,51
Beloeil,51008,2020-08-11,0,51
Beloeil,51008,2020-08-12,0,51
Beloeil,51008,2020-08-13,0,51
Beloeil,51008,2020-08-14,2,53
Beloeil,51008,2020-08-15,0,53
Beloeil,51008,2020-08-16,0,53
Beloeil,51008,2020-08-17,0,53
Beloeil,51008,2020-08-18,0,53
Beloeil,51008,2020-08-19,0,53
Beloeil,51008,2020-08-20,0,53
Beloeil,51008,2020-08-21,0,53
Beloeil,51008,2020-08-22,0,53
Beloeil,51008,2020-08-23,1,54
Beloeil,51008,2020-08-24,1,55
Beloeil,51008,2020-08-25,0,55
Beloeil,51008,2020-08-26,0,55
Beloeil,51008,2020-08-27,0,55
Beloeil,51008,2020-08-28,0,55
Beloeil,51008,2020-08-29,0,55
Beloeil,51008,2020-08-30,0,55
Beloeil,51008,2020-08-31,0,55
Beloeil,51008,2020-09-01,0,55
Beloeil,51008,2020-09-02,0,55
Beloeil,51008,2020-09-03,0,55
Beloeil,51008,2020-09-04,0,55
Beloeil,51008,2020-09-05,0,55
Beloeil,51008,2020-09-06,0,55
Beloeil,51008,2020-09-07,0,55
Beloeil,51008,2020-09-08,0,55
Beloeil,51008,2020-09-09,0,55
Beloeil,51008,2020-09-10,0,55
Beloeil,51008,2020-09-11,1,56
Beloeil,51008,2020-09-12,0,56
Beloeil,51008,2020-09-13,4,60
Beloeil,51008,2020-09-14,3,63
Beloeil,51008,2020-09-15,0,63
Beloeil,51008,2020-09-16,0,63
Beloeil,51008,2020-09-17,6,69
Beloeil,51008,2020-09-18,2,71
Beloeil,51008,2020-09-19,2,73
Beloeil,51008,2020-09-20,3,76
Beloeil,51008,2020-09-21,1,77
Beloeil,51008,2020-09-22,1,78
Beloeil,51008,2020-09-23,2,80
Beloeil,51008,2020-09-24,1,81
Beloeil,51008,2020-09-25,0,81
Beloeil,51008,2020-09-26,2,83
Beloeil,51008,2020-09-27,5,88
Beloeil,51008,2020-09-28,3,91
Beloeil,51008,2020-09-29,0,91
Beloeil,51008,2020-09-30,0,91
Beloeil,51008,2020-10-01,2,93
Beloeil,51008,2020-10-02,5,98
Beloeil,51008,2020-10-03,6,104
Beloeil,51008,2020-10-04,0,104
Beloeil,51008,2020-10-05,3,107
Beloeil,51008,2020-10-06,4,111
Beloeil,51008,2020-10-07,2,113
Beloeil,51008,2020-10-08,4,117
Beloeil,51008,2020-10-09,7,124
Beloeil,51008,2020-10-10,11,135
Beloeil,51008,2020-10-11,16,151
Beloeil,51008,2020-10-12,6,157
Beloeil,51008,2020-10-13,7,164
Beloeil,51008,2020-10-14,3,167
Beloeil,51008,2020-10-15,18,185
Beloeil,51008,2020-10-16,15,200
Beloeil,51008,2020-10-17,23,223
Beloeil,51008,2020-10-18,18,241
Beloeil,51008,2020-10-19,33,274
Beloeil,51008,2020-10-20,34,308
Beloeil,51008,2020-10-21,9,317
Beloeil,51008,2020-10-22,14,331
Beloeil,51008,2020-10-23,41,372
Beloeil,51008,2020-10-24,42,414
Beloeil,51008,2020-10-25,54,468
Beloeil,51008,2020-10-26,27,495
Beloeil,51008,2020-10-27,19,514
Beloeil,51008,2020-10-28,14,528
Beloeil,51008,2020-10-29,63,591
Beloeil,51008,2020-10-30,48,639
Beloeil,51008,2020-10-31,34,673
Beloeil,51008,2020-11-01,35,708
Beloeil,51008,2020-11-02,25,733
Beloeil,51008,2020-11-03,22,755
Beloeil,51008,2020-11-04,8,763
Beloeil,51008,2020-11-05,38,801
Beloeil,51008,2020-11-06,27,828
Beloeil,51008,2020-11-07,17,845
Beloeil,51008,2020-11-08,14,859
Beloeil,51008,2020-11-09,15,874
Beloeil,51008,2020-11-10,10,884
Beloeil,51008,2020-11-11,6,890
Bernissart,51009,2020-04-01,1,7
Bernissart,51009,2020-04-02,1,8
Bernissart,51009,2020-04-03,2,10
Bernissart,51009,2020-04-04,0,10
Bernissart,51009,2020-04-05,2,12
Bernissart,51009,2020-04-06,1,13
Bernissart,51009,2020-04-07,0,13
Bernissart,51009,2020-04-08,0,13
Bernissart,51009,2020-04-09,1,14
Bernissart,51009,2020-04-10,0,14
Bernissart,51009,2020-04-11,0,14
Bernissart,51009,2020-04-12,1,15
Bernissart,51009,2020-04-13,0,15
Bernissart,51009,2020-04-14,0,15
Bernissart,51009,2020-04-15,3,18
Bernissart,51009,2020-04-16,1,19
Bernissart,51009,2020-04-17,2,21
Bernissart,51009,2020-04-18,0,21
Bernissart,51009,2020-04-19,0,21
Bernissart,51009,2020-04-20,1,22
Bernissart,51009,2020-04-21,1,23
Bernissart,51009,2020-04-22,2,25
Bernissart,51009,2020-04-23,1,26
Bernissart,51009,2020-04-24,1,27
Bernissart,51009,2020-04-25,3,30
Bernissart,51009,2020-04-26,2,32
Bernissart,51009,2020-04-27,1,33
Bernissart,51009,2020-04-28,0,33
Bernissart,51009,2020-04-29,5,38
Bernissart,51009,2020-04-30,1,39
Bernissart,51009,2020-05-01,0,39
Bernissart,51009,2020-05-02,0,39
Bernissart,51009,2020-05-03,1,40
Bernissart,51009,2020-05-04,0,40
Bernissart,51009,2020-05-05,0,40
Bernissart,51009,2020-05-06,0,40
Bernissart,51009,2020-05-07,0,40
Bernissart,51009,2020-05-08,0,40
Bernissart,51009,2020-05-09,1,41
Bernissart,51009,2020-05-10,0,41
Bernissart,51009,2020-05-11,0,41
Bernissart,51009,2020-05-12,1,42
Bernissart,51009,2020-05-13,0,42
Bernissart,51009,2020-05-14,0,42
Bernissart,51009,2020-05-15,0,42
Bernissart,51009,2020-05-16,2,44
Bernissart,51009,2020-05-17,0,44
Bernissart,51009,2020-05-18,0,44
Bernissart,51009,2020-05-19,0,44
Bernissart,51009,2020-05-20,0,44
Bernissart,51009,2020-05-21,0,44
Bernissart,51009,2020-05-22,0,44
Bernissart,51009,2020-05-23,0,44
Bernissart,51009,2020-05-24,0,44
Bernissart,51009,2020-05-25,0,44
Bernissart,51009,2020-05-26,0,44
Bernissart,51009,2020-05-27,0,44
Bernissart,51009,2020-05-28,0,44
Bernissart,51009,2020-05-29,0,44
Bernissart,51009,2020-05-30,0,44
Bernissart,51009,2020-05-31,0,44
Bernissart,51009,2020-06-01,0,44
Bernissart,51009,2020-06-02,0,44
Bernissart,51009,2020-06-03,0,44
Bernissart,51009,2020-06-04,0,44
Bernissart,51009,2020-06-05,0,44
Bernissart,51009,2020-06-06,0,44
Bernissart,51009,2020-06-07,0,44
Bernissart,51009,2020-06-08,0,44
Bernissart,51009,2020-06-09,0,44
Bernissart,51009,2020-06-10,0,44
Bernissart,51009,2020-06-11,0,44
Bernissart,51009,2020-06-12,0,44
Bernissart,51009,2020-06-13,0,44
Bernissart,51009,2020-06-14,0,44
Bernissart,51009,2020-06-15,0,44
Bernissart,51009,2020-06-16,0,44
Bernissart,51009,2020-06-17,0,44
Bernissart,51009,2020-06-18,0,44
Bernissart,51009,2020-06-19,0,44
Bernissart,51009,2020-06-20,0,44
Bernissart,51009,2020-06-23,0,44
Bernissart,51009,2020-06-24,0,44
Bernissart,51009,2020-06-25,0,44
Bernissart,51009,2020-06-26,0,44
Bernissart,51009,2020-06-27,0,44
Bernissart,51009,2020-06-30,0,44
Bernissart,51009,2020-07-01,0,44
Bernissart,51009,2020-07-02,0,44
Bernissart,51009,2020-07-03,0,44
Bernissart,51009,2020-07-04,0,44
Bernissart,51009,2020-07-07,0,44
Bernissart,51009,2020-07-08,0,44
Bernissart,51009,2020-07-09,0,44
Bernissart,51009,2020-07-10,0,44
Bernissart,51009,2020-07-11,0,44
Bernissart,51009,2020-07-14,0,44
Bernissart,51009,2020-07-15,0,44
Bernissart,51009,2020-07-16,0,44
Bernissart,51009,2020-07-17,0,44
Bernissart,51009,2020-07-18,0,44
Bernissart,51009,2020-07-20,0,44
Bernissart,51009,2020-07-21,0,44
Bernissart,51009,2020-07-22,0,44
Bernissart,51009,2020-07-23,0,44
Bernissart,51009,2020-07-24,0,44
Bernissart,51009,2020-07-25,0,44
Bernissart,51009,2020-07-26,0,44
Bernissart,51009,2020-07-27,0,44
Bernissart,51009,2020-07-28,0,44
Bernissart,51009,2020-07-29,0,44
Bernissart,51009,2020-07-30,0,44
Bernissart,51009,2020-07-31,1,45
Bernissart,51009,2020-08-01,0,45
Bernissart,51009,2020-08-02,0,45
Bernissart,51009,2020-08-03,0,45
Bernissart,51009,2020-08-04,0,45
Bernissart,51009,2020-08-05,0,45
Bernissart,51009,2020-08-06,1,46
Bernissart,51009,2020-08-07,2,48
Bernissart,51009,2020-08-08,1,49
Bernissart,51009,2020-08-09,1,50
Bernissart,51009,2020-08-10,0,50
Bernissart,51009,2020-08-11,0,50
Bernissart,51009,2020-08-12,0,50
Bernissart,51009,2020-08-13,0,50
Bernissart,51009,2020-08-14,0,50
Bernissart,51009,2020-08-15,0,50
Bernissart,51009,2020-08-16,1,51
Bernissart,51009,2020-08-17,1,52
Bernissart,51009,2020-08-18,0,52
Bernissart,51009,2020-08-19,0,52
Bernissart,51009,2020-08-20,0,52
Bernissart,51009,2020-08-21,1,53
Bernissart,51009,2020-08-22,2,55
Bernissart,51009,2020-08-23,0,55
Bernissart,51009,2020-08-24,2,57
Bernissart,51009,2020-08-25,0,57
Bernissart,51009,2020-08-26,0,57
Bernissart,51009,2020-08-27,0,57
Bernissart,51009,2020-08-28,0,57
Bernissart,51009,2020-08-29,0,57
Bernissart,51009,2020-08-30,0,57
Bernissart,51009,2020-08-31,0,57
Bernissart,51009,2020-09-01,0,57
Bernissart,51009,2020-09-02,0,57
Bernissart,51009,2020-09-03,0,57
Bernissart,51009,2020-09-04,1,58
Bernissart,51009,2020-09-05,1,59
Bernissart,51009,2020-09-06,0,59
Bernissart,51009,2020-09-07,1,60
Bernissart,51009,2020-09-08,0,60
Bernissart,51009,2020-09-09,1,61
Bernissart,51009,2020-09-10,0,61
Bernissart,51009,2020-09-11,2,63
Bernissart,51009,2020-09-12,1,64
Bernissart,51009,2020-09-13,0,64
Bernissart,51009,2020-09-14,0,64
Bernissart,51009,2020-09-15,0,64
Bernissart,51009,2020-09-16,0,64
Bernissart,51009,2020-09-17,0,64
Bernissart,51009,2020-09-18,0,64
Bernissart,51009,2020-09-19,0,64
Bernissart,51009,2020-09-20,1,65
Bernissart,51009,2020-09-21,0,65
Bernissart,51009,2020-09-22,1,66
Bernissart,51009,2020-09-23,1,67
Bernissart,51009,2020-09-24,0,67
Bernissart,51009,2020-09-25,1,68
Bernissart,51009,2020-09-26,2,70
Bernissart,51009,2020-09-27,2,72
Bernissart,51009,2020-09-28,0,72
Bernissart,51009,2020-09-29,1,73
Bernissart,51009,2020-09-30,1,74
Bernissart,51009,2020-10-01,0,74
Bernissart,51009,2020-10-02,7,81
Bernissart,51009,2020-10-03,2,83
Bernissart,51009,2020-10-04,3,86
Bernissart,51009,2020-10-05,1,87
Bernissart,51009,2020-10-06,2,89
Bernissart,51009,2020-10-07,1,90
Bernissart,51009,2020-10-08,0,90
Bernissart,51009,2020-10-09,7,97
Bernissart,51009,2020-10-10,3,100
Bernissart,51009,2020-10-11,6,106
Bernissart,51009,2020-10-12,8,114
Bernissart,51009,2020-10-13,11,125
Bernissart,51009,2020-10-14,5,130
Bernissart,51009,2020-10-15,7,137
Bernissart,51009,2020-10-16,7,144
Bernissart,51009,2020-10-17,8,152
Bernissart,51009,2020-10-18,23,175
Bernissart,51009,2020-10-19,4,179
Bernissart,51009,2020-10-20,15,194
Bernissart,51009,2020-10-21,8,202
Bernissart,51009,2020-10-22,17,219
Bernissart,51009,2020-10-23,19,238
Bernissart,51009,2020-10-24,26,264
Bernissart,51009,2020-10-25,25,289
Bernissart,51009,2020-10-26,24,313
Bernissart,51009,2020-10-27,21,334
Bernissart,51009,2020-10-28,15,349
Bernissart,51009,2020-10-29,23,372
Bernissart,51009,2020-10-30,28,400
Bernissart,51009,2020-10-31,54,454
Bernissart,51009,2020-11-01,31,485
Bernissart,51009,2020-11-02,23,508
Bernissart,51009,2020-11-03,9,517
Bernissart,51009,2020-11-04,7,524
Bernissart,51009,2020-11-05,18,542
Bernissart,51009,2020-11-06,16,558
Bernissart,51009,2020-11-07,11,569
Bernissart,51009,2020-11-08,11,580
Bernissart,51009,2020-11-09,22,602
Bernissart,51009,2020-11-10,11,613
Bernissart,51009,2020-11-11,4,617
Brugelette,51012,2020-04-01,1,9
Brugelette,51012,2020-04-02,0,9
Brugelette,51012,2020-04-03,1,10
Brugelette,51012,2020-04-04,0,10
Brugelette,51012,2020-04-05,0,10
Brugelette,51012,2020-04-06,0,10
Brugelette,51012,2020-04-07,0,10
Brugelette,51012,2020-04-08,0,10
Brugelette,51012,2020-04-09,0,10
Brugelette,51012,2020-04-10,2,12
Brugelette,51012,2020-04-11,0,12
Brugelette,51012,2020-04-12,0,12
Brugelette,51012,2020-04-13,0,12
Brugelette,51012,2020-04-14,0,12
Brugelette,51012,2020-04-15,0,12
Brugelette,51012,2020-04-16,0,12
Brugelette,51012,2020-04-17,2,14
Brugelette,51012,2020-04-18,0,14
Brugelette,51012,2020-04-19,0,14
Brugelette,51012,2020-04-20,0,14
Brugelette,51012,2020-04-21,0,14
Brugelette,51012,2020-04-22,0,14
Brugelette,51012,2020-04-23,0,14
Brugelette,51012,2020-04-24,0,14
Brugelette,51012,2020-04-25,0,14
Brugelette,51012,2020-04-26,0,14
Brugelette,51012,2020-04-27,0,14
Brugelette,51012,2020-04-28,0,14
Brugelette,51012,2020-04-29,0,14
Brugelette,51012,2020-04-30,0,14
Brugelette,51012,2020-05-01,0,14
Brugelette,51012,2020-05-02,0,14
Brugelette,51012,2020-05-03,0,14
Brugelette,51012,2020-05-04,0,14
Brugelette,51012,2020-05-05,0,14
Brugelette,51012,2020-05-06,1,15
Brugelette,51012,2020-05-07,0,15
Brugelette,51012,2020-05-08,0,15
Brugelette,51012,2020-05-09,0,15
Brugelette,51012,2020-05-10,1,16
Brugelette,51012,2020-05-11,0,16
Brugelette,51012,2020-05-12,1,17
Brugelette,51012,2020-05-13,-1,16
Brugelette,51012,2020-05-14,0,16
Brugelette,51012,2020-05-15,0,16
Brugelette,51012,2020-05-16,0,16
Brugelette,51012,2020-05-17,0,16
Brugelette,51012,2020-05-18,0,16
Brugelette,51012,2020-05-19,0,16
Brugelette,51012,2020-05-20,0,16
Brugelette,51012,2020-05-21,0,16
Brugelette,51012,2020-05-22,0,16
Brugelette,51012,2020-05-23,0,16
Brugelette,51012,2020-05-24,0,16
Brugelette,51012,2020-05-25,0,16
Brugelette,51012,2020-05-26,0,16
Brugelette,51012,2020-05-27,0,16
Brugelette,51012,2020-05-28,0,16
Brugelette,51012,2020-05-29,0,16
Brugelette,51012,2020-05-30,0,16
Brugelette,51012,2020-05-31,0,16
Brugelette,51012,2020-06-01,0,16
Brugelette,51012,2020-06-02,0,16
Brugelette,51012,2020-06-03,0,16
Brugelette,51012,2020-06-04,0,16
Brugelette,51012,2020-06-05,0,16
Brugelette,51012,2020-06-06,0,16
Brugelette,51012,2020-06-07,0,16
Brugelette,51012,2020-06-08,0,16
Brugelette,51012,2020-06-09,0,16
Brugelette,51012,2020-06-10,0,16
Brugelette,51012,2020-06-11,0,16
Brugelette,51012,2020-06-12,0,16
Brugelette,51012,2020-06-13,0,16
Brugelette,51012,2020-06-14,0,16
Brugelette,51012,2020-06-15,0,16
Brugelette,51012,2020-06-16,0,16
Brugelette,51012,2020-06-17,0,16
Brugelette,51012,2020-06-18,0,16
Brugelette,51012,2020-06-19,1,17
Brugelette,51012,2020-06-20,0,17
Brugelette,51012,2020-06-23,0,17
Brugelette,51012,2020-06-24,0,17
Brugelette,51012,2020-06-25,0,17
Brugelette,51012,2020-06-26,0,17
Brugelette,51012,2020-06-27,0,17
Brugelette,51012,2020-06-30,0,17
Brugelette,51012,2020-07-01,0,17
Brugelette,51012,2020-07-02,0,17
Brugelette,51012,2020-07-03,1,18
Brugelette,51012,2020-07-04,0,18
Brugelette,51012,2020-07-07,0,18
Brugelette,51012,2020-07-08,0,18
Brugelette,51012,2020-07-09,0,18
Brugelette,51012,2020-07-10,0,18
Brugelette,51012,2020-07-11,0,18
Brugelette,51012,2020-07-14,0,18
Brugelette,51012,2020-07-15,0,18
Brugelette,51012,2020-07-16,0,18
Brugelette,51012,2020-07-17,0,18
Brugelette,51012,2020-07-18,0,18
Brugelette,51012,2020-07-20,0,18
Brugelette,51012,2020-07-21,0,18
Brugelette,51012,2020-07-22,0,18
Brugelette,51012,2020-07-23,0,18
Brugelette,51012,2020-07-24,0,18
Brugelette,51012,2020-07-25,0,18
Brugelette,51012,2020-07-26,0,18
Brugelette,51012,2020-07-27,0,18
Brugelette,51012,2020-07-28,0,18
Brugelette,51012,2020-07-29,0,18
Brugelette,51012,2020-07-30,0,18
Brugelette,51012,2020-07-31,1,19
Brugelette,51012,2020-08-01,0,19
Brugelette,51012,2020-08-02,0,19
Brugelette,51012,2020-08-03,0,19
Brugelette,51012,2020-08-04,1,20
Brugelette,51012,2020-08-05,0,20
Brugelette,51012,2020-08-06,0,20
Brugelette,51012,2020-08-07,0,20
Brugelette,51012,2020-08-08,0,20
Brugelette,51012,2020-08-09,1,21
Brugelette,51012,2020-08-10,0,21
Brugelette,51012,2020-08-11,0,21
Brugelette,51012,2020-08-12,0,21
Brugelette,51012,2020-08-13,0,21
Brugelette,51012,2020-08-14,0,21
Brugelette,51012,2020-08-15,0,21
Brugelette,51012,2020-08-16,0,21
Brugelette,51012,2020-08-17,0,21
Brugelette,51012,2020-08-18,0,21
Brugelette,51012,2020-08-19,0,21
Brugelette,51012,2020-08-20,0,21
Brugelette,51012,2020-08-21,0,21
Brugelette,51012,2020-08-22,0,21
Brugelette,51012,2020-08-23,0,21
Brugelette,51012,2020-08-24,0,21
Brugelette,51012,2020-08-25,0,21
Brugelette,51012,2020-08-26,0,21
Brugelette,51012,2020-08-27,0,21
Brugelette,51012,2020-08-28,0,21
Brugelette,51012,2020-08-29,0,21
Brugelette,51012,2020-08-30,0,21
Brugelette,51012,2020-08-31,0,21
Brugelette,51012,2020-09-01,0,21
Brugelette,51012,2020-09-02,0,21
Brugelette,51012,2020-09-03,0,21
Brugelette,51012,2020-09-04,0,21
Brugelette,51012,2020-09-05,0,21
Brugelette,51012,2020-09-06,0,21
Brugelette,51012,2020-09-07,0,21
Brugelette,51012,2020-09-08,0,21
Brugelette,51012,2020-09-09,0,21
Brugelette,51012,2020-09-10,0,21
Brugelette,51012,2020-09-11,1,22
Brugelette,51012,2020-09-12,0,22
Brugelette,51012,2020-09-13,0,22
Brugelette,51012,2020-09-14,0,22
Brugelette,51012,2020-09-15,1,23
Brugelette,51012,2020-09-16,0,23
Brugelette,51012,2020-09-17,0,23
Brugelette,51012,2020-09-18,2,25
Brugelette,51012,2020-09-19,0,25
Brugelette,51012,2020-09-20,0,25
Brugelette,51012,2020-09-21,0,25
Brugelette,51012,2020-09-22,1,26
Brugelette,51012,2020-09-23,0,26
Brugelette,51012,2020-09-24,1,27
Brugelette,51012,2020-09-25,1,28
Brugelette,51012,2020-09-26,1,29
Brugelette,51012,2020-09-27,0,29
Brugelette,51012,2020-09-28,0,29
Brugelette,51012,2020-09-29,0,29
Brugelette,51012,2020-09-30,0,29
Brugelette,51012,2020-10-01,0,29
Brugelette,51012,2020-10-02,0,29
Brugelette,51012,2020-10-03,2,31
Brugelette,51012,2020-10-04,0,31
Brugelette,51012,2020-10-05,0,31
Brugelette,51012,2020-10-06,1,32
Brugelette,51012,2020-10-07,0,32
Brugelette,51012,2020-10-08,0,32
Brugelette,51012,2020-10-09,0,32
Brugelette,51012,2020-10-10,2,34
Brugelette,51012,2020-10-11,3,37
Brugelette,51012,2020-10-12,0,37
Brugelette,51012,2020-10-13,2,39
Brugelette,51012,2020-10-14,3,42
Brugelette,51012,2020-10-15,5,47
Brugelette,51012,2020-10-16,5,52
Brugelette,51012,2020-10-17,7,59
Brugelette,51012,2020-10-18,3,62
Brugelette,51012,2020-10-19,3,65
Brugelette,51012,2020-10-20,5,70
Brugelette,51012,2020-10-21,0,70
Brugelette,51012,2020-10-22,2,72
Brugelette,51012,2020-10-23,3,75
Brugelette,51012,2020-10-24,5,80
Brugelette,51012,2020-10-25,6,86
Brugelette,51012,2020-10-26,5,91
Brugelette,51012,2020-10-27,6,97
Brugelette,51012,2020-10-28,6,103
Brugelette,51012,2020-10-29,7,110
Brugelette,51012,2020-10-30,5,115
Brugelette,51012,2020-10-31,6,121
Brugelette,51012,2020-11-01,4,125
Brugelette,51012,2020-11-02,7,132
Brugelette,51012,2020-11-03,3,135
Brugelette,51012,2020-11-04,4,139
Brugelette,51012,2020-11-05,6,145
Brugelette,51012,2020-11-06,6,151
Brugelette,51012,2020-11-07,2,153
Brugelette,51012,2020-11-08,3,156
Brugelette,51012,2020-11-09,1,157
Brugelette,51012,2020-11-10,0,157
Brugelette,51012,2020-11-11,5,162
Chièvres,51014,2020-04-01,0,0
Chièvres,51014,2020-04-02,0,0
Chièvres,51014,2020-04-03,6,6
Chièvres,51014,2020-04-04,1,7
Chièvres,51014,2020-04-05,1,8
Chièvres,51014,2020-04-06,0,8
Chièvres,51014,2020-04-07,0,8
Chièvres,51014,2020-04-08,1,9
Chièvres,51014,2020-04-09,0,9
Chièvres,51014,2020-04-10,1,10
Chièvres,51014,2020-04-11,1,11
Chièvres,51014,2020-04-12,0,11
Chièvres,51014,2020-04-13,0,11
Chièvres,51014,2020-04-14,0,11
Chièvres,51014,2020-04-15,3,14
Chièvres,51014,2020-04-16,0,14
Chièvres,51014,2020-04-17,1,15
Chièvres,51014,2020-04-18,0,15
Chièvres,51014,2020-04-19,0,15
Chièvres,51014,2020-04-20,0,15
Chièvres,51014,2020-04-21,1,16
Chièvres,51014,2020-04-22,0,16
Chièvres,51014,2020-04-23,0,16
Chièvres,51014,2020-04-24,0,16
Chièvres,51014,2020-04-25,0,16
Chièvres,51014,2020-04-26,1,17
Chièvres,51014,2020-04-27,0,17
Chièvres,51014,2020-04-28,1,18
Chièvres,51014,2020-04-29,0,18
Chièvres,51014,2020-04-30,0,18
Chièvres,51014,2020-05-01,0,18
Chièvres,51014,2020-05-02,0,18
Chièvres,51014,2020-05-03,0,18
Chièvres,51014,2020-05-04,0,18
Chièvres,51014,2020-05-05,0,18
Chièvres,51014,2020-05-06,0,18
Chièvres,51014,2020-05-07,0,18
Chièvres,51014,2020-05-08,0,18
Chièvres,51014,2020-05-09,0,18
Chièvres,51014,2020-05-10,0,18
Chièvres,51014,2020-05-11,0,18
Chièvres,51014,2020-05-12,0,18
Chièvres,51014,2020-05-13,0,18
Chièvres,51014,2020-05-14,0,18
Chièvres,51014,2020-05-15,1,19
Chièvres,51014,2020-05-16,0,19
Chièvres,51014,2020-05-17,0,19
Chièvres,51014,2020-05-18,0,19
Chièvres,51014,2020-05-19,0,19
Chièvres,51014,2020-05-20,0,19
Chièvres,51014,2020-05-21,0,19
Chièvres,51014,2020-05-22,0,19
Chièvres,51014,2020-05-23,0,19
Chièvres,51014,2020-05-24,0,19
Chièvres,51014,2020-05-25,0,19
Chièvres,51014,2020-05-26,0,19
Chièvres,51014,2020-05-27,0,19
Chièvres,51014,2020-05-28,0,19
Chièvres,51014,2020-05-29,0,19
Chièvres,51014,2020-05-30,0,19
Chièvres,51014,2020-05-31,0,19
Chièvres,51014,2020-06-01,0,19
Chièvres,51014,2020-06-02,0,19
Chièvres,51014,2020-06-03,0,19
Chièvres,51014,2020-06-04,0,19
Chièvres,51014,2020-06-05,0,19
Chièvres,51014,2020-06-06,0,19
Chièvres,51014,2020-06-07,0,19
Chièvres,51014,2020-06-08,0,19
Chièvres,51014,2020-06-09,0,19
Chièvres,51014,2020-06-10,0,19
Chièvres,51014,2020-06-11,0,19
Chièvres,51014,2020-06-12,0,19
Chièvres,51014,2020-06-13,0,19
Chièvres,51014,2020-06-14,0,19
Chièvres,51014,2020-06-15,0,19
Chièvres,51014,2020-06-16,0,19
Chièvres,51014,2020-06-17,0,19
Chièvres,51014,2020-06-18,0,19
Chièvres,51014,2020-06-19,0,19
Chièvres,51014,2020-06-20,0,19
Chièvres,51014,2020-06-23,0,19
Chièvres,51014,2020-06-24,0,19
Chièvres,51014,2020-06-25,0,19
Chièvres,51014,2020-06-26,0,19
Chièvres,51014,2020-06-27,0,19
Chièvres,51014,2020-06-30,0,19
Chièvres,51014,2020-07-01,0,19
Chièvres,51014,2020-07-02,0,19
Chièvres,51014,2020-07-03,0,19
Chièvres,51014,2020-07-04,0,19
Chièvres,51014,2020-07-07,0,19
Chièvres,51014,2020-07-08,0,19
Chièvres,51014,2020-07-09,0,19
Chièvres,51014,2020-07-10,0,19
Chièvres,51014,2020-07-11,0,19
Chièvres,51014,2020-07-14,0,19
Chièvres,51014,2020-07-15,0,19
Chièvres,51014,2020-07-16,0,19
Chièvres,51014,2020-07-17,0,19
Chièvres,51014,2020-07-18,0,19
Chièvres,51014,2020-07-20,0,19
Chièvres,51014,2020-07-21,0,19
Chièvres,51014,2020-07-22,0,19
Chièvres,51014,2020-07-23,0,19
Chièvres,51014,2020-07-24,0,19
Chièvres,51014,2020-07-25,0,19
Chièvres,51014,2020-07-26,0,19
Chièvres,51014,2020-07-27,0,19
Chièvres,51014,2020-07-28,1,20
Chièvres,51014,2020-07-29,1,21
Chièvres,51014,2020-07-30,0,21
Chièvres,51014,2020-07-31,1,22
Chièvres,51014,2020-08-01,1,23
Chièvres,51014,2020-08-02,0,23
Chièvres,51014,2020-08-03,0,23
Chièvres,51014,2020-08-04,1,24
Chièvres,51014,2020-08-05,0,24
Chièvres,51014,2020-08-06,0,24
Chièvres,51014,2020-08-07,0,24
Chièvres,51014,2020-08-08,0,24
Chièvres,51014,2020-08-09,0,24
Chièvres,51014,2020-08-10,0,24
Chièvres,51014,2020-08-11,0,24
Chièvres,51014,2020-08-12,0,24
Chièvres,51014,2020-08-13,0,24
Chièvres,51014,2020-08-14,0,24
Chièvres,51014,2020-08-15,0,24
Chièvres,51014,2020-08-16,0,24
Chièvres,51014,2020-08-17,0,24
Chièvres,51014,2020-08-18,0,24
Chièvres,51014,2020-08-19,0,24
Chièvres,51014,2020-08-20,0,24
Chièvres,51014,2020-08-21,0,24
Chièvres,51014,2020-08-22,0,24
Chièvres,51014,2020-08-23,0,24
Chièvres,51014,2020-08-24,1,25
Chièvres,51014,2020-08-25,0,25
Chièvres,51014,2020-08-26,0,25
Chièvres,51014,2020-08-27,0,25
Chièvres,51014,2020-08-28,0,25
Chièvres,51014,2020-08-29,0,25
Chièvres,51014,2020-08-30,0,25
Chièvres,51014,2020-08-31,0,25
Chièvres,51014,2020-09-01,0,25
Chièvres,51014,2020-09-02,0,25
Chièvres,51014,2020-09-03,0,25
Chièvres,51014,2020-09-04,0,25
Chièvres,51014,2020-09-05,0,25
Chièvres,51014,2020-09-06,0,25
Chièvres,51014,2020-09-07,0,25
Chièvres,51014,2020-09-08,0,25
Chièvres,51014,2020-09-09,0,25
Chièvres,51014,2020-09-10,0,25
Chièvres,51014,2020-09-11,0,25
Chièvres,51014,2020-09-12,2,27
Chièvres,51014,2020-09-13,1,28
Chièvres,51014,2020-09-14,3,31
Chièvres,51014,2020-09-15,0,31
Chièvres,51014,2020-09-16,1,32
Chièvres,51014,2020-09-17,0,32
Chièvres,51014,2020-09-18,2,34
Chièvres,51014,2020-09-19,2,36
Chièvres,51014,2020-09-20,2,38
Chièvres,51014,2020-09-21,1,39
Chièvres,51014,2020-09-22,0,39
Chièvres,51014,2020-09-23,4,43
Chièvres,51014,2020-09-24,0,43
Chièvres,51014,2020-09-25,1,44
Chièvres,51014,2020-09-26,0,44
Chièvres,51014,2020-09-27,1,45
Chièvres,51014,2020-09-28,0,45
Chièvres,51014,2020-09-29,0,45
Chièvres,51014,2020-09-30,4,49
Chièvres,51014,2020-10-01,0,49
Chièvres,51014,2020-10-02,1,50
Chièvres,51014,2020-10-03,2,52
Chièvres,51014,2020-10-04,1,53
Chièvres,51014,2020-10-05,1,54
Chièvres,51014,2020-10-06,0,54
Chièvres,51014,2020-10-07,2,56
Chièvres,51014,2020-10-08,3,59
Chièvres,51014,2020-10-09,3,62
Chièvres,51014,2020-10-10,5,67
Chièvres,51014,2020-10-11,3,70
Chièvres,51014,2020-10-12,5,75
Chièvres,51014,2020-10-13,7,82
Chièvres,51014,2020-10-14,3,85
Chièvres,51014,2020-10-15,4,89
Chièvres,51014,2020-10-16,12,101
Chièvres,51014,2020-10-17,5,106
Chièvres,51014,2020-10-18,7,113
Chièvres,51014,2020-10-19,7,120
Chièvres,51014,2020-10-20,17,137
Chièvres,51014,2020-10-21,2,139
Chièvres,51014,2020-10-22,9,148
Chièvres,51014,2020-10-23,6,154
Chièvres,51014,2020-10-24,12,166
Chièvres,51014,2020-10-25,24,190
Chièvres,51014,2020-10-26,11,201
Chièvres,51014,2020-10-27,18,219
Chièvres,51014,2020-10-28,9,228
Chièvres,51014,2020-10-29,31,259
Chièvres,51014,2020-10-30,25,284
Chièvres,51014,2020-10-31,25,309
Chièvres,51014,2020-11-01,11,320
Chièvres,51014,2020-11-02,11,331
Chièvres,51014,2020-11-03,7,338
Chièvres,51014,2020-11-04,3,341
Chièvres,51014,2020-11-05,22,363
Chièvres,51014,2020-11-06,18,381
Chièvres,51014,2020-11-07,5,386
Chièvres,51014,2020-11-08,4,390
Chièvres,51014,2020-11-09,14,404
Chièvres,51014,2020-11-10,3,407
Chièvres,51014,2020-11-11,4,411
Elzele,51017,2020-04-01,0,8
Elzele,51017,2020-04-02,0,8
Elzele,51017,2020-04-03,0,8
Elzele,51017,2020-04-04,1,9
Elzele,51017,2020-04-05,0,9
Elzele,51017,2020-04-06,0,9
Elzele,51017,2020-04-07,0,9
Elzele,51017,2020-04-08,0,9
Elzele,51017,2020-04-09,0,9
Elzele,51017,2020-04-10,0,9
Elzele,51017,2020-04-11,0,9
Elzele,51017,2020-04-12,0,9
Elzele,51017,2020-04-13,0,9
Elzele,51017,2020-04-14,0,9
Elzele,51017,2020-04-15,1,10
Elzele,51017,2020-04-16,2,12
Elzele,51017,2020-04-17,0,12
Elzele,51017,2020-04-18,0,12
Elzele,51017,2020-04-19,0,12
Elzele,51017,2020-04-20,0,12
Elzele,51017,2020-04-21,1,13
Elzele,51017,2020-04-22,0,13
Elzele,51017,2020-04-23,0,13
Elzele,51017,2020-04-24,0,13
Elzele,51017,2020-04-25,1,14
Elzele,51017,2020-04-26,0,14
Elzele,51017,2020-04-27,0,14
Elzele,51017,2020-04-28,1,15
Elzele,51017,2020-04-29,0,15
Elzele,51017,2020-04-30,1,16
Elzele,51017,2020-05-01,0,16
Elzele,51017,2020-05-02,0,16
Elzele,51017,2020-05-03,0,16
Elzele,51017,2020-05-04,0,16
Elzele,51017,2020-05-05,0,16
Elzele,51017,2020-05-06,1,17
Elzele,51017,2020-05-07,0,17
Elzele,51017,2020-05-08,0,17
Elzele,51017,2020-05-09,0,17
Elzele,51017,2020-05-10,0,17
Elzele,51017,2020-05-11,1,18
Elzele,51017,2020-05-12,1,19
Elzele,51017,2020-05-13,0,19
Elzele,51017,2020-05-14,0,19
Elzele,51017,2020-05-15,0,19
Elzele,51017,2020-05-16,0,19
Elzele,51017,2020-05-17,0,19
Elzele,51017,2020-05-18,0,19
Elzele,51017,2020-05-19,0,19
Elzele,51017,2020-05-20,0,19
Elzele,51017,2020-05-21,0,19
Elzele,51017,2020-05-22,0,19
Elzele,51017,2020-05-23,0,19
Elzele,51017,2020-05-24,0,19
Elzele,51017,2020-05-25,1,20
Elzele,51017,2020-05-26,0,20
Elzele,51017,2020-05-27,0,20
Elzele,51017,2020-05-28,0,20
Elzele,51017,2020-05-29,0,20
Elzele,51017,2020-05-30,0,20
Elzele,51017,2020-05-31,0,20
Elzele,51017,2020-06-01,0,20
Elzele,51017,2020-06-02,0,20
Elzele,51017,2020-06-03,0,20
Elzele,51017,2020-06-04,0,20
Elzele,51017,2020-06-05,0,20
Elzele,51017,2020-06-06,0,20
Elzele,51017,2020-06-07,0,20
Elzele,51017,2020-06-08,0,20
Elzele,51017,2020-06-09,0,20
Elzele,51017,2020-06-10,0,20
Elzele,51017,2020-06-11,0,20
Elzele,51017,2020-06-12,0,20
Elzele,51017,2020-06-13,0,20
Elzele,51017,2020-06-14,0,20
Elzele,51017,2020-06-15,0,20
Elzele,51017,2020-06-16,0,20
Elzele,51017,2020-06-17,0,20
Elzele,51017,2020-06-18,0,20
Elzele,51017,2020-06-19,0,20
Elzele,51017,2020-06-20,0,20
Elzele,51017,2020-06-23,0,20
Elzele,51017,2020-06-24,0,20
Elzele,51017,2020-06-25,0,20
Elzele,51017,2020-06-26,0,20
Elzele,51017,2020-06-27,0,20
Elzele,51017,2020-06-30,0,20
Elzele,51017,2020-07-01,0,20
Elzele,51017,2020-07-02,0,20
Elzele,51017,2020-07-03,0,20
Elzele,51017,2020-07-04,0,20
Elzele,51017,2020-07-07,0,20
Elzele,51017,2020-07-08,0,20
Elzele,51017,2020-07-09,0,20
Elzele,51017,2020-07-10,0,20
Elzele,51017,2020-07-11,0,20
Elzele,51017,2020-07-14,0,20
Elzele,51017,2020-07-15,0,20
Elzele,51017,2020-07-16,0,20
Elzele,51017,2020-07-17,0,20
Elzele,51017,2020-07-18,0,20
Elzele,51017,2020-07-20,0,20
Elzele,51017,2020-07-21,0,20
Elzele,51017,2020-07-22,0,20
Elzele,51017,2020-07-23,0,20
Elzele,51017,2020-07-24,0,20
Elzele,51017,2020-07-25,0,20
Elzele,51017,2020-07-26,0,20
Elzele,51017,2020-07-27,0,20
Elzele,51017,2020-07-28,0,20
Elzele,51017,2020-07-29,0,20
Elzele,51017,2020-07-30,0,20
Elzele,51017,2020-07-31,0,20
Elzele,51017,2020-08-01,0,20
Elzele,51017,2020-08-02,0,20
Elzele,51017,2020-08-03,0,20
Elzele,51017,2020-08-04,0,20
Elzele,51017,2020-08-05,0,20
Elzele,51017,2020-08-06,0,20
Elzele,51017,2020-08-07,0,20
Elzele,51017,2020-08-08,0,20
Elzele,51017,2020-08-09,0,20
Elzele,51017,2020-08-10,0,20
Elzele,51017,2020-08-11,0,20
Elzele,51017,2020-08-12,0,20
Elzele,51017,2020-08-13,0,20
Elzele,51017,2020-08-14,0,20
Elzele,51017,2020-08-15,0,20
Elzele,51017,2020-08-16,0,20
Elzele,51017,2020-08-17,0,20
Elzele,51017,2020-08-18,0,20
Elzele,51017,2020-08-19,0,20
Elzele,51017,2020-08-20,0,20
Elzele,51017,2020-08-21,0,20
Elzele,51017,2020-08-22,0,20
Elzele,51017,2020-08-23,0,20
Elzele,51017,2020-08-24,0,20
Elzele,51017,2020-08-25,0,20
Elzele,51017,2020-08-26,0,20
Elzele,51017,2020-08-27,0,20
Elzele,51017,2020-08-28,0,20
Elzele,51017,2020-08-29,0,20
Elzele,51017,2020-08-30,0,20
Elzele,51017,2020-08-31,0,20
Elzele,51017,2020-09-01,0,20
Elzele,51017,2020-09-02,0,20
Elzele,51017,2020-09-03,0,20
Elzele,51017,2020-09-04,0,20
Elzele,51017,2020-09-05,0,20
Elzele,51017,2020-09-06,1,21
Elzele,51017,2020-09-07,0,21
Elzele,51017,2020-09-08,0,21
Elzele,51017,2020-09-09,0,21
Elzele,51017,2020-09-10,0,21
Elzele,51017,2020-09-11,0,21
Elzele,51017,2020-09-12,0,21
Elzele,51017,2020-09-13,0,21
Elzele,51017,2020-09-14,0,21
Elzele,51017,2020-09-15,0,21
Elzele,51017,2020-09-16,0,21
Elzele,51017,2020-09-17,0,21
Elzele,51017,2020-09-18,0,21
Elzele,51017,2020-09-19,1,22
Elzele,51017,2020-09-20,0,22
Elzele,51017,2020-09-21,0,22
Elzele,51017,2020-09-22,0,22
Elzele,51017,2020-09-23,0,22
Elzele,51017,2020-09-24,0,22
Elzele,51017,2020-09-25,0,22
Elzele,51017,2020-09-26,1,23
Elzele,51017,2020-09-27,1,24
Elzele,51017,2020-09-28,0,24
Elzele,51017,2020-09-29,0,24
Elzele,51017,2020-09-30,1,25
Elzele,51017,2020-10-01,0,25
Elzele,51017,2020-10-02,1,26
Elzele,51017,2020-10-03,2,28
Elzele,51017,2020-10-04,1,29
Elzele,51017,2020-10-05,1,30
Elzele,51017,2020-10-06,0,30
Elzele,51017,2020-10-07,1,31
Elzele,51017,2020-10-08,2,33
Elzele,51017,2020-10-09,11,44
Elzele,51017,2020-10-10,6,50
Elzele,51017,2020-10-11,10,60
Elzele,51017,2020-10-12,8,68
Elzele,51017,2020-10-13,4,72
Elzele,51017,2020-10-14,3,75
Elzele,51017,2020-10-15,3,78
Elzele,51017,2020-10-16,5,83
Elzele,51017,2020-10-17,10,93
Elzele,51017,2020-10-18,1,94
Elzele,51017,2020-10-19,11,105
Elzele,51017,2020-10-20,4,109
Elzele,51017,2020-10-21,3,112
Elzele,51017,2020-10-22,4,116
Elzele,51017,2020-10-23,8,124
Elzele,51017,2020-10-24,6,130
Elzele,51017,2020-10-25,16,146
Elzele,51017,2020-10-26,2,148
Elzele,51017,2020-10-27,2,150
Elzele,51017,2020-10-28,11,161
Elzele,51017,2020-10-29,9,170
Elzele,51017,2020-10-30,9,179
Elzele,51017,2020-10-31,7,186
Elzele,51017,2020-11-01,9,195
Elzele,51017,2020-11-02,5,200
Elzele,51017,2020-11-03,1,201
Elzele,51017,2020-11-04,9,210
Elzele,51017,2020-11-05,11,221
Elzele,51017,2020-11-06,11,232
Elzele,51017,2020-11-07,8,240
Elzele,51017,2020-11-08,4,244
Elzele,51017,2020-11-09,1,245
Elzele,51017,2020-11-10,5,250
Elzele,51017,2020-11-11,4,254
Vloesberg,51019,2020-04-01,2,9
Vloesberg,51019,2020-04-02,0,9
Vloesberg,51019,2020-04-03,0,9
Vloesberg,51019,2020-04-04,2,11
Vloesberg,51019,2020-04-05,0,11
Vloesberg,51019,2020-04-06,1,12
Vloesberg,51019,2020-04-07,5,17
Vloesberg,51019,2020-04-08,0,17
Vloesberg,51019,2020-04-09,2,19
Vloesberg,51019,2020-04-10,4,23
Vloesberg,51019,2020-04-11,0,23
Vloesberg,51019,2020-04-12,0,23
Vloesberg,51019,2020-04-13,0,23
Vloesberg,51019,2020-04-14,0,23
Vloesberg,51019,2020-04-15,0,23
Vloesberg,51019,2020-04-16,2,25
Vloesberg,51019,2020-04-17,0,25
Vloesberg,51019,2020-04-18,0,25
Vloesberg,51019,2020-04-19,1,26
Vloesberg,51019,2020-04-20,0,26
Vloesberg,51019,2020-04-21,0,26
Vloesberg,51019,2020-04-22,0,26
Vloesberg,51019,2020-04-23,1,27
Vloesberg,51019,2020-04-24,0,27
Vloesberg,51019,2020-04-25,0,27
Vloesberg,51019,2020-04-26,0,27
Vloesberg,51019,2020-04-27,0,27
Vloesberg,51019,2020-04-28,0,27
Vloesberg,51019,2020-04-29,0,27
Vloesberg,51019,2020-04-30,0,27
Vloesberg,51019,2020-05-01,0,27
Vloesberg,51019,2020-05-02,0,27
Vloesberg,51019,2020-05-03,0,27
Vloesberg,51019,2020-05-04,0,27
Vloesberg,51019,2020-05-05,0,27
Vloesberg,51019,2020-05-06,1,28
Vloesberg,51019,2020-05-07,0,28
Vloesberg,51019,2020-05-08,0,28
Vloesberg,51019,2020-05-09,0,28
Vloesberg,51019,2020-05-10,0,28
Vloesberg,51019,2020-05-11,0,28
Vloesberg,51019,2020-05-12,0,28
Vloesberg,51019,2020-05-13,0,28
Vloesberg,51019,2020-05-14,0,28
Vloesberg,51019,2020-05-15,0,28
Vloesberg,51019,2020-05-16,0,28
Vloesberg,51019,2020-05-17,0,28
Vloesberg,51019,2020-05-18,0,28
Vloesberg,51019,2020-05-19,0,28
Vloesberg,51019,2020-05-20,0,28
Vloesberg,51019,2020-05-21,0,28
Vloesberg,51019,2020-05-22,1,29
Vloesberg,51019,2020-05-23,0,29
Vloesberg,51019,2020-05-24,0,29
Vloesberg,51019,2020-05-25,0,29
Vloesberg,51019,2020-05-26,0,29
Vloesberg,51019,2020-05-27,0,29
Vloesberg,51019,2020-05-28,0,29
Vloesberg,51019,2020-05-29,0,29
Vloesberg,51019,2020-05-30,0,29
Vloesberg,51019,2020-05-31,0,29
Vloesberg,51019,2020-06-01,0,29
Vloesberg,51019,2020-06-02,0,29
Vloesberg,51019,2020-06-03,0,29
Vloesberg,51019,2020-06-04,0,29
Vloesberg,51019,2020-06-05,0,29
Vloesberg,51019,2020-06-06,0,29
Vloesberg,51019,2020-06-07,0,29
Vloesberg,51019,2020-06-08,0,29
Vloesberg,51019,2020-06-09,0,29
Vloesberg,51019,2020-06-10,0,29
Vloesberg,51019,2020-06-11,0,29
Vloesberg,51019,2020-06-12,0,29
Vloesberg,51019,2020-06-13,0,29
Vloesberg,51019,2020-06-14,0,29
Vloesberg,51019,2020-06-15,0,29
Vloesberg,51019,2020-06-16,0,29
Vloesberg,51019,2020-06-17,0,29
Vloesberg,51019,2020-06-18,0,29
Vloesberg,51019,2020-06-19,0,29
Vloesberg,51019,2020-06-20,0,29
Vloesberg,51019,2020-06-23,0,29
Vloesberg,51019,2020-06-24,0,29
Vloesberg,51019,2020-06-25,0,29
Vloesberg,51019,2020-06-26,0,29
Vloesberg,51019,2020-06-27,0,29
Vloesberg,51019,2020-06-30,0,29
Vloesberg,51019,2020-07-01,0,29
Vloesberg,51019,2020-07-02,0,29
Vloesberg,51019,2020-07-03,0,29
Vloesberg,51019,2020-07-04,0,29
Vloesberg,51019,2020-07-07,0,29
Vloesberg,51019,2020-07-08,0,29
Vloesberg,51019,2020-07-09,0,29
Vloesberg,51019,2020-07-10,0,29
Vloesberg,51019,2020-07-11,0,29
Vloesberg,51019,2020-07-14,0,29
Vloesberg,51019,2020-07-15,0,29
Vloesberg,51019,2020-07-16,0,29
Vloesberg,51019,2020-07-17,0,29
Vloesberg,51019,2020-07-18,0,29
Vloesberg,51019,2020-07-20,0,29
Vloesberg,51019,2020-07-21,0,29
Vloesberg,51019,2020-07-22,0,29
Vloesberg,51019,2020-07-23,0,29
Vloesberg,51019,2020-07-24,0,29
Vloesberg,51019,2020-07-25,0,29
Vloesberg,51019,2020-07-26,0,29
Vloesberg,51019,2020-07-27,0,29
Vloesberg,51019,2020-07-28,0,29
Vloesberg,51019,2020-07-29,0,29
Vloesberg,51019,2020-07-30,0,29
Vloesberg,51019,2020-07-31,0,29
Vloesberg,51019,2020-08-01,1,30
Vloesberg,51019,2020-08-02,0,30
Vloesberg,51019,2020-08-03,0,30
Vloesberg,51019,2020-08-04,0,30
Vloesberg,51019,2020-08-05,0,30
Vloesberg,51019,2020-08-06,0,30
Vloesberg,51019,2020-08-07,0,30
Vloesberg,51019,2020-08-08,0,30
Vloesberg,51019,2020-08-09,0,30
Vloesberg,51019,2020-08-10,0,30
Vloesberg,51019,2020-08-11,0,30
Vloesberg,51019,2020-08-12,0,30
Vloesberg,51019,2020-08-13,0,30
Vloesberg,51019,2020-08-14,0,30
Vloesberg,51019,2020-08-15,0,30
Vloesberg,51019,2020-08-16,0,30
Vloesberg,51019,2020-08-17,0,30
Vloesberg,51019,2020-08-18,0,30
Vloesberg,51019,2020-08-19,0,30
Vloesberg,51019,2020-08-20,0,30
Vloesberg,51019,2020-08-21,0,30
Vloesberg,51019,2020-08-22,0,30
Vloesberg,51019,2020-08-23,0,30
Vloesberg,51019,2020-08-24,0,30
Vloesberg,51019,2020-08-25,0,30
Vloesberg,51019,2020-08-26,0,30
Vloesberg,51019,2020-08-27,0,30
Vloesberg,51019,2020-08-28,0,30
Vloesberg,51019,2020-08-29,0,30
Vloesberg,51019,2020-08-30,0,30
Vloesberg,51019,2020-08-31,0,30
Vloesberg,51019,2020-09-01,0,30
Vloesberg,51019,2020-09-02,0,30
Vloesberg,51019,2020-09-03,0,30
Vloesberg,51019,2020-09-04,0,30
Vloesberg,51019,2020-09-05,0,30
Vloesberg,51019,2020-09-06,0,30
Vloesberg,51019,2020-09-07,0,30
Vloesberg,51019,2020-09-08,0,30
Vloesberg,51019,2020-09-09,0,30
Vloesberg,51019,2020-09-10,0,30
Vloesberg,51019,2020-09-11,0,30
Vloesberg,51019,2020-09-12,0,30
Vloesberg,51019,2020-09-13,0,30
Vloesberg,51019,2020-09-14,0,30
Vloesberg,51019,2020-09-15,0,30
Vloesberg,51019,2020-09-16,0,30
Vloesberg,51019,2020-09-17,0,30
Vloesberg,51019,2020-09-18,0,30
Vloesberg,51019,2020-09-19,0,30
Vloesberg,51019,2020-09-20,0,30
Vloesberg,51019,2020-09-21,0,30
Vloesberg,51019,2020-09-22,0,30
Vloesberg,51019,2020-09-23,0,30
Vloesberg,51019,2020-09-24,0,30
Vloesberg,51019,2020-09-25,0,30
Vloesberg,51019,2020-09-26,0,30
Vloesberg,51019,2020-09-27,6,36
Vloesberg,51019,2020-09-28,0,36
Vloesberg,51019,2020-09-29,1,37
Vloesberg,51019,2020-09-30,0,37
Vloesberg,51019,2020-10-01,0,37
Vloesberg,51019,2020-10-02,0,37
Vloesberg,51019,2020-10-03,0,37
Vloesberg,51019,2020-10-04,0,37
Vloesberg,51019,2020-10-05,0,37
Vloesberg,51019,2020-10-06,0,37
Vloesberg,51019,2020-10-07,0,37
Vloesberg,51019,2020-10-08,0,37
Vloesberg,51019,2020-10-09,3,40
Vloesberg,51019,2020-10-10,1,41
Vloesberg,51019,2020-10-11,4,45
Vloesberg,51019,2020-10-12,1,46
Vloesberg,51019,2020-10-13,1,47
Vloesberg,51019,2020-10-14,2,49
Vloesberg,51019,2020-10-15,3,52
Vloesberg,51019,2020-10-16,4,56
Vloesberg,51019,2020-10-17,2,58
Vloesberg,51019,2020-10-18,2,60
Vloesberg,51019,2020-10-19,3,63
Vloesberg,51019,2020-10-20,2,65
Vloesberg,51019,2020-10-21,2,67
Vloesberg,51019,2020-10-22,3,70
Vloesberg,51019,2020-10-23,4,74
Vloesberg,51019,2020-10-24,7,81
Vloesberg,51019,2020-10-25,5,86
Vloesberg,51019,2020-10-26,2,88
Vloesberg,51019,2020-10-27,5,93
Vloesberg,51019,2020-10-28,2,95
Vloesberg,51019,2020-10-29,8,103
Vloesberg,51019,2020-10-30,13,116
Vloesberg,51019,2020-10-31,9,125
Vloesberg,51019,2020-11-01,4,129
Vloesberg,51019,2020-11-02,3,132
Vloesberg,51019,2020-11-03,2,134
Vloesberg,51019,2020-11-04,2,136
Vloesberg,51019,2020-11-05,6,142
Vloesberg,51019,2020-11-06,5,147
Vloesberg,51019,2020-11-07,7,154
Vloesberg,51019,2020-11-08,7,161
Vloesberg,51019,2020-11-09,3,164
Vloesberg,51019,2020-11-10,0,164
Vloesberg,51019,2020-11-11,5,169
Frasnes-lez-Anvaing,51065,2020-04-01,3,9
Frasnes-lez-Anvaing,51065,2020-04-02,0,9
Frasnes-lez-Anvaing,51065,2020-04-03,1,10
Frasnes-lez-Anvaing,51065,2020-04-04,5,15
Frasnes-lez-Anvaing,51065,2020-04-05,1,16
Frasnes-lez-Anvaing,51065,2020-04-06,0,16
Frasnes-lez-Anvaing,51065,2020-04-07,3,19
Frasnes-lez-Anvaing,51065,2020-04-08,0,19
Frasnes-lez-Anvaing,51065,2020-04-09,2,21
Frasnes-lez-Anvaing,51065,2020-04-10,0,21
Frasnes-lez-Anvaing,51065,2020-04-11,1,22
Frasnes-lez-Anvaing,51065,2020-04-12,0,22
Frasnes-lez-Anvaing,51065,2020-04-13,0,22
Frasnes-lez-Anvaing,51065,2020-04-14,0,22
Frasnes-lez-Anvaing,51065,2020-04-15,2,24
Frasnes-lez-Anvaing,51065,2020-04-16,2,26
Frasnes-lez-Anvaing,51065,2020-04-17,1,27
Frasnes-lez-Anvaing,51065,2020-04-18,0,27
Frasnes-lez-Anvaing,51065,2020-04-19,1,28
Frasnes-lez-Anvaing,51065,2020-04-20,0,28
Frasnes-lez-Anvaing,51065,2020-04-21,2,30
Frasnes-lez-Anvaing,51065,2020-04-22,0,30
Frasnes-lez-Anvaing,51065,2020-04-23,0,30
Frasnes-lez-Anvaing,51065,2020-04-24,0,30
Frasnes-lez-Anvaing,51065,2020-04-25,0,30
Frasnes-lez-Anvaing,51065,2020-04-26,0,30
Frasnes-lez-Anvaing,51065,2020-04-27,0,30
Frasnes-lez-Anvaing,51065,2020-04-28,0,30
Frasnes-lez-Anvaing,51065,2020-04-29,1,31
Frasnes-lez-Anvaing,51065,2020-04-30,1,32
Frasnes-lez-Anvaing,51065,2020-05-01,0,32
Frasnes-lez-Anvaing,51065,2020-05-02,0,32
Frasnes-lez-Anvaing,51065,2020-05-03,0,32
Frasnes-lez-Anvaing,51065,2020-05-04,0,32
Frasnes-lez-Anvaing,51065,2020-05-05,0,32
Frasnes-lez-Anvaing,51065,2020-05-06,0,32
Frasnes-lez-Anvaing,51065,2020-05-07,0,32
Frasnes-lez-Anvaing,51065,2020-05-08,1,33
Frasnes-lez-Anvaing,51065,2020-05-09,1,34
Frasnes-lez-Anvaing,51065,2020-05-10,0,34
Frasnes-lez-Anvaing,51065,2020-05-11,0,34
Frasnes-lez-Anvaing,51065,2020-05-12,0,34
Frasnes-lez-Anvaing,51065,2020-05-13,0,34
Frasnes-lez-Anvaing,51065,2020-05-14,0,34
Frasnes-lez-Anvaing,51065,2020-05-15,0,34
Frasnes-lez-Anvaing,51065,2020-05-16,0,34
Frasnes-lez-Anvaing,51065,2020-05-17,0,34
Frasnes-lez-Anvaing,51065,2020-05-18,0,34
Frasnes-lez-Anvaing,51065,2020-05-19,0,34
Frasnes-lez-Anvaing,51065,2020-05-20,2,36
Frasnes-lez-Anvaing,51065,2020-05-21,0,36
Frasnes-lez-Anvaing,51065,2020-05-22,1,37
Frasnes-lez-Anvaing,51065,2020-05-23,0,37
Frasnes-lez-Anvaing,51065,2020-05-24,0,37
Frasnes-lez-Anvaing,51065,2020-05-25,0,37
Frasnes-lez-Anvaing,51065,2020-05-26,0,37
Frasnes-lez-Anvaing,51065,2020-05-27,0,37
Frasnes-lez-Anvaing,51065,2020-05-28,0,37
Frasnes-lez-Anvaing,51065,2020-05-29,0,37
Frasnes-lez-Anvaing,51065,2020-05-30,0,37
Frasnes-lez-Anvaing,51065,2020-05-31,0,37
Frasnes-lez-Anvaing,51065,2020-06-01,0,37
Frasnes-lez-Anvaing,51065,2020-06-02,0,37
Frasnes-lez-Anvaing,51065,2020-06-03,0,37
Frasnes-lez-Anvaing,51065,2020-06-04,1,38
Frasnes-lez-Anvaing,51065,2020-06-05,0,38
Frasnes-lez-Anvaing,51065,2020-06-06,0,38
Frasnes-lez-Anvaing,51065,2020-06-07,0,38
Frasnes-lez-Anvaing,51065,2020-06-08,0,38
Frasnes-lez-Anvaing,51065,2020-06-09,0,38
Frasnes-lez-Anvaing,51065,2020-06-10,0,38
Frasnes-lez-Anvaing,51065,2020-06-11,0,38
Frasnes-lez-Anvaing,51065,2020-06-12,0,38
Frasnes-lez-Anvaing,51065,2020-06-13,0,38
Frasnes-lez-Anvaing,51065,2020-06-14,0,38
Frasnes-lez-Anvaing,51065,2020-06-15,1,39
Frasnes-lez-Anvaing,51065,2020-06-16,0,39
Frasnes-lez-Anvaing,51065,2020-06-17,0,39
Frasnes-lez-Anvaing,51065,2020-06-18,0,39
Frasnes-lez-Anvaing,51065,2020-06-19,0,39
Frasnes-lez-Anvaing,51065,2020-06-20,0,39
Frasnes-lez-Anvaing,51065,2020-06-23,0,39
Frasnes-lez-Anvaing,51065,2020-06-24,0,39
Frasnes-lez-Anvaing,51065,2020-06-25,0,39
Frasnes-lez-Anvaing,51065,2020-06-26,0,39
Frasnes-lez-Anvaing,51065,2020-06-27,0,39
Frasnes-lez-Anvaing,51065,2020-06-30,0,39
Frasnes-lez-Anvaing,51065,2020-07-01,0,39
Frasnes-lez-Anvaing,51065,2020-07-02,0,39
Frasnes-lez-Anvaing,51065,2020-07-03,0,39
Frasnes-lez-Anvaing,51065,2020-07-04,0,39
Frasnes-lez-Anvaing,51065,2020-07-07,0,39
Frasnes-lez-Anvaing,51065,2020-07-08,0,39
Frasnes-lez-Anvaing,51065,2020-07-09,0,39
Frasnes-lez-Anvaing,51065,2020-07-10,1,40
Frasnes-lez-Anvaing,51065,2020-07-11,0,40
Frasnes-lez-Anvaing,51065,2020-07-14,0,40
Frasnes-lez-Anvaing,51065,2020-07-15,0,40
Frasnes-lez-Anvaing,51065,2020-07-16,0,40
Frasnes-lez-Anvaing,51065,2020-07-17,2,42
Frasnes-lez-Anvaing,51065,2020-07-18,0,42
Frasnes-lez-Anvaing,51065,2020-07-20,0,42
Frasnes-lez-Anvaing,51065,2020-07-21,0,42
Frasnes-lez-Anvaing,51065,2020-07-22,0,42
Frasnes-lez-Anvaing,51065,2020-07-23,0,42
Frasnes-lez-Anvaing,51065,2020-07-24,0,42
Frasnes-lez-Anvaing,51065,2020-07-25,1,43
Frasnes-lez-Anvaing,51065,2020-07-26,0,43
Frasnes-lez-Anvaing,51065,2020-07-27,0,43
Frasnes-lez-Anvaing,51065,2020-07-28,0,43
Frasnes-lez-Anvaing,51065,2020-07-29,1,44
Frasnes-lez-Anvaing,51065,2020-07-30,0,44
Frasnes-lez-Anvaing,51065,2020-07-31,0,44
Frasnes-lez-Anvaing,51065,2020-08-01,0,44
Frasnes-lez-Anvaing,51065,2020-08-02,0,44
Frasnes-lez-Anvaing,51065,2020-08-03,0,44
Frasnes-lez-Anvaing,51065,2020-08-04,0,44
Frasnes-lez-Anvaing,51065,2020-08-05,0,44
Frasnes-lez-Anvaing,51065,2020-08-06,0,44
Frasnes-lez-Anvaing,51065,2020-08-07,0,44
Frasnes-lez-Anvaing,51065,2020-08-08,0,44
Frasnes-lez-Anvaing,51065,2020-08-09,0,44
Frasnes-lez-Anvaing,51065,2020-08-10,1,45
Frasnes-lez-Anvaing,51065,2020-08-11,0,45
Frasnes-lez-Anvaing,51065,2020-08-12,0,45
Frasnes-lez-Anvaing,51065,2020-08-13,0,45
Frasnes-lez-Anvaing,51065,2020-08-14,1,46
Frasnes-lez-Anvaing,51065,2020-08-15,0,46
Frasnes-lez-Anvaing,51065,2020-08-16,0,46
Frasnes-lez-Anvaing,51065,2020-08-17,0,46
Frasnes-lez-Anvaing,51065,2020-08-18,0,46
Frasnes-lez-Anvaing,51065,2020-08-19,0,46
Frasnes-lez-Anvaing,51065,2020-08-20,0,46
Frasnes-lez-Anvaing,51065,2020-08-21,0,46
Frasnes-lez-Anvaing,51065,2020-08-22,0,46
Frasnes-lez-Anvaing,51065,2020-08-23,0,46
Frasnes-lez-Anvaing,51065,2020-08-24,0,46
Frasnes-lez-Anvaing,51065,2020-08-25,0,46
Frasnes-lez-Anvaing,51065,2020-08-26,0,46
Frasnes-lez-Anvaing,51065,2020-08-27,0,46
Frasnes-lez-Anvaing,51065,2020-08-28,0,46
Frasnes-lez-Anvaing,51065,2020-08-29,0,46
Frasnes-lez-Anvaing,51065,2020-08-30,0,46
Frasnes-lez-Anvaing,51065,2020-08-31,0,46
Frasnes-lez-Anvaing,51065,2020-09-01,0,46
Frasnes-lez-Anvaing,51065,2020-09-02,0,46
Frasnes-lez-Anvaing,51065,2020-09-03,0,46
Frasnes-lez-Anvaing,51065,2020-09-04,5,51
Frasnes-lez-Anvaing,51065,2020-09-05,1,52
Frasnes-lez-Anvaing,51065,2020-09-06,1,53
Frasnes-lez-Anvaing,51065,2020-09-07,0,53
Frasnes-lez-Anvaing,51065,2020-09-08,0,53
Frasnes-lez-Anvaing,51065,2020-09-09,0,53
Frasnes-lez-Anvaing,51065,2020-09-10,0,53
Frasnes-lez-Anvaing,51065,2020-09-11,1,54
Frasnes-lez-Anvaing,51065,2020-09-12,0,54
Frasnes-lez-Anvaing,51065,2020-09-13,0,54
Frasnes-lez-Anvaing,51065,2020-09-14,0,54
Frasnes-lez-Anvaing,51065,2020-09-15,0,54
Frasnes-lez-Anvaing,51065,2020-09-16,0,54
Frasnes-lez-Anvaing,51065,2020-09-17,0,54
Frasnes-lez-Anvaing,51065,2020-09-18,2,56
Frasnes-lez-Anvaing,51065,2020-09-19,2,58
Frasnes-lez-Anvaing,51065,2020-09-20,0,58
Frasnes-lez-Anvaing,51065,2020-09-21,1,59
Frasnes-lez-Anvaing,51065,2020-09-22,0,59
Frasnes-lez-Anvaing,51065,2020-09-23,2,61
Frasnes-lez-Anvaing,51065,2020-09-24,11,72
Frasnes-lez-Anvaing,51065,2020-09-25,5,77
Frasnes-lez-Anvaing,51065,2020-09-26,3,80
Frasnes-lez-Anvaing,51065,2020-09-27,6,86
Frasnes-lez-Anvaing,51065,2020-09-28,1,87
Frasnes-lez-Anvaing,51065,2020-09-29,0,87
Frasnes-lez-Anvaing,51065,2020-09-30,6,93
Frasnes-lez-Anvaing,51065,2020-10-01,0,93
Frasnes-lez-Anvaing,51065,2020-10-02,7,100
Frasnes-lez-Anvaing,51065,2020-10-03,4,104
Frasnes-lez-Anvaing,51065,2020-10-04,3,107
Frasnes-lez-Anvaing,51065,2020-10-05,4,111
Frasnes-lez-Anvaing,51065,2020-10-06,4,115
Frasnes-lez-Anvaing,51065,2020-10-07,4,119
Frasnes-lez-Anvaing,51065,2020-10-08,9,128
Frasnes-lez-Anvaing,51065,2020-10-09,14,142
Frasnes-lez-Anvaing,51065,2020-10-10,16,158
Frasnes-lez-Anvaing,51065,2020-10-11,20,178
Frasnes-lez-Anvaing,51065,2020-10-12,12,190
Frasnes-lez-Anvaing,51065,2020-10-13,14,204
Frasnes-lez-Anvaing,51065,2020-10-14,7,211
Frasnes-lez-Anvaing,51065,2020-10-15,7,218
Frasnes-lez-Anvaing,51065,2020-10-16,19,237
Frasnes-lez-Anvaing,51065,2020-10-17,14,251
Frasnes-lez-Anvaing,51065,2020-10-18,7,258
Frasnes-lez-Anvaing,51065,2020-10-19,26,284
Frasnes-lez-Anvaing,51065,2020-10-20,8,292
Frasnes-lez-Anvaing,51065,2020-10-21,17,309
Frasnes-lez-Anvaing,51065,2020-10-22,13,322
Frasnes-lez-Anvaing,51065,2020-10-23,19,341
Frasnes-lez-Anvaing,51065,2020-10-24,28,369
Frasnes-lez-Anvaing,51065,2020-10-25,45,414
Frasnes-lez-Anvaing,51065,2020-10-26,19,433
Frasnes-lez-Anvaing,51065,2020-10-27,19,452
Frasnes-lez-Anvaing,51065,2020-10-28,18,470
Frasnes-lez-Anvaing,51065,2020-10-29,39,509
Frasnes-lez-Anvaing,51065,2020-10-30,33,542
Frasnes-lez-Anvaing,51065,2020-10-31,19,561
Frasnes-lez-Anvaing,51065,2020-11-01,23,584
Frasnes-lez-Anvaing,51065,2020-11-02,10,594
Frasnes-lez-Anvaing,51065,2020-11-03,10,604
Frasnes-lez-Anvaing,51065,2020-11-04,13,617
Frasnes-lez-Anvaing,51065,2020-11-05,24,641
Frasnes-lez-Anvaing,51065,2020-11-06,11,652
Frasnes-lez-Anvaing,51065,2020-11-07,9,661
Frasnes-lez-Anvaing,51065,2020-11-08,9,670
Frasnes-lez-Anvaing,51065,2020-11-09,9,679
Frasnes-lez-Anvaing,51065,2020-11-10,4,683
Frasnes-lez-Anvaing,51065,2020-11-11,5,688
Edingen,51067,2020-04-01,3,13
Edingen,51067,2020-04-02,0,13
Edingen,51067,2020-04-03,1,14
Edingen,51067,2020-04-04,2,16
Edingen,51067,2020-04-05,2,18
Edingen,51067,2020-04-06,0,18
Edingen,51067,2020-04-07,1,19
Edingen,51067,2020-04-08,0,19
Edingen,51067,2020-04-09,0,19
Edingen,51067,2020-04-10,0,19
Edingen,51067,2020-04-11,2,21
Edingen,51067,2020-04-12,1,22
Edingen,51067,2020-04-13,2,24
Edingen,51067,2020-04-14,0,24
Edingen,51067,2020-04-15,3,27
Edingen,51067,2020-04-16,1,28
Edingen,51067,2020-04-17,0,28
Edingen,51067,2020-04-18,0,28
Edingen,51067,2020-04-19,1,29
Edingen,51067,2020-04-20,1,30
Edingen,51067,2020-04-21,0,30
Edingen,51067,2020-04-22,0,30
Edingen,51067,2020-04-23,2,32
Edingen,51067,2020-04-24,0,32
Edingen,51067,2020-04-25,1,33
Edingen,51067,2020-04-26,14,47
Edingen,51067,2020-04-27,7,54
Edingen,51067,2020-04-28,0,54
Edingen,51067,2020-04-29,1,55
Edingen,51067,2020-04-30,0,55
Edingen,51067,2020-05-01,0,55
Edingen,51067,2020-05-02,0,55
Edingen,51067,2020-05-03,0,55
Edingen,51067,2020-05-04,0,55
Edingen,51067,2020-05-05,0,55
Edingen,51067,2020-05-06,0,55
Edingen,51067,2020-05-07,0,55
Edingen,51067,2020-05-08,0,55
Edingen,51067,2020-05-09,0,55
Edingen,51067,2020-05-10,0,55
Edingen,51067,2020-05-11,0,55
Edingen,51067,2020-05-12,0,55
Edingen,51067,2020-05-13,2,57
Edingen,51067,2020-05-14,1,58
Edingen,51067,2020-05-15,0,58
Edingen,51067,2020-05-16,1,59
Edingen,51067,2020-05-17,0,59
Edingen,51067,2020-05-18,0,59
Edingen,51067,2020-05-19,0,59
Edingen,51067,2020-05-20,0,59
Edingen,51067,2020-05-21,0,59
Edingen,51067,2020-05-22,0,59
Edingen,51067,2020-05-23,0,59
Edingen,51067,2020-05-24,0,59
Edingen,51067,2020-05-25,0,59
Edingen,51067,2020-05-26,0,59
Edingen,51067,2020-05-27,0,59
Edingen,51067,2020-05-28,0,59
Edingen,51067,2020-05-29,0,59
Edingen,51067,2020-05-30,0,59
Edingen,51067,2020-05-31,0,59
Edingen,51067,2020-06-01,0,59
Edingen,51067,2020-06-02,0,59
Edingen,51067,2020-06-03,0,59
Edingen,51067,2020-06-04,0,59
Edingen,51067,2020-06-05,0,59
Edingen,51067,2020-06-06,0,59
Edingen,51067,2020-06-07,0,59
Edingen,51067,2020-06-08,0,59
Edingen,51067,2020-06-09,0,59
Edingen,51067,2020-06-10,0,59
Edingen,51067,2020-06-11,0,59
Edingen,51067,2020-06-12,0,59
Edingen,51067,2020-06-13,1,60
Edingen,51067,2020-06-14,0,60
Edingen,51067,2020-06-15,0,60
Edingen,51067,2020-06-16,0,60
Edingen,51067,2020-06-17,0,60
Edingen,51067,2020-06-18,0,60
Edingen,51067,2020-06-19,0,60
Edingen,51067,2020-06-20,0,60
Edingen,51067,2020-06-23,0,60
Edingen,51067,2020-06-24,1,61
Edingen,51067,2020-06-25,0,61
Edingen,51067,2020-06-26,0,61
Edingen,51067,2020-06-27,1,62
Edingen,51067,2020-06-30,0,62
Edingen,51067,2020-07-01,0,62
Edingen,51067,2020-07-02,0,62
Edingen,51067,2020-07-03,0,62
Edingen,51067,2020-07-04,0,62
Edingen,51067,2020-07-07,0,62
Edingen,51067,2020-07-08,0,62
Edingen,51067,2020-07-09,0,62
Edingen,51067,2020-07-10,0,62
Edingen,51067,2020-07-11,0,62
Edingen,51067,2020-07-14,0,62
Edingen,51067,2020-07-15,0,62
Edingen,51067,2020-07-16,0,62
Edingen,51067,2020-07-17,0,62
Edingen,51067,2020-07-18,0,62
Edingen,51067,2020-07-20,0,62
Edingen,51067,2020-07-21,0,62
Edingen,51067,2020-07-22,0,62
Edingen,51067,2020-07-23,0,62
Edingen,51067,2020-07-24,0,62
Edingen,51067,2020-07-25,0,62
Edingen,51067,2020-07-26,0,62
Edingen,51067,2020-07-27,0,62
Edingen,51067,2020-07-28,1,63
Edingen,51067,2020-07-29,0,63
Edingen,51067,2020-07-30,1,64
Edingen,51067,2020-07-31,0,64
Edingen,51067,2020-08-01,0,64
Edingen,51067,2020-08-02,1,65
Edingen,51067,2020-08-03,0,65
Edingen,51067,2020-08-04,0,65
Edingen,51067,2020-08-05,0,65
Edingen,51067,2020-08-06,2,67
Edingen,51067,2020-08-07,0,67
Edingen,51067,2020-08-08,0,67
Edingen,51067,2020-08-09,0,67
Edingen,51067,2020-08-10,0,67
Edingen,51067,2020-08-11,0,67
Edingen,51067,2020-08-12,1,68
Edingen,51067,2020-08-13,1,69
Edingen,51067,2020-08-14,0,69
Edingen,51067,2020-08-15,0,69
Edingen,51067,2020-08-16,1,70
Edingen,51067,2020-08-17,0,70
Edingen,51067,2020-08-18,0,70
Edingen,51067,2020-08-19,0,70
Edingen,51067,2020-08-20,3,73
Edingen,51067,2020-08-21,0,73
Edingen,51067,2020-08-22,1,74
Edingen,51067,2020-08-23,2,76
Edingen,51067,2020-08-24,0,76
Edingen,51067,2020-08-25,0,76
Edingen,51067,2020-08-26,0,76
Edingen,51067,2020-08-27,0,76
Edingen,51067,2020-08-28,1,77
Edingen,51067,2020-08-29,0,77
Edingen,51067,2020-08-30,1,78
Edingen,51067,2020-08-31,0,78
Edingen,51067,2020-09-01,0,78
Edingen,51067,2020-09-02,0,78
Edingen,51067,2020-09-03,0,78
Edingen,51067,2020-09-04,7,85
Edingen,51067,2020-09-05,3,88
Edingen,51067,2020-09-06,0,88
Edingen,51067,2020-09-07,3,91
Edingen,51067,2020-09-08,1,92
Edingen,51067,2020-09-09,0,92
Edingen,51067,2020-09-10,0,92
Edingen,51067,2020-09-11,0,92
Edingen,51067,2020-09-12,0,92
Edingen,51067,2020-09-13,0,92
Edingen,51067,2020-09-14,2,94
Edingen,51067,2020-09-15,0,94
Edingen,51067,2020-09-16,0,94
Edingen,51067,2020-09-17,1,95
Edingen,51067,2020-09-18,5,100
Edingen,51067,2020-09-19,0,100
Edingen,51067,2020-09-20,1,101
Edingen,51067,2020-09-21,0,101
Edingen,51067,2020-09-22,3,104
Edingen,51067,2020-09-23,1,105
Edingen,51067,2020-09-24,5,110
Edingen,51067,2020-09-25,3,113
Edingen,51067,2020-09-26,5,118
Edingen,51067,2020-09-27,6,124
Edingen,51067,2020-09-28,4,128
Edingen,51067,2020-09-29,0,128
Edingen,51067,2020-09-30,2,130
Edingen,51067,2020-10-01,2,132
Edingen,51067,2020-10-02,4,136
Edingen,51067,2020-10-03,4,140
Edingen,51067,2020-10-04,2,142
Edingen,51067,2020-10-05,2,144
Edingen,51067,2020-10-06,16,160
Edingen,51067,2020-10-07,1,161
Edingen,51067,2020-10-08,0,161
Edingen,51067,2020-10-09,6,167
Edingen,51067,2020-10-10,2,169
Edingen,51067,2020-10-11,19,188
Edingen,51067,2020-10-12,13,201
Edingen,51067,2020-10-13,15,216
Edingen,51067,2020-10-14,6,222
Edingen,51067,2020-10-15,6,228
Edingen,51067,2020-10-16,20,248
Edingen,51067,2020-10-17,28,276
Edingen,51067,2020-10-18,11,287
Edingen,51067,2020-10-19,13,300
Edingen,51067,2020-10-20,6,306
Edingen,51067,2020-10-21,12,318
Edingen,51067,2020-10-22,13,331
Edingen,51067,2020-10-23,15,346
Edingen,51067,2020-10-24,26,372
Edingen,51067,2020-10-25,29,401
Edingen,51067,2020-10-26,19,420
Edingen,51067,2020-10-27,13,433
Edingen,51067,2020-10-28,19,452
Edingen,51067,2020-10-29,21,473
Edingen,51067,2020-10-30,22,495
Edingen,51067,2020-10-31,21,516
Edingen,51067,2020-11-01,19,535
Edingen,51067,2020-11-02,11,546
Edingen,51067,2020-11-03,12,558
Edingen,51067,2020-11-04,3,561
Edingen,51067,2020-11-05,16,577
Edingen,51067,2020-11-06,5,582
Edingen,51067,2020-11-07,8,590
Edingen,51067,2020-11-08,7,597
Edingen,51067,2020-11-09,8,605
Edingen,51067,2020-11-10,3,608
Edingen,51067,2020-11-11,5,613
Opzullik,51068,2020-04-01,0,6
Opzullik,51068,2020-04-02,0,6
Opzullik,51068,2020-04-03,1,7
Opzullik,51068,2020-04-04,0,7
Opzullik,51068,2020-04-05,0,7
Opzullik,51068,2020-04-06,0,7
Opzullik,51068,2020-04-07,1,8
Opzullik,51068,2020-04-08,1,9
Opzullik,51068,2020-04-09,3,12
Opzullik,51068,2020-04-10,1,13
Opzullik,51068,2020-04-11,0,13
Opzullik,51068,2020-04-12,0,13
Opzullik,51068,2020-04-13,0,13
Opzullik,51068,2020-04-14,2,15
Opzullik,51068,2020-04-15,0,15
Opzullik,51068,2020-04-16,1,16
Opzullik,51068,2020-04-17,1,17
Opzullik,51068,2020-04-18,1,18
Opzullik,51068,2020-04-19,2,20
Opzullik,51068,2020-04-20,0,20
Opzullik,51068,2020-04-21,0,20
Opzullik,51068,2020-04-22,0,20
Opzullik,51068,2020-04-23,0,20
Opzullik,51068,2020-04-24,0,20
Opzullik,51068,2020-04-25,0,20
Opzullik,51068,2020-04-26,0,20
Opzullik,51068,2020-04-27,1,21
Opzullik,51068,2020-04-28,0,21
Opzullik,51068,2020-04-29,1,22
Opzullik,51068,2020-04-30,0,22
Opzullik,51068,2020-05-01,0,22
Opzullik,51068,2020-05-02,0,22
Opzullik,51068,2020-05-03,0,22
Opzullik,51068,2020-05-04,0,22
Opzullik,51068,2020-05-05,0,22
Opzullik,51068,2020-05-06,0,22
Opzullik,51068,2020-05-07,0,22
Opzullik,51068,2020-05-08,0,22
Opzullik,51068,2020-05-09,0,22
Opzullik,51068,2020-05-10,0,22
Opzullik,51068,2020-05-11,0,22
Opzullik,51068,2020-05-12,0,22
Opzullik,51068,2020-05-13,0,22
Opzullik,51068,2020-05-14,0,22
Opzullik,51068,2020-05-15,0,22
Opzullik,51068,2020-05-16,0,22
Opzullik,51068,2020-05-17,0,22
Opzullik,51068,2020-05-18,0,22
Opzullik,51068,2020-05-19,0,22
Opzullik,51068,2020-05-20,0,22
Opzullik,51068,2020-05-21,0,22
Opzullik,51068,2020-05-22,0,22
Opzullik,51068,2020-05-23,0,22
Opzullik,51068,2020-05-24,1,23
Opzullik,51068,2020-05-25,0,23
Opzullik,51068,2020-05-26,0,23
Opzullik,51068,2020-05-27,0,23
Opzullik,51068,2020-05-28,0,23
Opzullik,51068,2020-05-29,0,23
Opzullik,51068,2020-05-30,0,23
Opzullik,51068,2020-05-31,0,23
Opzullik,51068,2020-06-01,0,23
Opzullik,51068,2020-06-02,0,23
Opzullik,51068,2020-06-03,0,23
Opzullik,51068,2020-06-04,0,23
Opzullik,51068,2020-06-05,0,23
Opzullik,51068,2020-06-06,0,23
Opzullik,51068,2020-06-07,0,23
Opzullik,51068,2020-06-08,1,24
Opzullik,51068,2020-06-09,0,24
Opzullik,51068,2020-06-10,0,24
Opzullik,51068,2020-06-11,0,24
Opzullik,51068,2020-06-12,0,24
Opzullik,51068,2020-06-13,0,24
Opzullik,51068,2020-06-14,0,24
Opzullik,51068,2020-06-15,0,24
Opzullik,51068,2020-06-16,0,24
Opzullik,51068,2020-06-17,0,24
Opzullik,51068,2020-06-18,0,24
Opzullik,51068,2020-06-19,0,24
Opzullik,51068,2020-06-20,0,24
Opzullik,51068,2020-06-23,0,24
Opzullik,51068,2020-06-24,0,24
Opzullik,51068,2020-06-25,0,24
Opzullik,51068,2020-06-26,0,24
Opzullik,51068,2020-06-27,0,24
Opzullik,51068,2020-06-30,0,24
Opzullik,51068,2020-07-01,0,24
Opzullik,51068,2020-07-02,0,24
Opzullik,51068,2020-07-03,0,24
Opzullik,51068,2020-07-04,0,24
Opzullik,51068,2020-07-07,0,24
Opzullik,51068,2020-07-08,0,24
Opzullik,51068,2020-07-09,0,24
Opzullik,51068,2020-07-10,0,24
Opzullik,51068,2020-07-11,0,24
Opzullik,51068,2020-07-14,0,24
Opzullik,51068,2020-07-15,0,24
Opzullik,51068,2020-07-16,0,24
Opzullik,51068,2020-07-17,0,24
Opzullik,51068,2020-07-18,0,24
Opzullik,51068,2020-07-20,0,24
Opzullik,51068,2020-07-21,0,24
Opzullik,51068,2020-07-22,0,24
Opzullik,51068,2020-07-23,0,24
Opzullik,51068,2020-07-24,0,24
Opzullik,51068,2020-07-25,0,24
Opzullik,51068,2020-07-26,0,24
Opzullik,51068,2020-07-27,0,24
Opzullik,51068,2020-07-28,0,24
Opzullik,51068,2020-07-29,0,24
Opzullik,51068,2020-07-30,0,24
Opzullik,51068,2020-07-31,0,24
Opzullik,51068,2020-08-01,1,25
Opzullik,51068,2020-08-02,0,25
Opzullik,51068,2020-08-03,0,25
Opzullik,51068,2020-08-04,0,25
Opzullik,51068,2020-08-05,0,25
Opzullik,51068,2020-08-06,1,26
Opzullik,51068,2020-08-07,0,26
Opzullik,51068,2020-08-08,0,26
Opzullik,51068,2020-08-09,0,26
Opzullik,51068,2020-08-10,0,26
Opzullik,51068,2020-08-11,0,26
Opzullik,51068,2020-08-12,1,27
Opzullik,51068,2020-08-13,0,27
Opzullik,51068,2020-08-14,1,28
Opzullik,51068,2020-08-15,0,28
Opzullik,51068,2020-08-16,0,28
Opzullik,51068,2020-08-17,0,28
Opzullik,51068,2020-08-18,0,28
Opzullik,51068,2020-08-19,0,28
Opzullik,51068,2020-08-20,1,29
Opzullik,51068,2020-08-21,0,29
Opzullik,51068,2020-08-22,0,29
Opzullik,51068,2020-08-23,0,29
Opzullik,51068,2020-08-24,0,29
Opzullik,51068,2020-08-25,0,29
Opzullik,51068,2020-08-26,0,29
Opzullik,51068,2020-08-27,1,30
Opzullik,51068,2020-08-28,0,30
Opzullik,51068,2020-08-29,1,31
Opzullik,51068,2020-08-30,2,33
Opzullik,51068,2020-08-31,0,33
Opzullik,51068,2020-09-01,0,33
Opzullik,51068,2020-09-02,0,33
Opzullik,51068,2020-09-03,0,33
Opzullik,51068,2020-09-04,1,34
Opzullik,51068,2020-09-05,0,34
Opzullik,51068,2020-09-06,0,34
Opzullik,51068,2020-09-07,0,34
Opzullik,51068,2020-09-08,0,34
Opzullik,51068,2020-09-09,0,34
Opzullik,51068,2020-09-10,0,34
Opzullik,51068,2020-09-11,0,34
Opzullik,51068,2020-09-12,0,34
Opzullik,51068,2020-09-13,0,34
Opzullik,51068,2020-09-14,1,35
Opzullik,51068,2020-09-15,0,35
Opzullik,51068,2020-09-16,0,35
Opzullik,51068,2020-09-17,0,35
Opzullik,51068,2020-09-18,1,36
Opzullik,51068,2020-09-19,2,38
Opzullik,51068,2020-09-20,0,38
Opzullik,51068,2020-09-21,0,38
Opzullik,51068,2020-09-22,1,39
Opzullik,51068,2020-09-23,1,40
Opzullik,51068,2020-09-24,1,41
Opzullik,51068,2020-09-25,0,41
Opzullik,51068,2020-09-26,1,42
Opzullik,51068,2020-09-27,0,42
Opzullik,51068,2020-09-28,0,42
Opzullik,51068,2020-09-29,0,42
Opzullik,51068,2020-09-30,1,43
Opzullik,51068,2020-10-01,0,43
Opzullik,51068,2020-10-02,2,45
Opzullik,51068,2020-10-03,3,48
Opzullik,51068,2020-10-04,1,49
Opzullik,51068,2020-10-05,0,49
Opzullik,51068,2020-10-06,1,50
Opzullik,51068,2020-10-07,1,51
Opzullik,51068,2020-10-08,1,52
Opzullik,51068,2020-10-09,3,55
Opzullik,51068,2020-10-10,4,59
Opzullik,51068,2020-10-11,5,64
Opzullik,51068,2020-10-12,3,67
Opzullik,51068,2020-10-13,14,81
Opzullik,51068,2020-10-14,4,85
Opzullik,51068,2020-10-15,6,91
Opzullik,51068,2020-10-16,12,103
Opzullik,51068,2020-10-17,28,131
Opzullik,51068,2020-10-18,5,136
Opzullik,51068,2020-10-19,23,159
Opzullik,51068,2020-10-20,9,168
Opzullik,51068,2020-10-21,12,180
Opzullik,51068,2020-10-22,17,197
Opzullik,51068,2020-10-23,9,206
Opzullik,51068,2020-10-24,10,216
Opzullik,51068,2020-10-25,4,220
Opzullik,51068,2020-10-26,15,235
Opzullik,51068,2020-10-27,15,250
Opzullik,51068,2020-10-28,12,262
Opzullik,51068,2020-10-29,26,288
Opzullik,51068,2020-10-30,12,300
Opzullik,51068,2020-10-31,15,315
Opzullik,51068,2020-11-01,12,327
Opzullik,51068,2020-11-02,11,338
Opzullik,51068,2020-11-03,11,349
Opzullik,51068,2020-11-04,3,352
Opzullik,51068,2020-11-05,17,369
Opzullik,51068,2020-11-06,3,372
Opzullik,51068,2020-11-07,6,378
Opzullik,51068,2020-11-08,2,380
Opzullik,51068,2020-11-09,7,387
Opzullik,51068,2020-11-10,4,391
Opzullik,51068,2020-11-11,1,392
Lessen,51069,2020-04-01,2,16
Lessen,51069,2020-04-02,1,17
Lessen,51069,2020-04-03,1,18
Lessen,51069,2020-04-04,0,18
Lessen,51069,2020-04-05,0,18
Lessen,51069,2020-04-06,2,20
Lessen,51069,2020-04-07,3,23
Lessen,51069,2020-04-08,0,23
Lessen,51069,2020-04-09,0,23
Lessen,51069,2020-04-10,0,23
Lessen,51069,2020-04-11,0,23
Lessen,51069,2020-04-12,2,25
Lessen,51069,2020-04-13,0,25
Lessen,51069,2020-04-14,0,25
Lessen,51069,2020-04-15,4,29
Lessen,51069,2020-04-16,2,31
Lessen,51069,2020-04-17,1,32
Lessen,51069,2020-04-18,1,33
Lessen,51069,2020-04-19,1,34
Lessen,51069,2020-04-20,0,34
Lessen,51069,2020-04-21,1,35
Lessen,51069,2020-04-22,0,35
Lessen,51069,2020-04-23,1,36
Lessen,51069,2020-04-24,0,36
Lessen,51069,2020-04-25,1,37
Lessen,51069,2020-04-26,15,52
Lessen,51069,2020-04-27,0,52
Lessen,51069,2020-04-28,0,52
Lessen,51069,2020-04-29,0,52
Lessen,51069,2020-04-30,0,52
Lessen,51069,2020-05-01,0,52
Lessen,51069,2020-05-02,0,52
Lessen,51069,2020-05-03,0,52
Lessen,51069,2020-05-04,0,52
Lessen,51069,2020-05-05,0,52
Lessen,51069,2020-05-06,0,52
Lessen,51069,2020-05-07,2,54
Lessen,51069,2020-05-08,1,55
Lessen,51069,2020-05-09,0,55
Lessen,51069,2020-05-10,0,55
Lessen,51069,2020-05-11,1,56
Lessen,51069,2020-05-12,0,56
Lessen,51069,2020-05-13,0,56
Lessen,51069,2020-05-14,0,56
Lessen,51069,2020-05-15,0,56
Lessen,51069,2020-05-16,1,57
Lessen,51069,2020-05-17,0,57
Lessen,51069,2020-05-18,0,57
Lessen,51069,2020-05-19,0,57
Lessen,51069,2020-05-20,0,57
Lessen,51069,2020-05-21,1,58
Lessen,51069,2020-05-22,1,59
Lessen,51069,2020-05-23,0,59
Lessen,51069,2020-05-24,0,59
Lessen,51069,2020-05-25,0,59
Lessen,51069,2020-05-26,0,59
Lessen,51069,2020-05-27,0,59
Lessen,51069,2020-05-28,0,59
Lessen,51069,2020-05-29,0,59
Lessen,51069,2020-05-30,0,59
Lessen,51069,2020-05-31,0,59
Lessen,51069,2020-06-01,0,59
Lessen,51069,2020-06-02,0,59
Lessen,51069,2020-06-03,0,59
Lessen,51069,2020-06-04,0,59
Lessen,51069,2020-06-05,0,59
Lessen,51069,2020-06-06,0,59
Lessen,51069,2020-06-07,0,59
Lessen,51069,2020-06-08,0,59
Lessen,51069,2020-06-09,0,59
Lessen,51069,2020-06-10,0,59
Lessen,51069,2020-06-11,0,59
Lessen,51069,2020-06-12,0,59
Lessen,51069,2020-06-13,0,59
Lessen,51069,2020-06-14,0,59
Lessen,51069,2020-06-15,0,59
Lessen,51069,2020-06-16,1,60
Lessen,51069,2020-06-17,0,60
Lessen,51069,2020-06-18,0,60
Lessen,51069,2020-06-19,0,60
Lessen,51069,2020-06-20,0,60
Lessen,51069,2020-06-23,0,60
Lessen,51069,2020-06-24,0,60
Lessen,51069,2020-06-25,0,60
Lessen,51069,2020-06-26,0,60
Lessen,51069,2020-06-27,0,60
Lessen,51069,2020-06-30,0,60
Lessen,51069,2020-07-01,1,61
Lessen,51069,2020-07-02,0,61
Lessen,51069,2020-07-03,0,61
Lessen,51069,2020-07-04,0,61
Lessen,51069,2020-07-07,0,61
Lessen,51069,2020-07-08,0,61
Lessen,51069,2020-07-09,0,61
Lessen,51069,2020-07-10,0,61
Lessen,51069,2020-07-11,0,61
Lessen,51069,2020-07-14,0,61
Lessen,51069,2020-07-15,0,61
Lessen,51069,2020-07-16,1,62
Lessen,51069,2020-07-17,0,62
Lessen,51069,2020-07-18,0,62
Lessen,51069,2020-07-20,1,63
Lessen,51069,2020-07-21,0,63
Lessen,51069,2020-07-22,0,63
Lessen,51069,2020-07-23,0,63
Lessen,51069,2020-07-24,0,63
Lessen,51069,2020-07-25,0,63
Lessen,51069,2020-07-26,0,63
Lessen,51069,2020-07-27,0,63
Lessen,51069,2020-07-28,0,63
Lessen,51069,2020-07-29,1,64
Lessen,51069,2020-07-30,0,64
Lessen,51069,2020-07-31,0,64
Lessen,51069,2020-08-01,0,64
Lessen,51069,2020-08-02,1,65
Lessen,51069,2020-08-03,0,65
Lessen,51069,2020-08-04,0,65
Lessen,51069,2020-08-05,0,65
Lessen,51069,2020-08-06,0,65
Lessen,51069,2020-08-07,2,67
Lessen,51069,2020-08-08,0,67
Lessen,51069,2020-08-09,0,67
Lessen,51069,2020-08-10,1,68
Lessen,51069,2020-08-11,0,68
Lessen,51069,2020-08-12,0,68
Lessen,51069,2020-08-13,1,69
Lessen,51069,2020-08-14,0,69
Lessen,51069,2020-08-15,0,69
Lessen,51069,2020-08-16,0,69
Lessen,51069,2020-08-17,1,70
Lessen,51069,2020-08-18,0,70
Lessen,51069,2020-08-19,0,70
Lessen,51069,2020-08-20,0,70
Lessen,51069,2020-08-21,1,71
Lessen,51069,2020-08-22,0,71
Lessen,51069,2020-08-23,0,71
Lessen,51069,2020-08-24,1,72
Lessen,51069,2020-08-25,0,72
Lessen,51069,2020-08-26,0,72
Lessen,51069,2020-08-27,1,73
Lessen,51069,2020-08-28,0,73
Lessen,51069,2020-08-29,0,73
Lessen,51069,2020-08-30,1,74
Lessen,51069,2020-08-31,0,74
Lessen,51069,2020-09-01,0,74
Lessen,51069,2020-09-02,1,75
Lessen,51069,2020-09-03,0,75
Lessen,51069,2020-09-04,1,76
Lessen,51069,2020-09-05,0,76
Lessen,51069,2020-09-06,2,78
Lessen,51069,2020-09-07,0,78
Lessen,51069,2020-09-08,0,78
Lessen,51069,2020-09-09,0,78
Lessen,51069,2020-09-10,0,78
Lessen,51069,2020-09-11,1,79
Lessen,51069,2020-09-12,0,79
Lessen,51069,2020-09-13,1,80
Lessen,51069,2020-09-14,0,80
Lessen,51069,2020-09-15,2,82
Lessen,51069,2020-09-16,1,83
Lessen,51069,2020-09-17,0,83
Lessen,51069,2020-09-18,4,87
Lessen,51069,2020-09-19,2,89
Lessen,51069,2020-09-20,1,90
Lessen,51069,2020-09-21,2,92
Lessen,51069,2020-09-22,0,92
Lessen,51069,2020-09-23,3,95
Lessen,51069,2020-09-24,1,96
Lessen,51069,2020-09-25,2,98
Lessen,51069,2020-09-26,1,99
Lessen,51069,2020-09-27,3,102
Lessen,51069,2020-09-28,0,102
Lessen,51069,2020-09-29,0,102
Lessen,51069,2020-09-30,1,103
Lessen,51069,2020-10-01,5,108
Lessen,51069,2020-10-02,6,114
Lessen,51069,2020-10-03,2,116
Lessen,51069,2020-10-04,2,118
Lessen,51069,2020-10-05,0,118
Lessen,51069,2020-10-06,7,125
Lessen,51069,2020-10-07,3,128
Lessen,51069,2020-10-08,4,132
Lessen,51069,2020-10-09,7,139
Lessen,51069,2020-10-10,15,154
Lessen,51069,2020-10-11,16,170
Lessen,51069,2020-10-12,10,180
Lessen,51069,2020-10-13,13,193
Lessen,51069,2020-10-14,5,198
Lessen,51069,2020-10-15,7,205
Lessen,51069,2020-10-16,11,216
Lessen,51069,2020-10-17,17,233
Lessen,51069,2020-10-18,6,239
Lessen,51069,2020-10-19,18,257
Lessen,51069,2020-10-20,12,269
Lessen,51069,2020-10-21,10,279
Lessen,51069,2020-10-22,13,292
Lessen,51069,2020-10-23,26,318
Lessen,51069,2020-10-24,20,338
Lessen,51069,2020-10-25,46,384
Lessen,51069,2020-10-26,24,408
Lessen,51069,2020-10-27,30,438
Lessen,51069,2020-10-28,29,467
Lessen,51069,2020-10-29,44,511
Lessen,51069,2020-10-30,36,547
Lessen,51069,2020-10-31,25,572
Lessen,51069,2020-11-01,33,605
Lessen,51069,2020-11-02,18,623
Lessen,51069,2020-11-03,15,638
Lessen,51069,2020-11-04,15,653
Lessen,51069,2020-11-05,21,674
Lessen,51069,2020-11-06,14,688
Lessen,51069,2020-11-07,37,725
Lessen,51069,2020-11-08,6,731
Lessen,51069,2020-11-09,16,747
Lessen,51069,2020-11-10,3,750
Lessen,51069,2020-11-11,14,764
Chapelle-lez-Herlaimont,52010,2020-04-01,3,9
Chapelle-lez-Herlaimont,52010,2020-04-02,1,10
Chapelle-lez-Herlaimont,52010,2020-04-03,0,10
Chapelle-lez-Herlaimont,52010,2020-04-04,2,12
Chapelle-lez-Herlaimont,52010,2020-04-05,1,13
Chapelle-lez-Herlaimont,52010,2020-04-06,0,13
Chapelle-lez-Herlaimont,52010,2020-04-07,0,13
Chapelle-lez-Herlaimont,52010,2020-04-08,4,17
Chapelle-lez-Herlaimont,52010,2020-04-09,0,17
Chapelle-lez-Herlaimont,52010,2020-04-10,4,21
Chapelle-lez-Herlaimont,52010,2020-04-11,2,23
Chapelle-lez-Herlaimont,52010,2020-04-12,2,25
Chapelle-lez-Herlaimont,52010,2020-04-13,0,25
Chapelle-lez-Herlaimont,52010,2020-04-14,0,25
Chapelle-lez-Herlaimont,52010,2020-04-15,3,28
Chapelle-lez-Herlaimont,52010,2020-04-16,0,28
Chapelle-lez-Herlaimont,52010,2020-04-17,0,28
Chapelle-lez-Herlaimont,52010,2020-04-18,3,31
Chapelle-lez-Herlaimont,52010,2020-04-19,1,32
Chapelle-lez-Herlaimont,52010,2020-04-20,5,37
Chapelle-lez-Herlaimont,52010,2020-04-21,5,42
Chapelle-lez-Herlaimont,52010,2020-04-22,1,43
Chapelle-lez-Herlaimont,52010,2020-04-23,0,43
Chapelle-lez-Herlaimont,52010,2020-04-24,34,77
Chapelle-lez-Herlaimont,52010,2020-04-25,2,79
Chapelle-lez-Herlaimont,52010,2020-04-26,2,81
Chapelle-lez-Herlaimont,52010,2020-04-27,1,82
Chapelle-lez-Herlaimont,52010,2020-04-28,1,83
Chapelle-lez-Herlaimont,52010,2020-04-29,0,83
Chapelle-lez-Herlaimont,52010,2020-04-30,0,83
Chapelle-lez-Herlaimont,52010,2020-05-01,0,83
Chapelle-lez-Herlaimont,52010,2020-05-02,0,83
Chapelle-lez-Herlaimont,52010,2020-05-03,1,84
Chapelle-lez-Herlaimont,52010,2020-05-04,16,100
Chapelle-lez-Herlaimont,52010,2020-05-05,0,100
Chapelle-lez-Herlaimont,52010,2020-05-06,0,100
Chapelle-lez-Herlaimont,52010,2020-05-07,0,100
Chapelle-lez-Herlaimont,52010,2020-05-08,0,100
Chapelle-lez-Herlaimont,52010,2020-05-09,1,101
Chapelle-lez-Herlaimont,52010,2020-05-10,0,101
Chapelle-lez-Herlaimont,52010,2020-05-11,0,101
Chapelle-lez-Herlaimont,52010,2020-05-12,0,101
Chapelle-lez-Herlaimont,52010,2020-05-13,0,101
Chapelle-lez-Herlaimont,52010,2020-05-14,0,101
Chapelle-lez-Herlaimont,52010,2020-05-15,0,101
Chapelle-lez-Herlaimont,52010,2020-05-16,0,101
Chapelle-lez-Herlaimont,52010,2020-05-17,0,101
Chapelle-lez-Herlaimont,52010,2020-05-18,0,101
Chapelle-lez-Herlaimont,52010,2020-05-19,0,101
Chapelle-lez-Herlaimont,52010,2020-05-20,1,102
Chapelle-lez-Herlaimont,52010,2020-05-21,0,102
Chapelle-lez-Herlaimont,52010,2020-05-22,0,102
Chapelle-lez-Herlaimont,52010,2020-05-23,0,102
Chapelle-lez-Herlaimont,52010,2020-05-24,0,102
Chapelle-lez-Herlaimont,52010,2020-05-25,0,102
Chapelle-lez-Herlaimont,52010,2020-05-26,0,102
Chapelle-lez-Herlaimont,52010,2020-05-27,0,102
Chapelle-lez-Herlaimont,52010,2020-05-28,0,102
Chapelle-lez-Herlaimont,52010,2020-05-29,2,104
Chapelle-lez-Herlaimont,52010,2020-05-30,0,104
Chapelle-lez-Herlaimont,52010,2020-05-31,0,104
Chapelle-lez-Herlaimont,52010,2020-06-01,0,104
Chapelle-lez-Herlaimont,52010,2020-06-02,0,104
Chapelle-lez-Herlaimont,52010,2020-06-03,0,104
Chapelle-lez-Herlaimont,52010,2020-06-04,0,104
Chapelle-lez-Herlaimont,52010,2020-06-05,0,104
Chapelle-lez-Herlaimont,52010,2020-06-06,0,104
Chapelle-lez-Herlaimont,52010,2020-06-07,0,104
Chapelle-lez-Herlaimont,52010,2020-06-08,0,104
Chapelle-lez-Herlaimont,52010,2020-06-09,0,104
Chapelle-lez-Herlaimont,52010,2020-06-10,0,104
Chapelle-lez-Herlaimont,52010,2020-06-11,0,104
Chapelle-lez-Herlaimont,52010,2020-06-12,0,104
Chapelle-lez-Herlaimont,52010,2020-06-13,0,104
Chapelle-lez-Herlaimont,52010,2020-06-14,0,104
Chapelle-lez-Herlaimont,52010,2020-06-15,0,104
Chapelle-lez-Herlaimont,52010,2020-06-16,0,104
Chapelle-lez-Herlaimont,52010,2020-06-17,0,104
Chapelle-lez-Herlaimont,52010,2020-06-18,0,104
Chapelle-lez-Herlaimont,52010,2020-06-19,0,104
Chapelle-lez-Herlaimont,52010,2020-06-20,0,104
Chapelle-lez-Herlaimont,52010,2020-06-23,0,104
Chapelle-lez-Herlaimont,52010,2020-06-24,0,104
Chapelle-lez-Herlaimont,52010,2020-06-25,0,104
Chapelle-lez-Herlaimont,52010,2020-06-26,0,104
Chapelle-lez-Herlaimont,52010,2020-06-27,0,104
Chapelle-lez-Herlaimont,52010,2020-06-30,0,104
Chapelle-lez-Herlaimont,52010,2020-07-01,0,104
Chapelle-lez-Herlaimont,52010,2020-07-02,0,104
Chapelle-lez-Herlaimont,52010,2020-07-03,0,104
Chapelle-lez-Herlaimont,52010,2020-07-04,0,104
Chapelle-lez-Herlaimont,52010,2020-07-07,1,105
Chapelle-lez-Herlaimont,52010,2020-07-08,0,105
Chapelle-lez-Herlaimont,52010,2020-07-09,0,105
Chapelle-lez-Herlaimont,52010,2020-07-10,0,105
Chapelle-lez-Herlaimont,52010,2020-07-11,0,105
Chapelle-lez-Herlaimont,52010,2020-07-14,0,105
Chapelle-lez-Herlaimont,52010,2020-07-15,0,105
Chapelle-lez-Herlaimont,52010,2020-07-16,0,105
Chapelle-lez-Herlaimont,52010,2020-07-17,0,105
Chapelle-lez-Herlaimont,52010,2020-07-18,0,105
Chapelle-lez-Herlaimont,52010,2020-07-20,1,106
Chapelle-lez-Herlaimont,52010,2020-07-21,0,106
Chapelle-lez-Herlaimont,52010,2020-07-22,0,106
Chapelle-lez-Herlaimont,52010,2020-07-23,0,106
Chapelle-lez-Herlaimont,52010,2020-07-24,0,106
Chapelle-lez-Herlaimont,52010,2020-07-25,0,106
Chapelle-lez-Herlaimont,52010,2020-07-26,0,106
Chapelle-lez-Herlaimont,52010,2020-07-27,0,106
Chapelle-lez-Herlaimont,52010,2020-07-28,0,106
Chapelle-lez-Herlaimont,52010,2020-07-29,0,106
Chapelle-lez-Herlaimont,52010,2020-07-30,1,107
Chapelle-lez-Herlaimont,52010,2020-07-31,0,107
Chapelle-lez-Herlaimont,52010,2020-08-01,3,110
Chapelle-lez-Herlaimont,52010,2020-08-02,1,111
Chapelle-lez-Herlaimont,52010,2020-08-03,0,111
Chapelle-lez-Herlaimont,52010,2020-08-04,0,111
Chapelle-lez-Herlaimont,52010,2020-08-05,0,111
Chapelle-lez-Herlaimont,52010,2020-08-06,0,111
Chapelle-lez-Herlaimont,52010,2020-08-07,1,112
Chapelle-lez-Herlaimont,52010,2020-08-08,1,113
Chapelle-lez-Herlaimont,52010,2020-08-09,0,113
Chapelle-lez-Herlaimont,52010,2020-08-10,2,115
Chapelle-lez-Herlaimont,52010,2020-08-11,1,116
Chapelle-lez-Herlaimont,52010,2020-08-12,0,116
Chapelle-lez-Herlaimont,52010,2020-08-13,2,118
Chapelle-lez-Herlaimont,52010,2020-08-14,0,118
Chapelle-lez-Herlaimont,52010,2020-08-15,2,120
Chapelle-lez-Herlaimont,52010,2020-08-16,0,120
Chapelle-lez-Herlaimont,52010,2020-08-17,1,121
Chapelle-lez-Herlaimont,52010,2020-08-18,1,122
Chapelle-lez-Herlaimont,52010,2020-08-19,0,122
Chapelle-lez-Herlaimont,52010,2020-08-20,1,123
Chapelle-lez-Herlaimont,52010,2020-08-21,0,123
Chapelle-lez-Herlaimont,52010,2020-08-22,0,123
Chapelle-lez-Herlaimont,52010,2020-08-23,0,123
Chapelle-lez-Herlaimont,52010,2020-08-24,1,124
Chapelle-lez-Herlaimont,52010,2020-08-25,0,124
Chapelle-lez-Herlaimont,52010,2020-08-26,0,124
Chapelle-lez-Herlaimont,52010,2020-08-27,2,126
Chapelle-lez-Herlaimont,52010,2020-08-28,0,126
Chapelle-lez-Herlaimont,52010,2020-08-29,0,126
Chapelle-lez-Herlaimont,52010,2020-08-30,4,130
Chapelle-lez-Herlaimont,52010,2020-08-31,2,132
Chapelle-lez-Herlaimont,52010,2020-09-01,0,132
Chapelle-lez-Herlaimont,52010,2020-09-02,0,132
Chapelle-lez-Herlaimont,52010,2020-09-03,0,132
Chapelle-lez-Herlaimont,52010,2020-09-04,0,132
Chapelle-lez-Herlaimont,52010,2020-09-05,0,132
Chapelle-lez-Herlaimont,52010,2020-09-06,0,132
Chapelle-lez-Herlaimont,52010,2020-09-07,0,132
Chapelle-lez-Herlaimont,52010,2020-09-08,0,132
Chapelle-lez-Herlaimont,52010,2020-09-09,1,133
Chapelle-lez-Herlaimont,52010,2020-09-10,0,133
Chapelle-lez-Herlaimont,52010,2020-09-11,0,133
Chapelle-lez-Herlaimont,52010,2020-09-12,0,133
Chapelle-lez-Herlaimont,52010,2020-09-13,1,134
Chapelle-lez-Herlaimont,52010,2020-09-14,0,134
Chapelle-lez-Herlaimont,52010,2020-09-15,1,135
Chapelle-lez-Herlaimont,52010,2020-09-16,0,135
Chapelle-lez-Herlaimont,52010,2020-09-17,0,135
Chapelle-lez-Herlaimont,52010,2020-09-18,1,136
Chapelle-lez-Herlaimont,52010,2020-09-19,1,137
Chapelle-lez-Herlaimont,52010,2020-09-20,2,139
Chapelle-lez-Herlaimont,52010,2020-09-21,0,139
Chapelle-lez-Herlaimont,52010,2020-09-22,3,142
Chapelle-lez-Herlaimont,52010,2020-09-23,4,146
Chapelle-lez-Herlaimont,52010,2020-09-24,2,148
Chapelle-lez-Herlaimont,52010,2020-09-25,6,154
Chapelle-lez-Herlaimont,52010,2020-09-26,1,155
Chapelle-lez-Herlaimont,52010,2020-09-27,2,157
Chapelle-lez-Herlaimont,52010,2020-09-28,0,157
Chapelle-lez-Herlaimont,52010,2020-09-29,1,158
Chapelle-lez-Herlaimont,52010,2020-09-30,2,160
Chapelle-lez-Herlaimont,52010,2020-10-01,1,161
Chapelle-lez-Herlaimont,52010,2020-10-02,1,162
Chapelle-lez-Herlaimont,52010,2020-10-03,3,165
Chapelle-lez-Herlaimont,52010,2020-10-04,8,173
Chapelle-lez-Herlaimont,52010,2020-10-05,6,179
Chapelle-lez-Herlaimont,52010,2020-10-06,7,186
Chapelle-lez-Herlaimont,52010,2020-10-07,4,190
Chapelle-lez-Herlaimont,52010,2020-10-08,1,191
Chapelle-lez-Herlaimont,52010,2020-10-09,11,202
Chapelle-lez-Herlaimont,52010,2020-10-10,13,215
Chapelle-lez-Herlaimont,52010,2020-10-11,16,231
Chapelle-lez-Herlaimont,52010,2020-10-12,9,240
Chapelle-lez-Herlaimont,52010,2020-10-13,21,261
Chapelle-lez-Herlaimont,52010,2020-10-14,22,283
Chapelle-lez-Herlaimont,52010,2020-10-15,23,306
Chapelle-lez-Herlaimont,52010,2020-10-16,38,344
Chapelle-lez-Herlaimont,52010,2020-10-17,30,374
Chapelle-lez-Herlaimont,52010,2020-10-18,43,417
Chapelle-lez-Herlaimont,52010,2020-10-19,30,447
Chapelle-lez-Herlaimont,52010,2020-10-20,19,466
Chapelle-lez-Herlaimont,52010,2020-10-21,21,487
Chapelle-lez-Herlaimont,52010,2020-10-22,46,533
Chapelle-lez-Herlaimont,52010,2020-10-23,33,566
Chapelle-lez-Herlaimont,52010,2020-10-24,26,592
Chapelle-lez-Herlaimont,52010,2020-10-25,30,622
Chapelle-lez-Herlaimont,52010,2020-10-26,24,646
Chapelle-lez-Herlaimont,52010,2020-10-27,35,681
Chapelle-lez-Herlaimont,52010,2020-10-28,49,730
Chapelle-lez-Herlaimont,52010,2020-10-29,71,801
Chapelle-lez-Herlaimont,52010,2020-10-30,53,854
Chapelle-lez-Herlaimont,52010,2020-10-31,68,922
Chapelle-lez-Herlaimont,52010,2020-11-01,43,965
Chapelle-lez-Herlaimont,52010,2020-11-02,37,1002
Chapelle-lez-Herlaimont,52010,2020-11-03,17,1019
Chapelle-lez-Herlaimont,52010,2020-11-04,11,1030
Chapelle-lez-Herlaimont,52010,2020-11-05,35,1065
Chapelle-lez-Herlaimont,52010,2020-11-06,25,1090
Chapelle-lez-Herlaimont,52010,2020-11-07,16,1106
Chapelle-lez-Herlaimont,52010,2020-11-08,16,1122
Chapelle-lez-Herlaimont,52010,2020-11-09,27,1149
Chapelle-lez-Herlaimont,52010,2020-11-10,7,1156
Chapelle-lez-Herlaimont,52010,2020-11-11,13,1169
Charleroi,52011,2020-04-01,3,79
Charleroi,52011,2020-04-02,4,83
Charleroi,52011,2020-04-03,11,94
Charleroi,52011,2020-04-04,53,147
Charleroi,52011,2020-04-05,1,148
Charleroi,52011,2020-04-06,37,185
Charleroi,52011,2020-04-07,8,193
Charleroi,52011,2020-04-08,16,209
Charleroi,52011,2020-04-09,24,233
Charleroi,52011,2020-04-10,14,247
Charleroi,52011,2020-04-11,20,267
Charleroi,52011,2020-04-12,28,295
Charleroi,52011,2020-04-13,8,303
Charleroi,52011,2020-04-14,6,309
Charleroi,52011,2020-04-15,32,341
Charleroi,52011,2020-04-16,19,360
Charleroi,52011,2020-04-17,13,373
Charleroi,52011,2020-04-18,8,381
Charleroi,52011,2020-04-19,38,419
Charleroi,52011,2020-04-20,20,439
Charleroi,52011,2020-04-21,10,449
Charleroi,52011,2020-04-22,44,493
Charleroi,52011,2020-04-23,60,553
Charleroi,52011,2020-04-24,73,626
Charleroi,52011,2020-04-25,12,638
Charleroi,52011,2020-04-26,10,648
Charleroi,52011,2020-04-27,33,681
Charleroi,52011,2020-04-28,6,687
Charleroi,52011,2020-04-29,7,694
Charleroi,52011,2020-04-30,9,703
Charleroi,52011,2020-05-01,5,708
Charleroi,52011,2020-05-02,8,716
Charleroi,52011,2020-05-03,3,719
Charleroi,52011,2020-05-04,2,721
Charleroi,52011,2020-05-05,1,722
Charleroi,52011,2020-05-06,2,724
Charleroi,52011,2020-05-07,5,729
Charleroi,52011,2020-05-08,5,734
Charleroi,52011,2020-05-09,12,746
Charleroi,52011,2020-05-10,9,755
Charleroi,52011,2020-05-11,0,755
Charleroi,52011,2020-05-12,5,760
Charleroi,52011,2020-05-13,8,768
Charleroi,52011,2020-05-14,5,773
Charleroi,52011,2020-05-15,5,778
Charleroi,52011,2020-05-16,2,780
Charleroi,52011,2020-05-17,4,784
Charleroi,52011,2020-05-18,6,790
Charleroi,52011,2020-05-19,3,793
Charleroi,52011,2020-05-20,2,795
Charleroi,52011,2020-05-21,3,798
Charleroi,52011,2020-05-22,4,802
Charleroi,52011,2020-05-23,6,808
Charleroi,52011,2020-05-24,8,816
Charleroi,52011,2020-05-25,2,818
Charleroi,52011,2020-05-26,1,819
Charleroi,52011,2020-05-27,2,821
Charleroi,52011,2020-05-28,3,824
Charleroi,52011,2020-05-29,0,824
Charleroi,52011,2020-05-30,8,832
Charleroi,52011,2020-05-31,1,833
Charleroi,52011,2020-06-01,2,835
Charleroi,52011,2020-06-02,2,837
Charleroi,52011,2020-06-03,1,838
Charleroi,52011,2020-06-04,0,838
Charleroi,52011,2020-06-05,1,839
Charleroi,52011,2020-06-06,1,840
Charleroi,52011,2020-06-07,0,840
Charleroi,52011,2020-06-08,2,842
Charleroi,52011,2020-06-09,2,844
Charleroi,52011,2020-06-10,2,846
Charleroi,52011,2020-06-11,5,851
Charleroi,52011,2020-06-12,1,852
Charleroi,52011,2020-06-13,1,853
Charleroi,52011,2020-06-14,2,855
Charleroi,52011,2020-06-15,2,857
Charleroi,52011,2020-06-16,2,859
Charleroi,52011,2020-06-17,0,859
Charleroi,52011,2020-06-18,0,859
Charleroi,52011,2020-06-19,1,860
Charleroi,52011,2020-06-20,1,861
Charleroi,52011,2020-06-23,0,861
Charleroi,52011,2020-06-24,1,862
Charleroi,52011,2020-06-25,1,863
Charleroi,52011,2020-06-26,2,865
Charleroi,52011,2020-06-27,2,867
Charleroi,52011,2020-06-30,2,869
Charleroi,52011,2020-07-01,1,870
Charleroi,52011,2020-07-02,0,870
Charleroi,52011,2020-07-03,0,870
Charleroi,52011,2020-07-04,0,870
Charleroi,52011,2020-07-07,1,871
Charleroi,52011,2020-07-08,0,871
Charleroi,52011,2020-07-09,0,871
Charleroi,52011,2020-07-10,0,871
Charleroi,52011,2020-07-11,1,872
Charleroi,52011,2020-07-14,1,873
Charleroi,52011,2020-07-15,1,874
Charleroi,52011,2020-07-16,3,877
Charleroi,52011,2020-07-17,2,879
Charleroi,52011,2020-07-18,3,882
Charleroi,52011,2020-07-20,9,891
Charleroi,52011,2020-07-21,6,897
Charleroi,52011,2020-07-22,5,902
Charleroi,52011,2020-07-23,11,913
Charleroi,52011,2020-07-24,1,914
Charleroi,52011,2020-07-25,16,930
Charleroi,52011,2020-07-26,1,931
Charleroi,52011,2020-07-27,2,933
Charleroi,52011,2020-07-28,8,941
Charleroi,52011,2020-07-29,2,943
Charleroi,52011,2020-07-30,8,951
Charleroi,52011,2020-07-31,9,960
Charleroi,52011,2020-08-01,14,974
Charleroi,52011,2020-08-02,3,977
Charleroi,52011,2020-08-03,14,991
Charleroi,52011,2020-08-04,6,997
Charleroi,52011,2020-08-05,5,1002
Charleroi,52011,2020-08-06,7,1009
Charleroi,52011,2020-08-07,14,1023
Charleroi,52011,2020-08-08,24,1047
Charleroi,52011,2020-08-09,11,1058
Charleroi,52011,2020-08-10,48,1106
Charleroi,52011,2020-08-11,10,1116
Charleroi,52011,2020-08-12,3,1119
Charleroi,52011,2020-08-13,13,1132
Charleroi,52011,2020-08-14,15,1147
Charleroi,52011,2020-08-15,34,1181
Charleroi,52011,2020-08-16,21,1202
Charleroi,52011,2020-08-17,13,1215
Charleroi,52011,2020-08-18,1,1216
Charleroi,52011,2020-08-19,0,1216
Charleroi,52011,2020-08-20,16,1232
Charleroi,52011,2020-08-21,28,1260
Charleroi,52011,2020-08-22,10,1270
Charleroi,52011,2020-08-23,13,1283
Charleroi,52011,2020-08-24,24,1307
Charleroi,52011,2020-08-25,5,1312
Charleroi,52011,2020-08-26,3,1315
Charleroi,52011,2020-08-27,8,1323
Charleroi,52011,2020-08-28,11,1334
Charleroi,52011,2020-08-29,8,1342
Charleroi,52011,2020-08-30,8,1350
Charleroi,52011,2020-08-31,15,1365
Charleroi,52011,2020-09-01,4,1369
Charleroi,52011,2020-09-02,3,1372
Charleroi,52011,2020-09-03,10,1382
Charleroi,52011,2020-09-04,5,1387
Charleroi,52011,2020-09-05,15,1402
Charleroi,52011,2020-09-06,10,1412
Charleroi,52011,2020-09-07,17,1429
Charleroi,52011,2020-09-08,8,1437
Charleroi,52011,2020-09-09,2,1439
Charleroi,52011,2020-09-10,11,1450
Charleroi,52011,2020-09-11,7,1457
Charleroi,52011,2020-09-12,15,1472
Charleroi,52011,2020-09-13,13,1485
Charleroi,52011,2020-09-14,20,1505
Charleroi,52011,2020-09-15,14,1519
Charleroi,52011,2020-09-16,5,1524
Charleroi,52011,2020-09-17,12,1536
Charleroi,52011,2020-09-18,17,1553
Charleroi,52011,2020-09-19,13,1566
Charleroi,52011,2020-09-20,20,1586
Charleroi,52011,2020-09-21,6,1592
Charleroi,52011,2020-09-22,36,1628
Charleroi,52011,2020-09-23,31,1659
Charleroi,52011,2020-09-24,42,1701
Charleroi,52011,2020-09-25,18,1719
Charleroi,52011,2020-09-26,46,1765
Charleroi,52011,2020-09-27,20,1785
Charleroi,52011,2020-09-28,10,1795
Charleroi,52011,2020-09-29,20,1815
Charleroi,52011,2020-09-30,19,1834
Charleroi,52011,2020-10-01,23,1857
Charleroi,52011,2020-10-02,48,1905
Charleroi,52011,2020-10-03,66,1971
Charleroi,52011,2020-10-04,50,2021
Charleroi,52011,2020-10-05,45,2066
Charleroi,52011,2020-10-06,39,2105
Charleroi,52011,2020-10-07,34,2139
Charleroi,52011,2020-10-08,59,2198
Charleroi,52011,2020-10-09,124,2322
Charleroi,52011,2020-10-10,71,2393
Charleroi,52011,2020-10-11,143,2536
Charleroi,52011,2020-10-12,111,2647
Charleroi,52011,2020-10-13,121,2768
Charleroi,52011,2020-10-14,135,2903
Charleroi,52011,2020-10-15,117,3020
Charleroi,52011,2020-10-16,231,3251
Charleroi,52011,2020-10-17,283,3534
Charleroi,52011,2020-10-18,198,3732
Charleroi,52011,2020-10-19,195,3927
Charleroi,52011,2020-10-20,171,4098
Charleroi,52011,2020-10-21,159,4257
Charleroi,52011,2020-10-22,315,4572
Charleroi,52011,2020-10-23,302,4874
Charleroi,52011,2020-10-24,325,5199
Charleroi,52011,2020-10-25,433,5632
Charleroi,52011,2020-10-26,442,6074
Charleroi,52011,2020-10-27,255,6329
Charleroi,52011,2020-10-28,314,6643
Charleroi,52011,2020-10-29,360,7003
Charleroi,52011,2020-10-30,640,7643
Charleroi,52011,2020-10-31,591,8234
Charleroi,52011,2020-11-01,491,8725
Charleroi,52011,2020-11-02,444,9169
Charleroi,52011,2020-11-03,266,9435
Charleroi,52011,2020-11-04,131,9566
Charleroi,52011,2020-11-05,428,9994
Charleroi,52011,2020-11-06,514,10508
Charleroi,52011,2020-11-07,281,10789
Charleroi,52011,2020-11-08,153,10942
Charleroi,52011,2020-11-09,341,11283
Charleroi,52011,2020-11-10,101,11384
Charleroi,52011,2020-11-11,188,11572
Châtelet,52012,2020-04-01,1,19
Châtelet,52012,2020-04-02,0,19
Châtelet,52012,2020-04-03,0,19
Châtelet,52012,2020-04-04,4,23
Châtelet,52012,2020-04-05,1,24
Châtelet,52012,2020-04-06,9,33
Châtelet,52012,2020-04-07,1,34
Châtelet,52012,2020-04-08,4,38
Châtelet,52012,2020-04-09,4,42
Châtelet,52012,2020-04-10,4,46
Châtelet,52012,2020-04-11,1,47
Châtelet,52012,2020-04-12,10,57
Châtelet,52012,2020-04-13,4,61
Châtelet,52012,2020-04-14,0,61
Châtelet,52012,2020-04-15,3,64
Châtelet,52012,2020-04-16,4,68
Châtelet,52012,2020-04-17,3,71
Châtelet,52012,2020-04-18,8,79
Châtelet,52012,2020-04-19,12,91
Châtelet,52012,2020-04-20,10,101
Châtelet,52012,2020-04-21,0,101
Châtelet,52012,2020-04-22,15,116
Châtelet,52012,2020-04-23,4,120
Châtelet,52012,2020-04-24,5,125
Châtelet,52012,2020-04-25,1,126
Châtelet,52012,2020-04-26,0,126
Châtelet,52012,2020-04-27,0,126
Châtelet,52012,2020-04-28,2,128
Châtelet,52012,2020-04-29,0,128
Châtelet,52012,2020-04-30,0,128
Châtelet,52012,2020-05-01,1,129
Châtelet,52012,2020-05-02,1,130
Châtelet,52012,2020-05-03,1,131
Châtelet,52012,2020-05-04,0,131
Châtelet,52012,2020-05-05,0,131
Châtelet,52012,2020-05-06,1,132
Châtelet,52012,2020-05-07,0,132
Châtelet,52012,2020-05-08,0,132
Châtelet,52012,2020-05-09,1,133
Châtelet,52012,2020-05-10,1,134
Châtelet,52012,2020-05-11,0,134
Châtelet,52012,2020-05-12,1,135
Châtelet,52012,2020-05-13,-1,134
Châtelet,52012,2020-05-14,2,136
Châtelet,52012,2020-05-15,1,137
Châtelet,52012,2020-05-16,0,137
Châtelet,52012,2020-05-17,1,138
Châtelet,52012,2020-05-18,0,138
Châtelet,52012,2020-05-19,0,138
Châtelet,52012,2020-05-20,0,138
Châtelet,52012,2020-05-21,1,139
Châtelet,52012,2020-05-22,0,139
Châtelet,52012,2020-05-23,0,139
Châtelet,52012,2020-05-24,0,139
Châtelet,52012,2020-05-25,1,140
Châtelet,52012,2020-05-26,0,140
Châtelet,52012,2020-05-27,2,142
Châtelet,52012,2020-05-28,2,144
Châtelet,52012,2020-05-29,0,144
Châtelet,52012,2020-05-30,1,145
Châtelet,52012,2020-05-31,0,145
Châtelet,52012,2020-06-01,0,145
Châtelet,52012,2020-06-02,0,145
Châtelet,52012,2020-06-03,0,145
Châtelet,52012,2020-06-04,0,145
Châtelet,52012,2020-06-05,1,146
Châtelet,52012,2020-06-06,0,146
Châtelet,52012,2020-06-07,0,146
Châtelet,52012,2020-06-08,0,146
Châtelet,52012,2020-06-09,0,146
Châtelet,52012,2020-06-10,0,146
Châtelet,52012,2020-06-11,0,146
Châtelet,52012,2020-06-12,0,146
Châtelet,52012,2020-06-13,0,146
Châtelet,52012,2020-06-14,0,146
Châtelet,52012,2020-06-15,0,146
Châtelet,52012,2020-06-16,0,146
Châtelet,52012,2020-06-17,0,146
Châtelet,52012,2020-06-18,0,146
Châtelet,52012,2020-06-19,2,148
Châtelet,52012,2020-06-20,0,148
Châtelet,52012,2020-06-23,0,148
Châtelet,52012,2020-06-24,0,148
Châtelet,52012,2020-06-25,0,148
Châtelet,52012,2020-06-26,0,148
Châtelet,52012,2020-06-27,0,148
Châtelet,52012,2020-06-30,0,148
Châtelet,52012,2020-07-01,0,148
Châtelet,52012,2020-07-02,0,148
Châtelet,52012,2020-07-03,0,148
Châtelet,52012,2020-07-04,0,148
Châtelet,52012,2020-07-07,0,148
Châtelet,52012,2020-07-08,0,148
Châtelet,52012,2020-07-09,0,148
Châtelet,52012,2020-07-10,0,148
Châtelet,52012,2020-07-11,0,148
Châtelet,52012,2020-07-14,1,149
Châtelet,52012,2020-07-15,0,149
Châtelet,52012,2020-07-16,0,149
Châtelet,52012,2020-07-17,0,149
Châtelet,52012,2020-07-18,0,149
Châtelet,52012,2020-07-20,0,149
Châtelet,52012,2020-07-21,1,150
Châtelet,52012,2020-07-22,0,150
Châtelet,52012,2020-07-23,2,152
Châtelet,52012,2020-07-24,0,152
Châtelet,52012,2020-07-25,0,152
Châtelet,52012,2020-07-26,0,152
Châtelet,52012,2020-07-27,0,152
Châtelet,52012,2020-07-28,0,152
Châtelet,52012,2020-07-29,0,152
Châtelet,52012,2020-07-30,0,152
Châtelet,52012,2020-07-31,1,153
Châtelet,52012,2020-08-01,1,154
Châtelet,52012,2020-08-02,2,156
Châtelet,52012,2020-08-03,2,158
Châtelet,52012,2020-08-04,3,161
Châtelet,52012,2020-08-05,1,162
Châtelet,52012,2020-08-06,0,162
Châtelet,52012,2020-08-07,2,164
Châtelet,52012,2020-08-08,3,167
Châtelet,52012,2020-08-09,2,169
Châtelet,52012,2020-08-10,2,171
Châtelet,52012,2020-08-11,2,173
Châtelet,52012,2020-08-12,0,173
Châtelet,52012,2020-08-13,2,175
Châtelet,52012,2020-08-14,0,175
Châtelet,52012,2020-08-15,7,182
Châtelet,52012,2020-08-16,7,189
Châtelet,52012,2020-08-17,1,190
Châtelet,52012,2020-08-18,0,190
Châtelet,52012,2020-08-19,0,190
Châtelet,52012,2020-08-20,1,191
Châtelet,52012,2020-08-21,2,193
Châtelet,52012,2020-08-22,2,195
Châtelet,52012,2020-08-23,5,200
Châtelet,52012,2020-08-24,2,202
Châtelet,52012,2020-08-25,0,202
Châtelet,52012,2020-08-26,0,202
Châtelet,52012,2020-08-27,1,203
Châtelet,52012,2020-08-28,0,203
Châtelet,52012,2020-08-29,4,207
Châtelet,52012,2020-08-30,3,210
Châtelet,52012,2020-08-31,0,210
Châtelet,52012,2020-09-01,0,210
Châtelet,52012,2020-09-02,0,210
Châtelet,52012,2020-09-03,2,212
Châtelet,52012,2020-09-04,3,215
Châtelet,52012,2020-09-05,1,216
Châtelet,52012,2020-09-06,1,217
Châtelet,52012,2020-09-07,0,217
Châtelet,52012,2020-09-08,0,217
Châtelet,52012,2020-09-09,1,218
Châtelet,52012,2020-09-10,1,219
Châtelet,52012,2020-09-11,0,219
Châtelet,52012,2020-09-12,0,219
Châtelet,52012,2020-09-13,1,220
Châtelet,52012,2020-09-14,2,222
Châtelet,52012,2020-09-15,5,227
Châtelet,52012,2020-09-16,0,227
Châtelet,52012,2020-09-17,1,228
Châtelet,52012,2020-09-18,3,231
Châtelet,52012,2020-09-19,2,233
Châtelet,52012,2020-09-20,1,234
Châtelet,52012,2020-09-21,1,235
Châtelet,52012,2020-09-22,5,240
Châtelet,52012,2020-09-23,2,242
Châtelet,52012,2020-09-24,9,251
Châtelet,52012,2020-09-25,7,258
Châtelet,52012,2020-09-26,12,270
Châtelet,52012,2020-09-27,3,273
Châtelet,52012,2020-09-28,4,277
Châtelet,52012,2020-09-29,5,282
Châtelet,52012,2020-09-30,2,284
Châtelet,52012,2020-10-01,3,287
Châtelet,52012,2020-10-02,7,294
Châtelet,52012,2020-10-03,8,302
Châtelet,52012,2020-10-04,7,309
Châtelet,52012,2020-10-05,6,315
Châtelet,52012,2020-10-06,6,321
Châtelet,52012,2020-10-07,11,332
Châtelet,52012,2020-10-08,10,342
Châtelet,52012,2020-10-09,24,366
Châtelet,52012,2020-10-10,23,389
Châtelet,52012,2020-10-11,19,408
Châtelet,52012,2020-10-12,25,433
Châtelet,52012,2020-10-13,21,454
Châtelet,52012,2020-10-14,15,469
Châtelet,52012,2020-10-15,14,483
Châtelet,52012,2020-10-16,32,515
Châtelet,52012,2020-10-17,40,555
Châtelet,52012,2020-10-18,35,590
Châtelet,52012,2020-10-19,19,609
Châtelet,52012,2020-10-20,23,632
Châtelet,52012,2020-10-21,17,649
Châtelet,52012,2020-10-22,34,683
Châtelet,52012,2020-10-23,52,735
Châtelet,52012,2020-10-24,74,809
Châtelet,52012,2020-10-25,80,889
Châtelet,52012,2020-10-26,67,956
Châtelet,52012,2020-10-27,35,991
Châtelet,52012,2020-10-28,50,1041
Châtelet,52012,2020-10-29,56,1097
Châtelet,52012,2020-10-30,146,1243
Châtelet,52012,2020-10-31,120,1363
Châtelet,52012,2020-11-01,80,1443
Châtelet,52012,2020-11-02,76,1519
Châtelet,52012,2020-11-03,65,1584
Châtelet,52012,2020-11-04,25,1609
Châtelet,52012,2020-11-05,66,1675
Châtelet,52012,2020-11-06,91,1766
Châtelet,52012,2020-11-07,55,1821
Châtelet,52012,2020-11-08,65,1886
Châtelet,52012,2020-11-09,58,1944
Châtelet,52012,2020-11-10,38,1982
Châtelet,52012,2020-11-11,38,2020
Courcelles,52015,2020-04-01,0,25
Courcelles,52015,2020-04-02,1,26
Courcelles,52015,2020-04-03,2,28
Courcelles,52015,2020-04-04,5,33
Courcelles,52015,2020-04-05,0,33
Courcelles,52015,2020-04-06,2,35
Courcelles,52015,2020-04-07,1,36
Courcelles,52015,2020-04-08,0,36
Courcelles,52015,2020-04-09,5,41
Courcelles,52015,2020-04-10,2,43
Courcelles,52015,2020-04-11,3,46
Courcelles,52015,2020-04-12,6,52
Courcelles,52015,2020-04-13,1,53
Courcelles,52015,2020-04-14,0,53
Courcelles,52015,2020-04-15,7,60
Courcelles,52015,2020-04-16,3,63
Courcelles,52015,2020-04-17,0,63
Courcelles,52015,2020-04-18,1,64
Courcelles,52015,2020-04-19,0,64
Courcelles,52015,2020-04-20,1,65
Courcelles,52015,2020-04-21,1,66
Courcelles,52015,2020-04-22,1,67
Courcelles,52015,2020-04-23,3,70
Courcelles,52015,2020-04-24,4,74
Courcelles,52015,2020-04-25,2,76
Courcelles,52015,2020-04-26,1,77
Courcelles,52015,2020-04-27,0,77
Courcelles,52015,2020-04-28,2,79
Courcelles,52015,2020-04-29,1,80
Courcelles,52015,2020-04-30,0,80
Courcelles,52015,2020-05-01,0,80
Courcelles,52015,2020-05-02,1,81
Courcelles,52015,2020-05-03,0,81
Courcelles,52015,2020-05-04,2,83
Courcelles,52015,2020-05-05,0,83
Courcelles,52015,2020-05-06,0,83
Courcelles,52015,2020-05-07,0,83
Courcelles,52015,2020-05-08,0,83
Courcelles,52015,2020-05-09,0,83
Courcelles,52015,2020-05-10,2,85
Courcelles,52015,2020-05-11,0,85
Courcelles,52015,2020-05-12,1,86
Courcelles,52015,2020-05-13,0,86
Courcelles,52015,2020-05-14,0,86
Courcelles,52015,2020-05-15,1,87
Courcelles,52015,2020-05-16,1,88
Courcelles,52015,2020-05-17,0,88
Courcelles,52015,2020-05-18,0,88
Courcelles,52015,2020-05-19,0,88
Courcelles,52015,2020-05-20,0,88
Courcelles,52015,2020-05-21,1,89
Courcelles,52015,2020-05-22,0,89
Courcelles,52015,2020-05-23,0,89
Courcelles,52015,2020-05-24,1,90
Courcelles,52015,2020-05-25,0,90
Courcelles,52015,2020-05-26,0,90
Courcelles,52015,2020-05-27,0,90
Courcelles,52015,2020-05-28,0,90
Courcelles,52015,2020-05-29,0,90
Courcelles,52015,2020-05-30,0,90
Courcelles,52015,2020-05-31,0,90
Courcelles,52015,2020-06-01,0,90
Courcelles,52015,2020-06-02,0,90
Courcelles,52015,2020-06-03,0,90
Courcelles,52015,2020-06-04,1,91
Courcelles,52015,2020-06-05,0,91
Courcelles,52015,2020-06-06,0,91
Courcelles,52015,2020-06-07,1,92
Courcelles,52015,2020-06-08,0,92
Courcelles,52015,2020-06-09,0,92
Courcelles,52015,2020-06-10,0,92
Courcelles,52015,2020-06-11,0,92
Courcelles,52015,2020-06-12,0,92
Courcelles,52015,2020-06-13,0,92
Courcelles,52015,2020-06-14,0,92
Courcelles,52015,2020-06-15,0,92
Courcelles,52015,2020-06-16,0,92
Courcelles,52015,2020-06-17,0,92
Courcelles,52015,2020-06-18,0,92
Courcelles,52015,2020-06-19,0,92
Courcelles,52015,2020-06-20,0,92
Courcelles,52015,2020-06-23,1,93
Courcelles,52015,2020-06-24,0,93
Courcelles,52015,2020-06-25,0,93
Courcelles,52015,2020-06-26,0,93
Courcelles,52015,2020-06-27,0,93
Courcelles,52015,2020-06-30,1,94
Courcelles,52015,2020-07-01,0,94
Courcelles,52015,2020-07-02,0,94
Courcelles,52015,2020-07-03,0,94
Courcelles,52015,2020-07-04,0,94
Courcelles,52015,2020-07-07,2,96
Courcelles,52015,2020-07-08,0,96
Courcelles,52015,2020-07-09,0,96
Courcelles,52015,2020-07-10,0,96
Courcelles,52015,2020-07-11,0,96
Courcelles,52015,2020-07-14,0,96
Courcelles,52015,2020-07-15,0,96
Courcelles,52015,2020-07-16,0,96
Courcelles,52015,2020-07-17,0,96
Courcelles,52015,2020-07-18,0,96
Courcelles,52015,2020-07-20,1,97
Courcelles,52015,2020-07-21,0,97
Courcelles,52015,2020-07-22,0,97
Courcelles,52015,2020-07-23,1,98
Courcelles,52015,2020-07-24,0,98
Courcelles,52015,2020-07-25,0,98
Courcelles,52015,2020-07-26,0,98
Courcelles,52015,2020-07-27,0,98
Courcelles,52015,2020-07-28,0,98
Courcelles,52015,2020-07-29,0,98
Courcelles,52015,2020-07-30,0,98
Courcelles,52015,2020-07-31,0,98
Courcelles,52015,2020-08-01,0,98
Courcelles,52015,2020-08-02,1,99
Courcelles,52015,2020-08-03,0,99
Courcelles,52015,2020-08-04,2,101
Courcelles,52015,2020-08-05,0,101
Courcelles,52015,2020-08-06,5,106
Courcelles,52015,2020-08-07,3,109
Courcelles,52015,2020-08-08,4,113
Courcelles,52015,2020-08-09,7,120
Courcelles,52015,2020-08-10,6,126
Courcelles,52015,2020-08-11,0,126
Courcelles,52015,2020-08-12,0,126
Courcelles,52015,2020-08-13,0,126
Courcelles,52015,2020-08-14,1,127
Courcelles,52015,2020-08-15,3,130
Courcelles,52015,2020-08-16,2,132
Courcelles,52015,2020-08-17,2,134
Courcelles,52015,2020-08-18,0,134
Courcelles,52015,2020-08-19,0,134
Courcelles,52015,2020-08-20,0,134
Courcelles,52015,2020-08-21,1,135
Courcelles,52015,2020-08-22,3,138
Courcelles,52015,2020-08-23,1,139
Courcelles,52015,2020-08-24,3,142
Courcelles,52015,2020-08-25,1,143
Courcelles,52015,2020-08-26,0,143
Courcelles,52015,2020-08-27,0,143
Courcelles,52015,2020-08-28,6,149
Courcelles,52015,2020-08-29,0,149
Courcelles,52015,2020-08-30,0,149
Courcelles,52015,2020-08-31,2,151
Courcelles,52015,2020-09-01,0,151
Courcelles,52015,2020-09-02,1,152
Courcelles,52015,2020-09-03,0,152
Courcelles,52015,2020-09-04,3,155
Courcelles,52015,2020-09-05,3,158
Courcelles,52015,2020-09-06,1,159
Courcelles,52015,2020-09-07,2,161
Courcelles,52015,2020-09-08,1,162
Courcelles,52015,2020-09-09,0,162
Courcelles,52015,2020-09-10,0,162
Courcelles,52015,2020-09-11,0,162
Courcelles,52015,2020-09-12,2,164
Courcelles,52015,2020-09-13,1,165
Courcelles,52015,2020-09-14,1,166
Courcelles,52015,2020-09-15,3,169
Courcelles,52015,2020-09-16,0,169
Courcelles,52015,2020-09-17,4,173
Courcelles,52015,2020-09-18,1,174
Courcelles,52015,2020-09-19,1,175
Courcelles,52015,2020-09-20,6,181
Courcelles,52015,2020-09-21,1,182
Courcelles,52015,2020-09-22,2,184
Courcelles,52015,2020-09-23,8,192
Courcelles,52015,2020-09-24,6,198
Courcelles,52015,2020-09-25,2,200
Courcelles,52015,2020-09-26,7,207
Courcelles,52015,2020-09-27,2,209
Courcelles,52015,2020-09-28,4,213
Courcelles,52015,2020-09-29,2,215
Courcelles,52015,2020-09-30,3,218
Courcelles,52015,2020-10-01,7,225
Courcelles,52015,2020-10-02,14,239
Courcelles,52015,2020-10-03,9,248
Courcelles,52015,2020-10-04,8,256
Courcelles,52015,2020-10-05,11,267
Courcelles,52015,2020-10-06,10,277
Courcelles,52015,2020-10-07,5,282
Courcelles,52015,2020-10-08,8,290
Courcelles,52015,2020-10-09,11,301
Courcelles,52015,2020-10-10,7,308
Courcelles,52015,2020-10-11,27,335
Courcelles,52015,2020-10-12,14,349
Courcelles,52015,2020-10-13,21,370
Courcelles,52015,2020-10-14,13,383
Courcelles,52015,2020-10-15,21,404
Courcelles,52015,2020-10-16,52,456
Courcelles,52015,2020-10-17,33,489
Courcelles,52015,2020-10-18,30,519
Courcelles,52015,2020-10-19,24,543
Courcelles,52015,2020-10-20,38,581
Courcelles,52015,2020-10-21,36,617
Courcelles,52015,2020-10-22,51,668
Courcelles,52015,2020-10-23,56,724
Courcelles,52015,2020-10-24,48,772
Courcelles,52015,2020-10-25,82,854
Courcelles,52015,2020-10-26,72,926
Courcelles,52015,2020-10-27,55,981
Courcelles,52015,2020-10-28,85,1066
Courcelles,52015,2020-10-29,69,1135
Courcelles,52015,2020-10-30,89,1224
Courcelles,52015,2020-10-31,89,1313
Courcelles,52015,2020-11-01,70,1383
Courcelles,52015,2020-11-02,75,1458
Courcelles,52015,2020-11-03,42,1500
Courcelles,52015,2020-11-04,17,1517
Courcelles,52015,2020-11-05,66,1583
Courcelles,52015,2020-11-06,99,1682
Courcelles,52015,2020-11-07,50,1732
Courcelles,52015,2020-11-08,21,1753
Courcelles,52015,2020-11-09,45,1798
Courcelles,52015,2020-11-10,14,1812
Courcelles,52015,2020-11-11,18,1830
Farciennes,52018,2020-04-01,0,0
Farciennes,52018,2020-04-02,0,0
Farciennes,52018,2020-04-03,0,0
Farciennes,52018,2020-04-04,0,0
Farciennes,52018,2020-04-05,0,0
Farciennes,52018,2020-04-06,5,5
Farciennes,52018,2020-04-07,1,6
Farciennes,52018,2020-04-08,1,7
Farciennes,52018,2020-04-09,0,7
Farciennes,52018,2020-04-10,1,8
Farciennes,52018,2020-04-11,1,9
Farciennes,52018,2020-04-12,2,11
Farciennes,52018,2020-04-13,1,12
Farciennes,52018,2020-04-14,0,12
Farciennes,52018,2020-04-15,2,14
Farciennes,52018,2020-04-16,0,14
Farciennes,52018,2020-04-17,0,14
Farciennes,52018,2020-04-18,1,15
Farciennes,52018,2020-04-19,1,16
Farciennes,52018,2020-04-20,1,17
Farciennes,52018,2020-04-21,1,18
Farciennes,52018,2020-04-22,2,20
Farciennes,52018,2020-04-23,1,21
Farciennes,52018,2020-04-24,1,22
Farciennes,52018,2020-04-25,2,24
Farciennes,52018,2020-04-26,9,33
Farciennes,52018,2020-04-27,0,33
Farciennes,52018,2020-04-28,0,33
Farciennes,52018,2020-04-29,0,33
Farciennes,52018,2020-04-30,0,33
Farciennes,52018,2020-05-01,0,33
Farciennes,52018,2020-05-02,0,33
Farciennes,52018,2020-05-03,0,33
Farciennes,52018,2020-05-04,0,33
Farciennes,52018,2020-05-05,0,33
Farciennes,52018,2020-05-06,0,33
Farciennes,52018,2020-05-07,0,33
Farciennes,52018,2020-05-08,0,33
Farciennes,52018,2020-05-09,0,33
Farciennes,52018,2020-05-10,0,33
Farciennes,52018,2020-05-11,1,34
Farciennes,52018,2020-05-12,0,34
Farciennes,52018,2020-05-13,1,35
Farciennes,52018,2020-05-14,0,35
Farciennes,52018,2020-05-15,1,36
Farciennes,52018,2020-05-16,0,36
Farciennes,52018,2020-05-17,0,36
Farciennes,52018,2020-05-18,1,37
Farciennes,52018,2020-05-19,0,37
Farciennes,52018,2020-05-20,0,37
Farciennes,52018,2020-05-21,0,37
Farciennes,52018,2020-05-22,0,37
Farciennes,52018,2020-05-23,0,37
Farciennes,52018,2020-05-24,0,37
Farciennes,52018,2020-05-25,0,37
Farciennes,52018,2020-05-26,0,37
Farciennes,52018,2020-05-27,0,37
Farciennes,52018,2020-05-28,0,37
Farciennes,52018,2020-05-29,0,37
Farciennes,52018,2020-05-30,0,37
Farciennes,52018,2020-05-31,0,37
Farciennes,52018,2020-06-01,0,37
Farciennes,52018,2020-06-02,0,37
Farciennes,52018,2020-06-03,0,37
Farciennes,52018,2020-06-04,0,37
Farciennes,52018,2020-06-05,0,37
Farciennes,52018,2020-06-06,0,37
Farciennes,52018,2020-06-07,0,37
Farciennes,52018,2020-06-08,0,37
Farciennes,52018,2020-06-09,0,37
Farciennes,52018,2020-06-10,0,37
Farciennes,52018,2020-06-11,1,38
Farciennes,52018,2020-06-12,0,38
Farciennes,52018,2020-06-13,0,38
Farciennes,52018,2020-06-14,0,38
Farciennes,52018,2020-06-15,0,38
Farciennes,52018,2020-06-16,0,38
Farciennes,52018,2020-06-17,0,38
Farciennes,52018,2020-06-18,0,38
Farciennes,52018,2020-06-19,1,39
Farciennes,52018,2020-06-20,0,39
Farciennes,52018,2020-06-23,0,39
Farciennes,52018,2020-06-24,0,39
Farciennes,52018,2020-06-25,0,39
Farciennes,52018,2020-06-26,0,39
Farciennes,52018,2020-06-27,0,39
Farciennes,52018,2020-06-30,1,40
Farciennes,52018,2020-07-01,0,40
Farciennes,52018,2020-07-02,0,40
Farciennes,52018,2020-07-03,0,40
Farciennes,52018,2020-07-04,0,40
Farciennes,52018,2020-07-07,0,40
Farciennes,52018,2020-07-08,0,40
Farciennes,52018,2020-07-09,0,40
Farciennes,52018,2020-07-10,0,40
Farciennes,52018,2020-07-11,0,40
Farciennes,52018,2020-07-14,0,40
Farciennes,52018,2020-07-15,0,40
Farciennes,52018,2020-07-16,0,40
Farciennes,52018,2020-07-17,1,41
Farciennes,52018,2020-07-18,0,41
Farciennes,52018,2020-07-20,1,42
Farciennes,52018,2020-07-21,0,42
Farciennes,52018,2020-07-22,0,42
Farciennes,52018,2020-07-23,0,42
Farciennes,52018,2020-07-24,0,42
Farciennes,52018,2020-07-25,0,42
Farciennes,52018,2020-07-26,0,42
Farciennes,52018,2020-07-27,0,42
Farciennes,52018,2020-07-28,1,43
Farciennes,52018,2020-07-29,0,43
Farciennes,52018,2020-07-30,0,43
Farciennes,52018,2020-07-31,2,45
Farciennes,52018,2020-08-01,0,45
Farciennes,52018,2020-08-02,0,45
Farciennes,52018,2020-08-03,1,46
Farciennes,52018,2020-08-04,0,46
Farciennes,52018,2020-08-05,0,46
Farciennes,52018,2020-08-06,0,46
Farciennes,52018,2020-08-07,1,47
Farciennes,52018,2020-08-08,1,48
Farciennes,52018,2020-08-09,4,52
Farciennes,52018,2020-08-10,3,55
Farciennes,52018,2020-08-11,0,55
Farciennes,52018,2020-08-12,1,56
Farciennes,52018,2020-08-13,0,56
Farciennes,52018,2020-08-14,0,56
Farciennes,52018,2020-08-15,1,57
Farciennes,52018,2020-08-16,2,59
Farciennes,52018,2020-08-17,0,59
Farciennes,52018,2020-08-18,0,59
Farciennes,52018,2020-08-19,0,59
Farciennes,52018,2020-08-20,1,60
Farciennes,52018,2020-08-21,0,60
Farciennes,52018,2020-08-22,1,61
Farciennes,52018,2020-08-23,1,62
Farciennes,52018,2020-08-24,1,63
Farciennes,52018,2020-08-25,0,63
Farciennes,52018,2020-08-26,0,63
Farciennes,52018,2020-08-27,1,64
Farciennes,52018,2020-08-28,0,64
Farciennes,52018,2020-08-29,0,64
Farciennes,52018,2020-08-30,0,64
Farciennes,52018,2020-08-31,0,64
Farciennes,52018,2020-09-01,0,64
Farciennes,52018,2020-09-02,0,64
Farciennes,52018,2020-09-03,0,64
Farciennes,52018,2020-09-04,0,64
Farciennes,52018,2020-09-05,0,64
Farciennes,52018,2020-09-06,0,64
Farciennes,52018,2020-09-07,0,64
Farciennes,52018,2020-09-08,0,64
Farciennes,52018,2020-09-09,0,64
Farciennes,52018,2020-09-10,0,64
Farciennes,52018,2020-09-11,1,65
Farciennes,52018,2020-09-12,0,65
Farciennes,52018,2020-09-13,1,66
Farciennes,52018,2020-09-14,0,66
Farciennes,52018,2020-09-15,0,66
Farciennes,52018,2020-09-16,0,66
Farciennes,52018,2020-09-17,0,66
Farciennes,52018,2020-09-18,1,67
Farciennes,52018,2020-09-19,0,67
Farciennes,52018,2020-09-20,0,67
Farciennes,52018,2020-09-21,0,67
Farciennes,52018,2020-09-22,0,67
Farciennes,52018,2020-09-23,2,69
Farciennes,52018,2020-09-24,0,69
Farciennes,52018,2020-09-25,0,69
Farciennes,52018,2020-09-26,0,69
Farciennes,52018,2020-09-27,2,71
Farciennes,52018,2020-09-28,0,71
Farciennes,52018,2020-09-29,0,71
Farciennes,52018,2020-09-30,1,72
Farciennes,52018,2020-10-01,0,72
Farciennes,52018,2020-10-02,2,74
Farciennes,52018,2020-10-03,1,75
Farciennes,52018,2020-10-04,1,76
Farciennes,52018,2020-10-05,1,77
Farciennes,52018,2020-10-06,2,79
Farciennes,52018,2020-10-07,1,80
Farciennes,52018,2020-10-08,2,82
Farciennes,52018,2020-10-09,5,87
Farciennes,52018,2020-10-10,0,87
Farciennes,52018,2020-10-11,6,93
Farciennes,52018,2020-10-12,3,96
Farciennes,52018,2020-10-13,4,100
Farciennes,52018,2020-10-14,6,106
Farciennes,52018,2020-10-15,8,114
Farciennes,52018,2020-10-16,7,121
Farciennes,52018,2020-10-17,7,128
Farciennes,52018,2020-10-18,13,141
Farciennes,52018,2020-10-19,3,144
Farciennes,52018,2020-10-20,9,153
Farciennes,52018,2020-10-21,2,155
Farciennes,52018,2020-10-22,13,168
Farciennes,52018,2020-10-23,15,183
Farciennes,52018,2020-10-24,18,201
Farciennes,52018,2020-10-25,8,209
Farciennes,52018,2020-10-26,21,230
Farciennes,52018,2020-10-27,10,240
Farciennes,52018,2020-10-28,10,250
Farciennes,52018,2020-10-29,19,269
Farciennes,52018,2020-10-30,62,331
Farciennes,52018,2020-10-31,26,357
Farciennes,52018,2020-11-01,22,379
Farciennes,52018,2020-11-02,12,391
Farciennes,52018,2020-11-03,17,408
Farciennes,52018,2020-11-04,8,416
Farciennes,52018,2020-11-05,13,429
Farciennes,52018,2020-11-06,19,448
Farciennes,52018,2020-11-07,21,469
Farciennes,52018,2020-11-08,28,497
Farciennes,52018,2020-11-09,4,501
Farciennes,52018,2020-11-10,29,530
Farciennes,52018,2020-11-11,7,537
Fleurus,52021,2020-04-01,0,11
Fleurus,52021,2020-04-02,3,14
Fleurus,52021,2020-04-03,2,16
Fleurus,52021,2020-04-04,5,21
Fleurus,52021,2020-04-05,0,21
Fleurus,52021,2020-04-06,4,25
Fleurus,52021,2020-04-07,0,25
Fleurus,52021,2020-04-08,1,26
Fleurus,52021,2020-04-09,1,27
Fleurus,52021,2020-04-10,6,33
Fleurus,52021,2020-04-11,1,34
Fleurus,52021,2020-04-12,3,37
Fleurus,52021,2020-04-13,1,38
Fleurus,52021,2020-04-14,1,39
Fleurus,52021,2020-04-15,3,42
Fleurus,52021,2020-04-16,5,47
Fleurus,52021,2020-04-17,1,48
Fleurus,52021,2020-04-18,5,53
Fleurus,52021,2020-04-19,1,54
Fleurus,52021,2020-04-20,9,63
Fleurus,52021,2020-04-21,33,96
Fleurus,52021,2020-04-22,3,99
Fleurus,52021,2020-04-23,1,100
Fleurus,52021,2020-04-24,1,101
Fleurus,52021,2020-04-25,0,101
Fleurus,52021,2020-04-26,1,102
Fleurus,52021,2020-04-27,1,103
Fleurus,52021,2020-04-28,1,104
Fleurus,52021,2020-04-29,1,105
Fleurus,52021,2020-04-30,1,106
Fleurus,52021,2020-05-01,1,107
Fleurus,52021,2020-05-02,2,109
Fleurus,52021,2020-05-03,0,109
Fleurus,52021,2020-05-04,1,110
Fleurus,52021,2020-05-05,0,110
Fleurus,52021,2020-05-06,1,111
Fleurus,52021,2020-05-07,0,111
Fleurus,52021,2020-05-08,2,113
Fleurus,52021,2020-05-09,0,113
Fleurus,52021,2020-05-10,0,113
Fleurus,52021,2020-05-11,0,113
Fleurus,52021,2020-05-12,0,113
Fleurus,52021,2020-05-13,3,116
Fleurus,52021,2020-05-14,0,116
Fleurus,52021,2020-05-15,0,116
Fleurus,52021,2020-05-16,0,116
Fleurus,52021,2020-05-17,0,116
Fleurus,52021,2020-05-18,1,117
Fleurus,52021,2020-05-19,1,118
Fleurus,52021,2020-05-20,0,118
Fleurus,52021,2020-05-21,0,118
Fleurus,52021,2020-05-22,0,118
Fleurus,52021,2020-05-23,0,118
Fleurus,52021,2020-05-24,0,118
Fleurus,52021,2020-05-25,0,118
Fleurus,52021,2020-05-26,0,118
Fleurus,52021,2020-05-27,0,118
Fleurus,52021,2020-05-28,0,118
Fleurus,52021,2020-05-29,0,118
Fleurus,52021,2020-05-30,0,118
Fleurus,52021,2020-05-31,0,118
Fleurus,52021,2020-06-01,0,118
Fleurus,52021,2020-06-02,0,118
Fleurus,52021,2020-06-03,0,118
Fleurus,52021,2020-06-04,2,120
Fleurus,52021,2020-06-05,1,121
Fleurus,52021,2020-06-06,1,122
Fleurus,52021,2020-06-07,0,122
Fleurus,52021,2020-06-08,2,124
Fleurus,52021,2020-06-09,0,124
Fleurus,52021,2020-06-10,0,124
Fleurus,52021,2020-06-11,1,125
Fleurus,52021,2020-06-12,0,125
Fleurus,52021,2020-06-13,0,125
Fleurus,52021,2020-06-14,0,125
Fleurus,52021,2020-06-15,0,125
Fleurus,52021,2020-06-16,0,125
Fleurus,52021,2020-06-17,0,125
Fleurus,52021,2020-06-18,0,125
Fleurus,52021,2020-06-19,0,125
Fleurus,52021,2020-06-20,0,125
Fleurus,52021,2020-06-23,0,125
Fleurus,52021,2020-06-24,0,125
Fleurus,52021,2020-06-25,0,125
Fleurus,52021,2020-06-26,1,126
Fleurus,52021,2020-06-27,0,126
Fleurus,52021,2020-06-30,0,126
Fleurus,52021,2020-07-01,0,126
Fleurus,52021,2020-07-02,0,126
Fleurus,52021,2020-07-03,0,126
Fleurus,52021,2020-07-04,0,126
Fleurus,52021,2020-07-07,1,127
Fleurus,52021,2020-07-08,0,127
Fleurus,52021,2020-07-09,0,127
Fleurus,52021,2020-07-10,1,128
Fleurus,52021,2020-07-11,0,128
Fleurus,52021,2020-07-14,1,129
Fleurus,52021,2020-07-15,0,129
Fleurus,52021,2020-07-16,0,129
Fleurus,52021,2020-07-17,0,129
Fleurus,52021,2020-07-18,0,129
Fleurus,52021,2020-07-20,0,129
Fleurus,52021,2020-07-21,0,129
Fleurus,52021,2020-07-22,0,129
Fleurus,52021,2020-07-23,0,129
Fleurus,52021,2020-07-24,0,129
Fleurus,52021,2020-07-25,0,129
Fleurus,52021,2020-07-26,0,129
Fleurus,52021,2020-07-27,1,130
Fleurus,52021,2020-07-28,0,130
Fleurus,52021,2020-07-29,0,130
Fleurus,52021,2020-07-30,1,131
Fleurus,52021,2020-07-31,2,133
Fleurus,52021,2020-08-01,0,133
Fleurus,52021,2020-08-02,1,134
Fleurus,52021,2020-08-03,0,134
Fleurus,52021,2020-08-04,0,134
Fleurus,52021,2020-08-05,2,136
Fleurus,52021,2020-08-06,1,137
Fleurus,52021,2020-08-07,0,137
Fleurus,52021,2020-08-08,5,142
Fleurus,52021,2020-08-09,1,143
Fleurus,52021,2020-08-10,3,146
Fleurus,52021,2020-08-11,0,146
Fleurus,52021,2020-08-12,0,146
Fleurus,52021,2020-08-13,2,148
Fleurus,52021,2020-08-14,2,150
Fleurus,52021,2020-08-15,1,151
Fleurus,52021,2020-08-16,3,154
Fleurus,52021,2020-08-17,0,154
Fleurus,52021,2020-08-18,0,154
Fleurus,52021,2020-08-19,1,155
Fleurus,52021,2020-08-20,1,156
Fleurus,52021,2020-08-21,1,157
Fleurus,52021,2020-08-22,0,157
Fleurus,52021,2020-08-23,0,157
Fleurus,52021,2020-08-24,2,159
Fleurus,52021,2020-08-25,1,160
Fleurus,52021,2020-08-26,0,160
Fleurus,52021,2020-08-27,0,160
Fleurus,52021,2020-08-28,1,161
Fleurus,52021,2020-08-29,0,161
Fleurus,52021,2020-08-30,1,162
Fleurus,52021,2020-08-31,0,162
Fleurus,52021,2020-09-01,0,162
Fleurus,52021,2020-09-02,0,162
Fleurus,52021,2020-09-03,0,162
Fleurus,52021,2020-09-04,0,162
Fleurus,52021,2020-09-05,1,163
Fleurus,52021,2020-09-06,0,163
Fleurus,52021,2020-09-07,1,164
Fleurus,52021,2020-09-08,0,164
Fleurus,52021,2020-09-09,0,164
Fleurus,52021,2020-09-10,0,164
Fleurus,52021,2020-09-11,0,164
Fleurus,52021,2020-09-12,0,164
Fleurus,52021,2020-09-13,0,164
Fleurus,52021,2020-09-14,1,165
Fleurus,52021,2020-09-15,2,167
Fleurus,52021,2020-09-16,0,167
Fleurus,52021,2020-09-17,0,167
Fleurus,52021,2020-09-18,3,170
Fleurus,52021,2020-09-19,0,170
Fleurus,52021,2020-09-20,1,171
Fleurus,52021,2020-09-21,1,172
Fleurus,52021,2020-09-22,1,173
Fleurus,52021,2020-09-23,1,174
Fleurus,52021,2020-09-24,2,176
Fleurus,52021,2020-09-25,3,179
Fleurus,52021,2020-09-26,5,184
Fleurus,52021,2020-09-27,0,184
Fleurus,52021,2020-09-28,2,186
Fleurus,52021,2020-09-29,6,192
Fleurus,52021,2020-09-30,2,194
Fleurus,52021,2020-10-01,1,195
Fleurus,52021,2020-10-02,4,199
Fleurus,52021,2020-10-03,4,203
Fleurus,52021,2020-10-04,8,211
Fleurus,52021,2020-10-05,9,220
Fleurus,52021,2020-10-06,8,228
Fleurus,52021,2020-10-07,9,237
Fleurus,52021,2020-10-08,8,245
Fleurus,52021,2020-10-09,14,259
Fleurus,52021,2020-10-10,11,270
Fleurus,52021,2020-10-11,17,287
Fleurus,52021,2020-10-12,17,304
Fleurus,52021,2020-10-13,9,313
Fleurus,52021,2020-10-14,9,322
Fleurus,52021,2020-10-15,27,349
Fleurus,52021,2020-10-16,29,378
Fleurus,52021,2020-10-17,21,399
Fleurus,52021,2020-10-18,19,418
Fleurus,52021,2020-10-19,16,434
Fleurus,52021,2020-10-20,16,450
Fleurus,52021,2020-10-21,24,474
Fleurus,52021,2020-10-22,43,517
Fleurus,52021,2020-10-23,35,552
Fleurus,52021,2020-10-24,42,594
Fleurus,52021,2020-10-25,34,628
Fleurus,52021,2020-10-26,35,663
Fleurus,52021,2020-10-27,30,693
Fleurus,52021,2020-10-28,39,732
Fleurus,52021,2020-10-29,53,785
Fleurus,52021,2020-10-30,82,867
Fleurus,52021,2020-10-31,65,932
Fleurus,52021,2020-11-01,69,1001
Fleurus,52021,2020-11-02,44,1045
Fleurus,52021,2020-11-03,27,1072
Fleurus,52021,2020-11-04,16,1088
Fleurus,52021,2020-11-05,43,1131
Fleurus,52021,2020-11-06,46,1177
Fleurus,52021,2020-11-07,36,1213
Fleurus,52021,2020-11-08,28,1241
Fleurus,52021,2020-11-09,39,1280
Fleurus,52021,2020-11-10,34,1314
Fleurus,52021,2020-11-11,26,1340
Fontaine-l’Evêque,52022,2020-04-01,1,15
Fontaine-l’Evêque,52022,2020-04-02,1,16
Fontaine-l’Evêque,52022,2020-04-03,1,17
Fontaine-l’Evêque,52022,2020-04-04,6,23
Fontaine-l’Evêque,52022,2020-04-05,0,23
Fontaine-l’Evêque,52022,2020-04-06,2,25
Fontaine-l’Evêque,52022,2020-04-07,0,25
Fontaine-l’Evêque,52022,2020-04-08,0,25
Fontaine-l’Evêque,52022,2020-04-09,0,25
Fontaine-l’Evêque,52022,2020-04-10,1,26
Fontaine-l’Evêque,52022,2020-04-11,1,27
Fontaine-l’Evêque,52022,2020-04-12,0,27
Fontaine-l’Evêque,52022,2020-04-13,2,29
Fontaine-l’Evêque,52022,2020-04-14,0,29
Fontaine-l’Evêque,52022,2020-04-15,3,32
Fontaine-l’Evêque,52022,2020-04-16,0,32
Fontaine-l’Evêque,52022,2020-04-17,1,33
Fontaine-l’Evêque,52022,2020-04-18,0,33
Fontaine-l’Evêque,52022,2020-04-19,1,34
Fontaine-l’Evêque,52022,2020-04-20,0,34
Fontaine-l’Evêque,52022,2020-04-21,2,36
Fontaine-l’Evêque,52022,2020-04-22,1,37
Fontaine-l’Evêque,52022,2020-04-23,0,37
Fontaine-l’Evêque,52022,2020-04-24,2,39
Fontaine-l’Evêque,52022,2020-04-25,0,39
Fontaine-l’Evêque,52022,2020-04-26,0,39
Fontaine-l’Evêque,52022,2020-04-27,0,39
Fontaine-l’Evêque,52022,2020-04-28,0,39
Fontaine-l’Evêque,52022,2020-04-29,0,39
Fontaine-l’Evêque,52022,2020-04-30,0,39
Fontaine-l’Evêque,52022,2020-05-01,0,39
Fontaine-l’Evêque,52022,2020-05-02,0,39
Fontaine-l’Evêque,52022,2020-05-03,1,40
Fontaine-l’Evêque,52022,2020-05-04,0,40
Fontaine-l’Evêque,52022,2020-05-05,0,40
Fontaine-l’Evêque,52022,2020-05-06,0,40
Fontaine-l’Evêque,52022,2020-05-07,0,40
Fontaine-l’Evêque,52022,2020-05-08,0,40
Fontaine-l’Evêque,52022,2020-05-09,1,41
Fontaine-l’Evêque,52022,2020-05-10,0,41
Fontaine-l’Evêque,52022,2020-05-11,0,41
Fontaine-l’Evêque,52022,2020-05-12,0,41
Fontaine-l’Evêque,52022,2020-05-13,0,41
Fontaine-l’Evêque,52022,2020-05-14,0,41
Fontaine-l’Evêque,52022,2020-05-15,0,41
Fontaine-l’Evêque,52022,2020-05-16,0,41
Fontaine-l’Evêque,52022,2020-05-17,0,41
Fontaine-l’Evêque,52022,2020-05-18,1,42
Fontaine-l’Evêque,52022,2020-05-19,0,42
Fontaine-l’Evêque,52022,2020-05-20,0,42
Fontaine-l’Evêque,52022,2020-05-21,0,42
Fontaine-l’Evêque,52022,2020-05-22,0,42
Fontaine-l’Evêque,52022,2020-05-23,0,42
Fontaine-l’Evêque,52022,2020-05-24,0,42
Fontaine-l’Evêque,52022,2020-05-25,0,42
Fontaine-l’Evêque,52022,2020-05-26,0,42
Fontaine-l’Evêque,52022,2020-05-27,1,43
Fontaine-l’Evêque,52022,2020-05-28,0,43
Fontaine-l’Evêque,52022,2020-05-29,3,46
Fontaine-l’Evêque,52022,2020-05-30,0,46
Fontaine-l’Evêque,52022,2020-05-31,0,46
Fontaine-l’Evêque,52022,2020-06-01,0,46
Fontaine-l’Evêque,52022,2020-06-02,0,46
Fontaine-l’Evêque,52022,2020-06-03,0,46
Fontaine-l’Evêque,52022,2020-06-04,0,46
Fontaine-l’Evêque,52022,2020-06-05,0,46
Fontaine-l’Evêque,52022,2020-06-06,0,46
Fontaine-l’Evêque,52022,2020-06-07,0,46
Fontaine-l’Evêque,52022,2020-06-08,0,46
Fontaine-l’Evêque,52022,2020-06-09,0,46
Fontaine-l’Evêque,52022,2020-06-10,0,46
Fontaine-l’Evêque,52022,2020-06-11,1,47
Fontaine-l’Evêque,52022,2020-06-12,0,47
Fontaine-l’Evêque,52022,2020-06-13,0,47
Fontaine-l’Evêque,52022,2020-06-14,0,47
Fontaine-l’Evêque,52022,2020-06-15,0,47
Fontaine-l’Evêque,52022,2020-06-16,1,48
Fontaine-l’Evêque,52022,2020-06-17,0,48
Fontaine-l’Evêque,52022,2020-06-18,0,48
Fontaine-l’Evêque,52022,2020-06-19,0,48
Fontaine-l’Evêque,52022,2020-06-20,0,48
Fontaine-l’Evêque,52022,2020-06-23,0,48
Fontaine-l’Evêque,52022,2020-06-24,0,48
Fontaine-l’Evêque,52022,2020-06-25,0,48
Fontaine-l’Evêque,52022,2020-06-26,0,48
Fontaine-l’Evêque,52022,2020-06-27,0,48
Fontaine-l’Evêque,52022,2020-06-30,0,48
Fontaine-l’Evêque,52022,2020-07-01,0,48
Fontaine-l’Evêque,52022,2020-07-02,1,49
Fontaine-l’Evêque,52022,2020-07-03,0,49
Fontaine-l’Evêque,52022,2020-07-04,0,49
Fontaine-l’Evêque,52022,2020-07-07,0,49
Fontaine-l’Evêque,52022,2020-07-08,0,49
Fontaine-l’Evêque,52022,2020-07-09,0,49
Fontaine-l’Evêque,52022,2020-07-10,0,49
Fontaine-l’Evêque,52022,2020-07-11,0,49
Fontaine-l’Evêque,52022,2020-07-14,0,49
Fontaine-l’Evêque,52022,2020-07-15,0,49
Fontaine-l’Evêque,52022,2020-07-16,0,49
Fontaine-l’Evêque,52022,2020-07-17,0,49
Fontaine-l’Evêque,52022,2020-07-18,0,49
Fontaine-l’Evêque,52022,2020-07-20,0,49
Fontaine-l’Evêque,52022,2020-07-21,0,49
Fontaine-l’Evêque,52022,2020-07-22,0,49
Fontaine-l’Evêque,52022,2020-07-23,0,49
Fontaine-l’Evêque,52022,2020-07-24,0,49
Fontaine-l’Evêque,52022,2020-07-25,0,49
Fontaine-l’Evêque,52022,2020-07-26,0,49
Fontaine-l’Evêque,52022,2020-07-27,0,49
Fontaine-l’Evêque,52022,2020-07-28,0,49
Fontaine-l’Evêque,52022,2020-07-29,0,49
Fontaine-l’Evêque,52022,2020-07-30,0,49
Fontaine-l’Evêque,52022,2020-07-31,1,50
Fontaine-l’Evêque,52022,2020-08-01,1,51
Fontaine-l’Evêque,52022,2020-08-02,1,52
Fontaine-l’Evêque,52022,2020-08-03,4,56
Fontaine-l’Evêque,52022,2020-08-04,0,56
Fontaine-l’Evêque,52022,2020-08-05,0,56
Fontaine-l’Evêque,52022,2020-08-06,3,59
Fontaine-l’Evêque,52022,2020-08-07,2,61
Fontaine-l’Evêque,52022,2020-08-08,1,62
Fontaine-l’Evêque,52022,2020-08-09,0,62
Fontaine-l’Evêque,52022,2020-08-10,2,64
Fontaine-l’Evêque,52022,2020-08-11,0,64
Fontaine-l’Evêque,52022,2020-08-12,1,65
Fontaine-l’Evêque,52022,2020-08-13,1,66
Fontaine-l’Evêque,52022,2020-08-14,1,67
Fontaine-l’Evêque,52022,2020-08-15,2,69
Fontaine-l’Evêque,52022,2020-08-16,0,69
Fontaine-l’Evêque,52022,2020-08-17,0,69
Fontaine-l’Evêque,52022,2020-08-18,0,69
Fontaine-l’Evêque,52022,2020-08-19,1,70
Fontaine-l’Evêque,52022,2020-08-20,0,70
Fontaine-l’Evêque,52022,2020-08-21,0,70
Fontaine-l’Evêque,52022,2020-08-22,0,70
Fontaine-l’Evêque,52022,2020-08-23,0,70
Fontaine-l’Evêque,52022,2020-08-24,0,70
Fontaine-l’Evêque,52022,2020-08-25,0,70
Fontaine-l’Evêque,52022,2020-08-26,0,70
Fontaine-l’Evêque,52022,2020-08-27,0,70
Fontaine-l’Evêque,52022,2020-08-28,0,70
Fontaine-l’Evêque,52022,2020-08-29,1,71
Fontaine-l’Evêque,52022,2020-08-30,0,71
Fontaine-l’Evêque,52022,2020-08-31,1,72
Fontaine-l’Evêque,52022,2020-09-01,1,73
Fontaine-l’Evêque,52022,2020-09-02,0,73
Fontaine-l’Evêque,52022,2020-09-03,3,76
Fontaine-l’Evêque,52022,2020-09-04,3,79
Fontaine-l’Evêque,52022,2020-09-05,0,79
Fontaine-l’Evêque,52022,2020-09-06,0,79
Fontaine-l’Evêque,52022,2020-09-07,0,79
Fontaine-l’Evêque,52022,2020-09-08,1,80
Fontaine-l’Evêque,52022,2020-09-09,0,80
Fontaine-l’Evêque,52022,2020-09-10,2,82
Fontaine-l’Evêque,52022,2020-09-11,1,83
Fontaine-l’Evêque,52022,2020-09-12,2,85
Fontaine-l’Evêque,52022,2020-09-13,1,86
Fontaine-l’Evêque,52022,2020-09-14,1,87
Fontaine-l’Evêque,52022,2020-09-15,1,88
Fontaine-l’Evêque,52022,2020-09-16,1,89
Fontaine-l’Evêque,52022,2020-09-17,3,92
Fontaine-l’Evêque,52022,2020-09-18,1,93
Fontaine-l’Evêque,52022,2020-09-19,0,93
Fontaine-l’Evêque,52022,2020-09-20,0,93
Fontaine-l’Evêque,52022,2020-09-21,0,93
Fontaine-l’Evêque,52022,2020-09-22,1,94
Fontaine-l’Evêque,52022,2020-09-23,2,96
Fontaine-l’Evêque,52022,2020-09-24,3,99
Fontaine-l’Evêque,52022,2020-09-25,0,99
Fontaine-l’Evêque,52022,2020-09-26,4,103
Fontaine-l’Evêque,52022,2020-09-27,1,104
Fontaine-l’Evêque,52022,2020-09-28,1,105
Fontaine-l’Evêque,52022,2020-09-29,5,110
Fontaine-l’Evêque,52022,2020-09-30,2,112
Fontaine-l’Evêque,52022,2020-10-01,7,119
Fontaine-l’Evêque,52022,2020-10-02,3,122
Fontaine-l’Evêque,52022,2020-10-03,4,126
Fontaine-l’Evêque,52022,2020-10-04,24,150
Fontaine-l’Evêque,52022,2020-10-05,42,192
Fontaine-l’Evêque,52022,2020-10-06,9,201
Fontaine-l’Evêque,52022,2020-10-07,7,208
Fontaine-l’Evêque,52022,2020-10-08,1,209
Fontaine-l’Evêque,52022,2020-10-09,6,215
Fontaine-l’Evêque,52022,2020-10-10,7,222
Fontaine-l’Evêque,52022,2020-10-11,15,237
Fontaine-l’Evêque,52022,2020-10-12,15,252
Fontaine-l’Evêque,52022,2020-10-13,10,262
Fontaine-l’Evêque,52022,2020-10-14,10,272
Fontaine-l’Evêque,52022,2020-10-15,19,291
Fontaine-l’Evêque,52022,2020-10-16,44,335
Fontaine-l’Evêque,52022,2020-10-17,25,360
Fontaine-l’Evêque,52022,2020-10-18,11,371
Fontaine-l’Evêque,52022,2020-10-19,15,386
Fontaine-l’Evêque,52022,2020-10-20,18,404
Fontaine-l’Evêque,52022,2020-10-21,12,416
Fontaine-l’Evêque,52022,2020-10-22,31,447
Fontaine-l’Evêque,52022,2020-10-23,26,473
Fontaine-l’Evêque,52022,2020-10-24,31,504
Fontaine-l’Evêque,52022,2020-10-25,64,568
Fontaine-l’Evêque,52022,2020-10-26,54,622
Fontaine-l’Evêque,52022,2020-10-27,27,649
Fontaine-l’Evêque,52022,2020-10-28,51,700
Fontaine-l’Evêque,52022,2020-10-29,47,747
Fontaine-l’Evêque,52022,2020-10-30,67,814
Fontaine-l’Evêque,52022,2020-10-31,57,871
Fontaine-l’Evêque,52022,2020-11-01,48,919
Fontaine-l’Evêque,52022,2020-11-02,43,962
Fontaine-l’Evêque,52022,2020-11-03,22,984
Fontaine-l’Evêque,52022,2020-11-04,6,990
Fontaine-l’Evêque,52022,2020-11-05,51,1041
Fontaine-l’Evêque,52022,2020-11-06,46,1087
Fontaine-l’Evêque,52022,2020-11-07,39,1126
Fontaine-l’Evêque,52022,2020-11-08,18,1144
Fontaine-l’Evêque,52022,2020-11-09,18,1162
Fontaine-l’Evêque,52022,2020-11-10,6,1168
Fontaine-l’Evêque,52022,2020-11-11,30,1198
Gerpinnes,52025,2020-04-01,1,9
Gerpinnes,52025,2020-04-02,1,10
Gerpinnes,52025,2020-04-03,0,10
Gerpinnes,52025,2020-04-04,3,13
Gerpinnes,52025,2020-04-05,0,13
Gerpinnes,52025,2020-04-06,5,18
Gerpinnes,52025,2020-04-07,0,18
Gerpinnes,52025,2020-04-08,3,21
Gerpinnes,52025,2020-04-09,1,22
Gerpinnes,52025,2020-04-10,0,22
Gerpinnes,52025,2020-04-11,2,24
Gerpinnes,52025,2020-04-12,2,26
Gerpinnes,52025,2020-04-13,3,29
Gerpinnes,52025,2020-04-14,0,29
Gerpinnes,52025,2020-04-15,1,30
Gerpinnes,52025,2020-04-16,2,32
Gerpinnes,52025,2020-04-17,0,32
Gerpinnes,52025,2020-04-18,3,35
Gerpinnes,52025,2020-04-19,1,36
Gerpinnes,52025,2020-04-20,2,38
Gerpinnes,52025,2020-04-21,0,38
Gerpinnes,52025,2020-04-22,2,40
Gerpinnes,52025,2020-04-23,1,41
Gerpinnes,52025,2020-04-24,1,42
Gerpinnes,52025,2020-04-25,0,42
Gerpinnes,52025,2020-04-26,0,42
Gerpinnes,52025,2020-04-27,2,44
Gerpinnes,52025,2020-04-28,0,44
Gerpinnes,52025,2020-04-29,0,44
Gerpinnes,52025,2020-04-30,0,44
Gerpinnes,52025,2020-05-01,0,44
Gerpinnes,52025,2020-05-02,0,44
Gerpinnes,52025,2020-05-03,0,44
Gerpinnes,52025,2020-05-04,0,44
Gerpinnes,52025,2020-05-05,0,44
Gerpinnes,52025,2020-05-06,0,44
Gerpinnes,52025,2020-05-07,0,44
Gerpinnes,52025,2020-05-08,0,44
Gerpinnes,52025,2020-05-09,1,45
Gerpinnes,52025,2020-05-10,0,45
Gerpinnes,52025,2020-05-11,0,45
Gerpinnes,52025,2020-05-12,0,45
Gerpinnes,52025,2020-05-13,-1,44
Gerpinnes,52025,2020-05-14,0,44
Gerpinnes,52025,2020-05-15,1,45
Gerpinnes,52025,2020-05-16,0,45
Gerpinnes,52025,2020-05-17,0,45
Gerpinnes,52025,2020-05-18,0,45
Gerpinnes,52025,2020-05-19,1,46
Gerpinnes,52025,2020-05-20,0,46
Gerpinnes,52025,2020-05-21,0,46
Gerpinnes,52025,2020-05-22,0,46
Gerpinnes,52025,2020-05-23,0,46
Gerpinnes,52025,2020-05-24,0,46
Gerpinnes,52025,2020-05-25,0,46
Gerpinnes,52025,2020-05-26,1,47
Gerpinnes,52025,2020-05-27,0,47
Gerpinnes,52025,2020-05-28,0,47
Gerpinnes,52025,2020-05-29,0,47
Gerpinnes,52025,2020-05-30,0,47
Gerpinnes,52025,2020-05-31,0,47
Gerpinnes,52025,2020-06-01,0,47
Gerpinnes,52025,2020-06-02,0,47
Gerpinnes,52025,2020-06-03,0,47
Gerpinnes,52025,2020-06-04,0,47
Gerpinnes,52025,2020-06-05,0,47
Gerpinnes,52025,2020-06-06,0,47
Gerpinnes,52025,2020-06-07,1,48
Gerpinnes,52025,2020-06-08,0,48
Gerpinnes,52025,2020-06-09,0,48
Gerpinnes,52025,2020-06-10,0,48
Gerpinnes,52025,2020-06-11,0,48
Gerpinnes,52025,2020-06-12,0,48
Gerpinnes,52025,2020-06-13,0,48
Gerpinnes,52025,2020-06-14,0,48
Gerpinnes,52025,2020-06-15,0,48
Gerpinnes,52025,2020-06-16,0,48
Gerpinnes,52025,2020-06-17,0,48
Gerpinnes,52025,2020-06-18,0,48
Gerpinnes,52025,2020-06-19,0,48
Gerpinnes,52025,2020-06-20,0,48
Gerpinnes,52025,2020-06-23,0,48
Gerpinnes,52025,2020-06-24,0,48
Gerpinnes,52025,2020-06-25,0,48
Gerpinnes,52025,2020-06-26,0,48
Gerpinnes,52025,2020-06-27,0,48
Gerpinnes,52025,2020-06-30,0,48
Gerpinnes,52025,2020-07-01,0,48
Gerpinnes,52025,2020-07-02,0,48
Gerpinnes,52025,2020-07-03,0,48
Gerpinnes,52025,2020-07-04,0,48
Gerpinnes,52025,2020-07-07,0,48
Gerpinnes,52025,2020-07-08,0,48
Gerpinnes,52025,2020-07-09,0,48
Gerpinnes,52025,2020-07-10,0,48
Gerpinnes,52025,2020-07-11,0,48
Gerpinnes,52025,2020-07-14,0,48
Gerpinnes,52025,2020-07-15,0,48
Gerpinnes,52025,2020-07-16,0,48
Gerpinnes,52025,2020-07-17,1,49
Gerpinnes,52025,2020-07-18,0,49
Gerpinnes,52025,2020-07-20,0,49
Gerpinnes,52025,2020-07-21,1,50
Gerpinnes,52025,2020-07-22,0,50
Gerpinnes,52025,2020-07-23,1,51
Gerpinnes,52025,2020-07-24,0,51
Gerpinnes,52025,2020-07-25,1,52
Gerpinnes,52025,2020-07-26,0,52
Gerpinnes,52025,2020-07-27,0,52
Gerpinnes,52025,2020-07-28,0,52
Gerpinnes,52025,2020-07-29,1,53
Gerpinnes,52025,2020-07-30,0,53
Gerpinnes,52025,2020-07-31,0,53
Gerpinnes,52025,2020-08-01,0,53
Gerpinnes,52025,2020-08-02,2,55
Gerpinnes,52025,2020-08-03,0,55
Gerpinnes,52025,2020-08-04,0,55
Gerpinnes,52025,2020-08-05,0,55
Gerpinnes,52025,2020-08-06,0,55
Gerpinnes,52025,2020-08-07,0,55
Gerpinnes,52025,2020-08-08,2,57
Gerpinnes,52025,2020-08-09,0,57
Gerpinnes,52025,2020-08-10,2,59
Gerpinnes,52025,2020-08-11,1,60
Gerpinnes,52025,2020-08-12,0,60
Gerpinnes,52025,2020-08-13,0,60
Gerpinnes,52025,2020-08-14,1,61
Gerpinnes,52025,2020-08-15,2,63
Gerpinnes,52025,2020-08-16,1,64
Gerpinnes,52025,2020-08-17,0,64
Gerpinnes,52025,2020-08-18,0,64
Gerpinnes,52025,2020-08-19,0,64
Gerpinnes,52025,2020-08-20,0,64
Gerpinnes,52025,2020-08-21,0,64
Gerpinnes,52025,2020-08-22,0,64
Gerpinnes,52025,2020-08-23,1,65
Gerpinnes,52025,2020-08-24,2,67
Gerpinnes,52025,2020-08-25,0,67
Gerpinnes,52025,2020-08-26,0,67
Gerpinnes,52025,2020-08-27,0,67
Gerpinnes,52025,2020-08-28,1,68
Gerpinnes,52025,2020-08-29,0,68
Gerpinnes,52025,2020-08-30,0,68
Gerpinnes,52025,2020-08-31,0,68
Gerpinnes,52025,2020-09-01,0,68
Gerpinnes,52025,2020-09-02,0,68
Gerpinnes,52025,2020-09-03,0,68
Gerpinnes,52025,2020-09-04,0,68
Gerpinnes,52025,2020-09-05,0,68
Gerpinnes,52025,2020-09-06,0,68
Gerpinnes,52025,2020-09-07,1,69
Gerpinnes,52025,2020-09-08,0,69
Gerpinnes,52025,2020-09-09,0,69
Gerpinnes,52025,2020-09-10,0,69
Gerpinnes,52025,2020-09-11,0,69
Gerpinnes,52025,2020-09-12,0,69
Gerpinnes,52025,2020-09-13,1,70
Gerpinnes,52025,2020-09-14,2,72
Gerpinnes,52025,2020-09-15,0,72
Gerpinnes,52025,2020-09-16,2,74
Gerpinnes,52025,2020-09-17,3,77
Gerpinnes,52025,2020-09-18,1,78
Gerpinnes,52025,2020-09-19,0,78
Gerpinnes,52025,2020-09-20,3,81
Gerpinnes,52025,2020-09-21,0,81
Gerpinnes,52025,2020-09-22,2,83
Gerpinnes,52025,2020-09-23,1,84
Gerpinnes,52025,2020-09-24,4,88
Gerpinnes,52025,2020-09-25,5,93
Gerpinnes,52025,2020-09-26,6,99
Gerpinnes,52025,2020-09-27,2,101
Gerpinnes,52025,2020-09-28,2,103
Gerpinnes,52025,2020-09-29,3,106
Gerpinnes,52025,2020-09-30,2,108
Gerpinnes,52025,2020-10-01,2,110
Gerpinnes,52025,2020-10-02,1,111
Gerpinnes,52025,2020-10-03,5,116
Gerpinnes,52025,2020-10-04,3,119
Gerpinnes,52025,2020-10-05,5,124
Gerpinnes,52025,2020-10-06,7,131
Gerpinnes,52025,2020-10-07,5,136
Gerpinnes,52025,2020-10-08,5,141
Gerpinnes,52025,2020-10-09,12,153
Gerpinnes,52025,2020-10-10,9,162
Gerpinnes,52025,2020-10-11,9,171
Gerpinnes,52025,2020-10-12,10,181
Gerpinnes,52025,2020-10-13,8,189
Gerpinnes,52025,2020-10-14,9,198
Gerpinnes,52025,2020-10-15,12,210
Gerpinnes,52025,2020-10-16,22,232
Gerpinnes,52025,2020-10-17,17,249
Gerpinnes,52025,2020-10-18,14,263
Gerpinnes,52025,2020-10-19,7,270
Gerpinnes,52025,2020-10-20,14,284
Gerpinnes,52025,2020-10-21,16,300
Gerpinnes,52025,2020-10-22,30,330
Gerpinnes,52025,2020-10-23,34,364
Gerpinnes,52025,2020-10-24,33,397
Gerpinnes,52025,2020-10-25,42,439
Gerpinnes,52025,2020-10-26,25,464
Gerpinnes,52025,2020-10-27,19,483
Gerpinnes,52025,2020-10-28,24,507
Gerpinnes,52025,2020-10-29,33,540
Gerpinnes,52025,2020-10-30,50,590
Gerpinnes,52025,2020-10-31,46,636
Gerpinnes,52025,2020-11-01,33,669
Gerpinnes,52025,2020-11-02,25,694
Gerpinnes,52025,2020-11-03,23,717
Gerpinnes,52025,2020-11-04,8,725
Gerpinnes,52025,2020-11-05,46,771
Gerpinnes,52025,2020-11-06,31,802
Gerpinnes,52025,2020-11-07,26,828
Gerpinnes,52025,2020-11-08,14,842
Gerpinnes,52025,2020-11-09,31,873
Gerpinnes,52025,2020-11-10,7,880
Gerpinnes,52025,2020-11-11,19,899
Montigny-le-Tilleul,52048,2020-04-01,1,6
Montigny-le-Tilleul,52048,2020-04-02,0,6
Montigny-le-Tilleul,52048,2020-04-03,0,6
Montigny-le-Tilleul,52048,2020-04-04,6,12
Montigny-le-Tilleul,52048,2020-04-05,0,12
Montigny-le-Tilleul,52048,2020-04-06,2,14
Montigny-le-Tilleul,52048,2020-04-07,0,14
Montigny-le-Tilleul,52048,2020-04-08,1,15
Montigny-le-Tilleul,52048,2020-04-09,0,15
Montigny-le-Tilleul,52048,2020-04-10,0,15
Montigny-le-Tilleul,52048,2020-04-11,0,15
Montigny-le-Tilleul,52048,2020-04-12,1,16
Montigny-le-Tilleul,52048,2020-04-13,0,16
Montigny-le-Tilleul,52048,2020-04-14,0,16
Montigny-le-Tilleul,52048,2020-04-15,2,18
Montigny-le-Tilleul,52048,2020-04-16,0,18
Montigny-le-Tilleul,52048,2020-04-17,2,20
Montigny-le-Tilleul,52048,2020-04-18,3,23
Montigny-le-Tilleul,52048,2020-04-19,0,23
Montigny-le-Tilleul,52048,2020-04-20,0,23
Montigny-le-Tilleul,52048,2020-04-21,0,23
Montigny-le-Tilleul,52048,2020-04-22,2,25
Montigny-le-Tilleul,52048,2020-04-23,0,25
Montigny-le-Tilleul,52048,2020-04-24,0,25
Montigny-le-Tilleul,52048,2020-04-25,0,25
Montigny-le-Tilleul,52048,2020-04-26,1,26
Montigny-le-Tilleul,52048,2020-04-27,2,28
Montigny-le-Tilleul,52048,2020-04-28,2,30
Montigny-le-Tilleul,52048,2020-04-29,1,31
Montigny-le-Tilleul,52048,2020-04-30,0,31
Montigny-le-Tilleul,52048,2020-05-01,3,34
Montigny-le-Tilleul,52048,2020-05-02,0,34
Montigny-le-Tilleul,52048,2020-05-03,0,34
Montigny-le-Tilleul,52048,2020-05-04,0,34
Montigny-le-Tilleul,52048,2020-05-05,0,34
Montigny-le-Tilleul,52048,2020-05-06,0,34
Montigny-le-Tilleul,52048,2020-05-07,0,34
Montigny-le-Tilleul,52048,2020-05-08,0,34
Montigny-le-Tilleul,52048,2020-05-09,1,35
Montigny-le-Tilleul,52048,2020-05-10,0,35
Montigny-le-Tilleul,52048,2020-05-11,1,36
Montigny-le-Tilleul,52048,2020-05-12,2,38
Montigny-le-Tilleul,52048,2020-05-13,0,38
Montigny-le-Tilleul,52048,2020-05-14,1,39
Montigny-le-Tilleul,52048,2020-05-15,1,40
Montigny-le-Tilleul,52048,2020-05-16,0,40
Montigny-le-Tilleul,52048,2020-05-17,0,40
Montigny-le-Tilleul,52048,2020-05-18,0,40
Montigny-le-Tilleul,52048,2020-05-19,0,40
Montigny-le-Tilleul,52048,2020-05-20,0,40
Montigny-le-Tilleul,52048,2020-05-21,0,40
Montigny-le-Tilleul,52048,2020-05-22,0,40
Montigny-le-Tilleul,52048,2020-05-23,0,40
Montigny-le-Tilleul,52048,2020-05-24,1,41
Montigny-le-Tilleul,52048,2020-05-25,0,41
Montigny-le-Tilleul,52048,2020-05-26,0,41
Montigny-le-Tilleul,52048,2020-05-27,1,42
Montigny-le-Tilleul,52048,2020-05-28,0,42
Montigny-le-Tilleul,52048,2020-05-29,1,43
Montigny-le-Tilleul,52048,2020-05-30,0,43
Montigny-le-Tilleul,52048,2020-05-31,0,43
Montigny-le-Tilleul,52048,2020-06-01,0,43
Montigny-le-Tilleul,52048,2020-06-02,0,43
Montigny-le-Tilleul,52048,2020-06-03,0,43
Montigny-le-Tilleul,52048,2020-06-04,0,43
Montigny-le-Tilleul,52048,2020-06-05,0,43
Montigny-le-Tilleul,52048,2020-06-06,0,43
Montigny-le-Tilleul,52048,2020-06-07,0,43
Montigny-le-Tilleul,52048,2020-06-08,0,43
Montigny-le-Tilleul,52048,2020-06-09,0,43
Montigny-le-Tilleul,52048,2020-06-10,0,43
Montigny-le-Tilleul,52048,2020-06-11,0,43
Montigny-le-Tilleul,52048,2020-06-12,0,43
Montigny-le-Tilleul,52048,2020-06-13,0,43
Montigny-le-Tilleul,52048,2020-06-14,0,43
Montigny-le-Tilleul,52048,2020-06-15,0,43
Montigny-le-Tilleul,52048,2020-06-16,0,43
Montigny-le-Tilleul,52048,2020-06-17,0,43
Montigny-le-Tilleul,52048,2020-06-18,0,43
Montigny-le-Tilleul,52048,2020-06-19,0,43
Montigny-le-Tilleul,52048,2020-06-20,0,43
Montigny-le-Tilleul,52048,2020-06-23,0,43
Montigny-le-Tilleul,52048,2020-06-24,0,43
Montigny-le-Tilleul,52048,2020-06-25,0,43
Montigny-le-Tilleul,52048,2020-06-26,0,43
Montigny-le-Tilleul,52048,2020-06-27,0,43
Montigny-le-Tilleul,52048,2020-06-30,0,43
Montigny-le-Tilleul,52048,2020-07-01,0,43
Montigny-le-Tilleul,52048,2020-07-02,0,43
Montigny-le-Tilleul,52048,2020-07-03,0,43
Montigny-le-Tilleul,52048,2020-07-04,0,43
Montigny-le-Tilleul,52048,2020-07-07,0,43
Montigny-le-Tilleul,52048,2020-07-08,0,43
Montigny-le-Tilleul,52048,2020-07-09,0,43
Montigny-le-Tilleul,52048,2020-07-10,0,43
Montigny-le-Tilleul,52048,2020-07-11,0,43
Montigny-le-Tilleul,52048,2020-07-14,0,43
Montigny-le-Tilleul,52048,2020-07-15,0,43
Montigny-le-Tilleul,52048,2020-07-16,0,43
Montigny-le-Tilleul,52048,2020-07-17,0,43
Montigny-le-Tilleul,52048,2020-07-18,0,43
Montigny-le-Tilleul,52048,2020-07-20,0,43
Montigny-le-Tilleul,52048,2020-07-21,0,43
Montigny-le-Tilleul,52048,2020-07-22,0,43
Montigny-le-Tilleul,52048,2020-07-23,0,43
Montigny-le-Tilleul,52048,2020-07-24,0,43
Montigny-le-Tilleul,52048,2020-07-25,1,44
Montigny-le-Tilleul,52048,2020-07-26,0,44
Montigny-le-Tilleul,52048,2020-07-27,0,44
Montigny-le-Tilleul,52048,2020-07-28,1,45
Montigny-le-Tilleul,52048,2020-07-29,0,45
Montigny-le-Tilleul,52048,2020-07-30,0,45
Montigny-le-Tilleul,52048,2020-07-31,3,48
Montigny-le-Tilleul,52048,2020-08-01,9,57
Montigny-le-Tilleul,52048,2020-08-02,0,57
Montigny-le-Tilleul,52048,2020-08-03,2,59
Montigny-le-Tilleul,52048,2020-08-04,0,59
Montigny-le-Tilleul,52048,2020-08-05,2,61
Montigny-le-Tilleul,52048,2020-08-06,4,65
Montigny-le-Tilleul,52048,2020-08-07,0,65
Montigny-le-Tilleul,52048,2020-08-08,0,65
Montigny-le-Tilleul,52048,2020-08-09,0,65
Montigny-le-Tilleul,52048,2020-08-10,4,69
Montigny-le-Tilleul,52048,2020-08-11,0,69
Montigny-le-Tilleul,52048,2020-08-12,0,69
Montigny-le-Tilleul,52048,2020-08-13,0,69
Montigny-le-Tilleul,52048,2020-08-14,1,70
Montigny-le-Tilleul,52048,2020-08-15,1,71
Montigny-le-Tilleul,52048,2020-08-16,0,71
Montigny-le-Tilleul,52048,2020-08-17,1,72
Montigny-le-Tilleul,52048,2020-08-18,0,72
Montigny-le-Tilleul,52048,2020-08-19,0,72
Montigny-le-Tilleul,52048,2020-08-20,0,72
Montigny-le-Tilleul,52048,2020-08-21,1,73
Montigny-le-Tilleul,52048,2020-08-22,0,73
Montigny-le-Tilleul,52048,2020-08-23,0,73
Montigny-le-Tilleul,52048,2020-08-24,2,75
Montigny-le-Tilleul,52048,2020-08-25,0,75
Montigny-le-Tilleul,52048,2020-08-26,0,75
Montigny-le-Tilleul,52048,2020-08-27,0,75
Montigny-le-Tilleul,52048,2020-08-28,0,75
Montigny-le-Tilleul,52048,2020-08-29,0,75
Montigny-le-Tilleul,52048,2020-08-30,0,75
Montigny-le-Tilleul,52048,2020-08-31,0,75
Montigny-le-Tilleul,52048,2020-09-01,0,75
Montigny-le-Tilleul,52048,2020-09-02,0,75
Montigny-le-Tilleul,52048,2020-09-03,0,75
Montigny-le-Tilleul,52048,2020-09-04,0,75
Montigny-le-Tilleul,52048,2020-09-05,0,75
Montigny-le-Tilleul,52048,2020-09-06,0,75
Montigny-le-Tilleul,52048,2020-09-07,0,75
Montigny-le-Tilleul,52048,2020-09-08,1,76
Montigny-le-Tilleul,52048,2020-09-09,0,76
Montigny-le-Tilleul,52048,2020-09-10,0,76
Montigny-le-Tilleul,52048,2020-09-11,2,78
Montigny-le-Tilleul,52048,2020-09-12,0,78
Montigny-le-Tilleul,52048,2020-09-13,0,78
Montigny-le-Tilleul,52048,2020-09-14,0,78
Montigny-le-Tilleul,52048,2020-09-15,1,79
Montigny-le-Tilleul,52048,2020-09-16,0,79
Montigny-le-Tilleul,52048,2020-09-17,4,83
Montigny-le-Tilleul,52048,2020-09-18,2,85
Montigny-le-Tilleul,52048,2020-09-19,1,86
Montigny-le-Tilleul,52048,2020-09-20,1,87
Montigny-le-Tilleul,52048,2020-09-21,2,89
Montigny-le-Tilleul,52048,2020-09-22,1,90
Montigny-le-Tilleul,52048,2020-09-23,4,94
Montigny-le-Tilleul,52048,2020-09-24,8,102
Montigny-le-Tilleul,52048,2020-09-25,3,105
Montigny-le-Tilleul,52048,2020-09-26,3,108
Montigny-le-Tilleul,52048,2020-09-27,1,109
Montigny-le-Tilleul,52048,2020-09-28,1,110
Montigny-le-Tilleul,52048,2020-09-29,1,111
Montigny-le-Tilleul,52048,2020-09-30,5,116
Montigny-le-Tilleul,52048,2020-10-01,7,123
Montigny-le-Tilleul,52048,2020-10-02,5,128
Montigny-le-Tilleul,52048,2020-10-03,2,130
Montigny-le-Tilleul,52048,2020-10-04,7,137
Montigny-le-Tilleul,52048,2020-10-05,3,140
Montigny-le-Tilleul,52048,2020-10-06,6,146
Montigny-le-Tilleul,52048,2020-10-07,3,149
Montigny-le-Tilleul,52048,2020-10-08,4,153
Montigny-le-Tilleul,52048,2020-10-09,10,163
Montigny-le-Tilleul,52048,2020-10-10,3,166
Montigny-le-Tilleul,52048,2020-10-11,10,176
Montigny-le-Tilleul,52048,2020-10-12,4,180
Montigny-le-Tilleul,52048,2020-10-13,11,191
Montigny-le-Tilleul,52048,2020-10-14,7,198
Montigny-le-Tilleul,52048,2020-10-15,4,202
Montigny-le-Tilleul,52048,2020-10-16,18,220
Montigny-le-Tilleul,52048,2020-10-17,18,238
Montigny-le-Tilleul,52048,2020-10-18,16,254
Montigny-le-Tilleul,52048,2020-10-19,12,266
Montigny-le-Tilleul,52048,2020-10-20,20,286
Montigny-le-Tilleul,52048,2020-10-21,13,299
Montigny-le-Tilleul,52048,2020-10-22,19,318
Montigny-le-Tilleul,52048,2020-10-23,26,344
Montigny-le-Tilleul,52048,2020-10-24,16,360
Montigny-le-Tilleul,52048,2020-10-25,26,386
Montigny-le-Tilleul,52048,2020-10-26,24,410
Montigny-le-Tilleul,52048,2020-10-27,16,426
Montigny-le-Tilleul,52048,2020-10-28,25,451
Montigny-le-Tilleul,52048,2020-10-29,31,482
Montigny-le-Tilleul,52048,2020-10-30,28,510
Montigny-le-Tilleul,52048,2020-10-31,40,550
Montigny-le-Tilleul,52048,2020-11-01,34,584
Montigny-le-Tilleul,52048,2020-11-02,20,604
Montigny-le-Tilleul,52048,2020-11-03,8,612
Montigny-le-Tilleul,52048,2020-11-04,12,624
Montigny-le-Tilleul,52048,2020-11-05,27,651
Montigny-le-Tilleul,52048,2020-11-06,19,670
Montigny-le-Tilleul,52048,2020-11-07,16,686
Montigny-le-Tilleul,52048,2020-11-08,12,698
Montigny-le-Tilleul,52048,2020-11-09,20,718
Montigny-le-Tilleul,52048,2020-11-10,7,725
Montigny-le-Tilleul,52048,2020-11-11,7,732
Pont-à-Celles,52055,2020-04-01,1,20
Pont-à-Celles,52055,2020-04-02,2,22
Pont-à-Celles,52055,2020-04-03,0,22
Pont-à-Celles,52055,2020-04-04,4,26
Pont-à-Celles,52055,2020-04-05,3,29
Pont-à-Celles,52055,2020-04-06,1,30
Pont-à-Celles,52055,2020-04-07,1,31
Pont-à-Celles,52055,2020-04-08,0,31
Pont-à-Celles,52055,2020-04-09,2,33
Pont-à-Celles,52055,2020-04-10,1,34
Pont-à-Celles,52055,2020-04-11,1,35
Pont-à-Celles,52055,2020-04-12,3,38
Pont-à-Celles,52055,2020-04-13,0,38
Pont-à-Celles,52055,2020-04-14,0,38
Pont-à-Celles,52055,2020-04-15,3,41
Pont-à-Celles,52055,2020-04-16,-1,40
Pont-à-Celles,52055,2020-04-17,0,40
Pont-à-Celles,52055,2020-04-18,1,41
Pont-à-Celles,52055,2020-04-19,1,42
Pont-à-Celles,52055,2020-04-20,0,42
Pont-à-Celles,52055,2020-04-21,0,42
Pont-à-Celles,52055,2020-04-22,0,42
Pont-à-Celles,52055,2020-04-23,1,43
Pont-à-Celles,52055,2020-04-24,6,49
Pont-à-Celles,52055,2020-04-25,0,49
Pont-à-Celles,52055,2020-04-26,0,49
Pont-à-Celles,52055,2020-04-27,0,49
Pont-à-Celles,52055,2020-04-28,0,49
Pont-à-Celles,52055,2020-04-29,2,51
Pont-à-Celles,52055,2020-04-30,1,52
Pont-à-Celles,52055,2020-05-01,0,52
Pont-à-Celles,52055,2020-05-02,2,54
Pont-à-Celles,52055,2020-05-03,0,54
Pont-à-Celles,52055,2020-05-04,0,54
Pont-à-Celles,52055,2020-05-05,0,54
Pont-à-Celles,52055,2020-05-06,0,54
Pont-à-Celles,52055,2020-05-07,0,54
Pont-à-Celles,52055,2020-05-08,0,54
Pont-à-Celles,52055,2020-05-09,1,55
Pont-à-Celles,52055,2020-05-10,0,55
Pont-à-Celles,52055,2020-05-11,0,55
Pont-à-Celles,52055,2020-05-12,0,55
Pont-à-Celles,52055,2020-05-13,0,55
Pont-à-Celles,52055,2020-05-14,1,56
Pont-à-Celles,52055,2020-05-15,0,56
Pont-à-Celles,52055,2020-05-16,0,56
Pont-à-Celles,52055,2020-05-17,0,56
Pont-à-Celles,52055,2020-05-18,0,56
Pont-à-Celles,52055,2020-05-19,1,57
Pont-à-Celles,52055,2020-05-20,0,57
Pont-à-Celles,52055,2020-05-21,0,57
Pont-à-Celles,52055,2020-05-22,0,57
Pont-à-Celles,52055,2020-05-23,0,57
Pont-à-Celles,52055,2020-05-24,0,57
Pont-à-Celles,52055,2020-05-25,0,57
Pont-à-Celles,52055,2020-05-26,0,57
Pont-à-Celles,52055,2020-05-27,0,57
Pont-à-Celles,52055,2020-05-28,0,57
Pont-à-Celles,52055,2020-05-29,0,57
Pont-à-Celles,52055,2020-05-30,0,57
Pont-à-Celles,52055,2020-05-31,0,57
Pont-à-Celles,52055,2020-06-01,0,57
Pont-à-Celles,52055,2020-06-02,0,57
Pont-à-Celles,52055,2020-06-03,1,58
Pont-à-Celles,52055,2020-06-04,0,58
Pont-à-Celles,52055,2020-06-05,0,58
Pont-à-Celles,52055,2020-06-06,1,59
Pont-à-Celles,52055,2020-06-07,1,60
Pont-à-Celles,52055,2020-06-08,0,60
Pont-à-Celles,52055,2020-06-09,2,62
Pont-à-Celles,52055,2020-06-10,0,62
Pont-à-Celles,52055,2020-06-11,1,63
Pont-à-Celles,52055,2020-06-12,1,64
Pont-à-Celles,52055,2020-06-13,0,64
Pont-à-Celles,52055,2020-06-14,1,65
Pont-à-Celles,52055,2020-06-15,0,65
Pont-à-Celles,52055,2020-06-16,0,65
Pont-à-Celles,52055,2020-06-17,1,66
Pont-à-Celles,52055,2020-06-18,0,66
Pont-à-Celles,52055,2020-06-19,0,66
Pont-à-Celles,52055,2020-06-20,0,66
Pont-à-Celles,52055,2020-06-23,0,66
Pont-à-Celles,52055,2020-06-24,0,66
Pont-à-Celles,52055,2020-06-25,0,66
Pont-à-Celles,52055,2020-06-26,0,66
Pont-à-Celles,52055,2020-06-27,0,66
Pont-à-Celles,52055,2020-06-30,0,66
Pont-à-Celles,52055,2020-07-01,0,66
Pont-à-Celles,52055,2020-07-02,0,66
Pont-à-Celles,52055,2020-07-03,0,66
Pont-à-Celles,52055,2020-07-04,0,66
Pont-à-Celles,52055,2020-07-07,0,66
Pont-à-Celles,52055,2020-07-08,0,66
Pont-à-Celles,52055,2020-07-09,0,66
Pont-à-Celles,52055,2020-07-10,0,66
Pont-à-Celles,52055,2020-07-11,0,66
Pont-à-Celles,52055,2020-07-14,0,66
Pont-à-Celles,52055,2020-07-15,1,67
Pont-à-Celles,52055,2020-07-16,0,67
Pont-à-Celles,52055,2020-07-17,0,67
Pont-à-Celles,52055,2020-07-18,1,68
Pont-à-Celles,52055,2020-07-20,0,68
Pont-à-Celles,52055,2020-07-21,0,68
Pont-à-Celles,52055,2020-07-22,0,68
Pont-à-Celles,52055,2020-07-23,0,68
Pont-à-Celles,52055,2020-07-24,1,69
Pont-à-Celles,52055,2020-07-25,0,69
Pont-à-Celles,52055,2020-07-26,0,69
Pont-à-Celles,52055,2020-07-27,0,69
Pont-à-Celles,52055,2020-07-28,0,69
Pont-à-Celles,52055,2020-07-29,0,69
Pont-à-Celles,52055,2020-07-30,2,71
Pont-à-Celles,52055,2020-07-31,1,72
Pont-à-Celles,52055,2020-08-01,2,74
Pont-à-Celles,52055,2020-08-02,0,74
Pont-à-Celles,52055,2020-08-03,4,78
Pont-à-Celles,52055,2020-08-04,0,78
Pont-à-Celles,52055,2020-08-05,0,78
Pont-à-Celles,52055,2020-08-06,2,80
Pont-à-Celles,52055,2020-08-07,4,84
Pont-à-Celles,52055,2020-08-08,0,84
Pont-à-Celles,52055,2020-08-09,0,84
Pont-à-Celles,52055,2020-08-10,0,84
Pont-à-Celles,52055,2020-08-11,0,84
Pont-à-Celles,52055,2020-08-12,0,84
Pont-à-Celles,52055,2020-08-13,0,84
Pont-à-Celles,52055,2020-08-14,1,85
Pont-à-Celles,52055,2020-08-15,3,88
Pont-à-Celles,52055,2020-08-16,0,88
Pont-à-Celles,52055,2020-08-17,1,89
Pont-à-Celles,52055,2020-08-18,0,89
Pont-à-Celles,52055,2020-08-19,0,89
Pont-à-Celles,52055,2020-08-20,0,89
Pont-à-Celles,52055,2020-08-21,0,89
Pont-à-Celles,52055,2020-08-22,0,89
Pont-à-Celles,52055,2020-08-23,0,89
Pont-à-Celles,52055,2020-08-24,0,89
Pont-à-Celles,52055,2020-08-25,0,89
Pont-à-Celles,52055,2020-08-26,0,89
Pont-à-Celles,52055,2020-08-27,0,89
Pont-à-Celles,52055,2020-08-28,0,89
Pont-à-Celles,52055,2020-08-29,0,89
Pont-à-Celles,52055,2020-08-30,0,89
Pont-à-Celles,52055,2020-08-31,1,90
Pont-à-Celles,52055,2020-09-01,0,90
Pont-à-Celles,52055,2020-09-02,0,90
Pont-à-Celles,52055,2020-09-03,0,90
Pont-à-Celles,52055,2020-09-04,1,91
Pont-à-Celles,52055,2020-09-05,0,91
Pont-à-Celles,52055,2020-09-06,0,91
Pont-à-Celles,52055,2020-09-07,0,91
Pont-à-Celles,52055,2020-09-08,2,93
Pont-à-Celles,52055,2020-09-09,1,94
Pont-à-Celles,52055,2020-09-10,1,95
Pont-à-Celles,52055,2020-09-11,1,96
Pont-à-Celles,52055,2020-09-12,1,97
Pont-à-Celles,52055,2020-09-13,0,97
Pont-à-Celles,52055,2020-09-14,2,99
Pont-à-Celles,52055,2020-09-15,2,101
Pont-à-Celles,52055,2020-09-16,1,102
Pont-à-Celles,52055,2020-09-17,2,104
Pont-à-Celles,52055,2020-09-18,0,104
Pont-à-Celles,52055,2020-09-19,1,105
Pont-à-Celles,52055,2020-09-20,3,108
Pont-à-Celles,52055,2020-09-21,1,109
Pont-à-Celles,52055,2020-09-22,1,110
Pont-à-Celles,52055,2020-09-23,1,111
Pont-à-Celles,52055,2020-09-24,2,113
Pont-à-Celles,52055,2020-09-25,2,115
Pont-à-Celles,52055,2020-09-26,1,116
Pont-à-Celles,52055,2020-09-27,2,118
Pont-à-Celles,52055,2020-09-28,1,119
Pont-à-Celles,52055,2020-09-29,0,119
Pont-à-Celles,52055,2020-09-30,2,121
Pont-à-Celles,52055,2020-10-01,4,125
Pont-à-Celles,52055,2020-10-02,4,129
Pont-à-Celles,52055,2020-10-03,8,137
Pont-à-Celles,52055,2020-10-04,3,140
Pont-à-Celles,52055,2020-10-05,7,147
Pont-à-Celles,52055,2020-10-06,6,153
Pont-à-Celles,52055,2020-10-07,5,158
Pont-à-Celles,52055,2020-10-08,5,163
Pont-à-Celles,52055,2020-10-09,23,186
Pont-à-Celles,52055,2020-10-10,9,195
Pont-à-Celles,52055,2020-10-11,17,212
Pont-à-Celles,52055,2020-10-12,17,229
Pont-à-Celles,52055,2020-10-13,9,238
Pont-à-Celles,52055,2020-10-14,19,257
Pont-à-Celles,52055,2020-10-15,10,267
Pont-à-Celles,52055,2020-10-16,19,286
Pont-à-Celles,52055,2020-10-17,21,307
Pont-à-Celles,52055,2020-10-18,17,324
Pont-à-Celles,52055,2020-10-19,10,334
Pont-à-Celles,52055,2020-10-20,17,351
Pont-à-Celles,52055,2020-10-21,16,367
Pont-à-Celles,52055,2020-10-22,34,401
Pont-à-Celles,52055,2020-10-23,23,424
Pont-à-Celles,52055,2020-10-24,25,449
Pont-à-Celles,52055,2020-10-25,37,486
Pont-à-Celles,52055,2020-10-26,27,513
Pont-à-Celles,52055,2020-10-27,21,534
Pont-à-Celles,52055,2020-10-28,42,576
Pont-à-Celles,52055,2020-10-29,33,609
Pont-à-Celles,52055,2020-10-30,56,665
Pont-à-Celles,52055,2020-10-31,45,710
Pont-à-Celles,52055,2020-11-01,38,748
Pont-à-Celles,52055,2020-11-02,44,792
Pont-à-Celles,52055,2020-11-03,16,808
Pont-à-Celles,52055,2020-11-04,8,816
Pont-à-Celles,52055,2020-11-05,42,858
Pont-à-Celles,52055,2020-11-06,27,885
Pont-à-Celles,52055,2020-11-07,31,916
Pont-à-Celles,52055,2020-11-08,4,920
Pont-à-Celles,52055,2020-11-09,18,938
Pont-à-Celles,52055,2020-11-10,6,944
Pont-à-Celles,52055,2020-11-11,12,956
Aiseau-Presles,52074,2020-04-01,1,6
Aiseau-Presles,52074,2020-04-02,1,7
Aiseau-Presles,52074,2020-04-03,0,7
Aiseau-Presles,52074,2020-04-04,0,7
Aiseau-Presles,52074,2020-04-05,0,7
Aiseau-Presles,52074,2020-04-06,2,9
Aiseau-Presles,52074,2020-04-07,0,9
Aiseau-Presles,52074,2020-04-08,0,9
Aiseau-Presles,52074,2020-04-09,0,9
Aiseau-Presles,52074,2020-04-10,1,10
Aiseau-Presles,52074,2020-04-11,0,10
Aiseau-Presles,52074,2020-04-12,2,12
Aiseau-Presles,52074,2020-04-13,0,12
Aiseau-Presles,52074,2020-04-14,0,12
Aiseau-Presles,52074,2020-04-15,0,12
Aiseau-Presles,52074,2020-04-16,3,15
Aiseau-Presles,52074,2020-04-17,0,15
Aiseau-Presles,52074,2020-04-18,2,17
Aiseau-Presles,52074,2020-04-19,2,19
Aiseau-Presles,52074,2020-04-20,0,19
Aiseau-Presles,52074,2020-04-21,1,20
Aiseau-Presles,52074,2020-04-22,3,23
Aiseau-Presles,52074,2020-04-23,1,24
Aiseau-Presles,52074,2020-04-24,0,24
Aiseau-Presles,52074,2020-04-25,1,25
Aiseau-Presles,52074,2020-04-26,0,25
Aiseau-Presles,52074,2020-04-27,0,25
Aiseau-Presles,52074,2020-04-28,1,26
Aiseau-Presles,52074,2020-04-29,1,27
Aiseau-Presles,52074,2020-04-30,0,27
Aiseau-Presles,52074,2020-05-01,0,27
Aiseau-Presles,52074,2020-05-02,0,27
Aiseau-Presles,52074,2020-05-03,0,27
Aiseau-Presles,52074,2020-05-04,1,28
Aiseau-Presles,52074,2020-05-05,0,28
Aiseau-Presles,52074,2020-05-06,0,28
Aiseau-Presles,52074,2020-05-07,1,29
Aiseau-Presles,52074,2020-05-08,0,29
Aiseau-Presles,52074,2020-05-09,0,29
Aiseau-Presles,52074,2020-05-10,1,30
Aiseau-Presles,52074,2020-05-11,0,30
Aiseau-Presles,52074,2020-05-12,1,31
Aiseau-Presles,52074,2020-05-13,-1,30
Aiseau-Presles,52074,2020-05-14,0,30
Aiseau-Presles,52074,2020-05-15,1,31
Aiseau-Presles,52074,2020-05-16,0,31
Aiseau-Presles,52074,2020-05-17,0,31
Aiseau-Presles,52074,2020-05-18,0,31
Aiseau-Presles,52074,2020-05-19,1,32
Aiseau-Presles,52074,2020-05-20,1,33
Aiseau-Presles,52074,2020-05-21,1,34
Aiseau-Presles,52074,2020-05-22,1,35
Aiseau-Presles,52074,2020-05-23,0,35
Aiseau-Presles,52074,2020-05-24,0,35
Aiseau-Presles,52074,2020-05-25,0,35
Aiseau-Presles,52074,2020-05-26,0,35
Aiseau-Presles,52074,2020-05-27,0,35
Aiseau-Presles,52074,2020-05-28,1,36
Aiseau-Presles,52074,2020-05-29,0,36
Aiseau-Presles,52074,2020-05-30,0,36
Aiseau-Presles,52074,2020-05-31,0,36
Aiseau-Presles,52074,2020-06-01,0,36
Aiseau-Presles,52074,2020-06-02,0,36
Aiseau-Presles,52074,2020-06-03,0,36
Aiseau-Presles,52074,2020-06-04,1,37
Aiseau-Presles,52074,2020-06-05,0,37
Aiseau-Presles,52074,2020-06-06,1,38
Aiseau-Presles,52074,2020-06-07,0,38
Aiseau-Presles,52074,2020-06-08,0,38
Aiseau-Presles,52074,2020-06-09,0,38
Aiseau-Presles,52074,2020-06-10,0,38
Aiseau-Presles,52074,2020-06-11,1,39
Aiseau-Presles,52074,2020-06-12,0,39
Aiseau-Presles,52074,2020-06-13,0,39
Aiseau-Presles,52074,2020-06-14,0,39
Aiseau-Presles,52074,2020-06-15,0,39
Aiseau-Presles,52074,2020-06-16,0,39
Aiseau-Presles,52074,2020-06-17,0,39
Aiseau-Presles,52074,2020-06-18,0,39
Aiseau-Presles,52074,2020-06-19,0,39
Aiseau-Presles,52074,2020-06-20,0,39
Aiseau-Presles,52074,2020-06-23,0,39
Aiseau-Presles,52074,2020-06-24,0,39
Aiseau-Presles,52074,2020-06-25,0,39
Aiseau-Presles,52074,2020-06-26,0,39
Aiseau-Presles,52074,2020-06-27,0,39
Aiseau-Presles,52074,2020-06-30,0,39
Aiseau-Presles,52074,2020-07-01,0,39
Aiseau-Presles,52074,2020-07-02,0,39
Aiseau-Presles,52074,2020-07-03,0,39
Aiseau-Presles,52074,2020-07-04,0,39
Aiseau-Presles,52074,2020-07-07,0,39
Aiseau-Presles,52074,2020-07-08,0,39
Aiseau-Presles,52074,2020-07-09,0,39
Aiseau-Presles,52074,2020-07-10,0,39
Aiseau-Presles,52074,2020-07-11,0,39
Aiseau-Presles,52074,2020-07-14,0,39
Aiseau-Presles,52074,2020-07-15,0,39
Aiseau-Presles,52074,2020-07-16,0,39
Aiseau-Presles,52074,2020-07-17,0,39
Aiseau-Presles,52074,2020-07-18,0,39
Aiseau-Presles,52074,2020-07-20,1,40
Aiseau-Presles,52074,2020-07-21,0,40
Aiseau-Presles,52074,2020-07-22,0,40
Aiseau-Presles,52074,2020-07-23,0,40
Aiseau-Presles,52074,2020-07-24,0,40
Aiseau-Presles,52074,2020-07-25,0,40
Aiseau-Presles,52074,2020-07-26,0,40
Aiseau-Presles,52074,2020-07-27,0,40
Aiseau-Presles,52074,2020-07-28,1,41
Aiseau-Presles,52074,2020-07-29,0,41
Aiseau-Presles,52074,2020-07-30,1,42
Aiseau-Presles,52074,2020-07-31,0,42
Aiseau-Presles,52074,2020-08-01,0,42
Aiseau-Presles,52074,2020-08-02,0,42
Aiseau-Presles,52074,2020-08-03,0,42
Aiseau-Presles,52074,2020-08-04,0,42
Aiseau-Presles,52074,2020-08-05,0,42
Aiseau-Presles,52074,2020-08-06,0,42
Aiseau-Presles,52074,2020-08-07,0,42
Aiseau-Presles,52074,2020-08-08,1,43
Aiseau-Presles,52074,2020-08-09,0,43
Aiseau-Presles,52074,2020-08-10,3,46
Aiseau-Presles,52074,2020-08-11,0,46
Aiseau-Presles,52074,2020-08-12,1,47
Aiseau-Presles,52074,2020-08-13,1,48
Aiseau-Presles,52074,2020-08-14,0,48
Aiseau-Presles,52074,2020-08-15,0,48
Aiseau-Presles,52074,2020-08-16,4,52
Aiseau-Presles,52074,2020-08-17,0,52
Aiseau-Presles,52074,2020-08-18,2,54
Aiseau-Presles,52074,2020-08-19,0,54
Aiseau-Presles,52074,2020-08-20,0,54
Aiseau-Presles,52074,2020-08-21,1,55
Aiseau-Presles,52074,2020-08-22,0,55
Aiseau-Presles,52074,2020-08-23,0,55
Aiseau-Presles,52074,2020-08-24,1,56
Aiseau-Presles,52074,2020-08-25,0,56
Aiseau-Presles,52074,2020-08-26,0,56
Aiseau-Presles,52074,2020-08-27,1,57
Aiseau-Presles,52074,2020-08-28,0,57
Aiseau-Presles,52074,2020-08-29,2,59
Aiseau-Presles,52074,2020-08-30,2,61
Aiseau-Presles,52074,2020-08-31,1,62
Aiseau-Presles,52074,2020-09-01,0,62
Aiseau-Presles,52074,2020-09-02,1,63
Aiseau-Presles,52074,2020-09-03,0,63
Aiseau-Presles,52074,2020-09-04,0,63
Aiseau-Presles,52074,2020-09-05,0,63
Aiseau-Presles,52074,2020-09-06,0,63
Aiseau-Presles,52074,2020-09-07,1,64
Aiseau-Presles,52074,2020-09-08,0,64
Aiseau-Presles,52074,2020-09-09,0,64
Aiseau-Presles,52074,2020-09-10,2,66
Aiseau-Presles,52074,2020-09-11,0,66
Aiseau-Presles,52074,2020-09-12,1,67
Aiseau-Presles,52074,2020-09-13,2,69
Aiseau-Presles,52074,2020-09-14,0,69
Aiseau-Presles,52074,2020-09-15,0,69
Aiseau-Presles,52074,2020-09-16,0,69
Aiseau-Presles,52074,2020-09-17,0,69
Aiseau-Presles,52074,2020-09-18,1,70
Aiseau-Presles,52074,2020-09-19,1,71
Aiseau-Presles,52074,2020-09-20,2,73
Aiseau-Presles,52074,2020-09-21,0,73
Aiseau-Presles,52074,2020-09-22,2,75
Aiseau-Presles,52074,2020-09-23,1,76
Aiseau-Presles,52074,2020-09-24,2,78
Aiseau-Presles,52074,2020-09-25,0,78
Aiseau-Presles,52074,2020-09-26,4,82
Aiseau-Presles,52074,2020-09-27,2,84
Aiseau-Presles,52074,2020-09-28,2,86
Aiseau-Presles,52074,2020-09-29,1,87
Aiseau-Presles,52074,2020-09-30,0,87
Aiseau-Presles,52074,2020-10-01,6,93
Aiseau-Presles,52074,2020-10-02,1,94
Aiseau-Presles,52074,2020-10-03,4,98
Aiseau-Presles,52074,2020-10-04,1,99
Aiseau-Presles,52074,2020-10-05,2,101
Aiseau-Presles,52074,2020-10-06,1,102
Aiseau-Presles,52074,2020-10-07,6,108
Aiseau-Presles,52074,2020-10-08,3,111
Aiseau-Presles,52074,2020-10-09,10,121
Aiseau-Presles,52074,2020-10-10,11,132
Aiseau-Presles,52074,2020-10-11,9,141
Aiseau-Presles,52074,2020-10-12,9,150
Aiseau-Presles,52074,2020-10-13,3,153
Aiseau-Presles,52074,2020-10-14,5,158
Aiseau-Presles,52074,2020-10-15,7,165
Aiseau-Presles,52074,2020-10-16,9,174
Aiseau-Presles,52074,2020-10-17,15,189
Aiseau-Presles,52074,2020-10-18,9,198
Aiseau-Presles,52074,2020-10-19,4,202
Aiseau-Presles,52074,2020-10-20,13,215
Aiseau-Presles,52074,2020-10-21,10,225
Aiseau-Presles,52074,2020-10-22,16,241
Aiseau-Presles,52074,2020-10-23,18,259
Aiseau-Presles,52074,2020-10-24,28,287
Aiseau-Presles,52074,2020-10-25,20,307
Aiseau-Presles,52074,2020-10-26,22,329
Aiseau-Presles,52074,2020-10-27,10,339
Aiseau-Presles,52074,2020-10-28,23,362
Aiseau-Presles,52074,2020-10-29,25,387
Aiseau-Presles,52074,2020-10-30,61,448
Aiseau-Presles,52074,2020-10-31,37,485
Aiseau-Presles,52074,2020-11-01,18,503
Aiseau-Presles,52074,2020-11-02,19,522
Aiseau-Presles,52074,2020-11-03,14,536
Aiseau-Presles,52074,2020-11-04,11,547
Aiseau-Presles,52074,2020-11-05,16,563
Aiseau-Presles,52074,2020-11-06,28,591
Aiseau-Presles,52074,2020-11-07,18,609
Aiseau-Presles,52074,2020-11-08,14,623
Aiseau-Presles,52074,2020-11-09,9,632
Aiseau-Presles,52074,2020-11-10,15,647
Aiseau-Presles,52074,2020-11-11,4,651
Les Bons Villers,52075,2020-04-01,2,7
Les Bons Villers,52075,2020-04-02,2,9
Les Bons Villers,52075,2020-04-03,0,9
Les Bons Villers,52075,2020-04-04,3,12
Les Bons Villers,52075,2020-04-05,0,12
Les Bons Villers,52075,2020-04-06,1,13
Les Bons Villers,52075,2020-04-07,1,14
Les Bons Villers,52075,2020-04-08,2,16
Les Bons Villers,52075,2020-04-09,1,17
Les Bons Villers,52075,2020-04-10,3,20
Les Bons Villers,52075,2020-04-11,4,24
Les Bons Villers,52075,2020-04-12,0,24
Les Bons Villers,52075,2020-04-13,3,27
Les Bons Villers,52075,2020-04-14,5,32
Les Bons Villers,52075,2020-04-15,2,34
Les Bons Villers,52075,2020-04-16,1,35
Les Bons Villers,52075,2020-04-17,3,38
Les Bons Villers,52075,2020-04-18,3,41
Les Bons Villers,52075,2020-04-19,20,61
Les Bons Villers,52075,2020-04-20,2,63
Les Bons Villers,52075,2020-04-21,1,64
Les Bons Villers,52075,2020-04-22,15,79
Les Bons Villers,52075,2020-04-23,8,87
Les Bons Villers,52075,2020-04-24,1,88
Les Bons Villers,52075,2020-04-25,0,88
Les Bons Villers,52075,2020-04-26,0,88
Les Bons Villers,52075,2020-04-27,0,88
Les Bons Villers,52075,2020-04-28,0,88
Les Bons Villers,52075,2020-04-29,0,88
Les Bons Villers,52075,2020-04-30,0,88
Les Bons Villers,52075,2020-05-01,0,88
Les Bons Villers,52075,2020-05-02,0,88
Les Bons Villers,52075,2020-05-03,1,89
Les Bons Villers,52075,2020-05-04,0,89
Les Bons Villers,52075,2020-05-05,0,89
Les Bons Villers,52075,2020-05-06,0,89
Les Bons Villers,52075,2020-05-07,0,89
Les Bons Villers,52075,2020-05-08,0,89
Les Bons Villers,52075,2020-05-09,0,89
Les Bons Villers,52075,2020-05-10,1,90
Les Bons Villers,52075,2020-05-11,0,90
Les Bons Villers,52075,2020-05-12,0,90
Les Bons Villers,52075,2020-05-13,2,92
Les Bons Villers,52075,2020-05-14,0,92
Les Bons Villers,52075,2020-05-15,1,93
Les Bons Villers,52075,2020-05-16,0,93
Les Bons Villers,52075,2020-05-17,0,93
Les Bons Villers,52075,2020-05-18,0,93
Les Bons Villers,52075,2020-05-19,0,93
Les Bons Villers,52075,2020-05-20,0,93
Les Bons Villers,52075,2020-05-21,0,93
Les Bons Villers,52075,2020-05-22,1,94
Les Bons Villers,52075,2020-05-23,0,94
Les Bons Villers,52075,2020-05-24,0,94
Les Bons Villers,52075,2020-05-25,0,94
Les Bons Villers,52075,2020-05-26,0,94
Les Bons Villers,52075,2020-05-27,0,94
Les Bons Villers,52075,2020-05-28,0,94
Les Bons Villers,52075,2020-05-29,0,94
Les Bons Villers,52075,2020-05-30,0,94
Les Bons Villers,52075,2020-05-31,0,94
Les Bons Villers,52075,2020-06-01,0,94
Les Bons Villers,52075,2020-06-02,0,94
Les Bons Villers,52075,2020-06-03,0,94
Les Bons Villers,52075,2020-06-04,0,94
Les Bons Villers,52075,2020-06-05,0,94
Les Bons Villers,52075,2020-06-06,0,94
Les Bons Villers,52075,2020-06-07,0,94
Les Bons Villers,52075,2020-06-08,0,94
Les Bons Villers,52075,2020-06-09,0,94
Les Bons Villers,52075,2020-06-10,0,94
Les Bons Villers,52075,2020-06-11,0,94
Les Bons Villers,52075,2020-06-12,0,94
Les Bons Villers,52075,2020-06-13,0,94
Les Bons Villers,52075,2020-06-14,0,94
Les Bons Villers,52075,2020-06-15,0,94
Les Bons Villers,52075,2020-06-16,0,94
Les Bons Villers,52075,2020-06-17,0,94
Les Bons Villers,52075,2020-06-18,0,94
Les Bons Villers,52075,2020-06-19,0,94
Les Bons Villers,52075,2020-06-20,0,94
Les Bons Villers,52075,2020-06-23,0,94
Les Bons Villers,52075,2020-06-24,0,94
Les Bons Villers,52075,2020-06-25,0,94
Les Bons Villers,52075,2020-06-26,0,94
Les Bons Villers,52075,2020-06-27,0,94
Les Bons Villers,52075,2020-06-30,0,94
Les Bons Villers,52075,2020-07-01,0,94
Les Bons Villers,52075,2020-07-02,0,94
Les Bons Villers,52075,2020-07-03,0,94
Les Bons Villers,52075,2020-07-04,0,94
Les Bons Villers,52075,2020-07-07,0,94
Les Bons Villers,52075,2020-07-08,0,94
Les Bons Villers,52075,2020-07-09,0,94
Les Bons Villers,52075,2020-07-10,0,94
Les Bons Villers,52075,2020-07-11,0,94
Les Bons Villers,52075,2020-07-14,0,94
Les Bons Villers,52075,2020-07-15,0,94
Les Bons Villers,52075,2020-07-16,0,94
Les Bons Villers,52075,2020-07-17,0,94
Les Bons Villers,52075,2020-07-18,0,94
Les Bons Villers,52075,2020-07-20,0,94
Les Bons Villers,52075,2020-07-21,0,94
Les Bons Villers,52075,2020-07-22,0,94
Les Bons Villers,52075,2020-07-23,0,94
Les Bons Villers,52075,2020-07-24,0,94
Les Bons Villers,52075,2020-07-25,0,94
Les Bons Villers,52075,2020-07-26,0,94
Les Bons Villers,52075,2020-07-27,1,95
Les Bons Villers,52075,2020-07-28,2,97
Les Bons Villers,52075,2020-07-29,0,97
Les Bons Villers,52075,2020-07-30,1,98
Les Bons Villers,52075,2020-07-31,0,98
Les Bons Villers,52075,2020-08-01,0,98
Les Bons Villers,52075,2020-08-02,1,99
Les Bons Villers,52075,2020-08-03,1,100
Les Bons Villers,52075,2020-08-04,0,100
Les Bons Villers,52075,2020-08-05,0,100
Les Bons Villers,52075,2020-08-06,0,100
Les Bons Villers,52075,2020-08-07,0,100
Les Bons Villers,52075,2020-08-08,0,100
Les Bons Villers,52075,2020-08-09,0,100
Les Bons Villers,52075,2020-08-10,1,101
Les Bons Villers,52075,2020-08-11,0,101
Les Bons Villers,52075,2020-08-12,0,101
Les Bons Villers,52075,2020-08-13,0,101
Les Bons Villers,52075,2020-08-14,1,102
Les Bons Villers,52075,2020-08-15,1,103
Les Bons Villers,52075,2020-08-16,0,103
Les Bons Villers,52075,2020-08-17,0,103
Les Bons Villers,52075,2020-08-18,0,103
Les Bons Villers,52075,2020-08-19,0,103
Les Bons Villers,52075,2020-08-20,0,103
Les Bons Villers,52075,2020-08-21,0,103
Les Bons Villers,52075,2020-08-22,1,104
Les Bons Villers,52075,2020-08-23,0,104
Les Bons Villers,52075,2020-08-24,0,104
Les Bons Villers,52075,2020-08-25,0,104
Les Bons Villers,52075,2020-08-26,0,104
Les Bons Villers,52075,2020-08-27,0,104
Les Bons Villers,52075,2020-08-28,0,104
Les Bons Villers,52075,2020-08-29,1,105
Les Bons Villers,52075,2020-08-30,0,105
Les Bons Villers,52075,2020-08-31,0,105
Les Bons Villers,52075,2020-09-01,0,105
Les Bons Villers,52075,2020-09-02,0,105
Les Bons Villers,52075,2020-09-03,0,105
Les Bons Villers,52075,2020-09-04,0,105
Les Bons Villers,52075,2020-09-05,0,105
Les Bons Villers,52075,2020-09-06,0,105
Les Bons Villers,52075,2020-09-07,0,105
Les Bons Villers,52075,2020-09-08,0,105
Les Bons Villers,52075,2020-09-09,0,105
Les Bons Villers,52075,2020-09-10,0,105
Les Bons Villers,52075,2020-09-11,1,106
Les Bons Villers,52075,2020-09-12,0,106
Les Bons Villers,52075,2020-09-13,0,106
Les Bons Villers,52075,2020-09-14,1,107
Les Bons Villers,52075,2020-09-15,2,109
Les Bons Villers,52075,2020-09-16,1,110
Les Bons Villers,52075,2020-09-17,0,110
Les Bons Villers,52075,2020-09-18,0,110
Les Bons Villers,52075,2020-09-19,0,110
Les Bons Villers,52075,2020-09-20,1,111
Les Bons Villers,52075,2020-09-21,0,111
Les Bons Villers,52075,2020-09-22,0,111
Les Bons Villers,52075,2020-09-23,1,112
Les Bons Villers,52075,2020-09-24,0,112
Les Bons Villers,52075,2020-09-25,2,114
Les Bons Villers,52075,2020-09-26,3,117
Les Bons Villers,52075,2020-09-27,1,118
Les Bons Villers,52075,2020-09-28,1,119
Les Bons Villers,52075,2020-09-29,4,123
Les Bons Villers,52075,2020-09-30,2,125
Les Bons Villers,52075,2020-10-01,4,129
Les Bons Villers,52075,2020-10-02,2,131
Les Bons Villers,52075,2020-10-03,0,131
Les Bons Villers,52075,2020-10-04,6,137
Les Bons Villers,52075,2020-10-05,4,141
Les Bons Villers,52075,2020-10-06,0,141
Les Bons Villers,52075,2020-10-07,4,145
Les Bons Villers,52075,2020-10-08,4,149
Les Bons Villers,52075,2020-10-09,10,159
Les Bons Villers,52075,2020-10-10,7,166
Les Bons Villers,52075,2020-10-11,11,177
Les Bons Villers,52075,2020-10-12,10,187
Les Bons Villers,52075,2020-10-13,3,190
Les Bons Villers,52075,2020-10-14,4,194
Les Bons Villers,52075,2020-10-15,7,201
Les Bons Villers,52075,2020-10-16,14,215
Les Bons Villers,52075,2020-10-17,13,228
Les Bons Villers,52075,2020-10-18,12,240
Les Bons Villers,52075,2020-10-19,11,251
Les Bons Villers,52075,2020-10-20,3,254
Les Bons Villers,52075,2020-10-21,7,261
Les Bons Villers,52075,2020-10-22,13,274
Les Bons Villers,52075,2020-10-23,12,286
Les Bons Villers,52075,2020-10-24,13,299
Les Bons Villers,52075,2020-10-25,23,322
Les Bons Villers,52075,2020-10-26,15,337
Les Bons Villers,52075,2020-10-27,10,347
Les Bons Villers,52075,2020-10-28,9,356
Les Bons Villers,52075,2020-10-29,14,370
Les Bons Villers,52075,2020-10-30,22,392
Les Bons Villers,52075,2020-10-31,19,411
Les Bons Villers,52075,2020-11-01,26,437
Les Bons Villers,52075,2020-11-02,24,461
Les Bons Villers,52075,2020-11-03,11,472
Les Bons Villers,52075,2020-11-04,4,476
Les Bons Villers,52075,2020-11-05,13,489
Les Bons Villers,52075,2020-11-06,30,519
Les Bons Villers,52075,2020-11-07,9,528
Les Bons Villers,52075,2020-11-08,3,531
Les Bons Villers,52075,2020-11-09,13,544
Les Bons Villers,52075,2020-11-10,2,546
Les Bons Villers,52075,2020-11-11,4,550
Boussu,53014,2020-04-01,0,52
Boussu,53014,2020-04-02,6,58
Boussu,53014,2020-04-03,3,61
Boussu,53014,2020-04-04,2,63
Boussu,53014,2020-04-05,2,65
Boussu,53014,2020-04-06,0,65
Boussu,53014,2020-04-07,1,66
Boussu,53014,2020-04-08,4,70
Boussu,53014,2020-04-09,2,72
Boussu,53014,2020-04-10,2,74
Boussu,53014,2020-04-11,1,75
Boussu,53014,2020-04-12,1,76
Boussu,53014,2020-04-13,0,76
Boussu,53014,2020-04-14,1,77
Boussu,53014,2020-04-15,5,82
Boussu,53014,2020-04-16,1,83
Boussu,53014,2020-04-17,5,88
Boussu,53014,2020-04-18,0,88
Boussu,53014,2020-04-19,0,88
Boussu,53014,2020-04-20,3,91
Boussu,53014,2020-04-21,7,98
Boussu,53014,2020-04-22,0,98
Boussu,53014,2020-04-23,0,98
Boussu,53014,2020-04-24,1,99
Boussu,53014,2020-04-25,1,100
Boussu,53014,2020-04-26,0,100
Boussu,53014,2020-04-27,0,100
Boussu,53014,2020-04-28,2,102
Boussu,53014,2020-04-29,2,104
Boussu,53014,2020-04-30,1,105
Boussu,53014,2020-05-01,3,108
Boussu,53014,2020-05-02,0,108
Boussu,53014,2020-05-03,1,109
Boussu,53014,2020-05-04,0,109
Boussu,53014,2020-05-05,0,109
Boussu,53014,2020-05-06,0,109
Boussu,53014,2020-05-07,0,109
Boussu,53014,2020-05-08,0,109
Boussu,53014,2020-05-09,0,109
Boussu,53014,2020-05-10,0,109
Boussu,53014,2020-05-11,2,111
Boussu,53014,2020-05-12,0,111
Boussu,53014,2020-05-13,0,111
Boussu,53014,2020-05-14,0,111
Boussu,53014,2020-05-15,0,111
Boussu,53014,2020-05-16,1,112
Boussu,53014,2020-05-17,1,113
Boussu,53014,2020-05-18,0,113
Boussu,53014,2020-05-19,0,113
Boussu,53014,2020-05-20,1,114
Boussu,53014,2020-05-21,0,114
Boussu,53014,2020-05-22,1,115
Boussu,53014,2020-05-23,0,115
Boussu,53014,2020-05-24,0,115
Boussu,53014,2020-05-25,0,115
Boussu,53014,2020-05-26,0,115
Boussu,53014,2020-05-27,0,115
Boussu,53014,2020-05-28,0,115
Boussu,53014,2020-05-29,0,115
Boussu,53014,2020-05-30,0,115
Boussu,53014,2020-05-31,0,115
Boussu,53014,2020-06-01,2,117
Boussu,53014,2020-06-02,0,117
Boussu,53014,2020-06-03,0,117
Boussu,53014,2020-06-04,0,117
Boussu,53014,2020-06-05,0,117
Boussu,53014,2020-06-06,0,117
Boussu,53014,2020-06-07,1,118
Boussu,53014,2020-06-08,0,118
Boussu,53014,2020-06-09,0,118
Boussu,53014,2020-06-10,0,118
Boussu,53014,2020-06-11,0,118
Boussu,53014,2020-06-12,0,118
Boussu,53014,2020-06-13,0,118
Boussu,53014,2020-06-14,0,118
Boussu,53014,2020-06-15,0,118
Boussu,53014,2020-06-16,0,118
Boussu,53014,2020-06-17,0,118
Boussu,53014,2020-06-18,0,118
Boussu,53014,2020-06-19,0,118
Boussu,53014,2020-06-20,0,118
Boussu,53014,2020-06-23,1,119
Boussu,53014,2020-06-24,0,119
Boussu,53014,2020-06-25,0,119
Boussu,53014,2020-06-26,0,119
Boussu,53014,2020-06-27,0,119
Boussu,53014,2020-06-30,1,120
Boussu,53014,2020-07-01,0,120
Boussu,53014,2020-07-02,1,121
Boussu,53014,2020-07-03,1,122
Boussu,53014,2020-07-04,0,122
Boussu,53014,2020-07-07,1,123
Boussu,53014,2020-07-08,0,123
Boussu,53014,2020-07-09,0,123
Boussu,53014,2020-07-10,0,123
Boussu,53014,2020-07-11,0,123
Boussu,53014,2020-07-14,1,124
Boussu,53014,2020-07-15,0,124
Boussu,53014,2020-07-16,0,124
Boussu,53014,2020-07-17,0,124
Boussu,53014,2020-07-18,1,125
Boussu,53014,2020-07-20,0,125
Boussu,53014,2020-07-21,0,125
Boussu,53014,2020-07-22,0,125
Boussu,53014,2020-07-23,0,125
Boussu,53014,2020-07-24,0,125
Boussu,53014,2020-07-25,0,125
Boussu,53014,2020-07-26,0,125
Boussu,53014,2020-07-27,0,125
Boussu,53014,2020-07-28,0,125
Boussu,53014,2020-07-29,1,126
Boussu,53014,2020-07-30,1,127
Boussu,53014,2020-07-31,1,128
Boussu,53014,2020-08-01,1,129
Boussu,53014,2020-08-02,0,129
Boussu,53014,2020-08-03,0,129
Boussu,53014,2020-08-04,2,131
Boussu,53014,2020-08-05,0,131
Boussu,53014,2020-08-06,2,133
Boussu,53014,2020-08-07,0,133
Boussu,53014,2020-08-08,0,133
Boussu,53014,2020-08-09,0,133
Boussu,53014,2020-08-10,1,134
Boussu,53014,2020-08-11,0,134
Boussu,53014,2020-08-12,0,134
Boussu,53014,2020-08-13,0,134
Boussu,53014,2020-08-14,2,136
Boussu,53014,2020-08-15,0,136
Boussu,53014,2020-08-16,1,137
Boussu,53014,2020-08-17,1,138
Boussu,53014,2020-08-18,0,138
Boussu,53014,2020-08-19,1,139
Boussu,53014,2020-08-20,-1,138
Boussu,53014,2020-08-21,2,140
Boussu,53014,2020-08-22,0,140
Boussu,53014,2020-08-23,0,140
Boussu,53014,2020-08-24,0,140
Boussu,53014,2020-08-25,0,140
Boussu,53014,2020-08-26,0,140
Boussu,53014,2020-08-27,3,143
Boussu,53014,2020-08-28,2,145
Boussu,53014,2020-08-29,2,147
Boussu,53014,2020-08-30,1,148
Boussu,53014,2020-08-31,2,150
Boussu,53014,2020-09-01,0,150
Boussu,53014,2020-09-02,0,150
Boussu,53014,2020-09-03,1,151
Boussu,53014,2020-09-04,2,153
Boussu,53014,2020-09-05,0,153
Boussu,53014,2020-09-06,0,153
Boussu,53014,2020-09-07,3,156
Boussu,53014,2020-09-08,1,157
Boussu,53014,2020-09-09,0,157
Boussu,53014,2020-09-10,1,158
Boussu,53014,2020-09-11,0,158
Boussu,53014,2020-09-12,5,163
Boussu,53014,2020-09-13,0,163
Boussu,53014,2020-09-14,0,163
Boussu,53014,2020-09-15,1,164
Boussu,53014,2020-09-16,0,164
Boussu,53014,2020-09-17,0,164
Boussu,53014,2020-09-18,1,165
Boussu,53014,2020-09-19,0,165
Boussu,53014,2020-09-20,3,168
Boussu,53014,2020-09-21,0,168
Boussu,53014,2020-09-22,4,172
Boussu,53014,2020-09-23,2,174
Boussu,53014,2020-09-24,1,175
Boussu,53014,2020-09-25,2,177
Boussu,53014,2020-09-26,5,182
Boussu,53014,2020-09-27,3,185
Boussu,53014,2020-09-28,0,185
Boussu,53014,2020-09-29,0,185
Boussu,53014,2020-09-30,3,188
Boussu,53014,2020-10-01,1,189
Boussu,53014,2020-10-02,7,196
Boussu,53014,2020-10-03,2,198
Boussu,53014,2020-10-04,1,199
Boussu,53014,2020-10-05,2,201
Boussu,53014,2020-10-06,5,206
Boussu,53014,2020-10-07,3,209
Boussu,53014,2020-10-08,1,210
Boussu,53014,2020-10-09,12,222
Boussu,53014,2020-10-10,5,227
Boussu,53014,2020-10-11,7,234
Boussu,53014,2020-10-12,5,239
Boussu,53014,2020-10-13,18,257
Boussu,53014,2020-10-14,8,265
Boussu,53014,2020-10-15,8,273
Boussu,53014,2020-10-16,18,291
Boussu,53014,2020-10-17,8,299
Boussu,53014,2020-10-18,43,342
Boussu,53014,2020-10-19,29,371
Boussu,53014,2020-10-20,23,394
Boussu,53014,2020-10-21,19,413
Boussu,53014,2020-10-22,37,450
Boussu,53014,2020-10-23,20,470
Boussu,53014,2020-10-24,30,500
Boussu,53014,2020-10-25,26,526
Boussu,53014,2020-10-26,28,554
Boussu,53014,2020-10-27,36,590
Boussu,53014,2020-10-28,18,608
Boussu,53014,2020-10-29,27,635
Boussu,53014,2020-10-30,104,739
Boussu,53014,2020-10-31,48,787
Boussu,53014,2020-11-01,35,822
Boussu,53014,2020-11-02,45,867
Boussu,53014,2020-11-03,20,887
Boussu,53014,2020-11-04,7,894
Boussu,53014,2020-11-05,25,919
Boussu,53014,2020-11-06,20,939
Boussu,53014,2020-11-07,16,955
Boussu,53014,2020-11-08,15,970
Boussu,53014,2020-11-09,13,983
Boussu,53014,2020-11-10,10,993
Boussu,53014,2020-11-11,5,998
Dour,53020,2020-04-01,3,47
Dour,53020,2020-04-02,3,50
Dour,53020,2020-04-03,6,56
Dour,53020,2020-04-04,4,60
Dour,53020,2020-04-05,5,65
Dour,53020,2020-04-06,3,68
Dour,53020,2020-04-07,1,69
Dour,53020,2020-04-08,4,73
Dour,53020,2020-04-09,1,74
Dour,53020,2020-04-10,1,75
Dour,53020,2020-04-11,1,76
Dour,53020,2020-04-12,3,79
Dour,53020,2020-04-13,1,80
Dour,53020,2020-04-14,0,80
Dour,53020,2020-04-15,7,87
Dour,53020,2020-04-16,0,87
Dour,53020,2020-04-17,5,92
Dour,53020,2020-04-18,0,92
Dour,53020,2020-04-19,6,98
Dour,53020,2020-04-20,4,102
Dour,53020,2020-04-21,2,104
Dour,53020,2020-04-22,3,107
Dour,53020,2020-04-23,1,108
Dour,53020,2020-04-24,11,119
Dour,53020,2020-04-25,2,121
Dour,53020,2020-04-26,7,128
Dour,53020,2020-04-27,0,128
Dour,53020,2020-04-28,3,131
Dour,53020,2020-04-29,0,131
Dour,53020,2020-04-30,2,133
Dour,53020,2020-05-01,0,133
Dour,53020,2020-05-02,1,134
Dour,53020,2020-05-03,0,134
Dour,53020,2020-05-04,0,134
Dour,53020,2020-05-05,0,134
Dour,53020,2020-05-06,1,135
Dour,53020,2020-05-07,1,136
Dour,53020,2020-05-08,0,136
Dour,53020,2020-05-09,5,141
Dour,53020,2020-05-10,2,143
Dour,53020,2020-05-11,1,144
Dour,53020,2020-05-12,0,144
Dour,53020,2020-05-13,0,144
Dour,53020,2020-05-14,1,145
Dour,53020,2020-05-15,1,146
Dour,53020,2020-05-16,1,147
Dour,53020,2020-05-17,0,147
Dour,53020,2020-05-18,0,147
Dour,53020,2020-05-19,0,147
Dour,53020,2020-05-20,0,147
Dour,53020,2020-05-21,0,147
Dour,53020,2020-05-22,0,147
Dour,53020,2020-05-23,0,147
Dour,53020,2020-05-24,0,147
Dour,53020,2020-05-25,0,147
Dour,53020,2020-05-26,0,147
Dour,53020,2020-05-27,0,147
Dour,53020,2020-05-28,1,148
Dour,53020,2020-05-29,0,148
Dour,53020,2020-05-30,0,148
Dour,53020,2020-05-31,0,148
Dour,53020,2020-06-01,0,148
Dour,53020,2020-06-02,0,148
Dour,53020,2020-06-03,0,148
Dour,53020,2020-06-04,0,148
Dour,53020,2020-06-05,0,148
Dour,53020,2020-06-06,0,148
Dour,53020,2020-06-07,0,148
Dour,53020,2020-06-08,0,148
Dour,53020,2020-06-09,0,148
Dour,53020,2020-06-10,0,148
Dour,53020,2020-06-11,0,148
Dour,53020,2020-06-12,0,148
Dour,53020,2020-06-13,0,148
Dour,53020,2020-06-14,0,148
Dour,53020,2020-06-15,0,148
Dour,53020,2020-06-16,0,148
Dour,53020,2020-06-17,0,148
Dour,53020,2020-06-18,0,148
Dour,53020,2020-06-19,0,148
Dour,53020,2020-06-20,0,148
Dour,53020,2020-06-23,0,148
Dour,53020,2020-06-24,0,148
Dour,53020,2020-06-25,1,149
Dour,53020,2020-06-26,1,150
Dour,53020,2020-06-27,1,151
Dour,53020,2020-06-30,0,151
Dour,53020,2020-07-01,0,151
Dour,53020,2020-07-02,0,151
Dour,53020,2020-07-03,0,151
Dour,53020,2020-07-04,0,151
Dour,53020,2020-07-07,0,151
Dour,53020,2020-07-08,0,151
Dour,53020,2020-07-09,0,151
Dour,53020,2020-07-10,0,151
Dour,53020,2020-07-11,0,151
Dour,53020,2020-07-14,2,153
Dour,53020,2020-07-15,0,153
Dour,53020,2020-07-16,2,155
Dour,53020,2020-07-17,1,156
Dour,53020,2020-07-18,0,156
Dour,53020,2020-07-20,2,158
Dour,53020,2020-07-21,0,158
Dour,53020,2020-07-22,0,158
Dour,53020,2020-07-23,0,158
Dour,53020,2020-07-24,0,158
Dour,53020,2020-07-25,3,161
Dour,53020,2020-07-26,0,161
Dour,53020,2020-07-27,0,161
Dour,53020,2020-07-28,0,161
Dour,53020,2020-07-29,0,161
Dour,53020,2020-07-30,0,161
Dour,53020,2020-07-31,1,162
Dour,53020,2020-08-01,2,164
Dour,53020,2020-08-02,1,165
Dour,53020,2020-08-03,0,165
Dour,53020,2020-08-04,0,165
Dour,53020,2020-08-05,1,166
Dour,53020,2020-08-06,0,166
Dour,53020,2020-08-07,0,166
Dour,53020,2020-08-08,1,167
Dour,53020,2020-08-09,0,167
Dour,53020,2020-08-10,0,167
Dour,53020,2020-08-11,0,167
Dour,53020,2020-08-12,0,167
Dour,53020,2020-08-13,1,168
Dour,53020,2020-08-14,0,168
Dour,53020,2020-08-15,0,168
Dour,53020,2020-08-16,0,168
Dour,53020,2020-08-17,0,168
Dour,53020,2020-08-18,0,168
Dour,53020,2020-08-19,0,168
Dour,53020,2020-08-20,0,168
Dour,53020,2020-08-21,1,169
Dour,53020,2020-08-22,0,169
Dour,53020,2020-08-23,1,170
Dour,53020,2020-08-24,1,171
Dour,53020,2020-08-25,0,171
Dour,53020,2020-08-26,0,171
Dour,53020,2020-08-27,2,173
Dour,53020,2020-08-28,1,174
Dour,53020,2020-08-29,2,176
Dour,53020,2020-08-30,0,176
Dour,53020,2020-08-31,1,177
Dour,53020,2020-09-01,0,177
Dour,53020,2020-09-02,0,177
Dour,53020,2020-09-03,0,177
Dour,53020,2020-09-04,0,177
Dour,53020,2020-09-05,0,177
Dour,53020,2020-09-06,1,178
Dour,53020,2020-09-07,0,178
Dour,53020,2020-09-08,0,178
Dour,53020,2020-09-09,0,178
Dour,53020,2020-09-10,0,178
Dour,53020,2020-09-11,2,180
Dour,53020,2020-09-12,0,180
Dour,53020,2020-09-13,1,181
Dour,53020,2020-09-14,0,181
Dour,53020,2020-09-15,0,181
Dour,53020,2020-09-16,1,182
Dour,53020,2020-09-17,2,184
Dour,53020,2020-09-18,1,185
Dour,53020,2020-09-19,2,187
Dour,53020,2020-09-20,0,187
Dour,53020,2020-09-21,0,187
Dour,53020,2020-09-22,0,187
Dour,53020,2020-09-23,0,187
Dour,53020,2020-09-24,1,188
Dour,53020,2020-09-25,4,192
Dour,53020,2020-09-26,2,194
Dour,53020,2020-09-27,1,195
Dour,53020,2020-09-28,0,195
Dour,53020,2020-09-29,3,198
Dour,53020,2020-09-30,0,198
Dour,53020,2020-10-01,0,198
Dour,53020,2020-10-02,2,200
Dour,53020,2020-10-03,2,202
Dour,53020,2020-10-04,4,206
Dour,53020,2020-10-05,1,207
Dour,53020,2020-10-06,0,207
Dour,53020,2020-10-07,2,209
Dour,53020,2020-10-08,4,213
Dour,53020,2020-10-09,8,221
Dour,53020,2020-10-10,3,224
Dour,53020,2020-10-11,4,228
Dour,53020,2020-10-12,4,232
Dour,53020,2020-10-13,9,241
Dour,53020,2020-10-14,7,248
Dour,53020,2020-10-15,11,259
Dour,53020,2020-10-16,28,287
Dour,53020,2020-10-17,15,302
Dour,53020,2020-10-18,21,323
Dour,53020,2020-10-19,18,341
Dour,53020,2020-10-20,18,359
Dour,53020,2020-10-21,18,377
Dour,53020,2020-10-22,16,393
Dour,53020,2020-10-23,14,407
Dour,53020,2020-10-24,37,444
Dour,53020,2020-10-25,32,476
Dour,53020,2020-10-26,29,505
Dour,53020,2020-10-27,34,539
Dour,53020,2020-10-28,23,562
Dour,53020,2020-10-29,38,600
Dour,53020,2020-10-30,78,678
Dour,53020,2020-10-31,52,730
Dour,53020,2020-11-01,29,759
Dour,53020,2020-11-02,25,784
Dour,53020,2020-11-03,14,798
Dour,53020,2020-11-04,4,802
Dour,53020,2020-11-05,15,817
Dour,53020,2020-11-06,18,835
Dour,53020,2020-11-07,16,851
Dour,53020,2020-11-08,8,859
Dour,53020,2020-11-09,11,870
Dour,53020,2020-11-10,3,873
Dour,53020,2020-11-11,8,881
Frameries,53028,2020-04-01,8,56
Frameries,53028,2020-04-02,4,60
Frameries,53028,2020-04-03,4,64
Frameries,53028,2020-04-04,3,67
Frameries,53028,2020-04-05,4,71
Frameries,53028,2020-04-06,4,75
Frameries,53028,2020-04-07,0,75
Frameries,53028,2020-04-08,3,78
Frameries,53028,2020-04-09,2,80
Frameries,53028,2020-04-10,2,82
Frameries,53028,2020-04-11,1,83
Frameries,53028,2020-04-12,15,98
Frameries,53028,2020-04-13,3,101
Frameries,53028,2020-04-14,0,101
Frameries,53028,2020-04-15,11,112
Frameries,53028,2020-04-16,0,112
Frameries,53028,2020-04-17,5,117
Frameries,53028,2020-04-18,0,117
Frameries,53028,2020-04-19,6,123
Frameries,53028,2020-04-20,5,128
Frameries,53028,2020-04-21,4,132
Frameries,53028,2020-04-22,0,132
Frameries,53028,2020-04-23,2,134
Frameries,53028,2020-04-24,51,185
Frameries,53028,2020-04-25,2,187
Frameries,53028,2020-04-26,2,189
Frameries,53028,2020-04-27,1,190
Frameries,53028,2020-04-28,2,192
Frameries,53028,2020-04-29,0,192
Frameries,53028,2020-04-30,0,192
Frameries,53028,2020-05-01,0,192
Frameries,53028,2020-05-02,0,192
Frameries,53028,2020-05-03,0,192
Frameries,53028,2020-05-04,0,192
Frameries,53028,2020-05-05,0,192
Frameries,53028,2020-05-06,0,192
Frameries,53028,2020-05-07,0,192
Frameries,53028,2020-05-08,1,193
Frameries,53028,2020-05-09,0,193
Frameries,53028,2020-05-10,0,193
Frameries,53028,2020-05-11,1,194
Frameries,53028,2020-05-12,0,194
Frameries,53028,2020-05-13,0,194
Frameries,53028,2020-05-14,0,194
Frameries,53028,2020-05-15,0,194
Frameries,53028,2020-05-16,0,194
Frameries,53028,2020-05-17,0,194
Frameries,53028,2020-05-18,2,196
Frameries,53028,2020-05-19,0,196
Frameries,53028,2020-05-20,0,196
Frameries,53028,2020-05-21,0,196
Frameries,53028,2020-05-22,0,196
Frameries,53028,2020-05-23,0,196
Frameries,53028,2020-05-24,0,196
Frameries,53028,2020-05-25,0,196
Frameries,53028,2020-05-26,0,196
Frameries,53028,2020-05-27,0,196
Frameries,53028,2020-05-28,1,197
Frameries,53028,2020-05-29,0,197
Frameries,53028,2020-05-30,0,197
Frameries,53028,2020-05-31,1,198
Frameries,53028,2020-06-01,0,198
Frameries,53028,2020-06-02,0,198
Frameries,53028,2020-06-03,0,198
Frameries,53028,2020-06-04,0,198
Frameries,53028,2020-06-05,0,198
Frameries,53028,2020-06-06,0,198
Frameries,53028,2020-06-07,0,198
Frameries,53028,2020-06-08,0,198
Frameries,53028,2020-06-09,0,198
Frameries,53028,2020-06-10,0,198
Frameries,53028,2020-06-11,0,198
Frameries,53028,2020-06-12,0,198
Frameries,53028,2020-06-13,0,198
Frameries,53028,2020-06-14,0,198
Frameries,53028,2020-06-15,0,198
Frameries,53028,2020-06-16,0,198
Frameries,53028,2020-06-17,0,198
Frameries,53028,2020-06-18,1,199
Frameries,53028,2020-06-19,0,199
Frameries,53028,2020-06-20,0,199
Frameries,53028,2020-06-23,0,199
Frameries,53028,2020-06-24,0,199
Frameries,53028,2020-06-25,0,199
Frameries,53028,2020-06-26,0,199
Frameries,53028,2020-06-27,0,199
Frameries,53028,2020-06-30,0,199
Frameries,53028,2020-07-01,1,200
Frameries,53028,2020-07-02,0,200
Frameries,53028,2020-07-03,1,201
Frameries,53028,2020-07-04,0,201
Frameries,53028,2020-07-07,1,202
Frameries,53028,2020-07-08,0,202
Frameries,53028,2020-07-09,0,202
Frameries,53028,2020-07-10,0,202
Frameries,53028,2020-07-11,0,202
Frameries,53028,2020-07-14,0,202
Frameries,53028,2020-07-15,0,202
Frameries,53028,2020-07-16,0,202
Frameries,53028,2020-07-17,0,202
Frameries,53028,2020-07-18,0,202
Frameries,53028,2020-07-20,0,202
Frameries,53028,2020-07-21,1,203
Frameries,53028,2020-07-22,0,203
Frameries,53028,2020-07-23,0,203
Frameries,53028,2020-07-24,0,203
Frameries,53028,2020-07-25,0,203
Frameries,53028,2020-07-26,0,203
Frameries,53028,2020-07-27,0,203
Frameries,53028,2020-07-28,2,205
Frameries,53028,2020-07-29,0,205
Frameries,53028,2020-07-30,1,206
Frameries,53028,2020-07-31,0,206
Frameries,53028,2020-08-01,1,207
Frameries,53028,2020-08-02,0,207
Frameries,53028,2020-08-03,0,207
Frameries,53028,2020-08-04,0,207
Frameries,53028,2020-08-05,0,207
Frameries,53028,2020-08-06,0,207
Frameries,53028,2020-08-07,0,207
Frameries,53028,2020-08-08,0,207
Frameries,53028,2020-08-09,1,208
Frameries,53028,2020-08-10,1,209
Frameries,53028,2020-08-11,0,209
Frameries,53028,2020-08-12,0,209
Frameries,53028,2020-08-13,0,209
Frameries,53028,2020-08-14,0,209
Frameries,53028,2020-08-15,1,210
Frameries,53028,2020-08-16,3,213
Frameries,53028,2020-08-17,1,214
Frameries,53028,2020-08-18,0,214
Frameries,53028,2020-08-19,0,214
Frameries,53028,2020-08-20,0,214
Frameries,53028,2020-08-21,0,214
Frameries,53028,2020-08-22,0,214
Frameries,53028,2020-08-23,1,215
Frameries,53028,2020-08-24,2,217
Frameries,53028,2020-08-25,0,217
Frameries,53028,2020-08-26,1,218
Frameries,53028,2020-08-27,0,218
Frameries,53028,2020-08-28,0,218
Frameries,53028,2020-08-29,0,218
Frameries,53028,2020-08-30,2,220
Frameries,53028,2020-08-31,3,223
Frameries,53028,2020-09-01,1,224
Frameries,53028,2020-09-02,1,225
Frameries,53028,2020-09-03,0,225
Frameries,53028,2020-09-04,1,226
Frameries,53028,2020-09-05,0,226
Frameries,53028,2020-09-06,0,226
Frameries,53028,2020-09-07,0,226
Frameries,53028,2020-09-08,0,226
Frameries,53028,2020-09-09,0,226
Frameries,53028,2020-09-10,1,227
Frameries,53028,2020-09-11,0,227
Frameries,53028,2020-09-12,2,229
Frameries,53028,2020-09-13,0,229
Frameries,53028,2020-09-14,1,230
Frameries,53028,2020-09-15,1,231
Frameries,53028,2020-09-16,2,233
Frameries,53028,2020-09-17,0,233
Frameries,53028,2020-09-18,0,233
Frameries,53028,2020-09-19,0,233
Frameries,53028,2020-09-20,0,233
Frameries,53028,2020-09-21,1,234
Frameries,53028,2020-09-22,0,234
Frameries,53028,2020-09-23,0,234
Frameries,53028,2020-09-24,5,239
Frameries,53028,2020-09-25,2,241
Frameries,53028,2020-09-26,2,243
Frameries,53028,2020-09-27,0,243
Frameries,53028,2020-09-28,0,243
Frameries,53028,2020-09-29,1,244
Frameries,53028,2020-09-30,0,244
Frameries,53028,2020-10-01,1,245
Frameries,53028,2020-10-02,0,245
Frameries,53028,2020-10-03,4,249
Frameries,53028,2020-10-04,5,254
Frameries,53028,2020-10-05,3,257
Frameries,53028,2020-10-06,4,261
Frameries,53028,2020-10-07,6,267
Frameries,53028,2020-10-08,3,270
Frameries,53028,2020-10-09,15,285
Frameries,53028,2020-10-10,4,289
Frameries,53028,2020-10-11,11,300
Frameries,53028,2020-10-12,12,312
Frameries,53028,2020-10-13,41,353
Frameries,53028,2020-10-14,23,376
Frameries,53028,2020-10-15,12,388
Frameries,53028,2020-10-16,20,408
Frameries,53028,2020-10-17,18,426
Frameries,53028,2020-10-18,20,446
Frameries,53028,2020-10-19,23,469
Frameries,53028,2020-10-20,27,496
Frameries,53028,2020-10-21,9,505
Frameries,53028,2020-10-22,38,543
Frameries,53028,2020-10-23,19,562
Frameries,53028,2020-10-24,49,611
Frameries,53028,2020-10-25,37,648
Frameries,53028,2020-10-26,27,675
Frameries,53028,2020-10-27,44,719
Frameries,53028,2020-10-28,26,745
Frameries,53028,2020-10-29,51,796
Frameries,53028,2020-10-30,111,907
Frameries,53028,2020-10-31,68,975
Frameries,53028,2020-11-01,45,1020
Frameries,53028,2020-11-02,35,1055
Frameries,53028,2020-11-03,21,1076
Frameries,53028,2020-11-04,12,1088
Frameries,53028,2020-11-05,48,1136
Frameries,53028,2020-11-06,32,1168
Frameries,53028,2020-11-07,34,1202
Frameries,53028,2020-11-08,12,1214
Frameries,53028,2020-11-09,21,1235
Frameries,53028,2020-11-10,21,1256
Frameries,53028,2020-11-11,7,1263
Hensies,53039,2020-04-01,1,16
Hensies,53039,2020-04-02,3,19
Hensies,53039,2020-04-03,2,21
Hensies,53039,2020-04-04,0,21
Hensies,53039,2020-04-05,3,24
Hensies,53039,2020-04-06,1,25
Hensies,53039,2020-04-07,0,25
Hensies,53039,2020-04-08,1,26
Hensies,53039,2020-04-09,1,27
Hensies,53039,2020-04-10,0,27
Hensies,53039,2020-04-11,0,27
Hensies,53039,2020-04-12,0,27
Hensies,53039,2020-04-13,0,27
Hensies,53039,2020-04-14,1,28
Hensies,53039,2020-04-15,3,31
Hensies,53039,2020-04-16,0,31
Hensies,53039,2020-04-17,0,31
Hensies,53039,2020-04-18,0,31
Hensies,53039,2020-04-19,0,31
Hensies,53039,2020-04-20,1,32
Hensies,53039,2020-04-21,2,34
Hensies,53039,2020-04-22,0,34
Hensies,53039,2020-04-23,0,34
Hensies,53039,2020-04-24,1,35
Hensies,53039,2020-04-25,1,36
Hensies,53039,2020-04-26,1,37
Hensies,53039,2020-04-27,0,37
Hensies,53039,2020-04-28,0,37
Hensies,53039,2020-04-29,0,37
Hensies,53039,2020-04-30,1,38
Hensies,53039,2020-05-01,0,38
Hensies,53039,2020-05-02,0,38
Hensies,53039,2020-05-03,0,38
Hensies,53039,2020-05-04,0,38
Hensies,53039,2020-05-05,0,38
Hensies,53039,2020-05-06,0,38
Hensies,53039,2020-05-07,0,38
Hensies,53039,2020-05-08,1,39
Hensies,53039,2020-05-09,0,39
Hensies,53039,2020-05-10,0,39
Hensies,53039,2020-05-11,0,39
Hensies,53039,2020-05-12,0,39
Hensies,53039,2020-05-13,0,39
Hensies,53039,2020-05-14,0,39
Hensies,53039,2020-05-15,0,39
Hensies,53039,2020-05-16,2,41
Hensies,53039,2020-05-17,2,43
Hensies,53039,2020-05-18,2,45
Hensies,53039,2020-05-19,0,45
Hensies,53039,2020-05-20,0,45
Hensies,53039,2020-05-21,1,46
Hensies,53039,2020-05-22,0,46
Hensies,53039,2020-05-23,0,46
Hensies,53039,2020-05-24,0,46
Hensies,53039,2020-05-25,0,46
Hensies,53039,2020-05-26,0,46
Hensies,53039,2020-05-27,1,47
Hensies,53039,2020-05-28,4,51
Hensies,53039,2020-05-29,0,51
Hensies,53039,2020-05-30,0,51
Hensies,53039,2020-05-31,1,52
Hensies,53039,2020-06-01,0,52
Hensies,53039,2020-06-02,0,52
Hensies,53039,2020-06-03,0,52
Hensies,53039,2020-06-04,0,52
Hensies,53039,2020-06-05,0,52
Hensies,53039,2020-06-06,0,52
Hensies,53039,2020-06-07,0,52
Hensies,53039,2020-06-08,0,52
Hensies,53039,2020-06-09,0,52
Hensies,53039,2020-06-10,0,52
Hensies,53039,2020-06-11,0,52
Hensies,53039,2020-06-12,0,52
Hensies,53039,2020-06-13,0,52
Hensies,53039,2020-06-14,0,52
Hensies,53039,2020-06-15,0,52
Hensies,53039,2020-06-16,0,52
Hensies,53039,2020-06-17,0,52
Hensies,53039,2020-06-18,1,53
Hensies,53039,2020-06-19,0,53
Hensies,53039,2020-06-20,0,53
Hensies,53039,2020-06-23,0,53
Hensies,53039,2020-06-24,0,53
Hensies,53039,2020-06-25,0,53
Hensies,53039,2020-06-26,0,53
Hensies,53039,2020-06-27,0,53
Hensies,53039,2020-06-30,0,53
Hensies,53039,2020-07-01,0,53
Hensies,53039,2020-07-02,0,53
Hensies,53039,2020-07-03,0,53
Hensies,53039,2020-07-04,1,54
Hensies,53039,2020-07-07,1,55
Hensies,53039,2020-07-08,0,55
Hensies,53039,2020-07-09,0,55
Hensies,53039,2020-07-10,0,55
Hensies,53039,2020-07-11,0,55
Hensies,53039,2020-07-14,0,55
Hensies,53039,2020-07-15,0,55
Hensies,53039,2020-07-16,0,55
Hensies,53039,2020-07-17,1,56
Hensies,53039,2020-07-18,0,56
Hensies,53039,2020-07-20,0,56
Hensies,53039,2020-07-21,0,56
Hensies,53039,2020-07-22,0,56
Hensies,53039,2020-07-23,0,56
Hensies,53039,2020-07-24,0,56
Hensies,53039,2020-07-25,0,56
Hensies,53039,2020-07-26,0,56
Hensies,53039,2020-07-27,0,56
Hensies,53039,2020-07-28,0,56
Hensies,53039,2020-07-29,0,56
Hensies,53039,2020-07-30,0,56
Hensies,53039,2020-07-31,0,56
Hensies,53039,2020-08-01,0,56
Hensies,53039,2020-08-02,0,56
Hensies,53039,2020-08-03,0,56
Hensies,53039,2020-08-04,0,56
Hensies,53039,2020-08-05,0,56
Hensies,53039,2020-08-06,0,56
Hensies,53039,2020-08-07,0,56
Hensies,53039,2020-08-08,0,56
Hensies,53039,2020-08-09,0,56
Hensies,53039,2020-08-10,0,56
Hensies,53039,2020-08-11,0,56
Hensies,53039,2020-08-12,0,56
Hensies,53039,2020-08-13,0,56
Hensies,53039,2020-08-14,0,56
Hensies,53039,2020-08-15,0,56
Hensies,53039,2020-08-16,0,56
Hensies,53039,2020-08-17,0,56
Hensies,53039,2020-08-18,0,56
Hensies,53039,2020-08-19,0,56
Hensies,53039,2020-08-20,0,56
Hensies,53039,2020-08-21,0,56
Hensies,53039,2020-08-22,0,56
Hensies,53039,2020-08-23,0,56
Hensies,53039,2020-08-24,0,56
Hensies,53039,2020-08-25,0,56
Hensies,53039,2020-08-26,0,56
Hensies,53039,2020-08-27,0,56
Hensies,53039,2020-08-28,0,56
Hensies,53039,2020-08-29,0,56
Hensies,53039,2020-08-30,0,56
Hensies,53039,2020-08-31,0,56
Hensies,53039,2020-09-01,0,56
Hensies,53039,2020-09-02,0,56
Hensies,53039,2020-09-03,1,57
Hensies,53039,2020-09-04,0,57
Hensies,53039,2020-09-05,0,57
Hensies,53039,2020-09-06,0,57
Hensies,53039,2020-09-07,0,57
Hensies,53039,2020-09-08,0,57
Hensies,53039,2020-09-09,0,57
Hensies,53039,2020-09-10,0,57
Hensies,53039,2020-09-11,0,57
Hensies,53039,2020-09-12,0,57
Hensies,53039,2020-09-13,0,57
Hensies,53039,2020-09-14,0,57
Hensies,53039,2020-09-15,0,57
Hensies,53039,2020-09-16,1,58
Hensies,53039,2020-09-17,1,59
Hensies,53039,2020-09-18,1,60
Hensies,53039,2020-09-19,1,61
Hensies,53039,2020-09-20,1,62
Hensies,53039,2020-09-21,0,62
Hensies,53039,2020-09-22,0,62
Hensies,53039,2020-09-23,1,63
Hensies,53039,2020-09-24,0,63
Hensies,53039,2020-09-25,0,63
Hensies,53039,2020-09-26,0,63
Hensies,53039,2020-09-27,0,63
Hensies,53039,2020-09-28,0,63
Hensies,53039,2020-09-29,1,64
Hensies,53039,2020-09-30,0,64
Hensies,53039,2020-10-01,0,64
Hensies,53039,2020-10-02,2,66
Hensies,53039,2020-10-03,1,67
Hensies,53039,2020-10-04,0,67
Hensies,53039,2020-10-05,0,67
Hensies,53039,2020-10-06,2,69
Hensies,53039,2020-10-07,1,70
Hensies,53039,2020-10-08,1,71
Hensies,53039,2020-10-09,2,73
Hensies,53039,2020-10-10,4,77
Hensies,53039,2020-10-11,2,79
Hensies,53039,2020-10-12,0,79
Hensies,53039,2020-10-13,7,86
Hensies,53039,2020-10-14,2,88
Hensies,53039,2020-10-15,1,89
Hensies,53039,2020-10-16,12,101
Hensies,53039,2020-10-17,3,104
Hensies,53039,2020-10-18,17,121
Hensies,53039,2020-10-19,10,131
Hensies,53039,2020-10-20,6,137
Hensies,53039,2020-10-21,7,144
Hensies,53039,2020-10-22,12,156
Hensies,53039,2020-10-23,5,161
Hensies,53039,2020-10-24,10,171
Hensies,53039,2020-10-25,10,181
Hensies,53039,2020-10-26,16,197
Hensies,53039,2020-10-27,11,208
Hensies,53039,2020-10-28,6,214
Hensies,53039,2020-10-29,20,234
Hensies,53039,2020-10-30,35,269
Hensies,53039,2020-10-31,13,282
Hensies,53039,2020-11-01,14,296
Hensies,53039,2020-11-02,14,310
Hensies,53039,2020-11-03,5,315
Hensies,53039,2020-11-04,0,315
Hensies,53039,2020-11-05,10,325
Hensies,53039,2020-11-06,8,333
Hensies,53039,2020-11-07,5,338
Hensies,53039,2020-11-08,1,339
Hensies,53039,2020-11-09,4,343
Hensies,53039,2020-11-10,2,345
Hensies,53039,2020-11-11,8,353
Jurbeke,53044,2020-04-01,0,19
Jurbeke,53044,2020-04-02,0,19
Jurbeke,53044,2020-04-03,3,22
Jurbeke,53044,2020-04-04,1,23
Jurbeke,53044,2020-04-05,1,24
Jurbeke,53044,2020-04-06,0,24
Jurbeke,53044,2020-04-07,0,24
Jurbeke,53044,2020-04-08,3,27
Jurbeke,53044,2020-04-09,1,28
Jurbeke,53044,2020-04-10,0,28
Jurbeke,53044,2020-04-11,1,29
Jurbeke,53044,2020-04-12,0,29
Jurbeke,53044,2020-04-13,0,29
Jurbeke,53044,2020-04-14,0,29
Jurbeke,53044,2020-04-15,1,30
Jurbeke,53044,2020-04-16,0,30
Jurbeke,53044,2020-04-17,2,32
Jurbeke,53044,2020-04-18,0,32
Jurbeke,53044,2020-04-19,0,32
Jurbeke,53044,2020-04-20,1,33
Jurbeke,53044,2020-04-21,1,34
Jurbeke,53044,2020-04-22,0,34
Jurbeke,53044,2020-04-23,0,34
Jurbeke,53044,2020-04-24,0,34
Jurbeke,53044,2020-04-25,2,36
Jurbeke,53044,2020-04-26,0,36
Jurbeke,53044,2020-04-27,0,36
Jurbeke,53044,2020-04-28,0,36
Jurbeke,53044,2020-04-29,1,37
Jurbeke,53044,2020-04-30,0,37
Jurbeke,53044,2020-05-01,0,37
Jurbeke,53044,2020-05-02,0,37
Jurbeke,53044,2020-05-03,0,37
Jurbeke,53044,2020-05-04,0,37
Jurbeke,53044,2020-05-05,0,37
Jurbeke,53044,2020-05-06,0,37
Jurbeke,53044,2020-05-07,0,37
Jurbeke,53044,2020-05-08,0,37
Jurbeke,53044,2020-05-09,0,37
Jurbeke,53044,2020-05-10,1,38
Jurbeke,53044,2020-05-11,0,38
Jurbeke,53044,2020-05-12,1,39
Jurbeke,53044,2020-05-13,0,39
Jurbeke,53044,2020-05-14,0,39
Jurbeke,53044,2020-05-15,0,39
Jurbeke,53044,2020-05-16,0,39
Jurbeke,53044,2020-05-17,0,39
Jurbeke,53044,2020-05-18,1,40
Jurbeke,53044,2020-05-19,0,40
Jurbeke,53044,2020-05-20,0,40
Jurbeke,53044,2020-05-21,0,40
Jurbeke,53044,2020-05-22,0,40
Jurbeke,53044,2020-05-23,0,40
Jurbeke,53044,2020-05-24,0,40
Jurbeke,53044,2020-05-25,0,40
Jurbeke,53044,2020-05-26,1,41
Jurbeke,53044,2020-05-27,0,41
Jurbeke,53044,2020-05-28,0,41
Jurbeke,53044,2020-05-29,1,42
Jurbeke,53044,2020-05-30,0,42
Jurbeke,53044,2020-05-31,0,42
Jurbeke,53044,2020-06-01,0,42
Jurbeke,53044,2020-06-02,0,42
Jurbeke,53044,2020-06-03,0,42
Jurbeke,53044,2020-06-04,0,42
Jurbeke,53044,2020-06-05,0,42
Jurbeke,53044,2020-06-06,1,43
Jurbeke,53044,2020-06-07,0,43
Jurbeke,53044,2020-06-08,1,44
Jurbeke,53044,2020-06-09,0,44
Jurbeke,53044,2020-06-10,0,44
Jurbeke,53044,2020-06-11,0,44
Jurbeke,53044,2020-06-12,0,44
Jurbeke,53044,2020-06-13,0,44
Jurbeke,53044,2020-06-14,0,44
Jurbeke,53044,2020-06-15,0,44
Jurbeke,53044,2020-06-16,0,44
Jurbeke,53044,2020-06-17,0,44
Jurbeke,53044,2020-06-18,0,44
Jurbeke,53044,2020-06-19,0,44
Jurbeke,53044,2020-06-20,0,44
Jurbeke,53044,2020-06-23,0,44
Jurbeke,53044,2020-06-24,0,44
Jurbeke,53044,2020-06-25,0,44
Jurbeke,53044,2020-06-26,0,44
Jurbeke,53044,2020-06-27,0,44
Jurbeke,53044,2020-06-30,0,44
Jurbeke,53044,2020-07-01,0,44
Jurbeke,53044,2020-07-02,0,44
Jurbeke,53044,2020-07-03,0,44
Jurbeke,53044,2020-07-04,0,44
Jurbeke,53044,2020-07-07,0,44
Jurbeke,53044,2020-07-08,0,44
Jurbeke,53044,2020-07-09,0,44
Jurbeke,53044,2020-07-10,0,44
Jurbeke,53044,2020-07-11,0,44
Jurbeke,53044,2020-07-14,0,44
Jurbeke,53044,2020-07-15,0,44
Jurbeke,53044,2020-07-16,0,44
Jurbeke,53044,2020-07-17,0,44
Jurbeke,53044,2020-07-18,0,44
Jurbeke,53044,2020-07-20,0,44
Jurbeke,53044,2020-07-21,0,44
Jurbeke,53044,2020-07-22,0,44
Jurbeke,53044,2020-07-23,0,44
Jurbeke,53044,2020-07-24,0,44
Jurbeke,53044,2020-07-25,0,44
Jurbeke,53044,2020-07-26,0,44
Jurbeke,53044,2020-07-27,0,44
Jurbeke,53044,2020-07-28,0,44
Jurbeke,53044,2020-07-29,0,44
Jurbeke,53044,2020-07-30,1,45
Jurbeke,53044,2020-07-31,0,45
Jurbeke,53044,2020-08-01,0,45
Jurbeke,53044,2020-08-02,0,45
Jurbeke,53044,2020-08-03,1,46
Jurbeke,53044,2020-08-04,0,46
Jurbeke,53044,2020-08-05,0,46
Jurbeke,53044,2020-08-06,0,46
Jurbeke,53044,2020-08-07,0,46
Jurbeke,53044,2020-08-08,1,47
Jurbeke,53044,2020-08-09,0,47
Jurbeke,53044,2020-08-10,0,47
Jurbeke,53044,2020-08-11,0,47
Jurbeke,53044,2020-08-12,0,47
Jurbeke,53044,2020-08-13,0,47
Jurbeke,53044,2020-08-14,0,47
Jurbeke,53044,2020-08-15,0,47
Jurbeke,53044,2020-08-16,0,47
Jurbeke,53044,2020-08-17,0,47
Jurbeke,53044,2020-08-18,0,47
Jurbeke,53044,2020-08-19,0,47
Jurbeke,53044,2020-08-20,0,47
Jurbeke,53044,2020-08-21,0,47
Jurbeke,53044,2020-08-22,1,48
Jurbeke,53044,2020-08-23,0,48
Jurbeke,53044,2020-08-24,1,49
Jurbeke,53044,2020-08-25,0,49
Jurbeke,53044,2020-08-26,0,49
Jurbeke,53044,2020-08-27,0,49
Jurbeke,53044,2020-08-28,0,49
Jurbeke,53044,2020-08-29,1,50
Jurbeke,53044,2020-08-30,1,51
Jurbeke,53044,2020-08-31,0,51
Jurbeke,53044,2020-09-01,0,51
Jurbeke,53044,2020-09-02,0,51
Jurbeke,53044,2020-09-03,0,51
Jurbeke,53044,2020-09-04,0,51
Jurbeke,53044,2020-09-05,0,51
Jurbeke,53044,2020-09-06,0,51
Jurbeke,53044,2020-09-07,0,51
Jurbeke,53044,2020-09-08,0,51
Jurbeke,53044,2020-09-09,0,51
Jurbeke,53044,2020-09-10,0,51
Jurbeke,53044,2020-09-11,1,52
Jurbeke,53044,2020-09-12,1,53
Jurbeke,53044,2020-09-13,1,54
Jurbeke,53044,2020-09-14,2,56
Jurbeke,53044,2020-09-15,0,56
Jurbeke,53044,2020-09-16,1,57
Jurbeke,53044,2020-09-17,3,60
Jurbeke,53044,2020-09-18,0,60
Jurbeke,53044,2020-09-19,0,60
Jurbeke,53044,2020-09-20,1,61
Jurbeke,53044,2020-09-21,0,61
Jurbeke,53044,2020-09-22,4,65
Jurbeke,53044,2020-09-23,0,65
Jurbeke,53044,2020-09-24,1,66
Jurbeke,53044,2020-09-25,2,68
Jurbeke,53044,2020-09-26,0,68
Jurbeke,53044,2020-09-27,1,69
Jurbeke,53044,2020-09-28,1,70
Jurbeke,53044,2020-09-29,2,72
Jurbeke,53044,2020-09-30,2,74
Jurbeke,53044,2020-10-01,0,74
Jurbeke,53044,2020-10-02,1,75
Jurbeke,53044,2020-10-03,4,79
Jurbeke,53044,2020-10-04,1,80
Jurbeke,53044,2020-10-05,0,80
Jurbeke,53044,2020-10-06,4,84
Jurbeke,53044,2020-10-07,0,84
Jurbeke,53044,2020-10-08,1,85
Jurbeke,53044,2020-10-09,9,94
Jurbeke,53044,2020-10-10,4,98
Jurbeke,53044,2020-10-11,8,106
Jurbeke,53044,2020-10-12,6,112
Jurbeke,53044,2020-10-13,11,123
Jurbeke,53044,2020-10-14,12,135
Jurbeke,53044,2020-10-15,8,143
Jurbeke,53044,2020-10-16,22,165
Jurbeke,53044,2020-10-17,16,181
Jurbeke,53044,2020-10-18,19,200
Jurbeke,53044,2020-10-19,15,215
Jurbeke,53044,2020-10-20,14,229
Jurbeke,53044,2020-10-21,11,240
Jurbeke,53044,2020-10-22,23,263
Jurbeke,53044,2020-10-23,14,277
Jurbeke,53044,2020-10-24,19,296
Jurbeke,53044,2020-10-25,24,320
Jurbeke,53044,2020-10-26,15,335
Jurbeke,53044,2020-10-27,25,360
Jurbeke,53044,2020-10-28,23,383
Jurbeke,53044,2020-10-29,37,420
Jurbeke,53044,2020-10-30,29,449
Jurbeke,53044,2020-10-31,21,470
Jurbeke,53044,2020-11-01,14,484
Jurbeke,53044,2020-11-02,10,494
Jurbeke,53044,2020-11-03,10,504
Jurbeke,53044,2020-11-04,5,509
Jurbeke,53044,2020-11-05,27,536
Jurbeke,53044,2020-11-06,11,547
Jurbeke,53044,2020-11-07,10,557
Jurbeke,53044,2020-11-08,5,562
Jurbeke,53044,2020-11-09,7,569
Jurbeke,53044,2020-11-10,0,569
Jurbeke,53044,2020-11-11,3,572
Lens,53046,2020-04-01,1,7
Lens,53046,2020-04-02,1,8
Lens,53046,2020-04-03,0,8
Lens,53046,2020-04-04,0,8
Lens,53046,2020-04-05,1,9
Lens,53046,2020-04-06,0,9
Lens,53046,2020-04-07,0,9
Lens,53046,2020-04-08,0,9
Lens,53046,2020-04-09,0,9
Lens,53046,2020-04-10,0,9
Lens,53046,2020-04-11,0,9
Lens,53046,2020-04-12,0,9
Lens,53046,2020-04-13,0,9
Lens,53046,2020-04-14,0,9
Lens,53046,2020-04-15,1,10
Lens,53046,2020-04-16,1,11
Lens,53046,2020-04-17,1,12
Lens,53046,2020-04-18,1,13
Lens,53046,2020-04-19,0,13
Lens,53046,2020-04-20,1,14
Lens,53046,2020-04-21,1,15
Lens,53046,2020-04-22,0,15
Lens,53046,2020-04-23,0,15
Lens,53046,2020-04-24,0,15
Lens,53046,2020-04-25,1,16
Lens,53046,2020-04-26,0,16
Lens,53046,2020-04-27,0,16
Lens,53046,2020-04-28,0,16
Lens,53046,2020-04-29,0,16
Lens,53046,2020-04-30,0,16
Lens,53046,2020-05-01,0,16
Lens,53046,2020-05-02,0,16
Lens,53046,2020-05-03,0,16
Lens,53046,2020-05-04,0,16
Lens,53046,2020-05-05,0,16
Lens,53046,2020-05-06,0,16
Lens,53046,2020-05-07,0,16
Lens,53046,2020-05-08,0,16
Lens,53046,2020-05-09,0,16
Lens,53046,2020-05-10,0,16
Lens,53046,2020-05-11,0,16
Lens,53046,2020-05-12,0,16
Lens,53046,2020-05-13,0,16
Lens,53046,2020-05-14,0,16
Lens,53046,2020-05-15,0,16
Lens,53046,2020-05-16,0,16
Lens,53046,2020-05-17,0,16
Lens,53046,2020-05-18,0,16
Lens,53046,2020-05-19,0,16
Lens,53046,2020-05-20,0,16
Lens,53046,2020-05-21,0,16
Lens,53046,2020-05-22,0,16
Lens,53046,2020-05-23,0,16
Lens,53046,2020-05-24,0,16
Lens,53046,2020-05-25,0,16
Lens,53046,2020-05-26,0,16
Lens,53046,2020-05-27,0,16
Lens,53046,2020-05-28,0,16
Lens,53046,2020-05-29,0,16
Lens,53046,2020-05-30,0,16
Lens,53046,2020-05-31,0,16
Lens,53046,2020-06-01,0,16
Lens,53046,2020-06-02,0,16
Lens,53046,2020-06-03,0,16
Lens,53046,2020-06-04,0,16
Lens,53046,2020-06-05,0,16
Lens,53046,2020-06-06,0,16
Lens,53046,2020-06-07,0,16
Lens,53046,2020-06-08,0,16
Lens,53046,2020-06-09,0,16
Lens,53046,2020-06-10,0,16
Lens,53046,2020-06-11,0,16
Lens,53046,2020-06-12,0,16
Lens,53046,2020-06-13,0,16
Lens,53046,2020-06-14,0,16
Lens,53046,2020-06-15,0,16
Lens,53046,2020-06-16,0,16
Lens,53046,2020-06-17,0,16
Lens,53046,2020-06-18,0,16
Lens,53046,2020-06-19,0,16
Lens,53046,2020-06-20,0,16
Lens,53046,2020-06-23,0,16
Lens,53046,2020-06-24,0,16
Lens,53046,2020-06-25,0,16
Lens,53046,2020-06-26,0,16
Lens,53046,2020-06-27,0,16
Lens,53046,2020-06-30,0,16
Lens,53046,2020-07-01,0,16
Lens,53046,2020-07-02,0,16
Lens,53046,2020-07-03,0,16
Lens,53046,2020-07-04,0,16
Lens,53046,2020-07-07,0,16
Lens,53046,2020-07-08,0,16
Lens,53046,2020-07-09,0,16
Lens,53046,2020-07-10,0,16
Lens,53046,2020-07-11,0,16
Lens,53046,2020-07-14,0,16
Lens,53046,2020-07-15,0,16
Lens,53046,2020-07-16,0,16
Lens,53046,2020-07-17,0,16
Lens,53046,2020-07-18,0,16
Lens,53046,2020-07-20,0,16
Lens,53046,2020-07-21,0,16
Lens,53046,2020-07-22,0,16
Lens,53046,2020-07-23,0,16
Lens,53046,2020-07-24,0,16
Lens,53046,2020-07-25,0,16
Lens,53046,2020-07-26,0,16
Lens,53046,2020-07-27,0,16
Lens,53046,2020-07-28,0,16
Lens,53046,2020-07-29,0,16
Lens,53046,2020-07-30,0,16
Lens,53046,2020-07-31,0,16
Lens,53046,2020-08-01,0,16
Lens,53046,2020-08-02,0,16
Lens,53046,2020-08-03,0,16
Lens,53046,2020-08-04,0,16
Lens,53046,2020-08-05,0,16
Lens,53046,2020-08-06,0,16
Lens,53046,2020-08-07,0,16
Lens,53046,2020-08-08,0,16
Lens,53046,2020-08-09,0,16
Lens,53046,2020-08-10,0,16
Lens,53046,2020-08-11,0,16
Lens,53046,2020-08-12,0,16
Lens,53046,2020-08-13,0,16
Lens,53046,2020-08-14,0,16
Lens,53046,2020-08-15,0,16
Lens,53046,2020-08-16,0,16
Lens,53046,2020-08-17,0,16
Lens,53046,2020-08-18,0,16
Lens,53046,2020-08-19,1,17
Lens,53046,2020-08-20,0,17
Lens,53046,2020-08-21,0,17
Lens,53046,2020-08-22,0,17
Lens,53046,2020-08-23,0,17
Lens,53046,2020-08-24,0,17
Lens,53046,2020-08-25,0,17
Lens,53046,2020-08-26,0,17
Lens,53046,2020-08-27,0,17
Lens,53046,2020-08-28,0,17
Lens,53046,2020-08-29,0,17
Lens,53046,2020-08-30,0,17
Lens,53046,2020-08-31,0,17
Lens,53046,2020-09-01,0,17
Lens,53046,2020-09-02,0,17
Lens,53046,2020-09-03,0,17
Lens,53046,2020-09-04,0,17
Lens,53046,2020-09-05,0,17
Lens,53046,2020-09-06,0,17
Lens,53046,2020-09-07,0,17
Lens,53046,2020-09-08,0,17
Lens,53046,2020-09-09,0,17
Lens,53046,2020-09-10,0,17
Lens,53046,2020-09-11,0,17
Lens,53046,2020-09-12,0,17
Lens,53046,2020-09-13,0,17
Lens,53046,2020-09-14,0,17
Lens,53046,2020-09-15,0,17
Lens,53046,2020-09-16,0,17
Lens,53046,2020-09-17,0,17
Lens,53046,2020-09-18,0,17
Lens,53046,2020-09-19,0,17
Lens,53046,2020-09-20,2,19
Lens,53046,2020-09-21,0,19
Lens,53046,2020-09-22,0,19
Lens,53046,2020-09-23,0,19
Lens,53046,2020-09-24,0,19
Lens,53046,2020-09-25,0,19
Lens,53046,2020-09-26,0,19
Lens,53046,2020-09-27,0,19
Lens,53046,2020-09-28,0,19
Lens,53046,2020-09-29,0,19
Lens,53046,2020-09-30,0,19
Lens,53046,2020-10-01,0,19
Lens,53046,2020-10-02,4,23
Lens,53046,2020-10-03,1,24
Lens,53046,2020-10-04,2,26
Lens,53046,2020-10-05,0,26
Lens,53046,2020-10-06,2,28
Lens,53046,2020-10-07,0,28
Lens,53046,2020-10-08,0,28
Lens,53046,2020-10-09,7,35
Lens,53046,2020-10-10,0,35
Lens,53046,2020-10-11,2,37
Lens,53046,2020-10-12,1,38
Lens,53046,2020-10-13,4,42
Lens,53046,2020-10-14,1,43
Lens,53046,2020-10-15,2,45
Lens,53046,2020-10-16,6,51
Lens,53046,2020-10-17,10,61
Lens,53046,2020-10-18,4,65
Lens,53046,2020-10-19,10,75
Lens,53046,2020-10-20,7,82
Lens,53046,2020-10-21,5,87
Lens,53046,2020-10-22,4,91
Lens,53046,2020-10-23,6,97
Lens,53046,2020-10-24,5,102
Lens,53046,2020-10-25,7,109
Lens,53046,2020-10-26,4,113
Lens,53046,2020-10-27,8,121
Lens,53046,2020-10-28,6,127
Lens,53046,2020-10-29,14,141
Lens,53046,2020-10-30,14,155
Lens,53046,2020-10-31,8,163
Lens,53046,2020-11-01,8,171
Lens,53046,2020-11-02,3,174
Lens,53046,2020-11-03,5,179
Lens,53046,2020-11-04,2,181
Lens,53046,2020-11-05,6,187
Lens,53046,2020-11-06,7,194
Lens,53046,2020-11-07,1,195
Lens,53046,2020-11-08,5,200
Lens,53046,2020-11-09,1,201
Lens,53046,2020-11-10,2,203
Lens,53046,2020-11-11,4,207
Bergen,53053,2020-04-01,17,272
Bergen,53053,2020-04-02,12,284
Bergen,53053,2020-04-03,11,295
Bergen,53053,2020-04-04,11,306
Bergen,53053,2020-04-05,20,326
Bergen,53053,2020-04-06,5,331
Bergen,53053,2020-04-07,1,332
Bergen,53053,2020-04-08,94,426
Bergen,53053,2020-04-09,2,428
Bergen,53053,2020-04-10,4,432
Bergen,53053,2020-04-11,6,438
Bergen,53053,2020-04-12,5,443
Bergen,53053,2020-04-13,0,443
Bergen,53053,2020-04-14,2,445
Bergen,53053,2020-04-15,36,481
Bergen,53053,2020-04-16,-1,480
Bergen,53053,2020-04-17,28,508
Bergen,53053,2020-04-18,5,513
Bergen,53053,2020-04-19,8,521
Bergen,53053,2020-04-20,11,532
Bergen,53053,2020-04-21,20,552
Bergen,53053,2020-04-22,32,584
Bergen,53053,2020-04-23,3,587
Bergen,53053,2020-04-24,55,642
Bergen,53053,2020-04-25,24,666
Bergen,53053,2020-04-26,3,669
Bergen,53053,2020-04-27,1,670
Bergen,53053,2020-04-28,6,676
Bergen,53053,2020-04-29,1,677
Bergen,53053,2020-04-30,4,681
Bergen,53053,2020-05-01,6,687
Bergen,53053,2020-05-02,1,688
Bergen,53053,2020-05-03,8,696
Bergen,53053,2020-05-04,2,698
Bergen,53053,2020-05-05,3,701
Bergen,53053,2020-05-06,7,708
Bergen,53053,2020-05-07,6,714
Bergen,53053,2020-05-08,2,716
Bergen,53053,2020-05-09,2,718
Bergen,53053,2020-05-10,7,725
Bergen,53053,2020-05-11,7,732
Bergen,53053,2020-05-12,0,732
Bergen,53053,2020-05-13,0,732
Bergen,53053,2020-05-14,1,733
Bergen,53053,2020-05-15,2,735
Bergen,53053,2020-05-16,0,735
Bergen,53053,2020-05-17,2,737
Bergen,53053,2020-05-18,2,739
Bergen,53053,2020-05-19,0,739
Bergen,53053,2020-05-20,0,739
Bergen,53053,2020-05-21,4,743
Bergen,53053,2020-05-22,1,744
Bergen,53053,2020-05-23,5,749
Bergen,53053,2020-05-24,0,749
Bergen,53053,2020-05-25,2,751
Bergen,53053,2020-05-26,18,769
Bergen,53053,2020-05-27,0,769
Bergen,53053,2020-05-28,4,773
Bergen,53053,2020-05-29,1,774
Bergen,53053,2020-05-30,1,775
Bergen,53053,2020-05-31,2,777
Bergen,53053,2020-06-01,3,780
Bergen,53053,2020-06-02,0,780
Bergen,53053,2020-06-03,0,780
Bergen,53053,2020-06-04,0,780
Bergen,53053,2020-06-05,1,781
Bergen,53053,2020-06-06,0,781
Bergen,53053,2020-06-07,1,782
Bergen,53053,2020-06-08,1,783
Bergen,53053,2020-06-09,2,785
Bergen,53053,2020-06-10,0,785
Bergen,53053,2020-06-11,0,785
Bergen,53053,2020-06-12,-1,784
Bergen,53053,2020-06-13,2,786
Bergen,53053,2020-06-14,1,787
Bergen,53053,2020-06-15,0,787
Bergen,53053,2020-06-16,0,787
Bergen,53053,2020-06-17,2,789
Bergen,53053,2020-06-18,0,789
Bergen,53053,2020-06-19,0,789
Bergen,53053,2020-06-20,0,789
Bergen,53053,2020-06-23,0,789
Bergen,53053,2020-06-24,0,789
Bergen,53053,2020-06-25,0,789
Bergen,53053,2020-06-26,0,789
Bergen,53053,2020-06-27,1,790
Bergen,53053,2020-06-30,1,791
Bergen,53053,2020-07-01,0,791
Bergen,53053,2020-07-02,1,792
Bergen,53053,2020-07-03,0,792
Bergen,53053,2020-07-04,1,793
Bergen,53053,2020-07-07,5,798
Bergen,53053,2020-07-08,0,798
Bergen,53053,2020-07-09,1,799
Bergen,53053,2020-07-10,1,800
Bergen,53053,2020-07-11,0,800
Bergen,53053,2020-07-14,2,802
Bergen,53053,2020-07-15,0,802
Bergen,53053,2020-07-16,1,803
Bergen,53053,2020-07-17,2,805
Bergen,53053,2020-07-18,1,806
Bergen,53053,2020-07-20,0,806
Bergen,53053,2020-07-21,0,806
Bergen,53053,2020-07-22,0,806
Bergen,53053,2020-07-23,7,813
Bergen,53053,2020-07-24,0,813
Bergen,53053,2020-07-25,2,815
Bergen,53053,2020-07-26,1,816
Bergen,53053,2020-07-27,2,818
Bergen,53053,2020-07-28,2,820
Bergen,53053,2020-07-29,0,820
Bergen,53053,2020-07-30,0,820
Bergen,53053,2020-07-31,0,820
Bergen,53053,2020-08-01,2,822
Bergen,53053,2020-08-02,2,824
Bergen,53053,2020-08-03,4,828
Bergen,53053,2020-08-04,1,829
Bergen,53053,2020-08-05,1,830
Bergen,53053,2020-08-06,4,834
Bergen,53053,2020-08-07,4,838
Bergen,53053,2020-08-08,0,838
Bergen,53053,2020-08-09,2,840
Bergen,53053,2020-08-10,5,845
Bergen,53053,2020-08-11,0,845
Bergen,53053,2020-08-12,2,847
Bergen,53053,2020-08-13,3,850
Bergen,53053,2020-08-14,4,854
Bergen,53053,2020-08-15,4,858
Bergen,53053,2020-08-16,4,862
Bergen,53053,2020-08-17,2,864
Bergen,53053,2020-08-18,0,864
Bergen,53053,2020-08-19,2,866
Bergen,53053,2020-08-20,4,870
Bergen,53053,2020-08-21,4,874
Bergen,53053,2020-08-22,9,883
Bergen,53053,2020-08-23,6,889
Bergen,53053,2020-08-24,6,895
Bergen,53053,2020-08-25,0,895
Bergen,53053,2020-08-26,0,895
Bergen,53053,2020-08-27,5,900
Bergen,53053,2020-08-28,1,901
Bergen,53053,2020-08-29,1,902
Bergen,53053,2020-08-30,5,907
Bergen,53053,2020-08-31,5,912
Bergen,53053,2020-09-01,0,912
Bergen,53053,2020-09-02,0,912
Bergen,53053,2020-09-03,4,916
Bergen,53053,2020-09-04,3,919
Bergen,53053,2020-09-05,2,921
Bergen,53053,2020-09-06,0,921
Bergen,53053,2020-09-07,2,923
Bergen,53053,2020-09-08,0,923
Bergen,53053,2020-09-09,0,923
Bergen,53053,2020-09-10,5,928
Bergen,53053,2020-09-11,5,933
Bergen,53053,2020-09-12,5,938
Bergen,53053,2020-09-13,5,943
Bergen,53053,2020-09-14,5,948
Bergen,53053,2020-09-15,3,951
Bergen,53053,2020-09-16,0,951
Bergen,53053,2020-09-17,8,959
Bergen,53053,2020-09-18,9,968
Bergen,53053,2020-09-19,7,975
Bergen,53053,2020-09-20,13,988
Bergen,53053,2020-09-21,1,989
Bergen,53053,2020-09-22,4,993
Bergen,53053,2020-09-23,9,1002
Bergen,53053,2020-09-24,23,1025
Bergen,53053,2020-09-25,13,1038
Bergen,53053,2020-09-26,8,1046
Bergen,53053,2020-09-27,13,1059
Bergen,53053,2020-09-28,2,1061
Bergen,53053,2020-09-29,6,1067
Bergen,53053,2020-09-30,12,1079
Bergen,53053,2020-10-01,2,1081
Bergen,53053,2020-10-02,31,1112
Bergen,53053,2020-10-03,18,1130
Bergen,53053,2020-10-04,10,1140
Bergen,53053,2020-10-05,19,1159
Bergen,53053,2020-10-06,17,1176
Bergen,53053,2020-10-07,14,1190
Bergen,53053,2020-10-08,17,1207
Bergen,53053,2020-10-09,66,1273
Bergen,53053,2020-10-10,36,1309
Bergen,53053,2020-10-11,56,1365
Bergen,53053,2020-10-12,35,1400
Bergen,53053,2020-10-13,79,1479
Bergen,53053,2020-10-14,78,1557
Bergen,53053,2020-10-15,43,1600
Bergen,53053,2020-10-16,155,1755
Bergen,53053,2020-10-17,86,1841
Bergen,53053,2020-10-18,175,2016
Bergen,53053,2020-10-19,131,2147
Bergen,53053,2020-10-20,104,2251
Bergen,53053,2020-10-21,91,2342
Bergen,53053,2020-10-22,160,2502
Bergen,53053,2020-10-23,127,2629
Bergen,53053,2020-10-24,211,2840
Bergen,53053,2020-10-25,169,3009
Bergen,53053,2020-10-26,184,3193
Bergen,53053,2020-10-27,169,3362
Bergen,53053,2020-10-28,79,3441
Bergen,53053,2020-10-29,278,3719
Bergen,53053,2020-10-30,308,4027
Bergen,53053,2020-10-31,271,4298
Bergen,53053,2020-11-01,161,4459
Bergen,53053,2020-11-02,147,4606
Bergen,53053,2020-11-03,108,4714
Bergen,53053,2020-11-04,50,4764
Bergen,53053,2020-11-05,206,4970
Bergen,53053,2020-11-06,127,5097
Bergen,53053,2020-11-07,84,5181
Bergen,53053,2020-11-08,35,5216
Bergen,53053,2020-11-09,86,5302
Bergen,53053,2020-11-10,49,5351
Bergen,53053,2020-11-11,20,5371
Quaregnon,53065,2020-04-01,6,58
Quaregnon,53065,2020-04-02,4,62
Quaregnon,53065,2020-04-03,1,63
Quaregnon,53065,2020-04-04,1,64
Quaregnon,53065,2020-04-05,4,68
Quaregnon,53065,2020-04-06,1,69
Quaregnon,53065,2020-04-07,0,69
Quaregnon,53065,2020-04-08,2,71
Quaregnon,53065,2020-04-09,0,71
Quaregnon,53065,2020-04-10,0,71
Quaregnon,53065,2020-04-11,0,71
Quaregnon,53065,2020-04-12,0,71
Quaregnon,53065,2020-04-13,2,73
Quaregnon,53065,2020-04-14,0,73
Quaregnon,53065,2020-04-15,9,82
Quaregnon,53065,2020-04-16,1,83
Quaregnon,53065,2020-04-17,5,88
Quaregnon,53065,2020-04-18,0,88
Quaregnon,53065,2020-04-19,1,89
Quaregnon,53065,2020-04-20,2,91
Quaregnon,53065,2020-04-21,8,99
Quaregnon,53065,2020-04-22,0,99
Quaregnon,53065,2020-04-23,0,99
Quaregnon,53065,2020-04-24,1,100
Quaregnon,53065,2020-04-25,1,101
Quaregnon,53065,2020-04-26,1,102
Quaregnon,53065,2020-04-27,0,102
Quaregnon,53065,2020-04-28,5,107
Quaregnon,53065,2020-04-29,4,111
Quaregnon,53065,2020-04-30,0,111
Quaregnon,53065,2020-05-01,0,111
Quaregnon,53065,2020-05-02,0,111
Quaregnon,53065,2020-05-03,1,112
Quaregnon,53065,2020-05-04,1,113
Quaregnon,53065,2020-05-05,0,113
Quaregnon,53065,2020-05-06,0,113
Quaregnon,53065,2020-05-07,0,113
Quaregnon,53065,2020-05-08,0,113
Quaregnon,53065,2020-05-09,0,113
Quaregnon,53065,2020-05-10,0,113
Quaregnon,53065,2020-05-11,0,113
Quaregnon,53065,2020-05-12,7,120
Quaregnon,53065,2020-05-13,0,120
Quaregnon,53065,2020-05-14,0,120
Quaregnon,53065,2020-05-15,0,120
Quaregnon,53065,2020-05-16,1,121
Quaregnon,53065,2020-05-17,1,122
Quaregnon,53065,2020-05-18,0,122
Quaregnon,53065,2020-05-19,0,122
Quaregnon,53065,2020-05-20,0,122
Quaregnon,53065,2020-05-21,2,124
Quaregnon,53065,2020-05-22,0,124
Quaregnon,53065,2020-05-23,1,125
Quaregnon,53065,2020-05-24,0,125
Quaregnon,53065,2020-05-25,1,126
Quaregnon,53065,2020-05-26,1,127
Quaregnon,53065,2020-05-27,1,128
Quaregnon,53065,2020-05-28,0,128
Quaregnon,53065,2020-05-29,0,128
Quaregnon,53065,2020-05-30,0,128
Quaregnon,53065,2020-05-31,0,128
Quaregnon,53065,2020-06-01,0,128
Quaregnon,53065,2020-06-02,0,128
Quaregnon,53065,2020-06-03,1,129
Quaregnon,53065,2020-06-04,0,129
Quaregnon,53065,2020-06-05,0,129
Quaregnon,53065,2020-06-06,0,129
Quaregnon,53065,2020-06-07,0,129
Quaregnon,53065,2020-06-08,0,129
Quaregnon,53065,2020-06-09,0,129
Quaregnon,53065,2020-06-10,0,129
Quaregnon,53065,2020-06-11,0,129
Quaregnon,53065,2020-06-12,0,129
Quaregnon,53065,2020-06-13,0,129
Quaregnon,53065,2020-06-14,0,129
Quaregnon,53065,2020-06-15,1,130
Quaregnon,53065,2020-06-16,0,130
Quaregnon,53065,2020-06-17,3,133
Quaregnon,53065,2020-06-18,-2,131
Quaregnon,53065,2020-06-19,0,131
Quaregnon,53065,2020-06-20,0,131
Quaregnon,53065,2020-06-23,0,131
Quaregnon,53065,2020-06-24,0,131
Quaregnon,53065,2020-06-25,0,131
Quaregnon,53065,2020-06-26,1,132
Quaregnon,53065,2020-06-27,0,132
Quaregnon,53065,2020-06-30,0,132
Quaregnon,53065,2020-07-01,0,132
Quaregnon,53065,2020-07-02,0,132
Quaregnon,53065,2020-07-03,0,132
Quaregnon,53065,2020-07-04,0,132
Quaregnon,53065,2020-07-07,0,132
Quaregnon,53065,2020-07-08,0,132
Quaregnon,53065,2020-07-09,0,132
Quaregnon,53065,2020-07-10,0,132
Quaregnon,53065,2020-07-11,1,133
Quaregnon,53065,2020-07-14,0,133
Quaregnon,53065,2020-07-15,0,133
Quaregnon,53065,2020-07-16,0,133
Quaregnon,53065,2020-07-17,0,133
Quaregnon,53065,2020-07-18,2,135
Quaregnon,53065,2020-07-20,0,135
Quaregnon,53065,2020-07-21,0,135
Quaregnon,53065,2020-07-22,0,135
Quaregnon,53065,2020-07-23,1,136
Quaregnon,53065,2020-07-24,0,136
Quaregnon,53065,2020-07-25,0,136
Quaregnon,53065,2020-07-26,0,136
Quaregnon,53065,2020-07-27,0,136
Quaregnon,53065,2020-07-28,4,140
Quaregnon,53065,2020-07-29,0,140
Quaregnon,53065,2020-07-30,0,140
Quaregnon,53065,2020-07-31,0,140
Quaregnon,53065,2020-08-01,0,140
Quaregnon,53065,2020-08-02,0,140
Quaregnon,53065,2020-08-03,0,140
Quaregnon,53065,2020-08-04,0,140
Quaregnon,53065,2020-08-05,0,140
Quaregnon,53065,2020-08-06,0,140
Quaregnon,53065,2020-08-07,3,143
Quaregnon,53065,2020-08-08,0,143
Quaregnon,53065,2020-08-09,1,144
Quaregnon,53065,2020-08-10,3,147
Quaregnon,53065,2020-08-11,0,147
Quaregnon,53065,2020-08-12,0,147
Quaregnon,53065,2020-08-13,0,147
Quaregnon,53065,2020-08-14,1,148
Quaregnon,53065,2020-08-15,0,148
Quaregnon,53065,2020-08-16,1,149
Quaregnon,53065,2020-08-17,1,150
Quaregnon,53065,2020-08-18,1,151
Quaregnon,53065,2020-08-19,0,151
Quaregnon,53065,2020-08-20,-1,150
Quaregnon,53065,2020-08-21,2,152
Quaregnon,53065,2020-08-22,1,153
Quaregnon,53065,2020-08-23,0,153
Quaregnon,53065,2020-08-24,3,156
Quaregnon,53065,2020-08-25,0,156
Quaregnon,53065,2020-08-26,1,157
Quaregnon,53065,2020-08-27,0,157
Quaregnon,53065,2020-08-28,1,158
Quaregnon,53065,2020-08-29,1,159
Quaregnon,53065,2020-08-30,3,162
Quaregnon,53065,2020-08-31,1,163
Quaregnon,53065,2020-09-01,0,163
Quaregnon,53065,2020-09-02,0,163
Quaregnon,53065,2020-09-03,0,163
Quaregnon,53065,2020-09-04,0,163
Quaregnon,53065,2020-09-05,0,163
Quaregnon,53065,2020-09-06,0,163
Quaregnon,53065,2020-09-07,0,163
Quaregnon,53065,2020-09-08,1,164
Quaregnon,53065,2020-09-09,2,166
Quaregnon,53065,2020-09-10,1,167
Quaregnon,53065,2020-09-11,2,169
Quaregnon,53065,2020-09-12,2,171
Quaregnon,53065,2020-09-13,0,171
Quaregnon,53065,2020-09-14,0,171
Quaregnon,53065,2020-09-15,1,172
Quaregnon,53065,2020-09-16,0,172
Quaregnon,53065,2020-09-17,0,172
Quaregnon,53065,2020-09-18,0,172
Quaregnon,53065,2020-09-19,1,173
Quaregnon,53065,2020-09-20,0,173
Quaregnon,53065,2020-09-21,0,173
Quaregnon,53065,2020-09-22,3,176
Quaregnon,53065,2020-09-23,0,176
Quaregnon,53065,2020-09-24,1,177
Quaregnon,53065,2020-09-25,2,179
Quaregnon,53065,2020-09-26,1,180
Quaregnon,53065,2020-09-27,2,182
Quaregnon,53065,2020-09-28,0,182
Quaregnon,53065,2020-09-29,0,182
Quaregnon,53065,2020-09-30,4,186
Quaregnon,53065,2020-10-01,1,187
Quaregnon,53065,2020-10-02,3,190
Quaregnon,53065,2020-10-03,1,191
Quaregnon,53065,2020-10-04,2,193
Quaregnon,53065,2020-10-05,3,196
Quaregnon,53065,2020-10-06,1,197
Quaregnon,53065,2020-10-07,3,200
Quaregnon,53065,2020-10-08,4,204
Quaregnon,53065,2020-10-09,14,218
Quaregnon,53065,2020-10-10,5,223
Quaregnon,53065,2020-10-11,11,234
Quaregnon,53065,2020-10-12,11,245
Quaregnon,53065,2020-10-13,12,257
Quaregnon,53065,2020-10-14,13,270
Quaregnon,53065,2020-10-15,10,280
Quaregnon,53065,2020-10-16,20,300
Quaregnon,53065,2020-10-17,14,314
Quaregnon,53065,2020-10-18,22,336
Quaregnon,53065,2020-10-19,8,344
Quaregnon,53065,2020-10-20,12,356
Quaregnon,53065,2020-10-21,20,376
Quaregnon,53065,2020-10-22,25,401
Quaregnon,53065,2020-10-23,37,438
Quaregnon,53065,2020-10-24,45,483
Quaregnon,53065,2020-10-25,31,514
Quaregnon,53065,2020-10-26,20,534
Quaregnon,53065,2020-10-27,29,563
Quaregnon,53065,2020-10-28,19,582
Quaregnon,53065,2020-10-29,35,617
Quaregnon,53065,2020-10-30,96,713
Quaregnon,53065,2020-10-31,57,770
Quaregnon,53065,2020-11-01,32,802
Quaregnon,53065,2020-11-02,41,843
Quaregnon,53065,2020-11-03,23,866
Quaregnon,53065,2020-11-04,5,871
Quaregnon,53065,2020-11-05,40,911
Quaregnon,53065,2020-11-06,26,937
Quaregnon,53065,2020-11-07,16,953
Quaregnon,53065,2020-11-08,12,965
Quaregnon,53065,2020-11-09,20,985
Quaregnon,53065,2020-11-10,17,1002
Quaregnon,53065,2020-11-11,15,1017
Quiévrain,53068,2020-04-01,1,12
Quiévrain,53068,2020-04-02,3,15
Quiévrain,53068,2020-04-03,1,16
Quiévrain,53068,2020-04-04,0,16
Quiévrain,53068,2020-04-05,0,16
Quiévrain,53068,2020-04-06,0,16
Quiévrain,53068,2020-04-07,0,16
Quiévrain,53068,2020-04-08,0,16
Quiévrain,53068,2020-04-09,1,17
Quiévrain,53068,2020-04-10,0,17
Quiévrain,53068,2020-04-11,0,17
Quiévrain,53068,2020-04-12,0,17
Quiévrain,53068,2020-04-13,0,17
Quiévrain,53068,2020-04-14,0,17
Quiévrain,53068,2020-04-15,4,21
Quiévrain,53068,2020-04-16,0,21
Quiévrain,53068,2020-04-17,0,21
Quiévrain,53068,2020-04-18,0,21
Quiévrain,53068,2020-04-19,0,21
Quiévrain,53068,2020-04-20,1,22
Quiévrain,53068,2020-04-21,1,23
Quiévrain,53068,2020-04-22,0,23
Quiévrain,53068,2020-04-23,0,23
Quiévrain,53068,2020-04-24,3,26
Quiévrain,53068,2020-04-25,1,27
Quiévrain,53068,2020-04-26,0,27
Quiévrain,53068,2020-04-27,0,27
Quiévrain,53068,2020-04-28,3,30
Quiévrain,53068,2020-04-29,0,30
Quiévrain,53068,2020-04-30,0,30
Quiévrain,53068,2020-05-01,1,31
Quiévrain,53068,2020-05-02,0,31
Quiévrain,53068,2020-05-03,0,31
Quiévrain,53068,2020-05-04,1,32
Quiévrain,53068,2020-05-05,0,32
Quiévrain,53068,2020-05-06,0,32
Quiévrain,53068,2020-05-07,1,33
Quiévrain,53068,2020-05-08,0,33
Quiévrain,53068,2020-05-09,1,34
Quiévrain,53068,2020-05-10,0,34
Quiévrain,53068,2020-05-11,2,36
Quiévrain,53068,2020-05-12,0,36
Quiévrain,53068,2020-05-13,1,37
Quiévrain,53068,2020-05-14,0,37
Quiévrain,53068,2020-05-15,0,37
Quiévrain,53068,2020-05-16,0,37
Quiévrain,53068,2020-05-17,0,37
Quiévrain,53068,2020-05-18,0,37
Quiévrain,53068,2020-05-19,0,37
Quiévrain,53068,2020-05-20,0,37
Quiévrain,53068,2020-05-21,0,37
Quiévrain,53068,2020-05-22,0,37
Quiévrain,53068,2020-05-23,0,37
Quiévrain,53068,2020-05-24,0,37
Quiévrain,53068,2020-05-25,0,37
Quiévrain,53068,2020-05-26,0,37
Quiévrain,53068,2020-05-27,0,37
Quiévrain,53068,2020-05-28,0,37
Quiévrain,53068,2020-05-29,0,37
Quiévrain,53068,2020-05-30,0,37
Quiévrain,53068,2020-05-31,1,38
Quiévrain,53068,2020-06-01,0,38
Quiévrain,53068,2020-06-02,0,38
Quiévrain,53068,2020-06-03,0,38
Quiévrain,53068,2020-06-04,0,38
Quiévrain,53068,2020-06-05,0,38
Quiévrain,53068,2020-06-06,0,38
Quiévrain,53068,2020-06-07,0,38
Quiévrain,53068,2020-06-08,0,38
Quiévrain,53068,2020-06-09,0,38
Quiévrain,53068,2020-06-10,0,38
Quiévrain,53068,2020-06-11,0,38
Quiévrain,53068,2020-06-12,0,38
Quiévrain,53068,2020-06-13,0,38
Quiévrain,53068,2020-06-14,0,38
Quiévrain,53068,2020-06-15,0,38
Quiévrain,53068,2020-06-16,0,38
Quiévrain,53068,2020-06-17,0,38
Quiévrain,53068,2020-06-18,0,38
Quiévrain,53068,2020-06-19,0,38
Quiévrain,53068,2020-06-20,0,38
Quiévrain,53068,2020-06-23,0,38
Quiévrain,53068,2020-06-24,0,38
Quiévrain,53068,2020-06-25,0,38
Quiévrain,53068,2020-06-26,0,38
Quiévrain,53068,2020-06-27,0,38
Quiévrain,53068,2020-06-30,1,39
Quiévrain,53068,2020-07-01,0,39
Quiévrain,53068,2020-07-02,0,39
Quiévrain,53068,2020-07-03,0,39
Quiévrain,53068,2020-07-04,0,39
Quiévrain,53068,2020-07-07,0,39
Quiévrain,53068,2020-07-08,0,39
Quiévrain,53068,2020-07-09,0,39
Quiévrain,53068,2020-07-10,0,39
Quiévrain,53068,2020-07-11,0,39
Quiévrain,53068,2020-07-14,0,39
Quiévrain,53068,2020-07-15,0,39
Quiévrain,53068,2020-07-16,0,39
Quiévrain,53068,2020-07-17,0,39
Quiévrain,53068,2020-07-18,0,39
Quiévrain,53068,2020-07-20,0,39
Quiévrain,53068,2020-07-21,0,39
Quiévrain,53068,2020-07-22,0,39
Quiévrain,53068,2020-07-23,0,39
Quiévrain,53068,2020-07-24,0,39
Quiévrain,53068,2020-07-25,1,40
Quiévrain,53068,2020-07-26,0,40
Quiévrain,53068,2020-07-27,0,40
Quiévrain,53068,2020-07-28,0,40
Quiévrain,53068,2020-07-29,0,40
Quiévrain,53068,2020-07-30,0,40
Quiévrain,53068,2020-07-31,0,40
Quiévrain,53068,2020-08-01,0,40
Quiévrain,53068,2020-08-02,0,40
Quiévrain,53068,2020-08-03,0,40
Quiévrain,53068,2020-08-04,0,40
Quiévrain,53068,2020-08-05,0,40
Quiévrain,53068,2020-08-06,0,40
Quiévrain,53068,2020-08-07,0,40
Quiévrain,53068,2020-08-08,0,40
Quiévrain,53068,2020-08-09,0,40
Quiévrain,53068,2020-08-10,0,40
Quiévrain,53068,2020-08-11,0,40
Quiévrain,53068,2020-08-12,0,40
Quiévrain,53068,2020-08-13,0,40
Quiévrain,53068,2020-08-14,0,40
Quiévrain,53068,2020-08-15,0,40
Quiévrain,53068,2020-08-16,0,40
Quiévrain,53068,2020-08-17,0,40
Quiévrain,53068,2020-08-18,0,40
Quiévrain,53068,2020-08-19,0,40
Quiévrain,53068,2020-08-20,0,40
Quiévrain,53068,2020-08-21,1,41
Quiévrain,53068,2020-08-22,0,41
Quiévrain,53068,2020-08-23,2,43
Quiévrain,53068,2020-08-24,2,45
Quiévrain,53068,2020-08-25,0,45
Quiévrain,53068,2020-08-26,1,46
Quiévrain,53068,2020-08-27,1,47
Quiévrain,53068,2020-08-28,0,47
Quiévrain,53068,2020-08-29,1,48
Quiévrain,53068,2020-08-30,2,50
Quiévrain,53068,2020-08-31,0,50
Quiévrain,53068,2020-09-01,0,50
Quiévrain,53068,2020-09-02,0,50
Quiévrain,53068,2020-09-03,0,50
Quiévrain,53068,2020-09-04,0,50
Quiévrain,53068,2020-09-05,0,50
Quiévrain,53068,2020-09-06,0,50
Quiévrain,53068,2020-09-07,5,55
Quiévrain,53068,2020-09-08,0,55
Quiévrain,53068,2020-09-09,0,55
Quiévrain,53068,2020-09-10,0,55
Quiévrain,53068,2020-09-11,0,55
Quiévrain,53068,2020-09-12,0,55
Quiévrain,53068,2020-09-13,3,58
Quiévrain,53068,2020-09-14,0,58
Quiévrain,53068,2020-09-15,0,58
Quiévrain,53068,2020-09-16,0,58
Quiévrain,53068,2020-09-17,0,58
Quiévrain,53068,2020-09-18,0,58
Quiévrain,53068,2020-09-19,1,59
Quiévrain,53068,2020-09-20,0,59
Quiévrain,53068,2020-09-21,0,59
Quiévrain,53068,2020-09-22,1,60
Quiévrain,53068,2020-09-23,0,60
Quiévrain,53068,2020-09-24,0,60
Quiévrain,53068,2020-09-25,2,62
Quiévrain,53068,2020-09-26,0,62
Quiévrain,53068,2020-09-27,0,62
Quiévrain,53068,2020-09-28,0,62
Quiévrain,53068,2020-09-29,0,62
Quiévrain,53068,2020-09-30,0,62
Quiévrain,53068,2020-10-01,0,62
Quiévrain,53068,2020-10-02,1,63
Quiévrain,53068,2020-10-03,1,64
Quiévrain,53068,2020-10-04,2,66
Quiévrain,53068,2020-10-05,1,67
Quiévrain,53068,2020-10-06,1,68
Quiévrain,53068,2020-10-07,2,70
Quiévrain,53068,2020-10-08,0,70
Quiévrain,53068,2020-10-09,0,70
Quiévrain,53068,2020-10-10,0,70
Quiévrain,53068,2020-10-11,1,71
Quiévrain,53068,2020-10-12,0,71
Quiévrain,53068,2020-10-13,1,72
Quiévrain,53068,2020-10-14,0,72
Quiévrain,53068,2020-10-15,0,72
Quiévrain,53068,2020-10-16,6,78
Quiévrain,53068,2020-10-17,2,80
Quiévrain,53068,2020-10-18,9,89
Quiévrain,53068,2020-10-19,3,92
Quiévrain,53068,2020-10-20,3,95
Quiévrain,53068,2020-10-21,1,96
Quiévrain,53068,2020-10-22,5,101
Quiévrain,53068,2020-10-23,10,111
Quiévrain,53068,2020-10-24,10,121
Quiévrain,53068,2020-10-25,5,126
Quiévrain,53068,2020-10-26,7,133
Quiévrain,53068,2020-10-27,10,143
Quiévrain,53068,2020-10-28,4,147
Quiévrain,53068,2020-10-29,16,163
Quiévrain,53068,2020-10-30,28,191
Quiévrain,53068,2020-10-31,9,200
Quiévrain,53068,2020-11-01,9,209
Quiévrain,53068,2020-11-02,16,225
Quiévrain,53068,2020-11-03,4,229
Quiévrain,53068,2020-11-04,3,232
Quiévrain,53068,2020-11-05,8,240
Quiévrain,53068,2020-11-06,12,252
Quiévrain,53068,2020-11-07,8,260
Quiévrain,53068,2020-11-08,1,261
Quiévrain,53068,2020-11-09,8,269
Quiévrain,53068,2020-11-10,4,273
Quiévrain,53068,2020-11-11,6,279
Saint-Ghislain,53070,2020-04-01,7,47
Saint-Ghislain,53070,2020-04-02,8,55
Saint-Ghislain,53070,2020-04-03,4,59
Saint-Ghislain,53070,2020-04-04,3,62
Saint-Ghislain,53070,2020-04-05,2,64
Saint-Ghislain,53070,2020-04-06,2,66
Saint-Ghislain,53070,2020-04-07,2,68
Saint-Ghislain,53070,2020-04-08,7,75
Saint-Ghislain,53070,2020-04-09,0,75
Saint-Ghislain,53070,2020-04-10,2,77
Saint-Ghislain,53070,2020-04-11,2,79
Saint-Ghislain,53070,2020-04-12,0,79
Saint-Ghislain,53070,2020-04-13,0,79
Saint-Ghislain,53070,2020-04-14,0,79
Saint-Ghislain,53070,2020-04-15,1,80
Saint-Ghislain,53070,2020-04-16,0,80
Saint-Ghislain,53070,2020-04-17,2,82
Saint-Ghislain,53070,2020-04-18,0,82
Saint-Ghislain,53070,2020-04-19,13,95
Saint-Ghislain,53070,2020-04-20,11,106
Saint-Ghislain,53070,2020-04-21,6,112
Saint-Ghislain,53070,2020-04-22,2,114
Saint-Ghislain,53070,2020-04-23,1,115
Saint-Ghislain,53070,2020-04-24,0,115
Saint-Ghislain,53070,2020-04-25,2,117
Saint-Ghislain,53070,2020-04-26,2,119
Saint-Ghislain,53070,2020-04-27,1,120
Saint-Ghislain,53070,2020-04-28,1,121
Saint-Ghislain,53070,2020-04-29,3,124
Saint-Ghislain,53070,2020-04-30,0,124
Saint-Ghislain,53070,2020-05-01,0,124
Saint-Ghislain,53070,2020-05-02,0,124
Saint-Ghislain,53070,2020-05-03,0,124
Saint-Ghislain,53070,2020-05-04,0,124
Saint-Ghislain,53070,2020-05-05,1,125
Saint-Ghislain,53070,2020-05-06,0,125
Saint-Ghislain,53070,2020-05-07,0,125
Saint-Ghislain,53070,2020-05-08,0,125
Saint-Ghislain,53070,2020-05-09,1,126
Saint-Ghislain,53070,2020-05-10,1,127
Saint-Ghislain,53070,2020-05-11,0,127
Saint-Ghislain,53070,2020-05-12,0,127
Saint-Ghislain,53070,2020-05-13,0,127
Saint-Ghislain,53070,2020-05-14,0,127
Saint-Ghislain,53070,2020-05-15,0,127
Saint-Ghislain,53070,2020-05-16,1,128
Saint-Ghislain,53070,2020-05-17,0,128
Saint-Ghislain,53070,2020-05-18,0,128
Saint-Ghislain,53070,2020-05-19,0,128
Saint-Ghislain,53070,2020-05-20,0,128
Saint-Ghislain,53070,2020-05-21,0,128
Saint-Ghislain,53070,2020-05-22,0,128
Saint-Ghislain,53070,2020-05-23,1,129
Saint-Ghislain,53070,2020-05-24,2,131
Saint-Ghislain,53070,2020-05-25,0,131
Saint-Ghislain,53070,2020-05-26,1,132
Saint-Ghislain,53070,2020-05-27,0,132
Saint-Ghislain,53070,2020-05-28,0,132
Saint-Ghislain,53070,2020-05-29,1,133
Saint-Ghislain,53070,2020-05-30,0,133
Saint-Ghislain,53070,2020-05-31,0,133
Saint-Ghislain,53070,2020-06-01,0,133
Saint-Ghislain,53070,2020-06-02,0,133
Saint-Ghislain,53070,2020-06-03,0,133
Saint-Ghislain,53070,2020-06-04,0,133
Saint-Ghislain,53070,2020-06-05,0,133
Saint-Ghislain,53070,2020-06-06,1,134
Saint-Ghislain,53070,2020-06-07,1,135
Saint-Ghislain,53070,2020-06-08,0,135
Saint-Ghislain,53070,2020-06-09,0,135
Saint-Ghislain,53070,2020-06-10,0,135
Saint-Ghislain,53070,2020-06-11,0,135
Saint-Ghislain,53070,2020-06-12,0,135
Saint-Ghislain,53070,2020-06-13,0,135
Saint-Ghislain,53070,2020-06-14,0,135
Saint-Ghislain,53070,2020-06-15,0,135
Saint-Ghislain,53070,2020-06-16,0,135
Saint-Ghislain,53070,2020-06-17,0,135
Saint-Ghislain,53070,2020-06-18,1,136
Saint-Ghislain,53070,2020-06-19,0,136
Saint-Ghislain,53070,2020-06-20,0,136
Saint-Ghislain,53070,2020-06-23,0,136
Saint-Ghislain,53070,2020-06-24,1,137
Saint-Ghislain,53070,2020-06-25,0,137
Saint-Ghislain,53070,2020-06-26,0,137
Saint-Ghislain,53070,2020-06-27,0,137
Saint-Ghislain,53070,2020-06-30,1,138
Saint-Ghislain,53070,2020-07-01,0,138
Saint-Ghislain,53070,2020-07-02,0,138
Saint-Ghislain,53070,2020-07-03,0,138
Saint-Ghislain,53070,2020-07-04,0,138
Saint-Ghislain,53070,2020-07-07,1,139
Saint-Ghislain,53070,2020-07-08,0,139
Saint-Ghislain,53070,2020-07-09,0,139
Saint-Ghislain,53070,2020-07-10,0,139
Saint-Ghislain,53070,2020-07-11,0,139
Saint-Ghislain,53070,2020-07-14,0,139
Saint-Ghislain,53070,2020-07-15,1,140
Saint-Ghislain,53070,2020-07-16,0,140
Saint-Ghislain,53070,2020-07-17,0,140
Saint-Ghislain,53070,2020-07-18,0,140
Saint-Ghislain,53070,2020-07-20,0,140
Saint-Ghislain,53070,2020-07-21,0,140
Saint-Ghislain,53070,2020-07-22,0,140
Saint-Ghislain,53070,2020-07-23,0,140
Saint-Ghislain,53070,2020-07-24,0,140
Saint-Ghislain,53070,2020-07-25,0,140
Saint-Ghislain,53070,2020-07-26,0,140
Saint-Ghislain,53070,2020-07-27,1,141
Saint-Ghislain,53070,2020-07-28,0,141
Saint-Ghislain,53070,2020-07-29,0,141
Saint-Ghislain,53070,2020-07-30,0,141
Saint-Ghislain,53070,2020-07-31,0,141
Saint-Ghislain,53070,2020-08-01,1,142
Saint-Ghislain,53070,2020-08-02,0,142
Saint-Ghislain,53070,2020-08-03,1,143
Saint-Ghislain,53070,2020-08-04,0,143
Saint-Ghislain,53070,2020-08-05,0,143
Saint-Ghislain,53070,2020-08-06,0,143
Saint-Ghislain,53070,2020-08-07,0,143
Saint-Ghislain,53070,2020-08-08,0,143
Saint-Ghislain,53070,2020-08-09,0,143
Saint-Ghislain,53070,2020-08-10,0,143
Saint-Ghislain,53070,2020-08-11,0,143
Saint-Ghislain,53070,2020-08-12,0,143
Saint-Ghislain,53070,2020-08-13,0,143
Saint-Ghislain,53070,2020-08-14,0,143
Saint-Ghislain,53070,2020-08-15,0,143
Saint-Ghislain,53070,2020-08-16,1,144
Saint-Ghislain,53070,2020-08-17,0,144
Saint-Ghislain,53070,2020-08-18,0,144
Saint-Ghislain,53070,2020-08-19,0,144
Saint-Ghislain,53070,2020-08-20,1,145
Saint-Ghislain,53070,2020-08-21,0,145
Saint-Ghislain,53070,2020-08-22,0,145
Saint-Ghislain,53070,2020-08-23,0,145
Saint-Ghislain,53070,2020-08-24,0,145
Saint-Ghislain,53070,2020-08-25,0,145
Saint-Ghislain,53070,2020-08-26,0,145
Saint-Ghislain,53070,2020-08-27,0,145
Saint-Ghislain,53070,2020-08-28,0,145
Saint-Ghislain,53070,2020-08-29,1,146
Saint-Ghislain,53070,2020-08-30,1,147
Saint-Ghislain,53070,2020-08-31,0,147
Saint-Ghislain,53070,2020-09-01,0,147
Saint-Ghislain,53070,2020-09-02,0,147
Saint-Ghislain,53070,2020-09-03,0,147
Saint-Ghislain,53070,2020-09-04,0,147
Saint-Ghislain,53070,2020-09-05,1,148
Saint-Ghislain,53070,2020-09-06,0,148
Saint-Ghislain,53070,2020-09-07,2,150
Saint-Ghislain,53070,2020-09-08,0,150
Saint-Ghislain,53070,2020-09-09,1,151
Saint-Ghislain,53070,2020-09-10,0,151
Saint-Ghislain,53070,2020-09-11,0,151
Saint-Ghislain,53070,2020-09-12,1,152
Saint-Ghislain,53070,2020-09-13,1,153
Saint-Ghislain,53070,2020-09-14,0,153
Saint-Ghislain,53070,2020-09-15,2,155
Saint-Ghislain,53070,2020-09-16,0,155
Saint-Ghislain,53070,2020-09-17,3,158
Saint-Ghislain,53070,2020-09-18,2,160
Saint-Ghislain,53070,2020-09-19,1,161
Saint-Ghislain,53070,2020-09-20,0,161
Saint-Ghislain,53070,2020-09-21,0,161
Saint-Ghislain,53070,2020-09-22,2,163
Saint-Ghislain,53070,2020-09-23,1,164
Saint-Ghislain,53070,2020-09-24,2,166
Saint-Ghislain,53070,2020-09-25,2,168
Saint-Ghislain,53070,2020-09-26,1,169
Saint-Ghislain,53070,2020-09-27,2,171
Saint-Ghislain,53070,2020-09-28,0,171
Saint-Ghislain,53070,2020-09-29,3,174
Saint-Ghislain,53070,2020-09-30,2,176
Saint-Ghislain,53070,2020-10-01,0,176
Saint-Ghislain,53070,2020-10-02,3,179
Saint-Ghislain,53070,2020-10-03,6,185
Saint-Ghislain,53070,2020-10-04,0,185
Saint-Ghislain,53070,2020-10-05,4,189
Saint-Ghislain,53070,2020-10-06,11,200
Saint-Ghislain,53070,2020-10-07,2,202
Saint-Ghislain,53070,2020-10-08,2,204
Saint-Ghislain,53070,2020-10-09,15,219
Saint-Ghislain,53070,2020-10-10,12,231
Saint-Ghislain,53070,2020-10-11,14,245
Saint-Ghislain,53070,2020-10-12,11,256
Saint-Ghislain,53070,2020-10-13,21,277
Saint-Ghislain,53070,2020-10-14,9,286
Saint-Ghislain,53070,2020-10-15,10,296
Saint-Ghislain,53070,2020-10-16,19,315
Saint-Ghislain,53070,2020-10-17,16,331
Saint-Ghislain,53070,2020-10-18,46,377
Saint-Ghislain,53070,2020-10-19,30,407
Saint-Ghislain,53070,2020-10-20,36,443
Saint-Ghislain,53070,2020-10-21,19,462
Saint-Ghislain,53070,2020-10-22,57,519
Saint-Ghislain,53070,2020-10-23,46,565
Saint-Ghislain,53070,2020-10-24,44,609
Saint-Ghislain,53070,2020-10-25,46,655
Saint-Ghislain,53070,2020-10-26,44,699
Saint-Ghislain,53070,2020-10-27,51,750
Saint-Ghislain,53070,2020-10-28,33,783
Saint-Ghislain,53070,2020-10-29,53,836
Saint-Ghislain,53070,2020-10-30,103,939
Saint-Ghislain,53070,2020-10-31,65,1004
Saint-Ghislain,53070,2020-11-01,52,1056
Saint-Ghislain,53070,2020-11-02,42,1098
Saint-Ghislain,53070,2020-11-03,24,1122
Saint-Ghislain,53070,2020-11-04,11,1133
Saint-Ghislain,53070,2020-11-05,35,1168
Saint-Ghislain,53070,2020-11-06,50,1218
Saint-Ghislain,53070,2020-11-07,23,1241
Saint-Ghislain,53070,2020-11-08,10,1251
Saint-Ghislain,53070,2020-11-09,28,1279
Saint-Ghislain,53070,2020-11-10,17,1296
Saint-Ghislain,53070,2020-11-11,16,1312
Colfontaine,53082,2020-04-01,2,56
Colfontaine,53082,2020-04-02,3,59
Colfontaine,53082,2020-04-03,5,64
Colfontaine,53082,2020-04-04,2,66
Colfontaine,53082,2020-04-05,4,70
Colfontaine,53082,2020-04-06,1,71
Colfontaine,53082,2020-04-07,1,72
Colfontaine,53082,2020-04-08,5,77
Colfontaine,53082,2020-04-09,0,77
Colfontaine,53082,2020-04-10,0,77
Colfontaine,53082,2020-04-11,1,78
Colfontaine,53082,2020-04-12,2,80
Colfontaine,53082,2020-04-13,0,80
Colfontaine,53082,2020-04-14,0,80
Colfontaine,53082,2020-04-15,2,82
Colfontaine,53082,2020-04-16,0,82
Colfontaine,53082,2020-04-17,2,84
Colfontaine,53082,2020-04-18,0,84
Colfontaine,53082,2020-04-19,5,89
Colfontaine,53082,2020-04-20,3,92
Colfontaine,53082,2020-04-21,6,98
Colfontaine,53082,2020-04-22,1,99
Colfontaine,53082,2020-04-23,1,100
Colfontaine,53082,2020-04-24,1,101
Colfontaine,53082,2020-04-25,0,101
Colfontaine,53082,2020-04-26,2,103
Colfontaine,53082,2020-04-27,0,103
Colfontaine,53082,2020-04-28,3,106
Colfontaine,53082,2020-04-29,2,108
Colfontaine,53082,2020-04-30,2,110
Colfontaine,53082,2020-05-01,2,112
Colfontaine,53082,2020-05-02,1,113
Colfontaine,53082,2020-05-03,1,114
Colfontaine,53082,2020-05-04,4,118
Colfontaine,53082,2020-05-05,0,118
Colfontaine,53082,2020-05-06,0,118
Colfontaine,53082,2020-05-07,0,118
Colfontaine,53082,2020-05-08,0,118
Colfontaine,53082,2020-05-09,2,120
Colfontaine,53082,2020-05-10,0,120
Colfontaine,53082,2020-05-11,1,121
Colfontaine,53082,2020-05-12,0,121
Colfontaine,53082,2020-05-13,1,122
Colfontaine,53082,2020-05-14,0,122
Colfontaine,53082,2020-05-15,0,122
Colfontaine,53082,2020-05-16,0,122
Colfontaine,53082,2020-05-17,1,123
Colfontaine,53082,2020-05-18,2,125
Colfontaine,53082,2020-05-19,0,125
Colfontaine,53082,2020-05-20,1,126
Colfontaine,53082,2020-05-21,1,127
Colfontaine,53082,2020-05-22,0,127
Colfontaine,53082,2020-05-23,0,127
Colfontaine,53082,2020-05-24,0,127
Colfontaine,53082,2020-05-25,0,127
Colfontaine,53082,2020-05-26,2,129
Colfontaine,53082,2020-05-27,0,129
Colfontaine,53082,2020-05-28,0,129
Colfontaine,53082,2020-05-29,0,129
Colfontaine,53082,2020-05-30,0,129
Colfontaine,53082,2020-05-31,0,129
Colfontaine,53082,2020-06-01,0,129
Colfontaine,53082,2020-06-02,0,129
Colfontaine,53082,2020-06-03,0,129
Colfontaine,53082,2020-06-04,0,129
Colfontaine,53082,2020-06-05,0,129
Colfontaine,53082,2020-06-06,0,129
Colfontaine,53082,2020-06-07,0,129
Colfontaine,53082,2020-06-08,0,129
Colfontaine,53082,2020-06-09,0,129
Colfontaine,53082,2020-06-10,0,129
Colfontaine,53082,2020-06-11,0,129
Colfontaine,53082,2020-06-12,0,129
Colfontaine,53082,2020-06-13,0,129
Colfontaine,53082,2020-06-14,0,129
Colfontaine,53082,2020-06-15,0,129
Colfontaine,53082,2020-06-16,0,129
Colfontaine,53082,2020-06-17,0,129
Colfontaine,53082,2020-06-18,0,129
Colfontaine,53082,2020-06-19,0,129
Colfontaine,53082,2020-06-20,0,129
Colfontaine,53082,2020-06-23,0,129
Colfontaine,53082,2020-06-24,0,129
Colfontaine,53082,2020-06-25,0,129
Colfontaine,53082,2020-06-26,0,129
Colfontaine,53082,2020-06-27,0,129
Colfontaine,53082,2020-06-30,0,129
Colfontaine,53082,2020-07-01,0,129
Colfontaine,53082,2020-07-02,0,129
Colfontaine,53082,2020-07-03,0,129
Colfontaine,53082,2020-07-04,0,129
Colfontaine,53082,2020-07-07,0,129
Colfontaine,53082,2020-07-08,0,129
Colfontaine,53082,2020-07-09,0,129
Colfontaine,53082,2020-07-10,0,129
Colfontaine,53082,2020-07-11,0,129
Colfontaine,53082,2020-07-14,0,129
Colfontaine,53082,2020-07-15,0,129
Colfontaine,53082,2020-07-16,1,130
Colfontaine,53082,2020-07-17,1,131
Colfontaine,53082,2020-07-18,0,131
Colfontaine,53082,2020-07-20,0,131
Colfontaine,53082,2020-07-21,0,131
Colfontaine,53082,2020-07-22,0,131
Colfontaine,53082,2020-07-23,1,132
Colfontaine,53082,2020-07-24,0,132
Colfontaine,53082,2020-07-25,0,132
Colfontaine,53082,2020-07-26,0,132
Colfontaine,53082,2020-07-27,0,132
Colfontaine,53082,2020-07-28,0,132
Colfontaine,53082,2020-07-29,0,132
Colfontaine,53082,2020-07-30,0,132
Colfontaine,53082,2020-07-31,0,132
Colfontaine,53082,2020-08-01,0,132
Colfontaine,53082,2020-08-02,1,133
Colfontaine,53082,2020-08-03,1,134
Colfontaine,53082,2020-08-04,0,134
Colfontaine,53082,2020-08-05,0,134
Colfontaine,53082,2020-08-06,3,137
Colfontaine,53082,2020-08-07,4,141
Colfontaine,53082,2020-08-08,0,141
Colfontaine,53082,2020-08-09,3,144
Colfontaine,53082,2020-08-10,1,145
Colfontaine,53082,2020-08-11,0,145
Colfontaine,53082,2020-08-12,0,145
Colfontaine,53082,2020-08-13,0,145
Colfontaine,53082,2020-08-14,0,145
Colfontaine,53082,2020-08-15,1,146
Colfontaine,53082,2020-08-16,1,147
Colfontaine,53082,2020-08-17,1,148
Colfontaine,53082,2020-08-18,0,148
Colfontaine,53082,2020-08-19,0,148
Colfontaine,53082,2020-08-20,-1,147
Colfontaine,53082,2020-08-21,5,152
Colfontaine,53082,2020-08-22,2,154
Colfontaine,53082,2020-08-23,0,154
Colfontaine,53082,2020-08-24,3,157
Colfontaine,53082,2020-08-25,0,157
Colfontaine,53082,2020-08-26,2,159
Colfontaine,53082,2020-08-27,0,159
Colfontaine,53082,2020-08-28,1,160
Colfontaine,53082,2020-08-29,1,161
Colfontaine,53082,2020-08-30,5,166
Colfontaine,53082,2020-08-31,3,169
Colfontaine,53082,2020-09-01,1,170
Colfontaine,53082,2020-09-02,0,170
Colfontaine,53082,2020-09-03,3,173
Colfontaine,53082,2020-09-04,5,178
Colfontaine,53082,2020-09-05,1,179
Colfontaine,53082,2020-09-06,0,179
Colfontaine,53082,2020-09-07,1,180
Colfontaine,53082,2020-09-08,0,180
Colfontaine,53082,2020-09-09,0,180
Colfontaine,53082,2020-09-10,1,181
Colfontaine,53082,2020-09-11,1,182
Colfontaine,53082,2020-09-12,3,185
Colfontaine,53082,2020-09-13,3,188
Colfontaine,53082,2020-09-14,0,188
Colfontaine,53082,2020-09-15,0,188
Colfontaine,53082,2020-09-16,0,188
Colfontaine,53082,2020-09-17,0,188
Colfontaine,53082,2020-09-18,1,189
Colfontaine,53082,2020-09-19,2,191
Colfontaine,53082,2020-09-20,1,192
Colfontaine,53082,2020-09-21,1,193
Colfontaine,53082,2020-09-22,0,193
Colfontaine,53082,2020-09-23,1,194
Colfontaine,53082,2020-09-24,3,197
Colfontaine,53082,2020-09-25,0,197
Colfontaine,53082,2020-09-26,1,198
Colfontaine,53082,2020-09-27,1,199
Colfontaine,53082,2020-09-28,1,200
Colfontaine,53082,2020-09-29,1,201
Colfontaine,53082,2020-09-30,1,202
Colfontaine,53082,2020-10-01,0,202
Colfontaine,53082,2020-10-02,2,204
Colfontaine,53082,2020-10-03,6,210
Colfontaine,53082,2020-10-04,1,211
Colfontaine,53082,2020-10-05,4,215
Colfontaine,53082,2020-10-06,3,218
Colfontaine,53082,2020-10-07,4,222
Colfontaine,53082,2020-10-08,1,223
Colfontaine,53082,2020-10-09,10,233
Colfontaine,53082,2020-10-10,3,236
Colfontaine,53082,2020-10-11,4,240
Colfontaine,53082,2020-10-12,3,243
Colfontaine,53082,2020-10-13,17,260
Colfontaine,53082,2020-10-14,8,268
Colfontaine,53082,2020-10-15,8,276
Colfontaine,53082,2020-10-16,20,296
Colfontaine,53082,2020-10-17,21,317
Colfontaine,53082,2020-10-18,35,352
Colfontaine,53082,2020-10-19,26,378
Colfontaine,53082,2020-10-20,18,396
Colfontaine,53082,2020-10-21,16,412
Colfontaine,53082,2020-10-22,29,441
Colfontaine,53082,2020-10-23,35,476
Colfontaine,53082,2020-10-24,44,520
Colfontaine,53082,2020-10-25,25,545
Colfontaine,53082,2020-10-26,34,579
Colfontaine,53082,2020-10-27,30,609
Colfontaine,53082,2020-10-28,38,647
Colfontaine,53082,2020-10-29,54,701
Colfontaine,53082,2020-10-30,103,804
Colfontaine,53082,2020-10-31,68,872
Colfontaine,53082,2020-11-01,36,908
Colfontaine,53082,2020-11-02,42,950
Colfontaine,53082,2020-11-03,16,966
Colfontaine,53082,2020-11-04,7,973
Colfontaine,53082,2020-11-05,23,996
Colfontaine,53082,2020-11-06,28,1024
Colfontaine,53082,2020-11-07,16,1040
Colfontaine,53082,2020-11-08,15,1055
Colfontaine,53082,2020-11-09,18,1073
Colfontaine,53082,2020-11-10,26,1099
Colfontaine,53082,2020-11-11,11,1110
Honnelles,53083,2020-04-01,1,13
Honnelles,53083,2020-04-02,1,14
Honnelles,53083,2020-04-03,3,17
Honnelles,53083,2020-04-04,1,18
Honnelles,53083,2020-04-05,0,18
Honnelles,53083,2020-04-06,0,18
Honnelles,53083,2020-04-07,0,18
Honnelles,53083,2020-04-08,0,18
Honnelles,53083,2020-04-09,0,18
Honnelles,53083,2020-04-10,0,18
Honnelles,53083,2020-04-11,0,18
Honnelles,53083,2020-04-12,0,18
Honnelles,53083,2020-04-13,0,18
Honnelles,53083,2020-04-14,0,18
Honnelles,53083,2020-04-15,4,22
Honnelles,53083,2020-04-16,1,23
Honnelles,53083,2020-04-17,0,23
Honnelles,53083,2020-04-18,0,23
Honnelles,53083,2020-04-19,0,23
Honnelles,53083,2020-04-20,2,25
Honnelles,53083,2020-04-21,0,25
Honnelles,53083,2020-04-22,1,26
Honnelles,53083,2020-04-23,1,27
Honnelles,53083,2020-04-24,0,27
Honnelles,53083,2020-04-25,0,27
Honnelles,53083,2020-04-26,0,27
Honnelles,53083,2020-04-27,0,27
Honnelles,53083,2020-04-28,3,30
Honnelles,53083,2020-04-29,0,30
Honnelles,53083,2020-04-30,0,30
Honnelles,53083,2020-05-01,0,30
Honnelles,53083,2020-05-02,0,30
Honnelles,53083,2020-05-03,0,30
Honnelles,53083,2020-05-04,0,30
Honnelles,53083,2020-05-05,0,30
Honnelles,53083,2020-05-06,0,30
Honnelles,53083,2020-05-07,0,30
Honnelles,53083,2020-05-08,0,30
Honnelles,53083,2020-05-09,0,30
Honnelles,53083,2020-05-10,0,30
Honnelles,53083,2020-05-11,0,30
Honnelles,53083,2020-05-12,0,30
Honnelles,53083,2020-05-13,0,30
Honnelles,53083,2020-05-14,0,30
Honnelles,53083,2020-05-15,0,30
Honnelles,53083,2020-05-16,0,30
Honnelles,53083,2020-05-17,0,30
Honnelles,53083,2020-05-18,0,30
Honnelles,53083,2020-05-19,0,30
Honnelles,53083,2020-05-20,0,30
Honnelles,53083,2020-05-21,0,30
Honnelles,53083,2020-05-22,0,30
Honnelles,53083,2020-05-23,0,30
Honnelles,53083,2020-05-24,0,30
Honnelles,53083,2020-05-25,0,30
Honnelles,53083,2020-05-26,0,30
Honnelles,53083,2020-05-27,0,30
Honnelles,53083,2020-05-28,0,30
Honnelles,53083,2020-05-29,0,30
Honnelles,53083,2020-05-30,0,30
Honnelles,53083,2020-05-31,0,30
Honnelles,53083,2020-06-01,0,30
Honnelles,53083,2020-06-02,0,30
Honnelles,53083,2020-06-03,0,30
Honnelles,53083,2020-06-04,0,30
Honnelles,53083,2020-06-05,0,30
Honnelles,53083,2020-06-06,0,30
Honnelles,53083,2020-06-07,0,30
Honnelles,53083,2020-06-08,0,30
Honnelles,53083,2020-06-09,0,30
Honnelles,53083,2020-06-10,0,30
Honnelles,53083,2020-06-11,0,30
Honnelles,53083,2020-06-12,0,30
Honnelles,53083,2020-06-13,0,30
Honnelles,53083,2020-06-14,0,30
Honnelles,53083,2020-06-15,0,30
Honnelles,53083,2020-06-16,0,30
Honnelles,53083,2020-06-17,0,30
Honnelles,53083,2020-06-18,0,30
Honnelles,53083,2020-06-19,0,30
Honnelles,53083,2020-06-20,0,30
Honnelles,53083,2020-06-23,0,30
Honnelles,53083,2020-06-24,0,30
Honnelles,53083,2020-06-25,0,30
Honnelles,53083,2020-06-26,0,30
Honnelles,53083,2020-06-27,0,30
Honnelles,53083,2020-06-30,0,30
Honnelles,53083,2020-07-01,0,30
Honnelles,53083,2020-07-02,0,30
Honnelles,53083,2020-07-03,0,30
Honnelles,53083,2020-07-04,0,30
Honnelles,53083,2020-07-07,0,30
Honnelles,53083,2020-07-08,0,30
Honnelles,53083,2020-07-09,0,30
Honnelles,53083,2020-07-10,0,30
Honnelles,53083,2020-07-11,0,30
Honnelles,53083,2020-07-14,0,30
Honnelles,53083,2020-07-15,0,30
Honnelles,53083,2020-07-16,0,30
Honnelles,53083,2020-07-17,1,31
Honnelles,53083,2020-07-18,0,31
Honnelles,53083,2020-07-20,0,31
Honnelles,53083,2020-07-21,0,31
Honnelles,53083,2020-07-22,0,31
Honnelles,53083,2020-07-23,0,31
Honnelles,53083,2020-07-24,0,31
Honnelles,53083,2020-07-25,0,31
Honnelles,53083,2020-07-26,0,31
Honnelles,53083,2020-07-27,0,31
Honnelles,53083,2020-07-28,0,31
Honnelles,53083,2020-07-29,0,31
Honnelles,53083,2020-07-30,0,31
Honnelles,53083,2020-07-31,0,31
Honnelles,53083,2020-08-01,0,31
Honnelles,53083,2020-08-02,0,31
Honnelles,53083,2020-08-03,0,31
Honnelles,53083,2020-08-04,0,31
Honnelles,53083,2020-08-05,0,31
Honnelles,53083,2020-08-06,0,31
Honnelles,53083,2020-08-07,0,31
Honnelles,53083,2020-08-08,0,31
Honnelles,53083,2020-08-09,0,31
Honnelles,53083,2020-08-10,0,31
Honnelles,53083,2020-08-11,0,31
Honnelles,53083,2020-08-12,0,31
Honnelles,53083,2020-08-13,0,31
Honnelles,53083,2020-08-14,0,31
Honnelles,53083,2020-08-15,0,31
Honnelles,53083,2020-08-16,0,31
Honnelles,53083,2020-08-17,0,31
Honnelles,53083,2020-08-18,0,31
Honnelles,53083,2020-08-19,0,31
Honnelles,53083,2020-08-20,0,31
Honnelles,53083,2020-08-21,0,31
Honnelles,53083,2020-08-22,0,31
Honnelles,53083,2020-08-23,0,31
Honnelles,53083,2020-08-24,0,31
Honnelles,53083,2020-08-25,0,31
Honnelles,53083,2020-08-26,0,31
Honnelles,53083,2020-08-27,0,31
Honnelles,53083,2020-08-28,0,31
Honnelles,53083,2020-08-29,0,31
Honnelles,53083,2020-08-30,0,31
Honnelles,53083,2020-08-31,0,31
Honnelles,53083,2020-09-01,0,31
Honnelles,53083,2020-09-02,0,31
Honnelles,53083,2020-09-03,0,31
Honnelles,53083,2020-09-04,0,31
Honnelles,53083,2020-09-05,0,31
Honnelles,53083,2020-09-06,0,31
Honnelles,53083,2020-09-07,0,31
Honnelles,53083,2020-09-08,1,32
Honnelles,53083,2020-09-09,0,32
Honnelles,53083,2020-09-10,0,32
Honnelles,53083,2020-09-11,0,32
Honnelles,53083,2020-09-12,1,33
Honnelles,53083,2020-09-13,2,35
Honnelles,53083,2020-09-14,0,35
Honnelles,53083,2020-09-15,0,35
Honnelles,53083,2020-09-16,0,35
Honnelles,53083,2020-09-17,1,36
Honnelles,53083,2020-09-18,0,36
Honnelles,53083,2020-09-19,1,37
Honnelles,53083,2020-09-20,0,37
Honnelles,53083,2020-09-21,0,37
Honnelles,53083,2020-09-22,0,37
Honnelles,53083,2020-09-23,0,37
Honnelles,53083,2020-09-24,0,37
Honnelles,53083,2020-09-25,0,37
Honnelles,53083,2020-09-26,0,37
Honnelles,53083,2020-09-27,0,37
Honnelles,53083,2020-09-28,0,37
Honnelles,53083,2020-09-29,0,37
Honnelles,53083,2020-09-30,0,37
Honnelles,53083,2020-10-01,0,37
Honnelles,53083,2020-10-02,1,38
Honnelles,53083,2020-10-03,0,38
Honnelles,53083,2020-10-04,3,41
Honnelles,53083,2020-10-05,1,42
Honnelles,53083,2020-10-06,1,43
Honnelles,53083,2020-10-07,1,44
Honnelles,53083,2020-10-08,0,44
Honnelles,53083,2020-10-09,3,47
Honnelles,53083,2020-10-10,3,50
Honnelles,53083,2020-10-11,5,55
Honnelles,53083,2020-10-12,5,60
Honnelles,53083,2020-10-13,12,72
Honnelles,53083,2020-10-14,0,72
Honnelles,53083,2020-10-15,2,74
Honnelles,53083,2020-10-16,9,83
Honnelles,53083,2020-10-17,2,85
Honnelles,53083,2020-10-18,3,88
Honnelles,53083,2020-10-19,9,97
Honnelles,53083,2020-10-20,4,101
Honnelles,53083,2020-10-21,3,104
Honnelles,53083,2020-10-22,6,110
Honnelles,53083,2020-10-23,6,116
Honnelles,53083,2020-10-24,12,128
Honnelles,53083,2020-10-25,7,135
Honnelles,53083,2020-10-26,6,141
Honnelles,53083,2020-10-27,8,149
Honnelles,53083,2020-10-28,6,155
Honnelles,53083,2020-10-29,18,173
Honnelles,53083,2020-10-30,23,196
Honnelles,53083,2020-10-31,12,208
Honnelles,53083,2020-11-01,12,220
Honnelles,53083,2020-11-02,12,232
Honnelles,53083,2020-11-03,2,234
Honnelles,53083,2020-11-04,0,234
Honnelles,53083,2020-11-05,12,246
Honnelles,53083,2020-11-06,11,257
Honnelles,53083,2020-11-07,1,258
Honnelles,53083,2020-11-08,2,260
Honnelles,53083,2020-11-09,1,261
Honnelles,53083,2020-11-10,0,261
Honnelles,53083,2020-11-11,3,264
Quévy,53084,2020-04-01,3,31
Quévy,53084,2020-04-02,2,33
Quévy,53084,2020-04-03,1,34
Quévy,53084,2020-04-04,1,35
Quévy,53084,2020-04-05,1,36
Quévy,53084,2020-04-06,0,36
Quévy,53084,2020-04-07,0,36
Quévy,53084,2020-04-08,3,39
Quévy,53084,2020-04-09,1,40
Quévy,53084,2020-04-10,1,41
Quévy,53084,2020-04-11,0,41
Quévy,53084,2020-04-12,0,41
Quévy,53084,2020-04-13,0,41
Quévy,53084,2020-04-14,0,41
Quévy,53084,2020-04-15,1,42
Quévy,53084,2020-04-16,0,42
Quévy,53084,2020-04-17,1,43
Quévy,53084,2020-04-18,0,43
Quévy,53084,2020-04-19,1,44
Quévy,53084,2020-04-20,5,49
Quévy,53084,2020-04-21,0,49
Quévy,53084,2020-04-22,1,50
Quévy,53084,2020-04-23,0,50
Quévy,53084,2020-04-24,0,50
Quévy,53084,2020-04-25,1,51
Quévy,53084,2020-04-26,1,52
Quévy,53084,2020-04-27,0,52
Quévy,53084,2020-04-28,2,54
Quévy,53084,2020-04-29,1,55
Quévy,53084,2020-04-30,0,55
Quévy,53084,2020-05-01,1,56
Quévy,53084,2020-05-02,0,56
Quévy,53084,2020-05-03,0,56
Quévy,53084,2020-05-04,0,56
Quévy,53084,2020-05-05,0,56
Quévy,53084,2020-05-06,0,56
Quévy,53084,2020-05-07,0,56
Quévy,53084,2020-05-08,0,56
Quévy,53084,2020-05-09,0,56
Quévy,53084,2020-05-10,0,56
Quévy,53084,2020-05-11,3,59
Quévy,53084,2020-05-12,0,59
Quévy,53084,2020-05-13,0,59
Quévy,53084,2020-05-14,0,59
Quévy,53084,2020-05-15,1,60
Quévy,53084,2020-05-16,0,60
Quévy,53084,2020-05-17,1,61
Quévy,53084,2020-05-18,0,61
Quévy,53084,2020-05-19,0,61
Quévy,53084,2020-05-20,0,61
Quévy,53084,2020-05-21,0,61
Quévy,53084,2020-05-22,0,61
Quévy,53084,2020-05-23,0,61
Quévy,53084,2020-05-24,0,61
Quévy,53084,2020-05-25,0,61
Quévy,53084,2020-05-26,2,63
Quévy,53084,2020-05-27,0,63
Quévy,53084,2020-05-28,0,63
Quévy,53084,2020-05-29,0,63
Quévy,53084,2020-05-30,0,63
Quévy,53084,2020-05-31,0,63
Quévy,53084,2020-06-01,0,63
Quévy,53084,2020-06-02,0,63
Quévy,53084,2020-06-03,0,63
Quévy,53084,2020-06-04,0,63
Quévy,53084,2020-06-05,0,63
Quévy,53084,2020-06-06,0,63
Quévy,53084,2020-06-07,0,63
Quévy,53084,2020-06-08,0,63
Quévy,53084,2020-06-09,0,63
Quévy,53084,2020-06-10,0,63
Quévy,53084,2020-06-11,0,63
Quévy,53084,2020-06-12,0,63
Quévy,53084,2020-06-13,0,63
Quévy,53084,2020-06-14,0,63
Quévy,53084,2020-06-15,0,63
Quévy,53084,2020-06-16,0,63
Quévy,53084,2020-06-17,0,63
Quévy,53084,2020-06-18,0,63
Quévy,53084,2020-06-19,0,63
Quévy,53084,2020-06-20,0,63
Quévy,53084,2020-06-23,0,63
Quévy,53084,2020-06-24,0,63
Quévy,53084,2020-06-25,0,63
Quévy,53084,2020-06-26,0,63
Quévy,53084,2020-06-27,0,63
Quévy,53084,2020-06-30,0,63
Quévy,53084,2020-07-01,0,63
Quévy,53084,2020-07-02,0,63
Quévy,53084,2020-07-03,0,63
Quévy,53084,2020-07-04,0,63
Quévy,53084,2020-07-07,0,63
Quévy,53084,2020-07-08,0,63
Quévy,53084,2020-07-09,0,63
Quévy,53084,2020-07-10,0,63
Quévy,53084,2020-07-11,0,63
Quévy,53084,2020-07-14,0,63
Quévy,53084,2020-07-15,0,63
Quévy,53084,2020-07-16,2,65
Quévy,53084,2020-07-17,0,65
Quévy,53084,2020-07-18,0,65
Quévy,53084,2020-07-20,1,66
Quévy,53084,2020-07-21,0,66
Quévy,53084,2020-07-22,0,66
Quévy,53084,2020-07-23,0,66
Quévy,53084,2020-07-24,0,66
Quévy,53084,2020-07-25,0,66
Quévy,53084,2020-07-26,0,66
Quévy,53084,2020-07-27,1,67
Quévy,53084,2020-07-28,0,67
Quévy,53084,2020-07-29,0,67
Quévy,53084,2020-07-30,0,67
Quévy,53084,2020-07-31,0,67
Quévy,53084,2020-08-01,1,68
Quévy,53084,2020-08-02,0,68
Quévy,53084,2020-08-03,0,68
Quévy,53084,2020-08-04,0,68
Quévy,53084,2020-08-05,0,68
Quévy,53084,2020-08-06,0,68
Quévy,53084,2020-08-07,2,70
Quévy,53084,2020-08-08,0,70
Quévy,53084,2020-08-09,0,70
Quévy,53084,2020-08-10,0,70
Quévy,53084,2020-08-11,0,70
Quévy,53084,2020-08-12,0,70
Quévy,53084,2020-08-13,0,70
Quévy,53084,2020-08-14,1,71
Quévy,53084,2020-08-15,0,71
Quévy,53084,2020-08-16,0,71
Quévy,53084,2020-08-17,0,71
Quévy,53084,2020-08-18,2,73
Quévy,53084,2020-08-19,0,73
Quévy,53084,2020-08-20,0,73
Quévy,53084,2020-08-21,0,73
Quévy,53084,2020-08-22,0,73
Quévy,53084,2020-08-23,0,73
Quévy,53084,2020-08-24,0,73
Quévy,53084,2020-08-25,0,73
Quévy,53084,2020-08-26,0,73
Quévy,53084,2020-08-27,0,73
Quévy,53084,2020-08-28,0,73
Quévy,53084,2020-08-29,0,73
Quévy,53084,2020-08-30,0,73
Quévy,53084,2020-08-31,0,73
Quévy,53084,2020-09-01,0,73
Quévy,53084,2020-09-02,0,73
Quévy,53084,2020-09-03,1,74
Quévy,53084,2020-09-04,0,74
Quévy,53084,2020-09-05,0,74
Quévy,53084,2020-09-06,0,74
Quévy,53084,2020-09-07,1,75
Quévy,53084,2020-09-08,0,75
Quévy,53084,2020-09-09,0,75
Quévy,53084,2020-09-10,0,75
Quévy,53084,2020-09-11,0,75
Quévy,53084,2020-09-12,0,75
Quévy,53084,2020-09-13,0,75
Quévy,53084,2020-09-14,0,75
Quévy,53084,2020-09-15,0,75
Quévy,53084,2020-09-16,0,75
Quévy,53084,2020-09-17,1,76
Quévy,53084,2020-09-18,3,79
Quévy,53084,2020-09-19,1,80
Quévy,53084,2020-09-20,0,80
Quévy,53084,2020-09-21,0,80
Quévy,53084,2020-09-22,0,80
Quévy,53084,2020-09-23,2,82
Quévy,53084,2020-09-24,0,82
Quévy,53084,2020-09-25,0,82
Quévy,53084,2020-09-26,0,82
Quévy,53084,2020-09-27,0,82
Quévy,53084,2020-09-28,0,82
Quévy,53084,2020-09-29,2,84
Quévy,53084,2020-09-30,2,86
Quévy,53084,2020-10-01,0,86
Quévy,53084,2020-10-02,3,89
Quévy,53084,2020-10-03,2,91
Quévy,53084,2020-10-04,1,92
Quévy,53084,2020-10-05,1,93
Quévy,53084,2020-10-06,6,99
Quévy,53084,2020-10-07,0,99
Quévy,53084,2020-10-08,3,102
Quévy,53084,2020-10-09,3,105
Quévy,53084,2020-10-10,5,110
Quévy,53084,2020-10-11,6,116
Quévy,53084,2020-10-12,7,123
Quévy,53084,2020-10-13,6,129
Quévy,53084,2020-10-14,5,134
Quévy,53084,2020-10-15,6,140
Quévy,53084,2020-10-16,13,153
Quévy,53084,2020-10-17,10,163
Quévy,53084,2020-10-18,24,187
Quévy,53084,2020-10-19,10,197
Quévy,53084,2020-10-20,16,213
Quévy,53084,2020-10-21,11,224
Quévy,53084,2020-10-22,17,241
Quévy,53084,2020-10-23,8,249
Quévy,53084,2020-10-24,21,270
Quévy,53084,2020-10-25,22,292
Quévy,53084,2020-10-26,12,304
Quévy,53084,2020-10-27,22,326
Quévy,53084,2020-10-28,4,330
Quévy,53084,2020-10-29,27,357
Quévy,53084,2020-10-30,24,381
Quévy,53084,2020-10-31,28,409
Quévy,53084,2020-11-01,25,434
Quévy,53084,2020-11-02,11,445
Quévy,53084,2020-11-03,1,446
Quévy,53084,2020-11-04,2,448
Quévy,53084,2020-11-05,17,465
Quévy,53084,2020-11-06,12,477
Quévy,53084,2020-11-07,9,486
Quévy,53084,2020-11-08,5,491
Quévy,53084,2020-11-09,9,500
Quévy,53084,2020-11-10,5,505
Quévy,53084,2020-11-11,4,509
’s Gravenbrakel,55004,2020-04-01,4,15
’s Gravenbrakel,55004,2020-04-02,2,17
’s Gravenbrakel,55004,2020-04-03,1,18
’s Gravenbrakel,55004,2020-04-04,1,19
’s Gravenbrakel,55004,2020-04-05,2,21
’s Gravenbrakel,55004,2020-04-06,1,22
’s Gravenbrakel,55004,2020-04-07,0,22
’s Gravenbrakel,55004,2020-04-08,3,25
’s Gravenbrakel,55004,2020-04-09,0,25
’s Gravenbrakel,55004,2020-04-10,2,27
’s Gravenbrakel,55004,2020-04-11,4,31
’s Gravenbrakel,55004,2020-04-12,0,31
’s Gravenbrakel,55004,2020-04-13,2,33
’s Gravenbrakel,55004,2020-04-14,0,33
’s Gravenbrakel,55004,2020-04-15,1,34
’s Gravenbrakel,55004,2020-04-16,1,35
’s Gravenbrakel,55004,2020-04-17,4,39
’s Gravenbrakel,55004,2020-04-18,0,39
’s Gravenbrakel,55004,2020-04-19,0,39
’s Gravenbrakel,55004,2020-04-20,0,39
’s Gravenbrakel,55004,2020-04-21,0,39
’s Gravenbrakel,55004,2020-04-22,2,41
’s Gravenbrakel,55004,2020-04-23,0,41
’s Gravenbrakel,55004,2020-04-24,3,44
’s Gravenbrakel,55004,2020-04-25,0,44
’s Gravenbrakel,55004,2020-04-26,0,44
’s Gravenbrakel,55004,2020-04-27,1,45
’s Gravenbrakel,55004,2020-04-28,0,45
’s Gravenbrakel,55004,2020-04-29,3,48
’s Gravenbrakel,55004,2020-04-30,0,48
’s Gravenbrakel,55004,2020-05-01,0,48
’s Gravenbrakel,55004,2020-05-02,1,49
’s Gravenbrakel,55004,2020-05-03,0,49
’s Gravenbrakel,55004,2020-05-04,1,50
’s Gravenbrakel,55004,2020-05-05,0,50
’s Gravenbrakel,55004,2020-05-06,0,50
’s Gravenbrakel,55004,2020-05-07,1,51
’s Gravenbrakel,55004,2020-05-08,0,51
’s Gravenbrakel,55004,2020-05-09,1,52
’s Gravenbrakel,55004,2020-05-10,0,52
’s Gravenbrakel,55004,2020-05-11,0,52
’s Gravenbrakel,55004,2020-05-12,0,52
’s Gravenbrakel,55004,2020-05-13,0,52
’s Gravenbrakel,55004,2020-05-14,0,52
’s Gravenbrakel,55004,2020-05-15,1,53
’s Gravenbrakel,55004,2020-05-16,0,53
’s Gravenbrakel,55004,2020-05-17,0,53
’s Gravenbrakel,55004,2020-05-18,0,53
’s Gravenbrakel,55004,2020-05-19,2,55
’s Gravenbrakel,55004,2020-05-20,0,55
’s Gravenbrakel,55004,2020-05-21,1,56
’s Gravenbrakel,55004,2020-05-22,1,57
’s Gravenbrakel,55004,2020-05-23,0,57
’s Gravenbrakel,55004,2020-05-24,0,57
’s Gravenbrakel,55004,2020-05-25,0,57
’s Gravenbrakel,55004,2020-05-26,0,57
’s Gravenbrakel,55004,2020-05-27,0,57
’s Gravenbrakel,55004,2020-05-28,0,57
’s Gravenbrakel,55004,2020-05-29,0,57
’s Gravenbrakel,55004,2020-05-30,0,57
’s Gravenbrakel,55004,2020-05-31,0,57
’s Gravenbrakel,55004,2020-06-01,0,57
’s Gravenbrakel,55004,2020-06-02,1,58
’s Gravenbrakel,55004,2020-06-03,2,60
’s Gravenbrakel,55004,2020-06-04,0,60
’s Gravenbrakel,55004,2020-06-05,0,60
’s Gravenbrakel,55004,2020-06-06,0,60
’s Gravenbrakel,55004,2020-06-07,0,60
’s Gravenbrakel,55004,2020-06-08,0,60
’s Gravenbrakel,55004,2020-06-09,0,60
’s Gravenbrakel,55004,2020-06-10,0,60
’s Gravenbrakel,55004,2020-06-11,0,60
’s Gravenbrakel,55004,2020-06-12,0,60
’s Gravenbrakel,55004,2020-06-13,0,60
’s Gravenbrakel,55004,2020-06-14,0,60
’s Gravenbrakel,55004,2020-06-15,0,60
’s Gravenbrakel,55004,2020-06-16,0,60
’s Gravenbrakel,55004,2020-06-17,1,61
’s Gravenbrakel,55004,2020-06-18,3,64
’s Gravenbrakel,55004,2020-06-19,0,64
’s Gravenbrakel,55004,2020-06-20,1,65
’s Gravenbrakel,55004,2020-06-23,1,66
’s Gravenbrakel,55004,2020-06-24,0,66
’s Gravenbrakel,55004,2020-06-25,0,66
’s Gravenbrakel,55004,2020-06-26,0,66
’s Gravenbrakel,55004,2020-06-27,0,66
’s Gravenbrakel,55004,2020-06-30,0,66
’s Gravenbrakel,55004,2020-07-01,0,66
’s Gravenbrakel,55004,2020-07-02,0,66
’s Gravenbrakel,55004,2020-07-03,0,66
’s Gravenbrakel,55004,2020-07-04,0,66
’s Gravenbrakel,55004,2020-07-07,1,67
’s Gravenbrakel,55004,2020-07-08,0,67
’s Gravenbrakel,55004,2020-07-09,0,67
’s Gravenbrakel,55004,2020-07-10,0,67
’s Gravenbrakel,55004,2020-07-11,0,67
’s Gravenbrakel,55004,2020-07-14,2,69
’s Gravenbrakel,55004,2020-07-15,0,69
’s Gravenbrakel,55004,2020-07-16,0,69
’s Gravenbrakel,55004,2020-07-17,0,69
’s Gravenbrakel,55004,2020-07-18,0,69
’s Gravenbrakel,55004,2020-07-20,0,69
’s Gravenbrakel,55004,2020-07-21,0,69
’s Gravenbrakel,55004,2020-07-22,0,69
’s Gravenbrakel,55004,2020-07-23,0,69
’s Gravenbrakel,55004,2020-07-24,0,69
’s Gravenbrakel,55004,2020-07-25,1,70
’s Gravenbrakel,55004,2020-07-26,2,72
’s Gravenbrakel,55004,2020-07-27,0,72
’s Gravenbrakel,55004,2020-07-28,3,75
’s Gravenbrakel,55004,2020-07-29,1,76
’s Gravenbrakel,55004,2020-07-30,2,78
’s Gravenbrakel,55004,2020-07-31,1,79
’s Gravenbrakel,55004,2020-08-01,2,81
’s Gravenbrakel,55004,2020-08-02,0,81
’s Gravenbrakel,55004,2020-08-03,2,83
’s Gravenbrakel,55004,2020-08-04,1,84
’s Gravenbrakel,55004,2020-08-05,1,85
’s Gravenbrakel,55004,2020-08-06,0,85
’s Gravenbrakel,55004,2020-08-07,2,87
’s Gravenbrakel,55004,2020-08-08,0,87
’s Gravenbrakel,55004,2020-08-09,0,87
’s Gravenbrakel,55004,2020-08-10,0,87
’s Gravenbrakel,55004,2020-08-11,2,89
’s Gravenbrakel,55004,2020-08-12,0,89
’s Gravenbrakel,55004,2020-08-13,3,92
’s Gravenbrakel,55004,2020-08-14,2,94
’s Gravenbrakel,55004,2020-08-15,0,94
’s Gravenbrakel,55004,2020-08-16,1,95
’s Gravenbrakel,55004,2020-08-17,2,97
’s Gravenbrakel,55004,2020-08-18,0,97
’s Gravenbrakel,55004,2020-08-19,2,99
’s Gravenbrakel,55004,2020-08-20,0,99
’s Gravenbrakel,55004,2020-08-21,1,100
’s Gravenbrakel,55004,2020-08-22,3,103
’s Gravenbrakel,55004,2020-08-23,3,106
’s Gravenbrakel,55004,2020-08-24,1,107
’s Gravenbrakel,55004,2020-08-25,0,107
’s Gravenbrakel,55004,2020-08-26,0,107
’s Gravenbrakel,55004,2020-08-27,1,108
’s Gravenbrakel,55004,2020-08-28,3,111
’s Gravenbrakel,55004,2020-08-29,0,111
’s Gravenbrakel,55004,2020-08-30,2,113
’s Gravenbrakel,55004,2020-08-31,2,115
’s Gravenbrakel,55004,2020-09-01,0,115
’s Gravenbrakel,55004,2020-09-02,0,115
’s Gravenbrakel,55004,2020-09-03,0,115
’s Gravenbrakel,55004,2020-09-04,2,117
’s Gravenbrakel,55004,2020-09-05,1,118
’s Gravenbrakel,55004,2020-09-06,4,122
’s Gravenbrakel,55004,2020-09-07,6,128
’s Gravenbrakel,55004,2020-09-08,1,129
’s Gravenbrakel,55004,2020-09-09,0,129
’s Gravenbrakel,55004,2020-09-10,4,133
’s Gravenbrakel,55004,2020-09-11,1,134
’s Gravenbrakel,55004,2020-09-12,2,136
’s Gravenbrakel,55004,2020-09-13,4,140
’s Gravenbrakel,55004,2020-09-14,14,154
’s Gravenbrakel,55004,2020-09-15,5,159
’s Gravenbrakel,55004,2020-09-16,1,160
’s Gravenbrakel,55004,2020-09-17,5,165
’s Gravenbrakel,55004,2020-09-18,10,175
’s Gravenbrakel,55004,2020-09-19,5,180
’s Gravenbrakel,55004,2020-09-20,6,186
’s Gravenbrakel,55004,2020-09-21,1,187
’s Gravenbrakel,55004,2020-09-22,1,188
’s Gravenbrakel,55004,2020-09-23,3,191
’s Gravenbrakel,55004,2020-09-24,8,199
’s Gravenbrakel,55004,2020-09-25,3,202
’s Gravenbrakel,55004,2020-09-26,6,208
’s Gravenbrakel,55004,2020-09-27,3,211
’s Gravenbrakel,55004,2020-09-28,0,211
’s Gravenbrakel,55004,2020-09-29,2,213
’s Gravenbrakel,55004,2020-09-30,3,216
’s Gravenbrakel,55004,2020-10-01,1,217
’s Gravenbrakel,55004,2020-10-02,8,225
’s Gravenbrakel,55004,2020-10-03,6,231
’s Gravenbrakel,55004,2020-10-04,4,235
’s Gravenbrakel,55004,2020-10-05,7,242
’s Gravenbrakel,55004,2020-10-06,6,248
’s Gravenbrakel,55004,2020-10-07,2,250
’s Gravenbrakel,55004,2020-10-08,2,252
’s Gravenbrakel,55004,2020-10-09,12,264
’s Gravenbrakel,55004,2020-10-10,14,278
’s Gravenbrakel,55004,2020-10-11,34,312
’s Gravenbrakel,55004,2020-10-12,10,322
’s Gravenbrakel,55004,2020-10-13,19,341
’s Gravenbrakel,55004,2020-10-14,17,358
’s Gravenbrakel,55004,2020-10-15,28,386
’s Gravenbrakel,55004,2020-10-16,18,404
’s Gravenbrakel,55004,2020-10-17,41,445
’s Gravenbrakel,55004,2020-10-18,24,469
’s Gravenbrakel,55004,2020-10-19,34,503
’s Gravenbrakel,55004,2020-10-20,17,520
’s Gravenbrakel,55004,2020-10-21,40,560
’s Gravenbrakel,55004,2020-10-22,55,615
’s Gravenbrakel,55004,2020-10-23,35,650
’s Gravenbrakel,55004,2020-10-24,38,688
’s Gravenbrakel,55004,2020-10-25,22,710
’s Gravenbrakel,55004,2020-10-26,39,749
’s Gravenbrakel,55004,2020-10-27,32,781
’s Gravenbrakel,55004,2020-10-28,31,812
’s Gravenbrakel,55004,2020-10-29,57,869
’s Gravenbrakel,55004,2020-10-30,40,909
’s Gravenbrakel,55004,2020-10-31,46,955
’s Gravenbrakel,55004,2020-11-01,27,982
’s Gravenbrakel,55004,2020-11-02,8,990
’s Gravenbrakel,55004,2020-11-03,32,1022
’s Gravenbrakel,55004,2020-11-04,6,1028
’s Gravenbrakel,55004,2020-11-05,20,1048
’s Gravenbrakel,55004,2020-11-06,18,1066
’s Gravenbrakel,55004,2020-11-07,11,1077
’s Gravenbrakel,55004,2020-11-08,8,1085
’s Gravenbrakel,55004,2020-11-09,18,1103
’s Gravenbrakel,55004,2020-11-10,5,1108
’s Gravenbrakel,55004,2020-11-11,9,1117
Le Roeulx,55035,2020-04-01,1,13
Le Roeulx,55035,2020-04-02,0,13
Le Roeulx,55035,2020-04-03,1,14
Le Roeulx,55035,2020-04-04,1,15
Le Roeulx,55035,2020-04-05,1,16
Le Roeulx,55035,2020-04-06,1,17
Le Roeulx,55035,2020-04-07,2,19
Le Roeulx,55035,2020-04-08,5,24
Le Roeulx,55035,2020-04-09,3,27
Le Roeulx,55035,2020-04-10,5,32
Le Roeulx,55035,2020-04-11,1,33
Le Roeulx,55035,2020-04-12,2,35
Le Roeulx,55035,2020-04-13,0,35
Le Roeulx,55035,2020-04-14,1,36
Le Roeulx,55035,2020-04-15,11,47
Le Roeulx,55035,2020-04-16,0,47
Le Roeulx,55035,2020-04-17,3,50
Le Roeulx,55035,2020-04-18,0,50
Le Roeulx,55035,2020-04-19,0,50
Le Roeulx,55035,2020-04-20,0,50
Le Roeulx,55035,2020-04-21,0,50
Le Roeulx,55035,2020-04-22,17,67
Le Roeulx,55035,2020-04-23,0,67
Le Roeulx,55035,2020-04-24,0,67
Le Roeulx,55035,2020-04-25,0,67
Le Roeulx,55035,2020-04-26,0,67
Le Roeulx,55035,2020-04-27,0,67
Le Roeulx,55035,2020-04-28,0,67
Le Roeulx,55035,2020-04-29,0,67
Le Roeulx,55035,2020-04-30,0,67
Le Roeulx,55035,2020-05-01,0,67
Le Roeulx,55035,2020-05-02,0,67
Le Roeulx,55035,2020-05-03,0,67
Le Roeulx,55035,2020-05-04,0,67
Le Roeulx,55035,2020-05-05,0,67
Le Roeulx,55035,2020-05-06,0,67
Le Roeulx,55035,2020-05-07,0,67
Le Roeulx,55035,2020-05-08,0,67
Le Roeulx,55035,2020-05-09,0,67
Le Roeulx,55035,2020-05-10,0,67
Le Roeulx,55035,2020-05-11,0,67
Le Roeulx,55035,2020-05-12,0,67
Le Roeulx,55035,2020-05-13,0,67
Le Roeulx,55035,2020-05-14,0,67
Le Roeulx,55035,2020-05-15,0,67
Le Roeulx,55035,2020-05-16,0,67
Le Roeulx,55035,2020-05-17,1,68
Le Roeulx,55035,2020-05-18,0,68
Le Roeulx,55035,2020-05-19,1,69
Le Roeulx,55035,2020-05-20,0,69
Le Roeulx,55035,2020-05-21,0,69
Le Roeulx,55035,2020-05-22,0,69
Le Roeulx,55035,2020-05-23,1,70
Le Roeulx,55035,2020-05-24,0,70
Le Roeulx,55035,2020-05-25,0,70
Le Roeulx,55035,2020-05-26,0,70
Le Roeulx,55035,2020-05-27,0,70
Le Roeulx,55035,2020-05-28,0,70
Le Roeulx,55035,2020-05-29,0,70
Le Roeulx,55035,2020-05-30,0,70
Le Roeulx,55035,2020-05-31,2,72
Le Roeulx,55035,2020-06-01,0,72
Le Roeulx,55035,2020-06-02,0,72
Le Roeulx,55035,2020-06-03,0,72
Le Roeulx,55035,2020-06-04,0,72
Le Roeulx,55035,2020-06-05,1,73
Le Roeulx,55035,2020-06-06,0,73
Le Roeulx,55035,2020-06-07,0,73
Le Roeulx,55035,2020-06-08,0,73
Le Roeulx,55035,2020-06-09,0,73
Le Roeulx,55035,2020-06-10,0,73
Le Roeulx,55035,2020-06-11,0,73
Le Roeulx,55035,2020-06-12,0,73
Le Roeulx,55035,2020-06-13,0,73
Le Roeulx,55035,2020-06-14,0,73
Le Roeulx,55035,2020-06-15,0,73
Le Roeulx,55035,2020-06-16,0,73
Le Roeulx,55035,2020-06-17,1,74
Le Roeulx,55035,2020-06-18,1,75
Le Roeulx,55035,2020-06-19,0,75
Le Roeulx,55035,2020-06-20,0,75
Le Roeulx,55035,2020-06-23,0,75
Le Roeulx,55035,2020-06-24,1,76
Le Roeulx,55035,2020-06-25,0,76
Le Roeulx,55035,2020-06-26,0,76
Le Roeulx,55035,2020-06-27,0,76
Le Roeulx,55035,2020-06-30,0,76
Le Roeulx,55035,2020-07-01,0,76
Le Roeulx,55035,2020-07-02,0,76
Le Roeulx,55035,2020-07-03,0,76
Le Roeulx,55035,2020-07-04,0,76
Le Roeulx,55035,2020-07-07,0,76
Le Roeulx,55035,2020-07-08,0,76
Le Roeulx,55035,2020-07-09,0,76
Le Roeulx,55035,2020-07-10,0,76
Le Roeulx,55035,2020-07-11,1,77
Le Roeulx,55035,2020-07-14,0,77
Le Roeulx,55035,2020-07-15,0,77
Le Roeulx,55035,2020-07-16,1,78
Le Roeulx,55035,2020-07-17,0,78
Le Roeulx,55035,2020-07-18,0,78
Le Roeulx,55035,2020-07-20,1,79
Le Roeulx,55035,2020-07-21,0,79
Le Roeulx,55035,2020-07-22,0,79
Le Roeulx,55035,2020-07-23,0,79
Le Roeulx,55035,2020-07-24,0,79
Le Roeulx,55035,2020-07-25,1,80
Le Roeulx,55035,2020-07-26,1,81
Le Roeulx,55035,2020-07-27,0,81
Le Roeulx,55035,2020-07-28,0,81
Le Roeulx,55035,2020-07-29,0,81
Le Roeulx,55035,2020-07-30,0,81
Le Roeulx,55035,2020-07-31,0,81
Le Roeulx,55035,2020-08-01,0,81
Le Roeulx,55035,2020-08-02,0,81
Le Roeulx,55035,2020-08-03,0,81
Le Roeulx,55035,2020-08-04,0,81
Le Roeulx,55035,2020-08-05,0,81
Le Roeulx,55035,2020-08-06,2,83
Le Roeulx,55035,2020-08-07,1,84
Le Roeulx,55035,2020-08-08,1,85
Le Roeulx,55035,2020-08-09,1,86
Le Roeulx,55035,2020-08-10,1,87
Le Roeulx,55035,2020-08-11,0,87
Le Roeulx,55035,2020-08-12,0,87
Le Roeulx,55035,2020-08-13,0,87
Le Roeulx,55035,2020-08-14,0,87
Le Roeulx,55035,2020-08-15,0,87
Le Roeulx,55035,2020-08-16,0,87
Le Roeulx,55035,2020-08-17,0,87
Le Roeulx,55035,2020-08-18,1,88
Le Roeulx,55035,2020-08-19,0,88
Le Roeulx,55035,2020-08-20,0,88
Le Roeulx,55035,2020-08-21,0,88
Le Roeulx,55035,2020-08-22,0,88
Le Roeulx,55035,2020-08-23,0,88
Le Roeulx,55035,2020-08-24,0,88
Le Roeulx,55035,2020-08-25,0,88
Le Roeulx,55035,2020-08-26,0,88
Le Roeulx,55035,2020-08-27,0,88
Le Roeulx,55035,2020-08-28,0,88
Le Roeulx,55035,2020-08-29,0,88
Le Roeulx,55035,2020-08-30,0,88
Le Roeulx,55035,2020-08-31,1,89
Le Roeulx,55035,2020-09-01,0,89
Le Roeulx,55035,2020-09-02,0,89
Le Roeulx,55035,2020-09-03,1,90
Le Roeulx,55035,2020-09-04,0,90
Le Roeulx,55035,2020-09-05,0,90
Le Roeulx,55035,2020-09-06,1,91
Le Roeulx,55035,2020-09-07,0,91
Le Roeulx,55035,2020-09-08,2,93
Le Roeulx,55035,2020-09-09,0,93
Le Roeulx,55035,2020-09-10,0,93
Le Roeulx,55035,2020-09-11,0,93
Le Roeulx,55035,2020-09-12,1,94
Le Roeulx,55035,2020-09-13,1,95
Le Roeulx,55035,2020-09-14,0,95
Le Roeulx,55035,2020-09-15,0,95
Le Roeulx,55035,2020-09-16,0,95
Le Roeulx,55035,2020-09-17,2,97
Le Roeulx,55035,2020-09-18,0,97
Le Roeulx,55035,2020-09-19,4,101
Le Roeulx,55035,2020-09-20,0,101
Le Roeulx,55035,2020-09-21,1,102
Le Roeulx,55035,2020-09-22,2,104
Le Roeulx,55035,2020-09-23,1,105
Le Roeulx,55035,2020-09-24,1,106
Le Roeulx,55035,2020-09-25,2,108
Le Roeulx,55035,2020-09-26,2,110
Le Roeulx,55035,2020-09-27,1,111
Le Roeulx,55035,2020-09-28,1,112
Le Roeulx,55035,2020-09-29,2,114
Le Roeulx,55035,2020-09-30,3,117
Le Roeulx,55035,2020-10-01,3,120
Le Roeulx,55035,2020-10-02,2,122
Le Roeulx,55035,2020-10-03,3,125
Le Roeulx,55035,2020-10-04,1,126
Le Roeulx,55035,2020-10-05,6,132
Le Roeulx,55035,2020-10-06,3,135
Le Roeulx,55035,2020-10-07,3,138
Le Roeulx,55035,2020-10-08,4,142
Le Roeulx,55035,2020-10-09,6,148
Le Roeulx,55035,2020-10-10,4,152
Le Roeulx,55035,2020-10-11,10,162
Le Roeulx,55035,2020-10-12,2,164
Le Roeulx,55035,2020-10-13,15,179
Le Roeulx,55035,2020-10-14,5,184
Le Roeulx,55035,2020-10-15,5,189
Le Roeulx,55035,2020-10-16,23,212
Le Roeulx,55035,2020-10-17,15,227
Le Roeulx,55035,2020-10-18,10,237
Le Roeulx,55035,2020-10-19,16,253
Le Roeulx,55035,2020-10-20,15,268
Le Roeulx,55035,2020-10-21,17,285
Le Roeulx,55035,2020-10-22,19,304
Le Roeulx,55035,2020-10-23,20,324
Le Roeulx,55035,2020-10-24,30,354
Le Roeulx,55035,2020-10-25,19,373
Le Roeulx,55035,2020-10-26,22,395
Le Roeulx,55035,2020-10-27,13,408
Le Roeulx,55035,2020-10-28,26,434
Le Roeulx,55035,2020-10-29,32,466
Le Roeulx,55035,2020-10-30,20,486
Le Roeulx,55035,2020-10-31,35,521
Le Roeulx,55035,2020-11-01,17,538
Le Roeulx,55035,2020-11-02,12,550
Le Roeulx,55035,2020-11-03,11,561
Le Roeulx,55035,2020-11-04,7,568
Le Roeulx,55035,2020-11-05,26,594
Le Roeulx,55035,2020-11-06,11,605
Le Roeulx,55035,2020-11-07,7,612
Le Roeulx,55035,2020-11-08,3,615
Le Roeulx,55035,2020-11-09,10,625
Le Roeulx,55035,2020-11-10,0,625
Le Roeulx,55035,2020-11-11,5,630
Zinnik,55040,2020-04-01,5,43
Zinnik,55040,2020-04-02,1,44
Zinnik,55040,2020-04-03,12,56
Zinnik,55040,2020-04-04,2,58
Zinnik,55040,2020-04-05,5,63
Zinnik,55040,2020-04-06,3,66
Zinnik,55040,2020-04-07,2,68
Zinnik,55040,2020-04-08,2,70
Zinnik,55040,2020-04-09,8,78
Zinnik,55040,2020-04-10,6,84
Zinnik,55040,2020-04-11,3,87
Zinnik,55040,2020-04-12,5,92
Zinnik,55040,2020-04-13,5,97
Zinnik,55040,2020-04-14,1,98
Zinnik,55040,2020-04-15,7,105
Zinnik,55040,2020-04-16,3,108
Zinnik,55040,2020-04-17,1,109
Zinnik,55040,2020-04-18,2,111
Zinnik,55040,2020-04-19,10,121
Zinnik,55040,2020-04-20,4,125
Zinnik,55040,2020-04-21,0,125
Zinnik,55040,2020-04-22,1,126
Zinnik,55040,2020-04-23,0,126
Zinnik,55040,2020-04-24,16,142
Zinnik,55040,2020-04-25,11,153
Zinnik,55040,2020-04-26,1,154
Zinnik,55040,2020-04-27,2,156
Zinnik,55040,2020-04-28,0,156
Zinnik,55040,2020-04-29,18,174
Zinnik,55040,2020-04-30,1,175
Zinnik,55040,2020-05-01,0,175
Zinnik,55040,2020-05-02,0,175
Zinnik,55040,2020-05-03,0,175
Zinnik,55040,2020-05-04,1,176
Zinnik,55040,2020-05-05,0,176
Zinnik,55040,2020-05-06,0,176
Zinnik,55040,2020-05-07,0,176
Zinnik,55040,2020-05-08,1,177
Zinnik,55040,2020-05-09,2,179
Zinnik,55040,2020-05-10,1,180
Zinnik,55040,2020-05-11,1,181
Zinnik,55040,2020-05-12,0,181
Zinnik,55040,2020-05-13,0,181
Zinnik,55040,2020-05-14,0,181
Zinnik,55040,2020-05-15,0,181
Zinnik,55040,2020-05-16,1,182
Zinnik,55040,2020-05-17,0,182
Zinnik,55040,2020-05-18,0,182
Zinnik,55040,2020-05-19,0,182
Zinnik,55040,2020-05-20,0,182
Zinnik,55040,2020-05-21,0,182
Zinnik,55040,2020-05-22,1,183
Zinnik,55040,2020-05-23,0,183
Zinnik,55040,2020-05-24,0,183
Zinnik,55040,2020-05-25,0,183
Zinnik,55040,2020-05-26,0,183
Zinnik,55040,2020-05-27,0,183
Zinnik,55040,2020-05-28,1,184
Zinnik,55040,2020-05-29,0,184
Zinnik,55040,2020-05-30,0,184
Zinnik,55040,2020-05-31,1,185
Zinnik,55040,2020-06-01,1,186
Zinnik,55040,2020-06-02,0,186
Zinnik,55040,2020-06-03,0,186
Zinnik,55040,2020-06-04,0,186
Zinnik,55040,2020-06-05,0,186
Zinnik,55040,2020-06-06,0,186
Zinnik,55040,2020-06-07,0,186
Zinnik,55040,2020-06-08,0,186
Zinnik,55040,2020-06-09,0,186
Zinnik,55040,2020-06-10,0,186
Zinnik,55040,2020-06-11,0,186
Zinnik,55040,2020-06-12,0,186
Zinnik,55040,2020-06-13,0,186
Zinnik,55040,2020-06-14,0,186
Zinnik,55040,2020-06-15,0,186
Zinnik,55040,2020-06-16,0,186
Zinnik,55040,2020-06-17,7,193
Zinnik,55040,2020-06-18,-1,192
Zinnik,55040,2020-06-19,0,192
Zinnik,55040,2020-06-20,0,192
Zinnik,55040,2020-06-23,0,192
Zinnik,55040,2020-06-24,0,192
Zinnik,55040,2020-06-25,0,192
Zinnik,55040,2020-06-26,1,193
Zinnik,55040,2020-06-27,0,193
Zinnik,55040,2020-06-30,0,193
Zinnik,55040,2020-07-01,1,194
Zinnik,55040,2020-07-02,0,194
Zinnik,55040,2020-07-03,0,194
Zinnik,55040,2020-07-04,0,194
Zinnik,55040,2020-07-07,0,194
Zinnik,55040,2020-07-08,0,194
Zinnik,55040,2020-07-09,0,194
Zinnik,55040,2020-07-10,0,194
Zinnik,55040,2020-07-11,0,194
Zinnik,55040,2020-07-14,0,194
Zinnik,55040,2020-07-15,0,194
Zinnik,55040,2020-07-16,1,195
Zinnik,55040,2020-07-17,0,195
Zinnik,55040,2020-07-18,1,196
Zinnik,55040,2020-07-20,2,198
Zinnik,55040,2020-07-21,0,198
Zinnik,55040,2020-07-22,0,198
Zinnik,55040,2020-07-23,0,198
Zinnik,55040,2020-07-24,0,198
Zinnik,55040,2020-07-25,1,199
Zinnik,55040,2020-07-26,1,200
Zinnik,55040,2020-07-27,0,200
Zinnik,55040,2020-07-28,0,200
Zinnik,55040,2020-07-29,0,200
Zinnik,55040,2020-07-30,1,201
Zinnik,55040,2020-07-31,1,202
Zinnik,55040,2020-08-01,0,202
Zinnik,55040,2020-08-02,1,203
Zinnik,55040,2020-08-03,0,203
Zinnik,55040,2020-08-04,0,203
Zinnik,55040,2020-08-05,0,203
Zinnik,55040,2020-08-06,1,204
Zinnik,55040,2020-08-07,4,208
Zinnik,55040,2020-08-08,0,208
Zinnik,55040,2020-08-09,0,208
Zinnik,55040,2020-08-10,0,208
Zinnik,55040,2020-08-11,0,208
Zinnik,55040,2020-08-12,0,208
Zinnik,55040,2020-08-13,0,208
Zinnik,55040,2020-08-14,1,209
Zinnik,55040,2020-08-15,1,210
Zinnik,55040,2020-08-16,1,211
Zinnik,55040,2020-08-17,1,212
Zinnik,55040,2020-08-18,0,212
Zinnik,55040,2020-08-19,0,212
Zinnik,55040,2020-08-20,2,214
Zinnik,55040,2020-08-21,1,215
Zinnik,55040,2020-08-22,4,219
Zinnik,55040,2020-08-23,0,219
Zinnik,55040,2020-08-24,0,219
Zinnik,55040,2020-08-25,0,219
Zinnik,55040,2020-08-26,0,219
Zinnik,55040,2020-08-27,2,221
Zinnik,55040,2020-08-28,0,221
Zinnik,55040,2020-08-29,1,222
Zinnik,55040,2020-08-30,0,222
Zinnik,55040,2020-08-31,4,226
Zinnik,55040,2020-09-01,0,226
Zinnik,55040,2020-09-02,0,226
Zinnik,55040,2020-09-03,1,227
Zinnik,55040,2020-09-04,2,229
Zinnik,55040,2020-09-05,2,231
Zinnik,55040,2020-09-06,0,231
Zinnik,55040,2020-09-07,2,233
Zinnik,55040,2020-09-08,0,233
Zinnik,55040,2020-09-09,0,233
Zinnik,55040,2020-09-10,1,234
Zinnik,55040,2020-09-11,2,236
Zinnik,55040,2020-09-12,0,236
Zinnik,55040,2020-09-13,3,239
Zinnik,55040,2020-09-14,4,243
Zinnik,55040,2020-09-15,7,250
Zinnik,55040,2020-09-16,1,251
Zinnik,55040,2020-09-17,5,256
Zinnik,55040,2020-09-18,5,261
Zinnik,55040,2020-09-19,2,263
Zinnik,55040,2020-09-20,6,269
Zinnik,55040,2020-09-21,0,269
Zinnik,55040,2020-09-22,6,275
Zinnik,55040,2020-09-23,16,291
Zinnik,55040,2020-09-24,7,298
Zinnik,55040,2020-09-25,2,300
Zinnik,55040,2020-09-26,7,307
Zinnik,55040,2020-09-27,6,313
Zinnik,55040,2020-09-28,6,319
Zinnik,55040,2020-09-29,4,323
Zinnik,55040,2020-09-30,6,329
Zinnik,55040,2020-10-01,0,329
Zinnik,55040,2020-10-02,17,346
Zinnik,55040,2020-10-03,13,359
Zinnik,55040,2020-10-04,4,363
Zinnik,55040,2020-10-05,3,366
Zinnik,55040,2020-10-06,12,378
Zinnik,55040,2020-10-07,0,378
Zinnik,55040,2020-10-08,1,379
Zinnik,55040,2020-10-09,12,391
Zinnik,55040,2020-10-10,5,396
Zinnik,55040,2020-10-11,15,411
Zinnik,55040,2020-10-12,10,421
Zinnik,55040,2020-10-13,22,443
Zinnik,55040,2020-10-14,12,455
Zinnik,55040,2020-10-15,17,472
Zinnik,55040,2020-10-16,40,512
Zinnik,55040,2020-10-17,35,547
Zinnik,55040,2020-10-18,24,571
Zinnik,55040,2020-10-19,51,622
Zinnik,55040,2020-10-20,23,645
Zinnik,55040,2020-10-21,37,682
Zinnik,55040,2020-10-22,22,704
Zinnik,55040,2020-10-23,31,735
Zinnik,55040,2020-10-24,47,782
Zinnik,55040,2020-10-25,26,808
Zinnik,55040,2020-10-26,31,839
Zinnik,55040,2020-10-27,43,882
Zinnik,55040,2020-10-28,46,928
Zinnik,55040,2020-10-29,59,987
Zinnik,55040,2020-10-30,59,1046
Zinnik,55040,2020-10-31,62,1108
Zinnik,55040,2020-11-01,30,1138
Zinnik,55040,2020-11-02,11,1149
Zinnik,55040,2020-11-03,97,1246
Zinnik,55040,2020-11-04,19,1265
Zinnik,55040,2020-11-05,39,1304
Zinnik,55040,2020-11-06,40,1344
Zinnik,55040,2020-11-07,21,1365
Zinnik,55040,2020-11-08,5,1370
Zinnik,55040,2020-11-09,25,1395
Zinnik,55040,2020-11-10,12,1407
Zinnik,55040,2020-11-11,13,1420
Ecaussinnes,55050,2020-04-01,0,5
Ecaussinnes,55050,2020-04-02,3,8
Ecaussinnes,55050,2020-04-03,1,9
Ecaussinnes,55050,2020-04-04,0,9
Ecaussinnes,55050,2020-04-05,1,10
Ecaussinnes,55050,2020-04-06,1,11
Ecaussinnes,55050,2020-04-07,0,11
Ecaussinnes,55050,2020-04-08,6,17
Ecaussinnes,55050,2020-04-09,0,17
Ecaussinnes,55050,2020-04-10,1,18
Ecaussinnes,55050,2020-04-11,2,20
Ecaussinnes,55050,2020-04-12,0,20
Ecaussinnes,55050,2020-04-13,0,20
Ecaussinnes,55050,2020-04-14,1,21
Ecaussinnes,55050,2020-04-15,3,24
Ecaussinnes,55050,2020-04-16,1,25
Ecaussinnes,55050,2020-04-17,2,27
Ecaussinnes,55050,2020-04-18,2,29
Ecaussinnes,55050,2020-04-19,1,30
Ecaussinnes,55050,2020-04-20,2,32
Ecaussinnes,55050,2020-04-21,0,32
Ecaussinnes,55050,2020-04-22,1,33
Ecaussinnes,55050,2020-04-23,0,33
Ecaussinnes,55050,2020-04-24,1,34
Ecaussinnes,55050,2020-04-25,1,35
Ecaussinnes,55050,2020-04-26,1,36
Ecaussinnes,55050,2020-04-27,0,36
Ecaussinnes,55050,2020-04-28,0,36
Ecaussinnes,55050,2020-04-29,1,37
Ecaussinnes,55050,2020-04-30,0,37
Ecaussinnes,55050,2020-05-01,1,38
Ecaussinnes,55050,2020-05-02,0,38
Ecaussinnes,55050,2020-05-03,0,38
Ecaussinnes,55050,2020-05-04,1,39
Ecaussinnes,55050,2020-05-05,0,39
Ecaussinnes,55050,2020-05-06,0,39
Ecaussinnes,55050,2020-05-07,0,39
Ecaussinnes,55050,2020-05-08,0,39
Ecaussinnes,55050,2020-05-09,0,39
Ecaussinnes,55050,2020-05-10,0,39
Ecaussinnes,55050,2020-05-11,0,39
Ecaussinnes,55050,2020-05-12,0,39
Ecaussinnes,55050,2020-05-13,0,39
Ecaussinnes,55050,2020-05-14,0,39
Ecaussinnes,55050,2020-05-15,0,39
Ecaussinnes,55050,2020-05-16,0,39
Ecaussinnes,55050,2020-05-17,0,39
Ecaussinnes,55050,2020-05-18,0,39
Ecaussinnes,55050,2020-05-19,0,39
Ecaussinnes,55050,2020-05-20,0,39
Ecaussinnes,55050,2020-05-21,0,39
Ecaussinnes,55050,2020-05-22,0,39
Ecaussinnes,55050,2020-05-23,0,39
Ecaussinnes,55050,2020-05-24,0,39
Ecaussinnes,55050,2020-05-25,0,39
Ecaussinnes,55050,2020-05-26,0,39
Ecaussinnes,55050,2020-05-27,0,39
Ecaussinnes,55050,2020-05-28,0,39
Ecaussinnes,55050,2020-05-29,0,39
Ecaussinnes,55050,2020-05-30,0,39
Ecaussinnes,55050,2020-05-31,0,39
Ecaussinnes,55050,2020-06-01,0,39
Ecaussinnes,55050,2020-06-02,0,39
Ecaussinnes,55050,2020-06-03,0,39
Ecaussinnes,55050,2020-06-04,0,39
Ecaussinnes,55050,2020-06-05,0,39
Ecaussinnes,55050,2020-06-06,0,39
Ecaussinnes,55050,2020-06-07,0,39
Ecaussinnes,55050,2020-06-08,0,39
Ecaussinnes,55050,2020-06-09,0,39
Ecaussinnes,55050,2020-06-10,0,39
Ecaussinnes,55050,2020-06-11,1,40
Ecaussinnes,55050,2020-06-12,0,40
Ecaussinnes,55050,2020-06-13,1,41
Ecaussinnes,55050,2020-06-14,0,41
Ecaussinnes,55050,2020-06-15,0,41
Ecaussinnes,55050,2020-06-16,0,41
Ecaussinnes,55050,2020-06-17,0,41
Ecaussinnes,55050,2020-06-18,1,42
Ecaussinnes,55050,2020-06-19,0,42
Ecaussinnes,55050,2020-06-20,0,42
Ecaussinnes,55050,2020-06-23,0,42
Ecaussinnes,55050,2020-06-24,0,42
Ecaussinnes,55050,2020-06-25,0,42
Ecaussinnes,55050,2020-06-26,0,42
Ecaussinnes,55050,2020-06-27,0,42
Ecaussinnes,55050,2020-06-30,0,42
Ecaussinnes,55050,2020-07-01,0,42
Ecaussinnes,55050,2020-07-02,0,42
Ecaussinnes,55050,2020-07-03,0,42
Ecaussinnes,55050,2020-07-04,0,42
Ecaussinnes,55050,2020-07-07,0,42
Ecaussinnes,55050,2020-07-08,0,42
Ecaussinnes,55050,2020-07-09,0,42
Ecaussinnes,55050,2020-07-10,0,42
Ecaussinnes,55050,2020-07-11,0,42
Ecaussinnes,55050,2020-07-14,0,42
Ecaussinnes,55050,2020-07-15,0,42
Ecaussinnes,55050,2020-07-16,0,42
Ecaussinnes,55050,2020-07-17,0,42
Ecaussinnes,55050,2020-07-18,0,42
Ecaussinnes,55050,2020-07-20,0,42
Ecaussinnes,55050,2020-07-21,0,42
Ecaussinnes,55050,2020-07-22,0,42
Ecaussinnes,55050,2020-07-23,0,42
Ecaussinnes,55050,2020-07-24,0,42
Ecaussinnes,55050,2020-07-25,0,42
Ecaussinnes,55050,2020-07-26,0,42
Ecaussinnes,55050,2020-07-27,0,42
Ecaussinnes,55050,2020-07-28,0,42
Ecaussinnes,55050,2020-07-29,0,42
Ecaussinnes,55050,2020-07-30,0,42
Ecaussinnes,55050,2020-07-31,0,42
Ecaussinnes,55050,2020-08-01,0,42
Ecaussinnes,55050,2020-08-02,1,43
Ecaussinnes,55050,2020-08-03,0,43
Ecaussinnes,55050,2020-08-04,1,44
Ecaussinnes,55050,2020-08-05,0,44
Ecaussinnes,55050,2020-08-06,0,44
Ecaussinnes,55050,2020-08-07,0,44
Ecaussinnes,55050,2020-08-08,1,45
Ecaussinnes,55050,2020-08-09,1,46
Ecaussinnes,55050,2020-08-10,0,46
Ecaussinnes,55050,2020-08-11,0,46
Ecaussinnes,55050,2020-08-12,0,46
Ecaussinnes,55050,2020-08-13,0,46
Ecaussinnes,55050,2020-08-14,1,47
Ecaussinnes,55050,2020-08-15,0,47
Ecaussinnes,55050,2020-08-16,0,47
Ecaussinnes,55050,2020-08-17,0,47
Ecaussinnes,55050,2020-08-18,0,47
Ecaussinnes,55050,2020-08-19,0,47
Ecaussinnes,55050,2020-08-20,0,47
Ecaussinnes,55050,2020-08-21,0,47
Ecaussinnes,55050,2020-08-22,0,47
Ecaussinnes,55050,2020-08-23,0,47
Ecaussinnes,55050,2020-08-24,0,47
Ecaussinnes,55050,2020-08-25,0,47
Ecaussinnes,55050,2020-08-26,0,47
Ecaussinnes,55050,2020-08-27,0,47
Ecaussinnes,55050,2020-08-28,1,48
Ecaussinnes,55050,2020-08-29,1,49
Ecaussinnes,55050,2020-08-30,0,49
Ecaussinnes,55050,2020-08-31,0,49
Ecaussinnes,55050,2020-09-01,1,50
Ecaussinnes,55050,2020-09-02,0,50
Ecaussinnes,55050,2020-09-03,1,51
Ecaussinnes,55050,2020-09-04,4,55
Ecaussinnes,55050,2020-09-05,2,57
Ecaussinnes,55050,2020-09-06,1,58
Ecaussinnes,55050,2020-09-07,1,59
Ecaussinnes,55050,2020-09-08,0,59
Ecaussinnes,55050,2020-09-09,1,60
Ecaussinnes,55050,2020-09-10,1,61
Ecaussinnes,55050,2020-09-11,1,62
Ecaussinnes,55050,2020-09-12,0,62
Ecaussinnes,55050,2020-09-13,1,63
Ecaussinnes,55050,2020-09-14,1,64
Ecaussinnes,55050,2020-09-15,5,69
Ecaussinnes,55050,2020-09-16,0,69
Ecaussinnes,55050,2020-09-17,2,71
Ecaussinnes,55050,2020-09-18,2,73
Ecaussinnes,55050,2020-09-19,4,77
Ecaussinnes,55050,2020-09-20,3,80
Ecaussinnes,55050,2020-09-21,3,83
Ecaussinnes,55050,2020-09-22,0,83
Ecaussinnes,55050,2020-09-23,2,85
Ecaussinnes,55050,2020-09-24,7,92
Ecaussinnes,55050,2020-09-25,2,94
Ecaussinnes,55050,2020-09-26,4,98
Ecaussinnes,55050,2020-09-27,4,102
Ecaussinnes,55050,2020-09-28,1,103
Ecaussinnes,55050,2020-09-29,2,105
Ecaussinnes,55050,2020-09-30,0,105
Ecaussinnes,55050,2020-10-01,1,106
Ecaussinnes,55050,2020-10-02,0,106
Ecaussinnes,55050,2020-10-03,0,106
Ecaussinnes,55050,2020-10-04,4,110
Ecaussinnes,55050,2020-10-05,0,110
Ecaussinnes,55050,2020-10-06,4,114
Ecaussinnes,55050,2020-10-07,2,116
Ecaussinnes,55050,2020-10-08,3,119
Ecaussinnes,55050,2020-10-09,8,127
Ecaussinnes,55050,2020-10-10,5,132
Ecaussinnes,55050,2020-10-11,8,140
Ecaussinnes,55050,2020-10-12,6,146
Ecaussinnes,55050,2020-10-13,11,157
Ecaussinnes,55050,2020-10-14,5,162
Ecaussinnes,55050,2020-10-15,10,172
Ecaussinnes,55050,2020-10-16,18,190
Ecaussinnes,55050,2020-10-17,26,216
Ecaussinnes,55050,2020-10-18,10,226
Ecaussinnes,55050,2020-10-19,18,244
Ecaussinnes,55050,2020-10-20,6,250
Ecaussinnes,55050,2020-10-21,15,265
Ecaussinnes,55050,2020-10-22,10,275
Ecaussinnes,55050,2020-10-23,30,305
Ecaussinnes,55050,2020-10-24,33,338
Ecaussinnes,55050,2020-10-25,26,364
Ecaussinnes,55050,2020-10-26,34,398
Ecaussinnes,55050,2020-10-27,15,413
Ecaussinnes,55050,2020-10-28,35,448
Ecaussinnes,55050,2020-10-29,11,459
Ecaussinnes,55050,2020-10-30,34,493
Ecaussinnes,55050,2020-10-31,32,525
Ecaussinnes,55050,2020-11-01,6,531
Ecaussinnes,55050,2020-11-02,5,536
Ecaussinnes,55050,2020-11-03,16,552
Ecaussinnes,55050,2020-11-04,10,562
Ecaussinnes,55050,2020-11-05,20,582
Ecaussinnes,55050,2020-11-06,11,593
Ecaussinnes,55050,2020-11-07,10,603
Ecaussinnes,55050,2020-11-08,6,609
Ecaussinnes,55050,2020-11-09,13,622
Ecaussinnes,55050,2020-11-10,3,625
Ecaussinnes,55050,2020-11-11,5,630
Seneffe,55085,2020-04-01,5,5
Seneffe,55085,2020-04-02,2,7
Seneffe,55085,2020-04-03,0,7
Seneffe,55085,2020-04-04,1,8
Seneffe,55085,2020-04-05,1,9
Seneffe,55085,2020-04-06,2,11
Seneffe,55085,2020-04-07,0,11
Seneffe,55085,2020-04-08,4,15
Seneffe,55085,2020-04-09,0,15
Seneffe,55085,2020-04-10,1,16
Seneffe,55085,2020-04-11,3,19
Seneffe,55085,2020-04-12,1,20
Seneffe,55085,2020-04-13,0,20
Seneffe,55085,2020-04-14,0,20
Seneffe,55085,2020-04-15,0,20
Seneffe,55085,2020-04-16,1,21
Seneffe,55085,2020-04-17,1,22
Seneffe,55085,2020-04-18,0,22
Seneffe,55085,2020-04-19,0,22
Seneffe,55085,2020-04-20,0,22
Seneffe,55085,2020-04-21,0,22
Seneffe,55085,2020-04-22,1,23
Seneffe,55085,2020-04-23,0,23
Seneffe,55085,2020-04-24,1,24
Seneffe,55085,2020-04-25,1,25
Seneffe,55085,2020-04-26,4,29
Seneffe,55085,2020-04-27,0,29
Seneffe,55085,2020-04-28,0,29
Seneffe,55085,2020-04-29,1,30
Seneffe,55085,2020-04-30,0,30
Seneffe,55085,2020-05-01,0,30
Seneffe,55085,2020-05-02,0,30
Seneffe,55085,2020-05-03,11,41
Seneffe,55085,2020-05-04,0,41
Seneffe,55085,2020-05-05,0,41
Seneffe,55085,2020-05-06,0,41
Seneffe,55085,2020-05-07,0,41
Seneffe,55085,2020-05-08,0,41
Seneffe,55085,2020-05-09,0,41
Seneffe,55085,2020-05-10,0,41
Seneffe,55085,2020-05-11,0,41
Seneffe,55085,2020-05-12,0,41
Seneffe,55085,2020-05-13,0,41
Seneffe,55085,2020-05-14,0,41
Seneffe,55085,2020-05-15,0,41
Seneffe,55085,2020-05-16,0,41
Seneffe,55085,2020-05-17,0,41
Seneffe,55085,2020-05-18,0,41
Seneffe,55085,2020-05-19,0,41
Seneffe,55085,2020-05-20,0,41
Seneffe,55085,2020-05-21,0,41
Seneffe,55085,2020-05-22,0,41
Seneffe,55085,2020-05-23,0,41
Seneffe,55085,2020-05-24,0,41
Seneffe,55085,2020-05-25,0,41
Seneffe,55085,2020-05-26,1,42
Seneffe,55085,2020-05-27,0,42
Seneffe,55085,2020-05-28,0,42
Seneffe,55085,2020-05-29,1,43
Seneffe,55085,2020-05-30,0,43
Seneffe,55085,2020-05-31,0,43
Seneffe,55085,2020-06-01,0,43
Seneffe,55085,2020-06-02,0,43
Seneffe,55085,2020-06-03,0,43
Seneffe,55085,2020-06-04,0,43
Seneffe,55085,2020-06-05,0,43
Seneffe,55085,2020-06-06,0,43
Seneffe,55085,2020-06-07,0,43
Seneffe,55085,2020-06-08,0,43
Seneffe,55085,2020-06-09,1,44
Seneffe,55085,2020-06-10,1,45
Seneffe,55085,2020-06-11,0,45
Seneffe,55085,2020-06-12,0,45
Seneffe,55085,2020-06-13,0,45
Seneffe,55085,2020-06-14,0,45
Seneffe,55085,2020-06-15,0,45
Seneffe,55085,2020-06-16,0,45
Seneffe,55085,2020-06-17,0,45
Seneffe,55085,2020-06-18,0,45
Seneffe,55085,2020-06-19,0,45
Seneffe,55085,2020-06-20,0,45
Seneffe,55085,2020-06-23,0,45
Seneffe,55085,2020-06-24,0,45
Seneffe,55085,2020-06-25,0,45
Seneffe,55085,2020-06-26,0,45
Seneffe,55085,2020-06-27,0,45
Seneffe,55085,2020-06-30,0,45
Seneffe,55085,2020-07-01,0,45
Seneffe,55085,2020-07-02,0,45
Seneffe,55085,2020-07-03,0,45
Seneffe,55085,2020-07-04,0,45
Seneffe,55085,2020-07-07,0,45
Seneffe,55085,2020-07-08,0,45
Seneffe,55085,2020-07-09,0,45
Seneffe,55085,2020-07-10,0,45
Seneffe,55085,2020-07-11,0,45
Seneffe,55085,2020-07-14,0,45
Seneffe,55085,2020-07-15,0,45
Seneffe,55085,2020-07-16,0,45
Seneffe,55085,2020-07-17,0,45
Seneffe,55085,2020-07-18,0,45
Seneffe,55085,2020-07-20,0,45
Seneffe,55085,2020-07-21,0,45
Seneffe,55085,2020-07-22,0,45
Seneffe,55085,2020-07-23,0,45
Seneffe,55085,2020-07-24,0,45
Seneffe,55085,2020-07-25,0,45
Seneffe,55085,2020-07-26,0,45
Seneffe,55085,2020-07-27,0,45
Seneffe,55085,2020-07-28,0,45
Seneffe,55085,2020-07-29,0,45
Seneffe,55085,2020-07-30,0,45
Seneffe,55085,2020-07-31,0,45
Seneffe,55085,2020-08-01,1,46
Seneffe,55085,2020-08-02,1,47
Seneffe,55085,2020-08-03,0,47
Seneffe,55085,2020-08-04,0,47
Seneffe,55085,2020-08-05,0,47
Seneffe,55085,2020-08-06,3,50
Seneffe,55085,2020-08-07,0,50
Seneffe,55085,2020-08-08,0,50
Seneffe,55085,2020-08-09,1,51
Seneffe,55085,2020-08-10,1,52
Seneffe,55085,2020-08-11,0,52
Seneffe,55085,2020-08-12,0,52
Seneffe,55085,2020-08-13,0,52
Seneffe,55085,2020-08-14,1,53
Seneffe,55085,2020-08-15,0,53
Seneffe,55085,2020-08-16,0,53
Seneffe,55085,2020-08-17,0,53
Seneffe,55085,2020-08-18,0,53
Seneffe,55085,2020-08-19,0,53
Seneffe,55085,2020-08-20,0,53
Seneffe,55085,2020-08-21,0,53
Seneffe,55085,2020-08-22,0,53
Seneffe,55085,2020-08-23,0,53
Seneffe,55085,2020-08-24,0,53
Seneffe,55085,2020-08-25,0,53
Seneffe,55085,2020-08-26,2,55
Seneffe,55085,2020-08-27,0,55
Seneffe,55085,2020-08-28,0,55
Seneffe,55085,2020-08-29,0,55
Seneffe,55085,2020-08-30,0,55
Seneffe,55085,2020-08-31,0,55
Seneffe,55085,2020-09-01,0,55
Seneffe,55085,2020-09-02,0,55
Seneffe,55085,2020-09-03,0,55
Seneffe,55085,2020-09-04,0,55
Seneffe,55085,2020-09-05,4,59
Seneffe,55085,2020-09-06,0,59
Seneffe,55085,2020-09-07,1,60
Seneffe,55085,2020-09-08,0,60
Seneffe,55085,2020-09-09,1,61
Seneffe,55085,2020-09-10,0,61
Seneffe,55085,2020-09-11,0,61
Seneffe,55085,2020-09-12,0,61
Seneffe,55085,2020-09-13,3,64
Seneffe,55085,2020-09-14,0,64
Seneffe,55085,2020-09-15,0,64
Seneffe,55085,2020-09-16,0,64
Seneffe,55085,2020-09-17,0,64
Seneffe,55085,2020-09-18,0,64
Seneffe,55085,2020-09-19,0,64
Seneffe,55085,2020-09-20,1,65
Seneffe,55085,2020-09-21,0,65
Seneffe,55085,2020-09-22,0,65
Seneffe,55085,2020-09-23,4,69
Seneffe,55085,2020-09-24,0,69
Seneffe,55085,2020-09-25,2,71
Seneffe,55085,2020-09-26,1,72
Seneffe,55085,2020-09-27,2,74
Seneffe,55085,2020-09-28,0,74
Seneffe,55085,2020-09-29,1,75
Seneffe,55085,2020-09-30,1,76
Seneffe,55085,2020-10-01,3,79
Seneffe,55085,2020-10-02,3,82
Seneffe,55085,2020-10-03,1,83
Seneffe,55085,2020-10-04,8,91
Seneffe,55085,2020-10-05,7,98
Seneffe,55085,2020-10-06,5,103
Seneffe,55085,2020-10-07,3,106
Seneffe,55085,2020-10-08,3,109
Seneffe,55085,2020-10-09,14,123
Seneffe,55085,2020-10-10,8,131
Seneffe,55085,2020-10-11,23,154
Seneffe,55085,2020-10-12,17,171
Seneffe,55085,2020-10-13,8,179
Seneffe,55085,2020-10-14,15,194
Seneffe,55085,2020-10-15,14,208
Seneffe,55085,2020-10-16,24,232
Seneffe,55085,2020-10-17,9,241
Seneffe,55085,2020-10-18,19,260
Seneffe,55085,2020-10-19,6,266
Seneffe,55085,2020-10-20,9,275
Seneffe,55085,2020-10-21,11,286
Seneffe,55085,2020-10-22,30,316
Seneffe,55085,2020-10-23,18,334
Seneffe,55085,2020-10-24,25,359
Seneffe,55085,2020-10-25,26,385
Seneffe,55085,2020-10-26,39,424
Seneffe,55085,2020-10-27,20,444
Seneffe,55085,2020-10-28,22,466
Seneffe,55085,2020-10-29,43,509
Seneffe,55085,2020-10-30,48,557
Seneffe,55085,2020-10-31,23,580
Seneffe,55085,2020-11-01,19,599
Seneffe,55085,2020-11-02,14,613
Seneffe,55085,2020-11-03,4,617
Seneffe,55085,2020-11-04,10,627
Seneffe,55085,2020-11-05,20,647
Seneffe,55085,2020-11-06,10,657
Seneffe,55085,2020-11-07,17,674
Seneffe,55085,2020-11-08,4,678
Seneffe,55085,2020-11-09,18,696
Seneffe,55085,2020-11-10,2,698
Seneffe,55085,2020-11-11,6,704
Manage,55086,2020-04-01,5,25
Manage,55086,2020-04-02,0,25
Manage,55086,2020-04-03,0,25
Manage,55086,2020-04-04,3,28
Manage,55086,2020-04-05,1,29
Manage,55086,2020-04-06,1,30
Manage,55086,2020-04-07,1,31
Manage,55086,2020-04-08,5,36
Manage,55086,2020-04-09,1,37
Manage,55086,2020-04-10,2,39
Manage,55086,2020-04-11,0,39
Manage,55086,2020-04-12,3,42
Manage,55086,2020-04-13,1,43
Manage,55086,2020-04-14,2,45
Manage,55086,2020-04-15,3,48
Manage,55086,2020-04-16,1,49
Manage,55086,2020-04-17,1,50
Manage,55086,2020-04-18,0,50
Manage,55086,2020-04-19,1,51
Manage,55086,2020-04-20,0,51
Manage,55086,2020-04-21,3,54
Manage,55086,2020-04-22,1,55
Manage,55086,2020-04-23,1,56
Manage,55086,2020-04-24,3,59
Manage,55086,2020-04-25,3,62
Manage,55086,2020-04-26,0,62
Manage,55086,2020-04-27,2,64
Manage,55086,2020-04-28,1,65
Manage,55086,2020-04-29,0,65
Manage,55086,2020-04-30,1,66
Manage,55086,2020-05-01,0,66
Manage,55086,2020-05-02,0,66
Manage,55086,2020-05-03,2,68
Manage,55086,2020-05-04,1,69
Manage,55086,2020-05-05,0,69
Manage,55086,2020-05-06,0,69
Manage,55086,2020-05-07,1,70
Manage,55086,2020-05-08,1,71
Manage,55086,2020-05-09,0,71
Manage,55086,2020-05-10,0,71
Manage,55086,2020-05-11,0,71
Manage,55086,2020-05-12,0,71
Manage,55086,2020-05-13,0,71
Manage,55086,2020-05-14,0,71
Manage,55086,2020-05-15,0,71
Manage,55086,2020-05-16,0,71
Manage,55086,2020-05-17,0,71
Manage,55086,2020-05-18,0,71
Manage,55086,2020-05-19,0,71
Manage,55086,2020-05-20,0,71
Manage,55086,2020-05-21,1,72
Manage,55086,2020-05-22,0,72
Manage,55086,2020-05-23,0,72
Manage,55086,2020-05-24,0,72
Manage,55086,2020-05-25,0,72
Manage,55086,2020-05-26,1,73
Manage,55086,2020-05-27,0,73
Manage,55086,2020-05-28,1,74
Manage,55086,2020-05-29,1,75
Manage,55086,2020-05-30,1,76
Manage,55086,2020-05-31,0,76
Manage,55086,2020-06-01,0,76
Manage,55086,2020-06-02,0,76
Manage,55086,2020-06-03,0,76
Manage,55086,2020-06-04,0,76
Manage,55086,2020-06-05,1,77
Manage,55086,2020-06-06,0,77
Manage,55086,2020-06-07,0,77
Manage,55086,2020-06-08,1,78
Manage,55086,2020-06-09,0,78
Manage,55086,2020-06-10,0,78
Manage,55086,2020-06-11,0,78
Manage,55086,2020-06-12,0,78
Manage,55086,2020-06-13,0,78
Manage,55086,2020-06-14,0,78
Manage,55086,2020-06-15,0,78
Manage,55086,2020-06-16,0,78
Manage,55086,2020-06-17,2,80
Manage,55086,2020-06-18,0,80
Manage,55086,2020-06-19,1,81
Manage,55086,2020-06-20,0,81
Manage,55086,2020-06-23,0,81
Manage,55086,2020-06-24,0,81
Manage,55086,2020-06-25,0,81
Manage,55086,2020-06-26,1,82
Manage,55086,2020-06-27,1,83
Manage,55086,2020-06-30,0,83
Manage,55086,2020-07-01,0,83
Manage,55086,2020-07-02,0,83
Manage,55086,2020-07-03,0,83
Manage,55086,2020-07-04,0,83
Manage,55086,2020-07-07,1,84
Manage,55086,2020-07-08,0,84
Manage,55086,2020-07-09,0,84
Manage,55086,2020-07-10,0,84
Manage,55086,2020-07-11,0,84
Manage,55086,2020-07-14,0,84
Manage,55086,2020-07-15,2,86
Manage,55086,2020-07-16,0,86
Manage,55086,2020-07-17,0,86
Manage,55086,2020-07-18,0,86
Manage,55086,2020-07-20,1,87
Manage,55086,2020-07-21,0,87
Manage,55086,2020-07-22,0,87
Manage,55086,2020-07-23,1,88
Manage,55086,2020-07-24,0,88
Manage,55086,2020-07-25,0,88
Manage,55086,2020-07-26,0,88
Manage,55086,2020-07-27,1,89
Manage,55086,2020-07-28,0,89
Manage,55086,2020-07-29,0,89
Manage,55086,2020-07-30,1,90
Manage,55086,2020-07-31,0,90
Manage,55086,2020-08-01,2,92
Manage,55086,2020-08-02,0,92
Manage,55086,2020-08-03,0,92
Manage,55086,2020-08-04,0,92
Manage,55086,2020-08-05,0,92
Manage,55086,2020-08-06,0,92
Manage,55086,2020-08-07,1,93
Manage,55086,2020-08-08,0,93
Manage,55086,2020-08-09,0,93
Manage,55086,2020-08-10,1,94
Manage,55086,2020-08-11,0,94
Manage,55086,2020-08-12,0,94
Manage,55086,2020-08-13,0,94
Manage,55086,2020-08-14,2,96
Manage,55086,2020-08-15,0,96
Manage,55086,2020-08-16,1,97
Manage,55086,2020-08-17,1,98
Manage,55086,2020-08-18,0,98
Manage,55086,2020-08-19,0,98
Manage,55086,2020-08-20,1,99
Manage,55086,2020-08-21,3,102
Manage,55086,2020-08-22,1,103
Manage,55086,2020-08-23,1,104
Manage,55086,2020-08-24,1,105
Manage,55086,2020-08-25,0,105
Manage,55086,2020-08-26,0,105
Manage,55086,2020-08-27,3,108
Manage,55086,2020-08-28,0,108
Manage,55086,2020-08-29,2,110
Manage,55086,2020-08-30,1,111
Manage,55086,2020-08-31,2,113
Manage,55086,2020-09-01,0,113
Manage,55086,2020-09-02,0,113
Manage,55086,2020-09-03,0,113
Manage,55086,2020-09-04,1,114
Manage,55086,2020-09-05,3,117
Manage,55086,2020-09-06,1,118
Manage,55086,2020-09-07,0,118
Manage,55086,2020-09-08,4,122
Manage,55086,2020-09-09,0,122
Manage,55086,2020-09-10,2,124
Manage,55086,2020-09-11,6,130
Manage,55086,2020-09-12,4,134
Manage,55086,2020-09-13,5,139
Manage,55086,2020-09-14,2,141
Manage,55086,2020-09-15,0,141
Manage,55086,2020-09-16,1,142
Manage,55086,2020-09-17,1,143
Manage,55086,2020-09-18,3,146
Manage,55086,2020-09-19,0,146
Manage,55086,2020-09-20,2,148
Manage,55086,2020-09-21,0,148
Manage,55086,2020-09-22,1,149
Manage,55086,2020-09-23,2,151
Manage,55086,2020-09-24,3,154
Manage,55086,2020-09-25,4,158
Manage,55086,2020-09-26,4,162
Manage,55086,2020-09-27,3,165
Manage,55086,2020-09-28,0,165
Manage,55086,2020-09-29,0,165
Manage,55086,2020-09-30,7,172
Manage,55086,2020-10-01,1,173
Manage,55086,2020-10-02,7,180
Manage,55086,2020-10-03,2,182
Manage,55086,2020-10-04,3,185
Manage,55086,2020-10-05,5,190
Manage,55086,2020-10-06,6,196
Manage,55086,2020-10-07,2,198
Manage,55086,2020-10-08,8,206
Manage,55086,2020-10-09,10,216
Manage,55086,2020-10-10,7,223
Manage,55086,2020-10-11,11,234
Manage,55086,2020-10-12,14,248
Manage,55086,2020-10-13,16,264
Manage,55086,2020-10-14,35,299
Manage,55086,2020-10-15,28,327
Manage,55086,2020-10-16,43,370
Manage,55086,2020-10-17,32,402
Manage,55086,2020-10-18,49,451
Manage,55086,2020-10-19,23,474
Manage,55086,2020-10-20,32,506
Manage,55086,2020-10-21,16,522
Manage,55086,2020-10-22,52,574
Manage,55086,2020-10-23,42,616
Manage,55086,2020-10-24,68,684
Manage,55086,2020-10-25,63,747
Manage,55086,2020-10-26,66,813
Manage,55086,2020-10-27,32,845
Manage,55086,2020-10-28,43,888
Manage,55086,2020-10-29,135,1023
Manage,55086,2020-10-30,94,1117
Manage,55086,2020-10-31,71,1188
Manage,55086,2020-11-01,72,1260
Manage,55086,2020-11-02,44,1304
Manage,55086,2020-11-03,27,1331
Manage,55086,2020-11-04,24,1355
Manage,55086,2020-11-05,54,1409
Manage,55086,2020-11-06,27,1436
Manage,55086,2020-11-07,26,1462
Manage,55086,2020-11-08,17,1479
Manage,55086,2020-11-09,20,1499
Manage,55086,2020-11-10,6,1505
Manage,55086,2020-11-11,10,1515
Anderlues,56001,2020-04-01,2,8
Anderlues,56001,2020-04-02,0,8
Anderlues,56001,2020-04-03,0,8
Anderlues,56001,2020-04-04,3,11
Anderlues,56001,2020-04-05,0,11
Anderlues,56001,2020-04-06,0,11
Anderlues,56001,2020-04-07,0,11
Anderlues,56001,2020-04-08,2,13
Anderlues,56001,2020-04-09,1,14
Anderlues,56001,2020-04-10,0,14
Anderlues,56001,2020-04-11,2,16
Anderlues,56001,2020-04-12,1,17
Anderlues,56001,2020-04-13,0,17
Anderlues,56001,2020-04-14,2,19
Anderlues,56001,2020-04-15,4,23
Anderlues,56001,2020-04-16,0,23
Anderlues,56001,2020-04-17,0,23
Anderlues,56001,2020-04-18,1,24
Anderlues,56001,2020-04-19,0,24
Anderlues,56001,2020-04-20,0,24
Anderlues,56001,2020-04-21,1,25
Anderlues,56001,2020-04-22,0,25
Anderlues,56001,2020-04-23,0,25
Anderlues,56001,2020-04-24,1,26
Anderlues,56001,2020-04-25,1,27
Anderlues,56001,2020-04-26,1,28
Anderlues,56001,2020-04-27,0,28
Anderlues,56001,2020-04-28,0,28
Anderlues,56001,2020-04-29,0,28
Anderlues,56001,2020-04-30,0,28
Anderlues,56001,2020-05-01,1,29
Anderlues,56001,2020-05-02,1,30
Anderlues,56001,2020-05-03,0,30
Anderlues,56001,2020-05-04,0,30
Anderlues,56001,2020-05-05,2,32
Anderlues,56001,2020-05-06,1,33
Anderlues,56001,2020-05-07,0,33
Anderlues,56001,2020-05-08,0,33
Anderlues,56001,2020-05-09,0,33
Anderlues,56001,2020-05-10,1,34
Anderlues,56001,2020-05-11,0,34
Anderlues,56001,2020-05-12,0,34
Anderlues,56001,2020-05-13,0,34
Anderlues,56001,2020-05-14,0,34
Anderlues,56001,2020-05-15,0,34
Anderlues,56001,2020-05-16,0,34
Anderlues,56001,2020-05-17,0,34
Anderlues,56001,2020-05-18,0,34
Anderlues,56001,2020-05-19,0,34
Anderlues,56001,2020-05-20,0,34
Anderlues,56001,2020-05-21,0,34
Anderlues,56001,2020-05-22,3,37
Anderlues,56001,2020-05-23,1,38
Anderlues,56001,2020-05-24,0,38
Anderlues,56001,2020-05-25,0,38
Anderlues,56001,2020-05-26,0,38
Anderlues,56001,2020-05-27,0,38
Anderlues,56001,2020-05-28,0,38
Anderlues,56001,2020-05-29,2,40
Anderlues,56001,2020-05-30,1,41
Anderlues,56001,2020-05-31,0,41
Anderlues,56001,2020-06-01,0,41
Anderlues,56001,2020-06-02,0,41
Anderlues,56001,2020-06-03,0,41
Anderlues,56001,2020-06-04,0,41
Anderlues,56001,2020-06-05,0,41
Anderlues,56001,2020-06-06,0,41
Anderlues,56001,2020-06-07,0,41
Anderlues,56001,2020-06-08,0,41
Anderlues,56001,2020-06-09,0,41
Anderlues,56001,2020-06-10,1,42
Anderlues,56001,2020-06-11,0,42
Anderlues,56001,2020-06-12,0,42
Anderlues,56001,2020-06-13,0,42
Anderlues,56001,2020-06-14,1,43
Anderlues,56001,2020-06-15,0,43
Anderlues,56001,2020-06-16,0,43
Anderlues,56001,2020-06-17,0,43
Anderlues,56001,2020-06-18,0,43
Anderlues,56001,2020-06-19,0,43
Anderlues,56001,2020-06-20,0,43
Anderlues,56001,2020-06-23,0,43
Anderlues,56001,2020-06-24,0,43
Anderlues,56001,2020-06-25,0,43
Anderlues,56001,2020-06-26,0,43
Anderlues,56001,2020-06-27,0,43
Anderlues,56001,2020-06-30,0,43
Anderlues,56001,2020-07-01,0,43
Anderlues,56001,2020-07-02,0,43
Anderlues,56001,2020-07-03,0,43
Anderlues,56001,2020-07-04,0,43
Anderlues,56001,2020-07-07,1,44
Anderlues,56001,2020-07-08,0,44
Anderlues,56001,2020-07-09,0,44
Anderlues,56001,2020-07-10,0,44
Anderlues,56001,2020-07-11,0,44
Anderlues,56001,2020-07-14,0,44
Anderlues,56001,2020-07-15,1,45
Anderlues,56001,2020-07-16,0,45
Anderlues,56001,2020-07-17,0,45
Anderlues,56001,2020-07-18,1,46
Anderlues,56001,2020-07-20,0,46
Anderlues,56001,2020-07-21,0,46
Anderlues,56001,2020-07-22,0,46
Anderlues,56001,2020-07-23,1,47
Anderlues,56001,2020-07-24,0,47
Anderlues,56001,2020-07-25,0,47
Anderlues,56001,2020-07-26,0,47
Anderlues,56001,2020-07-27,0,47
Anderlues,56001,2020-07-28,0,47
Anderlues,56001,2020-07-29,2,49
Anderlues,56001,2020-07-30,0,49
Anderlues,56001,2020-07-31,0,49
Anderlues,56001,2020-08-01,0,49
Anderlues,56001,2020-08-02,0,49
Anderlues,56001,2020-08-03,0,49
Anderlues,56001,2020-08-04,0,49
Anderlues,56001,2020-08-05,0,49
Anderlues,56001,2020-08-06,0,49
Anderlues,56001,2020-08-07,0,49
Anderlues,56001,2020-08-08,0,49
Anderlues,56001,2020-08-09,0,49
Anderlues,56001,2020-08-10,2,51
Anderlues,56001,2020-08-11,0,51
Anderlues,56001,2020-08-12,2,53
Anderlues,56001,2020-08-13,1,54
Anderlues,56001,2020-08-14,0,54
Anderlues,56001,2020-08-15,0,54
Anderlues,56001,2020-08-16,1,55
Anderlues,56001,2020-08-17,0,55
Anderlues,56001,2020-08-18,0,55
Anderlues,56001,2020-08-19,0,55
Anderlues,56001,2020-08-20,0,55
Anderlues,56001,2020-08-21,0,55
Anderlues,56001,2020-08-22,0,55
Anderlues,56001,2020-08-23,0,55
Anderlues,56001,2020-08-24,1,56
Anderlues,56001,2020-08-25,0,56
Anderlues,56001,2020-08-26,0,56
Anderlues,56001,2020-08-27,0,56
Anderlues,56001,2020-08-28,0,56
Anderlues,56001,2020-08-29,0,56
Anderlues,56001,2020-08-30,1,57
Anderlues,56001,2020-08-31,0,57
Anderlues,56001,2020-09-01,1,58
Anderlues,56001,2020-09-02,0,58
Anderlues,56001,2020-09-03,0,58
Anderlues,56001,2020-09-04,0,58
Anderlues,56001,2020-09-05,0,58
Anderlues,56001,2020-09-06,0,58
Anderlues,56001,2020-09-07,0,58
Anderlues,56001,2020-09-08,0,58
Anderlues,56001,2020-09-09,0,58
Anderlues,56001,2020-09-10,0,58
Anderlues,56001,2020-09-11,0,58
Anderlues,56001,2020-09-12,0,58
Anderlues,56001,2020-09-13,0,58
Anderlues,56001,2020-09-14,0,58
Anderlues,56001,2020-09-15,0,58
Anderlues,56001,2020-09-16,0,58
Anderlues,56001,2020-09-17,0,58
Anderlues,56001,2020-09-18,0,58
Anderlues,56001,2020-09-19,1,59
Anderlues,56001,2020-09-20,0,59
Anderlues,56001,2020-09-21,0,59
Anderlues,56001,2020-09-22,1,60
Anderlues,56001,2020-09-23,0,60
Anderlues,56001,2020-09-24,2,62
Anderlues,56001,2020-09-25,0,62
Anderlues,56001,2020-09-26,1,63
Anderlues,56001,2020-09-27,0,63
Anderlues,56001,2020-09-28,2,65
Anderlues,56001,2020-09-29,1,66
Anderlues,56001,2020-09-30,1,67
Anderlues,56001,2020-10-01,30,97
Anderlues,56001,2020-10-02,4,101
Anderlues,56001,2020-10-03,5,106
Anderlues,56001,2020-10-04,4,110
Anderlues,56001,2020-10-05,7,117
Anderlues,56001,2020-10-06,4,121
Anderlues,56001,2020-10-07,4,125
Anderlues,56001,2020-10-08,5,130
Anderlues,56001,2020-10-09,8,138
Anderlues,56001,2020-10-10,0,138
Anderlues,56001,2020-10-11,10,148
Anderlues,56001,2020-10-12,7,155
Anderlues,56001,2020-10-13,6,161
Anderlues,56001,2020-10-14,8,169
Anderlues,56001,2020-10-15,2,171
Anderlues,56001,2020-10-16,10,181
Anderlues,56001,2020-10-17,14,195
Anderlues,56001,2020-10-18,15,210
Anderlues,56001,2020-10-19,11,221
Anderlues,56001,2020-10-20,8,229
Anderlues,56001,2020-10-21,21,250
Anderlues,56001,2020-10-22,18,268
Anderlues,56001,2020-10-23,12,280
Anderlues,56001,2020-10-24,23,303
Anderlues,56001,2020-10-25,37,340
Anderlues,56001,2020-10-26,28,368
Anderlues,56001,2020-10-27,17,385
Anderlues,56001,2020-10-28,36,421
Anderlues,56001,2020-10-29,33,454
Anderlues,56001,2020-10-30,53,507
Anderlues,56001,2020-10-31,66,573
Anderlues,56001,2020-11-01,32,605
Anderlues,56001,2020-11-02,34,639
Anderlues,56001,2020-11-03,13,652
Anderlues,56001,2020-11-04,7,659
Anderlues,56001,2020-11-05,23,682
Anderlues,56001,2020-11-06,44,726
Anderlues,56001,2020-11-07,14,740
Anderlues,56001,2020-11-08,8,748
Anderlues,56001,2020-11-09,16,764
Anderlues,56001,2020-11-10,2,766
Anderlues,56001,2020-11-11,6,772
Beaumont,56005,2020-04-01,0,0
Beaumont,56005,2020-04-02,0,0
Beaumont,56005,2020-04-03,0,0
Beaumont,56005,2020-04-04,6,6
Beaumont,56005,2020-04-05,0,6
Beaumont,56005,2020-04-06,1,7
Beaumont,56005,2020-04-07,0,7
Beaumont,56005,2020-04-08,1,8
Beaumont,56005,2020-04-09,0,8
Beaumont,56005,2020-04-10,0,8
Beaumont,56005,2020-04-11,0,8
Beaumont,56005,2020-04-12,0,8
Beaumont,56005,2020-04-13,0,8
Beaumont,56005,2020-04-14,0,8
Beaumont,56005,2020-04-15,2,10
Beaumont,56005,2020-04-16,2,12
Beaumont,56005,2020-04-17,1,13
Beaumont,56005,2020-04-18,0,13
Beaumont,56005,2020-04-19,0,13
Beaumont,56005,2020-04-20,0,13
Beaumont,56005,2020-04-21,0,13
Beaumont,56005,2020-04-22,2,15
Beaumont,56005,2020-04-23,1,16
Beaumont,56005,2020-04-24,1,17
Beaumont,56005,2020-04-25,0,17
Beaumont,56005,2020-04-26,0,17
Beaumont,56005,2020-04-27,1,18
Beaumont,56005,2020-04-28,1,19
Beaumont,56005,2020-04-29,0,19
Beaumont,56005,2020-04-30,0,19
Beaumont,56005,2020-05-01,0,19
Beaumont,56005,2020-05-02,0,19
Beaumont,56005,2020-05-03,0,19
Beaumont,56005,2020-05-04,0,19
Beaumont,56005,2020-05-05,0,19
Beaumont,56005,2020-05-06,0,19
Beaumont,56005,2020-05-07,0,19
Beaumont,56005,2020-05-08,1,20
Beaumont,56005,2020-05-09,0,20
Beaumont,56005,2020-05-10,0,20
Beaumont,56005,2020-05-11,0,20
Beaumont,56005,2020-05-12,0,20
Beaumont,56005,2020-05-13,0,20
Beaumont,56005,2020-05-14,0,20
Beaumont,56005,2020-05-15,0,20
Beaumont,56005,2020-05-16,0,20
Beaumont,56005,2020-05-17,0,20
Beaumont,56005,2020-05-18,2,22
Beaumont,56005,2020-05-19,0,22
Beaumont,56005,2020-05-20,0,22
Beaumont,56005,2020-05-21,0,22
Beaumont,56005,2020-05-22,0,22
Beaumont,56005,2020-05-23,0,22
Beaumont,56005,2020-05-24,0,22
Beaumont,56005,2020-05-25,1,23
Beaumont,56005,2020-05-26,2,25
Beaumont,56005,2020-05-27,0,25
Beaumont,56005,2020-05-28,0,25
Beaumont,56005,2020-05-29,0,25
Beaumont,56005,2020-05-30,0,25
Beaumont,56005,2020-05-31,0,25
Beaumont,56005,2020-06-01,0,25
Beaumont,56005,2020-06-02,0,25
Beaumont,56005,2020-06-03,0,25
Beaumont,56005,2020-06-04,0,25
Beaumont,56005,2020-06-05,0,25
Beaumont,56005,2020-06-06,0,25
Beaumont,56005,2020-06-07,0,25
Beaumont,56005,2020-06-08,0,25
Beaumont,56005,2020-06-09,0,25
Beaumont,56005,2020-06-10,1,26
Beaumont,56005,2020-06-11,0,26
Beaumont,56005,2020-06-12,0,26
Beaumont,56005,2020-06-13,0,26
Beaumont,56005,2020-06-14,0,26
Beaumont,56005,2020-06-15,0,26
Beaumont,56005,2020-06-16,0,26
Beaumont,56005,2020-06-17,0,26
Beaumont,56005,2020-06-18,0,26
Beaumont,56005,2020-06-19,0,26
Beaumont,56005,2020-06-20,0,26
Beaumont,56005,2020-06-23,0,26
Beaumont,56005,2020-06-24,0,26
Beaumont,56005,2020-06-25,1,27
Beaumont,56005,2020-06-26,1,28
Beaumont,56005,2020-06-27,0,28
Beaumont,56005,2020-06-30,0,28
Beaumont,56005,2020-07-01,0,28
Beaumont,56005,2020-07-02,0,28
Beaumont,56005,2020-07-03,0,28
Beaumont,56005,2020-07-04,0,28
Beaumont,56005,2020-07-07,0,28
Beaumont,56005,2020-07-08,0,28
Beaumont,56005,2020-07-09,0,28
Beaumont,56005,2020-07-10,0,28
Beaumont,56005,2020-07-11,0,28
Beaumont,56005,2020-07-14,0,28
Beaumont,56005,2020-07-15,0,28
Beaumont,56005,2020-07-16,0,28
Beaumont,56005,2020-07-17,0,28
Beaumont,56005,2020-07-18,0,28
Beaumont,56005,2020-07-20,0,28
Beaumont,56005,2020-07-21,0,28
Beaumont,56005,2020-07-22,0,28
Beaumont,56005,2020-07-23,0,28
Beaumont,56005,2020-07-24,0,28
Beaumont,56005,2020-07-25,0,28
Beaumont,56005,2020-07-26,0,28
Beaumont,56005,2020-07-27,0,28
Beaumont,56005,2020-07-28,0,28
Beaumont,56005,2020-07-29,1,29
Beaumont,56005,2020-07-30,0,29
Beaumont,56005,2020-07-31,0,29
Beaumont,56005,2020-08-01,0,29
Beaumont,56005,2020-08-02,0,29
Beaumont,56005,2020-08-03,0,29
Beaumont,56005,2020-08-04,1,30
Beaumont,56005,2020-08-05,0,30
Beaumont,56005,2020-08-06,0,30
Beaumont,56005,2020-08-07,0,30
Beaumont,56005,2020-08-08,0,30
Beaumont,56005,2020-08-09,0,30
Beaumont,56005,2020-08-10,0,30
Beaumont,56005,2020-08-11,0,30
Beaumont,56005,2020-08-12,0,30
Beaumont,56005,2020-08-13,0,30
Beaumont,56005,2020-08-14,0,30
Beaumont,56005,2020-08-15,0,30
Beaumont,56005,2020-08-16,0,30
Beaumont,56005,2020-08-17,0,30
Beaumont,56005,2020-08-18,0,30
Beaumont,56005,2020-08-19,0,30
Beaumont,56005,2020-08-20,1,31
Beaumont,56005,2020-08-21,1,32
Beaumont,56005,2020-08-22,0,32
Beaumont,56005,2020-08-23,0,32
Beaumont,56005,2020-08-24,0,32
Beaumont,56005,2020-08-25,0,32
Beaumont,56005,2020-08-26,0,32
Beaumont,56005,2020-08-27,0,32
Beaumont,56005,2020-08-28,0,32
Beaumont,56005,2020-08-29,0,32
Beaumont,56005,2020-08-30,0,32
Beaumont,56005,2020-08-31,1,33
Beaumont,56005,2020-09-01,0,33
Beaumont,56005,2020-09-02,0,33
Beaumont,56005,2020-09-03,0,33
Beaumont,56005,2020-09-04,0,33
Beaumont,56005,2020-09-05,2,35
Beaumont,56005,2020-09-06,0,35
Beaumont,56005,2020-09-07,0,35
Beaumont,56005,2020-09-08,0,35
Beaumont,56005,2020-09-09,0,35
Beaumont,56005,2020-09-10,0,35
Beaumont,56005,2020-09-11,0,35
Beaumont,56005,2020-09-12,1,36
Beaumont,56005,2020-09-13,0,36
Beaumont,56005,2020-09-14,4,40
Beaumont,56005,2020-09-15,0,40
Beaumont,56005,2020-09-16,2,42
Beaumont,56005,2020-09-17,0,42
Beaumont,56005,2020-09-18,1,43
Beaumont,56005,2020-09-19,0,43
Beaumont,56005,2020-09-20,0,43
Beaumont,56005,2020-09-21,0,43
Beaumont,56005,2020-09-22,0,43
Beaumont,56005,2020-09-23,0,43
Beaumont,56005,2020-09-24,1,44
Beaumont,56005,2020-09-25,0,44
Beaumont,56005,2020-09-26,1,45
Beaumont,56005,2020-09-27,2,47
Beaumont,56005,2020-09-28,0,47
Beaumont,56005,2020-09-29,0,47
Beaumont,56005,2020-09-30,3,50
Beaumont,56005,2020-10-01,0,50
Beaumont,56005,2020-10-02,0,50
Beaumont,56005,2020-10-03,1,51
Beaumont,56005,2020-10-04,1,52
Beaumont,56005,2020-10-05,0,52
Beaumont,56005,2020-10-06,2,54
Beaumont,56005,2020-10-07,2,56
Beaumont,56005,2020-10-08,0,56
Beaumont,56005,2020-10-09,3,59
Beaumont,56005,2020-10-10,4,63
Beaumont,56005,2020-10-11,3,66
Beaumont,56005,2020-10-12,3,69
Beaumont,56005,2020-10-13,2,71
Beaumont,56005,2020-10-14,1,72
Beaumont,56005,2020-10-15,5,77
Beaumont,56005,2020-10-16,9,86
Beaumont,56005,2020-10-17,5,91
Beaumont,56005,2020-10-18,7,98
Beaumont,56005,2020-10-19,8,106
Beaumont,56005,2020-10-20,4,110
Beaumont,56005,2020-10-21,10,120
Beaumont,56005,2020-10-22,16,136
Beaumont,56005,2020-10-23,9,145
Beaumont,56005,2020-10-24,19,164
Beaumont,56005,2020-10-25,15,179
Beaumont,56005,2020-10-26,14,193
Beaumont,56005,2020-10-27,11,204
Beaumont,56005,2020-10-28,10,214
Beaumont,56005,2020-10-29,20,234
Beaumont,56005,2020-10-30,28,262
Beaumont,56005,2020-10-31,11,273
Beaumont,56005,2020-11-01,25,298
Beaumont,56005,2020-11-02,18,316
Beaumont,56005,2020-11-03,12,328
Beaumont,56005,2020-11-04,3,331
Beaumont,56005,2020-11-05,11,342
Beaumont,56005,2020-11-06,18,360
Beaumont,56005,2020-11-07,6,366
Beaumont,56005,2020-11-08,13,379
Beaumont,56005,2020-11-09,7,386
Beaumont,56005,2020-11-10,4,390
Beaumont,56005,2020-11-11,3,393
Chimay,56016,2020-04-01,0,10
Chimay,56016,2020-04-02,2,12
Chimay,56016,2020-04-03,0,12
Chimay,56016,2020-04-04,1,13
Chimay,56016,2020-04-05,0,13
Chimay,56016,2020-04-06,6,19
Chimay,56016,2020-04-07,0,19
Chimay,56016,2020-04-08,1,20
Chimay,56016,2020-04-09,0,20
Chimay,56016,2020-04-10,0,20
Chimay,56016,2020-04-11,0,20
Chimay,56016,2020-04-12,0,20
Chimay,56016,2020-04-13,0,20
Chimay,56016,2020-04-14,0,20
Chimay,56016,2020-04-15,0,20
Chimay,56016,2020-04-16,2,22
Chimay,56016,2020-04-17,0,22
Chimay,56016,2020-04-18,0,22
Chimay,56016,2020-04-19,0,22
Chimay,56016,2020-04-20,0,22
Chimay,56016,2020-04-21,0,22
Chimay,56016,2020-04-22,0,22
Chimay,56016,2020-04-23,0,22
Chimay,56016,2020-04-24,0,22
Chimay,56016,2020-04-25,0,22
Chimay,56016,2020-04-26,0,22
Chimay,56016,2020-04-27,0,22
Chimay,56016,2020-04-28,1,23
Chimay,56016,2020-04-29,0,23
Chimay,56016,2020-04-30,0,23
Chimay,56016,2020-05-01,0,23
Chimay,56016,2020-05-02,1,24
Chimay,56016,2020-05-03,0,24
Chimay,56016,2020-05-04,0,24
Chimay,56016,2020-05-05,0,24
Chimay,56016,2020-05-06,0,24
Chimay,56016,2020-05-07,1,25
Chimay,56016,2020-05-08,0,25
Chimay,56016,2020-05-09,0,25
Chimay,56016,2020-05-10,0,25
Chimay,56016,2020-05-11,0,25
Chimay,56016,2020-05-12,1,26
Chimay,56016,2020-05-13,-1,25
Chimay,56016,2020-05-14,0,25
Chimay,56016,2020-05-15,0,25
Chimay,56016,2020-05-16,0,25
Chimay,56016,2020-05-17,0,25
Chimay,56016,2020-05-18,0,25
Chimay,56016,2020-05-19,0,25
Chimay,56016,2020-05-20,0,25
Chimay,56016,2020-05-21,0,25
Chimay,56016,2020-05-22,0,25
Chimay,56016,2020-05-23,0,25
Chimay,56016,2020-05-24,0,25
Chimay,56016,2020-05-25,0,25
Chimay,56016,2020-05-26,1,26
Chimay,56016,2020-05-27,0,26
Chimay,56016,2020-05-28,0,26
Chimay,56016,2020-05-29,0,26
Chimay,56016,2020-05-30,0,26
Chimay,56016,2020-05-31,0,26
Chimay,56016,2020-06-01,0,26
Chimay,56016,2020-06-02,0,26
Chimay,56016,2020-06-03,0,26
Chimay,56016,2020-06-04,0,26
Chimay,56016,2020-06-05,0,26
Chimay,56016,2020-06-06,0,26
Chimay,56016,2020-06-07,0,26
Chimay,56016,2020-06-08,0,26
Chimay,56016,2020-06-09,0,26
Chimay,56016,2020-06-10,0,26
Chimay,56016,2020-06-11,0,26
Chimay,56016,2020-06-12,0,26
Chimay,56016,2020-06-13,0,26
Chimay,56016,2020-06-14,0,26
Chimay,56016,2020-06-15,0,26
Chimay,56016,2020-06-16,0,26
Chimay,56016,2020-06-17,0,26
Chimay,56016,2020-06-18,0,26
Chimay,56016,2020-06-19,0,26
Chimay,56016,2020-06-20,0,26
Chimay,56016,2020-06-23,0,26
Chimay,56016,2020-06-24,0,26
Chimay,56016,2020-06-25,0,26
Chimay,56016,2020-06-26,0,26
Chimay,56016,2020-06-27,0,26
Chimay,56016,2020-06-30,0,26
Chimay,56016,2020-07-01,0,26
Chimay,56016,2020-07-02,0,26
Chimay,56016,2020-07-03,0,26
Chimay,56016,2020-07-04,0,26
Chimay,56016,2020-07-07,0,26
Chimay,56016,2020-07-08,0,26
Chimay,56016,2020-07-09,0,26
Chimay,56016,2020-07-10,0,26
Chimay,56016,2020-07-11,0,26
Chimay,56016,2020-07-14,0,26
Chimay,56016,2020-07-15,0,26
Chimay,56016,2020-07-16,0,26
Chimay,56016,2020-07-17,0,26
Chimay,56016,2020-07-18,0,26
Chimay,56016,2020-07-20,0,26
Chimay,56016,2020-07-21,0,26
Chimay,56016,2020-07-22,0,26
Chimay,56016,2020-07-23,0,26
Chimay,56016,2020-07-24,0,26
Chimay,56016,2020-07-25,0,26
Chimay,56016,2020-07-26,0,26
Chimay,56016,2020-07-27,0,26
Chimay,56016,2020-07-28,0,26
Chimay,56016,2020-07-29,0,26
Chimay,56016,2020-07-30,0,26
Chimay,56016,2020-07-31,0,26
Chimay,56016,2020-08-01,0,26
Chimay,56016,2020-08-02,0,26
Chimay,56016,2020-08-03,0,26
Chimay,56016,2020-08-04,0,26
Chimay,56016,2020-08-05,0,26
Chimay,56016,2020-08-06,0,26
Chimay,56016,2020-08-07,1,27
Chimay,56016,2020-08-08,0,27
Chimay,56016,2020-08-09,0,27
Chimay,56016,2020-08-10,0,27
Chimay,56016,2020-08-11,0,27
Chimay,56016,2020-08-12,0,27
Chimay,56016,2020-08-13,0,27
Chimay,56016,2020-08-14,0,27
Chimay,56016,2020-08-15,0,27
Chimay,56016,2020-08-16,0,27
Chimay,56016,2020-08-17,0,27
Chimay,56016,2020-08-18,0,27
Chimay,56016,2020-08-19,0,27
Chimay,56016,2020-08-20,0,27
Chimay,56016,2020-08-21,0,27
Chimay,56016,2020-08-22,0,27
Chimay,56016,2020-08-23,0,27
Chimay,56016,2020-08-24,0,27
Chimay,56016,2020-08-25,0,27
Chimay,56016,2020-08-26,0,27
Chimay,56016,2020-08-27,0,27
Chimay,56016,2020-08-28,0,27
Chimay,56016,2020-08-29,0,27
Chimay,56016,2020-08-30,0,27
Chimay,56016,2020-08-31,0,27
Chimay,56016,2020-09-01,0,27
Chimay,56016,2020-09-02,0,27
Chimay,56016,2020-09-03,0,27
Chimay,56016,2020-09-04,0,27
Chimay,56016,2020-09-05,0,27
Chimay,56016,2020-09-06,0,27
Chimay,56016,2020-09-07,0,27
Chimay,56016,2020-09-08,0,27
Chimay,56016,2020-09-09,0,27
Chimay,56016,2020-09-10,0,27
Chimay,56016,2020-09-11,0,27
Chimay,56016,2020-09-12,1,28
Chimay,56016,2020-09-13,0,28
Chimay,56016,2020-09-14,0,28
Chimay,56016,2020-09-15,0,28
Chimay,56016,2020-09-16,0,28
Chimay,56016,2020-09-17,0,28
Chimay,56016,2020-09-18,0,28
Chimay,56016,2020-09-19,0,28
Chimay,56016,2020-09-20,0,28
Chimay,56016,2020-09-21,1,29
Chimay,56016,2020-09-22,0,29
Chimay,56016,2020-09-23,0,29
Chimay,56016,2020-09-24,0,29
Chimay,56016,2020-09-25,0,29
Chimay,56016,2020-09-26,0,29
Chimay,56016,2020-09-27,0,29
Chimay,56016,2020-09-28,0,29
Chimay,56016,2020-09-29,0,29
Chimay,56016,2020-09-30,0,29
Chimay,56016,2020-10-01,1,30
Chimay,56016,2020-10-02,6,36
Chimay,56016,2020-10-03,6,42
Chimay,56016,2020-10-04,0,42
Chimay,56016,2020-10-05,0,42
Chimay,56016,2020-10-06,1,43
Chimay,56016,2020-10-07,0,43
Chimay,56016,2020-10-08,4,47
Chimay,56016,2020-10-09,7,54
Chimay,56016,2020-10-10,1,55
Chimay,56016,2020-10-11,3,58
Chimay,56016,2020-10-12,7,65
Chimay,56016,2020-10-13,6,71
Chimay,56016,2020-10-14,7,78
Chimay,56016,2020-10-15,18,96
Chimay,56016,2020-10-16,4,100
Chimay,56016,2020-10-17,8,108
Chimay,56016,2020-10-18,7,115
Chimay,56016,2020-10-19,10,125
Chimay,56016,2020-10-20,3,128
Chimay,56016,2020-10-21,6,134
Chimay,56016,2020-10-22,13,147
Chimay,56016,2020-10-23,4,151
Chimay,56016,2020-10-24,19,170
Chimay,56016,2020-10-25,13,183
Chimay,56016,2020-10-26,17,200
Chimay,56016,2020-10-27,19,219
Chimay,56016,2020-10-28,12,231
Chimay,56016,2020-10-29,32,263
Chimay,56016,2020-10-30,26,289
Chimay,56016,2020-10-31,10,299
Chimay,56016,2020-11-01,22,321
Chimay,56016,2020-11-02,20,341
Chimay,56016,2020-11-03,14,355
Chimay,56016,2020-11-04,1,356
Chimay,56016,2020-11-05,16,372
Chimay,56016,2020-11-06,11,383
Chimay,56016,2020-11-07,13,396
Chimay,56016,2020-11-08,6,402
Chimay,56016,2020-11-09,10,412
Chimay,56016,2020-11-10,1,413
Chimay,56016,2020-11-11,8,421
Erquelinnes,56022,2020-04-01,0,6
Erquelinnes,56022,2020-04-02,1,7
Erquelinnes,56022,2020-04-03,3,10
Erquelinnes,56022,2020-04-04,0,10
Erquelinnes,56022,2020-04-05,0,10
Erquelinnes,56022,2020-04-06,2,12
Erquelinnes,56022,2020-04-07,0,12
Erquelinnes,56022,2020-04-08,1,13
Erquelinnes,56022,2020-04-09,0,13
Erquelinnes,56022,2020-04-10,1,14
Erquelinnes,56022,2020-04-11,0,14
Erquelinnes,56022,2020-04-12,0,14
Erquelinnes,56022,2020-04-13,1,15
Erquelinnes,56022,2020-04-14,0,15
Erquelinnes,56022,2020-04-15,5,20
Erquelinnes,56022,2020-04-16,0,20
Erquelinnes,56022,2020-04-17,3,23
Erquelinnes,56022,2020-04-18,0,23
Erquelinnes,56022,2020-04-19,1,24
Erquelinnes,56022,2020-04-20,0,24
Erquelinnes,56022,2020-04-21,3,27
Erquelinnes,56022,2020-04-22,2,29
Erquelinnes,56022,2020-04-23,0,29
Erquelinnes,56022,2020-04-24,2,31
Erquelinnes,56022,2020-04-25,0,31
Erquelinnes,56022,2020-04-26,0,31
Erquelinnes,56022,2020-04-27,0,31
Erquelinnes,56022,2020-04-28,0,31
Erquelinnes,56022,2020-04-29,0,31
Erquelinnes,56022,2020-04-30,0,31
Erquelinnes,56022,2020-05-01,1,32
Erquelinnes,56022,2020-05-02,1,33
Erquelinnes,56022,2020-05-03,0,33
Erquelinnes,56022,2020-05-04,0,33
Erquelinnes,56022,2020-05-05,0,33
Erquelinnes,56022,2020-05-06,0,33
Erquelinnes,56022,2020-05-07,1,34
Erquelinnes,56022,2020-05-08,1,35
Erquelinnes,56022,2020-05-09,0,35
Erquelinnes,56022,2020-05-10,0,35
Erquelinnes,56022,2020-05-11,0,35
Erquelinnes,56022,2020-05-12,0,35
Erquelinnes,56022,2020-05-13,0,35
Erquelinnes,56022,2020-05-14,0,35
Erquelinnes,56022,2020-05-15,2,37
Erquelinnes,56022,2020-05-16,0,37
Erquelinnes,56022,2020-05-17,1,38
Erquelinnes,56022,2020-05-18,0,38
Erquelinnes,56022,2020-05-19,0,38
Erquelinnes,56022,2020-05-20,0,38
Erquelinnes,56022,2020-05-21,0,38
Erquelinnes,56022,2020-05-22,0,38
Erquelinnes,56022,2020-05-23,0,38
Erquelinnes,56022,2020-05-24,0,38
Erquelinnes,56022,2020-05-25,1,39
Erquelinnes,56022,2020-05-26,1,40
Erquelinnes,56022,2020-05-27,0,40
Erquelinnes,56022,2020-05-28,1,41
Erquelinnes,56022,2020-05-29,0,41
Erquelinnes,56022,2020-05-30,1,42
Erquelinnes,56022,2020-05-31,0,42
Erquelinnes,56022,2020-06-01,0,42
Erquelinnes,56022,2020-06-02,0,42
Erquelinnes,56022,2020-06-03,0,42
Erquelinnes,56022,2020-06-04,0,42
Erquelinnes,56022,2020-06-05,0,42
Erquelinnes,56022,2020-06-06,0,42
Erquelinnes,56022,2020-06-07,0,42
Erquelinnes,56022,2020-06-08,0,42
Erquelinnes,56022,2020-06-09,0,42
Erquelinnes,56022,2020-06-10,0,42
Erquelinnes,56022,2020-06-11,0,42
Erquelinnes,56022,2020-06-12,0,42
Erquelinnes,56022,2020-06-13,0,42
Erquelinnes,56022,2020-06-14,0,42
Erquelinnes,56022,2020-06-15,0,42
Erquelinnes,56022,2020-06-16,0,42
Erquelinnes,56022,2020-06-17,0,42
Erquelinnes,56022,2020-06-18,0,42
Erquelinnes,56022,2020-06-19,0,42
Erquelinnes,56022,2020-06-20,0,42
Erquelinnes,56022,2020-06-23,0,42
Erquelinnes,56022,2020-06-24,0,42
Erquelinnes,56022,2020-06-25,0,42
Erquelinnes,56022,2020-06-26,0,42
Erquelinnes,56022,2020-06-27,0,42
Erquelinnes,56022,2020-06-30,0,42
Erquelinnes,56022,2020-07-01,0,42
Erquelinnes,56022,2020-07-02,0,42
Erquelinnes,56022,2020-07-03,0,42
Erquelinnes,56022,2020-07-04,0,42
Erquelinnes,56022,2020-07-07,0,42
Erquelinnes,56022,2020-07-08,0,42
Erquelinnes,56022,2020-07-09,0,42
Erquelinnes,56022,2020-07-10,0,42
Erquelinnes,56022,2020-07-11,0,42
Erquelinnes,56022,2020-07-14,0,42
Erquelinnes,56022,2020-07-15,0,42
Erquelinnes,56022,2020-07-16,0,42
Erquelinnes,56022,2020-07-17,0,42
Erquelinnes,56022,2020-07-18,0,42
Erquelinnes,56022,2020-07-20,0,42
Erquelinnes,56022,2020-07-21,0,42
Erquelinnes,56022,2020-07-22,0,42
Erquelinnes,56022,2020-07-23,0,42
Erquelinnes,56022,2020-07-24,0,42
Erquelinnes,56022,2020-07-25,0,42
Erquelinnes,56022,2020-07-26,0,42
Erquelinnes,56022,2020-07-27,0,42
Erquelinnes,56022,2020-07-28,0,42
Erquelinnes,56022,2020-07-29,0,42
Erquelinnes,56022,2020-07-30,0,42
Erquelinnes,56022,2020-07-31,0,42
Erquelinnes,56022,2020-08-01,0,42
Erquelinnes,56022,2020-08-02,0,42
Erquelinnes,56022,2020-08-03,1,43
Erquelinnes,56022,2020-08-04,0,43
Erquelinnes,56022,2020-08-05,0,43
Erquelinnes,56022,2020-08-06,0,43
Erquelinnes,56022,2020-08-07,0,43
Erquelinnes,56022,2020-08-08,0,43
Erquelinnes,56022,2020-08-09,0,43
Erquelinnes,56022,2020-08-10,0,43
Erquelinnes,56022,2020-08-11,0,43
Erquelinnes,56022,2020-08-12,0,43
Erquelinnes,56022,2020-08-13,0,43
Erquelinnes,56022,2020-08-14,0,43
Erquelinnes,56022,2020-08-15,0,43
Erquelinnes,56022,2020-08-16,0,43
Erquelinnes,56022,2020-08-17,0,43
Erquelinnes,56022,2020-08-18,0,43
Erquelinnes,56022,2020-08-19,0,43
Erquelinnes,56022,2020-08-20,0,43
Erquelinnes,56022,2020-08-21,0,43
Erquelinnes,56022,2020-08-22,0,43
Erquelinnes,56022,2020-08-23,0,43
Erquelinnes,56022,2020-08-24,0,43
Erquelinnes,56022,2020-08-25,0,43
Erquelinnes,56022,2020-08-26,0,43
Erquelinnes,56022,2020-08-27,1,44
Erquelinnes,56022,2020-08-28,0,44
Erquelinnes,56022,2020-08-29,0,44
Erquelinnes,56022,2020-08-30,0,44
Erquelinnes,56022,2020-08-31,1,45
Erquelinnes,56022,2020-09-01,0,45
Erquelinnes,56022,2020-09-02,0,45
Erquelinnes,56022,2020-09-03,0,45
Erquelinnes,56022,2020-09-04,1,46
Erquelinnes,56022,2020-09-05,0,46
Erquelinnes,56022,2020-09-06,0,46
Erquelinnes,56022,2020-09-07,2,48
Erquelinnes,56022,2020-09-08,0,48
Erquelinnes,56022,2020-09-09,0,48
Erquelinnes,56022,2020-09-10,1,49
Erquelinnes,56022,2020-09-11,1,50
Erquelinnes,56022,2020-09-12,0,50
Erquelinnes,56022,2020-09-13,3,53
Erquelinnes,56022,2020-09-14,1,54
Erquelinnes,56022,2020-09-15,1,55
Erquelinnes,56022,2020-09-16,1,56
Erquelinnes,56022,2020-09-17,0,56
Erquelinnes,56022,2020-09-18,0,56
Erquelinnes,56022,2020-09-19,1,57
Erquelinnes,56022,2020-09-20,1,58
Erquelinnes,56022,2020-09-21,0,58
Erquelinnes,56022,2020-09-22,0,58
Erquelinnes,56022,2020-09-23,2,60
Erquelinnes,56022,2020-09-24,1,61
Erquelinnes,56022,2020-09-25,2,63
Erquelinnes,56022,2020-09-26,1,64
Erquelinnes,56022,2020-09-27,0,64
Erquelinnes,56022,2020-09-28,0,64
Erquelinnes,56022,2020-09-29,0,64
Erquelinnes,56022,2020-09-30,1,65
Erquelinnes,56022,2020-10-01,2,67
Erquelinnes,56022,2020-10-02,3,70
Erquelinnes,56022,2020-10-03,4,74
Erquelinnes,56022,2020-10-04,2,76
Erquelinnes,56022,2020-10-05,1,77
Erquelinnes,56022,2020-10-06,8,85
Erquelinnes,56022,2020-10-07,1,86
Erquelinnes,56022,2020-10-08,3,89
Erquelinnes,56022,2020-10-09,5,94
Erquelinnes,56022,2020-10-10,4,98
Erquelinnes,56022,2020-10-11,11,109
Erquelinnes,56022,2020-10-12,2,111
Erquelinnes,56022,2020-10-13,2,113
Erquelinnes,56022,2020-10-14,5,118
Erquelinnes,56022,2020-10-15,11,129
Erquelinnes,56022,2020-10-16,17,146
Erquelinnes,56022,2020-10-17,6,152
Erquelinnes,56022,2020-10-18,10,162
Erquelinnes,56022,2020-10-19,8,170
Erquelinnes,56022,2020-10-20,14,184
Erquelinnes,56022,2020-10-21,12,196
Erquelinnes,56022,2020-10-22,12,208
Erquelinnes,56022,2020-10-23,8,216
Erquelinnes,56022,2020-10-24,9,225
Erquelinnes,56022,2020-10-25,13,238
Erquelinnes,56022,2020-10-26,12,250
Erquelinnes,56022,2020-10-27,11,261
Erquelinnes,56022,2020-10-28,19,280
Erquelinnes,56022,2020-10-29,19,299
Erquelinnes,56022,2020-10-30,13,312
Erquelinnes,56022,2020-10-31,33,345
Erquelinnes,56022,2020-11-01,15,360
Erquelinnes,56022,2020-11-02,19,379
Erquelinnes,56022,2020-11-03,7,386
Erquelinnes,56022,2020-11-04,3,389
Erquelinnes,56022,2020-11-05,29,418
Erquelinnes,56022,2020-11-06,16,434
Erquelinnes,56022,2020-11-07,9,443
Erquelinnes,56022,2020-11-08,8,451
Erquelinnes,56022,2020-11-09,13,464
Erquelinnes,56022,2020-11-10,3,467
Erquelinnes,56022,2020-11-11,6,473
Froidchapelle,56029,2020-04-01,0,0
Froidchapelle,56029,2020-04-02,0,0
Froidchapelle,56029,2020-04-03,0,0
Froidchapelle,56029,2020-04-04,0,0
Froidchapelle,56029,2020-04-05,0,0
Froidchapelle,56029,2020-04-06,0,0
Froidchapelle,56029,2020-04-07,0,0
Froidchapelle,56029,2020-04-08,0,0
Froidchapelle,56029,2020-04-09,0,0
Froidchapelle,56029,2020-04-10,0,0
Froidchapelle,56029,2020-04-11,0,0
Froidchapelle,56029,2020-04-12,0,0
Froidchapelle,56029,2020-04-13,0,0
Froidchapelle,56029,2020-04-14,0,0
Froidchapelle,56029,2020-04-15,0,0
Froidchapelle,56029,2020-04-16,0,0
Froidchapelle,56029,2020-04-17,0,0
Froidchapelle,56029,2020-04-18,0,0
Froidchapelle,56029,2020-04-19,0,0
Froidchapelle,56029,2020-04-20,0,0
Froidchapelle,56029,2020-04-21,0,0
Froidchapelle,56029,2020-04-22,0,0
Froidchapelle,56029,2020-04-23,0,0
Froidchapelle,56029,2020-04-24,0,0
Froidchapelle,56029,2020-04-25,0,0
Froidchapelle,56029,2020-04-26,0,0
Froidchapelle,56029,2020-04-27,0,0
Froidchapelle,56029,2020-04-28,0,0
Froidchapelle,56029,2020-04-29,0,0
Froidchapelle,56029,2020-04-30,0,0
Froidchapelle,56029,2020-05-01,0,0
Froidchapelle,56029,2020-05-02,0,0
Froidchapelle,56029,2020-05-03,0,0
Froidchapelle,56029,2020-05-04,0,0
Froidchapelle,56029,2020-05-05,0,0
Froidchapelle,56029,2020-05-06,0,0
Froidchapelle,56029,2020-05-07,0,0
Froidchapelle,56029,2020-05-08,0,0
Froidchapelle,56029,2020-05-09,0,0
Froidchapelle,56029,2020-05-10,0,0
Froidchapelle,56029,2020-05-11,0,0
Froidchapelle,56029,2020-05-12,0,0
Froidchapelle,56029,2020-05-13,0,0
Froidchapelle,56029,2020-05-14,0,0
Froidchapelle,56029,2020-05-15,0,0
Froidchapelle,56029,2020-05-16,0,0
Froidchapelle,56029,2020-05-17,0,0
Froidchapelle,56029,2020-05-18,0,0
Froidchapelle,56029,2020-05-19,0,0
Froidchapelle,56029,2020-05-20,0,0
Froidchapelle,56029,2020-05-21,0,0
Froidchapelle,56029,2020-05-22,0,0
Froidchapelle,56029,2020-05-23,0,0
Froidchapelle,56029,2020-05-24,0,0
Froidchapelle,56029,2020-05-25,5,5
Froidchapelle,56029,2020-05-26,0,5
Froidchapelle,56029,2020-05-27,0,5
Froidchapelle,56029,2020-05-28,0,5
Froidchapelle,56029,2020-05-29,0,5
Froidchapelle,56029,2020-05-30,0,5
Froidchapelle,56029,2020-05-31,0,5
Froidchapelle,56029,2020-06-01,0,5
Froidchapelle,56029,2020-06-02,0,5
Froidchapelle,56029,2020-06-03,0,5
Froidchapelle,56029,2020-06-04,0,5
Froidchapelle,56029,2020-06-05,0,5
Froidchapelle,56029,2020-06-06,0,5
Froidchapelle,56029,2020-06-07,0,5
Froidchapelle,56029,2020-06-08,0,5
Froidchapelle,56029,2020-06-09,0,5
Froidchapelle,56029,2020-06-10,0,5
Froidchapelle,56029,2020-06-11,0,5
Froidchapelle,56029,2020-06-12,0,5
Froidchapelle,56029,2020-06-13,0,5
Froidchapelle,56029,2020-06-14,0,5
Froidchapelle,56029,2020-06-15,0,5
Froidchapelle,56029,2020-06-16,0,5
Froidchapelle,56029,2020-06-17,0,5
Froidchapelle,56029,2020-06-18,0,5
Froidchapelle,56029,2020-06-19,0,5
Froidchapelle,56029,2020-06-20,0,5
Froidchapelle,56029,2020-06-23,0,5
Froidchapelle,56029,2020-06-24,0,5
Froidchapelle,56029,2020-06-25,0,5
Froidchapelle,56029,2020-06-26,0,5
Froidchapelle,56029,2020-06-27,0,5
Froidchapelle,56029,2020-06-30,0,5
Froidchapelle,56029,2020-07-01,0,5
Froidchapelle,56029,2020-07-02,0,5
Froidchapelle,56029,2020-07-03,1,6
Froidchapelle,56029,2020-07-04,0,6
Froidchapelle,56029,2020-07-07,0,6
Froidchapelle,56029,2020-07-08,0,6
Froidchapelle,56029,2020-07-09,0,6
Froidchapelle,56029,2020-07-10,0,6
Froidchapelle,56029,2020-07-11,0,6
Froidchapelle,56029,2020-07-14,0,6
Froidchapelle,56029,2020-07-15,0,6
Froidchapelle,56029,2020-07-16,0,6
Froidchapelle,56029,2020-07-17,0,6
Froidchapelle,56029,2020-07-18,0,6
Froidchapelle,56029,2020-07-20,0,6
Froidchapelle,56029,2020-07-21,0,6
Froidchapelle,56029,2020-07-22,0,6
Froidchapelle,56029,2020-07-23,0,6
Froidchapelle,56029,2020-07-24,0,6
Froidchapelle,56029,2020-07-25,0,6
Froidchapelle,56029,2020-07-26,0,6
Froidchapelle,56029,2020-07-27,0,6
Froidchapelle,56029,2020-07-28,0,6
Froidchapelle,56029,2020-07-29,0,6
Froidchapelle,56029,2020-07-30,0,6
Froidchapelle,56029,2020-07-31,0,6
Froidchapelle,56029,2020-08-01,0,6
Froidchapelle,56029,2020-08-02,0,6
Froidchapelle,56029,2020-08-03,0,6
Froidchapelle,56029,2020-08-04,0,6
Froidchapelle,56029,2020-08-05,0,6
Froidchapelle,56029,2020-08-06,0,6
Froidchapelle,56029,2020-08-07,0,6
Froidchapelle,56029,2020-08-08,0,6
Froidchapelle,56029,2020-08-09,0,6
Froidchapelle,56029,2020-08-10,0,6
Froidchapelle,56029,2020-08-11,0,6
Froidchapelle,56029,2020-08-12,0,6
Froidchapelle,56029,2020-08-13,0,6
Froidchapelle,56029,2020-08-14,0,6
Froidchapelle,56029,2020-08-15,0,6
Froidchapelle,56029,2020-08-16,0,6
Froidchapelle,56029,2020-08-17,0,6
Froidchapelle,56029,2020-08-18,0,6
Froidchapelle,56029,2020-08-19,0,6
Froidchapelle,56029,2020-08-20,0,6
Froidchapelle,56029,2020-08-21,0,6
Froidchapelle,56029,2020-08-22,0,6
Froidchapelle,56029,2020-08-23,0,6
Froidchapelle,56029,2020-08-24,0,6
Froidchapelle,56029,2020-08-25,0,6
Froidchapelle,56029,2020-08-26,0,6
Froidchapelle,56029,2020-08-27,0,6
Froidchapelle,56029,2020-08-28,0,6
Froidchapelle,56029,2020-08-29,0,6
Froidchapelle,56029,2020-08-30,0,6
Froidchapelle,56029,2020-08-31,0,6
Froidchapelle,56029,2020-09-01,0,6
Froidchapelle,56029,2020-09-02,0,6
Froidchapelle,56029,2020-09-03,0,6
Froidchapelle,56029,2020-09-04,0,6
Froidchapelle,56029,2020-09-05,0,6
Froidchapelle,56029,2020-09-06,0,6
Froidchapelle,56029,2020-09-07,0,6
Froidchapelle,56029,2020-09-08,1,7
Froidchapelle,56029,2020-09-09,0,7
Froidchapelle,56029,2020-09-10,0,7
Froidchapelle,56029,2020-09-11,0,7
Froidchapelle,56029,2020-09-12,0,7
Froidchapelle,56029,2020-09-13,0,7
Froidchapelle,56029,2020-09-14,0,7
Froidchapelle,56029,2020-09-15,0,7
Froidchapelle,56029,2020-09-16,0,7
Froidchapelle,56029,2020-09-17,1,8
Froidchapelle,56029,2020-09-18,0,8
Froidchapelle,56029,2020-09-19,1,9
Froidchapelle,56029,2020-09-20,0,9
Froidchapelle,56029,2020-09-21,0,9
Froidchapelle,56029,2020-09-22,0,9
Froidchapelle,56029,2020-09-23,0,9
Froidchapelle,56029,2020-09-24,1,10
Froidchapelle,56029,2020-09-25,1,11
Froidchapelle,56029,2020-09-26,0,11
Froidchapelle,56029,2020-09-27,1,12
Froidchapelle,56029,2020-09-28,0,12
Froidchapelle,56029,2020-09-29,0,12
Froidchapelle,56029,2020-09-30,0,12
Froidchapelle,56029,2020-10-01,1,13
Froidchapelle,56029,2020-10-02,2,15
Froidchapelle,56029,2020-10-03,0,15
Froidchapelle,56029,2020-10-04,1,16
Froidchapelle,56029,2020-10-05,0,16
Froidchapelle,56029,2020-10-06,0,16
Froidchapelle,56029,2020-10-07,0,16
Froidchapelle,56029,2020-10-08,1,17
Froidchapelle,56029,2020-10-09,6,23
Froidchapelle,56029,2020-10-10,0,23
Froidchapelle,56029,2020-10-11,2,25
Froidchapelle,56029,2020-10-12,1,26
Froidchapelle,56029,2020-10-13,3,29
Froidchapelle,56029,2020-10-14,3,32
Froidchapelle,56029,2020-10-15,1,33
Froidchapelle,56029,2020-10-16,2,35
Froidchapelle,56029,2020-10-17,4,39
Froidchapelle,56029,2020-10-18,2,41
Froidchapelle,56029,2020-10-19,2,43
Froidchapelle,56029,2020-10-20,4,47
Froidchapelle,56029,2020-10-21,4,51
Froidchapelle,56029,2020-10-22,3,54
Froidchapelle,56029,2020-10-23,3,57
Froidchapelle,56029,2020-10-24,5,62
Froidchapelle,56029,2020-10-25,4,66
Froidchapelle,56029,2020-10-26,8,74
Froidchapelle,56029,2020-10-27,7,81
Froidchapelle,56029,2020-10-28,3,84
Froidchapelle,56029,2020-10-29,11,95
Froidchapelle,56029,2020-10-30,7,102
Froidchapelle,56029,2020-10-31,4,106
Froidchapelle,56029,2020-11-01,7,113
Froidchapelle,56029,2020-11-02,8,121
Froidchapelle,56029,2020-11-03,5,126
Froidchapelle,56029,2020-11-04,0,126
Froidchapelle,56029,2020-11-05,4,130
Froidchapelle,56029,2020-11-06,1,131
Froidchapelle,56029,2020-11-07,2,133
Froidchapelle,56029,2020-11-08,2,135
Froidchapelle,56029,2020-11-09,8,143
Froidchapelle,56029,2020-11-10,0,143
Froidchapelle,56029,2020-11-11,1,144
Lobbes,56044,2020-04-01,1,10
Lobbes,56044,2020-04-02,0,10
Lobbes,56044,2020-04-03,0,10
Lobbes,56044,2020-04-04,2,12
Lobbes,56044,2020-04-05,1,13
Lobbes,56044,2020-04-06,2,15
Lobbes,56044,2020-04-07,1,16
Lobbes,56044,2020-04-08,0,16
Lobbes,56044,2020-04-09,0,16
Lobbes,56044,2020-04-10,0,16
Lobbes,56044,2020-04-11,0,16
Lobbes,56044,2020-04-12,0,16
Lobbes,56044,2020-04-13,0,16
Lobbes,56044,2020-04-14,0,16
Lobbes,56044,2020-04-15,1,17
Lobbes,56044,2020-04-16,0,17
Lobbes,56044,2020-04-17,0,17
Lobbes,56044,2020-04-18,1,18
Lobbes,56044,2020-04-19,0,18
Lobbes,56044,2020-04-20,0,18
Lobbes,56044,2020-04-21,0,18
Lobbes,56044,2020-04-22,3,21
Lobbes,56044,2020-04-23,0,21
Lobbes,56044,2020-04-24,1,22
Lobbes,56044,2020-04-25,0,22
Lobbes,56044,2020-04-26,0,22
Lobbes,56044,2020-04-27,0,22
Lobbes,56044,2020-04-28,0,22
Lobbes,56044,2020-04-29,0,22
Lobbes,56044,2020-04-30,0,22
Lobbes,56044,2020-05-01,0,22
Lobbes,56044,2020-05-02,0,22
Lobbes,56044,2020-05-03,0,22
Lobbes,56044,2020-05-04,0,22
Lobbes,56044,2020-05-05,0,22
Lobbes,56044,2020-05-06,0,22
Lobbes,56044,2020-05-07,0,22
Lobbes,56044,2020-05-08,0,22
Lobbes,56044,2020-05-09,0,22
Lobbes,56044,2020-05-10,0,22
Lobbes,56044,2020-05-11,0,22
Lobbes,56044,2020-05-12,0,22
Lobbes,56044,2020-05-13,0,22
Lobbes,56044,2020-05-14,0,22
Lobbes,56044,2020-05-15,0,22
Lobbes,56044,2020-05-16,0,22
Lobbes,56044,2020-05-17,0,22
Lobbes,56044,2020-05-18,1,23
Lobbes,56044,2020-05-19,0,23
Lobbes,56044,2020-05-20,0,23
Lobbes,56044,2020-05-21,0,23
Lobbes,56044,2020-05-22,0,23
Lobbes,56044,2020-05-23,0,23
Lobbes,56044,2020-05-24,0,23
Lobbes,56044,2020-05-25,0,23
Lobbes,56044,2020-05-26,0,23
Lobbes,56044,2020-05-27,0,23
Lobbes,56044,2020-05-28,0,23
Lobbes,56044,2020-05-29,0,23
Lobbes,56044,2020-05-30,0,23
Lobbes,56044,2020-05-31,0,23
Lobbes,56044,2020-06-01,0,23
Lobbes,56044,2020-06-02,0,23
Lobbes,56044,2020-06-03,0,23
Lobbes,56044,2020-06-04,1,24
Lobbes,56044,2020-06-05,0,24
Lobbes,56044,2020-06-06,0,24
Lobbes,56044,2020-06-07,0,24
Lobbes,56044,2020-06-08,0,24
Lobbes,56044,2020-06-09,0,24
Lobbes,56044,2020-06-10,0,24
Lobbes,56044,2020-06-11,0,24
Lobbes,56044,2020-06-12,0,24
Lobbes,56044,2020-06-13,0,24
Lobbes,56044,2020-06-14,0,24
Lobbes,56044,2020-06-15,0,24
Lobbes,56044,2020-06-16,0,24
Lobbes,56044,2020-06-17,0,24
Lobbes,56044,2020-06-18,0,24
Lobbes,56044,2020-06-19,0,24
Lobbes,56044,2020-06-20,0,24
Lobbes,56044,2020-06-23,1,25
Lobbes,56044,2020-06-24,0,25
Lobbes,56044,2020-06-25,0,25
Lobbes,56044,2020-06-26,0,25
Lobbes,56044,2020-06-27,0,25
Lobbes,56044,2020-06-30,1,26
Lobbes,56044,2020-07-01,0,26
Lobbes,56044,2020-07-02,0,26
Lobbes,56044,2020-07-03,0,26
Lobbes,56044,2020-07-04,0,26
Lobbes,56044,2020-07-07,0,26
Lobbes,56044,2020-07-08,0,26
Lobbes,56044,2020-07-09,0,26
Lobbes,56044,2020-07-10,0,26
Lobbes,56044,2020-07-11,0,26
Lobbes,56044,2020-07-14,0,26
Lobbes,56044,2020-07-15,0,26
Lobbes,56044,2020-07-16,0,26
Lobbes,56044,2020-07-17,0,26
Lobbes,56044,2020-07-18,0,26
Lobbes,56044,2020-07-20,0,26
Lobbes,56044,2020-07-21,0,26
Lobbes,56044,2020-07-22,0,26
Lobbes,56044,2020-07-23,0,26
Lobbes,56044,2020-07-24,0,26
Lobbes,56044,2020-07-25,0,26
Lobbes,56044,2020-07-26,0,26
Lobbes,56044,2020-07-27,0,26
Lobbes,56044,2020-07-28,0,26
Lobbes,56044,2020-07-29,0,26
Lobbes,56044,2020-07-30,0,26
Lobbes,56044,2020-07-31,1,27
Lobbes,56044,2020-08-01,0,27
Lobbes,56044,2020-08-02,0,27
Lobbes,56044,2020-08-03,0,27
Lobbes,56044,2020-08-04,0,27
Lobbes,56044,2020-08-05,0,27
Lobbes,56044,2020-08-06,0,27
Lobbes,56044,2020-08-07,0,27
Lobbes,56044,2020-08-08,0,27
Lobbes,56044,2020-08-09,1,28
Lobbes,56044,2020-08-10,0,28
Lobbes,56044,2020-08-11,1,29
Lobbes,56044,2020-08-12,0,29
Lobbes,56044,2020-08-13,0,29
Lobbes,56044,2020-08-14,0,29
Lobbes,56044,2020-08-15,0,29
Lobbes,56044,2020-08-16,0,29
Lobbes,56044,2020-08-17,0,29
Lobbes,56044,2020-08-18,0,29
Lobbes,56044,2020-08-19,0,29
Lobbes,56044,2020-08-20,3,32
Lobbes,56044,2020-08-21,2,34
Lobbes,56044,2020-08-22,1,35
Lobbes,56044,2020-08-23,0,35
Lobbes,56044,2020-08-24,0,35
Lobbes,56044,2020-08-25,1,36
Lobbes,56044,2020-08-26,0,36
Lobbes,56044,2020-08-27,1,37
Lobbes,56044,2020-08-28,0,37
Lobbes,56044,2020-08-29,0,37
Lobbes,56044,2020-08-30,1,38
Lobbes,56044,2020-08-31,0,38
Lobbes,56044,2020-09-01,0,38
Lobbes,56044,2020-09-02,0,38
Lobbes,56044,2020-09-03,0,38
Lobbes,56044,2020-09-04,1,39
Lobbes,56044,2020-09-05,3,42
Lobbes,56044,2020-09-06,0,42
Lobbes,56044,2020-09-07,0,42
Lobbes,56044,2020-09-08,1,43
Lobbes,56044,2020-09-09,0,43
Lobbes,56044,2020-09-10,1,44
Lobbes,56044,2020-09-11,0,44
Lobbes,56044,2020-09-12,0,44
Lobbes,56044,2020-09-13,0,44
Lobbes,56044,2020-09-14,2,46
Lobbes,56044,2020-09-15,0,46
Lobbes,56044,2020-09-16,1,47
Lobbes,56044,2020-09-17,0,47
Lobbes,56044,2020-09-18,0,47
Lobbes,56044,2020-09-19,1,48
Lobbes,56044,2020-09-20,1,49
Lobbes,56044,2020-09-21,1,50
Lobbes,56044,2020-09-22,1,51
Lobbes,56044,2020-09-23,0,51
Lobbes,56044,2020-09-24,1,52
Lobbes,56044,2020-09-25,0,52
Lobbes,56044,2020-09-26,0,52
Lobbes,56044,2020-09-27,0,52
Lobbes,56044,2020-09-28,0,52
Lobbes,56044,2020-09-29,2,54
Lobbes,56044,2020-09-30,2,56
Lobbes,56044,2020-10-01,3,59
Lobbes,56044,2020-10-02,2,61
Lobbes,56044,2020-10-03,3,64
Lobbes,56044,2020-10-04,1,65
Lobbes,56044,2020-10-05,0,65
Lobbes,56044,2020-10-06,1,66
Lobbes,56044,2020-10-07,3,69
Lobbes,56044,2020-10-08,1,70
Lobbes,56044,2020-10-09,7,77
Lobbes,56044,2020-10-10,4,81
Lobbes,56044,2020-10-11,14,95
Lobbes,56044,2020-10-12,5,100
Lobbes,56044,2020-10-13,2,102
Lobbes,56044,2020-10-14,9,111
Lobbes,56044,2020-10-15,12,123
Lobbes,56044,2020-10-16,21,144
Lobbes,56044,2020-10-17,4,148
Lobbes,56044,2020-10-18,9,157
Lobbes,56044,2020-10-19,4,161
Lobbes,56044,2020-10-20,2,163
Lobbes,56044,2020-10-21,14,177
Lobbes,56044,2020-10-22,10,187
Lobbes,56044,2020-10-23,12,199
Lobbes,56044,2020-10-24,7,206
Lobbes,56044,2020-10-25,16,222
Lobbes,56044,2020-10-26,19,241
Lobbes,56044,2020-10-27,7,248
Lobbes,56044,2020-10-28,15,263
Lobbes,56044,2020-10-29,32,295
Lobbes,56044,2020-10-30,21,316
Lobbes,56044,2020-10-31,17,333
Lobbes,56044,2020-11-01,24,357
Lobbes,56044,2020-11-02,5,362
Lobbes,56044,2020-11-03,5,367
Lobbes,56044,2020-11-04,5,372
Lobbes,56044,2020-11-05,13,385
Lobbes,56044,2020-11-06,12,397
Lobbes,56044,2020-11-07,10,407
Lobbes,56044,2020-11-08,4,411
Lobbes,56044,2020-11-09,13,424
Lobbes,56044,2020-11-10,2,426
Lobbes,56044,2020-11-11,2,428
Merbes-le-Château,56049,2020-04-01,0,0
Merbes-le-Château,56049,2020-04-02,0,0
Merbes-le-Château,56049,2020-04-03,0,0
Merbes-le-Château,56049,2020-04-04,6,6
Merbes-le-Château,56049,2020-04-05,1,7
Merbes-le-Château,56049,2020-04-06,0,7
Merbes-le-Château,56049,2020-04-07,1,8
Merbes-le-Château,56049,2020-04-08,0,8
Merbes-le-Château,56049,2020-04-09,0,8
Merbes-le-Château,56049,2020-04-10,0,8
Merbes-le-Château,56049,2020-04-11,0,8
Merbes-le-Château,56049,2020-04-12,1,9
Merbes-le-Château,56049,2020-04-13,0,9
Merbes-le-Château,56049,2020-04-14,0,9
Merbes-le-Château,56049,2020-04-15,1,10
Merbes-le-Château,56049,2020-04-16,-1,9
Merbes-le-Château,56049,2020-04-17,1,10
Merbes-le-Château,56049,2020-04-18,0,10
Merbes-le-Château,56049,2020-04-19,0,10
Merbes-le-Château,56049,2020-04-20,0,10
Merbes-le-Château,56049,2020-04-21,0,10
Merbes-le-Château,56049,2020-04-22,1,11
Merbes-le-Château,56049,2020-04-23,0,11
Merbes-le-Château,56049,2020-04-24,0,11
Merbes-le-Château,56049,2020-04-25,0,11
Merbes-le-Château,56049,2020-04-26,0,11
Merbes-le-Château,56049,2020-04-27,0,11
Merbes-le-Château,56049,2020-04-28,0,11
Merbes-le-Château,56049,2020-04-29,0,11
Merbes-le-Château,56049,2020-04-30,1,12
Merbes-le-Château,56049,2020-05-01,0,12
Merbes-le-Château,56049,2020-05-02,0,12
Merbes-le-Château,56049,2020-05-03,0,12
Merbes-le-Château,56049,2020-05-04,0,12
Merbes-le-Château,56049,2020-05-05,0,12
Merbes-le-Château,56049,2020-05-06,0,12
Merbes-le-Château,56049,2020-05-07,1,13
Merbes-le-Château,56049,2020-05-08,0,13
Merbes-le-Château,56049,2020-05-09,0,13
Merbes-le-Château,56049,2020-05-10,0,13
Merbes-le-Château,56049,2020-05-11,0,13
Merbes-le-Château,56049,2020-05-12,0,13
Merbes-le-Château,56049,2020-05-13,0,13
Merbes-le-Château,56049,2020-05-14,0,13
Merbes-le-Château,56049,2020-05-15,0,13
Merbes-le-Château,56049,2020-05-16,0,13
Merbes-le-Château,56049,2020-05-17,0,13
Merbes-le-Château,56049,2020-05-18,0,13
Merbes-le-Château,56049,2020-05-19,0,13
Merbes-le-Château,56049,2020-05-20,0,13
Merbes-le-Château,56049,2020-05-21,0,13
Merbes-le-Château,56049,2020-05-22,0,13
Merbes-le-Château,56049,2020-05-23,0,13
Merbes-le-Château,56049,2020-05-24,0,13
Merbes-le-Château,56049,2020-05-25,0,13
Merbes-le-Château,56049,2020-05-26,0,13
Merbes-le-Château,56049,2020-05-27,0,13
Merbes-le-Château,56049,2020-05-28,0,13
Merbes-le-Château,56049,2020-05-29,0,13
Merbes-le-Château,56049,2020-05-30,0,13
Merbes-le-Château,56049,2020-05-31,0,13
Merbes-le-Château,56049,2020-06-01,0,13
Merbes-le-Château,56049,2020-06-02,0,13
Merbes-le-Château,56049,2020-06-03,0,13
Merbes-le-Château,56049,2020-06-04,0,13
Merbes-le-Château,56049,2020-06-05,0,13
Merbes-le-Château,56049,2020-06-06,0,13
Merbes-le-Château,56049,2020-06-07,0,13
Merbes-le-Château,56049,2020-06-08,0,13
Merbes-le-Château,56049,2020-06-09,0,13
Merbes-le-Château,56049,2020-06-10,0,13
Merbes-le-Château,56049,2020-06-11,0,13
Merbes-le-Château,56049,2020-06-12,1,14
Merbes-le-Château,56049,2020-06-13,0,14
Merbes-le-Château,56049,2020-06-14,0,14
Merbes-le-Château,56049,2020-06-15,0,14
Merbes-le-Château,56049,2020-06-16,0,14
Merbes-le-Château,56049,2020-06-17,0,14
Merbes-le-Château,56049,2020-06-18,0,14
Merbes-le-Château,56049,2020-06-19,0,14
Merbes-le-Château,56049,2020-06-20,0,14
Merbes-le-Château,56049,2020-06-23,0,14
Merbes-le-Château,56049,2020-06-24,0,14
Merbes-le-Château,56049,2020-06-25,0,14
Merbes-le-Château,56049,2020-06-26,0,14
Merbes-le-Château,56049,2020-06-27,0,14
Merbes-le-Château,56049,2020-06-30,0,14
Merbes-le-Château,56049,2020-07-01,0,14
Merbes-le-Château,56049,2020-07-02,0,14
Merbes-le-Château,56049,2020-07-03,0,14
Merbes-le-Château,56049,2020-07-04,0,14
Merbes-le-Château,56049,2020-07-07,0,14
Merbes-le-Château,56049,2020-07-08,0,14
Merbes-le-Château,56049,2020-07-09,0,14
Merbes-le-Château,56049,2020-07-10,0,14
Merbes-le-Château,56049,2020-07-11,0,14
Merbes-le-Château,56049,2020-07-14,0,14
Merbes-le-Château,56049,2020-07-15,0,14
Merbes-le-Château,56049,2020-07-16,0,14
Merbes-le-Château,56049,2020-07-17,0,14
Merbes-le-Château,56049,2020-07-18,0,14
Merbes-le-Château,56049,2020-07-20,0,14
Merbes-le-Château,56049,2020-07-21,0,14
Merbes-le-Château,56049,2020-07-22,0,14
Merbes-le-Château,56049,2020-07-23,0,14
Merbes-le-Château,56049,2020-07-24,0,14
Merbes-le-Château,56049,2020-07-25,0,14
Merbes-le-Château,56049,2020-07-26,0,14
Merbes-le-Château,56049,2020-07-27,0,14
Merbes-le-Château,56049,2020-07-28,0,14
Merbes-le-Château,56049,2020-07-29,0,14
Merbes-le-Château,56049,2020-07-30,0,14
Merbes-le-Château,56049,2020-07-31,0,14
Merbes-le-Château,56049,2020-08-01,0,14
Merbes-le-Château,56049,2020-08-02,0,14
Merbes-le-Château,56049,2020-08-03,0,14
Merbes-le-Château,56049,2020-08-04,0,14
Merbes-le-Château,56049,2020-08-05,0,14
Merbes-le-Château,56049,2020-08-06,0,14
Merbes-le-Château,56049,2020-08-07,0,14
Merbes-le-Château,56049,2020-08-08,0,14
Merbes-le-Château,56049,2020-08-09,0,14
Merbes-le-Château,56049,2020-08-10,0,14
Merbes-le-Château,56049,2020-08-11,0,14
Merbes-le-Château,56049,2020-08-12,0,14
Merbes-le-Château,56049,2020-08-13,0,14
Merbes-le-Château,56049,2020-08-14,0,14
Merbes-le-Château,56049,2020-08-15,0,14
Merbes-le-Château,56049,2020-08-16,0,14
Merbes-le-Château,56049,2020-08-17,0,14
Merbes-le-Château,56049,2020-08-18,0,14
Merbes-le-Château,56049,2020-08-19,0,14
Merbes-le-Château,56049,2020-08-20,1,15
Merbes-le-Château,56049,2020-08-21,0,15
Merbes-le-Château,56049,2020-08-22,0,15
Merbes-le-Château,56049,2020-08-23,1,16
Merbes-le-Château,56049,2020-08-24,2,18
Merbes-le-Château,56049,2020-08-25,0,18
Merbes-le-Château,56049,2020-08-26,0,18
Merbes-le-Château,56049,2020-08-27,0,18
Merbes-le-Château,56049,2020-08-28,0,18
Merbes-le-Château,56049,2020-08-29,0,18
Merbes-le-Château,56049,2020-08-30,0,18
Merbes-le-Château,56049,2020-08-31,0,18
Merbes-le-Château,56049,2020-09-01,0,18
Merbes-le-Château,56049,2020-09-02,0,18
Merbes-le-Château,56049,2020-09-03,0,18
Merbes-le-Château,56049,2020-09-04,0,18
Merbes-le-Château,56049,2020-09-05,0,18
Merbes-le-Château,56049,2020-09-06,0,18
Merbes-le-Château,56049,2020-09-07,0,18
Merbes-le-Château,56049,2020-09-08,0,18
Merbes-le-Château,56049,2020-09-09,0,18
Merbes-le-Château,56049,2020-09-10,0,18
Merbes-le-Château,56049,2020-09-11,0,18
Merbes-le-Château,56049,2020-09-12,0,18
Merbes-le-Château,56049,2020-09-13,0,18
Merbes-le-Château,56049,2020-09-14,0,18
Merbes-le-Château,56049,2020-09-15,0,18
Merbes-le-Château,56049,2020-09-16,0,18
Merbes-le-Château,56049,2020-09-17,0,18
Merbes-le-Château,56049,2020-09-18,0,18
Merbes-le-Château,56049,2020-09-19,0,18
Merbes-le-Château,56049,2020-09-20,0,18
Merbes-le-Château,56049,2020-09-21,0,18
Merbes-le-Château,56049,2020-09-22,0,18
Merbes-le-Château,56049,2020-09-23,0,18
Merbes-le-Château,56049,2020-09-24,3,21
Merbes-le-Château,56049,2020-09-25,0,21
Merbes-le-Château,56049,2020-09-26,0,21
Merbes-le-Château,56049,2020-09-27,0,21
Merbes-le-Château,56049,2020-09-28,0,21
Merbes-le-Château,56049,2020-09-29,0,21
Merbes-le-Château,56049,2020-09-30,0,21
Merbes-le-Château,56049,2020-10-01,0,21
Merbes-le-Château,56049,2020-10-02,0,21
Merbes-le-Château,56049,2020-10-03,0,21
Merbes-le-Château,56049,2020-10-04,0,21
Merbes-le-Château,56049,2020-10-05,3,24
Merbes-le-Château,56049,2020-10-06,0,24
Merbes-le-Château,56049,2020-10-07,1,25
Merbes-le-Château,56049,2020-10-08,1,26
Merbes-le-Château,56049,2020-10-09,3,29
Merbes-le-Château,56049,2020-10-10,2,31
Merbes-le-Château,56049,2020-10-11,2,33
Merbes-le-Château,56049,2020-10-12,1,34
Merbes-le-Château,56049,2020-10-13,5,39
Merbes-le-Château,56049,2020-10-14,1,40
Merbes-le-Château,56049,2020-10-15,3,43
Merbes-le-Château,56049,2020-10-16,6,49
Merbes-le-Château,56049,2020-10-17,3,52
Merbes-le-Château,56049,2020-10-18,8,60
Merbes-le-Château,56049,2020-10-19,12,72
Merbes-le-Château,56049,2020-10-20,5,77
Merbes-le-Château,56049,2020-10-21,8,85
Merbes-le-Château,56049,2020-10-22,16,101
Merbes-le-Château,56049,2020-10-23,4,105
Merbes-le-Château,56049,2020-10-24,13,118
Merbes-le-Château,56049,2020-10-25,8,126
Merbes-le-Château,56049,2020-10-26,14,140
Merbes-le-Château,56049,2020-10-27,4,144
Merbes-le-Château,56049,2020-10-28,20,164
Merbes-le-Château,56049,2020-10-29,12,176
Merbes-le-Château,56049,2020-10-30,13,189
Merbes-le-Château,56049,2020-10-31,18,207
Merbes-le-Château,56049,2020-11-01,6,213
Merbes-le-Château,56049,2020-11-02,7,220
Merbes-le-Château,56049,2020-11-03,1,221
Merbes-le-Château,56049,2020-11-04,1,222
Merbes-le-Château,56049,2020-11-05,6,228
Merbes-le-Château,56049,2020-11-06,6,234
Merbes-le-Château,56049,2020-11-07,2,236
Merbes-le-Château,56049,2020-11-08,1,237
Merbes-le-Château,56049,2020-11-09,2,239
Merbes-le-Château,56049,2020-11-10,0,239
Merbes-le-Château,56049,2020-11-11,4,243
Momignies,56051,2020-04-01,0,6
Momignies,56051,2020-04-02,0,6
Momignies,56051,2020-04-03,0,6
Momignies,56051,2020-04-04,0,6
Momignies,56051,2020-04-05,0,6
Momignies,56051,2020-04-06,0,6
Momignies,56051,2020-04-07,0,6
Momignies,56051,2020-04-08,0,6
Momignies,56051,2020-04-09,0,6
Momignies,56051,2020-04-10,1,7
Momignies,56051,2020-04-11,0,7
Momignies,56051,2020-04-12,1,8
Momignies,56051,2020-04-13,0,8
Momignies,56051,2020-04-14,0,8
Momignies,56051,2020-04-15,0,8
Momignies,56051,2020-04-16,0,8
Momignies,56051,2020-04-17,0,8
Momignies,56051,2020-04-18,0,8
Momignies,56051,2020-04-19,0,8
Momignies,56051,2020-04-20,1,9
Momignies,56051,2020-04-21,0,9
Momignies,56051,2020-04-22,0,9
Momignies,56051,2020-04-23,0,9
Momignies,56051,2020-04-24,0,9
Momignies,56051,2020-04-25,0,9
Momignies,56051,2020-04-26,0,9
Momignies,56051,2020-04-27,0,9
Momignies,56051,2020-04-28,0,9
Momignies,56051,2020-04-29,0,9
Momignies,56051,2020-04-30,0,9
Momignies,56051,2020-05-01,0,9
Momignies,56051,2020-05-02,0,9
Momignies,56051,2020-05-03,0,9
Momignies,56051,2020-05-04,0,9
Momignies,56051,2020-05-05,0,9
Momignies,56051,2020-05-06,0,9
Momignies,56051,2020-05-07,0,9
Momignies,56051,2020-05-08,0,9
Momignies,56051,2020-05-09,0,9
Momignies,56051,2020-05-10,0,9
Momignies,56051,2020-05-11,1,10
Momignies,56051,2020-05-12,0,10
Momignies,56051,2020-05-13,0,10
Momignies,56051,2020-05-14,0,10
Momignies,56051,2020-05-15,0,10
Momignies,56051,2020-05-16,0,10
Momignies,56051,2020-05-17,0,10
Momignies,56051,2020-05-18,0,10
Momignies,56051,2020-05-19,0,10
Momignies,56051,2020-05-20,1,11
Momignies,56051,2020-05-21,0,11
Momignies,56051,2020-05-22,0,11
Momignies,56051,2020-05-23,0,11
Momignies,56051,2020-05-24,0,11
Momignies,56051,2020-05-25,0,11
Momignies,56051,2020-05-26,0,11
Momignies,56051,2020-05-27,0,11
Momignies,56051,2020-05-28,0,11
Momignies,56051,2020-05-29,0,11
Momignies,56051,2020-05-30,0,11
Momignies,56051,2020-05-31,0,11
Momignies,56051,2020-06-01,0,11
Momignies,56051,2020-06-02,0,11
Momignies,56051,2020-06-03,0,11
Momignies,56051,2020-06-04,0,11
Momignies,56051,2020-06-05,0,11
Momignies,56051,2020-06-06,0,11
Momignies,56051,2020-06-07,0,11
Momignies,56051,2020-06-08,0,11
Momignies,56051,2020-06-09,0,11
Momignies,56051,2020-06-10,0,11
Momignies,56051,2020-06-11,0,11
Momignies,56051,2020-06-12,0,11
Momignies,56051,2020-06-13,0,11
Momignies,56051,2020-06-14,0,11
Momignies,56051,2020-06-15,0,11
Momignies,56051,2020-06-16,0,11
Momignies,56051,2020-06-17,0,11
Momignies,56051,2020-06-18,0,11
Momignies,56051,2020-06-19,0,11
Momignies,56051,2020-06-20,0,11
Momignies,56051,2020-06-23,0,11
Momignies,56051,2020-06-24,0,11
Momignies,56051,2020-06-25,0,11
Momignies,56051,2020-06-26,0,11
Momignies,56051,2020-06-27,0,11
Momignies,56051,2020-06-30,0,11
Momignies,56051,2020-07-01,0,11
Momignies,56051,2020-07-02,0,11
Momignies,56051,2020-07-03,0,11
Momignies,56051,2020-07-04,0,11
Momignies,56051,2020-07-07,0,11
Momignies,56051,2020-07-08,0,11
Momignies,56051,2020-07-09,0,11
Momignies,56051,2020-07-10,0,11
Momignies,56051,2020-07-11,0,11
Momignies,56051,2020-07-14,0,11
Momignies,56051,2020-07-15,0,11
Momignies,56051,2020-07-16,0,11
Momignies,56051,2020-07-17,0,11
Momignies,56051,2020-07-18,0,11
Momignies,56051,2020-07-20,0,11
Momignies,56051,2020-07-21,0,11
Momignies,56051,2020-07-22,0,11
Momignies,56051,2020-07-23,0,11
Momignies,56051,2020-07-24,0,11
Momignies,56051,2020-07-25,0,11
Momignies,56051,2020-07-26,0,11
Momignies,56051,2020-07-27,0,11
Momignies,56051,2020-07-28,0,11
Momignies,56051,2020-07-29,0,11
Momignies,56051,2020-07-30,0,11
Momignies,56051,2020-07-31,0,11
Momignies,56051,2020-08-01,0,11
Momignies,56051,2020-08-02,0,11
Momignies,56051,2020-08-03,0,11
Momignies,56051,2020-08-04,0,11
Momignies,56051,2020-08-05,0,11
Momignies,56051,2020-08-06,0,11
Momignies,56051,2020-08-07,0,11
Momignies,56051,2020-08-08,0,11
Momignies,56051,2020-08-09,0,11
Momignies,56051,2020-08-10,0,11
Momignies,56051,2020-08-11,0,11
Momignies,56051,2020-08-12,0,11
Momignies,56051,2020-08-13,0,11
Momignies,56051,2020-08-14,0,11
Momignies,56051,2020-08-15,0,11
Momignies,56051,2020-08-16,0,11
Momignies,56051,2020-08-17,0,11
Momignies,56051,2020-08-18,0,11
Momignies,56051,2020-08-19,0,11
Momignies,56051,2020-08-20,0,11
Momignies,56051,2020-08-21,0,11
Momignies,56051,2020-08-22,0,11
Momignies,56051,2020-08-23,0,11
Momignies,56051,2020-08-24,0,11
Momignies,56051,2020-08-25,0,11
Momignies,56051,2020-08-26,0,11
Momignies,56051,2020-08-27,0,11
Momignies,56051,2020-08-28,0,11
Momignies,56051,2020-08-29,0,11
Momignies,56051,2020-08-30,0,11
Momignies,56051,2020-08-31,0,11
Momignies,56051,2020-09-01,0,11
Momignies,56051,2020-09-02,0,11
Momignies,56051,2020-09-03,0,11
Momignies,56051,2020-09-04,0,11
Momignies,56051,2020-09-05,0,11
Momignies,56051,2020-09-06,0,11
Momignies,56051,2020-09-07,0,11
Momignies,56051,2020-09-08,0,11
Momignies,56051,2020-09-09,0,11
Momignies,56051,2020-09-10,0,11
Momignies,56051,2020-09-11,0,11
Momignies,56051,2020-09-12,0,11
Momignies,56051,2020-09-13,1,12
Momignies,56051,2020-09-14,0,12
Momignies,56051,2020-09-15,0,12
Momignies,56051,2020-09-16,0,12
Momignies,56051,2020-09-17,0,12
Momignies,56051,2020-09-18,0,12
Momignies,56051,2020-09-19,0,12
Momignies,56051,2020-09-20,1,13
Momignies,56051,2020-09-21,0,13
Momignies,56051,2020-09-22,0,13
Momignies,56051,2020-09-23,0,13
Momignies,56051,2020-09-24,1,14
Momignies,56051,2020-09-25,0,14
Momignies,56051,2020-09-26,2,16
Momignies,56051,2020-09-27,0,16
Momignies,56051,2020-09-28,0,16
Momignies,56051,2020-09-29,0,16
Momignies,56051,2020-09-30,1,17
Momignies,56051,2020-10-01,0,17
Momignies,56051,2020-10-02,1,18
Momignies,56051,2020-10-03,1,19
Momignies,56051,2020-10-04,0,19
Momignies,56051,2020-10-05,0,19
Momignies,56051,2020-10-06,0,19
Momignies,56051,2020-10-07,0,19
Momignies,56051,2020-10-08,0,19
Momignies,56051,2020-10-09,0,19
Momignies,56051,2020-10-10,1,20
Momignies,56051,2020-10-11,1,21
Momignies,56051,2020-10-12,3,24
Momignies,56051,2020-10-13,1,25
Momignies,56051,2020-10-14,0,25
Momignies,56051,2020-10-15,5,30
Momignies,56051,2020-10-16,2,32
Momignies,56051,2020-10-17,0,32
Momignies,56051,2020-10-18,2,34
Momignies,56051,2020-10-19,2,36
Momignies,56051,2020-10-20,2,38
Momignies,56051,2020-10-21,4,42
Momignies,56051,2020-10-22,11,53
Momignies,56051,2020-10-23,5,58
Momignies,56051,2020-10-24,19,77
Momignies,56051,2020-10-25,7,84
Momignies,56051,2020-10-26,3,87
Momignies,56051,2020-10-27,9,96
Momignies,56051,2020-10-28,5,101
Momignies,56051,2020-10-29,15,116
Momignies,56051,2020-10-30,14,130
Momignies,56051,2020-10-31,12,142
Momignies,56051,2020-11-01,5,147
Momignies,56051,2020-11-02,11,158
Momignies,56051,2020-11-03,10,168
Momignies,56051,2020-11-04,1,169
Momignies,56051,2020-11-05,10,179
Momignies,56051,2020-11-06,2,181
Momignies,56051,2020-11-07,9,190
Momignies,56051,2020-11-08,0,190
Momignies,56051,2020-11-09,15,205
Momignies,56051,2020-11-10,0,205
Momignies,56051,2020-11-11,4,209
Thuin,56078,2020-04-01,0,11
Thuin,56078,2020-04-02,1,12
Thuin,56078,2020-04-03,1,13
Thuin,56078,2020-04-04,1,14
Thuin,56078,2020-04-05,0,14
Thuin,56078,2020-04-06,1,15
Thuin,56078,2020-04-07,2,17
Thuin,56078,2020-04-08,1,18
Thuin,56078,2020-04-09,0,18
Thuin,56078,2020-04-10,0,18
Thuin,56078,2020-04-11,2,20
Thuin,56078,2020-04-12,0,20
Thuin,56078,2020-04-13,0,20
Thuin,56078,2020-04-14,0,20
Thuin,56078,2020-04-15,3,23
Thuin,56078,2020-04-16,-1,22
Thuin,56078,2020-04-17,0,22
Thuin,56078,2020-04-18,0,22
Thuin,56078,2020-04-19,0,22
Thuin,56078,2020-04-20,0,22
Thuin,56078,2020-04-21,2,24
Thuin,56078,2020-04-22,4,28
Thuin,56078,2020-04-23,0,28
Thuin,56078,2020-04-24,0,28
Thuin,56078,2020-04-25,0,28
Thuin,56078,2020-04-26,1,29
Thuin,56078,2020-04-27,0,29
Thuin,56078,2020-04-28,0,29
Thuin,56078,2020-04-29,0,29
Thuin,56078,2020-04-30,0,29
Thuin,56078,2020-05-01,1,30
Thuin,56078,2020-05-02,0,30
Thuin,56078,2020-05-03,0,30
Thuin,56078,2020-05-04,0,30
Thuin,56078,2020-05-05,0,30
Thuin,56078,2020-05-06,0,30
Thuin,56078,2020-05-07,0,30
Thuin,56078,2020-05-08,0,30
Thuin,56078,2020-05-09,0,30
Thuin,56078,2020-05-10,0,30
Thuin,56078,2020-05-11,0,30
Thuin,56078,2020-05-12,0,30
Thuin,56078,2020-05-13,0,30
Thuin,56078,2020-05-14,0,30
Thuin,56078,2020-05-15,0,30
Thuin,56078,2020-05-16,1,31
Thuin,56078,2020-05-17,1,32
Thuin,56078,2020-05-18,0,32
Thuin,56078,2020-05-19,0,32
Thuin,56078,2020-05-20,2,34
Thuin,56078,2020-05-21,0,34
Thuin,56078,2020-05-22,0,34
Thuin,56078,2020-05-23,0,34
Thuin,56078,2020-05-24,1,35
Thuin,56078,2020-05-25,0,35
Thuin,56078,2020-05-26,0,35
Thuin,56078,2020-05-27,0,35
Thuin,56078,2020-05-28,1,36
Thuin,56078,2020-05-29,0,36
Thuin,56078,2020-05-30,1,37
Thuin,56078,2020-05-31,0,37
Thuin,56078,2020-06-01,0,37
Thuin,56078,2020-06-02,0,37
Thuin,56078,2020-06-03,0,37
Thuin,56078,2020-06-04,0,37
Thuin,56078,2020-06-05,0,37
Thuin,56078,2020-06-06,0,37
Thuin,56078,2020-06-07,1,38
Thuin,56078,2020-06-08,0,38
Thuin,56078,2020-06-09,0,38
Thuin,56078,2020-06-10,0,38
Thuin,56078,2020-06-11,0,38
Thuin,56078,2020-06-12,0,38
Thuin,56078,2020-06-13,0,38
Thuin,56078,2020-06-14,1,39
Thuin,56078,2020-06-15,0,39
Thuin,56078,2020-06-16,0,39
Thuin,56078,2020-06-17,0,39
Thuin,56078,2020-06-18,0,39
Thuin,56078,2020-06-19,0,39
Thuin,56078,2020-06-20,0,39
Thuin,56078,2020-06-23,0,39
Thuin,56078,2020-06-24,1,40
Thuin,56078,2020-06-25,0,40
Thuin,56078,2020-06-26,0,40
Thuin,56078,2020-06-27,1,41
Thuin,56078,2020-06-30,1,42
Thuin,56078,2020-07-01,0,42
Thuin,56078,2020-07-02,0,42
Thuin,56078,2020-07-03,0,42
Thuin,56078,2020-07-04,0,42
Thuin,56078,2020-07-07,0,42
Thuin,56078,2020-07-08,0,42
Thuin,56078,2020-07-09,0,42
Thuin,56078,2020-07-10,0,42
Thuin,56078,2020-07-11,0,42
Thuin,56078,2020-07-14,0,42
Thuin,56078,2020-07-15,0,42
Thuin,56078,2020-07-16,0,42
Thuin,56078,2020-07-17,0,42
Thuin,56078,2020-07-18,0,42
Thuin,56078,2020-07-20,0,42
Thuin,56078,2020-07-21,0,42
Thuin,56078,2020-07-22,0,42
Thuin,56078,2020-07-23,0,42
Thuin,56078,2020-07-24,0,42
Thuin,56078,2020-07-25,0,42
Thuin,56078,2020-07-26,0,42
Thuin,56078,2020-07-27,0,42
Thuin,56078,2020-07-28,0,42
Thuin,56078,2020-07-29,0,42
Thuin,56078,2020-07-30,1,43
Thuin,56078,2020-07-31,0,43
Thuin,56078,2020-08-01,1,44
Thuin,56078,2020-08-02,0,44
Thuin,56078,2020-08-03,0,44
Thuin,56078,2020-08-04,0,44
Thuin,56078,2020-08-05,0,44
Thuin,56078,2020-08-06,3,47
Thuin,56078,2020-08-07,2,49
Thuin,56078,2020-08-08,1,50
Thuin,56078,2020-08-09,0,50
Thuin,56078,2020-08-10,2,52
Thuin,56078,2020-08-11,0,52
Thuin,56078,2020-08-12,0,52
Thuin,56078,2020-08-13,0,52
Thuin,56078,2020-08-14,0,52
Thuin,56078,2020-08-15,0,52
Thuin,56078,2020-08-16,1,53
Thuin,56078,2020-08-17,1,54
Thuin,56078,2020-08-18,0,54
Thuin,56078,2020-08-19,0,54
Thuin,56078,2020-08-20,0,54
Thuin,56078,2020-08-21,0,54
Thuin,56078,2020-08-22,0,54
Thuin,56078,2020-08-23,2,56
Thuin,56078,2020-08-24,0,56
Thuin,56078,2020-08-25,0,56
Thuin,56078,2020-08-26,0,56
Thuin,56078,2020-08-27,0,56
Thuin,56078,2020-08-28,0,56
Thuin,56078,2020-08-29,0,56
Thuin,56078,2020-08-30,0,56
Thuin,56078,2020-08-31,0,56
Thuin,56078,2020-09-01,0,56
Thuin,56078,2020-09-02,0,56
Thuin,56078,2020-09-03,0,56
Thuin,56078,2020-09-04,0,56
Thuin,56078,2020-09-05,0,56
Thuin,56078,2020-09-06,1,57
Thuin,56078,2020-09-07,0,57
Thuin,56078,2020-09-08,0,57
Thuin,56078,2020-09-09,0,57
Thuin,56078,2020-09-10,0,57
Thuin,56078,2020-09-11,0,57
Thuin,56078,2020-09-12,1,58
Thuin,56078,2020-09-13,0,58
Thuin,56078,2020-09-14,2,60
Thuin,56078,2020-09-15,0,60
Thuin,56078,2020-09-16,1,61
Thuin,56078,2020-09-17,0,61
Thuin,56078,2020-09-18,1,62
Thuin,56078,2020-09-19,1,63
Thuin,56078,2020-09-20,0,63
Thuin,56078,2020-09-21,0,63
Thuin,56078,2020-09-22,2,65
Thuin,56078,2020-09-23,3,68
Thuin,56078,2020-09-24,2,70
Thuin,56078,2020-09-25,1,71
Thuin,56078,2020-09-26,1,72
Thuin,56078,2020-09-27,1,73
Thuin,56078,2020-09-28,0,73
Thuin,56078,2020-09-29,2,75
Thuin,56078,2020-09-30,1,76
Thuin,56078,2020-10-01,2,78
Thuin,56078,2020-10-02,5,83
Thuin,56078,2020-10-03,6,89
Thuin,56078,2020-10-04,3,92
Thuin,56078,2020-10-05,4,96
Thuin,56078,2020-10-06,4,100
Thuin,56078,2020-10-07,5,105
Thuin,56078,2020-10-08,4,109
Thuin,56078,2020-10-09,8,117
Thuin,56078,2020-10-10,3,120
Thuin,56078,2020-10-11,13,133
Thuin,56078,2020-10-12,15,148
Thuin,56078,2020-10-13,6,154
Thuin,56078,2020-10-14,21,175
Thuin,56078,2020-10-15,7,182
Thuin,56078,2020-10-16,30,212
Thuin,56078,2020-10-17,19,231
Thuin,56078,2020-10-18,26,257
Thuin,56078,2020-10-19,9,266
Thuin,56078,2020-10-20,22,288
Thuin,56078,2020-10-21,20,308
Thuin,56078,2020-10-22,19,327
Thuin,56078,2020-10-23,41,368
Thuin,56078,2020-10-24,36,404
Thuin,56078,2020-10-25,47,451
Thuin,56078,2020-10-26,28,479
Thuin,56078,2020-10-27,16,495
Thuin,56078,2020-10-28,24,519
Thuin,56078,2020-10-29,47,566
Thuin,56078,2020-10-30,49,615
Thuin,56078,2020-10-31,54,669
Thuin,56078,2020-11-01,33,702
Thuin,56078,2020-11-02,40,742
Thuin,56078,2020-11-03,20,762
Thuin,56078,2020-11-04,18,780
Thuin,56078,2020-11-05,30,810
Thuin,56078,2020-11-06,31,841
Thuin,56078,2020-11-07,20,861
Thuin,56078,2020-11-08,8,869
Thuin,56078,2020-11-09,27,896
Thuin,56078,2020-11-10,11,907
Thuin,56078,2020-11-11,10,917
Ham-sur-Heure-Nalinnes,56086,2020-04-01,0,0
Ham-sur-Heure-Nalinnes,56086,2020-04-02,0,0
Ham-sur-Heure-Nalinnes,56086,2020-04-03,0,0
Ham-sur-Heure-Nalinnes,56086,2020-04-04,9,9
Ham-sur-Heure-Nalinnes,56086,2020-04-05,0,9
Ham-sur-Heure-Nalinnes,56086,2020-04-06,4,13
Ham-sur-Heure-Nalinnes,56086,2020-04-07,2,15
Ham-sur-Heure-Nalinnes,56086,2020-04-08,1,16
Ham-sur-Heure-Nalinnes,56086,2020-04-09,1,17
Ham-sur-Heure-Nalinnes,56086,2020-04-10,2,19
Ham-sur-Heure-Nalinnes,56086,2020-04-11,0,19
Ham-sur-Heure-Nalinnes,56086,2020-04-12,1,20
Ham-sur-Heure-Nalinnes,56086,2020-04-13,0,20
Ham-sur-Heure-Nalinnes,56086,2020-04-14,0,20
Ham-sur-Heure-Nalinnes,56086,2020-04-15,1,21
Ham-sur-Heure-Nalinnes,56086,2020-04-16,0,21
Ham-sur-Heure-Nalinnes,56086,2020-04-17,0,21
Ham-sur-Heure-Nalinnes,56086,2020-04-18,0,21
Ham-sur-Heure-Nalinnes,56086,2020-04-19,0,21
Ham-sur-Heure-Nalinnes,56086,2020-04-20,0,21
Ham-sur-Heure-Nalinnes,56086,2020-04-21,0,21
Ham-sur-Heure-Nalinnes,56086,2020-04-22,0,21
Ham-sur-Heure-Nalinnes,56086,2020-04-23,1,22
Ham-sur-Heure-Nalinnes,56086,2020-04-24,2,24
Ham-sur-Heure-Nalinnes,56086,2020-04-25,0,24
Ham-sur-Heure-Nalinnes,56086,2020-04-26,3,27
Ham-sur-Heure-Nalinnes,56086,2020-04-27,3,30
Ham-sur-Heure-Nalinnes,56086,2020-04-28,0,30
Ham-sur-Heure-Nalinnes,56086,2020-04-29,0,30
Ham-sur-Heure-Nalinnes,56086,2020-04-30,0,30
Ham-sur-Heure-Nalinnes,56086,2020-05-01,1,31
Ham-sur-Heure-Nalinnes,56086,2020-05-02,2,33
Ham-sur-Heure-Nalinnes,56086,2020-05-03,0,33
Ham-sur-Heure-Nalinnes,56086,2020-05-04,0,33
Ham-sur-Heure-Nalinnes,56086,2020-05-05,0,33
Ham-sur-Heure-Nalinnes,56086,2020-05-06,0,33
Ham-sur-Heure-Nalinnes,56086,2020-05-07,1,34
Ham-sur-Heure-Nalinnes,56086,2020-05-08,0,34
Ham-sur-Heure-Nalinnes,56086,2020-05-09,0,34
Ham-sur-Heure-Nalinnes,56086,2020-05-10,0,34
Ham-sur-Heure-Nalinnes,56086,2020-05-11,0,34
Ham-sur-Heure-Nalinnes,56086,2020-05-12,0,34
Ham-sur-Heure-Nalinnes,56086,2020-05-13,0,34
Ham-sur-Heure-Nalinnes,56086,2020-05-14,1,35
Ham-sur-Heure-Nalinnes,56086,2020-05-15,0,35
Ham-sur-Heure-Nalinnes,56086,2020-05-16,0,35
Ham-sur-Heure-Nalinnes,56086,2020-05-17,0,35
Ham-sur-Heure-Nalinnes,56086,2020-05-18,0,35
Ham-sur-Heure-Nalinnes,56086,2020-05-19,0,35
Ham-sur-Heure-Nalinnes,56086,2020-05-20,0,35
Ham-sur-Heure-Nalinnes,56086,2020-05-21,0,35
Ham-sur-Heure-Nalinnes,56086,2020-05-22,0,35
Ham-sur-Heure-Nalinnes,56086,2020-05-23,0,35
Ham-sur-Heure-Nalinnes,56086,2020-05-24,0,35
Ham-sur-Heure-Nalinnes,56086,2020-05-25,0,35
Ham-sur-Heure-Nalinnes,56086,2020-05-26,1,36
Ham-sur-Heure-Nalinnes,56086,2020-05-27,0,36
Ham-sur-Heure-Nalinnes,56086,2020-05-28,0,36
Ham-sur-Heure-Nalinnes,56086,2020-05-29,0,36
Ham-sur-Heure-Nalinnes,56086,2020-05-30,0,36
Ham-sur-Heure-Nalinnes,56086,2020-05-31,0,36
Ham-sur-Heure-Nalinnes,56086,2020-06-01,0,36
Ham-sur-Heure-Nalinnes,56086,2020-06-02,0,36
Ham-sur-Heure-Nalinnes,56086,2020-06-03,0,36
Ham-sur-Heure-Nalinnes,56086,2020-06-04,0,36
Ham-sur-Heure-Nalinnes,56086,2020-06-05,0,36
Ham-sur-Heure-Nalinnes,56086,2020-06-06,0,36
Ham-sur-Heure-Nalinnes,56086,2020-06-07,0,36
Ham-sur-Heure-Nalinnes,56086,2020-06-08,0,36
Ham-sur-Heure-Nalinnes,56086,2020-06-09,0,36
Ham-sur-Heure-Nalinnes,56086,2020-06-10,0,36
Ham-sur-Heure-Nalinnes,56086,2020-06-11,0,36
Ham-sur-Heure-Nalinnes,56086,2020-06-12,0,36
Ham-sur-Heure-Nalinnes,56086,2020-06-13,0,36
Ham-sur-Heure-Nalinnes,56086,2020-06-14,0,36
Ham-sur-Heure-Nalinnes,56086,2020-06-15,0,36
Ham-sur-Heure-Nalinnes,56086,2020-06-16,0,36
Ham-sur-Heure-Nalinnes,56086,2020-06-17,0,36
Ham-sur-Heure-Nalinnes,56086,2020-06-18,0,36
Ham-sur-Heure-Nalinnes,56086,2020-06-19,0,36
Ham-sur-Heure-Nalinnes,56086,2020-06-20,0,36
Ham-sur-Heure-Nalinnes,56086,2020-06-23,0,36
Ham-sur-Heure-Nalinnes,56086,2020-06-24,0,36
Ham-sur-Heure-Nalinnes,56086,2020-06-25,0,36
Ham-sur-Heure-Nalinnes,56086,2020-06-26,0,36
Ham-sur-Heure-Nalinnes,56086,2020-06-27,0,36
Ham-sur-Heure-Nalinnes,56086,2020-06-30,0,36
Ham-sur-Heure-Nalinnes,56086,2020-07-01,0,36
Ham-sur-Heure-Nalinnes,56086,2020-07-02,0,36
Ham-sur-Heure-Nalinnes,56086,2020-07-03,0,36
Ham-sur-Heure-Nalinnes,56086,2020-07-04,0,36
Ham-sur-Heure-Nalinnes,56086,2020-07-07,0,36
Ham-sur-Heure-Nalinnes,56086,2020-07-08,0,36
Ham-sur-Heure-Nalinnes,56086,2020-07-09,0,36
Ham-sur-Heure-Nalinnes,56086,2020-07-10,0,36
Ham-sur-Heure-Nalinnes,56086,2020-07-11,0,36
Ham-sur-Heure-Nalinnes,56086,2020-07-14,0,36
Ham-sur-Heure-Nalinnes,56086,2020-07-15,0,36
Ham-sur-Heure-Nalinnes,56086,2020-07-16,0,36
Ham-sur-Heure-Nalinnes,56086,2020-07-17,0,36
Ham-sur-Heure-Nalinnes,56086,2020-07-18,0,36
Ham-sur-Heure-Nalinnes,56086,2020-07-20,0,36
Ham-sur-Heure-Nalinnes,56086,2020-07-21,0,36
Ham-sur-Heure-Nalinnes,56086,2020-07-22,0,36
Ham-sur-Heure-Nalinnes,56086,2020-07-23,0,36
Ham-sur-Heure-Nalinnes,56086,2020-07-24,0,36
Ham-sur-Heure-Nalinnes,56086,2020-07-25,2,38
Ham-sur-Heure-Nalinnes,56086,2020-07-26,0,38
Ham-sur-Heure-Nalinnes,56086,2020-07-27,1,39
Ham-sur-Heure-Nalinnes,56086,2020-07-28,1,40
Ham-sur-Heure-Nalinnes,56086,2020-07-29,0,40
Ham-sur-Heure-Nalinnes,56086,2020-07-30,0,40
Ham-sur-Heure-Nalinnes,56086,2020-07-31,0,40
Ham-sur-Heure-Nalinnes,56086,2020-08-01,0,40
Ham-sur-Heure-Nalinnes,56086,2020-08-02,1,41
Ham-sur-Heure-Nalinnes,56086,2020-08-03,0,41
Ham-sur-Heure-Nalinnes,56086,2020-08-04,0,41
Ham-sur-Heure-Nalinnes,56086,2020-08-05,0,41
Ham-sur-Heure-Nalinnes,56086,2020-08-06,0,41
Ham-sur-Heure-Nalinnes,56086,2020-08-07,0,41
Ham-sur-Heure-Nalinnes,56086,2020-08-08,0,41
Ham-sur-Heure-Nalinnes,56086,2020-08-09,0,41
Ham-sur-Heure-Nalinnes,56086,2020-08-10,0,41
Ham-sur-Heure-Nalinnes,56086,2020-08-11,0,41
Ham-sur-Heure-Nalinnes,56086,2020-08-12,0,41
Ham-sur-Heure-Nalinnes,56086,2020-08-13,0,41
Ham-sur-Heure-Nalinnes,56086,2020-08-14,0,41
Ham-sur-Heure-Nalinnes,56086,2020-08-15,1,42
Ham-sur-Heure-Nalinnes,56086,2020-08-16,1,43
Ham-sur-Heure-Nalinnes,56086,2020-08-17,0,43
Ham-sur-Heure-Nalinnes,56086,2020-08-18,0,43
Ham-sur-Heure-Nalinnes,56086,2020-08-19,0,43
Ham-sur-Heure-Nalinnes,56086,2020-08-20,0,43
Ham-sur-Heure-Nalinnes,56086,2020-08-21,0,43
Ham-sur-Heure-Nalinnes,56086,2020-08-22,0,43
Ham-sur-Heure-Nalinnes,56086,2020-08-23,0,43
Ham-sur-Heure-Nalinnes,56086,2020-08-24,0,43
Ham-sur-Heure-Nalinnes,56086,2020-08-25,0,43
Ham-sur-Heure-Nalinnes,56086,2020-08-26,0,43
Ham-sur-Heure-Nalinnes,56086,2020-08-27,0,43
Ham-sur-Heure-Nalinnes,56086,2020-08-28,0,43
Ham-sur-Heure-Nalinnes,56086,2020-08-29,0,43
Ham-sur-Heure-Nalinnes,56086,2020-08-30,1,44
Ham-sur-Heure-Nalinnes,56086,2020-08-31,1,45
Ham-sur-Heure-Nalinnes,56086,2020-09-01,2,47
Ham-sur-Heure-Nalinnes,56086,2020-09-02,0,47
Ham-sur-Heure-Nalinnes,56086,2020-09-03,1,48
Ham-sur-Heure-Nalinnes,56086,2020-09-04,1,49
Ham-sur-Heure-Nalinnes,56086,2020-09-05,1,50
Ham-sur-Heure-Nalinnes,56086,2020-09-06,1,51
Ham-sur-Heure-Nalinnes,56086,2020-09-07,1,52
Ham-sur-Heure-Nalinnes,56086,2020-09-08,0,52
Ham-sur-Heure-Nalinnes,56086,2020-09-09,0,52
Ham-sur-Heure-Nalinnes,56086,2020-09-10,0,52
Ham-sur-Heure-Nalinnes,56086,2020-09-11,0,52
Ham-sur-Heure-Nalinnes,56086,2020-09-12,2,54
Ham-sur-Heure-Nalinnes,56086,2020-09-13,1,55
Ham-sur-Heure-Nalinnes,56086,2020-09-14,1,56
Ham-sur-Heure-Nalinnes,56086,2020-09-15,5,61
Ham-sur-Heure-Nalinnes,56086,2020-09-16,3,64
Ham-sur-Heure-Nalinnes,56086,2020-09-17,3,67
Ham-sur-Heure-Nalinnes,56086,2020-09-18,1,68
Ham-sur-Heure-Nalinnes,56086,2020-09-19,4,72
Ham-sur-Heure-Nalinnes,56086,2020-09-20,1,73
Ham-sur-Heure-Nalinnes,56086,2020-09-21,0,73
Ham-sur-Heure-Nalinnes,56086,2020-09-22,3,76
Ham-sur-Heure-Nalinnes,56086,2020-09-23,2,78
Ham-sur-Heure-Nalinnes,56086,2020-09-24,6,84
Ham-sur-Heure-Nalinnes,56086,2020-09-25,8,92
Ham-sur-Heure-Nalinnes,56086,2020-09-26,9,101
Ham-sur-Heure-Nalinnes,56086,2020-09-27,6,107
Ham-sur-Heure-Nalinnes,56086,2020-09-28,4,111
Ham-sur-Heure-Nalinnes,56086,2020-09-29,0,111
Ham-sur-Heure-Nalinnes,56086,2020-09-30,5,116
Ham-sur-Heure-Nalinnes,56086,2020-10-01,4,120
Ham-sur-Heure-Nalinnes,56086,2020-10-02,4,124
Ham-sur-Heure-Nalinnes,56086,2020-10-03,11,135
Ham-sur-Heure-Nalinnes,56086,2020-10-04,5,140
Ham-sur-Heure-Nalinnes,56086,2020-10-05,4,144
Ham-sur-Heure-Nalinnes,56086,2020-10-06,12,156
Ham-sur-Heure-Nalinnes,56086,2020-10-07,4,160
Ham-sur-Heure-Nalinnes,56086,2020-10-08,8,168
Ham-sur-Heure-Nalinnes,56086,2020-10-09,14,182
Ham-sur-Heure-Nalinnes,56086,2020-10-10,6,188
Ham-sur-Heure-Nalinnes,56086,2020-10-11,12,200
Ham-sur-Heure-Nalinnes,56086,2020-10-12,16,216
Ham-sur-Heure-Nalinnes,56086,2020-10-13,16,232
Ham-sur-Heure-Nalinnes,56086,2020-10-14,14,246
Ham-sur-Heure-Nalinnes,56086,2020-10-15,9,255
Ham-sur-Heure-Nalinnes,56086,2020-10-16,23,278
Ham-sur-Heure-Nalinnes,56086,2020-10-17,31,309
Ham-sur-Heure-Nalinnes,56086,2020-10-18,15,324
Ham-sur-Heure-Nalinnes,56086,2020-10-19,30,354
Ham-sur-Heure-Nalinnes,56086,2020-10-20,40,394
Ham-sur-Heure-Nalinnes,56086,2020-10-21,19,413
Ham-sur-Heure-Nalinnes,56086,2020-10-22,29,442
Ham-sur-Heure-Nalinnes,56086,2020-10-23,40,482
Ham-sur-Heure-Nalinnes,56086,2020-10-24,41,523
Ham-sur-Heure-Nalinnes,56086,2020-10-25,40,563
Ham-sur-Heure-Nalinnes,56086,2020-10-26,25,588
Ham-sur-Heure-Nalinnes,56086,2020-10-27,14,602
Ham-sur-Heure-Nalinnes,56086,2020-10-28,24,626
Ham-sur-Heure-Nalinnes,56086,2020-10-29,29,655
Ham-sur-Heure-Nalinnes,56086,2020-10-30,35,690
Ham-sur-Heure-Nalinnes,56086,2020-10-31,52,742
Ham-sur-Heure-Nalinnes,56086,2020-11-01,41,783
Ham-sur-Heure-Nalinnes,56086,2020-11-02,25,808
Ham-sur-Heure-Nalinnes,56086,2020-11-03,20,828
Ham-sur-Heure-Nalinnes,56086,2020-11-04,9,837
Ham-sur-Heure-Nalinnes,56086,2020-11-05,29,866
Ham-sur-Heure-Nalinnes,56086,2020-11-06,16,882
Ham-sur-Heure-Nalinnes,56086,2020-11-07,21,903
Ham-sur-Heure-Nalinnes,56086,2020-11-08,13,916
Ham-sur-Heure-Nalinnes,56086,2020-11-09,37,953
Ham-sur-Heure-Nalinnes,56086,2020-11-10,4,957
Ham-sur-Heure-Nalinnes,56086,2020-11-11,6,963
Celles (Doornik),57018,2020-04-01,0,0
Celles (Doornik),57018,2020-04-02,0,0
Celles (Doornik),57018,2020-04-03,0,0
Celles (Doornik),57018,2020-04-04,0,0
Celles (Doornik),57018,2020-04-05,0,0
Celles (Doornik),57018,2020-04-06,0,0
Celles (Doornik),57018,2020-04-07,0,0
Celles (Doornik),57018,2020-04-08,0,0
Celles (Doornik),57018,2020-04-09,0,0
Celles (Doornik),57018,2020-04-10,0,0
Celles (Doornik),57018,2020-04-11,0,0
Celles (Doornik),57018,2020-04-12,5,5
Celles (Doornik),57018,2020-04-13,0,5
Celles (Doornik),57018,2020-04-14,1,6
Celles (Doornik),57018,2020-04-15,0,6
Celles (Doornik),57018,2020-04-16,1,7
Celles (Doornik),57018,2020-04-17,0,7
Celles (Doornik),57018,2020-04-18,0,7
Celles (Doornik),57018,2020-04-19,1,8
Celles (Doornik),57018,2020-04-20,0,8
Celles (Doornik),57018,2020-04-21,0,8
Celles (Doornik),57018,2020-04-22,0,8
Celles (Doornik),57018,2020-04-23,1,9
Celles (Doornik),57018,2020-04-24,1,10
Celles (Doornik),57018,2020-04-25,0,10
Celles (Doornik),57018,2020-04-26,1,11
Celles (Doornik),57018,2020-04-27,0,11
Celles (Doornik),57018,2020-04-28,1,12
Celles (Doornik),57018,2020-04-29,0,12
Celles (Doornik),57018,2020-04-30,0,12
Celles (Doornik),57018,2020-05-01,0,12
Celles (Doornik),57018,2020-05-02,0,12
Celles (Doornik),57018,2020-05-03,0,12
Celles (Doornik),57018,2020-05-04,0,12
Celles (Doornik),57018,2020-05-05,0,12
Celles (Doornik),57018,2020-05-06,0,12
Celles (Doornik),57018,2020-05-07,0,12
Celles (Doornik),57018,2020-05-08,0,12
Celles (Doornik),57018,2020-05-09,0,12
Celles (Doornik),57018,2020-05-10,0,12
Celles (Doornik),57018,2020-05-11,0,12
Celles (Doornik),57018,2020-05-12,0,12
Celles (Doornik),57018,2020-05-13,0,12
Celles (Doornik),57018,2020-05-14,0,12
Celles (Doornik),57018,2020-05-15,0,12
Celles (Doornik),57018,2020-05-16,0,12
Celles (Doornik),57018,2020-05-17,1,13
Celles (Doornik),57018,2020-05-18,0,13
Celles (Doornik),57018,2020-05-19,0,13
Celles (Doornik),57018,2020-05-20,0,13
Celles (Doornik),57018,2020-05-21,0,13
Celles (Doornik),57018,2020-05-22,0,13
Celles (Doornik),57018,2020-05-23,0,13
Celles (Doornik),57018,2020-05-24,0,13
Celles (Doornik),57018,2020-05-25,0,13
Celles (Doornik),57018,2020-05-26,0,13
Celles (Doornik),57018,2020-05-27,0,13
Celles (Doornik),57018,2020-05-28,0,13
Celles (Doornik),57018,2020-05-29,0,13
Celles (Doornik),57018,2020-05-30,1,14
Celles (Doornik),57018,2020-05-31,0,14
Celles (Doornik),57018,2020-06-01,0,14
Celles (Doornik),57018,2020-06-02,0,14
Celles (Doornik),57018,2020-06-03,0,14
Celles (Doornik),57018,2020-06-04,0,14
Celles (Doornik),57018,2020-06-05,0,14
Celles (Doornik),57018,2020-06-06,0,14
Celles (Doornik),57018,2020-06-07,0,14
Celles (Doornik),57018,2020-06-08,0,14
Celles (Doornik),57018,2020-06-09,0,14
Celles (Doornik),57018,2020-06-10,0,14
Celles (Doornik),57018,2020-06-11,0,14
Celles (Doornik),57018,2020-06-12,0,14
Celles (Doornik),57018,2020-06-13,0,14
Celles (Doornik),57018,2020-06-14,0,14
Celles (Doornik),57018,2020-06-15,0,14
Celles (Doornik),57018,2020-06-16,0,14
Celles (Doornik),57018,2020-06-17,0,14
Celles (Doornik),57018,2020-06-18,0,14
Celles (Doornik),57018,2020-06-19,0,14
Celles (Doornik),57018,2020-06-20,0,14
Celles (Doornik),57018,2020-06-23,0,14
Celles (Doornik),57018,2020-06-24,0,14
Celles (Doornik),57018,2020-06-25,0,14
Celles (Doornik),57018,2020-06-26,0,14
Celles (Doornik),57018,2020-06-27,0,14
Celles (Doornik),57018,2020-06-30,0,14
Celles (Doornik),57018,2020-07-01,0,14
Celles (Doornik),57018,2020-07-02,0,14
Celles (Doornik),57018,2020-07-03,0,14
Celles (Doornik),57018,2020-07-04,0,14
Celles (Doornik),57018,2020-07-07,0,14
Celles (Doornik),57018,2020-07-08,0,14
Celles (Doornik),57018,2020-07-09,0,14
Celles (Doornik),57018,2020-07-10,0,14
Celles (Doornik),57018,2020-07-11,0,14
Celles (Doornik),57018,2020-07-14,0,14
Celles (Doornik),57018,2020-07-15,1,15
Celles (Doornik),57018,2020-07-16,0,15
Celles (Doornik),57018,2020-07-17,0,15
Celles (Doornik),57018,2020-07-18,0,15
Celles (Doornik),57018,2020-07-20,0,15
Celles (Doornik),57018,2020-07-21,0,15
Celles (Doornik),57018,2020-07-22,0,15
Celles (Doornik),57018,2020-07-23,0,15
Celles (Doornik),57018,2020-07-24,0,15
Celles (Doornik),57018,2020-07-25,0,15
Celles (Doornik),57018,2020-07-26,0,15
Celles (Doornik),57018,2020-07-27,0,15
Celles (Doornik),57018,2020-07-28,0,15
Celles (Doornik),57018,2020-07-29,0,15
Celles (Doornik),57018,2020-07-30,0,15
Celles (Doornik),57018,2020-07-31,0,15
Celles (Doornik),57018,2020-08-01,0,15
Celles (Doornik),57018,2020-08-02,0,15
Celles (Doornik),57018,2020-08-03,0,15
Celles (Doornik),57018,2020-08-04,0,15
Celles (Doornik),57018,2020-08-05,0,15
Celles (Doornik),57018,2020-08-06,0,15
Celles (Doornik),57018,2020-08-07,0,15
Celles (Doornik),57018,2020-08-08,0,15
Celles (Doornik),57018,2020-08-09,0,15
Celles (Doornik),57018,2020-08-10,0,15
Celles (Doornik),57018,2020-08-11,0,15
Celles (Doornik),57018,2020-08-12,0,15
Celles (Doornik),57018,2020-08-13,0,15
Celles (Doornik),57018,2020-08-14,0,15
Celles (Doornik),57018,2020-08-15,0,15
Celles (Doornik),57018,2020-08-16,0,15
Celles (Doornik),57018,2020-08-17,0,15
Celles (Doornik),57018,2020-08-18,0,15
Celles (Doornik),57018,2020-08-19,0,15
Celles (Doornik),57018,2020-08-20,0,15
Celles (Doornik),57018,2020-08-21,0,15
Celles (Doornik),57018,2020-08-22,0,15
Celles (Doornik),57018,2020-08-23,0,15
Celles (Doornik),57018,2020-08-24,0,15
Celles (Doornik),57018,2020-08-25,0,15
Celles (Doornik),57018,2020-08-26,0,15
Celles (Doornik),57018,2020-08-27,0,15
Celles (Doornik),57018,2020-08-28,0,15
Celles (Doornik),57018,2020-08-29,0,15
Celles (Doornik),57018,2020-08-30,0,15
Celles (Doornik),57018,2020-08-31,0,15
Celles (Doornik),57018,2020-09-01,0,15
Celles (Doornik),57018,2020-09-02,0,15
Celles (Doornik),57018,2020-09-03,0,15
Celles (Doornik),57018,2020-09-04,0,15
Celles (Doornik),57018,2020-09-05,0,15
Celles (Doornik),57018,2020-09-06,1,16
Celles (Doornik),57018,2020-09-07,0,16
Celles (Doornik),57018,2020-09-08,0,16
Celles (Doornik),57018,2020-09-09,0,16
Celles (Doornik),57018,2020-09-10,0,16
Celles (Doornik),57018,2020-09-11,0,16
Celles (Doornik),57018,2020-09-12,0,16
Celles (Doornik),57018,2020-09-13,0,16
Celles (Doornik),57018,2020-09-14,0,16
Celles (Doornik),57018,2020-09-15,0,16
Celles (Doornik),57018,2020-09-16,1,17
Celles (Doornik),57018,2020-09-17,0,17
Celles (Doornik),57018,2020-09-18,1,18
Celles (Doornik),57018,2020-09-19,0,18
Celles (Doornik),57018,2020-09-20,0,18
Celles (Doornik),57018,2020-09-21,0,18
Celles (Doornik),57018,2020-09-22,0,18
Celles (Doornik),57018,2020-09-23,2,20
Celles (Doornik),57018,2020-09-24,0,20
Celles (Doornik),57018,2020-09-25,0,20
Celles (Doornik),57018,2020-09-26,0,20
Celles (Doornik),57018,2020-09-27,3,23
Celles (Doornik),57018,2020-09-28,0,23
Celles (Doornik),57018,2020-09-29,1,24
Celles (Doornik),57018,2020-09-30,2,26
Celles (Doornik),57018,2020-10-01,0,26
Celles (Doornik),57018,2020-10-02,8,34
Celles (Doornik),57018,2020-10-03,3,37
Celles (Doornik),57018,2020-10-04,1,38
Celles (Doornik),57018,2020-10-05,0,38
Celles (Doornik),57018,2020-10-06,1,39
Celles (Doornik),57018,2020-10-07,3,42
Celles (Doornik),57018,2020-10-08,2,44
Celles (Doornik),57018,2020-10-09,1,45
Celles (Doornik),57018,2020-10-10,7,52
Celles (Doornik),57018,2020-10-11,6,58
Celles (Doornik),57018,2020-10-12,4,62
Celles (Doornik),57018,2020-10-13,6,68
Celles (Doornik),57018,2020-10-14,3,71
Celles (Doornik),57018,2020-10-15,5,76
Celles (Doornik),57018,2020-10-16,12,88
Celles (Doornik),57018,2020-10-17,11,99
Celles (Doornik),57018,2020-10-18,11,110
Celles (Doornik),57018,2020-10-19,6,116
Celles (Doornik),57018,2020-10-20,6,122
Celles (Doornik),57018,2020-10-21,9,131
Celles (Doornik),57018,2020-10-22,16,147
Celles (Doornik),57018,2020-10-23,10,157
Celles (Doornik),57018,2020-10-24,17,174
Celles (Doornik),57018,2020-10-25,16,190
Celles (Doornik),57018,2020-10-26,21,211
Celles (Doornik),57018,2020-10-27,19,230
Celles (Doornik),57018,2020-10-28,9,239
Celles (Doornik),57018,2020-10-29,15,254
Celles (Doornik),57018,2020-10-30,31,285
Celles (Doornik),57018,2020-10-31,20,305
Celles (Doornik),57018,2020-11-01,14,319
Celles (Doornik),57018,2020-11-02,3,322
Celles (Doornik),57018,2020-11-03,5,327
Celles (Doornik),57018,2020-11-04,9,336
Celles (Doornik),57018,2020-11-05,7,343
Celles (Doornik),57018,2020-11-06,12,355
Celles (Doornik),57018,2020-11-07,9,364
Celles (Doornik),57018,2020-11-08,8,372
Celles (Doornik),57018,2020-11-09,1,373
Celles (Doornik),57018,2020-11-10,7,380
Celles (Doornik),57018,2020-11-11,10,390
Estaimpuis,57027,2020-04-01,0,0
Estaimpuis,57027,2020-04-02,0,0
Estaimpuis,57027,2020-04-03,0,0
Estaimpuis,57027,2020-04-04,0,0
Estaimpuis,57027,2020-04-05,5,5
Estaimpuis,57027,2020-04-06,1,6
Estaimpuis,57027,2020-04-07,0,6
Estaimpuis,57027,2020-04-08,0,6
Estaimpuis,57027,2020-04-09,1,7
Estaimpuis,57027,2020-04-10,0,7
Estaimpuis,57027,2020-04-11,1,8
Estaimpuis,57027,2020-04-12,0,8
Estaimpuis,57027,2020-04-13,0,8
Estaimpuis,57027,2020-04-14,0,8
Estaimpuis,57027,2020-04-15,0,8
Estaimpuis,57027,2020-04-16,0,8
Estaimpuis,57027,2020-04-17,2,10
Estaimpuis,57027,2020-04-18,0,10
Estaimpuis,57027,2020-04-19,0,10
Estaimpuis,57027,2020-04-20,0,10
Estaimpuis,57027,2020-04-21,0,10
Estaimpuis,57027,2020-04-22,0,10
Estaimpuis,57027,2020-04-23,0,10
Estaimpuis,57027,2020-04-24,0,10
Estaimpuis,57027,2020-04-25,0,10
Estaimpuis,57027,2020-04-26,0,10
Estaimpuis,57027,2020-04-27,0,10
Estaimpuis,57027,2020-04-28,1,11
Estaimpuis,57027,2020-04-29,0,11
Estaimpuis,57027,2020-04-30,3,14
Estaimpuis,57027,2020-05-01,1,15
Estaimpuis,57027,2020-05-02,0,15
Estaimpuis,57027,2020-05-03,0,15
Estaimpuis,57027,2020-05-04,0,15
Estaimpuis,57027,2020-05-05,0,15
Estaimpuis,57027,2020-05-06,2,17
Estaimpuis,57027,2020-05-07,0,17
Estaimpuis,57027,2020-05-08,1,18
Estaimpuis,57027,2020-05-09,1,19
Estaimpuis,57027,2020-05-10,1,20
Estaimpuis,57027,2020-05-11,1,21
Estaimpuis,57027,2020-05-12,0,21
Estaimpuis,57027,2020-05-13,0,21
Estaimpuis,57027,2020-05-14,0,21
Estaimpuis,57027,2020-05-15,0,21
Estaimpuis,57027,2020-05-16,0,21
Estaimpuis,57027,2020-05-17,0,21
Estaimpuis,57027,2020-05-18,0,21
Estaimpuis,57027,2020-05-19,0,21
Estaimpuis,57027,2020-05-20,0,21
Estaimpuis,57027,2020-05-21,0,21
Estaimpuis,57027,2020-05-22,0,21
Estaimpuis,57027,2020-05-23,1,22
Estaimpuis,57027,2020-05-24,0,22
Estaimpuis,57027,2020-05-25,0,22
Estaimpuis,57027,2020-05-26,0,22
Estaimpuis,57027,2020-05-27,0,22
Estaimpuis,57027,2020-05-28,0,22
Estaimpuis,57027,2020-05-29,0,22
Estaimpuis,57027,2020-05-30,0,22
Estaimpuis,57027,2020-05-31,0,22
Estaimpuis,57027,2020-06-01,0,22
Estaimpuis,57027,2020-06-02,0,22
Estaimpuis,57027,2020-06-03,0,22
Estaimpuis,57027,2020-06-04,1,23
Estaimpuis,57027,2020-06-05,0,23
Estaimpuis,57027,2020-06-06,0,23
Estaimpuis,57027,2020-06-07,0,23
Estaimpuis,57027,2020-06-08,0,23
Estaimpuis,57027,2020-06-09,0,23
Estaimpuis,57027,2020-06-10,0,23
Estaimpuis,57027,2020-06-11,0,23
Estaimpuis,57027,2020-06-12,1,24
Estaimpuis,57027,2020-06-13,1,25
Estaimpuis,57027,2020-06-14,0,25
Estaimpuis,57027,2020-06-15,0,25
Estaimpuis,57027,2020-06-16,1,26
Estaimpuis,57027,2020-06-17,0,26
Estaimpuis,57027,2020-06-18,0,26
Estaimpuis,57027,2020-06-19,1,27
Estaimpuis,57027,2020-06-20,0,27
Estaimpuis,57027,2020-06-23,2,29
Estaimpuis,57027,2020-06-24,1,30
Estaimpuis,57027,2020-06-25,0,30
Estaimpuis,57027,2020-06-26,0,30
Estaimpuis,57027,2020-06-27,16,46
Estaimpuis,57027,2020-06-30,0,46
Estaimpuis,57027,2020-07-01,0,46
Estaimpuis,57027,2020-07-02,0,46
Estaimpuis,57027,2020-07-03,0,46
Estaimpuis,57027,2020-07-04,0,46
Estaimpuis,57027,2020-07-07,1,47
Estaimpuis,57027,2020-07-08,1,48
Estaimpuis,57027,2020-07-09,1,49
Estaimpuis,57027,2020-07-10,0,49
Estaimpuis,57027,2020-07-11,0,49
Estaimpuis,57027,2020-07-14,3,52
Estaimpuis,57027,2020-07-15,0,52
Estaimpuis,57027,2020-07-16,0,52
Estaimpuis,57027,2020-07-17,0,52
Estaimpuis,57027,2020-07-18,0,52
Estaimpuis,57027,2020-07-20,1,53
Estaimpuis,57027,2020-07-21,1,54
Estaimpuis,57027,2020-07-22,0,54
Estaimpuis,57027,2020-07-23,0,54
Estaimpuis,57027,2020-07-24,0,54
Estaimpuis,57027,2020-07-25,0,54
Estaimpuis,57027,2020-07-26,0,54
Estaimpuis,57027,2020-07-27,0,54
Estaimpuis,57027,2020-07-28,0,54
Estaimpuis,57027,2020-07-29,0,54
Estaimpuis,57027,2020-07-30,0,54
Estaimpuis,57027,2020-07-31,0,54
Estaimpuis,57027,2020-08-01,0,54
Estaimpuis,57027,2020-08-02,0,54
Estaimpuis,57027,2020-08-03,0,54
Estaimpuis,57027,2020-08-04,0,54
Estaimpuis,57027,2020-08-05,0,54
Estaimpuis,57027,2020-08-06,0,54
Estaimpuis,57027,2020-08-07,0,54
Estaimpuis,57027,2020-08-08,0,54
Estaimpuis,57027,2020-08-09,0,54
Estaimpuis,57027,2020-08-10,1,55
Estaimpuis,57027,2020-08-11,0,55
Estaimpuis,57027,2020-08-12,0,55
Estaimpuis,57027,2020-08-13,0,55
Estaimpuis,57027,2020-08-14,1,56
Estaimpuis,57027,2020-08-15,0,56
Estaimpuis,57027,2020-08-16,1,57
Estaimpuis,57027,2020-08-17,0,57
Estaimpuis,57027,2020-08-18,0,57
Estaimpuis,57027,2020-08-19,0,57
Estaimpuis,57027,2020-08-20,0,57
Estaimpuis,57027,2020-08-21,0,57
Estaimpuis,57027,2020-08-22,0,57
Estaimpuis,57027,2020-08-23,0,57
Estaimpuis,57027,2020-08-24,2,59
Estaimpuis,57027,2020-08-25,0,59
Estaimpuis,57027,2020-08-26,0,59
Estaimpuis,57027,2020-08-27,0,59
Estaimpuis,57027,2020-08-28,0,59
Estaimpuis,57027,2020-08-29,0,59
Estaimpuis,57027,2020-08-30,0,59
Estaimpuis,57027,2020-08-31,0,59
Estaimpuis,57027,2020-09-01,0,59
Estaimpuis,57027,2020-09-02,0,59
Estaimpuis,57027,2020-09-03,0,59
Estaimpuis,57027,2020-09-04,0,59
Estaimpuis,57027,2020-09-05,0,59
Estaimpuis,57027,2020-09-06,0,59
Estaimpuis,57027,2020-09-07,0,59
Estaimpuis,57027,2020-09-08,0,59
Estaimpuis,57027,2020-09-09,0,59
Estaimpuis,57027,2020-09-10,0,59
Estaimpuis,57027,2020-09-11,1,60
Estaimpuis,57027,2020-09-12,1,61
Estaimpuis,57027,2020-09-13,0,61
Estaimpuis,57027,2020-09-14,1,62
Estaimpuis,57027,2020-09-15,2,64
Estaimpuis,57027,2020-09-16,0,64
Estaimpuis,57027,2020-09-17,0,64
Estaimpuis,57027,2020-09-18,1,65
Estaimpuis,57027,2020-09-19,2,67
Estaimpuis,57027,2020-09-20,3,70
Estaimpuis,57027,2020-09-21,1,71
Estaimpuis,57027,2020-09-22,0,71
Estaimpuis,57027,2020-09-23,0,71
Estaimpuis,57027,2020-09-24,1,72
Estaimpuis,57027,2020-09-25,0,72
Estaimpuis,57027,2020-09-26,2,74
Estaimpuis,57027,2020-09-27,2,76
Estaimpuis,57027,2020-09-28,0,76
Estaimpuis,57027,2020-09-29,7,83
Estaimpuis,57027,2020-09-30,0,83
Estaimpuis,57027,2020-10-01,2,85
Estaimpuis,57027,2020-10-02,8,93
Estaimpuis,57027,2020-10-03,3,96
Estaimpuis,57027,2020-10-04,7,103
Estaimpuis,57027,2020-10-05,2,105
Estaimpuis,57027,2020-10-06,5,110
Estaimpuis,57027,2020-10-07,2,112
Estaimpuis,57027,2020-10-08,13,125
Estaimpuis,57027,2020-10-09,8,133
Estaimpuis,57027,2020-10-10,13,146
Estaimpuis,57027,2020-10-11,13,159
Estaimpuis,57027,2020-10-12,11,170
Estaimpuis,57027,2020-10-13,11,181
Estaimpuis,57027,2020-10-14,4,185
Estaimpuis,57027,2020-10-15,13,198
Estaimpuis,57027,2020-10-16,14,212
Estaimpuis,57027,2020-10-17,15,227
Estaimpuis,57027,2020-10-18,10,237
Estaimpuis,57027,2020-10-19,18,255
Estaimpuis,57027,2020-10-20,9,264
Estaimpuis,57027,2020-10-21,16,280
Estaimpuis,57027,2020-10-22,24,304
Estaimpuis,57027,2020-10-23,20,324
Estaimpuis,57027,2020-10-24,25,349
Estaimpuis,57027,2020-10-25,25,374
Estaimpuis,57027,2020-10-26,21,395
Estaimpuis,57027,2020-10-27,19,414
Estaimpuis,57027,2020-10-28,29,443
Estaimpuis,57027,2020-10-29,42,485
Estaimpuis,57027,2020-10-30,57,542
Estaimpuis,57027,2020-10-31,34,576
Estaimpuis,57027,2020-11-01,23,599
Estaimpuis,57027,2020-11-02,14,613
Estaimpuis,57027,2020-11-03,11,624
Estaimpuis,57027,2020-11-04,13,637
Estaimpuis,57027,2020-11-05,34,671
Estaimpuis,57027,2020-11-06,27,698
Estaimpuis,57027,2020-11-07,11,709
Estaimpuis,57027,2020-11-08,13,722
Estaimpuis,57027,2020-11-09,9,731
Estaimpuis,57027,2020-11-10,5,736
Estaimpuis,57027,2020-11-11,5,741
Pecq,57062,2020-04-01,0,0
Pecq,57062,2020-04-02,0,0
Pecq,57062,2020-04-03,0,0
Pecq,57062,2020-04-04,0,0
Pecq,57062,2020-04-05,0,0
Pecq,57062,2020-04-06,0,0
Pecq,57062,2020-04-07,0,0
Pecq,57062,2020-04-08,0,0
Pecq,57062,2020-04-09,0,0
Pecq,57062,2020-04-10,0,0
Pecq,57062,2020-04-11,0,0
Pecq,57062,2020-04-12,0,0
Pecq,57062,2020-04-13,0,0
Pecq,57062,2020-04-14,0,0
Pecq,57062,2020-04-15,6,6
Pecq,57062,2020-04-16,0,6
Pecq,57062,2020-04-17,0,6
Pecq,57062,2020-04-18,0,6
Pecq,57062,2020-04-19,1,7
Pecq,57062,2020-04-20,1,8
Pecq,57062,2020-04-21,0,8
Pecq,57062,2020-04-22,0,8
Pecq,57062,2020-04-23,0,8
Pecq,57062,2020-04-24,1,9
Pecq,57062,2020-04-25,0,9
Pecq,57062,2020-04-26,2,11
Pecq,57062,2020-04-27,0,11
Pecq,57062,2020-04-28,0,11
Pecq,57062,2020-04-29,0,11
Pecq,57062,2020-04-30,0,11
Pecq,57062,2020-05-01,0,11
Pecq,57062,2020-05-02,0,11
Pecq,57062,2020-05-03,1,12
Pecq,57062,2020-05-04,0,12
Pecq,57062,2020-05-05,0,12
Pecq,57062,2020-05-06,0,12
Pecq,57062,2020-05-07,0,12
Pecq,57062,2020-05-08,0,12
Pecq,57062,2020-05-09,3,15
Pecq,57062,2020-05-10,1,16
Pecq,57062,2020-05-11,1,17
Pecq,57062,2020-05-12,0,17
Pecq,57062,2020-05-13,0,17
Pecq,57062,2020-05-14,0,17
Pecq,57062,2020-05-15,0,17
Pecq,57062,2020-05-16,1,18
Pecq,57062,2020-05-17,0,18
Pecq,57062,2020-05-18,1,19
Pecq,57062,2020-05-19,0,19
Pecq,57062,2020-05-20,0,19
Pecq,57062,2020-05-21,0,19
Pecq,57062,2020-05-22,0,19
Pecq,57062,2020-05-23,0,19
Pecq,57062,2020-05-24,0,19
Pecq,57062,2020-05-25,1,20
Pecq,57062,2020-05-26,0,20
Pecq,57062,2020-05-27,0,20
Pecq,57062,2020-05-28,0,20
Pecq,57062,2020-05-29,0,20
Pecq,57062,2020-05-30,0,20
Pecq,57062,2020-05-31,0,20
Pecq,57062,2020-06-01,0,20
Pecq,57062,2020-06-02,0,20
Pecq,57062,2020-06-03,0,20
Pecq,57062,2020-06-04,0,20
Pecq,57062,2020-06-05,0,20
Pecq,57062,2020-06-06,0,20
Pecq,57062,2020-06-07,0,20
Pecq,57062,2020-06-08,0,20
Pecq,57062,2020-06-09,0,20
Pecq,57062,2020-06-10,0,20
Pecq,57062,2020-06-11,0,20
Pecq,57062,2020-06-12,0,20
Pecq,57062,2020-06-13,0,20
Pecq,57062,2020-06-14,0,20
Pecq,57062,2020-06-15,0,20
Pecq,57062,2020-06-16,0,20
Pecq,57062,2020-06-17,0,20
Pecq,57062,2020-06-18,0,20
Pecq,57062,2020-06-19,0,20
Pecq,57062,2020-06-20,0,20
Pecq,57062,2020-06-23,0,20
Pecq,57062,2020-06-24,0,20
Pecq,57062,2020-06-25,1,21
Pecq,57062,2020-06-26,0,21
Pecq,57062,2020-06-27,0,21
Pecq,57062,2020-06-30,0,21
Pecq,57062,2020-07-01,0,21
Pecq,57062,2020-07-02,0,21
Pecq,57062,2020-07-03,1,22
Pecq,57062,2020-07-04,0,22
Pecq,57062,2020-07-07,0,22
Pecq,57062,2020-07-08,0,22
Pecq,57062,2020-07-09,0,22
Pecq,57062,2020-07-10,0,22
Pecq,57062,2020-07-11,0,22
Pecq,57062,2020-07-14,0,22
Pecq,57062,2020-07-15,0,22
Pecq,57062,2020-07-16,0,22
Pecq,57062,2020-07-17,0,22
Pecq,57062,2020-07-18,0,22
Pecq,57062,2020-07-20,0,22
Pecq,57062,2020-07-21,0,22
Pecq,57062,2020-07-22,0,22
Pecq,57062,2020-07-23,0,22
Pecq,57062,2020-07-24,0,22
Pecq,57062,2020-07-25,0,22
Pecq,57062,2020-07-26,0,22
Pecq,57062,2020-07-27,0,22
Pecq,57062,2020-07-28,0,22
Pecq,57062,2020-07-29,0,22
Pecq,57062,2020-07-30,0,22
Pecq,57062,2020-07-31,0,22
Pecq,57062,2020-08-01,1,23
Pecq,57062,2020-08-02,0,23
Pecq,57062,2020-08-03,0,23
Pecq,57062,2020-08-04,0,23
Pecq,57062,2020-08-05,0,23
Pecq,57062,2020-08-06,0,23
Pecq,57062,2020-08-07,0,23
Pecq,57062,2020-08-08,0,23
Pecq,57062,2020-08-09,0,23
Pecq,57062,2020-08-10,0,23
Pecq,57062,2020-08-11,0,23
Pecq,57062,2020-08-12,0,23
Pecq,57062,2020-08-13,0,23
Pecq,57062,2020-08-14,1,24
Pecq,57062,2020-08-15,0,24
Pecq,57062,2020-08-16,2,26
Pecq,57062,2020-08-17,0,26
Pecq,57062,2020-08-18,0,26
Pecq,57062,2020-08-19,0,26
Pecq,57062,2020-08-20,0,26
Pecq,57062,2020-08-21,0,26
Pecq,57062,2020-08-22,1,27
Pecq,57062,2020-08-23,0,27
Pecq,57062,2020-08-24,0,27
Pecq,57062,2020-08-25,0,27
Pecq,57062,2020-08-26,0,27
Pecq,57062,2020-08-27,0,27
Pecq,57062,2020-08-28,0,27
Pecq,57062,2020-08-29,0,27
Pecq,57062,2020-08-30,0,27
Pecq,57062,2020-08-31,0,27
Pecq,57062,2020-09-01,0,27
Pecq,57062,2020-09-02,0,27
Pecq,57062,2020-09-03,0,27
Pecq,57062,2020-09-04,0,27
Pecq,57062,2020-09-05,0,27
Pecq,57062,2020-09-06,1,28
Pecq,57062,2020-09-07,0,28
Pecq,57062,2020-09-08,0,28
Pecq,57062,2020-09-09,0,28
Pecq,57062,2020-09-10,0,28
Pecq,57062,2020-09-11,2,30
Pecq,57062,2020-09-12,0,30
Pecq,57062,2020-09-13,0,30
Pecq,57062,2020-09-14,0,30
Pecq,57062,2020-09-15,0,30
Pecq,57062,2020-09-16,0,30
Pecq,57062,2020-09-17,0,30
Pecq,57062,2020-09-18,1,31
Pecq,57062,2020-09-19,1,32
Pecq,57062,2020-09-20,0,32
Pecq,57062,2020-09-21,1,33
Pecq,57062,2020-09-22,0,33
Pecq,57062,2020-09-23,1,34
Pecq,57062,2020-09-24,3,37
Pecq,57062,2020-09-25,1,38
Pecq,57062,2020-09-26,4,42
Pecq,57062,2020-09-27,0,42
Pecq,57062,2020-09-28,0,42
Pecq,57062,2020-09-29,3,45
Pecq,57062,2020-09-30,1,46
Pecq,57062,2020-10-01,0,46
Pecq,57062,2020-10-02,2,48
Pecq,57062,2020-10-03,5,53
Pecq,57062,2020-10-04,1,54
Pecq,57062,2020-10-05,4,58
Pecq,57062,2020-10-06,3,61
Pecq,57062,2020-10-07,0,61
Pecq,57062,2020-10-08,1,62
Pecq,57062,2020-10-09,9,71
Pecq,57062,2020-10-10,1,72
Pecq,57062,2020-10-11,10,82
Pecq,57062,2020-10-12,8,90
Pecq,57062,2020-10-13,8,98
Pecq,57062,2020-10-14,2,100
Pecq,57062,2020-10-15,9,109
Pecq,57062,2020-10-16,9,118
Pecq,57062,2020-10-17,11,129
Pecq,57062,2020-10-18,10,139
Pecq,57062,2020-10-19,8,147
Pecq,57062,2020-10-20,6,153
Pecq,57062,2020-10-21,12,165
Pecq,57062,2020-10-22,21,186
Pecq,57062,2020-10-23,21,207
Pecq,57062,2020-10-24,23,230
Pecq,57062,2020-10-25,42,272
Pecq,57062,2020-10-26,16,288
Pecq,57062,2020-10-27,33,321
Pecq,57062,2020-10-28,16,337
Pecq,57062,2020-10-29,36,373
Pecq,57062,2020-10-30,26,399
Pecq,57062,2020-10-31,49,448
Pecq,57062,2020-11-01,32,480
Pecq,57062,2020-11-02,12,492
Pecq,57062,2020-11-03,11,503
Pecq,57062,2020-11-04,11,514
Pecq,57062,2020-11-05,10,524
Pecq,57062,2020-11-06,12,536
Pecq,57062,2020-11-07,3,539
Pecq,57062,2020-11-08,1,540
Pecq,57062,2020-11-09,3,543
Pecq,57062,2020-11-10,5,548
Pecq,57062,2020-11-11,2,550
Péruwelz,57064,2020-04-01,4,12
Péruwelz,57064,2020-04-02,1,13
Péruwelz,57064,2020-04-03,0,13
Péruwelz,57064,2020-04-04,2,15
Péruwelz,57064,2020-04-05,1,16
Péruwelz,57064,2020-04-06,0,16
Péruwelz,57064,2020-04-07,1,17
Péruwelz,57064,2020-04-08,1,18
Péruwelz,57064,2020-04-09,0,18
Péruwelz,57064,2020-04-10,1,19
Péruwelz,57064,2020-04-11,2,21
Péruwelz,57064,2020-04-12,2,23
Péruwelz,57064,2020-04-13,1,24
Péruwelz,57064,2020-04-14,1,25
Péruwelz,57064,2020-04-15,2,27
Péruwelz,57064,2020-04-16,2,29
Péruwelz,57064,2020-04-17,1,30
Péruwelz,57064,2020-04-18,0,30
Péruwelz,57064,2020-04-19,1,31
Péruwelz,57064,2020-04-20,1,32
Péruwelz,57064,2020-04-21,1,33
Péruwelz,57064,2020-04-22,0,33
Péruwelz,57064,2020-04-23,0,33
Péruwelz,57064,2020-04-24,1,34
Péruwelz,57064,2020-04-25,1,35
Péruwelz,57064,2020-04-26,1,36
Péruwelz,57064,2020-04-27,0,36
Péruwelz,57064,2020-04-28,0,36
Péruwelz,57064,2020-04-29,3,39
Péruwelz,57064,2020-04-30,1,40
Péruwelz,57064,2020-05-01,0,40
Péruwelz,57064,2020-05-02,2,42
Péruwelz,57064,2020-05-03,8,50
Péruwelz,57064,2020-05-04,4,54
Péruwelz,57064,2020-05-05,0,54
Péruwelz,57064,2020-05-06,0,54
Péruwelz,57064,2020-05-07,1,55
Péruwelz,57064,2020-05-08,1,56
Péruwelz,57064,2020-05-09,0,56
Péruwelz,57064,2020-05-10,1,57
Péruwelz,57064,2020-05-11,4,61
Péruwelz,57064,2020-05-12,2,63
Péruwelz,57064,2020-05-13,0,63
Péruwelz,57064,2020-05-14,0,63
Péruwelz,57064,2020-05-15,1,64
Péruwelz,57064,2020-05-16,0,64
Péruwelz,57064,2020-05-17,0,64
Péruwelz,57064,2020-05-18,0,64
Péruwelz,57064,2020-05-19,0,64
Péruwelz,57064,2020-05-20,0,64
Péruwelz,57064,2020-05-21,0,64
Péruwelz,57064,2020-05-22,0,64
Péruwelz,57064,2020-05-23,1,65
Péruwelz,57064,2020-05-24,1,66
Péruwelz,57064,2020-05-25,0,66
Péruwelz,57064,2020-05-26,0,66
Péruwelz,57064,2020-05-27,0,66
Péruwelz,57064,2020-05-28,0,66
Péruwelz,57064,2020-05-29,2,68
Péruwelz,57064,2020-05-30,0,68
Péruwelz,57064,2020-05-31,0,68
Péruwelz,57064,2020-06-01,0,68
Péruwelz,57064,2020-06-02,0,68
Péruwelz,57064,2020-06-03,0,68
Péruwelz,57064,2020-06-04,0,68
Péruwelz,57064,2020-06-05,2,70
Péruwelz,57064,2020-06-06,0,70
Péruwelz,57064,2020-06-07,0,70
Péruwelz,57064,2020-06-08,2,72
Péruwelz,57064,2020-06-09,0,72
Péruwelz,57064,2020-06-10,0,72
Péruwelz,57064,2020-06-11,0,72
Péruwelz,57064,2020-06-12,0,72
Péruwelz,57064,2020-06-13,0,72
Péruwelz,57064,2020-06-14,0,72
Péruwelz,57064,2020-06-15,0,72
Péruwelz,57064,2020-06-16,0,72
Péruwelz,57064,2020-06-17,0,72
Péruwelz,57064,2020-06-18,0,72
Péruwelz,57064,2020-06-19,0,72
Péruwelz,57064,2020-06-20,0,72
Péruwelz,57064,2020-06-23,0,72
Péruwelz,57064,2020-06-24,0,72
Péruwelz,57064,2020-06-25,0,72
Péruwelz,57064,2020-06-26,0,72
Péruwelz,57064,2020-06-27,0,72
Péruwelz,57064,2020-06-30,0,72
Péruwelz,57064,2020-07-01,0,72
Péruwelz,57064,2020-07-02,0,72
Péruwelz,57064,2020-07-03,1,73
Péruwelz,57064,2020-07-04,0,73
Péruwelz,57064,2020-07-07,0,73
Péruwelz,57064,2020-07-08,0,73
Péruwelz,57064,2020-07-09,0,73
Péruwelz,57064,2020-07-10,0,73
Péruwelz,57064,2020-07-11,0,73
Péruwelz,57064,2020-07-14,0,73
Péruwelz,57064,2020-07-15,0,73
Péruwelz,57064,2020-07-16,1,74
Péruwelz,57064,2020-07-17,0,74
Péruwelz,57064,2020-07-18,1,75
Péruwelz,57064,2020-07-20,0,75
Péruwelz,57064,2020-07-21,0,75
Péruwelz,57064,2020-07-22,0,75
Péruwelz,57064,2020-07-23,0,75
Péruwelz,57064,2020-07-24,0,75
Péruwelz,57064,2020-07-25,0,75
Péruwelz,57064,2020-07-26,0,75
Péruwelz,57064,2020-07-27,0,75
Péruwelz,57064,2020-07-28,0,75
Péruwelz,57064,2020-07-29,0,75
Péruwelz,57064,2020-07-30,0,75
Péruwelz,57064,2020-07-31,1,76
Péruwelz,57064,2020-08-01,0,76
Péruwelz,57064,2020-08-02,0,76
Péruwelz,57064,2020-08-03,0,76
Péruwelz,57064,2020-08-04,0,76
Péruwelz,57064,2020-08-05,0,76
Péruwelz,57064,2020-08-06,1,77
Péruwelz,57064,2020-08-07,1,78
Péruwelz,57064,2020-08-08,0,78
Péruwelz,57064,2020-08-09,1,79
Péruwelz,57064,2020-08-10,0,79
Péruwelz,57064,2020-08-11,0,79
Péruwelz,57064,2020-08-12,0,79
Péruwelz,57064,2020-08-13,0,79
Péruwelz,57064,2020-08-14,3,82
Péruwelz,57064,2020-08-15,0,82
Péruwelz,57064,2020-08-16,1,83
Péruwelz,57064,2020-08-17,0,83
Péruwelz,57064,2020-08-18,0,83
Péruwelz,57064,2020-08-19,0,83
Péruwelz,57064,2020-08-20,2,85
Péruwelz,57064,2020-08-21,0,85
Péruwelz,57064,2020-08-22,2,87
Péruwelz,57064,2020-08-23,0,87
Péruwelz,57064,2020-08-24,0,87
Péruwelz,57064,2020-08-25,1,88
Péruwelz,57064,2020-08-26,0,88
Péruwelz,57064,2020-08-27,0,88
Péruwelz,57064,2020-08-28,0,88
Péruwelz,57064,2020-08-29,0,88
Péruwelz,57064,2020-08-30,0,88
Péruwelz,57064,2020-08-31,1,89
Péruwelz,57064,2020-09-01,0,89
Péruwelz,57064,2020-09-02,0,89
Péruwelz,57064,2020-09-03,0,89
Péruwelz,57064,2020-09-04,4,93
Péruwelz,57064,2020-09-05,0,93
Péruwelz,57064,2020-09-06,1,94
Péruwelz,57064,2020-09-07,1,95
Péruwelz,57064,2020-09-08,0,95
Péruwelz,57064,2020-09-09,1,96
Péruwelz,57064,2020-09-10,0,96
Péruwelz,57064,2020-09-11,0,96
Péruwelz,57064,2020-09-12,0,96
Péruwelz,57064,2020-09-13,1,97
Péruwelz,57064,2020-09-14,0,97
Péruwelz,57064,2020-09-15,0,97
Péruwelz,57064,2020-09-16,0,97
Péruwelz,57064,2020-09-17,0,97
Péruwelz,57064,2020-09-18,1,98
Péruwelz,57064,2020-09-19,2,100
Péruwelz,57064,2020-09-20,1,101
Péruwelz,57064,2020-09-21,1,102
Péruwelz,57064,2020-09-22,0,102
Péruwelz,57064,2020-09-23,1,103
Péruwelz,57064,2020-09-24,3,106
Péruwelz,57064,2020-09-25,4,110
Péruwelz,57064,2020-09-26,1,111
Péruwelz,57064,2020-09-27,1,112
Péruwelz,57064,2020-09-28,1,113
Péruwelz,57064,2020-09-29,3,116
Péruwelz,57064,2020-09-30,1,117
Péruwelz,57064,2020-10-01,1,118
Péruwelz,57064,2020-10-02,4,122
Péruwelz,57064,2020-10-03,3,125
Péruwelz,57064,2020-10-04,8,133
Péruwelz,57064,2020-10-05,5,138
Péruwelz,57064,2020-10-06,3,141
Péruwelz,57064,2020-10-07,1,142
Péruwelz,57064,2020-10-08,7,149
Péruwelz,57064,2020-10-09,28,177
Péruwelz,57064,2020-10-10,18,195
Péruwelz,57064,2020-10-11,14,209
Péruwelz,57064,2020-10-12,25,234
Péruwelz,57064,2020-10-13,22,256
Péruwelz,57064,2020-10-14,11,267
Péruwelz,57064,2020-10-15,10,277
Péruwelz,57064,2020-10-16,22,299
Péruwelz,57064,2020-10-17,25,324
Péruwelz,57064,2020-10-18,74,398
Péruwelz,57064,2020-10-19,18,416
Péruwelz,57064,2020-10-20,39,455
Péruwelz,57064,2020-10-21,19,474
Péruwelz,57064,2020-10-22,45,519
Péruwelz,57064,2020-10-23,22,541
Péruwelz,57064,2020-10-24,56,597
Péruwelz,57064,2020-10-25,42,639
Péruwelz,57064,2020-10-26,35,674
Péruwelz,57064,2020-10-27,60,734
Péruwelz,57064,2020-10-28,13,747
Péruwelz,57064,2020-10-29,69,816
Péruwelz,57064,2020-10-30,64,880
Péruwelz,57064,2020-10-31,46,926
Péruwelz,57064,2020-11-01,45,971
Péruwelz,57064,2020-11-02,48,1019
Péruwelz,57064,2020-11-03,26,1045
Péruwelz,57064,2020-11-04,5,1050
Péruwelz,57064,2020-11-05,34,1084
Péruwelz,57064,2020-11-06,43,1127
Péruwelz,57064,2020-11-07,17,1144
Péruwelz,57064,2020-11-08,20,1164
Péruwelz,57064,2020-11-09,34,1198
Péruwelz,57064,2020-11-10,9,1207
Péruwelz,57064,2020-11-11,4,1211
Rumes,57072,2020-04-01,0,0
Rumes,57072,2020-04-02,0,0
Rumes,57072,2020-04-03,5,5
Rumes,57072,2020-04-04,0,5
Rumes,57072,2020-04-05,0,5
Rumes,57072,2020-04-06,0,5
Rumes,57072,2020-04-07,0,5
Rumes,57072,2020-04-08,2,7
Rumes,57072,2020-04-09,0,7
Rumes,57072,2020-04-10,0,7
Rumes,57072,2020-04-11,0,7
Rumes,57072,2020-04-12,0,7
Rumes,57072,2020-04-13,0,7
Rumes,57072,2020-04-14,0,7
Rumes,57072,2020-04-15,0,7
Rumes,57072,2020-04-16,0,7
Rumes,57072,2020-04-17,0,7
Rumes,57072,2020-04-18,1,8
Rumes,57072,2020-04-19,1,9
Rumes,57072,2020-04-20,1,10
Rumes,57072,2020-04-21,0,10
Rumes,57072,2020-04-22,0,10
Rumes,57072,2020-04-23,0,10
Rumes,57072,2020-04-24,0,10
Rumes,57072,2020-04-25,0,10
Rumes,57072,2020-04-26,0,10
Rumes,57072,2020-04-27,0,10
Rumes,57072,2020-04-28,1,11
Rumes,57072,2020-04-29,0,11
Rumes,57072,2020-04-30,0,11
Rumes,57072,2020-05-01,0,11
Rumes,57072,2020-05-02,0,11
Rumes,57072,2020-05-03,0,11
Rumes,57072,2020-05-04,0,11
Rumes,57072,2020-05-05,0,11
Rumes,57072,2020-05-06,1,12
Rumes,57072,2020-05-07,0,12
Rumes,57072,2020-05-08,0,12
Rumes,57072,2020-05-09,0,12
Rumes,57072,2020-05-10,0,12
Rumes,57072,2020-05-11,0,12
Rumes,57072,2020-05-12,0,12
Rumes,57072,2020-05-13,0,12
Rumes,57072,2020-05-14,0,12
Rumes,57072,2020-05-15,0,12
Rumes,57072,2020-05-16,0,12
Rumes,57072,2020-05-17,0,12
Rumes,57072,2020-05-18,0,12
Rumes,57072,2020-05-19,0,12
Rumes,57072,2020-05-20,0,12
Rumes,57072,2020-05-21,0,12
Rumes,57072,2020-05-22,0,12
Rumes,57072,2020-05-23,0,12
Rumes,57072,2020-05-24,0,12
Rumes,57072,2020-05-25,2,14
Rumes,57072,2020-05-26,0,14
Rumes,57072,2020-05-27,0,14
Rumes,57072,2020-05-28,0,14
Rumes,57072,2020-05-29,0,14
Rumes,57072,2020-05-30,0,14
Rumes,57072,2020-05-31,0,14
Rumes,57072,2020-06-01,0,14
Rumes,57072,2020-06-02,0,14
Rumes,57072,2020-06-03,0,14
Rumes,57072,2020-06-04,0,14
Rumes,57072,2020-06-05,0,14
Rumes,57072,2020-06-06,0,14
Rumes,57072,2020-06-07,0,14
Rumes,57072,2020-06-08,0,14
Rumes,57072,2020-06-09,0,14
Rumes,57072,2020-06-10,0,14
Rumes,57072,2020-06-11,0,14
Rumes,57072,2020-06-12,0,14
Rumes,57072,2020-06-13,0,14
Rumes,57072,2020-06-14,0,14
Rumes,57072,2020-06-15,0,14
Rumes,57072,2020-06-16,0,14
Rumes,57072,2020-06-17,0,14
Rumes,57072,2020-06-18,0,14
Rumes,57072,2020-06-19,0,14
Rumes,57072,2020-06-20,0,14
Rumes,57072,2020-06-23,0,14
Rumes,57072,2020-06-24,0,14
Rumes,57072,2020-06-25,0,14
Rumes,57072,2020-06-26,0,14
Rumes,57072,2020-06-27,0,14
Rumes,57072,2020-06-30,0,14
Rumes,57072,2020-07-01,0,14
Rumes,57072,2020-07-02,0,14
Rumes,57072,2020-07-03,0,14
Rumes,57072,2020-07-04,0,14
Rumes,57072,2020-07-07,0,14
Rumes,57072,2020-07-08,0,14
Rumes,57072,2020-07-09,0,14
Rumes,57072,2020-07-10,0,14
Rumes,57072,2020-07-11,0,14
Rumes,57072,2020-07-14,0,14
Rumes,57072,2020-07-15,0,14
Rumes,57072,2020-07-16,0,14
Rumes,57072,2020-07-17,0,14
Rumes,57072,2020-07-18,0,14
Rumes,57072,2020-07-20,0,14
Rumes,57072,2020-07-21,0,14
Rumes,57072,2020-07-22,0,14
Rumes,57072,2020-07-23,0,14
Rumes,57072,2020-07-24,0,14
Rumes,57072,2020-07-25,0,14
Rumes,57072,2020-07-26,0,14
Rumes,57072,2020-07-27,0,14
Rumes,57072,2020-07-28,0,14
Rumes,57072,2020-07-29,0,14
Rumes,57072,2020-07-30,0,14
Rumes,57072,2020-07-31,0,14
Rumes,57072,2020-08-01,0,14
Rumes,57072,2020-08-02,0,14
Rumes,57072,2020-08-03,0,14
Rumes,57072,2020-08-04,0,14
Rumes,57072,2020-08-05,0,14
Rumes,57072,2020-08-06,0,14
Rumes,57072,2020-08-07,0,14
Rumes,57072,2020-08-08,0,14
Rumes,57072,2020-08-09,0,14
Rumes,57072,2020-08-10,1,15
Rumes,57072,2020-08-11,0,15
Rumes,57072,2020-08-12,0,15
Rumes,57072,2020-08-13,0,15
Rumes,57072,2020-08-14,0,15
Rumes,57072,2020-08-15,0,15
Rumes,57072,2020-08-16,0,15
Rumes,57072,2020-08-17,0,15
Rumes,57072,2020-08-18,0,15
Rumes,57072,2020-08-19,0,15
Rumes,57072,2020-08-20,0,15
Rumes,57072,2020-08-21,0,15
Rumes,57072,2020-08-22,1,16
Rumes,57072,2020-08-23,0,16
Rumes,57072,2020-08-24,0,16
Rumes,57072,2020-08-25,0,16
Rumes,57072,2020-08-26,0,16
Rumes,57072,2020-08-27,0,16
Rumes,57072,2020-08-28,0,16
Rumes,57072,2020-08-29,0,16
Rumes,57072,2020-08-30,0,16
Rumes,57072,2020-08-31,2,18
Rumes,57072,2020-09-01,0,18
Rumes,57072,2020-09-02,0,18
Rumes,57072,2020-09-03,0,18
Rumes,57072,2020-09-04,0,18
Rumes,57072,2020-09-05,0,18
Rumes,57072,2020-09-06,0,18
Rumes,57072,2020-09-07,0,18
Rumes,57072,2020-09-08,0,18
Rumes,57072,2020-09-09,0,18
Rumes,57072,2020-09-10,0,18
Rumes,57072,2020-09-11,0,18
Rumes,57072,2020-09-12,0,18
Rumes,57072,2020-09-13,0,18
Rumes,57072,2020-09-14,0,18
Rumes,57072,2020-09-15,1,19
Rumes,57072,2020-09-16,0,19
Rumes,57072,2020-09-17,1,20
Rumes,57072,2020-09-18,0,20
Rumes,57072,2020-09-19,0,20
Rumes,57072,2020-09-20,0,20
Rumes,57072,2020-09-21,0,20
Rumes,57072,2020-09-22,0,20
Rumes,57072,2020-09-23,0,20
Rumes,57072,2020-09-24,1,21
Rumes,57072,2020-09-25,0,21
Rumes,57072,2020-09-26,1,22
Rumes,57072,2020-09-27,2,24
Rumes,57072,2020-09-28,0,24
Rumes,57072,2020-09-29,0,24
Rumes,57072,2020-09-30,0,24
Rumes,57072,2020-10-01,0,24
Rumes,57072,2020-10-02,1,25
Rumes,57072,2020-10-03,1,26
Rumes,57072,2020-10-04,0,26
Rumes,57072,2020-10-05,0,26
Rumes,57072,2020-10-06,3,29
Rumes,57072,2020-10-07,0,29
Rumes,57072,2020-10-08,3,32
Rumes,57072,2020-10-09,3,35
Rumes,57072,2020-10-10,2,37
Rumes,57072,2020-10-11,6,43
Rumes,57072,2020-10-12,3,46
Rumes,57072,2020-10-13,3,49
Rumes,57072,2020-10-14,0,49
Rumes,57072,2020-10-15,2,51
Rumes,57072,2020-10-16,5,56
Rumes,57072,2020-10-17,6,62
Rumes,57072,2020-10-18,7,69
Rumes,57072,2020-10-19,7,76
Rumes,57072,2020-10-20,9,85
Rumes,57072,2020-10-21,14,99
Rumes,57072,2020-10-22,4,103
Rumes,57072,2020-10-23,10,113
Rumes,57072,2020-10-24,17,130
Rumes,57072,2020-10-25,26,156
Rumes,57072,2020-10-26,6,162
Rumes,57072,2020-10-27,28,190
Rumes,57072,2020-10-28,4,194
Rumes,57072,2020-10-29,14,208
Rumes,57072,2020-10-30,29,237
Rumes,57072,2020-10-31,12,249
Rumes,57072,2020-11-01,9,258
Rumes,57072,2020-11-02,15,273
Rumes,57072,2020-11-03,14,287
Rumes,57072,2020-11-04,2,289
Rumes,57072,2020-11-05,3,292
Rumes,57072,2020-11-06,22,314
Rumes,57072,2020-11-07,4,318
Rumes,57072,2020-11-08,3,321
Rumes,57072,2020-11-09,6,327
Rumes,57072,2020-11-10,1,328
Rumes,57072,2020-11-11,1,329
Doornik,57081,2020-04-01,4,48
Doornik,57081,2020-04-02,6,54
Doornik,57081,2020-04-03,12,66
Doornik,57081,2020-04-04,7,73
Doornik,57081,2020-04-05,9,82
Doornik,57081,2020-04-06,3,85
Doornik,57081,2020-04-07,2,87
Doornik,57081,2020-04-08,7,94
Doornik,57081,2020-04-09,6,100
Doornik,57081,2020-04-10,4,104
Doornik,57081,2020-04-11,0,104
Doornik,57081,2020-04-12,6,110
Doornik,57081,2020-04-13,4,114
Doornik,57081,2020-04-14,2,116
Doornik,57081,2020-04-15,2,118
Doornik,57081,2020-04-16,2,120
Doornik,57081,2020-04-17,4,124
Doornik,57081,2020-04-18,6,130
Doornik,57081,2020-04-19,2,132
Doornik,57081,2020-04-20,4,136
Doornik,57081,2020-04-21,1,137
Doornik,57081,2020-04-22,6,143
Doornik,57081,2020-04-23,5,148
Doornik,57081,2020-04-24,2,150
Doornik,57081,2020-04-25,1,151
Doornik,57081,2020-04-26,11,162
Doornik,57081,2020-04-27,4,166
Doornik,57081,2020-04-28,4,170
Doornik,57081,2020-04-29,9,179
Doornik,57081,2020-04-30,7,186
Doornik,57081,2020-05-01,1,187
Doornik,57081,2020-05-02,2,189
Doornik,57081,2020-05-03,1,190
Doornik,57081,2020-05-04,2,192
Doornik,57081,2020-05-05,0,192
Doornik,57081,2020-05-06,2,194
Doornik,57081,2020-05-07,0,194
Doornik,57081,2020-05-08,5,199
Doornik,57081,2020-05-09,3,202
Doornik,57081,2020-05-10,2,204
Doornik,57081,2020-05-11,1,205
Doornik,57081,2020-05-12,0,205
Doornik,57081,2020-05-13,-1,204
Doornik,57081,2020-05-14,0,204
Doornik,57081,2020-05-15,4,208
Doornik,57081,2020-05-16,3,211
Doornik,57081,2020-05-17,0,211
Doornik,57081,2020-05-18,2,213
Doornik,57081,2020-05-19,1,214
Doornik,57081,2020-05-20,1,215
Doornik,57081,2020-05-21,0,215
Doornik,57081,2020-05-22,1,216
Doornik,57081,2020-05-23,3,219
Doornik,57081,2020-05-24,0,219
Doornik,57081,2020-05-25,1,220
Doornik,57081,2020-05-26,0,220
Doornik,57081,2020-05-27,0,220
Doornik,57081,2020-05-28,0,220
Doornik,57081,2020-05-29,1,221
Doornik,57081,2020-05-30,2,223
Doornik,57081,2020-05-31,0,223
Doornik,57081,2020-06-01,0,223
Doornik,57081,2020-06-02,0,223
Doornik,57081,2020-06-03,0,223
Doornik,57081,2020-06-04,0,223
Doornik,57081,2020-06-05,0,223
Doornik,57081,2020-06-06,4,227
Doornik,57081,2020-06-07,1,228
Doornik,57081,2020-06-08,0,228
Doornik,57081,2020-06-09,0,228
Doornik,57081,2020-06-10,0,228
Doornik,57081,2020-06-11,1,229
Doornik,57081,2020-06-12,0,229
Doornik,57081,2020-06-13,1,230
Doornik,57081,2020-06-14,0,230
Doornik,57081,2020-06-15,0,230
Doornik,57081,2020-06-16,0,230
Doornik,57081,2020-06-17,0,230
Doornik,57081,2020-06-18,0,230
Doornik,57081,2020-06-19,2,232
Doornik,57081,2020-06-20,0,232
Doornik,57081,2020-06-23,1,233
Doornik,57081,2020-06-24,0,233
Doornik,57081,2020-06-25,1,234
Doornik,57081,2020-06-26,1,235
Doornik,57081,2020-06-27,0,235
Doornik,57081,2020-06-30,4,239
Doornik,57081,2020-07-01,0,239
Doornik,57081,2020-07-02,2,241
Doornik,57081,2020-07-03,0,241
Doornik,57081,2020-07-04,2,243
Doornik,57081,2020-07-07,3,246
Doornik,57081,2020-07-08,2,248
Doornik,57081,2020-07-09,2,250
Doornik,57081,2020-07-10,0,250
Doornik,57081,2020-07-11,0,250
Doornik,57081,2020-07-14,2,252
Doornik,57081,2020-07-15,0,252
Doornik,57081,2020-07-16,1,253
Doornik,57081,2020-07-17,0,253
Doornik,57081,2020-07-18,0,253
Doornik,57081,2020-07-20,4,257
Doornik,57081,2020-07-21,0,257
Doornik,57081,2020-07-22,0,257
Doornik,57081,2020-07-23,0,257
Doornik,57081,2020-07-24,0,257
Doornik,57081,2020-07-25,3,260
Doornik,57081,2020-07-26,1,261
Doornik,57081,2020-07-27,0,261
Doornik,57081,2020-07-28,0,261
Doornik,57081,2020-07-29,0,261
Doornik,57081,2020-07-30,1,262
Doornik,57081,2020-07-31,3,265
Doornik,57081,2020-08-01,2,267
Doornik,57081,2020-08-02,0,267
Doornik,57081,2020-08-03,1,268
Doornik,57081,2020-08-04,1,269
Doornik,57081,2020-08-05,1,270
Doornik,57081,2020-08-06,0,270
Doornik,57081,2020-08-07,1,271
Doornik,57081,2020-08-08,2,273
Doornik,57081,2020-08-09,2,275
Doornik,57081,2020-08-10,2,277
Doornik,57081,2020-08-11,0,277
Doornik,57081,2020-08-12,0,277
Doornik,57081,2020-08-13,2,279
Doornik,57081,2020-08-14,16,295
Doornik,57081,2020-08-15,0,295
Doornik,57081,2020-08-16,0,295
Doornik,57081,2020-08-17,0,295
Doornik,57081,2020-08-18,0,295
Doornik,57081,2020-08-19,0,295
Doornik,57081,2020-08-20,2,297
Doornik,57081,2020-08-21,4,301
Doornik,57081,2020-08-22,2,303
Doornik,57081,2020-08-23,2,305
Doornik,57081,2020-08-24,2,307
Doornik,57081,2020-08-25,0,307
Doornik,57081,2020-08-26,0,307
Doornik,57081,2020-08-27,1,308
Doornik,57081,2020-08-28,0,308
Doornik,57081,2020-08-29,3,311
Doornik,57081,2020-08-30,0,311
Doornik,57081,2020-08-31,3,314
Doornik,57081,2020-09-01,0,314
Doornik,57081,2020-09-02,0,314
Doornik,57081,2020-09-03,1,315
Doornik,57081,2020-09-04,1,316
Doornik,57081,2020-09-05,0,316
Doornik,57081,2020-09-06,1,317
Doornik,57081,2020-09-07,1,318
Doornik,57081,2020-09-08,5,323
Doornik,57081,2020-09-09,0,323
Doornik,57081,2020-09-10,8,331
Doornik,57081,2020-09-11,6,337
Doornik,57081,2020-09-12,2,339
Doornik,57081,2020-09-13,3,342
Doornik,57081,2020-09-14,5,347
Doornik,57081,2020-09-15,2,349
Doornik,57081,2020-09-16,0,349
Doornik,57081,2020-09-17,2,351
Doornik,57081,2020-09-18,17,368
Doornik,57081,2020-09-19,6,374
Doornik,57081,2020-09-20,6,380
Doornik,57081,2020-09-21,2,382
Doornik,57081,2020-09-22,1,383
Doornik,57081,2020-09-23,3,386
Doornik,57081,2020-09-24,1,387
Doornik,57081,2020-09-25,12,399
Doornik,57081,2020-09-26,8,407
Doornik,57081,2020-09-27,13,420
Doornik,57081,2020-09-28,5,425
Doornik,57081,2020-09-29,5,430
Doornik,57081,2020-09-30,12,442
Doornik,57081,2020-10-01,4,446
Doornik,57081,2020-10-02,12,458
Doornik,57081,2020-10-03,18,476
Doornik,57081,2020-10-04,22,498
Doornik,57081,2020-10-05,27,525
Doornik,57081,2020-10-06,21,546
Doornik,57081,2020-10-07,4,550
Doornik,57081,2020-10-08,26,576
Doornik,57081,2020-10-09,72,648
Doornik,57081,2020-10-10,26,674
Doornik,57081,2020-10-11,73,747
Doornik,57081,2020-10-12,42,789
Doornik,57081,2020-10-13,75,864
Doornik,57081,2020-10-14,31,895
Doornik,57081,2020-10-15,41,936
Doornik,57081,2020-10-16,89,1025
Doornik,57081,2020-10-17,91,1116
Doornik,57081,2020-10-18,94,1210
Doornik,57081,2020-10-19,128,1338
Doornik,57081,2020-10-20,74,1412
Doornik,57081,2020-10-21,89,1501
Doornik,57081,2020-10-22,84,1585
Doornik,57081,2020-10-23,130,1715
Doornik,57081,2020-10-24,164,1879
Doornik,57081,2020-10-25,154,2033
Doornik,57081,2020-10-26,122,2155
Doornik,57081,2020-10-27,259,2414
Doornik,57081,2020-10-28,124,2538
Doornik,57081,2020-10-29,216,2754
Doornik,57081,2020-10-30,240,2994
Doornik,57081,2020-10-31,252,3246
Doornik,57081,2020-11-01,170,3416
Doornik,57081,2020-11-02,145,3561
Doornik,57081,2020-11-03,177,3738
Doornik,57081,2020-11-04,33,3771
Doornik,57081,2020-11-05,185,3956
Doornik,57081,2020-11-06,128,4084
Doornik,57081,2020-11-07,51,4135
Doornik,57081,2020-11-08,31,4166
Doornik,57081,2020-11-09,99,4265
Doornik,57081,2020-11-10,34,4299
Doornik,57081,2020-11-11,15,4314
Leuze-en-Hainaut,57094,2020-04-01,2,10
Leuze-en-Hainaut,57094,2020-04-02,1,11
Leuze-en-Hainaut,57094,2020-04-03,0,11
Leuze-en-Hainaut,57094,2020-04-04,0,11
Leuze-en-Hainaut,57094,2020-04-05,0,11
Leuze-en-Hainaut,57094,2020-04-06,1,12
Leuze-en-Hainaut,57094,2020-04-07,1,13
Leuze-en-Hainaut,57094,2020-04-08,0,13
Leuze-en-Hainaut,57094,2020-04-09,0,13
Leuze-en-Hainaut,57094,2020-04-10,0,13
Leuze-en-Hainaut,57094,2020-04-11,0,13
Leuze-en-Hainaut,57094,2020-04-12,1,14
Leuze-en-Hainaut,57094,2020-04-13,0,14
Leuze-en-Hainaut,57094,2020-04-14,1,15
Leuze-en-Hainaut,57094,2020-04-15,3,18
Leuze-en-Hainaut,57094,2020-04-16,1,19
Leuze-en-Hainaut,57094,2020-04-17,1,20
Leuze-en-Hainaut,57094,2020-04-18,0,20
Leuze-en-Hainaut,57094,2020-04-19,2,22
Leuze-en-Hainaut,57094,2020-04-20,2,24
Leuze-en-Hainaut,57094,2020-04-21,1,25
Leuze-en-Hainaut,57094,2020-04-22,0,25
Leuze-en-Hainaut,57094,2020-04-23,1,26
Leuze-en-Hainaut,57094,2020-04-24,1,27
Leuze-en-Hainaut,57094,2020-04-25,0,27
Leuze-en-Hainaut,57094,2020-04-26,2,29
Leuze-en-Hainaut,57094,2020-04-27,2,31
Leuze-en-Hainaut,57094,2020-04-28,5,36
Leuze-en-Hainaut,57094,2020-04-29,0,36
Leuze-en-Hainaut,57094,2020-04-30,0,36
Leuze-en-Hainaut,57094,2020-05-01,1,37
Leuze-en-Hainaut,57094,2020-05-02,1,38
Leuze-en-Hainaut,57094,2020-05-03,1,39
Leuze-en-Hainaut,57094,2020-05-04,0,39
Leuze-en-Hainaut,57094,2020-05-05,0,39
Leuze-en-Hainaut,57094,2020-05-06,0,39
Leuze-en-Hainaut,57094,2020-05-07,0,39
Leuze-en-Hainaut,57094,2020-05-08,0,39
Leuze-en-Hainaut,57094,2020-05-09,3,42
Leuze-en-Hainaut,57094,2020-05-10,0,42
Leuze-en-Hainaut,57094,2020-05-11,1,43
Leuze-en-Hainaut,57094,2020-05-12,4,47
Leuze-en-Hainaut,57094,2020-05-13,0,47
Leuze-en-Hainaut,57094,2020-05-14,0,47
Leuze-en-Hainaut,57094,2020-05-15,0,47
Leuze-en-Hainaut,57094,2020-05-16,0,47
Leuze-en-Hainaut,57094,2020-05-17,0,47
Leuze-en-Hainaut,57094,2020-05-18,0,47
Leuze-en-Hainaut,57094,2020-05-19,0,47
Leuze-en-Hainaut,57094,2020-05-20,0,47
Leuze-en-Hainaut,57094,2020-05-21,0,47
Leuze-en-Hainaut,57094,2020-05-22,0,47
Leuze-en-Hainaut,57094,2020-05-23,0,47
Leuze-en-Hainaut,57094,2020-05-24,0,47
Leuze-en-Hainaut,57094,2020-05-25,0,47
Leuze-en-Hainaut,57094,2020-05-26,0,47
Leuze-en-Hainaut,57094,2020-05-27,0,47
Leuze-en-Hainaut,57094,2020-05-28,0,47
Leuze-en-Hainaut,57094,2020-05-29,0,47
Leuze-en-Hainaut,57094,2020-05-30,0,47
Leuze-en-Hainaut,57094,2020-05-31,1,48
Leuze-en-Hainaut,57094,2020-06-01,0,48
Leuze-en-Hainaut,57094,2020-06-02,0,48
Leuze-en-Hainaut,57094,2020-06-03,0,48
Leuze-en-Hainaut,57094,2020-06-04,0,48
Leuze-en-Hainaut,57094,2020-06-05,0,48
Leuze-en-Hainaut,57094,2020-06-06,0,48
Leuze-en-Hainaut,57094,2020-06-07,1,49
Leuze-en-Hainaut,57094,2020-06-08,0,49
Leuze-en-Hainaut,57094,2020-06-09,0,49
Leuze-en-Hainaut,57094,2020-06-10,0,49
Leuze-en-Hainaut,57094,2020-06-11,0,49
Leuze-en-Hainaut,57094,2020-06-12,0,49
Leuze-en-Hainaut,57094,2020-06-13,0,49
Leuze-en-Hainaut,57094,2020-06-14,0,49
Leuze-en-Hainaut,57094,2020-06-15,0,49
Leuze-en-Hainaut,57094,2020-06-16,0,49
Leuze-en-Hainaut,57094,2020-06-17,0,49
Leuze-en-Hainaut,57094,2020-06-18,0,49
Leuze-en-Hainaut,57094,2020-06-19,0,49
Leuze-en-Hainaut,57094,2020-06-20,0,49
Leuze-en-Hainaut,57094,2020-06-23,0,49
Leuze-en-Hainaut,57094,2020-06-24,0,49
Leuze-en-Hainaut,57094,2020-06-25,0,49
Leuze-en-Hainaut,57094,2020-06-26,0,49
Leuze-en-Hainaut,57094,2020-06-27,0,49
Leuze-en-Hainaut,57094,2020-06-30,0,49
Leuze-en-Hainaut,57094,2020-07-01,0,49
Leuze-en-Hainaut,57094,2020-07-02,1,50
Leuze-en-Hainaut,57094,2020-07-03,0,50
Leuze-en-Hainaut,57094,2020-07-04,0,50
Leuze-en-Hainaut,57094,2020-07-07,0,50
Leuze-en-Hainaut,57094,2020-07-08,0,50
Leuze-en-Hainaut,57094,2020-07-09,0,50
Leuze-en-Hainaut,57094,2020-07-10,0,50
Leuze-en-Hainaut,57094,2020-07-11,0,50
Leuze-en-Hainaut,57094,2020-07-14,0,50
Leuze-en-Hainaut,57094,2020-07-15,0,50
Leuze-en-Hainaut,57094,2020-07-16,0,50
Leuze-en-Hainaut,57094,2020-07-17,0,50
Leuze-en-Hainaut,57094,2020-07-18,0,50
Leuze-en-Hainaut,57094,2020-07-20,0,50
Leuze-en-Hainaut,57094,2020-07-21,0,50
Leuze-en-Hainaut,57094,2020-07-22,0,50
Leuze-en-Hainaut,57094,2020-07-23,0,50
Leuze-en-Hainaut,57094,2020-07-24,0,50
Leuze-en-Hainaut,57094,2020-07-25,1,51
Leuze-en-Hainaut,57094,2020-07-26,0,51
Leuze-en-Hainaut,57094,2020-07-27,0,51
Leuze-en-Hainaut,57094,2020-07-28,6,57
Leuze-en-Hainaut,57094,2020-07-29,2,59
Leuze-en-Hainaut,57094,2020-07-30,1,60
Leuze-en-Hainaut,57094,2020-07-31,2,62
Leuze-en-Hainaut,57094,2020-08-01,1,63
Leuze-en-Hainaut,57094,2020-08-02,0,63
Leuze-en-Hainaut,57094,2020-08-03,2,65
Leuze-en-Hainaut,57094,2020-08-04,0,65
Leuze-en-Hainaut,57094,2020-08-05,0,65
Leuze-en-Hainaut,57094,2020-08-06,0,65
Leuze-en-Hainaut,57094,2020-08-07,0,65
Leuze-en-Hainaut,57094,2020-08-08,1,66
Leuze-en-Hainaut,57094,2020-08-09,1,67
Leuze-en-Hainaut,57094,2020-08-10,0,67
Leuze-en-Hainaut,57094,2020-08-11,0,67
Leuze-en-Hainaut,57094,2020-08-12,0,67
Leuze-en-Hainaut,57094,2020-08-13,0,67
Leuze-en-Hainaut,57094,2020-08-14,3,70
Leuze-en-Hainaut,57094,2020-08-15,0,70
Leuze-en-Hainaut,57094,2020-08-16,0,70
Leuze-en-Hainaut,57094,2020-08-17,0,70
Leuze-en-Hainaut,57094,2020-08-18,0,70
Leuze-en-Hainaut,57094,2020-08-19,0,70
Leuze-en-Hainaut,57094,2020-08-20,0,70
Leuze-en-Hainaut,57094,2020-08-21,0,70
Leuze-en-Hainaut,57094,2020-08-22,1,71
Leuze-en-Hainaut,57094,2020-08-23,0,71
Leuze-en-Hainaut,57094,2020-08-24,0,71
Leuze-en-Hainaut,57094,2020-08-25,0,71
Leuze-en-Hainaut,57094,2020-08-26,0,71
Leuze-en-Hainaut,57094,2020-08-27,0,71
Leuze-en-Hainaut,57094,2020-08-28,0,71
Leuze-en-Hainaut,57094,2020-08-29,1,72
Leuze-en-Hainaut,57094,2020-08-30,0,72
Leuze-en-Hainaut,57094,2020-08-31,0,72
Leuze-en-Hainaut,57094,2020-09-01,0,72
Leuze-en-Hainaut,57094,2020-09-02,0,72
Leuze-en-Hainaut,57094,2020-09-03,0,72
Leuze-en-Hainaut,57094,2020-09-04,0,72
Leuze-en-Hainaut,57094,2020-09-05,0,72
Leuze-en-Hainaut,57094,2020-09-06,0,72
Leuze-en-Hainaut,57094,2020-09-07,1,73
Leuze-en-Hainaut,57094,2020-09-08,0,73
Leuze-en-Hainaut,57094,2020-09-09,0,73
Leuze-en-Hainaut,57094,2020-09-10,1,74
Leuze-en-Hainaut,57094,2020-09-11,0,74
Leuze-en-Hainaut,57094,2020-09-12,2,76
Leuze-en-Hainaut,57094,2020-09-13,1,77
Leuze-en-Hainaut,57094,2020-09-14,0,77
Leuze-en-Hainaut,57094,2020-09-15,0,77
Leuze-en-Hainaut,57094,2020-09-16,0,77
Leuze-en-Hainaut,57094,2020-09-17,0,77
Leuze-en-Hainaut,57094,2020-09-18,0,77
Leuze-en-Hainaut,57094,2020-09-19,3,80
Leuze-en-Hainaut,57094,2020-09-20,1,81
Leuze-en-Hainaut,57094,2020-09-21,0,81
Leuze-en-Hainaut,57094,2020-09-22,0,81
Leuze-en-Hainaut,57094,2020-09-23,5,86
Leuze-en-Hainaut,57094,2020-09-24,1,87
Leuze-en-Hainaut,57094,2020-09-25,2,89
Leuze-en-Hainaut,57094,2020-09-26,2,91
Leuze-en-Hainaut,57094,2020-09-27,11,102
Leuze-en-Hainaut,57094,2020-09-28,2,104
Leuze-en-Hainaut,57094,2020-09-29,0,104
Leuze-en-Hainaut,57094,2020-09-30,8,112
Leuze-en-Hainaut,57094,2020-10-01,1,113
Leuze-en-Hainaut,57094,2020-10-02,4,117
Leuze-en-Hainaut,57094,2020-10-03,2,119
Leuze-en-Hainaut,57094,2020-10-04,5,124
Leuze-en-Hainaut,57094,2020-10-05,3,127
Leuze-en-Hainaut,57094,2020-10-06,3,130
Leuze-en-Hainaut,57094,2020-10-07,0,130
Leuze-en-Hainaut,57094,2020-10-08,1,131
Leuze-en-Hainaut,57094,2020-10-09,9,140
Leuze-en-Hainaut,57094,2020-10-10,10,150
Leuze-en-Hainaut,57094,2020-10-11,12,162
Leuze-en-Hainaut,57094,2020-10-12,13,175
Leuze-en-Hainaut,57094,2020-10-13,13,188
Leuze-en-Hainaut,57094,2020-10-14,4,192
Leuze-en-Hainaut,57094,2020-10-15,20,212
Leuze-en-Hainaut,57094,2020-10-16,5,217
Leuze-en-Hainaut,57094,2020-10-17,15,232
Leuze-en-Hainaut,57094,2020-10-18,19,251
Leuze-en-Hainaut,57094,2020-10-19,21,272
Leuze-en-Hainaut,57094,2020-10-20,4,276
Leuze-en-Hainaut,57094,2020-10-21,10,286
Leuze-en-Hainaut,57094,2020-10-22,27,313
Leuze-en-Hainaut,57094,2020-10-23,27,340
Leuze-en-Hainaut,57094,2020-10-24,32,372
Leuze-en-Hainaut,57094,2020-10-25,50,422
Leuze-en-Hainaut,57094,2020-10-26,17,439
Leuze-en-Hainaut,57094,2020-10-27,61,500
Leuze-en-Hainaut,57094,2020-10-28,19,519
Leuze-en-Hainaut,57094,2020-10-29,42,561
Leuze-en-Hainaut,57094,2020-10-30,48,609
Leuze-en-Hainaut,57094,2020-10-31,48,657
Leuze-en-Hainaut,57094,2020-11-01,44,701
Leuze-en-Hainaut,57094,2020-11-02,25,726
Leuze-en-Hainaut,57094,2020-11-03,17,743
Leuze-en-Hainaut,57094,2020-11-04,18,761
Leuze-en-Hainaut,57094,2020-11-05,33,794
Leuze-en-Hainaut,57094,2020-11-06,31,825
Leuze-en-Hainaut,57094,2020-11-07,14,839
Leuze-en-Hainaut,57094,2020-11-08,10,849
Leuze-en-Hainaut,57094,2020-11-09,27,876
Leuze-en-Hainaut,57094,2020-11-10,4,880
Leuze-en-Hainaut,57094,2020-11-11,4,884
Moeskroen,57096,2020-04-01,6,48
Moeskroen,57096,2020-04-02,2,50
Moeskroen,57096,2020-04-03,4,54
Moeskroen,57096,2020-04-04,2,56
Moeskroen,57096,2020-04-05,4,60
Moeskroen,57096,2020-04-06,4,64
Moeskroen,57096,2020-04-07,1,65
Moeskroen,57096,2020-04-08,5,70
Moeskroen,57096,2020-04-09,9,79
Moeskroen,57096,2020-04-10,6,85
Moeskroen,57096,2020-04-11,8,93
Moeskroen,57096,2020-04-12,5,98
Moeskroen,57096,2020-04-13,4,102
Moeskroen,57096,2020-04-14,3,105
Moeskroen,57096,2020-04-15,14,119
Moeskroen,57096,2020-04-16,3,122
Moeskroen,57096,2020-04-17,7,129
Moeskroen,57096,2020-04-18,10,139
Moeskroen,57096,2020-04-19,14,153
Moeskroen,57096,2020-04-20,7,160
Moeskroen,57096,2020-04-21,5,165
Moeskroen,57096,2020-04-22,4,169
Moeskroen,57096,2020-04-23,6,175
Moeskroen,57096,2020-04-24,19,194
Moeskroen,57096,2020-04-25,10,204
Moeskroen,57096,2020-04-26,9,213
Moeskroen,57096,2020-04-27,3,216
Moeskroen,57096,2020-04-28,5,221
Moeskroen,57096,2020-04-29,1,222
Moeskroen,57096,2020-04-30,11,233
Moeskroen,57096,2020-05-01,4,237
Moeskroen,57096,2020-05-02,5,242
Moeskroen,57096,2020-05-03,2,244
Moeskroen,57096,2020-05-04,0,244
Moeskroen,57096,2020-05-05,4,248
Moeskroen,57096,2020-05-06,5,253
Moeskroen,57096,2020-05-07,21,274
Moeskroen,57096,2020-05-08,2,276
Moeskroen,57096,2020-05-09,5,281
Moeskroen,57096,2020-05-10,3,284
Moeskroen,57096,2020-05-11,2,286
Moeskroen,57096,2020-05-12,3,289
Moeskroen,57096,2020-05-13,0,289
Moeskroen,57096,2020-05-14,1,290
Moeskroen,57096,2020-05-15,4,294
Moeskroen,57096,2020-05-16,17,311
Moeskroen,57096,2020-05-17,3,314
Moeskroen,57096,2020-05-18,9,323
Moeskroen,57096,2020-05-19,3,326
Moeskroen,57096,2020-05-20,3,329
Moeskroen,57096,2020-05-21,4,333
Moeskroen,57096,2020-05-22,2,335
Moeskroen,57096,2020-05-23,4,339
Moeskroen,57096,2020-05-24,8,347
Moeskroen,57096,2020-05-25,4,351
Moeskroen,57096,2020-05-26,0,351
Moeskroen,57096,2020-05-27,0,351
Moeskroen,57096,2020-05-28,39,390
Moeskroen,57096,2020-05-29,0,390
Moeskroen,57096,2020-05-30,2,392
Moeskroen,57096,2020-05-31,2,394
Moeskroen,57096,2020-06-01,1,395
Moeskroen,57096,2020-06-02,0,395
Moeskroen,57096,2020-06-03,0,395
Moeskroen,57096,2020-06-04,5,400
Moeskroen,57096,2020-06-05,0,400
Moeskroen,57096,2020-06-06,4,404
Moeskroen,57096,2020-06-07,1,405
Moeskroen,57096,2020-06-08,0,405
Moeskroen,57096,2020-06-09,1,406
Moeskroen,57096,2020-06-10,0,406
Moeskroen,57096,2020-06-11,1,407
Moeskroen,57096,2020-06-12,3,410
Moeskroen,57096,2020-06-13,1,411
Moeskroen,57096,2020-06-14,1,412
Moeskroen,57096,2020-06-15,0,412
Moeskroen,57096,2020-06-16,1,413
Moeskroen,57096,2020-06-17,10,423
Moeskroen,57096,2020-06-18,0,423
Moeskroen,57096,2020-06-19,0,423
Moeskroen,57096,2020-06-20,2,425
Moeskroen,57096,2020-06-23,17,442
Moeskroen,57096,2020-06-24,9,451
Moeskroen,57096,2020-06-25,0,451
Moeskroen,57096,2020-06-26,0,451
Moeskroen,57096,2020-06-27,3,454
Moeskroen,57096,2020-06-30,14,468
Moeskroen,57096,2020-07-01,0,468
Moeskroen,57096,2020-07-02,0,468
Moeskroen,57096,2020-07-03,4,472
Moeskroen,57096,2020-07-04,0,472
Moeskroen,57096,2020-07-07,6,478
Moeskroen,57096,2020-07-08,0,478
Moeskroen,57096,2020-07-09,1,479
Moeskroen,57096,2020-07-10,2,481
Moeskroen,57096,2020-07-11,1,482
Moeskroen,57096,2020-07-14,5,487
Moeskroen,57096,2020-07-15,1,488
Moeskroen,57096,2020-07-16,3,491
Moeskroen,57096,2020-07-17,2,493
Moeskroen,57096,2020-07-18,3,496
Moeskroen,57096,2020-07-20,1,497
Moeskroen,57096,2020-07-21,5,502
Moeskroen,57096,2020-07-22,0,502
Moeskroen,57096,2020-07-23,2,504
Moeskroen,57096,2020-07-24,0,504
Moeskroen,57096,2020-07-25,0,504
Moeskroen,57096,2020-07-26,1,505
Moeskroen,57096,2020-07-27,0,505
Moeskroen,57096,2020-07-28,0,505
Moeskroen,57096,2020-07-29,0,505
Moeskroen,57096,2020-07-30,1,506
Moeskroen,57096,2020-07-31,1,507
Moeskroen,57096,2020-08-01,0,507
Moeskroen,57096,2020-08-02,0,507
Moeskroen,57096,2020-08-03,0,507
Moeskroen,57096,2020-08-04,0,507
Moeskroen,57096,2020-08-05,0,507
Moeskroen,57096,2020-08-06,0,507
Moeskroen,57096,2020-08-07,0,507
Moeskroen,57096,2020-08-08,1,508
Moeskroen,57096,2020-08-09,1,509
Moeskroen,57096,2020-08-10,1,510
Moeskroen,57096,2020-08-11,0,510
Moeskroen,57096,2020-08-12,0,510
Moeskroen,57096,2020-08-13,4,514
Moeskroen,57096,2020-08-14,4,518
Moeskroen,57096,2020-08-15,4,522
Moeskroen,57096,2020-08-16,2,524
Moeskroen,57096,2020-08-17,2,526
Moeskroen,57096,2020-08-18,1,527
Moeskroen,57096,2020-08-19,2,529
Moeskroen,57096,2020-08-20,3,532
Moeskroen,57096,2020-08-21,5,537
Moeskroen,57096,2020-08-22,7,544
Moeskroen,57096,2020-08-23,8,552
Moeskroen,57096,2020-08-24,0,552
Moeskroen,57096,2020-08-25,0,552
Moeskroen,57096,2020-08-26,1,553
Moeskroen,57096,2020-08-27,1,554
Moeskroen,57096,2020-08-28,0,554
Moeskroen,57096,2020-08-29,3,557
Moeskroen,57096,2020-08-30,1,558
Moeskroen,57096,2020-08-31,0,558
Moeskroen,57096,2020-09-01,0,558
Moeskroen,57096,2020-09-02,0,558
Moeskroen,57096,2020-09-03,2,560
Moeskroen,57096,2020-09-04,3,563
Moeskroen,57096,2020-09-05,1,564
Moeskroen,57096,2020-09-06,3,567
Moeskroen,57096,2020-09-07,0,567
Moeskroen,57096,2020-09-08,3,570
Moeskroen,57096,2020-09-09,0,570
Moeskroen,57096,2020-09-10,8,578
Moeskroen,57096,2020-09-11,5,583
Moeskroen,57096,2020-09-12,6,589
Moeskroen,57096,2020-09-13,2,591
Moeskroen,57096,2020-09-14,11,602
Moeskroen,57096,2020-09-15,5,607
Moeskroen,57096,2020-09-16,3,610
Moeskroen,57096,2020-09-17,6,616
Moeskroen,57096,2020-09-18,30,646
Moeskroen,57096,2020-09-19,45,691
Moeskroen,57096,2020-09-20,9,700
Moeskroen,57096,2020-09-21,32,732
Moeskroen,57096,2020-09-22,7,739
Moeskroen,57096,2020-09-23,16,755
Moeskroen,57096,2020-09-24,15,770
Moeskroen,57096,2020-09-25,25,795
Moeskroen,57096,2020-09-26,31,826
Moeskroen,57096,2020-09-27,9,835
Moeskroen,57096,2020-09-28,1,836
Moeskroen,57096,2020-09-29,80,916
Moeskroen,57096,2020-09-30,18,934
Moeskroen,57096,2020-10-01,9,943
Moeskroen,57096,2020-10-02,18,961
Moeskroen,57096,2020-10-03,39,1000
Moeskroen,57096,2020-10-04,36,1036
Moeskroen,57096,2020-10-05,14,1050
Moeskroen,57096,2020-10-06,22,1072
Moeskroen,57096,2020-10-07,19,1091
Moeskroen,57096,2020-10-08,39,1130
Moeskroen,57096,2020-10-09,30,1160
Moeskroen,57096,2020-10-10,41,1201
Moeskroen,57096,2020-10-11,77,1278
Moeskroen,57096,2020-10-12,44,1322
Moeskroen,57096,2020-10-13,55,1377
Moeskroen,57096,2020-10-14,44,1421
Moeskroen,57096,2020-10-15,40,1461
Moeskroen,57096,2020-10-16,104,1565
Moeskroen,57096,2020-10-17,82,1647
Moeskroen,57096,2020-10-18,77,1724
Moeskroen,57096,2020-10-19,121,1845
Moeskroen,57096,2020-10-20,79,1924
Moeskroen,57096,2020-10-21,124,2048
Moeskroen,57096,2020-10-22,104,2152
Moeskroen,57096,2020-10-23,136,2288
Moeskroen,57096,2020-10-24,201,2489
Moeskroen,57096,2020-10-25,182,2671
Moeskroen,57096,2020-10-26,172,2843
Moeskroen,57096,2020-10-27,58,2901
Moeskroen,57096,2020-10-28,105,3006
Moeskroen,57096,2020-10-29,281,3287
Moeskroen,57096,2020-10-30,230,3517
Moeskroen,57096,2020-10-31,211,3728
Moeskroen,57096,2020-11-01,181,3909
Moeskroen,57096,2020-11-02,82,3991
Moeskroen,57096,2020-11-03,53,4044
Moeskroen,57096,2020-11-04,72,4116
Moeskroen,57096,2020-11-05,132,4248
Moeskroen,57096,2020-11-06,145,4393
Moeskroen,57096,2020-11-07,83,4476
Moeskroen,57096,2020-11-08,58,4534
Moeskroen,57096,2020-11-09,32,4566
Moeskroen,57096,2020-11-10,22,4588
Moeskroen,57096,2020-11-11,43,4631
Komen-Waasten,57097,2020-04-01,2,36
Komen-Waasten,57097,2020-04-02,7,43
Komen-Waasten,57097,2020-04-03,6,49
Komen-Waasten,57097,2020-04-04,0,49
Komen-Waasten,57097,2020-04-05,1,50
Komen-Waasten,57097,2020-04-06,0,50
Komen-Waasten,57097,2020-04-07,2,52
Komen-Waasten,57097,2020-04-08,1,53
Komen-Waasten,57097,2020-04-09,3,56
Komen-Waasten,57097,2020-04-10,2,58
Komen-Waasten,57097,2020-04-11,1,59
Komen-Waasten,57097,2020-04-12,1,60
Komen-Waasten,57097,2020-04-13,2,62
Komen-Waasten,57097,2020-04-14,0,62
Komen-Waasten,57097,2020-04-15,0,62
Komen-Waasten,57097,2020-04-16,1,63
Komen-Waasten,57097,2020-04-17,1,64
Komen-Waasten,57097,2020-04-18,3,67
Komen-Waasten,57097,2020-04-19,1,68
Komen-Waasten,57097,2020-04-20,0,68
Komen-Waasten,57097,2020-04-21,4,72
Komen-Waasten,57097,2020-04-22,2,74
Komen-Waasten,57097,2020-04-23,2,76
Komen-Waasten,57097,2020-04-24,0,76
Komen-Waasten,57097,2020-04-25,1,77
Komen-Waasten,57097,2020-04-26,0,77
Komen-Waasten,57097,2020-04-27,0,77
Komen-Waasten,57097,2020-04-28,1,78
Komen-Waasten,57097,2020-04-29,1,79
Komen-Waasten,57097,2020-04-30,2,81
Komen-Waasten,57097,2020-05-01,0,81
Komen-Waasten,57097,2020-05-02,0,81
Komen-Waasten,57097,2020-05-03,1,82
Komen-Waasten,57097,2020-05-04,0,82
Komen-Waasten,57097,2020-05-05,0,82
Komen-Waasten,57097,2020-05-06,3,85
Komen-Waasten,57097,2020-05-07,5,90
Komen-Waasten,57097,2020-05-08,0,90
Komen-Waasten,57097,2020-05-09,0,90
Komen-Waasten,57097,2020-05-10,0,90
Komen-Waasten,57097,2020-05-11,0,90
Komen-Waasten,57097,2020-05-12,0,90
Komen-Waasten,57097,2020-05-13,0,90
Komen-Waasten,57097,2020-05-14,0,90
Komen-Waasten,57097,2020-05-15,0,90
Komen-Waasten,57097,2020-05-16,0,90
Komen-Waasten,57097,2020-05-17,0,90
Komen-Waasten,57097,2020-05-18,3,93
Komen-Waasten,57097,2020-05-19,0,93
Komen-Waasten,57097,2020-05-20,2,95
Komen-Waasten,57097,2020-05-21,0,95
Komen-Waasten,57097,2020-05-22,0,95
Komen-Waasten,57097,2020-05-23,0,95
Komen-Waasten,57097,2020-05-24,0,95
Komen-Waasten,57097,2020-05-25,0,95
Komen-Waasten,57097,2020-05-26,0,95
Komen-Waasten,57097,2020-05-27,0,95
Komen-Waasten,57097,2020-05-28,0,95
Komen-Waasten,57097,2020-05-29,0,95
Komen-Waasten,57097,2020-05-30,1,96
Komen-Waasten,57097,2020-05-31,0,96
Komen-Waasten,57097,2020-06-01,0,96
Komen-Waasten,57097,2020-06-02,0,96
Komen-Waasten,57097,2020-06-03,0,96
Komen-Waasten,57097,2020-06-04,0,96
Komen-Waasten,57097,2020-06-05,0,96
Komen-Waasten,57097,2020-06-06,0,96
Komen-Waasten,57097,2020-06-07,0,96
Komen-Waasten,57097,2020-06-08,0,96
Komen-Waasten,57097,2020-06-09,0,96
Komen-Waasten,57097,2020-06-10,0,96
Komen-Waasten,57097,2020-06-11,0,96
Komen-Waasten,57097,2020-06-12,0,96
Komen-Waasten,57097,2020-06-13,0,96
Komen-Waasten,57097,2020-06-14,0,96
Komen-Waasten,57097,2020-06-15,1,97
Komen-Waasten,57097,2020-06-16,0,97
Komen-Waasten,57097,2020-06-17,0,97
Komen-Waasten,57097,2020-06-18,0,97
Komen-Waasten,57097,2020-06-19,0,97
Komen-Waasten,57097,2020-06-20,0,97
Komen-Waasten,57097,2020-06-23,1,98
Komen-Waasten,57097,2020-06-24,1,99
Komen-Waasten,57097,2020-06-25,0,99
Komen-Waasten,57097,2020-06-26,0,99
Komen-Waasten,57097,2020-06-27,0,99
Komen-Waasten,57097,2020-06-30,0,99
Komen-Waasten,57097,2020-07-01,0,99
Komen-Waasten,57097,2020-07-02,0,99
Komen-Waasten,57097,2020-07-03,0,99
Komen-Waasten,57097,2020-07-04,0,99
Komen-Waasten,57097,2020-07-07,0,99
Komen-Waasten,57097,2020-07-08,0,99
Komen-Waasten,57097,2020-07-09,0,99
Komen-Waasten,57097,2020-07-10,0,99
Komen-Waasten,57097,2020-07-11,0,99
Komen-Waasten,57097,2020-07-14,0,99
Komen-Waasten,57097,2020-07-15,0,99
Komen-Waasten,57097,2020-07-16,0,99
Komen-Waasten,57097,2020-07-17,0,99
Komen-Waasten,57097,2020-07-18,0,99
Komen-Waasten,57097,2020-07-20,0,99
Komen-Waasten,57097,2020-07-21,0,99
Komen-Waasten,57097,2020-07-22,0,99
Komen-Waasten,57097,2020-07-23,0,99
Komen-Waasten,57097,2020-07-24,0,99
Komen-Waasten,57097,2020-07-25,0,99
Komen-Waasten,57097,2020-07-26,0,99
Komen-Waasten,57097,2020-07-27,0,99
Komen-Waasten,57097,2020-07-28,0,99
Komen-Waasten,57097,2020-07-29,0,99
Komen-Waasten,57097,2020-07-30,1,100
Komen-Waasten,57097,2020-07-31,0,100
Komen-Waasten,57097,2020-08-01,0,100
Komen-Waasten,57097,2020-08-02,0,100
Komen-Waasten,57097,2020-08-03,0,100
Komen-Waasten,57097,2020-08-04,1,101
Komen-Waasten,57097,2020-08-05,0,101
Komen-Waasten,57097,2020-08-06,0,101
Komen-Waasten,57097,2020-08-07,0,101
Komen-Waasten,57097,2020-08-08,2,103
Komen-Waasten,57097,2020-08-09,0,103
Komen-Waasten,57097,2020-08-10,0,103
Komen-Waasten,57097,2020-08-11,0,103
Komen-Waasten,57097,2020-08-12,0,103
Komen-Waasten,57097,2020-08-13,0,103
Komen-Waasten,57097,2020-08-14,1,104
Komen-Waasten,57097,2020-08-15,0,104
Komen-Waasten,57097,2020-08-16,2,106
Komen-Waasten,57097,2020-08-17,1,107
Komen-Waasten,57097,2020-08-18,1,108
Komen-Waasten,57097,2020-08-19,8,116
Komen-Waasten,57097,2020-08-20,4,120
Komen-Waasten,57097,2020-08-21,0,120
Komen-Waasten,57097,2020-08-22,14,134
Komen-Waasten,57097,2020-08-23,2,136
Komen-Waasten,57097,2020-08-24,0,136
Komen-Waasten,57097,2020-08-25,0,136
Komen-Waasten,57097,2020-08-26,1,137
Komen-Waasten,57097,2020-08-27,1,138
Komen-Waasten,57097,2020-08-28,3,141
Komen-Waasten,57097,2020-08-29,0,141
Komen-Waasten,57097,2020-08-30,0,141
Komen-Waasten,57097,2020-08-31,0,141
Komen-Waasten,57097,2020-09-01,0,141
Komen-Waasten,57097,2020-09-02,1,142
Komen-Waasten,57097,2020-09-03,0,142
Komen-Waasten,57097,2020-09-04,3,145
Komen-Waasten,57097,2020-09-05,0,145
Komen-Waasten,57097,2020-09-06,6,151
Komen-Waasten,57097,2020-09-07,3,154
Komen-Waasten,57097,2020-09-08,0,154
Komen-Waasten,57097,2020-09-09,0,154
Komen-Waasten,57097,2020-09-10,1,155
Komen-Waasten,57097,2020-09-11,3,158
Komen-Waasten,57097,2020-09-12,3,161
Komen-Waasten,57097,2020-09-13,0,161
Komen-Waasten,57097,2020-09-14,2,163
Komen-Waasten,57097,2020-09-15,0,163
Komen-Waasten,57097,2020-09-16,1,164
Komen-Waasten,57097,2020-09-17,0,164
Komen-Waasten,57097,2020-09-18,4,168
Komen-Waasten,57097,2020-09-19,3,171
Komen-Waasten,57097,2020-09-20,0,171
Komen-Waasten,57097,2020-09-21,0,171
Komen-Waasten,57097,2020-09-22,0,171
Komen-Waasten,57097,2020-09-23,1,172
Komen-Waasten,57097,2020-09-24,0,172
Komen-Waasten,57097,2020-09-25,3,175
Komen-Waasten,57097,2020-09-26,0,175
Komen-Waasten,57097,2020-09-27,1,176
Komen-Waasten,57097,2020-09-28,0,176
Komen-Waasten,57097,2020-09-29,0,176
Komen-Waasten,57097,2020-09-30,0,176
Komen-Waasten,57097,2020-10-01,0,176
Komen-Waasten,57097,2020-10-02,0,176
Komen-Waasten,57097,2020-10-03,3,179
Komen-Waasten,57097,2020-10-04,4,183
Komen-Waasten,57097,2020-10-05,1,184
Komen-Waasten,57097,2020-10-06,2,186
Komen-Waasten,57097,2020-10-07,2,188
Komen-Waasten,57097,2020-10-08,9,197
Komen-Waasten,57097,2020-10-09,6,203
Komen-Waasten,57097,2020-10-10,4,207
Komen-Waasten,57097,2020-10-11,21,228
Komen-Waasten,57097,2020-10-12,6,234
Komen-Waasten,57097,2020-10-13,4,238
Komen-Waasten,57097,2020-10-14,22,260
Komen-Waasten,57097,2020-10-15,9,269
Komen-Waasten,57097,2020-10-16,26,295
Komen-Waasten,57097,2020-10-17,15,310
Komen-Waasten,57097,2020-10-18,36,346
Komen-Waasten,57097,2020-10-19,24,370
Komen-Waasten,57097,2020-10-20,14,384
Komen-Waasten,57097,2020-10-21,22,406
Komen-Waasten,57097,2020-10-22,12,418
Komen-Waasten,57097,2020-10-23,16,434
Komen-Waasten,57097,2020-10-24,40,474
Komen-Waasten,57097,2020-10-25,64,538
Komen-Waasten,57097,2020-10-26,49,587
Komen-Waasten,57097,2020-10-27,19,606
Komen-Waasten,57097,2020-10-28,13,619
Komen-Waasten,57097,2020-10-29,46,665
Komen-Waasten,57097,2020-10-30,44,709
Komen-Waasten,57097,2020-10-31,51,760
Komen-Waasten,57097,2020-11-01,26,786
Komen-Waasten,57097,2020-11-02,22,808
Komen-Waasten,57097,2020-11-03,16,824
Komen-Waasten,57097,2020-11-04,19,843
Komen-Waasten,57097,2020-11-05,27,870
Komen-Waasten,57097,2020-11-06,23,893
Komen-Waasten,57097,2020-11-07,19,912
Komen-Waasten,57097,2020-11-08,7,919
Komen-Waasten,57097,2020-11-09,9,928
Komen-Waasten,57097,2020-11-10,6,934
Komen-Waasten,57097,2020-11-11,6,940
La Louvière,58001,2020-04-01,11,92
La Louvière,58001,2020-04-02,16,108
La Louvière,58001,2020-04-03,3,111
La Louvière,58001,2020-04-04,5,116
La Louvière,58001,2020-04-05,7,123
La Louvière,58001,2020-04-06,4,127
La Louvière,58001,2020-04-07,7,134
La Louvière,58001,2020-04-08,40,174
La Louvière,58001,2020-04-09,6,180
La Louvière,58001,2020-04-10,59,239
La Louvière,58001,2020-04-11,19,258
La Louvière,58001,2020-04-12,18,276
La Louvière,58001,2020-04-13,7,283
La Louvière,58001,2020-04-14,1,284
La Louvière,58001,2020-04-15,18,302
La Louvière,58001,2020-04-16,2,304
La Louvière,58001,2020-04-17,13,317
La Louvière,58001,2020-04-18,9,326
La Louvière,58001,2020-04-19,6,332
La Louvière,58001,2020-04-20,7,339
La Louvière,58001,2020-04-21,24,363
La Louvière,58001,2020-04-22,3,366
La Louvière,58001,2020-04-23,4,370
La Louvière,58001,2020-04-24,3,373
La Louvière,58001,2020-04-25,4,377
La Louvière,58001,2020-04-26,22,399
La Louvière,58001,2020-04-27,5,404
La Louvière,58001,2020-04-28,1,405
La Louvière,58001,2020-04-29,9,414
La Louvière,58001,2020-04-30,2,416
La Louvière,58001,2020-05-01,4,420
La Louvière,58001,2020-05-02,3,423
La Louvière,58001,2020-05-03,3,426
La Louvière,58001,2020-05-04,2,428
La Louvière,58001,2020-05-05,1,429
La Louvière,58001,2020-05-06,1,430
La Louvière,58001,2020-05-07,1,431
La Louvière,58001,2020-05-08,1,432
La Louvière,58001,2020-05-09,3,435
La Louvière,58001,2020-05-10,1,436
La Louvière,58001,2020-05-11,5,441
La Louvière,58001,2020-05-12,5,446
La Louvière,58001,2020-05-13,2,448
La Louvière,58001,2020-05-14,1,449
La Louvière,58001,2020-05-15,3,452
La Louvière,58001,2020-05-16,3,455
La Louvière,58001,2020-05-17,1,456
La Louvière,58001,2020-05-18,3,459
La Louvière,58001,2020-05-19,2,461
La Louvière,58001,2020-05-20,0,461
La Louvière,58001,2020-05-21,0,461
La Louvière,58001,2020-05-22,3,464
La Louvière,58001,2020-05-23,4,468
La Louvière,58001,2020-05-24,1,469
La Louvière,58001,2020-05-25,0,469
La Louvière,58001,2020-05-26,1,470
La Louvière,58001,2020-05-27,0,470
La Louvière,58001,2020-05-28,7,477
La Louvière,58001,2020-05-29,3,480
La Louvière,58001,2020-05-30,0,480
La Louvière,58001,2020-05-31,9,489
La Louvière,58001,2020-06-01,0,489
La Louvière,58001,2020-06-02,0,489
La Louvière,58001,2020-06-03,0,489
La Louvière,58001,2020-06-04,0,489
La Louvière,58001,2020-06-05,2,491
La Louvière,58001,2020-06-06,0,491
La Louvière,58001,2020-06-07,1,492
La Louvière,58001,2020-06-08,1,493
La Louvière,58001,2020-06-09,1,494
La Louvière,58001,2020-06-10,1,495
La Louvière,58001,2020-06-11,0,495
La Louvière,58001,2020-06-12,1,496
La Louvière,58001,2020-06-13,1,497
La Louvière,58001,2020-06-14,2,499
La Louvière,58001,2020-06-15,0,499
La Louvière,58001,2020-06-16,0,499
La Louvière,58001,2020-06-17,3,502
La Louvière,58001,2020-06-18,0,502
La Louvière,58001,2020-06-19,0,502
La Louvière,58001,2020-06-20,1,503
La Louvière,58001,2020-06-23,3,506
La Louvière,58001,2020-06-24,1,507
La Louvière,58001,2020-06-25,1,508
La Louvière,58001,2020-06-26,2,510
La Louvière,58001,2020-06-27,1,511
La Louvière,58001,2020-06-30,2,513
La Louvière,58001,2020-07-01,0,513
La Louvière,58001,2020-07-02,0,513
La Louvière,58001,2020-07-03,1,514
La Louvière,58001,2020-07-04,2,516
La Louvière,58001,2020-07-07,2,518
La Louvière,58001,2020-07-08,0,518
La Louvière,58001,2020-07-09,1,519
La Louvière,58001,2020-07-10,0,519
La Louvière,58001,2020-07-11,0,519
La Louvière,58001,2020-07-14,1,520
La Louvière,58001,2020-07-15,0,520
La Louvière,58001,2020-07-16,0,520
La Louvière,58001,2020-07-17,1,521
La Louvière,58001,2020-07-18,0,521
La Louvière,58001,2020-07-20,0,521
La Louvière,58001,2020-07-21,1,522
La Louvière,58001,2020-07-22,2,524
La Louvière,58001,2020-07-23,2,526
La Louvière,58001,2020-07-24,1,527
La Louvière,58001,2020-07-25,2,529
La Louvière,58001,2020-07-26,0,529
La Louvière,58001,2020-07-27,2,531
La Louvière,58001,2020-07-28,1,532
La Louvière,58001,2020-07-29,0,532
La Louvière,58001,2020-07-30,4,536
La Louvière,58001,2020-07-31,1,537
La Louvière,58001,2020-08-01,4,541
La Louvière,58001,2020-08-02,2,543
La Louvière,58001,2020-08-03,1,544
La Louvière,58001,2020-08-04,3,547
La Louvière,58001,2020-08-05,1,548
La Louvière,58001,2020-08-06,2,550
La Louvière,58001,2020-08-07,1,551
La Louvière,58001,2020-08-08,8,559
La Louvière,58001,2020-08-09,3,562
La Louvière,58001,2020-08-10,5,567
La Louvière,58001,2020-08-11,0,567
La Louvière,58001,2020-08-12,2,569
La Louvière,58001,2020-08-13,8,577
La Louvière,58001,2020-08-14,4,581
La Louvière,58001,2020-08-15,2,583
La Louvière,58001,2020-08-16,1,584
La Louvière,58001,2020-08-17,0,584
La Louvière,58001,2020-08-18,0,584
La Louvière,58001,2020-08-19,2,586
La Louvière,58001,2020-08-20,5,591
La Louvière,58001,2020-08-21,1,592
La Louvière,58001,2020-08-22,0,592
La Louvière,58001,2020-08-23,3,595
La Louvière,58001,2020-08-24,0,595
La Louvière,58001,2020-08-25,0,595
La Louvière,58001,2020-08-26,0,595
La Louvière,58001,2020-08-27,2,597
La Louvière,58001,2020-08-28,3,600
La Louvière,58001,2020-08-29,2,602
La Louvière,58001,2020-08-30,3,605
La Louvière,58001,2020-08-31,4,609
La Louvière,58001,2020-09-01,0,609
La Louvière,58001,2020-09-02,1,610
La Louvière,58001,2020-09-03,1,611
La Louvière,58001,2020-09-04,2,613
La Louvière,58001,2020-09-05,2,615
La Louvière,58001,2020-09-06,0,615
La Louvière,58001,2020-09-07,1,616
La Louvière,58001,2020-09-08,3,619
La Louvière,58001,2020-09-09,2,621
La Louvière,58001,2020-09-10,2,623
La Louvière,58001,2020-09-11,1,624
La Louvière,58001,2020-09-12,3,627
La Louvière,58001,2020-09-13,2,629
La Louvière,58001,2020-09-14,7,636
La Louvière,58001,2020-09-15,3,639
La Louvière,58001,2020-09-16,1,640
La Louvière,58001,2020-09-17,1,641
La Louvière,58001,2020-09-18,6,647
La Louvière,58001,2020-09-19,11,658
La Louvière,58001,2020-09-20,13,671
La Louvière,58001,2020-09-21,2,673
La Louvière,58001,2020-09-22,6,679
La Louvière,58001,2020-09-23,8,687
La Louvière,58001,2020-09-24,9,696
La Louvière,58001,2020-09-25,38,734
La Louvière,58001,2020-09-26,6,740
La Louvière,58001,2020-09-27,9,749
La Louvière,58001,2020-09-28,3,752
La Louvière,58001,2020-09-29,12,764
La Louvière,58001,2020-09-30,12,776
La Louvière,58001,2020-10-01,9,785
La Louvière,58001,2020-10-02,16,801
La Louvière,58001,2020-10-03,15,816
La Louvière,58001,2020-10-04,15,831
La Louvière,58001,2020-10-05,29,860
La Louvière,58001,2020-10-06,35,895
La Louvière,58001,2020-10-07,15,910
La Louvière,58001,2020-10-08,11,921
La Louvière,58001,2020-10-09,39,960
La Louvière,58001,2020-10-10,46,1006
La Louvière,58001,2020-10-11,55,1061
La Louvière,58001,2020-10-12,46,1107
La Louvière,58001,2020-10-13,86,1193
La Louvière,58001,2020-10-14,100,1293
La Louvière,58001,2020-10-15,101,1394
La Louvière,58001,2020-10-16,149,1543
La Louvière,58001,2020-10-17,132,1675
La Louvière,58001,2020-10-18,167,1842
La Louvière,58001,2020-10-19,169,2011
La Louvière,58001,2020-10-20,178,2189
La Louvière,58001,2020-10-21,140,2329
La Louvière,58001,2020-10-22,196,2525
La Louvière,58001,2020-10-23,152,2677
La Louvière,58001,2020-10-24,230,2907
La Louvière,58001,2020-10-25,164,3071
La Louvière,58001,2020-10-26,149,3220
La Louvière,58001,2020-10-27,213,3433
La Louvière,58001,2020-10-28,250,3683
La Louvière,58001,2020-10-29,319,4002
La Louvière,58001,2020-10-30,376,4378
La Louvière,58001,2020-10-31,305,4683
La Louvière,58001,2020-11-01,172,4855
La Louvière,58001,2020-11-02,197,5052
La Louvière,58001,2020-11-03,116,5168
La Louvière,58001,2020-11-04,68,5236
La Louvière,58001,2020-11-05,234,5470
La Louvière,58001,2020-11-06,112,5582
La Louvière,58001,2020-11-07,87,5669
La Louvière,58001,2020-11-08,51,5720
La Louvière,58001,2020-11-09,118,5838
La Louvière,58001,2020-11-10,23,5861
La Louvière,58001,2020-11-11,68,5929
Binche,58002,2020-04-01,2,28
Binche,58002,2020-04-02,3,31
Binche,58002,2020-04-03,1,32
Binche,58002,2020-04-04,3,35
Binche,58002,2020-04-05,2,37
Binche,58002,2020-04-06,2,39
Binche,58002,2020-04-07,1,40
Binche,58002,2020-04-08,6,46
Binche,58002,2020-04-09,1,47
Binche,58002,2020-04-10,13,60
Binche,58002,2020-04-11,5,65
Binche,58002,2020-04-12,10,75
Binche,58002,2020-04-13,3,78
Binche,58002,2020-04-14,1,79
Binche,58002,2020-04-15,10,89
Binche,58002,2020-04-16,1,90
Binche,58002,2020-04-17,2,92
Binche,58002,2020-04-18,6,98
Binche,58002,2020-04-19,7,105
Binche,58002,2020-04-20,2,107
Binche,58002,2020-04-21,17,124
Binche,58002,2020-04-22,4,128
Binche,58002,2020-04-23,1,129
Binche,58002,2020-04-24,49,178
Binche,58002,2020-04-25,4,182
Binche,58002,2020-04-26,0,182
Binche,58002,2020-04-27,1,183
Binche,58002,2020-04-28,0,183
Binche,58002,2020-04-29,0,183
Binche,58002,2020-04-30,2,185
Binche,58002,2020-05-01,1,186
Binche,58002,2020-05-02,0,186
Binche,58002,2020-05-03,0,186
Binche,58002,2020-05-04,2,188
Binche,58002,2020-05-05,2,190
Binche,58002,2020-05-06,0,190
Binche,58002,2020-05-07,1,191
Binche,58002,2020-05-08,1,192
Binche,58002,2020-05-09,1,193
Binche,58002,2020-05-10,1,194
Binche,58002,2020-05-11,4,198
Binche,58002,2020-05-12,1,199
Binche,58002,2020-05-13,3,202
Binche,58002,2020-05-14,0,202
Binche,58002,2020-05-15,2,204
Binche,58002,2020-05-16,1,205
Binche,58002,2020-05-17,2,207
Binche,58002,2020-05-18,1,208
Binche,58002,2020-05-19,1,209
Binche,58002,2020-05-20,1,210
Binche,58002,2020-05-21,0,210
Binche,58002,2020-05-22,1,211
Binche,58002,2020-05-23,0,211
Binche,58002,2020-05-24,2,213
Binche,58002,2020-05-25,1,214
Binche,58002,2020-05-26,0,214
Binche,58002,2020-05-27,1,215
Binche,58002,2020-05-28,0,215
Binche,58002,2020-05-29,6,221
Binche,58002,2020-05-30,0,221
Binche,58002,2020-05-31,1,222
Binche,58002,2020-06-01,0,222
Binche,58002,2020-06-02,1,223
Binche,58002,2020-06-03,0,223
Binche,58002,2020-06-04,0,223
Binche,58002,2020-06-05,1,224
Binche,58002,2020-06-06,0,224
Binche,58002,2020-06-07,3,227
Binche,58002,2020-06-08,0,227
Binche,58002,2020-06-09,1,228
Binche,58002,2020-06-10,2,230
Binche,58002,2020-06-11,0,230
Binche,58002,2020-06-12,0,230
Binche,58002,2020-06-13,0,230
Binche,58002,2020-06-14,1,231
Binche,58002,2020-06-15,0,231
Binche,58002,2020-06-16,0,231
Binche,58002,2020-06-17,0,231
Binche,58002,2020-06-18,0,231
Binche,58002,2020-06-19,0,231
Binche,58002,2020-06-20,1,232
Binche,58002,2020-06-23,0,232
Binche,58002,2020-06-24,0,232
Binche,58002,2020-06-25,0,232
Binche,58002,2020-06-26,0,232
Binche,58002,2020-06-27,0,232
Binche,58002,2020-06-30,0,232
Binche,58002,2020-07-01,0,232
Binche,58002,2020-07-02,0,232
Binche,58002,2020-07-03,0,232
Binche,58002,2020-07-04,0,232
Binche,58002,2020-07-07,0,232
Binche,58002,2020-07-08,0,232
Binche,58002,2020-07-09,0,232
Binche,58002,2020-07-10,0,232
Binche,58002,2020-07-11,0,232
Binche,58002,2020-07-14,1,233
Binche,58002,2020-07-15,0,233
Binche,58002,2020-07-16,0,233
Binche,58002,2020-07-17,0,233
Binche,58002,2020-07-18,0,233
Binche,58002,2020-07-20,0,233
Binche,58002,2020-07-21,0,233
Binche,58002,2020-07-22,0,233
Binche,58002,2020-07-23,1,234
Binche,58002,2020-07-24,0,234
Binche,58002,2020-07-25,0,234
Binche,58002,2020-07-26,0,234
Binche,58002,2020-07-27,0,234
Binche,58002,2020-07-28,0,234
Binche,58002,2020-07-29,0,234
Binche,58002,2020-07-30,2,236
Binche,58002,2020-07-31,0,236
Binche,58002,2020-08-01,0,236
Binche,58002,2020-08-02,1,237
Binche,58002,2020-08-03,1,238
Binche,58002,2020-08-04,0,238
Binche,58002,2020-08-05,0,238
Binche,58002,2020-08-06,2,240
Binche,58002,2020-08-07,0,240
Binche,58002,2020-08-08,0,240
Binche,58002,2020-08-09,0,240
Binche,58002,2020-08-10,2,242
Binche,58002,2020-08-11,0,242
Binche,58002,2020-08-12,0,242
Binche,58002,2020-08-13,2,244
Binche,58002,2020-08-14,1,245
Binche,58002,2020-08-15,2,247
Binche,58002,2020-08-16,0,247
Binche,58002,2020-08-17,0,247
Binche,58002,2020-08-18,0,247
Binche,58002,2020-08-19,0,247
Binche,58002,2020-08-20,1,248
Binche,58002,2020-08-21,0,248
Binche,58002,2020-08-22,2,250
Binche,58002,2020-08-23,0,250
Binche,58002,2020-08-24,0,250
Binche,58002,2020-08-25,0,250
Binche,58002,2020-08-26,0,250
Binche,58002,2020-08-27,0,250
Binche,58002,2020-08-28,0,250
Binche,58002,2020-08-29,0,250
Binche,58002,2020-08-30,2,252
Binche,58002,2020-08-31,0,252
Binche,58002,2020-09-01,0,252
Binche,58002,2020-09-02,0,252
Binche,58002,2020-09-03,2,254
Binche,58002,2020-09-04,0,254
Binche,58002,2020-09-05,0,254
Binche,58002,2020-09-06,0,254
Binche,58002,2020-09-07,0,254
Binche,58002,2020-09-08,0,254
Binche,58002,2020-09-09,2,256
Binche,58002,2020-09-10,2,258
Binche,58002,2020-09-11,2,260
Binche,58002,2020-09-12,0,260
Binche,58002,2020-09-13,1,261
Binche,58002,2020-09-14,3,264
Binche,58002,2020-09-15,0,264
Binche,58002,2020-09-16,0,264
Binche,58002,2020-09-17,1,265
Binche,58002,2020-09-18,4,269
Binche,58002,2020-09-19,3,272
Binche,58002,2020-09-20,6,278
Binche,58002,2020-09-21,0,278
Binche,58002,2020-09-22,3,281
Binche,58002,2020-09-23,20,301
Binche,58002,2020-09-24,8,309
Binche,58002,2020-09-25,8,317
Binche,58002,2020-09-26,6,323
Binche,58002,2020-09-27,2,325
Binche,58002,2020-09-28,2,327
Binche,58002,2020-09-29,4,331
Binche,58002,2020-09-30,9,340
Binche,58002,2020-10-01,4,344
Binche,58002,2020-10-02,14,358
Binche,58002,2020-10-03,13,371
Binche,58002,2020-10-04,11,382
Binche,58002,2020-10-05,13,395
Binche,58002,2020-10-06,19,414
Binche,58002,2020-10-07,4,418
Binche,58002,2020-10-08,6,424
Binche,58002,2020-10-09,11,435
Binche,58002,2020-10-10,15,450
Binche,58002,2020-10-11,32,482
Binche,58002,2020-10-12,15,497
Binche,58002,2020-10-13,22,519
Binche,58002,2020-10-14,26,545
Binche,58002,2020-10-15,47,592
Binche,58002,2020-10-16,73,665
Binche,58002,2020-10-17,32,697
Binche,58002,2020-10-18,70,767
Binche,58002,2020-10-19,72,839
Binche,58002,2020-10-20,43,882
Binche,58002,2020-10-21,56,938
Binche,58002,2020-10-22,100,1038
Binche,58002,2020-10-23,57,1095
Binche,58002,2020-10-24,93,1188
Binche,58002,2020-10-25,60,1248
Binche,58002,2020-10-26,127,1375
Binche,58002,2020-10-27,75,1450
Binche,58002,2020-10-28,129,1579
Binche,58002,2020-10-29,133,1712
Binche,58002,2020-10-30,174,1886
Binche,58002,2020-10-31,160,2046
Binche,58002,2020-11-01,88,2134
Binche,58002,2020-11-02,141,2275
Binche,58002,2020-11-03,38,2313
Binche,58002,2020-11-04,24,2337
Binche,58002,2020-11-05,133,2470
Binche,58002,2020-11-06,54,2524
Binche,58002,2020-11-07,52,2576
Binche,58002,2020-11-08,38,2614
Binche,58002,2020-11-09,43,2657
Binche,58002,2020-11-10,6,2663
Binche,58002,2020-11-11,18,2681
Estinnes,58003,2020-04-01,0,15
Estinnes,58003,2020-04-02,0,15
Estinnes,58003,2020-04-03,2,17
Estinnes,58003,2020-04-04,0,17
Estinnes,58003,2020-04-05,1,18
Estinnes,58003,2020-04-06,0,18
Estinnes,58003,2020-04-07,1,19
Estinnes,58003,2020-04-08,0,19
Estinnes,58003,2020-04-09,0,19
Estinnes,58003,2020-04-10,2,21
Estinnes,58003,2020-04-11,0,21
Estinnes,58003,2020-04-12,1,22
Estinnes,58003,2020-04-13,0,22
Estinnes,58003,2020-04-14,0,22
Estinnes,58003,2020-04-15,0,22
Estinnes,58003,2020-04-16,0,22
Estinnes,58003,2020-04-17,1,23
Estinnes,58003,2020-04-18,0,23
Estinnes,58003,2020-04-19,1,24
Estinnes,58003,2020-04-20,0,24
Estinnes,58003,2020-04-21,1,25
Estinnes,58003,2020-04-22,1,26
Estinnes,58003,2020-04-23,0,26
Estinnes,58003,2020-04-24,2,28
Estinnes,58003,2020-04-25,1,29
Estinnes,58003,2020-04-26,0,29
Estinnes,58003,2020-04-27,0,29
Estinnes,58003,2020-04-28,0,29
Estinnes,58003,2020-04-29,0,29
Estinnes,58003,2020-04-30,0,29
Estinnes,58003,2020-05-01,0,29
Estinnes,58003,2020-05-02,0,29
Estinnes,58003,2020-05-03,0,29
Estinnes,58003,2020-05-04,0,29
Estinnes,58003,2020-05-05,0,29
Estinnes,58003,2020-05-06,0,29
Estinnes,58003,2020-05-07,0,29
Estinnes,58003,2020-05-08,0,29
Estinnes,58003,2020-05-09,0,29
Estinnes,58003,2020-05-10,0,29
Estinnes,58003,2020-05-11,0,29
Estinnes,58003,2020-05-12,0,29
Estinnes,58003,2020-05-13,0,29
Estinnes,58003,2020-05-14,0,29
Estinnes,58003,2020-05-15,0,29
Estinnes,58003,2020-05-16,0,29
Estinnes,58003,2020-05-17,0,29
Estinnes,58003,2020-05-18,0,29
Estinnes,58003,2020-05-19,0,29
Estinnes,58003,2020-05-20,0,29
Estinnes,58003,2020-05-21,0,29
Estinnes,58003,2020-05-22,0,29
Estinnes,58003,2020-05-23,0,29
Estinnes,58003,2020-05-24,0,29
Estinnes,58003,2020-05-25,0,29
Estinnes,58003,2020-05-26,0,29
Estinnes,58003,2020-05-27,0,29
Estinnes,58003,2020-05-28,1,30
Estinnes,58003,2020-05-29,0,30
Estinnes,58003,2020-05-30,0,30
Estinnes,58003,2020-05-31,1,31
Estinnes,58003,2020-06-01,0,31
Estinnes,58003,2020-06-02,0,31
Estinnes,58003,2020-06-03,0,31
Estinnes,58003,2020-06-04,0,31
Estinnes,58003,2020-06-05,0,31
Estinnes,58003,2020-06-06,0,31
Estinnes,58003,2020-06-07,0,31
Estinnes,58003,2020-06-08,1,32
Estinnes,58003,2020-06-09,0,32
Estinnes,58003,2020-06-10,0,32
Estinnes,58003,2020-06-11,0,32
Estinnes,58003,2020-06-12,0,32
Estinnes,58003,2020-06-13,0,32
Estinnes,58003,2020-06-14,0,32
Estinnes,58003,2020-06-15,0,32
Estinnes,58003,2020-06-16,0,32
Estinnes,58003,2020-06-17,0,32
Estinnes,58003,2020-06-18,1,33
Estinnes,58003,2020-06-19,0,33
Estinnes,58003,2020-06-20,0,33
Estinnes,58003,2020-06-23,0,33
Estinnes,58003,2020-06-24,0,33
Estinnes,58003,2020-06-25,0,33
Estinnes,58003,2020-06-26,0,33
Estinnes,58003,2020-06-27,0,33
Estinnes,58003,2020-06-30,0,33
Estinnes,58003,2020-07-01,0,33
Estinnes,58003,2020-07-02,0,33
Estinnes,58003,2020-07-03,1,34
Estinnes,58003,2020-07-04,0,34
Estinnes,58003,2020-07-07,0,34
Estinnes,58003,2020-07-08,0,34
Estinnes,58003,2020-07-09,0,34
Estinnes,58003,2020-07-10,0,34
Estinnes,58003,2020-07-11,0,34
Estinnes,58003,2020-07-14,0,34
Estinnes,58003,2020-07-15,0,34
Estinnes,58003,2020-07-16,0,34
Estinnes,58003,2020-07-17,0,34
Estinnes,58003,2020-07-18,1,35
Estinnes,58003,2020-07-20,0,35
Estinnes,58003,2020-07-21,0,35
Estinnes,58003,2020-07-22,0,35
Estinnes,58003,2020-07-23,0,35
Estinnes,58003,2020-07-24,0,35
Estinnes,58003,2020-07-25,1,36
Estinnes,58003,2020-07-26,0,36
Estinnes,58003,2020-07-27,1,37
Estinnes,58003,2020-07-28,0,37
Estinnes,58003,2020-07-29,0,37
Estinnes,58003,2020-07-30,0,37
Estinnes,58003,2020-07-31,0,37
Estinnes,58003,2020-08-01,0,37
Estinnes,58003,2020-08-02,1,38
Estinnes,58003,2020-08-03,0,38
Estinnes,58003,2020-08-04,0,38
Estinnes,58003,2020-08-05,0,38
Estinnes,58003,2020-08-06,0,38
Estinnes,58003,2020-08-07,0,38
Estinnes,58003,2020-08-08,0,38
Estinnes,58003,2020-08-09,0,38
Estinnes,58003,2020-08-10,0,38
Estinnes,58003,2020-08-11,0,38
Estinnes,58003,2020-08-12,0,38
Estinnes,58003,2020-08-13,1,39
Estinnes,58003,2020-08-14,0,39
Estinnes,58003,2020-08-15,0,39
Estinnes,58003,2020-08-16,0,39
Estinnes,58003,2020-08-17,0,39
Estinnes,58003,2020-08-18,0,39
Estinnes,58003,2020-08-19,0,39
Estinnes,58003,2020-08-20,1,40
Estinnes,58003,2020-08-21,1,41
Estinnes,58003,2020-08-22,0,41
Estinnes,58003,2020-08-23,0,41
Estinnes,58003,2020-08-24,0,41
Estinnes,58003,2020-08-25,0,41
Estinnes,58003,2020-08-26,0,41
Estinnes,58003,2020-08-27,3,44
Estinnes,58003,2020-08-28,0,44
Estinnes,58003,2020-08-29,2,46
Estinnes,58003,2020-08-30,1,47
Estinnes,58003,2020-08-31,0,47
Estinnes,58003,2020-09-01,0,47
Estinnes,58003,2020-09-02,0,47
Estinnes,58003,2020-09-03,0,47
Estinnes,58003,2020-09-04,0,47
Estinnes,58003,2020-09-05,0,47
Estinnes,58003,2020-09-06,0,47
Estinnes,58003,2020-09-07,0,47
Estinnes,58003,2020-09-08,1,48
Estinnes,58003,2020-09-09,0,48
Estinnes,58003,2020-09-10,0,48
Estinnes,58003,2020-09-11,2,50
Estinnes,58003,2020-09-12,0,50
Estinnes,58003,2020-09-13,0,50
Estinnes,58003,2020-09-14,0,50
Estinnes,58003,2020-09-15,2,52
Estinnes,58003,2020-09-16,0,52
Estinnes,58003,2020-09-17,0,52
Estinnes,58003,2020-09-18,0,52
Estinnes,58003,2020-09-19,2,54
Estinnes,58003,2020-09-20,1,55
Estinnes,58003,2020-09-21,0,55
Estinnes,58003,2020-09-22,1,56
Estinnes,58003,2020-09-23,1,57
Estinnes,58003,2020-09-24,1,58
Estinnes,58003,2020-09-25,2,60
Estinnes,58003,2020-09-26,2,62
Estinnes,58003,2020-09-27,1,63
Estinnes,58003,2020-09-28,0,63
Estinnes,58003,2020-09-29,3,66
Estinnes,58003,2020-09-30,4,70
Estinnes,58003,2020-10-01,4,74
Estinnes,58003,2020-10-02,5,79
Estinnes,58003,2020-10-03,2,81
Estinnes,58003,2020-10-04,8,89
Estinnes,58003,2020-10-05,3,92
Estinnes,58003,2020-10-06,1,93
Estinnes,58003,2020-10-07,1,94
Estinnes,58003,2020-10-08,3,97
Estinnes,58003,2020-10-09,5,102
Estinnes,58003,2020-10-10,8,110
Estinnes,58003,2020-10-11,3,113
Estinnes,58003,2020-10-12,6,119
Estinnes,58003,2020-10-13,10,129
Estinnes,58003,2020-10-14,5,134
Estinnes,58003,2020-10-15,5,139
Estinnes,58003,2020-10-16,23,162
Estinnes,58003,2020-10-17,6,168
Estinnes,58003,2020-10-18,18,186
Estinnes,58003,2020-10-19,21,207
Estinnes,58003,2020-10-20,10,217
Estinnes,58003,2020-10-21,13,230
Estinnes,58003,2020-10-22,16,246
Estinnes,58003,2020-10-23,19,265
Estinnes,58003,2020-10-24,17,282
Estinnes,58003,2020-10-25,14,296
Estinnes,58003,2020-10-26,20,316
Estinnes,58003,2020-10-27,16,332
Estinnes,58003,2020-10-28,22,354
Estinnes,58003,2020-10-29,14,368
Estinnes,58003,2020-10-30,28,396
Estinnes,58003,2020-10-31,16,412
Estinnes,58003,2020-11-01,15,427
Estinnes,58003,2020-11-02,13,440
Estinnes,58003,2020-11-03,1,441
Estinnes,58003,2020-11-04,1,442
Estinnes,58003,2020-11-05,27,469
Estinnes,58003,2020-11-06,11,480
Estinnes,58003,2020-11-07,15,495
Estinnes,58003,2020-11-08,8,503
Estinnes,58003,2020-11-09,5,508
Estinnes,58003,2020-11-10,1,509
Estinnes,58003,2020-11-11,3,512
Morlanwelz,58004,2020-04-01,6,20
Morlanwelz,58004,2020-04-02,0,20
Morlanwelz,58004,2020-04-03,1,21
Morlanwelz,58004,2020-04-04,2,23
Morlanwelz,58004,2020-04-05,2,25
Morlanwelz,58004,2020-04-06,1,26
Morlanwelz,58004,2020-04-07,0,26
Morlanwelz,58004,2020-04-08,1,27
Morlanwelz,58004,2020-04-09,0,27
Morlanwelz,58004,2020-04-10,3,30
Morlanwelz,58004,2020-04-11,2,32
Morlanwelz,58004,2020-04-12,6,38
Morlanwelz,58004,2020-04-13,0,38
Morlanwelz,58004,2020-04-14,2,40
Morlanwelz,58004,2020-04-15,4,44
Morlanwelz,58004,2020-04-16,1,45
Morlanwelz,58004,2020-04-17,2,47
Morlanwelz,58004,2020-04-18,4,51
Morlanwelz,58004,2020-04-19,3,54
Morlanwelz,58004,2020-04-20,0,54
Morlanwelz,58004,2020-04-21,41,95
Morlanwelz,58004,2020-04-22,10,105
Morlanwelz,58004,2020-04-23,1,106
Morlanwelz,58004,2020-04-24,6,112
Morlanwelz,58004,2020-04-25,2,114
Morlanwelz,58004,2020-04-26,1,115
Morlanwelz,58004,2020-04-27,0,115
Morlanwelz,58004,2020-04-28,1,116
Morlanwelz,58004,2020-04-29,1,117
Morlanwelz,58004,2020-04-30,1,118
Morlanwelz,58004,2020-05-01,0,118
Morlanwelz,58004,2020-05-02,0,118
Morlanwelz,58004,2020-05-03,0,118
Morlanwelz,58004,2020-05-04,0,118
Morlanwelz,58004,2020-05-05,0,118
Morlanwelz,58004,2020-05-06,0,118
Morlanwelz,58004,2020-05-07,0,118
Morlanwelz,58004,2020-05-08,1,119
Morlanwelz,58004,2020-05-09,0,119
Morlanwelz,58004,2020-05-10,0,119
Morlanwelz,58004,2020-05-11,0,119
Morlanwelz,58004,2020-05-12,0,119
Morlanwelz,58004,2020-05-13,0,119
Morlanwelz,58004,2020-05-14,1,120
Morlanwelz,58004,2020-05-15,1,121
Morlanwelz,58004,2020-05-16,0,121
Morlanwelz,58004,2020-05-17,0,121
Morlanwelz,58004,2020-05-18,0,121
Morlanwelz,58004,2020-05-19,0,121
Morlanwelz,58004,2020-05-20,0,121
Morlanwelz,58004,2020-05-21,0,121
Morlanwelz,58004,2020-05-22,0,121
Morlanwelz,58004,2020-05-23,0,121
Morlanwelz,58004,2020-05-24,1,122
Morlanwelz,58004,2020-05-25,0,122
Morlanwelz,58004,2020-05-26,0,122
Morlanwelz,58004,2020-05-27,0,122
Morlanwelz,58004,2020-05-28,0,122
Morlanwelz,58004,2020-05-29,3,125
Morlanwelz,58004,2020-05-30,0,125
Morlanwelz,58004,2020-05-31,0,125
Morlanwelz,58004,2020-06-01,0,125
Morlanwelz,58004,2020-06-02,0,125
Morlanwelz,58004,2020-06-03,0,125
Morlanwelz,58004,2020-06-04,0,125
Morlanwelz,58004,2020-06-05,1,126
Morlanwelz,58004,2020-06-06,0,126
Morlanwelz,58004,2020-06-07,0,126
Morlanwelz,58004,2020-06-08,0,126
Morlanwelz,58004,2020-06-09,1,127
Morlanwelz,58004,2020-06-10,0,127
Morlanwelz,58004,2020-06-11,2,129
Morlanwelz,58004,2020-06-12,1,130
Morlanwelz,58004,2020-06-13,0,130
Morlanwelz,58004,2020-06-14,0,130
Morlanwelz,58004,2020-06-15,0,130
Morlanwelz,58004,2020-06-16,0,130
Morlanwelz,58004,2020-06-17,0,130
Morlanwelz,58004,2020-06-18,0,130
Morlanwelz,58004,2020-06-19,1,131
Morlanwelz,58004,2020-06-20,0,131
Morlanwelz,58004,2020-06-23,1,132
Morlanwelz,58004,2020-06-24,0,132
Morlanwelz,58004,2020-06-25,0,132
Morlanwelz,58004,2020-06-26,0,132
Morlanwelz,58004,2020-06-27,0,132
Morlanwelz,58004,2020-06-30,0,132
Morlanwelz,58004,2020-07-01,0,132
Morlanwelz,58004,2020-07-02,1,133
Morlanwelz,58004,2020-07-03,0,133
Morlanwelz,58004,2020-07-04,0,133
Morlanwelz,58004,2020-07-07,1,134
Morlanwelz,58004,2020-07-08,0,134
Morlanwelz,58004,2020-07-09,1,135
Morlanwelz,58004,2020-07-10,0,135
Morlanwelz,58004,2020-07-11,0,135
Morlanwelz,58004,2020-07-14,0,135
Morlanwelz,58004,2020-07-15,0,135
Morlanwelz,58004,2020-07-16,0,135
Morlanwelz,58004,2020-07-17,0,135
Morlanwelz,58004,2020-07-18,0,135
Morlanwelz,58004,2020-07-20,0,135
Morlanwelz,58004,2020-07-21,0,135
Morlanwelz,58004,2020-07-22,0,135
Morlanwelz,58004,2020-07-23,0,135
Morlanwelz,58004,2020-07-24,0,135
Morlanwelz,58004,2020-07-25,0,135
Morlanwelz,58004,2020-07-26,1,136
Morlanwelz,58004,2020-07-27,0,136
Morlanwelz,58004,2020-07-28,0,136
Morlanwelz,58004,2020-07-29,0,136
Morlanwelz,58004,2020-07-30,0,136
Morlanwelz,58004,2020-07-31,2,138
Morlanwelz,58004,2020-08-01,0,138
Morlanwelz,58004,2020-08-02,1,139
Morlanwelz,58004,2020-08-03,0,139
Morlanwelz,58004,2020-08-04,0,139
Morlanwelz,58004,2020-08-05,2,141
Morlanwelz,58004,2020-08-06,2,143
Morlanwelz,58004,2020-08-07,3,146
Morlanwelz,58004,2020-08-08,1,147
Morlanwelz,58004,2020-08-09,0,147
Morlanwelz,58004,2020-08-10,3,150
Morlanwelz,58004,2020-08-11,0,150
Morlanwelz,58004,2020-08-12,0,150
Morlanwelz,58004,2020-08-13,1,151
Morlanwelz,58004,2020-08-14,0,151
Morlanwelz,58004,2020-08-15,0,151
Morlanwelz,58004,2020-08-16,0,151
Morlanwelz,58004,2020-08-17,0,151
Morlanwelz,58004,2020-08-18,0,151
Morlanwelz,58004,2020-08-19,0,151
Morlanwelz,58004,2020-08-20,1,152
Morlanwelz,58004,2020-08-21,0,152
Morlanwelz,58004,2020-08-22,0,152
Morlanwelz,58004,2020-08-23,1,153
Morlanwelz,58004,2020-08-24,0,153
Morlanwelz,58004,2020-08-25,1,154
Morlanwelz,58004,2020-08-26,2,156
Morlanwelz,58004,2020-08-27,0,156
Morlanwelz,58004,2020-08-28,0,156
Morlanwelz,58004,2020-08-29,0,156
Morlanwelz,58004,2020-08-30,1,157
Morlanwelz,58004,2020-08-31,0,157
Morlanwelz,58004,2020-09-01,0,157
Morlanwelz,58004,2020-09-02,0,157
Morlanwelz,58004,2020-09-03,0,157
Morlanwelz,58004,2020-09-04,1,158
Morlanwelz,58004,2020-09-05,0,158
Morlanwelz,58004,2020-09-06,0,158
Morlanwelz,58004,2020-09-07,0,158
Morlanwelz,58004,2020-09-08,0,158
Morlanwelz,58004,2020-09-09,3,161
Morlanwelz,58004,2020-09-10,0,161
Morlanwelz,58004,2020-09-11,0,161
Morlanwelz,58004,2020-09-12,1,162
Morlanwelz,58004,2020-09-13,3,165
Morlanwelz,58004,2020-09-14,2,167
Morlanwelz,58004,2020-09-15,0,167
Morlanwelz,58004,2020-09-16,1,168
Morlanwelz,58004,2020-09-17,0,168
Morlanwelz,58004,2020-09-18,3,171
Morlanwelz,58004,2020-09-19,4,175
Morlanwelz,58004,2020-09-20,2,177
Morlanwelz,58004,2020-09-21,0,177
Morlanwelz,58004,2020-09-22,5,182
Morlanwelz,58004,2020-09-23,5,187
Morlanwelz,58004,2020-09-24,13,200
Morlanwelz,58004,2020-09-25,4,204
Morlanwelz,58004,2020-09-26,1,205
Morlanwelz,58004,2020-09-27,3,208
Morlanwelz,58004,2020-09-28,0,208
Morlanwelz,58004,2020-09-29,1,209
Morlanwelz,58004,2020-09-30,4,213
Morlanwelz,58004,2020-10-01,0,213
Morlanwelz,58004,2020-10-02,9,222
Morlanwelz,58004,2020-10-03,1,223
Morlanwelz,58004,2020-10-04,6,229
Morlanwelz,58004,2020-10-05,9,238
Morlanwelz,58004,2020-10-06,10,248
Morlanwelz,58004,2020-10-07,3,251
Morlanwelz,58004,2020-10-08,9,260
Morlanwelz,58004,2020-10-09,14,274
Morlanwelz,58004,2020-10-10,11,285
Morlanwelz,58004,2020-10-11,23,308
Morlanwelz,58004,2020-10-12,14,322
Morlanwelz,58004,2020-10-13,6,328
Morlanwelz,58004,2020-10-14,22,350
Morlanwelz,58004,2020-10-15,35,385
Morlanwelz,58004,2020-10-16,38,423
Morlanwelz,58004,2020-10-17,39,462
Morlanwelz,58004,2020-10-18,41,503
Morlanwelz,58004,2020-10-19,29,532
Morlanwelz,58004,2020-10-20,26,558
Morlanwelz,58004,2020-10-21,27,585
Morlanwelz,58004,2020-10-22,34,619
Morlanwelz,58004,2020-10-23,28,647
Morlanwelz,58004,2020-10-24,57,704
Morlanwelz,58004,2020-10-25,77,781
Morlanwelz,58004,2020-10-26,56,837
Morlanwelz,58004,2020-10-27,46,883
Morlanwelz,58004,2020-10-28,60,943
Morlanwelz,58004,2020-10-29,72,1015
Morlanwelz,58004,2020-10-30,74,1089
Morlanwelz,58004,2020-10-31,63,1152
Morlanwelz,58004,2020-11-01,44,1196
Morlanwelz,58004,2020-11-02,96,1292
Morlanwelz,58004,2020-11-03,17,1309
Morlanwelz,58004,2020-11-04,14,1323
Morlanwelz,58004,2020-11-05,64,1387
Morlanwelz,58004,2020-11-06,32,1419
Morlanwelz,58004,2020-11-07,27,1446
Morlanwelz,58004,2020-11-08,11,1457
Morlanwelz,58004,2020-11-09,24,1481
Morlanwelz,58004,2020-11-10,7,1488
Morlanwelz,58004,2020-11-11,13,1501
Amay,61003,2020-04-01,0,12
Amay,61003,2020-04-02,0,12
Amay,61003,2020-04-03,0,12
Amay,61003,2020-04-04,3,15
Amay,61003,2020-04-05,2,17
Amay,61003,2020-04-06,0,17
Amay,61003,2020-04-07,3,20
Amay,61003,2020-04-08,1,21
Amay,61003,2020-04-09,0,21
Amay,61003,2020-04-10,1,22
Amay,61003,2020-04-11,1,23
Amay,61003,2020-04-12,1,24
Amay,61003,2020-04-13,1,25
Amay,61003,2020-04-14,1,26
Amay,61003,2020-04-15,2,28
Amay,61003,2020-04-16,1,29
Amay,61003,2020-04-17,2,31
Amay,61003,2020-04-18,1,32
Amay,61003,2020-04-19,0,32
Amay,61003,2020-04-20,3,35
Amay,61003,2020-04-21,0,35
Amay,61003,2020-04-22,0,35
Amay,61003,2020-04-23,0,35
Amay,61003,2020-04-24,0,35
Amay,61003,2020-04-25,2,37
Amay,61003,2020-04-26,0,37
Amay,61003,2020-04-27,0,37
Amay,61003,2020-04-28,3,40
Amay,61003,2020-04-29,1,41
Amay,61003,2020-04-30,1,42
Amay,61003,2020-05-01,1,43
Amay,61003,2020-05-02,0,43
Amay,61003,2020-05-03,0,43
Amay,61003,2020-05-04,0,43
Amay,61003,2020-05-05,0,43
Amay,61003,2020-05-06,2,45
Amay,61003,2020-05-07,0,45
Amay,61003,2020-05-08,0,45
Amay,61003,2020-05-09,0,45
Amay,61003,2020-05-10,0,45
Amay,61003,2020-05-11,0,45
Amay,61003,2020-05-12,5,50
Amay,61003,2020-05-13,-2,48
Amay,61003,2020-05-14,1,49
Amay,61003,2020-05-15,0,49
Amay,61003,2020-05-16,1,50
Amay,61003,2020-05-17,0,50
Amay,61003,2020-05-18,0,50
Amay,61003,2020-05-19,0,50
Amay,61003,2020-05-20,0,50
Amay,61003,2020-05-21,0,50
Amay,61003,2020-05-22,0,50
Amay,61003,2020-05-23,0,50
Amay,61003,2020-05-24,0,50
Amay,61003,2020-05-25,0,50
Amay,61003,2020-05-26,1,51
Amay,61003,2020-05-27,0,51
Amay,61003,2020-05-28,0,51
Amay,61003,2020-05-29,0,51
Amay,61003,2020-05-30,0,51
Amay,61003,2020-05-31,0,51
Amay,61003,2020-06-01,0,51
Amay,61003,2020-06-02,0,51
Amay,61003,2020-06-03,0,51
Amay,61003,2020-06-04,0,51
Amay,61003,2020-06-05,0,51
Amay,61003,2020-06-06,0,51
Amay,61003,2020-06-07,0,51
Amay,61003,2020-06-08,0,51
Amay,61003,2020-06-09,0,51
Amay,61003,2020-06-10,0,51
Amay,61003,2020-06-11,0,51
Amay,61003,2020-06-12,0,51
Amay,61003,2020-06-13,0,51
Amay,61003,2020-06-14,0,51
Amay,61003,2020-06-15,0,51
Amay,61003,2020-06-16,0,51
Amay,61003,2020-06-17,0,51
Amay,61003,2020-06-18,0,51
Amay,61003,2020-06-19,0,51
Amay,61003,2020-06-20,0,51
Amay,61003,2020-06-23,0,51
Amay,61003,2020-06-24,0,51
Amay,61003,2020-06-25,0,51
Amay,61003,2020-06-26,0,51
Amay,61003,2020-06-27,0,51
Amay,61003,2020-06-30,0,51
Amay,61003,2020-07-01,0,51
Amay,61003,2020-07-02,0,51
Amay,61003,2020-07-03,0,51
Amay,61003,2020-07-04,0,51
Amay,61003,2020-07-07,0,51
Amay,61003,2020-07-08,0,51
Amay,61003,2020-07-09,0,51
Amay,61003,2020-07-10,0,51
Amay,61003,2020-07-11,0,51
Amay,61003,2020-07-14,0,51
Amay,61003,2020-07-15,0,51
Amay,61003,2020-07-16,0,51
Amay,61003,2020-07-17,0,51
Amay,61003,2020-07-18,0,51
Amay,61003,2020-07-20,2,53
Amay,61003,2020-07-21,0,53
Amay,61003,2020-07-22,0,53
Amay,61003,2020-07-23,0,53
Amay,61003,2020-07-24,0,53
Amay,61003,2020-07-25,0,53
Amay,61003,2020-07-26,0,53
Amay,61003,2020-07-27,0,53
Amay,61003,2020-07-28,0,53
Amay,61003,2020-07-29,0,53
Amay,61003,2020-07-30,0,53
Amay,61003,2020-07-31,0,53
Amay,61003,2020-08-01,1,54
Amay,61003,2020-08-02,1,55
Amay,61003,2020-08-03,0,55
Amay,61003,2020-08-04,0,55
Amay,61003,2020-08-05,1,56
Amay,61003,2020-08-06,0,56
Amay,61003,2020-08-07,0,56
Amay,61003,2020-08-08,5,61
Amay,61003,2020-08-09,0,61
Amay,61003,2020-08-10,2,63
Amay,61003,2020-08-11,0,63
Amay,61003,2020-08-12,1,64
Amay,61003,2020-08-13,0,64
Amay,61003,2020-08-14,0,64
Amay,61003,2020-08-15,7,71
Amay,61003,2020-08-16,2,73
Amay,61003,2020-08-17,4,77
Amay,61003,2020-08-18,0,77
Amay,61003,2020-08-19,0,77
Amay,61003,2020-08-20,1,78
Amay,61003,2020-08-21,3,81
Amay,61003,2020-08-22,0,81
Amay,61003,2020-08-23,0,81
Amay,61003,2020-08-24,0,81
Amay,61003,2020-08-25,0,81
Amay,61003,2020-08-26,0,81
Amay,61003,2020-08-27,0,81
Amay,61003,2020-08-28,0,81
Amay,61003,2020-08-29,0,81
Amay,61003,2020-08-30,0,81
Amay,61003,2020-08-31,0,81
Amay,61003,2020-09-01,0,81
Amay,61003,2020-09-02,0,81
Amay,61003,2020-09-03,0,81
Amay,61003,2020-09-04,0,81
Amay,61003,2020-09-05,0,81
Amay,61003,2020-09-06,0,81
Amay,61003,2020-09-07,0,81
Amay,61003,2020-09-08,0,81
Amay,61003,2020-09-09,2,83
Amay,61003,2020-09-10,0,83
Amay,61003,2020-09-11,0,83
Amay,61003,2020-09-12,3,86
Amay,61003,2020-09-13,4,90
Amay,61003,2020-09-14,0,90
Amay,61003,2020-09-15,3,93
Amay,61003,2020-09-16,1,94
Amay,61003,2020-09-17,2,96
Amay,61003,2020-09-18,2,98
Amay,61003,2020-09-19,1,99
Amay,61003,2020-09-20,5,104
Amay,61003,2020-09-21,1,105
Amay,61003,2020-09-22,4,109
Amay,61003,2020-09-23,4,113
Amay,61003,2020-09-24,2,115
Amay,61003,2020-09-25,1,116
Amay,61003,2020-09-26,2,118
Amay,61003,2020-09-27,6,124
Amay,61003,2020-09-28,4,128
Amay,61003,2020-09-29,1,129
Amay,61003,2020-09-30,2,131
Amay,61003,2020-10-01,2,133
Amay,61003,2020-10-02,2,135
Amay,61003,2020-10-03,1,136
Amay,61003,2020-10-04,2,138
Amay,61003,2020-10-05,3,141
Amay,61003,2020-10-06,1,142
Amay,61003,2020-10-07,2,144
Amay,61003,2020-10-08,8,152
Amay,61003,2020-10-09,6,158
Amay,61003,2020-10-10,7,165
Amay,61003,2020-10-11,12,177
Amay,61003,2020-10-12,6,183
Amay,61003,2020-10-13,14,197
Amay,61003,2020-10-14,21,218
Amay,61003,2020-10-15,10,228
Amay,61003,2020-10-16,20,248
Amay,61003,2020-10-17,7,255
Amay,61003,2020-10-18,24,279
Amay,61003,2020-10-19,21,300
Amay,61003,2020-10-20,26,326
Amay,61003,2020-10-21,13,339
Amay,61003,2020-10-22,27,366
Amay,61003,2020-10-23,29,395
Amay,61003,2020-10-24,39,434
Amay,61003,2020-10-25,27,461
Amay,61003,2020-10-26,18,479
Amay,61003,2020-10-27,57,536
Amay,61003,2020-10-28,48,584
Amay,61003,2020-10-29,35,619
Amay,61003,2020-10-30,90,709
Amay,61003,2020-10-31,29,738
Amay,61003,2020-11-01,41,779
Amay,61003,2020-11-02,47,826
Amay,61003,2020-11-03,19,845
Amay,61003,2020-11-04,15,860
Amay,61003,2020-11-05,25,885
Amay,61003,2020-11-06,21,906
Amay,61003,2020-11-07,18,924
Amay,61003,2020-11-08,9,933
Amay,61003,2020-11-09,11,944
Amay,61003,2020-11-10,3,947
Amay,61003,2020-11-11,6,953
Burdinne,61010,2020-04-01,0,0
Burdinne,61010,2020-04-02,0,0
Burdinne,61010,2020-04-03,0,0
Burdinne,61010,2020-04-04,0,0
Burdinne,61010,2020-04-05,0,0
Burdinne,61010,2020-04-06,0,0
Burdinne,61010,2020-04-07,0,0
Burdinne,61010,2020-04-08,0,0
Burdinne,61010,2020-04-09,6,6
Burdinne,61010,2020-04-10,0,6
Burdinne,61010,2020-04-11,0,6
Burdinne,61010,2020-04-12,0,6
Burdinne,61010,2020-04-13,0,6
Burdinne,61010,2020-04-14,0,6
Burdinne,61010,2020-04-15,0,6
Burdinne,61010,2020-04-16,1,7
Burdinne,61010,2020-04-17,1,8
Burdinne,61010,2020-04-18,0,8
Burdinne,61010,2020-04-19,0,8
Burdinne,61010,2020-04-20,1,9
Burdinne,61010,2020-04-21,0,9
Burdinne,61010,2020-04-22,0,9
Burdinne,61010,2020-04-23,0,9
Burdinne,61010,2020-04-24,0,9
Burdinne,61010,2020-04-25,0,9
Burdinne,61010,2020-04-26,0,9
Burdinne,61010,2020-04-27,0,9
Burdinne,61010,2020-04-28,0,9
Burdinne,61010,2020-04-29,0,9
Burdinne,61010,2020-04-30,1,10
Burdinne,61010,2020-05-01,1,11
Burdinne,61010,2020-05-02,0,11
Burdinne,61010,2020-05-03,0,11
Burdinne,61010,2020-05-04,0,11
Burdinne,61010,2020-05-05,0,11
Burdinne,61010,2020-05-06,0,11
Burdinne,61010,2020-05-07,0,11
Burdinne,61010,2020-05-08,0,11
Burdinne,61010,2020-05-09,0,11
Burdinne,61010,2020-05-10,0,11
Burdinne,61010,2020-05-11,0,11
Burdinne,61010,2020-05-12,0,11
Burdinne,61010,2020-05-13,0,11
Burdinne,61010,2020-05-14,0,11
Burdinne,61010,2020-05-15,0,11
Burdinne,61010,2020-05-16,0,11
Burdinne,61010,2020-05-17,0,11
Burdinne,61010,2020-05-18,0,11
Burdinne,61010,2020-05-19,0,11
Burdinne,61010,2020-05-20,0,11
Burdinne,61010,2020-05-21,0,11
Burdinne,61010,2020-05-22,0,11
Burdinne,61010,2020-05-23,0,11
Burdinne,61010,2020-05-24,0,11
Burdinne,61010,2020-05-25,0,11
Burdinne,61010,2020-05-26,0,11
Burdinne,61010,2020-05-27,0,11
Burdinne,61010,2020-05-28,0,11
Burdinne,61010,2020-05-29,0,11
Burdinne,61010,2020-05-30,0,11
Burdinne,61010,2020-05-31,0,11
Burdinne,61010,2020-06-01,0,11
Burdinne,61010,2020-06-02,0,11
Burdinne,61010,2020-06-03,0,11
Burdinne,61010,2020-06-04,0,11
Burdinne,61010,2020-06-05,0,11
Burdinne,61010,2020-06-06,0,11
Burdinne,61010,2020-06-07,0,11
Burdinne,61010,2020-06-08,0,11
Burdinne,61010,2020-06-09,0,11
Burdinne,61010,2020-06-10,0,11
Burdinne,61010,2020-06-11,0,11
Burdinne,61010,2020-06-12,0,11
Burdinne,61010,2020-06-13,0,11
Burdinne,61010,2020-06-14,0,11
Burdinne,61010,2020-06-15,0,11
Burdinne,61010,2020-06-16,0,11
Burdinne,61010,2020-06-17,0,11
Burdinne,61010,2020-06-18,0,11
Burdinne,61010,2020-06-19,0,11
Burdinne,61010,2020-06-20,0,11
Burdinne,61010,2020-06-23,0,11
Burdinne,61010,2020-06-24,0,11
Burdinne,61010,2020-06-25,0,11
Burdinne,61010,2020-06-26,0,11
Burdinne,61010,2020-06-27,0,11
Burdinne,61010,2020-06-30,0,11
Burdinne,61010,2020-07-01,0,11
Burdinne,61010,2020-07-02,0,11
Burdinne,61010,2020-07-03,0,11
Burdinne,61010,2020-07-04,0,11
Burdinne,61010,2020-07-07,0,11
Burdinne,61010,2020-07-08,0,11
Burdinne,61010,2020-07-09,0,11
Burdinne,61010,2020-07-10,0,11
Burdinne,61010,2020-07-11,0,11
Burdinne,61010,2020-07-14,0,11
Burdinne,61010,2020-07-15,0,11
Burdinne,61010,2020-07-16,0,11
Burdinne,61010,2020-07-17,0,11
Burdinne,61010,2020-07-18,0,11
Burdinne,61010,2020-07-20,0,11
Burdinne,61010,2020-07-21,0,11
Burdinne,61010,2020-07-22,0,11
Burdinne,61010,2020-07-23,0,11
Burdinne,61010,2020-07-24,0,11
Burdinne,61010,2020-07-25,0,11
Burdinne,61010,2020-07-26,0,11
Burdinne,61010,2020-07-27,0,11
Burdinne,61010,2020-07-28,0,11
Burdinne,61010,2020-07-29,0,11
Burdinne,61010,2020-07-30,0,11
Burdinne,61010,2020-07-31,0,11
Burdinne,61010,2020-08-01,0,11
Burdinne,61010,2020-08-02,0,11
Burdinne,61010,2020-08-03,0,11
Burdinne,61010,2020-08-04,1,12
Burdinne,61010,2020-08-05,0,12
Burdinne,61010,2020-08-06,2,14
Burdinne,61010,2020-08-07,0,14
Burdinne,61010,2020-08-08,0,14
Burdinne,61010,2020-08-09,0,14
Burdinne,61010,2020-08-10,0,14
Burdinne,61010,2020-08-11,0,14
Burdinne,61010,2020-08-12,0,14
Burdinne,61010,2020-08-13,0,14
Burdinne,61010,2020-08-14,1,15
Burdinne,61010,2020-08-15,0,15
Burdinne,61010,2020-08-16,2,17
Burdinne,61010,2020-08-17,0,17
Burdinne,61010,2020-08-18,0,17
Burdinne,61010,2020-08-19,0,17
Burdinne,61010,2020-08-20,0,17
Burdinne,61010,2020-08-21,0,17
Burdinne,61010,2020-08-22,0,17
Burdinne,61010,2020-08-23,0,17
Burdinne,61010,2020-08-24,0,17
Burdinne,61010,2020-08-25,0,17
Burdinne,61010,2020-08-26,0,17
Burdinne,61010,2020-08-27,0,17
Burdinne,61010,2020-08-28,0,17
Burdinne,61010,2020-08-29,0,17
Burdinne,61010,2020-08-30,0,17
Burdinne,61010,2020-08-31,0,17
Burdinne,61010,2020-09-01,0,17
Burdinne,61010,2020-09-02,0,17
Burdinne,61010,2020-09-03,0,17
Burdinne,61010,2020-09-04,0,17
Burdinne,61010,2020-09-05,0,17
Burdinne,61010,2020-09-06,0,17
Burdinne,61010,2020-09-07,2,19
Burdinne,61010,2020-09-08,0,19
Burdinne,61010,2020-09-09,0,19
Burdinne,61010,2020-09-10,0,19
Burdinne,61010,2020-09-11,0,19
Burdinne,61010,2020-09-12,0,19
Burdinne,61010,2020-09-13,2,21
Burdinne,61010,2020-09-14,0,21
Burdinne,61010,2020-09-15,0,21
Burdinne,61010,2020-09-16,0,21
Burdinne,61010,2020-09-17,0,21
Burdinne,61010,2020-09-18,1,22
Burdinne,61010,2020-09-19,0,22
Burdinne,61010,2020-09-20,0,22
Burdinne,61010,2020-09-21,0,22
Burdinne,61010,2020-09-22,1,23
Burdinne,61010,2020-09-23,0,23
Burdinne,61010,2020-09-24,2,25
Burdinne,61010,2020-09-25,0,25
Burdinne,61010,2020-09-26,1,26
Burdinne,61010,2020-09-27,0,26
Burdinne,61010,2020-09-28,0,26
Burdinne,61010,2020-09-29,0,26
Burdinne,61010,2020-09-30,0,26
Burdinne,61010,2020-10-01,2,28
Burdinne,61010,2020-10-02,1,29
Burdinne,61010,2020-10-03,0,29
Burdinne,61010,2020-10-04,1,30
Burdinne,61010,2020-10-05,0,30
Burdinne,61010,2020-10-06,2,32
Burdinne,61010,2020-10-07,0,32
Burdinne,61010,2020-10-08,1,33
Burdinne,61010,2020-10-09,4,37
Burdinne,61010,2020-10-10,0,37
Burdinne,61010,2020-10-11,0,37
Burdinne,61010,2020-10-12,2,39
Burdinne,61010,2020-10-13,1,40
Burdinne,61010,2020-10-14,2,42
Burdinne,61010,2020-10-15,2,44
Burdinne,61010,2020-10-16,4,48
Burdinne,61010,2020-10-17,5,53
Burdinne,61010,2020-10-18,6,59
Burdinne,61010,2020-10-19,1,60
Burdinne,61010,2020-10-20,5,65
Burdinne,61010,2020-10-21,8,73
Burdinne,61010,2020-10-22,7,80
Burdinne,61010,2020-10-23,12,92
Burdinne,61010,2020-10-24,8,100
Burdinne,61010,2020-10-25,5,105
Burdinne,61010,2020-10-26,2,107
Burdinne,61010,2020-10-27,20,127
Burdinne,61010,2020-10-28,8,135
Burdinne,61010,2020-10-29,13,148
Burdinne,61010,2020-10-30,10,158
Burdinne,61010,2020-10-31,15,173
Burdinne,61010,2020-11-01,3,176
Burdinne,61010,2020-11-02,3,179
Burdinne,61010,2020-11-03,3,182
Burdinne,61010,2020-11-04,2,184
Burdinne,61010,2020-11-05,3,187
Burdinne,61010,2020-11-06,5,192
Burdinne,61010,2020-11-07,2,194
Burdinne,61010,2020-11-08,1,195
Burdinne,61010,2020-11-09,3,198
Burdinne,61010,2020-11-10,1,199
Burdinne,61010,2020-11-11,1,200
Clavier,61012,2020-04-01,5,5
Clavier,61012,2020-04-02,1,6
Clavier,61012,2020-04-03,0,6
Clavier,61012,2020-04-04,1,7
Clavier,61012,2020-04-05,0,7
Clavier,61012,2020-04-06,1,8
Clavier,61012,2020-04-07,1,9
Clavier,61012,2020-04-08,0,9
Clavier,61012,2020-04-09,0,9
Clavier,61012,2020-04-10,0,9
Clavier,61012,2020-04-11,1,10
Clavier,61012,2020-04-12,0,10
Clavier,61012,2020-04-13,0,10
Clavier,61012,2020-04-14,0,10
Clavier,61012,2020-04-15,0,10
Clavier,61012,2020-04-16,1,11
Clavier,61012,2020-04-17,1,12
Clavier,61012,2020-04-18,0,12
Clavier,61012,2020-04-19,0,12
Clavier,61012,2020-04-20,1,13
Clavier,61012,2020-04-21,0,13
Clavier,61012,2020-04-22,0,13
Clavier,61012,2020-04-23,0,13
Clavier,61012,2020-04-24,0,13
Clavier,61012,2020-04-25,0,13
Clavier,61012,2020-04-26,0,13
Clavier,61012,2020-04-27,1,14
Clavier,61012,2020-04-28,1,15
Clavier,61012,2020-04-29,0,15
Clavier,61012,2020-04-30,0,15
Clavier,61012,2020-05-01,0,15
Clavier,61012,2020-05-02,0,15
Clavier,61012,2020-05-03,0,15
Clavier,61012,2020-05-04,0,15
Clavier,61012,2020-05-05,0,15
Clavier,61012,2020-05-06,0,15
Clavier,61012,2020-05-07,0,15
Clavier,61012,2020-05-08,0,15
Clavier,61012,2020-05-09,0,15
Clavier,61012,2020-05-10,0,15
Clavier,61012,2020-05-11,1,16
Clavier,61012,2020-05-12,0,16
Clavier,61012,2020-05-13,0,16
Clavier,61012,2020-05-14,0,16
Clavier,61012,2020-05-15,0,16
Clavier,61012,2020-05-16,0,16
Clavier,61012,2020-05-17,0,16
Clavier,61012,2020-05-18,0,16
Clavier,61012,2020-05-19,0,16
Clavier,61012,2020-05-20,0,16
Clavier,61012,2020-05-21,0,16
Clavier,61012,2020-05-22,0,16
Clavier,61012,2020-05-23,0,16
Clavier,61012,2020-05-24,0,16
Clavier,61012,2020-05-25,0,16
Clavier,61012,2020-05-26,0,16
Clavier,61012,2020-05-27,0,16
Clavier,61012,2020-05-28,0,16
Clavier,61012,2020-05-29,0,16
Clavier,61012,2020-05-30,0,16
Clavier,61012,2020-05-31,0,16
Clavier,61012,2020-06-01,0,16
Clavier,61012,2020-06-02,0,16
Clavier,61012,2020-06-03,0,16
Clavier,61012,2020-06-04,0,16
Clavier,61012,2020-06-05,0,16
Clavier,61012,2020-06-06,0,16
Clavier,61012,2020-06-07,0,16
Clavier,61012,2020-06-08,0,16
Clavier,61012,2020-06-09,0,16
Clavier,61012,2020-06-10,0,16
Clavier,61012,2020-06-11,0,16
Clavier,61012,2020-06-12,0,16
Clavier,61012,2020-06-13,0,16
Clavier,61012,2020-06-14,0,16
Clavier,61012,2020-06-15,0,16
Clavier,61012,2020-06-16,0,16
Clavier,61012,2020-06-17,0,16
Clavier,61012,2020-06-18,0,16
Clavier,61012,2020-06-19,0,16
Clavier,61012,2020-06-20,0,16
Clavier,61012,2020-06-23,0,16
Clavier,61012,2020-06-24,0,16
Clavier,61012,2020-06-25,0,16
Clavier,61012,2020-06-26,0,16
Clavier,61012,2020-06-27,0,16
Clavier,61012,2020-06-30,0,16
Clavier,61012,2020-07-01,0,16
Clavier,61012,2020-07-02,0,16
Clavier,61012,2020-07-03,0,16
Clavier,61012,2020-07-04,0,16
Clavier,61012,2020-07-07,0,16
Clavier,61012,2020-07-08,0,16
Clavier,61012,2020-07-09,0,16
Clavier,61012,2020-07-10,0,16
Clavier,61012,2020-07-11,0,16
Clavier,61012,2020-07-14,0,16
Clavier,61012,2020-07-15,0,16
Clavier,61012,2020-07-16,0,16
Clavier,61012,2020-07-17,0,16
Clavier,61012,2020-07-18,0,16
Clavier,61012,2020-07-20,0,16
Clavier,61012,2020-07-21,0,16
Clavier,61012,2020-07-22,0,16
Clavier,61012,2020-07-23,1,17
Clavier,61012,2020-07-24,0,17
Clavier,61012,2020-07-25,0,17
Clavier,61012,2020-07-26,0,17
Clavier,61012,2020-07-27,0,17
Clavier,61012,2020-07-28,1,18
Clavier,61012,2020-07-29,0,18
Clavier,61012,2020-07-30,0,18
Clavier,61012,2020-07-31,0,18
Clavier,61012,2020-08-01,0,18
Clavier,61012,2020-08-02,0,18
Clavier,61012,2020-08-03,0,18
Clavier,61012,2020-08-04,0,18
Clavier,61012,2020-08-05,0,18
Clavier,61012,2020-08-06,0,18
Clavier,61012,2020-08-07,0,18
Clavier,61012,2020-08-08,0,18
Clavier,61012,2020-08-09,1,19
Clavier,61012,2020-08-10,0,19
Clavier,61012,2020-08-11,0,19
Clavier,61012,2020-08-12,0,19
Clavier,61012,2020-08-13,0,19
Clavier,61012,2020-08-14,0,19
Clavier,61012,2020-08-15,2,21
Clavier,61012,2020-08-16,0,21
Clavier,61012,2020-08-17,2,23
Clavier,61012,2020-08-18,0,23
Clavier,61012,2020-08-19,0,23
Clavier,61012,2020-08-20,0,23
Clavier,61012,2020-08-21,0,23
Clavier,61012,2020-08-22,0,23
Clavier,61012,2020-08-23,0,23
Clavier,61012,2020-08-24,1,24
Clavier,61012,2020-08-25,0,24
Clavier,61012,2020-08-26,0,24
Clavier,61012,2020-08-27,0,24
Clavier,61012,2020-08-28,0,24
Clavier,61012,2020-08-29,0,24
Clavier,61012,2020-08-30,1,25
Clavier,61012,2020-08-31,0,25
Clavier,61012,2020-09-01,0,25
Clavier,61012,2020-09-02,1,26
Clavier,61012,2020-09-03,0,26
Clavier,61012,2020-09-04,1,27
Clavier,61012,2020-09-05,0,27
Clavier,61012,2020-09-06,0,27
Clavier,61012,2020-09-07,0,27
Clavier,61012,2020-09-08,0,27
Clavier,61012,2020-09-09,0,27
Clavier,61012,2020-09-10,1,28
Clavier,61012,2020-09-11,1,29
Clavier,61012,2020-09-12,2,31
Clavier,61012,2020-09-13,6,37
Clavier,61012,2020-09-14,2,39
Clavier,61012,2020-09-15,3,42
Clavier,61012,2020-09-16,0,42
Clavier,61012,2020-09-17,0,42
Clavier,61012,2020-09-18,2,44
Clavier,61012,2020-09-19,0,44
Clavier,61012,2020-09-20,2,46
Clavier,61012,2020-09-21,0,46
Clavier,61012,2020-09-22,0,46
Clavier,61012,2020-09-23,0,46
Clavier,61012,2020-09-24,1,47
Clavier,61012,2020-09-25,1,48
Clavier,61012,2020-09-26,1,49
Clavier,61012,2020-09-27,1,50
Clavier,61012,2020-09-28,0,50
Clavier,61012,2020-09-29,1,51
Clavier,61012,2020-09-30,1,52
Clavier,61012,2020-10-01,2,54
Clavier,61012,2020-10-02,3,57
Clavier,61012,2020-10-03,1,58
Clavier,61012,2020-10-04,1,59
Clavier,61012,2020-10-05,1,60
Clavier,61012,2020-10-06,3,63
Clavier,61012,2020-10-07,1,64
Clavier,61012,2020-10-08,1,65
Clavier,61012,2020-10-09,2,67
Clavier,61012,2020-10-10,5,72
Clavier,61012,2020-10-11,8,80
Clavier,61012,2020-10-12,3,83
Clavier,61012,2020-10-13,3,86
Clavier,61012,2020-10-14,6,92
Clavier,61012,2020-10-15,2,94
Clavier,61012,2020-10-16,12,106
Clavier,61012,2020-10-17,11,117
Clavier,61012,2020-10-18,6,123
Clavier,61012,2020-10-19,5,128
Clavier,61012,2020-10-20,3,131
Clavier,61012,2020-10-21,4,135
Clavier,61012,2020-10-22,6,141
Clavier,61012,2020-10-23,18,159
Clavier,61012,2020-10-24,15,174
Clavier,61012,2020-10-25,29,203
Clavier,61012,2020-10-26,13,216
Clavier,61012,2020-10-27,5,221
Clavier,61012,2020-10-28,14,235
Clavier,61012,2020-10-29,21,256
Clavier,61012,2020-10-30,19,275
Clavier,61012,2020-10-31,19,294
Clavier,61012,2020-11-01,17,311
Clavier,61012,2020-11-02,7,318
Clavier,61012,2020-11-03,6,324
Clavier,61012,2020-11-04,3,327
Clavier,61012,2020-11-05,11,338
Clavier,61012,2020-11-06,13,351
Clavier,61012,2020-11-07,4,355
Clavier,61012,2020-11-08,0,355
Clavier,61012,2020-11-09,4,359
Clavier,61012,2020-11-10,1,360
Clavier,61012,2020-11-11,5,365
Ferrières,61019,2020-04-01,0,8
Ferrières,61019,2020-04-02,0,8
Ferrières,61019,2020-04-03,1,9
Ferrières,61019,2020-04-04,0,9
Ferrières,61019,2020-04-05,0,9
Ferrières,61019,2020-04-06,0,9
Ferrières,61019,2020-04-07,2,11
Ferrières,61019,2020-04-08,0,11
Ferrières,61019,2020-04-09,1,12
Ferrières,61019,2020-04-10,1,13
Ferrières,61019,2020-04-11,0,13
Ferrières,61019,2020-04-12,2,15
Ferrières,61019,2020-04-13,0,15
Ferrières,61019,2020-04-14,0,15
Ferrières,61019,2020-04-15,1,16
Ferrières,61019,2020-04-16,2,18
Ferrières,61019,2020-04-17,2,20
Ferrières,61019,2020-04-18,1,21
Ferrières,61019,2020-04-19,0,21
Ferrières,61019,2020-04-20,1,22
Ferrières,61019,2020-04-21,0,22
Ferrières,61019,2020-04-22,0,22
Ferrières,61019,2020-04-23,0,22
Ferrières,61019,2020-04-24,0,22
Ferrières,61019,2020-04-25,0,22
Ferrières,61019,2020-04-26,0,22
Ferrières,61019,2020-04-27,0,22
Ferrières,61019,2020-04-28,0,22
Ferrières,61019,2020-04-29,2,24
Ferrières,61019,2020-04-30,1,25
Ferrières,61019,2020-05-01,0,25
Ferrières,61019,2020-05-02,0,25
Ferrières,61019,2020-05-03,0,25
Ferrières,61019,2020-05-04,0,25
Ferrières,61019,2020-05-05,0,25
Ferrières,61019,2020-05-06,0,25
Ferrières,61019,2020-05-07,0,25
Ferrières,61019,2020-05-08,0,25
Ferrières,61019,2020-05-09,0,25
Ferrières,61019,2020-05-10,0,25
Ferrières,61019,2020-05-11,0,25
Ferrières,61019,2020-05-12,0,25
Ferrières,61019,2020-05-13,0,25
Ferrières,61019,2020-05-14,1,26
Ferrières,61019,2020-05-15,0,26
Ferrières,61019,2020-05-16,0,26
Ferrières,61019,2020-05-17,0,26
Ferrières,61019,2020-05-18,1,27
Ferrières,61019,2020-05-19,0,27
Ferrières,61019,2020-05-20,0,27
Ferrières,61019,2020-05-21,0,27
Ferrières,61019,2020-05-22,0,27
Ferrières,61019,2020-05-23,0,27
Ferrières,61019,2020-05-24,0,27
Ferrières,61019,2020-05-25,0,27
Ferrières,61019,2020-05-26,0,27
Ferrières,61019,2020-05-27,0,27
Ferrières,61019,2020-05-28,0,27
Ferrières,61019,2020-05-29,0,27
Ferrières,61019,2020-05-30,0,27
Ferrières,61019,2020-05-31,0,27
Ferrières,61019,2020-06-01,0,27
Ferrières,61019,2020-06-02,0,27
Ferrières,61019,2020-06-03,0,27
Ferrières,61019,2020-06-04,0,27
Ferrières,61019,2020-06-05,0,27
Ferrières,61019,2020-06-06,0,27
Ferrières,61019,2020-06-07,0,27
Ferrières,61019,2020-06-08,0,27
Ferrières,61019,2020-06-09,0,27
Ferrières,61019,2020-06-10,0,27
Ferrières,61019,2020-06-11,0,27
Ferrières,61019,2020-06-12,0,27
Ferrières,61019,2020-06-13,0,27
Ferrières,61019,2020-06-14,0,27
Ferrières,61019,2020-06-15,0,27
Ferrières,61019,2020-06-16,0,27
Ferrières,61019,2020-06-17,0,27
Ferrières,61019,2020-06-18,0,27
Ferrières,61019,2020-06-19,0,27
Ferrières,61019,2020-06-20,0,27
Ferrières,61019,2020-06-23,0,27
Ferrières,61019,2020-06-24,0,27
Ferrières,61019,2020-06-25,0,27
Ferrières,61019,2020-06-26,0,27
Ferrières,61019,2020-06-27,0,27
Ferrières,61019,2020-06-30,0,27
Ferrières,61019,2020-07-01,0,27
Ferrières,61019,2020-07-02,0,27
Ferrières,61019,2020-07-03,0,27
Ferrières,61019,2020-07-04,0,27
Ferrières,61019,2020-07-07,0,27
Ferrières,61019,2020-07-08,0,27
Ferrières,61019,2020-07-09,0,27
Ferrières,61019,2020-07-10,0,27
Ferrières,61019,2020-07-11,0,27
Ferrières,61019,2020-07-14,0,27
Ferrières,61019,2020-07-15,0,27
Ferrières,61019,2020-07-16,0,27
Ferrières,61019,2020-07-17,0,27
Ferrières,61019,2020-07-18,0,27
Ferrières,61019,2020-07-20,0,27
Ferrières,61019,2020-07-21,0,27
Ferrières,61019,2020-07-22,0,27
Ferrières,61019,2020-07-23,0,27
Ferrières,61019,2020-07-24,0,27
Ferrières,61019,2020-07-25,0,27
Ferrières,61019,2020-07-26,0,27
Ferrières,61019,2020-07-27,0,27
Ferrières,61019,2020-07-28,1,28
Ferrières,61019,2020-07-29,0,28
Ferrières,61019,2020-07-30,0,28
Ferrières,61019,2020-07-31,0,28
Ferrières,61019,2020-08-01,0,28
Ferrières,61019,2020-08-02,0,28
Ferrières,61019,2020-08-03,0,28
Ferrières,61019,2020-08-04,3,31
Ferrières,61019,2020-08-05,0,31
Ferrières,61019,2020-08-06,0,31
Ferrières,61019,2020-08-07,0,31
Ferrières,61019,2020-08-08,0,31
Ferrières,61019,2020-08-09,0,31
Ferrières,61019,2020-08-10,1,32
Ferrières,61019,2020-08-11,0,32
Ferrières,61019,2020-08-12,0,32
Ferrières,61019,2020-08-13,0,32
Ferrières,61019,2020-08-14,0,32
Ferrières,61019,2020-08-15,0,32
Ferrières,61019,2020-08-16,1,33
Ferrières,61019,2020-08-17,0,33
Ferrières,61019,2020-08-18,0,33
Ferrières,61019,2020-08-19,0,33
Ferrières,61019,2020-08-20,0,33
Ferrières,61019,2020-08-21,0,33
Ferrières,61019,2020-08-22,0,33
Ferrières,61019,2020-08-23,0,33
Ferrières,61019,2020-08-24,0,33
Ferrières,61019,2020-08-25,0,33
Ferrières,61019,2020-08-26,0,33
Ferrières,61019,2020-08-27,0,33
Ferrières,61019,2020-08-28,0,33
Ferrières,61019,2020-08-29,0,33
Ferrières,61019,2020-08-30,0,33
Ferrières,61019,2020-08-31,0,33
Ferrières,61019,2020-09-01,0,33
Ferrières,61019,2020-09-02,0,33
Ferrières,61019,2020-09-03,0,33
Ferrières,61019,2020-09-04,0,33
Ferrières,61019,2020-09-05,0,33
Ferrières,61019,2020-09-06,0,33
Ferrières,61019,2020-09-07,0,33
Ferrières,61019,2020-09-08,0,33
Ferrières,61019,2020-09-09,0,33
Ferrières,61019,2020-09-10,0,33
Ferrières,61019,2020-09-11,1,34
Ferrières,61019,2020-09-12,0,34
Ferrières,61019,2020-09-13,1,35
Ferrières,61019,2020-09-14,0,35
Ferrières,61019,2020-09-15,0,35
Ferrières,61019,2020-09-16,0,35
Ferrières,61019,2020-09-17,1,36
Ferrières,61019,2020-09-18,0,36
Ferrières,61019,2020-09-19,0,36
Ferrières,61019,2020-09-20,1,37
Ferrières,61019,2020-09-21,2,39
Ferrières,61019,2020-09-22,0,39
Ferrières,61019,2020-09-23,2,41
Ferrières,61019,2020-09-24,1,42
Ferrières,61019,2020-09-25,0,42
Ferrières,61019,2020-09-26,0,42
Ferrières,61019,2020-09-27,0,42
Ferrières,61019,2020-09-28,0,42
Ferrières,61019,2020-09-29,1,43
Ferrières,61019,2020-09-30,0,43
Ferrières,61019,2020-10-01,1,44
Ferrières,61019,2020-10-02,1,45
Ferrières,61019,2020-10-03,2,47
Ferrières,61019,2020-10-04,2,49
Ferrières,61019,2020-10-05,3,52
Ferrières,61019,2020-10-06,2,54
Ferrières,61019,2020-10-07,1,55
Ferrières,61019,2020-10-08,1,56
Ferrières,61019,2020-10-09,5,61
Ferrières,61019,2020-10-10,4,65
Ferrières,61019,2020-10-11,4,69
Ferrières,61019,2020-10-12,1,70
Ferrières,61019,2020-10-13,4,74
Ferrières,61019,2020-10-14,5,79
Ferrières,61019,2020-10-15,7,86
Ferrières,61019,2020-10-16,5,91
Ferrières,61019,2020-10-17,10,101
Ferrières,61019,2020-10-18,5,106
Ferrières,61019,2020-10-19,9,115
Ferrières,61019,2020-10-20,8,123
Ferrières,61019,2020-10-21,4,127
Ferrières,61019,2020-10-22,8,135
Ferrières,61019,2020-10-23,21,156
Ferrières,61019,2020-10-24,14,170
Ferrières,61019,2020-10-25,7,177
Ferrières,61019,2020-10-26,17,194
Ferrières,61019,2020-10-27,5,199
Ferrières,61019,2020-10-28,14,213
Ferrières,61019,2020-10-29,22,235
Ferrières,61019,2020-10-30,21,256
Ferrières,61019,2020-10-31,15,271
Ferrières,61019,2020-11-01,20,291
Ferrières,61019,2020-11-02,8,299
Ferrières,61019,2020-11-03,3,302
Ferrières,61019,2020-11-04,0,302
Ferrières,61019,2020-11-05,10,312
Ferrières,61019,2020-11-06,5,317
Ferrières,61019,2020-11-07,9,326
Ferrières,61019,2020-11-08,3,329
Ferrières,61019,2020-11-09,4,333
Ferrières,61019,2020-11-10,1,334
Ferrières,61019,2020-11-11,6,340
Hamoir,61024,2020-04-01,0,0
Hamoir,61024,2020-04-02,0,0
Hamoir,61024,2020-04-03,0,0
Hamoir,61024,2020-04-04,0,0
Hamoir,61024,2020-04-05,0,0
Hamoir,61024,2020-04-06,0,0
Hamoir,61024,2020-04-07,0,0
Hamoir,61024,2020-04-08,0,0
Hamoir,61024,2020-04-09,0,0
Hamoir,61024,2020-04-10,5,5
Hamoir,61024,2020-04-11,0,5
Hamoir,61024,2020-04-12,1,6
Hamoir,61024,2020-04-13,0,6
Hamoir,61024,2020-04-14,0,6
Hamoir,61024,2020-04-15,0,6
Hamoir,61024,2020-04-16,0,6
Hamoir,61024,2020-04-17,0,6
Hamoir,61024,2020-04-18,0,6
Hamoir,61024,2020-04-19,1,7
Hamoir,61024,2020-04-20,0,7
Hamoir,61024,2020-04-21,1,8
Hamoir,61024,2020-04-22,0,8
Hamoir,61024,2020-04-23,0,8
Hamoir,61024,2020-04-24,0,8
Hamoir,61024,2020-04-25,0,8
Hamoir,61024,2020-04-26,0,8
Hamoir,61024,2020-04-27,0,8
Hamoir,61024,2020-04-28,0,8
Hamoir,61024,2020-04-29,0,8
Hamoir,61024,2020-04-30,0,8
Hamoir,61024,2020-05-01,0,8
Hamoir,61024,2020-05-02,0,8
Hamoir,61024,2020-05-03,0,8
Hamoir,61024,2020-05-04,0,8
Hamoir,61024,2020-05-05,0,8
Hamoir,61024,2020-05-06,0,8
Hamoir,61024,2020-05-07,0,8
Hamoir,61024,2020-05-08,0,8
Hamoir,61024,2020-05-09,0,8
Hamoir,61024,2020-05-10,1,9
Hamoir,61024,2020-05-11,0,9
Hamoir,61024,2020-05-12,0,9
Hamoir,61024,2020-05-13,0,9
Hamoir,61024,2020-05-14,0,9
Hamoir,61024,2020-05-15,0,9
Hamoir,61024,2020-05-16,0,9
Hamoir,61024,2020-05-17,0,9
Hamoir,61024,2020-05-18,0,9
Hamoir,61024,2020-05-19,0,9
Hamoir,61024,2020-05-20,0,9
Hamoir,61024,2020-05-21,0,9
Hamoir,61024,2020-05-22,0,9
Hamoir,61024,2020-05-23,0,9
Hamoir,61024,2020-05-24,0,9
Hamoir,61024,2020-05-25,0,9
Hamoir,61024,2020-05-26,0,9
Hamoir,61024,2020-05-27,0,9
Hamoir,61024,2020-05-28,0,9
Hamoir,61024,2020-05-29,0,9
Hamoir,61024,2020-05-30,0,9
Hamoir,61024,2020-05-31,0,9
Hamoir,61024,2020-06-01,0,9
Hamoir,61024,2020-06-02,0,9
Hamoir,61024,2020-06-03,0,9
Hamoir,61024,2020-06-04,0,9
Hamoir,61024,2020-06-05,0,9
Hamoir,61024,2020-06-06,0,9
Hamoir,61024,2020-06-07,0,9
Hamoir,61024,2020-06-08,0,9
Hamoir,61024,2020-06-09,0,9
Hamoir,61024,2020-06-10,0,9
Hamoir,61024,2020-06-11,1,10
Hamoir,61024,2020-06-12,-1,9
Hamoir,61024,2020-06-13,0,9
Hamoir,61024,2020-06-14,0,9
Hamoir,61024,2020-06-15,0,9
Hamoir,61024,2020-06-16,0,9
Hamoir,61024,2020-06-17,0,9
Hamoir,61024,2020-06-18,0,9
Hamoir,61024,2020-06-19,0,9
Hamoir,61024,2020-06-20,0,9
Hamoir,61024,2020-06-23,0,9
Hamoir,61024,2020-06-24,1,10
Hamoir,61024,2020-06-25,0,10
Hamoir,61024,2020-06-26,0,10
Hamoir,61024,2020-06-27,0,10
Hamoir,61024,2020-06-30,0,10
Hamoir,61024,2020-07-01,0,10
Hamoir,61024,2020-07-02,1,11
Hamoir,61024,2020-07-03,1,12
Hamoir,61024,2020-07-04,0,12
Hamoir,61024,2020-07-07,0,12
Hamoir,61024,2020-07-08,0,12
Hamoir,61024,2020-07-09,0,12
Hamoir,61024,2020-07-10,0,12
Hamoir,61024,2020-07-11,0,12
Hamoir,61024,2020-07-14,0,12
Hamoir,61024,2020-07-15,0,12
Hamoir,61024,2020-07-16,0,12
Hamoir,61024,2020-07-17,0,12
Hamoir,61024,2020-07-18,0,12
Hamoir,61024,2020-07-20,0,12
Hamoir,61024,2020-07-21,0,12
Hamoir,61024,2020-07-22,0,12
Hamoir,61024,2020-07-23,0,12
Hamoir,61024,2020-07-24,0,12
Hamoir,61024,2020-07-25,0,12
Hamoir,61024,2020-07-26,0,12
Hamoir,61024,2020-07-27,0,12
Hamoir,61024,2020-07-28,0,12
Hamoir,61024,2020-07-29,0,12
Hamoir,61024,2020-07-30,0,12
Hamoir,61024,2020-07-31,0,12
Hamoir,61024,2020-08-01,0,12
Hamoir,61024,2020-08-02,0,12
Hamoir,61024,2020-08-03,0,12
Hamoir,61024,2020-08-04,0,12
Hamoir,61024,2020-08-05,0,12
Hamoir,61024,2020-08-06,0,12
Hamoir,61024,2020-08-07,0,12
Hamoir,61024,2020-08-08,0,12
Hamoir,61024,2020-08-09,0,12
Hamoir,61024,2020-08-10,0,12
Hamoir,61024,2020-08-11,0,12
Hamoir,61024,2020-08-12,0,12
Hamoir,61024,2020-08-13,0,12
Hamoir,61024,2020-08-14,0,12
Hamoir,61024,2020-08-15,0,12
Hamoir,61024,2020-08-16,0,12
Hamoir,61024,2020-08-17,0,12
Hamoir,61024,2020-08-18,0,12
Hamoir,61024,2020-08-19,0,12
Hamoir,61024,2020-08-20,0,12
Hamoir,61024,2020-08-21,0,12
Hamoir,61024,2020-08-22,0,12
Hamoir,61024,2020-08-23,0,12
Hamoir,61024,2020-08-24,0,12
Hamoir,61024,2020-08-25,0,12
Hamoir,61024,2020-08-26,0,12
Hamoir,61024,2020-08-27,0,12
Hamoir,61024,2020-08-28,1,13
Hamoir,61024,2020-08-29,0,13
Hamoir,61024,2020-08-30,0,13
Hamoir,61024,2020-08-31,0,13
Hamoir,61024,2020-09-01,0,13
Hamoir,61024,2020-09-02,0,13
Hamoir,61024,2020-09-03,0,13
Hamoir,61024,2020-09-04,0,13
Hamoir,61024,2020-09-05,0,13
Hamoir,61024,2020-09-06,0,13
Hamoir,61024,2020-09-07,0,13
Hamoir,61024,2020-09-08,0,13
Hamoir,61024,2020-09-09,0,13
Hamoir,61024,2020-09-10,0,13
Hamoir,61024,2020-09-11,0,13
Hamoir,61024,2020-09-12,0,13
Hamoir,61024,2020-09-13,0,13
Hamoir,61024,2020-09-14,0,13
Hamoir,61024,2020-09-15,2,15
Hamoir,61024,2020-09-16,0,15
Hamoir,61024,2020-09-17,0,15
Hamoir,61024,2020-09-18,1,16
Hamoir,61024,2020-09-19,0,16
Hamoir,61024,2020-09-20,0,16
Hamoir,61024,2020-09-21,1,17
Hamoir,61024,2020-09-22,1,18
Hamoir,61024,2020-09-23,1,19
Hamoir,61024,2020-09-24,1,20
Hamoir,61024,2020-09-25,0,20
Hamoir,61024,2020-09-26,1,21
Hamoir,61024,2020-09-27,0,21
Hamoir,61024,2020-09-28,5,26
Hamoir,61024,2020-09-29,0,26
Hamoir,61024,2020-09-30,1,27
Hamoir,61024,2020-10-01,4,31
Hamoir,61024,2020-10-02,1,32
Hamoir,61024,2020-10-03,2,34
Hamoir,61024,2020-10-04,4,38
Hamoir,61024,2020-10-05,3,41
Hamoir,61024,2020-10-06,0,41
Hamoir,61024,2020-10-07,1,42
Hamoir,61024,2020-10-08,6,48
Hamoir,61024,2020-10-09,3,51
Hamoir,61024,2020-10-10,3,54
Hamoir,61024,2020-10-11,3,57
Hamoir,61024,2020-10-12,3,60
Hamoir,61024,2020-10-13,2,62
Hamoir,61024,2020-10-14,7,69
Hamoir,61024,2020-10-15,10,79
Hamoir,61024,2020-10-16,7,86
Hamoir,61024,2020-10-17,9,95
Hamoir,61024,2020-10-18,3,98
Hamoir,61024,2020-10-19,7,105
Hamoir,61024,2020-10-20,8,113
Hamoir,61024,2020-10-21,7,120
Hamoir,61024,2020-10-22,7,127
Hamoir,61024,2020-10-23,9,136
Hamoir,61024,2020-10-24,12,148
Hamoir,61024,2020-10-25,5,153
Hamoir,61024,2020-10-26,7,160
Hamoir,61024,2020-10-27,8,168
Hamoir,61024,2020-10-28,10,178
Hamoir,61024,2020-10-29,13,191
Hamoir,61024,2020-10-30,14,205
Hamoir,61024,2020-10-31,16,221
Hamoir,61024,2020-11-01,11,232
Hamoir,61024,2020-11-02,8,240
Hamoir,61024,2020-11-03,9,249
Hamoir,61024,2020-11-04,5,254
Hamoir,61024,2020-11-05,8,262
Hamoir,61024,2020-11-06,6,268
Hamoir,61024,2020-11-07,2,270
Hamoir,61024,2020-11-08,2,272
Hamoir,61024,2020-11-09,5,277
Hamoir,61024,2020-11-10,0,277
Hamoir,61024,2020-11-11,1,278
Héron,61028,2020-04-01,0,5
Héron,61028,2020-04-02,1,6
Héron,61028,2020-04-03,0,6
Héron,61028,2020-04-04,0,6
Héron,61028,2020-04-05,0,6
Héron,61028,2020-04-06,1,7
Héron,61028,2020-04-07,1,8
Héron,61028,2020-04-08,0,8
Héron,61028,2020-04-09,0,8
Héron,61028,2020-04-10,1,9
Héron,61028,2020-04-11,0,9
Héron,61028,2020-04-12,1,10
Héron,61028,2020-04-13,0,10
Héron,61028,2020-04-14,0,10
Héron,61028,2020-04-15,0,10
Héron,61028,2020-04-16,0,10
Héron,61028,2020-04-17,2,12
Héron,61028,2020-04-18,0,12
Héron,61028,2020-04-19,0,12
Héron,61028,2020-04-20,3,15
Héron,61028,2020-04-21,0,15
Héron,61028,2020-04-22,0,15
Héron,61028,2020-04-23,0,15
Héron,61028,2020-04-24,0,15
Héron,61028,2020-04-25,0,15
Héron,61028,2020-04-26,0,15
Héron,61028,2020-04-27,0,15
Héron,61028,2020-04-28,0,15
Héron,61028,2020-04-29,0,15
Héron,61028,2020-04-30,0,15
Héron,61028,2020-05-01,0,15
Héron,61028,2020-05-02,0,15
Héron,61028,2020-05-03,0,15
Héron,61028,2020-05-04,0,15
Héron,61028,2020-05-05,0,15
Héron,61028,2020-05-06,0,15
Héron,61028,2020-05-07,1,16
Héron,61028,2020-05-08,0,16
Héron,61028,2020-05-09,0,16
Héron,61028,2020-05-10,1,17
Héron,61028,2020-05-11,0,17
Héron,61028,2020-05-12,0,17
Héron,61028,2020-05-13,0,17
Héron,61028,2020-05-14,0,17
Héron,61028,2020-05-15,0,17
Héron,61028,2020-05-16,0,17
Héron,61028,2020-05-17,0,17
Héron,61028,2020-05-18,0,17
Héron,61028,2020-05-19,0,17
Héron,61028,2020-05-20,0,17
Héron,61028,2020-05-21,0,17
Héron,61028,2020-05-22,0,17
Héron,61028,2020-05-23,0,17
Héron,61028,2020-05-24,0,17
Héron,61028,2020-05-25,0,17
Héron,61028,2020-05-26,0,17
Héron,61028,2020-05-27,0,17
Héron,61028,2020-05-28,0,17
Héron,61028,2020-05-29,0,17
Héron,61028,2020-05-30,0,17
Héron,61028,2020-05-31,0,17
Héron,61028,2020-06-01,0,17
Héron,61028,2020-06-02,0,17
Héron,61028,2020-06-03,0,17
Héron,61028,2020-06-04,0,17
Héron,61028,2020-06-05,0,17
Héron,61028,2020-06-06,0,17
Héron,61028,2020-06-07,0,17
Héron,61028,2020-06-08,0,17
Héron,61028,2020-06-09,0,17
Héron,61028,2020-06-10,0,17
Héron,61028,2020-06-11,0,17
Héron,61028,2020-06-12,0,17
Héron,61028,2020-06-13,0,17
Héron,61028,2020-06-14,0,17
Héron,61028,2020-06-15,0,17
Héron,61028,2020-06-16,0,17
Héron,61028,2020-06-17,0,17
Héron,61028,2020-06-18,0,17
Héron,61028,2020-06-19,0,17
Héron,61028,2020-06-20,0,17
Héron,61028,2020-06-23,0,17
Héron,61028,2020-06-24,0,17
Héron,61028,2020-06-25,0,17
Héron,61028,2020-06-26,0,17
Héron,61028,2020-06-27,0,17
Héron,61028,2020-06-30,1,18
Héron,61028,2020-07-01,0,18
Héron,61028,2020-07-02,0,18
Héron,61028,2020-07-03,0,18
Héron,61028,2020-07-04,0,18
Héron,61028,2020-07-07,0,18
Héron,61028,2020-07-08,0,18
Héron,61028,2020-07-09,0,18
Héron,61028,2020-07-10,0,18
Héron,61028,2020-07-11,0,18
Héron,61028,2020-07-14,0,18
Héron,61028,2020-07-15,0,18
Héron,61028,2020-07-16,0,18
Héron,61028,2020-07-17,0,18
Héron,61028,2020-07-18,0,18
Héron,61028,2020-07-20,0,18
Héron,61028,2020-07-21,0,18
Héron,61028,2020-07-22,0,18
Héron,61028,2020-07-23,0,18
Héron,61028,2020-07-24,0,18
Héron,61028,2020-07-25,0,18
Héron,61028,2020-07-26,0,18
Héron,61028,2020-07-27,0,18
Héron,61028,2020-07-28,0,18
Héron,61028,2020-07-29,0,18
Héron,61028,2020-07-30,0,18
Héron,61028,2020-07-31,0,18
Héron,61028,2020-08-01,1,19
Héron,61028,2020-08-02,1,20
Héron,61028,2020-08-03,0,20
Héron,61028,2020-08-04,0,20
Héron,61028,2020-08-05,0,20
Héron,61028,2020-08-06,0,20
Héron,61028,2020-08-07,0,20
Héron,61028,2020-08-08,0,20
Héron,61028,2020-08-09,0,20
Héron,61028,2020-08-10,0,20
Héron,61028,2020-08-11,0,20
Héron,61028,2020-08-12,0,20
Héron,61028,2020-08-13,0,20
Héron,61028,2020-08-14,2,22
Héron,61028,2020-08-15,0,22
Héron,61028,2020-08-16,0,22
Héron,61028,2020-08-17,0,22
Héron,61028,2020-08-18,0,22
Héron,61028,2020-08-19,0,22
Héron,61028,2020-08-20,0,22
Héron,61028,2020-08-21,0,22
Héron,61028,2020-08-22,1,23
Héron,61028,2020-08-23,0,23
Héron,61028,2020-08-24,0,23
Héron,61028,2020-08-25,0,23
Héron,61028,2020-08-26,0,23
Héron,61028,2020-08-27,0,23
Héron,61028,2020-08-28,1,24
Héron,61028,2020-08-29,0,24
Héron,61028,2020-08-30,0,24
Héron,61028,2020-08-31,0,24
Héron,61028,2020-09-01,0,24
Héron,61028,2020-09-02,0,24
Héron,61028,2020-09-03,0,24
Héron,61028,2020-09-04,0,24
Héron,61028,2020-09-05,1,25
Héron,61028,2020-09-06,0,25
Héron,61028,2020-09-07,0,25
Héron,61028,2020-09-08,1,26
Héron,61028,2020-09-09,1,27
Héron,61028,2020-09-10,0,27
Héron,61028,2020-09-11,0,27
Héron,61028,2020-09-12,0,27
Héron,61028,2020-09-13,1,28
Héron,61028,2020-09-14,0,28
Héron,61028,2020-09-15,0,28
Héron,61028,2020-09-16,1,29
Héron,61028,2020-09-17,1,30
Héron,61028,2020-09-18,0,30
Héron,61028,2020-09-19,3,33
Héron,61028,2020-09-20,2,35
Héron,61028,2020-09-21,0,35
Héron,61028,2020-09-22,1,36
Héron,61028,2020-09-23,2,38
Héron,61028,2020-09-24,0,38
Héron,61028,2020-09-25,2,40
Héron,61028,2020-09-26,0,40
Héron,61028,2020-09-27,3,43
Héron,61028,2020-09-28,3,46
Héron,61028,2020-09-29,1,47
Héron,61028,2020-09-30,6,53
Héron,61028,2020-10-01,1,54
Héron,61028,2020-10-02,0,54
Héron,61028,2020-10-03,1,55
Héron,61028,2020-10-04,1,56
Héron,61028,2020-10-05,1,57
Héron,61028,2020-10-06,2,59
Héron,61028,2020-10-07,0,59
Héron,61028,2020-10-08,3,62
Héron,61028,2020-10-09,1,63
Héron,61028,2020-10-10,4,67
Héron,61028,2020-10-11,5,72
Héron,61028,2020-10-12,3,75
Héron,61028,2020-10-13,0,75
Héron,61028,2020-10-14,5,80
Héron,61028,2020-10-15,9,89
Héron,61028,2020-10-16,8,97
Héron,61028,2020-10-17,7,104
Héron,61028,2020-10-18,5,109
Héron,61028,2020-10-19,1,110
Héron,61028,2020-10-20,10,120
Héron,61028,2020-10-21,10,130
Héron,61028,2020-10-22,19,149
Héron,61028,2020-10-23,5,154
Héron,61028,2020-10-24,14,168
Héron,61028,2020-10-25,12,180
Héron,61028,2020-10-26,3,183
Héron,61028,2020-10-27,18,201
Héron,61028,2020-10-28,16,217
Héron,61028,2020-10-29,15,232
Héron,61028,2020-10-30,12,244
Héron,61028,2020-10-31,11,255
Héron,61028,2020-11-01,12,267
Héron,61028,2020-11-02,11,278
Héron,61028,2020-11-03,10,288
Héron,61028,2020-11-04,7,295
Héron,61028,2020-11-05,8,303
Héron,61028,2020-11-06,10,313
Héron,61028,2020-11-07,7,320
Héron,61028,2020-11-08,13,333
Héron,61028,2020-11-09,7,340
Héron,61028,2020-11-10,3,343
Héron,61028,2020-11-11,3,346
Hoei,61031,2020-04-01,1,34
Hoei,61031,2020-04-02,0,34
Hoei,61031,2020-04-03,1,35
Hoei,61031,2020-04-04,5,40
Hoei,61031,2020-04-05,3,43
Hoei,61031,2020-04-06,4,47
Hoei,61031,2020-04-07,5,52
Hoei,61031,2020-04-08,0,52
Hoei,61031,2020-04-09,0,52
Hoei,61031,2020-04-10,8,60
Hoei,61031,2020-04-11,0,60
Hoei,61031,2020-04-12,5,65
Hoei,61031,2020-04-13,3,68
Hoei,61031,2020-04-14,0,68
Hoei,61031,2020-04-15,2,70
Hoei,61031,2020-04-16,4,74
Hoei,61031,2020-04-17,22,96
Hoei,61031,2020-04-18,5,101
Hoei,61031,2020-04-19,1,102
Hoei,61031,2020-04-20,19,121
Hoei,61031,2020-04-21,1,122
Hoei,61031,2020-04-22,5,127
Hoei,61031,2020-04-23,0,127
Hoei,61031,2020-04-24,3,130
Hoei,61031,2020-04-25,0,130
Hoei,61031,2020-04-26,4,134
Hoei,61031,2020-04-27,0,134
Hoei,61031,2020-04-28,1,135
Hoei,61031,2020-04-29,0,135
Hoei,61031,2020-04-30,3,138
Hoei,61031,2020-05-01,0,138
Hoei,61031,2020-05-02,6,144
Hoei,61031,2020-05-03,0,144
Hoei,61031,2020-05-04,2,146
Hoei,61031,2020-05-05,3,149
Hoei,61031,2020-05-06,0,149
Hoei,61031,2020-05-07,4,153
Hoei,61031,2020-05-08,0,153
Hoei,61031,2020-05-09,0,153
Hoei,61031,2020-05-10,1,154
Hoei,61031,2020-05-11,0,154
Hoei,61031,2020-05-12,4,158
Hoei,61031,2020-05-13,-2,156
Hoei,61031,2020-05-14,2,158
Hoei,61031,2020-05-15,0,158
Hoei,61031,2020-05-16,0,158
Hoei,61031,2020-05-17,1,159
Hoei,61031,2020-05-18,3,162
Hoei,61031,2020-05-19,0,162
Hoei,61031,2020-05-20,0,162
Hoei,61031,2020-05-21,0,162
Hoei,61031,2020-05-22,0,162
Hoei,61031,2020-05-23,0,162
Hoei,61031,2020-05-24,0,162
Hoei,61031,2020-05-25,0,162
Hoei,61031,2020-05-26,0,162
Hoei,61031,2020-05-27,0,162
Hoei,61031,2020-05-28,0,162
Hoei,61031,2020-05-29,0,162
Hoei,61031,2020-05-30,0,162
Hoei,61031,2020-05-31,0,162
Hoei,61031,2020-06-01,0,162
Hoei,61031,2020-06-02,0,162
Hoei,61031,2020-06-03,0,162
Hoei,61031,2020-06-04,0,162
Hoei,61031,2020-06-05,0,162
Hoei,61031,2020-06-06,0,162
Hoei,61031,2020-06-07,0,162
Hoei,61031,2020-06-08,0,162
Hoei,61031,2020-06-09,0,162
Hoei,61031,2020-06-10,0,162
Hoei,61031,2020-06-11,1,163
Hoei,61031,2020-06-12,0,163
Hoei,61031,2020-06-13,0,163
Hoei,61031,2020-06-14,0,163
Hoei,61031,2020-06-15,0,163
Hoei,61031,2020-06-16,0,163
Hoei,61031,2020-06-17,0,163
Hoei,61031,2020-06-18,0,163
Hoei,61031,2020-06-19,0,163
Hoei,61031,2020-06-20,0,163
Hoei,61031,2020-06-23,0,163
Hoei,61031,2020-06-24,0,163
Hoei,61031,2020-06-25,0,163
Hoei,61031,2020-06-26,0,163
Hoei,61031,2020-06-27,0,163
Hoei,61031,2020-06-30,0,163
Hoei,61031,2020-07-01,0,163
Hoei,61031,2020-07-02,0,163
Hoei,61031,2020-07-03,0,163
Hoei,61031,2020-07-04,0,163
Hoei,61031,2020-07-07,0,163
Hoei,61031,2020-07-08,0,163
Hoei,61031,2020-07-09,0,163
Hoei,61031,2020-07-10,0,163
Hoei,61031,2020-07-11,0,163
Hoei,61031,2020-07-14,0,163
Hoei,61031,2020-07-15,0,163
Hoei,61031,2020-07-16,1,164
Hoei,61031,2020-07-17,0,164
Hoei,61031,2020-07-18,0,164
Hoei,61031,2020-07-20,1,165
Hoei,61031,2020-07-21,0,165
Hoei,61031,2020-07-22,0,165
Hoei,61031,2020-07-23,0,165
Hoei,61031,2020-07-24,0,165
Hoei,61031,2020-07-25,0,165
Hoei,61031,2020-07-26,0,165
Hoei,61031,2020-07-27,0,165
Hoei,61031,2020-07-28,0,165
Hoei,61031,2020-07-29,0,165
Hoei,61031,2020-07-30,0,165
Hoei,61031,2020-07-31,1,166
Hoei,61031,2020-08-01,1,167
Hoei,61031,2020-08-02,1,168
Hoei,61031,2020-08-03,5,173
Hoei,61031,2020-08-04,0,173
Hoei,61031,2020-08-05,0,173
Hoei,61031,2020-08-06,0,173
Hoei,61031,2020-08-07,0,173
Hoei,61031,2020-08-08,4,177
Hoei,61031,2020-08-09,1,178
Hoei,61031,2020-08-10,0,178
Hoei,61031,2020-08-11,0,178
Hoei,61031,2020-08-12,0,178
Hoei,61031,2020-08-13,0,178
Hoei,61031,2020-08-14,0,178
Hoei,61031,2020-08-15,3,181
Hoei,61031,2020-08-16,0,181
Hoei,61031,2020-08-17,1,182
Hoei,61031,2020-08-18,1,183
Hoei,61031,2020-08-19,0,183
Hoei,61031,2020-08-20,0,183
Hoei,61031,2020-08-21,1,184
Hoei,61031,2020-08-22,3,187
Hoei,61031,2020-08-23,0,187
Hoei,61031,2020-08-24,0,187
Hoei,61031,2020-08-25,0,187
Hoei,61031,2020-08-26,1,188
Hoei,61031,2020-08-27,0,188
Hoei,61031,2020-08-28,0,188
Hoei,61031,2020-08-29,0,188
Hoei,61031,2020-08-30,5,193
Hoei,61031,2020-08-31,0,193
Hoei,61031,2020-09-01,0,193
Hoei,61031,2020-09-02,1,194
Hoei,61031,2020-09-03,0,194
Hoei,61031,2020-09-04,1,195
Hoei,61031,2020-09-05,2,197
Hoei,61031,2020-09-06,0,197
Hoei,61031,2020-09-07,1,198
Hoei,61031,2020-09-08,0,198
Hoei,61031,2020-09-09,0,198
Hoei,61031,2020-09-10,1,199
Hoei,61031,2020-09-11,2,201
Hoei,61031,2020-09-12,1,202
Hoei,61031,2020-09-13,1,203
Hoei,61031,2020-09-14,0,203
Hoei,61031,2020-09-15,5,208
Hoei,61031,2020-09-16,0,208
Hoei,61031,2020-09-17,3,211
Hoei,61031,2020-09-18,4,215
Hoei,61031,2020-09-19,1,216
Hoei,61031,2020-09-20,0,216
Hoei,61031,2020-09-21,7,223
Hoei,61031,2020-09-22,4,227
Hoei,61031,2020-09-23,4,231
Hoei,61031,2020-09-24,2,233
Hoei,61031,2020-09-25,5,238
Hoei,61031,2020-09-26,3,241
Hoei,61031,2020-09-27,7,248
Hoei,61031,2020-09-28,4,252
Hoei,61031,2020-09-29,0,252
Hoei,61031,2020-09-30,1,253
Hoei,61031,2020-10-01,0,253
Hoei,61031,2020-10-02,7,260
Hoei,61031,2020-10-03,10,270
Hoei,61031,2020-10-04,7,277
Hoei,61031,2020-10-05,12,289
Hoei,61031,2020-10-06,2,291
Hoei,61031,2020-10-07,1,292
Hoei,61031,2020-10-08,11,303
Hoei,61031,2020-10-09,12,315
Hoei,61031,2020-10-10,10,325
Hoei,61031,2020-10-11,9,334
Hoei,61031,2020-10-12,11,345
Hoei,61031,2020-10-13,23,368
Hoei,61031,2020-10-14,22,390
Hoei,61031,2020-10-15,18,408
Hoei,61031,2020-10-16,27,435
Hoei,61031,2020-10-17,17,452
Hoei,61031,2020-10-18,41,493
Hoei,61031,2020-10-19,18,511
Hoei,61031,2020-10-20,50,561
Hoei,61031,2020-10-21,14,575
Hoei,61031,2020-10-22,44,619
Hoei,61031,2020-10-23,20,639
Hoei,61031,2020-10-24,60,699
Hoei,61031,2020-10-25,39,738
Hoei,61031,2020-10-26,23,761
Hoei,61031,2020-10-27,76,837
Hoei,61031,2020-10-28,62,899
Hoei,61031,2020-10-29,44,943
Hoei,61031,2020-10-30,78,1021
Hoei,61031,2020-10-31,70,1091
Hoei,61031,2020-11-01,56,1147
Hoei,61031,2020-11-02,55,1202
Hoei,61031,2020-11-03,9,1211
Hoei,61031,2020-11-04,14,1225
Hoei,61031,2020-11-05,27,1252
Hoei,61031,2020-11-06,25,1277
Hoei,61031,2020-11-07,26,1303
Hoei,61031,2020-11-08,10,1313
Hoei,61031,2020-11-09,15,1328
Hoei,61031,2020-11-10,4,1332
Hoei,61031,2020-11-11,10,1342
Marchin,61039,2020-04-01,1,13
Marchin,61039,2020-04-02,0,13
Marchin,61039,2020-04-03,0,13
Marchin,61039,2020-04-04,2,15
Marchin,61039,2020-04-05,0,15
Marchin,61039,2020-04-06,0,15
Marchin,61039,2020-04-07,0,15
Marchin,61039,2020-04-08,0,15
Marchin,61039,2020-04-09,0,15
Marchin,61039,2020-04-10,1,16
Marchin,61039,2020-04-11,1,17
Marchin,61039,2020-04-12,2,19
Marchin,61039,2020-04-13,0,19
Marchin,61039,2020-04-14,0,19
Marchin,61039,2020-04-15,1,20
Marchin,61039,2020-04-16,2,22
Marchin,61039,2020-04-17,2,24
Marchin,61039,2020-04-18,0,24
Marchin,61039,2020-04-19,0,24
Marchin,61039,2020-04-20,2,26
Marchin,61039,2020-04-21,0,26
Marchin,61039,2020-04-22,0,26
Marchin,61039,2020-04-23,1,27
Marchin,61039,2020-04-24,0,27
Marchin,61039,2020-04-25,-1,26
Marchin,61039,2020-04-26,0,26
Marchin,61039,2020-04-27,1,27
Marchin,61039,2020-04-28,1,28
Marchin,61039,2020-04-29,0,28
Marchin,61039,2020-04-30,0,28
Marchin,61039,2020-05-01,0,28
Marchin,61039,2020-05-02,0,28
Marchin,61039,2020-05-03,0,28
Marchin,61039,2020-05-04,0,28
Marchin,61039,2020-05-05,0,28
Marchin,61039,2020-05-06,0,28
Marchin,61039,2020-05-07,1,29
Marchin,61039,2020-05-08,0,29
Marchin,61039,2020-05-09,1,30
Marchin,61039,2020-05-10,0,30
Marchin,61039,2020-05-11,0,30
Marchin,61039,2020-05-12,0,30
Marchin,61039,2020-05-13,0,30
Marchin,61039,2020-05-14,0,30
Marchin,61039,2020-05-15,0,30
Marchin,61039,2020-05-16,0,30
Marchin,61039,2020-05-17,0,30
Marchin,61039,2020-05-18,0,30
Marchin,61039,2020-05-19,0,30
Marchin,61039,2020-05-20,0,30
Marchin,61039,2020-05-21,0,30
Marchin,61039,2020-05-22,0,30
Marchin,61039,2020-05-23,0,30
Marchin,61039,2020-05-24,0,30
Marchin,61039,2020-05-25,0,30
Marchin,61039,2020-05-26,0,30
Marchin,61039,2020-05-27,0,30
Marchin,61039,2020-05-28,0,30
Marchin,61039,2020-05-29,0,30
Marchin,61039,2020-05-30,0,30
Marchin,61039,2020-05-31,0,30
Marchin,61039,2020-06-01,0,30
Marchin,61039,2020-06-02,0,30
Marchin,61039,2020-06-03,0,30
Marchin,61039,2020-06-04,0,30
Marchin,61039,2020-06-05,0,30
Marchin,61039,2020-06-06,0,30
Marchin,61039,2020-06-07,0,30
Marchin,61039,2020-06-08,0,30
Marchin,61039,2020-06-09,0,30
Marchin,61039,2020-06-10,0,30
Marchin,61039,2020-06-11,0,30
Marchin,61039,2020-06-12,0,30
Marchin,61039,2020-06-13,0,30
Marchin,61039,2020-06-14,0,30
Marchin,61039,2020-06-15,0,30
Marchin,61039,2020-06-16,0,30
Marchin,61039,2020-06-17,0,30
Marchin,61039,2020-06-18,0,30
Marchin,61039,2020-06-19,0,30
Marchin,61039,2020-06-20,0,30
Marchin,61039,2020-06-23,0,30
Marchin,61039,2020-06-24,0,30
Marchin,61039,2020-06-25,0,30
Marchin,61039,2020-06-26,0,30
Marchin,61039,2020-06-27,0,30
Marchin,61039,2020-06-30,0,30
Marchin,61039,2020-07-01,0,30
Marchin,61039,2020-07-02,0,30
Marchin,61039,2020-07-03,0,30
Marchin,61039,2020-07-04,0,30
Marchin,61039,2020-07-07,0,30
Marchin,61039,2020-07-08,0,30
Marchin,61039,2020-07-09,0,30
Marchin,61039,2020-07-10,0,30
Marchin,61039,2020-07-11,0,30
Marchin,61039,2020-07-14,0,30
Marchin,61039,2020-07-15,0,30
Marchin,61039,2020-07-16,0,30
Marchin,61039,2020-07-17,0,30
Marchin,61039,2020-07-18,0,30
Marchin,61039,2020-07-20,0,30
Marchin,61039,2020-07-21,0,30
Marchin,61039,2020-07-22,0,30
Marchin,61039,2020-07-23,0,30
Marchin,61039,2020-07-24,0,30
Marchin,61039,2020-07-25,0,30
Marchin,61039,2020-07-26,0,30
Marchin,61039,2020-07-27,0,30
Marchin,61039,2020-07-28,0,30
Marchin,61039,2020-07-29,0,30
Marchin,61039,2020-07-30,0,30
Marchin,61039,2020-07-31,0,30
Marchin,61039,2020-08-01,0,30
Marchin,61039,2020-08-02,1,31
Marchin,61039,2020-08-03,0,31
Marchin,61039,2020-08-04,0,31
Marchin,61039,2020-08-05,0,31
Marchin,61039,2020-08-06,0,31
Marchin,61039,2020-08-07,0,31
Marchin,61039,2020-08-08,0,31
Marchin,61039,2020-08-09,0,31
Marchin,61039,2020-08-10,0,31
Marchin,61039,2020-08-11,0,31
Marchin,61039,2020-08-12,0,31
Marchin,61039,2020-08-13,0,31
Marchin,61039,2020-08-14,0,31
Marchin,61039,2020-08-15,0,31
Marchin,61039,2020-08-16,0,31
Marchin,61039,2020-08-17,0,31
Marchin,61039,2020-08-18,0,31
Marchin,61039,2020-08-19,0,31
Marchin,61039,2020-08-20,0,31
Marchin,61039,2020-08-21,0,31
Marchin,61039,2020-08-22,0,31
Marchin,61039,2020-08-23,0,31
Marchin,61039,2020-08-24,0,31
Marchin,61039,2020-08-25,0,31
Marchin,61039,2020-08-26,0,31
Marchin,61039,2020-08-27,0,31
Marchin,61039,2020-08-28,1,32
Marchin,61039,2020-08-29,0,32
Marchin,61039,2020-08-30,0,32
Marchin,61039,2020-08-31,0,32
Marchin,61039,2020-09-01,0,32
Marchin,61039,2020-09-02,0,32
Marchin,61039,2020-09-03,0,32
Marchin,61039,2020-09-04,0,32
Marchin,61039,2020-09-05,0,32
Marchin,61039,2020-09-06,0,32
Marchin,61039,2020-09-07,0,32
Marchin,61039,2020-09-08,0,32
Marchin,61039,2020-09-09,0,32
Marchin,61039,2020-09-10,0,32
Marchin,61039,2020-09-11,0,32
Marchin,61039,2020-09-12,0,32
Marchin,61039,2020-09-13,0,32
Marchin,61039,2020-09-14,0,32
Marchin,61039,2020-09-15,0,32
Marchin,61039,2020-09-16,1,33
Marchin,61039,2020-09-17,0,33
Marchin,61039,2020-09-18,0,33
Marchin,61039,2020-09-19,1,34
Marchin,61039,2020-09-20,0,34
Marchin,61039,2020-09-21,1,35
Marchin,61039,2020-09-22,0,35
Marchin,61039,2020-09-23,1,36
Marchin,61039,2020-09-24,0,36
Marchin,61039,2020-09-25,2,38
Marchin,61039,2020-09-26,0,38
Marchin,61039,2020-09-27,2,40
Marchin,61039,2020-09-28,2,42
Marchin,61039,2020-09-29,1,43
Marchin,61039,2020-09-30,3,46
Marchin,61039,2020-10-01,0,46
Marchin,61039,2020-10-02,1,47
Marchin,61039,2020-10-03,4,51
Marchin,61039,2020-10-04,2,53
Marchin,61039,2020-10-05,0,53
Marchin,61039,2020-10-06,1,54
Marchin,61039,2020-10-07,3,57
Marchin,61039,2020-10-08,3,60
Marchin,61039,2020-10-09,1,61
Marchin,61039,2020-10-10,1,62
Marchin,61039,2020-10-11,4,66
Marchin,61039,2020-10-12,7,73
Marchin,61039,2020-10-13,1,74
Marchin,61039,2020-10-14,6,80
Marchin,61039,2020-10-15,3,83
Marchin,61039,2020-10-16,6,89
Marchin,61039,2020-10-17,10,99
Marchin,61039,2020-10-18,7,106
Marchin,61039,2020-10-19,8,114
Marchin,61039,2020-10-20,14,128
Marchin,61039,2020-10-21,4,132
Marchin,61039,2020-10-22,11,143
Marchin,61039,2020-10-23,9,152
Marchin,61039,2020-10-24,10,162
Marchin,61039,2020-10-25,10,172
Marchin,61039,2020-10-26,13,185
Marchin,61039,2020-10-27,17,202
Marchin,61039,2020-10-28,16,218
Marchin,61039,2020-10-29,17,235
Marchin,61039,2020-10-30,28,263
Marchin,61039,2020-10-31,17,280
Marchin,61039,2020-11-01,18,298
Marchin,61039,2020-11-02,13,311
Marchin,61039,2020-11-03,6,317
Marchin,61039,2020-11-04,0,317
Marchin,61039,2020-11-05,14,331
Marchin,61039,2020-11-06,11,342
Marchin,61039,2020-11-07,6,348
Marchin,61039,2020-11-08,2,350
Marchin,61039,2020-11-09,3,353
Marchin,61039,2020-11-10,1,354
Marchin,61039,2020-11-11,4,358
Modave,61041,2020-04-01,0,0
Modave,61041,2020-04-02,0,0
Modave,61041,2020-04-03,0,0
Modave,61041,2020-04-04,0,0
Modave,61041,2020-04-05,0,0
Modave,61041,2020-04-06,0,0
Modave,61041,2020-04-07,5,5
Modave,61041,2020-04-08,0,5
Modave,61041,2020-04-09,0,5
Modave,61041,2020-04-10,1,6
Modave,61041,2020-04-11,1,7
Modave,61041,2020-04-12,0,7
Modave,61041,2020-04-13,0,7
Modave,61041,2020-04-14,1,8
Modave,61041,2020-04-15,0,8
Modave,61041,2020-04-16,0,8
Modave,61041,2020-04-17,1,9
Modave,61041,2020-04-18,1,10
Modave,61041,2020-04-19,0,10
Modave,61041,2020-04-20,1,11
Modave,61041,2020-04-21,0,11
Modave,61041,2020-04-22,0,11
Modave,61041,2020-04-23,0,11
Modave,61041,2020-04-24,1,12
Modave,61041,2020-04-25,1,13
Modave,61041,2020-04-26,0,13
Modave,61041,2020-04-27,0,13
Modave,61041,2020-04-28,0,13
Modave,61041,2020-04-29,0,13
Modave,61041,2020-04-30,0,13
Modave,61041,2020-05-01,0,13
Modave,61041,2020-05-02,0,13
Modave,61041,2020-05-03,0,13
Modave,61041,2020-05-04,0,13
Modave,61041,2020-05-05,0,13
Modave,61041,2020-05-06,0,13
Modave,61041,2020-05-07,0,13
Modave,61041,2020-05-08,0,13
Modave,61041,2020-05-09,0,13
Modave,61041,2020-05-10,0,13
Modave,61041,2020-05-11,0,13
Modave,61041,2020-05-12,0,13
Modave,61041,2020-05-13,0,13
Modave,61041,2020-05-14,0,13
Modave,61041,2020-05-15,0,13
Modave,61041,2020-05-16,0,13
Modave,61041,2020-05-17,0,13
Modave,61041,2020-05-18,0,13
Modave,61041,2020-05-19,0,13
Modave,61041,2020-05-20,0,13
Modave,61041,2020-05-21,0,13
Modave,61041,2020-05-22,0,13
Modave,61041,2020-05-23,0,13
Modave,61041,2020-05-24,0,13
Modave,61041,2020-05-25,0,13
Modave,61041,2020-05-26,0,13
Modave,61041,2020-05-27,0,13
Modave,61041,2020-05-28,0,13
Modave,61041,2020-05-29,0,13
Modave,61041,2020-05-30,0,13
Modave,61041,2020-05-31,0,13
Modave,61041,2020-06-01,0,13
Modave,61041,2020-06-02,0,13
Modave,61041,2020-06-03,0,13
Modave,61041,2020-06-04,0,13
Modave,61041,2020-06-05,0,13
Modave,61041,2020-06-06,0,13
Modave,61041,2020-06-07,0,13
Modave,61041,2020-06-08,0,13
Modave,61041,2020-06-09,0,13
Modave,61041,2020-06-10,0,13
Modave,61041,2020-06-11,0,13
Modave,61041,2020-06-12,0,13
Modave,61041,2020-06-13,0,13
Modave,61041,2020-06-14,0,13
Modave,61041,2020-06-15,0,13
Modave,61041,2020-06-16,0,13
Modave,61041,2020-06-17,0,13
Modave,61041,2020-06-18,0,13
Modave,61041,2020-06-19,0,13
Modave,61041,2020-06-20,0,13
Modave,61041,2020-06-23,0,13
Modave,61041,2020-06-24,0,13
Modave,61041,2020-06-25,0,13
Modave,61041,2020-06-26,0,13
Modave,61041,2020-06-27,0,13
Modave,61041,2020-06-30,0,13
Modave,61041,2020-07-01,0,13
Modave,61041,2020-07-02,0,13
Modave,61041,2020-07-03,0,13
Modave,61041,2020-07-04,0,13
Modave,61041,2020-07-07,0,13
Modave,61041,2020-07-08,0,13
Modave,61041,2020-07-09,0,13
Modave,61041,2020-07-10,0,13
Modave,61041,2020-07-11,0,13
Modave,61041,2020-07-14,0,13
Modave,61041,2020-07-15,0,13
Modave,61041,2020-07-16,0,13
Modave,61041,2020-07-17,0,13
Modave,61041,2020-07-18,0,13
Modave,61041,2020-07-20,0,13
Modave,61041,2020-07-21,0,13
Modave,61041,2020-07-22,0,13
Modave,61041,2020-07-23,0,13
Modave,61041,2020-07-24,0,13
Modave,61041,2020-07-25,0,13
Modave,61041,2020-07-26,0,13
Modave,61041,2020-07-27,0,13
Modave,61041,2020-07-28,0,13
Modave,61041,2020-07-29,0,13
Modave,61041,2020-07-30,0,13
Modave,61041,2020-07-31,0,13
Modave,61041,2020-08-01,0,13
Modave,61041,2020-08-02,0,13
Modave,61041,2020-08-03,0,13
Modave,61041,2020-08-04,0,13
Modave,61041,2020-08-05,0,13
Modave,61041,2020-08-06,0,13
Modave,61041,2020-08-07,0,13
Modave,61041,2020-08-08,1,14
Modave,61041,2020-08-09,0,14
Modave,61041,2020-08-10,0,14
Modave,61041,2020-08-11,0,14
Modave,61041,2020-08-12,0,14
Modave,61041,2020-08-13,0,14
Modave,61041,2020-08-14,0,14
Modave,61041,2020-08-15,0,14
Modave,61041,2020-08-16,0,14
Modave,61041,2020-08-17,0,14
Modave,61041,2020-08-18,0,14
Modave,61041,2020-08-19,0,14
Modave,61041,2020-08-20,0,14
Modave,61041,2020-08-21,0,14
Modave,61041,2020-08-22,0,14
Modave,61041,2020-08-23,0,14
Modave,61041,2020-08-24,0,14
Modave,61041,2020-08-25,0,14
Modave,61041,2020-08-26,0,14
Modave,61041,2020-08-27,0,14
Modave,61041,2020-08-28,0,14
Modave,61041,2020-08-29,0,14
Modave,61041,2020-08-30,0,14
Modave,61041,2020-08-31,0,14
Modave,61041,2020-09-01,0,14
Modave,61041,2020-09-02,0,14
Modave,61041,2020-09-03,0,14
Modave,61041,2020-09-04,0,14
Modave,61041,2020-09-05,0,14
Modave,61041,2020-09-06,1,15
Modave,61041,2020-09-07,0,15
Modave,61041,2020-09-08,0,15
Modave,61041,2020-09-09,0,15
Modave,61041,2020-09-10,0,15
Modave,61041,2020-09-11,0,15
Modave,61041,2020-09-12,0,15
Modave,61041,2020-09-13,3,18
Modave,61041,2020-09-14,0,18
Modave,61041,2020-09-15,1,19
Modave,61041,2020-09-16,0,19
Modave,61041,2020-09-17,1,20
Modave,61041,2020-09-18,1,21
Modave,61041,2020-09-19,1,22
Modave,61041,2020-09-20,4,26
Modave,61041,2020-09-21,1,27
Modave,61041,2020-09-22,0,27
Modave,61041,2020-09-23,1,28
Modave,61041,2020-09-24,0,28
Modave,61041,2020-09-25,0,28
Modave,61041,2020-09-26,1,29
Modave,61041,2020-09-27,1,30
Modave,61041,2020-09-28,1,31
Modave,61041,2020-09-29,2,33
Modave,61041,2020-09-30,1,34
Modave,61041,2020-10-01,2,36
Modave,61041,2020-10-02,2,38
Modave,61041,2020-10-03,0,38
Modave,61041,2020-10-04,1,39
Modave,61041,2020-10-05,2,41
Modave,61041,2020-10-06,0,41
Modave,61041,2020-10-07,5,46
Modave,61041,2020-10-08,3,49
Modave,61041,2020-10-09,2,51
Modave,61041,2020-10-10,2,53
Modave,61041,2020-10-11,7,60
Modave,61041,2020-10-12,1,61
Modave,61041,2020-10-13,1,62
Modave,61041,2020-10-14,4,66
Modave,61041,2020-10-15,6,72
Modave,61041,2020-10-16,5,77
Modave,61041,2020-10-17,3,80
Modave,61041,2020-10-18,6,86
Modave,61041,2020-10-19,1,87
Modave,61041,2020-10-20,5,92
Modave,61041,2020-10-21,3,95
Modave,61041,2020-10-22,5,100
Modave,61041,2020-10-23,7,107
Modave,61041,2020-10-24,8,115
Modave,61041,2020-10-25,7,122
Modave,61041,2020-10-26,6,128
Modave,61041,2020-10-27,16,144
Modave,61041,2020-10-28,9,153
Modave,61041,2020-10-29,17,170
Modave,61041,2020-10-30,33,203
Modave,61041,2020-10-31,23,226
Modave,61041,2020-11-01,14,240
Modave,61041,2020-11-02,8,248
Modave,61041,2020-11-03,5,253
Modave,61041,2020-11-04,12,265
Modave,61041,2020-11-05,6,271
Modave,61041,2020-11-06,8,279
Modave,61041,2020-11-07,9,288
Modave,61041,2020-11-08,3,291
Modave,61041,2020-11-09,1,292
Modave,61041,2020-11-10,1,293
Modave,61041,2020-11-11,4,297
Nandrin,61043,2020-04-01,4,16
Nandrin,61043,2020-04-02,1,17
Nandrin,61043,2020-04-03,0,17
Nandrin,61043,2020-04-04,1,18
Nandrin,61043,2020-04-05,0,18
Nandrin,61043,2020-04-06,0,18
Nandrin,61043,2020-04-07,5,23
Nandrin,61043,2020-04-08,0,23
Nandrin,61043,2020-04-09,3,26
Nandrin,61043,2020-04-10,0,26
Nandrin,61043,2020-04-11,1,27
Nandrin,61043,2020-04-12,0,27
Nandrin,61043,2020-04-13,2,29
Nandrin,61043,2020-04-14,1,30
Nandrin,61043,2020-04-15,0,30
Nandrin,61043,2020-04-16,1,31
Nandrin,61043,2020-04-17,1,32
Nandrin,61043,2020-04-18,0,32
Nandrin,61043,2020-04-19,0,32
Nandrin,61043,2020-04-20,0,32
Nandrin,61043,2020-04-21,0,32
Nandrin,61043,2020-04-22,0,32
Nandrin,61043,2020-04-23,0,32
Nandrin,61043,2020-04-24,0,32
Nandrin,61043,2020-04-25,3,35
Nandrin,61043,2020-04-26,0,35
Nandrin,61043,2020-04-27,0,35
Nandrin,61043,2020-04-28,0,35
Nandrin,61043,2020-04-29,0,35
Nandrin,61043,2020-04-30,1,36
Nandrin,61043,2020-05-01,0,36
Nandrin,61043,2020-05-02,0,36
Nandrin,61043,2020-05-03,0,36
Nandrin,61043,2020-05-04,0,36
Nandrin,61043,2020-05-05,0,36
Nandrin,61043,2020-05-06,0,36
Nandrin,61043,2020-05-07,0,36
Nandrin,61043,2020-05-08,0,36
Nandrin,61043,2020-05-09,0,36
Nandrin,61043,2020-05-10,0,36
Nandrin,61043,2020-05-11,0,36
Nandrin,61043,2020-05-12,0,36
Nandrin,61043,2020-05-13,0,36
Nandrin,61043,2020-05-14,0,36
Nandrin,61043,2020-05-15,0,36
Nandrin,61043,2020-05-16,0,36
Nandrin,61043,2020-05-17,0,36
Nandrin,61043,2020-05-18,2,38
Nandrin,61043,2020-05-19,0,38
Nandrin,61043,2020-05-20,0,38
Nandrin,61043,2020-05-21,0,38
Nandrin,61043,2020-05-22,0,38
Nandrin,61043,2020-05-23,0,38
Nandrin,61043,2020-05-24,0,38
Nandrin,61043,2020-05-25,0,38
Nandrin,61043,2020-05-26,0,38
Nandrin,61043,2020-05-27,0,38
Nandrin,61043,2020-05-28,0,38
Nandrin,61043,2020-05-29,0,38
Nandrin,61043,2020-05-30,0,38
Nandrin,61043,2020-05-31,0,38
Nandrin,61043,2020-06-01,0,38
Nandrin,61043,2020-06-02,0,38
Nandrin,61043,2020-06-03,0,38
Nandrin,61043,2020-06-04,0,38
Nandrin,61043,2020-06-05,0,38
Nandrin,61043,2020-06-06,0,38
Nandrin,61043,2020-06-07,0,38
Nandrin,61043,2020-06-08,0,38
Nandrin,61043,2020-06-09,0,38
Nandrin,61043,2020-06-10,0,38
Nandrin,61043,2020-06-11,0,38
Nandrin,61043,2020-06-12,0,38
Nandrin,61043,2020-06-13,0,38
Nandrin,61043,2020-06-14,0,38
Nandrin,61043,2020-06-15,0,38
Nandrin,61043,2020-06-16,0,38
Nandrin,61043,2020-06-17,0,38
Nandrin,61043,2020-06-18,0,38
Nandrin,61043,2020-06-19,0,38
Nandrin,61043,2020-06-20,0,38
Nandrin,61043,2020-06-23,0,38
Nandrin,61043,2020-06-24,0,38
Nandrin,61043,2020-06-25,0,38
Nandrin,61043,2020-06-26,0,38
Nandrin,61043,2020-06-27,0,38
Nandrin,61043,2020-06-30,0,38
Nandrin,61043,2020-07-01,0,38
Nandrin,61043,2020-07-02,0,38
Nandrin,61043,2020-07-03,0,38
Nandrin,61043,2020-07-04,0,38
Nandrin,61043,2020-07-07,0,38
Nandrin,61043,2020-07-08,0,38
Nandrin,61043,2020-07-09,0,38
Nandrin,61043,2020-07-10,0,38
Nandrin,61043,2020-07-11,0,38
Nandrin,61043,2020-07-14,0,38
Nandrin,61043,2020-07-15,0,38
Nandrin,61043,2020-07-16,0,38
Nandrin,61043,2020-07-17,0,38
Nandrin,61043,2020-07-18,1,39
Nandrin,61043,2020-07-20,0,39
Nandrin,61043,2020-07-21,0,39
Nandrin,61043,2020-07-22,0,39
Nandrin,61043,2020-07-23,0,39
Nandrin,61043,2020-07-24,0,39
Nandrin,61043,2020-07-25,0,39
Nandrin,61043,2020-07-26,0,39
Nandrin,61043,2020-07-27,0,39
Nandrin,61043,2020-07-28,0,39
Nandrin,61043,2020-07-29,0,39
Nandrin,61043,2020-07-30,0,39
Nandrin,61043,2020-07-31,0,39
Nandrin,61043,2020-08-01,1,40
Nandrin,61043,2020-08-02,0,40
Nandrin,61043,2020-08-03,1,41
Nandrin,61043,2020-08-04,0,41
Nandrin,61043,2020-08-05,0,41
Nandrin,61043,2020-08-06,0,41
Nandrin,61043,2020-08-07,0,41
Nandrin,61043,2020-08-08,0,41
Nandrin,61043,2020-08-09,1,42
Nandrin,61043,2020-08-10,0,42
Nandrin,61043,2020-08-11,0,42
Nandrin,61043,2020-08-12,0,42
Nandrin,61043,2020-08-13,0,42
Nandrin,61043,2020-08-14,0,42
Nandrin,61043,2020-08-15,1,43
Nandrin,61043,2020-08-16,0,43
Nandrin,61043,2020-08-17,0,43
Nandrin,61043,2020-08-18,0,43
Nandrin,61043,2020-08-19,1,44
Nandrin,61043,2020-08-20,0,44
Nandrin,61043,2020-08-21,0,44
Nandrin,61043,2020-08-22,0,44
Nandrin,61043,2020-08-23,0,44
Nandrin,61043,2020-08-24,0,44
Nandrin,61043,2020-08-25,0,44
Nandrin,61043,2020-08-26,1,45
Nandrin,61043,2020-08-27,0,45
Nandrin,61043,2020-08-28,0,45
Nandrin,61043,2020-08-29,0,45
Nandrin,61043,2020-08-30,0,45
Nandrin,61043,2020-08-31,0,45
Nandrin,61043,2020-09-01,0,45
Nandrin,61043,2020-09-02,0,45
Nandrin,61043,2020-09-03,0,45
Nandrin,61043,2020-09-04,0,45
Nandrin,61043,2020-09-05,0,45
Nandrin,61043,2020-09-06,0,45
Nandrin,61043,2020-09-07,0,45
Nandrin,61043,2020-09-08,0,45
Nandrin,61043,2020-09-09,0,45
Nandrin,61043,2020-09-10,0,45
Nandrin,61043,2020-09-11,0,45
Nandrin,61043,2020-09-12,0,45
Nandrin,61043,2020-09-13,1,46
Nandrin,61043,2020-09-14,0,46
Nandrin,61043,2020-09-15,3,49
Nandrin,61043,2020-09-16,3,52
Nandrin,61043,2020-09-17,0,52
Nandrin,61043,2020-09-18,2,54
Nandrin,61043,2020-09-19,0,54
Nandrin,61043,2020-09-20,1,55
Nandrin,61043,2020-09-21,2,57
Nandrin,61043,2020-09-22,0,57
Nandrin,61043,2020-09-23,3,60
Nandrin,61043,2020-09-24,3,63
Nandrin,61043,2020-09-25,0,63
Nandrin,61043,2020-09-26,2,65
Nandrin,61043,2020-09-27,2,67
Nandrin,61043,2020-09-28,1,68
Nandrin,61043,2020-09-29,0,68
Nandrin,61043,2020-09-30,1,69
Nandrin,61043,2020-10-01,0,69
Nandrin,61043,2020-10-02,1,70
Nandrin,61043,2020-10-03,1,71
Nandrin,61043,2020-10-04,1,72
Nandrin,61043,2020-10-05,3,75
Nandrin,61043,2020-10-06,0,75
Nandrin,61043,2020-10-07,0,75
Nandrin,61043,2020-10-08,7,82
Nandrin,61043,2020-10-09,5,87
Nandrin,61043,2020-10-10,5,92
Nandrin,61043,2020-10-11,6,98
Nandrin,61043,2020-10-12,5,103
Nandrin,61043,2020-10-13,1,104
Nandrin,61043,2020-10-14,15,119
Nandrin,61043,2020-10-15,15,134
Nandrin,61043,2020-10-16,7,141
Nandrin,61043,2020-10-17,13,154
Nandrin,61043,2020-10-18,15,169
Nandrin,61043,2020-10-19,7,176
Nandrin,61043,2020-10-20,11,187
Nandrin,61043,2020-10-21,6,193
Nandrin,61043,2020-10-22,9,202
Nandrin,61043,2020-10-23,11,213
Nandrin,61043,2020-10-24,26,239
Nandrin,61043,2020-10-25,8,247
Nandrin,61043,2020-10-26,10,257
Nandrin,61043,2020-10-27,26,283
Nandrin,61043,2020-10-28,27,310
Nandrin,61043,2020-10-29,22,332
Nandrin,61043,2020-10-30,29,361
Nandrin,61043,2020-10-31,52,413
Nandrin,61043,2020-11-01,12,425
Nandrin,61043,2020-11-02,6,431
Nandrin,61043,2020-11-03,4,435
Nandrin,61043,2020-11-04,3,438
Nandrin,61043,2020-11-05,10,448
Nandrin,61043,2020-11-06,15,463
Nandrin,61043,2020-11-07,6,469
Nandrin,61043,2020-11-08,7,476
Nandrin,61043,2020-11-09,1,477
Nandrin,61043,2020-11-10,0,477
Nandrin,61043,2020-11-11,5,482
Ouffet,61048,2020-04-01,0,0
Ouffet,61048,2020-04-02,5,5
Ouffet,61048,2020-04-03,0,5
Ouffet,61048,2020-04-04,0,5
Ouffet,61048,2020-04-05,0,5
Ouffet,61048,2020-04-06,0,5
Ouffet,61048,2020-04-07,0,5
Ouffet,61048,2020-04-08,0,5
Ouffet,61048,2020-04-09,0,5
Ouffet,61048,2020-04-10,0,5
Ouffet,61048,2020-04-11,0,5
Ouffet,61048,2020-04-12,0,5
Ouffet,61048,2020-04-13,0,5
Ouffet,61048,2020-04-14,0,5
Ouffet,61048,2020-04-15,0,5
Ouffet,61048,2020-04-16,0,5
Ouffet,61048,2020-04-17,0,5
Ouffet,61048,2020-04-18,1,6
Ouffet,61048,2020-04-19,0,6
Ouffet,61048,2020-04-20,0,6
Ouffet,61048,2020-04-21,0,6
Ouffet,61048,2020-04-22,0,6
Ouffet,61048,2020-04-23,0,6
Ouffet,61048,2020-04-24,0,6
Ouffet,61048,2020-04-25,0,6
Ouffet,61048,2020-04-26,0,6
Ouffet,61048,2020-04-27,0,6
Ouffet,61048,2020-04-28,0,6
Ouffet,61048,2020-04-29,0,6
Ouffet,61048,2020-04-30,0,6
Ouffet,61048,2020-05-01,0,6
Ouffet,61048,2020-05-02,0,6
Ouffet,61048,2020-05-03,0,6
Ouffet,61048,2020-05-04,0,6
Ouffet,61048,2020-05-05,0,6
Ouffet,61048,2020-05-06,0,6
Ouffet,61048,2020-05-07,0,6
Ouffet,61048,2020-05-08,0,6
Ouffet,61048,2020-05-09,0,6
Ouffet,61048,2020-05-10,0,6
Ouffet,61048,2020-05-11,0,6
Ouffet,61048,2020-05-12,1,7
Ouffet,61048,2020-05-13,0,7
Ouffet,61048,2020-05-14,1,8
Ouffet,61048,2020-05-15,0,8
Ouffet,61048,2020-05-16,0,8
Ouffet,61048,2020-05-17,0,8
Ouffet,61048,2020-05-18,1,9
Ouffet,61048,2020-05-19,0,9
Ouffet,61048,2020-05-20,0,9
Ouffet,61048,2020-05-21,0,9
Ouffet,61048,2020-05-22,0,9
Ouffet,61048,2020-05-23,0,9
Ouffet,61048,2020-05-24,0,9
Ouffet,61048,2020-05-25,0,9
Ouffet,61048,2020-05-26,0,9
Ouffet,61048,2020-05-27,0,9
Ouffet,61048,2020-05-28,0,9
Ouffet,61048,2020-05-29,0,9
Ouffet,61048,2020-05-30,0,9
Ouffet,61048,2020-05-31,0,9
Ouffet,61048,2020-06-01,0,9
Ouffet,61048,2020-06-02,0,9
Ouffet,61048,2020-06-03,0,9
Ouffet,61048,2020-06-04,0,9
Ouffet,61048,2020-06-05,0,9
Ouffet,61048,2020-06-06,0,9
Ouffet,61048,2020-06-07,0,9
Ouffet,61048,2020-06-08,0,9
Ouffet,61048,2020-06-09,0,9
Ouffet,61048,2020-06-10,0,9
Ouffet,61048,2020-06-11,0,9
Ouffet,61048,2020-06-12,0,9
Ouffet,61048,2020-06-13,0,9
Ouffet,61048,2020-06-14,0,9
Ouffet,61048,2020-06-15,0,9
Ouffet,61048,2020-06-16,0,9
Ouffet,61048,2020-06-17,0,9
Ouffet,61048,2020-06-18,0,9
Ouffet,61048,2020-06-19,0,9
Ouffet,61048,2020-06-20,0,9
Ouffet,61048,2020-06-23,2,11
Ouffet,61048,2020-06-24,0,11
Ouffet,61048,2020-06-25,0,11
Ouffet,61048,2020-06-26,0,11
Ouffet,61048,2020-06-27,0,11
Ouffet,61048,2020-06-30,0,11
Ouffet,61048,2020-07-01,0,11
Ouffet,61048,2020-07-02,0,11
Ouffet,61048,2020-07-03,0,11
Ouffet,61048,2020-07-04,0,11
Ouffet,61048,2020-07-07,0,11
Ouffet,61048,2020-07-08,0,11
Ouffet,61048,2020-07-09,0,11
Ouffet,61048,2020-07-10,0,11
Ouffet,61048,2020-07-11,0,11
Ouffet,61048,2020-07-14,0,11
Ouffet,61048,2020-07-15,0,11
Ouffet,61048,2020-07-16,0,11
Ouffet,61048,2020-07-17,0,11
Ouffet,61048,2020-07-18,0,11
Ouffet,61048,2020-07-20,0,11
Ouffet,61048,2020-07-21,0,11
Ouffet,61048,2020-07-22,0,11
Ouffet,61048,2020-07-23,0,11
Ouffet,61048,2020-07-24,0,11
Ouffet,61048,2020-07-25,0,11
Ouffet,61048,2020-07-26,0,11
Ouffet,61048,2020-07-27,0,11
Ouffet,61048,2020-07-28,0,11
Ouffet,61048,2020-07-29,0,11
Ouffet,61048,2020-07-30,0,11
Ouffet,61048,2020-07-31,0,11
Ouffet,61048,2020-08-01,0,11
Ouffet,61048,2020-08-02,0,11
Ouffet,61048,2020-08-03,0,11
Ouffet,61048,2020-08-04,0,11
Ouffet,61048,2020-08-05,0,11
Ouffet,61048,2020-08-06,0,11
Ouffet,61048,2020-08-07,1,12
Ouffet,61048,2020-08-08,0,12
Ouffet,61048,2020-08-09,0,12
Ouffet,61048,2020-08-10,0,12
Ouffet,61048,2020-08-11,0,12
Ouffet,61048,2020-08-12,0,12
Ouffet,61048,2020-08-13,0,12
Ouffet,61048,2020-08-14,0,12
Ouffet,61048,2020-08-15,0,12
Ouffet,61048,2020-08-16,0,12
Ouffet,61048,2020-08-17,0,12
Ouffet,61048,2020-08-18,0,12
Ouffet,61048,2020-08-19,0,12
Ouffet,61048,2020-08-20,0,12
Ouffet,61048,2020-08-21,0,12
Ouffet,61048,2020-08-22,0,12
Ouffet,61048,2020-08-23,0,12
Ouffet,61048,2020-08-24,0,12
Ouffet,61048,2020-08-25,0,12
Ouffet,61048,2020-08-26,0,12
Ouffet,61048,2020-08-27,0,12
Ouffet,61048,2020-08-28,0,12
Ouffet,61048,2020-08-29,0,12
Ouffet,61048,2020-08-30,0,12
Ouffet,61048,2020-08-31,0,12
Ouffet,61048,2020-09-01,0,12
Ouffet,61048,2020-09-02,0,12
Ouffet,61048,2020-09-03,0,12
Ouffet,61048,2020-09-04,0,12
Ouffet,61048,2020-09-05,0,12
Ouffet,61048,2020-09-06,0,12
Ouffet,61048,2020-09-07,0,12
Ouffet,61048,2020-09-08,0,12
Ouffet,61048,2020-09-09,0,12
Ouffet,61048,2020-09-10,0,12
Ouffet,61048,2020-09-11,0,12
Ouffet,61048,2020-09-12,0,12
Ouffet,61048,2020-09-13,0,12
Ouffet,61048,2020-09-14,0,12
Ouffet,61048,2020-09-15,0,12
Ouffet,61048,2020-09-16,0,12
Ouffet,61048,2020-09-17,2,14
Ouffet,61048,2020-09-18,1,15
Ouffet,61048,2020-09-19,0,15
Ouffet,61048,2020-09-20,1,16
Ouffet,61048,2020-09-21,1,17
Ouffet,61048,2020-09-22,0,17
Ouffet,61048,2020-09-23,0,17
Ouffet,61048,2020-09-24,1,18
Ouffet,61048,2020-09-25,0,18
Ouffet,61048,2020-09-26,2,20
Ouffet,61048,2020-09-27,0,20
Ouffet,61048,2020-09-28,1,21
Ouffet,61048,2020-09-29,0,21
Ouffet,61048,2020-09-30,2,23
Ouffet,61048,2020-10-01,0,23
Ouffet,61048,2020-10-02,3,26
Ouffet,61048,2020-10-03,1,27
Ouffet,61048,2020-10-04,3,30
Ouffet,61048,2020-10-05,3,33
Ouffet,61048,2020-10-06,1,34
Ouffet,61048,2020-10-07,3,37
Ouffet,61048,2020-10-08,4,41
Ouffet,61048,2020-10-09,2,43
Ouffet,61048,2020-10-10,5,48
Ouffet,61048,2020-10-11,12,60
Ouffet,61048,2020-10-12,1,61
Ouffet,61048,2020-10-13,1,62
Ouffet,61048,2020-10-14,7,69
Ouffet,61048,2020-10-15,8,77
Ouffet,61048,2020-10-16,2,79
Ouffet,61048,2020-10-17,7,86
Ouffet,61048,2020-10-18,2,88
Ouffet,61048,2020-10-19,11,99
Ouffet,61048,2020-10-20,1,100
Ouffet,61048,2020-10-21,4,104
Ouffet,61048,2020-10-22,6,110
Ouffet,61048,2020-10-23,8,118
Ouffet,61048,2020-10-24,8,126
Ouffet,61048,2020-10-25,5,131
Ouffet,61048,2020-10-26,8,139
Ouffet,61048,2020-10-27,7,146
Ouffet,61048,2020-10-28,8,154
Ouffet,61048,2020-10-29,9,163
Ouffet,61048,2020-10-30,14,177
Ouffet,61048,2020-10-31,11,188
Ouffet,61048,2020-11-01,15,203
Ouffet,61048,2020-11-02,4,207
Ouffet,61048,2020-11-03,4,211
Ouffet,61048,2020-11-04,2,213
Ouffet,61048,2020-11-05,6,219
Ouffet,61048,2020-11-06,5,224
Ouffet,61048,2020-11-07,1,225
Ouffet,61048,2020-11-08,3,228
Ouffet,61048,2020-11-09,3,231
Ouffet,61048,2020-11-10,2,233
Ouffet,61048,2020-11-11,2,235
Verlaine,61063,2020-04-01,5,5
Verlaine,61063,2020-04-02,0,5
Verlaine,61063,2020-04-03,0,5
Verlaine,61063,2020-04-04,0,5
Verlaine,61063,2020-04-05,0,5
Verlaine,61063,2020-04-06,0,5
Verlaine,61063,2020-04-07,1,6
Verlaine,61063,2020-04-08,0,6
Verlaine,61063,2020-04-09,0,6
Verlaine,61063,2020-04-10,0,6
Verlaine,61063,2020-04-11,1,7
Verlaine,61063,2020-04-12,0,7
Verlaine,61063,2020-04-13,0,7
Verlaine,61063,2020-04-14,0,7
Verlaine,61063,2020-04-15,0,7
Verlaine,61063,2020-04-16,0,7
Verlaine,61063,2020-04-17,0,7
Verlaine,61063,2020-04-18,0,7
Verlaine,61063,2020-04-19,0,7
Verlaine,61063,2020-04-20,0,7
Verlaine,61063,2020-04-21,0,7
Verlaine,61063,2020-04-22,0,7
Verlaine,61063,2020-04-23,0,7
Verlaine,61063,2020-04-24,0,7
Verlaine,61063,2020-04-25,0,7
Verlaine,61063,2020-04-26,0,7
Verlaine,61063,2020-04-27,0,7
Verlaine,61063,2020-04-28,0,7
Verlaine,61063,2020-04-29,0,7
Verlaine,61063,2020-04-30,0,7
Verlaine,61063,2020-05-01,0,7
Verlaine,61063,2020-05-02,0,7
Verlaine,61063,2020-05-03,0,7
Verlaine,61063,2020-05-04,0,7
Verlaine,61063,2020-05-05,1,8
Verlaine,61063,2020-05-06,0,8
Verlaine,61063,2020-05-07,0,8
Verlaine,61063,2020-05-08,0,8
Verlaine,61063,2020-05-09,0,8
Verlaine,61063,2020-05-10,0,8
Verlaine,61063,2020-05-11,0,8
Verlaine,61063,2020-05-12,2,10
Verlaine,61063,2020-05-13,-1,9
Verlaine,61063,2020-05-14,0,9
Verlaine,61063,2020-05-15,0,9
Verlaine,61063,2020-05-16,0,9
Verlaine,61063,2020-05-17,0,9
Verlaine,61063,2020-05-18,0,9
Verlaine,61063,2020-05-19,0,9
Verlaine,61063,2020-05-20,0,9
Verlaine,61063,2020-05-21,0,9
Verlaine,61063,2020-05-22,1,10
Verlaine,61063,2020-05-23,0,10
Verlaine,61063,2020-05-24,0,10
Verlaine,61063,2020-05-25,0,10
Verlaine,61063,2020-05-26,0,10
Verlaine,61063,2020-05-27,0,10
Verlaine,61063,2020-05-28,0,10
Verlaine,61063,2020-05-29,0,10
Verlaine,61063,2020-05-30,0,10
Verlaine,61063,2020-05-31,0,10
Verlaine,61063,2020-06-01,0,10
Verlaine,61063,2020-06-02,0,10
Verlaine,61063,2020-06-03,0,10
Verlaine,61063,2020-06-04,0,10
Verlaine,61063,2020-06-05,0,10
Verlaine,61063,2020-06-06,0,10
Verlaine,61063,2020-06-07,0,10
Verlaine,61063,2020-06-08,0,10
Verlaine,61063,2020-06-09,0,10
Verlaine,61063,2020-06-10,0,10
Verlaine,61063,2020-06-11,0,10
Verlaine,61063,2020-06-12,0,10
Verlaine,61063,2020-06-13,0,10
Verlaine,61063,2020-06-14,0,10
Verlaine,61063,2020-06-15,0,10
Verlaine,61063,2020-06-16,0,10
Verlaine,61063,2020-06-17,0,10
Verlaine,61063,2020-06-18,0,10
Verlaine,61063,2020-06-19,0,10
Verlaine,61063,2020-06-20,0,10
Verlaine,61063,2020-06-23,0,10
Verlaine,61063,2020-06-24,0,10
Verlaine,61063,2020-06-25,0,10
Verlaine,61063,2020-06-26,0,10
Verlaine,61063,2020-06-27,0,10
Verlaine,61063,2020-06-30,0,10
Verlaine,61063,2020-07-01,0,10
Verlaine,61063,2020-07-02,0,10
Verlaine,61063,2020-07-03,0,10
Verlaine,61063,2020-07-04,0,10
Verlaine,61063,2020-07-07,0,10
Verlaine,61063,2020-07-08,0,10
Verlaine,61063,2020-07-09,0,10
Verlaine,61063,2020-07-10,0,10
Verlaine,61063,2020-07-11,0,10
Verlaine,61063,2020-07-14,0,10
Verlaine,61063,2020-07-15,0,10
Verlaine,61063,2020-07-16,0,10
Verlaine,61063,2020-07-17,0,10
Verlaine,61063,2020-07-18,0,10
Verlaine,61063,2020-07-20,0,10
Verlaine,61063,2020-07-21,0,10
Verlaine,61063,2020-07-22,0,10
Verlaine,61063,2020-07-23,0,10
Verlaine,61063,2020-07-24,0,10
Verlaine,61063,2020-07-25,0,10
Verlaine,61063,2020-07-26,0,10
Verlaine,61063,2020-07-27,0,10
Verlaine,61063,2020-07-28,0,10
Verlaine,61063,2020-07-29,0,10
Verlaine,61063,2020-07-30,0,10
Verlaine,61063,2020-07-31,0,10
Verlaine,61063,2020-08-01,0,10
Verlaine,61063,2020-08-02,0,10
Verlaine,61063,2020-08-03,1,11
Verlaine,61063,2020-08-04,0,11
Verlaine,61063,2020-08-05,0,11
Verlaine,61063,2020-08-06,0,11
Verlaine,61063,2020-08-07,0,11
Verlaine,61063,2020-08-08,0,11
Verlaine,61063,2020-08-09,0,11
Verlaine,61063,2020-08-10,0,11
Verlaine,61063,2020-08-11,0,11
Verlaine,61063,2020-08-12,0,11
Verlaine,61063,2020-08-13,0,11
Verlaine,61063,2020-08-14,0,11
Verlaine,61063,2020-08-15,2,13
Verlaine,61063,2020-08-16,0,13
Verlaine,61063,2020-08-17,0,13
Verlaine,61063,2020-08-18,0,13
Verlaine,61063,2020-08-19,0,13
Verlaine,61063,2020-08-20,0,13
Verlaine,61063,2020-08-21,0,13
Verlaine,61063,2020-08-22,0,13
Verlaine,61063,2020-08-23,0,13
Verlaine,61063,2020-08-24,0,13
Verlaine,61063,2020-08-25,0,13
Verlaine,61063,2020-08-26,1,14
Verlaine,61063,2020-08-27,1,15
Verlaine,61063,2020-08-28,0,15
Verlaine,61063,2020-08-29,0,15
Verlaine,61063,2020-08-30,0,15
Verlaine,61063,2020-08-31,0,15
Verlaine,61063,2020-09-01,0,15
Verlaine,61063,2020-09-02,0,15
Verlaine,61063,2020-09-03,0,15
Verlaine,61063,2020-09-04,0,15
Verlaine,61063,2020-09-05,0,15
Verlaine,61063,2020-09-06,0,15
Verlaine,61063,2020-09-07,0,15
Verlaine,61063,2020-09-08,0,15
Verlaine,61063,2020-09-09,0,15
Verlaine,61063,2020-09-10,0,15
Verlaine,61063,2020-09-11,0,15
Verlaine,61063,2020-09-12,2,17
Verlaine,61063,2020-09-13,0,17
Verlaine,61063,2020-09-14,0,17
Verlaine,61063,2020-09-15,0,17
Verlaine,61063,2020-09-16,0,17
Verlaine,61063,2020-09-17,0,17
Verlaine,61063,2020-09-18,1,18
Verlaine,61063,2020-09-19,0,18
Verlaine,61063,2020-09-20,1,19
Verlaine,61063,2020-09-21,0,19
Verlaine,61063,2020-09-22,0,19
Verlaine,61063,2020-09-23,0,19
Verlaine,61063,2020-09-24,0,19
Verlaine,61063,2020-09-25,1,20
Verlaine,61063,2020-09-26,0,20
Verlaine,61063,2020-09-27,1,21
Verlaine,61063,2020-09-28,2,23
Verlaine,61063,2020-09-29,0,23
Verlaine,61063,2020-09-30,2,25
Verlaine,61063,2020-10-01,1,26
Verlaine,61063,2020-10-02,0,26
Verlaine,61063,2020-10-03,1,27
Verlaine,61063,2020-10-04,0,27
Verlaine,61063,2020-10-05,2,29
Verlaine,61063,2020-10-06,1,30
Verlaine,61063,2020-10-07,2,32
Verlaine,61063,2020-10-08,5,37
Verlaine,61063,2020-10-09,3,40
Verlaine,61063,2020-10-10,6,46
Verlaine,61063,2020-10-11,15,61
Verlaine,61063,2020-10-12,4,65
Verlaine,61063,2020-10-13,2,67
Verlaine,61063,2020-10-14,18,85
Verlaine,61063,2020-10-15,10,95
Verlaine,61063,2020-10-16,9,104
Verlaine,61063,2020-10-17,9,113
Verlaine,61063,2020-10-18,16,129
Verlaine,61063,2020-10-19,9,138
Verlaine,61063,2020-10-20,8,146
Verlaine,61063,2020-10-21,4,150
Verlaine,61063,2020-10-22,18,168
Verlaine,61063,2020-10-23,14,182
Verlaine,61063,2020-10-24,18,200
Verlaine,61063,2020-10-25,13,213
Verlaine,61063,2020-10-26,10,223
Verlaine,61063,2020-10-27,16,239
Verlaine,61063,2020-10-28,11,250
Verlaine,61063,2020-10-29,8,258
Verlaine,61063,2020-10-30,16,274
Verlaine,61063,2020-10-31,16,290
Verlaine,61063,2020-11-01,16,306
Verlaine,61063,2020-11-02,1,307
Verlaine,61063,2020-11-03,3,310
Verlaine,61063,2020-11-04,9,319
Verlaine,61063,2020-11-05,4,323
Verlaine,61063,2020-11-06,6,329
Verlaine,61063,2020-11-07,4,333
Verlaine,61063,2020-11-08,4,337
Verlaine,61063,2020-11-09,2,339
Verlaine,61063,2020-11-10,0,339
Verlaine,61063,2020-11-11,2,341
Villers-Le-Bouillet,61068,2020-04-01,0,5
Villers-Le-Bouillet,61068,2020-04-02,0,5
Villers-Le-Bouillet,61068,2020-04-03,1,6
Villers-Le-Bouillet,61068,2020-04-04,0,6
Villers-Le-Bouillet,61068,2020-04-05,0,6
Villers-Le-Bouillet,61068,2020-04-06,1,7
Villers-Le-Bouillet,61068,2020-04-07,1,8
Villers-Le-Bouillet,61068,2020-04-08,0,8
Villers-Le-Bouillet,61068,2020-04-09,0,8
Villers-Le-Bouillet,61068,2020-04-10,1,9
Villers-Le-Bouillet,61068,2020-04-11,1,10
Villers-Le-Bouillet,61068,2020-04-12,0,10
Villers-Le-Bouillet,61068,2020-04-13,0,10
Villers-Le-Bouillet,61068,2020-04-14,0,10
Villers-Le-Bouillet,61068,2020-04-15,1,11
Villers-Le-Bouillet,61068,2020-04-16,1,12
Villers-Le-Bouillet,61068,2020-04-17,2,14
Villers-Le-Bouillet,61068,2020-04-18,1,15
Villers-Le-Bouillet,61068,2020-04-19,0,15
Villers-Le-Bouillet,61068,2020-04-20,1,16
Villers-Le-Bouillet,61068,2020-04-21,0,16
Villers-Le-Bouillet,61068,2020-04-22,0,16
Villers-Le-Bouillet,61068,2020-04-23,0,16
Villers-Le-Bouillet,61068,2020-04-24,0,16
Villers-Le-Bouillet,61068,2020-04-25,0,16
Villers-Le-Bouillet,61068,2020-04-26,0,16
Villers-Le-Bouillet,61068,2020-04-27,0,16
Villers-Le-Bouillet,61068,2020-04-28,1,17
Villers-Le-Bouillet,61068,2020-04-29,0,17
Villers-Le-Bouillet,61068,2020-04-30,0,17
Villers-Le-Bouillet,61068,2020-05-01,0,17
Villers-Le-Bouillet,61068,2020-05-02,0,17
Villers-Le-Bouillet,61068,2020-05-03,0,17
Villers-Le-Bouillet,61068,2020-05-04,0,17
Villers-Le-Bouillet,61068,2020-05-05,0,17
Villers-Le-Bouillet,61068,2020-05-06,0,17
Villers-Le-Bouillet,61068,2020-05-07,0,17
Villers-Le-Bouillet,61068,2020-05-08,0,17
Villers-Le-Bouillet,61068,2020-05-09,0,17
Villers-Le-Bouillet,61068,2020-05-10,0,17
Villers-Le-Bouillet,61068,2020-05-11,0,17
Villers-Le-Bouillet,61068,2020-05-12,0,17
Villers-Le-Bouillet,61068,2020-05-13,0,17
Villers-Le-Bouillet,61068,2020-05-14,0,17
Villers-Le-Bouillet,61068,2020-05-15,0,17
Villers-Le-Bouillet,61068,2020-05-16,0,17
Villers-Le-Bouillet,61068,2020-05-17,0,17
Villers-Le-Bouillet,61068,2020-05-18,1,18
Villers-Le-Bouillet,61068,2020-05-19,0,18
Villers-Le-Bouillet,61068,2020-05-20,0,18
Villers-Le-Bouillet,61068,2020-05-21,0,18
Villers-Le-Bouillet,61068,2020-05-22,0,18
Villers-Le-Bouillet,61068,2020-05-23,0,18
Villers-Le-Bouillet,61068,2020-05-24,0,18
Villers-Le-Bouillet,61068,2020-05-25,0,18
Villers-Le-Bouillet,61068,2020-05-26,0,18
Villers-Le-Bouillet,61068,2020-05-27,0,18
Villers-Le-Bouillet,61068,2020-05-28,0,18
Villers-Le-Bouillet,61068,2020-05-29,0,18
Villers-Le-Bouillet,61068,2020-05-30,0,18
Villers-Le-Bouillet,61068,2020-05-31,0,18
Villers-Le-Bouillet,61068,2020-06-01,0,18
Villers-Le-Bouillet,61068,2020-06-02,0,18
Villers-Le-Bouillet,61068,2020-06-03,0,18
Villers-Le-Bouillet,61068,2020-06-04,0,18
Villers-Le-Bouillet,61068,2020-06-05,0,18
Villers-Le-Bouillet,61068,2020-06-06,0,18
Villers-Le-Bouillet,61068,2020-06-07,0,18
Villers-Le-Bouillet,61068,2020-06-08,0,18
Villers-Le-Bouillet,61068,2020-06-09,0,18
Villers-Le-Bouillet,61068,2020-06-10,0,18
Villers-Le-Bouillet,61068,2020-06-11,0,18
Villers-Le-Bouillet,61068,2020-06-12,0,18
Villers-Le-Bouillet,61068,2020-06-13,1,19
Villers-Le-Bouillet,61068,2020-06-14,0,19
Villers-Le-Bouillet,61068,2020-06-15,0,19
Villers-Le-Bouillet,61068,2020-06-16,0,19
Villers-Le-Bouillet,61068,2020-06-17,0,19
Villers-Le-Bouillet,61068,2020-06-18,0,19
Villers-Le-Bouillet,61068,2020-06-19,0,19
Villers-Le-Bouillet,61068,2020-06-20,0,19
Villers-Le-Bouillet,61068,2020-06-23,0,19
Villers-Le-Bouillet,61068,2020-06-24,0,19
Villers-Le-Bouillet,61068,2020-06-25,0,19
Villers-Le-Bouillet,61068,2020-06-26,0,19
Villers-Le-Bouillet,61068,2020-06-27,0,19
Villers-Le-Bouillet,61068,2020-06-30,0,19
Villers-Le-Bouillet,61068,2020-07-01,0,19
Villers-Le-Bouillet,61068,2020-07-02,0,19
Villers-Le-Bouillet,61068,2020-07-03,0,19
Villers-Le-Bouillet,61068,2020-07-04,0,19
Villers-Le-Bouillet,61068,2020-07-07,0,19
Villers-Le-Bouillet,61068,2020-07-08,0,19
Villers-Le-Bouillet,61068,2020-07-09,0,19
Villers-Le-Bouillet,61068,2020-07-10,0,19
Villers-Le-Bouillet,61068,2020-07-11,0,19
Villers-Le-Bouillet,61068,2020-07-14,0,19
Villers-Le-Bouillet,61068,2020-07-15,1,20
Villers-Le-Bouillet,61068,2020-07-16,0,20
Villers-Le-Bouillet,61068,2020-07-17,0,20
Villers-Le-Bouillet,61068,2020-07-18,0,20
Villers-Le-Bouillet,61068,2020-07-20,0,20
Villers-Le-Bouillet,61068,2020-07-21,1,21
Villers-Le-Bouillet,61068,2020-07-22,0,21
Villers-Le-Bouillet,61068,2020-07-23,1,22
Villers-Le-Bouillet,61068,2020-07-24,0,22
Villers-Le-Bouillet,61068,2020-07-25,1,23
Villers-Le-Bouillet,61068,2020-07-26,0,23
Villers-Le-Bouillet,61068,2020-07-27,0,23
Villers-Le-Bouillet,61068,2020-07-28,1,24
Villers-Le-Bouillet,61068,2020-07-29,0,24
Villers-Le-Bouillet,61068,2020-07-30,0,24
Villers-Le-Bouillet,61068,2020-07-31,0,24
Villers-Le-Bouillet,61068,2020-08-01,0,24
Villers-Le-Bouillet,61068,2020-08-02,0,24
Villers-Le-Bouillet,61068,2020-08-03,1,25
Villers-Le-Bouillet,61068,2020-08-04,0,25
Villers-Le-Bouillet,61068,2020-08-05,0,25
Villers-Le-Bouillet,61068,2020-08-06,0,25
Villers-Le-Bouillet,61068,2020-08-07,0,25
Villers-Le-Bouillet,61068,2020-08-08,0,25
Villers-Le-Bouillet,61068,2020-08-09,0,25
Villers-Le-Bouillet,61068,2020-08-10,0,25
Villers-Le-Bouillet,61068,2020-08-11,0,25
Villers-Le-Bouillet,61068,2020-08-12,0,25
Villers-Le-Bouillet,61068,2020-08-13,0,25
Villers-Le-Bouillet,61068,2020-08-14,0,25
Villers-Le-Bouillet,61068,2020-08-15,1,26
Villers-Le-Bouillet,61068,2020-08-16,1,27
Villers-Le-Bouillet,61068,2020-08-17,0,27
Villers-Le-Bouillet,61068,2020-08-18,0,27
Villers-Le-Bouillet,61068,2020-08-19,0,27
Villers-Le-Bouillet,61068,2020-08-20,0,27
Villers-Le-Bouillet,61068,2020-08-21,0,27
Villers-Le-Bouillet,61068,2020-08-22,0,27
Villers-Le-Bouillet,61068,2020-08-23,0,27
Villers-Le-Bouillet,61068,2020-08-24,0,27
Villers-Le-Bouillet,61068,2020-08-25,0,27
Villers-Le-Bouillet,61068,2020-08-26,0,27
Villers-Le-Bouillet,61068,2020-08-27,0,27
Villers-Le-Bouillet,61068,2020-08-28,0,27
Villers-Le-Bouillet,61068,2020-08-29,0,27
Villers-Le-Bouillet,61068,2020-08-30,0,27
Villers-Le-Bouillet,61068,2020-08-31,0,27
Villers-Le-Bouillet,61068,2020-09-01,0,27
Villers-Le-Bouillet,61068,2020-09-02,1,28
Villers-Le-Bouillet,61068,2020-09-03,0,28
Villers-Le-Bouillet,61068,2020-09-04,0,28
Villers-Le-Bouillet,61068,2020-09-05,0,28
Villers-Le-Bouillet,61068,2020-09-06,0,28
Villers-Le-Bouillet,61068,2020-09-07,0,28
Villers-Le-Bouillet,61068,2020-09-08,0,28
Villers-Le-Bouillet,61068,2020-09-09,0,28
Villers-Le-Bouillet,61068,2020-09-10,0,28
Villers-Le-Bouillet,61068,2020-09-11,1,29
Villers-Le-Bouillet,61068,2020-09-12,1,30
Villers-Le-Bouillet,61068,2020-09-13,2,32
Villers-Le-Bouillet,61068,2020-09-14,0,32
Villers-Le-Bouillet,61068,2020-09-15,0,32
Villers-Le-Bouillet,61068,2020-09-16,0,32
Villers-Le-Bouillet,61068,2020-09-17,0,32
Villers-Le-Bouillet,61068,2020-09-18,1,33
Villers-Le-Bouillet,61068,2020-09-19,1,34
Villers-Le-Bouillet,61068,2020-09-20,1,35
Villers-Le-Bouillet,61068,2020-09-21,1,36
Villers-Le-Bouillet,61068,2020-09-22,0,36
Villers-Le-Bouillet,61068,2020-09-23,0,36
Villers-Le-Bouillet,61068,2020-09-24,0,36
Villers-Le-Bouillet,61068,2020-09-25,0,36
Villers-Le-Bouillet,61068,2020-09-26,2,38
Villers-Le-Bouillet,61068,2020-09-27,1,39
Villers-Le-Bouillet,61068,2020-09-28,5,44
Villers-Le-Bouillet,61068,2020-09-29,0,44
Villers-Le-Bouillet,61068,2020-09-30,1,45
Villers-Le-Bouillet,61068,2020-10-01,0,45
Villers-Le-Bouillet,61068,2020-10-02,2,47
Villers-Le-Bouillet,61068,2020-10-03,4,51
Villers-Le-Bouillet,61068,2020-10-04,4,55
Villers-Le-Bouillet,61068,2020-10-05,3,58
Villers-Le-Bouillet,61068,2020-10-06,0,58
Villers-Le-Bouillet,61068,2020-10-07,5,63
Villers-Le-Bouillet,61068,2020-10-08,2,65
Villers-Le-Bouillet,61068,2020-10-09,4,69
Villers-Le-Bouillet,61068,2020-10-10,1,70
Villers-Le-Bouillet,61068,2020-10-11,9,79
Villers-Le-Bouillet,61068,2020-10-12,1,80
Villers-Le-Bouillet,61068,2020-10-13,4,84
Villers-Le-Bouillet,61068,2020-10-14,14,98
Villers-Le-Bouillet,61068,2020-10-15,9,107
Villers-Le-Bouillet,61068,2020-10-16,12,119
Villers-Le-Bouillet,61068,2020-10-17,19,138
Villers-Le-Bouillet,61068,2020-10-18,10,148
Villers-Le-Bouillet,61068,2020-10-19,18,166
Villers-Le-Bouillet,61068,2020-10-20,3,169
Villers-Le-Bouillet,61068,2020-10-21,23,192
Villers-Le-Bouillet,61068,2020-10-22,13,205
Villers-Le-Bouillet,61068,2020-10-23,32,237
Villers-Le-Bouillet,61068,2020-10-24,40,277
Villers-Le-Bouillet,61068,2020-10-25,6,283
Villers-Le-Bouillet,61068,2020-10-26,12,295
Villers-Le-Bouillet,61068,2020-10-27,13,308
Villers-Le-Bouillet,61068,2020-10-28,31,339
Villers-Le-Bouillet,61068,2020-10-29,21,360
Villers-Le-Bouillet,61068,2020-10-30,34,394
Villers-Le-Bouillet,61068,2020-10-31,20,414
Villers-Le-Bouillet,61068,2020-11-01,33,447
Villers-Le-Bouillet,61068,2020-11-02,7,454
Villers-Le-Bouillet,61068,2020-11-03,5,459
Villers-Le-Bouillet,61068,2020-11-04,18,477
Villers-Le-Bouillet,61068,2020-11-05,14,491
Villers-Le-Bouillet,61068,2020-11-06,5,496
Villers-Le-Bouillet,61068,2020-11-07,10,506
Villers-Le-Bouillet,61068,2020-11-08,8,514
Villers-Le-Bouillet,61068,2020-11-09,4,518
Villers-Le-Bouillet,61068,2020-11-10,1,519
Villers-Le-Bouillet,61068,2020-11-11,3,522
Wanze,61072,2020-04-01,2,13
Wanze,61072,2020-04-02,3,16
Wanze,61072,2020-04-03,0,16
Wanze,61072,2020-04-04,3,19
Wanze,61072,2020-04-05,2,21
Wanze,61072,2020-04-06,2,23
Wanze,61072,2020-04-07,0,23
Wanze,61072,2020-04-08,1,24
Wanze,61072,2020-04-09,0,24
Wanze,61072,2020-04-10,4,28
Wanze,61072,2020-04-11,3,31
Wanze,61072,2020-04-12,0,31
Wanze,61072,2020-04-13,0,31
Wanze,61072,2020-04-14,0,31
Wanze,61072,2020-04-15,0,31
Wanze,61072,2020-04-16,2,33
Wanze,61072,2020-04-17,5,38
Wanze,61072,2020-04-18,4,42
Wanze,61072,2020-04-19,1,43
Wanze,61072,2020-04-20,3,46
Wanze,61072,2020-04-21,0,46
Wanze,61072,2020-04-22,2,48
Wanze,61072,2020-04-23,1,49
Wanze,61072,2020-04-24,2,51
Wanze,61072,2020-04-25,1,52
Wanze,61072,2020-04-26,1,53
Wanze,61072,2020-04-27,1,54
Wanze,61072,2020-04-28,1,55
Wanze,61072,2020-04-29,0,55
Wanze,61072,2020-04-30,1,56
Wanze,61072,2020-05-01,0,56
Wanze,61072,2020-05-02,0,56
Wanze,61072,2020-05-03,0,56
Wanze,61072,2020-05-04,1,57
Wanze,61072,2020-05-05,0,57
Wanze,61072,2020-05-06,0,57
Wanze,61072,2020-05-07,0,57
Wanze,61072,2020-05-08,2,59
Wanze,61072,2020-05-09,0,59
Wanze,61072,2020-05-10,3,62
Wanze,61072,2020-05-11,0,62
Wanze,61072,2020-05-12,0,62
Wanze,61072,2020-05-13,0,62
Wanze,61072,2020-05-14,0,62
Wanze,61072,2020-05-15,0,62
Wanze,61072,2020-05-16,0,62
Wanze,61072,2020-05-17,0,62
Wanze,61072,2020-05-18,0,62
Wanze,61072,2020-05-19,0,62
Wanze,61072,2020-05-20,0,62
Wanze,61072,2020-05-21,0,62
Wanze,61072,2020-05-22,0,62
Wanze,61072,2020-05-23,0,62
Wanze,61072,2020-05-24,0,62
Wanze,61072,2020-05-25,0,62
Wanze,61072,2020-05-26,0,62
Wanze,61072,2020-05-27,0,62
Wanze,61072,2020-05-28,1,63
Wanze,61072,2020-05-29,0,63
Wanze,61072,2020-05-30,0,63
Wanze,61072,2020-05-31,0,63
Wanze,61072,2020-06-01,0,63
Wanze,61072,2020-06-02,0,63
Wanze,61072,2020-06-03,0,63
Wanze,61072,2020-06-04,0,63
Wanze,61072,2020-06-05,0,63
Wanze,61072,2020-06-06,0,63
Wanze,61072,2020-06-07,0,63
Wanze,61072,2020-06-08,0,63
Wanze,61072,2020-06-09,0,63
Wanze,61072,2020-06-10,0,63
Wanze,61072,2020-06-11,0,63
Wanze,61072,2020-06-12,0,63
Wanze,61072,2020-06-13,0,63
Wanze,61072,2020-06-14,0,63
Wanze,61072,2020-06-15,0,63
Wanze,61072,2020-06-16,0,63
Wanze,61072,2020-06-17,0,63
Wanze,61072,2020-06-18,0,63
Wanze,61072,2020-06-19,0,63
Wanze,61072,2020-06-20,0,63
Wanze,61072,2020-06-23,0,63
Wanze,61072,2020-06-24,0,63
Wanze,61072,2020-06-25,0,63
Wanze,61072,2020-06-26,0,63
Wanze,61072,2020-06-27,0,63
Wanze,61072,2020-06-30,0,63
Wanze,61072,2020-07-01,0,63
Wanze,61072,2020-07-02,0,63
Wanze,61072,2020-07-03,0,63
Wanze,61072,2020-07-04,0,63
Wanze,61072,2020-07-07,0,63
Wanze,61072,2020-07-08,0,63
Wanze,61072,2020-07-09,0,63
Wanze,61072,2020-07-10,0,63
Wanze,61072,2020-07-11,0,63
Wanze,61072,2020-07-14,0,63
Wanze,61072,2020-07-15,0,63
Wanze,61072,2020-07-16,0,63
Wanze,61072,2020-07-17,0,63
Wanze,61072,2020-07-18,0,63
Wanze,61072,2020-07-20,0,63
Wanze,61072,2020-07-21,0,63
Wanze,61072,2020-07-22,0,63
Wanze,61072,2020-07-23,2,65
Wanze,61072,2020-07-24,0,65
Wanze,61072,2020-07-25,0,65
Wanze,61072,2020-07-26,0,65
Wanze,61072,2020-07-27,0,65
Wanze,61072,2020-07-28,0,65
Wanze,61072,2020-07-29,1,66
Wanze,61072,2020-07-30,0,66
Wanze,61072,2020-07-31,0,66
Wanze,61072,2020-08-01,2,68
Wanze,61072,2020-08-02,0,68
Wanze,61072,2020-08-03,1,69
Wanze,61072,2020-08-04,0,69
Wanze,61072,2020-08-05,0,69
Wanze,61072,2020-08-06,0,69
Wanze,61072,2020-08-07,0,69
Wanze,61072,2020-08-08,0,69
Wanze,61072,2020-08-09,1,70
Wanze,61072,2020-08-10,1,71
Wanze,61072,2020-08-11,0,71
Wanze,61072,2020-08-12,1,72
Wanze,61072,2020-08-13,0,72
Wanze,61072,2020-08-14,0,72
Wanze,61072,2020-08-15,2,74
Wanze,61072,2020-08-16,0,74
Wanze,61072,2020-08-17,3,77
Wanze,61072,2020-08-18,0,77
Wanze,61072,2020-08-19,0,77
Wanze,61072,2020-08-20,0,77
Wanze,61072,2020-08-21,1,78
Wanze,61072,2020-08-22,0,78
Wanze,61072,2020-08-23,2,80
Wanze,61072,2020-08-24,0,80
Wanze,61072,2020-08-25,1,81
Wanze,61072,2020-08-26,0,81
Wanze,61072,2020-08-27,1,82
Wanze,61072,2020-08-28,0,82
Wanze,61072,2020-08-29,0,82
Wanze,61072,2020-08-30,0,82
Wanze,61072,2020-08-31,0,82
Wanze,61072,2020-09-01,0,82
Wanze,61072,2020-09-02,0,82
Wanze,61072,2020-09-03,0,82
Wanze,61072,2020-09-04,0,82
Wanze,61072,2020-09-05,0,82
Wanze,61072,2020-09-06,0,82
Wanze,61072,2020-09-07,0,82
Wanze,61072,2020-09-08,0,82
Wanze,61072,2020-09-09,0,82
Wanze,61072,2020-09-10,1,83
Wanze,61072,2020-09-11,1,84
Wanze,61072,2020-09-12,1,85
Wanze,61072,2020-09-13,0,85
Wanze,61072,2020-09-14,0,85
Wanze,61072,2020-09-15,0,85
Wanze,61072,2020-09-16,0,85
Wanze,61072,2020-09-17,3,88
Wanze,61072,2020-09-18,3,91
Wanze,61072,2020-09-19,2,93
Wanze,61072,2020-09-20,1,94
Wanze,61072,2020-09-21,6,100
Wanze,61072,2020-09-22,4,104
Wanze,61072,2020-09-23,0,104
Wanze,61072,2020-09-24,2,106
Wanze,61072,2020-09-25,4,110
Wanze,61072,2020-09-26,3,113
Wanze,61072,2020-09-27,3,116
Wanze,61072,2020-09-28,3,119
Wanze,61072,2020-09-29,1,120
Wanze,61072,2020-09-30,6,126
Wanze,61072,2020-10-01,0,126
Wanze,61072,2020-10-02,4,130
Wanze,61072,2020-10-03,5,135
Wanze,61072,2020-10-04,7,142
Wanze,61072,2020-10-05,2,144
Wanze,61072,2020-10-06,0,144
Wanze,61072,2020-10-07,2,146
Wanze,61072,2020-10-08,27,173
Wanze,61072,2020-10-09,18,191
Wanze,61072,2020-10-10,4,195
Wanze,61072,2020-10-11,16,211
Wanze,61072,2020-10-12,12,223
Wanze,61072,2020-10-13,13,236
Wanze,61072,2020-10-14,15,251
Wanze,61072,2020-10-15,7,258
Wanze,61072,2020-10-16,14,272
Wanze,61072,2020-10-17,12,284
Wanze,61072,2020-10-18,24,308
Wanze,61072,2020-10-19,20,328
Wanze,61072,2020-10-20,27,355
Wanze,61072,2020-10-21,6,361
Wanze,61072,2020-10-22,24,385
Wanze,61072,2020-10-23,30,415
Wanze,61072,2020-10-24,45,460
Wanze,61072,2020-10-25,42,502
Wanze,61072,2020-10-26,24,526
Wanze,61072,2020-10-27,86,612
Wanze,61072,2020-10-28,43,655
Wanze,61072,2020-10-29,28,683
Wanze,61072,2020-10-30,55,738
Wanze,61072,2020-10-31,38,776
Wanze,61072,2020-11-01,46,822
Wanze,61072,2020-11-02,29,851
Wanze,61072,2020-11-03,15,866
Wanze,61072,2020-11-04,11,877
Wanze,61072,2020-11-05,20,897
Wanze,61072,2020-11-06,30,927
Wanze,61072,2020-11-07,21,948
Wanze,61072,2020-11-08,8,956
Wanze,61072,2020-11-09,8,964
Wanze,61072,2020-11-10,3,967
Wanze,61072,2020-11-11,10,977
Anthisnes,61079,2020-04-01,1,7
Anthisnes,61079,2020-04-02,0,7
Anthisnes,61079,2020-04-03,0,7
Anthisnes,61079,2020-04-04,1,8
Anthisnes,61079,2020-04-05,0,8
Anthisnes,61079,2020-04-06,0,8
Anthisnes,61079,2020-04-07,3,11
Anthisnes,61079,2020-04-08,1,12
Anthisnes,61079,2020-04-09,1,13
Anthisnes,61079,2020-04-10,0,13
Anthisnes,61079,2020-04-11,1,14
Anthisnes,61079,2020-04-12,0,14
Anthisnes,61079,2020-04-13,0,14
Anthisnes,61079,2020-04-14,0,14
Anthisnes,61079,2020-04-15,2,16
Anthisnes,61079,2020-04-16,0,16
Anthisnes,61079,2020-04-17,0,16
Anthisnes,61079,2020-04-18,0,16
Anthisnes,61079,2020-04-19,0,16
Anthisnes,61079,2020-04-20,1,17
Anthisnes,61079,2020-04-21,1,18
Anthisnes,61079,2020-04-22,0,18
Anthisnes,61079,2020-04-23,0,18
Anthisnes,61079,2020-04-24,0,18
Anthisnes,61079,2020-04-25,0,18
Anthisnes,61079,2020-04-26,0,18
Anthisnes,61079,2020-04-27,0,18
Anthisnes,61079,2020-04-28,0,18
Anthisnes,61079,2020-04-29,0,18
Anthisnes,61079,2020-04-30,1,19
Anthisnes,61079,2020-05-01,0,19
Anthisnes,61079,2020-05-02,1,20
Anthisnes,61079,2020-05-03,0,20
Anthisnes,61079,2020-05-04,0,20
Anthisnes,61079,2020-05-05,0,20
Anthisnes,61079,2020-05-06,0,20
Anthisnes,61079,2020-05-07,1,21
Anthisnes,61079,2020-05-08,0,21
Anthisnes,61079,2020-05-09,1,22
Anthisnes,61079,2020-05-10,0,22
Anthisnes,61079,2020-05-11,0,22
Anthisnes,61079,2020-05-12,0,22
Anthisnes,61079,2020-05-13,0,22
Anthisnes,61079,2020-05-14,0,22
Anthisnes,61079,2020-05-15,0,22
Anthisnes,61079,2020-05-16,0,22
Anthisnes,61079,2020-05-17,0,22
Anthisnes,61079,2020-05-18,1,23
Anthisnes,61079,2020-05-19,0,23
Anthisnes,61079,2020-05-20,0,23
Anthisnes,61079,2020-05-21,0,23
Anthisnes,61079,2020-05-22,0,23
Anthisnes,61079,2020-05-23,0,23
Anthisnes,61079,2020-05-24,0,23
Anthisnes,61079,2020-05-25,0,23
Anthisnes,61079,2020-05-26,0,23
Anthisnes,61079,2020-05-27,0,23
Anthisnes,61079,2020-05-28,0,23
Anthisnes,61079,2020-05-29,0,23
Anthisnes,61079,2020-05-30,0,23
Anthisnes,61079,2020-05-31,0,23
Anthisnes,61079,2020-06-01,0,23
Anthisnes,61079,2020-06-02,0,23
Anthisnes,61079,2020-06-03,0,23
Anthisnes,61079,2020-06-04,0,23
Anthisnes,61079,2020-06-05,0,23
Anthisnes,61079,2020-06-06,0,23
Anthisnes,61079,2020-06-07,0,23
Anthisnes,61079,2020-06-08,0,23
Anthisnes,61079,2020-06-09,0,23
Anthisnes,61079,2020-06-10,0,23
Anthisnes,61079,2020-06-11,0,23
Anthisnes,61079,2020-06-12,0,23
Anthisnes,61079,2020-06-13,0,23
Anthisnes,61079,2020-06-14,0,23
Anthisnes,61079,2020-06-15,0,23
Anthisnes,61079,2020-06-16,0,23
Anthisnes,61079,2020-06-17,0,23
Anthisnes,61079,2020-06-18,0,23
Anthisnes,61079,2020-06-19,0,23
Anthisnes,61079,2020-06-20,0,23
Anthisnes,61079,2020-06-23,0,23
Anthisnes,61079,2020-06-24,0,23
Anthisnes,61079,2020-06-25,0,23
Anthisnes,61079,2020-06-26,0,23
Anthisnes,61079,2020-06-27,0,23
Anthisnes,61079,2020-06-30,0,23
Anthisnes,61079,2020-07-01,0,23
Anthisnes,61079,2020-07-02,0,23
Anthisnes,61079,2020-07-03,0,23
Anthisnes,61079,2020-07-04,0,23
Anthisnes,61079,2020-07-07,0,23
Anthisnes,61079,2020-07-08,0,23
Anthisnes,61079,2020-07-09,0,23
Anthisnes,61079,2020-07-10,0,23
Anthisnes,61079,2020-07-11,0,23
Anthisnes,61079,2020-07-14,0,23
Anthisnes,61079,2020-07-15,0,23
Anthisnes,61079,2020-07-16,0,23
Anthisnes,61079,2020-07-17,0,23
Anthisnes,61079,2020-07-18,0,23
Anthisnes,61079,2020-07-20,0,23
Anthisnes,61079,2020-07-21,0,23
Anthisnes,61079,2020-07-22,0,23
Anthisnes,61079,2020-07-23,0,23
Anthisnes,61079,2020-07-24,0,23
Anthisnes,61079,2020-07-25,0,23
Anthisnes,61079,2020-07-26,0,23
Anthisnes,61079,2020-07-27,0,23
Anthisnes,61079,2020-07-28,0,23
Anthisnes,61079,2020-07-29,0,23
Anthisnes,61079,2020-07-30,0,23
Anthisnes,61079,2020-07-31,0,23
Anthisnes,61079,2020-08-01,0,23
Anthisnes,61079,2020-08-02,0,23
Anthisnes,61079,2020-08-03,0,23
Anthisnes,61079,2020-08-04,0,23
Anthisnes,61079,2020-08-05,1,24
Anthisnes,61079,2020-08-06,0,24
Anthisnes,61079,2020-08-07,1,25
Anthisnes,61079,2020-08-08,0,25
Anthisnes,61079,2020-08-09,0,25
Anthisnes,61079,2020-08-10,0,25
Anthisnes,61079,2020-08-11,0,25
Anthisnes,61079,2020-08-12,0,25
Anthisnes,61079,2020-08-13,0,25
Anthisnes,61079,2020-08-14,0,25
Anthisnes,61079,2020-08-15,0,25
Anthisnes,61079,2020-08-16,0,25
Anthisnes,61079,2020-08-17,0,25
Anthisnes,61079,2020-08-18,0,25
Anthisnes,61079,2020-08-19,0,25
Anthisnes,61079,2020-08-20,0,25
Anthisnes,61079,2020-08-21,0,25
Anthisnes,61079,2020-08-22,0,25
Anthisnes,61079,2020-08-23,0,25
Anthisnes,61079,2020-08-24,0,25
Anthisnes,61079,2020-08-25,0,25
Anthisnes,61079,2020-08-26,0,25
Anthisnes,61079,2020-08-27,0,25
Anthisnes,61079,2020-08-28,0,25
Anthisnes,61079,2020-08-29,0,25
Anthisnes,61079,2020-08-30,0,25
Anthisnes,61079,2020-08-31,0,25
Anthisnes,61079,2020-09-01,0,25
Anthisnes,61079,2020-09-02,0,25
Anthisnes,61079,2020-09-03,0,25
Anthisnes,61079,2020-09-04,0,25
Anthisnes,61079,2020-09-05,0,25
Anthisnes,61079,2020-09-06,0,25
Anthisnes,61079,2020-09-07,0,25
Anthisnes,61079,2020-09-08,0,25
Anthisnes,61079,2020-09-09,0,25
Anthisnes,61079,2020-09-10,0,25
Anthisnes,61079,2020-09-11,0,25
Anthisnes,61079,2020-09-12,2,27
Anthisnes,61079,2020-09-13,0,27
Anthisnes,61079,2020-09-14,0,27
Anthisnes,61079,2020-09-15,1,28
Anthisnes,61079,2020-09-16,0,28
Anthisnes,61079,2020-09-17,1,29
Anthisnes,61079,2020-09-18,1,30
Anthisnes,61079,2020-09-19,0,30
Anthisnes,61079,2020-09-20,1,31
Anthisnes,61079,2020-09-21,0,31
Anthisnes,61079,2020-09-22,0,31
Anthisnes,61079,2020-09-23,0,31
Anthisnes,61079,2020-09-24,0,31
Anthisnes,61079,2020-09-25,1,32
Anthisnes,61079,2020-09-26,1,33
Anthisnes,61079,2020-09-27,0,33
Anthisnes,61079,2020-09-28,2,35
Anthisnes,61079,2020-09-29,1,36
Anthisnes,61079,2020-09-30,0,36
Anthisnes,61079,2020-10-01,1,37
Anthisnes,61079,2020-10-02,3,40
Anthisnes,61079,2020-10-03,1,41
Anthisnes,61079,2020-10-04,1,42
Anthisnes,61079,2020-10-05,2,44
Anthisnes,61079,2020-10-06,1,45
Anthisnes,61079,2020-10-07,1,46
Anthisnes,61079,2020-10-08,2,48
Anthisnes,61079,2020-10-09,4,52
Anthisnes,61079,2020-10-10,6,58
Anthisnes,61079,2020-10-11,10,68
Anthisnes,61079,2020-10-12,2,70
Anthisnes,61079,2020-10-13,1,71
Anthisnes,61079,2020-10-14,5,76
Anthisnes,61079,2020-10-15,5,81
Anthisnes,61079,2020-10-16,7,88
Anthisnes,61079,2020-10-17,5,93
Anthisnes,61079,2020-10-18,8,101
Anthisnes,61079,2020-10-19,3,104
Anthisnes,61079,2020-10-20,9,113
Anthisnes,61079,2020-10-21,8,121
Anthisnes,61079,2020-10-22,4,125
Anthisnes,61079,2020-10-23,9,134
Anthisnes,61079,2020-10-24,20,154
Anthisnes,61079,2020-10-25,3,157
Anthisnes,61079,2020-10-26,17,174
Anthisnes,61079,2020-10-27,8,182
Anthisnes,61079,2020-10-28,4,186
Anthisnes,61079,2020-10-29,21,207
Anthisnes,61079,2020-10-30,23,230
Anthisnes,61079,2020-10-31,18,248
Anthisnes,61079,2020-11-01,17,265
Anthisnes,61079,2020-11-02,11,276
Anthisnes,61079,2020-11-03,1,277
Anthisnes,61079,2020-11-04,4,281
Anthisnes,61079,2020-11-05,4,285
Anthisnes,61079,2020-11-06,6,291
Anthisnes,61079,2020-11-07,5,296
Anthisnes,61079,2020-11-08,2,298
Anthisnes,61079,2020-11-09,1,299
Anthisnes,61079,2020-11-10,1,300
Anthisnes,61079,2020-11-11,2,302
Engis,61080,2020-04-01,2,9
Engis,61080,2020-04-02,0,9
Engis,61080,2020-04-03,1,10
Engis,61080,2020-04-04,2,12
Engis,61080,2020-04-05,0,12
Engis,61080,2020-04-06,0,12
Engis,61080,2020-04-07,4,16
Engis,61080,2020-04-08,1,17
Engis,61080,2020-04-09,0,17
Engis,61080,2020-04-10,1,18
Engis,61080,2020-04-11,0,18
Engis,61080,2020-04-12,0,18
Engis,61080,2020-04-13,0,18
Engis,61080,2020-04-14,0,18
Engis,61080,2020-04-15,4,22
Engis,61080,2020-04-16,0,22
Engis,61080,2020-04-17,3,25
Engis,61080,2020-04-18,1,26
Engis,61080,2020-04-19,0,26
Engis,61080,2020-04-20,1,27
Engis,61080,2020-04-21,0,27
Engis,61080,2020-04-22,0,27
Engis,61080,2020-04-23,0,27
Engis,61080,2020-04-24,0,27
Engis,61080,2020-04-25,0,27
Engis,61080,2020-04-26,1,28
Engis,61080,2020-04-27,1,29
Engis,61080,2020-04-28,1,30
Engis,61080,2020-04-29,0,30
Engis,61080,2020-04-30,0,30
Engis,61080,2020-05-01,0,30
Engis,61080,2020-05-02,0,30
Engis,61080,2020-05-03,1,31
Engis,61080,2020-05-04,0,31
Engis,61080,2020-05-05,0,31
Engis,61080,2020-05-06,0,31
Engis,61080,2020-05-07,0,31
Engis,61080,2020-05-08,0,31
Engis,61080,2020-05-09,0,31
Engis,61080,2020-05-10,0,31
Engis,61080,2020-05-11,0,31
Engis,61080,2020-05-12,0,31
Engis,61080,2020-05-13,0,31
Engis,61080,2020-05-14,0,31
Engis,61080,2020-05-15,0,31
Engis,61080,2020-05-16,0,31
Engis,61080,2020-05-17,0,31
Engis,61080,2020-05-18,1,32
Engis,61080,2020-05-19,0,32
Engis,61080,2020-05-20,0,32
Engis,61080,2020-05-21,0,32
Engis,61080,2020-05-22,0,32
Engis,61080,2020-05-23,0,32
Engis,61080,2020-05-24,0,32
Engis,61080,2020-05-25,1,33
Engis,61080,2020-05-26,0,33
Engis,61080,2020-05-27,0,33
Engis,61080,2020-05-28,0,33
Engis,61080,2020-05-29,3,36
Engis,61080,2020-05-30,0,36
Engis,61080,2020-05-31,0,36
Engis,61080,2020-06-01,0,36
Engis,61080,2020-06-02,0,36
Engis,61080,2020-06-03,1,37
Engis,61080,2020-06-04,1,38
Engis,61080,2020-06-05,0,38
Engis,61080,2020-06-06,0,38
Engis,61080,2020-06-07,0,38
Engis,61080,2020-06-08,0,38
Engis,61080,2020-06-09,0,38
Engis,61080,2020-06-10,0,38
Engis,61080,2020-06-11,0,38
Engis,61080,2020-06-12,0,38
Engis,61080,2020-06-13,0,38
Engis,61080,2020-06-14,0,38
Engis,61080,2020-06-15,0,38
Engis,61080,2020-06-16,1,39
Engis,61080,2020-06-17,0,39
Engis,61080,2020-06-18,0,39
Engis,61080,2020-06-19,0,39
Engis,61080,2020-06-20,0,39
Engis,61080,2020-06-23,0,39
Engis,61080,2020-06-24,0,39
Engis,61080,2020-06-25,0,39
Engis,61080,2020-06-26,0,39
Engis,61080,2020-06-27,0,39
Engis,61080,2020-06-30,0,39
Engis,61080,2020-07-01,0,39
Engis,61080,2020-07-02,0,39
Engis,61080,2020-07-03,0,39
Engis,61080,2020-07-04,0,39
Engis,61080,2020-07-07,0,39
Engis,61080,2020-07-08,0,39
Engis,61080,2020-07-09,0,39
Engis,61080,2020-07-10,0,39
Engis,61080,2020-07-11,0,39
Engis,61080,2020-07-14,0,39
Engis,61080,2020-07-15,0,39
Engis,61080,2020-07-16,0,39
Engis,61080,2020-07-17,0,39
Engis,61080,2020-07-18,1,40
Engis,61080,2020-07-20,0,40
Engis,61080,2020-07-21,0,40
Engis,61080,2020-07-22,0,40
Engis,61080,2020-07-23,0,40
Engis,61080,2020-07-24,0,40
Engis,61080,2020-07-25,0,40
Engis,61080,2020-07-26,0,40
Engis,61080,2020-07-27,0,40
Engis,61080,2020-07-28,1,41
Engis,61080,2020-07-29,1,42
Engis,61080,2020-07-30,0,42
Engis,61080,2020-07-31,0,42
Engis,61080,2020-08-01,0,42
Engis,61080,2020-08-02,2,44
Engis,61080,2020-08-03,0,44
Engis,61080,2020-08-04,0,44
Engis,61080,2020-08-05,0,44
Engis,61080,2020-08-06,2,46
Engis,61080,2020-08-07,0,46
Engis,61080,2020-08-08,0,46
Engis,61080,2020-08-09,0,46
Engis,61080,2020-08-10,0,46
Engis,61080,2020-08-11,0,46
Engis,61080,2020-08-12,0,46
Engis,61080,2020-08-13,0,46
Engis,61080,2020-08-14,0,46
Engis,61080,2020-08-15,0,46
Engis,61080,2020-08-16,0,46
Engis,61080,2020-08-17,0,46
Engis,61080,2020-08-18,0,46
Engis,61080,2020-08-19,0,46
Engis,61080,2020-08-20,0,46
Engis,61080,2020-08-21,0,46
Engis,61080,2020-08-22,1,47
Engis,61080,2020-08-23,0,47
Engis,61080,2020-08-24,0,47
Engis,61080,2020-08-25,0,47
Engis,61080,2020-08-26,0,47
Engis,61080,2020-08-27,0,47
Engis,61080,2020-08-28,0,47
Engis,61080,2020-08-29,0,47
Engis,61080,2020-08-30,0,47
Engis,61080,2020-08-31,0,47
Engis,61080,2020-09-01,0,47
Engis,61080,2020-09-02,0,47
Engis,61080,2020-09-03,0,47
Engis,61080,2020-09-04,2,49
Engis,61080,2020-09-05,1,50
Engis,61080,2020-09-06,0,50
Engis,61080,2020-09-07,0,50
Engis,61080,2020-09-08,0,50
Engis,61080,2020-09-09,0,50
Engis,61080,2020-09-10,0,50
Engis,61080,2020-09-11,0,50
Engis,61080,2020-09-12,0,50
Engis,61080,2020-09-13,0,50
Engis,61080,2020-09-14,0,50
Engis,61080,2020-09-15,0,50
Engis,61080,2020-09-16,0,50
Engis,61080,2020-09-17,1,51
Engis,61080,2020-09-18,4,55
Engis,61080,2020-09-19,0,55
Engis,61080,2020-09-20,0,55
Engis,61080,2020-09-21,1,56
Engis,61080,2020-09-22,1,57
Engis,61080,2020-09-23,0,57
Engis,61080,2020-09-24,1,58
Engis,61080,2020-09-25,6,64
Engis,61080,2020-09-26,1,65
Engis,61080,2020-09-27,3,68
Engis,61080,2020-09-28,4,72
Engis,61080,2020-09-29,1,73
Engis,61080,2020-09-30,1,74
Engis,61080,2020-10-01,1,75
Engis,61080,2020-10-02,1,76
Engis,61080,2020-10-03,1,77
Engis,61080,2020-10-04,0,77
Engis,61080,2020-10-05,2,79
Engis,61080,2020-10-06,1,80
Engis,61080,2020-10-07,1,81
Engis,61080,2020-10-08,0,81
Engis,61080,2020-10-09,4,85
Engis,61080,2020-10-10,2,87
Engis,61080,2020-10-11,7,94
Engis,61080,2020-10-12,2,96
Engis,61080,2020-10-13,0,96
Engis,61080,2020-10-14,4,100
Engis,61080,2020-10-15,4,104
Engis,61080,2020-10-16,9,113
Engis,61080,2020-10-17,6,119
Engis,61080,2020-10-18,12,131
Engis,61080,2020-10-19,5,136
Engis,61080,2020-10-20,14,150
Engis,61080,2020-10-21,6,156
Engis,61080,2020-10-22,14,170
Engis,61080,2020-10-23,11,181
Engis,61080,2020-10-24,21,202
Engis,61080,2020-10-25,12,214
Engis,61080,2020-10-26,15,229
Engis,61080,2020-10-27,23,252
Engis,61080,2020-10-28,19,271
Engis,61080,2020-10-29,12,283
Engis,61080,2020-10-30,28,311
Engis,61080,2020-10-31,21,332
Engis,61080,2020-11-01,17,349
Engis,61080,2020-11-02,5,354
Engis,61080,2020-11-03,3,357
Engis,61080,2020-11-04,4,361
Engis,61080,2020-11-05,12,373
Engis,61080,2020-11-06,7,380
Engis,61080,2020-11-07,6,386
Engis,61080,2020-11-08,5,391
Engis,61080,2020-11-09,3,394
Engis,61080,2020-11-10,2,396
Engis,61080,2020-11-11,4,400
Tinlot,61081,2020-04-01,0,5
Tinlot,61081,2020-04-02,0,5
Tinlot,61081,2020-04-03,0,5
Tinlot,61081,2020-04-04,0,5
Tinlot,61081,2020-04-05,0,5
Tinlot,61081,2020-04-06,0,5
Tinlot,61081,2020-04-07,2,7
Tinlot,61081,2020-04-08,1,8
Tinlot,61081,2020-04-09,0,8
Tinlot,61081,2020-04-10,0,8
Tinlot,61081,2020-04-11,0,8
Tinlot,61081,2020-04-12,0,8
Tinlot,61081,2020-04-13,0,8
Tinlot,61081,2020-04-14,0,8
Tinlot,61081,2020-04-15,1,9
Tinlot,61081,2020-04-16,1,10
Tinlot,61081,2020-04-17,1,11
Tinlot,61081,2020-04-18,0,11
Tinlot,61081,2020-04-19,0,11
Tinlot,61081,2020-04-20,0,11
Tinlot,61081,2020-04-21,0,11
Tinlot,61081,2020-04-22,0,11
Tinlot,61081,2020-04-23,0,11
Tinlot,61081,2020-04-24,0,11
Tinlot,61081,2020-04-25,0,11
Tinlot,61081,2020-04-26,0,11
Tinlot,61081,2020-04-27,0,11
Tinlot,61081,2020-04-28,0,11
Tinlot,61081,2020-04-29,0,11
Tinlot,61081,2020-04-30,0,11
Tinlot,61081,2020-05-01,0,11
Tinlot,61081,2020-05-02,0,11
Tinlot,61081,2020-05-03,0,11
Tinlot,61081,2020-05-04,0,11
Tinlot,61081,2020-05-05,0,11
Tinlot,61081,2020-05-06,0,11
Tinlot,61081,2020-05-07,0,11
Tinlot,61081,2020-05-08,0,11
Tinlot,61081,2020-05-09,0,11
Tinlot,61081,2020-05-10,0,11
Tinlot,61081,2020-05-11,0,11
Tinlot,61081,2020-05-12,0,11
Tinlot,61081,2020-05-13,0,11
Tinlot,61081,2020-05-14,0,11
Tinlot,61081,2020-05-15,0,11
Tinlot,61081,2020-05-16,0,11
Tinlot,61081,2020-05-17,0,11
Tinlot,61081,2020-05-18,0,11
Tinlot,61081,2020-05-19,0,11
Tinlot,61081,2020-05-20,0,11
Tinlot,61081,2020-05-21,0,11
Tinlot,61081,2020-05-22,0,11
Tinlot,61081,2020-05-23,0,11
Tinlot,61081,2020-05-24,0,11
Tinlot,61081,2020-05-25,0,11
Tinlot,61081,2020-05-26,0,11
Tinlot,61081,2020-05-27,0,11
Tinlot,61081,2020-05-28,0,11
Tinlot,61081,2020-05-29,0,11
Tinlot,61081,2020-05-30,0,11
Tinlot,61081,2020-05-31,0,11
Tinlot,61081,2020-06-01,0,11
Tinlot,61081,2020-06-02,0,11
Tinlot,61081,2020-06-03,0,11
Tinlot,61081,2020-06-04,0,11
Tinlot,61081,2020-06-05,0,11
Tinlot,61081,2020-06-06,0,11
Tinlot,61081,2020-06-07,0,11
Tinlot,61081,2020-06-08,0,11
Tinlot,61081,2020-06-09,0,11
Tinlot,61081,2020-06-10,0,11
Tinlot,61081,2020-06-11,0,11
Tinlot,61081,2020-06-12,0,11
Tinlot,61081,2020-06-13,0,11
Tinlot,61081,2020-06-14,0,11
Tinlot,61081,2020-06-15,0,11
Tinlot,61081,2020-06-16,0,11
Tinlot,61081,2020-06-17,0,11
Tinlot,61081,2020-06-18,0,11
Tinlot,61081,2020-06-19,0,11
Tinlot,61081,2020-06-20,0,11
Tinlot,61081,2020-06-23,0,11
Tinlot,61081,2020-06-24,0,11
Tinlot,61081,2020-06-25,0,11
Tinlot,61081,2020-06-26,0,11
Tinlot,61081,2020-06-27,0,11
Tinlot,61081,2020-06-30,0,11
Tinlot,61081,2020-07-01,0,11
Tinlot,61081,2020-07-02,0,11
Tinlot,61081,2020-07-03,0,11
Tinlot,61081,2020-07-04,0,11
Tinlot,61081,2020-07-07,0,11
Tinlot,61081,2020-07-08,0,11
Tinlot,61081,2020-07-09,0,11
Tinlot,61081,2020-07-10,0,11
Tinlot,61081,2020-07-11,0,11
Tinlot,61081,2020-07-14,0,11
Tinlot,61081,2020-07-15,0,11
Tinlot,61081,2020-07-16,0,11
Tinlot,61081,2020-07-17,0,11
Tinlot,61081,2020-07-18,0,11
Tinlot,61081,2020-07-20,0,11
Tinlot,61081,2020-07-21,0,11
Tinlot,61081,2020-07-22,0,11
Tinlot,61081,2020-07-23,0,11
Tinlot,61081,2020-07-24,0,11
Tinlot,61081,2020-07-25,0,11
Tinlot,61081,2020-07-26,0,11
Tinlot,61081,2020-07-27,0,11
Tinlot,61081,2020-07-28,0,11
Tinlot,61081,2020-07-29,0,11
Tinlot,61081,2020-07-30,0,11
Tinlot,61081,2020-07-31,0,11
Tinlot,61081,2020-08-01,1,12
Tinlot,61081,2020-08-02,0,12
Tinlot,61081,2020-08-03,0,12
Tinlot,61081,2020-08-04,0,12
Tinlot,61081,2020-08-05,0,12
Tinlot,61081,2020-08-06,0,12
Tinlot,61081,2020-08-07,0,12
Tinlot,61081,2020-08-08,0,12
Tinlot,61081,2020-08-09,0,12
Tinlot,61081,2020-08-10,0,12
Tinlot,61081,2020-08-11,0,12
Tinlot,61081,2020-08-12,0,12
Tinlot,61081,2020-08-13,0,12
Tinlot,61081,2020-08-14,0,12
Tinlot,61081,2020-08-15,0,12
Tinlot,61081,2020-08-16,0,12
Tinlot,61081,2020-08-17,0,12
Tinlot,61081,2020-08-18,0,12
Tinlot,61081,2020-08-19,0,12
Tinlot,61081,2020-08-20,0,12
Tinlot,61081,2020-08-21,0,12
Tinlot,61081,2020-08-22,0,12
Tinlot,61081,2020-08-23,0,12
Tinlot,61081,2020-08-24,0,12
Tinlot,61081,2020-08-25,0,12
Tinlot,61081,2020-08-26,0,12
Tinlot,61081,2020-08-27,0,12
Tinlot,61081,2020-08-28,0,12
Tinlot,61081,2020-08-29,0,12
Tinlot,61081,2020-08-30,0,12
Tinlot,61081,2020-08-31,0,12
Tinlot,61081,2020-09-01,0,12
Tinlot,61081,2020-09-02,0,12
Tinlot,61081,2020-09-03,0,12
Tinlot,61081,2020-09-04,0,12
Tinlot,61081,2020-09-05,2,14
Tinlot,61081,2020-09-06,1,15
Tinlot,61081,2020-09-07,0,15
Tinlot,61081,2020-09-08,1,16
Tinlot,61081,2020-09-09,0,16
Tinlot,61081,2020-09-10,0,16
Tinlot,61081,2020-09-11,0,16
Tinlot,61081,2020-09-12,0,16
Tinlot,61081,2020-09-13,3,19
Tinlot,61081,2020-09-14,0,19
Tinlot,61081,2020-09-15,0,19
Tinlot,61081,2020-09-16,0,19
Tinlot,61081,2020-09-17,0,19
Tinlot,61081,2020-09-18,1,20
Tinlot,61081,2020-09-19,0,20
Tinlot,61081,2020-09-20,1,21
Tinlot,61081,2020-09-21,0,21
Tinlot,61081,2020-09-22,0,21
Tinlot,61081,2020-09-23,0,21
Tinlot,61081,2020-09-24,0,21
Tinlot,61081,2020-09-25,2,23
Tinlot,61081,2020-09-26,0,23
Tinlot,61081,2020-09-27,0,23
Tinlot,61081,2020-09-28,0,23
Tinlot,61081,2020-09-29,1,24
Tinlot,61081,2020-09-30,3,27
Tinlot,61081,2020-10-01,0,27
Tinlot,61081,2020-10-02,1,28
Tinlot,61081,2020-10-03,5,33
Tinlot,61081,2020-10-04,0,33
Tinlot,61081,2020-10-05,2,35
Tinlot,61081,2020-10-06,1,36
Tinlot,61081,2020-10-07,3,39
Tinlot,61081,2020-10-08,6,45
Tinlot,61081,2020-10-09,4,49
Tinlot,61081,2020-10-10,12,61
Tinlot,61081,2020-10-11,8,69
Tinlot,61081,2020-10-12,4,73
Tinlot,61081,2020-10-13,1,74
Tinlot,61081,2020-10-14,2,76
Tinlot,61081,2020-10-15,5,81
Tinlot,61081,2020-10-16,3,84
Tinlot,61081,2020-10-17,3,87
Tinlot,61081,2020-10-18,1,88
Tinlot,61081,2020-10-19,5,93
Tinlot,61081,2020-10-20,3,96
Tinlot,61081,2020-10-21,3,99
Tinlot,61081,2020-10-22,8,107
Tinlot,61081,2020-10-23,9,116
Tinlot,61081,2020-10-24,5,121
Tinlot,61081,2020-10-25,8,129
Tinlot,61081,2020-10-26,11,140
Tinlot,61081,2020-10-27,8,148
Tinlot,61081,2020-10-28,11,159
Tinlot,61081,2020-10-29,10,169
Tinlot,61081,2020-10-30,9,178
Tinlot,61081,2020-10-31,8,186
Tinlot,61081,2020-11-01,8,194
Tinlot,61081,2020-11-02,5,199
Tinlot,61081,2020-11-03,2,201
Tinlot,61081,2020-11-04,2,203
Tinlot,61081,2020-11-05,4,207
Tinlot,61081,2020-11-06,6,213
Tinlot,61081,2020-11-07,6,219
Tinlot,61081,2020-11-08,2,221
Tinlot,61081,2020-11-09,0,221
Tinlot,61081,2020-11-10,0,221
Tinlot,61081,2020-11-11,3,224
Ans,62003,2020-04-01,0,20
Ans,62003,2020-04-02,1,21
Ans,62003,2020-04-03,1,22
Ans,62003,2020-04-04,9,31
Ans,62003,2020-04-05,1,32
Ans,62003,2020-04-06,0,32
Ans,62003,2020-04-07,15,47
Ans,62003,2020-04-08,5,52
Ans,62003,2020-04-09,2,54
Ans,62003,2020-04-10,1,55
Ans,62003,2020-04-11,11,66
Ans,62003,2020-04-12,5,71
Ans,62003,2020-04-13,0,71
Ans,62003,2020-04-14,1,72
Ans,62003,2020-04-15,6,78
Ans,62003,2020-04-16,1,79
Ans,62003,2020-04-17,5,84
Ans,62003,2020-04-18,2,86
Ans,62003,2020-04-19,3,89
Ans,62003,2020-04-20,6,95
Ans,62003,2020-04-21,3,98
Ans,62003,2020-04-22,3,101
Ans,62003,2020-04-23,0,101
Ans,62003,2020-04-24,3,104
Ans,62003,2020-04-25,1,105
Ans,62003,2020-04-26,4,109
Ans,62003,2020-04-27,4,113
Ans,62003,2020-04-28,3,116
Ans,62003,2020-04-29,0,116
Ans,62003,2020-04-30,3,119
Ans,62003,2020-05-01,0,119
Ans,62003,2020-05-02,1,120
Ans,62003,2020-05-03,0,120
Ans,62003,2020-05-04,0,120
Ans,62003,2020-05-05,1,121
Ans,62003,2020-05-06,0,121
Ans,62003,2020-05-07,1,122
Ans,62003,2020-05-08,1,123
Ans,62003,2020-05-09,0,123
Ans,62003,2020-05-10,4,127
Ans,62003,2020-05-11,0,127
Ans,62003,2020-05-12,1,128
Ans,62003,2020-05-13,1,129
Ans,62003,2020-05-14,1,130
Ans,62003,2020-05-15,0,130
Ans,62003,2020-05-16,0,130
Ans,62003,2020-05-17,0,130
Ans,62003,2020-05-18,0,130
Ans,62003,2020-05-19,0,130
Ans,62003,2020-05-20,0,130
Ans,62003,2020-05-21,0,130
Ans,62003,2020-05-22,0,130
Ans,62003,2020-05-23,1,131
Ans,62003,2020-05-24,0,131
Ans,62003,2020-05-25,0,131
Ans,62003,2020-05-26,0,131
Ans,62003,2020-05-27,0,131
Ans,62003,2020-05-28,0,131
Ans,62003,2020-05-29,0,131
Ans,62003,2020-05-30,2,133
Ans,62003,2020-05-31,0,133
Ans,62003,2020-06-01,1,134
Ans,62003,2020-06-02,0,134
Ans,62003,2020-06-03,1,135
Ans,62003,2020-06-04,0,135
Ans,62003,2020-06-05,0,135
Ans,62003,2020-06-06,0,135
Ans,62003,2020-06-07,1,136
Ans,62003,2020-06-08,0,136
Ans,62003,2020-06-09,3,139
Ans,62003,2020-06-10,2,141
Ans,62003,2020-06-11,1,142
Ans,62003,2020-06-12,0,142
Ans,62003,2020-06-13,0,142
Ans,62003,2020-06-14,0,142
Ans,62003,2020-06-15,0,142
Ans,62003,2020-06-16,0,142
Ans,62003,2020-06-17,1,143
Ans,62003,2020-06-18,0,143
Ans,62003,2020-06-19,0,143
Ans,62003,2020-06-20,0,143
Ans,62003,2020-06-23,2,145
Ans,62003,2020-06-24,0,145
Ans,62003,2020-06-25,0,145
Ans,62003,2020-06-26,0,145
Ans,62003,2020-06-27,1,146
Ans,62003,2020-06-30,0,146
Ans,62003,2020-07-01,0,146
Ans,62003,2020-07-02,0,146
Ans,62003,2020-07-03,0,146
Ans,62003,2020-07-04,0,146
Ans,62003,2020-07-07,0,146
Ans,62003,2020-07-08,0,146
Ans,62003,2020-07-09,0,146
Ans,62003,2020-07-10,1,147
Ans,62003,2020-07-11,0,147
Ans,62003,2020-07-14,0,147
Ans,62003,2020-07-15,0,147
Ans,62003,2020-07-16,0,147
Ans,62003,2020-07-17,0,147
Ans,62003,2020-07-18,0,147
Ans,62003,2020-07-20,1,148
Ans,62003,2020-07-21,0,148
Ans,62003,2020-07-22,0,148
Ans,62003,2020-07-23,3,151
Ans,62003,2020-07-24,1,152
Ans,62003,2020-07-25,0,152
Ans,62003,2020-07-26,0,152
Ans,62003,2020-07-27,0,152
Ans,62003,2020-07-28,3,155
Ans,62003,2020-07-29,0,155
Ans,62003,2020-07-30,2,157
Ans,62003,2020-07-31,0,157
Ans,62003,2020-08-01,7,164
Ans,62003,2020-08-02,4,168
Ans,62003,2020-08-03,0,168
Ans,62003,2020-08-04,0,168
Ans,62003,2020-08-05,7,175
Ans,62003,2020-08-06,3,178
Ans,62003,2020-08-07,2,180
Ans,62003,2020-08-08,2,182
Ans,62003,2020-08-09,2,184
Ans,62003,2020-08-10,5,189
Ans,62003,2020-08-11,1,190
Ans,62003,2020-08-12,1,191
Ans,62003,2020-08-13,1,192
Ans,62003,2020-08-14,2,194
Ans,62003,2020-08-15,11,205
Ans,62003,2020-08-16,1,206
Ans,62003,2020-08-17,2,208
Ans,62003,2020-08-18,0,208
Ans,62003,2020-08-19,0,208
Ans,62003,2020-08-20,0,208
Ans,62003,2020-08-21,1,209
Ans,62003,2020-08-22,3,212
Ans,62003,2020-08-23,3,215
Ans,62003,2020-08-24,0,215
Ans,62003,2020-08-25,0,215
Ans,62003,2020-08-26,0,215
Ans,62003,2020-08-27,0,215
Ans,62003,2020-08-28,3,218
Ans,62003,2020-08-29,1,219
Ans,62003,2020-08-30,3,222
Ans,62003,2020-08-31,0,222
Ans,62003,2020-09-01,0,222
Ans,62003,2020-09-02,0,222
Ans,62003,2020-09-03,1,223
Ans,62003,2020-09-04,0,223
Ans,62003,2020-09-05,0,223
Ans,62003,2020-09-06,2,225
Ans,62003,2020-09-07,2,227
Ans,62003,2020-09-08,1,228
Ans,62003,2020-09-09,0,228
Ans,62003,2020-09-10,2,230
Ans,62003,2020-09-11,3,233
Ans,62003,2020-09-12,4,237
Ans,62003,2020-09-13,6,243
Ans,62003,2020-09-14,0,243
Ans,62003,2020-09-15,4,247
Ans,62003,2020-09-16,1,248
Ans,62003,2020-09-17,4,252
Ans,62003,2020-09-18,19,271
Ans,62003,2020-09-19,7,278
Ans,62003,2020-09-20,3,281
Ans,62003,2020-09-21,10,291
Ans,62003,2020-09-22,3,294
Ans,62003,2020-09-23,5,299
Ans,62003,2020-09-24,13,312
Ans,62003,2020-09-25,4,316
Ans,62003,2020-09-26,2,318
Ans,62003,2020-09-27,5,323
Ans,62003,2020-09-28,21,344
Ans,62003,2020-09-29,2,346
Ans,62003,2020-09-30,6,352
Ans,62003,2020-10-01,3,355
Ans,62003,2020-10-02,5,360
Ans,62003,2020-10-03,6,366
Ans,62003,2020-10-04,9,375
Ans,62003,2020-10-05,7,382
Ans,62003,2020-10-06,9,391
Ans,62003,2020-10-07,2,393
Ans,62003,2020-10-08,5,398
Ans,62003,2020-10-09,10,408
Ans,62003,2020-10-10,9,417
Ans,62003,2020-10-11,34,451
Ans,62003,2020-10-12,23,474
Ans,62003,2020-10-13,11,485
Ans,62003,2020-10-14,42,527
Ans,62003,2020-10-15,45,572
Ans,62003,2020-10-16,37,609
Ans,62003,2020-10-17,46,655
Ans,62003,2020-10-18,64,719
Ans,62003,2020-10-19,43,762
Ans,62003,2020-10-20,35,797
Ans,62003,2020-10-21,51,848
Ans,62003,2020-10-22,68,916
Ans,62003,2020-10-23,90,1006
Ans,62003,2020-10-24,87,1093
Ans,62003,2020-10-25,67,1160
Ans,62003,2020-10-26,74,1234
Ans,62003,2020-10-27,34,1268
Ans,62003,2020-10-28,99,1367
Ans,62003,2020-10-29,127,1494
Ans,62003,2020-10-30,107,1601
Ans,62003,2020-10-31,108,1709
Ans,62003,2020-11-01,82,1791
Ans,62003,2020-11-02,58,1849
Ans,62003,2020-11-03,15,1864
Ans,62003,2020-11-04,54,1918
Ans,62003,2020-11-05,54,1972
Ans,62003,2020-11-06,68,2040
Ans,62003,2020-11-07,41,2081
Ans,62003,2020-11-08,32,2113
Ans,62003,2020-11-09,24,2137
Ans,62003,2020-11-10,3,2140
Ans,62003,2020-11-11,36,2176
Awans,62006,2020-04-01,1,13
Awans,62006,2020-04-02,0,13
Awans,62006,2020-04-03,2,15
Awans,62006,2020-04-04,3,18
Awans,62006,2020-04-05,0,18
Awans,62006,2020-04-06,0,18
Awans,62006,2020-04-07,3,21
Awans,62006,2020-04-08,2,23
Awans,62006,2020-04-09,1,24
Awans,62006,2020-04-10,1,25
Awans,62006,2020-04-11,3,28
Awans,62006,2020-04-12,3,31
Awans,62006,2020-04-13,1,32
Awans,62006,2020-04-14,0,32
Awans,62006,2020-04-15,3,35
Awans,62006,2020-04-16,0,35
Awans,62006,2020-04-17,0,35
Awans,62006,2020-04-18,2,37
Awans,62006,2020-04-19,1,38
Awans,62006,2020-04-20,11,49
Awans,62006,2020-04-21,3,52
Awans,62006,2020-04-22,0,52
Awans,62006,2020-04-23,0,52
Awans,62006,2020-04-24,5,57
Awans,62006,2020-04-25,1,58
Awans,62006,2020-04-26,2,60
Awans,62006,2020-04-27,2,62
Awans,62006,2020-04-28,1,63
Awans,62006,2020-04-29,0,63
Awans,62006,2020-04-30,0,63
Awans,62006,2020-05-01,1,64
Awans,62006,2020-05-02,0,64
Awans,62006,2020-05-03,0,64
Awans,62006,2020-05-04,0,64
Awans,62006,2020-05-05,0,64
Awans,62006,2020-05-06,1,65
Awans,62006,2020-05-07,1,66
Awans,62006,2020-05-08,0,66
Awans,62006,2020-05-09,0,66
Awans,62006,2020-05-10,3,69
Awans,62006,2020-05-11,2,71
Awans,62006,2020-05-12,0,71
Awans,62006,2020-05-13,0,71
Awans,62006,2020-05-14,0,71
Awans,62006,2020-05-15,0,71
Awans,62006,2020-05-16,0,71
Awans,62006,2020-05-17,0,71
Awans,62006,2020-05-18,0,71
Awans,62006,2020-05-19,1,72
Awans,62006,2020-05-20,1,73
Awans,62006,2020-05-21,0,73
Awans,62006,2020-05-22,2,75
Awans,62006,2020-05-23,0,75
Awans,62006,2020-05-24,2,77
Awans,62006,2020-05-25,5,82
Awans,62006,2020-05-26,0,82
Awans,62006,2020-05-27,1,83
Awans,62006,2020-05-28,0,83
Awans,62006,2020-05-29,0,83
Awans,62006,2020-05-30,0,83
Awans,62006,2020-05-31,1,84
Awans,62006,2020-06-01,0,84
Awans,62006,2020-06-02,1,85
Awans,62006,2020-06-03,0,85
Awans,62006,2020-06-04,0,85
Awans,62006,2020-06-05,0,85
Awans,62006,2020-06-06,2,87
Awans,62006,2020-06-07,0,87
Awans,62006,2020-06-08,0,87
Awans,62006,2020-06-09,0,87
Awans,62006,2020-06-10,0,87
Awans,62006,2020-06-11,0,87
Awans,62006,2020-06-12,0,87
Awans,62006,2020-06-13,0,87
Awans,62006,2020-06-14,0,87
Awans,62006,2020-06-15,0,87
Awans,62006,2020-06-16,1,88
Awans,62006,2020-06-17,0,88
Awans,62006,2020-06-18,0,88
Awans,62006,2020-06-19,0,88
Awans,62006,2020-06-20,0,88
Awans,62006,2020-06-23,0,88
Awans,62006,2020-06-24,0,88
Awans,62006,2020-06-25,1,89
Awans,62006,2020-06-26,0,89
Awans,62006,2020-06-27,0,89
Awans,62006,2020-06-30,0,89
Awans,62006,2020-07-01,0,89
Awans,62006,2020-07-02,0,89
Awans,62006,2020-07-03,0,89
Awans,62006,2020-07-04,0,89
Awans,62006,2020-07-07,2,91
Awans,62006,2020-07-08,0,91
Awans,62006,2020-07-09,1,92
Awans,62006,2020-07-10,0,92
Awans,62006,2020-07-11,0,92
Awans,62006,2020-07-14,0,92
Awans,62006,2020-07-15,0,92
Awans,62006,2020-07-16,0,92
Awans,62006,2020-07-17,0,92
Awans,62006,2020-07-18,0,92
Awans,62006,2020-07-20,0,92
Awans,62006,2020-07-21,0,92
Awans,62006,2020-07-22,0,92
Awans,62006,2020-07-23,0,92
Awans,62006,2020-07-24,0,92
Awans,62006,2020-07-25,0,92
Awans,62006,2020-07-26,0,92
Awans,62006,2020-07-27,0,92
Awans,62006,2020-07-28,0,92
Awans,62006,2020-07-29,0,92
Awans,62006,2020-07-30,0,92
Awans,62006,2020-07-31,0,92
Awans,62006,2020-08-01,0,92
Awans,62006,2020-08-02,0,92
Awans,62006,2020-08-03,0,92
Awans,62006,2020-08-04,0,92
Awans,62006,2020-08-05,0,92
Awans,62006,2020-08-06,0,92
Awans,62006,2020-08-07,0,92
Awans,62006,2020-08-08,0,92
Awans,62006,2020-08-09,0,92
Awans,62006,2020-08-10,0,92
Awans,62006,2020-08-11,1,93
Awans,62006,2020-08-12,0,93
Awans,62006,2020-08-13,0,93
Awans,62006,2020-08-14,0,93
Awans,62006,2020-08-15,1,94
Awans,62006,2020-08-16,0,94
Awans,62006,2020-08-17,0,94
Awans,62006,2020-08-18,0,94
Awans,62006,2020-08-19,0,94
Awans,62006,2020-08-20,0,94
Awans,62006,2020-08-21,0,94
Awans,62006,2020-08-22,0,94
Awans,62006,2020-08-23,0,94
Awans,62006,2020-08-24,0,94
Awans,62006,2020-08-25,0,94
Awans,62006,2020-08-26,0,94
Awans,62006,2020-08-27,1,95
Awans,62006,2020-08-28,1,96
Awans,62006,2020-08-29,0,96
Awans,62006,2020-08-30,1,97
Awans,62006,2020-08-31,0,97
Awans,62006,2020-09-01,0,97
Awans,62006,2020-09-02,0,97
Awans,62006,2020-09-03,1,98
Awans,62006,2020-09-04,0,98
Awans,62006,2020-09-05,1,99
Awans,62006,2020-09-06,0,99
Awans,62006,2020-09-07,0,99
Awans,62006,2020-09-08,0,99
Awans,62006,2020-09-09,0,99
Awans,62006,2020-09-10,0,99
Awans,62006,2020-09-11,0,99
Awans,62006,2020-09-12,0,99
Awans,62006,2020-09-13,0,99
Awans,62006,2020-09-14,0,99
Awans,62006,2020-09-15,1,100
Awans,62006,2020-09-16,0,100
Awans,62006,2020-09-17,0,100
Awans,62006,2020-09-18,1,101
Awans,62006,2020-09-19,1,102
Awans,62006,2020-09-20,0,102
Awans,62006,2020-09-21,4,106
Awans,62006,2020-09-22,2,108
Awans,62006,2020-09-23,2,110
Awans,62006,2020-09-24,7,117
Awans,62006,2020-09-25,4,121
Awans,62006,2020-09-26,2,123
Awans,62006,2020-09-27,3,126
Awans,62006,2020-09-28,5,131
Awans,62006,2020-09-29,0,131
Awans,62006,2020-09-30,1,132
Awans,62006,2020-10-01,1,133
Awans,62006,2020-10-02,1,134
Awans,62006,2020-10-03,4,138
Awans,62006,2020-10-04,2,140
Awans,62006,2020-10-05,3,143
Awans,62006,2020-10-06,1,144
Awans,62006,2020-10-07,1,145
Awans,62006,2020-10-08,1,146
Awans,62006,2020-10-09,3,149
Awans,62006,2020-10-10,4,153
Awans,62006,2020-10-11,16,169
Awans,62006,2020-10-12,14,183
Awans,62006,2020-10-13,8,191
Awans,62006,2020-10-14,22,213
Awans,62006,2020-10-15,24,237
Awans,62006,2020-10-16,22,259
Awans,62006,2020-10-17,21,280
Awans,62006,2020-10-18,19,299
Awans,62006,2020-10-19,19,318
Awans,62006,2020-10-20,19,337
Awans,62006,2020-10-21,20,357
Awans,62006,2020-10-22,24,381
Awans,62006,2020-10-23,21,402
Awans,62006,2020-10-24,30,432
Awans,62006,2020-10-25,14,446
Awans,62006,2020-10-26,19,465
Awans,62006,2020-10-27,17,482
Awans,62006,2020-10-28,56,538
Awans,62006,2020-10-29,38,576
Awans,62006,2020-10-30,39,615
Awans,62006,2020-10-31,36,651
Awans,62006,2020-11-01,27,678
Awans,62006,2020-11-02,17,695
Awans,62006,2020-11-03,6,701
Awans,62006,2020-11-04,19,720
Awans,62006,2020-11-05,15,735
Awans,62006,2020-11-06,29,764
Awans,62006,2020-11-07,15,779
Awans,62006,2020-11-08,9,788
Awans,62006,2020-11-09,3,791
Awans,62006,2020-11-10,7,798
Awans,62006,2020-11-11,8,806
Aywaille,62009,2020-04-01,1,13
Aywaille,62009,2020-04-02,0,13
Aywaille,62009,2020-04-03,0,13
Aywaille,62009,2020-04-04,1,14
Aywaille,62009,2020-04-05,1,15
Aywaille,62009,2020-04-06,0,15
Aywaille,62009,2020-04-07,6,21
Aywaille,62009,2020-04-08,1,22
Aywaille,62009,2020-04-09,2,24
Aywaille,62009,2020-04-10,2,26
Aywaille,62009,2020-04-11,4,30
Aywaille,62009,2020-04-12,0,30
Aywaille,62009,2020-04-13,5,35
Aywaille,62009,2020-04-14,0,35
Aywaille,62009,2020-04-15,2,37
Aywaille,62009,2020-04-16,3,40
Aywaille,62009,2020-04-17,1,41
Aywaille,62009,2020-04-18,2,43
Aywaille,62009,2020-04-19,3,46
Aywaille,62009,2020-04-20,4,50
Aywaille,62009,2020-04-21,0,50
Aywaille,62009,2020-04-22,1,51
Aywaille,62009,2020-04-23,0,51
Aywaille,62009,2020-04-24,0,51
Aywaille,62009,2020-04-25,0,51
Aywaille,62009,2020-04-26,2,53
Aywaille,62009,2020-04-27,0,53
Aywaille,62009,2020-04-28,5,58
Aywaille,62009,2020-04-29,0,58
Aywaille,62009,2020-04-30,1,59
Aywaille,62009,2020-05-01,0,59
Aywaille,62009,2020-05-02,1,60
Aywaille,62009,2020-05-03,0,60
Aywaille,62009,2020-05-04,0,60
Aywaille,62009,2020-05-05,0,60
Aywaille,62009,2020-05-06,0,60
Aywaille,62009,2020-05-07,0,60
Aywaille,62009,2020-05-08,0,60
Aywaille,62009,2020-05-09,0,60
Aywaille,62009,2020-05-10,0,60
Aywaille,62009,2020-05-11,1,61
Aywaille,62009,2020-05-12,1,62
Aywaille,62009,2020-05-13,0,62
Aywaille,62009,2020-05-14,2,64
Aywaille,62009,2020-05-15,0,64
Aywaille,62009,2020-05-16,0,64
Aywaille,62009,2020-05-17,0,64
Aywaille,62009,2020-05-18,0,64
Aywaille,62009,2020-05-19,0,64
Aywaille,62009,2020-05-20,0,64
Aywaille,62009,2020-05-21,0,64
Aywaille,62009,2020-05-22,0,64
Aywaille,62009,2020-05-23,0,64
Aywaille,62009,2020-05-24,0,64
Aywaille,62009,2020-05-25,0,64
Aywaille,62009,2020-05-26,1,65
Aywaille,62009,2020-05-27,0,65
Aywaille,62009,2020-05-28,0,65
Aywaille,62009,2020-05-29,0,65
Aywaille,62009,2020-05-30,0,65
Aywaille,62009,2020-05-31,0,65
Aywaille,62009,2020-06-01,0,65
Aywaille,62009,2020-06-02,0,65
Aywaille,62009,2020-06-03,0,65
Aywaille,62009,2020-06-04,0,65
Aywaille,62009,2020-06-05,0,65
Aywaille,62009,2020-06-06,0,65
Aywaille,62009,2020-06-07,0,65
Aywaille,62009,2020-06-08,0,65
Aywaille,62009,2020-06-09,0,65
Aywaille,62009,2020-06-10,0,65
Aywaille,62009,2020-06-11,0,65
Aywaille,62009,2020-06-12,0,65
Aywaille,62009,2020-06-13,0,65
Aywaille,62009,2020-06-14,0,65
Aywaille,62009,2020-06-15,0,65
Aywaille,62009,2020-06-16,0,65
Aywaille,62009,2020-06-17,0,65
Aywaille,62009,2020-06-18,0,65
Aywaille,62009,2020-06-19,0,65
Aywaille,62009,2020-06-20,0,65
Aywaille,62009,2020-06-23,0,65
Aywaille,62009,2020-06-24,0,65
Aywaille,62009,2020-06-25,2,67
Aywaille,62009,2020-06-26,0,67
Aywaille,62009,2020-06-27,0,67
Aywaille,62009,2020-06-30,0,67
Aywaille,62009,2020-07-01,0,67
Aywaille,62009,2020-07-02,0,67
Aywaille,62009,2020-07-03,0,67
Aywaille,62009,2020-07-04,0,67
Aywaille,62009,2020-07-07,1,68
Aywaille,62009,2020-07-08,0,68
Aywaille,62009,2020-07-09,0,68
Aywaille,62009,2020-07-10,1,69
Aywaille,62009,2020-07-11,0,69
Aywaille,62009,2020-07-14,0,69
Aywaille,62009,2020-07-15,0,69
Aywaille,62009,2020-07-16,0,69
Aywaille,62009,2020-07-17,0,69
Aywaille,62009,2020-07-18,0,69
Aywaille,62009,2020-07-20,0,69
Aywaille,62009,2020-07-21,0,69
Aywaille,62009,2020-07-22,0,69
Aywaille,62009,2020-07-23,0,69
Aywaille,62009,2020-07-24,0,69
Aywaille,62009,2020-07-25,0,69
Aywaille,62009,2020-07-26,0,69
Aywaille,62009,2020-07-27,0,69
Aywaille,62009,2020-07-28,0,69
Aywaille,62009,2020-07-29,1,70
Aywaille,62009,2020-07-30,0,70
Aywaille,62009,2020-07-31,0,70
Aywaille,62009,2020-08-01,0,70
Aywaille,62009,2020-08-02,0,70
Aywaille,62009,2020-08-03,0,70
Aywaille,62009,2020-08-04,0,70
Aywaille,62009,2020-08-05,1,71
Aywaille,62009,2020-08-06,0,71
Aywaille,62009,2020-08-07,2,73
Aywaille,62009,2020-08-08,1,74
Aywaille,62009,2020-08-09,0,74
Aywaille,62009,2020-08-10,0,74
Aywaille,62009,2020-08-11,1,75
Aywaille,62009,2020-08-12,0,75
Aywaille,62009,2020-08-13,0,75
Aywaille,62009,2020-08-14,0,75
Aywaille,62009,2020-08-15,0,75
Aywaille,62009,2020-08-16,0,75
Aywaille,62009,2020-08-17,0,75
Aywaille,62009,2020-08-18,0,75
Aywaille,62009,2020-08-19,0,75
Aywaille,62009,2020-08-20,0,75
Aywaille,62009,2020-08-21,0,75
Aywaille,62009,2020-08-22,0,75
Aywaille,62009,2020-08-23,0,75
Aywaille,62009,2020-08-24,0,75
Aywaille,62009,2020-08-25,0,75
Aywaille,62009,2020-08-26,0,75
Aywaille,62009,2020-08-27,0,75
Aywaille,62009,2020-08-28,0,75
Aywaille,62009,2020-08-29,0,75
Aywaille,62009,2020-08-30,0,75
Aywaille,62009,2020-08-31,0,75
Aywaille,62009,2020-09-01,0,75
Aywaille,62009,2020-09-02,0,75
Aywaille,62009,2020-09-03,1,76
Aywaille,62009,2020-09-04,0,76
Aywaille,62009,2020-09-05,0,76
Aywaille,62009,2020-09-06,0,76
Aywaille,62009,2020-09-07,0,76
Aywaille,62009,2020-09-08,0,76
Aywaille,62009,2020-09-09,0,76
Aywaille,62009,2020-09-10,1,77
Aywaille,62009,2020-09-11,0,77
Aywaille,62009,2020-09-12,1,78
Aywaille,62009,2020-09-13,0,78
Aywaille,62009,2020-09-14,0,78
Aywaille,62009,2020-09-15,0,78
Aywaille,62009,2020-09-16,2,80
Aywaille,62009,2020-09-17,1,81
Aywaille,62009,2020-09-18,6,87
Aywaille,62009,2020-09-19,1,88
Aywaille,62009,2020-09-20,0,88
Aywaille,62009,2020-09-21,0,88
Aywaille,62009,2020-09-22,0,88
Aywaille,62009,2020-09-23,1,89
Aywaille,62009,2020-09-24,3,92
Aywaille,62009,2020-09-25,2,94
Aywaille,62009,2020-09-26,0,94
Aywaille,62009,2020-09-27,1,95
Aywaille,62009,2020-09-28,4,99
Aywaille,62009,2020-09-29,2,101
Aywaille,62009,2020-09-30,1,102
Aywaille,62009,2020-10-01,1,103
Aywaille,62009,2020-10-02,8,111
Aywaille,62009,2020-10-03,5,116
Aywaille,62009,2020-10-04,9,125
Aywaille,62009,2020-10-05,9,134
Aywaille,62009,2020-10-06,5,139
Aywaille,62009,2020-10-07,7,146
Aywaille,62009,2020-10-08,22,168
Aywaille,62009,2020-10-09,9,177
Aywaille,62009,2020-10-10,10,187
Aywaille,62009,2020-10-11,15,202
Aywaille,62009,2020-10-12,10,212
Aywaille,62009,2020-10-13,8,220
Aywaille,62009,2020-10-14,21,241
Aywaille,62009,2020-10-15,20,261
Aywaille,62009,2020-10-16,10,271
Aywaille,62009,2020-10-17,22,293
Aywaille,62009,2020-10-18,20,313
Aywaille,62009,2020-10-19,22,335
Aywaille,62009,2020-10-20,37,372
Aywaille,62009,2020-10-21,10,382
Aywaille,62009,2020-10-22,14,396
Aywaille,62009,2020-10-23,75,471
Aywaille,62009,2020-10-24,64,535
Aywaille,62009,2020-10-25,28,563
Aywaille,62009,2020-10-26,43,606
Aywaille,62009,2020-10-27,51,657
Aywaille,62009,2020-10-28,40,697
Aywaille,62009,2020-10-29,50,747
Aywaille,62009,2020-10-30,44,791
Aywaille,62009,2020-10-31,36,827
Aywaille,62009,2020-11-01,43,870
Aywaille,62009,2020-11-02,45,915
Aywaille,62009,2020-11-03,1,916
Aywaille,62009,2020-11-04,11,927
Aywaille,62009,2020-11-05,27,954
Aywaille,62009,2020-11-06,24,978
Aywaille,62009,2020-11-07,20,998
Aywaille,62009,2020-11-08,13,1011
Aywaille,62009,2020-11-09,13,1024
Aywaille,62009,2020-11-10,1,1025
Aywaille,62009,2020-11-11,0,1025
Bitsingen,62011,2020-04-01,0,7
Bitsingen,62011,2020-04-02,0,7
Bitsingen,62011,2020-04-03,0,7
Bitsingen,62011,2020-04-04,4,11
Bitsingen,62011,2020-04-05,1,12
Bitsingen,62011,2020-04-06,0,12
Bitsingen,62011,2020-04-07,5,17
Bitsingen,62011,2020-04-08,1,18
Bitsingen,62011,2020-04-09,2,20
Bitsingen,62011,2020-04-10,0,20
Bitsingen,62011,2020-04-11,8,28
Bitsingen,62011,2020-04-12,7,35
Bitsingen,62011,2020-04-13,0,35
Bitsingen,62011,2020-04-14,0,35
Bitsingen,62011,2020-04-15,9,44
Bitsingen,62011,2020-04-16,1,45
Bitsingen,62011,2020-04-17,20,65
Bitsingen,62011,2020-04-18,3,68
Bitsingen,62011,2020-04-19,1,69
Bitsingen,62011,2020-04-20,1,70
Bitsingen,62011,2020-04-21,0,70
Bitsingen,62011,2020-04-22,0,70
Bitsingen,62011,2020-04-23,1,71
Bitsingen,62011,2020-04-24,3,74
Bitsingen,62011,2020-04-25,0,74
Bitsingen,62011,2020-04-26,0,74
Bitsingen,62011,2020-04-27,1,75
Bitsingen,62011,2020-04-28,1,76
Bitsingen,62011,2020-04-29,0,76
Bitsingen,62011,2020-04-30,0,76
Bitsingen,62011,2020-05-01,1,77
Bitsingen,62011,2020-05-02,0,77
Bitsingen,62011,2020-05-03,1,78
Bitsingen,62011,2020-05-04,0,78
Bitsingen,62011,2020-05-05,0,78
Bitsingen,62011,2020-05-06,0,78
Bitsingen,62011,2020-05-07,0,78
Bitsingen,62011,2020-05-08,0,78
Bitsingen,62011,2020-05-09,0,78
Bitsingen,62011,2020-05-10,0,78
Bitsingen,62011,2020-05-11,1,79
Bitsingen,62011,2020-05-12,0,79
Bitsingen,62011,2020-05-13,0,79
Bitsingen,62011,2020-05-14,0,79
Bitsingen,62011,2020-05-15,0,79
Bitsingen,62011,2020-05-16,0,79
Bitsingen,62011,2020-05-17,0,79
Bitsingen,62011,2020-05-18,0,79
Bitsingen,62011,2020-05-19,0,79
Bitsingen,62011,2020-05-20,0,79
Bitsingen,62011,2020-05-21,0,79
Bitsingen,62011,2020-05-22,2,81
Bitsingen,62011,2020-05-23,1,82
Bitsingen,62011,2020-05-24,0,82
Bitsingen,62011,2020-05-25,0,82
Bitsingen,62011,2020-05-26,0,82
Bitsingen,62011,2020-05-27,0,82
Bitsingen,62011,2020-05-28,1,83
Bitsingen,62011,2020-05-29,1,84
Bitsingen,62011,2020-05-30,0,84
Bitsingen,62011,2020-05-31,0,84
Bitsingen,62011,2020-06-01,0,84
Bitsingen,62011,2020-06-02,0,84
Bitsingen,62011,2020-06-03,0,84
Bitsingen,62011,2020-06-04,0,84
Bitsingen,62011,2020-06-05,1,85
Bitsingen,62011,2020-06-06,0,85
Bitsingen,62011,2020-06-07,0,85
Bitsingen,62011,2020-06-08,0,85
Bitsingen,62011,2020-06-09,0,85
Bitsingen,62011,2020-06-10,0,85
Bitsingen,62011,2020-06-11,0,85
Bitsingen,62011,2020-06-12,0,85
Bitsingen,62011,2020-06-13,0,85
Bitsingen,62011,2020-06-14,0,85
Bitsingen,62011,2020-06-15,0,85
Bitsingen,62011,2020-06-16,0,85
Bitsingen,62011,2020-06-17,0,85
Bitsingen,62011,2020-06-18,0,85
Bitsingen,62011,2020-06-19,0,85
Bitsingen,62011,2020-06-20,0,85
Bitsingen,62011,2020-06-23,0,85
Bitsingen,62011,2020-06-24,0,85
Bitsingen,62011,2020-06-25,0,85
Bitsingen,62011,2020-06-26,0,85
Bitsingen,62011,2020-06-27,0,85
Bitsingen,62011,2020-06-30,0,85
Bitsingen,62011,2020-07-01,0,85
Bitsingen,62011,2020-07-02,0,85
Bitsingen,62011,2020-07-03,0,85
Bitsingen,62011,2020-07-04,0,85
Bitsingen,62011,2020-07-07,0,85
Bitsingen,62011,2020-07-08,0,85
Bitsingen,62011,2020-07-09,0,85
Bitsingen,62011,2020-07-10,0,85
Bitsingen,62011,2020-07-11,0,85
Bitsingen,62011,2020-07-14,0,85
Bitsingen,62011,2020-07-15,0,85
Bitsingen,62011,2020-07-16,0,85
Bitsingen,62011,2020-07-17,0,85
Bitsingen,62011,2020-07-18,0,85
Bitsingen,62011,2020-07-20,0,85
Bitsingen,62011,2020-07-21,0,85
Bitsingen,62011,2020-07-22,0,85
Bitsingen,62011,2020-07-23,0,85
Bitsingen,62011,2020-07-24,0,85
Bitsingen,62011,2020-07-25,0,85
Bitsingen,62011,2020-07-26,0,85
Bitsingen,62011,2020-07-27,0,85
Bitsingen,62011,2020-07-28,0,85
Bitsingen,62011,2020-07-29,0,85
Bitsingen,62011,2020-07-30,0,85
Bitsingen,62011,2020-07-31,0,85
Bitsingen,62011,2020-08-01,1,86
Bitsingen,62011,2020-08-02,0,86
Bitsingen,62011,2020-08-03,0,86
Bitsingen,62011,2020-08-04,0,86
Bitsingen,62011,2020-08-05,0,86
Bitsingen,62011,2020-08-06,0,86
Bitsingen,62011,2020-08-07,1,87
Bitsingen,62011,2020-08-08,0,87
Bitsingen,62011,2020-08-09,1,88
Bitsingen,62011,2020-08-10,0,88
Bitsingen,62011,2020-08-11,0,88
Bitsingen,62011,2020-08-12,0,88
Bitsingen,62011,2020-08-13,0,88
Bitsingen,62011,2020-08-14,0,88
Bitsingen,62011,2020-08-15,0,88
Bitsingen,62011,2020-08-16,1,89
Bitsingen,62011,2020-08-17,0,89
Bitsingen,62011,2020-08-18,0,89
Bitsingen,62011,2020-08-19,0,89
Bitsingen,62011,2020-08-20,0,89
Bitsingen,62011,2020-08-21,0,89
Bitsingen,62011,2020-08-22,0,89
Bitsingen,62011,2020-08-23,1,90
Bitsingen,62011,2020-08-24,0,90
Bitsingen,62011,2020-08-25,0,90
Bitsingen,62011,2020-08-26,0,90
Bitsingen,62011,2020-08-27,0,90
Bitsingen,62011,2020-08-28,0,90
Bitsingen,62011,2020-08-29,0,90
Bitsingen,62011,2020-08-30,1,91
Bitsingen,62011,2020-08-31,0,91
Bitsingen,62011,2020-09-01,0,91
Bitsingen,62011,2020-09-02,0,91
Bitsingen,62011,2020-09-03,0,91
Bitsingen,62011,2020-09-04,0,91
Bitsingen,62011,2020-09-05,0,91
Bitsingen,62011,2020-09-06,0,91
Bitsingen,62011,2020-09-07,0,91
Bitsingen,62011,2020-09-08,0,91
Bitsingen,62011,2020-09-09,0,91
Bitsingen,62011,2020-09-10,2,93
Bitsingen,62011,2020-09-11,0,93
Bitsingen,62011,2020-09-12,6,99
Bitsingen,62011,2020-09-13,0,99
Bitsingen,62011,2020-09-14,0,99
Bitsingen,62011,2020-09-15,0,99
Bitsingen,62011,2020-09-16,0,99
Bitsingen,62011,2020-09-17,0,99
Bitsingen,62011,2020-09-18,3,102
Bitsingen,62011,2020-09-19,2,104
Bitsingen,62011,2020-09-20,1,105
Bitsingen,62011,2020-09-21,2,107
Bitsingen,62011,2020-09-22,0,107
Bitsingen,62011,2020-09-23,0,107
Bitsingen,62011,2020-09-24,2,109
Bitsingen,62011,2020-09-25,1,110
Bitsingen,62011,2020-09-26,2,112
Bitsingen,62011,2020-09-27,0,112
Bitsingen,62011,2020-09-28,4,116
Bitsingen,62011,2020-09-29,1,117
Bitsingen,62011,2020-09-30,2,119
Bitsingen,62011,2020-10-01,3,122
Bitsingen,62011,2020-10-02,1,123
Bitsingen,62011,2020-10-03,12,135
Bitsingen,62011,2020-10-04,5,140
Bitsingen,62011,2020-10-05,7,147
Bitsingen,62011,2020-10-06,3,150
Bitsingen,62011,2020-10-07,3,153
Bitsingen,62011,2020-10-08,8,161
Bitsingen,62011,2020-10-09,9,170
Bitsingen,62011,2020-10-10,8,178
Bitsingen,62011,2020-10-11,23,201
Bitsingen,62011,2020-10-12,13,214
Bitsingen,62011,2020-10-13,5,219
Bitsingen,62011,2020-10-14,30,249
Bitsingen,62011,2020-10-15,22,271
Bitsingen,62011,2020-10-16,29,300
Bitsingen,62011,2020-10-17,17,317
Bitsingen,62011,2020-10-18,22,339
Bitsingen,62011,2020-10-19,21,360
Bitsingen,62011,2020-10-20,11,371
Bitsingen,62011,2020-10-21,12,383
Bitsingen,62011,2020-10-22,20,403
Bitsingen,62011,2020-10-23,54,457
Bitsingen,62011,2020-10-24,25,482
Bitsingen,62011,2020-10-25,23,505
Bitsingen,62011,2020-10-26,22,527
Bitsingen,62011,2020-10-27,13,540
Bitsingen,62011,2020-10-28,15,555
Bitsingen,62011,2020-10-29,32,587
Bitsingen,62011,2020-10-30,34,621
Bitsingen,62011,2020-10-31,29,650
Bitsingen,62011,2020-11-01,23,673
Bitsingen,62011,2020-11-02,14,687
Bitsingen,62011,2020-11-03,5,692
Bitsingen,62011,2020-11-04,24,716
Bitsingen,62011,2020-11-05,25,741
Bitsingen,62011,2020-11-06,11,752
Bitsingen,62011,2020-11-07,8,760
Bitsingen,62011,2020-11-08,8,768
Bitsingen,62011,2020-11-09,3,771
Bitsingen,62011,2020-11-10,2,773
Bitsingen,62011,2020-11-11,9,782
Beyne-Heusay,62015,2020-04-01,8,22
Beyne-Heusay,62015,2020-04-02,0,22
Beyne-Heusay,62015,2020-04-03,1,23
Beyne-Heusay,62015,2020-04-04,8,31
Beyne-Heusay,62015,2020-04-05,0,31
Beyne-Heusay,62015,2020-04-06,1,32
Beyne-Heusay,62015,2020-04-07,12,44
Beyne-Heusay,62015,2020-04-08,2,46
Beyne-Heusay,62015,2020-04-09,1,47
Beyne-Heusay,62015,2020-04-10,2,49
Beyne-Heusay,62015,2020-04-11,4,53
Beyne-Heusay,62015,2020-04-12,2,55
Beyne-Heusay,62015,2020-04-13,0,55
Beyne-Heusay,62015,2020-04-14,0,55
Beyne-Heusay,62015,2020-04-15,3,58
Beyne-Heusay,62015,2020-04-16,0,58
Beyne-Heusay,62015,2020-04-17,3,61
Beyne-Heusay,62015,2020-04-18,1,62
Beyne-Heusay,62015,2020-04-19,2,64
Beyne-Heusay,62015,2020-04-20,3,67
Beyne-Heusay,62015,2020-04-21,0,67
Beyne-Heusay,62015,2020-04-22,2,69
Beyne-Heusay,62015,2020-04-23,0,69
Beyne-Heusay,62015,2020-04-24,5,74
Beyne-Heusay,62015,2020-04-25,2,76
Beyne-Heusay,62015,2020-04-26,1,77
Beyne-Heusay,62015,2020-04-27,2,79
Beyne-Heusay,62015,2020-04-28,2,81
Beyne-Heusay,62015,2020-04-29,2,83
Beyne-Heusay,62015,2020-04-30,1,84
Beyne-Heusay,62015,2020-05-01,2,86
Beyne-Heusay,62015,2020-05-02,0,86
Beyne-Heusay,62015,2020-05-03,0,86
Beyne-Heusay,62015,2020-05-04,0,86
Beyne-Heusay,62015,2020-05-05,0,86
Beyne-Heusay,62015,2020-05-06,0,86
Beyne-Heusay,62015,2020-05-07,0,86
Beyne-Heusay,62015,2020-05-08,0,86
Beyne-Heusay,62015,2020-05-09,0,86
Beyne-Heusay,62015,2020-05-10,0,86
Beyne-Heusay,62015,2020-05-11,1,87
Beyne-Heusay,62015,2020-05-12,1,88
Beyne-Heusay,62015,2020-05-13,0,88
Beyne-Heusay,62015,2020-05-14,0,88
Beyne-Heusay,62015,2020-05-15,0,88
Beyne-Heusay,62015,2020-05-16,0,88
Beyne-Heusay,62015,2020-05-17,0,88
Beyne-Heusay,62015,2020-05-18,0,88
Beyne-Heusay,62015,2020-05-19,0,88
Beyne-Heusay,62015,2020-05-20,0,88
Beyne-Heusay,62015,2020-05-21,0,88
Beyne-Heusay,62015,2020-05-22,0,88
Beyne-Heusay,62015,2020-05-23,0,88
Beyne-Heusay,62015,2020-05-24,1,89
Beyne-Heusay,62015,2020-05-25,0,89
Beyne-Heusay,62015,2020-05-26,0,89
Beyne-Heusay,62015,2020-05-27,0,89
Beyne-Heusay,62015,2020-05-28,0,89
Beyne-Heusay,62015,2020-05-29,1,90
Beyne-Heusay,62015,2020-05-30,0,90
Beyne-Heusay,62015,2020-05-31,1,91
Beyne-Heusay,62015,2020-06-01,0,91
Beyne-Heusay,62015,2020-06-02,0,91
Beyne-Heusay,62015,2020-06-03,0,91
Beyne-Heusay,62015,2020-06-04,0,91
Beyne-Heusay,62015,2020-06-05,0,91
Beyne-Heusay,62015,2020-06-06,0,91
Beyne-Heusay,62015,2020-06-07,1,92
Beyne-Heusay,62015,2020-06-08,0,92
Beyne-Heusay,62015,2020-06-09,0,92
Beyne-Heusay,62015,2020-06-10,0,92
Beyne-Heusay,62015,2020-06-11,0,92
Beyne-Heusay,62015,2020-06-12,0,92
Beyne-Heusay,62015,2020-06-13,0,92
Beyne-Heusay,62015,2020-06-14,0,92
Beyne-Heusay,62015,2020-06-15,0,92
Beyne-Heusay,62015,2020-06-16,0,92
Beyne-Heusay,62015,2020-06-17,1,93
Beyne-Heusay,62015,2020-06-18,0,93
Beyne-Heusay,62015,2020-06-19,0,93
Beyne-Heusay,62015,2020-06-20,0,93
Beyne-Heusay,62015,2020-06-23,0,93
Beyne-Heusay,62015,2020-06-24,0,93
Beyne-Heusay,62015,2020-06-25,0,93
Beyne-Heusay,62015,2020-06-26,0,93
Beyne-Heusay,62015,2020-06-27,0,93
Beyne-Heusay,62015,2020-06-30,1,94
Beyne-Heusay,62015,2020-07-01,0,94
Beyne-Heusay,62015,2020-07-02,0,94
Beyne-Heusay,62015,2020-07-03,0,94
Beyne-Heusay,62015,2020-07-04,0,94
Beyne-Heusay,62015,2020-07-07,0,94
Beyne-Heusay,62015,2020-07-08,0,94
Beyne-Heusay,62015,2020-07-09,0,94
Beyne-Heusay,62015,2020-07-10,0,94
Beyne-Heusay,62015,2020-07-11,0,94
Beyne-Heusay,62015,2020-07-14,0,94
Beyne-Heusay,62015,2020-07-15,0,94
Beyne-Heusay,62015,2020-07-16,0,94
Beyne-Heusay,62015,2020-07-17,0,94
Beyne-Heusay,62015,2020-07-18,0,94
Beyne-Heusay,62015,2020-07-20,1,95
Beyne-Heusay,62015,2020-07-21,0,95
Beyne-Heusay,62015,2020-07-22,2,97
Beyne-Heusay,62015,2020-07-23,0,97
Beyne-Heusay,62015,2020-07-24,0,97
Beyne-Heusay,62015,2020-07-25,0,97
Beyne-Heusay,62015,2020-07-26,2,99
Beyne-Heusay,62015,2020-07-27,3,102
Beyne-Heusay,62015,2020-07-28,0,102
Beyne-Heusay,62015,2020-07-29,1,103
Beyne-Heusay,62015,2020-07-30,0,103
Beyne-Heusay,62015,2020-07-31,1,104
Beyne-Heusay,62015,2020-08-01,8,112
Beyne-Heusay,62015,2020-08-02,2,114
Beyne-Heusay,62015,2020-08-03,1,115
Beyne-Heusay,62015,2020-08-04,1,116
Beyne-Heusay,62015,2020-08-05,0,116
Beyne-Heusay,62015,2020-08-06,3,119
Beyne-Heusay,62015,2020-08-07,2,121
Beyne-Heusay,62015,2020-08-08,0,121
Beyne-Heusay,62015,2020-08-09,2,123
Beyne-Heusay,62015,2020-08-10,0,123
Beyne-Heusay,62015,2020-08-11,1,124
Beyne-Heusay,62015,2020-08-12,0,124
Beyne-Heusay,62015,2020-08-13,0,124
Beyne-Heusay,62015,2020-08-14,0,124
Beyne-Heusay,62015,2020-08-15,1,125
Beyne-Heusay,62015,2020-08-16,0,125
Beyne-Heusay,62015,2020-08-17,0,125
Beyne-Heusay,62015,2020-08-18,1,126
Beyne-Heusay,62015,2020-08-19,1,127
Beyne-Heusay,62015,2020-08-20,0,127
Beyne-Heusay,62015,2020-08-21,1,128
Beyne-Heusay,62015,2020-08-22,1,129
Beyne-Heusay,62015,2020-08-23,1,130
Beyne-Heusay,62015,2020-08-24,0,130
Beyne-Heusay,62015,2020-08-25,1,131
Beyne-Heusay,62015,2020-08-26,1,132
Beyne-Heusay,62015,2020-08-27,0,132
Beyne-Heusay,62015,2020-08-28,1,133
Beyne-Heusay,62015,2020-08-29,1,134
Beyne-Heusay,62015,2020-08-30,4,138
Beyne-Heusay,62015,2020-08-31,0,138
Beyne-Heusay,62015,2020-09-01,1,139
Beyne-Heusay,62015,2020-09-02,0,139
Beyne-Heusay,62015,2020-09-03,4,143
Beyne-Heusay,62015,2020-09-04,2,145
Beyne-Heusay,62015,2020-09-05,1,146
Beyne-Heusay,62015,2020-09-06,1,147
Beyne-Heusay,62015,2020-09-07,0,147
Beyne-Heusay,62015,2020-09-08,0,147
Beyne-Heusay,62015,2020-09-09,0,147
Beyne-Heusay,62015,2020-09-10,0,147
Beyne-Heusay,62015,2020-09-11,0,147
Beyne-Heusay,62015,2020-09-12,0,147
Beyne-Heusay,62015,2020-09-13,0,147
Beyne-Heusay,62015,2020-09-14,0,147
Beyne-Heusay,62015,2020-09-15,0,147
Beyne-Heusay,62015,2020-09-16,0,147
Beyne-Heusay,62015,2020-09-17,1,148
Beyne-Heusay,62015,2020-09-18,6,154
Beyne-Heusay,62015,2020-09-19,0,154
Beyne-Heusay,62015,2020-09-20,2,156
Beyne-Heusay,62015,2020-09-21,0,156
Beyne-Heusay,62015,2020-09-22,0,156
Beyne-Heusay,62015,2020-09-23,2,158
Beyne-Heusay,62015,2020-09-24,0,158
Beyne-Heusay,62015,2020-09-25,1,159
Beyne-Heusay,62015,2020-09-26,6,165
Beyne-Heusay,62015,2020-09-27,3,168
Beyne-Heusay,62015,2020-09-28,4,172
Beyne-Heusay,62015,2020-09-29,1,173
Beyne-Heusay,62015,2020-09-30,1,174
Beyne-Heusay,62015,2020-10-01,1,175
Beyne-Heusay,62015,2020-10-02,0,175
Beyne-Heusay,62015,2020-10-03,3,178
Beyne-Heusay,62015,2020-10-04,6,184
Beyne-Heusay,62015,2020-10-05,5,189
Beyne-Heusay,62015,2020-10-06,3,192
Beyne-Heusay,62015,2020-10-07,5,197
Beyne-Heusay,62015,2020-10-08,13,210
Beyne-Heusay,62015,2020-10-09,3,213
Beyne-Heusay,62015,2020-10-10,7,220
Beyne-Heusay,62015,2020-10-11,14,234
Beyne-Heusay,62015,2020-10-12,13,247
Beyne-Heusay,62015,2020-10-13,1,248
Beyne-Heusay,62015,2020-10-14,12,260
Beyne-Heusay,62015,2020-10-15,25,285
Beyne-Heusay,62015,2020-10-16,12,297
Beyne-Heusay,62015,2020-10-17,13,310
Beyne-Heusay,62015,2020-10-18,21,331
Beyne-Heusay,62015,2020-10-19,6,337
Beyne-Heusay,62015,2020-10-20,32,369
Beyne-Heusay,62015,2020-10-21,20,389
Beyne-Heusay,62015,2020-10-22,18,407
Beyne-Heusay,62015,2020-10-23,42,449
Beyne-Heusay,62015,2020-10-24,34,483
Beyne-Heusay,62015,2020-10-25,22,505
Beyne-Heusay,62015,2020-10-26,34,539
Beyne-Heusay,62015,2020-10-27,10,549
Beyne-Heusay,62015,2020-10-28,30,579
Beyne-Heusay,62015,2020-10-29,35,614
Beyne-Heusay,62015,2020-10-30,54,668
Beyne-Heusay,62015,2020-10-31,57,725
Beyne-Heusay,62015,2020-11-01,50,775
Beyne-Heusay,62015,2020-11-02,31,806
Beyne-Heusay,62015,2020-11-03,7,813
Beyne-Heusay,62015,2020-11-04,13,826
Beyne-Heusay,62015,2020-11-05,17,843
Beyne-Heusay,62015,2020-11-06,22,865
Beyne-Heusay,62015,2020-11-07,19,884
Beyne-Heusay,62015,2020-11-08,7,891
Beyne-Heusay,62015,2020-11-09,27,918
Beyne-Heusay,62015,2020-11-10,0,918
Beyne-Heusay,62015,2020-11-11,6,924
Chaudfontaine,62022,2020-04-01,2,50
Chaudfontaine,62022,2020-04-02,1,51
Chaudfontaine,62022,2020-04-03,0,51
Chaudfontaine,62022,2020-04-04,6,57
Chaudfontaine,62022,2020-04-05,0,57
Chaudfontaine,62022,2020-04-06,0,57
Chaudfontaine,62022,2020-04-07,15,72
Chaudfontaine,62022,2020-04-08,3,75
Chaudfontaine,62022,2020-04-09,3,78
Chaudfontaine,62022,2020-04-10,4,82
Chaudfontaine,62022,2020-04-11,3,85
Chaudfontaine,62022,2020-04-12,7,92
Chaudfontaine,62022,2020-04-13,1,93
Chaudfontaine,62022,2020-04-14,5,98
Chaudfontaine,62022,2020-04-15,7,105
Chaudfontaine,62022,2020-04-16,0,105
Chaudfontaine,62022,2020-04-17,3,108
Chaudfontaine,62022,2020-04-18,1,109
Chaudfontaine,62022,2020-04-19,0,109
Chaudfontaine,62022,2020-04-20,5,114
Chaudfontaine,62022,2020-04-21,4,118
Chaudfontaine,62022,2020-04-22,3,121
Chaudfontaine,62022,2020-04-23,1,122
Chaudfontaine,62022,2020-04-24,2,124
Chaudfontaine,62022,2020-04-25,0,124
Chaudfontaine,62022,2020-04-26,0,124
Chaudfontaine,62022,2020-04-27,1,125
Chaudfontaine,62022,2020-04-28,1,126
Chaudfontaine,62022,2020-04-29,0,126
Chaudfontaine,62022,2020-04-30,1,127
Chaudfontaine,62022,2020-05-01,0,127
Chaudfontaine,62022,2020-05-02,0,127
Chaudfontaine,62022,2020-05-03,0,127
Chaudfontaine,62022,2020-05-04,1,128
Chaudfontaine,62022,2020-05-05,0,128
Chaudfontaine,62022,2020-05-06,0,128
Chaudfontaine,62022,2020-05-07,0,128
Chaudfontaine,62022,2020-05-08,0,128
Chaudfontaine,62022,2020-05-09,1,129
Chaudfontaine,62022,2020-05-10,0,129
Chaudfontaine,62022,2020-05-11,1,130
Chaudfontaine,62022,2020-05-12,1,131
Chaudfontaine,62022,2020-05-13,0,131
Chaudfontaine,62022,2020-05-14,3,134
Chaudfontaine,62022,2020-05-15,0,134
Chaudfontaine,62022,2020-05-16,0,134
Chaudfontaine,62022,2020-05-17,1,135
Chaudfontaine,62022,2020-05-18,0,135
Chaudfontaine,62022,2020-05-19,1,136
Chaudfontaine,62022,2020-05-20,1,137
Chaudfontaine,62022,2020-05-21,1,138
Chaudfontaine,62022,2020-05-22,0,138
Chaudfontaine,62022,2020-05-23,0,138
Chaudfontaine,62022,2020-05-24,1,139
Chaudfontaine,62022,2020-05-25,1,140
Chaudfontaine,62022,2020-05-26,1,141
Chaudfontaine,62022,2020-05-27,0,141
Chaudfontaine,62022,2020-05-28,0,141
Chaudfontaine,62022,2020-05-29,0,141
Chaudfontaine,62022,2020-05-30,0,141
Chaudfontaine,62022,2020-05-31,0,141
Chaudfontaine,62022,2020-06-01,0,141
Chaudfontaine,62022,2020-06-02,0,141
Chaudfontaine,62022,2020-06-03,0,141
Chaudfontaine,62022,2020-06-04,0,141
Chaudfontaine,62022,2020-06-05,0,141
Chaudfontaine,62022,2020-06-06,0,141
Chaudfontaine,62022,2020-06-07,0,141
Chaudfontaine,62022,2020-06-08,0,141
Chaudfontaine,62022,2020-06-09,0,141
Chaudfontaine,62022,2020-06-10,1,142
Chaudfontaine,62022,2020-06-11,0,142
Chaudfontaine,62022,2020-06-12,0,142
Chaudfontaine,62022,2020-06-13,0,142
Chaudfontaine,62022,2020-06-14,0,142
Chaudfontaine,62022,2020-06-15,0,142
Chaudfontaine,62022,2020-06-16,0,142
Chaudfontaine,62022,2020-06-17,0,142
Chaudfontaine,62022,2020-06-18,0,142
Chaudfontaine,62022,2020-06-19,0,142
Chaudfontaine,62022,2020-06-20,0,142
Chaudfontaine,62022,2020-06-23,0,142
Chaudfontaine,62022,2020-06-24,0,142
Chaudfontaine,62022,2020-06-25,0,142
Chaudfontaine,62022,2020-06-26,0,142
Chaudfontaine,62022,2020-06-27,0,142
Chaudfontaine,62022,2020-06-30,0,142
Chaudfontaine,62022,2020-07-01,0,142
Chaudfontaine,62022,2020-07-02,0,142
Chaudfontaine,62022,2020-07-03,0,142
Chaudfontaine,62022,2020-07-04,0,142
Chaudfontaine,62022,2020-07-07,0,142
Chaudfontaine,62022,2020-07-08,0,142
Chaudfontaine,62022,2020-07-09,0,142
Chaudfontaine,62022,2020-07-10,0,142
Chaudfontaine,62022,2020-07-11,0,142
Chaudfontaine,62022,2020-07-14,1,143
Chaudfontaine,62022,2020-07-15,0,143
Chaudfontaine,62022,2020-07-16,0,143
Chaudfontaine,62022,2020-07-17,0,143
Chaudfontaine,62022,2020-07-18,0,143
Chaudfontaine,62022,2020-07-20,1,144
Chaudfontaine,62022,2020-07-21,0,144
Chaudfontaine,62022,2020-07-22,1,145
Chaudfontaine,62022,2020-07-23,0,145
Chaudfontaine,62022,2020-07-24,1,146
Chaudfontaine,62022,2020-07-25,0,146
Chaudfontaine,62022,2020-07-26,0,146
Chaudfontaine,62022,2020-07-27,0,146
Chaudfontaine,62022,2020-07-28,1,147
Chaudfontaine,62022,2020-07-29,0,147
Chaudfontaine,62022,2020-07-30,0,147
Chaudfontaine,62022,2020-07-31,0,147
Chaudfontaine,62022,2020-08-01,0,147
Chaudfontaine,62022,2020-08-02,0,147
Chaudfontaine,62022,2020-08-03,0,147
Chaudfontaine,62022,2020-08-04,0,147
Chaudfontaine,62022,2020-08-05,0,147
Chaudfontaine,62022,2020-08-06,0,147
Chaudfontaine,62022,2020-08-07,1,148
Chaudfontaine,62022,2020-08-08,2,150
Chaudfontaine,62022,2020-08-09,0,150
Chaudfontaine,62022,2020-08-10,0,150
Chaudfontaine,62022,2020-08-11,0,150
Chaudfontaine,62022,2020-08-12,0,150
Chaudfontaine,62022,2020-08-13,0,150
Chaudfontaine,62022,2020-08-14,0,150
Chaudfontaine,62022,2020-08-15,1,151
Chaudfontaine,62022,2020-08-16,1,152
Chaudfontaine,62022,2020-08-17,0,152
Chaudfontaine,62022,2020-08-18,1,153
Chaudfontaine,62022,2020-08-19,0,153
Chaudfontaine,62022,2020-08-20,0,153
Chaudfontaine,62022,2020-08-21,0,153
Chaudfontaine,62022,2020-08-22,0,153
Chaudfontaine,62022,2020-08-23,1,154
Chaudfontaine,62022,2020-08-24,0,154
Chaudfontaine,62022,2020-08-25,1,155
Chaudfontaine,62022,2020-08-26,0,155
Chaudfontaine,62022,2020-08-27,1,156
Chaudfontaine,62022,2020-08-28,1,157
Chaudfontaine,62022,2020-08-29,0,157
Chaudfontaine,62022,2020-08-30,0,157
Chaudfontaine,62022,2020-08-31,0,157
Chaudfontaine,62022,2020-09-01,0,157
Chaudfontaine,62022,2020-09-02,0,157
Chaudfontaine,62022,2020-09-03,0,157
Chaudfontaine,62022,2020-09-04,0,157
Chaudfontaine,62022,2020-09-05,0,157
Chaudfontaine,62022,2020-09-06,1,158
Chaudfontaine,62022,2020-09-07,2,160
Chaudfontaine,62022,2020-09-08,0,160
Chaudfontaine,62022,2020-09-09,1,161
Chaudfontaine,62022,2020-09-10,1,162
Chaudfontaine,62022,2020-09-11,3,165
Chaudfontaine,62022,2020-09-12,10,175
Chaudfontaine,62022,2020-09-13,2,177
Chaudfontaine,62022,2020-09-14,2,179
Chaudfontaine,62022,2020-09-15,2,181
Chaudfontaine,62022,2020-09-16,1,182
Chaudfontaine,62022,2020-09-17,1,183
Chaudfontaine,62022,2020-09-18,7,190
Chaudfontaine,62022,2020-09-19,6,196
Chaudfontaine,62022,2020-09-20,2,198
Chaudfontaine,62022,2020-09-21,6,204
Chaudfontaine,62022,2020-09-22,2,206
Chaudfontaine,62022,2020-09-23,5,211
Chaudfontaine,62022,2020-09-24,7,218
Chaudfontaine,62022,2020-09-25,6,224
Chaudfontaine,62022,2020-09-26,0,224
Chaudfontaine,62022,2020-09-27,8,232
Chaudfontaine,62022,2020-09-28,6,238
Chaudfontaine,62022,2020-09-29,4,242
Chaudfontaine,62022,2020-09-30,4,246
Chaudfontaine,62022,2020-10-01,3,249
Chaudfontaine,62022,2020-10-02,6,255
Chaudfontaine,62022,2020-10-03,6,261
Chaudfontaine,62022,2020-10-04,8,269
Chaudfontaine,62022,2020-10-05,10,279
Chaudfontaine,62022,2020-10-06,4,283
Chaudfontaine,62022,2020-10-07,6,289
Chaudfontaine,62022,2020-10-08,15,304
Chaudfontaine,62022,2020-10-09,22,326
Chaudfontaine,62022,2020-10-10,15,341
Chaudfontaine,62022,2020-10-11,27,368
Chaudfontaine,62022,2020-10-12,28,396
Chaudfontaine,62022,2020-10-13,12,408
Chaudfontaine,62022,2020-10-14,51,459
Chaudfontaine,62022,2020-10-15,57,516
Chaudfontaine,62022,2020-10-16,47,563
Chaudfontaine,62022,2020-10-17,28,591
Chaudfontaine,62022,2020-10-18,35,626
Chaudfontaine,62022,2020-10-19,37,663
Chaudfontaine,62022,2020-10-20,49,712
Chaudfontaine,62022,2020-10-21,41,753
Chaudfontaine,62022,2020-10-22,41,794
Chaudfontaine,62022,2020-10-23,82,876
Chaudfontaine,62022,2020-10-24,65,941
Chaudfontaine,62022,2020-10-25,36,977
Chaudfontaine,62022,2020-10-26,71,1048
Chaudfontaine,62022,2020-10-27,29,1077
Chaudfontaine,62022,2020-10-28,53,1130
Chaudfontaine,62022,2020-10-29,97,1227
Chaudfontaine,62022,2020-10-30,71,1298
Chaudfontaine,62022,2020-10-31,77,1375
Chaudfontaine,62022,2020-11-01,68,1443
Chaudfontaine,62022,2020-11-02,35,1478
Chaudfontaine,62022,2020-11-03,6,1484
Chaudfontaine,62022,2020-11-04,24,1508
Chaudfontaine,62022,2020-11-05,35,1543
Chaudfontaine,62022,2020-11-06,33,1576
Chaudfontaine,62022,2020-11-07,33,1609
Chaudfontaine,62022,2020-11-08,18,1627
Chaudfontaine,62022,2020-11-09,14,1641
Chaudfontaine,62022,2020-11-10,0,1641
Chaudfontaine,62022,2020-11-11,17,1658
Comblain-au-Pont,62026,2020-04-01,2,13
Comblain-au-Pont,62026,2020-04-02,0,13
Comblain-au-Pont,62026,2020-04-03,0,13
Comblain-au-Pont,62026,2020-04-04,2,15
Comblain-au-Pont,62026,2020-04-05,0,15
Comblain-au-Pont,62026,2020-04-06,1,16
Comblain-au-Pont,62026,2020-04-07,10,26
Comblain-au-Pont,62026,2020-04-08,8,34
Comblain-au-Pont,62026,2020-04-09,0,34
Comblain-au-Pont,62026,2020-04-10,3,37
Comblain-au-Pont,62026,2020-04-11,3,40
Comblain-au-Pont,62026,2020-04-12,1,41
Comblain-au-Pont,62026,2020-04-13,0,41
Comblain-au-Pont,62026,2020-04-14,1,42
Comblain-au-Pont,62026,2020-04-15,0,42
Comblain-au-Pont,62026,2020-04-16,0,42
Comblain-au-Pont,62026,2020-04-17,0,42
Comblain-au-Pont,62026,2020-04-18,0,42
Comblain-au-Pont,62026,2020-04-19,1,43
Comblain-au-Pont,62026,2020-04-20,0,43
Comblain-au-Pont,62026,2020-04-21,11,54
Comblain-au-Pont,62026,2020-04-22,1,55
Comblain-au-Pont,62026,2020-04-23,0,55
Comblain-au-Pont,62026,2020-04-24,0,55
Comblain-au-Pont,62026,2020-04-25,0,55
Comblain-au-Pont,62026,2020-04-26,2,57
Comblain-au-Pont,62026,2020-04-27,1,58
Comblain-au-Pont,62026,2020-04-28,1,59
Comblain-au-Pont,62026,2020-04-29,1,60
Comblain-au-Pont,62026,2020-04-30,0,60
Comblain-au-Pont,62026,2020-05-01,0,60
Comblain-au-Pont,62026,2020-05-02,2,62
Comblain-au-Pont,62026,2020-05-03,0,62
Comblain-au-Pont,62026,2020-05-04,0,62
Comblain-au-Pont,62026,2020-05-05,0,62
Comblain-au-Pont,62026,2020-05-06,0,62
Comblain-au-Pont,62026,2020-05-07,0,62
Comblain-au-Pont,62026,2020-05-08,0,62
Comblain-au-Pont,62026,2020-05-09,0,62
Comblain-au-Pont,62026,2020-05-10,0,62
Comblain-au-Pont,62026,2020-05-11,0,62
Comblain-au-Pont,62026,2020-05-12,1,63
Comblain-au-Pont,62026,2020-05-13,0,63
Comblain-au-Pont,62026,2020-05-14,0,63
Comblain-au-Pont,62026,2020-05-15,0,63
Comblain-au-Pont,62026,2020-05-16,0,63
Comblain-au-Pont,62026,2020-05-17,0,63
Comblain-au-Pont,62026,2020-05-18,1,64
Comblain-au-Pont,62026,2020-05-19,0,64
Comblain-au-Pont,62026,2020-05-20,0,64
Comblain-au-Pont,62026,2020-05-21,0,64
Comblain-au-Pont,62026,2020-05-22,0,64
Comblain-au-Pont,62026,2020-05-23,1,65
Comblain-au-Pont,62026,2020-05-24,0,65
Comblain-au-Pont,62026,2020-05-25,1,66
Comblain-au-Pont,62026,2020-05-26,0,66
Comblain-au-Pont,62026,2020-05-27,0,66
Comblain-au-Pont,62026,2020-05-28,0,66
Comblain-au-Pont,62026,2020-05-29,0,66
Comblain-au-Pont,62026,2020-05-30,1,67
Comblain-au-Pont,62026,2020-05-31,0,67
Comblain-au-Pont,62026,2020-06-01,0,67
Comblain-au-Pont,62026,2020-06-02,0,67
Comblain-au-Pont,62026,2020-06-03,0,67
Comblain-au-Pont,62026,2020-06-04,0,67
Comblain-au-Pont,62026,2020-06-05,0,67
Comblain-au-Pont,62026,2020-06-06,0,67
Comblain-au-Pont,62026,2020-06-07,0,67
Comblain-au-Pont,62026,2020-06-08,0,67
Comblain-au-Pont,62026,2020-06-09,0,67
Comblain-au-Pont,62026,2020-06-10,0,67
Comblain-au-Pont,62026,2020-06-11,0,67
Comblain-au-Pont,62026,2020-06-12,0,67
Comblain-au-Pont,62026,2020-06-13,0,67
Comblain-au-Pont,62026,2020-06-14,0,67
Comblain-au-Pont,62026,2020-06-15,0,67
Comblain-au-Pont,62026,2020-06-16,0,67
Comblain-au-Pont,62026,2020-06-17,0,67
Comblain-au-Pont,62026,2020-06-18,0,67
Comblain-au-Pont,62026,2020-06-19,0,67
Comblain-au-Pont,62026,2020-06-20,0,67
Comblain-au-Pont,62026,2020-06-23,0,67
Comblain-au-Pont,62026,2020-06-24,0,67
Comblain-au-Pont,62026,2020-06-25,0,67
Comblain-au-Pont,62026,2020-06-26,0,67
Comblain-au-Pont,62026,2020-06-27,0,67
Comblain-au-Pont,62026,2020-06-30,0,67
Comblain-au-Pont,62026,2020-07-01,1,68
Comblain-au-Pont,62026,2020-07-02,0,68
Comblain-au-Pont,62026,2020-07-03,0,68
Comblain-au-Pont,62026,2020-07-04,0,68
Comblain-au-Pont,62026,2020-07-07,0,68
Comblain-au-Pont,62026,2020-07-08,0,68
Comblain-au-Pont,62026,2020-07-09,0,68
Comblain-au-Pont,62026,2020-07-10,0,68
Comblain-au-Pont,62026,2020-07-11,0,68
Comblain-au-Pont,62026,2020-07-14,0,68
Comblain-au-Pont,62026,2020-07-15,0,68
Comblain-au-Pont,62026,2020-07-16,0,68
Comblain-au-Pont,62026,2020-07-17,0,68
Comblain-au-Pont,62026,2020-07-18,0,68
Comblain-au-Pont,62026,2020-07-20,0,68
Comblain-au-Pont,62026,2020-07-21,0,68
Comblain-au-Pont,62026,2020-07-22,0,68
Comblain-au-Pont,62026,2020-07-23,0,68
Comblain-au-Pont,62026,2020-07-24,0,68
Comblain-au-Pont,62026,2020-07-25,0,68
Comblain-au-Pont,62026,2020-07-26,0,68
Comblain-au-Pont,62026,2020-07-27,0,68
Comblain-au-Pont,62026,2020-07-28,0,68
Comblain-au-Pont,62026,2020-07-29,0,68
Comblain-au-Pont,62026,2020-07-30,0,68
Comblain-au-Pont,62026,2020-07-31,1,69
Comblain-au-Pont,62026,2020-08-01,0,69
Comblain-au-Pont,62026,2020-08-02,0,69
Comblain-au-Pont,62026,2020-08-03,0,69
Comblain-au-Pont,62026,2020-08-04,0,69
Comblain-au-Pont,62026,2020-08-05,0,69
Comblain-au-Pont,62026,2020-08-06,0,69
Comblain-au-Pont,62026,2020-08-07,0,69
Comblain-au-Pont,62026,2020-08-08,0,69
Comblain-au-Pont,62026,2020-08-09,0,69
Comblain-au-Pont,62026,2020-08-10,0,69
Comblain-au-Pont,62026,2020-08-11,0,69
Comblain-au-Pont,62026,2020-08-12,0,69
Comblain-au-Pont,62026,2020-08-13,0,69
Comblain-au-Pont,62026,2020-08-14,0,69
Comblain-au-Pont,62026,2020-08-15,0,69
Comblain-au-Pont,62026,2020-08-16,0,69
Comblain-au-Pont,62026,2020-08-17,0,69
Comblain-au-Pont,62026,2020-08-18,0,69
Comblain-au-Pont,62026,2020-08-19,0,69
Comblain-au-Pont,62026,2020-08-20,0,69
Comblain-au-Pont,62026,2020-08-21,0,69
Comblain-au-Pont,62026,2020-08-22,0,69
Comblain-au-Pont,62026,2020-08-23,0,69
Comblain-au-Pont,62026,2020-08-24,0,69
Comblain-au-Pont,62026,2020-08-25,0,69
Comblain-au-Pont,62026,2020-08-26,0,69
Comblain-au-Pont,62026,2020-08-27,0,69
Comblain-au-Pont,62026,2020-08-28,0,69
Comblain-au-Pont,62026,2020-08-29,0,69
Comblain-au-Pont,62026,2020-08-30,0,69
Comblain-au-Pont,62026,2020-08-31,0,69
Comblain-au-Pont,62026,2020-09-01,0,69
Comblain-au-Pont,62026,2020-09-02,0,69
Comblain-au-Pont,62026,2020-09-03,0,69
Comblain-au-Pont,62026,2020-09-04,0,69
Comblain-au-Pont,62026,2020-09-05,0,69
Comblain-au-Pont,62026,2020-09-06,0,69
Comblain-au-Pont,62026,2020-09-07,0,69
Comblain-au-Pont,62026,2020-09-08,0,69
Comblain-au-Pont,62026,2020-09-09,0,69
Comblain-au-Pont,62026,2020-09-10,0,69
Comblain-au-Pont,62026,2020-09-11,0,69
Comblain-au-Pont,62026,2020-09-12,0,69
Comblain-au-Pont,62026,2020-09-13,0,69
Comblain-au-Pont,62026,2020-09-14,0,69
Comblain-au-Pont,62026,2020-09-15,0,69
Comblain-au-Pont,62026,2020-09-16,0,69
Comblain-au-Pont,62026,2020-09-17,0,69
Comblain-au-Pont,62026,2020-09-18,1,70
Comblain-au-Pont,62026,2020-09-19,0,70
Comblain-au-Pont,62026,2020-09-20,1,71
Comblain-au-Pont,62026,2020-09-21,1,72
Comblain-au-Pont,62026,2020-09-22,0,72
Comblain-au-Pont,62026,2020-09-23,2,74
Comblain-au-Pont,62026,2020-09-24,0,74
Comblain-au-Pont,62026,2020-09-25,0,74
Comblain-au-Pont,62026,2020-09-26,1,75
Comblain-au-Pont,62026,2020-09-27,0,75
Comblain-au-Pont,62026,2020-09-28,0,75
Comblain-au-Pont,62026,2020-09-29,0,75
Comblain-au-Pont,62026,2020-09-30,2,77
Comblain-au-Pont,62026,2020-10-01,2,79
Comblain-au-Pont,62026,2020-10-02,2,81
Comblain-au-Pont,62026,2020-10-03,3,84
Comblain-au-Pont,62026,2020-10-04,0,84
Comblain-au-Pont,62026,2020-10-05,4,88
Comblain-au-Pont,62026,2020-10-06,1,89
Comblain-au-Pont,62026,2020-10-07,3,92
Comblain-au-Pont,62026,2020-10-08,6,98
Comblain-au-Pont,62026,2020-10-09,8,106
Comblain-au-Pont,62026,2020-10-10,8,114
Comblain-au-Pont,62026,2020-10-11,13,127
Comblain-au-Pont,62026,2020-10-12,7,134
Comblain-au-Pont,62026,2020-10-13,1,135
Comblain-au-Pont,62026,2020-10-14,8,143
Comblain-au-Pont,62026,2020-10-15,9,152
Comblain-au-Pont,62026,2020-10-16,6,158
Comblain-au-Pont,62026,2020-10-17,13,171
Comblain-au-Pont,62026,2020-10-18,3,174
Comblain-au-Pont,62026,2020-10-19,7,181
Comblain-au-Pont,62026,2020-10-20,10,191
Comblain-au-Pont,62026,2020-10-21,2,193
Comblain-au-Pont,62026,2020-10-22,7,200
Comblain-au-Pont,62026,2020-10-23,6,206
Comblain-au-Pont,62026,2020-10-24,22,228
Comblain-au-Pont,62026,2020-10-25,9,237
Comblain-au-Pont,62026,2020-10-26,14,251
Comblain-au-Pont,62026,2020-10-27,9,260
Comblain-au-Pont,62026,2020-10-28,10,270
Comblain-au-Pont,62026,2020-10-29,20,290
Comblain-au-Pont,62026,2020-10-30,15,305
Comblain-au-Pont,62026,2020-10-31,13,318
Comblain-au-Pont,62026,2020-11-01,8,326
Comblain-au-Pont,62026,2020-11-02,9,335
Comblain-au-Pont,62026,2020-11-03,5,340
Comblain-au-Pont,62026,2020-11-04,2,342
Comblain-au-Pont,62026,2020-11-05,5,347
Comblain-au-Pont,62026,2020-11-06,6,353
Comblain-au-Pont,62026,2020-11-07,3,356
Comblain-au-Pont,62026,2020-11-08,0,356
Comblain-au-Pont,62026,2020-11-09,1,357
Comblain-au-Pont,62026,2020-11-10,1,358
Comblain-au-Pont,62026,2020-11-11,1,359
Dalhem,62027,2020-04-01,0,5
Dalhem,62027,2020-04-02,0,5
Dalhem,62027,2020-04-03,0,5
Dalhem,62027,2020-04-04,2,7
Dalhem,62027,2020-04-05,0,7
Dalhem,62027,2020-04-06,0,7
Dalhem,62027,2020-04-07,1,8
Dalhem,62027,2020-04-08,0,8
Dalhem,62027,2020-04-09,1,9
Dalhem,62027,2020-04-10,0,9
Dalhem,62027,2020-04-11,4,13
Dalhem,62027,2020-04-12,1,14
Dalhem,62027,2020-04-13,0,14
Dalhem,62027,2020-04-14,0,14
Dalhem,62027,2020-04-15,5,19
Dalhem,62027,2020-04-16,0,19
Dalhem,62027,2020-04-17,2,21
Dalhem,62027,2020-04-18,0,21
Dalhem,62027,2020-04-19,4,25
Dalhem,62027,2020-04-20,4,29
Dalhem,62027,2020-04-21,2,31
Dalhem,62027,2020-04-22,0,31
Dalhem,62027,2020-04-23,0,31
Dalhem,62027,2020-04-24,1,32
Dalhem,62027,2020-04-25,0,32
Dalhem,62027,2020-04-26,0,32
Dalhem,62027,2020-04-27,1,33
Dalhem,62027,2020-04-28,0,33
Dalhem,62027,2020-04-29,0,33
Dalhem,62027,2020-04-30,0,33
Dalhem,62027,2020-05-01,0,33
Dalhem,62027,2020-05-02,0,33
Dalhem,62027,2020-05-03,0,33
Dalhem,62027,2020-05-04,0,33
Dalhem,62027,2020-05-05,0,33
Dalhem,62027,2020-05-06,1,34
Dalhem,62027,2020-05-07,0,34
Dalhem,62027,2020-05-08,0,34
Dalhem,62027,2020-05-09,0,34
Dalhem,62027,2020-05-10,0,34
Dalhem,62027,2020-05-11,1,35
Dalhem,62027,2020-05-12,0,35
Dalhem,62027,2020-05-13,0,35
Dalhem,62027,2020-05-14,0,35
Dalhem,62027,2020-05-15,0,35
Dalhem,62027,2020-05-16,0,35
Dalhem,62027,2020-05-17,1,36
Dalhem,62027,2020-05-18,0,36
Dalhem,62027,2020-05-19,1,37
Dalhem,62027,2020-05-20,0,37
Dalhem,62027,2020-05-21,0,37
Dalhem,62027,2020-05-22,0,37
Dalhem,62027,2020-05-23,0,37
Dalhem,62027,2020-05-24,0,37
Dalhem,62027,2020-05-25,0,37
Dalhem,62027,2020-05-26,0,37
Dalhem,62027,2020-05-27,1,38
Dalhem,62027,2020-05-28,0,38
Dalhem,62027,2020-05-29,0,38
Dalhem,62027,2020-05-30,0,38
Dalhem,62027,2020-05-31,0,38
Dalhem,62027,2020-06-01,0,38
Dalhem,62027,2020-06-02,0,38
Dalhem,62027,2020-06-03,1,39
Dalhem,62027,2020-06-04,0,39
Dalhem,62027,2020-06-05,0,39
Dalhem,62027,2020-06-06,0,39
Dalhem,62027,2020-06-07,0,39
Dalhem,62027,2020-06-08,0,39
Dalhem,62027,2020-06-09,0,39
Dalhem,62027,2020-06-10,0,39
Dalhem,62027,2020-06-11,0,39
Dalhem,62027,2020-06-12,0,39
Dalhem,62027,2020-06-13,0,39
Dalhem,62027,2020-06-14,0,39
Dalhem,62027,2020-06-15,0,39
Dalhem,62027,2020-06-16,0,39
Dalhem,62027,2020-06-17,0,39
Dalhem,62027,2020-06-18,0,39
Dalhem,62027,2020-06-19,0,39
Dalhem,62027,2020-06-20,0,39
Dalhem,62027,2020-06-23,0,39
Dalhem,62027,2020-06-24,0,39
Dalhem,62027,2020-06-25,0,39
Dalhem,62027,2020-06-26,0,39
Dalhem,62027,2020-06-27,0,39
Dalhem,62027,2020-06-30,0,39
Dalhem,62027,2020-07-01,0,39
Dalhem,62027,2020-07-02,0,39
Dalhem,62027,2020-07-03,0,39
Dalhem,62027,2020-07-04,0,39
Dalhem,62027,2020-07-07,0,39
Dalhem,62027,2020-07-08,0,39
Dalhem,62027,2020-07-09,0,39
Dalhem,62027,2020-07-10,0,39
Dalhem,62027,2020-07-11,0,39
Dalhem,62027,2020-07-14,1,40
Dalhem,62027,2020-07-15,0,40
Dalhem,62027,2020-07-16,0,40
Dalhem,62027,2020-07-17,0,40
Dalhem,62027,2020-07-18,0,40
Dalhem,62027,2020-07-20,0,40
Dalhem,62027,2020-07-21,0,40
Dalhem,62027,2020-07-22,0,40
Dalhem,62027,2020-07-23,0,40
Dalhem,62027,2020-07-24,1,41
Dalhem,62027,2020-07-25,0,41
Dalhem,62027,2020-07-26,0,41
Dalhem,62027,2020-07-27,5,46
Dalhem,62027,2020-07-28,0,46
Dalhem,62027,2020-07-29,0,46
Dalhem,62027,2020-07-30,0,46
Dalhem,62027,2020-07-31,0,46
Dalhem,62027,2020-08-01,0,46
Dalhem,62027,2020-08-02,0,46
Dalhem,62027,2020-08-03,0,46
Dalhem,62027,2020-08-04,0,46
Dalhem,62027,2020-08-05,0,46
Dalhem,62027,2020-08-06,0,46
Dalhem,62027,2020-08-07,0,46
Dalhem,62027,2020-08-08,0,46
Dalhem,62027,2020-08-09,1,47
Dalhem,62027,2020-08-10,2,49
Dalhem,62027,2020-08-11,0,49
Dalhem,62027,2020-08-12,0,49
Dalhem,62027,2020-08-13,0,49
Dalhem,62027,2020-08-14,0,49
Dalhem,62027,2020-08-15,0,49
Dalhem,62027,2020-08-16,0,49
Dalhem,62027,2020-08-17,0,49
Dalhem,62027,2020-08-18,0,49
Dalhem,62027,2020-08-19,0,49
Dalhem,62027,2020-08-20,0,49
Dalhem,62027,2020-08-21,0,49
Dalhem,62027,2020-08-22,0,49
Dalhem,62027,2020-08-23,0,49
Dalhem,62027,2020-08-24,0,49
Dalhem,62027,2020-08-25,0,49
Dalhem,62027,2020-08-26,1,50
Dalhem,62027,2020-08-27,0,50
Dalhem,62027,2020-08-28,0,50
Dalhem,62027,2020-08-29,0,50
Dalhem,62027,2020-08-30,0,50
Dalhem,62027,2020-08-31,4,54
Dalhem,62027,2020-09-01,0,54
Dalhem,62027,2020-09-02,0,54
Dalhem,62027,2020-09-03,0,54
Dalhem,62027,2020-09-04,0,54
Dalhem,62027,2020-09-05,0,54
Dalhem,62027,2020-09-06,0,54
Dalhem,62027,2020-09-07,0,54
Dalhem,62027,2020-09-08,0,54
Dalhem,62027,2020-09-09,0,54
Dalhem,62027,2020-09-10,0,54
Dalhem,62027,2020-09-11,0,54
Dalhem,62027,2020-09-12,0,54
Dalhem,62027,2020-09-13,0,54
Dalhem,62027,2020-09-14,0,54
Dalhem,62027,2020-09-15,0,54
Dalhem,62027,2020-09-16,0,54
Dalhem,62027,2020-09-17,1,55
Dalhem,62027,2020-09-18,4,59
Dalhem,62027,2020-09-19,2,61
Dalhem,62027,2020-09-20,0,61
Dalhem,62027,2020-09-21,0,61
Dalhem,62027,2020-09-22,1,62
Dalhem,62027,2020-09-23,1,63
Dalhem,62027,2020-09-24,0,63
Dalhem,62027,2020-09-25,3,66
Dalhem,62027,2020-09-26,0,66
Dalhem,62027,2020-09-27,0,66
Dalhem,62027,2020-09-28,1,67
Dalhem,62027,2020-09-29,0,67
Dalhem,62027,2020-09-30,1,68
Dalhem,62027,2020-10-01,3,71
Dalhem,62027,2020-10-02,1,72
Dalhem,62027,2020-10-03,5,77
Dalhem,62027,2020-10-04,2,79
Dalhem,62027,2020-10-05,3,82
Dalhem,62027,2020-10-06,0,82
Dalhem,62027,2020-10-07,3,85
Dalhem,62027,2020-10-08,1,86
Dalhem,62027,2020-10-09,2,88
Dalhem,62027,2020-10-10,5,93
Dalhem,62027,2020-10-11,9,102
Dalhem,62027,2020-10-12,7,109
Dalhem,62027,2020-10-13,4,113
Dalhem,62027,2020-10-14,16,129
Dalhem,62027,2020-10-15,13,142
Dalhem,62027,2020-10-16,13,155
Dalhem,62027,2020-10-17,12,167
Dalhem,62027,2020-10-18,14,181
Dalhem,62027,2020-10-19,13,194
Dalhem,62027,2020-10-20,7,201
Dalhem,62027,2020-10-21,18,219
Dalhem,62027,2020-10-22,22,241
Dalhem,62027,2020-10-23,37,278
Dalhem,62027,2020-10-24,30,308
Dalhem,62027,2020-10-25,27,335
Dalhem,62027,2020-10-26,30,365
Dalhem,62027,2020-10-27,8,373
Dalhem,62027,2020-10-28,36,409
Dalhem,62027,2020-10-29,36,445
Dalhem,62027,2020-10-30,34,479
Dalhem,62027,2020-10-31,31,510
Dalhem,62027,2020-11-01,23,533
Dalhem,62027,2020-11-02,12,545
Dalhem,62027,2020-11-03,3,548
Dalhem,62027,2020-11-04,21,569
Dalhem,62027,2020-11-05,17,586
Dalhem,62027,2020-11-06,11,597
Dalhem,62027,2020-11-07,9,606
Dalhem,62027,2020-11-08,3,609
Dalhem,62027,2020-11-09,6,615
Dalhem,62027,2020-11-10,0,615
Dalhem,62027,2020-11-11,4,619
Esneux,62032,2020-04-01,9,23
Esneux,62032,2020-04-02,0,23
Esneux,62032,2020-04-03,6,29
Esneux,62032,2020-04-04,4,33
Esneux,62032,2020-04-05,0,33
Esneux,62032,2020-04-06,1,34
Esneux,62032,2020-04-07,15,49
Esneux,62032,2020-04-08,3,52
Esneux,62032,2020-04-09,2,54
Esneux,62032,2020-04-10,9,63
Esneux,62032,2020-04-11,1,64
Esneux,62032,2020-04-12,2,66
Esneux,62032,2020-04-13,0,66
Esneux,62032,2020-04-14,0,66
Esneux,62032,2020-04-15,9,75
Esneux,62032,2020-04-16,0,75
Esneux,62032,2020-04-17,3,78
Esneux,62032,2020-04-18,0,78
Esneux,62032,2020-04-19,1,79
Esneux,62032,2020-04-20,1,80
Esneux,62032,2020-04-21,5,85
Esneux,62032,2020-04-22,14,99
Esneux,62032,2020-04-23,0,99
Esneux,62032,2020-04-24,2,101
Esneux,62032,2020-04-25,1,102
Esneux,62032,2020-04-26,1,103
Esneux,62032,2020-04-27,1,104
Esneux,62032,2020-04-28,0,104
Esneux,62032,2020-04-29,0,104
Esneux,62032,2020-04-30,2,106
Esneux,62032,2020-05-01,0,106
Esneux,62032,2020-05-02,0,106
Esneux,62032,2020-05-03,0,106
Esneux,62032,2020-05-04,0,106
Esneux,62032,2020-05-05,3,109
Esneux,62032,2020-05-06,0,109
Esneux,62032,2020-05-07,0,109
Esneux,62032,2020-05-08,0,109
Esneux,62032,2020-05-09,0,109
Esneux,62032,2020-05-10,1,110
Esneux,62032,2020-05-11,1,111
Esneux,62032,2020-05-12,2,113
Esneux,62032,2020-05-13,0,113
Esneux,62032,2020-05-14,0,113
Esneux,62032,2020-05-15,0,113
Esneux,62032,2020-05-16,0,113
Esneux,62032,2020-05-17,1,114
Esneux,62032,2020-05-18,0,114
Esneux,62032,2020-05-19,0,114
Esneux,62032,2020-05-20,0,114
Esneux,62032,2020-05-21,1,115
Esneux,62032,2020-05-22,0,115
Esneux,62032,2020-05-23,0,115
Esneux,62032,2020-05-24,0,115
Esneux,62032,2020-05-25,0,115
Esneux,62032,2020-05-26,0,115
Esneux,62032,2020-05-27,0,115
Esneux,62032,2020-05-28,0,115
Esneux,62032,2020-05-29,1,116
Esneux,62032,2020-05-30,0,116
Esneux,62032,2020-05-31,0,116
Esneux,62032,2020-06-01,0,116
Esneux,62032,2020-06-02,0,116
Esneux,62032,2020-06-03,0,116
Esneux,62032,2020-06-04,0,116
Esneux,62032,2020-06-05,0,116
Esneux,62032,2020-06-06,0,116
Esneux,62032,2020-06-07,0,116
Esneux,62032,2020-06-08,0,116
Esneux,62032,2020-06-09,0,116
Esneux,62032,2020-06-10,0,116
Esneux,62032,2020-06-11,0,116
Esneux,62032,2020-06-12,0,116
Esneux,62032,2020-06-13,0,116
Esneux,62032,2020-06-14,0,116
Esneux,62032,2020-06-15,0,116
Esneux,62032,2020-06-16,0,116
Esneux,62032,2020-06-17,0,116
Esneux,62032,2020-06-18,0,116
Esneux,62032,2020-06-19,0,116
Esneux,62032,2020-06-20,0,116
Esneux,62032,2020-06-23,0,116
Esneux,62032,2020-06-24,0,116
Esneux,62032,2020-06-25,0,116
Esneux,62032,2020-06-26,0,116
Esneux,62032,2020-06-27,0,116
Esneux,62032,2020-06-30,0,116
Esneux,62032,2020-07-01,0,116
Esneux,62032,2020-07-02,0,116
Esneux,62032,2020-07-03,0,116
Esneux,62032,2020-07-04,0,116
Esneux,62032,2020-07-07,0,116
Esneux,62032,2020-07-08,0,116
Esneux,62032,2020-07-09,0,116
Esneux,62032,2020-07-10,0,116
Esneux,62032,2020-07-11,0,116
Esneux,62032,2020-07-14,0,116
Esneux,62032,2020-07-15,0,116
Esneux,62032,2020-07-16,0,116
Esneux,62032,2020-07-17,0,116
Esneux,62032,2020-07-18,0,116
Esneux,62032,2020-07-20,0,116
Esneux,62032,2020-07-21,0,116
Esneux,62032,2020-07-22,0,116
Esneux,62032,2020-07-23,0,116
Esneux,62032,2020-07-24,1,117
Esneux,62032,2020-07-25,0,117
Esneux,62032,2020-07-26,0,117
Esneux,62032,2020-07-27,0,117
Esneux,62032,2020-07-28,0,117
Esneux,62032,2020-07-29,0,117
Esneux,62032,2020-07-30,0,117
Esneux,62032,2020-07-31,1,118
Esneux,62032,2020-08-01,1,119
Esneux,62032,2020-08-02,0,119
Esneux,62032,2020-08-03,0,119
Esneux,62032,2020-08-04,0,119
Esneux,62032,2020-08-05,0,119
Esneux,62032,2020-08-06,0,119
Esneux,62032,2020-08-07,0,119
Esneux,62032,2020-08-08,0,119
Esneux,62032,2020-08-09,0,119
Esneux,62032,2020-08-10,0,119
Esneux,62032,2020-08-11,0,119
Esneux,62032,2020-08-12,0,119
Esneux,62032,2020-08-13,0,119
Esneux,62032,2020-08-14,0,119
Esneux,62032,2020-08-15,1,120
Esneux,62032,2020-08-16,0,120
Esneux,62032,2020-08-17,1,121
Esneux,62032,2020-08-18,0,121
Esneux,62032,2020-08-19,0,121
Esneux,62032,2020-08-20,0,121
Esneux,62032,2020-08-21,0,121
Esneux,62032,2020-08-22,0,121
Esneux,62032,2020-08-23,0,121
Esneux,62032,2020-08-24,0,121
Esneux,62032,2020-08-25,1,122
Esneux,62032,2020-08-26,0,122
Esneux,62032,2020-08-27,0,122
Esneux,62032,2020-08-28,2,124
Esneux,62032,2020-08-29,3,127
Esneux,62032,2020-08-30,1,128
Esneux,62032,2020-08-31,0,128
Esneux,62032,2020-09-01,0,128
Esneux,62032,2020-09-02,1,129
Esneux,62032,2020-09-03,0,129
Esneux,62032,2020-09-04,0,129
Esneux,62032,2020-09-05,0,129
Esneux,62032,2020-09-06,0,129
Esneux,62032,2020-09-07,1,130
Esneux,62032,2020-09-08,1,131
Esneux,62032,2020-09-09,0,131
Esneux,62032,2020-09-10,3,134
Esneux,62032,2020-09-11,0,134
Esneux,62032,2020-09-12,1,135
Esneux,62032,2020-09-13,0,135
Esneux,62032,2020-09-14,0,135
Esneux,62032,2020-09-15,1,136
Esneux,62032,2020-09-16,1,137
Esneux,62032,2020-09-17,0,137
Esneux,62032,2020-09-18,6,143
Esneux,62032,2020-09-19,2,145
Esneux,62032,2020-09-20,1,146
Esneux,62032,2020-09-21,3,149
Esneux,62032,2020-09-22,2,151
Esneux,62032,2020-09-23,6,157
Esneux,62032,2020-09-24,2,159
Esneux,62032,2020-09-25,6,165
Esneux,62032,2020-09-26,0,165
Esneux,62032,2020-09-27,3,168
Esneux,62032,2020-09-28,9,177
Esneux,62032,2020-09-29,2,179
Esneux,62032,2020-09-30,3,182
Esneux,62032,2020-10-01,4,186
Esneux,62032,2020-10-02,4,190
Esneux,62032,2020-10-03,8,198
Esneux,62032,2020-10-04,8,206
Esneux,62032,2020-10-05,8,214
Esneux,62032,2020-10-06,9,223
Esneux,62032,2020-10-07,4,227
Esneux,62032,2020-10-08,13,240
Esneux,62032,2020-10-09,13,253
Esneux,62032,2020-10-10,12,265
Esneux,62032,2020-10-11,19,284
Esneux,62032,2020-10-12,10,294
Esneux,62032,2020-10-13,6,300
Esneux,62032,2020-10-14,32,332
Esneux,62032,2020-10-15,15,347
Esneux,62032,2020-10-16,19,366
Esneux,62032,2020-10-17,20,386
Esneux,62032,2020-10-18,27,413
Esneux,62032,2020-10-19,21,434
Esneux,62032,2020-10-20,15,449
Esneux,62032,2020-10-21,11,460
Esneux,62032,2020-10-22,27,487
Esneux,62032,2020-10-23,43,530
Esneux,62032,2020-10-24,37,567
Esneux,62032,2020-10-25,31,598
Esneux,62032,2020-10-26,39,637
Esneux,62032,2020-10-27,24,661
Esneux,62032,2020-10-28,40,701
Esneux,62032,2020-10-29,39,740
Esneux,62032,2020-10-30,50,790
Esneux,62032,2020-10-31,87,877
Esneux,62032,2020-11-01,42,919
Esneux,62032,2020-11-02,20,939
Esneux,62032,2020-11-03,5,944
Esneux,62032,2020-11-04,15,959
Esneux,62032,2020-11-05,23,982
Esneux,62032,2020-11-06,22,1004
Esneux,62032,2020-11-07,11,1015
Esneux,62032,2020-11-08,13,1028
Esneux,62032,2020-11-09,5,1033
Esneux,62032,2020-11-10,0,1033
Esneux,62032,2020-11-11,6,1039
Fléron,62038,2020-04-01,10,20
Fléron,62038,2020-04-02,0,20
Fléron,62038,2020-04-03,2,22
Fléron,62038,2020-04-04,6,28
Fléron,62038,2020-04-05,0,28
Fléron,62038,2020-04-06,0,28
Fléron,62038,2020-04-07,9,37
Fléron,62038,2020-04-08,4,41
Fléron,62038,2020-04-09,3,44
Fléron,62038,2020-04-10,5,49
Fléron,62038,2020-04-11,6,55
Fléron,62038,2020-04-12,5,60
Fléron,62038,2020-04-13,0,60
Fléron,62038,2020-04-14,2,62
Fléron,62038,2020-04-15,1,63
Fléron,62038,2020-04-16,5,68
Fléron,62038,2020-04-17,5,73
Fléron,62038,2020-04-18,0,73
Fléron,62038,2020-04-19,2,75
Fléron,62038,2020-04-20,2,77
Fléron,62038,2020-04-21,2,79
Fléron,62038,2020-04-22,2,81
Fléron,62038,2020-04-23,0,81
Fléron,62038,2020-04-24,6,87
Fléron,62038,2020-04-25,45,132
Fléron,62038,2020-04-26,8,140
Fléron,62038,2020-04-27,1,141
Fléron,62038,2020-04-28,0,141
Fléron,62038,2020-04-29,0,141
Fléron,62038,2020-04-30,1,142
Fléron,62038,2020-05-01,2,144
Fléron,62038,2020-05-02,1,145
Fléron,62038,2020-05-03,0,145
Fléron,62038,2020-05-04,0,145
Fléron,62038,2020-05-05,0,145
Fléron,62038,2020-05-06,0,145
Fléron,62038,2020-05-07,0,145
Fléron,62038,2020-05-08,1,146
Fléron,62038,2020-05-09,2,148
Fléron,62038,2020-05-10,0,148
Fléron,62038,2020-05-11,0,148
Fléron,62038,2020-05-12,0,148
Fléron,62038,2020-05-13,0,148
Fléron,62038,2020-05-14,0,148
Fléron,62038,2020-05-15,0,148
Fléron,62038,2020-05-16,1,149
Fléron,62038,2020-05-17,0,149
Fléron,62038,2020-05-18,0,149
Fléron,62038,2020-05-19,1,150
Fléron,62038,2020-05-20,0,150
Fléron,62038,2020-05-21,0,150
Fléron,62038,2020-05-22,1,151
Fléron,62038,2020-05-23,0,151
Fléron,62038,2020-05-24,0,151
Fléron,62038,2020-05-25,0,151
Fléron,62038,2020-05-26,0,151
Fléron,62038,2020-05-27,0,151
Fléron,62038,2020-05-28,0,151
Fléron,62038,2020-05-29,0,151
Fléron,62038,2020-05-30,0,151
Fléron,62038,2020-05-31,0,151
Fléron,62038,2020-06-01,1,152
Fléron,62038,2020-06-02,0,152
Fléron,62038,2020-06-03,0,152
Fléron,62038,2020-06-04,0,152
Fléron,62038,2020-06-05,0,152
Fléron,62038,2020-06-06,0,152
Fléron,62038,2020-06-07,0,152
Fléron,62038,2020-06-08,0,152
Fléron,62038,2020-06-09,0,152
Fléron,62038,2020-06-10,0,152
Fléron,62038,2020-06-11,0,152
Fléron,62038,2020-06-12,0,152
Fléron,62038,2020-06-13,0,152
Fléron,62038,2020-06-14,0,152
Fléron,62038,2020-06-15,0,152
Fléron,62038,2020-06-16,0,152
Fléron,62038,2020-06-17,0,152
Fléron,62038,2020-06-18,0,152
Fléron,62038,2020-06-19,0,152
Fléron,62038,2020-06-20,0,152
Fléron,62038,2020-06-23,0,152
Fléron,62038,2020-06-24,0,152
Fléron,62038,2020-06-25,0,152
Fléron,62038,2020-06-26,0,152
Fléron,62038,2020-06-27,1,153
Fléron,62038,2020-06-30,1,154
Fléron,62038,2020-07-01,0,154
Fléron,62038,2020-07-02,4,158
Fléron,62038,2020-07-03,0,158
Fléron,62038,2020-07-04,0,158
Fléron,62038,2020-07-07,0,158
Fléron,62038,2020-07-08,0,158
Fléron,62038,2020-07-09,0,158
Fléron,62038,2020-07-10,0,158
Fléron,62038,2020-07-11,0,158
Fléron,62038,2020-07-14,0,158
Fléron,62038,2020-07-15,0,158
Fléron,62038,2020-07-16,0,158
Fléron,62038,2020-07-17,1,159
Fléron,62038,2020-07-18,0,159
Fléron,62038,2020-07-20,0,159
Fléron,62038,2020-07-21,0,159
Fléron,62038,2020-07-22,0,159
Fléron,62038,2020-07-23,1,160
Fléron,62038,2020-07-24,0,160
Fléron,62038,2020-07-25,0,160
Fléron,62038,2020-07-26,1,161
Fléron,62038,2020-07-27,0,161
Fléron,62038,2020-07-28,0,161
Fléron,62038,2020-07-29,1,162
Fléron,62038,2020-07-30,1,163
Fléron,62038,2020-07-31,0,163
Fléron,62038,2020-08-01,0,163
Fléron,62038,2020-08-02,4,167
Fléron,62038,2020-08-03,0,167
Fléron,62038,2020-08-04,0,167
Fléron,62038,2020-08-05,0,167
Fléron,62038,2020-08-06,0,167
Fléron,62038,2020-08-07,1,168
Fléron,62038,2020-08-08,1,169
Fléron,62038,2020-08-09,0,169
Fléron,62038,2020-08-10,1,170
Fléron,62038,2020-08-11,0,170
Fléron,62038,2020-08-12,1,171
Fléron,62038,2020-08-13,0,171
Fléron,62038,2020-08-14,0,171
Fléron,62038,2020-08-15,1,172
Fléron,62038,2020-08-16,1,173
Fléron,62038,2020-08-17,0,173
Fléron,62038,2020-08-18,0,173
Fléron,62038,2020-08-19,0,173
Fléron,62038,2020-08-20,0,173
Fléron,62038,2020-08-21,0,173
Fléron,62038,2020-08-22,1,174
Fléron,62038,2020-08-23,1,175
Fléron,62038,2020-08-24,0,175
Fléron,62038,2020-08-25,0,175
Fléron,62038,2020-08-26,2,177
Fléron,62038,2020-08-27,0,177
Fléron,62038,2020-08-28,2,179
Fléron,62038,2020-08-29,0,179
Fléron,62038,2020-08-30,1,180
Fléron,62038,2020-08-31,0,180
Fléron,62038,2020-09-01,1,181
Fléron,62038,2020-09-02,0,181
Fléron,62038,2020-09-03,0,181
Fléron,62038,2020-09-04,1,182
Fléron,62038,2020-09-05,0,182
Fléron,62038,2020-09-06,0,182
Fléron,62038,2020-09-07,0,182
Fléron,62038,2020-09-08,0,182
Fléron,62038,2020-09-09,0,182
Fléron,62038,2020-09-10,0,182
Fléron,62038,2020-09-11,0,182
Fléron,62038,2020-09-12,4,186
Fléron,62038,2020-09-13,1,187
Fléron,62038,2020-09-14,2,189
Fléron,62038,2020-09-15,1,190
Fléron,62038,2020-09-16,0,190
Fléron,62038,2020-09-17,0,190
Fléron,62038,2020-09-18,5,195
Fléron,62038,2020-09-19,0,195
Fléron,62038,2020-09-20,1,196
Fléron,62038,2020-09-21,3,199
Fléron,62038,2020-09-22,0,199
Fléron,62038,2020-09-23,4,203
Fléron,62038,2020-09-24,2,205
Fléron,62038,2020-09-25,1,206
Fléron,62038,2020-09-26,9,215
Fléron,62038,2020-09-27,3,218
Fléron,62038,2020-09-28,16,234
Fléron,62038,2020-09-29,1,235
Fléron,62038,2020-09-30,0,235
Fléron,62038,2020-10-01,1,236
Fléron,62038,2020-10-02,4,240
Fléron,62038,2020-10-03,7,247
Fléron,62038,2020-10-04,9,256
Fléron,62038,2020-10-05,5,261
Fléron,62038,2020-10-06,5,266
Fléron,62038,2020-10-07,2,268
Fléron,62038,2020-10-08,8,276
Fléron,62038,2020-10-09,6,282
Fléron,62038,2020-10-10,4,286
Fléron,62038,2020-10-11,11,297
Fléron,62038,2020-10-12,14,311
Fléron,62038,2020-10-13,4,315
Fléron,62038,2020-10-14,20,335
Fléron,62038,2020-10-15,24,359
Fléron,62038,2020-10-16,18,377
Fléron,62038,2020-10-17,14,391
Fléron,62038,2020-10-18,11,402
Fléron,62038,2020-10-19,10,412
Fléron,62038,2020-10-20,24,436
Fléron,62038,2020-10-21,28,464
Fléron,62038,2020-10-22,21,485
Fléron,62038,2020-10-23,63,548
Fléron,62038,2020-10-24,47,595
Fléron,62038,2020-10-25,35,630
Fléron,62038,2020-10-26,51,681
Fléron,62038,2020-10-27,10,691
Fléron,62038,2020-10-28,44,735
Fléron,62038,2020-10-29,60,795
Fléron,62038,2020-10-30,67,862
Fléron,62038,2020-10-31,104,966
Fléron,62038,2020-11-01,54,1020
Fléron,62038,2020-11-02,47,1067
Fléron,62038,2020-11-03,10,1077
Fléron,62038,2020-11-04,33,1110
Fléron,62038,2020-11-05,53,1163
Fléron,62038,2020-11-06,37,1200
Fléron,62038,2020-11-07,25,1225
Fléron,62038,2020-11-08,17,1242
Fléron,62038,2020-11-09,20,1262
Fléron,62038,2020-11-10,0,1262
Fléron,62038,2020-11-11,11,1273
Herstal,62051,2020-04-01,1,51
Herstal,62051,2020-04-02,0,51
Herstal,62051,2020-04-03,9,60
Herstal,62051,2020-04-04,15,75
Herstal,62051,2020-04-05,1,76
Herstal,62051,2020-04-06,1,77
Herstal,62051,2020-04-07,43,120
Herstal,62051,2020-04-08,10,130
Herstal,62051,2020-04-09,2,132
Herstal,62051,2020-04-10,3,135
Herstal,62051,2020-04-11,9,144
Herstal,62051,2020-04-12,8,152
Herstal,62051,2020-04-13,0,152
Herstal,62051,2020-04-14,0,152
Herstal,62051,2020-04-15,24,176
Herstal,62051,2020-04-16,20,196
Herstal,62051,2020-04-17,14,210
Herstal,62051,2020-04-18,6,216
Herstal,62051,2020-04-19,3,219
Herstal,62051,2020-04-20,31,250
Herstal,62051,2020-04-21,3,253
Herstal,62051,2020-04-22,22,275
Herstal,62051,2020-04-23,1,276
Herstal,62051,2020-04-24,2,278
Herstal,62051,2020-04-25,-1,277
Herstal,62051,2020-04-26,11,288
Herstal,62051,2020-04-27,3,291
Herstal,62051,2020-04-28,14,305
Herstal,62051,2020-04-29,1,306
Herstal,62051,2020-04-30,3,309
Herstal,62051,2020-05-01,2,311
Herstal,62051,2020-05-02,3,314
Herstal,62051,2020-05-03,3,317
Herstal,62051,2020-05-04,0,317
Herstal,62051,2020-05-05,1,318
Herstal,62051,2020-05-06,0,318
Herstal,62051,2020-05-07,3,321
Herstal,62051,2020-05-08,2,323
Herstal,62051,2020-05-09,3,326
Herstal,62051,2020-05-10,2,328
Herstal,62051,2020-05-11,2,330
Herstal,62051,2020-05-12,1,331
Herstal,62051,2020-05-13,0,331
Herstal,62051,2020-05-14,0,331
Herstal,62051,2020-05-15,0,331
Herstal,62051,2020-05-16,1,332
Herstal,62051,2020-05-17,3,335
Herstal,62051,2020-05-18,5,340
Herstal,62051,2020-05-19,1,341
Herstal,62051,2020-05-20,3,344
Herstal,62051,2020-05-21,0,344
Herstal,62051,2020-05-22,1,345
Herstal,62051,2020-05-23,0,345
Herstal,62051,2020-05-24,2,347
Herstal,62051,2020-05-25,0,347
Herstal,62051,2020-05-26,1,348
Herstal,62051,2020-05-27,1,349
Herstal,62051,2020-05-28,0,349
Herstal,62051,2020-05-29,2,351
Herstal,62051,2020-05-30,0,351
Herstal,62051,2020-05-31,2,353
Herstal,62051,2020-06-01,0,353
Herstal,62051,2020-06-02,1,354
Herstal,62051,2020-06-03,0,354
Herstal,62051,2020-06-04,0,354
Herstal,62051,2020-06-05,0,354
Herstal,62051,2020-06-06,0,354
Herstal,62051,2020-06-07,0,354
Herstal,62051,2020-06-08,0,354
Herstal,62051,2020-06-09,0,354
Herstal,62051,2020-06-10,2,356
Herstal,62051,2020-06-11,3,359
Herstal,62051,2020-06-12,2,361
Herstal,62051,2020-06-13,0,361
Herstal,62051,2020-06-14,3,364
Herstal,62051,2020-06-15,0,364
Herstal,62051,2020-06-16,0,364
Herstal,62051,2020-06-17,0,364
Herstal,62051,2020-06-18,0,364
Herstal,62051,2020-06-19,2,366
Herstal,62051,2020-06-20,0,366
Herstal,62051,2020-06-23,0,366
Herstal,62051,2020-06-24,0,366
Herstal,62051,2020-06-25,0,366
Herstal,62051,2020-06-26,0,366
Herstal,62051,2020-06-27,0,366
Herstal,62051,2020-06-30,0,366
Herstal,62051,2020-07-01,0,366
Herstal,62051,2020-07-02,0,366
Herstal,62051,2020-07-03,0,366
Herstal,62051,2020-07-04,0,366
Herstal,62051,2020-07-07,1,367
Herstal,62051,2020-07-08,0,367
Herstal,62051,2020-07-09,0,367
Herstal,62051,2020-07-10,0,367
Herstal,62051,2020-07-11,0,367
Herstal,62051,2020-07-14,0,367
Herstal,62051,2020-07-15,0,367
Herstal,62051,2020-07-16,0,367
Herstal,62051,2020-07-17,0,367
Herstal,62051,2020-07-18,0,367
Herstal,62051,2020-07-20,0,367
Herstal,62051,2020-07-21,0,367
Herstal,62051,2020-07-22,0,367
Herstal,62051,2020-07-23,0,367
Herstal,62051,2020-07-24,0,367
Herstal,62051,2020-07-25,0,367
Herstal,62051,2020-07-26,1,368
Herstal,62051,2020-07-27,0,368
Herstal,62051,2020-07-28,2,370
Herstal,62051,2020-07-29,1,371
Herstal,62051,2020-07-30,0,371
Herstal,62051,2020-07-31,1,372
Herstal,62051,2020-08-01,4,376
Herstal,62051,2020-08-02,3,379
Herstal,62051,2020-08-03,3,382
Herstal,62051,2020-08-04,1,383
Herstal,62051,2020-08-05,2,385
Herstal,62051,2020-08-06,4,389
Herstal,62051,2020-08-07,8,397
Herstal,62051,2020-08-08,4,401
Herstal,62051,2020-08-09,3,404
Herstal,62051,2020-08-10,7,411
Herstal,62051,2020-08-11,3,414
Herstal,62051,2020-08-12,1,415
Herstal,62051,2020-08-13,1,416
Herstal,62051,2020-08-14,5,421
Herstal,62051,2020-08-15,9,430
Herstal,62051,2020-08-16,1,431
Herstal,62051,2020-08-17,3,434
Herstal,62051,2020-08-18,1,435
Herstal,62051,2020-08-19,0,435
Herstal,62051,2020-08-20,4,439
Herstal,62051,2020-08-21,1,440
Herstal,62051,2020-08-22,0,440
Herstal,62051,2020-08-23,4,444
Herstal,62051,2020-08-24,0,444
Herstal,62051,2020-08-25,0,444
Herstal,62051,2020-08-26,6,450
Herstal,62051,2020-08-27,3,453
Herstal,62051,2020-08-28,4,457
Herstal,62051,2020-08-29,1,458
Herstal,62051,2020-08-30,3,461
Herstal,62051,2020-08-31,0,461
Herstal,62051,2020-09-01,2,463
Herstal,62051,2020-09-02,2,465
Herstal,62051,2020-09-03,0,465
Herstal,62051,2020-09-04,0,465
Herstal,62051,2020-09-05,7,472
Herstal,62051,2020-09-06,3,475
Herstal,62051,2020-09-07,1,476
Herstal,62051,2020-09-08,3,479
Herstal,62051,2020-09-09,0,479
Herstal,62051,2020-09-10,1,480
Herstal,62051,2020-09-11,2,482
Herstal,62051,2020-09-12,20,502
Herstal,62051,2020-09-13,4,506
Herstal,62051,2020-09-14,2,508
Herstal,62051,2020-09-15,5,513
Herstal,62051,2020-09-16,2,515
Herstal,62051,2020-09-17,0,515
Herstal,62051,2020-09-18,33,548
Herstal,62051,2020-09-19,13,561
Herstal,62051,2020-09-20,6,567
Herstal,62051,2020-09-21,23,590
Herstal,62051,2020-09-22,7,597
Herstal,62051,2020-09-23,8,605
Herstal,62051,2020-09-24,7,612
Herstal,62051,2020-09-25,6,618
Herstal,62051,2020-09-26,4,622
Herstal,62051,2020-09-27,3,625
Herstal,62051,2020-09-28,19,644
Herstal,62051,2020-09-29,11,655
Herstal,62051,2020-09-30,10,665
Herstal,62051,2020-10-01,8,673
Herstal,62051,2020-10-02,15,688
Herstal,62051,2020-10-03,24,712
Herstal,62051,2020-10-04,5,717
Herstal,62051,2020-10-05,11,728
Herstal,62051,2020-10-06,14,742
Herstal,62051,2020-10-07,11,753
Herstal,62051,2020-10-08,28,781
Herstal,62051,2020-10-09,22,803
Herstal,62051,2020-10-10,29,832
Herstal,62051,2020-10-11,76,908
Herstal,62051,2020-10-12,38,946
Herstal,62051,2020-10-13,27,973
Herstal,62051,2020-10-14,63,1036
Herstal,62051,2020-10-15,64,1100
Herstal,62051,2020-10-16,76,1176
Herstal,62051,2020-10-17,59,1235
Herstal,62051,2020-10-18,109,1344
Herstal,62051,2020-10-19,17,1361
Herstal,62051,2020-10-20,53,1414
Herstal,62051,2020-10-21,109,1523
Herstal,62051,2020-10-22,99,1622
Herstal,62051,2020-10-23,148,1770
Herstal,62051,2020-10-24,165,1935
Herstal,62051,2020-10-25,115,2050
Herstal,62051,2020-10-26,103,2153
Herstal,62051,2020-10-27,51,2204
Herstal,62051,2020-10-28,104,2308
Herstal,62051,2020-10-29,151,2459
Herstal,62051,2020-10-30,147,2606
Herstal,62051,2020-10-31,166,2772
Herstal,62051,2020-11-01,138,2910
Herstal,62051,2020-11-02,60,2970
Herstal,62051,2020-11-03,13,2983
Herstal,62051,2020-11-04,103,3086
Herstal,62051,2020-11-05,101,3187
Herstal,62051,2020-11-06,89,3276
Herstal,62051,2020-11-07,56,3332
Herstal,62051,2020-11-08,39,3371
Herstal,62051,2020-11-09,18,3389
Herstal,62051,2020-11-10,10,3399
Herstal,62051,2020-11-11,28,3427
Juprelle,62060,2020-04-01,2,7
Juprelle,62060,2020-04-02,0,7
Juprelle,62060,2020-04-03,4,11
Juprelle,62060,2020-04-04,2,13
Juprelle,62060,2020-04-05,0,13
Juprelle,62060,2020-04-06,0,13
Juprelle,62060,2020-04-07,1,14
Juprelle,62060,2020-04-08,1,15
Juprelle,62060,2020-04-09,0,15
Juprelle,62060,2020-04-10,1,16
Juprelle,62060,2020-04-11,2,18
Juprelle,62060,2020-04-12,2,20
Juprelle,62060,2020-04-13,1,21
Juprelle,62060,2020-04-14,0,21
Juprelle,62060,2020-04-15,4,25
Juprelle,62060,2020-04-16,0,25
Juprelle,62060,2020-04-17,1,26
Juprelle,62060,2020-04-18,0,26
Juprelle,62060,2020-04-19,3,29
Juprelle,62060,2020-04-20,0,29
Juprelle,62060,2020-04-21,0,29
Juprelle,62060,2020-04-22,0,29
Juprelle,62060,2020-04-23,0,29
Juprelle,62060,2020-04-24,0,29
Juprelle,62060,2020-04-25,0,29
Juprelle,62060,2020-04-26,0,29
Juprelle,62060,2020-04-27,0,29
Juprelle,62060,2020-04-28,1,30
Juprelle,62060,2020-04-29,0,30
Juprelle,62060,2020-04-30,0,30
Juprelle,62060,2020-05-01,1,31
Juprelle,62060,2020-05-02,-1,30
Juprelle,62060,2020-05-03,0,30
Juprelle,62060,2020-05-04,0,30
Juprelle,62060,2020-05-05,7,37
Juprelle,62060,2020-05-06,0,37
Juprelle,62060,2020-05-07,0,37
Juprelle,62060,2020-05-08,2,39
Juprelle,62060,2020-05-09,1,40
Juprelle,62060,2020-05-10,0,40
Juprelle,62060,2020-05-11,2,42
Juprelle,62060,2020-05-12,0,42
Juprelle,62060,2020-05-13,0,42
Juprelle,62060,2020-05-14,0,42
Juprelle,62060,2020-05-15,2,44
Juprelle,62060,2020-05-16,1,45
Juprelle,62060,2020-05-17,1,46
Juprelle,62060,2020-05-18,0,46
Juprelle,62060,2020-05-19,0,46
Juprelle,62060,2020-05-20,0,46
Juprelle,62060,2020-05-21,0,46
Juprelle,62060,2020-05-22,0,46
Juprelle,62060,2020-05-23,0,46
Juprelle,62060,2020-05-24,1,47
Juprelle,62060,2020-05-25,0,47
Juprelle,62060,2020-05-26,0,47
Juprelle,62060,2020-05-27,0,47
Juprelle,62060,2020-05-28,0,47
Juprelle,62060,2020-05-29,0,47
Juprelle,62060,2020-05-30,0,47
Juprelle,62060,2020-05-31,0,47
Juprelle,62060,2020-06-01,0,47
Juprelle,62060,2020-06-02,0,47
Juprelle,62060,2020-06-03,0,47
Juprelle,62060,2020-06-04,0,47
Juprelle,62060,2020-06-05,0,47
Juprelle,62060,2020-06-06,0,47
Juprelle,62060,2020-06-07,0,47
Juprelle,62060,2020-06-08,0,47
Juprelle,62060,2020-06-09,1,48
Juprelle,62060,2020-06-10,0,48
Juprelle,62060,2020-06-11,0,48
Juprelle,62060,2020-06-12,0,48
Juprelle,62060,2020-06-13,0,48
Juprelle,62060,2020-06-14,0,48
Juprelle,62060,2020-06-15,0,48
Juprelle,62060,2020-06-16,0,48
Juprelle,62060,2020-06-17,0,48
Juprelle,62060,2020-06-18,0,48
Juprelle,62060,2020-06-19,0,48
Juprelle,62060,2020-06-20,0,48
Juprelle,62060,2020-06-23,0,48
Juprelle,62060,2020-06-24,0,48
Juprelle,62060,2020-06-25,0,48
Juprelle,62060,2020-06-26,0,48
Juprelle,62060,2020-06-27,0,48
Juprelle,62060,2020-06-30,0,48
Juprelle,62060,2020-07-01,0,48
Juprelle,62060,2020-07-02,0,48
Juprelle,62060,2020-07-03,0,48
Juprelle,62060,2020-07-04,0,48
Juprelle,62060,2020-07-07,0,48
Juprelle,62060,2020-07-08,0,48
Juprelle,62060,2020-07-09,0,48
Juprelle,62060,2020-07-10,0,48
Juprelle,62060,2020-07-11,0,48
Juprelle,62060,2020-07-14,0,48
Juprelle,62060,2020-07-15,0,48
Juprelle,62060,2020-07-16,0,48
Juprelle,62060,2020-07-17,0,48
Juprelle,62060,2020-07-18,0,48
Juprelle,62060,2020-07-20,0,48
Juprelle,62060,2020-07-21,0,48
Juprelle,62060,2020-07-22,0,48
Juprelle,62060,2020-07-23,0,48
Juprelle,62060,2020-07-24,0,48
Juprelle,62060,2020-07-25,0,48
Juprelle,62060,2020-07-26,0,48
Juprelle,62060,2020-07-27,0,48
Juprelle,62060,2020-07-28,0,48
Juprelle,62060,2020-07-29,0,48
Juprelle,62060,2020-07-30,0,48
Juprelle,62060,2020-07-31,0,48
Juprelle,62060,2020-08-01,1,49
Juprelle,62060,2020-08-02,1,50
Juprelle,62060,2020-08-03,0,50
Juprelle,62060,2020-08-04,0,50
Juprelle,62060,2020-08-05,0,50
Juprelle,62060,2020-08-06,0,50
Juprelle,62060,2020-08-07,0,50
Juprelle,62060,2020-08-08,0,50
Juprelle,62060,2020-08-09,0,50
Juprelle,62060,2020-08-10,1,51
Juprelle,62060,2020-08-11,0,51
Juprelle,62060,2020-08-12,0,51
Juprelle,62060,2020-08-13,0,51
Juprelle,62060,2020-08-14,1,52
Juprelle,62060,2020-08-15,0,52
Juprelle,62060,2020-08-16,0,52
Juprelle,62060,2020-08-17,1,53
Juprelle,62060,2020-08-18,0,53
Juprelle,62060,2020-08-19,0,53
Juprelle,62060,2020-08-20,1,54
Juprelle,62060,2020-08-21,0,54
Juprelle,62060,2020-08-22,0,54
Juprelle,62060,2020-08-23,0,54
Juprelle,62060,2020-08-24,0,54
Juprelle,62060,2020-08-25,0,54
Juprelle,62060,2020-08-26,0,54
Juprelle,62060,2020-08-27,0,54
Juprelle,62060,2020-08-28,1,55
Juprelle,62060,2020-08-29,0,55
Juprelle,62060,2020-08-30,0,55
Juprelle,62060,2020-08-31,0,55
Juprelle,62060,2020-09-01,0,55
Juprelle,62060,2020-09-02,1,56
Juprelle,62060,2020-09-03,0,56
Juprelle,62060,2020-09-04,0,56
Juprelle,62060,2020-09-05,2,58
Juprelle,62060,2020-09-06,2,60
Juprelle,62060,2020-09-07,0,60
Juprelle,62060,2020-09-08,0,60
Juprelle,62060,2020-09-09,0,60
Juprelle,62060,2020-09-10,1,61
Juprelle,62060,2020-09-11,0,61
Juprelle,62060,2020-09-12,4,65
Juprelle,62060,2020-09-13,2,67
Juprelle,62060,2020-09-14,0,67
Juprelle,62060,2020-09-15,1,68
Juprelle,62060,2020-09-16,0,68
Juprelle,62060,2020-09-17,0,68
Juprelle,62060,2020-09-18,5,73
Juprelle,62060,2020-09-19,2,75
Juprelle,62060,2020-09-20,0,75
Juprelle,62060,2020-09-21,5,80
Juprelle,62060,2020-09-22,1,81
Juprelle,62060,2020-09-23,1,82
Juprelle,62060,2020-09-24,5,87
Juprelle,62060,2020-09-25,11,98
Juprelle,62060,2020-09-26,4,102
Juprelle,62060,2020-09-27,0,102
Juprelle,62060,2020-09-28,6,108
Juprelle,62060,2020-09-29,2,110
Juprelle,62060,2020-09-30,1,111
Juprelle,62060,2020-10-01,1,112
Juprelle,62060,2020-10-02,2,114
Juprelle,62060,2020-10-03,11,125
Juprelle,62060,2020-10-04,5,130
Juprelle,62060,2020-10-05,3,133
Juprelle,62060,2020-10-06,6,139
Juprelle,62060,2020-10-07,8,147
Juprelle,62060,2020-10-08,10,157
Juprelle,62060,2020-10-09,10,167
Juprelle,62060,2020-10-10,6,173
Juprelle,62060,2020-10-11,28,201
Juprelle,62060,2020-10-12,15,216
Juprelle,62060,2020-10-13,6,222
Juprelle,62060,2020-10-14,16,238
Juprelle,62060,2020-10-15,22,260
Juprelle,62060,2020-10-16,21,281
Juprelle,62060,2020-10-17,17,298
Juprelle,62060,2020-10-18,17,315
Juprelle,62060,2020-10-19,16,331
Juprelle,62060,2020-10-20,3,334
Juprelle,62060,2020-10-21,19,353
Juprelle,62060,2020-10-22,35,388
Juprelle,62060,2020-10-23,42,430
Juprelle,62060,2020-10-24,23,453
Juprelle,62060,2020-10-25,39,492
Juprelle,62060,2020-10-26,33,525
Juprelle,62060,2020-10-27,3,528
Juprelle,62060,2020-10-28,36,564
Juprelle,62060,2020-10-29,50,614
Juprelle,62060,2020-10-30,46,660
Juprelle,62060,2020-10-31,39,699
Juprelle,62060,2020-11-01,32,731
Juprelle,62060,2020-11-02,22,753
Juprelle,62060,2020-11-03,8,761
Juprelle,62060,2020-11-04,22,783
Juprelle,62060,2020-11-05,18,801
Juprelle,62060,2020-11-06,16,817
Juprelle,62060,2020-11-07,7,824
Juprelle,62060,2020-11-08,9,833
Juprelle,62060,2020-11-09,7,840
Juprelle,62060,2020-11-10,0,840
Juprelle,62060,2020-11-11,10,850
Luik,62063,2020-04-01,15,253
Luik,62063,2020-04-02,4,257
Luik,62063,2020-04-03,47,304
Luik,62063,2020-04-04,63,367
Luik,62063,2020-04-05,2,369
Luik,62063,2020-04-06,1,370
Luik,62063,2020-04-07,114,484
Luik,62063,2020-04-08,42,526
Luik,62063,2020-04-09,15,541
Luik,62063,2020-04-10,19,560
Luik,62063,2020-04-11,33,593
Luik,62063,2020-04-12,53,646
Luik,62063,2020-04-13,13,659
Luik,62063,2020-04-14,3,662
Luik,62063,2020-04-15,48,710
Luik,62063,2020-04-16,36,746
Luik,62063,2020-04-17,65,811
Luik,62063,2020-04-18,15,826
Luik,62063,2020-04-19,28,854
Luik,62063,2020-04-20,100,954
Luik,62063,2020-04-21,19,973
Luik,62063,2020-04-22,11,984
Luik,62063,2020-04-23,13,997
Luik,62063,2020-04-24,33,1030
Luik,62063,2020-04-25,16,1046
Luik,62063,2020-04-26,44,1090
Luik,62063,2020-04-27,15,1105
Luik,62063,2020-04-28,12,1117
Luik,62063,2020-04-29,7,1124
Luik,62063,2020-04-30,8,1132
Luik,62063,2020-05-01,6,1138
Luik,62063,2020-05-02,7,1145
Luik,62063,2020-05-03,6,1151
Luik,62063,2020-05-04,1,1152
Luik,62063,2020-05-05,0,1152
Luik,62063,2020-05-06,1,1153
Luik,62063,2020-05-07,3,1156
Luik,62063,2020-05-08,6,1162
Luik,62063,2020-05-09,8,1170
Luik,62063,2020-05-10,4,1174
Luik,62063,2020-05-11,10,1184
Luik,62063,2020-05-12,7,1191
Luik,62063,2020-05-13,0,1191
Luik,62063,2020-05-14,4,1195
Luik,62063,2020-05-15,1,1196
Luik,62063,2020-05-16,6,1202
Luik,62063,2020-05-17,7,1209
Luik,62063,2020-05-18,3,1212
Luik,62063,2020-05-19,5,1217
Luik,62063,2020-05-20,2,1219
Luik,62063,2020-05-21,2,1221
Luik,62063,2020-05-22,0,1221
Luik,62063,2020-05-23,3,1224
Luik,62063,2020-05-24,1,1225
Luik,62063,2020-05-25,2,1227
Luik,62063,2020-05-26,1,1228
Luik,62063,2020-05-27,2,1230
Luik,62063,2020-05-28,0,1230
Luik,62063,2020-05-29,7,1237
Luik,62063,2020-05-30,0,1237
Luik,62063,2020-05-31,4,1241
Luik,62063,2020-06-01,1,1242
Luik,62063,2020-06-02,1,1243
Luik,62063,2020-06-03,1,1244
Luik,62063,2020-06-04,0,1244
Luik,62063,2020-06-05,2,1246
Luik,62063,2020-06-06,0,1246
Luik,62063,2020-06-07,1,1247
Luik,62063,2020-06-08,4,1251
Luik,62063,2020-06-09,0,1251
Luik,62063,2020-06-10,6,1257
Luik,62063,2020-06-11,0,1257
Luik,62063,2020-06-12,3,1260
Luik,62063,2020-06-13,2,1262
Luik,62063,2020-06-14,2,1264
Luik,62063,2020-06-15,1,1265
Luik,62063,2020-06-16,1,1266
Luik,62063,2020-06-17,1,1267
Luik,62063,2020-06-18,1,1268
Luik,62063,2020-06-19,0,1268
Luik,62063,2020-06-20,0,1268
Luik,62063,2020-06-23,7,1275
Luik,62063,2020-06-24,4,1279
Luik,62063,2020-06-25,3,1282
Luik,62063,2020-06-26,1,1283
Luik,62063,2020-06-27,0,1283
Luik,62063,2020-06-30,5,1288
Luik,62063,2020-07-01,0,1288
Luik,62063,2020-07-02,0,1288
Luik,62063,2020-07-03,0,1288
Luik,62063,2020-07-04,0,1288
Luik,62063,2020-07-07,0,1288
Luik,62063,2020-07-08,1,1289
Luik,62063,2020-07-09,2,1291
Luik,62063,2020-07-10,1,1292
Luik,62063,2020-07-11,0,1292
Luik,62063,2020-07-14,4,1296
Luik,62063,2020-07-15,0,1296
Luik,62063,2020-07-16,1,1297
Luik,62063,2020-07-17,0,1297
Luik,62063,2020-07-18,4,1301
Luik,62063,2020-07-20,2,1303
Luik,62063,2020-07-21,3,1306
Luik,62063,2020-07-22,1,1307
Luik,62063,2020-07-23,8,1315
Luik,62063,2020-07-24,8,1323
Luik,62063,2020-07-25,2,1325
Luik,62063,2020-07-26,8,1333
Luik,62063,2020-07-27,14,1347
Luik,62063,2020-07-28,3,1350
Luik,62063,2020-07-29,1,1351
Luik,62063,2020-07-30,10,1361
Luik,62063,2020-07-31,6,1367
Luik,62063,2020-08-01,23,1390
Luik,62063,2020-08-02,31,1421
Luik,62063,2020-08-03,8,1429
Luik,62063,2020-08-04,1,1430
Luik,62063,2020-08-05,11,1441
Luik,62063,2020-08-06,13,1454
Luik,62063,2020-08-07,33,1487
Luik,62063,2020-08-08,20,1507
Luik,62063,2020-08-09,11,1518
Luik,62063,2020-08-10,37,1555
Luik,62063,2020-08-11,7,1562
Luik,62063,2020-08-12,21,1583
Luik,62063,2020-08-13,13,1596
Luik,62063,2020-08-14,10,1606
Luik,62063,2020-08-15,79,1685
Luik,62063,2020-08-16,15,1700
Luik,62063,2020-08-17,27,1727
Luik,62063,2020-08-18,10,1737
Luik,62063,2020-08-19,10,1747
Luik,62063,2020-08-20,21,1768
Luik,62063,2020-08-21,6,1774
Luik,62063,2020-08-22,15,1789
Luik,62063,2020-08-23,8,1797
Luik,62063,2020-08-24,4,1801
Luik,62063,2020-08-25,3,1804
Luik,62063,2020-08-26,14,1818
Luik,62063,2020-08-27,4,1822
Luik,62063,2020-08-28,9,1831
Luik,62063,2020-08-29,4,1835
Luik,62063,2020-08-30,24,1859
Luik,62063,2020-08-31,1,1860
Luik,62063,2020-09-01,-3,1857
Luik,62063,2020-09-02,6,1863
Luik,62063,2020-09-03,2,1865
Luik,62063,2020-09-04,11,1876
Luik,62063,2020-09-05,19,1895
Luik,62063,2020-09-06,14,1909
Luik,62063,2020-09-07,7,1916
Luik,62063,2020-09-08,12,1928
Luik,62063,2020-09-09,9,1937
Luik,62063,2020-09-10,12,1949
Luik,62063,2020-09-11,10,1959
Luik,62063,2020-09-12,32,1991
Luik,62063,2020-09-13,8,1999
Luik,62063,2020-09-14,5,2004
Luik,62063,2020-09-15,18,2022
Luik,62063,2020-09-16,5,2027
Luik,62063,2020-09-17,9,2036
Luik,62063,2020-09-18,110,2146
Luik,62063,2020-09-19,37,2183
Luik,62063,2020-09-20,16,2199
Luik,62063,2020-09-21,61,2260
Luik,62063,2020-09-22,25,2285
Luik,62063,2020-09-23,69,2354
Luik,62063,2020-09-24,31,2385
Luik,62063,2020-09-25,20,2405
Luik,62063,2020-09-26,24,2429
Luik,62063,2020-09-27,23,2452
Luik,62063,2020-09-28,80,2532
Luik,62063,2020-09-29,19,2551
Luik,62063,2020-09-30,55,2606
Luik,62063,2020-10-01,24,2630
Luik,62063,2020-10-02,54,2684
Luik,62063,2020-10-03,83,2767
Luik,62063,2020-10-04,66,2833
Luik,62063,2020-10-05,70,2903
Luik,62063,2020-10-06,41,2944
Luik,62063,2020-10-07,39,2983
Luik,62063,2020-10-08,97,3080
Luik,62063,2020-10-09,102,3182
Luik,62063,2020-10-10,125,3307
Luik,62063,2020-10-11,180,3487
Luik,62063,2020-10-12,174,3661
Luik,62063,2020-10-13,67,3728
Luik,62063,2020-10-14,328,4056
Luik,62063,2020-10-15,302,4358
Luik,62063,2020-10-16,294,4652
Luik,62063,2020-10-17,275,4927
Luik,62063,2020-10-18,342,5269
Luik,62063,2020-10-19,262,5531
Luik,62063,2020-10-20,185,5716
Luik,62063,2020-10-21,308,6024
Luik,62063,2020-10-22,370,6394
Luik,62063,2020-10-23,534,6928
Luik,62063,2020-10-24,558,7486
Luik,62063,2020-10-25,423,7909
Luik,62063,2020-10-26,486,8395
Luik,62063,2020-10-27,162,8557
Luik,62063,2020-10-28,452,9009
Luik,62063,2020-10-29,620,9629
Luik,62063,2020-10-30,690,10319
Luik,62063,2020-10-31,598,10917
Luik,62063,2020-11-01,590,11507
Luik,62063,2020-11-02,282,11789
Luik,62063,2020-11-03,62,11851
Luik,62063,2020-11-04,307,12158
Luik,62063,2020-11-05,383,12541
Luik,62063,2020-11-06,345,12886
Luik,62063,2020-11-07,209,13095
Luik,62063,2020-11-08,146,13241
Luik,62063,2020-11-09,144,13385
Luik,62063,2020-11-10,36,13421
Luik,62063,2020-11-11,119,13540
Oupeye,62079,2020-04-01,2,21
Oupeye,62079,2020-04-02,0,21
Oupeye,62079,2020-04-03,4,25
Oupeye,62079,2020-04-04,4,29
Oupeye,62079,2020-04-05,0,29
Oupeye,62079,2020-04-06,0,29
Oupeye,62079,2020-04-07,10,39
Oupeye,62079,2020-04-08,2,41
Oupeye,62079,2020-04-09,2,43
Oupeye,62079,2020-04-10,1,44
Oupeye,62079,2020-04-11,16,60
Oupeye,62079,2020-04-12,6,66
Oupeye,62079,2020-04-13,2,68
Oupeye,62079,2020-04-14,0,68
Oupeye,62079,2020-04-15,7,75
Oupeye,62079,2020-04-16,5,80
Oupeye,62079,2020-04-17,11,91
Oupeye,62079,2020-04-18,1,92
Oupeye,62079,2020-04-19,2,94
Oupeye,62079,2020-04-20,6,100
Oupeye,62079,2020-04-21,2,102
Oupeye,62079,2020-04-22,1,103
Oupeye,62079,2020-04-23,2,105
Oupeye,62079,2020-04-24,7,112
Oupeye,62079,2020-04-25,0,112
Oupeye,62079,2020-04-26,1,113
Oupeye,62079,2020-04-27,3,116
Oupeye,62079,2020-04-28,1,117
Oupeye,62079,2020-04-29,4,121
Oupeye,62079,2020-04-30,3,124
Oupeye,62079,2020-05-01,1,125
Oupeye,62079,2020-05-02,1,126
Oupeye,62079,2020-05-03,1,127
Oupeye,62079,2020-05-04,1,128
Oupeye,62079,2020-05-05,1,129
Oupeye,62079,2020-05-06,0,129
Oupeye,62079,2020-05-07,0,129
Oupeye,62079,2020-05-08,0,129
Oupeye,62079,2020-05-09,0,129
Oupeye,62079,2020-05-10,0,129
Oupeye,62079,2020-05-11,1,130
Oupeye,62079,2020-05-12,2,132
Oupeye,62079,2020-05-13,0,132
Oupeye,62079,2020-05-14,1,133
Oupeye,62079,2020-05-15,0,133
Oupeye,62079,2020-05-16,0,133
Oupeye,62079,2020-05-17,1,134
Oupeye,62079,2020-05-18,0,134
Oupeye,62079,2020-05-19,2,136
Oupeye,62079,2020-05-20,1,137
Oupeye,62079,2020-05-21,2,139
Oupeye,62079,2020-05-22,0,139
Oupeye,62079,2020-05-23,0,139
Oupeye,62079,2020-05-24,1,140
Oupeye,62079,2020-05-25,0,140
Oupeye,62079,2020-05-26,2,142
Oupeye,62079,2020-05-27,1,143
Oupeye,62079,2020-05-28,1,144
Oupeye,62079,2020-05-29,2,146
Oupeye,62079,2020-05-30,0,146
Oupeye,62079,2020-05-31,0,146
Oupeye,62079,2020-06-01,0,146
Oupeye,62079,2020-06-02,0,146
Oupeye,62079,2020-06-03,0,146
Oupeye,62079,2020-06-04,0,146
Oupeye,62079,2020-06-05,0,146
Oupeye,62079,2020-06-06,0,146
Oupeye,62079,2020-06-07,0,146
Oupeye,62079,2020-06-08,0,146
Oupeye,62079,2020-06-09,2,148
Oupeye,62079,2020-06-10,1,149
Oupeye,62079,2020-06-11,1,150
Oupeye,62079,2020-06-12,0,150
Oupeye,62079,2020-06-13,0,150
Oupeye,62079,2020-06-14,0,150
Oupeye,62079,2020-06-15,0,150
Oupeye,62079,2020-06-16,0,150
Oupeye,62079,2020-06-17,0,150
Oupeye,62079,2020-06-18,0,150
Oupeye,62079,2020-06-19,0,150
Oupeye,62079,2020-06-20,0,150
Oupeye,62079,2020-06-23,1,151
Oupeye,62079,2020-06-24,0,151
Oupeye,62079,2020-06-25,0,151
Oupeye,62079,2020-06-26,0,151
Oupeye,62079,2020-06-27,0,151
Oupeye,62079,2020-06-30,0,151
Oupeye,62079,2020-07-01,0,151
Oupeye,62079,2020-07-02,0,151
Oupeye,62079,2020-07-03,0,151
Oupeye,62079,2020-07-04,0,151
Oupeye,62079,2020-07-07,0,151
Oupeye,62079,2020-07-08,0,151
Oupeye,62079,2020-07-09,1,152
Oupeye,62079,2020-07-10,1,153
Oupeye,62079,2020-07-11,0,153
Oupeye,62079,2020-07-14,0,153
Oupeye,62079,2020-07-15,0,153
Oupeye,62079,2020-07-16,0,153
Oupeye,62079,2020-07-17,0,153
Oupeye,62079,2020-07-18,0,153
Oupeye,62079,2020-07-20,0,153
Oupeye,62079,2020-07-21,0,153
Oupeye,62079,2020-07-22,0,153
Oupeye,62079,2020-07-23,0,153
Oupeye,62079,2020-07-24,1,154
Oupeye,62079,2020-07-25,0,154
Oupeye,62079,2020-07-26,0,154
Oupeye,62079,2020-07-27,3,157
Oupeye,62079,2020-07-28,0,157
Oupeye,62079,2020-07-29,0,157
Oupeye,62079,2020-07-30,0,157
Oupeye,62079,2020-07-31,2,159
Oupeye,62079,2020-08-01,0,159
Oupeye,62079,2020-08-02,3,162
Oupeye,62079,2020-08-03,0,162
Oupeye,62079,2020-08-04,0,162
Oupeye,62079,2020-08-05,0,162
Oupeye,62079,2020-08-06,2,164
Oupeye,62079,2020-08-07,1,165
Oupeye,62079,2020-08-08,0,165
Oupeye,62079,2020-08-09,2,167
Oupeye,62079,2020-08-10,1,168
Oupeye,62079,2020-08-11,0,168
Oupeye,62079,2020-08-12,1,169
Oupeye,62079,2020-08-13,1,170
Oupeye,62079,2020-08-14,1,171
Oupeye,62079,2020-08-15,4,175
Oupeye,62079,2020-08-16,0,175
Oupeye,62079,2020-08-17,4,179
Oupeye,62079,2020-08-18,1,180
Oupeye,62079,2020-08-19,0,180
Oupeye,62079,2020-08-20,1,181
Oupeye,62079,2020-08-21,0,181
Oupeye,62079,2020-08-22,4,185
Oupeye,62079,2020-08-23,0,185
Oupeye,62079,2020-08-24,1,186
Oupeye,62079,2020-08-25,0,186
Oupeye,62079,2020-08-26,0,186
Oupeye,62079,2020-08-27,1,187
Oupeye,62079,2020-08-28,0,187
Oupeye,62079,2020-08-29,0,187
Oupeye,62079,2020-08-30,1,188
Oupeye,62079,2020-08-31,0,188
Oupeye,62079,2020-09-01,0,188
Oupeye,62079,2020-09-02,1,189
Oupeye,62079,2020-09-03,3,192
Oupeye,62079,2020-09-04,3,195
Oupeye,62079,2020-09-05,3,198
Oupeye,62079,2020-09-06,2,200
Oupeye,62079,2020-09-07,3,203
Oupeye,62079,2020-09-08,0,203
Oupeye,62079,2020-09-09,1,204
Oupeye,62079,2020-09-10,0,204
Oupeye,62079,2020-09-11,2,206
Oupeye,62079,2020-09-12,2,208
Oupeye,62079,2020-09-13,5,213
Oupeye,62079,2020-09-14,0,213
Oupeye,62079,2020-09-15,10,223
Oupeye,62079,2020-09-16,1,224
Oupeye,62079,2020-09-17,3,227
Oupeye,62079,2020-09-18,20,247
Oupeye,62079,2020-09-19,9,256
Oupeye,62079,2020-09-20,3,259
Oupeye,62079,2020-09-21,5,264
Oupeye,62079,2020-09-22,4,268
Oupeye,62079,2020-09-23,4,272
Oupeye,62079,2020-09-24,3,275
Oupeye,62079,2020-09-25,9,284
Oupeye,62079,2020-09-26,8,292
Oupeye,62079,2020-09-27,3,295
Oupeye,62079,2020-09-28,13,308
Oupeye,62079,2020-09-29,3,311
Oupeye,62079,2020-09-30,7,318
Oupeye,62079,2020-10-01,3,321
Oupeye,62079,2020-10-02,7,328
Oupeye,62079,2020-10-03,21,349
Oupeye,62079,2020-10-04,7,356
Oupeye,62079,2020-10-05,8,364
Oupeye,62079,2020-10-06,5,369
Oupeye,62079,2020-10-07,9,378
Oupeye,62079,2020-10-08,17,395
Oupeye,62079,2020-10-09,12,407
Oupeye,62079,2020-10-10,21,428
Oupeye,62079,2020-10-11,44,472
Oupeye,62079,2020-10-12,33,505
Oupeye,62079,2020-10-13,14,519
Oupeye,62079,2020-10-14,59,578
Oupeye,62079,2020-10-15,46,624
Oupeye,62079,2020-10-16,35,659
Oupeye,62079,2020-10-17,48,707
Oupeye,62079,2020-10-18,55,762
Oupeye,62079,2020-10-19,19,781
Oupeye,62079,2020-10-20,28,809
Oupeye,62079,2020-10-21,49,858
Oupeye,62079,2020-10-22,59,917
Oupeye,62079,2020-10-23,89,1006
Oupeye,62079,2020-10-24,103,1109
Oupeye,62079,2020-10-25,76,1185
Oupeye,62079,2020-10-26,73,1258
Oupeye,62079,2020-10-27,15,1273
Oupeye,62079,2020-10-28,72,1345
Oupeye,62079,2020-10-29,100,1445
Oupeye,62079,2020-10-30,94,1539
Oupeye,62079,2020-10-31,94,1633
Oupeye,62079,2020-11-01,67,1700
Oupeye,62079,2020-11-02,39,1739
Oupeye,62079,2020-11-03,14,1753
Oupeye,62079,2020-11-04,60,1813
Oupeye,62079,2020-11-05,42,1855
Oupeye,62079,2020-11-06,41,1896
Oupeye,62079,2020-11-07,34,1930
Oupeye,62079,2020-11-08,18,1948
Oupeye,62079,2020-11-09,15,1963
Oupeye,62079,2020-11-10,3,1966
Oupeye,62079,2020-11-11,17,1983
Saint-Nicolas (Luik),62093,2020-04-01,1,22
Saint-Nicolas (Luik),62093,2020-04-02,0,22
Saint-Nicolas (Luik),62093,2020-04-03,2,24
Saint-Nicolas (Luik),62093,2020-04-04,4,28
Saint-Nicolas (Luik),62093,2020-04-05,0,28
Saint-Nicolas (Luik),62093,2020-04-06,0,28
Saint-Nicolas (Luik),62093,2020-04-07,12,40
Saint-Nicolas (Luik),62093,2020-04-08,0,40
Saint-Nicolas (Luik),62093,2020-04-09,3,43
Saint-Nicolas (Luik),62093,2020-04-10,2,45
Saint-Nicolas (Luik),62093,2020-04-11,9,54
Saint-Nicolas (Luik),62093,2020-04-12,3,57
Saint-Nicolas (Luik),62093,2020-04-13,11,68
Saint-Nicolas (Luik),62093,2020-04-14,1,69
Saint-Nicolas (Luik),62093,2020-04-15,19,88
Saint-Nicolas (Luik),62093,2020-04-16,1,89
Saint-Nicolas (Luik),62093,2020-04-17,15,104
Saint-Nicolas (Luik),62093,2020-04-18,4,108
Saint-Nicolas (Luik),62093,2020-04-19,3,111
Saint-Nicolas (Luik),62093,2020-04-20,4,115
Saint-Nicolas (Luik),62093,2020-04-21,31,146
Saint-Nicolas (Luik),62093,2020-04-22,1,147
Saint-Nicolas (Luik),62093,2020-04-23,1,148
Saint-Nicolas (Luik),62093,2020-04-24,3,151
Saint-Nicolas (Luik),62093,2020-04-25,1,152
Saint-Nicolas (Luik),62093,2020-04-26,1,153
Saint-Nicolas (Luik),62093,2020-04-27,1,154
Saint-Nicolas (Luik),62093,2020-04-28,1,155
Saint-Nicolas (Luik),62093,2020-04-29,2,157
Saint-Nicolas (Luik),62093,2020-04-30,0,157
Saint-Nicolas (Luik),62093,2020-05-01,0,157
Saint-Nicolas (Luik),62093,2020-05-02,1,158
Saint-Nicolas (Luik),62093,2020-05-03,1,159
Saint-Nicolas (Luik),62093,2020-05-04,0,159
Saint-Nicolas (Luik),62093,2020-05-05,0,159
Saint-Nicolas (Luik),62093,2020-05-06,1,160
Saint-Nicolas (Luik),62093,2020-05-07,0,160
Saint-Nicolas (Luik),62093,2020-05-08,1,161
Saint-Nicolas (Luik),62093,2020-05-09,1,162
Saint-Nicolas (Luik),62093,2020-05-10,1,163
Saint-Nicolas (Luik),62093,2020-05-11,1,164
Saint-Nicolas (Luik),62093,2020-05-12,1,165
Saint-Nicolas (Luik),62093,2020-05-13,0,165
Saint-Nicolas (Luik),62093,2020-05-14,0,165
Saint-Nicolas (Luik),62093,2020-05-15,1,166
Saint-Nicolas (Luik),62093,2020-05-16,0,166
Saint-Nicolas (Luik),62093,2020-05-17,1,167
Saint-Nicolas (Luik),62093,2020-05-18,1,168
Saint-Nicolas (Luik),62093,2020-05-19,0,168
Saint-Nicolas (Luik),62093,2020-05-20,0,168
Saint-Nicolas (Luik),62093,2020-05-21,0,168
Saint-Nicolas (Luik),62093,2020-05-22,0,168
Saint-Nicolas (Luik),62093,2020-05-23,0,168
Saint-Nicolas (Luik),62093,2020-05-24,0,168
Saint-Nicolas (Luik),62093,2020-05-25,1,169
Saint-Nicolas (Luik),62093,2020-05-26,2,171
Saint-Nicolas (Luik),62093,2020-05-27,0,171
Saint-Nicolas (Luik),62093,2020-05-28,1,172
Saint-Nicolas (Luik),62093,2020-05-29,0,172
Saint-Nicolas (Luik),62093,2020-05-30,0,172
Saint-Nicolas (Luik),62093,2020-05-31,0,172
Saint-Nicolas (Luik),62093,2020-06-01,0,172
Saint-Nicolas (Luik),62093,2020-06-02,0,172
Saint-Nicolas (Luik),62093,2020-06-03,0,172
Saint-Nicolas (Luik),62093,2020-06-04,0,172
Saint-Nicolas (Luik),62093,2020-06-05,0,172
Saint-Nicolas (Luik),62093,2020-06-06,0,172
Saint-Nicolas (Luik),62093,2020-06-07,0,172
Saint-Nicolas (Luik),62093,2020-06-08,0,172
Saint-Nicolas (Luik),62093,2020-06-09,0,172
Saint-Nicolas (Luik),62093,2020-06-10,1,173
Saint-Nicolas (Luik),62093,2020-06-11,1,174
Saint-Nicolas (Luik),62093,2020-06-12,1,175
Saint-Nicolas (Luik),62093,2020-06-13,0,175
Saint-Nicolas (Luik),62093,2020-06-14,0,175
Saint-Nicolas (Luik),62093,2020-06-15,0,175
Saint-Nicolas (Luik),62093,2020-06-16,0,175
Saint-Nicolas (Luik),62093,2020-06-17,1,176
Saint-Nicolas (Luik),62093,2020-06-18,0,176
Saint-Nicolas (Luik),62093,2020-06-19,1,177
Saint-Nicolas (Luik),62093,2020-06-20,0,177
Saint-Nicolas (Luik),62093,2020-06-23,2,179
Saint-Nicolas (Luik),62093,2020-06-24,0,179
Saint-Nicolas (Luik),62093,2020-06-25,0,179
Saint-Nicolas (Luik),62093,2020-06-26,1,180
Saint-Nicolas (Luik),62093,2020-06-27,0,180
Saint-Nicolas (Luik),62093,2020-06-30,0,180
Saint-Nicolas (Luik),62093,2020-07-01,0,180
Saint-Nicolas (Luik),62093,2020-07-02,0,180
Saint-Nicolas (Luik),62093,2020-07-03,0,180
Saint-Nicolas (Luik),62093,2020-07-04,0,180
Saint-Nicolas (Luik),62093,2020-07-07,0,180
Saint-Nicolas (Luik),62093,2020-07-08,0,180
Saint-Nicolas (Luik),62093,2020-07-09,0,180
Saint-Nicolas (Luik),62093,2020-07-10,1,181
Saint-Nicolas (Luik),62093,2020-07-11,0,181
Saint-Nicolas (Luik),62093,2020-07-14,0,181
Saint-Nicolas (Luik),62093,2020-07-15,0,181
Saint-Nicolas (Luik),62093,2020-07-16,0,181
Saint-Nicolas (Luik),62093,2020-07-17,0,181
Saint-Nicolas (Luik),62093,2020-07-18,0,181
Saint-Nicolas (Luik),62093,2020-07-20,0,181
Saint-Nicolas (Luik),62093,2020-07-21,2,183
Saint-Nicolas (Luik),62093,2020-07-22,0,183
Saint-Nicolas (Luik),62093,2020-07-23,0,183
Saint-Nicolas (Luik),62093,2020-07-24,2,185
Saint-Nicolas (Luik),62093,2020-07-25,3,188
Saint-Nicolas (Luik),62093,2020-07-26,1,189
Saint-Nicolas (Luik),62093,2020-07-27,2,191
Saint-Nicolas (Luik),62093,2020-07-28,0,191
Saint-Nicolas (Luik),62093,2020-07-29,4,195
Saint-Nicolas (Luik),62093,2020-07-30,2,197
Saint-Nicolas (Luik),62093,2020-07-31,0,197
Saint-Nicolas (Luik),62093,2020-08-01,10,207
Saint-Nicolas (Luik),62093,2020-08-02,7,214
Saint-Nicolas (Luik),62093,2020-08-03,0,214
Saint-Nicolas (Luik),62093,2020-08-04,1,215
Saint-Nicolas (Luik),62093,2020-08-05,7,222
Saint-Nicolas (Luik),62093,2020-08-06,4,226
Saint-Nicolas (Luik),62093,2020-08-07,2,228
Saint-Nicolas (Luik),62093,2020-08-08,2,230
Saint-Nicolas (Luik),62093,2020-08-09,6,236
Saint-Nicolas (Luik),62093,2020-08-10,7,243
Saint-Nicolas (Luik),62093,2020-08-11,1,244
Saint-Nicolas (Luik),62093,2020-08-12,0,244
Saint-Nicolas (Luik),62093,2020-08-13,2,246
Saint-Nicolas (Luik),62093,2020-08-14,1,247
Saint-Nicolas (Luik),62093,2020-08-15,5,252
Saint-Nicolas (Luik),62093,2020-08-16,1,253
Saint-Nicolas (Luik),62093,2020-08-17,4,257
Saint-Nicolas (Luik),62093,2020-08-18,0,257
Saint-Nicolas (Luik),62093,2020-08-19,3,260
Saint-Nicolas (Luik),62093,2020-08-20,2,262
Saint-Nicolas (Luik),62093,2020-08-21,1,263
Saint-Nicolas (Luik),62093,2020-08-22,2,265
Saint-Nicolas (Luik),62093,2020-08-23,0,265
Saint-Nicolas (Luik),62093,2020-08-24,0,265
Saint-Nicolas (Luik),62093,2020-08-25,1,266
Saint-Nicolas (Luik),62093,2020-08-26,0,266
Saint-Nicolas (Luik),62093,2020-08-27,1,267
Saint-Nicolas (Luik),62093,2020-08-28,0,267
Saint-Nicolas (Luik),62093,2020-08-29,4,271
Saint-Nicolas (Luik),62093,2020-08-30,2,273
Saint-Nicolas (Luik),62093,2020-08-31,-1,272
Saint-Nicolas (Luik),62093,2020-09-01,2,274
Saint-Nicolas (Luik),62093,2020-09-02,1,275
Saint-Nicolas (Luik),62093,2020-09-03,4,279
Saint-Nicolas (Luik),62093,2020-09-04,0,279
Saint-Nicolas (Luik),62093,2020-09-05,0,279
Saint-Nicolas (Luik),62093,2020-09-06,1,280
Saint-Nicolas (Luik),62093,2020-09-07,1,281
Saint-Nicolas (Luik),62093,2020-09-08,0,281
Saint-Nicolas (Luik),62093,2020-09-09,0,281
Saint-Nicolas (Luik),62093,2020-09-10,2,283
Saint-Nicolas (Luik),62093,2020-09-11,2,285
Saint-Nicolas (Luik),62093,2020-09-12,8,293
Saint-Nicolas (Luik),62093,2020-09-13,4,297
Saint-Nicolas (Luik),62093,2020-09-14,3,300
Saint-Nicolas (Luik),62093,2020-09-15,2,302
Saint-Nicolas (Luik),62093,2020-09-16,3,305
Saint-Nicolas (Luik),62093,2020-09-17,3,308
Saint-Nicolas (Luik),62093,2020-09-18,22,330
Saint-Nicolas (Luik),62093,2020-09-19,4,334
Saint-Nicolas (Luik),62093,2020-09-20,0,334
Saint-Nicolas (Luik),62093,2020-09-21,5,339
Saint-Nicolas (Luik),62093,2020-09-22,6,345
Saint-Nicolas (Luik),62093,2020-09-23,5,350
Saint-Nicolas (Luik),62093,2020-09-24,6,356
Saint-Nicolas (Luik),62093,2020-09-25,4,360
Saint-Nicolas (Luik),62093,2020-09-26,7,367
Saint-Nicolas (Luik),62093,2020-09-27,4,371
Saint-Nicolas (Luik),62093,2020-09-28,11,382
Saint-Nicolas (Luik),62093,2020-09-29,3,385
Saint-Nicolas (Luik),62093,2020-09-30,12,397
Saint-Nicolas (Luik),62093,2020-10-01,5,402
Saint-Nicolas (Luik),62093,2020-10-02,5,407
Saint-Nicolas (Luik),62093,2020-10-03,12,419
Saint-Nicolas (Luik),62093,2020-10-04,8,427
Saint-Nicolas (Luik),62093,2020-10-05,10,437
Saint-Nicolas (Luik),62093,2020-10-06,6,443
Saint-Nicolas (Luik),62093,2020-10-07,0,443
Saint-Nicolas (Luik),62093,2020-10-08,6,449
Saint-Nicolas (Luik),62093,2020-10-09,12,461
Saint-Nicolas (Luik),62093,2020-10-10,13,474
Saint-Nicolas (Luik),62093,2020-10-11,29,503
Saint-Nicolas (Luik),62093,2020-10-12,21,524
Saint-Nicolas (Luik),62093,2020-10-13,9,533
Saint-Nicolas (Luik),62093,2020-10-14,58,591
Saint-Nicolas (Luik),62093,2020-10-15,38,629
Saint-Nicolas (Luik),62093,2020-10-16,39,668
Saint-Nicolas (Luik),62093,2020-10-17,41,709
Saint-Nicolas (Luik),62093,2020-10-18,48,757
Saint-Nicolas (Luik),62093,2020-10-19,47,804
Saint-Nicolas (Luik),62093,2020-10-20,26,830
Saint-Nicolas (Luik),62093,2020-10-21,37,867
Saint-Nicolas (Luik),62093,2020-10-22,45,912
Saint-Nicolas (Luik),62093,2020-10-23,69,981
Saint-Nicolas (Luik),62093,2020-10-24,77,1058
Saint-Nicolas (Luik),62093,2020-10-25,73,1131
Saint-Nicolas (Luik),62093,2020-10-26,69,1200
Saint-Nicolas (Luik),62093,2020-10-27,23,1223
Saint-Nicolas (Luik),62093,2020-10-28,65,1288
Saint-Nicolas (Luik),62093,2020-10-29,91,1379
Saint-Nicolas (Luik),62093,2020-10-30,111,1490
Saint-Nicolas (Luik),62093,2020-10-31,110,1600
Saint-Nicolas (Luik),62093,2020-11-01,88,1688
Saint-Nicolas (Luik),62093,2020-11-02,39,1727
Saint-Nicolas (Luik),62093,2020-11-03,10,1737
Saint-Nicolas (Luik),62093,2020-11-04,47,1784
Saint-Nicolas (Luik),62093,2020-11-05,31,1815
Saint-Nicolas (Luik),62093,2020-11-06,63,1878
Saint-Nicolas (Luik),62093,2020-11-07,31,1909
Saint-Nicolas (Luik),62093,2020-11-08,33,1942
Saint-Nicolas (Luik),62093,2020-11-09,20,1962
Saint-Nicolas (Luik),62093,2020-11-10,4,1966
Saint-Nicolas (Luik),62093,2020-11-11,21,1987
Seraing,62096,2020-04-01,13,124
Seraing,62096,2020-04-02,0,124
Seraing,62096,2020-04-03,3,127
Seraing,62096,2020-04-04,7,134
Seraing,62096,2020-04-05,0,134
Seraing,62096,2020-04-06,0,134
Seraing,62096,2020-04-07,79,213
Seraing,62096,2020-04-08,14,227
Seraing,62096,2020-04-09,20,247
Seraing,62096,2020-04-10,16,263
Seraing,62096,2020-04-11,12,275
Seraing,62096,2020-04-12,6,281
Seraing,62096,2020-04-13,8,289
Seraing,62096,2020-04-14,0,289
Seraing,62096,2020-04-15,11,300
Seraing,62096,2020-04-16,7,307
Seraing,62096,2020-04-17,14,321
Seraing,62096,2020-04-18,7,328
Seraing,62096,2020-04-19,8,336
Seraing,62096,2020-04-20,21,357
Seraing,62096,2020-04-21,5,362
Seraing,62096,2020-04-22,4,366
Seraing,62096,2020-04-23,1,367
Seraing,62096,2020-04-24,2,369
Seraing,62096,2020-04-25,2,371
Seraing,62096,2020-04-26,2,373
Seraing,62096,2020-04-27,2,375
Seraing,62096,2020-04-28,4,379
Seraing,62096,2020-04-29,2,381
Seraing,62096,2020-04-30,2,383
Seraing,62096,2020-05-01,3,386
Seraing,62096,2020-05-02,1,387
Seraing,62096,2020-05-03,4,391
Seraing,62096,2020-05-04,2,393
Seraing,62096,2020-05-05,2,395
Seraing,62096,2020-05-06,0,395
Seraing,62096,2020-05-07,2,397
Seraing,62096,2020-05-08,4,401
Seraing,62096,2020-05-09,2,403
Seraing,62096,2020-05-10,1,404
Seraing,62096,2020-05-11,2,406
Seraing,62096,2020-05-12,4,410
Seraing,62096,2020-05-13,1,411
Seraing,62096,2020-05-14,0,411
Seraing,62096,2020-05-15,0,411
Seraing,62096,2020-05-16,0,411
Seraing,62096,2020-05-17,3,414
Seraing,62096,2020-05-18,9,423
Seraing,62096,2020-05-19,0,423
Seraing,62096,2020-05-20,0,423
Seraing,62096,2020-05-21,1,424
Seraing,62096,2020-05-22,3,427
Seraing,62096,2020-05-23,0,427
Seraing,62096,2020-05-24,0,427
Seraing,62096,2020-05-25,1,428
Seraing,62096,2020-05-26,0,428
Seraing,62096,2020-05-27,0,428
Seraing,62096,2020-05-28,0,428
Seraing,62096,2020-05-29,2,430
Seraing,62096,2020-05-30,0,430
Seraing,62096,2020-05-31,1,431
Seraing,62096,2020-06-01,0,431
Seraing,62096,2020-06-02,1,432
Seraing,62096,2020-06-03,1,433
Seraing,62096,2020-06-04,0,433
Seraing,62096,2020-06-05,1,434
Seraing,62096,2020-06-06,0,434
Seraing,62096,2020-06-07,0,434
Seraing,62096,2020-06-08,0,434
Seraing,62096,2020-06-09,2,436
Seraing,62096,2020-06-10,0,436
Seraing,62096,2020-06-11,2,438
Seraing,62096,2020-06-12,0,438
Seraing,62096,2020-06-13,1,439
Seraing,62096,2020-06-14,0,439
Seraing,62096,2020-06-15,0,439
Seraing,62096,2020-06-16,1,440
Seraing,62096,2020-06-17,1,441
Seraing,62096,2020-06-18,0,441
Seraing,62096,2020-06-19,1,442
Seraing,62096,2020-06-20,0,442
Seraing,62096,2020-06-23,1,443
Seraing,62096,2020-06-24,0,443
Seraing,62096,2020-06-25,0,443
Seraing,62096,2020-06-26,0,443
Seraing,62096,2020-06-27,0,443
Seraing,62096,2020-06-30,0,443
Seraing,62096,2020-07-01,0,443
Seraing,62096,2020-07-02,0,443
Seraing,62096,2020-07-03,0,443
Seraing,62096,2020-07-04,0,443
Seraing,62096,2020-07-07,0,443
Seraing,62096,2020-07-08,0,443
Seraing,62096,2020-07-09,0,443
Seraing,62096,2020-07-10,2,445
Seraing,62096,2020-07-11,0,445
Seraing,62096,2020-07-14,0,445
Seraing,62096,2020-07-15,0,445
Seraing,62096,2020-07-16,2,447
Seraing,62096,2020-07-17,1,448
Seraing,62096,2020-07-18,1,449
Seraing,62096,2020-07-20,1,450
Seraing,62096,2020-07-21,1,451
Seraing,62096,2020-07-22,1,452
Seraing,62096,2020-07-23,0,452
Seraing,62096,2020-07-24,2,454
Seraing,62096,2020-07-25,2,456
Seraing,62096,2020-07-26,1,457
Seraing,62096,2020-07-27,0,457
Seraing,62096,2020-07-28,1,458
Seraing,62096,2020-07-29,0,458
Seraing,62096,2020-07-30,3,461
Seraing,62096,2020-07-31,6,467
Seraing,62096,2020-08-01,6,473
Seraing,62096,2020-08-02,5,478
Seraing,62096,2020-08-03,3,481
Seraing,62096,2020-08-04,1,482
Seraing,62096,2020-08-05,7,489
Seraing,62096,2020-08-06,4,493
Seraing,62096,2020-08-07,20,513
Seraing,62096,2020-08-08,3,516
Seraing,62096,2020-08-09,2,518
Seraing,62096,2020-08-10,3,521
Seraing,62096,2020-08-11,5,526
Seraing,62096,2020-08-12,0,526
Seraing,62096,2020-08-13,2,528
Seraing,62096,2020-08-14,2,530
Seraing,62096,2020-08-15,3,533
Seraing,62096,2020-08-16,1,534
Seraing,62096,2020-08-17,1,535
Seraing,62096,2020-08-18,0,535
Seraing,62096,2020-08-19,6,541
Seraing,62096,2020-08-20,1,542
Seraing,62096,2020-08-21,7,549
Seraing,62096,2020-08-22,2,551
Seraing,62096,2020-08-23,1,552
Seraing,62096,2020-08-24,0,552
Seraing,62096,2020-08-25,0,552
Seraing,62096,2020-08-26,1,553
Seraing,62096,2020-08-27,3,556
Seraing,62096,2020-08-28,2,558
Seraing,62096,2020-08-29,2,560
Seraing,62096,2020-08-30,6,566
Seraing,62096,2020-08-31,5,571
Seraing,62096,2020-09-01,0,571
Seraing,62096,2020-09-02,1,572
Seraing,62096,2020-09-03,0,572
Seraing,62096,2020-09-04,1,573
Seraing,62096,2020-09-05,1,574
Seraing,62096,2020-09-06,2,576
Seraing,62096,2020-09-07,4,580
Seraing,62096,2020-09-08,0,580
Seraing,62096,2020-09-09,1,581
Seraing,62096,2020-09-10,2,583
Seraing,62096,2020-09-11,9,592
Seraing,62096,2020-09-12,11,603
Seraing,62096,2020-09-13,9,612
Seraing,62096,2020-09-14,6,618
Seraing,62096,2020-09-15,6,624
Seraing,62096,2020-09-16,5,629
Seraing,62096,2020-09-17,16,645
Seraing,62096,2020-09-18,23,668
Seraing,62096,2020-09-19,21,689
Seraing,62096,2020-09-20,35,724
Seraing,62096,2020-09-21,23,747
Seraing,62096,2020-09-22,15,762
Seraing,62096,2020-09-23,17,779
Seraing,62096,2020-09-24,31,810
Seraing,62096,2020-09-25,14,824
Seraing,62096,2020-09-26,18,842
Seraing,62096,2020-09-27,22,864
Seraing,62096,2020-09-28,16,880
Seraing,62096,2020-09-29,12,892
Seraing,62096,2020-09-30,18,910
Seraing,62096,2020-10-01,13,923
Seraing,62096,2020-10-02,15,938
Seraing,62096,2020-10-03,30,968
Seraing,62096,2020-10-04,28,996
Seraing,62096,2020-10-05,21,1017
Seraing,62096,2020-10-06,22,1039
Seraing,62096,2020-10-07,21,1060
Seraing,62096,2020-10-08,22,1082
Seraing,62096,2020-10-09,63,1145
Seraing,62096,2020-10-10,43,1188
Seraing,62096,2020-10-11,115,1303
Seraing,62096,2020-10-12,42,1345
Seraing,62096,2020-10-13,12,1357
Seraing,62096,2020-10-14,115,1472
Seraing,62096,2020-10-15,101,1573
Seraing,62096,2020-10-16,66,1639
Seraing,62096,2020-10-17,124,1763
Seraing,62096,2020-10-18,118,1881
Seraing,62096,2020-10-19,106,1987
Seraing,62096,2020-10-20,90,2077
Seraing,62096,2020-10-21,70,2147
Seraing,62096,2020-10-22,79,2226
Seraing,62096,2020-10-23,150,2376
Seraing,62096,2020-10-24,126,2502
Seraing,62096,2020-10-25,133,2635
Seraing,62096,2020-10-26,97,2732
Seraing,62096,2020-10-27,117,2849
Seraing,62096,2020-10-28,133,2982
Seraing,62096,2020-10-29,154,3136
Seraing,62096,2020-10-30,261,3397
Seraing,62096,2020-10-31,208,3605
Seraing,62096,2020-11-01,182,3787
Seraing,62096,2020-11-02,114,3901
Seraing,62096,2020-11-03,27,3928
Seraing,62096,2020-11-04,66,3994
Seraing,62096,2020-11-05,122,4116
Seraing,62096,2020-11-06,176,4292
Seraing,62096,2020-11-07,90,4382
Seraing,62096,2020-11-08,44,4426
Seraing,62096,2020-11-09,29,4455
Seraing,62096,2020-11-10,9,4464
Seraing,62096,2020-11-11,59,4523
Soumagne,62099,2020-04-01,3,26
Soumagne,62099,2020-04-02,0,26
Soumagne,62099,2020-04-03,1,27
Soumagne,62099,2020-04-04,1,28
Soumagne,62099,2020-04-05,1,29
Soumagne,62099,2020-04-06,0,29
Soumagne,62099,2020-04-07,16,45
Soumagne,62099,2020-04-08,3,48
Soumagne,62099,2020-04-09,0,48
Soumagne,62099,2020-04-10,1,49
Soumagne,62099,2020-04-11,3,52
Soumagne,62099,2020-04-12,1,53
Soumagne,62099,2020-04-13,0,53
Soumagne,62099,2020-04-14,1,54
Soumagne,62099,2020-04-15,3,57
Soumagne,62099,2020-04-16,6,63
Soumagne,62099,2020-04-17,7,70
Soumagne,62099,2020-04-18,3,73
Soumagne,62099,2020-04-19,1,74
Soumagne,62099,2020-04-20,3,77
Soumagne,62099,2020-04-21,0,77
Soumagne,62099,2020-04-22,7,84
Soumagne,62099,2020-04-23,1,85
Soumagne,62099,2020-04-24,5,90
Soumagne,62099,2020-04-25,5,95
Soumagne,62099,2020-04-26,5,100
Soumagne,62099,2020-04-27,3,103
Soumagne,62099,2020-04-28,3,106
Soumagne,62099,2020-04-29,0,106
Soumagne,62099,2020-04-30,2,108
Soumagne,62099,2020-05-01,0,108
Soumagne,62099,2020-05-02,1,109
Soumagne,62099,2020-05-03,0,109
Soumagne,62099,2020-05-04,0,109
Soumagne,62099,2020-05-05,0,109
Soumagne,62099,2020-05-06,0,109
Soumagne,62099,2020-05-07,1,110
Soumagne,62099,2020-05-08,0,110
Soumagne,62099,2020-05-09,2,112
Soumagne,62099,2020-05-10,1,113
Soumagne,62099,2020-05-11,0,113
Soumagne,62099,2020-05-12,3,116
Soumagne,62099,2020-05-13,0,116
Soumagne,62099,2020-05-14,0,116
Soumagne,62099,2020-05-15,0,116
Soumagne,62099,2020-05-16,0,116
Soumagne,62099,2020-05-17,0,116
Soumagne,62099,2020-05-18,0,116
Soumagne,62099,2020-05-19,0,116
Soumagne,62099,2020-05-20,0,116
Soumagne,62099,2020-05-21,1,117
Soumagne,62099,2020-05-22,0,117
Soumagne,62099,2020-05-23,0,117
Soumagne,62099,2020-05-24,0,117
Soumagne,62099,2020-05-25,2,119
Soumagne,62099,2020-05-26,0,119
Soumagne,62099,2020-05-27,0,119
Soumagne,62099,2020-05-28,0,119
Soumagne,62099,2020-05-29,1,120
Soumagne,62099,2020-05-30,0,120
Soumagne,62099,2020-05-31,0,120
Soumagne,62099,2020-06-01,0,120
Soumagne,62099,2020-06-02,0,120
Soumagne,62099,2020-06-03,0,120
Soumagne,62099,2020-06-04,0,120
Soumagne,62099,2020-06-05,0,120
Soumagne,62099,2020-06-06,0,120
Soumagne,62099,2020-06-07,0,120
Soumagne,62099,2020-06-08,0,120
Soumagne,62099,2020-06-09,0,120
Soumagne,62099,2020-06-10,0,120
Soumagne,62099,2020-06-11,0,120
Soumagne,62099,2020-06-12,0,120
Soumagne,62099,2020-06-13,0,120
Soumagne,62099,2020-06-14,0,120
Soumagne,62099,2020-06-15,0,120
Soumagne,62099,2020-06-16,0,120
Soumagne,62099,2020-06-17,0,120
Soumagne,62099,2020-06-18,0,120
Soumagne,62099,2020-06-19,0,120
Soumagne,62099,2020-06-20,0,120
Soumagne,62099,2020-06-23,0,120
Soumagne,62099,2020-06-24,0,120
Soumagne,62099,2020-06-25,1,121
Soumagne,62099,2020-06-26,0,121
Soumagne,62099,2020-06-27,0,121
Soumagne,62099,2020-06-30,0,121
Soumagne,62099,2020-07-01,0,121
Soumagne,62099,2020-07-02,0,121
Soumagne,62099,2020-07-03,0,121
Soumagne,62099,2020-07-04,0,121
Soumagne,62099,2020-07-07,0,121
Soumagne,62099,2020-07-08,0,121
Soumagne,62099,2020-07-09,0,121
Soumagne,62099,2020-07-10,0,121
Soumagne,62099,2020-07-11,0,121
Soumagne,62099,2020-07-14,0,121
Soumagne,62099,2020-07-15,0,121
Soumagne,62099,2020-07-16,0,121
Soumagne,62099,2020-07-17,0,121
Soumagne,62099,2020-07-18,0,121
Soumagne,62099,2020-07-20,0,121
Soumagne,62099,2020-07-21,0,121
Soumagne,62099,2020-07-22,0,121
Soumagne,62099,2020-07-23,0,121
Soumagne,62099,2020-07-24,0,121
Soumagne,62099,2020-07-25,0,121
Soumagne,62099,2020-07-26,0,121
Soumagne,62099,2020-07-27,1,122
Soumagne,62099,2020-07-28,0,122
Soumagne,62099,2020-07-29,0,122
Soumagne,62099,2020-07-30,0,122
Soumagne,62099,2020-07-31,0,122
Soumagne,62099,2020-08-01,2,124
Soumagne,62099,2020-08-02,0,124
Soumagne,62099,2020-08-03,1,125
Soumagne,62099,2020-08-04,0,125
Soumagne,62099,2020-08-05,0,125
Soumagne,62099,2020-08-06,2,127
Soumagne,62099,2020-08-07,2,129
Soumagne,62099,2020-08-08,1,130
Soumagne,62099,2020-08-09,0,130
Soumagne,62099,2020-08-10,1,131
Soumagne,62099,2020-08-11,1,132
Soumagne,62099,2020-08-12,4,136
Soumagne,62099,2020-08-13,0,136
Soumagne,62099,2020-08-14,2,138
Soumagne,62099,2020-08-15,0,138
Soumagne,62099,2020-08-16,0,138
Soumagne,62099,2020-08-17,1,139
Soumagne,62099,2020-08-18,1,140
Soumagne,62099,2020-08-19,0,140
Soumagne,62099,2020-08-20,1,141
Soumagne,62099,2020-08-21,0,141
Soumagne,62099,2020-08-22,3,144
Soumagne,62099,2020-08-23,0,144
Soumagne,62099,2020-08-24,0,144
Soumagne,62099,2020-08-25,0,144
Soumagne,62099,2020-08-26,1,145
Soumagne,62099,2020-08-27,0,145
Soumagne,62099,2020-08-28,0,145
Soumagne,62099,2020-08-29,0,145
Soumagne,62099,2020-08-30,1,146
Soumagne,62099,2020-08-31,0,146
Soumagne,62099,2020-09-01,1,147
Soumagne,62099,2020-09-02,0,147
Soumagne,62099,2020-09-03,0,147
Soumagne,62099,2020-09-04,1,148
Soumagne,62099,2020-09-05,1,149
Soumagne,62099,2020-09-06,0,149
Soumagne,62099,2020-09-07,0,149
Soumagne,62099,2020-09-08,1,150
Soumagne,62099,2020-09-09,0,150
Soumagne,62099,2020-09-10,0,150
Soumagne,62099,2020-09-11,1,151
Soumagne,62099,2020-09-12,0,151
Soumagne,62099,2020-09-13,0,151
Soumagne,62099,2020-09-14,0,151
Soumagne,62099,2020-09-15,1,152
Soumagne,62099,2020-09-16,1,153
Soumagne,62099,2020-09-17,0,153
Soumagne,62099,2020-09-18,4,157
Soumagne,62099,2020-09-19,2,159
Soumagne,62099,2020-09-20,0,159
Soumagne,62099,2020-09-21,3,162
Soumagne,62099,2020-09-22,1,163
Soumagne,62099,2020-09-23,4,167
Soumagne,62099,2020-09-24,3,170
Soumagne,62099,2020-09-25,0,170
Soumagne,62099,2020-09-26,4,174
Soumagne,62099,2020-09-27,2,176
Soumagne,62099,2020-09-28,10,186
Soumagne,62099,2020-09-29,2,188
Soumagne,62099,2020-09-30,6,194
Soumagne,62099,2020-10-01,3,197
Soumagne,62099,2020-10-02,4,201
Soumagne,62099,2020-10-03,12,213
Soumagne,62099,2020-10-04,13,226
Soumagne,62099,2020-10-05,13,239
Soumagne,62099,2020-10-06,3,242
Soumagne,62099,2020-10-07,3,245
Soumagne,62099,2020-10-08,11,256
Soumagne,62099,2020-10-09,16,272
Soumagne,62099,2020-10-10,13,285
Soumagne,62099,2020-10-11,17,302
Soumagne,62099,2020-10-12,22,324
Soumagne,62099,2020-10-13,12,336
Soumagne,62099,2020-10-14,32,368
Soumagne,62099,2020-10-15,32,400
Soumagne,62099,2020-10-16,27,427
Soumagne,62099,2020-10-17,29,456
Soumagne,62099,2020-10-18,34,490
Soumagne,62099,2020-10-19,20,510
Soumagne,62099,2020-10-20,51,561
Soumagne,62099,2020-10-21,37,598
Soumagne,62099,2020-10-22,57,655
Soumagne,62099,2020-10-23,76,731
Soumagne,62099,2020-10-24,69,800
Soumagne,62099,2020-10-25,41,841
Soumagne,62099,2020-10-26,57,898
Soumagne,62099,2020-10-27,23,921
Soumagne,62099,2020-10-28,45,966
Soumagne,62099,2020-10-29,95,1061
Soumagne,62099,2020-10-30,91,1152
Soumagne,62099,2020-10-31,81,1233
Soumagne,62099,2020-11-01,64,1297
Soumagne,62099,2020-11-02,54,1351
Soumagne,62099,2020-11-03,26,1377
Soumagne,62099,2020-11-04,25,1402
Soumagne,62099,2020-11-05,34,1436
Soumagne,62099,2020-11-06,33,1469
Soumagne,62099,2020-11-07,35,1504
Soumagne,62099,2020-11-08,13,1517
Soumagne,62099,2020-11-09,25,1542
Soumagne,62099,2020-11-10,1,1543
Soumagne,62099,2020-11-11,14,1557
Sprimont,62100,2020-04-01,2,23
Sprimont,62100,2020-04-02,0,23
Sprimont,62100,2020-04-03,2,25
Sprimont,62100,2020-04-04,5,30
Sprimont,62100,2020-04-05,1,31
Sprimont,62100,2020-04-06,0,31
Sprimont,62100,2020-04-07,4,35
Sprimont,62100,2020-04-08,2,37
Sprimont,62100,2020-04-09,3,40
Sprimont,62100,2020-04-10,1,41
Sprimont,62100,2020-04-11,1,42
Sprimont,62100,2020-04-12,4,46
Sprimont,62100,2020-04-13,2,48
Sprimont,62100,2020-04-14,0,48
Sprimont,62100,2020-04-15,2,50
Sprimont,62100,2020-04-16,2,52
Sprimont,62100,2020-04-17,6,58
Sprimont,62100,2020-04-18,2,60
Sprimont,62100,2020-04-19,1,61
Sprimont,62100,2020-04-20,3,64
Sprimont,62100,2020-04-21,2,66
Sprimont,62100,2020-04-22,1,67
Sprimont,62100,2020-04-23,0,67
Sprimont,62100,2020-04-24,1,68
Sprimont,62100,2020-04-25,0,68
Sprimont,62100,2020-04-26,1,69
Sprimont,62100,2020-04-27,1,70
Sprimont,62100,2020-04-28,10,80
Sprimont,62100,2020-04-29,1,81
Sprimont,62100,2020-04-30,1,82
Sprimont,62100,2020-05-01,0,82
Sprimont,62100,2020-05-02,0,82
Sprimont,62100,2020-05-03,1,83
Sprimont,62100,2020-05-04,0,83
Sprimont,62100,2020-05-05,1,84
Sprimont,62100,2020-05-06,0,84
Sprimont,62100,2020-05-07,0,84
Sprimont,62100,2020-05-08,1,85
Sprimont,62100,2020-05-09,2,87
Sprimont,62100,2020-05-10,0,87
Sprimont,62100,2020-05-11,0,87
Sprimont,62100,2020-05-12,0,87
Sprimont,62100,2020-05-13,0,87
Sprimont,62100,2020-05-14,1,88
Sprimont,62100,2020-05-15,0,88
Sprimont,62100,2020-05-16,0,88
Sprimont,62100,2020-05-17,1,89
Sprimont,62100,2020-05-18,1,90
Sprimont,62100,2020-05-19,0,90
Sprimont,62100,2020-05-20,0,90
Sprimont,62100,2020-05-21,0,90
Sprimont,62100,2020-05-22,0,90
Sprimont,62100,2020-05-23,0,90
Sprimont,62100,2020-05-24,0,90
Sprimont,62100,2020-05-25,0,90
Sprimont,62100,2020-05-26,0,90
Sprimont,62100,2020-05-27,0,90
Sprimont,62100,2020-05-28,0,90
Sprimont,62100,2020-05-29,0,90
Sprimont,62100,2020-05-30,0,90
Sprimont,62100,2020-05-31,0,90
Sprimont,62100,2020-06-01,0,90
Sprimont,62100,2020-06-02,0,90
Sprimont,62100,2020-06-03,0,90
Sprimont,62100,2020-06-04,0,90
Sprimont,62100,2020-06-05,0,90
Sprimont,62100,2020-06-06,0,90
Sprimont,62100,2020-06-07,0,90
Sprimont,62100,2020-06-08,0,90
Sprimont,62100,2020-06-09,0,90
Sprimont,62100,2020-06-10,0,90
Sprimont,62100,2020-06-11,0,90
Sprimont,62100,2020-06-12,0,90
Sprimont,62100,2020-06-13,0,90
Sprimont,62100,2020-06-14,0,90
Sprimont,62100,2020-06-15,0,90
Sprimont,62100,2020-06-16,0,90
Sprimont,62100,2020-06-17,1,91
Sprimont,62100,2020-06-18,0,91
Sprimont,62100,2020-06-19,0,91
Sprimont,62100,2020-06-20,0,91
Sprimont,62100,2020-06-23,0,91
Sprimont,62100,2020-06-24,0,91
Sprimont,62100,2020-06-25,0,91
Sprimont,62100,2020-06-26,0,91
Sprimont,62100,2020-06-27,0,91
Sprimont,62100,2020-06-30,2,93
Sprimont,62100,2020-07-01,0,93
Sprimont,62100,2020-07-02,0,93
Sprimont,62100,2020-07-03,0,93
Sprimont,62100,2020-07-04,0,93
Sprimont,62100,2020-07-07,0,93
Sprimont,62100,2020-07-08,0,93
Sprimont,62100,2020-07-09,0,93
Sprimont,62100,2020-07-10,0,93
Sprimont,62100,2020-07-11,0,93
Sprimont,62100,2020-07-14,1,94
Sprimont,62100,2020-07-15,0,94
Sprimont,62100,2020-07-16,0,94
Sprimont,62100,2020-07-17,0,94
Sprimont,62100,2020-07-18,0,94
Sprimont,62100,2020-07-20,0,94
Sprimont,62100,2020-07-21,0,94
Sprimont,62100,2020-07-22,0,94
Sprimont,62100,2020-07-23,0,94
Sprimont,62100,2020-07-24,0,94
Sprimont,62100,2020-07-25,0,94
Sprimont,62100,2020-07-26,0,94
Sprimont,62100,2020-07-27,0,94
Sprimont,62100,2020-07-28,0,94
Sprimont,62100,2020-07-29,1,95
Sprimont,62100,2020-07-30,0,95
Sprimont,62100,2020-07-31,2,97
Sprimont,62100,2020-08-01,0,97
Sprimont,62100,2020-08-02,1,98
Sprimont,62100,2020-08-03,0,98
Sprimont,62100,2020-08-04,0,98
Sprimont,62100,2020-08-05,0,98
Sprimont,62100,2020-08-06,0,98
Sprimont,62100,2020-08-07,0,98
Sprimont,62100,2020-08-08,1,99
Sprimont,62100,2020-08-09,0,99
Sprimont,62100,2020-08-10,0,99
Sprimont,62100,2020-08-11,0,99
Sprimont,62100,2020-08-12,0,99
Sprimont,62100,2020-08-13,1,100
Sprimont,62100,2020-08-14,0,100
Sprimont,62100,2020-08-15,5,105
Sprimont,62100,2020-08-16,0,105
Sprimont,62100,2020-08-17,0,105
Sprimont,62100,2020-08-18,0,105
Sprimont,62100,2020-08-19,0,105
Sprimont,62100,2020-08-20,1,106
Sprimont,62100,2020-08-21,0,106
Sprimont,62100,2020-08-22,0,106
Sprimont,62100,2020-08-23,0,106
Sprimont,62100,2020-08-24,1,107
Sprimont,62100,2020-08-25,0,107
Sprimont,62100,2020-08-26,1,108
Sprimont,62100,2020-08-27,1,109
Sprimont,62100,2020-08-28,0,109
Sprimont,62100,2020-08-29,1,110
Sprimont,62100,2020-08-30,3,113
Sprimont,62100,2020-08-31,-1,112
Sprimont,62100,2020-09-01,-2,110
Sprimont,62100,2020-09-02,0,110
Sprimont,62100,2020-09-03,0,110
Sprimont,62100,2020-09-04,2,112
Sprimont,62100,2020-09-05,0,112
Sprimont,62100,2020-09-06,0,112
Sprimont,62100,2020-09-07,0,112
Sprimont,62100,2020-09-08,1,113
Sprimont,62100,2020-09-09,0,113
Sprimont,62100,2020-09-10,1,114
Sprimont,62100,2020-09-11,3,117
Sprimont,62100,2020-09-12,1,118
Sprimont,62100,2020-09-13,2,120
Sprimont,62100,2020-09-14,0,120
Sprimont,62100,2020-09-15,1,121
Sprimont,62100,2020-09-16,0,121
Sprimont,62100,2020-09-17,1,122
Sprimont,62100,2020-09-18,4,126
Sprimont,62100,2020-09-19,2,128
Sprimont,62100,2020-09-20,3,131
Sprimont,62100,2020-09-21,1,132
Sprimont,62100,2020-09-22,1,133
Sprimont,62100,2020-09-23,4,137
Sprimont,62100,2020-09-24,2,139
Sprimont,62100,2020-09-25,6,145
Sprimont,62100,2020-09-26,4,149
Sprimont,62100,2020-09-27,5,154
Sprimont,62100,2020-09-28,5,159
Sprimont,62100,2020-09-29,2,161
Sprimont,62100,2020-09-30,4,165
Sprimont,62100,2020-10-01,2,167
Sprimont,62100,2020-10-02,11,178
Sprimont,62100,2020-10-03,4,182
Sprimont,62100,2020-10-04,13,195
Sprimont,62100,2020-10-05,11,206
Sprimont,62100,2020-10-06,3,209
Sprimont,62100,2020-10-07,14,223
Sprimont,62100,2020-10-08,24,247
Sprimont,62100,2020-10-09,26,273
Sprimont,62100,2020-10-10,18,291
Sprimont,62100,2020-10-11,20,311
Sprimont,62100,2020-10-12,17,328
Sprimont,62100,2020-10-13,13,341
Sprimont,62100,2020-10-14,38,379
Sprimont,62100,2020-10-15,47,426
Sprimont,62100,2020-10-16,26,452
Sprimont,62100,2020-10-17,34,486
Sprimont,62100,2020-10-18,48,534
Sprimont,62100,2020-10-19,26,560
Sprimont,62100,2020-10-20,39,599
Sprimont,62100,2020-10-21,27,626
Sprimont,62100,2020-10-22,44,670
Sprimont,62100,2020-10-23,69,739
Sprimont,62100,2020-10-24,83,822
Sprimont,62100,2020-10-25,64,886
Sprimont,62100,2020-10-26,49,935
Sprimont,62100,2020-10-27,52,987
Sprimont,62100,2020-10-28,59,1046
Sprimont,62100,2020-10-29,88,1134
Sprimont,62100,2020-10-30,55,1189
Sprimont,62100,2020-10-31,45,1234
Sprimont,62100,2020-11-01,49,1283
Sprimont,62100,2020-11-02,44,1327
Sprimont,62100,2020-11-03,3,1330
Sprimont,62100,2020-11-04,12,1342
Sprimont,62100,2020-11-05,22,1364
Sprimont,62100,2020-11-06,40,1404
Sprimont,62100,2020-11-07,15,1419
Sprimont,62100,2020-11-08,8,1427
Sprimont,62100,2020-11-09,11,1438
Sprimont,62100,2020-11-10,1,1439
Sprimont,62100,2020-11-11,3,1442
Wezet,62108,2020-04-01,2,25
Wezet,62108,2020-04-02,0,25
Wezet,62108,2020-04-03,2,27
Wezet,62108,2020-04-04,0,27
Wezet,62108,2020-04-05,0,27
Wezet,62108,2020-04-06,0,27
Wezet,62108,2020-04-07,11,38
Wezet,62108,2020-04-08,2,40
Wezet,62108,2020-04-09,2,42
Wezet,62108,2020-04-10,1,43
Wezet,62108,2020-04-11,7,50
Wezet,62108,2020-04-12,3,53
Wezet,62108,2020-04-13,0,53
Wezet,62108,2020-04-14,0,53
Wezet,62108,2020-04-15,5,58
Wezet,62108,2020-04-16,1,59
Wezet,62108,2020-04-17,5,64
Wezet,62108,2020-04-18,1,65
Wezet,62108,2020-04-19,2,67
Wezet,62108,2020-04-20,4,71
Wezet,62108,2020-04-21,0,71
Wezet,62108,2020-04-22,1,72
Wezet,62108,2020-04-23,2,74
Wezet,62108,2020-04-24,2,76
Wezet,62108,2020-04-25,0,76
Wezet,62108,2020-04-26,4,80
Wezet,62108,2020-04-27,2,82
Wezet,62108,2020-04-28,2,84
Wezet,62108,2020-04-29,0,84
Wezet,62108,2020-04-30,1,85
Wezet,62108,2020-05-01,1,86
Wezet,62108,2020-05-02,2,88
Wezet,62108,2020-05-03,0,88
Wezet,62108,2020-05-04,0,88
Wezet,62108,2020-05-05,1,89
Wezet,62108,2020-05-06,1,90
Wezet,62108,2020-05-07,0,90
Wezet,62108,2020-05-08,0,90
Wezet,62108,2020-05-09,0,90
Wezet,62108,2020-05-10,0,90
Wezet,62108,2020-05-11,1,91
Wezet,62108,2020-05-12,2,93
Wezet,62108,2020-05-13,0,93
Wezet,62108,2020-05-14,0,93
Wezet,62108,2020-05-15,0,93
Wezet,62108,2020-05-16,1,94
Wezet,62108,2020-05-17,2,96
Wezet,62108,2020-05-18,0,96
Wezet,62108,2020-05-19,0,96
Wezet,62108,2020-05-20,0,96
Wezet,62108,2020-05-21,1,97
Wezet,62108,2020-05-22,0,97
Wezet,62108,2020-05-23,0,97
Wezet,62108,2020-05-24,0,97
Wezet,62108,2020-05-25,0,97
Wezet,62108,2020-05-26,1,98
Wezet,62108,2020-05-27,0,98
Wezet,62108,2020-05-28,0,98
Wezet,62108,2020-05-29,0,98
Wezet,62108,2020-05-30,0,98
Wezet,62108,2020-05-31,0,98
Wezet,62108,2020-06-01,0,98
Wezet,62108,2020-06-02,1,99
Wezet,62108,2020-06-03,0,99
Wezet,62108,2020-06-04,0,99
Wezet,62108,2020-06-05,0,99
Wezet,62108,2020-06-06,0,99
Wezet,62108,2020-06-07,1,100
Wezet,62108,2020-06-08,0,100
Wezet,62108,2020-06-09,0,100
Wezet,62108,2020-06-10,0,100
Wezet,62108,2020-06-11,0,100
Wezet,62108,2020-06-12,0,100
Wezet,62108,2020-06-13,0,100
Wezet,62108,2020-06-14,0,100
Wezet,62108,2020-06-15,0,100
Wezet,62108,2020-06-16,0,100
Wezet,62108,2020-06-17,0,100
Wezet,62108,2020-06-18,0,100
Wezet,62108,2020-06-19,0,100
Wezet,62108,2020-06-20,0,100
Wezet,62108,2020-06-23,0,100
Wezet,62108,2020-06-24,0,100
Wezet,62108,2020-06-25,0,100
Wezet,62108,2020-06-26,0,100
Wezet,62108,2020-06-27,0,100
Wezet,62108,2020-06-30,1,101
Wezet,62108,2020-07-01,0,101
Wezet,62108,2020-07-02,0,101
Wezet,62108,2020-07-03,0,101
Wezet,62108,2020-07-04,0,101
Wezet,62108,2020-07-07,0,101
Wezet,62108,2020-07-08,0,101
Wezet,62108,2020-07-09,0,101
Wezet,62108,2020-07-10,1,102
Wezet,62108,2020-07-11,0,102
Wezet,62108,2020-07-14,0,102
Wezet,62108,2020-07-15,0,102
Wezet,62108,2020-07-16,0,102
Wezet,62108,2020-07-17,0,102
Wezet,62108,2020-07-18,0,102
Wezet,62108,2020-07-20,0,102
Wezet,62108,2020-07-21,0,102
Wezet,62108,2020-07-22,0,102
Wezet,62108,2020-07-23,0,102
Wezet,62108,2020-07-24,0,102
Wezet,62108,2020-07-25,2,104
Wezet,62108,2020-07-26,0,104
Wezet,62108,2020-07-27,0,104
Wezet,62108,2020-07-28,0,104
Wezet,62108,2020-07-29,0,104
Wezet,62108,2020-07-30,0,104
Wezet,62108,2020-07-31,0,104
Wezet,62108,2020-08-01,2,106
Wezet,62108,2020-08-02,0,106
Wezet,62108,2020-08-03,0,106
Wezet,62108,2020-08-04,0,106
Wezet,62108,2020-08-05,0,106
Wezet,62108,2020-08-06,1,107
Wezet,62108,2020-08-07,0,107
Wezet,62108,2020-08-08,1,108
Wezet,62108,2020-08-09,3,111
Wezet,62108,2020-08-10,1,112
Wezet,62108,2020-08-11,0,112
Wezet,62108,2020-08-12,0,112
Wezet,62108,2020-08-13,0,112
Wezet,62108,2020-08-14,0,112
Wezet,62108,2020-08-15,2,114
Wezet,62108,2020-08-16,1,115
Wezet,62108,2020-08-17,0,115
Wezet,62108,2020-08-18,1,116
Wezet,62108,2020-08-19,1,117
Wezet,62108,2020-08-20,0,117
Wezet,62108,2020-08-21,0,117
Wezet,62108,2020-08-22,2,119
Wezet,62108,2020-08-23,0,119
Wezet,62108,2020-08-24,2,121
Wezet,62108,2020-08-25,0,121
Wezet,62108,2020-08-26,0,121
Wezet,62108,2020-08-27,1,122
Wezet,62108,2020-08-28,1,123
Wezet,62108,2020-08-29,0,123
Wezet,62108,2020-08-30,2,125
Wezet,62108,2020-08-31,-1,124
Wezet,62108,2020-09-01,-2,122
Wezet,62108,2020-09-02,0,122
Wezet,62108,2020-09-03,1,123
Wezet,62108,2020-09-04,0,123
Wezet,62108,2020-09-05,1,124
Wezet,62108,2020-09-06,0,124
Wezet,62108,2020-09-07,1,125
Wezet,62108,2020-09-08,0,125
Wezet,62108,2020-09-09,0,125
Wezet,62108,2020-09-10,0,125
Wezet,62108,2020-09-11,2,127
Wezet,62108,2020-09-12,0,127
Wezet,62108,2020-09-13,5,132
Wezet,62108,2020-09-14,0,132
Wezet,62108,2020-09-15,3,135
Wezet,62108,2020-09-16,1,136
Wezet,62108,2020-09-17,1,137
Wezet,62108,2020-09-18,14,151
Wezet,62108,2020-09-19,2,153
Wezet,62108,2020-09-20,4,157
Wezet,62108,2020-09-21,4,161
Wezet,62108,2020-09-22,1,162
Wezet,62108,2020-09-23,7,169
Wezet,62108,2020-09-24,0,169
Wezet,62108,2020-09-25,5,174
Wezet,62108,2020-09-26,6,180
Wezet,62108,2020-09-27,2,182
Wezet,62108,2020-09-28,4,186
Wezet,62108,2020-09-29,1,187
Wezet,62108,2020-09-30,5,192
Wezet,62108,2020-10-01,2,194
Wezet,62108,2020-10-02,6,200
Wezet,62108,2020-10-03,12,212
Wezet,62108,2020-10-04,5,217
Wezet,62108,2020-10-05,8,225
Wezet,62108,2020-10-06,5,230
Wezet,62108,2020-10-07,3,233
Wezet,62108,2020-10-08,8,241
Wezet,62108,2020-10-09,8,249
Wezet,62108,2020-10-10,12,261
Wezet,62108,2020-10-11,12,273
Wezet,62108,2020-10-12,22,295
Wezet,62108,2020-10-13,8,303
Wezet,62108,2020-10-14,33,336
Wezet,62108,2020-10-15,21,357
Wezet,62108,2020-10-16,49,406
Wezet,62108,2020-10-17,54,460
Wezet,62108,2020-10-18,44,504
Wezet,62108,2020-10-19,26,530
Wezet,62108,2020-10-20,20,550
Wezet,62108,2020-10-21,21,571
Wezet,62108,2020-10-22,48,619
Wezet,62108,2020-10-23,59,678
Wezet,62108,2020-10-24,76,754
Wezet,62108,2020-10-25,71,825
Wezet,62108,2020-10-26,57,882
Wezet,62108,2020-10-27,19,901
Wezet,62108,2020-10-28,59,960
Wezet,62108,2020-10-29,79,1039
Wezet,62108,2020-10-30,73,1112
Wezet,62108,2020-10-31,84,1196
Wezet,62108,2020-11-01,60,1256
Wezet,62108,2020-11-02,20,1276
Wezet,62108,2020-11-03,15,1291
Wezet,62108,2020-11-04,48,1339
Wezet,62108,2020-11-05,39,1378
Wezet,62108,2020-11-06,30,1408
Wezet,62108,2020-11-07,35,1443
Wezet,62108,2020-11-08,17,1460
Wezet,62108,2020-11-09,20,1480
Wezet,62108,2020-11-10,2,1482
Wezet,62108,2020-11-11,6,1488
Grâce-Hollogne,62118,2020-04-01,2,40
Grâce-Hollogne,62118,2020-04-02,0,40
Grâce-Hollogne,62118,2020-04-03,2,42
Grâce-Hollogne,62118,2020-04-04,2,44
Grâce-Hollogne,62118,2020-04-05,0,44
Grâce-Hollogne,62118,2020-04-06,0,44
Grâce-Hollogne,62118,2020-04-07,9,53
Grâce-Hollogne,62118,2020-04-08,0,53
Grâce-Hollogne,62118,2020-04-09,3,56
Grâce-Hollogne,62118,2020-04-10,2,58
Grâce-Hollogne,62118,2020-04-11,5,63
Grâce-Hollogne,62118,2020-04-12,4,67
Grâce-Hollogne,62118,2020-04-13,3,70
Grâce-Hollogne,62118,2020-04-14,0,70
Grâce-Hollogne,62118,2020-04-15,7,77
Grâce-Hollogne,62118,2020-04-16,4,81
Grâce-Hollogne,62118,2020-04-17,1,82
Grâce-Hollogne,62118,2020-04-18,0,82
Grâce-Hollogne,62118,2020-04-19,3,85
Grâce-Hollogne,62118,2020-04-20,6,91
Grâce-Hollogne,62118,2020-04-21,2,93
Grâce-Hollogne,62118,2020-04-22,1,94
Grâce-Hollogne,62118,2020-04-23,3,97
Grâce-Hollogne,62118,2020-04-24,6,103
Grâce-Hollogne,62118,2020-04-25,0,103
Grâce-Hollogne,62118,2020-04-26,2,105
Grâce-Hollogne,62118,2020-04-27,1,106
Grâce-Hollogne,62118,2020-04-28,2,108
Grâce-Hollogne,62118,2020-04-29,0,108
Grâce-Hollogne,62118,2020-04-30,3,111
Grâce-Hollogne,62118,2020-05-01,1,112
Grâce-Hollogne,62118,2020-05-02,1,113
Grâce-Hollogne,62118,2020-05-03,1,114
Grâce-Hollogne,62118,2020-05-04,1,115
Grâce-Hollogne,62118,2020-05-05,0,115
Grâce-Hollogne,62118,2020-05-06,0,115
Grâce-Hollogne,62118,2020-05-07,0,115
Grâce-Hollogne,62118,2020-05-08,0,115
Grâce-Hollogne,62118,2020-05-09,0,115
Grâce-Hollogne,62118,2020-05-10,2,117
Grâce-Hollogne,62118,2020-05-11,0,117
Grâce-Hollogne,62118,2020-05-12,3,120
Grâce-Hollogne,62118,2020-05-13,0,120
Grâce-Hollogne,62118,2020-05-14,0,120
Grâce-Hollogne,62118,2020-05-15,0,120
Grâce-Hollogne,62118,2020-05-16,0,120
Grâce-Hollogne,62118,2020-05-17,1,121
Grâce-Hollogne,62118,2020-05-18,2,123
Grâce-Hollogne,62118,2020-05-19,0,123
Grâce-Hollogne,62118,2020-05-20,1,124
Grâce-Hollogne,62118,2020-05-21,0,124
Grâce-Hollogne,62118,2020-05-22,0,124
Grâce-Hollogne,62118,2020-05-23,1,125
Grâce-Hollogne,62118,2020-05-24,1,126
Grâce-Hollogne,62118,2020-05-25,0,126
Grâce-Hollogne,62118,2020-05-26,0,126
Grâce-Hollogne,62118,2020-05-27,0,126
Grâce-Hollogne,62118,2020-05-28,0,126
Grâce-Hollogne,62118,2020-05-29,1,127
Grâce-Hollogne,62118,2020-05-30,0,127
Grâce-Hollogne,62118,2020-05-31,0,127
Grâce-Hollogne,62118,2020-06-01,0,127
Grâce-Hollogne,62118,2020-06-02,2,129
Grâce-Hollogne,62118,2020-06-03,1,130
Grâce-Hollogne,62118,2020-06-04,0,130
Grâce-Hollogne,62118,2020-06-05,0,130
Grâce-Hollogne,62118,2020-06-06,0,130
Grâce-Hollogne,62118,2020-06-07,1,131
Grâce-Hollogne,62118,2020-06-08,0,131
Grâce-Hollogne,62118,2020-06-09,0,131
Grâce-Hollogne,62118,2020-06-10,1,132
Grâce-Hollogne,62118,2020-06-11,0,132
Grâce-Hollogne,62118,2020-06-12,0,132
Grâce-Hollogne,62118,2020-06-13,0,132
Grâce-Hollogne,62118,2020-06-14,0,132
Grâce-Hollogne,62118,2020-06-15,1,133
Grâce-Hollogne,62118,2020-06-16,0,133
Grâce-Hollogne,62118,2020-06-17,0,133
Grâce-Hollogne,62118,2020-06-18,0,133
Grâce-Hollogne,62118,2020-06-19,1,134
Grâce-Hollogne,62118,2020-06-20,0,134
Grâce-Hollogne,62118,2020-06-23,0,134
Grâce-Hollogne,62118,2020-06-24,1,135
Grâce-Hollogne,62118,2020-06-25,0,135
Grâce-Hollogne,62118,2020-06-26,0,135
Grâce-Hollogne,62118,2020-06-27,1,136
Grâce-Hollogne,62118,2020-06-30,0,136
Grâce-Hollogne,62118,2020-07-01,0,136
Grâce-Hollogne,62118,2020-07-02,0,136
Grâce-Hollogne,62118,2020-07-03,0,136
Grâce-Hollogne,62118,2020-07-04,1,137
Grâce-Hollogne,62118,2020-07-07,0,137
Grâce-Hollogne,62118,2020-07-08,0,137
Grâce-Hollogne,62118,2020-07-09,0,137
Grâce-Hollogne,62118,2020-07-10,1,138
Grâce-Hollogne,62118,2020-07-11,0,138
Grâce-Hollogne,62118,2020-07-14,0,138
Grâce-Hollogne,62118,2020-07-15,0,138
Grâce-Hollogne,62118,2020-07-16,0,138
Grâce-Hollogne,62118,2020-07-17,0,138
Grâce-Hollogne,62118,2020-07-18,0,138
Grâce-Hollogne,62118,2020-07-20,0,138
Grâce-Hollogne,62118,2020-07-21,1,139
Grâce-Hollogne,62118,2020-07-22,0,139
Grâce-Hollogne,62118,2020-07-23,1,140
Grâce-Hollogne,62118,2020-07-24,0,140
Grâce-Hollogne,62118,2020-07-25,0,140
Grâce-Hollogne,62118,2020-07-26,0,140
Grâce-Hollogne,62118,2020-07-27,0,140
Grâce-Hollogne,62118,2020-07-28,0,140
Grâce-Hollogne,62118,2020-07-29,0,140
Grâce-Hollogne,62118,2020-07-30,2,142
Grâce-Hollogne,62118,2020-07-31,0,142
Grâce-Hollogne,62118,2020-08-01,1,143
Grâce-Hollogne,62118,2020-08-02,0,143
Grâce-Hollogne,62118,2020-08-03,0,143
Grâce-Hollogne,62118,2020-08-04,1,144
Grâce-Hollogne,62118,2020-08-05,2,146
Grâce-Hollogne,62118,2020-08-06,0,146
Grâce-Hollogne,62118,2020-08-07,0,146
Grâce-Hollogne,62118,2020-08-08,2,148
Grâce-Hollogne,62118,2020-08-09,5,153
Grâce-Hollogne,62118,2020-08-10,0,153
Grâce-Hollogne,62118,2020-08-11,0,153
Grâce-Hollogne,62118,2020-08-12,0,153
Grâce-Hollogne,62118,2020-08-13,1,154
Grâce-Hollogne,62118,2020-08-14,3,157
Grâce-Hollogne,62118,2020-08-15,7,164
Grâce-Hollogne,62118,2020-08-16,0,164
Grâce-Hollogne,62118,2020-08-17,4,168
Grâce-Hollogne,62118,2020-08-18,3,171
Grâce-Hollogne,62118,2020-08-19,2,173
Grâce-Hollogne,62118,2020-08-20,3,176
Grâce-Hollogne,62118,2020-08-21,0,176
Grâce-Hollogne,62118,2020-08-22,3,179
Grâce-Hollogne,62118,2020-08-23,0,179
Grâce-Hollogne,62118,2020-08-24,0,179
Grâce-Hollogne,62118,2020-08-25,0,179
Grâce-Hollogne,62118,2020-08-26,0,179
Grâce-Hollogne,62118,2020-08-27,0,179
Grâce-Hollogne,62118,2020-08-28,0,179
Grâce-Hollogne,62118,2020-08-29,2,181
Grâce-Hollogne,62118,2020-08-30,0,181
Grâce-Hollogne,62118,2020-08-31,1,182
Grâce-Hollogne,62118,2020-09-01,1,183
Grâce-Hollogne,62118,2020-09-02,0,183
Grâce-Hollogne,62118,2020-09-03,2,185
Grâce-Hollogne,62118,2020-09-04,3,188
Grâce-Hollogne,62118,2020-09-05,1,189
Grâce-Hollogne,62118,2020-09-06,0,189
Grâce-Hollogne,62118,2020-09-07,3,192
Grâce-Hollogne,62118,2020-09-08,0,192
Grâce-Hollogne,62118,2020-09-09,0,192
Grâce-Hollogne,62118,2020-09-10,0,192
Grâce-Hollogne,62118,2020-09-11,1,193
Grâce-Hollogne,62118,2020-09-12,2,195
Grâce-Hollogne,62118,2020-09-13,3,198
Grâce-Hollogne,62118,2020-09-14,5,203
Grâce-Hollogne,62118,2020-09-15,1,204
Grâce-Hollogne,62118,2020-09-16,2,206
Grâce-Hollogne,62118,2020-09-17,18,224
Grâce-Hollogne,62118,2020-09-18,13,237
Grâce-Hollogne,62118,2020-09-19,10,247
Grâce-Hollogne,62118,2020-09-20,4,251
Grâce-Hollogne,62118,2020-09-21,8,259
Grâce-Hollogne,62118,2020-09-22,3,262
Grâce-Hollogne,62118,2020-09-23,5,267
Grâce-Hollogne,62118,2020-09-24,7,274
Grâce-Hollogne,62118,2020-09-25,3,277
Grâce-Hollogne,62118,2020-09-26,13,290
Grâce-Hollogne,62118,2020-09-27,2,292
Grâce-Hollogne,62118,2020-09-28,10,302
Grâce-Hollogne,62118,2020-09-29,5,307
Grâce-Hollogne,62118,2020-09-30,8,315
Grâce-Hollogne,62118,2020-10-01,2,317
Grâce-Hollogne,62118,2020-10-02,4,321
Grâce-Hollogne,62118,2020-10-03,7,328
Grâce-Hollogne,62118,2020-10-04,8,336
Grâce-Hollogne,62118,2020-10-05,7,343
Grâce-Hollogne,62118,2020-10-06,6,349
Grâce-Hollogne,62118,2020-10-07,2,351
Grâce-Hollogne,62118,2020-10-08,6,357
Grâce-Hollogne,62118,2020-10-09,11,368
Grâce-Hollogne,62118,2020-10-10,13,381
Grâce-Hollogne,62118,2020-10-11,25,406
Grâce-Hollogne,62118,2020-10-12,14,420
Grâce-Hollogne,62118,2020-10-13,4,424
Grâce-Hollogne,62118,2020-10-14,53,477
Grâce-Hollogne,62118,2020-10-15,38,515
Grâce-Hollogne,62118,2020-10-16,43,558
Grâce-Hollogne,62118,2020-10-17,52,610
Grâce-Hollogne,62118,2020-10-18,49,659
Grâce-Hollogne,62118,2020-10-19,50,709
Grâce-Hollogne,62118,2020-10-20,25,734
Grâce-Hollogne,62118,2020-10-21,37,771
Grâce-Hollogne,62118,2020-10-22,48,819
Grâce-Hollogne,62118,2020-10-23,63,882
Grâce-Hollogne,62118,2020-10-24,70,952
Grâce-Hollogne,62118,2020-10-25,51,1003
Grâce-Hollogne,62118,2020-10-26,56,1059
Grâce-Hollogne,62118,2020-10-27,33,1092
Grâce-Hollogne,62118,2020-10-28,67,1159
Grâce-Hollogne,62118,2020-10-29,93,1252
Grâce-Hollogne,62118,2020-10-30,106,1358
Grâce-Hollogne,62118,2020-10-31,90,1448
Grâce-Hollogne,62118,2020-11-01,92,1540
Grâce-Hollogne,62118,2020-11-02,45,1585
Grâce-Hollogne,62118,2020-11-03,7,1592
Grâce-Hollogne,62118,2020-11-04,44,1636
Grâce-Hollogne,62118,2020-11-05,36,1672
Grâce-Hollogne,62118,2020-11-06,57,1729
Grâce-Hollogne,62118,2020-11-07,37,1766
Grâce-Hollogne,62118,2020-11-08,32,1798
Grâce-Hollogne,62118,2020-11-09,14,1812
Grâce-Hollogne,62118,2020-11-10,6,1818
Grâce-Hollogne,62118,2020-11-11,25,1843
Blegny,62119,2020-04-01,2,21
Blegny,62119,2020-04-02,0,21
Blegny,62119,2020-04-03,1,22
Blegny,62119,2020-04-04,0,22
Blegny,62119,2020-04-05,0,22
Blegny,62119,2020-04-06,0,22
Blegny,62119,2020-04-07,6,28
Blegny,62119,2020-04-08,1,29
Blegny,62119,2020-04-09,4,33
Blegny,62119,2020-04-10,1,34
Blegny,62119,2020-04-11,3,37
Blegny,62119,2020-04-12,2,39
Blegny,62119,2020-04-13,1,40
Blegny,62119,2020-04-14,0,40
Blegny,62119,2020-04-15,1,41
Blegny,62119,2020-04-16,4,45
Blegny,62119,2020-04-17,12,57
Blegny,62119,2020-04-18,5,62
Blegny,62119,2020-04-19,24,86
Blegny,62119,2020-04-20,14,100
Blegny,62119,2020-04-21,0,100
Blegny,62119,2020-04-22,1,101
Blegny,62119,2020-04-23,0,101
Blegny,62119,2020-04-24,2,103
Blegny,62119,2020-04-25,3,106
Blegny,62119,2020-04-26,1,107
Blegny,62119,2020-04-27,1,108
Blegny,62119,2020-04-28,2,110
Blegny,62119,2020-04-29,0,110
Blegny,62119,2020-04-30,2,112
Blegny,62119,2020-05-01,2,114
Blegny,62119,2020-05-02,-1,113
Blegny,62119,2020-05-03,1,114
Blegny,62119,2020-05-04,0,114
Blegny,62119,2020-05-05,0,114
Blegny,62119,2020-05-06,0,114
Blegny,62119,2020-05-07,0,114
Blegny,62119,2020-05-08,2,116
Blegny,62119,2020-05-09,0,116
Blegny,62119,2020-05-10,0,116
Blegny,62119,2020-05-11,0,116
Blegny,62119,2020-05-12,0,116
Blegny,62119,2020-05-13,0,116
Blegny,62119,2020-05-14,0,116
Blegny,62119,2020-05-15,0,116
Blegny,62119,2020-05-16,0,116
Blegny,62119,2020-05-17,0,116
Blegny,62119,2020-05-18,0,116
Blegny,62119,2020-05-19,0,116
Blegny,62119,2020-05-20,1,117
Blegny,62119,2020-05-21,0,117
Blegny,62119,2020-05-22,0,117
Blegny,62119,2020-05-23,1,118
Blegny,62119,2020-05-24,1,119
Blegny,62119,2020-05-25,0,119
Blegny,62119,2020-05-26,0,119
Blegny,62119,2020-05-27,0,119
Blegny,62119,2020-05-28,1,120
Blegny,62119,2020-05-29,1,121
Blegny,62119,2020-05-30,0,121
Blegny,62119,2020-05-31,0,121
Blegny,62119,2020-06-01,1,122
Blegny,62119,2020-06-02,0,122
Blegny,62119,2020-06-03,1,123
Blegny,62119,2020-06-04,0,123
Blegny,62119,2020-06-05,1,124
Blegny,62119,2020-06-06,0,124
Blegny,62119,2020-06-07,0,124
Blegny,62119,2020-06-08,0,124
Blegny,62119,2020-06-09,1,125
Blegny,62119,2020-06-10,0,125
Blegny,62119,2020-06-11,0,125
Blegny,62119,2020-06-12,0,125
Blegny,62119,2020-06-13,0,125
Blegny,62119,2020-06-14,0,125
Blegny,62119,2020-06-15,0,125
Blegny,62119,2020-06-16,0,125
Blegny,62119,2020-06-17,0,125
Blegny,62119,2020-06-18,0,125
Blegny,62119,2020-06-19,0,125
Blegny,62119,2020-06-20,0,125
Blegny,62119,2020-06-23,1,126
Blegny,62119,2020-06-24,0,126
Blegny,62119,2020-06-25,0,126
Blegny,62119,2020-06-26,0,126
Blegny,62119,2020-06-27,0,126
Blegny,62119,2020-06-30,0,126
Blegny,62119,2020-07-01,0,126
Blegny,62119,2020-07-02,0,126
Blegny,62119,2020-07-03,0,126
Blegny,62119,2020-07-04,0,126
Blegny,62119,2020-07-07,0,126
Blegny,62119,2020-07-08,0,126
Blegny,62119,2020-07-09,0,126
Blegny,62119,2020-07-10,0,126
Blegny,62119,2020-07-11,0,126
Blegny,62119,2020-07-14,0,126
Blegny,62119,2020-07-15,0,126
Blegny,62119,2020-07-16,0,126
Blegny,62119,2020-07-17,0,126
Blegny,62119,2020-07-18,0,126
Blegny,62119,2020-07-20,0,126
Blegny,62119,2020-07-21,0,126
Blegny,62119,2020-07-22,0,126
Blegny,62119,2020-07-23,1,127
Blegny,62119,2020-07-24,0,127
Blegny,62119,2020-07-25,0,127
Blegny,62119,2020-07-26,0,127
Blegny,62119,2020-07-27,0,127
Blegny,62119,2020-07-28,0,127
Blegny,62119,2020-07-29,0,127
Blegny,62119,2020-07-30,0,127
Blegny,62119,2020-07-31,0,127
Blegny,62119,2020-08-01,0,127
Blegny,62119,2020-08-02,0,127
Blegny,62119,2020-08-03,0,127
Blegny,62119,2020-08-04,0,127
Blegny,62119,2020-08-05,0,127
Blegny,62119,2020-08-06,1,128
Blegny,62119,2020-08-07,0,128
Blegny,62119,2020-08-08,0,128
Blegny,62119,2020-08-09,1,129
Blegny,62119,2020-08-10,0,129
Blegny,62119,2020-08-11,0,129
Blegny,62119,2020-08-12,0,129
Blegny,62119,2020-08-13,0,129
Blegny,62119,2020-08-14,0,129
Blegny,62119,2020-08-15,1,130
Blegny,62119,2020-08-16,0,130
Blegny,62119,2020-08-17,0,130
Blegny,62119,2020-08-18,0,130
Blegny,62119,2020-08-19,0,130
Blegny,62119,2020-08-20,0,130
Blegny,62119,2020-08-21,0,130
Blegny,62119,2020-08-22,0,130
Blegny,62119,2020-08-23,1,131
Blegny,62119,2020-08-24,0,131
Blegny,62119,2020-08-25,0,131
Blegny,62119,2020-08-26,0,131
Blegny,62119,2020-08-27,1,132
Blegny,62119,2020-08-28,0,132
Blegny,62119,2020-08-29,0,132
Blegny,62119,2020-08-30,0,132
Blegny,62119,2020-08-31,0,132
Blegny,62119,2020-09-01,0,132
Blegny,62119,2020-09-02,0,132
Blegny,62119,2020-09-03,0,132
Blegny,62119,2020-09-04,0,132
Blegny,62119,2020-09-05,0,132
Blegny,62119,2020-09-06,2,134
Blegny,62119,2020-09-07,0,134
Blegny,62119,2020-09-08,0,134
Blegny,62119,2020-09-09,0,134
Blegny,62119,2020-09-10,0,134
Blegny,62119,2020-09-11,3,137
Blegny,62119,2020-09-12,2,139
Blegny,62119,2020-09-13,0,139
Blegny,62119,2020-09-14,0,139
Blegny,62119,2020-09-15,2,141
Blegny,62119,2020-09-16,3,144
Blegny,62119,2020-09-17,1,145
Blegny,62119,2020-09-18,8,153
Blegny,62119,2020-09-19,2,155
Blegny,62119,2020-09-20,0,155
Blegny,62119,2020-09-21,4,159
Blegny,62119,2020-09-22,2,161
Blegny,62119,2020-09-23,3,164
Blegny,62119,2020-09-24,1,165
Blegny,62119,2020-09-25,1,166
Blegny,62119,2020-09-26,4,170
Blegny,62119,2020-09-27,5,175
Blegny,62119,2020-09-28,5,180
Blegny,62119,2020-09-29,2,182
Blegny,62119,2020-09-30,2,184
Blegny,62119,2020-10-01,1,185
Blegny,62119,2020-10-02,4,189
Blegny,62119,2020-10-03,11,200
Blegny,62119,2020-10-04,6,206
Blegny,62119,2020-10-05,11,217
Blegny,62119,2020-10-06,3,220
Blegny,62119,2020-10-07,4,224
Blegny,62119,2020-10-08,9,233
Blegny,62119,2020-10-09,8,241
Blegny,62119,2020-10-10,2,243
Blegny,62119,2020-10-11,6,249
Blegny,62119,2020-10-12,12,261
Blegny,62119,2020-10-13,5,266
Blegny,62119,2020-10-14,29,295
Blegny,62119,2020-10-15,15,310
Blegny,62119,2020-10-16,27,337
Blegny,62119,2020-10-17,30,367
Blegny,62119,2020-10-18,29,396
Blegny,62119,2020-10-19,28,424
Blegny,62119,2020-10-20,19,443
Blegny,62119,2020-10-21,30,473
Blegny,62119,2020-10-22,40,513
Blegny,62119,2020-10-23,67,580
Blegny,62119,2020-10-24,68,648
Blegny,62119,2020-10-25,60,708
Blegny,62119,2020-10-26,56,764
Blegny,62119,2020-10-27,18,782
Blegny,62119,2020-10-28,51,833
Blegny,62119,2020-10-29,80,913
Blegny,62119,2020-10-30,59,972
Blegny,62119,2020-10-31,52,1024
Blegny,62119,2020-11-01,55,1079
Blegny,62119,2020-11-02,21,1100
Blegny,62119,2020-11-03,49,1149
Blegny,62119,2020-11-04,32,1181
Blegny,62119,2020-11-05,27,1208
Blegny,62119,2020-11-06,32,1240
Blegny,62119,2020-11-07,12,1252
Blegny,62119,2020-11-08,10,1262
Blegny,62119,2020-11-09,16,1278
Blegny,62119,2020-11-10,0,1278
Blegny,62119,2020-11-11,10,1288
Flémalle,62120,2020-04-01,12,65
Flémalle,62120,2020-04-02,1,66
Flémalle,62120,2020-04-03,2,68
Flémalle,62120,2020-04-04,6,74
Flémalle,62120,2020-04-05,0,74
Flémalle,62120,2020-04-06,0,74
Flémalle,62120,2020-04-07,20,94
Flémalle,62120,2020-04-08,6,100
Flémalle,62120,2020-04-09,4,104
Flémalle,62120,2020-04-10,2,106
Flémalle,62120,2020-04-11,5,111
Flémalle,62120,2020-04-12,2,113
Flémalle,62120,2020-04-13,1,114
Flémalle,62120,2020-04-14,1,115
Flémalle,62120,2020-04-15,13,128
Flémalle,62120,2020-04-16,2,130
Flémalle,62120,2020-04-17,4,134
Flémalle,62120,2020-04-18,2,136
Flémalle,62120,2020-04-19,21,157
Flémalle,62120,2020-04-20,12,169
Flémalle,62120,2020-04-21,1,170
Flémalle,62120,2020-04-22,1,171
Flémalle,62120,2020-04-23,2,173
Flémalle,62120,2020-04-24,1,174
Flémalle,62120,2020-04-25,0,174
Flémalle,62120,2020-04-26,1,175
Flémalle,62120,2020-04-27,2,177
Flémalle,62120,2020-04-28,2,179
Flémalle,62120,2020-04-29,0,179
Flémalle,62120,2020-04-30,1,180
Flémalle,62120,2020-05-01,0,180
Flémalle,62120,2020-05-02,0,180
Flémalle,62120,2020-05-03,1,181
Flémalle,62120,2020-05-04,0,181
Flémalle,62120,2020-05-05,0,181
Flémalle,62120,2020-05-06,0,181
Flémalle,62120,2020-05-07,0,181
Flémalle,62120,2020-05-08,1,182
Flémalle,62120,2020-05-09,1,183
Flémalle,62120,2020-05-10,0,183
Flémalle,62120,2020-05-11,2,185
Flémalle,62120,2020-05-12,1,186
Flémalle,62120,2020-05-13,0,186
Flémalle,62120,2020-05-14,1,187
Flémalle,62120,2020-05-15,0,187
Flémalle,62120,2020-05-16,0,187
Flémalle,62120,2020-05-17,0,187
Flémalle,62120,2020-05-18,8,195
Flémalle,62120,2020-05-19,0,195
Flémalle,62120,2020-05-20,1,196
Flémalle,62120,2020-05-21,0,196
Flémalle,62120,2020-05-22,1,197
Flémalle,62120,2020-05-23,1,198
Flémalle,62120,2020-05-24,0,198
Flémalle,62120,2020-05-25,0,198
Flémalle,62120,2020-05-26,0,198
Flémalle,62120,2020-05-27,0,198
Flémalle,62120,2020-05-28,0,198
Flémalle,62120,2020-05-29,0,198
Flémalle,62120,2020-05-30,0,198
Flémalle,62120,2020-05-31,0,198
Flémalle,62120,2020-06-01,0,198
Flémalle,62120,2020-06-02,0,198
Flémalle,62120,2020-06-03,0,198
Flémalle,62120,2020-06-04,0,198
Flémalle,62120,2020-06-05,0,198
Flémalle,62120,2020-06-06,0,198
Flémalle,62120,2020-06-07,0,198
Flémalle,62120,2020-06-08,0,198
Flémalle,62120,2020-06-09,0,198
Flémalle,62120,2020-06-10,0,198
Flémalle,62120,2020-06-11,0,198
Flémalle,62120,2020-06-12,0,198
Flémalle,62120,2020-06-13,0,198
Flémalle,62120,2020-06-14,0,198
Flémalle,62120,2020-06-15,0,198
Flémalle,62120,2020-06-16,0,198
Flémalle,62120,2020-06-17,0,198
Flémalle,62120,2020-06-18,0,198
Flémalle,62120,2020-06-19,0,198
Flémalle,62120,2020-06-20,0,198
Flémalle,62120,2020-06-23,2,200
Flémalle,62120,2020-06-24,0,200
Flémalle,62120,2020-06-25,0,200
Flémalle,62120,2020-06-26,0,200
Flémalle,62120,2020-06-27,2,202
Flémalle,62120,2020-06-30,2,204
Flémalle,62120,2020-07-01,0,204
Flémalle,62120,2020-07-02,0,204
Flémalle,62120,2020-07-03,0,204
Flémalle,62120,2020-07-04,0,204
Flémalle,62120,2020-07-07,1,205
Flémalle,62120,2020-07-08,0,205
Flémalle,62120,2020-07-09,0,205
Flémalle,62120,2020-07-10,0,205
Flémalle,62120,2020-07-11,0,205
Flémalle,62120,2020-07-14,0,205
Flémalle,62120,2020-07-15,0,205
Flémalle,62120,2020-07-16,0,205
Flémalle,62120,2020-07-17,0,205
Flémalle,62120,2020-07-18,0,205
Flémalle,62120,2020-07-20,0,205
Flémalle,62120,2020-07-21,3,208
Flémalle,62120,2020-07-22,0,208
Flémalle,62120,2020-07-23,1,209
Flémalle,62120,2020-07-24,1,210
Flémalle,62120,2020-07-25,0,210
Flémalle,62120,2020-07-26,2,212
Flémalle,62120,2020-07-27,0,212
Flémalle,62120,2020-07-28,3,215
Flémalle,62120,2020-07-29,0,215
Flémalle,62120,2020-07-30,0,215
Flémalle,62120,2020-07-31,0,215
Flémalle,62120,2020-08-01,2,217
Flémalle,62120,2020-08-02,0,217
Flémalle,62120,2020-08-03,1,218
Flémalle,62120,2020-08-04,0,218
Flémalle,62120,2020-08-05,1,219
Flémalle,62120,2020-08-06,0,219
Flémalle,62120,2020-08-07,0,219
Flémalle,62120,2020-08-08,0,219
Flémalle,62120,2020-08-09,2,221
Flémalle,62120,2020-08-10,1,222
Flémalle,62120,2020-08-11,0,222
Flémalle,62120,2020-08-12,1,223
Flémalle,62120,2020-08-13,0,223
Flémalle,62120,2020-08-14,2,225
Flémalle,62120,2020-08-15,8,233
Flémalle,62120,2020-08-16,1,234
Flémalle,62120,2020-08-17,3,237
Flémalle,62120,2020-08-18,1,238
Flémalle,62120,2020-08-19,3,241
Flémalle,62120,2020-08-20,1,242
Flémalle,62120,2020-08-21,2,244
Flémalle,62120,2020-08-22,0,244
Flémalle,62120,2020-08-23,0,244
Flémalle,62120,2020-08-24,0,244
Flémalle,62120,2020-08-25,0,244
Flémalle,62120,2020-08-26,0,244
Flémalle,62120,2020-08-27,3,247
Flémalle,62120,2020-08-28,0,247
Flémalle,62120,2020-08-29,0,247
Flémalle,62120,2020-08-30,3,250
Flémalle,62120,2020-08-31,0,250
Flémalle,62120,2020-09-01,3,253
Flémalle,62120,2020-09-02,0,253
Flémalle,62120,2020-09-03,0,253
Flémalle,62120,2020-09-04,2,255
Flémalle,62120,2020-09-05,1,256
Flémalle,62120,2020-09-06,0,256
Flémalle,62120,2020-09-07,0,256
Flémalle,62120,2020-09-08,0,256
Flémalle,62120,2020-09-09,0,256
Flémalle,62120,2020-09-10,0,256
Flémalle,62120,2020-09-11,1,257
Flémalle,62120,2020-09-12,2,259
Flémalle,62120,2020-09-13,8,267
Flémalle,62120,2020-09-14,0,267
Flémalle,62120,2020-09-15,1,268
Flémalle,62120,2020-09-16,0,268
Flémalle,62120,2020-09-17,2,270
Flémalle,62120,2020-09-18,2,272
Flémalle,62120,2020-09-19,3,275
Flémalle,62120,2020-09-20,9,284
Flémalle,62120,2020-09-21,3,287
Flémalle,62120,2020-09-22,6,293
Flémalle,62120,2020-09-23,3,296
Flémalle,62120,2020-09-24,10,306
Flémalle,62120,2020-09-25,5,311
Flémalle,62120,2020-09-26,7,318
Flémalle,62120,2020-09-27,5,323
Flémalle,62120,2020-09-28,16,339
Flémalle,62120,2020-09-29,2,341
Flémalle,62120,2020-09-30,6,347
Flémalle,62120,2020-10-01,1,348
Flémalle,62120,2020-10-02,9,357
Flémalle,62120,2020-10-03,14,371
Flémalle,62120,2020-10-04,13,384
Flémalle,62120,2020-10-05,4,388
Flémalle,62120,2020-10-06,7,395
Flémalle,62120,2020-10-07,9,404
Flémalle,62120,2020-10-08,11,415
Flémalle,62120,2020-10-09,16,431
Flémalle,62120,2020-10-10,24,455
Flémalle,62120,2020-10-11,42,497
Flémalle,62120,2020-10-12,15,512
Flémalle,62120,2020-10-13,5,517
Flémalle,62120,2020-10-14,39,556
Flémalle,62120,2020-10-15,54,610
Flémalle,62120,2020-10-16,50,660
Flémalle,62120,2020-10-17,47,707
Flémalle,62120,2020-10-18,54,761
Flémalle,62120,2020-10-19,55,816
Flémalle,62120,2020-10-20,52,868
Flémalle,62120,2020-10-21,38,906
Flémalle,62120,2020-10-22,43,949
Flémalle,62120,2020-10-23,69,1018
Flémalle,62120,2020-10-24,106,1124
Flémalle,62120,2020-10-25,58,1182
Flémalle,62120,2020-10-26,114,1296
Flémalle,62120,2020-10-27,45,1341
Flémalle,62120,2020-10-28,63,1404
Flémalle,62120,2020-10-29,83,1487
Flémalle,62120,2020-10-30,121,1608
Flémalle,62120,2020-10-31,104,1712
Flémalle,62120,2020-11-01,84,1796
Flémalle,62120,2020-11-02,38,1834
Flémalle,62120,2020-11-03,8,1842
Flémalle,62120,2020-11-04,33,1875
Flémalle,62120,2020-11-05,54,1929
Flémalle,62120,2020-11-06,64,1993
Flémalle,62120,2020-11-07,35,2028
Flémalle,62120,2020-11-08,22,2050
Flémalle,62120,2020-11-09,16,2066
Flémalle,62120,2020-11-10,4,2070
Flémalle,62120,2020-11-11,23,2093
Neupré,62121,2020-04-01,3,17
Neupré,62121,2020-04-02,0,17
Neupré,62121,2020-04-03,0,17
Neupré,62121,2020-04-04,2,19
Neupré,62121,2020-04-05,0,19
Neupré,62121,2020-04-06,0,19
Neupré,62121,2020-04-07,15,34
Neupré,62121,2020-04-08,2,36
Neupré,62121,2020-04-09,3,39
Neupré,62121,2020-04-10,3,42
Neupré,62121,2020-04-11,2,44
Neupré,62121,2020-04-12,2,46
Neupré,62121,2020-04-13,0,46
Neupré,62121,2020-04-14,1,47
Neupré,62121,2020-04-15,6,53
Neupré,62121,2020-04-16,1,54
Neupré,62121,2020-04-17,1,55
Neupré,62121,2020-04-18,1,56
Neupré,62121,2020-04-19,2,58
Neupré,62121,2020-04-20,4,62
Neupré,62121,2020-04-21,3,65
Neupré,62121,2020-04-22,2,67
Neupré,62121,2020-04-23,0,67
Neupré,62121,2020-04-24,3,70
Neupré,62121,2020-04-25,1,71
Neupré,62121,2020-04-26,3,74
Neupré,62121,2020-04-27,0,74
Neupré,62121,2020-04-28,0,74
Neupré,62121,2020-04-29,1,75
Neupré,62121,2020-04-30,0,75
Neupré,62121,2020-05-01,0,75
Neupré,62121,2020-05-02,0,75
Neupré,62121,2020-05-03,0,75
Neupré,62121,2020-05-04,0,75
Neupré,62121,2020-05-05,0,75
Neupré,62121,2020-05-06,0,75
Neupré,62121,2020-05-07,0,75
Neupré,62121,2020-05-08,1,76
Neupré,62121,2020-05-09,0,76
Neupré,62121,2020-05-10,1,77
Neupré,62121,2020-05-11,1,78
Neupré,62121,2020-05-12,0,78
Neupré,62121,2020-05-13,0,78
Neupré,62121,2020-05-14,2,80
Neupré,62121,2020-05-15,0,80
Neupré,62121,2020-05-16,0,80
Neupré,62121,2020-05-17,0,80
Neupré,62121,2020-05-18,1,81
Neupré,62121,2020-05-19,0,81
Neupré,62121,2020-05-20,0,81
Neupré,62121,2020-05-21,0,81
Neupré,62121,2020-05-22,0,81
Neupré,62121,2020-05-23,0,81
Neupré,62121,2020-05-24,0,81
Neupré,62121,2020-05-25,0,81
Neupré,62121,2020-05-26,0,81
Neupré,62121,2020-05-27,0,81
Neupré,62121,2020-05-28,0,81
Neupré,62121,2020-05-29,1,82
Neupré,62121,2020-05-30,0,82
Neupré,62121,2020-05-31,0,82
Neupré,62121,2020-06-01,0,82
Neupré,62121,2020-06-02,0,82
Neupré,62121,2020-06-03,0,82
Neupré,62121,2020-06-04,0,82
Neupré,62121,2020-06-05,0,82
Neupré,62121,2020-06-06,0,82
Neupré,62121,2020-06-07,0,82
Neupré,62121,2020-06-08,0,82
Neupré,62121,2020-06-09,0,82
Neupré,62121,2020-06-10,0,82
Neupré,62121,2020-06-11,0,82
Neupré,62121,2020-06-12,0,82
Neupré,62121,2020-06-13,0,82
Neupré,62121,2020-06-14,0,82
Neupré,62121,2020-06-15,0,82
Neupré,62121,2020-06-16,0,82
Neupré,62121,2020-06-17,0,82
Neupré,62121,2020-06-18,0,82
Neupré,62121,2020-06-19,0,82
Neupré,62121,2020-06-20,0,82
Neupré,62121,2020-06-23,0,82
Neupré,62121,2020-06-24,0,82
Neupré,62121,2020-06-25,0,82
Neupré,62121,2020-06-26,0,82
Neupré,62121,2020-06-27,0,82
Neupré,62121,2020-06-30,0,82
Neupré,62121,2020-07-01,0,82
Neupré,62121,2020-07-02,0,82
Neupré,62121,2020-07-03,0,82
Neupré,62121,2020-07-04,0,82
Neupré,62121,2020-07-07,0,82
Neupré,62121,2020-07-08,0,82
Neupré,62121,2020-07-09,0,82
Neupré,62121,2020-07-10,0,82
Neupré,62121,2020-07-11,0,82
Neupré,62121,2020-07-14,0,82
Neupré,62121,2020-07-15,0,82
Neupré,62121,2020-07-16,0,82
Neupré,62121,2020-07-17,0,82
Neupré,62121,2020-07-18,1,83
Neupré,62121,2020-07-20,0,83
Neupré,62121,2020-07-21,0,83
Neupré,62121,2020-07-22,0,83
Neupré,62121,2020-07-23,0,83
Neupré,62121,2020-07-24,0,83
Neupré,62121,2020-07-25,0,83
Neupré,62121,2020-07-26,0,83
Neupré,62121,2020-07-27,0,83
Neupré,62121,2020-07-28,0,83
Neupré,62121,2020-07-29,0,83
Neupré,62121,2020-07-30,0,83
Neupré,62121,2020-07-31,0,83
Neupré,62121,2020-08-01,0,83
Neupré,62121,2020-08-02,0,83
Neupré,62121,2020-08-03,0,83
Neupré,62121,2020-08-04,0,83
Neupré,62121,2020-08-05,0,83
Neupré,62121,2020-08-06,0,83
Neupré,62121,2020-08-07,2,85
Neupré,62121,2020-08-08,0,85
Neupré,62121,2020-08-09,1,86
Neupré,62121,2020-08-10,2,88
Neupré,62121,2020-08-11,0,88
Neupré,62121,2020-08-12,0,88
Neupré,62121,2020-08-13,0,88
Neupré,62121,2020-08-14,2,90
Neupré,62121,2020-08-15,0,90
Neupré,62121,2020-08-16,0,90
Neupré,62121,2020-08-17,1,91
Neupré,62121,2020-08-18,0,91
Neupré,62121,2020-08-19,0,91
Neupré,62121,2020-08-20,1,92
Neupré,62121,2020-08-21,0,92
Neupré,62121,2020-08-22,0,92
Neupré,62121,2020-08-23,0,92
Neupré,62121,2020-08-24,0,92
Neupré,62121,2020-08-25,0,92
Neupré,62121,2020-08-26,0,92
Neupré,62121,2020-08-27,0,92
Neupré,62121,2020-08-28,2,94
Neupré,62121,2020-08-29,0,94
Neupré,62121,2020-08-30,0,94
Neupré,62121,2020-08-31,0,94
Neupré,62121,2020-09-01,0,94
Neupré,62121,2020-09-02,0,94
Neupré,62121,2020-09-03,0,94
Neupré,62121,2020-09-04,0,94
Neupré,62121,2020-09-05,0,94
Neupré,62121,2020-09-06,0,94
Neupré,62121,2020-09-07,0,94
Neupré,62121,2020-09-08,0,94
Neupré,62121,2020-09-09,0,94
Neupré,62121,2020-09-10,0,94
Neupré,62121,2020-09-11,0,94
Neupré,62121,2020-09-12,0,94
Neupré,62121,2020-09-13,1,95
Neupré,62121,2020-09-14,1,96
Neupré,62121,2020-09-15,2,98
Neupré,62121,2020-09-16,1,99
Neupré,62121,2020-09-17,1,100
Neupré,62121,2020-09-18,3,103
Neupré,62121,2020-09-19,3,106
Neupré,62121,2020-09-20,2,108
Neupré,62121,2020-09-21,2,110
Neupré,62121,2020-09-22,1,111
Neupré,62121,2020-09-23,1,112
Neupré,62121,2020-09-24,4,116
Neupré,62121,2020-09-25,2,118
Neupré,62121,2020-09-26,2,120
Neupré,62121,2020-09-27,7,127
Neupré,62121,2020-09-28,3,130
Neupré,62121,2020-09-29,1,131
Neupré,62121,2020-09-30,2,133
Neupré,62121,2020-10-01,4,137
Neupré,62121,2020-10-02,6,143
Neupré,62121,2020-10-03,9,152
Neupré,62121,2020-10-04,4,156
Neupré,62121,2020-10-05,2,158
Neupré,62121,2020-10-06,2,160
Neupré,62121,2020-10-07,6,166
Neupré,62121,2020-10-08,10,176
Neupré,62121,2020-10-09,13,189
Neupré,62121,2020-10-10,19,208
Neupré,62121,2020-10-11,17,225
Neupré,62121,2020-10-12,19,244
Neupré,62121,2020-10-13,2,246
Neupré,62121,2020-10-14,29,275
Neupré,62121,2020-10-15,24,299
Neupré,62121,2020-10-16,18,317
Neupré,62121,2020-10-17,15,332
Neupré,62121,2020-10-18,33,365
Neupré,62121,2020-10-19,18,383
Neupré,62121,2020-10-20,25,408
Neupré,62121,2020-10-21,16,424
Neupré,62121,2020-10-22,22,446
Neupré,62121,2020-10-23,37,483
Neupré,62121,2020-10-24,26,509
Neupré,62121,2020-10-25,22,531
Neupré,62121,2020-10-26,27,558
Neupré,62121,2020-10-27,39,597
Neupré,62121,2020-10-28,32,629
Neupré,62121,2020-10-29,46,675
Neupré,62121,2020-10-30,52,727
Neupré,62121,2020-10-31,38,765
Neupré,62121,2020-11-01,42,807
Neupré,62121,2020-11-02,21,828
Neupré,62121,2020-11-03,3,831
Neupré,62121,2020-11-04,9,840
Neupré,62121,2020-11-05,28,868
Neupré,62121,2020-11-06,23,891
Neupré,62121,2020-11-07,16,907
Neupré,62121,2020-11-08,9,916
Neupré,62121,2020-11-09,13,929
Neupré,62121,2020-11-10,0,929
Neupré,62121,2020-11-11,6,935
Trooz,62122,2020-04-01,4,11
Trooz,62122,2020-04-02,0,11
Trooz,62122,2020-04-03,0,11
Trooz,62122,2020-04-04,3,14
Trooz,62122,2020-04-05,0,14
Trooz,62122,2020-04-06,0,14
Trooz,62122,2020-04-07,5,19
Trooz,62122,2020-04-08,0,19
Trooz,62122,2020-04-09,0,19
Trooz,62122,2020-04-10,1,20
Trooz,62122,2020-04-11,1,21
Trooz,62122,2020-04-12,0,21
Trooz,62122,2020-04-13,0,21
Trooz,62122,2020-04-14,1,22
Trooz,62122,2020-04-15,1,23
Trooz,62122,2020-04-16,0,23
Trooz,62122,2020-04-17,4,27
Trooz,62122,2020-04-18,1,28
Trooz,62122,2020-04-19,0,28
Trooz,62122,2020-04-20,1,29
Trooz,62122,2020-04-21,0,29
Trooz,62122,2020-04-22,2,31
Trooz,62122,2020-04-23,0,31
Trooz,62122,2020-04-24,1,32
Trooz,62122,2020-04-25,1,33
Trooz,62122,2020-04-26,0,33
Trooz,62122,2020-04-27,1,34
Trooz,62122,2020-04-28,1,35
Trooz,62122,2020-04-29,0,35
Trooz,62122,2020-04-30,1,36
Trooz,62122,2020-05-01,0,36
Trooz,62122,2020-05-02,0,36
Trooz,62122,2020-05-03,0,36
Trooz,62122,2020-05-04,0,36
Trooz,62122,2020-05-05,0,36
Trooz,62122,2020-05-06,0,36
Trooz,62122,2020-05-07,0,36
Trooz,62122,2020-05-08,0,36
Trooz,62122,2020-05-09,0,36
Trooz,62122,2020-05-10,0,36
Trooz,62122,2020-05-11,0,36
Trooz,62122,2020-05-12,0,36
Trooz,62122,2020-05-13,0,36
Trooz,62122,2020-05-14,0,36
Trooz,62122,2020-05-15,0,36
Trooz,62122,2020-05-16,0,36
Trooz,62122,2020-05-17,0,36
Trooz,62122,2020-05-18,0,36
Trooz,62122,2020-05-19,0,36
Trooz,62122,2020-05-20,0,36
Trooz,62122,2020-05-21,0,36
Trooz,62122,2020-05-22,0,36
Trooz,62122,2020-05-23,0,36
Trooz,62122,2020-05-24,0,36
Trooz,62122,2020-05-25,0,36
Trooz,62122,2020-05-26,0,36
Trooz,62122,2020-05-27,0,36
Trooz,62122,2020-05-28,0,36
Trooz,62122,2020-05-29,0,36
Trooz,62122,2020-05-30,0,36
Trooz,62122,2020-05-31,2,38
Trooz,62122,2020-06-01,0,38
Trooz,62122,2020-06-02,0,38
Trooz,62122,2020-06-03,0,38
Trooz,62122,2020-06-04,0,38
Trooz,62122,2020-06-05,1,39
Trooz,62122,2020-06-06,0,39
Trooz,62122,2020-06-07,0,39
Trooz,62122,2020-06-08,0,39
Trooz,62122,2020-06-09,0,39
Trooz,62122,2020-06-10,0,39
Trooz,62122,2020-06-11,0,39
Trooz,62122,2020-06-12,0,39
Trooz,62122,2020-06-13,0,39
Trooz,62122,2020-06-14,0,39
Trooz,62122,2020-06-15,0,39
Trooz,62122,2020-06-16,0,39
Trooz,62122,2020-06-17,0,39
Trooz,62122,2020-06-18,0,39
Trooz,62122,2020-06-19,0,39
Trooz,62122,2020-06-20,0,39
Trooz,62122,2020-06-23,0,39
Trooz,62122,2020-06-24,0,39
Trooz,62122,2020-06-25,0,39
Trooz,62122,2020-06-26,0,39
Trooz,62122,2020-06-27,0,39
Trooz,62122,2020-06-30,0,39
Trooz,62122,2020-07-01,0,39
Trooz,62122,2020-07-02,0,39
Trooz,62122,2020-07-03,0,39
Trooz,62122,2020-07-04,0,39
Trooz,62122,2020-07-07,0,39
Trooz,62122,2020-07-08,0,39
Trooz,62122,2020-07-09,0,39
Trooz,62122,2020-07-10,0,39
Trooz,62122,2020-07-11,0,39
Trooz,62122,2020-07-14,1,40
Trooz,62122,2020-07-15,0,40
Trooz,62122,2020-07-16,0,40
Trooz,62122,2020-07-17,0,40
Trooz,62122,2020-07-18,0,40
Trooz,62122,2020-07-20,1,41
Trooz,62122,2020-07-21,0,41
Trooz,62122,2020-07-22,0,41
Trooz,62122,2020-07-23,0,41
Trooz,62122,2020-07-24,0,41
Trooz,62122,2020-07-25,0,41
Trooz,62122,2020-07-26,0,41
Trooz,62122,2020-07-27,0,41
Trooz,62122,2020-07-28,0,41
Trooz,62122,2020-07-29,0,41
Trooz,62122,2020-07-30,0,41
Trooz,62122,2020-07-31,0,41
Trooz,62122,2020-08-01,0,41
Trooz,62122,2020-08-02,0,41
Trooz,62122,2020-08-03,0,41
Trooz,62122,2020-08-04,0,41
Trooz,62122,2020-08-05,0,41
Trooz,62122,2020-08-06,1,42
Trooz,62122,2020-08-07,0,42
Trooz,62122,2020-08-08,0,42
Trooz,62122,2020-08-09,0,42
Trooz,62122,2020-08-10,1,43
Trooz,62122,2020-08-11,0,43
Trooz,62122,2020-08-12,0,43
Trooz,62122,2020-08-13,0,43
Trooz,62122,2020-08-14,0,43
Trooz,62122,2020-08-15,0,43
Trooz,62122,2020-08-16,0,43
Trooz,62122,2020-08-17,0,43
Trooz,62122,2020-08-18,0,43
Trooz,62122,2020-08-19,0,43
Trooz,62122,2020-08-20,0,43
Trooz,62122,2020-08-21,1,44
Trooz,62122,2020-08-22,0,44
Trooz,62122,2020-08-23,1,45
Trooz,62122,2020-08-24,0,45
Trooz,62122,2020-08-25,0,45
Trooz,62122,2020-08-26,1,46
Trooz,62122,2020-08-27,0,46
Trooz,62122,2020-08-28,0,46
Trooz,62122,2020-08-29,0,46
Trooz,62122,2020-08-30,0,46
Trooz,62122,2020-08-31,0,46
Trooz,62122,2020-09-01,0,46
Trooz,62122,2020-09-02,0,46
Trooz,62122,2020-09-03,0,46
Trooz,62122,2020-09-04,0,46
Trooz,62122,2020-09-05,0,46
Trooz,62122,2020-09-06,0,46
Trooz,62122,2020-09-07,0,46
Trooz,62122,2020-09-08,0,46
Trooz,62122,2020-09-09,0,46
Trooz,62122,2020-09-10,0,46
Trooz,62122,2020-09-11,0,46
Trooz,62122,2020-09-12,3,49
Trooz,62122,2020-09-13,0,49
Trooz,62122,2020-09-14,1,50
Trooz,62122,2020-09-15,1,51
Trooz,62122,2020-09-16,0,51
Trooz,62122,2020-09-17,0,51
Trooz,62122,2020-09-18,5,56
Trooz,62122,2020-09-19,0,56
Trooz,62122,2020-09-20,1,57
Trooz,62122,2020-09-21,0,57
Trooz,62122,2020-09-22,0,57
Trooz,62122,2020-09-23,1,58
Trooz,62122,2020-09-24,2,60
Trooz,62122,2020-09-25,0,60
Trooz,62122,2020-09-26,0,60
Trooz,62122,2020-09-27,3,63
Trooz,62122,2020-09-28,0,63
Trooz,62122,2020-09-29,0,63
Trooz,62122,2020-09-30,1,64
Trooz,62122,2020-10-01,3,67
Trooz,62122,2020-10-02,4,71
Trooz,62122,2020-10-03,7,78
Trooz,62122,2020-10-04,1,79
Trooz,62122,2020-10-05,9,88
Trooz,62122,2020-10-06,3,91
Trooz,62122,2020-10-07,2,93
Trooz,62122,2020-10-08,5,98
Trooz,62122,2020-10-09,16,114
Trooz,62122,2020-10-10,10,124
Trooz,62122,2020-10-11,14,138
Trooz,62122,2020-10-12,14,152
Trooz,62122,2020-10-13,5,157
Trooz,62122,2020-10-14,25,182
Trooz,62122,2020-10-15,19,201
Trooz,62122,2020-10-16,18,219
Trooz,62122,2020-10-17,11,230
Trooz,62122,2020-10-18,8,238
Trooz,62122,2020-10-19,18,256
Trooz,62122,2020-10-20,18,274
Trooz,62122,2020-10-21,8,282
Trooz,62122,2020-10-22,28,310
Trooz,62122,2020-10-23,33,343
Trooz,62122,2020-10-24,23,366
Trooz,62122,2020-10-25,14,380
Trooz,62122,2020-10-26,36,416
Trooz,62122,2020-10-27,13,429
Trooz,62122,2020-10-28,28,457
Trooz,62122,2020-10-29,32,489
Trooz,62122,2020-10-30,38,527
Trooz,62122,2020-10-31,40,567
Trooz,62122,2020-11-01,24,591
Trooz,62122,2020-11-02,16,607
Trooz,62122,2020-11-03,5,612
Trooz,62122,2020-11-04,7,619
Trooz,62122,2020-11-05,27,646
Trooz,62122,2020-11-06,22,668
Trooz,62122,2020-11-07,18,686
Trooz,62122,2020-11-08,7,693
Trooz,62122,2020-11-09,7,700
Trooz,62122,2020-11-10,0,700
Trooz,62122,2020-11-11,6,706
Amel,63001,2020-04-01,1,7
Amel,63001,2020-04-02,0,7
Amel,63001,2020-04-03,1,8
Amel,63001,2020-04-04,0,8
Amel,63001,2020-04-05,0,8
Amel,63001,2020-04-06,0,8
Amel,63001,2020-04-07,0,8
Amel,63001,2020-04-08,0,8
Amel,63001,2020-04-09,0,8
Amel,63001,2020-04-10,0,8
Amel,63001,2020-04-11,3,11
Amel,63001,2020-04-12,0,11
Amel,63001,2020-04-13,1,12
Amel,63001,2020-04-14,0,12
Amel,63001,2020-04-15,0,12
Amel,63001,2020-04-16,0,12
Amel,63001,2020-04-17,0,12
Amel,63001,2020-04-18,0,12
Amel,63001,2020-04-19,1,13
Amel,63001,2020-04-20,0,13
Amel,63001,2020-04-21,0,13
Amel,63001,2020-04-22,0,13
Amel,63001,2020-04-23,0,13
Amel,63001,2020-04-24,0,13
Amel,63001,2020-04-25,1,14
Amel,63001,2020-04-26,0,14
Amel,63001,2020-04-27,0,14
Amel,63001,2020-04-28,0,14
Amel,63001,2020-04-29,0,14
Amel,63001,2020-04-30,0,14
Amel,63001,2020-05-01,0,14
Amel,63001,2020-05-02,0,14
Amel,63001,2020-05-03,0,14
Amel,63001,2020-05-04,0,14
Amel,63001,2020-05-05,0,14
Amel,63001,2020-05-06,0,14
Amel,63001,2020-05-07,0,14
Amel,63001,2020-05-08,0,14
Amel,63001,2020-05-09,0,14
Amel,63001,2020-05-10,0,14
Amel,63001,2020-05-11,0,14
Amel,63001,2020-05-12,1,15
Amel,63001,2020-05-13,0,15
Amel,63001,2020-05-14,0,15
Amel,63001,2020-05-15,0,15
Amel,63001,2020-05-16,0,15
Amel,63001,2020-05-17,1,16
Amel,63001,2020-05-18,0,16
Amel,63001,2020-05-19,0,16
Amel,63001,2020-05-20,1,17
Amel,63001,2020-05-21,0,17
Amel,63001,2020-05-22,0,17
Amel,63001,2020-05-23,0,17
Amel,63001,2020-05-24,0,17
Amel,63001,2020-05-25,0,17
Amel,63001,2020-05-26,0,17
Amel,63001,2020-05-27,0,17
Amel,63001,2020-05-28,0,17
Amel,63001,2020-05-29,0,17
Amel,63001,2020-05-30,0,17
Amel,63001,2020-05-31,0,17
Amel,63001,2020-06-01,0,17
Amel,63001,2020-06-02,1,18
Amel,63001,2020-06-03,0,18
Amel,63001,2020-06-04,0,18
Amel,63001,2020-06-05,0,18
Amel,63001,2020-06-06,0,18
Amel,63001,2020-06-07,0,18
Amel,63001,2020-06-08,0,18
Amel,63001,2020-06-09,0,18
Amel,63001,2020-06-10,1,19
Amel,63001,2020-06-11,0,19
Amel,63001,2020-06-12,0,19
Amel,63001,2020-06-13,0,19
Amel,63001,2020-06-14,0,19
Amel,63001,2020-06-15,0,19
Amel,63001,2020-06-16,0,19
Amel,63001,2020-06-17,0,19
Amel,63001,2020-06-18,0,19
Amel,63001,2020-06-19,0,19
Amel,63001,2020-06-20,0,19
Amel,63001,2020-06-23,0,19
Amel,63001,2020-06-24,0,19
Amel,63001,2020-06-25,0,19
Amel,63001,2020-06-26,0,19
Amel,63001,2020-06-27,0,19
Amel,63001,2020-06-30,0,19
Amel,63001,2020-07-01,0,19
Amel,63001,2020-07-02,0,19
Amel,63001,2020-07-03,0,19
Amel,63001,2020-07-04,0,19
Amel,63001,2020-07-07,0,19
Amel,63001,2020-07-08,0,19
Amel,63001,2020-07-09,0,19
Amel,63001,2020-07-10,0,19
Amel,63001,2020-07-11,0,19
Amel,63001,2020-07-14,0,19
Amel,63001,2020-07-15,0,19
Amel,63001,2020-07-16,0,19
Amel,63001,2020-07-17,0,19
Amel,63001,2020-07-18,0,19
Amel,63001,2020-07-20,0,19
Amel,63001,2020-07-21,0,19
Amel,63001,2020-07-22,0,19
Amel,63001,2020-07-23,0,19
Amel,63001,2020-07-24,0,19
Amel,63001,2020-07-25,0,19
Amel,63001,2020-07-26,0,19
Amel,63001,2020-07-27,0,19
Amel,63001,2020-07-28,0,19
Amel,63001,2020-07-29,0,19
Amel,63001,2020-07-30,0,19
Amel,63001,2020-07-31,0,19
Amel,63001,2020-08-01,0,19
Amel,63001,2020-08-02,0,19
Amel,63001,2020-08-03,0,19
Amel,63001,2020-08-04,0,19
Amel,63001,2020-08-05,0,19
Amel,63001,2020-08-06,0,19
Amel,63001,2020-08-07,0,19
Amel,63001,2020-08-08,0,19
Amel,63001,2020-08-09,0,19
Amel,63001,2020-08-10,0,19
Amel,63001,2020-08-11,0,19
Amel,63001,2020-08-12,0,19
Amel,63001,2020-08-13,0,19
Amel,63001,2020-08-14,0,19
Amel,63001,2020-08-15,0,19
Amel,63001,2020-08-16,0,19
Amel,63001,2020-08-17,0,19
Amel,63001,2020-08-18,0,19
Amel,63001,2020-08-19,0,19
Amel,63001,2020-08-20,0,19
Amel,63001,2020-08-21,0,19
Amel,63001,2020-08-22,0,19
Amel,63001,2020-08-23,0,19
Amel,63001,2020-08-24,0,19
Amel,63001,2020-08-25,0,19
Amel,63001,2020-08-26,0,19
Amel,63001,2020-08-27,0,19
Amel,63001,2020-08-28,0,19
Amel,63001,2020-08-29,0,19
Amel,63001,2020-08-30,0,19
Amel,63001,2020-08-31,0,19
Amel,63001,2020-09-01,0,19
Amel,63001,2020-09-02,0,19
Amel,63001,2020-09-03,0,19
Amel,63001,2020-09-04,0,19
Amel,63001,2020-09-05,1,20
Amel,63001,2020-09-06,0,20
Amel,63001,2020-09-07,0,20
Amel,63001,2020-09-08,0,20
Amel,63001,2020-09-09,0,20
Amel,63001,2020-09-10,0,20
Amel,63001,2020-09-11,1,21
Amel,63001,2020-09-12,0,21
Amel,63001,2020-09-13,0,21
Amel,63001,2020-09-14,0,21
Amel,63001,2020-09-15,0,21
Amel,63001,2020-09-16,0,21
Amel,63001,2020-09-17,0,21
Amel,63001,2020-09-18,0,21
Amel,63001,2020-09-19,0,21
Amel,63001,2020-09-20,0,21
Amel,63001,2020-09-21,0,21
Amel,63001,2020-09-22,0,21
Amel,63001,2020-09-23,0,21
Amel,63001,2020-09-24,0,21
Amel,63001,2020-09-25,0,21
Amel,63001,2020-09-26,0,21
Amel,63001,2020-09-27,0,21
Amel,63001,2020-09-28,0,21
Amel,63001,2020-09-29,0,21
Amel,63001,2020-09-30,1,22
Amel,63001,2020-10-01,0,22
Amel,63001,2020-10-02,0,22
Amel,63001,2020-10-03,0,22
Amel,63001,2020-10-04,0,22
Amel,63001,2020-10-05,1,23
Amel,63001,2020-10-06,0,23
Amel,63001,2020-10-07,0,23
Amel,63001,2020-10-08,1,24
Amel,63001,2020-10-09,1,25
Amel,63001,2020-10-10,2,27
Amel,63001,2020-10-11,3,30
Amel,63001,2020-10-12,0,30
Amel,63001,2020-10-13,1,31
Amel,63001,2020-10-14,8,39
Amel,63001,2020-10-15,7,46
Amel,63001,2020-10-16,12,58
Amel,63001,2020-10-17,6,64
Amel,63001,2020-10-18,10,74
Amel,63001,2020-10-19,5,79
Amel,63001,2020-10-20,5,84
Amel,63001,2020-10-21,8,92
Amel,63001,2020-10-22,2,94
Amel,63001,2020-10-23,13,107
Amel,63001,2020-10-24,15,122
Amel,63001,2020-10-25,20,142
Amel,63001,2020-10-26,6,148
Amel,63001,2020-10-27,8,156
Amel,63001,2020-10-28,6,162
Amel,63001,2020-10-29,23,185
Amel,63001,2020-10-30,12,197
Amel,63001,2020-10-31,15,212
Amel,63001,2020-11-01,12,224
Amel,63001,2020-11-02,8,232
Amel,63001,2020-11-03,4,236
Amel,63001,2020-11-04,-24,212
Amel,63001,2020-11-05,40,252
Amel,63001,2020-11-06,13,265
Amel,63001,2020-11-07,15,280
Amel,63001,2020-11-08,0,280
Amel,63001,2020-11-09,9,289
Amel,63001,2020-11-10,5,294
Amel,63001,2020-11-11,0,294
Aubel,63003,2020-04-01,0,0
Aubel,63003,2020-04-02,0,0
Aubel,63003,2020-04-03,0,0
Aubel,63003,2020-04-04,0,0
Aubel,63003,2020-04-05,0,0
Aubel,63003,2020-04-06,0,0
Aubel,63003,2020-04-07,5,5
Aubel,63003,2020-04-08,0,5
Aubel,63003,2020-04-09,1,6
Aubel,63003,2020-04-10,2,8
Aubel,63003,2020-04-11,1,9
Aubel,63003,2020-04-12,1,10
Aubel,63003,2020-04-13,2,12
Aubel,63003,2020-04-14,0,12
Aubel,63003,2020-04-15,3,15
Aubel,63003,2020-04-16,0,15
Aubel,63003,2020-04-17,3,18
Aubel,63003,2020-04-18,1,19
Aubel,63003,2020-04-19,2,21
Aubel,63003,2020-04-20,1,22
Aubel,63003,2020-04-21,2,24
Aubel,63003,2020-04-22,0,24
Aubel,63003,2020-04-23,2,26
Aubel,63003,2020-04-24,1,27
Aubel,63003,2020-04-25,1,28
Aubel,63003,2020-04-26,1,29
Aubel,63003,2020-04-27,0,29
Aubel,63003,2020-04-28,0,29
Aubel,63003,2020-04-29,1,30
Aubel,63003,2020-04-30,2,32
Aubel,63003,2020-05-01,0,32
Aubel,63003,2020-05-02,0,32
Aubel,63003,2020-05-03,0,32
Aubel,63003,2020-05-04,0,32
Aubel,63003,2020-05-05,0,32
Aubel,63003,2020-05-06,0,32
Aubel,63003,2020-05-07,1,33
Aubel,63003,2020-05-08,0,33
Aubel,63003,2020-05-09,0,33
Aubel,63003,2020-05-10,2,35
Aubel,63003,2020-05-11,2,37
Aubel,63003,2020-05-12,1,38
Aubel,63003,2020-05-13,0,38
Aubel,63003,2020-05-14,0,38
Aubel,63003,2020-05-15,0,38
Aubel,63003,2020-05-16,0,38
Aubel,63003,2020-05-17,0,38
Aubel,63003,2020-05-18,0,38
Aubel,63003,2020-05-19,0,38
Aubel,63003,2020-05-20,0,38
Aubel,63003,2020-05-21,0,38
Aubel,63003,2020-05-22,0,38
Aubel,63003,2020-05-23,0,38
Aubel,63003,2020-05-24,0,38
Aubel,63003,2020-05-25,0,38
Aubel,63003,2020-05-26,0,38
Aubel,63003,2020-05-27,0,38
Aubel,63003,2020-05-28,0,38
Aubel,63003,2020-05-29,0,38
Aubel,63003,2020-05-30,0,38
Aubel,63003,2020-05-31,0,38
Aubel,63003,2020-06-01,1,39
Aubel,63003,2020-06-02,0,39
Aubel,63003,2020-06-03,0,39
Aubel,63003,2020-06-04,0,39
Aubel,63003,2020-06-05,0,39
Aubel,63003,2020-06-06,0,39
Aubel,63003,2020-06-07,0,39
Aubel,63003,2020-06-08,0,39
Aubel,63003,2020-06-09,0,39
Aubel,63003,2020-06-10,0,39
Aubel,63003,2020-06-11,0,39
Aubel,63003,2020-06-12,0,39
Aubel,63003,2020-06-13,0,39
Aubel,63003,2020-06-14,0,39
Aubel,63003,2020-06-15,0,39
Aubel,63003,2020-06-16,0,39
Aubel,63003,2020-06-17,0,39
Aubel,63003,2020-06-18,0,39
Aubel,63003,2020-06-19,0,39
Aubel,63003,2020-06-20,0,39
Aubel,63003,2020-06-23,0,39
Aubel,63003,2020-06-24,0,39
Aubel,63003,2020-06-25,2,41
Aubel,63003,2020-06-26,0,41
Aubel,63003,2020-06-27,0,41
Aubel,63003,2020-06-30,0,41
Aubel,63003,2020-07-01,0,41
Aubel,63003,2020-07-02,0,41
Aubel,63003,2020-07-03,0,41
Aubel,63003,2020-07-04,0,41
Aubel,63003,2020-07-07,0,41
Aubel,63003,2020-07-08,0,41
Aubel,63003,2020-07-09,0,41
Aubel,63003,2020-07-10,0,41
Aubel,63003,2020-07-11,0,41
Aubel,63003,2020-07-14,0,41
Aubel,63003,2020-07-15,0,41
Aubel,63003,2020-07-16,0,41
Aubel,63003,2020-07-17,0,41
Aubel,63003,2020-07-18,0,41
Aubel,63003,2020-07-20,0,41
Aubel,63003,2020-07-21,0,41
Aubel,63003,2020-07-22,0,41
Aubel,63003,2020-07-23,0,41
Aubel,63003,2020-07-24,0,41
Aubel,63003,2020-07-25,2,43
Aubel,63003,2020-07-26,0,43
Aubel,63003,2020-07-27,0,43
Aubel,63003,2020-07-28,0,43
Aubel,63003,2020-07-29,0,43
Aubel,63003,2020-07-30,0,43
Aubel,63003,2020-07-31,0,43
Aubel,63003,2020-08-01,0,43
Aubel,63003,2020-08-02,1,44
Aubel,63003,2020-08-03,1,45
Aubel,63003,2020-08-04,0,45
Aubel,63003,2020-08-05,0,45
Aubel,63003,2020-08-06,0,45
Aubel,63003,2020-08-07,0,45
Aubel,63003,2020-08-08,0,45
Aubel,63003,2020-08-09,0,45
Aubel,63003,2020-08-10,0,45
Aubel,63003,2020-08-11,0,45
Aubel,63003,2020-08-12,0,45
Aubel,63003,2020-08-13,0,45
Aubel,63003,2020-08-14,0,45
Aubel,63003,2020-08-15,0,45
Aubel,63003,2020-08-16,0,45
Aubel,63003,2020-08-17,0,45
Aubel,63003,2020-08-18,0,45
Aubel,63003,2020-08-19,0,45
Aubel,63003,2020-08-20,0,45
Aubel,63003,2020-08-21,0,45
Aubel,63003,2020-08-22,0,45
Aubel,63003,2020-08-23,0,45
Aubel,63003,2020-08-24,0,45
Aubel,63003,2020-08-25,0,45
Aubel,63003,2020-08-26,1,46
Aubel,63003,2020-08-27,0,46
Aubel,63003,2020-08-28,0,46
Aubel,63003,2020-08-29,0,46
Aubel,63003,2020-08-30,1,47
Aubel,63003,2020-08-31,0,47
Aubel,63003,2020-09-01,0,47
Aubel,63003,2020-09-02,0,47
Aubel,63003,2020-09-03,0,47
Aubel,63003,2020-09-04,0,47
Aubel,63003,2020-09-05,0,47
Aubel,63003,2020-09-06,1,48
Aubel,63003,2020-09-07,0,48
Aubel,63003,2020-09-08,0,48
Aubel,63003,2020-09-09,0,48
Aubel,63003,2020-09-10,1,49
Aubel,63003,2020-09-11,0,49
Aubel,63003,2020-09-12,1,50
Aubel,63003,2020-09-13,0,50
Aubel,63003,2020-09-14,1,51
Aubel,63003,2020-09-15,0,51
Aubel,63003,2020-09-16,0,51
Aubel,63003,2020-09-17,0,51
Aubel,63003,2020-09-18,11,62
Aubel,63003,2020-09-19,1,63
Aubel,63003,2020-09-20,0,63
Aubel,63003,2020-09-21,0,63
Aubel,63003,2020-09-22,0,63
Aubel,63003,2020-09-23,4,67
Aubel,63003,2020-09-24,2,69
Aubel,63003,2020-09-25,4,73
Aubel,63003,2020-09-26,1,74
Aubel,63003,2020-09-27,1,75
Aubel,63003,2020-09-28,1,76
Aubel,63003,2020-09-29,0,76
Aubel,63003,2020-09-30,0,76
Aubel,63003,2020-10-01,0,76
Aubel,63003,2020-10-02,1,77
Aubel,63003,2020-10-03,2,79
Aubel,63003,2020-10-04,0,79
Aubel,63003,2020-10-05,0,79
Aubel,63003,2020-10-06,0,79
Aubel,63003,2020-10-07,1,80
Aubel,63003,2020-10-08,3,83
Aubel,63003,2020-10-09,1,84
Aubel,63003,2020-10-10,1,85
Aubel,63003,2020-10-11,2,87
Aubel,63003,2020-10-12,7,94
Aubel,63003,2020-10-13,3,97
Aubel,63003,2020-10-14,11,108
Aubel,63003,2020-10-15,12,120
Aubel,63003,2020-10-16,15,135
Aubel,63003,2020-10-17,10,145
Aubel,63003,2020-10-18,9,154
Aubel,63003,2020-10-19,15,169
Aubel,63003,2020-10-20,8,177
Aubel,63003,2020-10-21,10,187
Aubel,63003,2020-10-22,7,194
Aubel,63003,2020-10-23,20,214
Aubel,63003,2020-10-24,24,238
Aubel,63003,2020-10-25,8,246
Aubel,63003,2020-10-26,35,281
Aubel,63003,2020-10-27,4,285
Aubel,63003,2020-10-28,10,295
Aubel,63003,2020-10-29,20,315
Aubel,63003,2020-10-30,16,331
Aubel,63003,2020-10-31,10,341
Aubel,63003,2020-11-01,22,363
Aubel,63003,2020-11-02,15,378
Aubel,63003,2020-11-03,4,382
Aubel,63003,2020-11-04,7,389
Aubel,63003,2020-11-05,20,409
Aubel,63003,2020-11-06,16,425
Aubel,63003,2020-11-07,22,447
Aubel,63003,2020-11-08,3,450
Aubel,63003,2020-11-09,8,458
Aubel,63003,2020-11-10,2,460
Aubel,63003,2020-11-11,2,462
Baelen,63004,2020-04-01,0,6
Baelen,63004,2020-04-02,0,6
Baelen,63004,2020-04-03,0,6
Baelen,63004,2020-04-04,0,6
Baelen,63004,2020-04-05,0,6
Baelen,63004,2020-04-06,0,6
Baelen,63004,2020-04-07,0,6
Baelen,63004,2020-04-08,1,7
Baelen,63004,2020-04-09,0,7
Baelen,63004,2020-04-10,0,7
Baelen,63004,2020-04-11,0,7
Baelen,63004,2020-04-12,0,7
Baelen,63004,2020-04-13,0,7
Baelen,63004,2020-04-14,0,7
Baelen,63004,2020-04-15,2,9
Baelen,63004,2020-04-16,3,12
Baelen,63004,2020-04-17,1,13
Baelen,63004,2020-04-18,0,13
Baelen,63004,2020-04-19,1,14
Baelen,63004,2020-04-20,0,14
Baelen,63004,2020-04-21,0,14
Baelen,63004,2020-04-22,0,14
Baelen,63004,2020-04-23,2,16
Baelen,63004,2020-04-24,0,16
Baelen,63004,2020-04-25,3,19
Baelen,63004,2020-04-26,0,19
Baelen,63004,2020-04-27,0,19
Baelen,63004,2020-04-28,0,19
Baelen,63004,2020-04-29,0,19
Baelen,63004,2020-04-30,0,19
Baelen,63004,2020-05-01,0,19
Baelen,63004,2020-05-02,0,19
Baelen,63004,2020-05-03,0,19
Baelen,63004,2020-05-04,0,19
Baelen,63004,2020-05-05,0,19
Baelen,63004,2020-05-06,0,19
Baelen,63004,2020-05-07,0,19
Baelen,63004,2020-05-08,0,19
Baelen,63004,2020-05-09,0,19
Baelen,63004,2020-05-10,1,20
Baelen,63004,2020-05-11,0,20
Baelen,63004,2020-05-12,2,22
Baelen,63004,2020-05-13,0,22
Baelen,63004,2020-05-14,0,22
Baelen,63004,2020-05-15,0,22
Baelen,63004,2020-05-16,0,22
Baelen,63004,2020-05-17,0,22
Baelen,63004,2020-05-18,0,22
Baelen,63004,2020-05-19,0,22
Baelen,63004,2020-05-20,0,22
Baelen,63004,2020-05-21,0,22
Baelen,63004,2020-05-22,0,22
Baelen,63004,2020-05-23,0,22
Baelen,63004,2020-05-24,0,22
Baelen,63004,2020-05-25,0,22
Baelen,63004,2020-05-26,0,22
Baelen,63004,2020-05-27,0,22
Baelen,63004,2020-05-28,0,22
Baelen,63004,2020-05-29,1,23
Baelen,63004,2020-05-30,0,23
Baelen,63004,2020-05-31,0,23
Baelen,63004,2020-06-01,0,23
Baelen,63004,2020-06-02,0,23
Baelen,63004,2020-06-03,0,23
Baelen,63004,2020-06-04,0,23
Baelen,63004,2020-06-05,0,23
Baelen,63004,2020-06-06,0,23
Baelen,63004,2020-06-07,0,23
Baelen,63004,2020-06-08,0,23
Baelen,63004,2020-06-09,0,23
Baelen,63004,2020-06-10,0,23
Baelen,63004,2020-06-11,0,23
Baelen,63004,2020-06-12,0,23
Baelen,63004,2020-06-13,0,23
Baelen,63004,2020-06-14,0,23
Baelen,63004,2020-06-15,0,23
Baelen,63004,2020-06-16,0,23
Baelen,63004,2020-06-17,0,23
Baelen,63004,2020-06-18,0,23
Baelen,63004,2020-06-19,0,23
Baelen,63004,2020-06-20,0,23
Baelen,63004,2020-06-23,0,23
Baelen,63004,2020-06-24,0,23
Baelen,63004,2020-06-25,-1,22
Baelen,63004,2020-06-26,0,22
Baelen,63004,2020-06-27,0,22
Baelen,63004,2020-06-30,0,22
Baelen,63004,2020-07-01,0,22
Baelen,63004,2020-07-02,0,22
Baelen,63004,2020-07-03,0,22
Baelen,63004,2020-07-04,0,22
Baelen,63004,2020-07-07,0,22
Baelen,63004,2020-07-08,0,22
Baelen,63004,2020-07-09,0,22
Baelen,63004,2020-07-10,0,22
Baelen,63004,2020-07-11,0,22
Baelen,63004,2020-07-14,0,22
Baelen,63004,2020-07-15,0,22
Baelen,63004,2020-07-16,0,22
Baelen,63004,2020-07-17,0,22
Baelen,63004,2020-07-18,0,22
Baelen,63004,2020-07-20,0,22
Baelen,63004,2020-07-21,0,22
Baelen,63004,2020-07-22,0,22
Baelen,63004,2020-07-23,0,22
Baelen,63004,2020-07-24,0,22
Baelen,63004,2020-07-25,0,22
Baelen,63004,2020-07-26,0,22
Baelen,63004,2020-07-27,0,22
Baelen,63004,2020-07-28,0,22
Baelen,63004,2020-07-29,0,22
Baelen,63004,2020-07-30,0,22
Baelen,63004,2020-07-31,0,22
Baelen,63004,2020-08-01,0,22
Baelen,63004,2020-08-02,0,22
Baelen,63004,2020-08-03,0,22
Baelen,63004,2020-08-04,0,22
Baelen,63004,2020-08-05,0,22
Baelen,63004,2020-08-06,0,22
Baelen,63004,2020-08-07,0,22
Baelen,63004,2020-08-08,0,22
Baelen,63004,2020-08-09,0,22
Baelen,63004,2020-08-10,0,22
Baelen,63004,2020-08-11,0,22
Baelen,63004,2020-08-12,0,22
Baelen,63004,2020-08-13,0,22
Baelen,63004,2020-08-14,1,23
Baelen,63004,2020-08-15,0,23
Baelen,63004,2020-08-16,0,23
Baelen,63004,2020-08-17,0,23
Baelen,63004,2020-08-18,0,23
Baelen,63004,2020-08-19,0,23
Baelen,63004,2020-08-20,0,23
Baelen,63004,2020-08-21,0,23
Baelen,63004,2020-08-22,0,23
Baelen,63004,2020-08-23,0,23
Baelen,63004,2020-08-24,0,23
Baelen,63004,2020-08-25,0,23
Baelen,63004,2020-08-26,0,23
Baelen,63004,2020-08-27,0,23
Baelen,63004,2020-08-28,0,23
Baelen,63004,2020-08-29,0,23
Baelen,63004,2020-08-30,1,24
Baelen,63004,2020-08-31,0,24
Baelen,63004,2020-09-01,0,24
Baelen,63004,2020-09-02,0,24
Baelen,63004,2020-09-03,0,24
Baelen,63004,2020-09-04,0,24
Baelen,63004,2020-09-05,0,24
Baelen,63004,2020-09-06,0,24
Baelen,63004,2020-09-07,1,25
Baelen,63004,2020-09-08,0,25
Baelen,63004,2020-09-09,0,25
Baelen,63004,2020-09-10,0,25
Baelen,63004,2020-09-11,0,25
Baelen,63004,2020-09-12,0,25
Baelen,63004,2020-09-13,0,25
Baelen,63004,2020-09-14,0,25
Baelen,63004,2020-09-15,0,25
Baelen,63004,2020-09-16,0,25
Baelen,63004,2020-09-17,0,25
Baelen,63004,2020-09-18,1,26
Baelen,63004,2020-09-19,1,27
Baelen,63004,2020-09-20,1,28
Baelen,63004,2020-09-21,0,28
Baelen,63004,2020-09-22,0,28
Baelen,63004,2020-09-23,2,30
Baelen,63004,2020-09-24,0,30
Baelen,63004,2020-09-25,4,34
Baelen,63004,2020-09-26,0,34
Baelen,63004,2020-09-27,0,34
Baelen,63004,2020-09-28,0,34
Baelen,63004,2020-09-29,0,34
Baelen,63004,2020-09-30,0,34
Baelen,63004,2020-10-01,1,35
Baelen,63004,2020-10-02,1,36
Baelen,63004,2020-10-03,2,38
Baelen,63004,2020-10-04,2,40
Baelen,63004,2020-10-05,0,40
Baelen,63004,2020-10-06,0,40
Baelen,63004,2020-10-07,0,40
Baelen,63004,2020-10-08,0,40
Baelen,63004,2020-10-09,2,42
Baelen,63004,2020-10-10,1,43
Baelen,63004,2020-10-11,2,45
Baelen,63004,2020-10-12,2,47
Baelen,63004,2020-10-13,3,50
Baelen,63004,2020-10-14,9,59
Baelen,63004,2020-10-15,3,62
Baelen,63004,2020-10-16,6,68
Baelen,63004,2020-10-17,6,74
Baelen,63004,2020-10-18,5,79
Baelen,63004,2020-10-19,9,88
Baelen,63004,2020-10-20,1,89
Baelen,63004,2020-10-21,7,96
Baelen,63004,2020-10-22,5,101
Baelen,63004,2020-10-23,14,115
Baelen,63004,2020-10-24,11,126
Baelen,63004,2020-10-25,12,138
Baelen,63004,2020-10-26,20,158
Baelen,63004,2020-10-27,5,163
Baelen,63004,2020-10-28,15,178
Baelen,63004,2020-10-29,6,184
Baelen,63004,2020-10-30,10,194
Baelen,63004,2020-10-31,10,204
Baelen,63004,2020-11-01,10,214
Baelen,63004,2020-11-02,4,218
Baelen,63004,2020-11-03,13,231
Baelen,63004,2020-11-04,1,232
Baelen,63004,2020-11-05,2,234
Baelen,63004,2020-11-06,14,248
Baelen,63004,2020-11-07,13,261
Baelen,63004,2020-11-08,3,264
Baelen,63004,2020-11-09,4,268
Baelen,63004,2020-11-10,0,268
Baelen,63004,2020-11-11,1,269
Büllingen,63012,2020-04-01,1,6
Büllingen,63012,2020-04-02,0,6
Büllingen,63012,2020-04-03,0,6
Büllingen,63012,2020-04-04,2,8
Büllingen,63012,2020-04-05,0,8
Büllingen,63012,2020-04-06,0,8
Büllingen,63012,2020-04-07,1,9
Büllingen,63012,2020-04-08,1,10
Büllingen,63012,2020-04-09,1,11
Büllingen,63012,2020-04-10,1,12
Büllingen,63012,2020-04-11,1,13
Büllingen,63012,2020-04-12,0,13
Büllingen,63012,2020-04-13,0,13
Büllingen,63012,2020-04-14,0,13
Büllingen,63012,2020-04-15,3,16
Büllingen,63012,2020-04-16,0,16
Büllingen,63012,2020-04-17,2,18
Büllingen,63012,2020-04-18,1,19
Büllingen,63012,2020-04-19,0,19
Büllingen,63012,2020-04-20,0,19
Büllingen,63012,2020-04-21,0,19
Büllingen,63012,2020-04-22,0,19
Büllingen,63012,2020-04-23,1,20
Büllingen,63012,2020-04-24,0,20
Büllingen,63012,2020-04-25,0,20
Büllingen,63012,2020-04-26,0,20
Büllingen,63012,2020-04-27,0,20
Büllingen,63012,2020-04-28,0,20
Büllingen,63012,2020-04-29,0,20
Büllingen,63012,2020-04-30,0,20
Büllingen,63012,2020-05-01,0,20
Büllingen,63012,2020-05-02,3,23
Büllingen,63012,2020-05-03,0,23
Büllingen,63012,2020-05-04,0,23
Büllingen,63012,2020-05-05,0,23
Büllingen,63012,2020-05-06,0,23
Büllingen,63012,2020-05-07,0,23
Büllingen,63012,2020-05-08,0,23
Büllingen,63012,2020-05-09,2,25
Büllingen,63012,2020-05-10,1,26
Büllingen,63012,2020-05-11,2,28
Büllingen,63012,2020-05-12,3,31
Büllingen,63012,2020-05-13,0,31
Büllingen,63012,2020-05-14,0,31
Büllingen,63012,2020-05-15,0,31
Büllingen,63012,2020-05-16,4,35
Büllingen,63012,2020-05-17,1,36
Büllingen,63012,2020-05-18,0,36
Büllingen,63012,2020-05-19,0,36
Büllingen,63012,2020-05-20,0,36
Büllingen,63012,2020-05-21,0,36
Büllingen,63012,2020-05-22,0,36
Büllingen,63012,2020-05-23,0,36
Büllingen,63012,2020-05-24,0,36
Büllingen,63012,2020-05-25,0,36
Büllingen,63012,2020-05-26,0,36
Büllingen,63012,2020-05-27,0,36
Büllingen,63012,2020-05-28,0,36
Büllingen,63012,2020-05-29,0,36
Büllingen,63012,2020-05-30,2,38
Büllingen,63012,2020-05-31,0,38
Büllingen,63012,2020-06-01,0,38
Büllingen,63012,2020-06-02,0,38
Büllingen,63012,2020-06-03,0,38
Büllingen,63012,2020-06-04,0,38
Büllingen,63012,2020-06-05,0,38
Büllingen,63012,2020-06-06,0,38
Büllingen,63012,2020-06-07,0,38
Büllingen,63012,2020-06-08,0,38
Büllingen,63012,2020-06-09,0,38
Büllingen,63012,2020-06-10,0,38
Büllingen,63012,2020-06-11,0,38
Büllingen,63012,2020-06-12,0,38
Büllingen,63012,2020-06-13,0,38
Büllingen,63012,2020-06-14,0,38
Büllingen,63012,2020-06-15,0,38
Büllingen,63012,2020-06-16,0,38
Büllingen,63012,2020-06-17,0,38
Büllingen,63012,2020-06-18,0,38
Büllingen,63012,2020-06-19,0,38
Büllingen,63012,2020-06-20,0,38
Büllingen,63012,2020-06-23,0,38
Büllingen,63012,2020-06-24,0,38
Büllingen,63012,2020-06-25,0,38
Büllingen,63012,2020-06-26,0,38
Büllingen,63012,2020-06-27,0,38
Büllingen,63012,2020-06-30,0,38
Büllingen,63012,2020-07-01,0,38
Büllingen,63012,2020-07-02,0,38
Büllingen,63012,2020-07-03,0,38
Büllingen,63012,2020-07-04,0,38
Büllingen,63012,2020-07-07,0,38
Büllingen,63012,2020-07-08,0,38
Büllingen,63012,2020-07-09,0,38
Büllingen,63012,2020-07-10,1,39
Büllingen,63012,2020-07-11,0,39
Büllingen,63012,2020-07-14,0,39
Büllingen,63012,2020-07-15,0,39
Büllingen,63012,2020-07-16,0,39
Büllingen,63012,2020-07-17,0,39
Büllingen,63012,2020-07-18,0,39
Büllingen,63012,2020-07-20,0,39
Büllingen,63012,2020-07-21,0,39
Büllingen,63012,2020-07-22,0,39
Büllingen,63012,2020-07-23,0,39
Büllingen,63012,2020-07-24,0,39
Büllingen,63012,2020-07-25,0,39
Büllingen,63012,2020-07-26,0,39
Büllingen,63012,2020-07-27,0,39
Büllingen,63012,2020-07-28,0,39
Büllingen,63012,2020-07-29,0,39
Büllingen,63012,2020-07-30,0,39
Büllingen,63012,2020-07-31,0,39
Büllingen,63012,2020-08-01,0,39
Büllingen,63012,2020-08-02,0,39
Büllingen,63012,2020-08-03,0,39
Büllingen,63012,2020-08-04,0,39
Büllingen,63012,2020-08-05,0,39
Büllingen,63012,2020-08-06,0,39
Büllingen,63012,2020-08-07,0,39
Büllingen,63012,2020-08-08,0,39
Büllingen,63012,2020-08-09,0,39
Büllingen,63012,2020-08-10,0,39
Büllingen,63012,2020-08-11,0,39
Büllingen,63012,2020-08-12,0,39
Büllingen,63012,2020-08-13,0,39
Büllingen,63012,2020-08-14,0,39
Büllingen,63012,2020-08-15,0,39
Büllingen,63012,2020-08-16,0,39
Büllingen,63012,2020-08-17,0,39
Büllingen,63012,2020-08-18,0,39
Büllingen,63012,2020-08-19,0,39
Büllingen,63012,2020-08-20,0,39
Büllingen,63012,2020-08-21,1,40
Büllingen,63012,2020-08-22,0,40
Büllingen,63012,2020-08-23,0,40
Büllingen,63012,2020-08-24,0,40
Büllingen,63012,2020-08-25,0,40
Büllingen,63012,2020-08-26,0,40
Büllingen,63012,2020-08-27,0,40
Büllingen,63012,2020-08-28,0,40
Büllingen,63012,2020-08-29,0,40
Büllingen,63012,2020-08-30,0,40
Büllingen,63012,2020-08-31,0,40
Büllingen,63012,2020-09-01,0,40
Büllingen,63012,2020-09-02,0,40
Büllingen,63012,2020-09-03,0,40
Büllingen,63012,2020-09-04,0,40
Büllingen,63012,2020-09-05,0,40
Büllingen,63012,2020-09-06,0,40
Büllingen,63012,2020-09-07,0,40
Büllingen,63012,2020-09-08,0,40
Büllingen,63012,2020-09-09,0,40
Büllingen,63012,2020-09-10,0,40
Büllingen,63012,2020-09-11,0,40
Büllingen,63012,2020-09-12,0,40
Büllingen,63012,2020-09-13,0,40
Büllingen,63012,2020-09-14,0,40
Büllingen,63012,2020-09-15,0,40
Büllingen,63012,2020-09-16,0,40
Büllingen,63012,2020-09-17,0,40
Büllingen,63012,2020-09-18,0,40
Büllingen,63012,2020-09-19,0,40
Büllingen,63012,2020-09-20,0,40
Büllingen,63012,2020-09-21,0,40
Büllingen,63012,2020-09-22,0,40
Büllingen,63012,2020-09-23,0,40
Büllingen,63012,2020-09-24,0,40
Büllingen,63012,2020-09-25,0,40
Büllingen,63012,2020-09-26,0,40
Büllingen,63012,2020-09-27,0,40
Büllingen,63012,2020-09-28,0,40
Büllingen,63012,2020-09-29,0,40
Büllingen,63012,2020-09-30,0,40
Büllingen,63012,2020-10-01,0,40
Büllingen,63012,2020-10-02,0,40
Büllingen,63012,2020-10-03,0,40
Büllingen,63012,2020-10-04,0,40
Büllingen,63012,2020-10-05,0,40
Büllingen,63012,2020-10-06,0,40
Büllingen,63012,2020-10-07,0,40
Büllingen,63012,2020-10-08,0,40
Büllingen,63012,2020-10-09,0,40
Büllingen,63012,2020-10-10,2,42
Büllingen,63012,2020-10-11,0,42
Büllingen,63012,2020-10-12,0,42
Büllingen,63012,2020-10-13,0,42
Büllingen,63012,2020-10-14,16,58
Büllingen,63012,2020-10-15,4,62
Büllingen,63012,2020-10-16,7,69
Büllingen,63012,2020-10-17,7,76
Büllingen,63012,2020-10-18,8,84
Büllingen,63012,2020-10-19,7,91
Büllingen,63012,2020-10-20,6,97
Büllingen,63012,2020-10-21,8,105
Büllingen,63012,2020-10-22,11,116
Büllingen,63012,2020-10-23,19,135
Büllingen,63012,2020-10-24,45,180
Büllingen,63012,2020-10-25,25,205
Büllingen,63012,2020-10-26,21,226
Büllingen,63012,2020-10-27,9,235
Büllingen,63012,2020-10-28,4,239
Büllingen,63012,2020-10-29,19,258
Büllingen,63012,2020-10-30,20,278
Büllingen,63012,2020-10-31,15,293
Büllingen,63012,2020-11-01,7,300
Büllingen,63012,2020-11-02,10,310
Büllingen,63012,2020-11-03,4,314
Büllingen,63012,2020-11-04,-10,304
Büllingen,63012,2020-11-05,20,324
Büllingen,63012,2020-11-06,7,331
Büllingen,63012,2020-11-07,13,344
Büllingen,63012,2020-11-08,1,345
Büllingen,63012,2020-11-09,6,351
Büllingen,63012,2020-11-10,7,358
Büllingen,63012,2020-11-11,0,358
Bütgenbach,63013,2020-04-01,0,6
Bütgenbach,63013,2020-04-02,0,6
Bütgenbach,63013,2020-04-03,0,6
Bütgenbach,63013,2020-04-04,1,7
Bütgenbach,63013,2020-04-05,0,7
Bütgenbach,63013,2020-04-06,0,7
Bütgenbach,63013,2020-04-07,0,7
Bütgenbach,63013,2020-04-08,0,7
Bütgenbach,63013,2020-04-09,1,8
Bütgenbach,63013,2020-04-10,1,9
Bütgenbach,63013,2020-04-11,6,15
Bütgenbach,63013,2020-04-12,2,17
Bütgenbach,63013,2020-04-13,3,20
Bütgenbach,63013,2020-04-14,1,21
Bütgenbach,63013,2020-04-15,1,22
Bütgenbach,63013,2020-04-16,0,22
Bütgenbach,63013,2020-04-17,1,23
Bütgenbach,63013,2020-04-18,0,23
Bütgenbach,63013,2020-04-19,2,25
Bütgenbach,63013,2020-04-20,0,25
Bütgenbach,63013,2020-04-21,0,25
Bütgenbach,63013,2020-04-22,0,25
Bütgenbach,63013,2020-04-23,2,27
Bütgenbach,63013,2020-04-24,0,27
Bütgenbach,63013,2020-04-25,1,28
Bütgenbach,63013,2020-04-26,2,30
Bütgenbach,63013,2020-04-27,1,31
Bütgenbach,63013,2020-04-28,0,31
Bütgenbach,63013,2020-04-29,0,31
Bütgenbach,63013,2020-04-30,0,31
Bütgenbach,63013,2020-05-01,3,34
Bütgenbach,63013,2020-05-02,1,35
Bütgenbach,63013,2020-05-03,1,36
Bütgenbach,63013,2020-05-04,0,36
Bütgenbach,63013,2020-05-05,0,36
Bütgenbach,63013,2020-05-06,0,36
Bütgenbach,63013,2020-05-07,0,36
Bütgenbach,63013,2020-05-08,1,37
Bütgenbach,63013,2020-05-09,0,37
Bütgenbach,63013,2020-05-10,0,37
Bütgenbach,63013,2020-05-11,0,37
Bütgenbach,63013,2020-05-12,0,37
Bütgenbach,63013,2020-05-13,1,38
Bütgenbach,63013,2020-05-14,0,38
Bütgenbach,63013,2020-05-15,0,38
Bütgenbach,63013,2020-05-16,0,38
Bütgenbach,63013,2020-05-17,0,38
Bütgenbach,63013,2020-05-18,0,38
Bütgenbach,63013,2020-05-19,0,38
Bütgenbach,63013,2020-05-20,0,38
Bütgenbach,63013,2020-05-21,0,38
Bütgenbach,63013,2020-05-22,0,38
Bütgenbach,63013,2020-05-23,1,39
Bütgenbach,63013,2020-05-24,0,39
Bütgenbach,63013,2020-05-25,0,39
Bütgenbach,63013,2020-05-26,0,39
Bütgenbach,63013,2020-05-27,0,39
Bütgenbach,63013,2020-05-28,0,39
Bütgenbach,63013,2020-05-29,0,39
Bütgenbach,63013,2020-05-30,0,39
Bütgenbach,63013,2020-05-31,0,39
Bütgenbach,63013,2020-06-01,0,39
Bütgenbach,63013,2020-06-02,0,39
Bütgenbach,63013,2020-06-03,0,39
Bütgenbach,63013,2020-06-04,1,40
Bütgenbach,63013,2020-06-05,0,40
Bütgenbach,63013,2020-06-06,0,40
Bütgenbach,63013,2020-06-07,0,40
Bütgenbach,63013,2020-06-08,0,40
Bütgenbach,63013,2020-06-09,1,41
Bütgenbach,63013,2020-06-10,0,41
Bütgenbach,63013,2020-06-11,0,41
Bütgenbach,63013,2020-06-12,0,41
Bütgenbach,63013,2020-06-13,0,41
Bütgenbach,63013,2020-06-14,0,41
Bütgenbach,63013,2020-06-15,0,41
Bütgenbach,63013,2020-06-16,0,41
Bütgenbach,63013,2020-06-17,0,41
Bütgenbach,63013,2020-06-18,0,41
Bütgenbach,63013,2020-06-19,0,41
Bütgenbach,63013,2020-06-20,0,41
Bütgenbach,63013,2020-06-23,0,41
Bütgenbach,63013,2020-06-24,0,41
Bütgenbach,63013,2020-06-25,0,41
Bütgenbach,63013,2020-06-26,0,41
Bütgenbach,63013,2020-06-27,0,41
Bütgenbach,63013,2020-06-30,0,41
Bütgenbach,63013,2020-07-01,0,41
Bütgenbach,63013,2020-07-02,0,41
Bütgenbach,63013,2020-07-03,0,41
Bütgenbach,63013,2020-07-04,0,41
Bütgenbach,63013,2020-07-07,0,41
Bütgenbach,63013,2020-07-08,0,41
Bütgenbach,63013,2020-07-09,0,41
Bütgenbach,63013,2020-07-10,0,41
Bütgenbach,63013,2020-07-11,0,41
Bütgenbach,63013,2020-07-14,0,41
Bütgenbach,63013,2020-07-15,0,41
Bütgenbach,63013,2020-07-16,0,41
Bütgenbach,63013,2020-07-17,0,41
Bütgenbach,63013,2020-07-18,0,41
Bütgenbach,63013,2020-07-20,0,41
Bütgenbach,63013,2020-07-21,0,41
Bütgenbach,63013,2020-07-22,0,41
Bütgenbach,63013,2020-07-23,0,41
Bütgenbach,63013,2020-07-24,0,41
Bütgenbach,63013,2020-07-25,0,41
Bütgenbach,63013,2020-07-26,0,41
Bütgenbach,63013,2020-07-27,0,41
Bütgenbach,63013,2020-07-28,0,41
Bütgenbach,63013,2020-07-29,0,41
Bütgenbach,63013,2020-07-30,0,41
Bütgenbach,63013,2020-07-31,0,41
Bütgenbach,63013,2020-08-01,0,41
Bütgenbach,63013,2020-08-02,0,41
Bütgenbach,63013,2020-08-03,0,41
Bütgenbach,63013,2020-08-04,0,41
Bütgenbach,63013,2020-08-05,0,41
Bütgenbach,63013,2020-08-06,0,41
Bütgenbach,63013,2020-08-07,0,41
Bütgenbach,63013,2020-08-08,0,41
Bütgenbach,63013,2020-08-09,0,41
Bütgenbach,63013,2020-08-10,0,41
Bütgenbach,63013,2020-08-11,0,41
Bütgenbach,63013,2020-08-12,0,41
Bütgenbach,63013,2020-08-13,0,41
Bütgenbach,63013,2020-08-14,0,41
Bütgenbach,63013,2020-08-15,0,41
Bütgenbach,63013,2020-08-16,0,41
Bütgenbach,63013,2020-08-17,0,41
Bütgenbach,63013,2020-08-18,0,41
Bütgenbach,63013,2020-08-19,0,41
Bütgenbach,63013,2020-08-20,0,41
Bütgenbach,63013,2020-08-21,0,41
Bütgenbach,63013,2020-08-22,0,41
Bütgenbach,63013,2020-08-23,0,41
Bütgenbach,63013,2020-08-24,0,41
Bütgenbach,63013,2020-08-25,0,41
Bütgenbach,63013,2020-08-26,0,41
Bütgenbach,63013,2020-08-27,0,41
Bütgenbach,63013,2020-08-28,0,41
Bütgenbach,63013,2020-08-29,0,41
Bütgenbach,63013,2020-08-30,0,41
Bütgenbach,63013,2020-08-31,0,41
Bütgenbach,63013,2020-09-01,0,41
Bütgenbach,63013,2020-09-02,0,41
Bütgenbach,63013,2020-09-03,0,41
Bütgenbach,63013,2020-09-04,0,41
Bütgenbach,63013,2020-09-05,0,41
Bütgenbach,63013,2020-09-06,0,41
Bütgenbach,63013,2020-09-07,0,41
Bütgenbach,63013,2020-09-08,0,41
Bütgenbach,63013,2020-09-09,0,41
Bütgenbach,63013,2020-09-10,0,41
Bütgenbach,63013,2020-09-11,0,41
Bütgenbach,63013,2020-09-12,0,41
Bütgenbach,63013,2020-09-13,0,41
Bütgenbach,63013,2020-09-14,0,41
Bütgenbach,63013,2020-09-15,0,41
Bütgenbach,63013,2020-09-16,0,41
Bütgenbach,63013,2020-09-17,0,41
Bütgenbach,63013,2020-09-18,1,42
Bütgenbach,63013,2020-09-19,0,42
Bütgenbach,63013,2020-09-20,0,42
Bütgenbach,63013,2020-09-21,0,42
Bütgenbach,63013,2020-09-22,1,43
Bütgenbach,63013,2020-09-23,0,43
Bütgenbach,63013,2020-09-24,0,43
Bütgenbach,63013,2020-09-25,0,43
Bütgenbach,63013,2020-09-26,0,43
Bütgenbach,63013,2020-09-27,0,43
Bütgenbach,63013,2020-09-28,1,44
Bütgenbach,63013,2020-09-29,2,46
Bütgenbach,63013,2020-09-30,0,46
Bütgenbach,63013,2020-10-01,0,46
Bütgenbach,63013,2020-10-02,0,46
Bütgenbach,63013,2020-10-03,2,48
Bütgenbach,63013,2020-10-04,5,53
Bütgenbach,63013,2020-10-05,2,55
Bütgenbach,63013,2020-10-06,0,55
Bütgenbach,63013,2020-10-07,0,55
Bütgenbach,63013,2020-10-08,0,55
Bütgenbach,63013,2020-10-09,0,55
Bütgenbach,63013,2020-10-10,0,55
Bütgenbach,63013,2020-10-11,2,57
Bütgenbach,63013,2020-10-12,0,57
Bütgenbach,63013,2020-10-13,0,57
Bütgenbach,63013,2020-10-14,32,89
Bütgenbach,63013,2020-10-15,17,106
Bütgenbach,63013,2020-10-16,10,116
Bütgenbach,63013,2020-10-17,20,136
Bütgenbach,63013,2020-10-18,17,153
Bütgenbach,63013,2020-10-19,36,189
Bütgenbach,63013,2020-10-20,21,210
Bütgenbach,63013,2020-10-21,14,224
Bütgenbach,63013,2020-10-22,38,262
Bütgenbach,63013,2020-10-23,32,294
Bütgenbach,63013,2020-10-24,60,354
Bütgenbach,63013,2020-10-25,32,386
Bütgenbach,63013,2020-10-26,31,417
Bütgenbach,63013,2020-10-27,14,431
Bütgenbach,63013,2020-10-28,4,435
Bütgenbach,63013,2020-10-29,18,453
Bütgenbach,63013,2020-10-30,25,478
Bütgenbach,63013,2020-10-31,17,495
Bütgenbach,63013,2020-11-01,6,501
Bütgenbach,63013,2020-11-02,7,508
Bütgenbach,63013,2020-11-03,4,512
Bütgenbach,63013,2020-11-04,-16,496
Bütgenbach,63013,2020-11-05,29,525
Bütgenbach,63013,2020-11-06,2,527
Bütgenbach,63013,2020-11-07,11,538
Bütgenbach,63013,2020-11-08,1,539
Bütgenbach,63013,2020-11-09,3,542
Bütgenbach,63013,2020-11-10,1,543
Bütgenbach,63013,2020-11-11,1,544
Dison,63020,2020-04-01,1,8
Dison,63020,2020-04-02,0,8
Dison,63020,2020-04-03,1,9
Dison,63020,2020-04-04,0,9
Dison,63020,2020-04-05,0,9
Dison,63020,2020-04-06,0,9
Dison,63020,2020-04-07,8,17
Dison,63020,2020-04-08,0,17
Dison,63020,2020-04-09,3,20
Dison,63020,2020-04-10,4,24
Dison,63020,2020-04-11,9,33
Dison,63020,2020-04-12,1,34
Dison,63020,2020-04-13,0,34
Dison,63020,2020-04-14,0,34
Dison,63020,2020-04-15,5,39
Dison,63020,2020-04-16,2,41
Dison,63020,2020-04-17,3,44
Dison,63020,2020-04-18,4,48
Dison,63020,2020-04-19,0,48
Dison,63020,2020-04-20,1,49
Dison,63020,2020-04-21,4,53
Dison,63020,2020-04-22,0,53
Dison,63020,2020-04-23,1,54
Dison,63020,2020-04-24,3,57
Dison,63020,2020-04-25,3,60
Dison,63020,2020-04-26,3,63
Dison,63020,2020-04-27,3,66
Dison,63020,2020-04-28,3,69
Dison,63020,2020-04-29,0,69
Dison,63020,2020-04-30,0,69
Dison,63020,2020-05-01,2,71
Dison,63020,2020-05-02,0,71
Dison,63020,2020-05-03,0,71
Dison,63020,2020-05-04,0,71
Dison,63020,2020-05-05,0,71
Dison,63020,2020-05-06,0,71
Dison,63020,2020-05-07,2,73
Dison,63020,2020-05-08,8,81
Dison,63020,2020-05-09,1,82
Dison,63020,2020-05-10,0,82
Dison,63020,2020-05-11,0,82
Dison,63020,2020-05-12,1,83
Dison,63020,2020-05-13,0,83
Dison,63020,2020-05-14,0,83
Dison,63020,2020-05-15,0,83
Dison,63020,2020-05-16,1,84
Dison,63020,2020-05-17,2,86
Dison,63020,2020-05-18,2,88
Dison,63020,2020-05-19,0,88
Dison,63020,2020-05-20,0,88
Dison,63020,2020-05-21,1,89
Dison,63020,2020-05-22,0,89
Dison,63020,2020-05-23,0,89
Dison,63020,2020-05-24,0,89
Dison,63020,2020-05-25,0,89
Dison,63020,2020-05-26,0,89
Dison,63020,2020-05-27,0,89
Dison,63020,2020-05-28,0,89
Dison,63020,2020-05-29,1,90
Dison,63020,2020-05-30,0,90
Dison,63020,2020-05-31,0,90
Dison,63020,2020-06-01,0,90
Dison,63020,2020-06-02,0,90
Dison,63020,2020-06-03,0,90
Dison,63020,2020-06-04,0,90
Dison,63020,2020-06-05,0,90
Dison,63020,2020-06-06,0,90
Dison,63020,2020-06-07,0,90
Dison,63020,2020-06-08,0,90
Dison,63020,2020-06-09,0,90
Dison,63020,2020-06-10,0,90
Dison,63020,2020-06-11,0,90
Dison,63020,2020-06-12,0,90
Dison,63020,2020-06-13,0,90
Dison,63020,2020-06-14,0,90
Dison,63020,2020-06-15,0,90
Dison,63020,2020-06-16,0,90
Dison,63020,2020-06-17,0,90
Dison,63020,2020-06-18,0,90
Dison,63020,2020-06-19,0,90
Dison,63020,2020-06-20,0,90
Dison,63020,2020-06-23,0,90
Dison,63020,2020-06-24,0,90
Dison,63020,2020-06-25,5,95
Dison,63020,2020-06-26,0,95
Dison,63020,2020-06-27,0,95
Dison,63020,2020-06-30,0,95
Dison,63020,2020-07-01,0,95
Dison,63020,2020-07-02,0,95
Dison,63020,2020-07-03,0,95
Dison,63020,2020-07-04,0,95
Dison,63020,2020-07-07,1,96
Dison,63020,2020-07-08,2,98
Dison,63020,2020-07-09,0,98
Dison,63020,2020-07-10,1,99
Dison,63020,2020-07-11,0,99
Dison,63020,2020-07-14,2,101
Dison,63020,2020-07-15,0,101
Dison,63020,2020-07-16,1,102
Dison,63020,2020-07-17,0,102
Dison,63020,2020-07-18,3,105
Dison,63020,2020-07-20,0,105
Dison,63020,2020-07-21,0,105
Dison,63020,2020-07-22,0,105
Dison,63020,2020-07-23,1,106
Dison,63020,2020-07-24,3,109
Dison,63020,2020-07-25,3,112
Dison,63020,2020-07-26,1,113
Dison,63020,2020-07-27,1,114
Dison,63020,2020-07-28,0,114
Dison,63020,2020-07-29,1,115
Dison,63020,2020-07-30,4,119
Dison,63020,2020-07-31,1,120
Dison,63020,2020-08-01,4,124
Dison,63020,2020-08-02,12,136
Dison,63020,2020-08-03,2,138
Dison,63020,2020-08-04,0,138
Dison,63020,2020-08-05,3,141
Dison,63020,2020-08-06,2,143
Dison,63020,2020-08-07,3,146
Dison,63020,2020-08-08,2,148
Dison,63020,2020-08-09,0,148
Dison,63020,2020-08-10,6,154
Dison,63020,2020-08-11,2,156
Dison,63020,2020-08-12,2,158
Dison,63020,2020-08-13,0,158
Dison,63020,2020-08-14,4,162
Dison,63020,2020-08-15,3,165
Dison,63020,2020-08-16,0,165
Dison,63020,2020-08-17,1,166
Dison,63020,2020-08-18,0,166
Dison,63020,2020-08-19,0,166
Dison,63020,2020-08-20,0,166
Dison,63020,2020-08-21,1,167
Dison,63020,2020-08-22,1,168
Dison,63020,2020-08-23,1,169
Dison,63020,2020-08-24,0,169
Dison,63020,2020-08-25,0,169
Dison,63020,2020-08-26,0,169
Dison,63020,2020-08-27,0,169
Dison,63020,2020-08-28,1,170
Dison,63020,2020-08-29,1,171
Dison,63020,2020-08-30,9,180
Dison,63020,2020-08-31,-1,179
Dison,63020,2020-09-01,0,179
Dison,63020,2020-09-02,0,179
Dison,63020,2020-09-03,1,180
Dison,63020,2020-09-04,2,182
Dison,63020,2020-09-05,0,182
Dison,63020,2020-09-06,1,183
Dison,63020,2020-09-07,1,184
Dison,63020,2020-09-08,0,184
Dison,63020,2020-09-09,0,184
Dison,63020,2020-09-10,0,184
Dison,63020,2020-09-11,0,184
Dison,63020,2020-09-12,0,184
Dison,63020,2020-09-13,0,184
Dison,63020,2020-09-14,0,184
Dison,63020,2020-09-15,1,185
Dison,63020,2020-09-16,0,185
Dison,63020,2020-09-17,0,185
Dison,63020,2020-09-18,20,205
Dison,63020,2020-09-19,3,208
Dison,63020,2020-09-20,2,210
Dison,63020,2020-09-21,1,211
Dison,63020,2020-09-22,0,211
Dison,63020,2020-09-23,22,233
Dison,63020,2020-09-24,0,233
Dison,63020,2020-09-25,10,243
Dison,63020,2020-09-26,15,258
Dison,63020,2020-09-27,2,260
Dison,63020,2020-09-28,1,261
Dison,63020,2020-09-29,1,262
Dison,63020,2020-09-30,0,262
Dison,63020,2020-10-01,3,265
Dison,63020,2020-10-02,5,270
Dison,63020,2020-10-03,10,280
Dison,63020,2020-10-04,11,291
Dison,63020,2020-10-05,4,295
Dison,63020,2020-10-06,0,295
Dison,63020,2020-10-07,1,296
Dison,63020,2020-10-08,8,304
Dison,63020,2020-10-09,8,312
Dison,63020,2020-10-10,10,322
Dison,63020,2020-10-11,6,328
Dison,63020,2020-10-12,13,341
Dison,63020,2020-10-13,9,350
Dison,63020,2020-10-14,20,370
Dison,63020,2020-10-15,30,400
Dison,63020,2020-10-16,31,431
Dison,63020,2020-10-17,13,444
Dison,63020,2020-10-18,26,470
Dison,63020,2020-10-19,27,497
Dison,63020,2020-10-20,23,520
Dison,63020,2020-10-21,32,552
Dison,63020,2020-10-22,34,586
Dison,63020,2020-10-23,54,640
Dison,63020,2020-10-24,46,686
Dison,63020,2020-10-25,30,716
Dison,63020,2020-10-26,97,813
Dison,63020,2020-10-27,25,838
Dison,63020,2020-10-28,45,883
Dison,63020,2020-10-29,80,963
Dison,63020,2020-10-30,73,1036
Dison,63020,2020-10-31,69,1105
Dison,63020,2020-11-01,80,1185
Dison,63020,2020-11-02,41,1226
Dison,63020,2020-11-03,3,1229
Dison,63020,2020-11-04,9,1238
Dison,63020,2020-11-05,29,1267
Dison,63020,2020-11-06,74,1341
Dison,63020,2020-11-07,36,1377
Dison,63020,2020-11-08,23,1400
Dison,63020,2020-11-09,12,1412
Dison,63020,2020-11-10,2,1414
Dison,63020,2020-11-11,7,1421
Eupen,63023,2020-04-01,0,14
Eupen,63023,2020-04-02,0,14
Eupen,63023,2020-04-03,0,14
Eupen,63023,2020-04-04,3,17
Eupen,63023,2020-04-05,0,17
Eupen,63023,2020-04-06,0,17
Eupen,63023,2020-04-07,14,31
Eupen,63023,2020-04-08,0,31
Eupen,63023,2020-04-09,2,33
Eupen,63023,2020-04-10,2,35
Eupen,63023,2020-04-11,2,37
Eupen,63023,2020-04-12,4,41
Eupen,63023,2020-04-13,0,41
Eupen,63023,2020-04-14,0,41
Eupen,63023,2020-04-15,12,53
Eupen,63023,2020-04-16,1,54
Eupen,63023,2020-04-17,3,57
Eupen,63023,2020-04-18,1,58
Eupen,63023,2020-04-19,3,61
Eupen,63023,2020-04-20,3,64
Eupen,63023,2020-04-21,0,64
Eupen,63023,2020-04-22,0,64
Eupen,63023,2020-04-23,0,64
Eupen,63023,2020-04-24,7,71
Eupen,63023,2020-04-25,5,76
Eupen,63023,2020-04-26,1,77
Eupen,63023,2020-04-27,0,77
Eupen,63023,2020-04-28,0,77
Eupen,63023,2020-04-29,0,77
Eupen,63023,2020-04-30,0,77
Eupen,63023,2020-05-01,2,79
Eupen,63023,2020-05-02,0,79
Eupen,63023,2020-05-03,0,79
Eupen,63023,2020-05-04,0,79
Eupen,63023,2020-05-05,0,79
Eupen,63023,2020-05-06,0,79
Eupen,63023,2020-05-07,0,79
Eupen,63023,2020-05-08,1,80
Eupen,63023,2020-05-09,0,80
Eupen,63023,2020-05-10,1,81
Eupen,63023,2020-05-11,0,81
Eupen,63023,2020-05-12,2,83
Eupen,63023,2020-05-13,2,85
Eupen,63023,2020-05-14,0,85
Eupen,63023,2020-05-15,0,85
Eupen,63023,2020-05-16,1,86
Eupen,63023,2020-05-17,0,86
Eupen,63023,2020-05-18,0,86
Eupen,63023,2020-05-19,0,86
Eupen,63023,2020-05-20,0,86
Eupen,63023,2020-05-21,0,86
Eupen,63023,2020-05-22,1,87
Eupen,63023,2020-05-23,0,87
Eupen,63023,2020-05-24,0,87
Eupen,63023,2020-05-25,0,87
Eupen,63023,2020-05-26,0,87
Eupen,63023,2020-05-27,0,87
Eupen,63023,2020-05-28,0,87
Eupen,63023,2020-05-29,0,87
Eupen,63023,2020-05-30,0,87
Eupen,63023,2020-05-31,0,87
Eupen,63023,2020-06-01,0,87
Eupen,63023,2020-06-02,0,87
Eupen,63023,2020-06-03,0,87
Eupen,63023,2020-06-04,0,87
Eupen,63023,2020-06-05,0,87
Eupen,63023,2020-06-06,0,87
Eupen,63023,2020-06-07,0,87
Eupen,63023,2020-06-08,0,87
Eupen,63023,2020-06-09,0,87
Eupen,63023,2020-06-10,0,87
Eupen,63023,2020-06-11,0,87
Eupen,63023,2020-06-12,0,87
Eupen,63023,2020-06-13,0,87
Eupen,63023,2020-06-14,0,87
Eupen,63023,2020-06-15,0,87
Eupen,63023,2020-06-16,0,87
Eupen,63023,2020-06-17,0,87
Eupen,63023,2020-06-18,0,87
Eupen,63023,2020-06-19,0,87
Eupen,63023,2020-06-20,0,87
Eupen,63023,2020-06-23,0,87
Eupen,63023,2020-06-24,0,87
Eupen,63023,2020-06-25,0,87
Eupen,63023,2020-06-26,1,88
Eupen,63023,2020-06-27,0,88
Eupen,63023,2020-06-30,1,89
Eupen,63023,2020-07-01,0,89
Eupen,63023,2020-07-02,0,89
Eupen,63023,2020-07-03,0,89
Eupen,63023,2020-07-04,0,89
Eupen,63023,2020-07-07,0,89
Eupen,63023,2020-07-08,0,89
Eupen,63023,2020-07-09,0,89
Eupen,63023,2020-07-10,2,91
Eupen,63023,2020-07-11,0,91
Eupen,63023,2020-07-14,0,91
Eupen,63023,2020-07-15,0,91
Eupen,63023,2020-07-16,0,91
Eupen,63023,2020-07-17,0,91
Eupen,63023,2020-07-18,0,91
Eupen,63023,2020-07-20,0,91
Eupen,63023,2020-07-21,0,91
Eupen,63023,2020-07-22,0,91
Eupen,63023,2020-07-23,0,91
Eupen,63023,2020-07-24,0,91
Eupen,63023,2020-07-25,0,91
Eupen,63023,2020-07-26,0,91
Eupen,63023,2020-07-27,0,91
Eupen,63023,2020-07-28,0,91
Eupen,63023,2020-07-29,0,91
Eupen,63023,2020-07-30,0,91
Eupen,63023,2020-07-31,0,91
Eupen,63023,2020-08-01,0,91
Eupen,63023,2020-08-02,0,91
Eupen,63023,2020-08-03,0,91
Eupen,63023,2020-08-04,0,91
Eupen,63023,2020-08-05,0,91
Eupen,63023,2020-08-06,0,91
Eupen,63023,2020-08-07,0,91
Eupen,63023,2020-08-08,2,93
Eupen,63023,2020-08-09,1,94
Eupen,63023,2020-08-10,0,94
Eupen,63023,2020-08-11,0,94
Eupen,63023,2020-08-12,0,94
Eupen,63023,2020-08-13,0,94
Eupen,63023,2020-08-14,0,94
Eupen,63023,2020-08-15,0,94
Eupen,63023,2020-08-16,0,94
Eupen,63023,2020-08-17,0,94
Eupen,63023,2020-08-18,0,94
Eupen,63023,2020-08-19,0,94
Eupen,63023,2020-08-20,3,97
Eupen,63023,2020-08-21,0,97
Eupen,63023,2020-08-22,0,97
Eupen,63023,2020-08-23,0,97
Eupen,63023,2020-08-24,0,97
Eupen,63023,2020-08-25,0,97
Eupen,63023,2020-08-26,0,97
Eupen,63023,2020-08-27,0,97
Eupen,63023,2020-08-28,0,97
Eupen,63023,2020-08-29,0,97
Eupen,63023,2020-08-30,0,97
Eupen,63023,2020-08-31,0,97
Eupen,63023,2020-09-01,0,97
Eupen,63023,2020-09-02,0,97
Eupen,63023,2020-09-03,0,97
Eupen,63023,2020-09-04,7,104
Eupen,63023,2020-09-05,0,104
Eupen,63023,2020-09-06,0,104
Eupen,63023,2020-09-07,0,104
Eupen,63023,2020-09-08,0,104
Eupen,63023,2020-09-09,0,104
Eupen,63023,2020-09-10,0,104
Eupen,63023,2020-09-11,0,104
Eupen,63023,2020-09-12,0,104
Eupen,63023,2020-09-13,0,104
Eupen,63023,2020-09-14,0,104
Eupen,63023,2020-09-15,1,105
Eupen,63023,2020-09-16,1,106
Eupen,63023,2020-09-17,1,107
Eupen,63023,2020-09-18,1,108
Eupen,63023,2020-09-19,1,109
Eupen,63023,2020-09-20,0,109
Eupen,63023,2020-09-21,0,109
Eupen,63023,2020-09-22,0,109
Eupen,63023,2020-09-23,0,109
Eupen,63023,2020-09-24,0,109
Eupen,63023,2020-09-25,1,110
Eupen,63023,2020-09-26,1,111
Eupen,63023,2020-09-27,0,111
Eupen,63023,2020-09-28,0,111
Eupen,63023,2020-09-29,0,111
Eupen,63023,2020-09-30,0,111
Eupen,63023,2020-10-01,0,111
Eupen,63023,2020-10-02,1,112
Eupen,63023,2020-10-03,2,114
Eupen,63023,2020-10-04,5,119
Eupen,63023,2020-10-05,2,121
Eupen,63023,2020-10-06,2,123
Eupen,63023,2020-10-07,0,123
Eupen,63023,2020-10-08,1,124
Eupen,63023,2020-10-09,3,127
Eupen,63023,2020-10-10,5,132
Eupen,63023,2020-10-11,1,133
Eupen,63023,2020-10-12,1,134
Eupen,63023,2020-10-13,7,141
Eupen,63023,2020-10-14,14,155
Eupen,63023,2020-10-15,4,159
Eupen,63023,2020-10-16,23,182
Eupen,63023,2020-10-17,4,186
Eupen,63023,2020-10-18,32,218
Eupen,63023,2020-10-19,3,221
Eupen,63023,2020-10-20,2,223
Eupen,63023,2020-10-21,23,246
Eupen,63023,2020-10-22,18,264
Eupen,63023,2020-10-23,25,289
Eupen,63023,2020-10-24,29,318
Eupen,63023,2020-10-25,33,351
Eupen,63023,2020-10-26,30,381
Eupen,63023,2020-10-27,3,384
Eupen,63023,2020-10-28,31,415
Eupen,63023,2020-10-29,28,443
Eupen,63023,2020-10-30,9,452
Eupen,63023,2020-10-31,10,462
Eupen,63023,2020-11-01,24,486
Eupen,63023,2020-11-02,5,491
Eupen,63023,2020-11-03,80,571
Eupen,63023,2020-11-04,-1,570
Eupen,63023,2020-11-05,18,588
Eupen,63023,2020-11-06,32,620
Eupen,63023,2020-11-07,53,673
Eupen,63023,2020-11-08,10,683
Eupen,63023,2020-11-09,22,705
Eupen,63023,2020-11-10,1,706
Eupen,63023,2020-11-11,4,710
Herve,63035,2020-04-01,3,27
Herve,63035,2020-04-02,0,27
Herve,63035,2020-04-03,1,28
Herve,63035,2020-04-04,2,30
Herve,63035,2020-04-05,0,30
Herve,63035,2020-04-06,0,30
Herve,63035,2020-04-07,10,40
Herve,63035,2020-04-08,1,41
Herve,63035,2020-04-09,3,44
Herve,63035,2020-04-10,6,50
Herve,63035,2020-04-11,3,53
Herve,63035,2020-04-12,2,55
Herve,63035,2020-04-13,2,57
Herve,63035,2020-04-14,0,57
Herve,63035,2020-04-15,3,60
Herve,63035,2020-04-16,1,61
Herve,63035,2020-04-17,5,66
Herve,63035,2020-04-18,1,67
Herve,63035,2020-04-19,3,70
Herve,63035,2020-04-20,4,74
Herve,63035,2020-04-21,0,74
Herve,63035,2020-04-22,2,76
Herve,63035,2020-04-23,15,91
Herve,63035,2020-04-24,25,116
Herve,63035,2020-04-25,11,127
Herve,63035,2020-04-26,0,127
Herve,63035,2020-04-27,1,128
Herve,63035,2020-04-28,1,129
Herve,63035,2020-04-29,0,129
Herve,63035,2020-04-30,0,129
Herve,63035,2020-05-01,1,130
Herve,63035,2020-05-02,1,131
Herve,63035,2020-05-03,0,131
Herve,63035,2020-05-04,1,132
Herve,63035,2020-05-05,0,132
Herve,63035,2020-05-06,0,132
Herve,63035,2020-05-07,1,133
Herve,63035,2020-05-08,3,136
Herve,63035,2020-05-09,1,137
Herve,63035,2020-05-10,1,138
Herve,63035,2020-05-11,0,138
Herve,63035,2020-05-12,0,138
Herve,63035,2020-05-13,0,138
Herve,63035,2020-05-14,1,139
Herve,63035,2020-05-15,2,141
Herve,63035,2020-05-16,0,141
Herve,63035,2020-05-17,1,142
Herve,63035,2020-05-18,0,142
Herve,63035,2020-05-19,1,143
Herve,63035,2020-05-20,0,143
Herve,63035,2020-05-21,0,143
Herve,63035,2020-05-22,0,143
Herve,63035,2020-05-23,0,143
Herve,63035,2020-05-24,0,143
Herve,63035,2020-05-25,0,143
Herve,63035,2020-05-26,1,144
Herve,63035,2020-05-27,0,144
Herve,63035,2020-05-28,0,144
Herve,63035,2020-05-29,0,144
Herve,63035,2020-05-30,0,144
Herve,63035,2020-05-31,0,144
Herve,63035,2020-06-01,0,144
Herve,63035,2020-06-02,0,144
Herve,63035,2020-06-03,0,144
Herve,63035,2020-06-04,1,145
Herve,63035,2020-06-05,0,145
Herve,63035,2020-06-06,0,145
Herve,63035,2020-06-07,0,145
Herve,63035,2020-06-08,0,145
Herve,63035,2020-06-09,0,145
Herve,63035,2020-06-10,0,145
Herve,63035,2020-06-11,0,145
Herve,63035,2020-06-12,0,145
Herve,63035,2020-06-13,0,145
Herve,63035,2020-06-14,0,145
Herve,63035,2020-06-15,0,145
Herve,63035,2020-06-16,0,145
Herve,63035,2020-06-17,0,145
Herve,63035,2020-06-18,0,145
Herve,63035,2020-06-19,0,145
Herve,63035,2020-06-20,0,145
Herve,63035,2020-06-23,0,145
Herve,63035,2020-06-24,0,145
Herve,63035,2020-06-25,4,149
Herve,63035,2020-06-26,0,149
Herve,63035,2020-06-27,0,149
Herve,63035,2020-06-30,0,149
Herve,63035,2020-07-01,0,149
Herve,63035,2020-07-02,0,149
Herve,63035,2020-07-03,0,149
Herve,63035,2020-07-04,0,149
Herve,63035,2020-07-07,0,149
Herve,63035,2020-07-08,0,149
Herve,63035,2020-07-09,0,149
Herve,63035,2020-07-10,0,149
Herve,63035,2020-07-11,0,149
Herve,63035,2020-07-14,0,149
Herve,63035,2020-07-15,0,149
Herve,63035,2020-07-16,0,149
Herve,63035,2020-07-17,0,149
Herve,63035,2020-07-18,0,149
Herve,63035,2020-07-20,0,149
Herve,63035,2020-07-21,0,149
Herve,63035,2020-07-22,0,149
Herve,63035,2020-07-23,2,151
Herve,63035,2020-07-24,6,157
Herve,63035,2020-07-25,3,160
Herve,63035,2020-07-26,0,160
Herve,63035,2020-07-27,1,161
Herve,63035,2020-07-28,1,162
Herve,63035,2020-07-29,1,163
Herve,63035,2020-07-30,3,166
Herve,63035,2020-07-31,0,166
Herve,63035,2020-08-01,1,167
Herve,63035,2020-08-02,2,169
Herve,63035,2020-08-03,0,169
Herve,63035,2020-08-04,0,169
Herve,63035,2020-08-05,0,169
Herve,63035,2020-08-06,1,170
Herve,63035,2020-08-07,0,170
Herve,63035,2020-08-08,0,170
Herve,63035,2020-08-09,0,170
Herve,63035,2020-08-10,1,171
Herve,63035,2020-08-11,1,172
Herve,63035,2020-08-12,0,172
Herve,63035,2020-08-13,1,173
Herve,63035,2020-08-14,1,174
Herve,63035,2020-08-15,1,175
Herve,63035,2020-08-16,1,176
Herve,63035,2020-08-17,0,176
Herve,63035,2020-08-18,0,176
Herve,63035,2020-08-19,0,176
Herve,63035,2020-08-20,0,176
Herve,63035,2020-08-21,0,176
Herve,63035,2020-08-22,0,176
Herve,63035,2020-08-23,1,177
Herve,63035,2020-08-24,0,177
Herve,63035,2020-08-25,0,177
Herve,63035,2020-08-26,2,179
Herve,63035,2020-08-27,1,180
Herve,63035,2020-08-28,0,180
Herve,63035,2020-08-29,0,180
Herve,63035,2020-08-30,3,183
Herve,63035,2020-08-31,0,183
Herve,63035,2020-09-01,0,183
Herve,63035,2020-09-02,0,183
Herve,63035,2020-09-03,0,183
Herve,63035,2020-09-04,1,184
Herve,63035,2020-09-05,0,184
Herve,63035,2020-09-06,0,184
Herve,63035,2020-09-07,0,184
Herve,63035,2020-09-08,0,184
Herve,63035,2020-09-09,0,184
Herve,63035,2020-09-10,2,186
Herve,63035,2020-09-11,0,186
Herve,63035,2020-09-12,1,187
Herve,63035,2020-09-13,1,188
Herve,63035,2020-09-14,0,188
Herve,63035,2020-09-15,0,188
Herve,63035,2020-09-16,0,188
Herve,63035,2020-09-17,2,190
Herve,63035,2020-09-18,13,203
Herve,63035,2020-09-19,9,212
Herve,63035,2020-09-20,2,214
Herve,63035,2020-09-21,1,215
Herve,63035,2020-09-22,0,215
Herve,63035,2020-09-23,11,226
Herve,63035,2020-09-24,5,231
Herve,63035,2020-09-25,3,234
Herve,63035,2020-09-26,5,239
Herve,63035,2020-09-27,2,241
Herve,63035,2020-09-28,0,241
Herve,63035,2020-09-29,1,242
Herve,63035,2020-09-30,4,246
Herve,63035,2020-10-01,2,248
Herve,63035,2020-10-02,3,251
Herve,63035,2020-10-03,3,254
Herve,63035,2020-10-04,9,263
Herve,63035,2020-10-05,6,269
Herve,63035,2020-10-06,0,269
Herve,63035,2020-10-07,6,275
Herve,63035,2020-10-08,3,278
Herve,63035,2020-10-09,9,287
Herve,63035,2020-10-10,16,303
Herve,63035,2020-10-11,27,330
Herve,63035,2020-10-12,13,343
Herve,63035,2020-10-13,14,357
Herve,63035,2020-10-14,79,436
Herve,63035,2020-10-15,45,481
Herve,63035,2020-10-16,79,560
Herve,63035,2020-10-17,61,621
Herve,63035,2020-10-18,40,661
Herve,63035,2020-10-19,59,720
Herve,63035,2020-10-20,18,738
Herve,63035,2020-10-21,65,803
Herve,63035,2020-10-22,65,868
Herve,63035,2020-10-23,65,933
Herve,63035,2020-10-24,109,1042
Herve,63035,2020-10-25,77,1119
Herve,63035,2020-10-26,111,1230
Herve,63035,2020-10-27,12,1242
Herve,63035,2020-10-28,48,1290
Herve,63035,2020-10-29,92,1382
Herve,63035,2020-10-30,93,1475
Herve,63035,2020-10-31,65,1540
Herve,63035,2020-11-01,86,1626
Herve,63035,2020-11-02,42,1668
Herve,63035,2020-11-03,7,1675
Herve,63035,2020-11-04,22,1697
Herve,63035,2020-11-05,43,1740
Herve,63035,2020-11-06,45,1785
Herve,63035,2020-11-07,21,1806
Herve,63035,2020-11-08,20,1826
Herve,63035,2020-11-09,17,1843
Herve,63035,2020-11-10,1,1844
Herve,63035,2020-11-11,7,1851
Jalhay,63038,2020-04-01,1,8
Jalhay,63038,2020-04-02,0,8
Jalhay,63038,2020-04-03,0,8
Jalhay,63038,2020-04-04,0,8
Jalhay,63038,2020-04-05,0,8
Jalhay,63038,2020-04-06,0,8
Jalhay,63038,2020-04-07,10,18
Jalhay,63038,2020-04-08,0,18
Jalhay,63038,2020-04-09,0,18
Jalhay,63038,2020-04-10,1,19
Jalhay,63038,2020-04-11,1,20
Jalhay,63038,2020-04-12,1,21
Jalhay,63038,2020-04-13,1,22
Jalhay,63038,2020-04-14,1,23
Jalhay,63038,2020-04-15,3,26
Jalhay,63038,2020-04-16,2,28
Jalhay,63038,2020-04-17,2,30
Jalhay,63038,2020-04-18,1,31
Jalhay,63038,2020-04-19,0,31
Jalhay,63038,2020-04-20,4,35
Jalhay,63038,2020-04-21,0,35
Jalhay,63038,2020-04-22,0,35
Jalhay,63038,2020-04-23,0,35
Jalhay,63038,2020-04-24,1,36
Jalhay,63038,2020-04-25,2,38
Jalhay,63038,2020-04-26,1,39
Jalhay,63038,2020-04-27,0,39
Jalhay,63038,2020-04-28,0,39
Jalhay,63038,2020-04-29,0,39
Jalhay,63038,2020-04-30,0,39
Jalhay,63038,2020-05-01,0,39
Jalhay,63038,2020-05-02,1,40
Jalhay,63038,2020-05-03,0,40
Jalhay,63038,2020-05-04,0,40
Jalhay,63038,2020-05-05,0,40
Jalhay,63038,2020-05-06,1,41
Jalhay,63038,2020-05-07,0,41
Jalhay,63038,2020-05-08,0,41
Jalhay,63038,2020-05-09,5,46
Jalhay,63038,2020-05-10,0,46
Jalhay,63038,2020-05-11,0,46
Jalhay,63038,2020-05-12,0,46
Jalhay,63038,2020-05-13,1,47
Jalhay,63038,2020-05-14,0,47
Jalhay,63038,2020-05-15,0,47
Jalhay,63038,2020-05-16,0,47
Jalhay,63038,2020-05-17,0,47
Jalhay,63038,2020-05-18,0,47
Jalhay,63038,2020-05-19,0,47
Jalhay,63038,2020-05-20,0,47
Jalhay,63038,2020-05-21,0,47
Jalhay,63038,2020-05-22,0,47
Jalhay,63038,2020-05-23,1,48
Jalhay,63038,2020-05-24,0,48
Jalhay,63038,2020-05-25,0,48
Jalhay,63038,2020-05-26,0,48
Jalhay,63038,2020-05-27,0,48
Jalhay,63038,2020-05-28,1,49
Jalhay,63038,2020-05-29,0,49
Jalhay,63038,2020-05-30,0,49
Jalhay,63038,2020-05-31,0,49
Jalhay,63038,2020-06-01,0,49
Jalhay,63038,2020-06-02,0,49
Jalhay,63038,2020-06-03,0,49
Jalhay,63038,2020-06-04,0,49
Jalhay,63038,2020-06-05,0,49
Jalhay,63038,2020-06-06,0,49
Jalhay,63038,2020-06-07,0,49
Jalhay,63038,2020-06-08,0,49
Jalhay,63038,2020-06-09,0,49
Jalhay,63038,2020-06-10,0,49
Jalhay,63038,2020-06-11,0,49
Jalhay,63038,2020-06-12,0,49
Jalhay,63038,2020-06-13,0,49
Jalhay,63038,2020-06-14,0,49
Jalhay,63038,2020-06-15,1,50
Jalhay,63038,2020-06-16,0,50
Jalhay,63038,2020-06-17,0,50
Jalhay,63038,2020-06-18,1,51
Jalhay,63038,2020-06-19,0,51
Jalhay,63038,2020-06-20,0,51
Jalhay,63038,2020-06-23,1,52
Jalhay,63038,2020-06-24,0,52
Jalhay,63038,2020-06-25,4,56
Jalhay,63038,2020-06-26,0,56
Jalhay,63038,2020-06-27,0,56
Jalhay,63038,2020-06-30,0,56
Jalhay,63038,2020-07-01,0,56
Jalhay,63038,2020-07-02,0,56
Jalhay,63038,2020-07-03,0,56
Jalhay,63038,2020-07-04,0,56
Jalhay,63038,2020-07-07,0,56
Jalhay,63038,2020-07-08,0,56
Jalhay,63038,2020-07-09,0,56
Jalhay,63038,2020-07-10,0,56
Jalhay,63038,2020-07-11,0,56
Jalhay,63038,2020-07-14,0,56
Jalhay,63038,2020-07-15,0,56
Jalhay,63038,2020-07-16,0,56
Jalhay,63038,2020-07-17,0,56
Jalhay,63038,2020-07-18,0,56
Jalhay,63038,2020-07-20,0,56
Jalhay,63038,2020-07-21,0,56
Jalhay,63038,2020-07-22,0,56
Jalhay,63038,2020-07-23,0,56
Jalhay,63038,2020-07-24,0,56
Jalhay,63038,2020-07-25,0,56
Jalhay,63038,2020-07-26,0,56
Jalhay,63038,2020-07-27,0,56
Jalhay,63038,2020-07-28,0,56
Jalhay,63038,2020-07-29,0,56
Jalhay,63038,2020-07-30,1,57
Jalhay,63038,2020-07-31,1,58
Jalhay,63038,2020-08-01,0,58
Jalhay,63038,2020-08-02,0,58
Jalhay,63038,2020-08-03,0,58
Jalhay,63038,2020-08-04,0,58
Jalhay,63038,2020-08-05,0,58
Jalhay,63038,2020-08-06,0,58
Jalhay,63038,2020-08-07,1,59
Jalhay,63038,2020-08-08,0,59
Jalhay,63038,2020-08-09,0,59
Jalhay,63038,2020-08-10,0,59
Jalhay,63038,2020-08-11,0,59
Jalhay,63038,2020-08-12,1,60
Jalhay,63038,2020-08-13,0,60
Jalhay,63038,2020-08-14,0,60
Jalhay,63038,2020-08-15,0,60
Jalhay,63038,2020-08-16,0,60
Jalhay,63038,2020-08-17,0,60
Jalhay,63038,2020-08-18,0,60
Jalhay,63038,2020-08-19,1,61
Jalhay,63038,2020-08-20,0,61
Jalhay,63038,2020-08-21,0,61
Jalhay,63038,2020-08-22,0,61
Jalhay,63038,2020-08-23,0,61
Jalhay,63038,2020-08-24,0,61
Jalhay,63038,2020-08-25,0,61
Jalhay,63038,2020-08-26,0,61
Jalhay,63038,2020-08-27,0,61
Jalhay,63038,2020-08-28,0,61
Jalhay,63038,2020-08-29,0,61
Jalhay,63038,2020-08-30,2,63
Jalhay,63038,2020-08-31,0,63
Jalhay,63038,2020-09-01,0,63
Jalhay,63038,2020-09-02,0,63
Jalhay,63038,2020-09-03,0,63
Jalhay,63038,2020-09-04,0,63
Jalhay,63038,2020-09-05,0,63
Jalhay,63038,2020-09-06,0,63
Jalhay,63038,2020-09-07,0,63
Jalhay,63038,2020-09-08,0,63
Jalhay,63038,2020-09-09,0,63
Jalhay,63038,2020-09-10,0,63
Jalhay,63038,2020-09-11,0,63
Jalhay,63038,2020-09-12,0,63
Jalhay,63038,2020-09-13,0,63
Jalhay,63038,2020-09-14,0,63
Jalhay,63038,2020-09-15,0,63
Jalhay,63038,2020-09-16,0,63
Jalhay,63038,2020-09-17,0,63
Jalhay,63038,2020-09-18,11,74
Jalhay,63038,2020-09-19,2,76
Jalhay,63038,2020-09-20,0,76
Jalhay,63038,2020-09-21,0,76
Jalhay,63038,2020-09-22,0,76
Jalhay,63038,2020-09-23,5,81
Jalhay,63038,2020-09-24,0,81
Jalhay,63038,2020-09-25,5,86
Jalhay,63038,2020-09-26,0,86
Jalhay,63038,2020-09-27,0,86
Jalhay,63038,2020-09-28,0,86
Jalhay,63038,2020-09-29,1,87
Jalhay,63038,2020-09-30,1,88
Jalhay,63038,2020-10-01,0,88
Jalhay,63038,2020-10-02,4,92
Jalhay,63038,2020-10-03,3,95
Jalhay,63038,2020-10-04,9,104
Jalhay,63038,2020-10-05,1,105
Jalhay,63038,2020-10-06,1,106
Jalhay,63038,2020-10-07,3,109
Jalhay,63038,2020-10-08,6,115
Jalhay,63038,2020-10-09,3,118
Jalhay,63038,2020-10-10,12,130
Jalhay,63038,2020-10-11,7,137
Jalhay,63038,2020-10-12,10,147
Jalhay,63038,2020-10-13,6,153
Jalhay,63038,2020-10-14,29,182
Jalhay,63038,2020-10-15,29,211
Jalhay,63038,2020-10-16,20,231
Jalhay,63038,2020-10-17,14,245
Jalhay,63038,2020-10-18,14,259
Jalhay,63038,2020-10-19,17,276
Jalhay,63038,2020-10-20,6,282
Jalhay,63038,2020-10-21,27,309
Jalhay,63038,2020-10-22,25,334
Jalhay,63038,2020-10-23,53,387
Jalhay,63038,2020-10-24,42,429
Jalhay,63038,2020-10-25,14,443
Jalhay,63038,2020-10-26,81,524
Jalhay,63038,2020-10-27,7,531
Jalhay,63038,2020-10-28,44,575
Jalhay,63038,2020-10-29,33,608
Jalhay,63038,2020-10-30,47,655
Jalhay,63038,2020-10-31,43,698
Jalhay,63038,2020-11-01,51,749
Jalhay,63038,2020-11-02,21,770
Jalhay,63038,2020-11-03,2,772
Jalhay,63038,2020-11-04,12,784
Jalhay,63038,2020-11-05,23,807
Jalhay,63038,2020-11-06,16,823
Jalhay,63038,2020-11-07,18,841
Jalhay,63038,2020-11-08,7,848
Jalhay,63038,2020-11-09,11,859
Jalhay,63038,2020-11-10,1,860
Jalhay,63038,2020-11-11,5,865
Kelmis,63040,2020-04-01,4,9
Kelmis,63040,2020-04-02,1,10
Kelmis,63040,2020-04-03,1,11
Kelmis,63040,2020-04-04,0,11
Kelmis,63040,2020-04-05,1,12
Kelmis,63040,2020-04-06,0,12
Kelmis,63040,2020-04-07,0,12
Kelmis,63040,2020-04-08,4,16
Kelmis,63040,2020-04-09,0,16
Kelmis,63040,2020-04-10,1,17
Kelmis,63040,2020-04-11,1,18
Kelmis,63040,2020-04-12,1,19
Kelmis,63040,2020-04-13,0,19
Kelmis,63040,2020-04-14,0,19
Kelmis,63040,2020-04-15,2,21
Kelmis,63040,2020-04-16,1,22
Kelmis,63040,2020-04-17,0,22
Kelmis,63040,2020-04-18,0,22
Kelmis,63040,2020-04-19,2,24
Kelmis,63040,2020-04-20,0,24
Kelmis,63040,2020-04-21,1,25
Kelmis,63040,2020-04-22,1,26
Kelmis,63040,2020-04-23,0,26
Kelmis,63040,2020-04-24,0,26
Kelmis,63040,2020-04-25,4,30
Kelmis,63040,2020-04-26,0,30
Kelmis,63040,2020-04-27,0,30
Kelmis,63040,2020-04-28,2,32
Kelmis,63040,2020-04-29,0,32
Kelmis,63040,2020-04-30,2,34
Kelmis,63040,2020-05-01,0,34
Kelmis,63040,2020-05-02,-1,33
Kelmis,63040,2020-05-03,0,33
Kelmis,63040,2020-05-04,0,33
Kelmis,63040,2020-05-05,0,33
Kelmis,63040,2020-05-06,0,33
Kelmis,63040,2020-05-07,0,33
Kelmis,63040,2020-05-08,0,33
Kelmis,63040,2020-05-09,0,33
Kelmis,63040,2020-05-10,0,33
Kelmis,63040,2020-05-11,0,33
Kelmis,63040,2020-05-12,0,33
Kelmis,63040,2020-05-13,0,33
Kelmis,63040,2020-05-14,0,33
Kelmis,63040,2020-05-15,1,34
Kelmis,63040,2020-05-16,0,34
Kelmis,63040,2020-05-17,0,34
Kelmis,63040,2020-05-18,0,34
Kelmis,63040,2020-05-19,0,34
Kelmis,63040,2020-05-20,0,34
Kelmis,63040,2020-05-21,0,34
Kelmis,63040,2020-05-22,0,34
Kelmis,63040,2020-05-23,0,34
Kelmis,63040,2020-05-24,0,34
Kelmis,63040,2020-05-25,0,34
Kelmis,63040,2020-05-26,0,34
Kelmis,63040,2020-05-27,0,34
Kelmis,63040,2020-05-28,0,34
Kelmis,63040,2020-05-29,0,34
Kelmis,63040,2020-05-30,0,34
Kelmis,63040,2020-05-31,0,34
Kelmis,63040,2020-06-01,0,34
Kelmis,63040,2020-06-02,0,34
Kelmis,63040,2020-06-03,0,34
Kelmis,63040,2020-06-04,0,34
Kelmis,63040,2020-06-05,0,34
Kelmis,63040,2020-06-06,0,34
Kelmis,63040,2020-06-07,0,34
Kelmis,63040,2020-06-08,0,34
Kelmis,63040,2020-06-09,0,34
Kelmis,63040,2020-06-10,0,34
Kelmis,63040,2020-06-11,0,34
Kelmis,63040,2020-06-12,0,34
Kelmis,63040,2020-06-13,0,34
Kelmis,63040,2020-06-14,0,34
Kelmis,63040,2020-06-15,0,34
Kelmis,63040,2020-06-16,0,34
Kelmis,63040,2020-06-17,0,34
Kelmis,63040,2020-06-18,0,34
Kelmis,63040,2020-06-19,0,34
Kelmis,63040,2020-06-20,0,34
Kelmis,63040,2020-06-23,1,35
Kelmis,63040,2020-06-24,1,36
Kelmis,63040,2020-06-25,1,37
Kelmis,63040,2020-06-26,1,38
Kelmis,63040,2020-06-27,0,38
Kelmis,63040,2020-06-30,0,38
Kelmis,63040,2020-07-01,0,38
Kelmis,63040,2020-07-02,0,38
Kelmis,63040,2020-07-03,0,38
Kelmis,63040,2020-07-04,0,38
Kelmis,63040,2020-07-07,0,38
Kelmis,63040,2020-07-08,0,38
Kelmis,63040,2020-07-09,0,38
Kelmis,63040,2020-07-10,0,38
Kelmis,63040,2020-07-11,0,38
Kelmis,63040,2020-07-14,0,38
Kelmis,63040,2020-07-15,0,38
Kelmis,63040,2020-07-16,0,38
Kelmis,63040,2020-07-17,0,38
Kelmis,63040,2020-07-18,0,38
Kelmis,63040,2020-07-20,0,38
Kelmis,63040,2020-07-21,0,38
Kelmis,63040,2020-07-22,0,38
Kelmis,63040,2020-07-23,0,38
Kelmis,63040,2020-07-24,0,38
Kelmis,63040,2020-07-25,0,38
Kelmis,63040,2020-07-26,0,38
Kelmis,63040,2020-07-27,0,38
Kelmis,63040,2020-07-28,0,38
Kelmis,63040,2020-07-29,0,38
Kelmis,63040,2020-07-30,0,38
Kelmis,63040,2020-07-31,0,38
Kelmis,63040,2020-08-01,0,38
Kelmis,63040,2020-08-02,0,38
Kelmis,63040,2020-08-03,0,38
Kelmis,63040,2020-08-04,0,38
Kelmis,63040,2020-08-05,0,38
Kelmis,63040,2020-08-06,0,38
Kelmis,63040,2020-08-07,0,38
Kelmis,63040,2020-08-08,0,38
Kelmis,63040,2020-08-09,0,38
Kelmis,63040,2020-08-10,0,38
Kelmis,63040,2020-08-11,0,38
Kelmis,63040,2020-08-12,0,38
Kelmis,63040,2020-08-13,1,39
Kelmis,63040,2020-08-14,0,39
Kelmis,63040,2020-08-15,0,39
Kelmis,63040,2020-08-16,0,39
Kelmis,63040,2020-08-17,0,39
Kelmis,63040,2020-08-18,0,39
Kelmis,63040,2020-08-19,0,39
Kelmis,63040,2020-08-20,0,39
Kelmis,63040,2020-08-21,0,39
Kelmis,63040,2020-08-22,0,39
Kelmis,63040,2020-08-23,0,39
Kelmis,63040,2020-08-24,0,39
Kelmis,63040,2020-08-25,0,39
Kelmis,63040,2020-08-26,0,39
Kelmis,63040,2020-08-27,0,39
Kelmis,63040,2020-08-28,0,39
Kelmis,63040,2020-08-29,0,39
Kelmis,63040,2020-08-30,0,39
Kelmis,63040,2020-08-31,0,39
Kelmis,63040,2020-09-01,0,39
Kelmis,63040,2020-09-02,0,39
Kelmis,63040,2020-09-03,0,39
Kelmis,63040,2020-09-04,0,39
Kelmis,63040,2020-09-05,0,39
Kelmis,63040,2020-09-06,0,39
Kelmis,63040,2020-09-07,1,40
Kelmis,63040,2020-09-08,0,40
Kelmis,63040,2020-09-09,0,40
Kelmis,63040,2020-09-10,0,40
Kelmis,63040,2020-09-11,2,42
Kelmis,63040,2020-09-12,0,42
Kelmis,63040,2020-09-13,1,43
Kelmis,63040,2020-09-14,0,43
Kelmis,63040,2020-09-15,2,45
Kelmis,63040,2020-09-16,1,46
Kelmis,63040,2020-09-17,0,46
Kelmis,63040,2020-09-18,2,48
Kelmis,63040,2020-09-19,2,50
Kelmis,63040,2020-09-20,0,50
Kelmis,63040,2020-09-21,0,50
Kelmis,63040,2020-09-22,0,50
Kelmis,63040,2020-09-23,2,52
Kelmis,63040,2020-09-24,2,54
Kelmis,63040,2020-09-25,0,54
Kelmis,63040,2020-09-26,1,55
Kelmis,63040,2020-09-27,1,56
Kelmis,63040,2020-09-28,0,56
Kelmis,63040,2020-09-29,0,56
Kelmis,63040,2020-09-30,0,56
Kelmis,63040,2020-10-01,0,56
Kelmis,63040,2020-10-02,5,61
Kelmis,63040,2020-10-03,4,65
Kelmis,63040,2020-10-04,1,66
Kelmis,63040,2020-10-05,3,69
Kelmis,63040,2020-10-06,0,69
Kelmis,63040,2020-10-07,2,71
Kelmis,63040,2020-10-08,0,71
Kelmis,63040,2020-10-09,2,73
Kelmis,63040,2020-10-10,0,73
Kelmis,63040,2020-10-11,5,78
Kelmis,63040,2020-10-12,2,80
Kelmis,63040,2020-10-13,2,82
Kelmis,63040,2020-10-14,10,92
Kelmis,63040,2020-10-15,4,96
Kelmis,63040,2020-10-16,8,104
Kelmis,63040,2020-10-17,4,108
Kelmis,63040,2020-10-18,6,114
Kelmis,63040,2020-10-19,6,120
Kelmis,63040,2020-10-20,1,121
Kelmis,63040,2020-10-21,13,134
Kelmis,63040,2020-10-22,9,143
Kelmis,63040,2020-10-23,22,165
Kelmis,63040,2020-10-24,8,173
Kelmis,63040,2020-10-25,4,177
Kelmis,63040,2020-10-26,10,187
Kelmis,63040,2020-10-27,1,188
Kelmis,63040,2020-10-28,3,191
Kelmis,63040,2020-10-29,11,202
Kelmis,63040,2020-10-30,4,206
Kelmis,63040,2020-10-31,5,211
Kelmis,63040,2020-11-01,7,218
Kelmis,63040,2020-11-02,6,224
Kelmis,63040,2020-11-03,5,229
Kelmis,63040,2020-11-04,0,229
Kelmis,63040,2020-11-05,27,256
Kelmis,63040,2020-11-06,14,270
Kelmis,63040,2020-11-07,24,294
Kelmis,63040,2020-11-08,4,298
Kelmis,63040,2020-11-09,3,301
Kelmis,63040,2020-11-10,0,301
Kelmis,63040,2020-11-11,4,305
Lierneux,63045,2020-04-01,0,8
Lierneux,63045,2020-04-02,0,8
Lierneux,63045,2020-04-03,0,8
Lierneux,63045,2020-04-04,5,13
Lierneux,63045,2020-04-05,1,14
Lierneux,63045,2020-04-06,1,15
Lierneux,63045,2020-04-07,4,19
Lierneux,63045,2020-04-08,2,21
Lierneux,63045,2020-04-09,0,21
Lierneux,63045,2020-04-10,1,22
Lierneux,63045,2020-04-11,0,22
Lierneux,63045,2020-04-12,2,24
Lierneux,63045,2020-04-13,0,24
Lierneux,63045,2020-04-14,2,26
Lierneux,63045,2020-04-15,3,29
Lierneux,63045,2020-04-16,0,29
Lierneux,63045,2020-04-17,1,30
Lierneux,63045,2020-04-18,0,30
Lierneux,63045,2020-04-19,0,30
Lierneux,63045,2020-04-20,1,31
Lierneux,63045,2020-04-21,0,31
Lierneux,63045,2020-04-22,0,31
Lierneux,63045,2020-04-23,0,31
Lierneux,63045,2020-04-24,0,31
Lierneux,63045,2020-04-25,0,31
Lierneux,63045,2020-04-26,1,32
Lierneux,63045,2020-04-27,0,32
Lierneux,63045,2020-04-28,0,32
Lierneux,63045,2020-04-29,0,32
Lierneux,63045,2020-04-30,0,32
Lierneux,63045,2020-05-01,0,32
Lierneux,63045,2020-05-02,0,32
Lierneux,63045,2020-05-03,0,32
Lierneux,63045,2020-05-04,0,32
Lierneux,63045,2020-05-05,0,32
Lierneux,63045,2020-05-06,0,32
Lierneux,63045,2020-05-07,0,32
Lierneux,63045,2020-05-08,0,32
Lierneux,63045,2020-05-09,1,33
Lierneux,63045,2020-05-10,0,33
Lierneux,63045,2020-05-11,0,33
Lierneux,63045,2020-05-12,0,33
Lierneux,63045,2020-05-13,0,33
Lierneux,63045,2020-05-14,0,33
Lierneux,63045,2020-05-15,0,33
Lierneux,63045,2020-05-16,0,33
Lierneux,63045,2020-05-17,0,33
Lierneux,63045,2020-05-18,0,33
Lierneux,63045,2020-05-19,0,33
Lierneux,63045,2020-05-20,0,33
Lierneux,63045,2020-05-21,0,33
Lierneux,63045,2020-05-22,0,33
Lierneux,63045,2020-05-23,0,33
Lierneux,63045,2020-05-24,0,33
Lierneux,63045,2020-05-25,0,33
Lierneux,63045,2020-05-26,0,33
Lierneux,63045,2020-05-27,0,33
Lierneux,63045,2020-05-28,0,33
Lierneux,63045,2020-05-29,0,33
Lierneux,63045,2020-05-30,0,33
Lierneux,63045,2020-05-31,0,33
Lierneux,63045,2020-06-01,0,33
Lierneux,63045,2020-06-02,0,33
Lierneux,63045,2020-06-03,0,33
Lierneux,63045,2020-06-04,0,33
Lierneux,63045,2020-06-05,0,33
Lierneux,63045,2020-06-06,0,33
Lierneux,63045,2020-06-07,0,33
Lierneux,63045,2020-06-08,0,33
Lierneux,63045,2020-06-09,0,33
Lierneux,63045,2020-06-10,0,33
Lierneux,63045,2020-06-11,0,33
Lierneux,63045,2020-06-12,1,34
Lierneux,63045,2020-06-13,0,34
Lierneux,63045,2020-06-14,0,34
Lierneux,63045,2020-06-15,0,34
Lierneux,63045,2020-06-16,0,34
Lierneux,63045,2020-06-17,0,34
Lierneux,63045,2020-06-18,0,34
Lierneux,63045,2020-06-19,0,34
Lierneux,63045,2020-06-20,0,34
Lierneux,63045,2020-06-23,0,34
Lierneux,63045,2020-06-24,0,34
Lierneux,63045,2020-06-25,0,34
Lierneux,63045,2020-06-26,0,34
Lierneux,63045,2020-06-27,0,34
Lierneux,63045,2020-06-30,0,34
Lierneux,63045,2020-07-01,0,34
Lierneux,63045,2020-07-02,0,34
Lierneux,63045,2020-07-03,0,34
Lierneux,63045,2020-07-04,0,34
Lierneux,63045,2020-07-07,0,34
Lierneux,63045,2020-07-08,0,34
Lierneux,63045,2020-07-09,0,34
Lierneux,63045,2020-07-10,0,34
Lierneux,63045,2020-07-11,0,34
Lierneux,63045,2020-07-14,0,34
Lierneux,63045,2020-07-15,0,34
Lierneux,63045,2020-07-16,0,34
Lierneux,63045,2020-07-17,0,34
Lierneux,63045,2020-07-18,1,35
Lierneux,63045,2020-07-20,1,36
Lierneux,63045,2020-07-21,0,36
Lierneux,63045,2020-07-22,0,36
Lierneux,63045,2020-07-23,0,36
Lierneux,63045,2020-07-24,0,36
Lierneux,63045,2020-07-25,0,36
Lierneux,63045,2020-07-26,1,37
Lierneux,63045,2020-07-27,0,37
Lierneux,63045,2020-07-28,0,37
Lierneux,63045,2020-07-29,0,37
Lierneux,63045,2020-07-30,1,38
Lierneux,63045,2020-07-31,0,38
Lierneux,63045,2020-08-01,0,38
Lierneux,63045,2020-08-02,1,39
Lierneux,63045,2020-08-03,0,39
Lierneux,63045,2020-08-04,0,39
Lierneux,63045,2020-08-05,0,39
Lierneux,63045,2020-08-06,0,39
Lierneux,63045,2020-08-07,0,39
Lierneux,63045,2020-08-08,0,39
Lierneux,63045,2020-08-09,0,39
Lierneux,63045,2020-08-10,0,39
Lierneux,63045,2020-08-11,0,39
Lierneux,63045,2020-08-12,0,39
Lierneux,63045,2020-08-13,0,39
Lierneux,63045,2020-08-14,1,40
Lierneux,63045,2020-08-15,0,40
Lierneux,63045,2020-08-16,0,40
Lierneux,63045,2020-08-17,0,40
Lierneux,63045,2020-08-18,0,40
Lierneux,63045,2020-08-19,0,40
Lierneux,63045,2020-08-20,0,40
Lierneux,63045,2020-08-21,0,40
Lierneux,63045,2020-08-22,0,40
Lierneux,63045,2020-08-23,1,41
Lierneux,63045,2020-08-24,0,41
Lierneux,63045,2020-08-25,0,41
Lierneux,63045,2020-08-26,0,41
Lierneux,63045,2020-08-27,0,41
Lierneux,63045,2020-08-28,0,41
Lierneux,63045,2020-08-29,0,41
Lierneux,63045,2020-08-30,0,41
Lierneux,63045,2020-08-31,0,41
Lierneux,63045,2020-09-01,0,41
Lierneux,63045,2020-09-02,0,41
Lierneux,63045,2020-09-03,0,41
Lierneux,63045,2020-09-04,0,41
Lierneux,63045,2020-09-05,0,41
Lierneux,63045,2020-09-06,0,41
Lierneux,63045,2020-09-07,0,41
Lierneux,63045,2020-09-08,0,41
Lierneux,63045,2020-09-09,0,41
Lierneux,63045,2020-09-10,0,41
Lierneux,63045,2020-09-11,0,41
Lierneux,63045,2020-09-12,0,41
Lierneux,63045,2020-09-13,1,42
Lierneux,63045,2020-09-14,0,42
Lierneux,63045,2020-09-15,0,42
Lierneux,63045,2020-09-16,0,42
Lierneux,63045,2020-09-17,0,42
Lierneux,63045,2020-09-18,2,44
Lierneux,63045,2020-09-19,0,44
Lierneux,63045,2020-09-20,1,45
Lierneux,63045,2020-09-21,0,45
Lierneux,63045,2020-09-22,1,46
Lierneux,63045,2020-09-23,0,46
Lierneux,63045,2020-09-24,0,46
Lierneux,63045,2020-09-25,0,46
Lierneux,63045,2020-09-26,0,46
Lierneux,63045,2020-09-27,0,46
Lierneux,63045,2020-09-28,0,46
Lierneux,63045,2020-09-29,0,46
Lierneux,63045,2020-09-30,0,46
Lierneux,63045,2020-10-01,2,48
Lierneux,63045,2020-10-02,0,48
Lierneux,63045,2020-10-03,0,48
Lierneux,63045,2020-10-04,0,48
Lierneux,63045,2020-10-05,0,48
Lierneux,63045,2020-10-06,0,48
Lierneux,63045,2020-10-07,0,48
Lierneux,63045,2020-10-08,1,49
Lierneux,63045,2020-10-09,4,53
Lierneux,63045,2020-10-10,1,54
Lierneux,63045,2020-10-11,1,55
Lierneux,63045,2020-10-12,0,55
Lierneux,63045,2020-10-13,1,56
Lierneux,63045,2020-10-14,1,57
Lierneux,63045,2020-10-15,0,57
Lierneux,63045,2020-10-16,0,57
Lierneux,63045,2020-10-17,3,60
Lierneux,63045,2020-10-18,2,62
Lierneux,63045,2020-10-19,3,65
Lierneux,63045,2020-10-20,2,67
Lierneux,63045,2020-10-21,2,69
Lierneux,63045,2020-10-22,3,72
Lierneux,63045,2020-10-23,13,85
Lierneux,63045,2020-10-24,16,101
Lierneux,63045,2020-10-25,17,118
Lierneux,63045,2020-10-26,7,125
Lierneux,63045,2020-10-27,8,133
Lierneux,63045,2020-10-28,4,137
Lierneux,63045,2020-10-29,17,154
Lierneux,63045,2020-10-30,32,186
Lierneux,63045,2020-10-31,16,202
Lierneux,63045,2020-11-01,22,224
Lierneux,63045,2020-11-02,12,236
Lierneux,63045,2020-11-03,3,239
Lierneux,63045,2020-11-04,-1,238
Lierneux,63045,2020-11-05,12,250
Lierneux,63045,2020-11-06,8,258
Lierneux,63045,2020-11-07,13,271
Lierneux,63045,2020-11-08,2,273
Lierneux,63045,2020-11-09,6,279
Lierneux,63045,2020-11-10,0,279
Lierneux,63045,2020-11-11,2,281
Limburg,63046,2020-04-01,3,13
Limburg,63046,2020-04-02,0,13
Limburg,63046,2020-04-03,0,13
Limburg,63046,2020-04-04,0,13
Limburg,63046,2020-04-05,0,13
Limburg,63046,2020-04-06,0,13
Limburg,63046,2020-04-07,5,18
Limburg,63046,2020-04-08,0,18
Limburg,63046,2020-04-09,5,23
Limburg,63046,2020-04-10,1,24
Limburg,63046,2020-04-11,2,26
Limburg,63046,2020-04-12,0,26
Limburg,63046,2020-04-13,1,27
Limburg,63046,2020-04-14,1,28
Limburg,63046,2020-04-15,2,30
Limburg,63046,2020-04-16,0,30
Limburg,63046,2020-04-17,2,32
Limburg,63046,2020-04-18,0,32
Limburg,63046,2020-04-19,0,32
Limburg,63046,2020-04-20,0,32
Limburg,63046,2020-04-21,4,36
Limburg,63046,2020-04-22,0,36
Limburg,63046,2020-04-23,0,36
Limburg,63046,2020-04-24,0,36
Limburg,63046,2020-04-25,1,37
Limburg,63046,2020-04-26,1,38
Limburg,63046,2020-04-27,0,38
Limburg,63046,2020-04-28,2,40
Limburg,63046,2020-04-29,0,40
Limburg,63046,2020-04-30,0,40
Limburg,63046,2020-05-01,1,41
Limburg,63046,2020-05-02,0,41
Limburg,63046,2020-05-03,0,41
Limburg,63046,2020-05-04,1,42
Limburg,63046,2020-05-05,0,42
Limburg,63046,2020-05-06,0,42
Limburg,63046,2020-05-07,0,42
Limburg,63046,2020-05-08,0,42
Limburg,63046,2020-05-09,0,42
Limburg,63046,2020-05-10,1,43
Limburg,63046,2020-05-11,0,43
Limburg,63046,2020-05-12,0,43
Limburg,63046,2020-05-13,0,43
Limburg,63046,2020-05-14,1,44
Limburg,63046,2020-05-15,0,44
Limburg,63046,2020-05-16,0,44
Limburg,63046,2020-05-17,0,44
Limburg,63046,2020-05-18,0,44
Limburg,63046,2020-05-19,0,44
Limburg,63046,2020-05-20,0,44
Limburg,63046,2020-05-21,0,44
Limburg,63046,2020-05-22,0,44
Limburg,63046,2020-05-23,0,44
Limburg,63046,2020-05-24,0,44
Limburg,63046,2020-05-25,0,44
Limburg,63046,2020-05-26,0,44
Limburg,63046,2020-05-27,0,44
Limburg,63046,2020-05-28,0,44
Limburg,63046,2020-05-29,0,44
Limburg,63046,2020-05-30,0,44
Limburg,63046,2020-05-31,0,44
Limburg,63046,2020-06-01,0,44
Limburg,63046,2020-06-02,0,44
Limburg,63046,2020-06-03,0,44
Limburg,63046,2020-06-04,0,44
Limburg,63046,2020-06-05,0,44
Limburg,63046,2020-06-06,0,44
Limburg,63046,2020-06-07,0,44
Limburg,63046,2020-06-08,0,44
Limburg,63046,2020-06-09,0,44
Limburg,63046,2020-06-10,0,44
Limburg,63046,2020-06-11,0,44
Limburg,63046,2020-06-12,0,44
Limburg,63046,2020-06-13,0,44
Limburg,63046,2020-06-14,0,44
Limburg,63046,2020-06-15,0,44
Limburg,63046,2020-06-16,1,45
Limburg,63046,2020-06-17,0,45
Limburg,63046,2020-06-18,0,45
Limburg,63046,2020-06-19,0,45
Limburg,63046,2020-06-20,0,45
Limburg,63046,2020-06-23,0,45
Limburg,63046,2020-06-24,0,45
Limburg,63046,2020-06-25,2,47
Limburg,63046,2020-06-26,0,47
Limburg,63046,2020-06-27,0,47
Limburg,63046,2020-06-30,0,47
Limburg,63046,2020-07-01,0,47
Limburg,63046,2020-07-02,0,47
Limburg,63046,2020-07-03,1,48
Limburg,63046,2020-07-04,0,48
Limburg,63046,2020-07-07,0,48
Limburg,63046,2020-07-08,0,48
Limburg,63046,2020-07-09,0,48
Limburg,63046,2020-07-10,0,48
Limburg,63046,2020-07-11,0,48
Limburg,63046,2020-07-14,0,48
Limburg,63046,2020-07-15,0,48
Limburg,63046,2020-07-16,0,48
Limburg,63046,2020-07-17,0,48
Limburg,63046,2020-07-18,0,48
Limburg,63046,2020-07-20,0,48
Limburg,63046,2020-07-21,0,48
Limburg,63046,2020-07-22,0,48
Limburg,63046,2020-07-23,0,48
Limburg,63046,2020-07-24,4,52
Limburg,63046,2020-07-25,1,53
Limburg,63046,2020-07-26,0,53
Limburg,63046,2020-07-27,0,53
Limburg,63046,2020-07-28,0,53
Limburg,63046,2020-07-29,0,53
Limburg,63046,2020-07-30,0,53
Limburg,63046,2020-07-31,0,53
Limburg,63046,2020-08-01,0,53
Limburg,63046,2020-08-02,0,53
Limburg,63046,2020-08-03,0,53
Limburg,63046,2020-08-04,0,53
Limburg,63046,2020-08-05,0,53
Limburg,63046,2020-08-06,0,53
Limburg,63046,2020-08-07,0,53
Limburg,63046,2020-08-08,0,53
Limburg,63046,2020-08-09,0,53
Limburg,63046,2020-08-10,0,53
Limburg,63046,2020-08-11,0,53
Limburg,63046,2020-08-12,0,53
Limburg,63046,2020-08-13,0,53
Limburg,63046,2020-08-14,1,54
Limburg,63046,2020-08-15,0,54
Limburg,63046,2020-08-16,2,56
Limburg,63046,2020-08-17,0,56
Limburg,63046,2020-08-18,0,56
Limburg,63046,2020-08-19,0,56
Limburg,63046,2020-08-20,0,56
Limburg,63046,2020-08-21,1,57
Limburg,63046,2020-08-22,0,57
Limburg,63046,2020-08-23,0,57
Limburg,63046,2020-08-24,0,57
Limburg,63046,2020-08-25,0,57
Limburg,63046,2020-08-26,0,57
Limburg,63046,2020-08-27,0,57
Limburg,63046,2020-08-28,0,57
Limburg,63046,2020-08-29,0,57
Limburg,63046,2020-08-30,0,57
Limburg,63046,2020-08-31,0,57
Limburg,63046,2020-09-01,0,57
Limburg,63046,2020-09-02,0,57
Limburg,63046,2020-09-03,0,57
Limburg,63046,2020-09-04,0,57
Limburg,63046,2020-09-05,0,57
Limburg,63046,2020-09-06,0,57
Limburg,63046,2020-09-07,0,57
Limburg,63046,2020-09-08,0,57
Limburg,63046,2020-09-09,0,57
Limburg,63046,2020-09-10,1,58
Limburg,63046,2020-09-11,0,58
Limburg,63046,2020-09-12,1,59
Limburg,63046,2020-09-13,0,59
Limburg,63046,2020-09-14,0,59
Limburg,63046,2020-09-15,1,60
Limburg,63046,2020-09-16,0,60
Limburg,63046,2020-09-17,0,60
Limburg,63046,2020-09-18,3,63
Limburg,63046,2020-09-19,2,65
Limburg,63046,2020-09-20,0,65
Limburg,63046,2020-09-21,2,67
Limburg,63046,2020-09-22,1,68
Limburg,63046,2020-09-23,1,69
Limburg,63046,2020-09-24,2,71
Limburg,63046,2020-09-25,1,72
Limburg,63046,2020-09-26,3,75
Limburg,63046,2020-09-27,0,75
Limburg,63046,2020-09-28,1,76
Limburg,63046,2020-09-29,2,78
Limburg,63046,2020-09-30,0,78
Limburg,63046,2020-10-01,0,78
Limburg,63046,2020-10-02,4,82
Limburg,63046,2020-10-03,9,91
Limburg,63046,2020-10-04,4,95
Limburg,63046,2020-10-05,2,97
Limburg,63046,2020-10-06,1,98
Limburg,63046,2020-10-07,3,101
Limburg,63046,2020-10-08,8,109
Limburg,63046,2020-10-09,3,112
Limburg,63046,2020-10-10,5,117
Limburg,63046,2020-10-11,6,123
Limburg,63046,2020-10-12,2,125
Limburg,63046,2020-10-13,0,125
Limburg,63046,2020-10-14,29,154
Limburg,63046,2020-10-15,5,159
Limburg,63046,2020-10-16,11,170
Limburg,63046,2020-10-17,14,184
Limburg,63046,2020-10-18,6,190
Limburg,63046,2020-10-19,10,200
Limburg,63046,2020-10-20,4,204
Limburg,63046,2020-10-21,5,209
Limburg,63046,2020-10-22,11,220
Limburg,63046,2020-10-23,16,236
Limburg,63046,2020-10-24,23,259
Limburg,63046,2020-10-25,18,277
Limburg,63046,2020-10-26,31,308
Limburg,63046,2020-10-27,3,311
Limburg,63046,2020-10-28,28,339
Limburg,63046,2020-10-29,24,363
Limburg,63046,2020-10-30,11,374
Limburg,63046,2020-10-31,21,395
Limburg,63046,2020-11-01,18,413
Limburg,63046,2020-11-02,4,417
Limburg,63046,2020-11-03,22,439
Limburg,63046,2020-11-04,6,445
Limburg,63046,2020-11-05,8,453
Limburg,63046,2020-11-06,10,463
Limburg,63046,2020-11-07,15,478
Limburg,63046,2020-11-08,3,481
Limburg,63046,2020-11-09,10,491
Limburg,63046,2020-11-10,1,492
Limburg,63046,2020-11-11,1,493
Lontzen,63048,2020-04-01,0,0
Lontzen,63048,2020-04-02,0,0
Lontzen,63048,2020-04-03,0,0
Lontzen,63048,2020-04-04,0,0
Lontzen,63048,2020-04-05,0,0
Lontzen,63048,2020-04-06,0,0
Lontzen,63048,2020-04-07,0,0
Lontzen,63048,2020-04-08,0,0
Lontzen,63048,2020-04-09,0,0
Lontzen,63048,2020-04-10,0,0
Lontzen,63048,2020-04-11,0,0
Lontzen,63048,2020-04-12,0,0
Lontzen,63048,2020-04-13,0,0
Lontzen,63048,2020-04-14,0,0
Lontzen,63048,2020-04-15,0,0
Lontzen,63048,2020-04-16,0,0
Lontzen,63048,2020-04-17,0,0
Lontzen,63048,2020-04-18,0,0
Lontzen,63048,2020-04-19,0,0
Lontzen,63048,2020-04-20,0,0
Lontzen,63048,2020-04-21,0,0
Lontzen,63048,2020-04-22,0,0
Lontzen,63048,2020-04-23,0,0
Lontzen,63048,2020-04-24,0,0
Lontzen,63048,2020-04-25,0,0
Lontzen,63048,2020-04-26,0,0
Lontzen,63048,2020-04-27,0,0
Lontzen,63048,2020-04-28,5,5
Lontzen,63048,2020-04-29,0,5
Lontzen,63048,2020-04-30,0,5
Lontzen,63048,2020-05-01,1,6
Lontzen,63048,2020-05-02,0,6
Lontzen,63048,2020-05-03,0,6
Lontzen,63048,2020-05-04,0,6
Lontzen,63048,2020-05-05,0,6
Lontzen,63048,2020-05-06,0,6
Lontzen,63048,2020-05-07,0,6
Lontzen,63048,2020-05-08,0,6
Lontzen,63048,2020-05-09,0,6
Lontzen,63048,2020-05-10,0,6
Lontzen,63048,2020-05-11,1,7
Lontzen,63048,2020-05-12,0,7
Lontzen,63048,2020-05-13,0,7
Lontzen,63048,2020-05-14,0,7
Lontzen,63048,2020-05-15,0,7
Lontzen,63048,2020-05-16,0,7
Lontzen,63048,2020-05-17,0,7
Lontzen,63048,2020-05-18,0,7
Lontzen,63048,2020-05-19,0,7
Lontzen,63048,2020-05-20,0,7
Lontzen,63048,2020-05-21,0,7
Lontzen,63048,2020-05-22,1,8
Lontzen,63048,2020-05-23,0,8
Lontzen,63048,2020-05-24,0,8
Lontzen,63048,2020-05-25,0,8
Lontzen,63048,2020-05-26,0,8
Lontzen,63048,2020-05-27,0,8
Lontzen,63048,2020-05-28,0,8
Lontzen,63048,2020-05-29,0,8
Lontzen,63048,2020-05-30,0,8
Lontzen,63048,2020-05-31,0,8
Lontzen,63048,2020-06-01,0,8
Lontzen,63048,2020-06-02,0,8
Lontzen,63048,2020-06-03,0,8
Lontzen,63048,2020-06-04,1,9
Lontzen,63048,2020-06-05,0,9
Lontzen,63048,2020-06-06,0,9
Lontzen,63048,2020-06-07,0,9
Lontzen,63048,2020-06-08,0,9
Lontzen,63048,2020-06-09,0,9
Lontzen,63048,2020-06-10,0,9
Lontzen,63048,2020-06-11,0,9
Lontzen,63048,2020-06-12,0,9
Lontzen,63048,2020-06-13,0,9
Lontzen,63048,2020-06-14,0,9
Lontzen,63048,2020-06-15,0,9
Lontzen,63048,2020-06-16,0,9
Lontzen,63048,2020-06-17,0,9
Lontzen,63048,2020-06-18,0,9
Lontzen,63048,2020-06-19,0,9
Lontzen,63048,2020-06-20,0,9
Lontzen,63048,2020-06-23,0,9
Lontzen,63048,2020-06-24,0,9
Lontzen,63048,2020-06-25,0,9
Lontzen,63048,2020-06-26,0,9
Lontzen,63048,2020-06-27,0,9
Lontzen,63048,2020-06-30,0,9
Lontzen,63048,2020-07-01,0,9
Lontzen,63048,2020-07-02,0,9
Lontzen,63048,2020-07-03,0,9
Lontzen,63048,2020-07-04,0,9
Lontzen,63048,2020-07-07,0,9
Lontzen,63048,2020-07-08,0,9
Lontzen,63048,2020-07-09,0,9
Lontzen,63048,2020-07-10,0,9
Lontzen,63048,2020-07-11,0,9
Lontzen,63048,2020-07-14,0,9
Lontzen,63048,2020-07-15,1,10
Lontzen,63048,2020-07-16,0,10
Lontzen,63048,2020-07-17,0,10
Lontzen,63048,2020-07-18,0,10
Lontzen,63048,2020-07-20,0,10
Lontzen,63048,2020-07-21,0,10
Lontzen,63048,2020-07-22,0,10
Lontzen,63048,2020-07-23,2,12
Lontzen,63048,2020-07-24,0,12
Lontzen,63048,2020-07-25,0,12
Lontzen,63048,2020-07-26,0,12
Lontzen,63048,2020-07-27,0,12
Lontzen,63048,2020-07-28,0,12
Lontzen,63048,2020-07-29,0,12
Lontzen,63048,2020-07-30,0,12
Lontzen,63048,2020-07-31,0,12
Lontzen,63048,2020-08-01,0,12
Lontzen,63048,2020-08-02,0,12
Lontzen,63048,2020-08-03,0,12
Lontzen,63048,2020-08-04,0,12
Lontzen,63048,2020-08-05,0,12
Lontzen,63048,2020-08-06,0,12
Lontzen,63048,2020-08-07,0,12
Lontzen,63048,2020-08-08,0,12
Lontzen,63048,2020-08-09,0,12
Lontzen,63048,2020-08-10,1,13
Lontzen,63048,2020-08-11,0,13
Lontzen,63048,2020-08-12,0,13
Lontzen,63048,2020-08-13,0,13
Lontzen,63048,2020-08-14,0,13
Lontzen,63048,2020-08-15,0,13
Lontzen,63048,2020-08-16,0,13
Lontzen,63048,2020-08-17,0,13
Lontzen,63048,2020-08-18,0,13
Lontzen,63048,2020-08-19,0,13
Lontzen,63048,2020-08-20,0,13
Lontzen,63048,2020-08-21,0,13
Lontzen,63048,2020-08-22,0,13
Lontzen,63048,2020-08-23,0,13
Lontzen,63048,2020-08-24,0,13
Lontzen,63048,2020-08-25,0,13
Lontzen,63048,2020-08-26,0,13
Lontzen,63048,2020-08-27,0,13
Lontzen,63048,2020-08-28,0,13
Lontzen,63048,2020-08-29,0,13
Lontzen,63048,2020-08-30,0,13
Lontzen,63048,2020-08-31,0,13
Lontzen,63048,2020-09-01,0,13
Lontzen,63048,2020-09-02,0,13
Lontzen,63048,2020-09-03,0,13
Lontzen,63048,2020-09-04,0,13
Lontzen,63048,2020-09-05,0,13
Lontzen,63048,2020-09-06,1,14
Lontzen,63048,2020-09-07,0,14
Lontzen,63048,2020-09-08,0,14
Lontzen,63048,2020-09-09,0,14
Lontzen,63048,2020-09-10,0,14
Lontzen,63048,2020-09-11,0,14
Lontzen,63048,2020-09-12,0,14
Lontzen,63048,2020-09-13,0,14
Lontzen,63048,2020-09-14,0,14
Lontzen,63048,2020-09-15,0,14
Lontzen,63048,2020-09-16,0,14
Lontzen,63048,2020-09-17,0,14
Lontzen,63048,2020-09-18,2,16
Lontzen,63048,2020-09-19,4,20
Lontzen,63048,2020-09-20,0,20
Lontzen,63048,2020-09-21,0,20
Lontzen,63048,2020-09-22,0,20
Lontzen,63048,2020-09-23,3,23
Lontzen,63048,2020-09-24,0,23
Lontzen,63048,2020-09-25,0,23
Lontzen,63048,2020-09-26,1,24
Lontzen,63048,2020-09-27,0,24
Lontzen,63048,2020-09-28,0,24
Lontzen,63048,2020-09-29,0,24
Lontzen,63048,2020-09-30,1,25
Lontzen,63048,2020-10-01,0,25
Lontzen,63048,2020-10-02,1,26
Lontzen,63048,2020-10-03,2,28
Lontzen,63048,2020-10-04,2,30
Lontzen,63048,2020-10-05,2,32
Lontzen,63048,2020-10-06,0,32
Lontzen,63048,2020-10-07,1,33
Lontzen,63048,2020-10-08,2,35
Lontzen,63048,2020-10-09,2,37
Lontzen,63048,2020-10-10,1,38
Lontzen,63048,2020-10-11,1,39
Lontzen,63048,2020-10-12,2,41
Lontzen,63048,2020-10-13,3,44
Lontzen,63048,2020-10-14,9,53
Lontzen,63048,2020-10-15,8,61
Lontzen,63048,2020-10-16,8,69
Lontzen,63048,2020-10-17,6,75
Lontzen,63048,2020-10-18,11,86
Lontzen,63048,2020-10-19,4,90
Lontzen,63048,2020-10-20,4,94
Lontzen,63048,2020-10-21,11,105
Lontzen,63048,2020-10-22,5,110
Lontzen,63048,2020-10-23,9,119
Lontzen,63048,2020-10-24,6,125
Lontzen,63048,2020-10-25,9,134
Lontzen,63048,2020-10-26,19,153
Lontzen,63048,2020-10-27,3,156
Lontzen,63048,2020-10-28,12,168
Lontzen,63048,2020-10-29,9,177
Lontzen,63048,2020-10-30,0,177
Lontzen,63048,2020-10-31,8,185
Lontzen,63048,2020-11-01,10,195
Lontzen,63048,2020-11-02,2,197
Lontzen,63048,2020-11-03,13,210
Lontzen,63048,2020-11-04,0,210
Lontzen,63048,2020-11-05,6,216
Lontzen,63048,2020-11-06,11,227
Lontzen,63048,2020-11-07,28,255
Lontzen,63048,2020-11-08,0,255
Lontzen,63048,2020-11-09,5,260
Lontzen,63048,2020-11-10,0,260
Lontzen,63048,2020-11-11,2,262
Malmedy,63049,2020-04-01,1,22
Malmedy,63049,2020-04-02,0,22
Malmedy,63049,2020-04-03,6,28
Malmedy,63049,2020-04-04,9,37
Malmedy,63049,2020-04-05,0,37
Malmedy,63049,2020-04-06,0,37
Malmedy,63049,2020-04-07,3,40
Malmedy,63049,2020-04-08,7,47
Malmedy,63049,2020-04-09,13,60
Malmedy,63049,2020-04-10,0,60
Malmedy,63049,2020-04-11,1,61
Malmedy,63049,2020-04-12,2,63
Malmedy,63049,2020-04-13,0,63
Malmedy,63049,2020-04-14,4,67
Malmedy,63049,2020-04-15,4,71
Malmedy,63049,2020-04-16,1,72
Malmedy,63049,2020-04-17,7,79
Malmedy,63049,2020-04-18,0,79
Malmedy,63049,2020-04-19,0,79
Malmedy,63049,2020-04-20,10,89
Malmedy,63049,2020-04-21,4,93
Malmedy,63049,2020-04-22,14,107
Malmedy,63049,2020-04-23,0,107
Malmedy,63049,2020-04-24,13,120
Malmedy,63049,2020-04-25,9,129
Malmedy,63049,2020-04-26,0,129
Malmedy,63049,2020-04-27,11,140
Malmedy,63049,2020-04-28,4,144
Malmedy,63049,2020-04-29,0,144
Malmedy,63049,2020-04-30,0,144
Malmedy,63049,2020-05-01,4,148
Malmedy,63049,2020-05-02,0,148
Malmedy,63049,2020-05-03,2,150
Malmedy,63049,2020-05-04,0,150
Malmedy,63049,2020-05-05,1,151
Malmedy,63049,2020-05-06,1,152
Malmedy,63049,2020-05-07,1,153
Malmedy,63049,2020-05-08,0,153
Malmedy,63049,2020-05-09,1,154
Malmedy,63049,2020-05-10,2,156
Malmedy,63049,2020-05-11,3,159
Malmedy,63049,2020-05-12,0,159
Malmedy,63049,2020-05-13,0,159
Malmedy,63049,2020-05-14,1,160
Malmedy,63049,2020-05-15,3,163
Malmedy,63049,2020-05-16,0,163
Malmedy,63049,2020-05-17,2,165
Malmedy,63049,2020-05-18,0,165
Malmedy,63049,2020-05-19,0,165
Malmedy,63049,2020-05-20,0,165
Malmedy,63049,2020-05-21,0,165
Malmedy,63049,2020-05-22,0,165
Malmedy,63049,2020-05-23,0,165
Malmedy,63049,2020-05-24,0,165
Malmedy,63049,2020-05-25,1,166
Malmedy,63049,2020-05-26,0,166
Malmedy,63049,2020-05-27,0,166
Malmedy,63049,2020-05-28,0,166
Malmedy,63049,2020-05-29,0,166
Malmedy,63049,2020-05-30,0,166
Malmedy,63049,2020-05-31,0,166
Malmedy,63049,2020-06-01,0,166
Malmedy,63049,2020-06-02,0,166
Malmedy,63049,2020-06-03,1,167
Malmedy,63049,2020-06-04,0,167
Malmedy,63049,2020-06-05,1,168
Malmedy,63049,2020-06-06,0,168
Malmedy,63049,2020-06-07,0,168
Malmedy,63049,2020-06-08,0,168
Malmedy,63049,2020-06-09,0,168
Malmedy,63049,2020-06-10,1,169
Malmedy,63049,2020-06-11,0,169
Malmedy,63049,2020-06-12,0,169
Malmedy,63049,2020-06-13,1,170
Malmedy,63049,2020-06-14,0,170
Malmedy,63049,2020-06-15,0,170
Malmedy,63049,2020-06-16,0,170
Malmedy,63049,2020-06-17,0,170
Malmedy,63049,2020-06-18,0,170
Malmedy,63049,2020-06-19,0,170
Malmedy,63049,2020-06-20,0,170
Malmedy,63049,2020-06-23,1,171
Malmedy,63049,2020-06-24,0,171
Malmedy,63049,2020-06-25,2,173
Malmedy,63049,2020-06-26,0,173
Malmedy,63049,2020-06-27,0,173
Malmedy,63049,2020-06-30,1,174
Malmedy,63049,2020-07-01,0,174
Malmedy,63049,2020-07-02,0,174
Malmedy,63049,2020-07-03,0,174
Malmedy,63049,2020-07-04,0,174
Malmedy,63049,2020-07-07,0,174
Malmedy,63049,2020-07-08,0,174
Malmedy,63049,2020-07-09,0,174
Malmedy,63049,2020-07-10,0,174
Malmedy,63049,2020-07-11,0,174
Malmedy,63049,2020-07-14,0,174
Malmedy,63049,2020-07-15,0,174
Malmedy,63049,2020-07-16,0,174
Malmedy,63049,2020-07-17,0,174
Malmedy,63049,2020-07-18,0,174
Malmedy,63049,2020-07-20,1,175
Malmedy,63049,2020-07-21,0,175
Malmedy,63049,2020-07-22,0,175
Malmedy,63049,2020-07-23,0,175
Malmedy,63049,2020-07-24,0,175
Malmedy,63049,2020-07-25,0,175
Malmedy,63049,2020-07-26,0,175
Malmedy,63049,2020-07-27,0,175
Malmedy,63049,2020-07-28,0,175
Malmedy,63049,2020-07-29,0,175
Malmedy,63049,2020-07-30,0,175
Malmedy,63049,2020-07-31,0,175
Malmedy,63049,2020-08-01,0,175
Malmedy,63049,2020-08-02,0,175
Malmedy,63049,2020-08-03,0,175
Malmedy,63049,2020-08-04,0,175
Malmedy,63049,2020-08-05,0,175
Malmedy,63049,2020-08-06,0,175
Malmedy,63049,2020-08-07,0,175
Malmedy,63049,2020-08-08,0,175
Malmedy,63049,2020-08-09,0,175
Malmedy,63049,2020-08-10,1,176
Malmedy,63049,2020-08-11,0,176
Malmedy,63049,2020-08-12,0,176
Malmedy,63049,2020-08-13,0,176
Malmedy,63049,2020-08-14,0,176
Malmedy,63049,2020-08-15,5,181
Malmedy,63049,2020-08-16,0,181
Malmedy,63049,2020-08-17,1,182
Malmedy,63049,2020-08-18,0,182
Malmedy,63049,2020-08-19,0,182
Malmedy,63049,2020-08-20,0,182
Malmedy,63049,2020-08-21,1,183
Malmedy,63049,2020-08-22,0,183
Malmedy,63049,2020-08-23,0,183
Malmedy,63049,2020-08-24,0,183
Malmedy,63049,2020-08-25,1,184
Malmedy,63049,2020-08-26,0,184
Malmedy,63049,2020-08-27,0,184
Malmedy,63049,2020-08-28,0,184
Malmedy,63049,2020-08-29,0,184
Malmedy,63049,2020-08-30,0,184
Malmedy,63049,2020-08-31,0,184
Malmedy,63049,2020-09-01,0,184
Malmedy,63049,2020-09-02,0,184
Malmedy,63049,2020-09-03,1,185
Malmedy,63049,2020-09-04,0,185
Malmedy,63049,2020-09-05,1,186
Malmedy,63049,2020-09-06,4,190
Malmedy,63049,2020-09-07,0,190
Malmedy,63049,2020-09-08,0,190
Malmedy,63049,2020-09-09,0,190
Malmedy,63049,2020-09-10,0,190
Malmedy,63049,2020-09-11,0,190
Malmedy,63049,2020-09-12,3,193
Malmedy,63049,2020-09-13,0,193
Malmedy,63049,2020-09-14,0,193
Malmedy,63049,2020-09-15,0,193
Malmedy,63049,2020-09-16,0,193
Malmedy,63049,2020-09-17,0,193
Malmedy,63049,2020-09-18,4,197
Malmedy,63049,2020-09-19,1,198
Malmedy,63049,2020-09-20,0,198
Malmedy,63049,2020-09-21,2,200
Malmedy,63049,2020-09-22,1,201
Malmedy,63049,2020-09-23,0,201
Malmedy,63049,2020-09-24,1,202
Malmedy,63049,2020-09-25,0,202
Malmedy,63049,2020-09-26,0,202
Malmedy,63049,2020-09-27,0,202
Malmedy,63049,2020-09-28,7,209
Malmedy,63049,2020-09-29,0,209
Malmedy,63049,2020-09-30,1,210
Malmedy,63049,2020-10-01,0,210
Malmedy,63049,2020-10-02,3,213
Malmedy,63049,2020-10-03,5,218
Malmedy,63049,2020-10-04,2,220
Malmedy,63049,2020-10-05,7,227
Malmedy,63049,2020-10-06,1,228
Malmedy,63049,2020-10-07,4,232
Malmedy,63049,2020-10-08,4,236
Malmedy,63049,2020-10-09,7,243
Malmedy,63049,2020-10-10,8,251
Malmedy,63049,2020-10-11,13,264
Malmedy,63049,2020-10-12,14,278
Malmedy,63049,2020-10-13,4,282
Malmedy,63049,2020-10-14,18,300
Malmedy,63049,2020-10-15,27,327
Malmedy,63049,2020-10-16,18,345
Malmedy,63049,2020-10-17,23,368
Malmedy,63049,2020-10-18,31,399
Malmedy,63049,2020-10-19,18,417
Malmedy,63049,2020-10-20,2,419
Malmedy,63049,2020-10-21,16,435
Malmedy,63049,2020-10-22,32,467
Malmedy,63049,2020-10-23,39,506
Malmedy,63049,2020-10-24,27,533
Malmedy,63049,2020-10-25,40,573
Malmedy,63049,2020-10-26,35,608
Malmedy,63049,2020-10-27,7,615
Malmedy,63049,2020-10-28,23,638
Malmedy,63049,2020-10-29,22,660
Malmedy,63049,2020-10-30,80,740
Malmedy,63049,2020-10-31,61,801
Malmedy,63049,2020-11-01,48,849
Malmedy,63049,2020-11-02,35,884
Malmedy,63049,2020-11-03,1,885
Malmedy,63049,2020-11-04,21,906
Malmedy,63049,2020-11-05,35,941
Malmedy,63049,2020-11-06,43,984
Malmedy,63049,2020-11-07,21,1005
Malmedy,63049,2020-11-08,15,1020
Malmedy,63049,2020-11-09,21,1041
Malmedy,63049,2020-11-10,3,1044
Malmedy,63049,2020-11-11,4,1048
Olne,63057,2020-04-01,0,0
Olne,63057,2020-04-02,0,0
Olne,63057,2020-04-03,0,0
Olne,63057,2020-04-04,5,5
Olne,63057,2020-04-05,1,6
Olne,63057,2020-04-06,0,6
Olne,63057,2020-04-07,2,8
Olne,63057,2020-04-08,0,8
Olne,63057,2020-04-09,0,8
Olne,63057,2020-04-10,0,8
Olne,63057,2020-04-11,0,8
Olne,63057,2020-04-12,1,9
Olne,63057,2020-04-13,1,10
Olne,63057,2020-04-14,0,10
Olne,63057,2020-04-15,2,12
Olne,63057,2020-04-16,0,12
Olne,63057,2020-04-17,1,13
Olne,63057,2020-04-18,1,14
Olne,63057,2020-04-19,0,14
Olne,63057,2020-04-20,1,15
Olne,63057,2020-04-21,0,15
Olne,63057,2020-04-22,0,15
Olne,63057,2020-04-23,0,15
Olne,63057,2020-04-24,0,15
Olne,63057,2020-04-25,0,15
Olne,63057,2020-04-26,0,15
Olne,63057,2020-04-27,0,15
Olne,63057,2020-04-28,0,15
Olne,63057,2020-04-29,0,15
Olne,63057,2020-04-30,0,15
Olne,63057,2020-05-01,0,15
Olne,63057,2020-05-02,1,16
Olne,63057,2020-05-03,0,16
Olne,63057,2020-05-04,0,16
Olne,63057,2020-05-05,0,16
Olne,63057,2020-05-06,0,16
Olne,63057,2020-05-07,0,16
Olne,63057,2020-05-08,0,16
Olne,63057,2020-05-09,0,16
Olne,63057,2020-05-10,0,16
Olne,63057,2020-05-11,0,16
Olne,63057,2020-05-12,0,16
Olne,63057,2020-05-13,0,16
Olne,63057,2020-05-14,0,16
Olne,63057,2020-05-15,0,16
Olne,63057,2020-05-16,0,16
Olne,63057,2020-05-17,0,16
Olne,63057,2020-05-18,0,16
Olne,63057,2020-05-19,0,16
Olne,63057,2020-05-20,0,16
Olne,63057,2020-05-21,0,16
Olne,63057,2020-05-22,0,16
Olne,63057,2020-05-23,0,16
Olne,63057,2020-05-24,0,16
Olne,63057,2020-05-25,0,16
Olne,63057,2020-05-26,0,16
Olne,63057,2020-05-27,0,16
Olne,63057,2020-05-28,0,16
Olne,63057,2020-05-29,0,16
Olne,63057,2020-05-30,0,16
Olne,63057,2020-05-31,0,16
Olne,63057,2020-06-01,0,16
Olne,63057,2020-06-02,0,16
Olne,63057,2020-06-03,0,16
Olne,63057,2020-06-04,0,16
Olne,63057,2020-06-05,0,16
Olne,63057,2020-06-06,0,16
Olne,63057,2020-06-07,0,16
Olne,63057,2020-06-08,0,16
Olne,63057,2020-06-09,0,16
Olne,63057,2020-06-10,0,16
Olne,63057,2020-06-11,0,16
Olne,63057,2020-06-12,0,16
Olne,63057,2020-06-13,0,16
Olne,63057,2020-06-14,0,16
Olne,63057,2020-06-15,0,16
Olne,63057,2020-06-16,0,16
Olne,63057,2020-06-17,0,16
Olne,63057,2020-06-18,0,16
Olne,63057,2020-06-19,0,16
Olne,63057,2020-06-20,0,16
Olne,63057,2020-06-23,0,16
Olne,63057,2020-06-24,0,16
Olne,63057,2020-06-25,0,16
Olne,63057,2020-06-26,0,16
Olne,63057,2020-06-27,0,16
Olne,63057,2020-06-30,0,16
Olne,63057,2020-07-01,0,16
Olne,63057,2020-07-02,0,16
Olne,63057,2020-07-03,0,16
Olne,63057,2020-07-04,0,16
Olne,63057,2020-07-07,0,16
Olne,63057,2020-07-08,0,16
Olne,63057,2020-07-09,0,16
Olne,63057,2020-07-10,0,16
Olne,63057,2020-07-11,0,16
Olne,63057,2020-07-14,0,16
Olne,63057,2020-07-15,0,16
Olne,63057,2020-07-16,0,16
Olne,63057,2020-07-17,0,16
Olne,63057,2020-07-18,0,16
Olne,63057,2020-07-20,0,16
Olne,63057,2020-07-21,0,16
Olne,63057,2020-07-22,0,16
Olne,63057,2020-07-23,0,16
Olne,63057,2020-07-24,1,17
Olne,63057,2020-07-25,0,17
Olne,63057,2020-07-26,0,17
Olne,63057,2020-07-27,0,17
Olne,63057,2020-07-28,0,17
Olne,63057,2020-07-29,0,17
Olne,63057,2020-07-30,0,17
Olne,63057,2020-07-31,0,17
Olne,63057,2020-08-01,0,17
Olne,63057,2020-08-02,0,17
Olne,63057,2020-08-03,0,17
Olne,63057,2020-08-04,0,17
Olne,63057,2020-08-05,0,17
Olne,63057,2020-08-06,0,17
Olne,63057,2020-08-07,0,17
Olne,63057,2020-08-08,0,17
Olne,63057,2020-08-09,0,17
Olne,63057,2020-08-10,0,17
Olne,63057,2020-08-11,0,17
Olne,63057,2020-08-12,0,17
Olne,63057,2020-08-13,0,17
Olne,63057,2020-08-14,2,19
Olne,63057,2020-08-15,0,19
Olne,63057,2020-08-16,1,20
Olne,63057,2020-08-17,0,20
Olne,63057,2020-08-18,0,20
Olne,63057,2020-08-19,1,21
Olne,63057,2020-08-20,0,21
Olne,63057,2020-08-21,0,21
Olne,63057,2020-08-22,0,21
Olne,63057,2020-08-23,0,21
Olne,63057,2020-08-24,0,21
Olne,63057,2020-08-25,0,21
Olne,63057,2020-08-26,0,21
Olne,63057,2020-08-27,0,21
Olne,63057,2020-08-28,0,21
Olne,63057,2020-08-29,0,21
Olne,63057,2020-08-30,0,21
Olne,63057,2020-08-31,0,21
Olne,63057,2020-09-01,0,21
Olne,63057,2020-09-02,0,21
Olne,63057,2020-09-03,0,21
Olne,63057,2020-09-04,0,21
Olne,63057,2020-09-05,0,21
Olne,63057,2020-09-06,0,21
Olne,63057,2020-09-07,0,21
Olne,63057,2020-09-08,0,21
Olne,63057,2020-09-09,0,21
Olne,63057,2020-09-10,0,21
Olne,63057,2020-09-11,1,22
Olne,63057,2020-09-12,0,22
Olne,63057,2020-09-13,0,22
Olne,63057,2020-09-14,0,22
Olne,63057,2020-09-15,1,23
Olne,63057,2020-09-16,0,23
Olne,63057,2020-09-17,0,23
Olne,63057,2020-09-18,6,29
Olne,63057,2020-09-19,1,30
Olne,63057,2020-09-20,1,31
Olne,63057,2020-09-21,1,32
Olne,63057,2020-09-22,1,33
Olne,63057,2020-09-23,3,36
Olne,63057,2020-09-24,0,36
Olne,63057,2020-09-25,1,37
Olne,63057,2020-09-26,0,37
Olne,63057,2020-09-27,0,37
Olne,63057,2020-09-28,1,38
Olne,63057,2020-09-29,0,38
Olne,63057,2020-09-30,1,39
Olne,63057,2020-10-01,1,40
Olne,63057,2020-10-02,3,43
Olne,63057,2020-10-03,1,44
Olne,63057,2020-10-04,3,47
Olne,63057,2020-10-05,1,48
Olne,63057,2020-10-06,2,50
Olne,63057,2020-10-07,1,51
Olne,63057,2020-10-08,2,53
Olne,63057,2020-10-09,1,54
Olne,63057,2020-10-10,3,57
Olne,63057,2020-10-11,5,62
Olne,63057,2020-10-12,1,63
Olne,63057,2020-10-13,1,64
Olne,63057,2020-10-14,4,68
Olne,63057,2020-10-15,6,74
Olne,63057,2020-10-16,4,78
Olne,63057,2020-10-17,6,84
Olne,63057,2020-10-18,2,86
Olne,63057,2020-10-19,4,90
Olne,63057,2020-10-20,7,97
Olne,63057,2020-10-21,9,106
Olne,63057,2020-10-22,10,116
Olne,63057,2020-10-23,19,135
Olne,63057,2020-10-24,19,154
Olne,63057,2020-10-25,9,163
Olne,63057,2020-10-26,15,178
Olne,63057,2020-10-27,7,185
Olne,63057,2020-10-28,10,195
Olne,63057,2020-10-29,22,217
Olne,63057,2020-10-30,23,240
Olne,63057,2020-10-31,22,262
Olne,63057,2020-11-01,14,276
Olne,63057,2020-11-02,11,287
Olne,63057,2020-11-03,0,287
Olne,63057,2020-11-04,6,293
Olne,63057,2020-11-05,4,297
Olne,63057,2020-11-06,6,303
Olne,63057,2020-11-07,4,307
Olne,63057,2020-11-08,6,313
Olne,63057,2020-11-09,2,315
Olne,63057,2020-11-10,0,315
Olne,63057,2020-11-11,1,316
Pepinster,63058,2020-04-01,1,8
Pepinster,63058,2020-04-02,0,8
Pepinster,63058,2020-04-03,0,8
Pepinster,63058,2020-04-04,0,8
Pepinster,63058,2020-04-05,0,8
Pepinster,63058,2020-04-06,0,8
Pepinster,63058,2020-04-07,6,14
Pepinster,63058,2020-04-08,2,16
Pepinster,63058,2020-04-09,0,16
Pepinster,63058,2020-04-10,1,17
Pepinster,63058,2020-04-11,1,18
Pepinster,63058,2020-04-12,1,19
Pepinster,63058,2020-04-13,1,20
Pepinster,63058,2020-04-14,0,20
Pepinster,63058,2020-04-15,8,28
Pepinster,63058,2020-04-16,3,31
Pepinster,63058,2020-04-17,2,33
Pepinster,63058,2020-04-18,0,33
Pepinster,63058,2020-04-19,1,34
Pepinster,63058,2020-04-20,0,34
Pepinster,63058,2020-04-21,0,34
Pepinster,63058,2020-04-22,1,35
Pepinster,63058,2020-04-23,0,35
Pepinster,63058,2020-04-24,1,36
Pepinster,63058,2020-04-25,1,37
Pepinster,63058,2020-04-26,1,38
Pepinster,63058,2020-04-27,0,38
Pepinster,63058,2020-04-28,2,40
Pepinster,63058,2020-04-29,0,40
Pepinster,63058,2020-04-30,0,40
Pepinster,63058,2020-05-01,1,41
Pepinster,63058,2020-05-02,0,41
Pepinster,63058,2020-05-03,3,44
Pepinster,63058,2020-05-04,0,44
Pepinster,63058,2020-05-05,0,44
Pepinster,63058,2020-05-06,0,44
Pepinster,63058,2020-05-07,0,44
Pepinster,63058,2020-05-08,0,44
Pepinster,63058,2020-05-09,1,45
Pepinster,63058,2020-05-10,0,45
Pepinster,63058,2020-05-11,0,45
Pepinster,63058,2020-05-12,1,46
Pepinster,63058,2020-05-13,0,46
Pepinster,63058,2020-05-14,0,46
Pepinster,63058,2020-05-15,0,46
Pepinster,63058,2020-05-16,0,46
Pepinster,63058,2020-05-17,0,46
Pepinster,63058,2020-05-18,0,46
Pepinster,63058,2020-05-19,0,46
Pepinster,63058,2020-05-20,0,46
Pepinster,63058,2020-05-21,0,46
Pepinster,63058,2020-05-22,0,46
Pepinster,63058,2020-05-23,1,47
Pepinster,63058,2020-05-24,0,47
Pepinster,63058,2020-05-25,0,47
Pepinster,63058,2020-05-26,0,47
Pepinster,63058,2020-05-27,0,47
Pepinster,63058,2020-05-28,0,47
Pepinster,63058,2020-05-29,0,47
Pepinster,63058,2020-05-30,0,47
Pepinster,63058,2020-05-31,0,47
Pepinster,63058,2020-06-01,0,47
Pepinster,63058,2020-06-02,0,47
Pepinster,63058,2020-06-03,0,47
Pepinster,63058,2020-06-04,0,47
Pepinster,63058,2020-06-05,0,47
Pepinster,63058,2020-06-06,0,47
Pepinster,63058,2020-06-07,0,47
Pepinster,63058,2020-06-08,0,47
Pepinster,63058,2020-06-09,0,47
Pepinster,63058,2020-06-10,1,48
Pepinster,63058,2020-06-11,0,48
Pepinster,63058,2020-06-12,0,48
Pepinster,63058,2020-06-13,0,48
Pepinster,63058,2020-06-14,-1,47
Pepinster,63058,2020-06-15,0,47
Pepinster,63058,2020-06-16,0,47
Pepinster,63058,2020-06-17,0,47
Pepinster,63058,2020-06-18,0,47
Pepinster,63058,2020-06-19,0,47
Pepinster,63058,2020-06-20,0,47
Pepinster,63058,2020-06-23,0,47
Pepinster,63058,2020-06-24,0,47
Pepinster,63058,2020-06-25,2,49
Pepinster,63058,2020-06-26,0,49
Pepinster,63058,2020-06-27,0,49
Pepinster,63058,2020-06-30,0,49
Pepinster,63058,2020-07-01,0,49
Pepinster,63058,2020-07-02,0,49
Pepinster,63058,2020-07-03,0,49
Pepinster,63058,2020-07-04,0,49
Pepinster,63058,2020-07-07,0,49
Pepinster,63058,2020-07-08,0,49
Pepinster,63058,2020-07-09,0,49
Pepinster,63058,2020-07-10,0,49
Pepinster,63058,2020-07-11,0,49
Pepinster,63058,2020-07-14,0,49
Pepinster,63058,2020-07-15,0,49
Pepinster,63058,2020-07-16,1,50
Pepinster,63058,2020-07-17,0,50
Pepinster,63058,2020-07-18,0,50
Pepinster,63058,2020-07-20,0,50
Pepinster,63058,2020-07-21,0,50
Pepinster,63058,2020-07-22,0,50
Pepinster,63058,2020-07-23,0,50
Pepinster,63058,2020-07-24,0,50
Pepinster,63058,2020-07-25,0,50
Pepinster,63058,2020-07-26,0,50
Pepinster,63058,2020-07-27,0,50
Pepinster,63058,2020-07-28,0,50
Pepinster,63058,2020-07-29,0,50
Pepinster,63058,2020-07-30,0,50
Pepinster,63058,2020-07-31,0,50
Pepinster,63058,2020-08-01,1,51
Pepinster,63058,2020-08-02,0,51
Pepinster,63058,2020-08-03,0,51
Pepinster,63058,2020-08-04,0,51
Pepinster,63058,2020-08-05,0,51
Pepinster,63058,2020-08-06,0,51
Pepinster,63058,2020-08-07,0,51
Pepinster,63058,2020-08-08,0,51
Pepinster,63058,2020-08-09,0,51
Pepinster,63058,2020-08-10,0,51
Pepinster,63058,2020-08-11,0,51
Pepinster,63058,2020-08-12,1,52
Pepinster,63058,2020-08-13,0,52
Pepinster,63058,2020-08-14,0,52
Pepinster,63058,2020-08-15,0,52
Pepinster,63058,2020-08-16,2,54
Pepinster,63058,2020-08-17,0,54
Pepinster,63058,2020-08-18,0,54
Pepinster,63058,2020-08-19,0,54
Pepinster,63058,2020-08-20,0,54
Pepinster,63058,2020-08-21,0,54
Pepinster,63058,2020-08-22,0,54
Pepinster,63058,2020-08-23,1,55
Pepinster,63058,2020-08-24,0,55
Pepinster,63058,2020-08-25,0,55
Pepinster,63058,2020-08-26,2,57
Pepinster,63058,2020-08-27,0,57
Pepinster,63058,2020-08-28,1,58
Pepinster,63058,2020-08-29,0,58
Pepinster,63058,2020-08-30,3,61
Pepinster,63058,2020-08-31,0,61
Pepinster,63058,2020-09-01,0,61
Pepinster,63058,2020-09-02,0,61
Pepinster,63058,2020-09-03,0,61
Pepinster,63058,2020-09-04,1,62
Pepinster,63058,2020-09-05,0,62
Pepinster,63058,2020-09-06,1,63
Pepinster,63058,2020-09-07,2,65
Pepinster,63058,2020-09-08,0,65
Pepinster,63058,2020-09-09,0,65
Pepinster,63058,2020-09-10,4,69
Pepinster,63058,2020-09-11,1,70
Pepinster,63058,2020-09-12,1,71
Pepinster,63058,2020-09-13,0,71
Pepinster,63058,2020-09-14,0,71
Pepinster,63058,2020-09-15,0,71
Pepinster,63058,2020-09-16,0,71
Pepinster,63058,2020-09-17,1,72
Pepinster,63058,2020-09-18,9,81
Pepinster,63058,2020-09-19,5,86
Pepinster,63058,2020-09-20,0,86
Pepinster,63058,2020-09-21,1,87
Pepinster,63058,2020-09-22,1,88
Pepinster,63058,2020-09-23,5,93
Pepinster,63058,2020-09-24,0,93
Pepinster,63058,2020-09-25,6,99
Pepinster,63058,2020-09-26,4,103
Pepinster,63058,2020-09-27,3,106
Pepinster,63058,2020-09-28,0,106
Pepinster,63058,2020-09-29,1,107
Pepinster,63058,2020-09-30,1,108
Pepinster,63058,2020-10-01,5,113
Pepinster,63058,2020-10-02,1,114
Pepinster,63058,2020-10-03,7,121
Pepinster,63058,2020-10-04,4,125
Pepinster,63058,2020-10-05,7,132
Pepinster,63058,2020-10-06,2,134
Pepinster,63058,2020-10-07,3,137
Pepinster,63058,2020-10-08,13,150
Pepinster,63058,2020-10-09,7,157
Pepinster,63058,2020-10-10,9,166
Pepinster,63058,2020-10-11,7,173
Pepinster,63058,2020-10-12,9,182
Pepinster,63058,2020-10-13,4,186
Pepinster,63058,2020-10-14,33,219
Pepinster,63058,2020-10-15,21,240
Pepinster,63058,2020-10-16,21,261
Pepinster,63058,2020-10-17,16,277
Pepinster,63058,2020-10-18,12,289
Pepinster,63058,2020-10-19,36,325
Pepinster,63058,2020-10-20,14,339
Pepinster,63058,2020-10-21,19,358
Pepinster,63058,2020-10-22,25,383
Pepinster,63058,2020-10-23,48,431
Pepinster,63058,2020-10-24,38,469
Pepinster,63058,2020-10-25,31,500
Pepinster,63058,2020-10-26,62,562
Pepinster,63058,2020-10-27,17,579
Pepinster,63058,2020-10-28,40,619
Pepinster,63058,2020-10-29,44,663
Pepinster,63058,2020-10-30,61,724
Pepinster,63058,2020-10-31,46,770
Pepinster,63058,2020-11-01,46,816
Pepinster,63058,2020-11-02,20,836
Pepinster,63058,2020-11-03,1,837
Pepinster,63058,2020-11-04,19,856
Pepinster,63058,2020-11-05,10,866
Pepinster,63058,2020-11-06,29,895
Pepinster,63058,2020-11-07,15,910
Pepinster,63058,2020-11-08,4,914
Pepinster,63058,2020-11-09,12,926
Pepinster,63058,2020-11-10,1,927
Pepinster,63058,2020-11-11,4,931
Raeren,63061,2020-04-01,7,7
Raeren,63061,2020-04-02,0,7
Raeren,63061,2020-04-03,0,7
Raeren,63061,2020-04-04,3,10
Raeren,63061,2020-04-05,0,10
Raeren,63061,2020-04-06,0,10
Raeren,63061,2020-04-07,0,10
Raeren,63061,2020-04-08,0,10
Raeren,63061,2020-04-09,0,10
Raeren,63061,2020-04-10,1,11
Raeren,63061,2020-04-11,1,12
Raeren,63061,2020-04-12,2,14
Raeren,63061,2020-04-13,0,14
Raeren,63061,2020-04-14,0,14
Raeren,63061,2020-04-15,0,14
Raeren,63061,2020-04-16,0,14
Raeren,63061,2020-04-17,0,14
Raeren,63061,2020-04-18,0,14
Raeren,63061,2020-04-19,0,14
Raeren,63061,2020-04-20,0,14
Raeren,63061,2020-04-21,0,14
Raeren,63061,2020-04-22,0,14
Raeren,63061,2020-04-23,0,14
Raeren,63061,2020-04-24,0,14
Raeren,63061,2020-04-25,3,17
Raeren,63061,2020-04-26,0,17
Raeren,63061,2020-04-27,0,17
Raeren,63061,2020-04-28,1,18
Raeren,63061,2020-04-29,0,18
Raeren,63061,2020-04-30,1,19
Raeren,63061,2020-05-01,0,19
Raeren,63061,2020-05-02,0,19
Raeren,63061,2020-05-03,0,19
Raeren,63061,2020-05-04,0,19
Raeren,63061,2020-05-05,0,19
Raeren,63061,2020-05-06,0,19
Raeren,63061,2020-05-07,0,19
Raeren,63061,2020-05-08,0,19
Raeren,63061,2020-05-09,0,19
Raeren,63061,2020-05-10,0,19
Raeren,63061,2020-05-11,0,19
Raeren,63061,2020-05-12,1,20
Raeren,63061,2020-05-13,0,20
Raeren,63061,2020-05-14,0,20
Raeren,63061,2020-05-15,1,21
Raeren,63061,2020-05-16,0,21
Raeren,63061,2020-05-17,0,21
Raeren,63061,2020-05-18,0,21
Raeren,63061,2020-05-19,0,21
Raeren,63061,2020-05-20,0,21
Raeren,63061,2020-05-21,0,21
Raeren,63061,2020-05-22,0,21
Raeren,63061,2020-05-23,0,21
Raeren,63061,2020-05-24,0,21
Raeren,63061,2020-05-25,0,21
Raeren,63061,2020-05-26,0,21
Raeren,63061,2020-05-27,0,21
Raeren,63061,2020-05-28,0,21
Raeren,63061,2020-05-29,0,21
Raeren,63061,2020-05-30,0,21
Raeren,63061,2020-05-31,0,21
Raeren,63061,2020-06-01,0,21
Raeren,63061,2020-06-02,0,21
Raeren,63061,2020-06-03,0,21
Raeren,63061,2020-06-04,0,21
Raeren,63061,2020-06-05,0,21
Raeren,63061,2020-06-06,0,21
Raeren,63061,2020-06-07,0,21
Raeren,63061,2020-06-08,0,21
Raeren,63061,2020-06-09,0,21
Raeren,63061,2020-06-10,0,21
Raeren,63061,2020-06-11,0,21
Raeren,63061,2020-06-12,0,21
Raeren,63061,2020-06-13,0,21
Raeren,63061,2020-06-14,0,21
Raeren,63061,2020-06-15,0,21
Raeren,63061,2020-06-16,0,21
Raeren,63061,2020-06-17,0,21
Raeren,63061,2020-06-18,0,21
Raeren,63061,2020-06-19,0,21
Raeren,63061,2020-06-20,0,21
Raeren,63061,2020-06-23,0,21
Raeren,63061,2020-06-24,0,21
Raeren,63061,2020-06-25,0,21
Raeren,63061,2020-06-26,0,21
Raeren,63061,2020-06-27,0,21
Raeren,63061,2020-06-30,0,21
Raeren,63061,2020-07-01,0,21
Raeren,63061,2020-07-02,0,21
Raeren,63061,2020-07-03,0,21
Raeren,63061,2020-07-04,0,21
Raeren,63061,2020-07-07,0,21
Raeren,63061,2020-07-08,0,21
Raeren,63061,2020-07-09,0,21
Raeren,63061,2020-07-10,0,21
Raeren,63061,2020-07-11,0,21
Raeren,63061,2020-07-14,0,21
Raeren,63061,2020-07-15,0,21
Raeren,63061,2020-07-16,0,21
Raeren,63061,2020-07-17,0,21
Raeren,63061,2020-07-18,0,21
Raeren,63061,2020-07-20,0,21
Raeren,63061,2020-07-21,0,21
Raeren,63061,2020-07-22,0,21
Raeren,63061,2020-07-23,0,21
Raeren,63061,2020-07-24,0,21
Raeren,63061,2020-07-25,0,21
Raeren,63061,2020-07-26,0,21
Raeren,63061,2020-07-27,0,21
Raeren,63061,2020-07-28,0,21
Raeren,63061,2020-07-29,0,21
Raeren,63061,2020-07-30,0,21
Raeren,63061,2020-07-31,0,21
Raeren,63061,2020-08-01,0,21
Raeren,63061,2020-08-02,0,21
Raeren,63061,2020-08-03,0,21
Raeren,63061,2020-08-04,0,21
Raeren,63061,2020-08-05,0,21
Raeren,63061,2020-08-06,0,21
Raeren,63061,2020-08-07,0,21
Raeren,63061,2020-08-08,1,22
Raeren,63061,2020-08-09,0,22
Raeren,63061,2020-08-10,0,22
Raeren,63061,2020-08-11,0,22
Raeren,63061,2020-08-12,0,22
Raeren,63061,2020-08-13,0,22
Raeren,63061,2020-08-14,0,22
Raeren,63061,2020-08-15,0,22
Raeren,63061,2020-08-16,0,22
Raeren,63061,2020-08-17,0,22
Raeren,63061,2020-08-18,0,22
Raeren,63061,2020-08-19,0,22
Raeren,63061,2020-08-20,2,24
Raeren,63061,2020-08-21,0,24
Raeren,63061,2020-08-22,0,24
Raeren,63061,2020-08-23,0,24
Raeren,63061,2020-08-24,0,24
Raeren,63061,2020-08-25,0,24
Raeren,63061,2020-08-26,0,24
Raeren,63061,2020-08-27,0,24
Raeren,63061,2020-08-28,0,24
Raeren,63061,2020-08-29,0,24
Raeren,63061,2020-08-30,0,24
Raeren,63061,2020-08-31,0,24
Raeren,63061,2020-09-01,0,24
Raeren,63061,2020-09-02,0,24
Raeren,63061,2020-09-03,0,24
Raeren,63061,2020-09-04,0,24
Raeren,63061,2020-09-05,0,24
Raeren,63061,2020-09-06,0,24
Raeren,63061,2020-09-07,0,24
Raeren,63061,2020-09-08,0,24
Raeren,63061,2020-09-09,0,24
Raeren,63061,2020-09-10,0,24
Raeren,63061,2020-09-11,0,24
Raeren,63061,2020-09-12,0,24
Raeren,63061,2020-09-13,0,24
Raeren,63061,2020-09-14,0,24
Raeren,63061,2020-09-15,0,24
Raeren,63061,2020-09-16,0,24
Raeren,63061,2020-09-17,0,24
Raeren,63061,2020-09-18,0,24
Raeren,63061,2020-09-19,0,24
Raeren,63061,2020-09-20,0,24
Raeren,63061,2020-09-21,0,24
Raeren,63061,2020-09-22,0,24
Raeren,63061,2020-09-23,0,24
Raeren,63061,2020-09-24,0,24
Raeren,63061,2020-09-25,0,24
Raeren,63061,2020-09-26,0,24
Raeren,63061,2020-09-27,1,25
Raeren,63061,2020-09-28,0,25
Raeren,63061,2020-09-29,0,25
Raeren,63061,2020-09-30,0,25
Raeren,63061,2020-10-01,0,25
Raeren,63061,2020-10-02,0,25
Raeren,63061,2020-10-03,1,26
Raeren,63061,2020-10-04,0,26
Raeren,63061,2020-10-05,1,27
Raeren,63061,2020-10-06,0,27
Raeren,63061,2020-10-07,1,28
Raeren,63061,2020-10-08,0,28
Raeren,63061,2020-10-09,1,29
Raeren,63061,2020-10-10,0,29
Raeren,63061,2020-10-11,1,30
Raeren,63061,2020-10-12,0,30
Raeren,63061,2020-10-13,1,31
Raeren,63061,2020-10-14,5,36
Raeren,63061,2020-10-15,1,37
Raeren,63061,2020-10-16,0,37
Raeren,63061,2020-10-17,2,39
Raeren,63061,2020-10-18,5,44
Raeren,63061,2020-10-19,0,44
Raeren,63061,2020-10-20,3,47
Raeren,63061,2020-10-21,3,50
Raeren,63061,2020-10-22,3,53
Raeren,63061,2020-10-23,2,55
Raeren,63061,2020-10-24,12,67
Raeren,63061,2020-10-25,7,74
Raeren,63061,2020-10-26,7,81
Raeren,63061,2020-10-27,0,81
Raeren,63061,2020-10-28,4,85
Raeren,63061,2020-10-29,5,90
Raeren,63061,2020-10-30,3,93
Raeren,63061,2020-10-31,2,95
Raeren,63061,2020-11-01,1,96
Raeren,63061,2020-11-02,0,96
Raeren,63061,2020-11-03,17,113
Raeren,63061,2020-11-04,1,114
Raeren,63061,2020-11-05,16,130
Raeren,63061,2020-11-06,7,137
Raeren,63061,2020-11-07,17,154
Raeren,63061,2020-11-08,1,155
Raeren,63061,2020-11-09,5,160
Raeren,63061,2020-11-10,0,160
Raeren,63061,2020-11-11,10,170
Sankt Vith,63067,2020-04-01,0,11
Sankt Vith,63067,2020-04-02,0,11
Sankt Vith,63067,2020-04-03,1,12
Sankt Vith,63067,2020-04-04,2,14
Sankt Vith,63067,2020-04-05,0,14
Sankt Vith,63067,2020-04-06,0,14
Sankt Vith,63067,2020-04-07,2,16
Sankt Vith,63067,2020-04-08,0,16
Sankt Vith,63067,2020-04-09,0,16
Sankt Vith,63067,2020-04-10,4,20
Sankt Vith,63067,2020-04-11,5,25
Sankt Vith,63067,2020-04-12,0,25
Sankt Vith,63067,2020-04-13,1,26
Sankt Vith,63067,2020-04-14,0,26
Sankt Vith,63067,2020-04-15,2,28
Sankt Vith,63067,2020-04-16,0,28
Sankt Vith,63067,2020-04-17,0,28
Sankt Vith,63067,2020-04-18,0,28
Sankt Vith,63067,2020-04-19,0,28
Sankt Vith,63067,2020-04-20,0,28
Sankt Vith,63067,2020-04-21,0,28
Sankt Vith,63067,2020-04-22,0,28
Sankt Vith,63067,2020-04-23,0,28
Sankt Vith,63067,2020-04-24,0,28
Sankt Vith,63067,2020-04-25,1,29
Sankt Vith,63067,2020-04-26,1,30
Sankt Vith,63067,2020-04-27,1,31
Sankt Vith,63067,2020-04-28,0,31
Sankt Vith,63067,2020-04-29,0,31
Sankt Vith,63067,2020-04-30,1,32
Sankt Vith,63067,2020-05-01,0,32
Sankt Vith,63067,2020-05-02,1,33
Sankt Vith,63067,2020-05-03,1,34
Sankt Vith,63067,2020-05-04,0,34
Sankt Vith,63067,2020-05-05,0,34
Sankt Vith,63067,2020-05-06,0,34
Sankt Vith,63067,2020-05-07,0,34
Sankt Vith,63067,2020-05-08,3,37
Sankt Vith,63067,2020-05-09,0,37
Sankt Vith,63067,2020-05-10,0,37
Sankt Vith,63067,2020-05-11,0,37
Sankt Vith,63067,2020-05-12,0,37
Sankt Vith,63067,2020-05-13,1,38
Sankt Vith,63067,2020-05-14,0,38
Sankt Vith,63067,2020-05-15,0,38
Sankt Vith,63067,2020-05-16,1,39
Sankt Vith,63067,2020-05-17,0,39
Sankt Vith,63067,2020-05-18,0,39
Sankt Vith,63067,2020-05-19,0,39
Sankt Vith,63067,2020-05-20,3,42
Sankt Vith,63067,2020-05-21,1,43
Sankt Vith,63067,2020-05-22,0,43
Sankt Vith,63067,2020-05-23,0,43
Sankt Vith,63067,2020-05-24,0,43
Sankt Vith,63067,2020-05-25,0,43
Sankt Vith,63067,2020-05-26,0,43
Sankt Vith,63067,2020-05-27,0,43
Sankt Vith,63067,2020-05-28,0,43
Sankt Vith,63067,2020-05-29,0,43
Sankt Vith,63067,2020-05-30,0,43
Sankt Vith,63067,2020-05-31,1,44
Sankt Vith,63067,2020-06-01,0,44
Sankt Vith,63067,2020-06-02,0,44
Sankt Vith,63067,2020-06-03,0,44
Sankt Vith,63067,2020-06-04,1,45
Sankt Vith,63067,2020-06-05,0,45
Sankt Vith,63067,2020-06-06,0,45
Sankt Vith,63067,2020-06-07,0,45
Sankt Vith,63067,2020-06-08,0,45
Sankt Vith,63067,2020-06-09,1,46
Sankt Vith,63067,2020-06-10,0,46
Sankt Vith,63067,2020-06-11,0,46
Sankt Vith,63067,2020-06-12,0,46
Sankt Vith,63067,2020-06-13,0,46
Sankt Vith,63067,2020-06-14,0,46
Sankt Vith,63067,2020-06-15,0,46
Sankt Vith,63067,2020-06-16,0,46
Sankt Vith,63067,2020-06-17,0,46
Sankt Vith,63067,2020-06-18,0,46
Sankt Vith,63067,2020-06-19,0,46
Sankt Vith,63067,2020-06-20,0,46
Sankt Vith,63067,2020-06-23,0,46
Sankt Vith,63067,2020-06-24,0,46
Sankt Vith,63067,2020-06-25,0,46
Sankt Vith,63067,2020-06-26,0,46
Sankt Vith,63067,2020-06-27,0,46
Sankt Vith,63067,2020-06-30,0,46
Sankt Vith,63067,2020-07-01,0,46
Sankt Vith,63067,2020-07-02,0,46
Sankt Vith,63067,2020-07-03,0,46
Sankt Vith,63067,2020-07-04,0,46
Sankt Vith,63067,2020-07-07,0,46
Sankt Vith,63067,2020-07-08,0,46
Sankt Vith,63067,2020-07-09,0,46
Sankt Vith,63067,2020-07-10,0,46
Sankt Vith,63067,2020-07-11,0,46
Sankt Vith,63067,2020-07-14,0,46
Sankt Vith,63067,2020-07-15,0,46
Sankt Vith,63067,2020-07-16,0,46
Sankt Vith,63067,2020-07-17,0,46
Sankt Vith,63067,2020-07-18,0,46
Sankt Vith,63067,2020-07-20,0,46
Sankt Vith,63067,2020-07-21,0,46
Sankt Vith,63067,2020-07-22,0,46
Sankt Vith,63067,2020-07-23,0,46
Sankt Vith,63067,2020-07-24,0,46
Sankt Vith,63067,2020-07-25,0,46
Sankt Vith,63067,2020-07-26,0,46
Sankt Vith,63067,2020-07-27,0,46
Sankt Vith,63067,2020-07-28,0,46
Sankt Vith,63067,2020-07-29,0,46
Sankt Vith,63067,2020-07-30,0,46
Sankt Vith,63067,2020-07-31,0,46
Sankt Vith,63067,2020-08-01,0,46
Sankt Vith,63067,2020-08-02,0,46
Sankt Vith,63067,2020-08-03,0,46
Sankt Vith,63067,2020-08-04,0,46
Sankt Vith,63067,2020-08-05,0,46
Sankt Vith,63067,2020-08-06,0,46
Sankt Vith,63067,2020-08-07,0,46
Sankt Vith,63067,2020-08-08,0,46
Sankt Vith,63067,2020-08-09,0,46
Sankt Vith,63067,2020-08-10,0,46
Sankt Vith,63067,2020-08-11,0,46
Sankt Vith,63067,2020-08-12,0,46
Sankt Vith,63067,2020-08-13,0,46
Sankt Vith,63067,2020-08-14,0,46
Sankt Vith,63067,2020-08-15,0,46
Sankt Vith,63067,2020-08-16,0,46
Sankt Vith,63067,2020-08-17,0,46
Sankt Vith,63067,2020-08-18,0,46
Sankt Vith,63067,2020-08-19,0,46
Sankt Vith,63067,2020-08-20,0,46
Sankt Vith,63067,2020-08-21,0,46
Sankt Vith,63067,2020-08-22,0,46
Sankt Vith,63067,2020-08-23,0,46
Sankt Vith,63067,2020-08-24,0,46
Sankt Vith,63067,2020-08-25,0,46
Sankt Vith,63067,2020-08-26,0,46
Sankt Vith,63067,2020-08-27,0,46
Sankt Vith,63067,2020-08-28,0,46
Sankt Vith,63067,2020-08-29,0,46
Sankt Vith,63067,2020-08-30,0,46
Sankt Vith,63067,2020-08-31,0,46
Sankt Vith,63067,2020-09-01,0,46
Sankt Vith,63067,2020-09-02,0,46
Sankt Vith,63067,2020-09-03,0,46
Sankt Vith,63067,2020-09-04,0,46
Sankt Vith,63067,2020-09-05,0,46
Sankt Vith,63067,2020-09-06,0,46
Sankt Vith,63067,2020-09-07,0,46
Sankt Vith,63067,2020-09-08,0,46
Sankt Vith,63067,2020-09-09,0,46
Sankt Vith,63067,2020-09-10,0,46
Sankt Vith,63067,2020-09-11,0,46
Sankt Vith,63067,2020-09-12,0,46
Sankt Vith,63067,2020-09-13,0,46
Sankt Vith,63067,2020-09-14,0,46
Sankt Vith,63067,2020-09-15,0,46
Sankt Vith,63067,2020-09-16,0,46
Sankt Vith,63067,2020-09-17,0,46
Sankt Vith,63067,2020-09-18,0,46
Sankt Vith,63067,2020-09-19,0,46
Sankt Vith,63067,2020-09-20,0,46
Sankt Vith,63067,2020-09-21,0,46
Sankt Vith,63067,2020-09-22,0,46
Sankt Vith,63067,2020-09-23,0,46
Sankt Vith,63067,2020-09-24,0,46
Sankt Vith,63067,2020-09-25,0,46
Sankt Vith,63067,2020-09-26,0,46
Sankt Vith,63067,2020-09-27,0,46
Sankt Vith,63067,2020-09-28,0,46
Sankt Vith,63067,2020-09-29,0,46
Sankt Vith,63067,2020-09-30,0,46
Sankt Vith,63067,2020-10-01,0,46
Sankt Vith,63067,2020-10-02,1,47
Sankt Vith,63067,2020-10-03,3,50
Sankt Vith,63067,2020-10-04,0,50
Sankt Vith,63067,2020-10-05,1,51
Sankt Vith,63067,2020-10-06,1,52
Sankt Vith,63067,2020-10-07,0,52
Sankt Vith,63067,2020-10-08,0,52
Sankt Vith,63067,2020-10-09,2,54
Sankt Vith,63067,2020-10-10,3,57
Sankt Vith,63067,2020-10-11,8,65
Sankt Vith,63067,2020-10-12,2,67
Sankt Vith,63067,2020-10-13,2,69
Sankt Vith,63067,2020-10-14,91,160
Sankt Vith,63067,2020-10-15,5,165
Sankt Vith,63067,2020-10-16,20,185
Sankt Vith,63067,2020-10-17,10,195
Sankt Vith,63067,2020-10-18,9,204
Sankt Vith,63067,2020-10-19,11,215
Sankt Vith,63067,2020-10-20,8,223
Sankt Vith,63067,2020-10-21,8,231
Sankt Vith,63067,2020-10-22,11,242
Sankt Vith,63067,2020-10-23,16,258
Sankt Vith,63067,2020-10-24,37,295
Sankt Vith,63067,2020-10-25,29,324
Sankt Vith,63067,2020-10-26,6,330
Sankt Vith,63067,2020-10-27,8,338
Sankt Vith,63067,2020-10-28,6,344
Sankt Vith,63067,2020-10-29,23,367
Sankt Vith,63067,2020-10-30,33,400
Sankt Vith,63067,2020-10-31,23,423
Sankt Vith,63067,2020-11-01,8,431
Sankt Vith,63067,2020-11-02,20,451
Sankt Vith,63067,2020-11-03,5,456
Sankt Vith,63067,2020-11-04,-66,390
Sankt Vith,63067,2020-11-05,87,477
Sankt Vith,63067,2020-11-06,18,495
Sankt Vith,63067,2020-11-07,13,508
Sankt Vith,63067,2020-11-08,0,508
Sankt Vith,63067,2020-11-09,10,518
Sankt Vith,63067,2020-11-10,7,525
Sankt Vith,63067,2020-11-11,0,525
Spa,63072,2020-04-01,2,8
Spa,63072,2020-04-02,0,8
Spa,63072,2020-04-03,0,8
Spa,63072,2020-04-04,1,9
Spa,63072,2020-04-05,3,12
Spa,63072,2020-04-06,0,12
Spa,63072,2020-04-07,9,21
Spa,63072,2020-04-08,1,22
Spa,63072,2020-04-09,4,26
Spa,63072,2020-04-10,2,28
Spa,63072,2020-04-11,3,31
Spa,63072,2020-04-12,3,34
Spa,63072,2020-04-13,1,35
Spa,63072,2020-04-14,2,37
Spa,63072,2020-04-15,2,39
Spa,63072,2020-04-16,3,42
Spa,63072,2020-04-17,6,48
Spa,63072,2020-04-18,1,49
Spa,63072,2020-04-19,5,54
Spa,63072,2020-04-20,44,98
Spa,63072,2020-04-21,1,99
Spa,63072,2020-04-22,0,99
Spa,63072,2020-04-23,0,99
Spa,63072,2020-04-24,3,102
Spa,63072,2020-04-25,1,103
Spa,63072,2020-04-26,5,108
Spa,63072,2020-04-27,5,113
Spa,63072,2020-04-28,2,115
Spa,63072,2020-04-29,1,116
Spa,63072,2020-04-30,1,117
Spa,63072,2020-05-01,1,118
Spa,63072,2020-05-02,-1,117
Spa,63072,2020-05-03,0,117
Spa,63072,2020-05-04,0,117
Spa,63072,2020-05-05,1,118
Spa,63072,2020-05-06,0,118
Spa,63072,2020-05-07,0,118
Spa,63072,2020-05-08,2,120
Spa,63072,2020-05-09,1,121
Spa,63072,2020-05-10,0,121
Spa,63072,2020-05-11,0,121
Spa,63072,2020-05-12,0,121
Spa,63072,2020-05-13,1,122
Spa,63072,2020-05-14,0,122
Spa,63072,2020-05-15,0,122
Spa,63072,2020-05-16,0,122
Spa,63072,2020-05-17,0,122
Spa,63072,2020-05-18,0,122
Spa,63072,2020-05-19,0,122
Spa,63072,2020-05-20,0,122
Spa,63072,2020-05-21,0,122
Spa,63072,2020-05-22,0,122
Spa,63072,2020-05-23,1,123
Spa,63072,2020-05-24,0,123
Spa,63072,2020-05-25,2,125
Spa,63072,2020-05-26,0,125
Spa,63072,2020-05-27,0,125
Spa,63072,2020-05-28,0,125
Spa,63072,2020-05-29,0,125
Spa,63072,2020-05-30,0,125
Spa,63072,2020-05-31,0,125
Spa,63072,2020-06-01,0,125
Spa,63072,2020-06-02,0,125
Spa,63072,2020-06-03,0,125
Spa,63072,2020-06-04,0,125
Spa,63072,2020-06-05,0,125
Spa,63072,2020-06-06,0,125
Spa,63072,2020-06-07,1,126
Spa,63072,2020-06-08,0,126
Spa,63072,2020-06-09,0,126
Spa,63072,2020-06-10,0,126
Spa,63072,2020-06-11,2,128
Spa,63072,2020-06-12,0,128
Spa,63072,2020-06-13,0,128
Spa,63072,2020-06-14,0,128
Spa,63072,2020-06-15,0,128
Spa,63072,2020-06-16,0,128
Spa,63072,2020-06-17,0,128
Spa,63072,2020-06-18,0,128
Spa,63072,2020-06-19,0,128
Spa,63072,2020-06-20,0,128
Spa,63072,2020-06-23,0,128
Spa,63072,2020-06-24,0,128
Spa,63072,2020-06-25,1,129
Spa,63072,2020-06-26,0,129
Spa,63072,2020-06-27,0,129
Spa,63072,2020-06-30,1,130
Spa,63072,2020-07-01,0,130
Spa,63072,2020-07-02,0,130
Spa,63072,2020-07-03,0,130
Spa,63072,2020-07-04,1,131
Spa,63072,2020-07-07,0,131
Spa,63072,2020-07-08,0,131
Spa,63072,2020-07-09,0,131
Spa,63072,2020-07-10,0,131
Spa,63072,2020-07-11,0,131
Spa,63072,2020-07-14,0,131
Spa,63072,2020-07-15,0,131
Spa,63072,2020-07-16,0,131
Spa,63072,2020-07-17,0,131
Spa,63072,2020-07-18,0,131
Spa,63072,2020-07-20,0,131
Spa,63072,2020-07-21,0,131
Spa,63072,2020-07-22,0,131
Spa,63072,2020-07-23,0,131
Spa,63072,2020-07-24,0,131
Spa,63072,2020-07-25,0,131
Spa,63072,2020-07-26,0,131
Spa,63072,2020-07-27,0,131
Spa,63072,2020-07-28,0,131
Spa,63072,2020-07-29,0,131
Spa,63072,2020-07-30,0,131
Spa,63072,2020-07-31,0,131
Spa,63072,2020-08-01,1,132
Spa,63072,2020-08-02,0,132
Spa,63072,2020-08-03,0,132
Spa,63072,2020-08-04,0,132
Spa,63072,2020-08-05,0,132
Spa,63072,2020-08-06,0,132
Spa,63072,2020-08-07,0,132
Spa,63072,2020-08-08,2,134
Spa,63072,2020-08-09,0,134
Spa,63072,2020-08-10,0,134
Spa,63072,2020-08-11,0,134
Spa,63072,2020-08-12,0,134
Spa,63072,2020-08-13,4,138
Spa,63072,2020-08-14,0,138
Spa,63072,2020-08-15,0,138
Spa,63072,2020-08-16,0,138
Spa,63072,2020-08-17,0,138
Spa,63072,2020-08-18,1,139
Spa,63072,2020-08-19,3,142
Spa,63072,2020-08-20,0,142
Spa,63072,2020-08-21,0,142
Spa,63072,2020-08-22,0,142
Spa,63072,2020-08-23,0,142
Spa,63072,2020-08-24,0,142
Spa,63072,2020-08-25,0,142
Spa,63072,2020-08-26,0,142
Spa,63072,2020-08-27,0,142
Spa,63072,2020-08-28,0,142
Spa,63072,2020-08-29,0,142
Spa,63072,2020-08-30,2,144
Spa,63072,2020-08-31,0,144
Spa,63072,2020-09-01,0,144
Spa,63072,2020-09-02,0,144
Spa,63072,2020-09-03,0,144
Spa,63072,2020-09-04,0,144
Spa,63072,2020-09-05,0,144
Spa,63072,2020-09-06,1,145
Spa,63072,2020-09-07,0,145
Spa,63072,2020-09-08,0,145
Spa,63072,2020-09-09,0,145
Spa,63072,2020-09-10,0,145
Spa,63072,2020-09-11,1,146
Spa,63072,2020-09-12,0,146
Spa,63072,2020-09-13,0,146
Spa,63072,2020-09-14,0,146
Spa,63072,2020-09-15,2,148
Spa,63072,2020-09-16,1,149
Spa,63072,2020-09-17,0,149
Spa,63072,2020-09-18,6,155
Spa,63072,2020-09-19,2,157
Spa,63072,2020-09-20,1,158
Spa,63072,2020-09-21,0,158
Spa,63072,2020-09-22,0,158
Spa,63072,2020-09-23,4,162
Spa,63072,2020-09-24,0,162
Spa,63072,2020-09-25,3,165
Spa,63072,2020-09-26,3,168
Spa,63072,2020-09-27,0,168
Spa,63072,2020-09-28,0,168
Spa,63072,2020-09-29,0,168
Spa,63072,2020-09-30,1,169
Spa,63072,2020-10-01,0,169
Spa,63072,2020-10-02,4,173
Spa,63072,2020-10-03,2,175
Spa,63072,2020-10-04,3,178
Spa,63072,2020-10-05,7,185
Spa,63072,2020-10-06,4,189
Spa,63072,2020-10-07,0,189
Spa,63072,2020-10-08,2,191
Spa,63072,2020-10-09,7,198
Spa,63072,2020-10-10,18,216
Spa,63072,2020-10-11,4,220
Spa,63072,2020-10-12,10,230
Spa,63072,2020-10-13,1,231
Spa,63072,2020-10-14,20,251
Spa,63072,2020-10-15,12,263
Spa,63072,2020-10-16,15,278
Spa,63072,2020-10-17,10,288
Spa,63072,2020-10-18,24,312
Spa,63072,2020-10-19,20,332
Spa,63072,2020-10-20,12,344
Spa,63072,2020-10-21,34,378
Spa,63072,2020-10-22,9,387
Spa,63072,2020-10-23,31,418
Spa,63072,2020-10-24,27,445
Spa,63072,2020-10-25,14,459
Spa,63072,2020-10-26,65,524
Spa,63072,2020-10-27,3,527
Spa,63072,2020-10-28,35,562
Spa,63072,2020-10-29,70,632
Spa,63072,2020-10-30,24,656
Spa,63072,2020-10-31,65,721
Spa,63072,2020-11-01,61,782
Spa,63072,2020-11-02,16,798
Spa,63072,2020-11-03,3,801
Spa,63072,2020-11-04,7,808
Spa,63072,2020-11-05,44,852
Spa,63072,2020-11-06,16,868
Spa,63072,2020-11-07,16,884
Spa,63072,2020-11-08,6,890
Spa,63072,2020-11-09,6,896
Spa,63072,2020-11-10,0,896
Spa,63072,2020-11-11,10,906
Stavelot,63073,2020-04-01,0,5
Stavelot,63073,2020-04-02,0,5
Stavelot,63073,2020-04-03,2,7
Stavelot,63073,2020-04-04,1,8
Stavelot,63073,2020-04-05,0,8
Stavelot,63073,2020-04-06,0,8
Stavelot,63073,2020-04-07,3,11
Stavelot,63073,2020-04-08,0,11
Stavelot,63073,2020-04-09,1,12
Stavelot,63073,2020-04-10,2,14
Stavelot,63073,2020-04-11,0,14
Stavelot,63073,2020-04-12,0,14
Stavelot,63073,2020-04-13,0,14
Stavelot,63073,2020-04-14,1,15
Stavelot,63073,2020-04-15,1,16
Stavelot,63073,2020-04-16,0,16
Stavelot,63073,2020-04-17,0,16
Stavelot,63073,2020-04-18,0,16
Stavelot,63073,2020-04-19,1,17
Stavelot,63073,2020-04-20,0,17
Stavelot,63073,2020-04-21,0,17
Stavelot,63073,2020-04-22,0,17
Stavelot,63073,2020-04-23,0,17
Stavelot,63073,2020-04-24,0,17
Stavelot,63073,2020-04-25,2,19
Stavelot,63073,2020-04-26,0,19
Stavelot,63073,2020-04-27,2,21
Stavelot,63073,2020-04-28,0,21
Stavelot,63073,2020-04-29,2,23
Stavelot,63073,2020-04-30,0,23
Stavelot,63073,2020-05-01,2,25
Stavelot,63073,2020-05-02,-1,24
Stavelot,63073,2020-05-03,0,24
Stavelot,63073,2020-05-04,1,25
Stavelot,63073,2020-05-05,0,25
Stavelot,63073,2020-05-06,0,25
Stavelot,63073,2020-05-07,0,25
Stavelot,63073,2020-05-08,0,25
Stavelot,63073,2020-05-09,0,25
Stavelot,63073,2020-05-10,1,26
Stavelot,63073,2020-05-11,0,26
Stavelot,63073,2020-05-12,0,26
Stavelot,63073,2020-05-13,0,26
Stavelot,63073,2020-05-14,0,26
Stavelot,63073,2020-05-15,1,27
Stavelot,63073,2020-05-16,0,27
Stavelot,63073,2020-05-17,0,27
Stavelot,63073,2020-05-18,0,27
Stavelot,63073,2020-05-19,0,27
Stavelot,63073,2020-05-20,0,27
Stavelot,63073,2020-05-21,1,28
Stavelot,63073,2020-05-22,0,28
Stavelot,63073,2020-05-23,0,28
Stavelot,63073,2020-05-24,0,28
Stavelot,63073,2020-05-25,0,28
Stavelot,63073,2020-05-26,0,28
Stavelot,63073,2020-05-27,0,28
Stavelot,63073,2020-05-28,0,28
Stavelot,63073,2020-05-29,0,28
Stavelot,63073,2020-05-30,0,28
Stavelot,63073,2020-05-31,0,28
Stavelot,63073,2020-06-01,0,28
Stavelot,63073,2020-06-02,0,28
Stavelot,63073,2020-06-03,0,28
Stavelot,63073,2020-06-04,0,28
Stavelot,63073,2020-06-05,0,28
Stavelot,63073,2020-06-06,0,28
Stavelot,63073,2020-06-07,0,28
Stavelot,63073,2020-06-08,0,28
Stavelot,63073,2020-06-09,0,28
Stavelot,63073,2020-06-10,0,28
Stavelot,63073,2020-06-11,0,28
Stavelot,63073,2020-06-12,0,28
Stavelot,63073,2020-06-13,0,28
Stavelot,63073,2020-06-14,0,28
Stavelot,63073,2020-06-15,0,28
Stavelot,63073,2020-06-16,0,28
Stavelot,63073,2020-06-17,0,28
Stavelot,63073,2020-06-18,0,28
Stavelot,63073,2020-06-19,0,28
Stavelot,63073,2020-06-20,0,28
Stavelot,63073,2020-06-23,0,28
Stavelot,63073,2020-06-24,0,28
Stavelot,63073,2020-06-25,1,29
Stavelot,63073,2020-06-26,0,29
Stavelot,63073,2020-06-27,0,29
Stavelot,63073,2020-06-30,0,29
Stavelot,63073,2020-07-01,0,29
Stavelot,63073,2020-07-02,0,29
Stavelot,63073,2020-07-03,0,29
Stavelot,63073,2020-07-04,0,29
Stavelot,63073,2020-07-07,0,29
Stavelot,63073,2020-07-08,0,29
Stavelot,63073,2020-07-09,0,29
Stavelot,63073,2020-07-10,1,30
Stavelot,63073,2020-07-11,0,30
Stavelot,63073,2020-07-14,0,30
Stavelot,63073,2020-07-15,0,30
Stavelot,63073,2020-07-16,0,30
Stavelot,63073,2020-07-17,0,30
Stavelot,63073,2020-07-18,0,30
Stavelot,63073,2020-07-20,0,30
Stavelot,63073,2020-07-21,0,30
Stavelot,63073,2020-07-22,0,30
Stavelot,63073,2020-07-23,0,30
Stavelot,63073,2020-07-24,0,30
Stavelot,63073,2020-07-25,0,30
Stavelot,63073,2020-07-26,0,30
Stavelot,63073,2020-07-27,0,30
Stavelot,63073,2020-07-28,0,30
Stavelot,63073,2020-07-29,0,30
Stavelot,63073,2020-07-30,0,30
Stavelot,63073,2020-07-31,0,30
Stavelot,63073,2020-08-01,1,31
Stavelot,63073,2020-08-02,1,32
Stavelot,63073,2020-08-03,0,32
Stavelot,63073,2020-08-04,0,32
Stavelot,63073,2020-08-05,0,32
Stavelot,63073,2020-08-06,0,32
Stavelot,63073,2020-08-07,0,32
Stavelot,63073,2020-08-08,0,32
Stavelot,63073,2020-08-09,0,32
Stavelot,63073,2020-08-10,0,32
Stavelot,63073,2020-08-11,0,32
Stavelot,63073,2020-08-12,0,32
Stavelot,63073,2020-08-13,0,32
Stavelot,63073,2020-08-14,0,32
Stavelot,63073,2020-08-15,0,32
Stavelot,63073,2020-08-16,1,33
Stavelot,63073,2020-08-17,1,34
Stavelot,63073,2020-08-18,0,34
Stavelot,63073,2020-08-19,0,34
Stavelot,63073,2020-08-20,0,34
Stavelot,63073,2020-08-21,0,34
Stavelot,63073,2020-08-22,1,35
Stavelot,63073,2020-08-23,0,35
Stavelot,63073,2020-08-24,0,35
Stavelot,63073,2020-08-25,0,35
Stavelot,63073,2020-08-26,0,35
Stavelot,63073,2020-08-27,0,35
Stavelot,63073,2020-08-28,0,35
Stavelot,63073,2020-08-29,0,35
Stavelot,63073,2020-08-30,0,35
Stavelot,63073,2020-08-31,0,35
Stavelot,63073,2020-09-01,0,35
Stavelot,63073,2020-09-02,1,36
Stavelot,63073,2020-09-03,0,36
Stavelot,63073,2020-09-04,0,36
Stavelot,63073,2020-09-05,0,36
Stavelot,63073,2020-09-06,0,36
Stavelot,63073,2020-09-07,0,36
Stavelot,63073,2020-09-08,0,36
Stavelot,63073,2020-09-09,0,36
Stavelot,63073,2020-09-10,0,36
Stavelot,63073,2020-09-11,0,36
Stavelot,63073,2020-09-12,0,36
Stavelot,63073,2020-09-13,0,36
Stavelot,63073,2020-09-14,0,36
Stavelot,63073,2020-09-15,0,36
Stavelot,63073,2020-09-16,0,36
Stavelot,63073,2020-09-17,0,36
Stavelot,63073,2020-09-18,4,40
Stavelot,63073,2020-09-19,0,40
Stavelot,63073,2020-09-20,0,40
Stavelot,63073,2020-09-21,0,40
Stavelot,63073,2020-09-22,0,40
Stavelot,63073,2020-09-23,0,40
Stavelot,63073,2020-09-24,0,40
Stavelot,63073,2020-09-25,0,40
Stavelot,63073,2020-09-26,0,40
Stavelot,63073,2020-09-27,1,41
Stavelot,63073,2020-09-28,1,42
Stavelot,63073,2020-09-29,0,42
Stavelot,63073,2020-09-30,0,42
Stavelot,63073,2020-10-01,1,43
Stavelot,63073,2020-10-02,1,44
Stavelot,63073,2020-10-03,2,46
Stavelot,63073,2020-10-04,7,53
Stavelot,63073,2020-10-05,1,54
Stavelot,63073,2020-10-06,0,54
Stavelot,63073,2020-10-07,3,57
Stavelot,63073,2020-10-08,2,59
Stavelot,63073,2020-10-09,10,69
Stavelot,63073,2020-10-10,11,80
Stavelot,63073,2020-10-11,11,91
Stavelot,63073,2020-10-12,9,100
Stavelot,63073,2020-10-13,6,106
Stavelot,63073,2020-10-14,10,116
Stavelot,63073,2020-10-15,16,132
Stavelot,63073,2020-10-16,20,152
Stavelot,63073,2020-10-17,21,173
Stavelot,63073,2020-10-18,12,185
Stavelot,63073,2020-10-19,10,195
Stavelot,63073,2020-10-20,4,199
Stavelot,63073,2020-10-21,21,220
Stavelot,63073,2020-10-22,29,249
Stavelot,63073,2020-10-23,18,267
Stavelot,63073,2020-10-24,31,298
Stavelot,63073,2020-10-25,13,311
Stavelot,63073,2020-10-26,27,338
Stavelot,63073,2020-10-27,3,341
Stavelot,63073,2020-10-28,18,359
Stavelot,63073,2020-10-29,26,385
Stavelot,63073,2020-10-30,21,406
Stavelot,63073,2020-10-31,36,442
Stavelot,63073,2020-11-01,19,461
Stavelot,63073,2020-11-02,20,481
Stavelot,63073,2020-11-03,1,482
Stavelot,63073,2020-11-04,12,494
Stavelot,63073,2020-11-05,11,505
Stavelot,63073,2020-11-06,15,520
Stavelot,63073,2020-11-07,9,529
Stavelot,63073,2020-11-08,3,532
Stavelot,63073,2020-11-09,6,538
Stavelot,63073,2020-11-10,1,539
Stavelot,63073,2020-11-11,0,539
Theux,63076,2020-04-01,3,14
Theux,63076,2020-04-02,1,15
Theux,63076,2020-04-03,0,15
Theux,63076,2020-04-04,0,15
Theux,63076,2020-04-05,1,16
Theux,63076,2020-04-06,0,16
Theux,63076,2020-04-07,15,31
Theux,63076,2020-04-08,1,32
Theux,63076,2020-04-09,2,34
Theux,63076,2020-04-10,2,36
Theux,63076,2020-04-11,6,42
Theux,63076,2020-04-12,9,51
Theux,63076,2020-04-13,8,59
Theux,63076,2020-04-14,4,63
Theux,63076,2020-04-15,9,72
Theux,63076,2020-04-16,7,79
Theux,63076,2020-04-17,8,87
Theux,63076,2020-04-18,1,88
Theux,63076,2020-04-19,0,88
Theux,63076,2020-04-20,4,92
Theux,63076,2020-04-21,1,93
Theux,63076,2020-04-22,0,93
Theux,63076,2020-04-23,2,95
Theux,63076,2020-04-24,0,95
Theux,63076,2020-04-25,0,95
Theux,63076,2020-04-26,1,96
Theux,63076,2020-04-27,2,98
Theux,63076,2020-04-28,1,99
Theux,63076,2020-04-29,0,99
Theux,63076,2020-04-30,0,99
Theux,63076,2020-05-01,0,99
Theux,63076,2020-05-02,0,99
Theux,63076,2020-05-03,0,99
Theux,63076,2020-05-04,0,99
Theux,63076,2020-05-05,0,99
Theux,63076,2020-05-06,0,99
Theux,63076,2020-05-07,1,100
Theux,63076,2020-05-08,0,100
Theux,63076,2020-05-09,0,100
Theux,63076,2020-05-10,1,101
Theux,63076,2020-05-11,0,101
Theux,63076,2020-05-12,1,102
Theux,63076,2020-05-13,1,103
Theux,63076,2020-05-14,0,103
Theux,63076,2020-05-15,0,103
Theux,63076,2020-05-16,0,103
Theux,63076,2020-05-17,0,103
Theux,63076,2020-05-18,0,103
Theux,63076,2020-05-19,0,103
Theux,63076,2020-05-20,0,103
Theux,63076,2020-05-21,0,103
Theux,63076,2020-05-22,0,103
Theux,63076,2020-05-23,0,103
Theux,63076,2020-05-24,0,103
Theux,63076,2020-05-25,0,103
Theux,63076,2020-05-26,0,103
Theux,63076,2020-05-27,0,103
Theux,63076,2020-05-28,0,103
Theux,63076,2020-05-29,1,104
Theux,63076,2020-05-30,0,104
Theux,63076,2020-05-31,0,104
Theux,63076,2020-06-01,1,105
Theux,63076,2020-06-02,0,105
Theux,63076,2020-06-03,0,105
Theux,63076,2020-06-04,0,105
Theux,63076,2020-06-05,0,105
Theux,63076,2020-06-06,1,106
Theux,63076,2020-06-07,0,106
Theux,63076,2020-06-08,0,106
Theux,63076,2020-06-09,1,107
Theux,63076,2020-06-10,0,107
Theux,63076,2020-06-11,0,107
Theux,63076,2020-06-12,0,107
Theux,63076,2020-06-13,0,107
Theux,63076,2020-06-14,0,107
Theux,63076,2020-06-15,0,107
Theux,63076,2020-06-16,0,107
Theux,63076,2020-06-17,0,107
Theux,63076,2020-06-18,0,107
Theux,63076,2020-06-19,0,107
Theux,63076,2020-06-20,0,107
Theux,63076,2020-06-23,0,107
Theux,63076,2020-06-24,1,108
Theux,63076,2020-06-25,4,112
Theux,63076,2020-06-26,0,112
Theux,63076,2020-06-27,0,112
Theux,63076,2020-06-30,0,112
Theux,63076,2020-07-01,0,112
Theux,63076,2020-07-02,0,112
Theux,63076,2020-07-03,0,112
Theux,63076,2020-07-04,0,112
Theux,63076,2020-07-07,0,112
Theux,63076,2020-07-08,0,112
Theux,63076,2020-07-09,0,112
Theux,63076,2020-07-10,0,112
Theux,63076,2020-07-11,0,112
Theux,63076,2020-07-14,3,115
Theux,63076,2020-07-15,0,115
Theux,63076,2020-07-16,1,116
Theux,63076,2020-07-17,0,116
Theux,63076,2020-07-18,0,116
Theux,63076,2020-07-20,0,116
Theux,63076,2020-07-21,0,116
Theux,63076,2020-07-22,0,116
Theux,63076,2020-07-23,0,116
Theux,63076,2020-07-24,0,116
Theux,63076,2020-07-25,0,116
Theux,63076,2020-07-26,0,116
Theux,63076,2020-07-27,0,116
Theux,63076,2020-07-28,0,116
Theux,63076,2020-07-29,0,116
Theux,63076,2020-07-30,0,116
Theux,63076,2020-07-31,0,116
Theux,63076,2020-08-01,0,116
Theux,63076,2020-08-02,0,116
Theux,63076,2020-08-03,0,116
Theux,63076,2020-08-04,0,116
Theux,63076,2020-08-05,1,117
Theux,63076,2020-08-06,0,117
Theux,63076,2020-08-07,0,117
Theux,63076,2020-08-08,0,117
Theux,63076,2020-08-09,0,117
Theux,63076,2020-08-10,0,117
Theux,63076,2020-08-11,0,117
Theux,63076,2020-08-12,0,117
Theux,63076,2020-08-13,0,117
Theux,63076,2020-08-14,0,117
Theux,63076,2020-08-15,0,117
Theux,63076,2020-08-16,0,117
Theux,63076,2020-08-17,0,117
Theux,63076,2020-08-18,0,117
Theux,63076,2020-08-19,0,117
Theux,63076,2020-08-20,0,117
Theux,63076,2020-08-21,0,117
Theux,63076,2020-08-22,1,118
Theux,63076,2020-08-23,1,119
Theux,63076,2020-08-24,0,119
Theux,63076,2020-08-25,0,119
Theux,63076,2020-08-26,1,120
Theux,63076,2020-08-27,0,120
Theux,63076,2020-08-28,0,120
Theux,63076,2020-08-29,0,120
Theux,63076,2020-08-30,5,125
Theux,63076,2020-08-31,0,125
Theux,63076,2020-09-01,1,126
Theux,63076,2020-09-02,0,126
Theux,63076,2020-09-03,1,127
Theux,63076,2020-09-04,0,127
Theux,63076,2020-09-05,0,127
Theux,63076,2020-09-06,0,127
Theux,63076,2020-09-07,0,127
Theux,63076,2020-09-08,0,127
Theux,63076,2020-09-09,0,127
Theux,63076,2020-09-10,1,128
Theux,63076,2020-09-11,1,129
Theux,63076,2020-09-12,0,129
Theux,63076,2020-09-13,0,129
Theux,63076,2020-09-14,0,129
Theux,63076,2020-09-15,3,132
Theux,63076,2020-09-16,0,132
Theux,63076,2020-09-17,0,132
Theux,63076,2020-09-18,8,140
Theux,63076,2020-09-19,2,142
Theux,63076,2020-09-20,0,142
Theux,63076,2020-09-21,0,142
Theux,63076,2020-09-22,0,142
Theux,63076,2020-09-23,1,143
Theux,63076,2020-09-24,2,145
Theux,63076,2020-09-25,5,150
Theux,63076,2020-09-26,1,151
Theux,63076,2020-09-27,3,154
Theux,63076,2020-09-28,1,155
Theux,63076,2020-09-29,1,156
Theux,63076,2020-09-30,1,157
Theux,63076,2020-10-01,2,159
Theux,63076,2020-10-02,7,166
Theux,63076,2020-10-03,10,176
Theux,63076,2020-10-04,10,186
Theux,63076,2020-10-05,16,202
Theux,63076,2020-10-06,2,204
Theux,63076,2020-10-07,6,210
Theux,63076,2020-10-08,15,225
Theux,63076,2020-10-09,12,237
Theux,63076,2020-10-10,17,254
Theux,63076,2020-10-11,17,271
Theux,63076,2020-10-12,19,290
Theux,63076,2020-10-13,6,296
Theux,63076,2020-10-14,36,332
Theux,63076,2020-10-15,27,359
Theux,63076,2020-10-16,40,399
Theux,63076,2020-10-17,20,419
Theux,63076,2020-10-18,14,433
Theux,63076,2020-10-19,29,462
Theux,63076,2020-10-20,19,481
Theux,63076,2020-10-21,41,522
Theux,63076,2020-10-22,18,540
Theux,63076,2020-10-23,51,591
Theux,63076,2020-10-24,45,636
Theux,63076,2020-10-25,21,657
Theux,63076,2020-10-26,92,749
Theux,63076,2020-10-27,14,763
Theux,63076,2020-10-28,46,809
Theux,63076,2020-10-29,50,859
Theux,63076,2020-10-30,46,905
Theux,63076,2020-10-31,36,941
Theux,63076,2020-11-01,68,1009
Theux,63076,2020-11-02,23,1032
Theux,63076,2020-11-03,2,1034
Theux,63076,2020-11-04,8,1042
Theux,63076,2020-11-05,24,1066
Theux,63076,2020-11-06,24,1090
Theux,63076,2020-11-07,17,1107
Theux,63076,2020-11-08,15,1122
Theux,63076,2020-11-09,7,1129
Theux,63076,2020-11-10,1,1130
Theux,63076,2020-11-11,5,1135
Verviers,63079,2020-04-01,2,54
Verviers,63079,2020-04-02,0,54
Verviers,63079,2020-04-03,4,58
Verviers,63079,2020-04-04,1,59
Verviers,63079,2020-04-05,0,59
Verviers,63079,2020-04-06,0,59
Verviers,63079,2020-04-07,38,97
Verviers,63079,2020-04-08,5,102
Verviers,63079,2020-04-09,9,111
Verviers,63079,2020-04-10,2,113
Verviers,63079,2020-04-11,17,130
Verviers,63079,2020-04-12,10,140
Verviers,63079,2020-04-13,14,154
Verviers,63079,2020-04-14,3,157
Verviers,63079,2020-04-15,12,169
Verviers,63079,2020-04-16,7,176
Verviers,63079,2020-04-17,11,187
Verviers,63079,2020-04-18,7,194
Verviers,63079,2020-04-19,4,198
Verviers,63079,2020-04-20,2,200
Verviers,63079,2020-04-21,6,206
Verviers,63079,2020-04-22,1,207
Verviers,63079,2020-04-23,2,209
Verviers,63079,2020-04-24,5,214
Verviers,63079,2020-04-25,14,228
Verviers,63079,2020-04-26,6,234
Verviers,63079,2020-04-27,4,238
Verviers,63079,2020-04-28,12,250
Verviers,63079,2020-04-29,1,251
Verviers,63079,2020-04-30,1,252
Verviers,63079,2020-05-01,1,253
Verviers,63079,2020-05-02,5,258
Verviers,63079,2020-05-03,0,258
Verviers,63079,2020-05-04,1,259
Verviers,63079,2020-05-05,1,260
Verviers,63079,2020-05-06,0,260
Verviers,63079,2020-05-07,1,261
Verviers,63079,2020-05-08,8,269
Verviers,63079,2020-05-09,0,269
Verviers,63079,2020-05-10,0,269
Verviers,63079,2020-05-11,2,271
Verviers,63079,2020-05-12,2,273
Verviers,63079,2020-05-13,0,273
Verviers,63079,2020-05-14,4,277
Verviers,63079,2020-05-15,0,277
Verviers,63079,2020-05-16,2,279
Verviers,63079,2020-05-17,1,280
Verviers,63079,2020-05-18,0,280
Verviers,63079,2020-05-19,0,280
Verviers,63079,2020-05-20,0,280
Verviers,63079,2020-05-21,2,282
Verviers,63079,2020-05-22,0,282
Verviers,63079,2020-05-23,2,284
Verviers,63079,2020-05-24,3,287
Verviers,63079,2020-05-25,5,292
Verviers,63079,2020-05-26,0,292
Verviers,63079,2020-05-27,0,292
Verviers,63079,2020-05-28,0,292
Verviers,63079,2020-05-29,1,293
Verviers,63079,2020-05-30,0,293
Verviers,63079,2020-05-31,2,295
Verviers,63079,2020-06-01,0,295
Verviers,63079,2020-06-02,0,295
Verviers,63079,2020-06-03,0,295
Verviers,63079,2020-06-04,0,295
Verviers,63079,2020-06-05,2,297
Verviers,63079,2020-06-06,0,297
Verviers,63079,2020-06-07,0,297
Verviers,63079,2020-06-08,0,297
Verviers,63079,2020-06-09,1,298
Verviers,63079,2020-06-10,0,298
Verviers,63079,2020-06-11,1,299
Verviers,63079,2020-06-12,1,300
Verviers,63079,2020-06-13,1,301
Verviers,63079,2020-06-14,0,301
Verviers,63079,2020-06-15,1,302
Verviers,63079,2020-06-16,0,302
Verviers,63079,2020-06-17,0,302
Verviers,63079,2020-06-18,0,302
Verviers,63079,2020-06-19,0,302
Verviers,63079,2020-06-20,0,302
Verviers,63079,2020-06-23,4,306
Verviers,63079,2020-06-24,0,306
Verviers,63079,2020-06-25,17,323
Verviers,63079,2020-06-26,0,323
Verviers,63079,2020-06-27,0,323
Verviers,63079,2020-06-30,1,324
Verviers,63079,2020-07-01,1,325
Verviers,63079,2020-07-02,1,326
Verviers,63079,2020-07-03,0,326
Verviers,63079,2020-07-04,0,326
Verviers,63079,2020-07-07,0,326
Verviers,63079,2020-07-08,0,326
Verviers,63079,2020-07-09,1,327
Verviers,63079,2020-07-10,2,329
Verviers,63079,2020-07-11,0,329
Verviers,63079,2020-07-14,6,335
Verviers,63079,2020-07-15,1,336
Verviers,63079,2020-07-16,2,338
Verviers,63079,2020-07-17,0,338
Verviers,63079,2020-07-18,4,342
Verviers,63079,2020-07-20,1,343
Verviers,63079,2020-07-21,0,343
Verviers,63079,2020-07-22,0,343
Verviers,63079,2020-07-23,1,344
Verviers,63079,2020-07-24,9,353
Verviers,63079,2020-07-25,7,360
Verviers,63079,2020-07-26,9,369
Verviers,63079,2020-07-27,8,377
Verviers,63079,2020-07-28,2,379
Verviers,63079,2020-07-29,4,383
Verviers,63079,2020-07-30,16,399
Verviers,63079,2020-07-31,9,408
Verviers,63079,2020-08-01,6,414
Verviers,63079,2020-08-02,17,431
Verviers,63079,2020-08-03,0,431
Verviers,63079,2020-08-04,0,431
Verviers,63079,2020-08-05,2,433
Verviers,63079,2020-08-06,18,451
Verviers,63079,2020-08-07,5,456
Verviers,63079,2020-08-08,8,464
Verviers,63079,2020-08-09,5,469
Verviers,63079,2020-08-10,18,487
Verviers,63079,2020-08-11,1,488
Verviers,63079,2020-08-12,10,498
Verviers,63079,2020-08-13,1,499
Verviers,63079,2020-08-14,5,504
Verviers,63079,2020-08-15,4,508
Verviers,63079,2020-08-16,8,516
Verviers,63079,2020-08-17,3,519
Verviers,63079,2020-08-18,1,520
Verviers,63079,2020-08-19,4,524
Verviers,63079,2020-08-20,6,530
Verviers,63079,2020-08-21,10,540
Verviers,63079,2020-08-22,1,541
Verviers,63079,2020-08-23,7,548
Verviers,63079,2020-08-24,1,549
Verviers,63079,2020-08-25,0,549
Verviers,63079,2020-08-26,8,557
Verviers,63079,2020-08-27,4,561
Verviers,63079,2020-08-28,2,563
Verviers,63079,2020-08-29,2,565
Verviers,63079,2020-08-30,19,584
Verviers,63079,2020-08-31,0,584
Verviers,63079,2020-09-01,-2,582
Verviers,63079,2020-09-02,0,582
Verviers,63079,2020-09-03,0,582
Verviers,63079,2020-09-04,8,590
Verviers,63079,2020-09-05,1,591
Verviers,63079,2020-09-06,2,593
Verviers,63079,2020-09-07,4,597
Verviers,63079,2020-09-08,1,598
Verviers,63079,2020-09-09,1,599
Verviers,63079,2020-09-10,7,606
Verviers,63079,2020-09-11,1,607
Verviers,63079,2020-09-12,8,615
Verviers,63079,2020-09-13,10,625
Verviers,63079,2020-09-14,2,627
Verviers,63079,2020-09-15,6,633
Verviers,63079,2020-09-16,3,636
Verviers,63079,2020-09-17,0,636
Verviers,63079,2020-09-18,73,709
Verviers,63079,2020-09-19,22,731
Verviers,63079,2020-09-20,8,739
Verviers,63079,2020-09-21,4,743
Verviers,63079,2020-09-22,4,747
Verviers,63079,2020-09-23,41,788
Verviers,63079,2020-09-24,5,793
Verviers,63079,2020-09-25,35,828
Verviers,63079,2020-09-26,15,843
Verviers,63079,2020-09-27,10,853
Verviers,63079,2020-09-28,2,855
Verviers,63079,2020-09-29,4,859
Verviers,63079,2020-09-30,7,866
Verviers,63079,2020-10-01,19,885
Verviers,63079,2020-10-02,22,907
Verviers,63079,2020-10-03,31,938
Verviers,63079,2020-10-04,39,977
Verviers,63079,2020-10-05,18,995
Verviers,63079,2020-10-06,10,1005
Verviers,63079,2020-10-07,6,1011
Verviers,63079,2020-10-08,41,1052
Verviers,63079,2020-10-09,45,1097
Verviers,63079,2020-10-10,40,1137
Verviers,63079,2020-10-11,43,1180
Verviers,63079,2020-10-12,39,1219
Verviers,63079,2020-10-13,27,1246
Verviers,63079,2020-10-14,125,1371
Verviers,63079,2020-10-15,83,1454
Verviers,63079,2020-10-16,98,1552
Verviers,63079,2020-10-17,106,1658
Verviers,63079,2020-10-18,69,1727
Verviers,63079,2020-10-19,123,1850
Verviers,63079,2020-10-20,68,1918
Verviers,63079,2020-10-21,97,2015
Verviers,63079,2020-10-22,119,2134
Verviers,63079,2020-10-23,273,2407
Verviers,63079,2020-10-24,184,2591
Verviers,63079,2020-10-25,148,2739
Verviers,63079,2020-10-26,347,3086
Verviers,63079,2020-10-27,75,3161
Verviers,63079,2020-10-28,194,3355
Verviers,63079,2020-10-29,261,3616
Verviers,63079,2020-10-30,235,3851
Verviers,63079,2020-10-31,206,4057
Verviers,63079,2020-11-01,237,4294
Verviers,63079,2020-11-02,142,4436
Verviers,63079,2020-11-03,13,4449
Verviers,63079,2020-11-04,64,4513
Verviers,63079,2020-11-05,129,4642
Verviers,63079,2020-11-06,123,4765
Verviers,63079,2020-11-07,72,4837
Verviers,63079,2020-11-08,46,4883
Verviers,63079,2020-11-09,57,4940
Verviers,63079,2020-11-10,7,4947
Verviers,63079,2020-11-11,35,4982
Weismes,63080,2020-04-01,0,0
Weismes,63080,2020-04-02,0,0
Weismes,63080,2020-04-03,5,5
Weismes,63080,2020-04-04,3,8
Weismes,63080,2020-04-05,0,8
Weismes,63080,2020-04-06,0,8
Weismes,63080,2020-04-07,4,12
Weismes,63080,2020-04-08,0,12
Weismes,63080,2020-04-09,3,15
Weismes,63080,2020-04-10,1,16
Weismes,63080,2020-04-11,0,16
Weismes,63080,2020-04-12,0,16
Weismes,63080,2020-04-13,0,16
Weismes,63080,2020-04-14,1,17
Weismes,63080,2020-04-15,1,18
Weismes,63080,2020-04-16,0,18
Weismes,63080,2020-04-17,2,20
Weismes,63080,2020-04-18,0,20
Weismes,63080,2020-04-19,0,20
Weismes,63080,2020-04-20,0,20
Weismes,63080,2020-04-21,0,20
Weismes,63080,2020-04-22,3,23
Weismes,63080,2020-04-23,0,23
Weismes,63080,2020-04-24,0,23
Weismes,63080,2020-04-25,2,25
Weismes,63080,2020-04-26,0,25
Weismes,63080,2020-04-27,0,25
Weismes,63080,2020-04-28,0,25
Weismes,63080,2020-04-29,0,25
Weismes,63080,2020-04-30,0,25
Weismes,63080,2020-05-01,1,26
Weismes,63080,2020-05-02,0,26
Weismes,63080,2020-05-03,3,29
Weismes,63080,2020-05-04,0,29
Weismes,63080,2020-05-05,0,29
Weismes,63080,2020-05-06,0,29
Weismes,63080,2020-05-07,0,29
Weismes,63080,2020-05-08,0,29
Weismes,63080,2020-05-09,3,32
Weismes,63080,2020-05-10,3,35
Weismes,63080,2020-05-11,1,36
Weismes,63080,2020-05-12,0,36
Weismes,63080,2020-05-13,0,36
Weismes,63080,2020-05-14,2,38
Weismes,63080,2020-05-15,1,39
Weismes,63080,2020-05-16,0,39
Weismes,63080,2020-05-17,8,47
Weismes,63080,2020-05-18,0,47
Weismes,63080,2020-05-19,1,48
Weismes,63080,2020-05-20,0,48
Weismes,63080,2020-05-21,0,48
Weismes,63080,2020-05-22,1,49
Weismes,63080,2020-05-23,1,50
Weismes,63080,2020-05-24,0,50
Weismes,63080,2020-05-25,1,51
Weismes,63080,2020-05-26,1,52
Weismes,63080,2020-05-27,1,53
Weismes,63080,2020-05-28,0,53
Weismes,63080,2020-05-29,0,53
Weismes,63080,2020-05-30,0,53
Weismes,63080,2020-05-31,1,54
Weismes,63080,2020-06-01,0,54
Weismes,63080,2020-06-02,0,54
Weismes,63080,2020-06-03,0,54
Weismes,63080,2020-06-04,0,54
Weismes,63080,2020-06-05,0,54
Weismes,63080,2020-06-06,0,54
Weismes,63080,2020-06-07,0,54
Weismes,63080,2020-06-08,0,54
Weismes,63080,2020-06-09,0,54
Weismes,63080,2020-06-10,0,54
Weismes,63080,2020-06-11,0,54
Weismes,63080,2020-06-12,0,54
Weismes,63080,2020-06-13,0,54
Weismes,63080,2020-06-14,0,54
Weismes,63080,2020-06-15,0,54
Weismes,63080,2020-06-16,0,54
Weismes,63080,2020-06-17,0,54
Weismes,63080,2020-06-18,0,54
Weismes,63080,2020-06-19,0,54
Weismes,63080,2020-06-20,0,54
Weismes,63080,2020-06-23,0,54
Weismes,63080,2020-06-24,0,54
Weismes,63080,2020-06-25,0,54
Weismes,63080,2020-06-26,0,54
Weismes,63080,2020-06-27,0,54
Weismes,63080,2020-06-30,0,54
Weismes,63080,2020-07-01,0,54
Weismes,63080,2020-07-02,0,54
Weismes,63080,2020-07-03,0,54
Weismes,63080,2020-07-04,0,54
Weismes,63080,2020-07-07,0,54
Weismes,63080,2020-07-08,0,54
Weismes,63080,2020-07-09,0,54
Weismes,63080,2020-07-10,0,54
Weismes,63080,2020-07-11,0,54
Weismes,63080,2020-07-14,0,54
Weismes,63080,2020-07-15,0,54
Weismes,63080,2020-07-16,0,54
Weismes,63080,2020-07-17,0,54
Weismes,63080,2020-07-18,0,54
Weismes,63080,2020-07-20,0,54
Weismes,63080,2020-07-21,0,54
Weismes,63080,2020-07-22,0,54
Weismes,63080,2020-07-23,0,54
Weismes,63080,2020-07-24,0,54
Weismes,63080,2020-07-25,0,54
Weismes,63080,2020-07-26,0,54
Weismes,63080,2020-07-27,1,55
Weismes,63080,2020-07-28,0,55
Weismes,63080,2020-07-29,0,55
Weismes,63080,2020-07-30,0,55
Weismes,63080,2020-07-31,0,55
Weismes,63080,2020-08-01,0,55
Weismes,63080,2020-08-02,0,55
Weismes,63080,2020-08-03,0,55
Weismes,63080,2020-08-04,0,55
Weismes,63080,2020-08-05,0,55
Weismes,63080,2020-08-06,0,55
Weismes,63080,2020-08-07,0,55
Weismes,63080,2020-08-08,0,55
Weismes,63080,2020-08-09,0,55
Weismes,63080,2020-08-10,0,55
Weismes,63080,2020-08-11,0,55
Weismes,63080,2020-08-12,0,55
Weismes,63080,2020-08-13,0,55
Weismes,63080,2020-08-14,0,55
Weismes,63080,2020-08-15,2,57
Weismes,63080,2020-08-16,0,57
Weismes,63080,2020-08-17,0,57
Weismes,63080,2020-08-18,0,57
Weismes,63080,2020-08-19,0,57
Weismes,63080,2020-08-20,0,57
Weismes,63080,2020-08-21,0,57
Weismes,63080,2020-08-22,0,57
Weismes,63080,2020-08-23,0,57
Weismes,63080,2020-08-24,0,57
Weismes,63080,2020-08-25,0,57
Weismes,63080,2020-08-26,0,57
Weismes,63080,2020-08-27,0,57
Weismes,63080,2020-08-28,0,57
Weismes,63080,2020-08-29,0,57
Weismes,63080,2020-08-30,0,57
Weismes,63080,2020-08-31,0,57
Weismes,63080,2020-09-01,0,57
Weismes,63080,2020-09-02,0,57
Weismes,63080,2020-09-03,0,57
Weismes,63080,2020-09-04,0,57
Weismes,63080,2020-09-05,0,57
Weismes,63080,2020-09-06,0,57
Weismes,63080,2020-09-07,0,57
Weismes,63080,2020-09-08,0,57
Weismes,63080,2020-09-09,0,57
Weismes,63080,2020-09-10,0,57
Weismes,63080,2020-09-11,0,57
Weismes,63080,2020-09-12,0,57
Weismes,63080,2020-09-13,0,57
Weismes,63080,2020-09-14,0,57
Weismes,63080,2020-09-15,0,57
Weismes,63080,2020-09-16,0,57
Weismes,63080,2020-09-17,0,57
Weismes,63080,2020-09-18,3,60
Weismes,63080,2020-09-19,1,61
Weismes,63080,2020-09-20,0,61
Weismes,63080,2020-09-21,0,61
Weismes,63080,2020-09-22,0,61
Weismes,63080,2020-09-23,0,61
Weismes,63080,2020-09-24,0,61
Weismes,63080,2020-09-25,0,61
Weismes,63080,2020-09-26,0,61
Weismes,63080,2020-09-27,0,61
Weismes,63080,2020-09-28,1,62
Weismes,63080,2020-09-29,0,62
Weismes,63080,2020-09-30,0,62
Weismes,63080,2020-10-01,0,62
Weismes,63080,2020-10-02,0,62
Weismes,63080,2020-10-03,4,66
Weismes,63080,2020-10-04,2,68
Weismes,63080,2020-10-05,1,69
Weismes,63080,2020-10-06,0,69
Weismes,63080,2020-10-07,5,74
Weismes,63080,2020-10-08,4,78
Weismes,63080,2020-10-09,0,78
Weismes,63080,2020-10-10,2,80
Weismes,63080,2020-10-11,11,91
Weismes,63080,2020-10-12,8,99
Weismes,63080,2020-10-13,5,104
Weismes,63080,2020-10-14,24,128
Weismes,63080,2020-10-15,28,156
Weismes,63080,2020-10-16,21,177
Weismes,63080,2020-10-17,24,201
Weismes,63080,2020-10-18,30,231
Weismes,63080,2020-10-19,27,258
Weismes,63080,2020-10-20,5,263
Weismes,63080,2020-10-21,19,282
Weismes,63080,2020-10-22,24,306
Weismes,63080,2020-10-23,26,332
Weismes,63080,2020-10-24,31,363
Weismes,63080,2020-10-25,36,399
Weismes,63080,2020-10-26,30,429
Weismes,63080,2020-10-27,2,431
Weismes,63080,2020-10-28,9,440
Weismes,63080,2020-10-29,12,452
Weismes,63080,2020-10-30,38,490
Weismes,63080,2020-10-31,35,525
Weismes,63080,2020-11-01,24,549
Weismes,63080,2020-11-02,16,565
Weismes,63080,2020-11-03,2,567
Weismes,63080,2020-11-04,6,573
Weismes,63080,2020-11-05,25,598
Weismes,63080,2020-11-06,33,631
Weismes,63080,2020-11-07,10,641
Weismes,63080,2020-11-08,7,648
Weismes,63080,2020-11-09,10,658
Weismes,63080,2020-11-10,2,660
Weismes,63080,2020-11-11,5,665
Welkenraedt,63084,2020-04-01,0,0
Welkenraedt,63084,2020-04-02,0,0
Welkenraedt,63084,2020-04-03,0,0
Welkenraedt,63084,2020-04-04,0,0
Welkenraedt,63084,2020-04-05,0,0
Welkenraedt,63084,2020-04-06,0,0
Welkenraedt,63084,2020-04-07,8,8
Welkenraedt,63084,2020-04-08,0,8
Welkenraedt,63084,2020-04-09,0,8
Welkenraedt,63084,2020-04-10,0,8
Welkenraedt,63084,2020-04-11,4,12
Welkenraedt,63084,2020-04-12,2,14
Welkenraedt,63084,2020-04-13,1,15
Welkenraedt,63084,2020-04-14,0,15
Welkenraedt,63084,2020-04-15,5,20
Welkenraedt,63084,2020-04-16,2,22
Welkenraedt,63084,2020-04-17,2,24
Welkenraedt,63084,2020-04-18,2,26
Welkenraedt,63084,2020-04-19,0,26
Welkenraedt,63084,2020-04-20,1,27
Welkenraedt,63084,2020-04-21,10,37
Welkenraedt,63084,2020-04-22,0,37
Welkenraedt,63084,2020-04-23,1,38
Welkenraedt,63084,2020-04-24,0,38
Welkenraedt,63084,2020-04-25,2,40
Welkenraedt,63084,2020-04-26,0,40
Welkenraedt,63084,2020-04-27,0,40
Welkenraedt,63084,2020-04-28,6,46
Welkenraedt,63084,2020-04-29,0,46
Welkenraedt,63084,2020-04-30,0,46
Welkenraedt,63084,2020-05-01,3,49
Welkenraedt,63084,2020-05-02,-1,48
Welkenraedt,63084,2020-05-03,0,48
Welkenraedt,63084,2020-05-04,0,48
Welkenraedt,63084,2020-05-05,1,49
Welkenraedt,63084,2020-05-06,0,49
Welkenraedt,63084,2020-05-07,0,49
Welkenraedt,63084,2020-05-08,0,49
Welkenraedt,63084,2020-05-09,1,50
Welkenraedt,63084,2020-05-10,1,51
Welkenraedt,63084,2020-05-11,0,51
Welkenraedt,63084,2020-05-12,1,52
Welkenraedt,63084,2020-05-13,0,52
Welkenraedt,63084,2020-05-14,1,53
Welkenraedt,63084,2020-05-15,0,53
Welkenraedt,63084,2020-05-16,0,53
Welkenraedt,63084,2020-05-17,1,54
Welkenraedt,63084,2020-05-18,1,55
Welkenraedt,63084,2020-05-19,0,55
Welkenraedt,63084,2020-05-20,0,55
Welkenraedt,63084,2020-05-21,0,55
Welkenraedt,63084,2020-05-22,0,55
Welkenraedt,63084,2020-05-23,0,55
Welkenraedt,63084,2020-05-24,0,55
Welkenraedt,63084,2020-05-25,0,55
Welkenraedt,63084,2020-05-26,0,55
Welkenraedt,63084,2020-05-27,0,55
Welkenraedt,63084,2020-05-28,0,55
Welkenraedt,63084,2020-05-29,0,55
Welkenraedt,63084,2020-05-30,0,55
Welkenraedt,63084,2020-05-31,0,55
Welkenraedt,63084,2020-06-01,0,55
Welkenraedt,63084,2020-06-02,0,55
Welkenraedt,63084,2020-06-03,0,55
Welkenraedt,63084,2020-06-04,0,55
Welkenraedt,63084,2020-06-05,0,55
Welkenraedt,63084,2020-06-06,0,55
Welkenraedt,63084,2020-06-07,0,55
Welkenraedt,63084,2020-06-08,0,55
Welkenraedt,63084,2020-06-09,1,56
Welkenraedt,63084,2020-06-10,0,56
Welkenraedt,63084,2020-06-11,0,56
Welkenraedt,63084,2020-06-12,0,56
Welkenraedt,63084,2020-06-13,0,56
Welkenraedt,63084,2020-06-14,0,56
Welkenraedt,63084,2020-06-15,0,56
Welkenraedt,63084,2020-06-16,0,56
Welkenraedt,63084,2020-06-17,0,56
Welkenraedt,63084,2020-06-18,0,56
Welkenraedt,63084,2020-06-19,0,56
Welkenraedt,63084,2020-06-20,0,56
Welkenraedt,63084,2020-06-23,0,56
Welkenraedt,63084,2020-06-24,0,56
Welkenraedt,63084,2020-06-25,0,56
Welkenraedt,63084,2020-06-26,0,56
Welkenraedt,63084,2020-06-27,0,56
Welkenraedt,63084,2020-06-30,0,56
Welkenraedt,63084,2020-07-01,0,56
Welkenraedt,63084,2020-07-02,0,56
Welkenraedt,63084,2020-07-03,0,56
Welkenraedt,63084,2020-07-04,0,56
Welkenraedt,63084,2020-07-07,0,56
Welkenraedt,63084,2020-07-08,0,56
Welkenraedt,63084,2020-07-09,0,56
Welkenraedt,63084,2020-07-10,0,56
Welkenraedt,63084,2020-07-11,0,56
Welkenraedt,63084,2020-07-14,0,56
Welkenraedt,63084,2020-07-15,0,56
Welkenraedt,63084,2020-07-16,0,56
Welkenraedt,63084,2020-07-17,0,56
Welkenraedt,63084,2020-07-18,0,56
Welkenraedt,63084,2020-07-20,0,56
Welkenraedt,63084,2020-07-21,0,56
Welkenraedt,63084,2020-07-22,0,56
Welkenraedt,63084,2020-07-23,0,56
Welkenraedt,63084,2020-07-24,0,56
Welkenraedt,63084,2020-07-25,0,56
Welkenraedt,63084,2020-07-26,0,56
Welkenraedt,63084,2020-07-27,0,56
Welkenraedt,63084,2020-07-28,0,56
Welkenraedt,63084,2020-07-29,0,56
Welkenraedt,63084,2020-07-30,0,56
Welkenraedt,63084,2020-07-31,1,57
Welkenraedt,63084,2020-08-01,0,57
Welkenraedt,63084,2020-08-02,0,57
Welkenraedt,63084,2020-08-03,1,58
Welkenraedt,63084,2020-08-04,0,58
Welkenraedt,63084,2020-08-05,2,60
Welkenraedt,63084,2020-08-06,0,60
Welkenraedt,63084,2020-08-07,0,60
Welkenraedt,63084,2020-08-08,0,60
Welkenraedt,63084,2020-08-09,0,60
Welkenraedt,63084,2020-08-10,0,60
Welkenraedt,63084,2020-08-11,0,60
Welkenraedt,63084,2020-08-12,0,60
Welkenraedt,63084,2020-08-13,0,60
Welkenraedt,63084,2020-08-14,0,60
Welkenraedt,63084,2020-08-15,0,60
Welkenraedt,63084,2020-08-16,3,63
Welkenraedt,63084,2020-08-17,0,63
Welkenraedt,63084,2020-08-18,0,63
Welkenraedt,63084,2020-08-19,1,64
Welkenraedt,63084,2020-08-20,0,64
Welkenraedt,63084,2020-08-21,0,64
Welkenraedt,63084,2020-08-22,1,65
Welkenraedt,63084,2020-08-23,0,65
Welkenraedt,63084,2020-08-24,0,65
Welkenraedt,63084,2020-08-25,0,65
Welkenraedt,63084,2020-08-26,0,65
Welkenraedt,63084,2020-08-27,0,65
Welkenraedt,63084,2020-08-28,0,65
Welkenraedt,63084,2020-08-29,0,65
Welkenraedt,63084,2020-08-30,0,65
Welkenraedt,63084,2020-08-31,0,65
Welkenraedt,63084,2020-09-01,0,65
Welkenraedt,63084,2020-09-02,0,65
Welkenraedt,63084,2020-09-03,1,66
Welkenraedt,63084,2020-09-04,0,66
Welkenraedt,63084,2020-09-05,0,66
Welkenraedt,63084,2020-09-06,1,67
Welkenraedt,63084,2020-09-07,0,67
Welkenraedt,63084,2020-09-08,0,67
Welkenraedt,63084,2020-09-09,0,67
Welkenraedt,63084,2020-09-10,1,68
Welkenraedt,63084,2020-09-11,1,69
Welkenraedt,63084,2020-09-12,0,69
Welkenraedt,63084,2020-09-13,1,70
Welkenraedt,63084,2020-09-14,0,70
Welkenraedt,63084,2020-09-15,0,70
Welkenraedt,63084,2020-09-16,0,70
Welkenraedt,63084,2020-09-17,1,71
Welkenraedt,63084,2020-09-18,7,78
Welkenraedt,63084,2020-09-19,3,81
Welkenraedt,63084,2020-09-20,1,82
Welkenraedt,63084,2020-09-21,1,83
Welkenraedt,63084,2020-09-22,0,83
Welkenraedt,63084,2020-09-23,6,89
Welkenraedt,63084,2020-09-24,1,90
Welkenraedt,63084,2020-09-25,1,91
Welkenraedt,63084,2020-09-26,0,91
Welkenraedt,63084,2020-09-27,1,92
Welkenraedt,63084,2020-09-28,1,93
Welkenraedt,63084,2020-09-29,0,93
Welkenraedt,63084,2020-09-30,1,94
Welkenraedt,63084,2020-10-01,2,96
Welkenraedt,63084,2020-10-02,3,99
Welkenraedt,63084,2020-10-03,8,107
Welkenraedt,63084,2020-10-04,5,112
Welkenraedt,63084,2020-10-05,2,114
Welkenraedt,63084,2020-10-06,4,118
Welkenraedt,63084,2020-10-07,0,118
Welkenraedt,63084,2020-10-08,6,124
Welkenraedt,63084,2020-10-09,13,137
Welkenraedt,63084,2020-10-10,5,142
Welkenraedt,63084,2020-10-11,8,150
Welkenraedt,63084,2020-10-12,4,154
Welkenraedt,63084,2020-10-13,7,161
Welkenraedt,63084,2020-10-14,24,185
Welkenraedt,63084,2020-10-15,11,196
Welkenraedt,63084,2020-10-16,22,218
Welkenraedt,63084,2020-10-17,19,237
Welkenraedt,63084,2020-10-18,15,252
Welkenraedt,63084,2020-10-19,16,268
Welkenraedt,63084,2020-10-20,5,273
Welkenraedt,63084,2020-10-21,21,294
Welkenraedt,63084,2020-10-22,27,321
Welkenraedt,63084,2020-10-23,50,371
Welkenraedt,63084,2020-10-24,32,403
Welkenraedt,63084,2020-10-25,22,425
Welkenraedt,63084,2020-10-26,50,475
Welkenraedt,63084,2020-10-27,10,485
Welkenraedt,63084,2020-10-28,38,523
Welkenraedt,63084,2020-10-29,19,542
Welkenraedt,63084,2020-10-30,15,557
Welkenraedt,63084,2020-10-31,28,585
Welkenraedt,63084,2020-11-01,27,612
Welkenraedt,63084,2020-11-02,11,623
Welkenraedt,63084,2020-11-03,27,650
Welkenraedt,63084,2020-11-04,12,662
Welkenraedt,63084,2020-11-05,13,675
Welkenraedt,63084,2020-11-06,23,698
Welkenraedt,63084,2020-11-07,26,724
Welkenraedt,63084,2020-11-08,8,732
Welkenraedt,63084,2020-11-09,12,744
Welkenraedt,63084,2020-11-10,0,744
Welkenraedt,63084,2020-11-11,4,748
Burg-Reuland,63087,2020-04-01,0,0
Burg-Reuland,63087,2020-04-02,0,0
Burg-Reuland,63087,2020-04-03,0,0
Burg-Reuland,63087,2020-04-04,0,0
Burg-Reuland,63087,2020-04-05,0,0
Burg-Reuland,63087,2020-04-06,0,0
Burg-Reuland,63087,2020-04-07,0,0
Burg-Reuland,63087,2020-04-08,0,0
Burg-Reuland,63087,2020-04-09,0,0
Burg-Reuland,63087,2020-04-10,0,0
Burg-Reuland,63087,2020-04-11,0,0
Burg-Reuland,63087,2020-04-12,0,0
Burg-Reuland,63087,2020-04-13,0,0
Burg-Reuland,63087,2020-04-14,0,0
Burg-Reuland,63087,2020-04-15,0,0
Burg-Reuland,63087,2020-04-16,0,0
Burg-Reuland,63087,2020-04-17,0,0
Burg-Reuland,63087,2020-04-18,0,0
Burg-Reuland,63087,2020-04-19,0,0
Burg-Reuland,63087,2020-04-20,0,0
Burg-Reuland,63087,2020-04-21,5,5
Burg-Reuland,63087,2020-04-22,0,5
Burg-Reuland,63087,2020-04-23,0,5
Burg-Reuland,63087,2020-04-24,0,5
Burg-Reuland,63087,2020-04-25,1,6
Burg-Reuland,63087,2020-04-26,0,6
Burg-Reuland,63087,2020-04-27,0,6
Burg-Reuland,63087,2020-04-28,1,7
Burg-Reuland,63087,2020-04-29,0,7
Burg-Reuland,63087,2020-04-30,0,7
Burg-Reuland,63087,2020-05-01,0,7
Burg-Reuland,63087,2020-05-02,0,7
Burg-Reuland,63087,2020-05-03,0,7
Burg-Reuland,63087,2020-05-04,0,7
Burg-Reuland,63087,2020-05-05,0,7
Burg-Reuland,63087,2020-05-06,0,7
Burg-Reuland,63087,2020-05-07,0,7
Burg-Reuland,63087,2020-05-08,0,7
Burg-Reuland,63087,2020-05-09,0,7
Burg-Reuland,63087,2020-05-10,0,7
Burg-Reuland,63087,2020-05-11,0,7
Burg-Reuland,63087,2020-05-12,2,9
Burg-Reuland,63087,2020-05-13,0,9
Burg-Reuland,63087,2020-05-14,0,9
Burg-Reuland,63087,2020-05-15,0,9
Burg-Reuland,63087,2020-05-16,1,10
Burg-Reuland,63087,2020-05-17,0,10
Burg-Reuland,63087,2020-05-18,0,10
Burg-Reuland,63087,2020-05-19,0,10
Burg-Reuland,63087,2020-05-20,0,10
Burg-Reuland,63087,2020-05-21,0,10
Burg-Reuland,63087,2020-05-22,0,10
Burg-Reuland,63087,2020-05-23,0,10
Burg-Reuland,63087,2020-05-24,0,10
Burg-Reuland,63087,2020-05-25,0,10
Burg-Reuland,63087,2020-05-26,0,10
Burg-Reuland,63087,2020-05-27,0,10
Burg-Reuland,63087,2020-05-28,0,10
Burg-Reuland,63087,2020-05-29,0,10
Burg-Reuland,63087,2020-05-30,0,10
Burg-Reuland,63087,2020-05-31,1,11
Burg-Reuland,63087,2020-06-01,0,11
Burg-Reuland,63087,2020-06-02,0,11
Burg-Reuland,63087,2020-06-03,0,11
Burg-Reuland,63087,2020-06-04,0,11
Burg-Reuland,63087,2020-06-05,1,12
Burg-Reuland,63087,2020-06-06,0,12
Burg-Reuland,63087,2020-06-07,0,12
Burg-Reuland,63087,2020-06-08,0,12
Burg-Reuland,63087,2020-06-09,0,12
Burg-Reuland,63087,2020-06-10,0,12
Burg-Reuland,63087,2020-06-11,0,12
Burg-Reuland,63087,2020-06-12,0,12
Burg-Reuland,63087,2020-06-13,0,12
Burg-Reuland,63087,2020-06-14,0,12
Burg-Reuland,63087,2020-06-15,0,12
Burg-Reuland,63087,2020-06-16,0,12
Burg-Reuland,63087,2020-06-17,0,12
Burg-Reuland,63087,2020-06-18,0,12
Burg-Reuland,63087,2020-06-19,0,12
Burg-Reuland,63087,2020-06-20,0,12
Burg-Reuland,63087,2020-06-23,0,12
Burg-Reuland,63087,2020-06-24,0,12
Burg-Reuland,63087,2020-06-25,0,12
Burg-Reuland,63087,2020-06-26,0,12
Burg-Reuland,63087,2020-06-27,0,12
Burg-Reuland,63087,2020-06-30,0,12
Burg-Reuland,63087,2020-07-01,0,12
Burg-Reuland,63087,2020-07-02,0,12
Burg-Reuland,63087,2020-07-03,0,12
Burg-Reuland,63087,2020-07-04,0,12
Burg-Reuland,63087,2020-07-07,0,12
Burg-Reuland,63087,2020-07-08,0,12
Burg-Reuland,63087,2020-07-09,0,12
Burg-Reuland,63087,2020-07-10,0,12
Burg-Reuland,63087,2020-07-11,0,12
Burg-Reuland,63087,2020-07-14,0,12
Burg-Reuland,63087,2020-07-15,0,12
Burg-Reuland,63087,2020-07-16,0,12
Burg-Reuland,63087,2020-07-17,0,12
Burg-Reuland,63087,2020-07-18,0,12
Burg-Reuland,63087,2020-07-20,0,12
Burg-Reuland,63087,2020-07-21,0,12
Burg-Reuland,63087,2020-07-22,0,12
Burg-Reuland,63087,2020-07-23,0,12
Burg-Reuland,63087,2020-07-24,0,12
Burg-Reuland,63087,2020-07-25,0,12
Burg-Reuland,63087,2020-07-26,0,12
Burg-Reuland,63087,2020-07-27,0,12
Burg-Reuland,63087,2020-07-28,0,12
Burg-Reuland,63087,2020-07-29,0,12
Burg-Reuland,63087,2020-07-30,0,12
Burg-Reuland,63087,2020-07-31,0,12
Burg-Reuland,63087,2020-08-01,0,12
Burg-Reuland,63087,2020-08-02,0,12
Burg-Reuland,63087,2020-08-03,0,12
Burg-Reuland,63087,2020-08-04,0,12
Burg-Reuland,63087,2020-08-05,0,12
Burg-Reuland,63087,2020-08-06,0,12
Burg-Reuland,63087,2020-08-07,0,12
Burg-Reuland,63087,2020-08-08,0,12
Burg-Reuland,63087,2020-08-09,0,12
Burg-Reuland,63087,2020-08-10,0,12
Burg-Reuland,63087,2020-08-11,0,12
Burg-Reuland,63087,2020-08-12,0,12
Burg-Reuland,63087,2020-08-13,0,12
Burg-Reuland,63087,2020-08-14,0,12
Burg-Reuland,63087,2020-08-15,0,12
Burg-Reuland,63087,2020-08-16,0,12
Burg-Reuland,63087,2020-08-17,0,12
Burg-Reuland,63087,2020-08-18,0,12
Burg-Reuland,63087,2020-08-19,0,12
Burg-Reuland,63087,2020-08-20,0,12
Burg-Reuland,63087,2020-08-21,0,12
Burg-Reuland,63087,2020-08-22,0,12
Burg-Reuland,63087,2020-08-23,0,12
Burg-Reuland,63087,2020-08-24,0,12
Burg-Reuland,63087,2020-08-25,0,12
Burg-Reuland,63087,2020-08-26,0,12
Burg-Reuland,63087,2020-08-27,0,12
Burg-Reuland,63087,2020-08-28,0,12
Burg-Reuland,63087,2020-08-29,0,12
Burg-Reuland,63087,2020-08-30,0,12
Burg-Reuland,63087,2020-08-31,0,12
Burg-Reuland,63087,2020-09-01,0,12
Burg-Reuland,63087,2020-09-02,0,12
Burg-Reuland,63087,2020-09-03,1,13
Burg-Reuland,63087,2020-09-04,0,13
Burg-Reuland,63087,2020-09-05,0,13
Burg-Reuland,63087,2020-09-06,0,13
Burg-Reuland,63087,2020-09-07,0,13
Burg-Reuland,63087,2020-09-08,0,13
Burg-Reuland,63087,2020-09-09,0,13
Burg-Reuland,63087,2020-09-10,0,13
Burg-Reuland,63087,2020-09-11,0,13
Burg-Reuland,63087,2020-09-12,0,13
Burg-Reuland,63087,2020-09-13,0,13
Burg-Reuland,63087,2020-09-14,0,13
Burg-Reuland,63087,2020-09-15,0,13
Burg-Reuland,63087,2020-09-16,0,13
Burg-Reuland,63087,2020-09-17,0,13
Burg-Reuland,63087,2020-09-18,0,13
Burg-Reuland,63087,2020-09-19,0,13
Burg-Reuland,63087,2020-09-20,0,13
Burg-Reuland,63087,2020-09-21,0,13
Burg-Reuland,63087,2020-09-22,0,13
Burg-Reuland,63087,2020-09-23,0,13
Burg-Reuland,63087,2020-09-24,0,13
Burg-Reuland,63087,2020-09-25,0,13
Burg-Reuland,63087,2020-09-26,0,13
Burg-Reuland,63087,2020-09-27,0,13
Burg-Reuland,63087,2020-09-28,0,13
Burg-Reuland,63087,2020-09-29,0,13
Burg-Reuland,63087,2020-09-30,0,13
Burg-Reuland,63087,2020-10-01,0,13
Burg-Reuland,63087,2020-10-02,0,13
Burg-Reuland,63087,2020-10-03,0,13
Burg-Reuland,63087,2020-10-04,3,16
Burg-Reuland,63087,2020-10-05,0,16
Burg-Reuland,63087,2020-10-06,0,16
Burg-Reuland,63087,2020-10-07,0,16
Burg-Reuland,63087,2020-10-08,0,16
Burg-Reuland,63087,2020-10-09,0,16
Burg-Reuland,63087,2020-10-10,1,17
Burg-Reuland,63087,2020-10-11,1,18
Burg-Reuland,63087,2020-10-12,0,18
Burg-Reuland,63087,2020-10-13,0,18
Burg-Reuland,63087,2020-10-14,7,25
Burg-Reuland,63087,2020-10-15,1,26
Burg-Reuland,63087,2020-10-16,3,29
Burg-Reuland,63087,2020-10-17,2,31
Burg-Reuland,63087,2020-10-18,3,34
Burg-Reuland,63087,2020-10-19,1,35
Burg-Reuland,63087,2020-10-20,2,37
Burg-Reuland,63087,2020-10-21,6,43
Burg-Reuland,63087,2020-10-22,0,43
Burg-Reuland,63087,2020-10-23,4,47
Burg-Reuland,63087,2020-10-24,8,55
Burg-Reuland,63087,2020-10-25,7,62
Burg-Reuland,63087,2020-10-26,2,64
Burg-Reuland,63087,2020-10-27,0,64
Burg-Reuland,63087,2020-10-28,0,64
Burg-Reuland,63087,2020-10-29,20,84
Burg-Reuland,63087,2020-10-30,16,100
Burg-Reuland,63087,2020-10-31,3,103
Burg-Reuland,63087,2020-11-01,10,113
Burg-Reuland,63087,2020-11-02,7,120
Burg-Reuland,63087,2020-11-03,1,121
Burg-Reuland,63087,2020-11-04,-31,90
Burg-Reuland,63087,2020-11-05,40,130
Burg-Reuland,63087,2020-11-06,3,133
Burg-Reuland,63087,2020-11-07,10,143
Burg-Reuland,63087,2020-11-08,0,143
Burg-Reuland,63087,2020-11-09,1,144
Burg-Reuland,63087,2020-11-10,1,145
Burg-Reuland,63087,2020-11-11,0,145
Plombières,63088,2020-04-01,2,9
Plombières,63088,2020-04-02,1,10
Plombières,63088,2020-04-03,0,10
Plombières,63088,2020-04-04,2,12
Plombières,63088,2020-04-05,0,12
Plombières,63088,2020-04-06,0,12
Plombières,63088,2020-04-07,4,16
Plombières,63088,2020-04-08,0,16
Plombières,63088,2020-04-09,2,18
Plombières,63088,2020-04-10,0,18
Plombières,63088,2020-04-11,4,22
Plombières,63088,2020-04-12,2,24
Plombières,63088,2020-04-13,6,30
Plombières,63088,2020-04-14,0,30
Plombières,63088,2020-04-15,10,40
Plombières,63088,2020-04-16,1,41
Plombières,63088,2020-04-17,4,45
Plombières,63088,2020-04-18,1,46
Plombières,63088,2020-04-19,0,46
Plombières,63088,2020-04-20,0,46
Plombières,63088,2020-04-21,2,48
Plombières,63088,2020-04-22,1,49
Plombières,63088,2020-04-23,0,49
Plombières,63088,2020-04-24,1,50
Plombières,63088,2020-04-25,0,50
Plombières,63088,2020-04-26,0,50
Plombières,63088,2020-04-27,0,50
Plombières,63088,2020-04-28,3,53
Plombières,63088,2020-04-29,0,53
Plombières,63088,2020-04-30,0,53
Plombières,63088,2020-05-01,0,53
Plombières,63088,2020-05-02,0,53
Plombières,63088,2020-05-03,1,54
Plombières,63088,2020-05-04,0,54
Plombières,63088,2020-05-05,0,54
Plombières,63088,2020-05-06,0,54
Plombières,63088,2020-05-07,0,54
Plombières,63088,2020-05-08,1,55
Plombières,63088,2020-05-09,0,55
Plombières,63088,2020-05-10,0,55
Plombières,63088,2020-05-11,1,56
Plombières,63088,2020-05-12,0,56
Plombières,63088,2020-05-13,0,56
Plombières,63088,2020-05-14,0,56
Plombières,63088,2020-05-15,0,56
Plombières,63088,2020-05-16,0,56
Plombières,63088,2020-05-17,0,56
Plombières,63088,2020-05-18,0,56
Plombières,63088,2020-05-19,0,56
Plombières,63088,2020-05-20,0,56
Plombières,63088,2020-05-21,0,56
Plombières,63088,2020-05-22,0,56
Plombières,63088,2020-05-23,0,56
Plombières,63088,2020-05-24,0,56
Plombières,63088,2020-05-25,0,56
Plombières,63088,2020-05-26,0,56
Plombières,63088,2020-05-27,0,56
Plombières,63088,2020-05-28,0,56
Plombières,63088,2020-05-29,0,56
Plombières,63088,2020-05-30,0,56
Plombières,63088,2020-05-31,0,56
Plombières,63088,2020-06-01,0,56
Plombières,63088,2020-06-02,0,56
Plombières,63088,2020-06-03,0,56
Plombières,63088,2020-06-04,0,56
Plombières,63088,2020-06-05,0,56
Plombières,63088,2020-06-06,0,56
Plombières,63088,2020-06-07,0,56
Plombières,63088,2020-06-08,0,56
Plombières,63088,2020-06-09,0,56
Plombières,63088,2020-06-10,0,56
Plombières,63088,2020-06-11,0,56
Plombières,63088,2020-06-12,0,56
Plombières,63088,2020-06-13,0,56
Plombières,63088,2020-06-14,0,56
Plombières,63088,2020-06-15,0,56
Plombières,63088,2020-06-16,0,56
Plombières,63088,2020-06-17,0,56
Plombières,63088,2020-06-18,0,56
Plombières,63088,2020-06-19,0,56
Plombières,63088,2020-06-20,0,56
Plombières,63088,2020-06-23,0,56
Plombières,63088,2020-06-24,0,56
Plombières,63088,2020-06-25,0,56
Plombières,63088,2020-06-26,0,56
Plombières,63088,2020-06-27,0,56
Plombières,63088,2020-06-30,0,56
Plombières,63088,2020-07-01,0,56
Plombières,63088,2020-07-02,0,56
Plombières,63088,2020-07-03,0,56
Plombières,63088,2020-07-04,0,56
Plombières,63088,2020-07-07,0,56
Plombières,63088,2020-07-08,0,56
Plombières,63088,2020-07-09,0,56
Plombières,63088,2020-07-10,0,56
Plombières,63088,2020-07-11,0,56
Plombières,63088,2020-07-14,0,56
Plombières,63088,2020-07-15,0,56
Plombières,63088,2020-07-16,0,56
Plombières,63088,2020-07-17,0,56
Plombières,63088,2020-07-18,0,56
Plombières,63088,2020-07-20,0,56
Plombières,63088,2020-07-21,0,56
Plombières,63088,2020-07-22,0,56
Plombières,63088,2020-07-23,0,56
Plombières,63088,2020-07-24,0,56
Plombières,63088,2020-07-25,0,56
Plombières,63088,2020-07-26,0,56
Plombières,63088,2020-07-27,1,57
Plombières,63088,2020-07-28,0,57
Plombières,63088,2020-07-29,0,57
Plombières,63088,2020-07-30,0,57
Plombières,63088,2020-07-31,0,57
Plombières,63088,2020-08-01,0,57
Plombières,63088,2020-08-02,0,57
Plombières,63088,2020-08-03,0,57
Plombières,63088,2020-08-04,0,57
Plombières,63088,2020-08-05,1,58
Plombières,63088,2020-08-06,0,58
Plombières,63088,2020-08-07,0,58
Plombières,63088,2020-08-08,0,58
Plombières,63088,2020-08-09,0,58
Plombières,63088,2020-08-10,0,58
Plombières,63088,2020-08-11,0,58
Plombières,63088,2020-08-12,0,58
Plombières,63088,2020-08-13,1,59
Plombières,63088,2020-08-14,1,60
Plombières,63088,2020-08-15,0,60
Plombières,63088,2020-08-16,0,60
Plombières,63088,2020-08-17,0,60
Plombières,63088,2020-08-18,0,60
Plombières,63088,2020-08-19,0,60
Plombières,63088,2020-08-20,0,60
Plombières,63088,2020-08-21,1,61
Plombières,63088,2020-08-22,0,61
Plombières,63088,2020-08-23,0,61
Plombières,63088,2020-08-24,0,61
Plombières,63088,2020-08-25,0,61
Plombières,63088,2020-08-26,0,61
Plombières,63088,2020-08-27,0,61
Plombières,63088,2020-08-28,0,61
Plombières,63088,2020-08-29,0,61
Plombières,63088,2020-08-30,0,61
Plombières,63088,2020-08-31,0,61
Plombières,63088,2020-09-01,0,61
Plombières,63088,2020-09-02,0,61
Plombières,63088,2020-09-03,0,61
Plombières,63088,2020-09-04,1,62
Plombières,63088,2020-09-05,0,62
Plombières,63088,2020-09-06,0,62
Plombières,63088,2020-09-07,0,62
Plombières,63088,2020-09-08,0,62
Plombières,63088,2020-09-09,0,62
Plombières,63088,2020-09-10,1,63
Plombières,63088,2020-09-11,0,63
Plombières,63088,2020-09-12,0,63
Plombières,63088,2020-09-13,0,63
Plombières,63088,2020-09-14,1,64
Plombières,63088,2020-09-15,1,65
Plombières,63088,2020-09-16,0,65
Plombières,63088,2020-09-17,0,65
Plombières,63088,2020-09-18,7,72
Plombières,63088,2020-09-19,4,76
Plombières,63088,2020-09-20,0,76
Plombières,63088,2020-09-21,0,76
Plombières,63088,2020-09-22,0,76
Plombières,63088,2020-09-23,11,87
Plombières,63088,2020-09-24,1,88
Plombières,63088,2020-09-25,7,95
Plombières,63088,2020-09-26,3,98
Plombières,63088,2020-09-27,2,100
Plombières,63088,2020-09-28,1,101
Plombières,63088,2020-09-29,1,102
Plombières,63088,2020-09-30,12,114
Plombières,63088,2020-10-01,3,117
Plombières,63088,2020-10-02,9,126
Plombières,63088,2020-10-03,5,131
Plombières,63088,2020-10-04,9,140
Plombières,63088,2020-10-05,5,145
Plombières,63088,2020-10-06,5,150
Plombières,63088,2020-10-07,4,154
Plombières,63088,2020-10-08,10,164
Plombières,63088,2020-10-09,13,177
Plombières,63088,2020-10-10,4,181
Plombières,63088,2020-10-11,13,194
Plombières,63088,2020-10-12,14,208
Plombières,63088,2020-10-13,10,218
Plombières,63088,2020-10-14,37,255
Plombières,63088,2020-10-15,17,272
Plombières,63088,2020-10-16,24,296
Plombières,63088,2020-10-17,26,322
Plombières,63088,2020-10-18,22,344
Plombières,63088,2020-10-19,22,366
Plombières,63088,2020-10-20,8,374
Plombières,63088,2020-10-21,12,386
Plombières,63088,2020-10-22,15,401
Plombières,63088,2020-10-23,44,445
Plombières,63088,2020-10-24,37,482
Plombières,63088,2020-10-25,22,504
Plombières,63088,2020-10-26,43,547
Plombières,63088,2020-10-27,3,550
Plombières,63088,2020-10-28,35,585
Plombières,63088,2020-10-29,25,610
Plombières,63088,2020-10-30,17,627
Plombières,63088,2020-10-31,26,653
Plombières,63088,2020-11-01,19,672
Plombières,63088,2020-11-02,12,684
Plombières,63088,2020-11-03,17,701
Plombières,63088,2020-11-04,7,708
Plombières,63088,2020-11-05,18,726
Plombières,63088,2020-11-06,23,749
Plombières,63088,2020-11-07,22,771
Plombières,63088,2020-11-08,0,771
Plombières,63088,2020-11-09,11,782
Plombières,63088,2020-11-10,0,782
Plombières,63088,2020-11-11,1,783
Thimister-Clermont,63089,2020-04-01,0,6
Thimister-Clermont,63089,2020-04-02,0,6
Thimister-Clermont,63089,2020-04-03,1,7
Thimister-Clermont,63089,2020-04-04,0,7
Thimister-Clermont,63089,2020-04-05,0,7
Thimister-Clermont,63089,2020-04-06,0,7
Thimister-Clermont,63089,2020-04-07,1,8
Thimister-Clermont,63089,2020-04-08,0,8
Thimister-Clermont,63089,2020-04-09,0,8
Thimister-Clermont,63089,2020-04-10,0,8
Thimister-Clermont,63089,2020-04-11,3,11
Thimister-Clermont,63089,2020-04-12,1,12
Thimister-Clermont,63089,2020-04-13,1,13
Thimister-Clermont,63089,2020-04-14,0,13
Thimister-Clermont,63089,2020-04-15,3,16
Thimister-Clermont,63089,2020-04-16,0,16
Thimister-Clermont,63089,2020-04-17,0,16
Thimister-Clermont,63089,2020-04-18,1,17
Thimister-Clermont,63089,2020-04-19,0,17
Thimister-Clermont,63089,2020-04-20,0,17
Thimister-Clermont,63089,2020-04-21,1,18
Thimister-Clermont,63089,2020-04-22,0,18
Thimister-Clermont,63089,2020-04-23,0,18
Thimister-Clermont,63089,2020-04-24,0,18
Thimister-Clermont,63089,2020-04-25,0,18
Thimister-Clermont,63089,2020-04-26,0,18
Thimister-Clermont,63089,2020-04-27,0,18
Thimister-Clermont,63089,2020-04-28,0,18
Thimister-Clermont,63089,2020-04-29,0,18
Thimister-Clermont,63089,2020-04-30,0,18
Thimister-Clermont,63089,2020-05-01,0,18
Thimister-Clermont,63089,2020-05-02,9,27
Thimister-Clermont,63089,2020-05-03,1,28
Thimister-Clermont,63089,2020-05-04,0,28
Thimister-Clermont,63089,2020-05-05,0,28
Thimister-Clermont,63089,2020-05-06,0,28
Thimister-Clermont,63089,2020-05-07,0,28
Thimister-Clermont,63089,2020-05-08,0,28
Thimister-Clermont,63089,2020-05-09,0,28
Thimister-Clermont,63089,2020-05-10,0,28
Thimister-Clermont,63089,2020-05-11,0,28
Thimister-Clermont,63089,2020-05-12,0,28
Thimister-Clermont,63089,2020-05-13,0,28
Thimister-Clermont,63089,2020-05-14,0,28
Thimister-Clermont,63089,2020-05-15,0,28
Thimister-Clermont,63089,2020-05-16,0,28
Thimister-Clermont,63089,2020-05-17,1,29
Thimister-Clermont,63089,2020-05-18,0,29
Thimister-Clermont,63089,2020-05-19,0,29
Thimister-Clermont,63089,2020-05-20,0,29
Thimister-Clermont,63089,2020-05-21,1,30
Thimister-Clermont,63089,2020-05-22,0,30
Thimister-Clermont,63089,2020-05-23,0,30
Thimister-Clermont,63089,2020-05-24,0,30
Thimister-Clermont,63089,2020-05-25,0,30
Thimister-Clermont,63089,2020-05-26,0,30
Thimister-Clermont,63089,2020-05-27,0,30
Thimister-Clermont,63089,2020-05-28,0,30
Thimister-Clermont,63089,2020-05-29,0,30
Thimister-Clermont,63089,2020-05-30,0,30
Thimister-Clermont,63089,2020-05-31,1,31
Thimister-Clermont,63089,2020-06-01,0,31
Thimister-Clermont,63089,2020-06-02,0,31
Thimister-Clermont,63089,2020-06-03,0,31
Thimister-Clermont,63089,2020-06-04,0,31
Thimister-Clermont,63089,2020-06-05,0,31
Thimister-Clermont,63089,2020-06-06,0,31
Thimister-Clermont,63089,2020-06-07,0,31
Thimister-Clermont,63089,2020-06-08,0,31
Thimister-Clermont,63089,2020-06-09,0,31
Thimister-Clermont,63089,2020-06-10,0,31
Thimister-Clermont,63089,2020-06-11,0,31
Thimister-Clermont,63089,2020-06-12,0,31
Thimister-Clermont,63089,2020-06-13,0,31
Thimister-Clermont,63089,2020-06-14,0,31
Thimister-Clermont,63089,2020-06-15,0,31
Thimister-Clermont,63089,2020-06-16,0,31
Thimister-Clermont,63089,2020-06-17,0,31
Thimister-Clermont,63089,2020-06-18,0,31
Thimister-Clermont,63089,2020-06-19,0,31
Thimister-Clermont,63089,2020-06-20,0,31
Thimister-Clermont,63089,2020-06-23,0,31
Thimister-Clermont,63089,2020-06-24,0,31
Thimister-Clermont,63089,2020-06-25,2,33
Thimister-Clermont,63089,2020-06-26,0,33
Thimister-Clermont,63089,2020-06-27,0,33
Thimister-Clermont,63089,2020-06-30,0,33
Thimister-Clermont,63089,2020-07-01,0,33
Thimister-Clermont,63089,2020-07-02,0,33
Thimister-Clermont,63089,2020-07-03,0,33
Thimister-Clermont,63089,2020-07-04,0,33
Thimister-Clermont,63089,2020-07-07,0,33
Thimister-Clermont,63089,2020-07-08,0,33
Thimister-Clermont,63089,2020-07-09,0,33
Thimister-Clermont,63089,2020-07-10,1,34
Thimister-Clermont,63089,2020-07-11,0,34
Thimister-Clermont,63089,2020-07-14,0,34
Thimister-Clermont,63089,2020-07-15,0,34
Thimister-Clermont,63089,2020-07-16,0,34
Thimister-Clermont,63089,2020-07-17,0,34
Thimister-Clermont,63089,2020-07-18,0,34
Thimister-Clermont,63089,2020-07-20,0,34
Thimister-Clermont,63089,2020-07-21,0,34
Thimister-Clermont,63089,2020-07-22,0,34
Thimister-Clermont,63089,2020-07-23,0,34
Thimister-Clermont,63089,2020-07-24,1,35
Thimister-Clermont,63089,2020-07-25,0,35
Thimister-Clermont,63089,2020-07-26,0,35
Thimister-Clermont,63089,2020-07-27,0,35
Thimister-Clermont,63089,2020-07-28,0,35
Thimister-Clermont,63089,2020-07-29,0,35
Thimister-Clermont,63089,2020-07-30,0,35
Thimister-Clermont,63089,2020-07-31,0,35
Thimister-Clermont,63089,2020-08-01,0,35
Thimister-Clermont,63089,2020-08-02,1,36
Thimister-Clermont,63089,2020-08-03,0,36
Thimister-Clermont,63089,2020-08-04,0,36
Thimister-Clermont,63089,2020-08-05,1,37
Thimister-Clermont,63089,2020-08-06,0,37
Thimister-Clermont,63089,2020-08-07,0,37
Thimister-Clermont,63089,2020-08-08,0,37
Thimister-Clermont,63089,2020-08-09,0,37
Thimister-Clermont,63089,2020-08-10,0,37
Thimister-Clermont,63089,2020-08-11,0,37
Thimister-Clermont,63089,2020-08-12,0,37
Thimister-Clermont,63089,2020-08-13,1,38
Thimister-Clermont,63089,2020-08-14,0,38
Thimister-Clermont,63089,2020-08-15,0,38
Thimister-Clermont,63089,2020-08-16,0,38
Thimister-Clermont,63089,2020-08-17,0,38
Thimister-Clermont,63089,2020-08-18,0,38
Thimister-Clermont,63089,2020-08-19,0,38
Thimister-Clermont,63089,2020-08-20,0,38
Thimister-Clermont,63089,2020-08-21,0,38
Thimister-Clermont,63089,2020-08-22,0,38
Thimister-Clermont,63089,2020-08-23,0,38
Thimister-Clermont,63089,2020-08-24,0,38
Thimister-Clermont,63089,2020-08-25,0,38
Thimister-Clermont,63089,2020-08-26,0,38
Thimister-Clermont,63089,2020-08-27,0,38
Thimister-Clermont,63089,2020-08-28,0,38
Thimister-Clermont,63089,2020-08-29,0,38
Thimister-Clermont,63089,2020-08-30,1,39
Thimister-Clermont,63089,2020-08-31,0,39
Thimister-Clermont,63089,2020-09-01,0,39
Thimister-Clermont,63089,2020-09-02,0,39
Thimister-Clermont,63089,2020-09-03,0,39
Thimister-Clermont,63089,2020-09-04,1,40
Thimister-Clermont,63089,2020-09-05,2,42
Thimister-Clermont,63089,2020-09-06,0,42
Thimister-Clermont,63089,2020-09-07,0,42
Thimister-Clermont,63089,2020-09-08,0,42
Thimister-Clermont,63089,2020-09-09,1,43
Thimister-Clermont,63089,2020-09-10,1,44
Thimister-Clermont,63089,2020-09-11,3,47
Thimister-Clermont,63089,2020-09-12,0,47
Thimister-Clermont,63089,2020-09-13,1,48
Thimister-Clermont,63089,2020-09-14,0,48
Thimister-Clermont,63089,2020-09-15,0,48
Thimister-Clermont,63089,2020-09-16,1,49
Thimister-Clermont,63089,2020-09-17,1,50
Thimister-Clermont,63089,2020-09-18,7,57
Thimister-Clermont,63089,2020-09-19,2,59
Thimister-Clermont,63089,2020-09-20,0,59
Thimister-Clermont,63089,2020-09-21,2,61
Thimister-Clermont,63089,2020-09-22,0,61
Thimister-Clermont,63089,2020-09-23,7,68
Thimister-Clermont,63089,2020-09-24,0,68
Thimister-Clermont,63089,2020-09-25,2,70
Thimister-Clermont,63089,2020-09-26,9,79
Thimister-Clermont,63089,2020-09-27,1,80
Thimister-Clermont,63089,2020-09-28,0,80
Thimister-Clermont,63089,2020-09-29,1,81
Thimister-Clermont,63089,2020-09-30,1,82
Thimister-Clermont,63089,2020-10-01,0,82
Thimister-Clermont,63089,2020-10-02,2,84
Thimister-Clermont,63089,2020-10-03,4,88
Thimister-Clermont,63089,2020-10-04,5,93
Thimister-Clermont,63089,2020-10-05,2,95
Thimister-Clermont,63089,2020-10-06,2,97
Thimister-Clermont,63089,2020-10-07,1,98
Thimister-Clermont,63089,2020-10-08,3,101
Thimister-Clermont,63089,2020-10-09,4,105
Thimister-Clermont,63089,2020-10-10,4,109
Thimister-Clermont,63089,2020-10-11,3,112
Thimister-Clermont,63089,2020-10-12,7,119
Thimister-Clermont,63089,2020-10-13,4,123
Thimister-Clermont,63089,2020-10-14,32,155
Thimister-Clermont,63089,2020-10-15,17,172
Thimister-Clermont,63089,2020-10-16,20,192
Thimister-Clermont,63089,2020-10-17,27,219
Thimister-Clermont,63089,2020-10-18,11,230
Thimister-Clermont,63089,2020-10-19,18,248
Thimister-Clermont,63089,2020-10-20,17,265
Thimister-Clermont,63089,2020-10-21,19,284
Thimister-Clermont,63089,2020-10-22,18,302
Thimister-Clermont,63089,2020-10-23,35,337
Thimister-Clermont,63089,2020-10-24,33,370
Thimister-Clermont,63089,2020-10-25,15,385
Thimister-Clermont,63089,2020-10-26,39,424
Thimister-Clermont,63089,2020-10-27,8,432
Thimister-Clermont,63089,2020-10-28,25,457
Thimister-Clermont,63089,2020-10-29,39,496
Thimister-Clermont,63089,2020-10-30,16,512
Thimister-Clermont,63089,2020-10-31,22,534
Thimister-Clermont,63089,2020-11-01,27,561
Thimister-Clermont,63089,2020-11-02,13,574
Thimister-Clermont,63089,2020-11-03,8,582
Thimister-Clermont,63089,2020-11-04,2,584
Thimister-Clermont,63089,2020-11-05,10,594
Thimister-Clermont,63089,2020-11-06,12,606
Thimister-Clermont,63089,2020-11-07,8,614
Thimister-Clermont,63089,2020-11-08,6,620
Thimister-Clermont,63089,2020-11-09,5,625
Thimister-Clermont,63089,2020-11-10,1,626
Thimister-Clermont,63089,2020-11-11,6,632
Berloz,64008,2020-04-01,0,0
Berloz,64008,2020-04-02,0,0
Berloz,64008,2020-04-03,0,0
Berloz,64008,2020-04-04,0,0
Berloz,64008,2020-04-05,0,0
Berloz,64008,2020-04-06,0,0
Berloz,64008,2020-04-07,5,5
Berloz,64008,2020-04-08,0,5
Berloz,64008,2020-04-09,0,5
Berloz,64008,2020-04-10,0,5
Berloz,64008,2020-04-11,2,7
Berloz,64008,2020-04-12,0,7
Berloz,64008,2020-04-13,1,8
Berloz,64008,2020-04-14,0,8
Berloz,64008,2020-04-15,0,8
Berloz,64008,2020-04-16,0,8
Berloz,64008,2020-04-17,1,9
Berloz,64008,2020-04-18,0,9
Berloz,64008,2020-04-19,0,9
Berloz,64008,2020-04-20,0,9
Berloz,64008,2020-04-21,0,9
Berloz,64008,2020-04-22,0,9
Berloz,64008,2020-04-23,0,9
Berloz,64008,2020-04-24,0,9
Berloz,64008,2020-04-25,0,9
Berloz,64008,2020-04-26,0,9
Berloz,64008,2020-04-27,0,9
Berloz,64008,2020-04-28,0,9
Berloz,64008,2020-04-29,0,9
Berloz,64008,2020-04-30,0,9
Berloz,64008,2020-05-01,0,9
Berloz,64008,2020-05-02,0,9
Berloz,64008,2020-05-03,0,9
Berloz,64008,2020-05-04,1,10
Berloz,64008,2020-05-05,0,10
Berloz,64008,2020-05-06,0,10
Berloz,64008,2020-05-07,0,10
Berloz,64008,2020-05-08,0,10
Berloz,64008,2020-05-09,0,10
Berloz,64008,2020-05-10,0,10
Berloz,64008,2020-05-11,1,11
Berloz,64008,2020-05-12,0,11
Berloz,64008,2020-05-13,0,11
Berloz,64008,2020-05-14,0,11
Berloz,64008,2020-05-15,0,11
Berloz,64008,2020-05-16,0,11
Berloz,64008,2020-05-17,0,11
Berloz,64008,2020-05-18,0,11
Berloz,64008,2020-05-19,0,11
Berloz,64008,2020-05-20,0,11
Berloz,64008,2020-05-21,0,11
Berloz,64008,2020-05-22,0,11
Berloz,64008,2020-05-23,0,11
Berloz,64008,2020-05-24,0,11
Berloz,64008,2020-05-25,0,11
Berloz,64008,2020-05-26,0,11
Berloz,64008,2020-05-27,0,11
Berloz,64008,2020-05-28,0,11
Berloz,64008,2020-05-29,0,11
Berloz,64008,2020-05-30,0,11
Berloz,64008,2020-05-31,0,11
Berloz,64008,2020-06-01,0,11
Berloz,64008,2020-06-02,0,11
Berloz,64008,2020-06-03,0,11
Berloz,64008,2020-06-04,0,11
Berloz,64008,2020-06-05,0,11
Berloz,64008,2020-06-06,0,11
Berloz,64008,2020-06-07,0,11
Berloz,64008,2020-06-08,0,11
Berloz,64008,2020-06-09,0,11
Berloz,64008,2020-06-10,0,11
Berloz,64008,2020-06-11,0,11
Berloz,64008,2020-06-12,0,11
Berloz,64008,2020-06-13,0,11
Berloz,64008,2020-06-14,0,11
Berloz,64008,2020-06-15,0,11
Berloz,64008,2020-06-16,0,11
Berloz,64008,2020-06-17,0,11
Berloz,64008,2020-06-18,0,11
Berloz,64008,2020-06-19,0,11
Berloz,64008,2020-06-20,0,11
Berloz,64008,2020-06-23,0,11
Berloz,64008,2020-06-24,0,11
Berloz,64008,2020-06-25,0,11
Berloz,64008,2020-06-26,0,11
Berloz,64008,2020-06-27,0,11
Berloz,64008,2020-06-30,0,11
Berloz,64008,2020-07-01,0,11
Berloz,64008,2020-07-02,0,11
Berloz,64008,2020-07-03,1,12
Berloz,64008,2020-07-04,0,12
Berloz,64008,2020-07-07,0,12
Berloz,64008,2020-07-08,0,12
Berloz,64008,2020-07-09,0,12
Berloz,64008,2020-07-10,0,12
Berloz,64008,2020-07-11,0,12
Berloz,64008,2020-07-14,0,12
Berloz,64008,2020-07-15,0,12
Berloz,64008,2020-07-16,0,12
Berloz,64008,2020-07-17,0,12
Berloz,64008,2020-07-18,0,12
Berloz,64008,2020-07-20,0,12
Berloz,64008,2020-07-21,0,12
Berloz,64008,2020-07-22,0,12
Berloz,64008,2020-07-23,0,12
Berloz,64008,2020-07-24,0,12
Berloz,64008,2020-07-25,0,12
Berloz,64008,2020-07-26,0,12
Berloz,64008,2020-07-27,0,12
Berloz,64008,2020-07-28,0,12
Berloz,64008,2020-07-29,0,12
Berloz,64008,2020-07-30,0,12
Berloz,64008,2020-07-31,0,12
Berloz,64008,2020-08-01,0,12
Berloz,64008,2020-08-02,1,13
Berloz,64008,2020-08-03,0,13
Berloz,64008,2020-08-04,0,13
Berloz,64008,2020-08-05,0,13
Berloz,64008,2020-08-06,0,13
Berloz,64008,2020-08-07,0,13
Berloz,64008,2020-08-08,0,13
Berloz,64008,2020-08-09,0,13
Berloz,64008,2020-08-10,3,16
Berloz,64008,2020-08-11,0,16
Berloz,64008,2020-08-12,0,16
Berloz,64008,2020-08-13,0,16
Berloz,64008,2020-08-14,0,16
Berloz,64008,2020-08-15,0,16
Berloz,64008,2020-08-16,0,16
Berloz,64008,2020-08-17,1,17
Berloz,64008,2020-08-18,0,17
Berloz,64008,2020-08-19,0,17
Berloz,64008,2020-08-20,0,17
Berloz,64008,2020-08-21,0,17
Berloz,64008,2020-08-22,0,17
Berloz,64008,2020-08-23,0,17
Berloz,64008,2020-08-24,3,20
Berloz,64008,2020-08-25,0,20
Berloz,64008,2020-08-26,0,20
Berloz,64008,2020-08-27,0,20
Berloz,64008,2020-08-28,0,20
Berloz,64008,2020-08-29,0,20
Berloz,64008,2020-08-30,0,20
Berloz,64008,2020-08-31,0,20
Berloz,64008,2020-09-01,0,20
Berloz,64008,2020-09-02,0,20
Berloz,64008,2020-09-03,0,20
Berloz,64008,2020-09-04,0,20
Berloz,64008,2020-09-05,0,20
Berloz,64008,2020-09-06,0,20
Berloz,64008,2020-09-07,0,20
Berloz,64008,2020-09-08,0,20
Berloz,64008,2020-09-09,0,20
Berloz,64008,2020-09-10,0,20
Berloz,64008,2020-09-11,0,20
Berloz,64008,2020-09-12,0,20
Berloz,64008,2020-09-13,0,20
Berloz,64008,2020-09-14,0,20
Berloz,64008,2020-09-15,0,20
Berloz,64008,2020-09-16,0,20
Berloz,64008,2020-09-17,0,20
Berloz,64008,2020-09-18,1,21
Berloz,64008,2020-09-19,0,21
Berloz,64008,2020-09-20,0,21
Berloz,64008,2020-09-21,0,21
Berloz,64008,2020-09-22,3,24
Berloz,64008,2020-09-23,0,24
Berloz,64008,2020-09-24,0,24
Berloz,64008,2020-09-25,2,26
Berloz,64008,2020-09-26,0,26
Berloz,64008,2020-09-27,0,26
Berloz,64008,2020-09-28,2,28
Berloz,64008,2020-09-29,0,28
Berloz,64008,2020-09-30,1,29
Berloz,64008,2020-10-01,0,29
Berloz,64008,2020-10-02,0,29
Berloz,64008,2020-10-03,0,29
Berloz,64008,2020-10-04,0,29
Berloz,64008,2020-10-05,2,31
Berloz,64008,2020-10-06,0,31
Berloz,64008,2020-10-07,0,31
Berloz,64008,2020-10-08,1,32
Berloz,64008,2020-10-09,0,32
Berloz,64008,2020-10-10,0,32
Berloz,64008,2020-10-11,1,33
Berloz,64008,2020-10-12,0,33
Berloz,64008,2020-10-13,0,33
Berloz,64008,2020-10-14,4,37
Berloz,64008,2020-10-15,1,38
Berloz,64008,2020-10-16,2,40
Berloz,64008,2020-10-17,2,42
Berloz,64008,2020-10-18,5,47
Berloz,64008,2020-10-19,0,47
Berloz,64008,2020-10-20,7,54
Berloz,64008,2020-10-21,2,56
Berloz,64008,2020-10-22,12,68
Berloz,64008,2020-10-23,8,76
Berloz,64008,2020-10-24,7,83
Berloz,64008,2020-10-25,4,87
Berloz,64008,2020-10-26,5,92
Berloz,64008,2020-10-27,6,98
Berloz,64008,2020-10-28,8,106
Berloz,64008,2020-10-29,7,113
Berloz,64008,2020-10-30,15,128
Berloz,64008,2020-10-31,11,139
Berloz,64008,2020-11-01,10,149
Berloz,64008,2020-11-02,6,155
Berloz,64008,2020-11-03,3,158
Berloz,64008,2020-11-04,4,162
Berloz,64008,2020-11-05,7,169
Berloz,64008,2020-11-06,6,175
Berloz,64008,2020-11-07,4,179
Berloz,64008,2020-11-08,6,185
Berloz,64008,2020-11-09,2,187
Berloz,64008,2020-11-10,1,188
Berloz,64008,2020-11-11,2,190
Braives,64015,2020-04-01,5,5
Braives,64015,2020-04-02,0,5
Braives,64015,2020-04-03,0,5
Braives,64015,2020-04-04,2,7
Braives,64015,2020-04-05,0,7
Braives,64015,2020-04-06,0,7
Braives,64015,2020-04-07,1,8
Braives,64015,2020-04-08,0,8
Braives,64015,2020-04-09,0,8
Braives,64015,2020-04-10,1,9
Braives,64015,2020-04-11,0,9
Braives,64015,2020-04-12,1,10
Braives,64015,2020-04-13,1,11
Braives,64015,2020-04-14,0,11
Braives,64015,2020-04-15,0,11
Braives,64015,2020-04-16,0,11
Braives,64015,2020-04-17,0,11
Braives,64015,2020-04-18,0,11
Braives,64015,2020-04-19,0,11
Braives,64015,2020-04-20,0,11
Braives,64015,2020-04-21,0,11
Braives,64015,2020-04-22,0,11
Braives,64015,2020-04-23,0,11
Braives,64015,2020-04-24,0,11
Braives,64015,2020-04-25,0,11
Braives,64015,2020-04-26,1,12
Braives,64015,2020-04-27,0,12
Braives,64015,2020-04-28,1,13
Braives,64015,2020-04-29,0,13
Braives,64015,2020-04-30,0,13
Braives,64015,2020-05-01,1,14
Braives,64015,2020-05-02,0,14
Braives,64015,2020-05-03,0,14
Braives,64015,2020-05-04,0,14
Braives,64015,2020-05-05,0,14
Braives,64015,2020-05-06,0,14
Braives,64015,2020-05-07,0,14
Braives,64015,2020-05-08,0,14
Braives,64015,2020-05-09,0,14
Braives,64015,2020-05-10,0,14
Braives,64015,2020-05-11,1,15
Braives,64015,2020-05-12,0,15
Braives,64015,2020-05-13,0,15
Braives,64015,2020-05-14,0,15
Braives,64015,2020-05-15,0,15
Braives,64015,2020-05-16,0,15
Braives,64015,2020-05-17,0,15
Braives,64015,2020-05-18,0,15
Braives,64015,2020-05-19,0,15
Braives,64015,2020-05-20,0,15
Braives,64015,2020-05-21,0,15
Braives,64015,2020-05-22,0,15
Braives,64015,2020-05-23,0,15
Braives,64015,2020-05-24,0,15
Braives,64015,2020-05-25,0,15
Braives,64015,2020-05-26,0,15
Braives,64015,2020-05-27,0,15
Braives,64015,2020-05-28,0,15
Braives,64015,2020-05-29,0,15
Braives,64015,2020-05-30,0,15
Braives,64015,2020-05-31,0,15
Braives,64015,2020-06-01,0,15
Braives,64015,2020-06-02,0,15
Braives,64015,2020-06-03,0,15
Braives,64015,2020-06-04,0,15
Braives,64015,2020-06-05,0,15
Braives,64015,2020-06-06,0,15
Braives,64015,2020-06-07,0,15
Braives,64015,2020-06-08,0,15
Braives,64015,2020-06-09,0,15
Braives,64015,2020-06-10,0,15
Braives,64015,2020-06-11,0,15
Braives,64015,2020-06-12,0,15
Braives,64015,2020-06-13,0,15
Braives,64015,2020-06-14,0,15
Braives,64015,2020-06-15,0,15
Braives,64015,2020-06-16,0,15
Braives,64015,2020-06-17,0,15
Braives,64015,2020-06-18,0,15
Braives,64015,2020-06-19,0,15
Braives,64015,2020-06-20,0,15
Braives,64015,2020-06-23,0,15
Braives,64015,2020-06-24,0,15
Braives,64015,2020-06-25,0,15
Braives,64015,2020-06-26,0,15
Braives,64015,2020-06-27,0,15
Braives,64015,2020-06-30,0,15
Braives,64015,2020-07-01,0,15
Braives,64015,2020-07-02,0,15
Braives,64015,2020-07-03,0,15
Braives,64015,2020-07-04,0,15
Braives,64015,2020-07-07,0,15
Braives,64015,2020-07-08,0,15
Braives,64015,2020-07-09,0,15
Braives,64015,2020-07-10,0,15
Braives,64015,2020-07-11,1,16
Braives,64015,2020-07-14,3,19
Braives,64015,2020-07-15,2,21
Braives,64015,2020-07-16,0,21
Braives,64015,2020-07-17,1,22
Braives,64015,2020-07-18,0,22
Braives,64015,2020-07-20,0,22
Braives,64015,2020-07-21,0,22
Braives,64015,2020-07-22,0,22
Braives,64015,2020-07-23,12,34
Braives,64015,2020-07-24,0,34
Braives,64015,2020-07-25,1,35
Braives,64015,2020-07-26,0,35
Braives,64015,2020-07-27,0,35
Braives,64015,2020-07-28,1,36
Braives,64015,2020-07-29,0,36
Braives,64015,2020-07-30,0,36
Braives,64015,2020-07-31,0,36
Braives,64015,2020-08-01,0,36
Braives,64015,2020-08-02,0,36
Braives,64015,2020-08-03,0,36
Braives,64015,2020-08-04,0,36
Braives,64015,2020-08-05,0,36
Braives,64015,2020-08-06,0,36
Braives,64015,2020-08-07,0,36
Braives,64015,2020-08-08,0,36
Braives,64015,2020-08-09,0,36
Braives,64015,2020-08-10,0,36
Braives,64015,2020-08-11,0,36
Braives,64015,2020-08-12,0,36
Braives,64015,2020-08-13,0,36
Braives,64015,2020-08-14,2,38
Braives,64015,2020-08-15,0,38
Braives,64015,2020-08-16,0,38
Braives,64015,2020-08-17,1,39
Braives,64015,2020-08-18,0,39
Braives,64015,2020-08-19,0,39
Braives,64015,2020-08-20,0,39
Braives,64015,2020-08-21,0,39
Braives,64015,2020-08-22,0,39
Braives,64015,2020-08-23,0,39
Braives,64015,2020-08-24,1,40
Braives,64015,2020-08-25,0,40
Braives,64015,2020-08-26,0,40
Braives,64015,2020-08-27,0,40
Braives,64015,2020-08-28,0,40
Braives,64015,2020-08-29,0,40
Braives,64015,2020-08-30,2,42
Braives,64015,2020-08-31,0,42
Braives,64015,2020-09-01,0,42
Braives,64015,2020-09-02,0,42
Braives,64015,2020-09-03,0,42
Braives,64015,2020-09-04,0,42
Braives,64015,2020-09-05,0,42
Braives,64015,2020-09-06,0,42
Braives,64015,2020-09-07,0,42
Braives,64015,2020-09-08,0,42
Braives,64015,2020-09-09,0,42
Braives,64015,2020-09-10,0,42
Braives,64015,2020-09-11,0,42
Braives,64015,2020-09-12,0,42
Braives,64015,2020-09-13,0,42
Braives,64015,2020-09-14,0,42
Braives,64015,2020-09-15,1,43
Braives,64015,2020-09-16,0,43
Braives,64015,2020-09-17,0,43
Braives,64015,2020-09-18,2,45
Braives,64015,2020-09-19,1,46
Braives,64015,2020-09-20,0,46
Braives,64015,2020-09-21,0,46
Braives,64015,2020-09-22,0,46
Braives,64015,2020-09-23,0,46
Braives,64015,2020-09-24,0,46
Braives,64015,2020-09-25,1,47
Braives,64015,2020-09-26,3,50
Braives,64015,2020-09-27,2,52
Braives,64015,2020-09-28,0,52
Braives,64015,2020-09-29,2,54
Braives,64015,2020-09-30,2,56
Braives,64015,2020-10-01,2,58
Braives,64015,2020-10-02,1,59
Braives,64015,2020-10-03,0,59
Braives,64015,2020-10-04,1,60
Braives,64015,2020-10-05,3,63
Braives,64015,2020-10-06,2,65
Braives,64015,2020-10-07,1,66
Braives,64015,2020-10-08,6,72
Braives,64015,2020-10-09,5,77
Braives,64015,2020-10-10,3,80
Braives,64015,2020-10-11,5,85
Braives,64015,2020-10-12,2,87
Braives,64015,2020-10-13,2,89
Braives,64015,2020-10-14,4,93
Braives,64015,2020-10-15,3,96
Braives,64015,2020-10-16,8,104
Braives,64015,2020-10-17,12,116
Braives,64015,2020-10-18,7,123
Braives,64015,2020-10-19,2,125
Braives,64015,2020-10-20,5,130
Braives,64015,2020-10-21,5,135
Braives,64015,2020-10-22,19,154
Braives,64015,2020-10-23,8,162
Braives,64015,2020-10-24,11,173
Braives,64015,2020-10-25,5,178
Braives,64015,2020-10-26,16,194
Braives,64015,2020-10-27,21,215
Braives,64015,2020-10-28,15,230
Braives,64015,2020-10-29,16,246
Braives,64015,2020-10-30,21,267
Braives,64015,2020-10-31,16,283
Braives,64015,2020-11-01,16,299
Braives,64015,2020-11-02,12,311
Braives,64015,2020-11-03,2,313
Braives,64015,2020-11-04,3,316
Braives,64015,2020-11-05,4,320
Braives,64015,2020-11-06,13,333
Braives,64015,2020-11-07,8,341
Braives,64015,2020-11-08,2,343
Braives,64015,2020-11-09,2,345
Braives,64015,2020-11-10,1,346
Braives,64015,2020-11-11,2,348
Crisnée,64021,2020-04-01,0,0
Crisnée,64021,2020-04-02,0,0
Crisnée,64021,2020-04-03,0,0
Crisnée,64021,2020-04-04,5,5
Crisnée,64021,2020-04-05,1,6
Crisnée,64021,2020-04-06,0,6
Crisnée,64021,2020-04-07,2,8
Crisnée,64021,2020-04-08,1,9
Crisnée,64021,2020-04-09,0,9
Crisnée,64021,2020-04-10,2,11
Crisnée,64021,2020-04-11,0,11
Crisnée,64021,2020-04-12,0,11
Crisnée,64021,2020-04-13,0,11
Crisnée,64021,2020-04-14,0,11
Crisnée,64021,2020-04-15,2,13
Crisnée,64021,2020-04-16,0,13
Crisnée,64021,2020-04-17,0,13
Crisnée,64021,2020-04-18,0,13
Crisnée,64021,2020-04-19,0,13
Crisnée,64021,2020-04-20,0,13
Crisnée,64021,2020-04-21,0,13
Crisnée,64021,2020-04-22,0,13
Crisnée,64021,2020-04-23,0,13
Crisnée,64021,2020-04-24,0,13
Crisnée,64021,2020-04-25,0,13
Crisnée,64021,2020-04-26,14,27
Crisnée,64021,2020-04-27,0,27
Crisnée,64021,2020-04-28,1,28
Crisnée,64021,2020-04-29,0,28
Crisnée,64021,2020-04-30,0,28
Crisnée,64021,2020-05-01,0,28
Crisnée,64021,2020-05-02,0,28
Crisnée,64021,2020-05-03,0,28
Crisnée,64021,2020-05-04,0,28
Crisnée,64021,2020-05-05,0,28
Crisnée,64021,2020-05-06,0,28
Crisnée,64021,2020-05-07,0,28
Crisnée,64021,2020-05-08,0,28
Crisnée,64021,2020-05-09,1,29
Crisnée,64021,2020-05-10,0,29
Crisnée,64021,2020-05-11,0,29
Crisnée,64021,2020-05-12,0,29
Crisnée,64021,2020-05-13,0,29
Crisnée,64021,2020-05-14,0,29
Crisnée,64021,2020-05-15,0,29
Crisnée,64021,2020-05-16,0,29
Crisnée,64021,2020-05-17,0,29
Crisnée,64021,2020-05-18,0,29
Crisnée,64021,2020-05-19,0,29
Crisnée,64021,2020-05-20,0,29
Crisnée,64021,2020-05-21,1,30
Crisnée,64021,2020-05-22,0,30
Crisnée,64021,2020-05-23,0,30
Crisnée,64021,2020-05-24,0,30
Crisnée,64021,2020-05-25,0,30
Crisnée,64021,2020-05-26,0,30
Crisnée,64021,2020-05-27,0,30
Crisnée,64021,2020-05-28,0,30
Crisnée,64021,2020-05-29,0,30
Crisnée,64021,2020-05-30,0,30
Crisnée,64021,2020-05-31,0,30
Crisnée,64021,2020-06-01,0,30
Crisnée,64021,2020-06-02,0,30
Crisnée,64021,2020-06-03,0,30
Crisnée,64021,2020-06-04,0,30
Crisnée,64021,2020-06-05,0,30
Crisnée,64021,2020-06-06,1,31
Crisnée,64021,2020-06-07,0,31
Crisnée,64021,2020-06-08,0,31
Crisnée,64021,2020-06-09,0,31
Crisnée,64021,2020-06-10,0,31
Crisnée,64021,2020-06-11,0,31
Crisnée,64021,2020-06-12,0,31
Crisnée,64021,2020-06-13,0,31
Crisnée,64021,2020-06-14,0,31
Crisnée,64021,2020-06-15,0,31
Crisnée,64021,2020-06-16,0,31
Crisnée,64021,2020-06-17,0,31
Crisnée,64021,2020-06-18,0,31
Crisnée,64021,2020-06-19,0,31
Crisnée,64021,2020-06-20,0,31
Crisnée,64021,2020-06-23,1,32
Crisnée,64021,2020-06-24,0,32
Crisnée,64021,2020-06-25,0,32
Crisnée,64021,2020-06-26,0,32
Crisnée,64021,2020-06-27,0,32
Crisnée,64021,2020-06-30,0,32
Crisnée,64021,2020-07-01,0,32
Crisnée,64021,2020-07-02,0,32
Crisnée,64021,2020-07-03,0,32
Crisnée,64021,2020-07-04,0,32
Crisnée,64021,2020-07-07,0,32
Crisnée,64021,2020-07-08,0,32
Crisnée,64021,2020-07-09,0,32
Crisnée,64021,2020-07-10,0,32
Crisnée,64021,2020-07-11,0,32
Crisnée,64021,2020-07-14,0,32
Crisnée,64021,2020-07-15,0,32
Crisnée,64021,2020-07-16,0,32
Crisnée,64021,2020-07-17,0,32
Crisnée,64021,2020-07-18,0,32
Crisnée,64021,2020-07-20,0,32
Crisnée,64021,2020-07-21,0,32
Crisnée,64021,2020-07-22,0,32
Crisnée,64021,2020-07-23,0,32
Crisnée,64021,2020-07-24,0,32
Crisnée,64021,2020-07-25,0,32
Crisnée,64021,2020-07-26,0,32
Crisnée,64021,2020-07-27,0,32
Crisnée,64021,2020-07-28,0,32
Crisnée,64021,2020-07-29,0,32
Crisnée,64021,2020-07-30,0,32
Crisnée,64021,2020-07-31,0,32
Crisnée,64021,2020-08-01,0,32
Crisnée,64021,2020-08-02,1,33
Crisnée,64021,2020-08-03,1,34
Crisnée,64021,2020-08-04,0,34
Crisnée,64021,2020-08-05,0,34
Crisnée,64021,2020-08-06,0,34
Crisnée,64021,2020-08-07,0,34
Crisnée,64021,2020-08-08,0,34
Crisnée,64021,2020-08-09,0,34
Crisnée,64021,2020-08-10,0,34
Crisnée,64021,2020-08-11,0,34
Crisnée,64021,2020-08-12,0,34
Crisnée,64021,2020-08-13,0,34
Crisnée,64021,2020-08-14,0,34
Crisnée,64021,2020-08-15,0,34
Crisnée,64021,2020-08-16,0,34
Crisnée,64021,2020-08-17,0,34
Crisnée,64021,2020-08-18,0,34
Crisnée,64021,2020-08-19,0,34
Crisnée,64021,2020-08-20,0,34
Crisnée,64021,2020-08-21,0,34
Crisnée,64021,2020-08-22,0,34
Crisnée,64021,2020-08-23,2,36
Crisnée,64021,2020-08-24,0,36
Crisnée,64021,2020-08-25,0,36
Crisnée,64021,2020-08-26,0,36
Crisnée,64021,2020-08-27,0,36
Crisnée,64021,2020-08-28,0,36
Crisnée,64021,2020-08-29,0,36
Crisnée,64021,2020-08-30,0,36
Crisnée,64021,2020-08-31,0,36
Crisnée,64021,2020-09-01,0,36
Crisnée,64021,2020-09-02,0,36
Crisnée,64021,2020-09-03,0,36
Crisnée,64021,2020-09-04,0,36
Crisnée,64021,2020-09-05,0,36
Crisnée,64021,2020-09-06,0,36
Crisnée,64021,2020-09-07,0,36
Crisnée,64021,2020-09-08,0,36
Crisnée,64021,2020-09-09,0,36
Crisnée,64021,2020-09-10,0,36
Crisnée,64021,2020-09-11,0,36
Crisnée,64021,2020-09-12,0,36
Crisnée,64021,2020-09-13,1,37
Crisnée,64021,2020-09-14,0,37
Crisnée,64021,2020-09-15,0,37
Crisnée,64021,2020-09-16,0,37
Crisnée,64021,2020-09-17,0,37
Crisnée,64021,2020-09-18,0,37
Crisnée,64021,2020-09-19,0,37
Crisnée,64021,2020-09-20,2,39
Crisnée,64021,2020-09-21,0,39
Crisnée,64021,2020-09-22,0,39
Crisnée,64021,2020-09-23,2,41
Crisnée,64021,2020-09-24,0,41
Crisnée,64021,2020-09-25,0,41
Crisnée,64021,2020-09-26,0,41
Crisnée,64021,2020-09-27,1,42
Crisnée,64021,2020-09-28,1,43
Crisnée,64021,2020-09-29,2,45
Crisnée,64021,2020-09-30,0,45
Crisnée,64021,2020-10-01,0,45
Crisnée,64021,2020-10-02,0,45
Crisnée,64021,2020-10-03,1,46
Crisnée,64021,2020-10-04,2,48
Crisnée,64021,2020-10-05,0,48
Crisnée,64021,2020-10-06,1,49
Crisnée,64021,2020-10-07,1,50
Crisnée,64021,2020-10-08,5,55
Crisnée,64021,2020-10-09,3,58
Crisnée,64021,2020-10-10,5,63
Crisnée,64021,2020-10-11,2,65
Crisnée,64021,2020-10-12,2,67
Crisnée,64021,2020-10-13,1,68
Crisnée,64021,2020-10-14,10,78
Crisnée,64021,2020-10-15,5,83
Crisnée,64021,2020-10-16,1,84
Crisnée,64021,2020-10-17,7,91
Crisnée,64021,2020-10-18,2,93
Crisnée,64021,2020-10-19,1,94
Crisnée,64021,2020-10-20,11,105
Crisnée,64021,2020-10-21,8,113
Crisnée,64021,2020-10-22,11,124
Crisnée,64021,2020-10-23,9,133
Crisnée,64021,2020-10-24,17,150
Crisnée,64021,2020-10-25,6,156
Crisnée,64021,2020-10-26,10,166
Crisnée,64021,2020-10-27,7,173
Crisnée,64021,2020-10-28,12,185
Crisnée,64021,2020-10-29,17,202
Crisnée,64021,2020-10-30,12,214
Crisnée,64021,2020-10-31,6,220
Crisnée,64021,2020-11-01,8,228
Crisnée,64021,2020-11-02,6,234
Crisnée,64021,2020-11-03,6,240
Crisnée,64021,2020-11-04,5,245
Crisnée,64021,2020-11-05,3,248
Crisnée,64021,2020-11-06,4,252
Crisnée,64021,2020-11-07,10,262
Crisnée,64021,2020-11-08,3,265
Crisnée,64021,2020-11-09,0,265
Crisnée,64021,2020-11-10,3,268
Crisnée,64021,2020-11-11,2,270
Donceel,64023,2020-04-01,0,0
Donceel,64023,2020-04-02,0,0
Donceel,64023,2020-04-03,0,0
Donceel,64023,2020-04-04,0,0
Donceel,64023,2020-04-05,0,0
Donceel,64023,2020-04-06,0,0
Donceel,64023,2020-04-07,0,0
Donceel,64023,2020-04-08,5,5
Donceel,64023,2020-04-09,0,5
Donceel,64023,2020-04-10,0,5
Donceel,64023,2020-04-11,1,6
Donceel,64023,2020-04-12,0,6
Donceel,64023,2020-04-13,0,6
Donceel,64023,2020-04-14,0,6
Donceel,64023,2020-04-15,1,7
Donceel,64023,2020-04-16,0,7
Donceel,64023,2020-04-17,0,7
Donceel,64023,2020-04-18,0,7
Donceel,64023,2020-04-19,1,8
Donceel,64023,2020-04-20,0,8
Donceel,64023,2020-04-21,0,8
Donceel,64023,2020-04-22,0,8
Donceel,64023,2020-04-23,1,9
Donceel,64023,2020-04-24,0,9
Donceel,64023,2020-04-25,0,9
Donceel,64023,2020-04-26,0,9
Donceel,64023,2020-04-27,0,9
Donceel,64023,2020-04-28,0,9
Donceel,64023,2020-04-29,0,9
Donceel,64023,2020-04-30,0,9
Donceel,64023,2020-05-01,0,9
Donceel,64023,2020-05-02,0,9
Donceel,64023,2020-05-03,0,9
Donceel,64023,2020-05-04,0,9
Donceel,64023,2020-05-05,0,9
Donceel,64023,2020-05-06,0,9
Donceel,64023,2020-05-07,1,10
Donceel,64023,2020-05-08,0,10
Donceel,64023,2020-05-09,0,10
Donceel,64023,2020-05-10,0,10
Donceel,64023,2020-05-11,0,10
Donceel,64023,2020-05-12,0,10
Donceel,64023,2020-05-13,0,10
Donceel,64023,2020-05-14,0,10
Donceel,64023,2020-05-15,0,10
Donceel,64023,2020-05-16,0,10
Donceel,64023,2020-05-17,0,10
Donceel,64023,2020-05-18,2,12
Donceel,64023,2020-05-19,0,12
Donceel,64023,2020-05-20,0,12
Donceel,64023,2020-05-21,0,12
Donceel,64023,2020-05-22,0,12
Donceel,64023,2020-05-23,0,12
Donceel,64023,2020-05-24,0,12
Donceel,64023,2020-05-25,0,12
Donceel,64023,2020-05-26,0,12
Donceel,64023,2020-05-27,0,12
Donceel,64023,2020-05-28,0,12
Donceel,64023,2020-05-29,0,12
Donceel,64023,2020-05-30,0,12
Donceel,64023,2020-05-31,0,12
Donceel,64023,2020-06-01,0,12
Donceel,64023,2020-06-02,0,12
Donceel,64023,2020-06-03,0,12
Donceel,64023,2020-06-04,0,12
Donceel,64023,2020-06-05,0,12
Donceel,64023,2020-06-06,0,12
Donceel,64023,2020-06-07,0,12
Donceel,64023,2020-06-08,0,12
Donceel,64023,2020-06-09,0,12
Donceel,64023,2020-06-10,0,12
Donceel,64023,2020-06-11,0,12
Donceel,64023,2020-06-12,0,12
Donceel,64023,2020-06-13,0,12
Donceel,64023,2020-06-14,0,12
Donceel,64023,2020-06-15,0,12
Donceel,64023,2020-06-16,0,12
Donceel,64023,2020-06-17,0,12
Donceel,64023,2020-06-18,0,12
Donceel,64023,2020-06-19,0,12
Donceel,64023,2020-06-20,0,12
Donceel,64023,2020-06-23,0,12
Donceel,64023,2020-06-24,0,12
Donceel,64023,2020-06-25,0,12
Donceel,64023,2020-06-26,0,12
Donceel,64023,2020-06-27,0,12
Donceel,64023,2020-06-30,0,12
Donceel,64023,2020-07-01,0,12
Donceel,64023,2020-07-02,0,12
Donceel,64023,2020-07-03,0,12
Donceel,64023,2020-07-04,0,12
Donceel,64023,2020-07-07,0,12
Donceel,64023,2020-07-08,0,12
Donceel,64023,2020-07-09,0,12
Donceel,64023,2020-07-10,0,12
Donceel,64023,2020-07-11,0,12
Donceel,64023,2020-07-14,0,12
Donceel,64023,2020-07-15,0,12
Donceel,64023,2020-07-16,0,12
Donceel,64023,2020-07-17,0,12
Donceel,64023,2020-07-18,0,12
Donceel,64023,2020-07-20,0,12
Donceel,64023,2020-07-21,0,12
Donceel,64023,2020-07-22,0,12
Donceel,64023,2020-07-23,0,12
Donceel,64023,2020-07-24,0,12
Donceel,64023,2020-07-25,0,12
Donceel,64023,2020-07-26,0,12
Donceel,64023,2020-07-27,0,12
Donceel,64023,2020-07-28,0,12
Donceel,64023,2020-07-29,0,12
Donceel,64023,2020-07-30,0,12
Donceel,64023,2020-07-31,0,12
Donceel,64023,2020-08-01,0,12
Donceel,64023,2020-08-02,0,12
Donceel,64023,2020-08-03,0,12
Donceel,64023,2020-08-04,0,12
Donceel,64023,2020-08-05,0,12
Donceel,64023,2020-08-06,0,12
Donceel,64023,2020-08-07,0,12
Donceel,64023,2020-08-08,0,12
Donceel,64023,2020-08-09,0,12
Donceel,64023,2020-08-10,0,12
Donceel,64023,2020-08-11,0,12
Donceel,64023,2020-08-12,0,12
Donceel,64023,2020-08-13,0,12
Donceel,64023,2020-08-14,2,14
Donceel,64023,2020-08-15,0,14
Donceel,64023,2020-08-16,0,14
Donceel,64023,2020-08-17,0,14
Donceel,64023,2020-08-18,0,14
Donceel,64023,2020-08-19,0,14
Donceel,64023,2020-08-20,0,14
Donceel,64023,2020-08-21,0,14
Donceel,64023,2020-08-22,0,14
Donceel,64023,2020-08-23,0,14
Donceel,64023,2020-08-24,0,14
Donceel,64023,2020-08-25,0,14
Donceel,64023,2020-08-26,1,15
Donceel,64023,2020-08-27,0,15
Donceel,64023,2020-08-28,0,15
Donceel,64023,2020-08-29,0,15
Donceel,64023,2020-08-30,0,15
Donceel,64023,2020-08-31,0,15
Donceel,64023,2020-09-01,-1,14
Donceel,64023,2020-09-02,0,14
Donceel,64023,2020-09-03,0,14
Donceel,64023,2020-09-04,0,14
Donceel,64023,2020-09-05,0,14
Donceel,64023,2020-09-06,0,14
Donceel,64023,2020-09-07,0,14
Donceel,64023,2020-09-08,1,15
Donceel,64023,2020-09-09,0,15
Donceel,64023,2020-09-10,0,15
Donceel,64023,2020-09-11,0,15
Donceel,64023,2020-09-12,0,15
Donceel,64023,2020-09-13,0,15
Donceel,64023,2020-09-14,0,15
Donceel,64023,2020-09-15,0,15
Donceel,64023,2020-09-16,0,15
Donceel,64023,2020-09-17,0,15
Donceel,64023,2020-09-18,0,15
Donceel,64023,2020-09-19,0,15
Donceel,64023,2020-09-20,1,16
Donceel,64023,2020-09-21,0,16
Donceel,64023,2020-09-22,0,16
Donceel,64023,2020-09-23,0,16
Donceel,64023,2020-09-24,0,16
Donceel,64023,2020-09-25,1,17
Donceel,64023,2020-09-26,0,17
Donceel,64023,2020-09-27,1,18
Donceel,64023,2020-09-28,1,19
Donceel,64023,2020-09-29,0,19
Donceel,64023,2020-09-30,0,19
Donceel,64023,2020-10-01,2,21
Donceel,64023,2020-10-02,1,22
Donceel,64023,2020-10-03,1,23
Donceel,64023,2020-10-04,1,24
Donceel,64023,2020-10-05,1,25
Donceel,64023,2020-10-06,1,26
Donceel,64023,2020-10-07,0,26
Donceel,64023,2020-10-08,3,29
Donceel,64023,2020-10-09,2,31
Donceel,64023,2020-10-10,6,37
Donceel,64023,2020-10-11,4,41
Donceel,64023,2020-10-12,4,45
Donceel,64023,2020-10-13,4,49
Donceel,64023,2020-10-14,7,56
Donceel,64023,2020-10-15,4,60
Donceel,64023,2020-10-16,0,60
Donceel,64023,2020-10-17,2,62
Donceel,64023,2020-10-18,4,66
Donceel,64023,2020-10-19,6,72
Donceel,64023,2020-10-20,8,80
Donceel,64023,2020-10-21,4,84
Donceel,64023,2020-10-22,6,90
Donceel,64023,2020-10-23,9,99
Donceel,64023,2020-10-24,10,109
Donceel,64023,2020-10-25,6,115
Donceel,64023,2020-10-26,11,126
Donceel,64023,2020-10-27,5,131
Donceel,64023,2020-10-28,12,143
Donceel,64023,2020-10-29,8,151
Donceel,64023,2020-10-30,3,154
Donceel,64023,2020-10-31,13,167
Donceel,64023,2020-11-01,10,177
Donceel,64023,2020-11-02,7,184
Donceel,64023,2020-11-03,4,188
Donceel,64023,2020-11-04,3,191
Donceel,64023,2020-11-05,2,193
Donceel,64023,2020-11-06,3,196
Donceel,64023,2020-11-07,1,197
Donceel,64023,2020-11-08,2,199
Donceel,64023,2020-11-09,0,199
Donceel,64023,2020-11-10,0,199
Donceel,64023,2020-11-11,4,203
Fexhe-le-Haut-Clocher,64025,2020-04-01,0,0
Fexhe-le-Haut-Clocher,64025,2020-04-02,0,0
Fexhe-le-Haut-Clocher,64025,2020-04-03,0,0
Fexhe-le-Haut-Clocher,64025,2020-04-04,0,0
Fexhe-le-Haut-Clocher,64025,2020-04-05,0,0
Fexhe-le-Haut-Clocher,64025,2020-04-06,0,0
Fexhe-le-Haut-Clocher,64025,2020-04-07,0,0
Fexhe-le-Haut-Clocher,64025,2020-04-08,0,0
Fexhe-le-Haut-Clocher,64025,2020-04-09,0,0
Fexhe-le-Haut-Clocher,64025,2020-04-10,0,0
Fexhe-le-Haut-Clocher,64025,2020-04-11,5,5
Fexhe-le-Haut-Clocher,64025,2020-04-12,0,5
Fexhe-le-Haut-Clocher,64025,2020-04-13,0,5
Fexhe-le-Haut-Clocher,64025,2020-04-14,0,5
Fexhe-le-Haut-Clocher,64025,2020-04-15,2,7
Fexhe-le-Haut-Clocher,64025,2020-04-16,0,7
Fexhe-le-Haut-Clocher,64025,2020-04-17,0,7
Fexhe-le-Haut-Clocher,64025,2020-04-18,1,8
Fexhe-le-Haut-Clocher,64025,2020-04-19,1,9
Fexhe-le-Haut-Clocher,64025,2020-04-20,1,10
Fexhe-le-Haut-Clocher,64025,2020-04-21,0,10
Fexhe-le-Haut-Clocher,64025,2020-04-22,0,10
Fexhe-le-Haut-Clocher,64025,2020-04-23,0,10
Fexhe-le-Haut-Clocher,64025,2020-04-24,0,10
Fexhe-le-Haut-Clocher,64025,2020-04-25,1,11
Fexhe-le-Haut-Clocher,64025,2020-04-26,1,12
Fexhe-le-Haut-Clocher,64025,2020-04-27,0,12
Fexhe-le-Haut-Clocher,64025,2020-04-28,1,13
Fexhe-le-Haut-Clocher,64025,2020-04-29,0,13
Fexhe-le-Haut-Clocher,64025,2020-04-30,0,13
Fexhe-le-Haut-Clocher,64025,2020-05-01,0,13
Fexhe-le-Haut-Clocher,64025,2020-05-02,0,13
Fexhe-le-Haut-Clocher,64025,2020-05-03,0,13
Fexhe-le-Haut-Clocher,64025,2020-05-04,0,13
Fexhe-le-Haut-Clocher,64025,2020-05-05,0,13
Fexhe-le-Haut-Clocher,64025,2020-05-06,0,13
Fexhe-le-Haut-Clocher,64025,2020-05-07,0,13
Fexhe-le-Haut-Clocher,64025,2020-05-08,0,13
Fexhe-le-Haut-Clocher,64025,2020-05-09,0,13
Fexhe-le-Haut-Clocher,64025,2020-05-10,1,14
Fexhe-le-Haut-Clocher,64025,2020-05-11,0,14
Fexhe-le-Haut-Clocher,64025,2020-05-12,0,14
Fexhe-le-Haut-Clocher,64025,2020-05-13,0,14
Fexhe-le-Haut-Clocher,64025,2020-05-14,0,14
Fexhe-le-Haut-Clocher,64025,2020-05-15,0,14
Fexhe-le-Haut-Clocher,64025,2020-05-16,0,14
Fexhe-le-Haut-Clocher,64025,2020-05-17,0,14
Fexhe-le-Haut-Clocher,64025,2020-05-18,0,14
Fexhe-le-Haut-Clocher,64025,2020-05-19,0,14
Fexhe-le-Haut-Clocher,64025,2020-05-20,0,14
Fexhe-le-Haut-Clocher,64025,2020-05-21,0,14
Fexhe-le-Haut-Clocher,64025,2020-05-22,0,14
Fexhe-le-Haut-Clocher,64025,2020-05-23,0,14
Fexhe-le-Haut-Clocher,64025,2020-05-24,0,14
Fexhe-le-Haut-Clocher,64025,2020-05-25,0,14
Fexhe-le-Haut-Clocher,64025,2020-05-26,0,14
Fexhe-le-Haut-Clocher,64025,2020-05-27,0,14
Fexhe-le-Haut-Clocher,64025,2020-05-28,0,14
Fexhe-le-Haut-Clocher,64025,2020-05-29,0,14
Fexhe-le-Haut-Clocher,64025,2020-05-30,0,14
Fexhe-le-Haut-Clocher,64025,2020-05-31,0,14
Fexhe-le-Haut-Clocher,64025,2020-06-01,0,14
Fexhe-le-Haut-Clocher,64025,2020-06-02,0,14
Fexhe-le-Haut-Clocher,64025,2020-06-03,0,14
Fexhe-le-Haut-Clocher,64025,2020-06-04,0,14
Fexhe-le-Haut-Clocher,64025,2020-06-05,0,14
Fexhe-le-Haut-Clocher,64025,2020-06-06,0,14
Fexhe-le-Haut-Clocher,64025,2020-06-07,0,14
Fexhe-le-Haut-Clocher,64025,2020-06-08,0,14
Fexhe-le-Haut-Clocher,64025,2020-06-09,1,15
Fexhe-le-Haut-Clocher,64025,2020-06-10,0,15
Fexhe-le-Haut-Clocher,64025,2020-06-11,0,15
Fexhe-le-Haut-Clocher,64025,2020-06-12,0,15
Fexhe-le-Haut-Clocher,64025,2020-06-13,0,15
Fexhe-le-Haut-Clocher,64025,2020-06-14,0,15
Fexhe-le-Haut-Clocher,64025,2020-06-15,0,15
Fexhe-le-Haut-Clocher,64025,2020-06-16,0,15
Fexhe-le-Haut-Clocher,64025,2020-06-17,0,15
Fexhe-le-Haut-Clocher,64025,2020-06-18,0,15
Fexhe-le-Haut-Clocher,64025,2020-06-19,0,15
Fexhe-le-Haut-Clocher,64025,2020-06-20,0,15
Fexhe-le-Haut-Clocher,64025,2020-06-23,0,15
Fexhe-le-Haut-Clocher,64025,2020-06-24,0,15
Fexhe-le-Haut-Clocher,64025,2020-06-25,0,15
Fexhe-le-Haut-Clocher,64025,2020-06-26,0,15
Fexhe-le-Haut-Clocher,64025,2020-06-27,0,15
Fexhe-le-Haut-Clocher,64025,2020-06-30,0,15
Fexhe-le-Haut-Clocher,64025,2020-07-01,0,15
Fexhe-le-Haut-Clocher,64025,2020-07-02,0,15
Fexhe-le-Haut-Clocher,64025,2020-07-03,0,15
Fexhe-le-Haut-Clocher,64025,2020-07-04,0,15
Fexhe-le-Haut-Clocher,64025,2020-07-07,0,15
Fexhe-le-Haut-Clocher,64025,2020-07-08,0,15
Fexhe-le-Haut-Clocher,64025,2020-07-09,0,15
Fexhe-le-Haut-Clocher,64025,2020-07-10,0,15
Fexhe-le-Haut-Clocher,64025,2020-07-11,0,15
Fexhe-le-Haut-Clocher,64025,2020-07-14,0,15
Fexhe-le-Haut-Clocher,64025,2020-07-15,0,15
Fexhe-le-Haut-Clocher,64025,2020-07-16,0,15
Fexhe-le-Haut-Clocher,64025,2020-07-17,0,15
Fexhe-le-Haut-Clocher,64025,2020-07-18,0,15
Fexhe-le-Haut-Clocher,64025,2020-07-20,0,15
Fexhe-le-Haut-Clocher,64025,2020-07-21,0,15
Fexhe-le-Haut-Clocher,64025,2020-07-22,0,15
Fexhe-le-Haut-Clocher,64025,2020-07-23,0,15
Fexhe-le-Haut-Clocher,64025,2020-07-24,0,15
Fexhe-le-Haut-Clocher,64025,2020-07-25,0,15
Fexhe-le-Haut-Clocher,64025,2020-07-26,0,15
Fexhe-le-Haut-Clocher,64025,2020-07-27,0,15
Fexhe-le-Haut-Clocher,64025,2020-07-28,0,15
Fexhe-le-Haut-Clocher,64025,2020-07-29,0,15
Fexhe-le-Haut-Clocher,64025,2020-07-30,0,15
Fexhe-le-Haut-Clocher,64025,2020-07-31,0,15
Fexhe-le-Haut-Clocher,64025,2020-08-01,0,15
Fexhe-le-Haut-Clocher,64025,2020-08-02,0,15
Fexhe-le-Haut-Clocher,64025,2020-08-03,0,15
Fexhe-le-Haut-Clocher,64025,2020-08-04,0,15
Fexhe-le-Haut-Clocher,64025,2020-08-05,0,15
Fexhe-le-Haut-Clocher,64025,2020-08-06,0,15
Fexhe-le-Haut-Clocher,64025,2020-08-07,0,15
Fexhe-le-Haut-Clocher,64025,2020-08-08,0,15
Fexhe-le-Haut-Clocher,64025,2020-08-09,0,15
Fexhe-le-Haut-Clocher,64025,2020-08-10,0,15
Fexhe-le-Haut-Clocher,64025,2020-08-11,0,15
Fexhe-le-Haut-Clocher,64025,2020-08-12,0,15
Fexhe-le-Haut-Clocher,64025,2020-08-13,0,15
Fexhe-le-Haut-Clocher,64025,2020-08-14,0,15
Fexhe-le-Haut-Clocher,64025,2020-08-15,0,15
Fexhe-le-Haut-Clocher,64025,2020-08-16,0,15
Fexhe-le-Haut-Clocher,64025,2020-08-17,0,15
Fexhe-le-Haut-Clocher,64025,2020-08-18,0,15
Fexhe-le-Haut-Clocher,64025,2020-08-19,0,15
Fexhe-le-Haut-Clocher,64025,2020-08-20,0,15
Fexhe-le-Haut-Clocher,64025,2020-08-21,0,15
Fexhe-le-Haut-Clocher,64025,2020-08-22,0,15
Fexhe-le-Haut-Clocher,64025,2020-08-23,0,15
Fexhe-le-Haut-Clocher,64025,2020-08-24,0,15
Fexhe-le-Haut-Clocher,64025,2020-08-25,0,15
Fexhe-le-Haut-Clocher,64025,2020-08-26,0,15
Fexhe-le-Haut-Clocher,64025,2020-08-27,0,15
Fexhe-le-Haut-Clocher,64025,2020-08-28,0,15
Fexhe-le-Haut-Clocher,64025,2020-08-29,1,16
Fexhe-le-Haut-Clocher,64025,2020-08-30,1,17
Fexhe-le-Haut-Clocher,64025,2020-08-31,0,17
Fexhe-le-Haut-Clocher,64025,2020-09-01,0,17
Fexhe-le-Haut-Clocher,64025,2020-09-02,0,17
Fexhe-le-Haut-Clocher,64025,2020-09-03,0,17
Fexhe-le-Haut-Clocher,64025,2020-09-04,0,17
Fexhe-le-Haut-Clocher,64025,2020-09-05,0,17
Fexhe-le-Haut-Clocher,64025,2020-09-06,1,18
Fexhe-le-Haut-Clocher,64025,2020-09-07,0,18
Fexhe-le-Haut-Clocher,64025,2020-09-08,0,18
Fexhe-le-Haut-Clocher,64025,2020-09-09,0,18
Fexhe-le-Haut-Clocher,64025,2020-09-10,1,19
Fexhe-le-Haut-Clocher,64025,2020-09-11,0,19
Fexhe-le-Haut-Clocher,64025,2020-09-12,0,19
Fexhe-le-Haut-Clocher,64025,2020-09-13,0,19
Fexhe-le-Haut-Clocher,64025,2020-09-14,0,19
Fexhe-le-Haut-Clocher,64025,2020-09-15,0,19
Fexhe-le-Haut-Clocher,64025,2020-09-16,0,19
Fexhe-le-Haut-Clocher,64025,2020-09-17,0,19
Fexhe-le-Haut-Clocher,64025,2020-09-18,3,22
Fexhe-le-Haut-Clocher,64025,2020-09-19,1,23
Fexhe-le-Haut-Clocher,64025,2020-09-20,1,24
Fexhe-le-Haut-Clocher,64025,2020-09-21,0,24
Fexhe-le-Haut-Clocher,64025,2020-09-22,0,24
Fexhe-le-Haut-Clocher,64025,2020-09-23,2,26
Fexhe-le-Haut-Clocher,64025,2020-09-24,1,27
Fexhe-le-Haut-Clocher,64025,2020-09-25,0,27
Fexhe-le-Haut-Clocher,64025,2020-09-26,1,28
Fexhe-le-Haut-Clocher,64025,2020-09-27,1,29
Fexhe-le-Haut-Clocher,64025,2020-09-28,0,29
Fexhe-le-Haut-Clocher,64025,2020-09-29,0,29
Fexhe-le-Haut-Clocher,64025,2020-09-30,0,29
Fexhe-le-Haut-Clocher,64025,2020-10-01,0,29
Fexhe-le-Haut-Clocher,64025,2020-10-02,0,29
Fexhe-le-Haut-Clocher,64025,2020-10-03,2,31
Fexhe-le-Haut-Clocher,64025,2020-10-04,1,32
Fexhe-le-Haut-Clocher,64025,2020-10-05,1,33
Fexhe-le-Haut-Clocher,64025,2020-10-06,0,33
Fexhe-le-Haut-Clocher,64025,2020-10-07,0,33
Fexhe-le-Haut-Clocher,64025,2020-10-08,1,34
Fexhe-le-Haut-Clocher,64025,2020-10-09,2,36
Fexhe-le-Haut-Clocher,64025,2020-10-10,2,38
Fexhe-le-Haut-Clocher,64025,2020-10-11,4,42
Fexhe-le-Haut-Clocher,64025,2020-10-12,1,43
Fexhe-le-Haut-Clocher,64025,2020-10-13,1,44
Fexhe-le-Haut-Clocher,64025,2020-10-14,5,49
Fexhe-le-Haut-Clocher,64025,2020-10-15,6,55
Fexhe-le-Haut-Clocher,64025,2020-10-16,5,60
Fexhe-le-Haut-Clocher,64025,2020-10-17,3,63
Fexhe-le-Haut-Clocher,64025,2020-10-18,4,67
Fexhe-le-Haut-Clocher,64025,2020-10-19,3,70
Fexhe-le-Haut-Clocher,64025,2020-10-20,7,77
Fexhe-le-Haut-Clocher,64025,2020-10-21,4,81
Fexhe-le-Haut-Clocher,64025,2020-10-22,7,88
Fexhe-le-Haut-Clocher,64025,2020-10-23,11,99
Fexhe-le-Haut-Clocher,64025,2020-10-24,9,108
Fexhe-le-Haut-Clocher,64025,2020-10-25,5,113
Fexhe-le-Haut-Clocher,64025,2020-10-26,6,119
Fexhe-le-Haut-Clocher,64025,2020-10-27,6,125
Fexhe-le-Haut-Clocher,64025,2020-10-28,13,138
Fexhe-le-Haut-Clocher,64025,2020-10-29,11,149
Fexhe-le-Haut-Clocher,64025,2020-10-30,12,161
Fexhe-le-Haut-Clocher,64025,2020-10-31,20,181
Fexhe-le-Haut-Clocher,64025,2020-11-01,8,189
Fexhe-le-Haut-Clocher,64025,2020-11-02,4,193
Fexhe-le-Haut-Clocher,64025,2020-11-03,2,195
Fexhe-le-Haut-Clocher,64025,2020-11-04,2,197
Fexhe-le-Haut-Clocher,64025,2020-11-05,3,200
Fexhe-le-Haut-Clocher,64025,2020-11-06,8,208
Fexhe-le-Haut-Clocher,64025,2020-11-07,1,209
Fexhe-le-Haut-Clocher,64025,2020-11-08,1,210
Fexhe-le-Haut-Clocher,64025,2020-11-09,7,217
Fexhe-le-Haut-Clocher,64025,2020-11-10,1,218
Fexhe-le-Haut-Clocher,64025,2020-11-11,2,220
Geer,64029,2020-04-01,0,0
Geer,64029,2020-04-02,0,0
Geer,64029,2020-04-03,0,0
Geer,64029,2020-04-04,0,0
Geer,64029,2020-04-05,0,0
Geer,64029,2020-04-06,0,0
Geer,64029,2020-04-07,5,5
Geer,64029,2020-04-08,2,7
Geer,64029,2020-04-09,0,7
Geer,64029,2020-04-10,0,7
Geer,64029,2020-04-11,1,8
Geer,64029,2020-04-12,0,8
Geer,64029,2020-04-13,0,8
Geer,64029,2020-04-14,0,8
Geer,64029,2020-04-15,1,9
Geer,64029,2020-04-16,1,10
Geer,64029,2020-04-17,2,12
Geer,64029,2020-04-18,0,12
Geer,64029,2020-04-19,0,12
Geer,64029,2020-04-20,1,13
Geer,64029,2020-04-21,0,13
Geer,64029,2020-04-22,0,13
Geer,64029,2020-04-23,0,13
Geer,64029,2020-04-24,0,13
Geer,64029,2020-04-25,0,13
Geer,64029,2020-04-26,0,13
Geer,64029,2020-04-27,0,13
Geer,64029,2020-04-28,0,13
Geer,64029,2020-04-29,0,13
Geer,64029,2020-04-30,0,13
Geer,64029,2020-05-01,0,13
Geer,64029,2020-05-02,0,13
Geer,64029,2020-05-03,0,13
Geer,64029,2020-05-04,0,13
Geer,64029,2020-05-05,0,13
Geer,64029,2020-05-06,0,13
Geer,64029,2020-05-07,0,13
Geer,64029,2020-05-08,0,13
Geer,64029,2020-05-09,1,14
Geer,64029,2020-05-10,0,14
Geer,64029,2020-05-11,0,14
Geer,64029,2020-05-12,0,14
Geer,64029,2020-05-13,0,14
Geer,64029,2020-05-14,0,14
Geer,64029,2020-05-15,0,14
Geer,64029,2020-05-16,0,14
Geer,64029,2020-05-17,0,14
Geer,64029,2020-05-18,0,14
Geer,64029,2020-05-19,0,14
Geer,64029,2020-05-20,0,14
Geer,64029,2020-05-21,0,14
Geer,64029,2020-05-22,0,14
Geer,64029,2020-05-23,0,14
Geer,64029,2020-05-24,0,14
Geer,64029,2020-05-25,0,14
Geer,64029,2020-05-26,0,14
Geer,64029,2020-05-27,0,14
Geer,64029,2020-05-28,0,14
Geer,64029,2020-05-29,0,14
Geer,64029,2020-05-30,0,14
Geer,64029,2020-05-31,0,14
Geer,64029,2020-06-01,0,14
Geer,64029,2020-06-02,0,14
Geer,64029,2020-06-03,0,14
Geer,64029,2020-06-04,0,14
Geer,64029,2020-06-05,0,14
Geer,64029,2020-06-06,0,14
Geer,64029,2020-06-07,0,14
Geer,64029,2020-06-08,0,14
Geer,64029,2020-06-09,0,14
Geer,64029,2020-06-10,0,14
Geer,64029,2020-06-11,0,14
Geer,64029,2020-06-12,0,14
Geer,64029,2020-06-13,0,14
Geer,64029,2020-06-14,0,14
Geer,64029,2020-06-15,0,14
Geer,64029,2020-06-16,0,14
Geer,64029,2020-06-17,0,14
Geer,64029,2020-06-18,0,14
Geer,64029,2020-06-19,0,14
Geer,64029,2020-06-20,0,14
Geer,64029,2020-06-23,0,14
Geer,64029,2020-06-24,0,14
Geer,64029,2020-06-25,0,14
Geer,64029,2020-06-26,0,14
Geer,64029,2020-06-27,0,14
Geer,64029,2020-06-30,0,14
Geer,64029,2020-07-01,0,14
Geer,64029,2020-07-02,0,14
Geer,64029,2020-07-03,0,14
Geer,64029,2020-07-04,0,14
Geer,64029,2020-07-07,0,14
Geer,64029,2020-07-08,0,14
Geer,64029,2020-07-09,0,14
Geer,64029,2020-07-10,0,14
Geer,64029,2020-07-11,0,14
Geer,64029,2020-07-14,0,14
Geer,64029,2020-07-15,0,14
Geer,64029,2020-07-16,0,14
Geer,64029,2020-07-17,1,15
Geer,64029,2020-07-18,0,15
Geer,64029,2020-07-20,0,15
Geer,64029,2020-07-21,0,15
Geer,64029,2020-07-22,1,16
Geer,64029,2020-07-23,0,16
Geer,64029,2020-07-24,0,16
Geer,64029,2020-07-25,0,16
Geer,64029,2020-07-26,0,16
Geer,64029,2020-07-27,0,16
Geer,64029,2020-07-28,1,17
Geer,64029,2020-07-29,0,17
Geer,64029,2020-07-30,0,17
Geer,64029,2020-07-31,0,17
Geer,64029,2020-08-01,0,17
Geer,64029,2020-08-02,1,18
Geer,64029,2020-08-03,0,18
Geer,64029,2020-08-04,0,18
Geer,64029,2020-08-05,0,18
Geer,64029,2020-08-06,0,18
Geer,64029,2020-08-07,0,18
Geer,64029,2020-08-08,0,18
Geer,64029,2020-08-09,0,18
Geer,64029,2020-08-10,0,18
Geer,64029,2020-08-11,0,18
Geer,64029,2020-08-12,0,18
Geer,64029,2020-08-13,0,18
Geer,64029,2020-08-14,2,20
Geer,64029,2020-08-15,4,24
Geer,64029,2020-08-16,0,24
Geer,64029,2020-08-17,1,25
Geer,64029,2020-08-18,0,25
Geer,64029,2020-08-19,0,25
Geer,64029,2020-08-20,0,25
Geer,64029,2020-08-21,0,25
Geer,64029,2020-08-22,0,25
Geer,64029,2020-08-23,0,25
Geer,64029,2020-08-24,0,25
Geer,64029,2020-08-25,0,25
Geer,64029,2020-08-26,0,25
Geer,64029,2020-08-27,0,25
Geer,64029,2020-08-28,0,25
Geer,64029,2020-08-29,0,25
Geer,64029,2020-08-30,0,25
Geer,64029,2020-08-31,0,25
Geer,64029,2020-09-01,0,25
Geer,64029,2020-09-02,0,25
Geer,64029,2020-09-03,0,25
Geer,64029,2020-09-04,0,25
Geer,64029,2020-09-05,0,25
Geer,64029,2020-09-06,0,25
Geer,64029,2020-09-07,0,25
Geer,64029,2020-09-08,0,25
Geer,64029,2020-09-09,0,25
Geer,64029,2020-09-10,0,25
Geer,64029,2020-09-11,0,25
Geer,64029,2020-09-12,0,25
Geer,64029,2020-09-13,0,25
Geer,64029,2020-09-14,0,25
Geer,64029,2020-09-15,0,25
Geer,64029,2020-09-16,0,25
Geer,64029,2020-09-17,0,25
Geer,64029,2020-09-18,1,26
Geer,64029,2020-09-19,1,27
Geer,64029,2020-09-20,0,27
Geer,64029,2020-09-21,0,27
Geer,64029,2020-09-22,0,27
Geer,64029,2020-09-23,0,27
Geer,64029,2020-09-24,0,27
Geer,64029,2020-09-25,0,27
Geer,64029,2020-09-26,0,27
Geer,64029,2020-09-27,0,27
Geer,64029,2020-09-28,1,28
Geer,64029,2020-09-29,0,28
Geer,64029,2020-09-30,0,28
Geer,64029,2020-10-01,0,28
Geer,64029,2020-10-02,1,29
Geer,64029,2020-10-03,1,30
Geer,64029,2020-10-04,0,30
Geer,64029,2020-10-05,1,31
Geer,64029,2020-10-06,1,32
Geer,64029,2020-10-07,0,32
Geer,64029,2020-10-08,2,34
Geer,64029,2020-10-09,5,39
Geer,64029,2020-10-10,2,41
Geer,64029,2020-10-11,4,45
Geer,64029,2020-10-12,1,46
Geer,64029,2020-10-13,1,47
Geer,64029,2020-10-14,4,51
Geer,64029,2020-10-15,8,59
Geer,64029,2020-10-16,6,65
Geer,64029,2020-10-17,6,71
Geer,64029,2020-10-18,7,78
Geer,64029,2020-10-19,3,81
Geer,64029,2020-10-20,6,87
Geer,64029,2020-10-21,2,89
Geer,64029,2020-10-22,5,94
Geer,64029,2020-10-23,1,95
Geer,64029,2020-10-24,17,112
Geer,64029,2020-10-25,1,113
Geer,64029,2020-10-26,11,124
Geer,64029,2020-10-27,8,132
Geer,64029,2020-10-28,14,146
Geer,64029,2020-10-29,6,152
Geer,64029,2020-10-30,21,173
Geer,64029,2020-10-31,6,179
Geer,64029,2020-11-01,13,192
Geer,64029,2020-11-02,4,196
Geer,64029,2020-11-03,1,197
Geer,64029,2020-11-04,2,199
Geer,64029,2020-11-05,9,208
Geer,64029,2020-11-06,1,209
Geer,64029,2020-11-07,0,209
Geer,64029,2020-11-08,1,210
Geer,64029,2020-11-09,0,210
Geer,64029,2020-11-10,1,211
Geer,64029,2020-11-11,1,212
Hannuit,64034,2020-04-01,0,13
Hannuit,64034,2020-04-02,1,14
Hannuit,64034,2020-04-03,0,14
Hannuit,64034,2020-04-04,1,15
Hannuit,64034,2020-04-05,0,15
Hannuit,64034,2020-04-06,1,16
Hannuit,64034,2020-04-07,6,22
Hannuit,64034,2020-04-08,0,22
Hannuit,64034,2020-04-09,1,23
Hannuit,64034,2020-04-10,1,24
Hannuit,64034,2020-04-11,2,26
Hannuit,64034,2020-04-12,0,26
Hannuit,64034,2020-04-13,1,27
Hannuit,64034,2020-04-14,0,27
Hannuit,64034,2020-04-15,3,30
Hannuit,64034,2020-04-16,1,31
Hannuit,64034,2020-04-17,0,31
Hannuit,64034,2020-04-18,1,32
Hannuit,64034,2020-04-19,0,32
Hannuit,64034,2020-04-20,1,33
Hannuit,64034,2020-04-21,0,33
Hannuit,64034,2020-04-22,0,33
Hannuit,64034,2020-04-23,3,36
Hannuit,64034,2020-04-24,0,36
Hannuit,64034,2020-04-25,-1,35
Hannuit,64034,2020-04-26,1,36
Hannuit,64034,2020-04-27,0,36
Hannuit,64034,2020-04-28,2,38
Hannuit,64034,2020-04-29,0,38
Hannuit,64034,2020-04-30,0,38
Hannuit,64034,2020-05-01,0,38
Hannuit,64034,2020-05-02,0,38
Hannuit,64034,2020-05-03,0,38
Hannuit,64034,2020-05-04,0,38
Hannuit,64034,2020-05-05,1,39
Hannuit,64034,2020-05-06,0,39
Hannuit,64034,2020-05-07,0,39
Hannuit,64034,2020-05-08,0,39
Hannuit,64034,2020-05-09,0,39
Hannuit,64034,2020-05-10,0,39
Hannuit,64034,2020-05-11,0,39
Hannuit,64034,2020-05-12,2,41
Hannuit,64034,2020-05-13,0,41
Hannuit,64034,2020-05-14,0,41
Hannuit,64034,2020-05-15,1,42
Hannuit,64034,2020-05-16,2,44
Hannuit,64034,2020-05-17,0,44
Hannuit,64034,2020-05-18,0,44
Hannuit,64034,2020-05-19,0,44
Hannuit,64034,2020-05-20,0,44
Hannuit,64034,2020-05-21,0,44
Hannuit,64034,2020-05-22,0,44
Hannuit,64034,2020-05-23,0,44
Hannuit,64034,2020-05-24,1,45
Hannuit,64034,2020-05-25,0,45
Hannuit,64034,2020-05-26,0,45
Hannuit,64034,2020-05-27,0,45
Hannuit,64034,2020-05-28,0,45
Hannuit,64034,2020-05-29,0,45
Hannuit,64034,2020-05-30,0,45
Hannuit,64034,2020-05-31,0,45
Hannuit,64034,2020-06-01,0,45
Hannuit,64034,2020-06-02,0,45
Hannuit,64034,2020-06-03,0,45
Hannuit,64034,2020-06-04,0,45
Hannuit,64034,2020-06-05,0,45
Hannuit,64034,2020-06-06,0,45
Hannuit,64034,2020-06-07,0,45
Hannuit,64034,2020-06-08,0,45
Hannuit,64034,2020-06-09,0,45
Hannuit,64034,2020-06-10,0,45
Hannuit,64034,2020-06-11,1,46
Hannuit,64034,2020-06-12,0,46
Hannuit,64034,2020-06-13,0,46
Hannuit,64034,2020-06-14,1,47
Hannuit,64034,2020-06-15,0,47
Hannuit,64034,2020-06-16,1,48
Hannuit,64034,2020-06-17,0,48
Hannuit,64034,2020-06-18,0,48
Hannuit,64034,2020-06-19,0,48
Hannuit,64034,2020-06-20,0,48
Hannuit,64034,2020-06-23,0,48
Hannuit,64034,2020-06-24,0,48
Hannuit,64034,2020-06-25,0,48
Hannuit,64034,2020-06-26,0,48
Hannuit,64034,2020-06-27,0,48
Hannuit,64034,2020-06-30,0,48
Hannuit,64034,2020-07-01,0,48
Hannuit,64034,2020-07-02,0,48
Hannuit,64034,2020-07-03,0,48
Hannuit,64034,2020-07-04,0,48
Hannuit,64034,2020-07-07,0,48
Hannuit,64034,2020-07-08,0,48
Hannuit,64034,2020-07-09,0,48
Hannuit,64034,2020-07-10,0,48
Hannuit,64034,2020-07-11,0,48
Hannuit,64034,2020-07-14,0,48
Hannuit,64034,2020-07-15,0,48
Hannuit,64034,2020-07-16,0,48
Hannuit,64034,2020-07-17,1,49
Hannuit,64034,2020-07-18,0,49
Hannuit,64034,2020-07-20,4,53
Hannuit,64034,2020-07-21,2,55
Hannuit,64034,2020-07-22,1,56
Hannuit,64034,2020-07-23,1,57
Hannuit,64034,2020-07-24,2,59
Hannuit,64034,2020-07-25,0,59
Hannuit,64034,2020-07-26,0,59
Hannuit,64034,2020-07-27,0,59
Hannuit,64034,2020-07-28,0,59
Hannuit,64034,2020-07-29,0,59
Hannuit,64034,2020-07-30,0,59
Hannuit,64034,2020-07-31,0,59
Hannuit,64034,2020-08-01,0,59
Hannuit,64034,2020-08-02,0,59
Hannuit,64034,2020-08-03,0,59
Hannuit,64034,2020-08-04,0,59
Hannuit,64034,2020-08-05,0,59
Hannuit,64034,2020-08-06,0,59
Hannuit,64034,2020-08-07,0,59
Hannuit,64034,2020-08-08,0,59
Hannuit,64034,2020-08-09,0,59
Hannuit,64034,2020-08-10,0,59
Hannuit,64034,2020-08-11,0,59
Hannuit,64034,2020-08-12,0,59
Hannuit,64034,2020-08-13,0,59
Hannuit,64034,2020-08-14,0,59
Hannuit,64034,2020-08-15,1,60
Hannuit,64034,2020-08-16,1,61
Hannuit,64034,2020-08-17,0,61
Hannuit,64034,2020-08-18,0,61
Hannuit,64034,2020-08-19,0,61
Hannuit,64034,2020-08-20,1,62
Hannuit,64034,2020-08-21,1,63
Hannuit,64034,2020-08-22,0,63
Hannuit,64034,2020-08-23,0,63
Hannuit,64034,2020-08-24,0,63
Hannuit,64034,2020-08-25,0,63
Hannuit,64034,2020-08-26,0,63
Hannuit,64034,2020-08-27,1,64
Hannuit,64034,2020-08-28,3,67
Hannuit,64034,2020-08-29,1,68
Hannuit,64034,2020-08-30,1,69
Hannuit,64034,2020-08-31,0,69
Hannuit,64034,2020-09-01,1,70
Hannuit,64034,2020-09-02,1,71
Hannuit,64034,2020-09-03,0,71
Hannuit,64034,2020-09-04,2,73
Hannuit,64034,2020-09-05,2,75
Hannuit,64034,2020-09-06,2,77
Hannuit,64034,2020-09-07,0,77
Hannuit,64034,2020-09-08,0,77
Hannuit,64034,2020-09-09,0,77
Hannuit,64034,2020-09-10,0,77
Hannuit,64034,2020-09-11,1,78
Hannuit,64034,2020-09-12,1,79
Hannuit,64034,2020-09-13,2,81
Hannuit,64034,2020-09-14,1,82
Hannuit,64034,2020-09-15,1,83
Hannuit,64034,2020-09-16,0,83
Hannuit,64034,2020-09-17,0,83
Hannuit,64034,2020-09-18,2,85
Hannuit,64034,2020-09-19,0,85
Hannuit,64034,2020-09-20,3,88
Hannuit,64034,2020-09-21,0,88
Hannuit,64034,2020-09-22,0,88
Hannuit,64034,2020-09-23,2,90
Hannuit,64034,2020-09-24,4,94
Hannuit,64034,2020-09-25,3,97
Hannuit,64034,2020-09-26,3,100
Hannuit,64034,2020-09-27,0,100
Hannuit,64034,2020-09-28,1,101
Hannuit,64034,2020-09-29,5,106
Hannuit,64034,2020-09-30,2,108
Hannuit,64034,2020-10-01,5,113
Hannuit,64034,2020-10-02,5,118
Hannuit,64034,2020-10-03,12,130
Hannuit,64034,2020-10-04,10,140
Hannuit,64034,2020-10-05,7,147
Hannuit,64034,2020-10-06,4,151
Hannuit,64034,2020-10-07,2,153
Hannuit,64034,2020-10-08,12,165
Hannuit,64034,2020-10-09,10,175
Hannuit,64034,2020-10-10,10,185
Hannuit,64034,2020-10-11,11,196
Hannuit,64034,2020-10-12,9,205
Hannuit,64034,2020-10-13,5,210
Hannuit,64034,2020-10-14,26,236
Hannuit,64034,2020-10-15,17,253
Hannuit,64034,2020-10-16,9,262
Hannuit,64034,2020-10-17,13,275
Hannuit,64034,2020-10-18,25,300
Hannuit,64034,2020-10-19,12,312
Hannuit,64034,2020-10-20,16,328
Hannuit,64034,2020-10-21,17,345
Hannuit,64034,2020-10-22,28,373
Hannuit,64034,2020-10-23,27,400
Hannuit,64034,2020-10-24,38,438
Hannuit,64034,2020-10-25,28,466
Hannuit,64034,2020-10-26,17,483
Hannuit,64034,2020-10-27,48,531
Hannuit,64034,2020-10-28,27,558
Hannuit,64034,2020-10-29,40,598
Hannuit,64034,2020-10-30,45,643
Hannuit,64034,2020-10-31,34,677
Hannuit,64034,2020-11-01,21,698
Hannuit,64034,2020-11-02,23,721
Hannuit,64034,2020-11-03,19,740
Hannuit,64034,2020-11-04,15,755
Hannuit,64034,2020-11-05,24,779
Hannuit,64034,2020-11-06,13,792
Hannuit,64034,2020-11-07,18,810
Hannuit,64034,2020-11-08,9,819
Hannuit,64034,2020-11-09,7,826
Hannuit,64034,2020-11-10,4,830
Hannuit,64034,2020-11-11,8,838
Lijsem,64047,2020-04-01,0,5
Lijsem,64047,2020-04-02,0,5
Lijsem,64047,2020-04-03,1,6
Lijsem,64047,2020-04-04,1,7
Lijsem,64047,2020-04-05,0,7
Lijsem,64047,2020-04-06,0,7
Lijsem,64047,2020-04-07,0,7
Lijsem,64047,2020-04-08,1,8
Lijsem,64047,2020-04-09,0,8
Lijsem,64047,2020-04-10,0,8
Lijsem,64047,2020-04-11,1,9
Lijsem,64047,2020-04-12,1,10
Lijsem,64047,2020-04-13,0,10
Lijsem,64047,2020-04-14,0,10
Lijsem,64047,2020-04-15,1,11
Lijsem,64047,2020-04-16,0,11
Lijsem,64047,2020-04-17,0,11
Lijsem,64047,2020-04-18,0,11
Lijsem,64047,2020-04-19,1,12
Lijsem,64047,2020-04-20,0,12
Lijsem,64047,2020-04-21,12,24
Lijsem,64047,2020-04-22,0,24
Lijsem,64047,2020-04-23,1,25
Lijsem,64047,2020-04-24,0,25
Lijsem,64047,2020-04-25,0,25
Lijsem,64047,2020-04-26,1,26
Lijsem,64047,2020-04-27,0,26
Lijsem,64047,2020-04-28,0,26
Lijsem,64047,2020-04-29,0,26
Lijsem,64047,2020-04-30,0,26
Lijsem,64047,2020-05-01,0,26
Lijsem,64047,2020-05-02,0,26
Lijsem,64047,2020-05-03,0,26
Lijsem,64047,2020-05-04,0,26
Lijsem,64047,2020-05-05,0,26
Lijsem,64047,2020-05-06,0,26
Lijsem,64047,2020-05-07,1,27
Lijsem,64047,2020-05-08,0,27
Lijsem,64047,2020-05-09,0,27
Lijsem,64047,2020-05-10,0,27
Lijsem,64047,2020-05-11,0,27
Lijsem,64047,2020-05-12,0,27
Lijsem,64047,2020-05-13,0,27
Lijsem,64047,2020-05-14,0,27
Lijsem,64047,2020-05-15,0,27
Lijsem,64047,2020-05-16,0,27
Lijsem,64047,2020-05-17,0,27
Lijsem,64047,2020-05-18,0,27
Lijsem,64047,2020-05-19,0,27
Lijsem,64047,2020-05-20,0,27
Lijsem,64047,2020-05-21,0,27
Lijsem,64047,2020-05-22,0,27
Lijsem,64047,2020-05-23,0,27
Lijsem,64047,2020-05-24,0,27
Lijsem,64047,2020-05-25,0,27
Lijsem,64047,2020-05-26,0,27
Lijsem,64047,2020-05-27,0,27
Lijsem,64047,2020-05-28,0,27
Lijsem,64047,2020-05-29,0,27
Lijsem,64047,2020-05-30,0,27
Lijsem,64047,2020-05-31,0,27
Lijsem,64047,2020-06-01,0,27
Lijsem,64047,2020-06-02,0,27
Lijsem,64047,2020-06-03,0,27
Lijsem,64047,2020-06-04,0,27
Lijsem,64047,2020-06-05,0,27
Lijsem,64047,2020-06-06,0,27
Lijsem,64047,2020-06-07,0,27
Lijsem,64047,2020-06-08,0,27
Lijsem,64047,2020-06-09,0,27
Lijsem,64047,2020-06-10,0,27
Lijsem,64047,2020-06-11,0,27
Lijsem,64047,2020-06-12,0,27
Lijsem,64047,2020-06-13,0,27
Lijsem,64047,2020-06-14,0,27
Lijsem,64047,2020-06-15,0,27
Lijsem,64047,2020-06-16,0,27
Lijsem,64047,2020-06-17,0,27
Lijsem,64047,2020-06-18,0,27
Lijsem,64047,2020-06-19,0,27
Lijsem,64047,2020-06-20,0,27
Lijsem,64047,2020-06-23,0,27
Lijsem,64047,2020-06-24,0,27
Lijsem,64047,2020-06-25,0,27
Lijsem,64047,2020-06-26,0,27
Lijsem,64047,2020-06-27,0,27
Lijsem,64047,2020-06-30,0,27
Lijsem,64047,2020-07-01,1,28
Lijsem,64047,2020-07-02,0,28
Lijsem,64047,2020-07-03,0,28
Lijsem,64047,2020-07-04,0,28
Lijsem,64047,2020-07-07,0,28
Lijsem,64047,2020-07-08,0,28
Lijsem,64047,2020-07-09,0,28
Lijsem,64047,2020-07-10,0,28
Lijsem,64047,2020-07-11,0,28
Lijsem,64047,2020-07-14,0,28
Lijsem,64047,2020-07-15,0,28
Lijsem,64047,2020-07-16,0,28
Lijsem,64047,2020-07-17,0,28
Lijsem,64047,2020-07-18,0,28
Lijsem,64047,2020-07-20,0,28
Lijsem,64047,2020-07-21,1,29
Lijsem,64047,2020-07-22,0,29
Lijsem,64047,2020-07-23,0,29
Lijsem,64047,2020-07-24,0,29
Lijsem,64047,2020-07-25,0,29
Lijsem,64047,2020-07-26,0,29
Lijsem,64047,2020-07-27,0,29
Lijsem,64047,2020-07-28,0,29
Lijsem,64047,2020-07-29,0,29
Lijsem,64047,2020-07-30,0,29
Lijsem,64047,2020-07-31,0,29
Lijsem,64047,2020-08-01,0,29
Lijsem,64047,2020-08-02,0,29
Lijsem,64047,2020-08-03,0,29
Lijsem,64047,2020-08-04,0,29
Lijsem,64047,2020-08-05,0,29
Lijsem,64047,2020-08-06,0,29
Lijsem,64047,2020-08-07,0,29
Lijsem,64047,2020-08-08,0,29
Lijsem,64047,2020-08-09,0,29
Lijsem,64047,2020-08-10,0,29
Lijsem,64047,2020-08-11,0,29
Lijsem,64047,2020-08-12,0,29
Lijsem,64047,2020-08-13,0,29
Lijsem,64047,2020-08-14,0,29
Lijsem,64047,2020-08-15,0,29
Lijsem,64047,2020-08-16,0,29
Lijsem,64047,2020-08-17,0,29
Lijsem,64047,2020-08-18,0,29
Lijsem,64047,2020-08-19,0,29
Lijsem,64047,2020-08-20,0,29
Lijsem,64047,2020-08-21,0,29
Lijsem,64047,2020-08-22,0,29
Lijsem,64047,2020-08-23,0,29
Lijsem,64047,2020-08-24,1,30
Lijsem,64047,2020-08-25,0,30
Lijsem,64047,2020-08-26,0,30
Lijsem,64047,2020-08-27,0,30
Lijsem,64047,2020-08-28,0,30
Lijsem,64047,2020-08-29,0,30
Lijsem,64047,2020-08-30,0,30
Lijsem,64047,2020-08-31,0,30
Lijsem,64047,2020-09-01,0,30
Lijsem,64047,2020-09-02,0,30
Lijsem,64047,2020-09-03,0,30
Lijsem,64047,2020-09-04,0,30
Lijsem,64047,2020-09-05,0,30
Lijsem,64047,2020-09-06,0,30
Lijsem,64047,2020-09-07,0,30
Lijsem,64047,2020-09-08,0,30
Lijsem,64047,2020-09-09,0,30
Lijsem,64047,2020-09-10,0,30
Lijsem,64047,2020-09-11,0,30
Lijsem,64047,2020-09-12,0,30
Lijsem,64047,2020-09-13,0,30
Lijsem,64047,2020-09-14,0,30
Lijsem,64047,2020-09-15,0,30
Lijsem,64047,2020-09-16,0,30
Lijsem,64047,2020-09-17,0,30
Lijsem,64047,2020-09-18,0,30
Lijsem,64047,2020-09-19,0,30
Lijsem,64047,2020-09-20,0,30
Lijsem,64047,2020-09-21,0,30
Lijsem,64047,2020-09-22,0,30
Lijsem,64047,2020-09-23,0,30
Lijsem,64047,2020-09-24,0,30
Lijsem,64047,2020-09-25,0,30
Lijsem,64047,2020-09-26,1,31
Lijsem,64047,2020-09-27,0,31
Lijsem,64047,2020-09-28,0,31
Lijsem,64047,2020-09-29,1,32
Lijsem,64047,2020-09-30,0,32
Lijsem,64047,2020-10-01,0,32
Lijsem,64047,2020-10-02,0,32
Lijsem,64047,2020-10-03,0,32
Lijsem,64047,2020-10-04,0,32
Lijsem,64047,2020-10-05,1,33
Lijsem,64047,2020-10-06,2,35
Lijsem,64047,2020-10-07,0,35
Lijsem,64047,2020-10-08,1,36
Lijsem,64047,2020-10-09,3,39
Lijsem,64047,2020-10-10,3,42
Lijsem,64047,2020-10-11,1,43
Lijsem,64047,2020-10-12,1,44
Lijsem,64047,2020-10-13,2,46
Lijsem,64047,2020-10-14,8,54
Lijsem,64047,2020-10-15,1,55
Lijsem,64047,2020-10-16,5,60
Lijsem,64047,2020-10-17,0,60
Lijsem,64047,2020-10-18,3,63
Lijsem,64047,2020-10-19,2,65
Lijsem,64047,2020-10-20,3,68
Lijsem,64047,2020-10-21,1,69
Lijsem,64047,2020-10-22,3,72
Lijsem,64047,2020-10-23,4,76
Lijsem,64047,2020-10-24,8,84
Lijsem,64047,2020-10-25,2,86
Lijsem,64047,2020-10-26,3,89
Lijsem,64047,2020-10-27,8,97
Lijsem,64047,2020-10-28,1,98
Lijsem,64047,2020-10-29,6,104
Lijsem,64047,2020-10-30,10,114
Lijsem,64047,2020-10-31,11,125
Lijsem,64047,2020-11-01,5,130
Lijsem,64047,2020-11-02,6,136
Lijsem,64047,2020-11-03,0,136
Lijsem,64047,2020-11-04,1,137
Lijsem,64047,2020-11-05,5,142
Lijsem,64047,2020-11-06,4,146
Lijsem,64047,2020-11-07,2,148
Lijsem,64047,2020-11-08,3,151
Lijsem,64047,2020-11-09,2,153
Lijsem,64047,2020-11-10,1,154
Lijsem,64047,2020-11-11,2,156
Oerle,64056,2020-04-01,0,5
Oerle,64056,2020-04-02,0,5
Oerle,64056,2020-04-03,0,5
Oerle,64056,2020-04-04,0,5
Oerle,64056,2020-04-05,0,5
Oerle,64056,2020-04-06,0,5
Oerle,64056,2020-04-07,0,5
Oerle,64056,2020-04-08,0,5
Oerle,64056,2020-04-09,0,5
Oerle,64056,2020-04-10,0,5
Oerle,64056,2020-04-11,1,6
Oerle,64056,2020-04-12,0,6
Oerle,64056,2020-04-13,0,6
Oerle,64056,2020-04-14,0,6
Oerle,64056,2020-04-15,0,6
Oerle,64056,2020-04-16,2,8
Oerle,64056,2020-04-17,3,11
Oerle,64056,2020-04-18,0,11
Oerle,64056,2020-04-19,0,11
Oerle,64056,2020-04-20,0,11
Oerle,64056,2020-04-21,0,11
Oerle,64056,2020-04-22,0,11
Oerle,64056,2020-04-23,0,11
Oerle,64056,2020-04-24,0,11
Oerle,64056,2020-04-25,0,11
Oerle,64056,2020-04-26,3,14
Oerle,64056,2020-04-27,0,14
Oerle,64056,2020-04-28,0,14
Oerle,64056,2020-04-29,0,14
Oerle,64056,2020-04-30,0,14
Oerle,64056,2020-05-01,0,14
Oerle,64056,2020-05-02,0,14
Oerle,64056,2020-05-03,0,14
Oerle,64056,2020-05-04,0,14
Oerle,64056,2020-05-05,0,14
Oerle,64056,2020-05-06,0,14
Oerle,64056,2020-05-07,0,14
Oerle,64056,2020-05-08,0,14
Oerle,64056,2020-05-09,0,14
Oerle,64056,2020-05-10,0,14
Oerle,64056,2020-05-11,0,14
Oerle,64056,2020-05-12,0,14
Oerle,64056,2020-05-13,0,14
Oerle,64056,2020-05-14,0,14
Oerle,64056,2020-05-15,0,14
Oerle,64056,2020-05-16,1,15
Oerle,64056,2020-05-17,0,15
Oerle,64056,2020-05-18,0,15
Oerle,64056,2020-05-19,0,15
Oerle,64056,2020-05-20,0,15
Oerle,64056,2020-05-21,0,15
Oerle,64056,2020-05-22,0,15
Oerle,64056,2020-05-23,0,15
Oerle,64056,2020-05-24,0,15
Oerle,64056,2020-05-25,0,15
Oerle,64056,2020-05-26,0,15
Oerle,64056,2020-05-27,0,15
Oerle,64056,2020-05-28,0,15
Oerle,64056,2020-05-29,0,15
Oerle,64056,2020-05-30,0,15
Oerle,64056,2020-05-31,0,15
Oerle,64056,2020-06-01,0,15
Oerle,64056,2020-06-02,0,15
Oerle,64056,2020-06-03,0,15
Oerle,64056,2020-06-04,0,15
Oerle,64056,2020-06-05,0,15
Oerle,64056,2020-06-06,0,15
Oerle,64056,2020-06-07,0,15
Oerle,64056,2020-06-08,0,15
Oerle,64056,2020-06-09,0,15
Oerle,64056,2020-06-10,0,15
Oerle,64056,2020-06-11,0,15
Oerle,64056,2020-06-12,0,15
Oerle,64056,2020-06-13,0,15
Oerle,64056,2020-06-14,0,15
Oerle,64056,2020-06-15,0,15
Oerle,64056,2020-06-16,0,15
Oerle,64056,2020-06-17,0,15
Oerle,64056,2020-06-18,0,15
Oerle,64056,2020-06-19,0,15
Oerle,64056,2020-06-20,0,15
Oerle,64056,2020-06-23,0,15
Oerle,64056,2020-06-24,0,15
Oerle,64056,2020-06-25,0,15
Oerle,64056,2020-06-26,0,15
Oerle,64056,2020-06-27,0,15
Oerle,64056,2020-06-30,0,15
Oerle,64056,2020-07-01,0,15
Oerle,64056,2020-07-02,0,15
Oerle,64056,2020-07-03,0,15
Oerle,64056,2020-07-04,0,15
Oerle,64056,2020-07-07,0,15
Oerle,64056,2020-07-08,0,15
Oerle,64056,2020-07-09,0,15
Oerle,64056,2020-07-10,0,15
Oerle,64056,2020-07-11,0,15
Oerle,64056,2020-07-14,0,15
Oerle,64056,2020-07-15,0,15
Oerle,64056,2020-07-16,0,15
Oerle,64056,2020-07-17,0,15
Oerle,64056,2020-07-18,0,15
Oerle,64056,2020-07-20,0,15
Oerle,64056,2020-07-21,0,15
Oerle,64056,2020-07-22,0,15
Oerle,64056,2020-07-23,0,15
Oerle,64056,2020-07-24,0,15
Oerle,64056,2020-07-25,0,15
Oerle,64056,2020-07-26,0,15
Oerle,64056,2020-07-27,0,15
Oerle,64056,2020-07-28,0,15
Oerle,64056,2020-07-29,0,15
Oerle,64056,2020-07-30,0,15
Oerle,64056,2020-07-31,0,15
Oerle,64056,2020-08-01,0,15
Oerle,64056,2020-08-02,0,15
Oerle,64056,2020-08-03,0,15
Oerle,64056,2020-08-04,0,15
Oerle,64056,2020-08-05,0,15
Oerle,64056,2020-08-06,0,15
Oerle,64056,2020-08-07,0,15
Oerle,64056,2020-08-08,0,15
Oerle,64056,2020-08-09,0,15
Oerle,64056,2020-08-10,0,15
Oerle,64056,2020-08-11,0,15
Oerle,64056,2020-08-12,0,15
Oerle,64056,2020-08-13,0,15
Oerle,64056,2020-08-14,0,15
Oerle,64056,2020-08-15,0,15
Oerle,64056,2020-08-16,0,15
Oerle,64056,2020-08-17,0,15
Oerle,64056,2020-08-18,0,15
Oerle,64056,2020-08-19,1,16
Oerle,64056,2020-08-20,0,16
Oerle,64056,2020-08-21,0,16
Oerle,64056,2020-08-22,0,16
Oerle,64056,2020-08-23,0,16
Oerle,64056,2020-08-24,0,16
Oerle,64056,2020-08-25,0,16
Oerle,64056,2020-08-26,0,16
Oerle,64056,2020-08-27,1,17
Oerle,64056,2020-08-28,0,17
Oerle,64056,2020-08-29,0,17
Oerle,64056,2020-08-30,0,17
Oerle,64056,2020-08-31,0,17
Oerle,64056,2020-09-01,0,17
Oerle,64056,2020-09-02,0,17
Oerle,64056,2020-09-03,0,17
Oerle,64056,2020-09-04,0,17
Oerle,64056,2020-09-05,2,19
Oerle,64056,2020-09-06,0,19
Oerle,64056,2020-09-07,0,19
Oerle,64056,2020-09-08,0,19
Oerle,64056,2020-09-09,0,19
Oerle,64056,2020-09-10,0,19
Oerle,64056,2020-09-11,0,19
Oerle,64056,2020-09-12,0,19
Oerle,64056,2020-09-13,0,19
Oerle,64056,2020-09-14,0,19
Oerle,64056,2020-09-15,1,20
Oerle,64056,2020-09-16,0,20
Oerle,64056,2020-09-17,0,20
Oerle,64056,2020-09-18,0,20
Oerle,64056,2020-09-19,0,20
Oerle,64056,2020-09-20,0,20
Oerle,64056,2020-09-21,0,20
Oerle,64056,2020-09-22,0,20
Oerle,64056,2020-09-23,1,21
Oerle,64056,2020-09-24,1,22
Oerle,64056,2020-09-25,0,22
Oerle,64056,2020-09-26,1,23
Oerle,64056,2020-09-27,1,24
Oerle,64056,2020-09-28,0,24
Oerle,64056,2020-09-29,1,25
Oerle,64056,2020-09-30,1,26
Oerle,64056,2020-10-01,0,26
Oerle,64056,2020-10-02,0,26
Oerle,64056,2020-10-03,2,28
Oerle,64056,2020-10-04,1,29
Oerle,64056,2020-10-05,2,31
Oerle,64056,2020-10-06,1,32
Oerle,64056,2020-10-07,1,33
Oerle,64056,2020-10-08,3,36
Oerle,64056,2020-10-09,4,40
Oerle,64056,2020-10-10,3,43
Oerle,64056,2020-10-11,4,47
Oerle,64056,2020-10-12,2,49
Oerle,64056,2020-10-13,3,52
Oerle,64056,2020-10-14,12,64
Oerle,64056,2020-10-15,8,72
Oerle,64056,2020-10-16,0,72
Oerle,64056,2020-10-17,6,78
Oerle,64056,2020-10-18,3,81
Oerle,64056,2020-10-19,7,88
Oerle,64056,2020-10-20,5,93
Oerle,64056,2020-10-21,2,95
Oerle,64056,2020-10-22,4,99
Oerle,64056,2020-10-23,9,108
Oerle,64056,2020-10-24,4,112
Oerle,64056,2020-10-25,6,118
Oerle,64056,2020-10-26,6,124
Oerle,64056,2020-10-27,7,131
Oerle,64056,2020-10-28,9,140
Oerle,64056,2020-10-29,15,155
Oerle,64056,2020-10-30,17,172
Oerle,64056,2020-10-31,15,187
Oerle,64056,2020-11-01,12,199
Oerle,64056,2020-11-02,6,205
Oerle,64056,2020-11-03,4,209
Oerle,64056,2020-11-04,4,213
Oerle,64056,2020-11-05,3,216
Oerle,64056,2020-11-06,2,218
Oerle,64056,2020-11-07,6,224
Oerle,64056,2020-11-08,7,231
Oerle,64056,2020-11-09,0,231
Oerle,64056,2020-11-10,3,234
Oerle,64056,2020-11-11,4,238
Remicourt,64063,2020-04-01,0,9
Remicourt,64063,2020-04-02,0,9
Remicourt,64063,2020-04-03,0,9
Remicourt,64063,2020-04-04,3,12
Remicourt,64063,2020-04-05,0,12
Remicourt,64063,2020-04-06,0,12
Remicourt,64063,2020-04-07,3,15
Remicourt,64063,2020-04-08,1,16
Remicourt,64063,2020-04-09,1,17
Remicourt,64063,2020-04-10,0,17
Remicourt,64063,2020-04-11,3,20
Remicourt,64063,2020-04-12,1,21
Remicourt,64063,2020-04-13,0,21
Remicourt,64063,2020-04-14,0,21
Remicourt,64063,2020-04-15,0,21
Remicourt,64063,2020-04-16,0,21
Remicourt,64063,2020-04-17,1,22
Remicourt,64063,2020-04-18,0,22
Remicourt,64063,2020-04-19,0,22
Remicourt,64063,2020-04-20,2,24
Remicourt,64063,2020-04-21,3,27
Remicourt,64063,2020-04-22,0,27
Remicourt,64063,2020-04-23,4,31
Remicourt,64063,2020-04-24,1,32
Remicourt,64063,2020-04-25,9,41
Remicourt,64063,2020-04-26,2,43
Remicourt,64063,2020-04-27,0,43
Remicourt,64063,2020-04-28,0,43
Remicourt,64063,2020-04-29,0,43
Remicourt,64063,2020-04-30,0,43
Remicourt,64063,2020-05-01,1,44
Remicourt,64063,2020-05-02,0,44
Remicourt,64063,2020-05-03,0,44
Remicourt,64063,2020-05-04,0,44
Remicourt,64063,2020-05-05,0,44
Remicourt,64063,2020-05-06,0,44
Remicourt,64063,2020-05-07,0,44
Remicourt,64063,2020-05-08,0,44
Remicourt,64063,2020-05-09,0,44
Remicourt,64063,2020-05-10,0,44
Remicourt,64063,2020-05-11,0,44
Remicourt,64063,2020-05-12,1,45
Remicourt,64063,2020-05-13,0,45
Remicourt,64063,2020-05-14,1,46
Remicourt,64063,2020-05-15,0,46
Remicourt,64063,2020-05-16,0,46
Remicourt,64063,2020-05-17,0,46
Remicourt,64063,2020-05-18,1,47
Remicourt,64063,2020-05-19,0,47
Remicourt,64063,2020-05-20,0,47
Remicourt,64063,2020-05-21,0,47
Remicourt,64063,2020-05-22,0,47
Remicourt,64063,2020-05-23,0,47
Remicourt,64063,2020-05-24,0,47
Remicourt,64063,2020-05-25,0,47
Remicourt,64063,2020-05-26,0,47
Remicourt,64063,2020-05-27,0,47
Remicourt,64063,2020-05-28,0,47
Remicourt,64063,2020-05-29,0,47
Remicourt,64063,2020-05-30,0,47
Remicourt,64063,2020-05-31,0,47
Remicourt,64063,2020-06-01,0,47
Remicourt,64063,2020-06-02,0,47
Remicourt,64063,2020-06-03,0,47
Remicourt,64063,2020-06-04,0,47
Remicourt,64063,2020-06-05,0,47
Remicourt,64063,2020-06-06,0,47
Remicourt,64063,2020-06-07,0,47
Remicourt,64063,2020-06-08,0,47
Remicourt,64063,2020-06-09,0,47
Remicourt,64063,2020-06-10,0,47
Remicourt,64063,2020-06-11,0,47
Remicourt,64063,2020-06-12,0,47
Remicourt,64063,2020-06-13,0,47
Remicourt,64063,2020-06-14,0,47
Remicourt,64063,2020-06-15,0,47
Remicourt,64063,2020-06-16,0,47
Remicourt,64063,2020-06-17,1,48
Remicourt,64063,2020-06-18,0,48
Remicourt,64063,2020-06-19,0,48
Remicourt,64063,2020-06-20,0,48
Remicourt,64063,2020-06-23,0,48
Remicourt,64063,2020-06-24,0,48
Remicourt,64063,2020-06-25,0,48
Remicourt,64063,2020-06-26,0,48
Remicourt,64063,2020-06-27,0,48
Remicourt,64063,2020-06-30,0,48
Remicourt,64063,2020-07-01,0,48
Remicourt,64063,2020-07-02,0,48
Remicourt,64063,2020-07-03,0,48
Remicourt,64063,2020-07-04,0,48
Remicourt,64063,2020-07-07,0,48
Remicourt,64063,2020-07-08,0,48
Remicourt,64063,2020-07-09,0,48
Remicourt,64063,2020-07-10,0,48
Remicourt,64063,2020-07-11,0,48
Remicourt,64063,2020-07-14,0,48
Remicourt,64063,2020-07-15,0,48
Remicourt,64063,2020-07-16,0,48
Remicourt,64063,2020-07-17,0,48
Remicourt,64063,2020-07-18,0,48
Remicourt,64063,2020-07-20,0,48
Remicourt,64063,2020-07-21,0,48
Remicourt,64063,2020-07-22,0,48
Remicourt,64063,2020-07-23,0,48
Remicourt,64063,2020-07-24,0,48
Remicourt,64063,2020-07-25,0,48
Remicourt,64063,2020-07-26,0,48
Remicourt,64063,2020-07-27,0,48
Remicourt,64063,2020-07-28,0,48
Remicourt,64063,2020-07-29,0,48
Remicourt,64063,2020-07-30,0,48
Remicourt,64063,2020-07-31,0,48
Remicourt,64063,2020-08-01,0,48
Remicourt,64063,2020-08-02,0,48
Remicourt,64063,2020-08-03,0,48
Remicourt,64063,2020-08-04,0,48
Remicourt,64063,2020-08-05,1,49
Remicourt,64063,2020-08-06,0,49
Remicourt,64063,2020-08-07,0,49
Remicourt,64063,2020-08-08,0,49
Remicourt,64063,2020-08-09,0,49
Remicourt,64063,2020-08-10,0,49
Remicourt,64063,2020-08-11,0,49
Remicourt,64063,2020-08-12,0,49
Remicourt,64063,2020-08-13,0,49
Remicourt,64063,2020-08-14,0,49
Remicourt,64063,2020-08-15,0,49
Remicourt,64063,2020-08-16,0,49
Remicourt,64063,2020-08-17,0,49
Remicourt,64063,2020-08-18,0,49
Remicourt,64063,2020-08-19,0,49
Remicourt,64063,2020-08-20,0,49
Remicourt,64063,2020-08-21,1,50
Remicourt,64063,2020-08-22,0,50
Remicourt,64063,2020-08-23,0,50
Remicourt,64063,2020-08-24,0,50
Remicourt,64063,2020-08-25,0,50
Remicourt,64063,2020-08-26,0,50
Remicourt,64063,2020-08-27,0,50
Remicourt,64063,2020-08-28,0,50
Remicourt,64063,2020-08-29,0,50
Remicourt,64063,2020-08-30,0,50
Remicourt,64063,2020-08-31,1,51
Remicourt,64063,2020-09-01,0,51
Remicourt,64063,2020-09-02,0,51
Remicourt,64063,2020-09-03,0,51
Remicourt,64063,2020-09-04,0,51
Remicourt,64063,2020-09-05,1,52
Remicourt,64063,2020-09-06,0,52
Remicourt,64063,2020-09-07,0,52
Remicourt,64063,2020-09-08,0,52
Remicourt,64063,2020-09-09,0,52
Remicourt,64063,2020-09-10,1,53
Remicourt,64063,2020-09-11,0,53
Remicourt,64063,2020-09-12,1,54
Remicourt,64063,2020-09-13,0,54
Remicourt,64063,2020-09-14,0,54
Remicourt,64063,2020-09-15,0,54
Remicourt,64063,2020-09-16,0,54
Remicourt,64063,2020-09-17,0,54
Remicourt,64063,2020-09-18,0,54
Remicourt,64063,2020-09-19,0,54
Remicourt,64063,2020-09-20,1,55
Remicourt,64063,2020-09-21,1,56
Remicourt,64063,2020-09-22,0,56
Remicourt,64063,2020-09-23,2,58
Remicourt,64063,2020-09-24,1,59
Remicourt,64063,2020-09-25,0,59
Remicourt,64063,2020-09-26,0,59
Remicourt,64063,2020-09-27,3,62
Remicourt,64063,2020-09-28,1,63
Remicourt,64063,2020-09-29,2,65
Remicourt,64063,2020-09-30,1,66
Remicourt,64063,2020-10-01,2,68
Remicourt,64063,2020-10-02,0,68
Remicourt,64063,2020-10-03,1,69
Remicourt,64063,2020-10-04,2,71
Remicourt,64063,2020-10-05,0,71
Remicourt,64063,2020-10-06,1,72
Remicourt,64063,2020-10-07,0,72
Remicourt,64063,2020-10-08,1,73
Remicourt,64063,2020-10-09,3,76
Remicourt,64063,2020-10-10,3,79
Remicourt,64063,2020-10-11,5,84
Remicourt,64063,2020-10-12,3,87
Remicourt,64063,2020-10-13,0,87
Remicourt,64063,2020-10-14,14,101
Remicourt,64063,2020-10-15,14,115
Remicourt,64063,2020-10-16,12,127
Remicourt,64063,2020-10-17,15,142
Remicourt,64063,2020-10-18,9,151
Remicourt,64063,2020-10-19,8,159
Remicourt,64063,2020-10-20,10,169
Remicourt,64063,2020-10-21,13,182
Remicourt,64063,2020-10-22,12,194
Remicourt,64063,2020-10-23,17,211
Remicourt,64063,2020-10-24,19,230
Remicourt,64063,2020-10-25,15,245
Remicourt,64063,2020-10-26,6,251
Remicourt,64063,2020-10-27,15,266
Remicourt,64063,2020-10-28,21,287
Remicourt,64063,2020-10-29,16,303
Remicourt,64063,2020-10-30,19,322
Remicourt,64063,2020-10-31,25,347
Remicourt,64063,2020-11-01,17,364
Remicourt,64063,2020-11-02,12,376
Remicourt,64063,2020-11-03,10,386
Remicourt,64063,2020-11-04,10,396
Remicourt,64063,2020-11-05,13,409
Remicourt,64063,2020-11-06,9,418
Remicourt,64063,2020-11-07,5,423
Remicourt,64063,2020-11-08,4,427
Remicourt,64063,2020-11-09,2,429
Remicourt,64063,2020-11-10,3,432
Remicourt,64063,2020-11-11,4,436
Saint-Georges-sur-Meuse,64065,2020-04-01,0,6
Saint-Georges-sur-Meuse,64065,2020-04-02,0,6
Saint-Georges-sur-Meuse,64065,2020-04-03,0,6
Saint-Georges-sur-Meuse,64065,2020-04-04,2,8
Saint-Georges-sur-Meuse,64065,2020-04-05,1,9
Saint-Georges-sur-Meuse,64065,2020-04-06,0,9
Saint-Georges-sur-Meuse,64065,2020-04-07,0,9
Saint-Georges-sur-Meuse,64065,2020-04-08,0,9
Saint-Georges-sur-Meuse,64065,2020-04-09,0,9
Saint-Georges-sur-Meuse,64065,2020-04-10,0,9
Saint-Georges-sur-Meuse,64065,2020-04-11,0,9
Saint-Georges-sur-Meuse,64065,2020-04-12,0,9
Saint-Georges-sur-Meuse,64065,2020-04-13,0,9
Saint-Georges-sur-Meuse,64065,2020-04-14,0,9
Saint-Georges-sur-Meuse,64065,2020-04-15,2,11
Saint-Georges-sur-Meuse,64065,2020-04-16,1,12
Saint-Georges-sur-Meuse,64065,2020-04-17,0,12
Saint-Georges-sur-Meuse,64065,2020-04-18,0,12
Saint-Georges-sur-Meuse,64065,2020-04-19,1,13
Saint-Georges-sur-Meuse,64065,2020-04-20,0,13
Saint-Georges-sur-Meuse,64065,2020-04-21,0,13
Saint-Georges-sur-Meuse,64065,2020-04-22,0,13
Saint-Georges-sur-Meuse,64065,2020-04-23,0,13
Saint-Georges-sur-Meuse,64065,2020-04-24,1,14
Saint-Georges-sur-Meuse,64065,2020-04-25,1,15
Saint-Georges-sur-Meuse,64065,2020-04-26,0,15
Saint-Georges-sur-Meuse,64065,2020-04-27,0,15
Saint-Georges-sur-Meuse,64065,2020-04-28,0,15
Saint-Georges-sur-Meuse,64065,2020-04-29,0,15
Saint-Georges-sur-Meuse,64065,2020-04-30,0,15
Saint-Georges-sur-Meuse,64065,2020-05-01,0,15
Saint-Georges-sur-Meuse,64065,2020-05-02,0,15
Saint-Georges-sur-Meuse,64065,2020-05-03,0,15
Saint-Georges-sur-Meuse,64065,2020-05-04,0,15
Saint-Georges-sur-Meuse,64065,2020-05-05,1,16
Saint-Georges-sur-Meuse,64065,2020-05-06,0,16
Saint-Georges-sur-Meuse,64065,2020-05-07,0,16
Saint-Georges-sur-Meuse,64065,2020-05-08,0,16
Saint-Georges-sur-Meuse,64065,2020-05-09,0,16
Saint-Georges-sur-Meuse,64065,2020-05-10,0,16
Saint-Georges-sur-Meuse,64065,2020-05-11,0,16
Saint-Georges-sur-Meuse,64065,2020-05-12,1,17
Saint-Georges-sur-Meuse,64065,2020-05-13,-1,16
Saint-Georges-sur-Meuse,64065,2020-05-14,1,17
Saint-Georges-sur-Meuse,64065,2020-05-15,0,17
Saint-Georges-sur-Meuse,64065,2020-05-16,0,17
Saint-Georges-sur-Meuse,64065,2020-05-17,1,18
Saint-Georges-sur-Meuse,64065,2020-05-18,0,18
Saint-Georges-sur-Meuse,64065,2020-05-19,0,18
Saint-Georges-sur-Meuse,64065,2020-05-20,0,18
Saint-Georges-sur-Meuse,64065,2020-05-21,0,18
Saint-Georges-sur-Meuse,64065,2020-05-22,0,18
Saint-Georges-sur-Meuse,64065,2020-05-23,0,18
Saint-Georges-sur-Meuse,64065,2020-05-24,0,18
Saint-Georges-sur-Meuse,64065,2020-05-25,0,18
Saint-Georges-sur-Meuse,64065,2020-05-26,0,18
Saint-Georges-sur-Meuse,64065,2020-05-27,0,18
Saint-Georges-sur-Meuse,64065,2020-05-28,0,18
Saint-Georges-sur-Meuse,64065,2020-05-29,0,18
Saint-Georges-sur-Meuse,64065,2020-05-30,0,18
Saint-Georges-sur-Meuse,64065,2020-05-31,0,18
Saint-Georges-sur-Meuse,64065,2020-06-01,0,18
Saint-Georges-sur-Meuse,64065,2020-06-02,0,18
Saint-Georges-sur-Meuse,64065,2020-06-03,0,18
Saint-Georges-sur-Meuse,64065,2020-06-04,0,18
Saint-Georges-sur-Meuse,64065,2020-06-05,0,18
Saint-Georges-sur-Meuse,64065,2020-06-06,0,18
Saint-Georges-sur-Meuse,64065,2020-06-07,0,18
Saint-Georges-sur-Meuse,64065,2020-06-08,0,18
Saint-Georges-sur-Meuse,64065,2020-06-09,0,18
Saint-Georges-sur-Meuse,64065,2020-06-10,0,18
Saint-Georges-sur-Meuse,64065,2020-06-11,0,18
Saint-Georges-sur-Meuse,64065,2020-06-12,0,18
Saint-Georges-sur-Meuse,64065,2020-06-13,0,18
Saint-Georges-sur-Meuse,64065,2020-06-14,0,18
Saint-Georges-sur-Meuse,64065,2020-06-15,0,18
Saint-Georges-sur-Meuse,64065,2020-06-16,0,18
Saint-Georges-sur-Meuse,64065,2020-06-17,0,18
Saint-Georges-sur-Meuse,64065,2020-06-18,0,18
Saint-Georges-sur-Meuse,64065,2020-06-19,0,18
Saint-Georges-sur-Meuse,64065,2020-06-20,0,18
Saint-Georges-sur-Meuse,64065,2020-06-23,0,18
Saint-Georges-sur-Meuse,64065,2020-06-24,0,18
Saint-Georges-sur-Meuse,64065,2020-06-25,0,18
Saint-Georges-sur-Meuse,64065,2020-06-26,0,18
Saint-Georges-sur-Meuse,64065,2020-06-27,0,18
Saint-Georges-sur-Meuse,64065,2020-06-30,0,18
Saint-Georges-sur-Meuse,64065,2020-07-01,0,18
Saint-Georges-sur-Meuse,64065,2020-07-02,0,18
Saint-Georges-sur-Meuse,64065,2020-07-03,0,18
Saint-Georges-sur-Meuse,64065,2020-07-04,0,18
Saint-Georges-sur-Meuse,64065,2020-07-07,0,18
Saint-Georges-sur-Meuse,64065,2020-07-08,0,18
Saint-Georges-sur-Meuse,64065,2020-07-09,0,18
Saint-Georges-sur-Meuse,64065,2020-07-10,0,18
Saint-Georges-sur-Meuse,64065,2020-07-11,0,18
Saint-Georges-sur-Meuse,64065,2020-07-14,0,18
Saint-Georges-sur-Meuse,64065,2020-07-15,0,18
Saint-Georges-sur-Meuse,64065,2020-07-16,0,18
Saint-Georges-sur-Meuse,64065,2020-07-17,0,18
Saint-Georges-sur-Meuse,64065,2020-07-18,0,18
Saint-Georges-sur-Meuse,64065,2020-07-20,0,18
Saint-Georges-sur-Meuse,64065,2020-07-21,0,18
Saint-Georges-sur-Meuse,64065,2020-07-22,0,18
Saint-Georges-sur-Meuse,64065,2020-07-23,0,18
Saint-Georges-sur-Meuse,64065,2020-07-24,0,18
Saint-Georges-sur-Meuse,64065,2020-07-25,0,18
Saint-Georges-sur-Meuse,64065,2020-07-26,0,18
Saint-Georges-sur-Meuse,64065,2020-07-27,0,18
Saint-Georges-sur-Meuse,64065,2020-07-28,0,18
Saint-Georges-sur-Meuse,64065,2020-07-29,0,18
Saint-Georges-sur-Meuse,64065,2020-07-30,0,18
Saint-Georges-sur-Meuse,64065,2020-07-31,0,18
Saint-Georges-sur-Meuse,64065,2020-08-01,1,19
Saint-Georges-sur-Meuse,64065,2020-08-02,0,19
Saint-Georges-sur-Meuse,64065,2020-08-03,0,19
Saint-Georges-sur-Meuse,64065,2020-08-04,0,19
Saint-Georges-sur-Meuse,64065,2020-08-05,0,19
Saint-Georges-sur-Meuse,64065,2020-08-06,0,19
Saint-Georges-sur-Meuse,64065,2020-08-07,0,19
Saint-Georges-sur-Meuse,64065,2020-08-08,0,19
Saint-Georges-sur-Meuse,64065,2020-08-09,0,19
Saint-Georges-sur-Meuse,64065,2020-08-10,0,19
Saint-Georges-sur-Meuse,64065,2020-08-11,0,19
Saint-Georges-sur-Meuse,64065,2020-08-12,0,19
Saint-Georges-sur-Meuse,64065,2020-08-13,0,19
Saint-Georges-sur-Meuse,64065,2020-08-14,0,19
Saint-Georges-sur-Meuse,64065,2020-08-15,0,19
Saint-Georges-sur-Meuse,64065,2020-08-16,0,19
Saint-Georges-sur-Meuse,64065,2020-08-17,0,19
Saint-Georges-sur-Meuse,64065,2020-08-18,0,19
Saint-Georges-sur-Meuse,64065,2020-08-19,0,19
Saint-Georges-sur-Meuse,64065,2020-08-20,0,19
Saint-Georges-sur-Meuse,64065,2020-08-21,0,19
Saint-Georges-sur-Meuse,64065,2020-08-22,0,19
Saint-Georges-sur-Meuse,64065,2020-08-23,0,19
Saint-Georges-sur-Meuse,64065,2020-08-24,1,20
Saint-Georges-sur-Meuse,64065,2020-08-25,0,20
Saint-Georges-sur-Meuse,64065,2020-08-26,0,20
Saint-Georges-sur-Meuse,64065,2020-08-27,1,21
Saint-Georges-sur-Meuse,64065,2020-08-28,0,21
Saint-Georges-sur-Meuse,64065,2020-08-29,0,21
Saint-Georges-sur-Meuse,64065,2020-08-30,2,23
Saint-Georges-sur-Meuse,64065,2020-08-31,0,23
Saint-Georges-sur-Meuse,64065,2020-09-01,1,24
Saint-Georges-sur-Meuse,64065,2020-09-02,0,24
Saint-Georges-sur-Meuse,64065,2020-09-03,0,24
Saint-Georges-sur-Meuse,64065,2020-09-04,0,24
Saint-Georges-sur-Meuse,64065,2020-09-05,1,25
Saint-Georges-sur-Meuse,64065,2020-09-06,1,26
Saint-Georges-sur-Meuse,64065,2020-09-07,0,26
Saint-Georges-sur-Meuse,64065,2020-09-08,0,26
Saint-Georges-sur-Meuse,64065,2020-09-09,0,26
Saint-Georges-sur-Meuse,64065,2020-09-10,0,26
Saint-Georges-sur-Meuse,64065,2020-09-11,2,28
Saint-Georges-sur-Meuse,64065,2020-09-12,0,28
Saint-Georges-sur-Meuse,64065,2020-09-13,0,28
Saint-Georges-sur-Meuse,64065,2020-09-14,0,28
Saint-Georges-sur-Meuse,64065,2020-09-15,1,29
Saint-Georges-sur-Meuse,64065,2020-09-16,0,29
Saint-Georges-sur-Meuse,64065,2020-09-17,0,29
Saint-Georges-sur-Meuse,64065,2020-09-18,1,30
Saint-Georges-sur-Meuse,64065,2020-09-19,2,32
Saint-Georges-sur-Meuse,64065,2020-09-20,3,35
Saint-Georges-sur-Meuse,64065,2020-09-21,1,36
Saint-Georges-sur-Meuse,64065,2020-09-22,5,41
Saint-Georges-sur-Meuse,64065,2020-09-23,3,44
Saint-Georges-sur-Meuse,64065,2020-09-24,1,45
Saint-Georges-sur-Meuse,64065,2020-09-25,1,46
Saint-Georges-sur-Meuse,64065,2020-09-26,4,50
Saint-Georges-sur-Meuse,64065,2020-09-27,2,52
Saint-Georges-sur-Meuse,64065,2020-09-28,1,53
Saint-Georges-sur-Meuse,64065,2020-09-29,4,57
Saint-Georges-sur-Meuse,64065,2020-09-30,0,57
Saint-Georges-sur-Meuse,64065,2020-10-01,1,58
Saint-Georges-sur-Meuse,64065,2020-10-02,0,58
Saint-Georges-sur-Meuse,64065,2020-10-03,4,62
Saint-Georges-sur-Meuse,64065,2020-10-04,1,63
Saint-Georges-sur-Meuse,64065,2020-10-05,2,65
Saint-Georges-sur-Meuse,64065,2020-10-06,3,68
Saint-Georges-sur-Meuse,64065,2020-10-07,4,72
Saint-Georges-sur-Meuse,64065,2020-10-08,5,77
Saint-Georges-sur-Meuse,64065,2020-10-09,6,83
Saint-Georges-sur-Meuse,64065,2020-10-10,6,89
Saint-Georges-sur-Meuse,64065,2020-10-11,7,96
Saint-Georges-sur-Meuse,64065,2020-10-12,6,102
Saint-Georges-sur-Meuse,64065,2020-10-13,8,110
Saint-Georges-sur-Meuse,64065,2020-10-14,6,116
Saint-Georges-sur-Meuse,64065,2020-10-15,10,126
Saint-Georges-sur-Meuse,64065,2020-10-16,5,131
Saint-Georges-sur-Meuse,64065,2020-10-17,9,140
Saint-Georges-sur-Meuse,64065,2020-10-18,17,157
Saint-Georges-sur-Meuse,64065,2020-10-19,4,161
Saint-Georges-sur-Meuse,64065,2020-10-20,11,172
Saint-Georges-sur-Meuse,64065,2020-10-21,8,180
Saint-Georges-sur-Meuse,64065,2020-10-22,14,194
Saint-Georges-sur-Meuse,64065,2020-10-23,24,218
Saint-Georges-sur-Meuse,64065,2020-10-24,21,239
Saint-Georges-sur-Meuse,64065,2020-10-25,14,253
Saint-Georges-sur-Meuse,64065,2020-10-26,7,260
Saint-Georges-sur-Meuse,64065,2020-10-27,50,310
Saint-Georges-sur-Meuse,64065,2020-10-28,13,323
Saint-Georges-sur-Meuse,64065,2020-10-29,18,341
Saint-Georges-sur-Meuse,64065,2020-10-30,31,372
Saint-Georges-sur-Meuse,64065,2020-10-31,20,392
Saint-Georges-sur-Meuse,64065,2020-11-01,12,404
Saint-Georges-sur-Meuse,64065,2020-11-02,10,414
Saint-Georges-sur-Meuse,64065,2020-11-03,9,423
Saint-Georges-sur-Meuse,64065,2020-11-04,2,425
Saint-Georges-sur-Meuse,64065,2020-11-05,9,434
Saint-Georges-sur-Meuse,64065,2020-11-06,21,455
Saint-Georges-sur-Meuse,64065,2020-11-07,6,461
Saint-Georges-sur-Meuse,64065,2020-11-08,10,471
Saint-Georges-sur-Meuse,64065,2020-11-09,6,477
Saint-Georges-sur-Meuse,64065,2020-11-10,0,477
Saint-Georges-sur-Meuse,64065,2020-11-11,2,479
Borgworm,64074,2020-04-01,2,12
Borgworm,64074,2020-04-02,0,12
Borgworm,64074,2020-04-03,2,14
Borgworm,64074,2020-04-04,3,17
Borgworm,64074,2020-04-05,0,17
Borgworm,64074,2020-04-06,1,18
Borgworm,64074,2020-04-07,2,20
Borgworm,64074,2020-04-08,1,21
Borgworm,64074,2020-04-09,2,23
Borgworm,64074,2020-04-10,0,23
Borgworm,64074,2020-04-11,5,28
Borgworm,64074,2020-04-12,0,28
Borgworm,64074,2020-04-13,2,30
Borgworm,64074,2020-04-14,0,30
Borgworm,64074,2020-04-15,3,33
Borgworm,64074,2020-04-16,1,34
Borgworm,64074,2020-04-17,3,37
Borgworm,64074,2020-04-18,2,39
Borgworm,64074,2020-04-19,0,39
Borgworm,64074,2020-04-20,2,41
Borgworm,64074,2020-04-21,2,43
Borgworm,64074,2020-04-22,0,43
Borgworm,64074,2020-04-23,1,44
Borgworm,64074,2020-04-24,1,45
Borgworm,64074,2020-04-25,0,45
Borgworm,64074,2020-04-26,2,47
Borgworm,64074,2020-04-27,0,47
Borgworm,64074,2020-04-28,0,47
Borgworm,64074,2020-04-29,0,47
Borgworm,64074,2020-04-30,0,47
Borgworm,64074,2020-05-01,0,47
Borgworm,64074,2020-05-02,0,47
Borgworm,64074,2020-05-03,0,47
Borgworm,64074,2020-05-04,0,47
Borgworm,64074,2020-05-05,1,48
Borgworm,64074,2020-05-06,0,48
Borgworm,64074,2020-05-07,1,49
Borgworm,64074,2020-05-08,1,50
Borgworm,64074,2020-05-09,0,50
Borgworm,64074,2020-05-10,0,50
Borgworm,64074,2020-05-11,1,51
Borgworm,64074,2020-05-12,0,51
Borgworm,64074,2020-05-13,0,51
Borgworm,64074,2020-05-14,0,51
Borgworm,64074,2020-05-15,0,51
Borgworm,64074,2020-05-16,0,51
Borgworm,64074,2020-05-17,1,52
Borgworm,64074,2020-05-18,2,54
Borgworm,64074,2020-05-19,0,54
Borgworm,64074,2020-05-20,0,54
Borgworm,64074,2020-05-21,0,54
Borgworm,64074,2020-05-22,0,54
Borgworm,64074,2020-05-23,0,54
Borgworm,64074,2020-05-24,0,54
Borgworm,64074,2020-05-25,0,54
Borgworm,64074,2020-05-26,0,54
Borgworm,64074,2020-05-27,0,54
Borgworm,64074,2020-05-28,0,54
Borgworm,64074,2020-05-29,0,54
Borgworm,64074,2020-05-30,0,54
Borgworm,64074,2020-05-31,0,54
Borgworm,64074,2020-06-01,0,54
Borgworm,64074,2020-06-02,0,54
Borgworm,64074,2020-06-03,0,54
Borgworm,64074,2020-06-04,0,54
Borgworm,64074,2020-06-05,0,54
Borgworm,64074,2020-06-06,0,54
Borgworm,64074,2020-06-07,0,54
Borgworm,64074,2020-06-08,0,54
Borgworm,64074,2020-06-09,0,54
Borgworm,64074,2020-06-10,1,55
Borgworm,64074,2020-06-11,0,55
Borgworm,64074,2020-06-12,0,55
Borgworm,64074,2020-06-13,0,55
Borgworm,64074,2020-06-14,0,55
Borgworm,64074,2020-06-15,0,55
Borgworm,64074,2020-06-16,0,55
Borgworm,64074,2020-06-17,0,55
Borgworm,64074,2020-06-18,0,55
Borgworm,64074,2020-06-19,1,56
Borgworm,64074,2020-06-20,0,56
Borgworm,64074,2020-06-23,0,56
Borgworm,64074,2020-06-24,0,56
Borgworm,64074,2020-06-25,0,56
Borgworm,64074,2020-06-26,0,56
Borgworm,64074,2020-06-27,0,56
Borgworm,64074,2020-06-30,1,57
Borgworm,64074,2020-07-01,0,57
Borgworm,64074,2020-07-02,0,57
Borgworm,64074,2020-07-03,0,57
Borgworm,64074,2020-07-04,0,57
Borgworm,64074,2020-07-07,0,57
Borgworm,64074,2020-07-08,0,57
Borgworm,64074,2020-07-09,0,57
Borgworm,64074,2020-07-10,0,57
Borgworm,64074,2020-07-11,0,57
Borgworm,64074,2020-07-14,0,57
Borgworm,64074,2020-07-15,0,57
Borgworm,64074,2020-07-16,0,57
Borgworm,64074,2020-07-17,0,57
Borgworm,64074,2020-07-18,0,57
Borgworm,64074,2020-07-20,0,57
Borgworm,64074,2020-07-21,0,57
Borgworm,64074,2020-07-22,0,57
Borgworm,64074,2020-07-23,0,57
Borgworm,64074,2020-07-24,0,57
Borgworm,64074,2020-07-25,0,57
Borgworm,64074,2020-07-26,0,57
Borgworm,64074,2020-07-27,0,57
Borgworm,64074,2020-07-28,0,57
Borgworm,64074,2020-07-29,0,57
Borgworm,64074,2020-07-30,0,57
Borgworm,64074,2020-07-31,0,57
Borgworm,64074,2020-08-01,0,57
Borgworm,64074,2020-08-02,0,57
Borgworm,64074,2020-08-03,0,57
Borgworm,64074,2020-08-04,0,57
Borgworm,64074,2020-08-05,2,59
Borgworm,64074,2020-08-06,0,59
Borgworm,64074,2020-08-07,0,59
Borgworm,64074,2020-08-08,0,59
Borgworm,64074,2020-08-09,0,59
Borgworm,64074,2020-08-10,0,59
Borgworm,64074,2020-08-11,0,59
Borgworm,64074,2020-08-12,0,59
Borgworm,64074,2020-08-13,0,59
Borgworm,64074,2020-08-14,0,59
Borgworm,64074,2020-08-15,0,59
Borgworm,64074,2020-08-16,1,60
Borgworm,64074,2020-08-17,0,60
Borgworm,64074,2020-08-18,0,60
Borgworm,64074,2020-08-19,0,60
Borgworm,64074,2020-08-20,0,60
Borgworm,64074,2020-08-21,0,60
Borgworm,64074,2020-08-22,0,60
Borgworm,64074,2020-08-23,0,60
Borgworm,64074,2020-08-24,0,60
Borgworm,64074,2020-08-25,0,60
Borgworm,64074,2020-08-26,0,60
Borgworm,64074,2020-08-27,1,61
Borgworm,64074,2020-08-28,0,61
Borgworm,64074,2020-08-29,2,63
Borgworm,64074,2020-08-30,0,63
Borgworm,64074,2020-08-31,0,63
Borgworm,64074,2020-09-01,1,64
Borgworm,64074,2020-09-02,0,64
Borgworm,64074,2020-09-03,0,64
Borgworm,64074,2020-09-04,0,64
Borgworm,64074,2020-09-05,3,67
Borgworm,64074,2020-09-06,0,67
Borgworm,64074,2020-09-07,0,67
Borgworm,64074,2020-09-08,0,67
Borgworm,64074,2020-09-09,1,68
Borgworm,64074,2020-09-10,1,69
Borgworm,64074,2020-09-11,0,69
Borgworm,64074,2020-09-12,0,69
Borgworm,64074,2020-09-13,1,70
Borgworm,64074,2020-09-14,0,70
Borgworm,64074,2020-09-15,1,71
Borgworm,64074,2020-09-16,0,71
Borgworm,64074,2020-09-17,1,72
Borgworm,64074,2020-09-18,1,73
Borgworm,64074,2020-09-19,1,74
Borgworm,64074,2020-09-20,4,78
Borgworm,64074,2020-09-21,1,79
Borgworm,64074,2020-09-22,0,79
Borgworm,64074,2020-09-23,1,80
Borgworm,64074,2020-09-24,1,81
Borgworm,64074,2020-09-25,1,82
Borgworm,64074,2020-09-26,0,82
Borgworm,64074,2020-09-27,1,83
Borgworm,64074,2020-09-28,2,85
Borgworm,64074,2020-09-29,2,87
Borgworm,64074,2020-09-30,2,89
Borgworm,64074,2020-10-01,1,90
Borgworm,64074,2020-10-02,0,90
Borgworm,64074,2020-10-03,4,94
Borgworm,64074,2020-10-04,6,100
Borgworm,64074,2020-10-05,4,104
Borgworm,64074,2020-10-06,1,105
Borgworm,64074,2020-10-07,4,109
Borgworm,64074,2020-10-08,7,116
Borgworm,64074,2020-10-09,2,118
Borgworm,64074,2020-10-10,9,127
Borgworm,64074,2020-10-11,7,134
Borgworm,64074,2020-10-12,6,140
Borgworm,64074,2020-10-13,2,142
Borgworm,64074,2020-10-14,32,174
Borgworm,64074,2020-10-15,18,192
Borgworm,64074,2020-10-16,14,206
Borgworm,64074,2020-10-17,21,227
Borgworm,64074,2020-10-18,24,251
Borgworm,64074,2020-10-19,29,280
Borgworm,64074,2020-10-20,22,302
Borgworm,64074,2020-10-21,17,319
Borgworm,64074,2020-10-22,21,340
Borgworm,64074,2020-10-23,30,370
Borgworm,64074,2020-10-24,26,396
Borgworm,64074,2020-10-25,21,417
Borgworm,64074,2020-10-26,32,449
Borgworm,64074,2020-10-27,26,475
Borgworm,64074,2020-10-28,33,508
Borgworm,64074,2020-10-29,50,558
Borgworm,64074,2020-10-30,64,622
Borgworm,64074,2020-10-31,57,679
Borgworm,64074,2020-11-01,94,773
Borgworm,64074,2020-11-02,38,811
Borgworm,64074,2020-11-03,9,820
Borgworm,64074,2020-11-04,9,829
Borgworm,64074,2020-11-05,41,870
Borgworm,64074,2020-11-06,33,903
Borgworm,64074,2020-11-07,17,920
Borgworm,64074,2020-11-08,7,927
Borgworm,64074,2020-11-09,4,931
Borgworm,64074,2020-11-10,1,932
Borgworm,64074,2020-11-11,3,935
Wasseiges,64075,2020-04-01,0,0
Wasseiges,64075,2020-04-02,0,0
Wasseiges,64075,2020-04-03,0,0
Wasseiges,64075,2020-04-04,0,0
Wasseiges,64075,2020-04-05,0,0
Wasseiges,64075,2020-04-06,0,0
Wasseiges,64075,2020-04-07,0,0
Wasseiges,64075,2020-04-08,0,0
Wasseiges,64075,2020-04-09,0,0
Wasseiges,64075,2020-04-10,0,0
Wasseiges,64075,2020-04-11,0,0
Wasseiges,64075,2020-04-12,0,0
Wasseiges,64075,2020-04-13,0,0
Wasseiges,64075,2020-04-14,0,0
Wasseiges,64075,2020-04-15,0,0
Wasseiges,64075,2020-04-16,5,5
Wasseiges,64075,2020-04-17,0,5
Wasseiges,64075,2020-04-18,0,5
Wasseiges,64075,2020-04-19,0,5
Wasseiges,64075,2020-04-20,0,5
Wasseiges,64075,2020-04-21,0,5
Wasseiges,64075,2020-04-22,0,5
Wasseiges,64075,2020-04-23,1,6
Wasseiges,64075,2020-04-24,0,6
Wasseiges,64075,2020-04-25,-1,5
Wasseiges,64075,2020-04-26,0,5
Wasseiges,64075,2020-04-27,0,5
Wasseiges,64075,2020-04-28,0,5
Wasseiges,64075,2020-04-29,0,5
Wasseiges,64075,2020-04-30,0,5
Wasseiges,64075,2020-05-01,0,5
Wasseiges,64075,2020-05-02,0,5
Wasseiges,64075,2020-05-03,0,5
Wasseiges,64075,2020-05-04,0,5
Wasseiges,64075,2020-05-05,0,5
Wasseiges,64075,2020-05-06,0,5
Wasseiges,64075,2020-05-07,0,5
Wasseiges,64075,2020-05-08,0,5
Wasseiges,64075,2020-05-09,0,5
Wasseiges,64075,2020-05-10,0,5
Wasseiges,64075,2020-05-11,0,5
Wasseiges,64075,2020-05-12,0,5
Wasseiges,64075,2020-05-13,0,5
Wasseiges,64075,2020-05-14,0,5
Wasseiges,64075,2020-05-15,0,5
Wasseiges,64075,2020-05-16,0,5
Wasseiges,64075,2020-05-17,0,5
Wasseiges,64075,2020-05-18,0,5
Wasseiges,64075,2020-05-19,0,5
Wasseiges,64075,2020-05-20,0,5
Wasseiges,64075,2020-05-21,0,5
Wasseiges,64075,2020-05-22,0,5
Wasseiges,64075,2020-05-23,0,5
Wasseiges,64075,2020-05-24,0,5
Wasseiges,64075,2020-05-25,0,5
Wasseiges,64075,2020-05-26,0,5
Wasseiges,64075,2020-05-27,0,5
Wasseiges,64075,2020-05-28,0,5
Wasseiges,64075,2020-05-29,0,5
Wasseiges,64075,2020-05-30,0,5
Wasseiges,64075,2020-05-31,0,5
Wasseiges,64075,2020-06-01,0,5
Wasseiges,64075,2020-06-02,0,5
Wasseiges,64075,2020-06-03,0,5
Wasseiges,64075,2020-06-04,0,5
Wasseiges,64075,2020-06-05,0,5
Wasseiges,64075,2020-06-06,0,5
Wasseiges,64075,2020-06-07,0,5
Wasseiges,64075,2020-06-08,0,5
Wasseiges,64075,2020-06-09,0,5
Wasseiges,64075,2020-06-10,0,5
Wasseiges,64075,2020-06-11,0,5
Wasseiges,64075,2020-06-12,0,5
Wasseiges,64075,2020-06-13,0,5
Wasseiges,64075,2020-06-14,0,5
Wasseiges,64075,2020-06-15,0,5
Wasseiges,64075,2020-06-16,0,5
Wasseiges,64075,2020-06-17,0,5
Wasseiges,64075,2020-06-18,0,5
Wasseiges,64075,2020-06-19,0,5
Wasseiges,64075,2020-06-20,0,5
Wasseiges,64075,2020-06-23,0,5
Wasseiges,64075,2020-06-24,0,5
Wasseiges,64075,2020-06-25,0,5
Wasseiges,64075,2020-06-26,0,5
Wasseiges,64075,2020-06-27,0,5
Wasseiges,64075,2020-06-30,0,5
Wasseiges,64075,2020-07-01,0,5
Wasseiges,64075,2020-07-02,0,5
Wasseiges,64075,2020-07-03,0,5
Wasseiges,64075,2020-07-04,0,5
Wasseiges,64075,2020-07-07,0,5
Wasseiges,64075,2020-07-08,0,5
Wasseiges,64075,2020-07-09,0,5
Wasseiges,64075,2020-07-10,0,5
Wasseiges,64075,2020-07-11,0,5
Wasseiges,64075,2020-07-14,0,5
Wasseiges,64075,2020-07-15,0,5
Wasseiges,64075,2020-07-16,0,5
Wasseiges,64075,2020-07-17,0,5
Wasseiges,64075,2020-07-18,0,5
Wasseiges,64075,2020-07-20,0,5
Wasseiges,64075,2020-07-21,0,5
Wasseiges,64075,2020-07-22,0,5
Wasseiges,64075,2020-07-23,0,5
Wasseiges,64075,2020-07-24,0,5
Wasseiges,64075,2020-07-25,1,6
Wasseiges,64075,2020-07-26,0,6
Wasseiges,64075,2020-07-27,0,6
Wasseiges,64075,2020-07-28,0,6
Wasseiges,64075,2020-07-29,1,7
Wasseiges,64075,2020-07-30,0,7
Wasseiges,64075,2020-07-31,0,7
Wasseiges,64075,2020-08-01,0,7
Wasseiges,64075,2020-08-02,0,7
Wasseiges,64075,2020-08-03,0,7
Wasseiges,64075,2020-08-04,1,8
Wasseiges,64075,2020-08-05,0,8
Wasseiges,64075,2020-08-06,1,9
Wasseiges,64075,2020-08-07,0,9
Wasseiges,64075,2020-08-08,0,9
Wasseiges,64075,2020-08-09,0,9
Wasseiges,64075,2020-08-10,0,9
Wasseiges,64075,2020-08-11,0,9
Wasseiges,64075,2020-08-12,0,9
Wasseiges,64075,2020-08-13,0,9
Wasseiges,64075,2020-08-14,0,9
Wasseiges,64075,2020-08-15,1,10
Wasseiges,64075,2020-08-16,0,10
Wasseiges,64075,2020-08-17,1,11
Wasseiges,64075,2020-08-18,0,11
Wasseiges,64075,2020-08-19,0,11
Wasseiges,64075,2020-08-20,0,11
Wasseiges,64075,2020-08-21,0,11
Wasseiges,64075,2020-08-22,0,11
Wasseiges,64075,2020-08-23,0,11
Wasseiges,64075,2020-08-24,0,11
Wasseiges,64075,2020-08-25,0,11
Wasseiges,64075,2020-08-26,0,11
Wasseiges,64075,2020-08-27,0,11
Wasseiges,64075,2020-08-28,0,11
Wasseiges,64075,2020-08-29,0,11
Wasseiges,64075,2020-08-30,0,11
Wasseiges,64075,2020-08-31,0,11
Wasseiges,64075,2020-09-01,0,11
Wasseiges,64075,2020-09-02,0,11
Wasseiges,64075,2020-09-03,0,11
Wasseiges,64075,2020-09-04,0,11
Wasseiges,64075,2020-09-05,0,11
Wasseiges,64075,2020-09-06,0,11
Wasseiges,64075,2020-09-07,0,11
Wasseiges,64075,2020-09-08,0,11
Wasseiges,64075,2020-09-09,0,11
Wasseiges,64075,2020-09-10,0,11
Wasseiges,64075,2020-09-11,0,11
Wasseiges,64075,2020-09-12,0,11
Wasseiges,64075,2020-09-13,1,12
Wasseiges,64075,2020-09-14,0,12
Wasseiges,64075,2020-09-15,0,12
Wasseiges,64075,2020-09-16,0,12
Wasseiges,64075,2020-09-17,0,12
Wasseiges,64075,2020-09-18,0,12
Wasseiges,64075,2020-09-19,0,12
Wasseiges,64075,2020-09-20,0,12
Wasseiges,64075,2020-09-21,0,12
Wasseiges,64075,2020-09-22,0,12
Wasseiges,64075,2020-09-23,0,12
Wasseiges,64075,2020-09-24,2,14
Wasseiges,64075,2020-09-25,0,14
Wasseiges,64075,2020-09-26,1,15
Wasseiges,64075,2020-09-27,0,15
Wasseiges,64075,2020-09-28,0,15
Wasseiges,64075,2020-09-29,0,15
Wasseiges,64075,2020-09-30,0,15
Wasseiges,64075,2020-10-01,1,16
Wasseiges,64075,2020-10-02,4,20
Wasseiges,64075,2020-10-03,0,20
Wasseiges,64075,2020-10-04,2,22
Wasseiges,64075,2020-10-05,2,24
Wasseiges,64075,2020-10-06,0,24
Wasseiges,64075,2020-10-07,1,25
Wasseiges,64075,2020-10-08,0,25
Wasseiges,64075,2020-10-09,2,27
Wasseiges,64075,2020-10-10,2,29
Wasseiges,64075,2020-10-11,4,33
Wasseiges,64075,2020-10-12,2,35
Wasseiges,64075,2020-10-13,1,36
Wasseiges,64075,2020-10-14,4,40
Wasseiges,64075,2020-10-15,1,41
Wasseiges,64075,2020-10-16,5,46
Wasseiges,64075,2020-10-17,4,50
Wasseiges,64075,2020-10-18,2,52
Wasseiges,64075,2020-10-19,2,54
Wasseiges,64075,2020-10-20,4,58
Wasseiges,64075,2020-10-21,7,65
Wasseiges,64075,2020-10-22,13,78
Wasseiges,64075,2020-10-23,5,83
Wasseiges,64075,2020-10-24,12,95
Wasseiges,64075,2020-10-25,20,115
Wasseiges,64075,2020-10-26,3,118
Wasseiges,64075,2020-10-27,26,144
Wasseiges,64075,2020-10-28,22,166
Wasseiges,64075,2020-10-29,8,174
Wasseiges,64075,2020-10-30,6,180
Wasseiges,64075,2020-10-31,8,188
Wasseiges,64075,2020-11-01,5,193
Wasseiges,64075,2020-11-02,5,198
Wasseiges,64075,2020-11-03,8,206
Wasseiges,64075,2020-11-04,2,208
Wasseiges,64075,2020-11-05,4,212
Wasseiges,64075,2020-11-06,3,215
Wasseiges,64075,2020-11-07,2,217
Wasseiges,64075,2020-11-08,1,218
Wasseiges,64075,2020-11-09,4,222
Wasseiges,64075,2020-11-10,1,223
Wasseiges,64075,2020-11-11,3,226
Faimes,64076,2020-04-01,0,0
Faimes,64076,2020-04-02,0,0
Faimes,64076,2020-04-03,0,0
Faimes,64076,2020-04-04,0,0
Faimes,64076,2020-04-05,0,0
Faimes,64076,2020-04-06,0,0
Faimes,64076,2020-04-07,0,0
Faimes,64076,2020-04-08,0,0
Faimes,64076,2020-04-09,0,0
Faimes,64076,2020-04-10,0,0
Faimes,64076,2020-04-11,0,0
Faimes,64076,2020-04-12,0,0
Faimes,64076,2020-04-13,0,0
Faimes,64076,2020-04-14,0,0
Faimes,64076,2020-04-15,0,0
Faimes,64076,2020-04-16,0,0
Faimes,64076,2020-04-17,0,0
Faimes,64076,2020-04-18,0,0
Faimes,64076,2020-04-19,0,0
Faimes,64076,2020-04-20,7,7
Faimes,64076,2020-04-21,0,7
Faimes,64076,2020-04-22,0,7
Faimes,64076,2020-04-23,1,8
Faimes,64076,2020-04-24,0,8
Faimes,64076,2020-04-25,0,8
Faimes,64076,2020-04-26,0,8
Faimes,64076,2020-04-27,0,8
Faimes,64076,2020-04-28,0,8
Faimes,64076,2020-04-29,0,8
Faimes,64076,2020-04-30,0,8
Faimes,64076,2020-05-01,2,10
Faimes,64076,2020-05-02,0,10
Faimes,64076,2020-05-03,0,10
Faimes,64076,2020-05-04,0,10
Faimes,64076,2020-05-05,0,10
Faimes,64076,2020-05-06,0,10
Faimes,64076,2020-05-07,0,10
Faimes,64076,2020-05-08,0,10
Faimes,64076,2020-05-09,0,10
Faimes,64076,2020-05-10,0,10
Faimes,64076,2020-05-11,0,10
Faimes,64076,2020-05-12,0,10
Faimes,64076,2020-05-13,0,10
Faimes,64076,2020-05-14,0,10
Faimes,64076,2020-05-15,0,10
Faimes,64076,2020-05-16,0,10
Faimes,64076,2020-05-17,0,10
Faimes,64076,2020-05-18,1,11
Faimes,64076,2020-05-19,0,11
Faimes,64076,2020-05-20,0,11
Faimes,64076,2020-05-21,0,11
Faimes,64076,2020-05-22,0,11
Faimes,64076,2020-05-23,0,11
Faimes,64076,2020-05-24,0,11
Faimes,64076,2020-05-25,0,11
Faimes,64076,2020-05-26,0,11
Faimes,64076,2020-05-27,0,11
Faimes,64076,2020-05-28,0,11
Faimes,64076,2020-05-29,0,11
Faimes,64076,2020-05-30,0,11
Faimes,64076,2020-05-31,1,12
Faimes,64076,2020-06-01,0,12
Faimes,64076,2020-06-02,0,12
Faimes,64076,2020-06-03,0,12
Faimes,64076,2020-06-04,0,12
Faimes,64076,2020-06-05,0,12
Faimes,64076,2020-06-06,0,12
Faimes,64076,2020-06-07,0,12
Faimes,64076,2020-06-08,0,12
Faimes,64076,2020-06-09,0,12
Faimes,64076,2020-06-10,0,12
Faimes,64076,2020-06-11,0,12
Faimes,64076,2020-06-12,0,12
Faimes,64076,2020-06-13,0,12
Faimes,64076,2020-06-14,0,12
Faimes,64076,2020-06-15,0,12
Faimes,64076,2020-06-16,1,13
Faimes,64076,2020-06-17,0,13
Faimes,64076,2020-06-18,0,13
Faimes,64076,2020-06-19,0,13
Faimes,64076,2020-06-20,0,13
Faimes,64076,2020-06-23,0,13
Faimes,64076,2020-06-24,0,13
Faimes,64076,2020-06-25,0,13
Faimes,64076,2020-06-26,0,13
Faimes,64076,2020-06-27,0,13
Faimes,64076,2020-06-30,0,13
Faimes,64076,2020-07-01,0,13
Faimes,64076,2020-07-02,0,13
Faimes,64076,2020-07-03,0,13
Faimes,64076,2020-07-04,0,13
Faimes,64076,2020-07-07,0,13
Faimes,64076,2020-07-08,0,13
Faimes,64076,2020-07-09,0,13
Faimes,64076,2020-07-10,0,13
Faimes,64076,2020-07-11,0,13
Faimes,64076,2020-07-14,0,13
Faimes,64076,2020-07-15,0,13
Faimes,64076,2020-07-16,0,13
Faimes,64076,2020-07-17,0,13
Faimes,64076,2020-07-18,0,13
Faimes,64076,2020-07-20,0,13
Faimes,64076,2020-07-21,0,13
Faimes,64076,2020-07-22,0,13
Faimes,64076,2020-07-23,0,13
Faimes,64076,2020-07-24,0,13
Faimes,64076,2020-07-25,0,13
Faimes,64076,2020-07-26,0,13
Faimes,64076,2020-07-27,0,13
Faimes,64076,2020-07-28,0,13
Faimes,64076,2020-07-29,0,13
Faimes,64076,2020-07-30,0,13
Faimes,64076,2020-07-31,0,13
Faimes,64076,2020-08-01,0,13
Faimes,64076,2020-08-02,0,13
Faimes,64076,2020-08-03,0,13
Faimes,64076,2020-08-04,0,13
Faimes,64076,2020-08-05,0,13
Faimes,64076,2020-08-06,0,13
Faimes,64076,2020-08-07,1,14
Faimes,64076,2020-08-08,0,14
Faimes,64076,2020-08-09,0,14
Faimes,64076,2020-08-10,0,14
Faimes,64076,2020-08-11,1,15
Faimes,64076,2020-08-12,0,15
Faimes,64076,2020-08-13,0,15
Faimes,64076,2020-08-14,0,15
Faimes,64076,2020-08-15,0,15
Faimes,64076,2020-08-16,0,15
Faimes,64076,2020-08-17,0,15
Faimes,64076,2020-08-18,0,15
Faimes,64076,2020-08-19,0,15
Faimes,64076,2020-08-20,0,15
Faimes,64076,2020-08-21,0,15
Faimes,64076,2020-08-22,0,15
Faimes,64076,2020-08-23,0,15
Faimes,64076,2020-08-24,0,15
Faimes,64076,2020-08-25,0,15
Faimes,64076,2020-08-26,0,15
Faimes,64076,2020-08-27,0,15
Faimes,64076,2020-08-28,0,15
Faimes,64076,2020-08-29,0,15
Faimes,64076,2020-08-30,1,16
Faimes,64076,2020-08-31,0,16
Faimes,64076,2020-09-01,0,16
Faimes,64076,2020-09-02,0,16
Faimes,64076,2020-09-03,0,16
Faimes,64076,2020-09-04,0,16
Faimes,64076,2020-09-05,1,17
Faimes,64076,2020-09-06,0,17
Faimes,64076,2020-09-07,0,17
Faimes,64076,2020-09-08,0,17
Faimes,64076,2020-09-09,0,17
Faimes,64076,2020-09-10,0,17
Faimes,64076,2020-09-11,0,17
Faimes,64076,2020-09-12,0,17
Faimes,64076,2020-09-13,2,19
Faimes,64076,2020-09-14,0,19
Faimes,64076,2020-09-15,0,19
Faimes,64076,2020-09-16,0,19
Faimes,64076,2020-09-17,0,19
Faimes,64076,2020-09-18,1,20
Faimes,64076,2020-09-19,0,20
Faimes,64076,2020-09-20,1,21
Faimes,64076,2020-09-21,0,21
Faimes,64076,2020-09-22,0,21
Faimes,64076,2020-09-23,0,21
Faimes,64076,2020-09-24,0,21
Faimes,64076,2020-09-25,0,21
Faimes,64076,2020-09-26,0,21
Faimes,64076,2020-09-27,0,21
Faimes,64076,2020-09-28,0,21
Faimes,64076,2020-09-29,1,22
Faimes,64076,2020-09-30,0,22
Faimes,64076,2020-10-01,2,24
Faimes,64076,2020-10-02,1,25
Faimes,64076,2020-10-03,2,27
Faimes,64076,2020-10-04,6,33
Faimes,64076,2020-10-05,1,34
Faimes,64076,2020-10-06,0,34
Faimes,64076,2020-10-07,0,34
Faimes,64076,2020-10-08,0,34
Faimes,64076,2020-10-09,1,35
Faimes,64076,2020-10-10,3,38
Faimes,64076,2020-10-11,3,41
Faimes,64076,2020-10-12,0,41
Faimes,64076,2020-10-13,1,42
Faimes,64076,2020-10-14,15,57
Faimes,64076,2020-10-15,9,66
Faimes,64076,2020-10-16,3,69
Faimes,64076,2020-10-17,8,77
Faimes,64076,2020-10-18,10,87
Faimes,64076,2020-10-19,10,97
Faimes,64076,2020-10-20,5,102
Faimes,64076,2020-10-21,1,103
Faimes,64076,2020-10-22,3,106
Faimes,64076,2020-10-23,10,116
Faimes,64076,2020-10-24,11,127
Faimes,64076,2020-10-25,6,133
Faimes,64076,2020-10-26,6,139
Faimes,64076,2020-10-27,4,143
Faimes,64076,2020-10-28,9,152
Faimes,64076,2020-10-29,15,167
Faimes,64076,2020-10-30,13,180
Faimes,64076,2020-10-31,15,195
Faimes,64076,2020-11-01,12,207
Faimes,64076,2020-11-02,10,217
Faimes,64076,2020-11-03,2,219
Faimes,64076,2020-11-04,7,226
Faimes,64076,2020-11-05,6,232
Faimes,64076,2020-11-06,9,241
Faimes,64076,2020-11-07,7,248
Faimes,64076,2020-11-08,4,252
Faimes,64076,2020-11-09,1,253
Faimes,64076,2020-11-10,2,255
Faimes,64076,2020-11-11,3,258
As,71002,2020-04-01,1,11
As,71002,2020-04-02,3,14
As,71002,2020-04-03,1,15
As,71002,2020-04-04,2,17
As,71002,2020-04-05,0,17
As,71002,2020-04-06,0,17
As,71002,2020-04-07,0,17
As,71002,2020-04-08,3,20
As,71002,2020-04-09,1,21
As,71002,2020-04-10,2,23
As,71002,2020-04-11,1,24
As,71002,2020-04-12,3,27
As,71002,2020-04-13,2,29
As,71002,2020-04-14,0,29
As,71002,2020-04-15,0,29
As,71002,2020-04-16,9,38
As,71002,2020-04-17,1,39
As,71002,2020-04-18,1,40
As,71002,2020-04-19,0,40
As,71002,2020-04-20,0,40
As,71002,2020-04-21,0,40
As,71002,2020-04-22,1,41
As,71002,2020-04-23,1,42
As,71002,2020-04-24,1,43
As,71002,2020-04-25,0,43
As,71002,2020-04-26,0,43
As,71002,2020-04-27,1,44
As,71002,2020-04-28,3,47
As,71002,2020-04-29,6,53
As,71002,2020-04-30,2,55
As,71002,2020-05-01,3,58
As,71002,2020-05-02,0,58
As,71002,2020-05-03,1,59
As,71002,2020-05-04,0,59
As,71002,2020-05-05,0,59
As,71002,2020-05-06,0,59
As,71002,2020-05-07,0,59
As,71002,2020-05-08,1,60
As,71002,2020-05-09,1,61
As,71002,2020-05-10,1,62
As,71002,2020-05-11,0,62
As,71002,2020-05-12,0,62
As,71002,2020-05-13,0,62
As,71002,2020-05-14,0,62
As,71002,2020-05-15,0,62
As,71002,2020-05-16,0,62
As,71002,2020-05-17,0,62
As,71002,2020-05-18,1,63
As,71002,2020-05-19,0,63
As,71002,2020-05-20,0,63
As,71002,2020-05-21,0,63
As,71002,2020-05-22,1,64
As,71002,2020-05-23,0,64
As,71002,2020-05-24,0,64
As,71002,2020-05-25,0,64
As,71002,2020-05-26,0,64
As,71002,2020-05-27,0,64
As,71002,2020-05-28,0,64
As,71002,2020-05-29,0,64
As,71002,2020-05-30,0,64
As,71002,2020-05-31,1,65
As,71002,2020-06-01,0,65
As,71002,2020-06-02,0,65
As,71002,2020-06-03,0,65
As,71002,2020-06-04,0,65
As,71002,2020-06-05,0,65
As,71002,2020-06-06,0,65
As,71002,2020-06-07,0,65
As,71002,2020-06-08,1,66
As,71002,2020-06-09,0,66
As,71002,2020-06-10,0,66
As,71002,2020-06-11,0,66
As,71002,2020-06-12,1,67
As,71002,2020-06-13,0,67
As,71002,2020-06-14,0,67
As,71002,2020-06-15,0,67
As,71002,2020-06-16,0,67
As,71002,2020-06-17,0,67
As,71002,2020-06-18,0,67
As,71002,2020-06-19,0,67
As,71002,2020-06-20,0,67
As,71002,2020-06-23,1,68
As,71002,2020-06-24,0,68
As,71002,2020-06-25,0,68
As,71002,2020-06-26,0,68
As,71002,2020-06-27,0,68
As,71002,2020-06-30,0,68
As,71002,2020-07-01,0,68
As,71002,2020-07-02,0,68
As,71002,2020-07-03,0,68
As,71002,2020-07-04,0,68
As,71002,2020-07-07,0,68
As,71002,2020-07-08,0,68
As,71002,2020-07-09,0,68
As,71002,2020-07-10,0,68
As,71002,2020-07-11,1,69
As,71002,2020-07-14,0,69
As,71002,2020-07-15,0,69
As,71002,2020-07-16,0,69
As,71002,2020-07-17,0,69
As,71002,2020-07-18,1,70
As,71002,2020-07-20,0,70
As,71002,2020-07-21,0,70
As,71002,2020-07-22,0,70
As,71002,2020-07-23,0,70
As,71002,2020-07-24,0,70
As,71002,2020-07-25,0,70
As,71002,2020-07-26,0,70
As,71002,2020-07-27,0,70
As,71002,2020-07-28,0,70
As,71002,2020-07-29,0,70
As,71002,2020-07-30,0,70
As,71002,2020-07-31,1,71
As,71002,2020-08-01,0,71
As,71002,2020-08-02,1,72
As,71002,2020-08-03,0,72
As,71002,2020-08-04,0,72
As,71002,2020-08-05,1,73
As,71002,2020-08-06,0,73
As,71002,2020-08-07,0,73
As,71002,2020-08-08,0,73
As,71002,2020-08-09,0,73
As,71002,2020-08-10,0,73
As,71002,2020-08-11,0,73
As,71002,2020-08-12,0,73
As,71002,2020-08-13,1,74
As,71002,2020-08-14,0,74
As,71002,2020-08-15,0,74
As,71002,2020-08-16,0,74
As,71002,2020-08-17,0,74
As,71002,2020-08-18,0,74
As,71002,2020-08-19,0,74
As,71002,2020-08-20,0,74
As,71002,2020-08-21,0,74
As,71002,2020-08-22,0,74
As,71002,2020-08-23,1,75
As,71002,2020-08-24,0,75
As,71002,2020-08-25,0,75
As,71002,2020-08-26,0,75
As,71002,2020-08-27,0,75
As,71002,2020-08-28,0,75
As,71002,2020-08-29,0,75
As,71002,2020-08-30,0,75
As,71002,2020-08-31,0,75
As,71002,2020-09-01,0,75
As,71002,2020-09-02,1,76
As,71002,2020-09-03,1,77
As,71002,2020-09-04,0,77
As,71002,2020-09-05,0,77
As,71002,2020-09-06,0,77
As,71002,2020-09-07,1,78
As,71002,2020-09-08,0,78
As,71002,2020-09-09,0,78
As,71002,2020-09-10,0,78
As,71002,2020-09-11,0,78
As,71002,2020-09-12,0,78
As,71002,2020-09-13,0,78
As,71002,2020-09-14,0,78
As,71002,2020-09-15,0,78
As,71002,2020-09-16,0,78
As,71002,2020-09-17,0,78
As,71002,2020-09-18,0,78
As,71002,2020-09-19,0,78
As,71002,2020-09-20,0,78
As,71002,2020-09-21,0,78
As,71002,2020-09-22,1,79
As,71002,2020-09-23,0,79
As,71002,2020-09-24,1,80
As,71002,2020-09-25,0,80
As,71002,2020-09-26,1,81
As,71002,2020-09-27,2,83
As,71002,2020-09-28,1,84
As,71002,2020-09-29,0,84
As,71002,2020-09-30,0,84
As,71002,2020-10-01,0,84
As,71002,2020-10-02,0,84
As,71002,2020-10-03,0,84
As,71002,2020-10-04,0,84
As,71002,2020-10-05,1,85
As,71002,2020-10-06,0,85
As,71002,2020-10-07,0,85
As,71002,2020-10-08,0,85
As,71002,2020-10-09,2,87
As,71002,2020-10-10,0,87
As,71002,2020-10-11,2,89
As,71002,2020-10-12,0,89
As,71002,2020-10-13,2,91
As,71002,2020-10-14,3,94
As,71002,2020-10-15,2,96
As,71002,2020-10-16,8,104
As,71002,2020-10-17,7,111
As,71002,2020-10-18,5,116
As,71002,2020-10-19,3,119
As,71002,2020-10-20,5,124
As,71002,2020-10-21,7,131
As,71002,2020-10-22,9,140
As,71002,2020-10-23,6,146
As,71002,2020-10-24,9,155
As,71002,2020-10-25,11,166
As,71002,2020-10-26,7,173
As,71002,2020-10-27,7,180
As,71002,2020-10-28,6,186
As,71002,2020-10-29,3,189
As,71002,2020-10-30,3,192
As,71002,2020-10-31,10,202
As,71002,2020-11-01,0,202
As,71002,2020-11-02,5,207
As,71002,2020-11-03,2,209
As,71002,2020-11-04,5,214
As,71002,2020-11-05,5,219
As,71002,2020-11-06,5,224
As,71002,2020-11-07,3,227
As,71002,2020-11-08,1,228
As,71002,2020-11-09,2,230
As,71002,2020-11-10,1,231
As,71002,2020-11-11,1,232
Beringen,71004,2020-04-01,6,69
Beringen,71004,2020-04-02,11,80
Beringen,71004,2020-04-03,9,89
Beringen,71004,2020-04-04,2,91
Beringen,71004,2020-04-05,9,100
Beringen,71004,2020-04-06,10,110
Beringen,71004,2020-04-07,4,114
Beringen,71004,2020-04-08,7,121
Beringen,71004,2020-04-09,11,132
Beringen,71004,2020-04-10,6,138
Beringen,71004,2020-04-11,2,140
Beringen,71004,2020-04-12,3,143
Beringen,71004,2020-04-13,4,147
Beringen,71004,2020-04-14,5,152
Beringen,71004,2020-04-15,23,175
Beringen,71004,2020-04-16,5,180
Beringen,71004,2020-04-17,2,182
Beringen,71004,2020-04-18,1,183
Beringen,71004,2020-04-19,14,197
Beringen,71004,2020-04-20,3,200
Beringen,71004,2020-04-21,1,201
Beringen,71004,2020-04-22,3,204
Beringen,71004,2020-04-23,2,206
Beringen,71004,2020-04-24,3,209
Beringen,71004,2020-04-25,0,209
Beringen,71004,2020-04-26,3,212
Beringen,71004,2020-04-27,2,214
Beringen,71004,2020-04-28,5,219
Beringen,71004,2020-04-29,1,220
Beringen,71004,2020-04-30,1,221
Beringen,71004,2020-05-01,2,223
Beringen,71004,2020-05-02,2,225
Beringen,71004,2020-05-03,1,226
Beringen,71004,2020-05-04,1,227
Beringen,71004,2020-05-05,1,228
Beringen,71004,2020-05-06,1,229
Beringen,71004,2020-05-07,0,229
Beringen,71004,2020-05-08,1,230
Beringen,71004,2020-05-09,2,232
Beringen,71004,2020-05-10,2,234
Beringen,71004,2020-05-11,0,234
Beringen,71004,2020-05-12,2,236
Beringen,71004,2020-05-13,1,237
Beringen,71004,2020-05-14,0,237
Beringen,71004,2020-05-15,1,238
Beringen,71004,2020-05-16,0,238
Beringen,71004,2020-05-17,0,238
Beringen,71004,2020-05-18,0,238
Beringen,71004,2020-05-19,1,239
Beringen,71004,2020-05-20,1,240
Beringen,71004,2020-05-21,1,241
Beringen,71004,2020-05-22,4,245
Beringen,71004,2020-05-23,0,245
Beringen,71004,2020-05-24,3,248
Beringen,71004,2020-05-25,0,248
Beringen,71004,2020-05-26,0,248
Beringen,71004,2020-05-27,3,251
Beringen,71004,2020-05-28,1,252
Beringen,71004,2020-05-29,1,253
Beringen,71004,2020-05-30,0,253
Beringen,71004,2020-05-31,0,253
Beringen,71004,2020-06-01,2,255
Beringen,71004,2020-06-02,0,255
Beringen,71004,2020-06-03,0,255
Beringen,71004,2020-06-04,0,255
Beringen,71004,2020-06-05,0,255
Beringen,71004,2020-06-06,1,256
Beringen,71004,2020-06-07,0,256
Beringen,71004,2020-06-08,1,257
Beringen,71004,2020-06-09,3,260
Beringen,71004,2020-06-10,0,260
Beringen,71004,2020-06-11,2,262
Beringen,71004,2020-06-12,2,264
Beringen,71004,2020-06-13,0,264
Beringen,71004,2020-06-14,0,264
Beringen,71004,2020-06-15,0,264
Beringen,71004,2020-06-16,0,264
Beringen,71004,2020-06-17,1,265
Beringen,71004,2020-06-18,0,265
Beringen,71004,2020-06-19,0,265
Beringen,71004,2020-06-20,0,265
Beringen,71004,2020-06-23,1,266
Beringen,71004,2020-06-24,0,266
Beringen,71004,2020-06-25,-4,262
Beringen,71004,2020-06-26,0,262
Beringen,71004,2020-06-27,1,263
Beringen,71004,2020-06-30,0,263
Beringen,71004,2020-07-01,1,264
Beringen,71004,2020-07-02,0,264
Beringen,71004,2020-07-03,0,264
Beringen,71004,2020-07-04,0,264
Beringen,71004,2020-07-07,0,264
Beringen,71004,2020-07-08,0,264
Beringen,71004,2020-07-09,0,264
Beringen,71004,2020-07-10,1,265
Beringen,71004,2020-07-11,0,265
Beringen,71004,2020-07-14,4,269
Beringen,71004,2020-07-15,2,271
Beringen,71004,2020-07-16,1,272
Beringen,71004,2020-07-17,3,275
Beringen,71004,2020-07-18,2,277
Beringen,71004,2020-07-20,5,282
Beringen,71004,2020-07-21,1,283
Beringen,71004,2020-07-22,5,288
Beringen,71004,2020-07-23,0,288
Beringen,71004,2020-07-24,2,290
Beringen,71004,2020-07-25,12,302
Beringen,71004,2020-07-26,5,307
Beringen,71004,2020-07-27,3,310
Beringen,71004,2020-07-28,2,312
Beringen,71004,2020-07-29,2,314
Beringen,71004,2020-07-30,5,319
Beringen,71004,2020-07-31,1,320
Beringen,71004,2020-08-01,4,324
Beringen,71004,2020-08-02,3,327
Beringen,71004,2020-08-03,2,329
Beringen,71004,2020-08-04,3,332
Beringen,71004,2020-08-05,2,334
Beringen,71004,2020-08-06,5,339
Beringen,71004,2020-08-07,4,343
Beringen,71004,2020-08-08,1,344
Beringen,71004,2020-08-09,6,350
Beringen,71004,2020-08-10,1,351
Beringen,71004,2020-08-11,1,352
Beringen,71004,2020-08-12,1,353
Beringen,71004,2020-08-13,7,360
Beringen,71004,2020-08-14,0,360
Beringen,71004,2020-08-15,2,362
Beringen,71004,2020-08-16,1,363
Beringen,71004,2020-08-17,2,365
Beringen,71004,2020-08-18,6,371
Beringen,71004,2020-08-19,2,373
Beringen,71004,2020-08-20,1,374
Beringen,71004,2020-08-21,2,376
Beringen,71004,2020-08-22,3,379
Beringen,71004,2020-08-23,0,379
Beringen,71004,2020-08-24,0,379
Beringen,71004,2020-08-25,3,382
Beringen,71004,2020-08-26,3,385
Beringen,71004,2020-08-27,1,386
Beringen,71004,2020-08-28,4,390
Beringen,71004,2020-08-29,0,390
Beringen,71004,2020-08-30,1,391
Beringen,71004,2020-08-31,3,394
Beringen,71004,2020-09-01,1,395
Beringen,71004,2020-09-02,1,396
Beringen,71004,2020-09-03,4,400
Beringen,71004,2020-09-04,6,406
Beringen,71004,2020-09-05,3,409
Beringen,71004,2020-09-06,0,409
Beringen,71004,2020-09-07,2,411
Beringen,71004,2020-09-08,0,411
Beringen,71004,2020-09-09,2,413
Beringen,71004,2020-09-10,3,416
Beringen,71004,2020-09-11,2,418
Beringen,71004,2020-09-12,5,423
Beringen,71004,2020-09-13,6,429
Beringen,71004,2020-09-14,3,432
Beringen,71004,2020-09-15,0,432
Beringen,71004,2020-09-16,1,433
Beringen,71004,2020-09-17,0,433
Beringen,71004,2020-09-18,1,434
Beringen,71004,2020-09-19,1,435
Beringen,71004,2020-09-20,5,440
Beringen,71004,2020-09-21,2,442
Beringen,71004,2020-09-22,7,449
Beringen,71004,2020-09-23,5,454
Beringen,71004,2020-09-24,3,457
Beringen,71004,2020-09-25,1,458
Beringen,71004,2020-09-26,5,463
Beringen,71004,2020-09-27,1,464
Beringen,71004,2020-09-28,2,466
Beringen,71004,2020-09-29,5,471
Beringen,71004,2020-09-30,7,478
Beringen,71004,2020-10-01,10,488
Beringen,71004,2020-10-02,6,494
Beringen,71004,2020-10-03,7,501
Beringen,71004,2020-10-04,8,509
Beringen,71004,2020-10-05,5,514
Beringen,71004,2020-10-06,0,514
Beringen,71004,2020-10-07,11,525
Beringen,71004,2020-10-08,7,532
Beringen,71004,2020-10-09,9,541
Beringen,71004,2020-10-10,11,552
Beringen,71004,2020-10-11,29,581
Beringen,71004,2020-10-12,13,594
Beringen,71004,2020-10-13,0,594
Beringen,71004,2020-10-14,17,611
Beringen,71004,2020-10-15,21,632
Beringen,71004,2020-10-16,26,658
Beringen,71004,2020-10-17,33,691
Beringen,71004,2020-10-18,18,709
Beringen,71004,2020-10-19,13,722
Beringen,71004,2020-10-20,24,746
Beringen,71004,2020-10-21,36,782
Beringen,71004,2020-10-22,36,818
Beringen,71004,2020-10-23,40,858
Beringen,71004,2020-10-24,16,874
Beringen,71004,2020-10-25,21,895
Beringen,71004,2020-10-26,36,931
Beringen,71004,2020-10-27,9,940
Beringen,71004,2020-10-28,33,973
Beringen,71004,2020-10-29,45,1018
Beringen,71004,2020-10-30,22,1040
Beringen,71004,2020-10-31,26,1066
Beringen,71004,2020-11-01,21,1087
Beringen,71004,2020-11-02,21,1108
Beringen,71004,2020-11-03,8,1116
Beringen,71004,2020-11-04,12,1128
Beringen,71004,2020-11-05,33,1161
Beringen,71004,2020-11-06,18,1179
Beringen,71004,2020-11-07,15,1194
Beringen,71004,2020-11-08,12,1206
Beringen,71004,2020-11-09,13,1219
Beringen,71004,2020-11-10,1,1220
Beringen,71004,2020-11-11,19,1239
Diepenbeek,71011,2020-04-01,6,44
Diepenbeek,71011,2020-04-02,6,50
Diepenbeek,71011,2020-04-03,7,57
Diepenbeek,71011,2020-04-04,8,65
Diepenbeek,71011,2020-04-05,6,71
Diepenbeek,71011,2020-04-06,5,76
Diepenbeek,71011,2020-04-07,1,77
Diepenbeek,71011,2020-04-08,0,77
Diepenbeek,71011,2020-04-09,10,87
Diepenbeek,71011,2020-04-10,8,95
Diepenbeek,71011,2020-04-11,10,105
Diepenbeek,71011,2020-04-12,10,115
Diepenbeek,71011,2020-04-13,0,115
Diepenbeek,71011,2020-04-14,0,115
Diepenbeek,71011,2020-04-15,1,116
Diepenbeek,71011,2020-04-16,2,118
Diepenbeek,71011,2020-04-17,4,122
Diepenbeek,71011,2020-04-18,3,125
Diepenbeek,71011,2020-04-19,6,131
Diepenbeek,71011,2020-04-20,2,133
Diepenbeek,71011,2020-04-21,2,135
Diepenbeek,71011,2020-04-22,1,136
Diepenbeek,71011,2020-04-23,3,139
Diepenbeek,71011,2020-04-24,0,139
Diepenbeek,71011,2020-04-25,2,141
Diepenbeek,71011,2020-04-26,0,141
Diepenbeek,71011,2020-04-27,2,143
Diepenbeek,71011,2020-04-28,1,144
Diepenbeek,71011,2020-04-29,0,144
Diepenbeek,71011,2020-04-30,0,144
Diepenbeek,71011,2020-05-01,1,145
Diepenbeek,71011,2020-05-02,0,145
Diepenbeek,71011,2020-05-03,0,145
Diepenbeek,71011,2020-05-04,1,146
Diepenbeek,71011,2020-05-05,0,146
Diepenbeek,71011,2020-05-06,1,147
Diepenbeek,71011,2020-05-07,1,148
Diepenbeek,71011,2020-05-08,3,151
Diepenbeek,71011,2020-05-09,1,152
Diepenbeek,71011,2020-05-10,1,153
Diepenbeek,71011,2020-05-11,0,153
Diepenbeek,71011,2020-05-12,1,154
Diepenbeek,71011,2020-05-13,0,154
Diepenbeek,71011,2020-05-14,0,154
Diepenbeek,71011,2020-05-15,0,154
Diepenbeek,71011,2020-05-16,1,155
Diepenbeek,71011,2020-05-17,0,155
Diepenbeek,71011,2020-05-18,0,155
Diepenbeek,71011,2020-05-19,3,158
Diepenbeek,71011,2020-05-20,0,158
Diepenbeek,71011,2020-05-21,0,158
Diepenbeek,71011,2020-05-22,1,159
Diepenbeek,71011,2020-05-23,2,161
Diepenbeek,71011,2020-05-24,0,161
Diepenbeek,71011,2020-05-25,0,161
Diepenbeek,71011,2020-05-26,-2,159
Diepenbeek,71011,2020-05-27,0,159
Diepenbeek,71011,2020-05-28,2,161
Diepenbeek,71011,2020-05-29,0,161
Diepenbeek,71011,2020-05-30,0,161
Diepenbeek,71011,2020-05-31,0,161
Diepenbeek,71011,2020-06-01,0,161
Diepenbeek,71011,2020-06-02,0,161
Diepenbeek,71011,2020-06-03,0,161
Diepenbeek,71011,2020-06-04,1,162
Diepenbeek,71011,2020-06-05,0,162
Diepenbeek,71011,2020-06-06,0,162
Diepenbeek,71011,2020-06-07,1,163
Diepenbeek,71011,2020-06-08,1,164
Diepenbeek,71011,2020-06-09,1,165
Diepenbeek,71011,2020-06-10,2,167
Diepenbeek,71011,2020-06-11,0,167
Diepenbeek,71011,2020-06-12,1,168
Diepenbeek,71011,2020-06-13,1,169
Diepenbeek,71011,2020-06-14,0,169
Diepenbeek,71011,2020-06-15,0,169
Diepenbeek,71011,2020-06-16,0,169
Diepenbeek,71011,2020-06-17,0,169
Diepenbeek,71011,2020-06-18,0,169
Diepenbeek,71011,2020-06-19,0,169
Diepenbeek,71011,2020-06-20,0,169
Diepenbeek,71011,2020-06-23,1,170
Diepenbeek,71011,2020-06-24,0,170
Diepenbeek,71011,2020-06-25,-2,168
Diepenbeek,71011,2020-06-26,0,168
Diepenbeek,71011,2020-06-27,0,168
Diepenbeek,71011,2020-06-30,0,168
Diepenbeek,71011,2020-07-01,0,168
Diepenbeek,71011,2020-07-02,0,168
Diepenbeek,71011,2020-07-03,0,168
Diepenbeek,71011,2020-07-04,0,168
Diepenbeek,71011,2020-07-07,1,169
Diepenbeek,71011,2020-07-08,0,169
Diepenbeek,71011,2020-07-09,0,169
Diepenbeek,71011,2020-07-10,0,169
Diepenbeek,71011,2020-07-11,0,169
Diepenbeek,71011,2020-07-14,0,169
Diepenbeek,71011,2020-07-15,0,169
Diepenbeek,71011,2020-07-16,0,169
Diepenbeek,71011,2020-07-17,0,169
Diepenbeek,71011,2020-07-18,0,169
Diepenbeek,71011,2020-07-20,0,169
Diepenbeek,71011,2020-07-21,0,169
Diepenbeek,71011,2020-07-22,0,169
Diepenbeek,71011,2020-07-23,0,169
Diepenbeek,71011,2020-07-24,0,169
Diepenbeek,71011,2020-07-25,0,169
Diepenbeek,71011,2020-07-26,0,169
Diepenbeek,71011,2020-07-27,0,169
Diepenbeek,71011,2020-07-28,0,169
Diepenbeek,71011,2020-07-29,1,170
Diepenbeek,71011,2020-07-30,2,172
Diepenbeek,71011,2020-07-31,0,172
Diepenbeek,71011,2020-08-01,0,172
Diepenbeek,71011,2020-08-02,0,172
Diepenbeek,71011,2020-08-03,1,173
Diepenbeek,71011,2020-08-04,0,173
Diepenbeek,71011,2020-08-05,0,173
Diepenbeek,71011,2020-08-06,1,174
Diepenbeek,71011,2020-08-07,1,175
Diepenbeek,71011,2020-08-08,0,175
Diepenbeek,71011,2020-08-09,0,175
Diepenbeek,71011,2020-08-10,0,175
Diepenbeek,71011,2020-08-11,1,176
Diepenbeek,71011,2020-08-12,0,176
Diepenbeek,71011,2020-08-13,0,176
Diepenbeek,71011,2020-08-14,0,176
Diepenbeek,71011,2020-08-15,0,176
Diepenbeek,71011,2020-08-16,0,176
Diepenbeek,71011,2020-08-17,0,176
Diepenbeek,71011,2020-08-18,0,176
Diepenbeek,71011,2020-08-19,0,176
Diepenbeek,71011,2020-08-20,0,176
Diepenbeek,71011,2020-08-21,0,176
Diepenbeek,71011,2020-08-22,0,176
Diepenbeek,71011,2020-08-23,0,176
Diepenbeek,71011,2020-08-24,0,176
Diepenbeek,71011,2020-08-25,0,176
Diepenbeek,71011,2020-08-26,0,176
Diepenbeek,71011,2020-08-27,0,176
Diepenbeek,71011,2020-08-28,0,176
Diepenbeek,71011,2020-08-29,1,177
Diepenbeek,71011,2020-08-30,1,178
Diepenbeek,71011,2020-08-31,0,178
Diepenbeek,71011,2020-09-01,0,178
Diepenbeek,71011,2020-09-02,0,178
Diepenbeek,71011,2020-09-03,0,178
Diepenbeek,71011,2020-09-04,0,178
Diepenbeek,71011,2020-09-05,1,179
Diepenbeek,71011,2020-09-06,0,179
Diepenbeek,71011,2020-09-07,0,179
Diepenbeek,71011,2020-09-08,0,179
Diepenbeek,71011,2020-09-09,0,179
Diepenbeek,71011,2020-09-10,0,179
Diepenbeek,71011,2020-09-11,1,180
Diepenbeek,71011,2020-09-12,0,180
Diepenbeek,71011,2020-09-13,0,180
Diepenbeek,71011,2020-09-14,0,180
Diepenbeek,71011,2020-09-15,0,180
Diepenbeek,71011,2020-09-16,0,180
Diepenbeek,71011,2020-09-17,0,180
Diepenbeek,71011,2020-09-18,0,180
Diepenbeek,71011,2020-09-19,0,180
Diepenbeek,71011,2020-09-20,0,180
Diepenbeek,71011,2020-09-21,0,180
Diepenbeek,71011,2020-09-22,1,181
Diepenbeek,71011,2020-09-23,1,182
Diepenbeek,71011,2020-09-24,0,182
Diepenbeek,71011,2020-09-25,5,187
Diepenbeek,71011,2020-09-26,4,191
Diepenbeek,71011,2020-09-27,2,193
Diepenbeek,71011,2020-09-28,2,195
Diepenbeek,71011,2020-09-29,2,197
Diepenbeek,71011,2020-09-30,1,198
Diepenbeek,71011,2020-10-01,0,198
Diepenbeek,71011,2020-10-02,2,200
Diepenbeek,71011,2020-10-03,2,202
Diepenbeek,71011,2020-10-04,1,203
Diepenbeek,71011,2020-10-05,2,205
Diepenbeek,71011,2020-10-06,0,205
Diepenbeek,71011,2020-10-07,0,205
Diepenbeek,71011,2020-10-08,1,206
Diepenbeek,71011,2020-10-09,2,208
Diepenbeek,71011,2020-10-10,5,213
Diepenbeek,71011,2020-10-11,2,215
Diepenbeek,71011,2020-10-12,2,217
Diepenbeek,71011,2020-10-13,1,218
Diepenbeek,71011,2020-10-14,2,220
Diepenbeek,71011,2020-10-15,4,224
Diepenbeek,71011,2020-10-16,6,230
Diepenbeek,71011,2020-10-17,9,239
Diepenbeek,71011,2020-10-18,8,247
Diepenbeek,71011,2020-10-19,9,256
Diepenbeek,71011,2020-10-20,6,262
Diepenbeek,71011,2020-10-21,7,269
Diepenbeek,71011,2020-10-22,10,279
Diepenbeek,71011,2020-10-23,6,285
Diepenbeek,71011,2020-10-24,13,298
Diepenbeek,71011,2020-10-25,3,301
Diepenbeek,71011,2020-10-26,12,313
Diepenbeek,71011,2020-10-27,3,316
Diepenbeek,71011,2020-10-28,8,324
Diepenbeek,71011,2020-10-29,13,337
Diepenbeek,71011,2020-10-30,11,348
Diepenbeek,71011,2020-10-31,11,359
Diepenbeek,71011,2020-11-01,12,371
Diepenbeek,71011,2020-11-02,4,375
Diepenbeek,71011,2020-11-03,3,378
Diepenbeek,71011,2020-11-04,6,384
Diepenbeek,71011,2020-11-05,10,394
Diepenbeek,71011,2020-11-06,6,400
Diepenbeek,71011,2020-11-07,1,401
Diepenbeek,71011,2020-11-08,4,405
Diepenbeek,71011,2020-11-09,1,406
Diepenbeek,71011,2020-11-10,0,406
Diepenbeek,71011,2020-11-11,5,411
Genk,71016,2020-04-01,17,183
Genk,71016,2020-04-02,27,210
Genk,71016,2020-04-03,10,220
Genk,71016,2020-04-04,21,241
Genk,71016,2020-04-05,22,263
Genk,71016,2020-04-06,15,278
Genk,71016,2020-04-07,7,285
Genk,71016,2020-04-08,13,298
Genk,71016,2020-04-09,1,299
Genk,71016,2020-04-10,27,326
Genk,71016,2020-04-11,13,339
Genk,71016,2020-04-12,8,347
Genk,71016,2020-04-13,13,360
Genk,71016,2020-04-14,6,366
Genk,71016,2020-04-15,8,374
Genk,71016,2020-04-16,12,386
Genk,71016,2020-04-17,28,414
Genk,71016,2020-04-18,12,426
Genk,71016,2020-04-19,10,436
Genk,71016,2020-04-20,4,440
Genk,71016,2020-04-21,2,442
Genk,71016,2020-04-22,4,446
Genk,71016,2020-04-23,12,458
Genk,71016,2020-04-24,7,465
Genk,71016,2020-04-25,4,469
Genk,71016,2020-04-26,0,469
Genk,71016,2020-04-27,2,471
Genk,71016,2020-04-28,6,477
Genk,71016,2020-04-29,1,478
Genk,71016,2020-04-30,3,481
Genk,71016,2020-05-01,0,481
Genk,71016,2020-05-02,1,482
Genk,71016,2020-05-03,8,490
Genk,71016,2020-05-04,1,491
Genk,71016,2020-05-05,2,493
Genk,71016,2020-05-06,1,494
Genk,71016,2020-05-07,0,494
Genk,71016,2020-05-08,5,499
Genk,71016,2020-05-09,1,500
Genk,71016,2020-05-10,3,503
Genk,71016,2020-05-11,2,505
Genk,71016,2020-05-12,0,505
Genk,71016,2020-05-13,0,505
Genk,71016,2020-05-14,2,507
Genk,71016,2020-05-15,7,514
Genk,71016,2020-05-16,1,515
Genk,71016,2020-05-17,1,516
Genk,71016,2020-05-18,0,516
Genk,71016,2020-05-19,2,518
Genk,71016,2020-05-20,1,519
Genk,71016,2020-05-21,3,522
Genk,71016,2020-05-22,3,525
Genk,71016,2020-05-23,1,526
Genk,71016,2020-05-24,1,527
Genk,71016,2020-05-25,0,527
Genk,71016,2020-05-26,0,527
Genk,71016,2020-05-27,0,527
Genk,71016,2020-05-28,0,527
Genk,71016,2020-05-29,0,527
Genk,71016,2020-05-30,2,529
Genk,71016,2020-05-31,0,529
Genk,71016,2020-06-01,2,531
Genk,71016,2020-06-02,0,531
Genk,71016,2020-06-03,0,531
Genk,71016,2020-06-04,0,531
Genk,71016,2020-06-05,1,532
Genk,71016,2020-06-06,0,532
Genk,71016,2020-06-07,1,533
Genk,71016,2020-06-08,1,534
Genk,71016,2020-06-09,0,534
Genk,71016,2020-06-10,2,536
Genk,71016,2020-06-11,2,538
Genk,71016,2020-06-12,3,541
Genk,71016,2020-06-13,0,541
Genk,71016,2020-06-14,0,541
Genk,71016,2020-06-15,0,541
Genk,71016,2020-06-16,1,542
Genk,71016,2020-06-17,1,543
Genk,71016,2020-06-18,1,544
Genk,71016,2020-06-19,2,546
Genk,71016,2020-06-20,0,546
Genk,71016,2020-06-23,6,552
Genk,71016,2020-06-24,0,552
Genk,71016,2020-06-25,3,555
Genk,71016,2020-06-26,0,555
Genk,71016,2020-06-27,0,555
Genk,71016,2020-06-30,5,560
Genk,71016,2020-07-01,0,560
Genk,71016,2020-07-02,0,560
Genk,71016,2020-07-03,0,560
Genk,71016,2020-07-04,1,561
Genk,71016,2020-07-07,0,561
Genk,71016,2020-07-08,0,561
Genk,71016,2020-07-09,0,561
Genk,71016,2020-07-10,1,562
Genk,71016,2020-07-11,1,563
Genk,71016,2020-07-14,1,564
Genk,71016,2020-07-15,1,565
Genk,71016,2020-07-16,2,567
Genk,71016,2020-07-17,0,567
Genk,71016,2020-07-18,0,567
Genk,71016,2020-07-20,2,569
Genk,71016,2020-07-21,1,570
Genk,71016,2020-07-22,0,570
Genk,71016,2020-07-23,3,573
Genk,71016,2020-07-24,1,574
Genk,71016,2020-07-25,1,575
Genk,71016,2020-07-26,2,577
Genk,71016,2020-07-27,6,583
Genk,71016,2020-07-28,1,584
Genk,71016,2020-07-29,5,589
Genk,71016,2020-07-30,1,590
Genk,71016,2020-07-31,8,598
Genk,71016,2020-08-01,2,600
Genk,71016,2020-08-02,2,602
Genk,71016,2020-08-03,1,603
Genk,71016,2020-08-04,3,606
Genk,71016,2020-08-05,3,609
Genk,71016,2020-08-06,6,615
Genk,71016,2020-08-07,5,620
Genk,71016,2020-08-08,12,632
Genk,71016,2020-08-09,3,635
Genk,71016,2020-08-10,8,643
Genk,71016,2020-08-11,2,645
Genk,71016,2020-08-12,0,645
Genk,71016,2020-08-13,4,649
Genk,71016,2020-08-14,9,658
Genk,71016,2020-08-15,5,663
Genk,71016,2020-08-16,3,666
Genk,71016,2020-08-17,0,666
Genk,71016,2020-08-18,0,666
Genk,71016,2020-08-19,4,670
Genk,71016,2020-08-20,7,677
Genk,71016,2020-08-21,0,677
Genk,71016,2020-08-22,5,682
Genk,71016,2020-08-23,4,686
Genk,71016,2020-08-24,4,690
Genk,71016,2020-08-25,2,692
Genk,71016,2020-08-26,2,694
Genk,71016,2020-08-27,5,699
Genk,71016,2020-08-28,3,702
Genk,71016,2020-08-29,8,710
Genk,71016,2020-08-30,4,714
Genk,71016,2020-08-31,2,716
Genk,71016,2020-09-01,1,717
Genk,71016,2020-09-02,1,718
Genk,71016,2020-09-03,10,728
Genk,71016,2020-09-04,10,738
Genk,71016,2020-09-05,9,747
Genk,71016,2020-09-06,1,748
Genk,71016,2020-09-07,2,750
Genk,71016,2020-09-08,0,750
Genk,71016,2020-09-09,1,751
Genk,71016,2020-09-10,1,752
Genk,71016,2020-09-11,3,755
Genk,71016,2020-09-12,5,760
Genk,71016,2020-09-13,1,761
Genk,71016,2020-09-14,8,769
Genk,71016,2020-09-15,0,769
Genk,71016,2020-09-16,1,770
Genk,71016,2020-09-17,2,772
Genk,71016,2020-09-18,1,773
Genk,71016,2020-09-19,2,775
Genk,71016,2020-09-20,2,777
Genk,71016,2020-09-21,1,778
Genk,71016,2020-09-22,0,778
Genk,71016,2020-09-23,2,780
Genk,71016,2020-09-24,3,783
Genk,71016,2020-09-25,7,790
Genk,71016,2020-09-26,0,790
Genk,71016,2020-09-27,9,799
Genk,71016,2020-09-28,1,800
Genk,71016,2020-09-29,4,804
Genk,71016,2020-09-30,4,808
Genk,71016,2020-10-01,0,808
Genk,71016,2020-10-02,7,815
Genk,71016,2020-10-03,3,818
Genk,71016,2020-10-04,7,825
Genk,71016,2020-10-05,4,829
Genk,71016,2020-10-06,4,833
Genk,71016,2020-10-07,5,838
Genk,71016,2020-10-08,6,844
Genk,71016,2020-10-09,11,855
Genk,71016,2020-10-10,13,868
Genk,71016,2020-10-11,20,888
Genk,71016,2020-10-12,10,898
Genk,71016,2020-10-13,7,905
Genk,71016,2020-10-14,14,919
Genk,71016,2020-10-15,11,930
Genk,71016,2020-10-16,32,962
Genk,71016,2020-10-17,26,988
Genk,71016,2020-10-18,35,1023
Genk,71016,2020-10-19,18,1041
Genk,71016,2020-10-20,23,1064
Genk,71016,2020-10-21,33,1097
Genk,71016,2020-10-22,85,1182
Genk,71016,2020-10-23,42,1224
Genk,71016,2020-10-24,62,1286
Genk,71016,2020-10-25,89,1375
Genk,71016,2020-10-26,54,1429
Genk,71016,2020-10-27,21,1450
Genk,71016,2020-10-28,72,1522
Genk,71016,2020-10-29,55,1577
Genk,71016,2020-10-30,63,1640
Genk,71016,2020-10-31,120,1760
Genk,71016,2020-11-01,66,1826
Genk,71016,2020-11-02,38,1864
Genk,71016,2020-11-03,18,1882
Genk,71016,2020-11-04,59,1941
Genk,71016,2020-11-05,86,2027
Genk,71016,2020-11-06,28,2055
Genk,71016,2020-11-07,37,2092
Genk,71016,2020-11-08,17,2109
Genk,71016,2020-11-09,34,2143
Genk,71016,2020-11-10,6,2149
Genk,71016,2020-11-11,30,2179
Gingelom,71017,2020-04-01,2,27
Gingelom,71017,2020-04-02,6,33
Gingelom,71017,2020-04-03,3,36
Gingelom,71017,2020-04-04,4,40
Gingelom,71017,2020-04-05,5,45
Gingelom,71017,2020-04-06,1,46
Gingelom,71017,2020-04-07,1,47
Gingelom,71017,2020-04-08,1,48
Gingelom,71017,2020-04-09,41,89
Gingelom,71017,2020-04-10,5,94
Gingelom,71017,2020-04-11,3,97
Gingelom,71017,2020-04-12,0,97
Gingelom,71017,2020-04-13,2,99
Gingelom,71017,2020-04-14,0,99
Gingelom,71017,2020-04-15,5,104
Gingelom,71017,2020-04-16,2,106
Gingelom,71017,2020-04-17,2,108
Gingelom,71017,2020-04-18,1,109
Gingelom,71017,2020-04-19,1,110
Gingelom,71017,2020-04-20,3,113
Gingelom,71017,2020-04-21,0,113
Gingelom,71017,2020-04-22,2,115
Gingelom,71017,2020-04-23,0,115
Gingelom,71017,2020-04-24,0,115
Gingelom,71017,2020-04-25,1,116
Gingelom,71017,2020-04-26,3,119
Gingelom,71017,2020-04-27,0,119
Gingelom,71017,2020-04-28,0,119
Gingelom,71017,2020-04-29,1,120
Gingelom,71017,2020-04-30,0,120
Gingelom,71017,2020-05-01,1,121
Gingelom,71017,2020-05-02,1,122
Gingelom,71017,2020-05-03,0,122
Gingelom,71017,2020-05-04,0,122
Gingelom,71017,2020-05-05,0,122
Gingelom,71017,2020-05-06,0,122
Gingelom,71017,2020-05-07,3,125
Gingelom,71017,2020-05-08,2,127
Gingelom,71017,2020-05-09,1,128
Gingelom,71017,2020-05-10,1,129
Gingelom,71017,2020-05-11,0,129
Gingelom,71017,2020-05-12,0,129
Gingelom,71017,2020-05-13,1,130
Gingelom,71017,2020-05-14,0,130
Gingelom,71017,2020-05-15,0,130
Gingelom,71017,2020-05-16,1,131
Gingelom,71017,2020-05-17,0,131
Gingelom,71017,2020-05-18,0,131
Gingelom,71017,2020-05-19,2,133
Gingelom,71017,2020-05-20,0,133
Gingelom,71017,2020-05-21,0,133
Gingelom,71017,2020-05-22,1,134
Gingelom,71017,2020-05-23,2,136
Gingelom,71017,2020-05-24,0,136
Gingelom,71017,2020-05-25,0,136
Gingelom,71017,2020-05-26,-2,134
Gingelom,71017,2020-05-27,0,134
Gingelom,71017,2020-05-28,1,135
Gingelom,71017,2020-05-29,0,135
Gingelom,71017,2020-05-30,0,135
Gingelom,71017,2020-05-31,0,135
Gingelom,71017,2020-06-01,0,135
Gingelom,71017,2020-06-02,0,135
Gingelom,71017,2020-06-03,0,135
Gingelom,71017,2020-06-04,2,137
Gingelom,71017,2020-06-05,0,137
Gingelom,71017,2020-06-06,0,137
Gingelom,71017,2020-06-07,0,137
Gingelom,71017,2020-06-08,0,137
Gingelom,71017,2020-06-09,0,137
Gingelom,71017,2020-06-10,1,138
Gingelom,71017,2020-06-11,0,138
Gingelom,71017,2020-06-12,0,138
Gingelom,71017,2020-06-13,0,138
Gingelom,71017,2020-06-14,0,138
Gingelom,71017,2020-06-15,0,138
Gingelom,71017,2020-06-16,0,138
Gingelom,71017,2020-06-17,0,138
Gingelom,71017,2020-06-18,0,138
Gingelom,71017,2020-06-19,1,139
Gingelom,71017,2020-06-20,1,140
Gingelom,71017,2020-06-23,1,141
Gingelom,71017,2020-06-24,1,142
Gingelom,71017,2020-06-25,-1,141
Gingelom,71017,2020-06-26,0,141
Gingelom,71017,2020-06-27,0,141
Gingelom,71017,2020-06-30,0,141
Gingelom,71017,2020-07-01,0,141
Gingelom,71017,2020-07-02,0,141
Gingelom,71017,2020-07-03,0,141
Gingelom,71017,2020-07-04,0,141
Gingelom,71017,2020-07-07,0,141
Gingelom,71017,2020-07-08,0,141
Gingelom,71017,2020-07-09,0,141
Gingelom,71017,2020-07-10,0,141
Gingelom,71017,2020-07-11,0,141
Gingelom,71017,2020-07-14,0,141
Gingelom,71017,2020-07-15,0,141
Gingelom,71017,2020-07-16,0,141
Gingelom,71017,2020-07-17,0,141
Gingelom,71017,2020-07-18,0,141
Gingelom,71017,2020-07-20,0,141
Gingelom,71017,2020-07-21,0,141
Gingelom,71017,2020-07-22,0,141
Gingelom,71017,2020-07-23,0,141
Gingelom,71017,2020-07-24,0,141
Gingelom,71017,2020-07-25,0,141
Gingelom,71017,2020-07-26,0,141
Gingelom,71017,2020-07-27,0,141
Gingelom,71017,2020-07-28,0,141
Gingelom,71017,2020-07-29,0,141
Gingelom,71017,2020-07-30,0,141
Gingelom,71017,2020-07-31,1,142
Gingelom,71017,2020-08-01,0,142
Gingelom,71017,2020-08-02,0,142
Gingelom,71017,2020-08-03,0,142
Gingelom,71017,2020-08-04,0,142
Gingelom,71017,2020-08-05,0,142
Gingelom,71017,2020-08-06,0,142
Gingelom,71017,2020-08-07,0,142
Gingelom,71017,2020-08-08,0,142
Gingelom,71017,2020-08-09,0,142
Gingelom,71017,2020-08-10,0,142
Gingelom,71017,2020-08-11,1,143
Gingelom,71017,2020-08-12,0,143
Gingelom,71017,2020-08-13,2,145
Gingelom,71017,2020-08-14,0,145
Gingelom,71017,2020-08-15,0,145
Gingelom,71017,2020-08-16,0,145
Gingelom,71017,2020-08-17,0,145
Gingelom,71017,2020-08-18,0,145
Gingelom,71017,2020-08-19,0,145
Gingelom,71017,2020-08-20,0,145
Gingelom,71017,2020-08-21,1,146
Gingelom,71017,2020-08-22,3,149
Gingelom,71017,2020-08-23,1,150
Gingelom,71017,2020-08-24,1,151
Gingelom,71017,2020-08-25,0,151
Gingelom,71017,2020-08-26,0,151
Gingelom,71017,2020-08-27,0,151
Gingelom,71017,2020-08-28,0,151
Gingelom,71017,2020-08-29,0,151
Gingelom,71017,2020-08-30,0,151
Gingelom,71017,2020-08-31,0,151
Gingelom,71017,2020-09-01,0,151
Gingelom,71017,2020-09-02,0,151
Gingelom,71017,2020-09-03,0,151
Gingelom,71017,2020-09-04,0,151
Gingelom,71017,2020-09-05,0,151
Gingelom,71017,2020-09-06,0,151
Gingelom,71017,2020-09-07,0,151
Gingelom,71017,2020-09-08,0,151
Gingelom,71017,2020-09-09,0,151
Gingelom,71017,2020-09-10,0,151
Gingelom,71017,2020-09-11,0,151
Gingelom,71017,2020-09-12,0,151
Gingelom,71017,2020-09-13,1,152
Gingelom,71017,2020-09-14,0,152
Gingelom,71017,2020-09-15,0,152
Gingelom,71017,2020-09-16,1,153
Gingelom,71017,2020-09-17,0,153
Gingelom,71017,2020-09-18,0,153
Gingelom,71017,2020-09-19,0,153
Gingelom,71017,2020-09-20,0,153
Gingelom,71017,2020-09-21,0,153
Gingelom,71017,2020-09-22,0,153
Gingelom,71017,2020-09-23,0,153
Gingelom,71017,2020-09-24,1,154
Gingelom,71017,2020-09-25,0,154
Gingelom,71017,2020-09-26,2,156
Gingelom,71017,2020-09-27,2,158
Gingelom,71017,2020-09-28,0,158
Gingelom,71017,2020-09-29,1,159
Gingelom,71017,2020-09-30,3,162
Gingelom,71017,2020-10-01,0,162
Gingelom,71017,2020-10-02,0,162
Gingelom,71017,2020-10-03,1,163
Gingelom,71017,2020-10-04,3,166
Gingelom,71017,2020-10-05,2,168
Gingelom,71017,2020-10-06,2,170
Gingelom,71017,2020-10-07,2,172
Gingelom,71017,2020-10-08,0,172
Gingelom,71017,2020-10-09,1,173
Gingelom,71017,2020-10-10,2,175
Gingelom,71017,2020-10-11,0,175
Gingelom,71017,2020-10-12,1,176
Gingelom,71017,2020-10-13,3,179
Gingelom,71017,2020-10-14,2,181
Gingelom,71017,2020-10-15,2,183
Gingelom,71017,2020-10-16,2,185
Gingelom,71017,2020-10-17,4,189
Gingelom,71017,2020-10-18,0,189
Gingelom,71017,2020-10-19,3,192
Gingelom,71017,2020-10-20,1,193
Gingelom,71017,2020-10-21,3,196
Gingelom,71017,2020-10-22,4,200
Gingelom,71017,2020-10-23,5,205
Gingelom,71017,2020-10-24,5,210
Gingelom,71017,2020-10-25,3,213
Gingelom,71017,2020-10-26,4,217
Gingelom,71017,2020-10-27,2,219
Gingelom,71017,2020-10-28,0,219
Gingelom,71017,2020-10-29,3,222
Gingelom,71017,2020-10-30,8,230
Gingelom,71017,2020-10-31,2,232
Gingelom,71017,2020-11-01,2,234
Gingelom,71017,2020-11-02,1,235
Gingelom,71017,2020-11-03,0,235
Gingelom,71017,2020-11-04,1,236
Gingelom,71017,2020-11-05,2,238
Gingelom,71017,2020-11-06,5,243
Gingelom,71017,2020-11-07,2,245
Gingelom,71017,2020-11-08,7,252
Gingelom,71017,2020-11-09,0,252
Gingelom,71017,2020-11-10,0,252
Gingelom,71017,2020-11-11,2,254
Halen,71020,2020-04-01,1,24
Halen,71020,2020-04-02,3,27
Halen,71020,2020-04-03,4,31
Halen,71020,2020-04-04,2,33
Halen,71020,2020-04-05,2,35
Halen,71020,2020-04-06,9,44
Halen,71020,2020-04-07,2,46
Halen,71020,2020-04-08,0,46
Halen,71020,2020-04-09,0,46
Halen,71020,2020-04-10,1,47
Halen,71020,2020-04-11,3,50
Halen,71020,2020-04-12,0,50
Halen,71020,2020-04-13,1,51
Halen,71020,2020-04-14,1,52
Halen,71020,2020-04-15,4,56
Halen,71020,2020-04-16,3,59
Halen,71020,2020-04-17,1,60
Halen,71020,2020-04-18,2,62
Halen,71020,2020-04-19,1,63
Halen,71020,2020-04-20,0,63
Halen,71020,2020-04-21,0,63
Halen,71020,2020-04-22,1,64
Halen,71020,2020-04-23,1,65
Halen,71020,2020-04-24,0,65
Halen,71020,2020-04-25,0,65
Halen,71020,2020-04-26,0,65
Halen,71020,2020-04-27,1,66
Halen,71020,2020-04-28,0,66
Halen,71020,2020-04-29,0,66
Halen,71020,2020-04-30,0,66
Halen,71020,2020-05-01,0,66
Halen,71020,2020-05-02,1,67
Halen,71020,2020-05-03,3,70
Halen,71020,2020-05-04,0,70
Halen,71020,2020-05-05,0,70
Halen,71020,2020-05-06,0,70
Halen,71020,2020-05-07,0,70
Halen,71020,2020-05-08,0,70
Halen,71020,2020-05-09,1,71
Halen,71020,2020-05-10,0,71
Halen,71020,2020-05-11,0,71
Halen,71020,2020-05-12,0,71
Halen,71020,2020-05-13,0,71
Halen,71020,2020-05-14,0,71
Halen,71020,2020-05-15,0,71
Halen,71020,2020-05-16,0,71
Halen,71020,2020-05-17,2,73
Halen,71020,2020-05-18,0,73
Halen,71020,2020-05-19,0,73
Halen,71020,2020-05-20,0,73
Halen,71020,2020-05-21,0,73
Halen,71020,2020-05-22,0,73
Halen,71020,2020-05-23,1,74
Halen,71020,2020-05-24,1,75
Halen,71020,2020-05-25,1,76
Halen,71020,2020-05-26,-1,75
Halen,71020,2020-05-27,0,75
Halen,71020,2020-05-28,0,75
Halen,71020,2020-05-29,0,75
Halen,71020,2020-05-30,0,75
Halen,71020,2020-05-31,0,75
Halen,71020,2020-06-01,0,75
Halen,71020,2020-06-02,0,75
Halen,71020,2020-06-03,0,75
Halen,71020,2020-06-04,0,75
Halen,71020,2020-06-05,0,75
Halen,71020,2020-06-06,0,75
Halen,71020,2020-06-07,1,76
Halen,71020,2020-06-08,0,76
Halen,71020,2020-06-09,1,77
Halen,71020,2020-06-10,0,77
Halen,71020,2020-06-11,0,77
Halen,71020,2020-06-12,0,77
Halen,71020,2020-06-13,1,78
Halen,71020,2020-06-14,0,78
Halen,71020,2020-06-15,0,78
Halen,71020,2020-06-16,0,78
Halen,71020,2020-06-17,0,78
Halen,71020,2020-06-18,0,78
Halen,71020,2020-06-19,0,78
Halen,71020,2020-06-20,0,78
Halen,71020,2020-06-23,0,78
Halen,71020,2020-06-24,0,78
Halen,71020,2020-06-25,0,78
Halen,71020,2020-06-26,0,78
Halen,71020,2020-06-27,1,79
Halen,71020,2020-06-30,1,80
Halen,71020,2020-07-01,0,80
Halen,71020,2020-07-02,0,80
Halen,71020,2020-07-03,0,80
Halen,71020,2020-07-04,0,80
Halen,71020,2020-07-07,0,80
Halen,71020,2020-07-08,0,80
Halen,71020,2020-07-09,0,80
Halen,71020,2020-07-10,0,80
Halen,71020,2020-07-11,0,80
Halen,71020,2020-07-14,0,80
Halen,71020,2020-07-15,0,80
Halen,71020,2020-07-16,0,80
Halen,71020,2020-07-17,0,80
Halen,71020,2020-07-18,0,80
Halen,71020,2020-07-20,0,80
Halen,71020,2020-07-21,0,80
Halen,71020,2020-07-22,0,80
Halen,71020,2020-07-23,0,80
Halen,71020,2020-07-24,0,80
Halen,71020,2020-07-25,0,80
Halen,71020,2020-07-26,0,80
Halen,71020,2020-07-27,0,80
Halen,71020,2020-07-28,0,80
Halen,71020,2020-07-29,0,80
Halen,71020,2020-07-30,0,80
Halen,71020,2020-07-31,0,80
Halen,71020,2020-08-01,0,80
Halen,71020,2020-08-02,0,80
Halen,71020,2020-08-03,0,80
Halen,71020,2020-08-04,1,81
Halen,71020,2020-08-05,0,81
Halen,71020,2020-08-06,0,81
Halen,71020,2020-08-07,1,82
Halen,71020,2020-08-08,0,82
Halen,71020,2020-08-09,0,82
Halen,71020,2020-08-10,0,82
Halen,71020,2020-08-11,1,83
Halen,71020,2020-08-12,0,83
Halen,71020,2020-08-13,0,83
Halen,71020,2020-08-14,0,83
Halen,71020,2020-08-15,0,83
Halen,71020,2020-08-16,0,83
Halen,71020,2020-08-17,0,83
Halen,71020,2020-08-18,0,83
Halen,71020,2020-08-19,0,83
Halen,71020,2020-08-20,0,83
Halen,71020,2020-08-21,0,83
Halen,71020,2020-08-22,0,83
Halen,71020,2020-08-23,0,83
Halen,71020,2020-08-24,0,83
Halen,71020,2020-08-25,0,83
Halen,71020,2020-08-26,1,84
Halen,71020,2020-08-27,0,84
Halen,71020,2020-08-28,2,86
Halen,71020,2020-08-29,0,86
Halen,71020,2020-08-30,0,86
Halen,71020,2020-08-31,0,86
Halen,71020,2020-09-01,0,86
Halen,71020,2020-09-02,0,86
Halen,71020,2020-09-03,0,86
Halen,71020,2020-09-04,1,87
Halen,71020,2020-09-05,0,87
Halen,71020,2020-09-06,0,87
Halen,71020,2020-09-07,0,87
Halen,71020,2020-09-08,0,87
Halen,71020,2020-09-09,1,88
Halen,71020,2020-09-10,0,88
Halen,71020,2020-09-11,0,88
Halen,71020,2020-09-12,0,88
Halen,71020,2020-09-13,0,88
Halen,71020,2020-09-14,1,89
Halen,71020,2020-09-15,0,89
Halen,71020,2020-09-16,0,89
Halen,71020,2020-09-17,0,89
Halen,71020,2020-09-18,0,89
Halen,71020,2020-09-19,0,89
Halen,71020,2020-09-20,0,89
Halen,71020,2020-09-21,0,89
Halen,71020,2020-09-22,0,89
Halen,71020,2020-09-23,0,89
Halen,71020,2020-09-24,0,89
Halen,71020,2020-09-25,0,89
Halen,71020,2020-09-26,0,89
Halen,71020,2020-09-27,1,90
Halen,71020,2020-09-28,0,90
Halen,71020,2020-09-29,0,90
Halen,71020,2020-09-30,1,91
Halen,71020,2020-10-01,0,91
Halen,71020,2020-10-02,0,91
Halen,71020,2020-10-03,0,91
Halen,71020,2020-10-04,0,91
Halen,71020,2020-10-05,2,93
Halen,71020,2020-10-06,0,93
Halen,71020,2020-10-07,0,93
Halen,71020,2020-10-08,0,93
Halen,71020,2020-10-09,0,93
Halen,71020,2020-10-10,0,93
Halen,71020,2020-10-11,1,94
Halen,71020,2020-10-12,0,94
Halen,71020,2020-10-13,0,94
Halen,71020,2020-10-14,0,94
Halen,71020,2020-10-15,4,98
Halen,71020,2020-10-16,0,98
Halen,71020,2020-10-17,2,100
Halen,71020,2020-10-18,1,101
Halen,71020,2020-10-19,2,103
Halen,71020,2020-10-20,2,105
Halen,71020,2020-10-21,2,107
Halen,71020,2020-10-22,4,111
Halen,71020,2020-10-23,7,118
Halen,71020,2020-10-24,2,120
Halen,71020,2020-10-25,2,122
Halen,71020,2020-10-26,8,130
Halen,71020,2020-10-27,3,133
Halen,71020,2020-10-28,3,136
Halen,71020,2020-10-29,10,146
Halen,71020,2020-10-30,7,153
Halen,71020,2020-10-31,5,158
Halen,71020,2020-11-01,4,162
Halen,71020,2020-11-02,5,167
Halen,71020,2020-11-03,3,170
Halen,71020,2020-11-04,0,170
Halen,71020,2020-11-05,3,173
Halen,71020,2020-11-06,5,178
Halen,71020,2020-11-07,5,183
Halen,71020,2020-11-08,3,186
Halen,71020,2020-11-09,1,187
Halen,71020,2020-11-10,1,188
Halen,71020,2020-11-11,2,190
Hasselt,71022,2020-04-01,8,183
Hasselt,71022,2020-04-02,28,211
Hasselt,71022,2020-04-03,14,225
Hasselt,71022,2020-04-04,13,238
Hasselt,71022,2020-04-05,20,258
Hasselt,71022,2020-04-06,17,275
Hasselt,71022,2020-04-07,10,285
Hasselt,71022,2020-04-08,8,293
Hasselt,71022,2020-04-09,36,329
Hasselt,71022,2020-04-10,9,338
Hasselt,71022,2020-04-11,26,364
Hasselt,71022,2020-04-12,16,380
Hasselt,71022,2020-04-13,8,388
Hasselt,71022,2020-04-14,1,389
Hasselt,71022,2020-04-15,70,459
Hasselt,71022,2020-04-16,8,467
Hasselt,71022,2020-04-17,8,475
Hasselt,71022,2020-04-18,24,499
Hasselt,71022,2020-04-19,7,506
Hasselt,71022,2020-04-20,3,509
Hasselt,71022,2020-04-21,1,510
Hasselt,71022,2020-04-22,6,516
Hasselt,71022,2020-04-23,10,526
Hasselt,71022,2020-04-24,5,531
Hasselt,71022,2020-04-25,3,534
Hasselt,71022,2020-04-26,1,535
Hasselt,71022,2020-04-27,6,541
Hasselt,71022,2020-04-28,2,543
Hasselt,71022,2020-04-29,2,545
Hasselt,71022,2020-04-30,4,549
Hasselt,71022,2020-05-01,0,549
Hasselt,71022,2020-05-02,1,550
Hasselt,71022,2020-05-03,3,553
Hasselt,71022,2020-05-04,1,554
Hasselt,71022,2020-05-05,2,556
Hasselt,71022,2020-05-06,2,558
Hasselt,71022,2020-05-07,3,561
Hasselt,71022,2020-05-08,0,561
Hasselt,71022,2020-05-09,4,565
Hasselt,71022,2020-05-10,2,567
Hasselt,71022,2020-05-11,0,567
Hasselt,71022,2020-05-12,2,569
Hasselt,71022,2020-05-13,0,569
Hasselt,71022,2020-05-14,0,569
Hasselt,71022,2020-05-15,0,569
Hasselt,71022,2020-05-16,1,570
Hasselt,71022,2020-05-17,1,571
Hasselt,71022,2020-05-18,2,573
Hasselt,71022,2020-05-19,11,584
Hasselt,71022,2020-05-20,1,585
Hasselt,71022,2020-05-21,2,587
Hasselt,71022,2020-05-22,4,591
Hasselt,71022,2020-05-23,5,596
Hasselt,71022,2020-05-24,1,597
Hasselt,71022,2020-05-25,2,599
Hasselt,71022,2020-05-26,-4,595
Hasselt,71022,2020-05-27,1,596
Hasselt,71022,2020-05-28,1,597
Hasselt,71022,2020-05-29,3,600
Hasselt,71022,2020-05-30,1,601
Hasselt,71022,2020-05-31,1,602
Hasselt,71022,2020-06-01,1,603
Hasselt,71022,2020-06-02,1,604
Hasselt,71022,2020-06-03,3,607
Hasselt,71022,2020-06-04,1,608
Hasselt,71022,2020-06-05,1,609
Hasselt,71022,2020-06-06,6,615
Hasselt,71022,2020-06-07,1,616
Hasselt,71022,2020-06-08,4,620
Hasselt,71022,2020-06-09,1,621
Hasselt,71022,2020-06-10,6,627
Hasselt,71022,2020-06-11,-1,626
Hasselt,71022,2020-06-12,4,630
Hasselt,71022,2020-06-13,1,631
Hasselt,71022,2020-06-14,1,632
Hasselt,71022,2020-06-15,1,633
Hasselt,71022,2020-06-16,1,634
Hasselt,71022,2020-06-17,0,634
Hasselt,71022,2020-06-18,0,634
Hasselt,71022,2020-06-19,0,634
Hasselt,71022,2020-06-20,0,634
Hasselt,71022,2020-06-23,0,634
Hasselt,71022,2020-06-24,0,634
Hasselt,71022,2020-06-25,-8,626
Hasselt,71022,2020-06-26,0,626
Hasselt,71022,2020-06-27,0,626
Hasselt,71022,2020-06-30,0,626
Hasselt,71022,2020-07-01,0,626
Hasselt,71022,2020-07-02,1,627
Hasselt,71022,2020-07-03,2,629
Hasselt,71022,2020-07-04,0,629
Hasselt,71022,2020-07-07,1,630
Hasselt,71022,2020-07-08,0,630
Hasselt,71022,2020-07-09,0,630
Hasselt,71022,2020-07-10,0,630
Hasselt,71022,2020-07-11,0,630
Hasselt,71022,2020-07-14,1,631
Hasselt,71022,2020-07-15,1,632
Hasselt,71022,2020-07-16,1,633
Hasselt,71022,2020-07-17,2,635
Hasselt,71022,2020-07-18,0,635
Hasselt,71022,2020-07-20,10,645
Hasselt,71022,2020-07-21,0,645
Hasselt,71022,2020-07-22,0,645
Hasselt,71022,2020-07-23,6,651
Hasselt,71022,2020-07-24,3,654
Hasselt,71022,2020-07-25,2,656
Hasselt,71022,2020-07-26,5,661
Hasselt,71022,2020-07-27,1,662
Hasselt,71022,2020-07-28,0,662
Hasselt,71022,2020-07-29,0,662
Hasselt,71022,2020-07-30,8,670
Hasselt,71022,2020-07-31,3,673
Hasselt,71022,2020-08-01,6,679
Hasselt,71022,2020-08-02,2,681
Hasselt,71022,2020-08-03,0,681
Hasselt,71022,2020-08-04,1,682
Hasselt,71022,2020-08-05,0,682
Hasselt,71022,2020-08-06,2,684
Hasselt,71022,2020-08-07,2,686
Hasselt,71022,2020-08-08,4,690
Hasselt,71022,2020-08-09,1,691
Hasselt,71022,2020-08-10,0,691
Hasselt,71022,2020-08-11,7,698
Hasselt,71022,2020-08-12,0,698
Hasselt,71022,2020-08-13,2,700
Hasselt,71022,2020-08-14,5,705
Hasselt,71022,2020-08-15,2,707
Hasselt,71022,2020-08-16,1,708
Hasselt,71022,2020-08-17,1,709
Hasselt,71022,2020-08-18,1,710
Hasselt,71022,2020-08-19,0,710
Hasselt,71022,2020-08-20,5,715
Hasselt,71022,2020-08-21,3,718
Hasselt,71022,2020-08-22,2,720
Hasselt,71022,2020-08-23,1,721
Hasselt,71022,2020-08-24,0,721
Hasselt,71022,2020-08-25,0,721
Hasselt,71022,2020-08-26,0,721
Hasselt,71022,2020-08-27,2,723
Hasselt,71022,2020-08-28,0,723
Hasselt,71022,2020-08-29,0,723
Hasselt,71022,2020-08-30,1,724
Hasselt,71022,2020-08-31,3,727
Hasselt,71022,2020-09-01,1,728
Hasselt,71022,2020-09-02,3,731
Hasselt,71022,2020-09-03,2,733
Hasselt,71022,2020-09-04,12,745
Hasselt,71022,2020-09-05,1,746
Hasselt,71022,2020-09-06,1,747
Hasselt,71022,2020-09-07,2,749
Hasselt,71022,2020-09-08,1,750
Hasselt,71022,2020-09-09,2,752
Hasselt,71022,2020-09-10,0,752
Hasselt,71022,2020-09-11,3,755
Hasselt,71022,2020-09-12,1,756
Hasselt,71022,2020-09-13,2,758
Hasselt,71022,2020-09-14,0,758
Hasselt,71022,2020-09-15,3,761
Hasselt,71022,2020-09-16,3,764
Hasselt,71022,2020-09-17,6,770
Hasselt,71022,2020-09-18,1,771
Hasselt,71022,2020-09-19,0,771
Hasselt,71022,2020-09-20,1,772
Hasselt,71022,2020-09-21,3,775
Hasselt,71022,2020-09-22,2,777
Hasselt,71022,2020-09-23,1,778
Hasselt,71022,2020-09-24,3,781
Hasselt,71022,2020-09-25,5,786
Hasselt,71022,2020-09-26,5,791
Hasselt,71022,2020-09-27,8,799
Hasselt,71022,2020-09-28,6,805
Hasselt,71022,2020-09-29,5,810
Hasselt,71022,2020-09-30,9,819
Hasselt,71022,2020-10-01,0,819
Hasselt,71022,2020-10-02,6,825
Hasselt,71022,2020-10-03,9,834
Hasselt,71022,2020-10-04,5,839
Hasselt,71022,2020-10-05,17,856
Hasselt,71022,2020-10-06,1,857
Hasselt,71022,2020-10-07,0,857
Hasselt,71022,2020-10-08,15,872
Hasselt,71022,2020-10-09,20,892
Hasselt,71022,2020-10-10,7,899
Hasselt,71022,2020-10-11,24,923
Hasselt,71022,2020-10-12,14,937
Hasselt,71022,2020-10-13,5,942
Hasselt,71022,2020-10-14,11,953
Hasselt,71022,2020-10-15,17,970
Hasselt,71022,2020-10-16,26,996
Hasselt,71022,2020-10-17,36,1032
Hasselt,71022,2020-10-18,21,1053
Hasselt,71022,2020-10-19,36,1089
Hasselt,71022,2020-10-20,9,1098
Hasselt,71022,2020-10-21,15,1113
Hasselt,71022,2020-10-22,49,1162
Hasselt,71022,2020-10-23,39,1201
Hasselt,71022,2020-10-24,22,1223
Hasselt,71022,2020-10-25,33,1256
Hasselt,71022,2020-10-26,28,1284
Hasselt,71022,2020-10-27,9,1293
Hasselt,71022,2020-10-28,28,1321
Hasselt,71022,2020-10-29,44,1365
Hasselt,71022,2020-10-30,37,1402
Hasselt,71022,2020-10-31,36,1438
Hasselt,71022,2020-11-01,41,1479
Hasselt,71022,2020-11-02,19,1498
Hasselt,71022,2020-11-03,5,1503
Hasselt,71022,2020-11-04,12,1515
Hasselt,71022,2020-11-05,36,1551
Hasselt,71022,2020-11-06,22,1573
Hasselt,71022,2020-11-07,21,1594
Hasselt,71022,2020-11-08,19,1613
Hasselt,71022,2020-11-09,7,1620
Hasselt,71022,2020-11-10,3,1623
Hasselt,71022,2020-11-11,7,1630
Herk-de-Stad,71024,2020-04-01,1,28
Herk-de-Stad,71024,2020-04-02,6,34
Herk-de-Stad,71024,2020-04-03,2,36
Herk-de-Stad,71024,2020-04-04,1,37
Herk-de-Stad,71024,2020-04-05,0,37
Herk-de-Stad,71024,2020-04-06,1,38
Herk-de-Stad,71024,2020-04-07,1,39
Herk-de-Stad,71024,2020-04-08,4,43
Herk-de-Stad,71024,2020-04-09,3,46
Herk-de-Stad,71024,2020-04-10,1,47
Herk-de-Stad,71024,2020-04-11,2,49
Herk-de-Stad,71024,2020-04-12,2,51
Herk-de-Stad,71024,2020-04-13,0,51
Herk-de-Stad,71024,2020-04-14,1,52
Herk-de-Stad,71024,2020-04-15,3,55
Herk-de-Stad,71024,2020-04-16,1,56
Herk-de-Stad,71024,2020-04-17,2,58
Herk-de-Stad,71024,2020-04-18,1,59
Herk-de-Stad,71024,2020-04-19,2,61
Herk-de-Stad,71024,2020-04-20,1,62
Herk-de-Stad,71024,2020-04-21,0,62
Herk-de-Stad,71024,2020-04-22,1,63
Herk-de-Stad,71024,2020-04-23,1,64
Herk-de-Stad,71024,2020-04-24,0,64
Herk-de-Stad,71024,2020-04-25,2,66
Herk-de-Stad,71024,2020-04-26,2,68
Herk-de-Stad,71024,2020-04-27,2,70
Herk-de-Stad,71024,2020-04-28,0,70
Herk-de-Stad,71024,2020-04-29,0,70
Herk-de-Stad,71024,2020-04-30,1,71
Herk-de-Stad,71024,2020-05-01,2,73
Herk-de-Stad,71024,2020-05-02,0,73
Herk-de-Stad,71024,2020-05-03,6,79
Herk-de-Stad,71024,2020-05-04,0,79
Herk-de-Stad,71024,2020-05-05,0,79
Herk-de-Stad,71024,2020-05-06,1,80
Herk-de-Stad,71024,2020-05-07,1,81
Herk-de-Stad,71024,2020-05-08,0,81
Herk-de-Stad,71024,2020-05-09,0,81
Herk-de-Stad,71024,2020-05-10,6,87
Herk-de-Stad,71024,2020-05-11,1,88
Herk-de-Stad,71024,2020-05-12,0,88
Herk-de-Stad,71024,2020-05-13,0,88
Herk-de-Stad,71024,2020-05-14,0,88
Herk-de-Stad,71024,2020-05-15,0,88
Herk-de-Stad,71024,2020-05-16,0,88
Herk-de-Stad,71024,2020-05-17,-1,87
Herk-de-Stad,71024,2020-05-18,0,87
Herk-de-Stad,71024,2020-05-19,3,90
Herk-de-Stad,71024,2020-05-20,0,90
Herk-de-Stad,71024,2020-05-21,0,90
Herk-de-Stad,71024,2020-05-22,0,90
Herk-de-Stad,71024,2020-05-23,3,93
Herk-de-Stad,71024,2020-05-24,0,93
Herk-de-Stad,71024,2020-05-25,1,94
Herk-de-Stad,71024,2020-05-26,-1,93
Herk-de-Stad,71024,2020-05-27,0,93
Herk-de-Stad,71024,2020-05-28,0,93
Herk-de-Stad,71024,2020-05-29,0,93
Herk-de-Stad,71024,2020-05-30,0,93
Herk-de-Stad,71024,2020-05-31,0,93
Herk-de-Stad,71024,2020-06-01,0,93
Herk-de-Stad,71024,2020-06-02,0,93
Herk-de-Stad,71024,2020-06-03,0,93
Herk-de-Stad,71024,2020-06-04,1,94
Herk-de-Stad,71024,2020-06-05,0,94
Herk-de-Stad,71024,2020-06-06,0,94
Herk-de-Stad,71024,2020-06-07,0,94
Herk-de-Stad,71024,2020-06-08,1,95
Herk-de-Stad,71024,2020-06-09,0,95
Herk-de-Stad,71024,2020-06-10,2,97
Herk-de-Stad,71024,2020-06-11,0,97
Herk-de-Stad,71024,2020-06-12,1,98
Herk-de-Stad,71024,2020-06-13,0,98
Herk-de-Stad,71024,2020-06-14,0,98
Herk-de-Stad,71024,2020-06-15,0,98
Herk-de-Stad,71024,2020-06-16,0,98
Herk-de-Stad,71024,2020-06-17,0,98
Herk-de-Stad,71024,2020-06-18,0,98
Herk-de-Stad,71024,2020-06-19,0,98
Herk-de-Stad,71024,2020-06-20,0,98
Herk-de-Stad,71024,2020-06-23,1,99
Herk-de-Stad,71024,2020-06-24,0,99
Herk-de-Stad,71024,2020-06-25,-2,97
Herk-de-Stad,71024,2020-06-26,0,97
Herk-de-Stad,71024,2020-06-27,0,97
Herk-de-Stad,71024,2020-06-30,0,97
Herk-de-Stad,71024,2020-07-01,0,97
Herk-de-Stad,71024,2020-07-02,0,97
Herk-de-Stad,71024,2020-07-03,0,97
Herk-de-Stad,71024,2020-07-04,0,97
Herk-de-Stad,71024,2020-07-07,0,97
Herk-de-Stad,71024,2020-07-08,0,97
Herk-de-Stad,71024,2020-07-09,0,97
Herk-de-Stad,71024,2020-07-10,0,97
Herk-de-Stad,71024,2020-07-11,0,97
Herk-de-Stad,71024,2020-07-14,0,97
Herk-de-Stad,71024,2020-07-15,0,97
Herk-de-Stad,71024,2020-07-16,0,97
Herk-de-Stad,71024,2020-07-17,0,97
Herk-de-Stad,71024,2020-07-18,0,97
Herk-de-Stad,71024,2020-07-20,0,97
Herk-de-Stad,71024,2020-07-21,0,97
Herk-de-Stad,71024,2020-07-22,1,98
Herk-de-Stad,71024,2020-07-23,0,98
Herk-de-Stad,71024,2020-07-24,0,98
Herk-de-Stad,71024,2020-07-25,0,98
Herk-de-Stad,71024,2020-07-26,0,98
Herk-de-Stad,71024,2020-07-27,0,98
Herk-de-Stad,71024,2020-07-28,0,98
Herk-de-Stad,71024,2020-07-29,0,98
Herk-de-Stad,71024,2020-07-30,0,98
Herk-de-Stad,71024,2020-07-31,0,98
Herk-de-Stad,71024,2020-08-01,1,99
Herk-de-Stad,71024,2020-08-02,0,99
Herk-de-Stad,71024,2020-08-03,0,99
Herk-de-Stad,71024,2020-08-04,2,101
Herk-de-Stad,71024,2020-08-05,0,101
Herk-de-Stad,71024,2020-08-06,0,101
Herk-de-Stad,71024,2020-08-07,0,101
Herk-de-Stad,71024,2020-08-08,0,101
Herk-de-Stad,71024,2020-08-09,0,101
Herk-de-Stad,71024,2020-08-10,0,101
Herk-de-Stad,71024,2020-08-11,0,101
Herk-de-Stad,71024,2020-08-12,0,101
Herk-de-Stad,71024,2020-08-13,0,101
Herk-de-Stad,71024,2020-08-14,0,101
Herk-de-Stad,71024,2020-08-15,0,101
Herk-de-Stad,71024,2020-08-16,0,101
Herk-de-Stad,71024,2020-08-17,0,101
Herk-de-Stad,71024,2020-08-18,0,101
Herk-de-Stad,71024,2020-08-19,0,101
Herk-de-Stad,71024,2020-08-20,0,101
Herk-de-Stad,71024,2020-08-21,1,102
Herk-de-Stad,71024,2020-08-22,0,102
Herk-de-Stad,71024,2020-08-23,0,102
Herk-de-Stad,71024,2020-08-24,0,102
Herk-de-Stad,71024,2020-08-25,0,102
Herk-de-Stad,71024,2020-08-26,1,103
Herk-de-Stad,71024,2020-08-27,1,104
Herk-de-Stad,71024,2020-08-28,0,104
Herk-de-Stad,71024,2020-08-29,0,104
Herk-de-Stad,71024,2020-08-30,0,104
Herk-de-Stad,71024,2020-08-31,0,104
Herk-de-Stad,71024,2020-09-01,0,104
Herk-de-Stad,71024,2020-09-02,0,104
Herk-de-Stad,71024,2020-09-03,0,104
Herk-de-Stad,71024,2020-09-04,0,104
Herk-de-Stad,71024,2020-09-05,0,104
Herk-de-Stad,71024,2020-09-06,0,104
Herk-de-Stad,71024,2020-09-07,0,104
Herk-de-Stad,71024,2020-09-08,0,104
Herk-de-Stad,71024,2020-09-09,0,104
Herk-de-Stad,71024,2020-09-10,0,104
Herk-de-Stad,71024,2020-09-11,1,105
Herk-de-Stad,71024,2020-09-12,0,105
Herk-de-Stad,71024,2020-09-13,0,105
Herk-de-Stad,71024,2020-09-14,0,105
Herk-de-Stad,71024,2020-09-15,0,105
Herk-de-Stad,71024,2020-09-16,0,105
Herk-de-Stad,71024,2020-09-17,1,106
Herk-de-Stad,71024,2020-09-18,0,106
Herk-de-Stad,71024,2020-09-19,1,107
Herk-de-Stad,71024,2020-09-20,0,107
Herk-de-Stad,71024,2020-09-21,1,108
Herk-de-Stad,71024,2020-09-22,2,110
Herk-de-Stad,71024,2020-09-23,0,110
Herk-de-Stad,71024,2020-09-24,1,111
Herk-de-Stad,71024,2020-09-25,2,113
Herk-de-Stad,71024,2020-09-26,1,114
Herk-de-Stad,71024,2020-09-27,0,114
Herk-de-Stad,71024,2020-09-28,1,115
Herk-de-Stad,71024,2020-09-29,1,116
Herk-de-Stad,71024,2020-09-30,0,116
Herk-de-Stad,71024,2020-10-01,0,116
Herk-de-Stad,71024,2020-10-02,0,116
Herk-de-Stad,71024,2020-10-03,1,117
Herk-de-Stad,71024,2020-10-04,0,117
Herk-de-Stad,71024,2020-10-05,1,118
Herk-de-Stad,71024,2020-10-06,1,119
Herk-de-Stad,71024,2020-10-07,0,119
Herk-de-Stad,71024,2020-10-08,5,124
Herk-de-Stad,71024,2020-10-09,2,126
Herk-de-Stad,71024,2020-10-10,0,126
Herk-de-Stad,71024,2020-10-11,5,131
Herk-de-Stad,71024,2020-10-12,2,133
Herk-de-Stad,71024,2020-10-13,0,133
Herk-de-Stad,71024,2020-10-14,0,133
Herk-de-Stad,71024,2020-10-15,1,134
Herk-de-Stad,71024,2020-10-16,2,136
Herk-de-Stad,71024,2020-10-17,1,137
Herk-de-Stad,71024,2020-10-18,0,137
Herk-de-Stad,71024,2020-10-19,0,137
Herk-de-Stad,71024,2020-10-20,2,139
Herk-de-Stad,71024,2020-10-21,3,142
Herk-de-Stad,71024,2020-10-22,2,144
Herk-de-Stad,71024,2020-10-23,2,146
Herk-de-Stad,71024,2020-10-24,5,151
Herk-de-Stad,71024,2020-10-25,6,157
Herk-de-Stad,71024,2020-10-26,8,165
Herk-de-Stad,71024,2020-10-27,1,166
Herk-de-Stad,71024,2020-10-28,4,170
Herk-de-Stad,71024,2020-10-29,9,179
Herk-de-Stad,71024,2020-10-30,2,181
Herk-de-Stad,71024,2020-10-31,1,182
Herk-de-Stad,71024,2020-11-01,3,185
Herk-de-Stad,71024,2020-11-02,1,186
Herk-de-Stad,71024,2020-11-03,1,187
Herk-de-Stad,71024,2020-11-04,1,188
Herk-de-Stad,71024,2020-11-05,4,192
Herk-de-Stad,71024,2020-11-06,5,197
Herk-de-Stad,71024,2020-11-07,2,199
Herk-de-Stad,71024,2020-11-08,4,203
Herk-de-Stad,71024,2020-11-09,1,204
Herk-de-Stad,71024,2020-11-10,2,206
Herk-de-Stad,71024,2020-11-11,3,209
Leopoldsburg,71034,2020-04-01,1,8
Leopoldsburg,71034,2020-04-02,2,10
Leopoldsburg,71034,2020-04-03,4,14
Leopoldsburg,71034,2020-04-04,4,18
Leopoldsburg,71034,2020-04-05,2,20
Leopoldsburg,71034,2020-04-06,3,23
Leopoldsburg,71034,2020-04-07,0,23
Leopoldsburg,71034,2020-04-08,1,24
Leopoldsburg,71034,2020-04-09,0,24
Leopoldsburg,71034,2020-04-10,1,25
Leopoldsburg,71034,2020-04-11,4,29
Leopoldsburg,71034,2020-04-12,0,29
Leopoldsburg,71034,2020-04-13,1,30
Leopoldsburg,71034,2020-04-14,1,31
Leopoldsburg,71034,2020-04-15,2,33
Leopoldsburg,71034,2020-04-16,0,33
Leopoldsburg,71034,2020-04-17,1,34
Leopoldsburg,71034,2020-04-18,0,34
Leopoldsburg,71034,2020-04-19,2,36
Leopoldsburg,71034,2020-04-20,0,36
Leopoldsburg,71034,2020-04-21,1,37
Leopoldsburg,71034,2020-04-22,0,37
Leopoldsburg,71034,2020-04-23,0,37
Leopoldsburg,71034,2020-04-24,0,37
Leopoldsburg,71034,2020-04-25,4,41
Leopoldsburg,71034,2020-04-26,1,42
Leopoldsburg,71034,2020-04-27,1,43
Leopoldsburg,71034,2020-04-28,1,44
Leopoldsburg,71034,2020-04-29,0,44
Leopoldsburg,71034,2020-04-30,1,45
Leopoldsburg,71034,2020-05-01,1,46
Leopoldsburg,71034,2020-05-02,2,48
Leopoldsburg,71034,2020-05-03,0,48
Leopoldsburg,71034,2020-05-04,0,48
Leopoldsburg,71034,2020-05-05,1,49
Leopoldsburg,71034,2020-05-06,0,49
Leopoldsburg,71034,2020-05-07,1,50
Leopoldsburg,71034,2020-05-08,2,52
Leopoldsburg,71034,2020-05-09,1,53
Leopoldsburg,71034,2020-05-10,1,54
Leopoldsburg,71034,2020-05-11,1,55
Leopoldsburg,71034,2020-05-12,0,55
Leopoldsburg,71034,2020-05-13,0,55
Leopoldsburg,71034,2020-05-14,0,55
Leopoldsburg,71034,2020-05-15,0,55
Leopoldsburg,71034,2020-05-16,0,55
Leopoldsburg,71034,2020-05-17,0,55
Leopoldsburg,71034,2020-05-18,0,55
Leopoldsburg,71034,2020-05-19,0,55
Leopoldsburg,71034,2020-05-20,0,55
Leopoldsburg,71034,2020-05-21,0,55
Leopoldsburg,71034,2020-05-22,0,55
Leopoldsburg,71034,2020-05-23,0,55
Leopoldsburg,71034,2020-05-24,0,55
Leopoldsburg,71034,2020-05-25,0,55
Leopoldsburg,71034,2020-05-26,3,58
Leopoldsburg,71034,2020-05-27,0,58
Leopoldsburg,71034,2020-05-28,2,60
Leopoldsburg,71034,2020-05-29,0,60
Leopoldsburg,71034,2020-05-30,0,60
Leopoldsburg,71034,2020-05-31,0,60
Leopoldsburg,71034,2020-06-01,1,61
Leopoldsburg,71034,2020-06-02,0,61
Leopoldsburg,71034,2020-06-03,0,61
Leopoldsburg,71034,2020-06-04,0,61
Leopoldsburg,71034,2020-06-05,0,61
Leopoldsburg,71034,2020-06-06,0,61
Leopoldsburg,71034,2020-06-07,0,61
Leopoldsburg,71034,2020-06-08,0,61
Leopoldsburg,71034,2020-06-09,0,61
Leopoldsburg,71034,2020-06-10,0,61
Leopoldsburg,71034,2020-06-11,1,62
Leopoldsburg,71034,2020-06-12,0,62
Leopoldsburg,71034,2020-06-13,0,62
Leopoldsburg,71034,2020-06-14,0,62
Leopoldsburg,71034,2020-06-15,0,62
Leopoldsburg,71034,2020-06-16,0,62
Leopoldsburg,71034,2020-06-17,1,63
Leopoldsburg,71034,2020-06-18,0,63
Leopoldsburg,71034,2020-06-19,0,63
Leopoldsburg,71034,2020-06-20,0,63
Leopoldsburg,71034,2020-06-23,0,63
Leopoldsburg,71034,2020-06-24,0,63
Leopoldsburg,71034,2020-06-25,-1,62
Leopoldsburg,71034,2020-06-26,0,62
Leopoldsburg,71034,2020-06-27,0,62
Leopoldsburg,71034,2020-06-30,0,62
Leopoldsburg,71034,2020-07-01,0,62
Leopoldsburg,71034,2020-07-02,0,62
Leopoldsburg,71034,2020-07-03,0,62
Leopoldsburg,71034,2020-07-04,0,62
Leopoldsburg,71034,2020-07-07,1,63
Leopoldsburg,71034,2020-07-08,0,63
Leopoldsburg,71034,2020-07-09,0,63
Leopoldsburg,71034,2020-07-10,1,64
Leopoldsburg,71034,2020-07-11,1,65
Leopoldsburg,71034,2020-07-14,1,66
Leopoldsburg,71034,2020-07-15,0,66
Leopoldsburg,71034,2020-07-16,0,66
Leopoldsburg,71034,2020-07-17,0,66
Leopoldsburg,71034,2020-07-18,0,66
Leopoldsburg,71034,2020-07-20,1,67
Leopoldsburg,71034,2020-07-21,0,67
Leopoldsburg,71034,2020-07-22,0,67
Leopoldsburg,71034,2020-07-23,0,67
Leopoldsburg,71034,2020-07-24,0,67
Leopoldsburg,71034,2020-07-25,1,68
Leopoldsburg,71034,2020-07-26,0,68
Leopoldsburg,71034,2020-07-27,0,68
Leopoldsburg,71034,2020-07-28,0,68
Leopoldsburg,71034,2020-07-29,0,68
Leopoldsburg,71034,2020-07-30,0,68
Leopoldsburg,71034,2020-07-31,0,68
Leopoldsburg,71034,2020-08-01,0,68
Leopoldsburg,71034,2020-08-02,1,69
Leopoldsburg,71034,2020-08-03,0,69
Leopoldsburg,71034,2020-08-04,0,69
Leopoldsburg,71034,2020-08-05,0,69
Leopoldsburg,71034,2020-08-06,0,69
Leopoldsburg,71034,2020-08-07,0,69
Leopoldsburg,71034,2020-08-08,0,69
Leopoldsburg,71034,2020-08-09,0,69
Leopoldsburg,71034,2020-08-10,0,69
Leopoldsburg,71034,2020-08-11,0,69
Leopoldsburg,71034,2020-08-12,1,70
Leopoldsburg,71034,2020-08-13,0,70
Leopoldsburg,71034,2020-08-14,1,71
Leopoldsburg,71034,2020-08-15,0,71
Leopoldsburg,71034,2020-08-16,0,71
Leopoldsburg,71034,2020-08-17,0,71
Leopoldsburg,71034,2020-08-18,0,71
Leopoldsburg,71034,2020-08-19,0,71
Leopoldsburg,71034,2020-08-20,0,71
Leopoldsburg,71034,2020-08-21,0,71
Leopoldsburg,71034,2020-08-22,0,71
Leopoldsburg,71034,2020-08-23,0,71
Leopoldsburg,71034,2020-08-24,1,72
Leopoldsburg,71034,2020-08-25,0,72
Leopoldsburg,71034,2020-08-26,0,72
Leopoldsburg,71034,2020-08-27,2,74
Leopoldsburg,71034,2020-08-28,0,74
Leopoldsburg,71034,2020-08-29,0,74
Leopoldsburg,71034,2020-08-30,5,79
Leopoldsburg,71034,2020-08-31,0,79
Leopoldsburg,71034,2020-09-01,0,79
Leopoldsburg,71034,2020-09-02,1,80
Leopoldsburg,71034,2020-09-03,1,81
Leopoldsburg,71034,2020-09-04,0,81
Leopoldsburg,71034,2020-09-05,0,81
Leopoldsburg,71034,2020-09-06,0,81
Leopoldsburg,71034,2020-09-07,1,82
Leopoldsburg,71034,2020-09-08,0,82
Leopoldsburg,71034,2020-09-09,0,82
Leopoldsburg,71034,2020-09-10,1,83
Leopoldsburg,71034,2020-09-11,0,83
Leopoldsburg,71034,2020-09-12,1,84
Leopoldsburg,71034,2020-09-13,0,84
Leopoldsburg,71034,2020-09-14,0,84
Leopoldsburg,71034,2020-09-15,0,84
Leopoldsburg,71034,2020-09-16,0,84
Leopoldsburg,71034,2020-09-17,0,84
Leopoldsburg,71034,2020-09-18,0,84
Leopoldsburg,71034,2020-09-19,0,84
Leopoldsburg,71034,2020-09-20,0,84
Leopoldsburg,71034,2020-09-21,0,84
Leopoldsburg,71034,2020-09-22,0,84
Leopoldsburg,71034,2020-09-23,0,84
Leopoldsburg,71034,2020-09-24,0,84
Leopoldsburg,71034,2020-09-25,0,84
Leopoldsburg,71034,2020-09-26,2,86
Leopoldsburg,71034,2020-09-27,1,87
Leopoldsburg,71034,2020-09-28,0,87
Leopoldsburg,71034,2020-09-29,1,88
Leopoldsburg,71034,2020-09-30,0,88
Leopoldsburg,71034,2020-10-01,10,98
Leopoldsburg,71034,2020-10-02,0,98
Leopoldsburg,71034,2020-10-03,0,98
Leopoldsburg,71034,2020-10-04,2,100
Leopoldsburg,71034,2020-10-05,3,103
Leopoldsburg,71034,2020-10-06,0,103
Leopoldsburg,71034,2020-10-07,1,104
Leopoldsburg,71034,2020-10-08,2,106
Leopoldsburg,71034,2020-10-09,3,109
Leopoldsburg,71034,2020-10-10,2,111
Leopoldsburg,71034,2020-10-11,5,116
Leopoldsburg,71034,2020-10-12,4,120
Leopoldsburg,71034,2020-10-13,0,120
Leopoldsburg,71034,2020-10-14,8,128
Leopoldsburg,71034,2020-10-15,10,138
Leopoldsburg,71034,2020-10-16,13,151
Leopoldsburg,71034,2020-10-17,1,152
Leopoldsburg,71034,2020-10-18,3,155
Leopoldsburg,71034,2020-10-19,6,161
Leopoldsburg,71034,2020-10-20,1,162
Leopoldsburg,71034,2020-10-21,5,167
Leopoldsburg,71034,2020-10-22,22,189
Leopoldsburg,71034,2020-10-23,11,200
Leopoldsburg,71034,2020-10-24,5,205
Leopoldsburg,71034,2020-10-25,9,214
Leopoldsburg,71034,2020-10-26,4,218
Leopoldsburg,71034,2020-10-27,2,220
Leopoldsburg,71034,2020-10-28,9,229
Leopoldsburg,71034,2020-10-29,12,241
Leopoldsburg,71034,2020-10-30,10,251
Leopoldsburg,71034,2020-10-31,8,259
Leopoldsburg,71034,2020-11-01,14,273
Leopoldsburg,71034,2020-11-02,9,282
Leopoldsburg,71034,2020-11-03,1,283
Leopoldsburg,71034,2020-11-04,5,288
Leopoldsburg,71034,2020-11-05,6,294
Leopoldsburg,71034,2020-11-06,2,296
Leopoldsburg,71034,2020-11-07,3,299
Leopoldsburg,71034,2020-11-08,3,302
Leopoldsburg,71034,2020-11-09,2,304
Leopoldsburg,71034,2020-11-10,0,304
Leopoldsburg,71034,2020-11-11,3,307
Lummen,71037,2020-04-01,0,33
Lummen,71037,2020-04-02,2,35
Lummen,71037,2020-04-03,2,37
Lummen,71037,2020-04-04,0,37
Lummen,71037,2020-04-05,1,38
Lummen,71037,2020-04-06,3,41
Lummen,71037,2020-04-07,1,42
Lummen,71037,2020-04-08,3,45
Lummen,71037,2020-04-09,1,46
Lummen,71037,2020-04-10,2,48
Lummen,71037,2020-04-11,0,48
Lummen,71037,2020-04-12,4,52
Lummen,71037,2020-04-13,0,52
Lummen,71037,2020-04-14,1,53
Lummen,71037,2020-04-15,3,56
Lummen,71037,2020-04-16,0,56
Lummen,71037,2020-04-17,0,56
Lummen,71037,2020-04-18,1,57
Lummen,71037,2020-04-19,2,59
Lummen,71037,2020-04-20,1,60
Lummen,71037,2020-04-21,0,60
Lummen,71037,2020-04-22,1,61
Lummen,71037,2020-04-23,1,62
Lummen,71037,2020-04-24,0,62
Lummen,71037,2020-04-25,0,62
Lummen,71037,2020-04-26,0,62
Lummen,71037,2020-04-27,0,62
Lummen,71037,2020-04-28,1,63
Lummen,71037,2020-04-29,1,64
Lummen,71037,2020-04-30,0,64
Lummen,71037,2020-05-01,0,64
Lummen,71037,2020-05-02,1,65
Lummen,71037,2020-05-03,0,65
Lummen,71037,2020-05-04,1,66
Lummen,71037,2020-05-05,0,66
Lummen,71037,2020-05-06,0,66
Lummen,71037,2020-05-07,0,66
Lummen,71037,2020-05-08,2,68
Lummen,71037,2020-05-09,0,68
Lummen,71037,2020-05-10,0,68
Lummen,71037,2020-05-11,0,68
Lummen,71037,2020-05-12,0,68
Lummen,71037,2020-05-13,0,68
Lummen,71037,2020-05-14,0,68
Lummen,71037,2020-05-15,0,68
Lummen,71037,2020-05-16,1,69
Lummen,71037,2020-05-17,0,69
Lummen,71037,2020-05-18,0,69
Lummen,71037,2020-05-19,1,70
Lummen,71037,2020-05-20,0,70
Lummen,71037,2020-05-21,0,70
Lummen,71037,2020-05-22,1,71
Lummen,71037,2020-05-23,0,71
Lummen,71037,2020-05-24,1,72
Lummen,71037,2020-05-25,0,72
Lummen,71037,2020-05-26,1,73
Lummen,71037,2020-05-27,0,73
Lummen,71037,2020-05-28,0,73
Lummen,71037,2020-05-29,0,73
Lummen,71037,2020-05-30,0,73
Lummen,71037,2020-05-31,0,73
Lummen,71037,2020-06-01,1,74
Lummen,71037,2020-06-02,0,74
Lummen,71037,2020-06-03,0,74
Lummen,71037,2020-06-04,1,75
Lummen,71037,2020-06-05,0,75
Lummen,71037,2020-06-06,1,76
Lummen,71037,2020-06-07,0,76
Lummen,71037,2020-06-08,0,76
Lummen,71037,2020-06-09,0,76
Lummen,71037,2020-06-10,0,76
Lummen,71037,2020-06-11,1,77
Lummen,71037,2020-06-12,0,77
Lummen,71037,2020-06-13,0,77
Lummen,71037,2020-06-14,0,77
Lummen,71037,2020-06-15,0,77
Lummen,71037,2020-06-16,1,78
Lummen,71037,2020-06-17,0,78
Lummen,71037,2020-06-18,0,78
Lummen,71037,2020-06-19,0,78
Lummen,71037,2020-06-20,0,78
Lummen,71037,2020-06-23,0,78
Lummen,71037,2020-06-24,0,78
Lummen,71037,2020-06-25,0,78
Lummen,71037,2020-06-26,0,78
Lummen,71037,2020-06-27,1,79
Lummen,71037,2020-06-30,0,79
Lummen,71037,2020-07-01,0,79
Lummen,71037,2020-07-02,0,79
Lummen,71037,2020-07-03,0,79
Lummen,71037,2020-07-04,0,79
Lummen,71037,2020-07-07,1,80
Lummen,71037,2020-07-08,1,81
Lummen,71037,2020-07-09,0,81
Lummen,71037,2020-07-10,0,81
Lummen,71037,2020-07-11,0,81
Lummen,71037,2020-07-14,1,82
Lummen,71037,2020-07-15,0,82
Lummen,71037,2020-07-16,1,83
Lummen,71037,2020-07-17,0,83
Lummen,71037,2020-07-18,0,83
Lummen,71037,2020-07-20,0,83
Lummen,71037,2020-07-21,0,83
Lummen,71037,2020-07-22,0,83
Lummen,71037,2020-07-23,0,83
Lummen,71037,2020-07-24,0,83
Lummen,71037,2020-07-25,2,85
Lummen,71037,2020-07-26,1,86
Lummen,71037,2020-07-27,1,87
Lummen,71037,2020-07-28,0,87
Lummen,71037,2020-07-29,0,87
Lummen,71037,2020-07-30,0,87
Lummen,71037,2020-07-31,0,87
Lummen,71037,2020-08-01,0,87
Lummen,71037,2020-08-02,0,87
Lummen,71037,2020-08-03,0,87
Lummen,71037,2020-08-04,0,87
Lummen,71037,2020-08-05,0,87
Lummen,71037,2020-08-06,0,87
Lummen,71037,2020-08-07,0,87
Lummen,71037,2020-08-08,0,87
Lummen,71037,2020-08-09,0,87
Lummen,71037,2020-08-10,0,87
Lummen,71037,2020-08-11,0,87
Lummen,71037,2020-08-12,0,87
Lummen,71037,2020-08-13,0,87
Lummen,71037,2020-08-14,-1,86
Lummen,71037,2020-08-15,2,88
Lummen,71037,2020-08-16,0,88
Lummen,71037,2020-08-17,0,88
Lummen,71037,2020-08-18,0,88
Lummen,71037,2020-08-19,0,88
Lummen,71037,2020-08-20,0,88
Lummen,71037,2020-08-21,0,88
Lummen,71037,2020-08-22,0,88
Lummen,71037,2020-08-23,0,88
Lummen,71037,2020-08-24,0,88
Lummen,71037,2020-08-25,0,88
Lummen,71037,2020-08-26,0,88
Lummen,71037,2020-08-27,0,88
Lummen,71037,2020-08-28,0,88
Lummen,71037,2020-08-29,0,88
Lummen,71037,2020-08-30,0,88
Lummen,71037,2020-08-31,0,88
Lummen,71037,2020-09-01,0,88
Lummen,71037,2020-09-02,0,88
Lummen,71037,2020-09-03,0,88
Lummen,71037,2020-09-04,0,88
Lummen,71037,2020-09-05,0,88
Lummen,71037,2020-09-06,0,88
Lummen,71037,2020-09-07,0,88
Lummen,71037,2020-09-08,0,88
Lummen,71037,2020-09-09,0,88
Lummen,71037,2020-09-10,0,88
Lummen,71037,2020-09-11,0,88
Lummen,71037,2020-09-12,0,88
Lummen,71037,2020-09-13,0,88
Lummen,71037,2020-09-14,0,88
Lummen,71037,2020-09-15,0,88
Lummen,71037,2020-09-16,0,88
Lummen,71037,2020-09-17,0,88
Lummen,71037,2020-09-18,1,89
Lummen,71037,2020-09-19,0,89
Lummen,71037,2020-09-20,2,91
Lummen,71037,2020-09-21,1,92
Lummen,71037,2020-09-22,0,92
Lummen,71037,2020-09-23,0,92
Lummen,71037,2020-09-24,0,92
Lummen,71037,2020-09-25,0,92
Lummen,71037,2020-09-26,0,92
Lummen,71037,2020-09-27,0,92
Lummen,71037,2020-09-28,1,93
Lummen,71037,2020-09-29,0,93
Lummen,71037,2020-09-30,2,95
Lummen,71037,2020-10-01,0,95
Lummen,71037,2020-10-02,0,95
Lummen,71037,2020-10-03,1,96
Lummen,71037,2020-10-04,2,98
Lummen,71037,2020-10-05,0,98
Lummen,71037,2020-10-06,1,99
Lummen,71037,2020-10-07,1,100
Lummen,71037,2020-10-08,1,101
Lummen,71037,2020-10-09,0,101
Lummen,71037,2020-10-10,1,102
Lummen,71037,2020-10-11,2,104
Lummen,71037,2020-10-12,1,105
Lummen,71037,2020-10-13,0,105
Lummen,71037,2020-10-14,3,108
Lummen,71037,2020-10-15,2,110
Lummen,71037,2020-10-16,0,110
Lummen,71037,2020-10-17,6,116
Lummen,71037,2020-10-18,2,118
Lummen,71037,2020-10-19,2,120
Lummen,71037,2020-10-20,7,127
Lummen,71037,2020-10-21,8,135
Lummen,71037,2020-10-22,9,144
Lummen,71037,2020-10-23,10,154
Lummen,71037,2020-10-24,2,156
Lummen,71037,2020-10-25,9,165
Lummen,71037,2020-10-26,5,170
Lummen,71037,2020-10-27,2,172
Lummen,71037,2020-10-28,3,175
Lummen,71037,2020-10-29,6,181
Lummen,71037,2020-10-30,9,190
Lummen,71037,2020-10-31,5,195
Lummen,71037,2020-11-01,1,196
Lummen,71037,2020-11-02,3,199
Lummen,71037,2020-11-03,2,201
Lummen,71037,2020-11-04,3,204
Lummen,71037,2020-11-05,9,213
Lummen,71037,2020-11-06,3,216
Lummen,71037,2020-11-07,4,220
Lummen,71037,2020-11-08,3,223
Lummen,71037,2020-11-09,2,225
Lummen,71037,2020-11-10,0,225
Lummen,71037,2020-11-11,4,229
Nieuwerkerken (Hasselt),71045,2020-04-01,0,20
Nieuwerkerken (Hasselt),71045,2020-04-02,4,24
Nieuwerkerken (Hasselt),71045,2020-04-03,0,24
Nieuwerkerken (Hasselt),71045,2020-04-04,4,28
Nieuwerkerken (Hasselt),71045,2020-04-05,3,31
Nieuwerkerken (Hasselt),71045,2020-04-06,1,32
Nieuwerkerken (Hasselt),71045,2020-04-07,3,35
Nieuwerkerken (Hasselt),71045,2020-04-08,0,35
Nieuwerkerken (Hasselt),71045,2020-04-09,9,44
Nieuwerkerken (Hasselt),71045,2020-04-10,4,48
Nieuwerkerken (Hasselt),71045,2020-04-11,5,53
Nieuwerkerken (Hasselt),71045,2020-04-12,4,57
Nieuwerkerken (Hasselt),71045,2020-04-13,4,61
Nieuwerkerken (Hasselt),71045,2020-04-14,0,61
Nieuwerkerken (Hasselt),71045,2020-04-15,6,67
Nieuwerkerken (Hasselt),71045,2020-04-16,3,70
Nieuwerkerken (Hasselt),71045,2020-04-17,4,74
Nieuwerkerken (Hasselt),71045,2020-04-18,3,77
Nieuwerkerken (Hasselt),71045,2020-04-19,7,84
Nieuwerkerken (Hasselt),71045,2020-04-20,5,89
Nieuwerkerken (Hasselt),71045,2020-04-21,0,89
Nieuwerkerken (Hasselt),71045,2020-04-22,6,95
Nieuwerkerken (Hasselt),71045,2020-04-23,3,98
Nieuwerkerken (Hasselt),71045,2020-04-24,3,101
Nieuwerkerken (Hasselt),71045,2020-04-25,8,109
Nieuwerkerken (Hasselt),71045,2020-04-26,0,109
Nieuwerkerken (Hasselt),71045,2020-04-27,1,110
Nieuwerkerken (Hasselt),71045,2020-04-28,1,111
Nieuwerkerken (Hasselt),71045,2020-04-29,1,112
Nieuwerkerken (Hasselt),71045,2020-04-30,0,112
Nieuwerkerken (Hasselt),71045,2020-05-01,1,113
Nieuwerkerken (Hasselt),71045,2020-05-02,0,113
Nieuwerkerken (Hasselt),71045,2020-05-03,0,113
Nieuwerkerken (Hasselt),71045,2020-05-04,0,113
Nieuwerkerken (Hasselt),71045,2020-05-05,0,113
Nieuwerkerken (Hasselt),71045,2020-05-06,0,113
Nieuwerkerken (Hasselt),71045,2020-05-07,0,113
Nieuwerkerken (Hasselt),71045,2020-05-08,0,113
Nieuwerkerken (Hasselt),71045,2020-05-09,0,113
Nieuwerkerken (Hasselt),71045,2020-05-10,0,113
Nieuwerkerken (Hasselt),71045,2020-05-11,0,113
Nieuwerkerken (Hasselt),71045,2020-05-12,0,113
Nieuwerkerken (Hasselt),71045,2020-05-13,0,113
Nieuwerkerken (Hasselt),71045,2020-05-14,0,113
Nieuwerkerken (Hasselt),71045,2020-05-15,0,113
Nieuwerkerken (Hasselt),71045,2020-05-16,0,113
Nieuwerkerken (Hasselt),71045,2020-05-17,0,113
Nieuwerkerken (Hasselt),71045,2020-05-18,0,113
Nieuwerkerken (Hasselt),71045,2020-05-19,1,114
Nieuwerkerken (Hasselt),71045,2020-05-20,0,114
Nieuwerkerken (Hasselt),71045,2020-05-21,1,115
Nieuwerkerken (Hasselt),71045,2020-05-22,0,115
Nieuwerkerken (Hasselt),71045,2020-05-23,7,122
Nieuwerkerken (Hasselt),71045,2020-05-24,0,122
Nieuwerkerken (Hasselt),71045,2020-05-25,0,122
Nieuwerkerken (Hasselt),71045,2020-05-26,-7,115
Nieuwerkerken (Hasselt),71045,2020-05-27,0,115
Nieuwerkerken (Hasselt),71045,2020-05-28,0,115
Nieuwerkerken (Hasselt),71045,2020-05-29,1,116
Nieuwerkerken (Hasselt),71045,2020-05-30,0,116
Nieuwerkerken (Hasselt),71045,2020-05-31,0,116
Nieuwerkerken (Hasselt),71045,2020-06-01,0,116
Nieuwerkerken (Hasselt),71045,2020-06-02,0,116
Nieuwerkerken (Hasselt),71045,2020-06-03,1,117
Nieuwerkerken (Hasselt),71045,2020-06-04,0,117
Nieuwerkerken (Hasselt),71045,2020-06-05,0,117
Nieuwerkerken (Hasselt),71045,2020-06-06,0,117
Nieuwerkerken (Hasselt),71045,2020-06-07,0,117
Nieuwerkerken (Hasselt),71045,2020-06-08,0,117
Nieuwerkerken (Hasselt),71045,2020-06-09,0,117
Nieuwerkerken (Hasselt),71045,2020-06-10,0,117
Nieuwerkerken (Hasselt),71045,2020-06-11,0,117
Nieuwerkerken (Hasselt),71045,2020-06-12,0,117
Nieuwerkerken (Hasselt),71045,2020-06-13,0,117
Nieuwerkerken (Hasselt),71045,2020-06-14,0,117
Nieuwerkerken (Hasselt),71045,2020-06-15,0,117
Nieuwerkerken (Hasselt),71045,2020-06-16,0,117
Nieuwerkerken (Hasselt),71045,2020-06-17,0,117
Nieuwerkerken (Hasselt),71045,2020-06-18,0,117
Nieuwerkerken (Hasselt),71045,2020-06-19,0,117
Nieuwerkerken (Hasselt),71045,2020-06-20,0,117
Nieuwerkerken (Hasselt),71045,2020-06-23,0,117
Nieuwerkerken (Hasselt),71045,2020-06-24,0,117
Nieuwerkerken (Hasselt),71045,2020-06-25,0,117
Nieuwerkerken (Hasselt),71045,2020-06-26,0,117
Nieuwerkerken (Hasselt),71045,2020-06-27,0,117
Nieuwerkerken (Hasselt),71045,2020-06-30,0,117
Nieuwerkerken (Hasselt),71045,2020-07-01,0,117
Nieuwerkerken (Hasselt),71045,2020-07-02,0,117
Nieuwerkerken (Hasselt),71045,2020-07-03,0,117
Nieuwerkerken (Hasselt),71045,2020-07-04,0,117
Nieuwerkerken (Hasselt),71045,2020-07-07,0,117
Nieuwerkerken (Hasselt),71045,2020-07-08,0,117
Nieuwerkerken (Hasselt),71045,2020-07-09,0,117
Nieuwerkerken (Hasselt),71045,2020-07-10,0,117
Nieuwerkerken (Hasselt),71045,2020-07-11,0,117
Nieuwerkerken (Hasselt),71045,2020-07-14,0,117
Nieuwerkerken (Hasselt),71045,2020-07-15,1,118
Nieuwerkerken (Hasselt),71045,2020-07-16,0,118
Nieuwerkerken (Hasselt),71045,2020-07-17,0,118
Nieuwerkerken (Hasselt),71045,2020-07-18,0,118
Nieuwerkerken (Hasselt),71045,2020-07-20,1,119
Nieuwerkerken (Hasselt),71045,2020-07-21,0,119
Nieuwerkerken (Hasselt),71045,2020-07-22,0,119
Nieuwerkerken (Hasselt),71045,2020-07-23,0,119
Nieuwerkerken (Hasselt),71045,2020-07-24,1,120
Nieuwerkerken (Hasselt),71045,2020-07-25,0,120
Nieuwerkerken (Hasselt),71045,2020-07-26,0,120
Nieuwerkerken (Hasselt),71045,2020-07-27,0,120
Nieuwerkerken (Hasselt),71045,2020-07-28,0,120
Nieuwerkerken (Hasselt),71045,2020-07-29,0,120
Nieuwerkerken (Hasselt),71045,2020-07-30,0,120
Nieuwerkerken (Hasselt),71045,2020-07-31,0,120
Nieuwerkerken (Hasselt),71045,2020-08-01,0,120
Nieuwerkerken (Hasselt),71045,2020-08-02,0,120
Nieuwerkerken (Hasselt),71045,2020-08-03,0,120
Nieuwerkerken (Hasselt),71045,2020-08-04,0,120
Nieuwerkerken (Hasselt),71045,2020-08-05,0,120
Nieuwerkerken (Hasselt),71045,2020-08-06,0,120
Nieuwerkerken (Hasselt),71045,2020-08-07,0,120
Nieuwerkerken (Hasselt),71045,2020-08-08,0,120
Nieuwerkerken (Hasselt),71045,2020-08-09,0,120
Nieuwerkerken (Hasselt),71045,2020-08-10,0,120
Nieuwerkerken (Hasselt),71045,2020-08-11,0,120
Nieuwerkerken (Hasselt),71045,2020-08-12,0,120
Nieuwerkerken (Hasselt),71045,2020-08-13,0,120
Nieuwerkerken (Hasselt),71045,2020-08-14,0,120
Nieuwerkerken (Hasselt),71045,2020-08-15,0,120
Nieuwerkerken (Hasselt),71045,2020-08-16,0,120
Nieuwerkerken (Hasselt),71045,2020-08-17,0,120
Nieuwerkerken (Hasselt),71045,2020-08-18,1,121
Nieuwerkerken (Hasselt),71045,2020-08-19,0,121
Nieuwerkerken (Hasselt),71045,2020-08-20,0,121
Nieuwerkerken (Hasselt),71045,2020-08-21,0,121
Nieuwerkerken (Hasselt),71045,2020-08-22,0,121
Nieuwerkerken (Hasselt),71045,2020-08-23,1,122
Nieuwerkerken (Hasselt),71045,2020-08-24,0,122
Nieuwerkerken (Hasselt),71045,2020-08-25,0,122
Nieuwerkerken (Hasselt),71045,2020-08-26,0,122
Nieuwerkerken (Hasselt),71045,2020-08-27,0,122
Nieuwerkerken (Hasselt),71045,2020-08-28,0,122
Nieuwerkerken (Hasselt),71045,2020-08-29,0,122
Nieuwerkerken (Hasselt),71045,2020-08-30,0,122
Nieuwerkerken (Hasselt),71045,2020-08-31,1,123
Nieuwerkerken (Hasselt),71045,2020-09-01,0,123
Nieuwerkerken (Hasselt),71045,2020-09-02,0,123
Nieuwerkerken (Hasselt),71045,2020-09-03,0,123
Nieuwerkerken (Hasselt),71045,2020-09-04,1,124
Nieuwerkerken (Hasselt),71045,2020-09-05,0,124
Nieuwerkerken (Hasselt),71045,2020-09-06,0,124
Nieuwerkerken (Hasselt),71045,2020-09-07,0,124
Nieuwerkerken (Hasselt),71045,2020-09-08,0,124
Nieuwerkerken (Hasselt),71045,2020-09-09,0,124
Nieuwerkerken (Hasselt),71045,2020-09-10,0,124
Nieuwerkerken (Hasselt),71045,2020-09-11,0,124
Nieuwerkerken (Hasselt),71045,2020-09-12,0,124
Nieuwerkerken (Hasselt),71045,2020-09-13,0,124
Nieuwerkerken (Hasselt),71045,2020-09-14,0,124
Nieuwerkerken (Hasselt),71045,2020-09-15,0,124
Nieuwerkerken (Hasselt),71045,2020-09-16,0,124
Nieuwerkerken (Hasselt),71045,2020-09-17,0,124
Nieuwerkerken (Hasselt),71045,2020-09-18,0,124
Nieuwerkerken (Hasselt),71045,2020-09-19,0,124
Nieuwerkerken (Hasselt),71045,2020-09-20,0,124
Nieuwerkerken (Hasselt),71045,2020-09-21,0,124
Nieuwerkerken (Hasselt),71045,2020-09-22,0,124
Nieuwerkerken (Hasselt),71045,2020-09-23,0,124
Nieuwerkerken (Hasselt),71045,2020-09-24,0,124
Nieuwerkerken (Hasselt),71045,2020-09-25,0,124
Nieuwerkerken (Hasselt),71045,2020-09-26,0,124
Nieuwerkerken (Hasselt),71045,2020-09-27,0,124
Nieuwerkerken (Hasselt),71045,2020-09-28,0,124
Nieuwerkerken (Hasselt),71045,2020-09-29,0,124
Nieuwerkerken (Hasselt),71045,2020-09-30,0,124
Nieuwerkerken (Hasselt),71045,2020-10-01,0,124
Nieuwerkerken (Hasselt),71045,2020-10-02,1,125
Nieuwerkerken (Hasselt),71045,2020-10-03,0,125
Nieuwerkerken (Hasselt),71045,2020-10-04,0,125
Nieuwerkerken (Hasselt),71045,2020-10-05,0,125
Nieuwerkerken (Hasselt),71045,2020-10-06,0,125
Nieuwerkerken (Hasselt),71045,2020-10-07,0,125
Nieuwerkerken (Hasselt),71045,2020-10-08,1,126
Nieuwerkerken (Hasselt),71045,2020-10-09,3,129
Nieuwerkerken (Hasselt),71045,2020-10-10,2,131
Nieuwerkerken (Hasselt),71045,2020-10-11,0,131
Nieuwerkerken (Hasselt),71045,2020-10-12,1,132
Nieuwerkerken (Hasselt),71045,2020-10-13,0,132
Nieuwerkerken (Hasselt),71045,2020-10-14,1,133
Nieuwerkerken (Hasselt),71045,2020-10-15,0,133
Nieuwerkerken (Hasselt),71045,2020-10-16,0,133
Nieuwerkerken (Hasselt),71045,2020-10-17,1,134
Nieuwerkerken (Hasselt),71045,2020-10-18,0,134
Nieuwerkerken (Hasselt),71045,2020-10-19,0,134
Nieuwerkerken (Hasselt),71045,2020-10-20,0,134
Nieuwerkerken (Hasselt),71045,2020-10-21,0,134
Nieuwerkerken (Hasselt),71045,2020-10-22,1,135
Nieuwerkerken (Hasselt),71045,2020-10-23,2,137
Nieuwerkerken (Hasselt),71045,2020-10-24,1,138
Nieuwerkerken (Hasselt),71045,2020-10-25,3,141
Nieuwerkerken (Hasselt),71045,2020-10-26,1,142
Nieuwerkerken (Hasselt),71045,2020-10-27,0,142
Nieuwerkerken (Hasselt),71045,2020-10-28,3,145
Nieuwerkerken (Hasselt),71045,2020-10-29,11,156
Nieuwerkerken (Hasselt),71045,2020-10-30,0,156
Nieuwerkerken (Hasselt),71045,2020-10-31,4,160
Nieuwerkerken (Hasselt),71045,2020-11-01,9,169
Nieuwerkerken (Hasselt),71045,2020-11-02,2,171
Nieuwerkerken (Hasselt),71045,2020-11-03,1,172
Nieuwerkerken (Hasselt),71045,2020-11-04,3,175
Nieuwerkerken (Hasselt),71045,2020-11-05,9,184
Nieuwerkerken (Hasselt),71045,2020-11-06,2,186
Nieuwerkerken (Hasselt),71045,2020-11-07,5,191
Nieuwerkerken (Hasselt),71045,2020-11-08,1,192
Nieuwerkerken (Hasselt),71045,2020-11-09,2,194
Nieuwerkerken (Hasselt),71045,2020-11-10,1,195
Nieuwerkerken (Hasselt),71045,2020-11-11,3,198
Sint-Truiden,71053,2020-04-01,18,187
Sint-Truiden,71053,2020-04-02,16,203
Sint-Truiden,71053,2020-04-03,8,211
Sint-Truiden,71053,2020-04-04,20,231
Sint-Truiden,71053,2020-04-05,19,250
Sint-Truiden,71053,2020-04-06,35,285
Sint-Truiden,71053,2020-04-07,14,299
Sint-Truiden,71053,2020-04-08,7,306
Sint-Truiden,71053,2020-04-09,29,335
Sint-Truiden,71053,2020-04-10,65,400
Sint-Truiden,71053,2020-04-11,19,419
Sint-Truiden,71053,2020-04-12,14,433
Sint-Truiden,71053,2020-04-13,15,448
Sint-Truiden,71053,2020-04-14,0,448
Sint-Truiden,71053,2020-04-15,61,509
Sint-Truiden,71053,2020-04-16,6,515
Sint-Truiden,71053,2020-04-17,9,524
Sint-Truiden,71053,2020-04-18,9,533
Sint-Truiden,71053,2020-04-19,9,542
Sint-Truiden,71053,2020-04-20,6,548
Sint-Truiden,71053,2020-04-21,6,554
Sint-Truiden,71053,2020-04-22,8,562
Sint-Truiden,71053,2020-04-23,10,572
Sint-Truiden,71053,2020-04-24,2,574
Sint-Truiden,71053,2020-04-25,7,581
Sint-Truiden,71053,2020-04-26,4,585
Sint-Truiden,71053,2020-04-27,0,585
Sint-Truiden,71053,2020-04-28,1,586
Sint-Truiden,71053,2020-04-29,1,587
Sint-Truiden,71053,2020-04-30,7,594
Sint-Truiden,71053,2020-05-01,8,602
Sint-Truiden,71053,2020-05-02,6,608
Sint-Truiden,71053,2020-05-03,4,612
Sint-Truiden,71053,2020-05-04,9,621
Sint-Truiden,71053,2020-05-05,1,622
Sint-Truiden,71053,2020-05-06,2,624
Sint-Truiden,71053,2020-05-07,1,625
Sint-Truiden,71053,2020-05-08,5,630
Sint-Truiden,71053,2020-05-09,2,632
Sint-Truiden,71053,2020-05-10,2,634
Sint-Truiden,71053,2020-05-11,2,636
Sint-Truiden,71053,2020-05-12,5,641
Sint-Truiden,71053,2020-05-13,1,642
Sint-Truiden,71053,2020-05-14,1,643
Sint-Truiden,71053,2020-05-15,4,647
Sint-Truiden,71053,2020-05-16,1,648
Sint-Truiden,71053,2020-05-17,3,651
Sint-Truiden,71053,2020-05-18,0,651
Sint-Truiden,71053,2020-05-19,8,659
Sint-Truiden,71053,2020-05-20,1,660
Sint-Truiden,71053,2020-05-21,0,660
Sint-Truiden,71053,2020-05-22,7,667
Sint-Truiden,71053,2020-05-23,32,699
Sint-Truiden,71053,2020-05-24,2,701
Sint-Truiden,71053,2020-05-25,0,701
Sint-Truiden,71053,2020-05-26,-29,672
Sint-Truiden,71053,2020-05-27,2,674
Sint-Truiden,71053,2020-05-28,1,675
Sint-Truiden,71053,2020-05-29,2,677
Sint-Truiden,71053,2020-05-30,2,679
Sint-Truiden,71053,2020-05-31,3,682
Sint-Truiden,71053,2020-06-01,2,684
Sint-Truiden,71053,2020-06-02,3,687
Sint-Truiden,71053,2020-06-03,1,688
Sint-Truiden,71053,2020-06-04,1,689
Sint-Truiden,71053,2020-06-05,3,692
Sint-Truiden,71053,2020-06-06,0,692
Sint-Truiden,71053,2020-06-07,1,693
Sint-Truiden,71053,2020-06-08,3,696
Sint-Truiden,71053,2020-06-09,0,696
Sint-Truiden,71053,2020-06-10,3,699
Sint-Truiden,71053,2020-06-11,0,699
Sint-Truiden,71053,2020-06-12,1,700
Sint-Truiden,71053,2020-06-13,0,700
Sint-Truiden,71053,2020-06-14,0,700
Sint-Truiden,71053,2020-06-15,2,702
Sint-Truiden,71053,2020-06-16,0,702
Sint-Truiden,71053,2020-06-17,1,703
Sint-Truiden,71053,2020-06-18,1,704
Sint-Truiden,71053,2020-06-19,0,704
Sint-Truiden,71053,2020-06-20,0,704
Sint-Truiden,71053,2020-06-23,2,706
Sint-Truiden,71053,2020-06-24,0,706
Sint-Truiden,71053,2020-06-25,-1,705
Sint-Truiden,71053,2020-06-26,0,705
Sint-Truiden,71053,2020-06-27,0,705
Sint-Truiden,71053,2020-06-30,2,707
Sint-Truiden,71053,2020-07-01,0,707
Sint-Truiden,71053,2020-07-02,0,707
Sint-Truiden,71053,2020-07-03,1,708
Sint-Truiden,71053,2020-07-04,0,708
Sint-Truiden,71053,2020-07-07,0,708
Sint-Truiden,71053,2020-07-08,0,708
Sint-Truiden,71053,2020-07-09,1,709
Sint-Truiden,71053,2020-07-10,1,710
Sint-Truiden,71053,2020-07-11,1,711
Sint-Truiden,71053,2020-07-14,0,711
Sint-Truiden,71053,2020-07-15,0,711
Sint-Truiden,71053,2020-07-16,1,712
Sint-Truiden,71053,2020-07-17,1,713
Sint-Truiden,71053,2020-07-18,0,713
Sint-Truiden,71053,2020-07-20,0,713
Sint-Truiden,71053,2020-07-21,0,713
Sint-Truiden,71053,2020-07-22,1,714
Sint-Truiden,71053,2020-07-23,0,714
Sint-Truiden,71053,2020-07-24,1,715
Sint-Truiden,71053,2020-07-25,1,716
Sint-Truiden,71053,2020-07-26,1,717
Sint-Truiden,71053,2020-07-27,1,718
Sint-Truiden,71053,2020-07-28,0,718
Sint-Truiden,71053,2020-07-29,0,718
Sint-Truiden,71053,2020-07-30,0,718
Sint-Truiden,71053,2020-07-31,2,720
Sint-Truiden,71053,2020-08-01,1,721
Sint-Truiden,71053,2020-08-02,1,722
Sint-Truiden,71053,2020-08-03,0,722
Sint-Truiden,71053,2020-08-04,0,722
Sint-Truiden,71053,2020-08-05,1,723
Sint-Truiden,71053,2020-08-06,0,723
Sint-Truiden,71053,2020-08-07,0,723
Sint-Truiden,71053,2020-08-08,11,734
Sint-Truiden,71053,2020-08-09,0,734
Sint-Truiden,71053,2020-08-10,1,735
Sint-Truiden,71053,2020-08-11,0,735
Sint-Truiden,71053,2020-08-12,2,737
Sint-Truiden,71053,2020-08-13,1,738
Sint-Truiden,71053,2020-08-14,0,738
Sint-Truiden,71053,2020-08-15,0,738
Sint-Truiden,71053,2020-08-16,0,738
Sint-Truiden,71053,2020-08-17,0,738
Sint-Truiden,71053,2020-08-18,2,740
Sint-Truiden,71053,2020-08-19,0,740
Sint-Truiden,71053,2020-08-20,2,742
Sint-Truiden,71053,2020-08-21,3,745
Sint-Truiden,71053,2020-08-22,0,745
Sint-Truiden,71053,2020-08-23,2,747
Sint-Truiden,71053,2020-08-24,3,750
Sint-Truiden,71053,2020-08-25,1,751
Sint-Truiden,71053,2020-08-26,1,752
Sint-Truiden,71053,2020-08-27,3,755
Sint-Truiden,71053,2020-08-28,0,755
Sint-Truiden,71053,2020-08-29,4,759
Sint-Truiden,71053,2020-08-30,2,761
Sint-Truiden,71053,2020-08-31,0,761
Sint-Truiden,71053,2020-09-01,0,761
Sint-Truiden,71053,2020-09-02,0,761
Sint-Truiden,71053,2020-09-03,0,761
Sint-Truiden,71053,2020-09-04,1,762
Sint-Truiden,71053,2020-09-05,2,764
Sint-Truiden,71053,2020-09-06,0,764
Sint-Truiden,71053,2020-09-07,0,764
Sint-Truiden,71053,2020-09-08,1,765
Sint-Truiden,71053,2020-09-09,2,767
Sint-Truiden,71053,2020-09-10,4,771
Sint-Truiden,71053,2020-09-11,0,771
Sint-Truiden,71053,2020-09-12,0,771
Sint-Truiden,71053,2020-09-13,2,773
Sint-Truiden,71053,2020-09-14,2,775
Sint-Truiden,71053,2020-09-15,1,776
Sint-Truiden,71053,2020-09-16,0,776
Sint-Truiden,71053,2020-09-17,1,777
Sint-Truiden,71053,2020-09-18,0,777
Sint-Truiden,71053,2020-09-19,2,779
Sint-Truiden,71053,2020-09-20,-1,778
Sint-Truiden,71053,2020-09-21,4,782
Sint-Truiden,71053,2020-09-22,5,787
Sint-Truiden,71053,2020-09-23,0,787
Sint-Truiden,71053,2020-09-24,0,787
Sint-Truiden,71053,2020-09-25,3,790
Sint-Truiden,71053,2020-09-26,0,790
Sint-Truiden,71053,2020-09-27,2,792
Sint-Truiden,71053,2020-09-28,0,792
Sint-Truiden,71053,2020-09-29,4,796
Sint-Truiden,71053,2020-09-30,1,797
Sint-Truiden,71053,2020-10-01,0,797
Sint-Truiden,71053,2020-10-02,2,799
Sint-Truiden,71053,2020-10-03,3,802
Sint-Truiden,71053,2020-10-04,1,803
Sint-Truiden,71053,2020-10-05,3,806
Sint-Truiden,71053,2020-10-06,1,807
Sint-Truiden,71053,2020-10-07,5,812
Sint-Truiden,71053,2020-10-08,5,817
Sint-Truiden,71053,2020-10-09,8,825
Sint-Truiden,71053,2020-10-10,5,830
Sint-Truiden,71053,2020-10-11,12,842
Sint-Truiden,71053,2020-10-12,2,844
Sint-Truiden,71053,2020-10-13,13,857
Sint-Truiden,71053,2020-10-14,5,862
Sint-Truiden,71053,2020-10-15,6,868
Sint-Truiden,71053,2020-10-16,8,876
Sint-Truiden,71053,2020-10-17,8,884
Sint-Truiden,71053,2020-10-18,3,887
Sint-Truiden,71053,2020-10-19,10,897
Sint-Truiden,71053,2020-10-20,5,902
Sint-Truiden,71053,2020-10-21,9,911
Sint-Truiden,71053,2020-10-22,7,918
Sint-Truiden,71053,2020-10-23,25,943
Sint-Truiden,71053,2020-10-24,24,967
Sint-Truiden,71053,2020-10-25,9,976
Sint-Truiden,71053,2020-10-26,4,980
Sint-Truiden,71053,2020-10-27,2,982
Sint-Truiden,71053,2020-10-28,12,994
Sint-Truiden,71053,2020-10-29,14,1008
Sint-Truiden,71053,2020-10-30,13,1021
Sint-Truiden,71053,2020-10-31,21,1042
Sint-Truiden,71053,2020-11-01,22,1064
Sint-Truiden,71053,2020-11-02,9,1073
Sint-Truiden,71053,2020-11-03,17,1090
Sint-Truiden,71053,2020-11-04,5,1095
Sint-Truiden,71053,2020-11-05,12,1107
Sint-Truiden,71053,2020-11-06,9,1116
Sint-Truiden,71053,2020-11-07,12,1128
Sint-Truiden,71053,2020-11-08,8,1136
Sint-Truiden,71053,2020-11-09,6,1142
Sint-Truiden,71053,2020-11-10,5,1147
Sint-Truiden,71053,2020-11-11,4,1151
Tessenderlo,71057,2020-04-01,5,20
Tessenderlo,71057,2020-04-02,2,22
Tessenderlo,71057,2020-04-03,3,25
Tessenderlo,71057,2020-04-04,4,29
Tessenderlo,71057,2020-04-05,1,30
Tessenderlo,71057,2020-04-06,1,31
Tessenderlo,71057,2020-04-07,0,31
Tessenderlo,71057,2020-04-08,0,31
Tessenderlo,71057,2020-04-09,2,33
Tessenderlo,71057,2020-04-10,0,33
Tessenderlo,71057,2020-04-11,1,34
Tessenderlo,71057,2020-04-12,0,34
Tessenderlo,71057,2020-04-13,1,35
Tessenderlo,71057,2020-04-14,1,36
Tessenderlo,71057,2020-04-15,2,38
Tessenderlo,71057,2020-04-16,2,40
Tessenderlo,71057,2020-04-17,2,42
Tessenderlo,71057,2020-04-18,0,42
Tessenderlo,71057,2020-04-19,5,47
Tessenderlo,71057,2020-04-20,1,48
Tessenderlo,71057,2020-04-21,1,49
Tessenderlo,71057,2020-04-22,1,50
Tessenderlo,71057,2020-04-23,1,51
Tessenderlo,71057,2020-04-24,0,51
Tessenderlo,71057,2020-04-25,2,53
Tessenderlo,71057,2020-04-26,0,53
Tessenderlo,71057,2020-04-27,0,53
Tessenderlo,71057,2020-04-28,3,56
Tessenderlo,71057,2020-04-29,0,56
Tessenderlo,71057,2020-04-30,0,56
Tessenderlo,71057,2020-05-01,0,56
Tessenderlo,71057,2020-05-02,1,57
Tessenderlo,71057,2020-05-03,0,57
Tessenderlo,71057,2020-05-04,0,57
Tessenderlo,71057,2020-05-05,0,57
Tessenderlo,71057,2020-05-06,1,58
Tessenderlo,71057,2020-05-07,0,58
Tessenderlo,71057,2020-05-08,0,58
Tessenderlo,71057,2020-05-09,2,60
Tessenderlo,71057,2020-05-10,0,60
Tessenderlo,71057,2020-05-11,0,60
Tessenderlo,71057,2020-05-12,0,60
Tessenderlo,71057,2020-05-13,0,60
Tessenderlo,71057,2020-05-14,0,60
Tessenderlo,71057,2020-05-15,1,61
Tessenderlo,71057,2020-05-16,0,61
Tessenderlo,71057,2020-05-17,0,61
Tessenderlo,71057,2020-05-18,0,61
Tessenderlo,71057,2020-05-19,0,61
Tessenderlo,71057,2020-05-20,0,61
Tessenderlo,71057,2020-05-21,0,61
Tessenderlo,71057,2020-05-22,0,61
Tessenderlo,71057,2020-05-23,0,61
Tessenderlo,71057,2020-05-24,0,61
Tessenderlo,71057,2020-05-25,1,62
Tessenderlo,71057,2020-05-26,0,62
Tessenderlo,71057,2020-05-27,0,62
Tessenderlo,71057,2020-05-28,1,63
Tessenderlo,71057,2020-05-29,0,63
Tessenderlo,71057,2020-05-30,0,63
Tessenderlo,71057,2020-05-31,0,63
Tessenderlo,71057,2020-06-01,0,63
Tessenderlo,71057,2020-06-02,0,63
Tessenderlo,71057,2020-06-03,0,63
Tessenderlo,71057,2020-06-04,0,63
Tessenderlo,71057,2020-06-05,0,63
Tessenderlo,71057,2020-06-06,0,63
Tessenderlo,71057,2020-06-07,0,63
Tessenderlo,71057,2020-06-08,0,63
Tessenderlo,71057,2020-06-09,0,63
Tessenderlo,71057,2020-06-10,0,63
Tessenderlo,71057,2020-06-11,0,63
Tessenderlo,71057,2020-06-12,0,63
Tessenderlo,71057,2020-06-13,0,63
Tessenderlo,71057,2020-06-14,0,63
Tessenderlo,71057,2020-06-15,0,63
Tessenderlo,71057,2020-06-16,0,63
Tessenderlo,71057,2020-06-17,0,63
Tessenderlo,71057,2020-06-18,0,63
Tessenderlo,71057,2020-06-19,0,63
Tessenderlo,71057,2020-06-20,0,63
Tessenderlo,71057,2020-06-23,0,63
Tessenderlo,71057,2020-06-24,0,63
Tessenderlo,71057,2020-06-25,0,63
Tessenderlo,71057,2020-06-26,0,63
Tessenderlo,71057,2020-06-27,1,64
Tessenderlo,71057,2020-06-30,0,64
Tessenderlo,71057,2020-07-01,0,64
Tessenderlo,71057,2020-07-02,0,64
Tessenderlo,71057,2020-07-03,0,64
Tessenderlo,71057,2020-07-04,0,64
Tessenderlo,71057,2020-07-07,0,64
Tessenderlo,71057,2020-07-08,0,64
Tessenderlo,71057,2020-07-09,0,64
Tessenderlo,71057,2020-07-10,0,64
Tessenderlo,71057,2020-07-11,0,64
Tessenderlo,71057,2020-07-14,0,64
Tessenderlo,71057,2020-07-15,0,64
Tessenderlo,71057,2020-07-16,0,64
Tessenderlo,71057,2020-07-17,0,64
Tessenderlo,71057,2020-07-18,0,64
Tessenderlo,71057,2020-07-20,0,64
Tessenderlo,71057,2020-07-21,0,64
Tessenderlo,71057,2020-07-22,0,64
Tessenderlo,71057,2020-07-23,0,64
Tessenderlo,71057,2020-07-24,1,65
Tessenderlo,71057,2020-07-25,0,65
Tessenderlo,71057,2020-07-26,0,65
Tessenderlo,71057,2020-07-27,0,65
Tessenderlo,71057,2020-07-28,0,65
Tessenderlo,71057,2020-07-29,0,65
Tessenderlo,71057,2020-07-30,0,65
Tessenderlo,71057,2020-07-31,3,68
Tessenderlo,71057,2020-08-01,1,69
Tessenderlo,71057,2020-08-02,1,70
Tessenderlo,71057,2020-08-03,0,70
Tessenderlo,71057,2020-08-04,0,70
Tessenderlo,71057,2020-08-05,0,70
Tessenderlo,71057,2020-08-06,0,70
Tessenderlo,71057,2020-08-07,1,71
Tessenderlo,71057,2020-08-08,0,71
Tessenderlo,71057,2020-08-09,1,72
Tessenderlo,71057,2020-08-10,0,72
Tessenderlo,71057,2020-08-11,0,72
Tessenderlo,71057,2020-08-12,0,72
Tessenderlo,71057,2020-08-13,0,72
Tessenderlo,71057,2020-08-14,0,72
Tessenderlo,71057,2020-08-15,0,72
Tessenderlo,71057,2020-08-16,1,73
Tessenderlo,71057,2020-08-17,1,74
Tessenderlo,71057,2020-08-18,1,75
Tessenderlo,71057,2020-08-19,1,76
Tessenderlo,71057,2020-08-20,2,78
Tessenderlo,71057,2020-08-21,1,79
Tessenderlo,71057,2020-08-22,0,79
Tessenderlo,71057,2020-08-23,0,79
Tessenderlo,71057,2020-08-24,0,79
Tessenderlo,71057,2020-08-25,0,79
Tessenderlo,71057,2020-08-26,0,79
Tessenderlo,71057,2020-08-27,0,79
Tessenderlo,71057,2020-08-28,0,79
Tessenderlo,71057,2020-08-29,0,79
Tessenderlo,71057,2020-08-30,0,79
Tessenderlo,71057,2020-08-31,0,79
Tessenderlo,71057,2020-09-01,1,80
Tessenderlo,71057,2020-09-02,0,80
Tessenderlo,71057,2020-09-03,1,81
Tessenderlo,71057,2020-09-04,1,82
Tessenderlo,71057,2020-09-05,1,83
Tessenderlo,71057,2020-09-06,0,83
Tessenderlo,71057,2020-09-07,0,83
Tessenderlo,71057,2020-09-08,0,83
Tessenderlo,71057,2020-09-09,0,83
Tessenderlo,71057,2020-09-10,1,84
Tessenderlo,71057,2020-09-11,0,84
Tessenderlo,71057,2020-09-12,1,85
Tessenderlo,71057,2020-09-13,0,85
Tessenderlo,71057,2020-09-14,1,86
Tessenderlo,71057,2020-09-15,0,86
Tessenderlo,71057,2020-09-16,1,87
Tessenderlo,71057,2020-09-17,0,87
Tessenderlo,71057,2020-09-18,1,88
Tessenderlo,71057,2020-09-19,0,88
Tessenderlo,71057,2020-09-20,0,88
Tessenderlo,71057,2020-09-21,0,88
Tessenderlo,71057,2020-09-22,0,88
Tessenderlo,71057,2020-09-23,1,89
Tessenderlo,71057,2020-09-24,1,90
Tessenderlo,71057,2020-09-25,0,90
Tessenderlo,71057,2020-09-26,1,91
Tessenderlo,71057,2020-09-27,1,92
Tessenderlo,71057,2020-09-28,0,92
Tessenderlo,71057,2020-09-29,1,93
Tessenderlo,71057,2020-09-30,1,94
Tessenderlo,71057,2020-10-01,0,94
Tessenderlo,71057,2020-10-02,0,94
Tessenderlo,71057,2020-10-03,1,95
Tessenderlo,71057,2020-10-04,1,96
Tessenderlo,71057,2020-10-05,2,98
Tessenderlo,71057,2020-10-06,1,99
Tessenderlo,71057,2020-10-07,1,100
Tessenderlo,71057,2020-10-08,2,102
Tessenderlo,71057,2020-10-09,1,103
Tessenderlo,71057,2020-10-10,3,106
Tessenderlo,71057,2020-10-11,1,107
Tessenderlo,71057,2020-10-12,0,107
Tessenderlo,71057,2020-10-13,1,108
Tessenderlo,71057,2020-10-14,6,114
Tessenderlo,71057,2020-10-15,3,117
Tessenderlo,71057,2020-10-16,5,122
Tessenderlo,71057,2020-10-17,6,128
Tessenderlo,71057,2020-10-18,6,134
Tessenderlo,71057,2020-10-19,4,138
Tessenderlo,71057,2020-10-20,2,140
Tessenderlo,71057,2020-10-21,11,151
Tessenderlo,71057,2020-10-22,20,171
Tessenderlo,71057,2020-10-23,10,181
Tessenderlo,71057,2020-10-24,5,186
Tessenderlo,71057,2020-10-25,7,193
Tessenderlo,71057,2020-10-26,6,199
Tessenderlo,71057,2020-10-27,3,202
Tessenderlo,71057,2020-10-28,9,211
Tessenderlo,71057,2020-10-29,13,224
Tessenderlo,71057,2020-10-30,8,232
Tessenderlo,71057,2020-10-31,8,240
Tessenderlo,71057,2020-11-01,12,252
Tessenderlo,71057,2020-11-02,6,258
Tessenderlo,71057,2020-11-03,3,261
Tessenderlo,71057,2020-11-04,6,267
Tessenderlo,71057,2020-11-05,10,277
Tessenderlo,71057,2020-11-06,14,291
Tessenderlo,71057,2020-11-07,7,298
Tessenderlo,71057,2020-11-08,3,301
Tessenderlo,71057,2020-11-09,5,306
Tessenderlo,71057,2020-11-10,1,307
Tessenderlo,71057,2020-11-11,3,310
Zonhoven,71066,2020-04-01,5,43
Zonhoven,71066,2020-04-02,4,47
Zonhoven,71066,2020-04-03,6,53
Zonhoven,71066,2020-04-04,3,56
Zonhoven,71066,2020-04-05,7,63
Zonhoven,71066,2020-04-06,7,70
Zonhoven,71066,2020-04-07,5,75
Zonhoven,71066,2020-04-08,1,76
Zonhoven,71066,2020-04-09,8,84
Zonhoven,71066,2020-04-10,9,93
Zonhoven,71066,2020-04-11,5,98
Zonhoven,71066,2020-04-12,4,102
Zonhoven,71066,2020-04-13,3,105
Zonhoven,71066,2020-04-14,1,106
Zonhoven,71066,2020-04-15,7,113
Zonhoven,71066,2020-04-16,6,119
Zonhoven,71066,2020-04-17,12,131
Zonhoven,71066,2020-04-18,4,135
Zonhoven,71066,2020-04-19,2,137
Zonhoven,71066,2020-04-20,6,143
Zonhoven,71066,2020-04-21,3,146
Zonhoven,71066,2020-04-22,2,148
Zonhoven,71066,2020-04-23,1,149
Zonhoven,71066,2020-04-24,18,167
Zonhoven,71066,2020-04-25,4,171
Zonhoven,71066,2020-04-26,0,171
Zonhoven,71066,2020-04-27,2,173
Zonhoven,71066,2020-04-28,1,174
Zonhoven,71066,2020-04-29,1,175
Zonhoven,71066,2020-04-30,0,175
Zonhoven,71066,2020-05-01,2,177
Zonhoven,71066,2020-05-02,0,177
Zonhoven,71066,2020-05-03,1,178
Zonhoven,71066,2020-05-04,0,178
Zonhoven,71066,2020-05-05,0,178
Zonhoven,71066,2020-05-06,0,178
Zonhoven,71066,2020-05-07,0,178
Zonhoven,71066,2020-05-08,1,179
Zonhoven,71066,2020-05-09,0,179
Zonhoven,71066,2020-05-10,0,179
Zonhoven,71066,2020-05-11,0,179
Zonhoven,71066,2020-05-12,0,179
Zonhoven,71066,2020-05-13,0,179
Zonhoven,71066,2020-05-14,0,179
Zonhoven,71066,2020-05-15,0,179
Zonhoven,71066,2020-05-16,0,179
Zonhoven,71066,2020-05-17,0,179
Zonhoven,71066,2020-05-18,1,180
Zonhoven,71066,2020-05-19,1,181
Zonhoven,71066,2020-05-20,0,181
Zonhoven,71066,2020-05-21,1,182
Zonhoven,71066,2020-05-22,6,188
Zonhoven,71066,2020-05-23,1,189
Zonhoven,71066,2020-05-24,2,191
Zonhoven,71066,2020-05-25,1,192
Zonhoven,71066,2020-05-26,3,195
Zonhoven,71066,2020-05-27,0,195
Zonhoven,71066,2020-05-28,0,195
Zonhoven,71066,2020-05-29,1,196
Zonhoven,71066,2020-05-30,0,196
Zonhoven,71066,2020-05-31,2,198
Zonhoven,71066,2020-06-01,0,198
Zonhoven,71066,2020-06-02,0,198
Zonhoven,71066,2020-06-03,0,198
Zonhoven,71066,2020-06-04,0,198
Zonhoven,71066,2020-06-05,0,198
Zonhoven,71066,2020-06-06,0,198
Zonhoven,71066,2020-06-07,0,198
Zonhoven,71066,2020-06-08,0,198
Zonhoven,71066,2020-06-09,1,199
Zonhoven,71066,2020-06-10,1,200
Zonhoven,71066,2020-06-11,-1,199
Zonhoven,71066,2020-06-12,1,200
Zonhoven,71066,2020-06-13,0,200
Zonhoven,71066,2020-06-14,0,200
Zonhoven,71066,2020-06-15,0,200
Zonhoven,71066,2020-06-16,0,200
Zonhoven,71066,2020-06-17,0,200
Zonhoven,71066,2020-06-18,3,203
Zonhoven,71066,2020-06-19,0,203
Zonhoven,71066,2020-06-20,0,203
Zonhoven,71066,2020-06-23,0,203
Zonhoven,71066,2020-06-24,0,203
Zonhoven,71066,2020-06-25,0,203
Zonhoven,71066,2020-06-26,0,203
Zonhoven,71066,2020-06-27,0,203
Zonhoven,71066,2020-06-30,2,205
Zonhoven,71066,2020-07-01,0,205
Zonhoven,71066,2020-07-02,1,206
Zonhoven,71066,2020-07-03,0,206
Zonhoven,71066,2020-07-04,0,206
Zonhoven,71066,2020-07-07,0,206
Zonhoven,71066,2020-07-08,0,206
Zonhoven,71066,2020-07-09,0,206
Zonhoven,71066,2020-07-10,0,206
Zonhoven,71066,2020-07-11,0,206
Zonhoven,71066,2020-07-14,1,207
Zonhoven,71066,2020-07-15,1,208
Zonhoven,71066,2020-07-16,0,208
Zonhoven,71066,2020-07-17,0,208
Zonhoven,71066,2020-07-18,0,208
Zonhoven,71066,2020-07-20,0,208
Zonhoven,71066,2020-07-21,0,208
Zonhoven,71066,2020-07-22,1,209
Zonhoven,71066,2020-07-23,2,211
Zonhoven,71066,2020-07-24,0,211
Zonhoven,71066,2020-07-25,0,211
Zonhoven,71066,2020-07-26,0,211
Zonhoven,71066,2020-07-27,0,211
Zonhoven,71066,2020-07-28,1,212
Zonhoven,71066,2020-07-29,0,212
Zonhoven,71066,2020-07-30,3,215
Zonhoven,71066,2020-07-31,1,216
Zonhoven,71066,2020-08-01,0,216
Zonhoven,71066,2020-08-02,0,216
Zonhoven,71066,2020-08-03,0,216
Zonhoven,71066,2020-08-04,0,216
Zonhoven,71066,2020-08-05,0,216
Zonhoven,71066,2020-08-06,0,216
Zonhoven,71066,2020-08-07,1,217
Zonhoven,71066,2020-08-08,0,217
Zonhoven,71066,2020-08-09,1,218
Zonhoven,71066,2020-08-10,1,219
Zonhoven,71066,2020-08-11,5,224
Zonhoven,71066,2020-08-12,0,224
Zonhoven,71066,2020-08-13,0,224
Zonhoven,71066,2020-08-14,1,225
Zonhoven,71066,2020-08-15,4,229
Zonhoven,71066,2020-08-16,0,229
Zonhoven,71066,2020-08-17,1,230
Zonhoven,71066,2020-08-18,0,230
Zonhoven,71066,2020-08-19,0,230
Zonhoven,71066,2020-08-20,0,230
Zonhoven,71066,2020-08-21,0,230
Zonhoven,71066,2020-08-22,0,230
Zonhoven,71066,2020-08-23,1,231
Zonhoven,71066,2020-08-24,1,232
Zonhoven,71066,2020-08-25,0,232
Zonhoven,71066,2020-08-26,0,232
Zonhoven,71066,2020-08-27,0,232
Zonhoven,71066,2020-08-28,1,233
Zonhoven,71066,2020-08-29,0,233
Zonhoven,71066,2020-08-30,1,234
Zonhoven,71066,2020-08-31,1,235
Zonhoven,71066,2020-09-01,0,235
Zonhoven,71066,2020-09-02,0,235
Zonhoven,71066,2020-09-03,0,235
Zonhoven,71066,2020-09-04,1,236
Zonhoven,71066,2020-09-05,0,236
Zonhoven,71066,2020-09-06,0,236
Zonhoven,71066,2020-09-07,1,237
Zonhoven,71066,2020-09-08,0,237
Zonhoven,71066,2020-09-09,2,239
Zonhoven,71066,2020-09-10,1,240
Zonhoven,71066,2020-09-11,2,242
Zonhoven,71066,2020-09-12,0,242
Zonhoven,71066,2020-09-13,1,243
Zonhoven,71066,2020-09-14,1,244
Zonhoven,71066,2020-09-15,0,244
Zonhoven,71066,2020-09-16,0,244
Zonhoven,71066,2020-09-17,1,245
Zonhoven,71066,2020-09-18,0,245
Zonhoven,71066,2020-09-19,1,246
Zonhoven,71066,2020-09-20,0,246
Zonhoven,71066,2020-09-21,0,246
Zonhoven,71066,2020-09-22,0,246
Zonhoven,71066,2020-09-23,0,246
Zonhoven,71066,2020-09-24,0,246
Zonhoven,71066,2020-09-25,0,246
Zonhoven,71066,2020-09-26,1,247
Zonhoven,71066,2020-09-27,2,249
Zonhoven,71066,2020-09-28,1,250
Zonhoven,71066,2020-09-29,0,250
Zonhoven,71066,2020-09-30,0,250
Zonhoven,71066,2020-10-01,0,250
Zonhoven,71066,2020-10-02,0,250
Zonhoven,71066,2020-10-03,1,251
Zonhoven,71066,2020-10-04,0,251
Zonhoven,71066,2020-10-05,3,254
Zonhoven,71066,2020-10-06,1,255
Zonhoven,71066,2020-10-07,0,255
Zonhoven,71066,2020-10-08,4,259
Zonhoven,71066,2020-10-09,3,262
Zonhoven,71066,2020-10-10,2,264
Zonhoven,71066,2020-10-11,5,269
Zonhoven,71066,2020-10-12,1,270
Zonhoven,71066,2020-10-13,4,274
Zonhoven,71066,2020-10-14,2,276
Zonhoven,71066,2020-10-15,3,279
Zonhoven,71066,2020-10-16,4,283
Zonhoven,71066,2020-10-17,6,289
Zonhoven,71066,2020-10-18,8,297
Zonhoven,71066,2020-10-19,7,304
Zonhoven,71066,2020-10-20,4,308
Zonhoven,71066,2020-10-21,5,313
Zonhoven,71066,2020-10-22,6,319
Zonhoven,71066,2020-10-23,9,328
Zonhoven,71066,2020-10-24,14,342
Zonhoven,71066,2020-10-25,5,347
Zonhoven,71066,2020-10-26,5,352
Zonhoven,71066,2020-10-27,4,356
Zonhoven,71066,2020-10-28,7,363
Zonhoven,71066,2020-10-29,11,374
Zonhoven,71066,2020-10-30,9,383
Zonhoven,71066,2020-10-31,12,395
Zonhoven,71066,2020-11-01,6,401
Zonhoven,71066,2020-11-02,5,406
Zonhoven,71066,2020-11-03,2,408
Zonhoven,71066,2020-11-04,5,413
Zonhoven,71066,2020-11-05,6,419
Zonhoven,71066,2020-11-06,6,425
Zonhoven,71066,2020-11-07,11,436
Zonhoven,71066,2020-11-08,5,441
Zonhoven,71066,2020-11-09,1,442
Zonhoven,71066,2020-11-10,0,442
Zonhoven,71066,2020-11-11,0,442
Zutendaal,71067,2020-04-01,5,5
Zutendaal,71067,2020-04-02,1,6
Zutendaal,71067,2020-04-03,2,8
Zutendaal,71067,2020-04-04,2,10
Zutendaal,71067,2020-04-05,4,14
Zutendaal,71067,2020-04-06,2,16
Zutendaal,71067,2020-04-07,0,16
Zutendaal,71067,2020-04-08,0,16
Zutendaal,71067,2020-04-09,0,16
Zutendaal,71067,2020-04-10,3,19
Zutendaal,71067,2020-04-11,1,20
Zutendaal,71067,2020-04-12,1,21
Zutendaal,71067,2020-04-13,1,22
Zutendaal,71067,2020-04-14,1,23
Zutendaal,71067,2020-04-15,0,23
Zutendaal,71067,2020-04-16,3,26
Zutendaal,71067,2020-04-17,3,29
Zutendaal,71067,2020-04-18,2,31
Zutendaal,71067,2020-04-19,0,31
Zutendaal,71067,2020-04-20,0,31
Zutendaal,71067,2020-04-21,10,41
Zutendaal,71067,2020-04-22,2,43
Zutendaal,71067,2020-04-23,1,44
Zutendaal,71067,2020-04-24,1,45
Zutendaal,71067,2020-04-25,0,45
Zutendaal,71067,2020-04-26,2,47
Zutendaal,71067,2020-04-27,0,47
Zutendaal,71067,2020-04-28,0,47
Zutendaal,71067,2020-04-29,0,47
Zutendaal,71067,2020-04-30,0,47
Zutendaal,71067,2020-05-01,0,47
Zutendaal,71067,2020-05-02,0,47
Zutendaal,71067,2020-05-03,0,47
Zutendaal,71067,2020-05-04,1,48
Zutendaal,71067,2020-05-05,0,48
Zutendaal,71067,2020-05-06,0,48
Zutendaal,71067,2020-05-07,0,48
Zutendaal,71067,2020-05-08,0,48
Zutendaal,71067,2020-05-09,0,48
Zutendaal,71067,2020-05-10,0,48
Zutendaal,71067,2020-05-11,0,48
Zutendaal,71067,2020-05-12,1,49
Zutendaal,71067,2020-05-13,0,49
Zutendaal,71067,2020-05-14,4,53
Zutendaal,71067,2020-05-15,1,54
Zutendaal,71067,2020-05-16,0,54
Zutendaal,71067,2020-05-17,0,54
Zutendaal,71067,2020-05-18,0,54
Zutendaal,71067,2020-05-19,1,55
Zutendaal,71067,2020-05-20,1,56
Zutendaal,71067,2020-05-21,0,56
Zutendaal,71067,2020-05-22,0,56
Zutendaal,71067,2020-05-23,1,57
Zutendaal,71067,2020-05-24,0,57
Zutendaal,71067,2020-05-25,0,57
Zutendaal,71067,2020-05-26,-1,56
Zutendaal,71067,2020-05-27,1,57
Zutendaal,71067,2020-05-28,1,58
Zutendaal,71067,2020-05-29,0,58
Zutendaal,71067,2020-05-30,0,58
Zutendaal,71067,2020-05-31,1,59
Zutendaal,71067,2020-06-01,1,60
Zutendaal,71067,2020-06-02,0,60
Zutendaal,71067,2020-06-03,0,60
Zutendaal,71067,2020-06-04,0,60
Zutendaal,71067,2020-06-05,2,62
Zutendaal,71067,2020-06-06,0,62
Zutendaal,71067,2020-06-07,0,62
Zutendaal,71067,2020-06-08,0,62
Zutendaal,71067,2020-06-09,0,62
Zutendaal,71067,2020-06-10,0,62
Zutendaal,71067,2020-06-11,0,62
Zutendaal,71067,2020-06-12,0,62
Zutendaal,71067,2020-06-13,0,62
Zutendaal,71067,2020-06-14,0,62
Zutendaal,71067,2020-06-15,0,62
Zutendaal,71067,2020-06-16,0,62
Zutendaal,71067,2020-06-17,0,62
Zutendaal,71067,2020-06-18,0,62
Zutendaal,71067,2020-06-19,0,62
Zutendaal,71067,2020-06-20,0,62
Zutendaal,71067,2020-06-23,0,62
Zutendaal,71067,2020-06-24,0,62
Zutendaal,71067,2020-06-25,0,62
Zutendaal,71067,2020-06-26,0,62
Zutendaal,71067,2020-06-27,0,62
Zutendaal,71067,2020-06-30,0,62
Zutendaal,71067,2020-07-01,0,62
Zutendaal,71067,2020-07-02,0,62
Zutendaal,71067,2020-07-03,0,62
Zutendaal,71067,2020-07-04,0,62
Zutendaal,71067,2020-07-07,0,62
Zutendaal,71067,2020-07-08,0,62
Zutendaal,71067,2020-07-09,0,62
Zutendaal,71067,2020-07-10,0,62
Zutendaal,71067,2020-07-11,0,62
Zutendaal,71067,2020-07-14,0,62
Zutendaal,71067,2020-07-15,0,62
Zutendaal,71067,2020-07-16,0,62
Zutendaal,71067,2020-07-17,0,62
Zutendaal,71067,2020-07-18,0,62
Zutendaal,71067,2020-07-20,0,62
Zutendaal,71067,2020-07-21,1,63
Zutendaal,71067,2020-07-22,0,63
Zutendaal,71067,2020-07-23,0,63
Zutendaal,71067,2020-07-24,0,63
Zutendaal,71067,2020-07-25,0,63
Zutendaal,71067,2020-07-26,0,63
Zutendaal,71067,2020-07-27,1,64
Zutendaal,71067,2020-07-28,0,64
Zutendaal,71067,2020-07-29,0,64
Zutendaal,71067,2020-07-30,0,64
Zutendaal,71067,2020-07-31,0,64
Zutendaal,71067,2020-08-01,0,64
Zutendaal,71067,2020-08-02,0,64
Zutendaal,71067,2020-08-03,0,64
Zutendaal,71067,2020-08-04,0,64
Zutendaal,71067,2020-08-05,0,64
Zutendaal,71067,2020-08-06,0,64
Zutendaal,71067,2020-08-07,0,64
Zutendaal,71067,2020-08-08,0,64
Zutendaal,71067,2020-08-09,0,64
Zutendaal,71067,2020-08-10,0,64
Zutendaal,71067,2020-08-11,0,64
Zutendaal,71067,2020-08-12,0,64
Zutendaal,71067,2020-08-13,0,64
Zutendaal,71067,2020-08-14,0,64
Zutendaal,71067,2020-08-15,0,64
Zutendaal,71067,2020-08-16,0,64
Zutendaal,71067,2020-08-17,0,64
Zutendaal,71067,2020-08-18,0,64
Zutendaal,71067,2020-08-19,0,64
Zutendaal,71067,2020-08-20,0,64
Zutendaal,71067,2020-08-21,0,64
Zutendaal,71067,2020-08-22,0,64
Zutendaal,71067,2020-08-23,0,64
Zutendaal,71067,2020-08-24,0,64
Zutendaal,71067,2020-08-25,0,64
Zutendaal,71067,2020-08-26,0,64
Zutendaal,71067,2020-08-27,0,64
Zutendaal,71067,2020-08-28,0,64
Zutendaal,71067,2020-08-29,0,64
Zutendaal,71067,2020-08-30,0,64
Zutendaal,71067,2020-08-31,0,64
Zutendaal,71067,2020-09-01,0,64
Zutendaal,71067,2020-09-02,0,64
Zutendaal,71067,2020-09-03,2,66
Zutendaal,71067,2020-09-04,0,66
Zutendaal,71067,2020-09-05,2,68
Zutendaal,71067,2020-09-06,0,68
Zutendaal,71067,2020-09-07,0,68
Zutendaal,71067,2020-09-08,0,68
Zutendaal,71067,2020-09-09,0,68
Zutendaal,71067,2020-09-10,0,68
Zutendaal,71067,2020-09-11,3,71
Zutendaal,71067,2020-09-12,0,71
Zutendaal,71067,2020-09-13,0,71
Zutendaal,71067,2020-09-14,0,71
Zutendaal,71067,2020-09-15,1,72
Zutendaal,71067,2020-09-16,0,72
Zutendaal,71067,2020-09-17,0,72
Zutendaal,71067,2020-09-18,0,72
Zutendaal,71067,2020-09-19,0,72
Zutendaal,71067,2020-09-20,0,72
Zutendaal,71067,2020-09-21,0,72
Zutendaal,71067,2020-09-22,0,72
Zutendaal,71067,2020-09-23,0,72
Zutendaal,71067,2020-09-24,0,72
Zutendaal,71067,2020-09-25,1,73
Zutendaal,71067,2020-09-26,0,73
Zutendaal,71067,2020-09-27,0,73
Zutendaal,71067,2020-09-28,0,73
Zutendaal,71067,2020-09-29,0,73
Zutendaal,71067,2020-09-30,1,74
Zutendaal,71067,2020-10-01,0,74
Zutendaal,71067,2020-10-02,1,75
Zutendaal,71067,2020-10-03,0,75
Zutendaal,71067,2020-10-04,1,76
Zutendaal,71067,2020-10-05,1,77
Zutendaal,71067,2020-10-06,0,77
Zutendaal,71067,2020-10-07,2,79
Zutendaal,71067,2020-10-08,0,79
Zutendaal,71067,2020-10-09,0,79
Zutendaal,71067,2020-10-10,2,81
Zutendaal,71067,2020-10-11,0,81
Zutendaal,71067,2020-10-12,1,82
Zutendaal,71067,2020-10-13,0,82
Zutendaal,71067,2020-10-14,5,87
Zutendaal,71067,2020-10-15,2,89
Zutendaal,71067,2020-10-16,3,92
Zutendaal,71067,2020-10-17,3,95
Zutendaal,71067,2020-10-18,8,103
Zutendaal,71067,2020-10-19,0,103
Zutendaal,71067,2020-10-20,4,107
Zutendaal,71067,2020-10-21,3,110
Zutendaal,71067,2020-10-22,6,116
Zutendaal,71067,2020-10-23,0,116
Zutendaal,71067,2020-10-24,4,120
Zutendaal,71067,2020-10-25,11,131
Zutendaal,71067,2020-10-26,4,135
Zutendaal,71067,2020-10-27,3,138
Zutendaal,71067,2020-10-28,3,141
Zutendaal,71067,2020-10-29,3,144
Zutendaal,71067,2020-10-30,7,151
Zutendaal,71067,2020-10-31,6,157
Zutendaal,71067,2020-11-01,1,158
Zutendaal,71067,2020-11-02,3,161
Zutendaal,71067,2020-11-03,1,162
Zutendaal,71067,2020-11-04,4,166
Zutendaal,71067,2020-11-05,3,169
Zutendaal,71067,2020-11-06,2,171
Zutendaal,71067,2020-11-07,2,173
Zutendaal,71067,2020-11-08,0,173
Zutendaal,71067,2020-11-09,2,175
Zutendaal,71067,2020-11-10,1,176
Zutendaal,71067,2020-11-11,1,177
Ham,71069,2020-04-01,4,16
Ham,71069,2020-04-02,1,17
Ham,71069,2020-04-03,3,20
Ham,71069,2020-04-04,1,21
Ham,71069,2020-04-05,1,22
Ham,71069,2020-04-06,5,27
Ham,71069,2020-04-07,0,27
Ham,71069,2020-04-08,1,28
Ham,71069,2020-04-09,4,32
Ham,71069,2020-04-10,0,32
Ham,71069,2020-04-11,2,34
Ham,71069,2020-04-12,0,34
Ham,71069,2020-04-13,0,34
Ham,71069,2020-04-14,3,37
Ham,71069,2020-04-15,2,39
Ham,71069,2020-04-16,0,39
Ham,71069,2020-04-17,5,44
Ham,71069,2020-04-18,0,44
Ham,71069,2020-04-19,4,48
Ham,71069,2020-04-20,0,48
Ham,71069,2020-04-21,0,48
Ham,71069,2020-04-22,0,48
Ham,71069,2020-04-23,0,48
Ham,71069,2020-04-24,1,49
Ham,71069,2020-04-25,0,49
Ham,71069,2020-04-26,0,49
Ham,71069,2020-04-27,1,50
Ham,71069,2020-04-28,6,56
Ham,71069,2020-04-29,0,56
Ham,71069,2020-04-30,2,58
Ham,71069,2020-05-01,0,58
Ham,71069,2020-05-02,0,58
Ham,71069,2020-05-03,0,58
Ham,71069,2020-05-04,0,58
Ham,71069,2020-05-05,0,58
Ham,71069,2020-05-06,0,58
Ham,71069,2020-05-07,0,58
Ham,71069,2020-05-08,0,58
Ham,71069,2020-05-09,0,58
Ham,71069,2020-05-10,0,58
Ham,71069,2020-05-11,0,58
Ham,71069,2020-05-12,0,58
Ham,71069,2020-05-13,0,58
Ham,71069,2020-05-14,0,58
Ham,71069,2020-05-15,0,58
Ham,71069,2020-05-16,0,58
Ham,71069,2020-05-17,0,58
Ham,71069,2020-05-18,0,58
Ham,71069,2020-05-19,0,58
Ham,71069,2020-05-20,0,58
Ham,71069,2020-05-21,1,59
Ham,71069,2020-05-22,0,59
Ham,71069,2020-05-23,0,59
Ham,71069,2020-05-24,0,59
Ham,71069,2020-05-25,0,59
Ham,71069,2020-05-26,0,59
Ham,71069,2020-05-27,0,59
Ham,71069,2020-05-28,0,59
Ham,71069,2020-05-29,0,59
Ham,71069,2020-05-30,0,59
Ham,71069,2020-05-31,0,59
Ham,71069,2020-06-01,0,59
Ham,71069,2020-06-02,0,59
Ham,71069,2020-06-03,0,59
Ham,71069,2020-06-04,0,59
Ham,71069,2020-06-05,0,59
Ham,71069,2020-06-06,0,59
Ham,71069,2020-06-07,0,59
Ham,71069,2020-06-08,0,59
Ham,71069,2020-06-09,0,59
Ham,71069,2020-06-10,0,59
Ham,71069,2020-06-11,1,60
Ham,71069,2020-06-12,0,60
Ham,71069,2020-06-13,0,60
Ham,71069,2020-06-14,0,60
Ham,71069,2020-06-15,0,60
Ham,71069,2020-06-16,0,60
Ham,71069,2020-06-17,0,60
Ham,71069,2020-06-18,0,60
Ham,71069,2020-06-19,0,60
Ham,71069,2020-06-20,0,60
Ham,71069,2020-06-23,0,60
Ham,71069,2020-06-24,0,60
Ham,71069,2020-06-25,0,60
Ham,71069,2020-06-26,1,61
Ham,71069,2020-06-27,0,61
Ham,71069,2020-06-30,0,61
Ham,71069,2020-07-01,0,61
Ham,71069,2020-07-02,0,61
Ham,71069,2020-07-03,0,61
Ham,71069,2020-07-04,0,61
Ham,71069,2020-07-07,0,61
Ham,71069,2020-07-08,0,61
Ham,71069,2020-07-09,0,61
Ham,71069,2020-07-10,0,61
Ham,71069,2020-07-11,0,61
Ham,71069,2020-07-14,0,61
Ham,71069,2020-07-15,0,61
Ham,71069,2020-07-16,0,61
Ham,71069,2020-07-17,0,61
Ham,71069,2020-07-18,0,61
Ham,71069,2020-07-20,0,61
Ham,71069,2020-07-21,0,61
Ham,71069,2020-07-22,0,61
Ham,71069,2020-07-23,0,61
Ham,71069,2020-07-24,0,61
Ham,71069,2020-07-25,3,64
Ham,71069,2020-07-26,0,64
Ham,71069,2020-07-27,0,64
Ham,71069,2020-07-28,0,64
Ham,71069,2020-07-29,0,64
Ham,71069,2020-07-30,0,64
Ham,71069,2020-07-31,0,64
Ham,71069,2020-08-01,1,65
Ham,71069,2020-08-02,3,68
Ham,71069,2020-08-03,0,68
Ham,71069,2020-08-04,0,68
Ham,71069,2020-08-05,0,68
Ham,71069,2020-08-06,0,68
Ham,71069,2020-08-07,0,68
Ham,71069,2020-08-08,0,68
Ham,71069,2020-08-09,0,68
Ham,71069,2020-08-10,0,68
Ham,71069,2020-08-11,0,68
Ham,71069,2020-08-12,0,68
Ham,71069,2020-08-13,1,69
Ham,71069,2020-08-14,0,69
Ham,71069,2020-08-15,1,70
Ham,71069,2020-08-16,1,71
Ham,71069,2020-08-17,0,71
Ham,71069,2020-08-18,1,72
Ham,71069,2020-08-19,1,73
Ham,71069,2020-08-20,0,73
Ham,71069,2020-08-21,0,73
Ham,71069,2020-08-22,1,74
Ham,71069,2020-08-23,1,75
Ham,71069,2020-08-24,0,75
Ham,71069,2020-08-25,2,77
Ham,71069,2020-08-26,0,77
Ham,71069,2020-08-27,1,78
Ham,71069,2020-08-28,0,78
Ham,71069,2020-08-29,0,78
Ham,71069,2020-08-30,0,78
Ham,71069,2020-08-31,1,79
Ham,71069,2020-09-01,0,79
Ham,71069,2020-09-02,0,79
Ham,71069,2020-09-03,0,79
Ham,71069,2020-09-04,0,79
Ham,71069,2020-09-05,0,79
Ham,71069,2020-09-06,0,79
Ham,71069,2020-09-07,0,79
Ham,71069,2020-09-08,0,79
Ham,71069,2020-09-09,0,79
Ham,71069,2020-09-10,1,80
Ham,71069,2020-09-11,0,80
Ham,71069,2020-09-12,0,80
Ham,71069,2020-09-13,0,80
Ham,71069,2020-09-14,0,80
Ham,71069,2020-09-15,0,80
Ham,71069,2020-09-16,1,81
Ham,71069,2020-09-17,0,81
Ham,71069,2020-09-18,0,81
Ham,71069,2020-09-19,1,82
Ham,71069,2020-09-20,0,82
Ham,71069,2020-09-21,0,82
Ham,71069,2020-09-22,0,82
Ham,71069,2020-09-23,1,83
Ham,71069,2020-09-24,1,84
Ham,71069,2020-09-25,0,84
Ham,71069,2020-09-26,0,84
Ham,71069,2020-09-27,0,84
Ham,71069,2020-09-28,2,86
Ham,71069,2020-09-29,0,86
Ham,71069,2020-09-30,1,87
Ham,71069,2020-10-01,0,87
Ham,71069,2020-10-02,2,89
Ham,71069,2020-10-03,3,92
Ham,71069,2020-10-04,3,95
Ham,71069,2020-10-05,1,96
Ham,71069,2020-10-06,0,96
Ham,71069,2020-10-07,0,96
Ham,71069,2020-10-08,2,98
Ham,71069,2020-10-09,3,101
Ham,71069,2020-10-10,3,104
Ham,71069,2020-10-11,3,107
Ham,71069,2020-10-12,1,108
Ham,71069,2020-10-13,1,109
Ham,71069,2020-10-14,2,111
Ham,71069,2020-10-15,3,114
Ham,71069,2020-10-16,1,115
Ham,71069,2020-10-17,2,117
Ham,71069,2020-10-18,4,121
Ham,71069,2020-10-19,6,127
Ham,71069,2020-10-20,4,131
Ham,71069,2020-10-21,5,136
Ham,71069,2020-10-22,9,145
Ham,71069,2020-10-23,12,157
Ham,71069,2020-10-24,6,163
Ham,71069,2020-10-25,5,168
Ham,71069,2020-10-26,6,174
Ham,71069,2020-10-27,4,178
Ham,71069,2020-10-28,8,186
Ham,71069,2020-10-29,7,193
Ham,71069,2020-10-30,9,202
Ham,71069,2020-10-31,10,212
Ham,71069,2020-11-01,6,218
Ham,71069,2020-11-02,5,223
Ham,71069,2020-11-03,1,224
Ham,71069,2020-11-04,4,228
Ham,71069,2020-11-05,13,241
Ham,71069,2020-11-06,3,244
Ham,71069,2020-11-07,5,249
Ham,71069,2020-11-08,0,249
Ham,71069,2020-11-09,4,253
Ham,71069,2020-11-10,1,254
Ham,71069,2020-11-11,1,255
Heusden-Zolder,71070,2020-04-01,5,66
Heusden-Zolder,71070,2020-04-02,5,71
Heusden-Zolder,71070,2020-04-03,3,74
Heusden-Zolder,71070,2020-04-04,4,78
Heusden-Zolder,71070,2020-04-05,3,81
Heusden-Zolder,71070,2020-04-06,5,86
Heusden-Zolder,71070,2020-04-07,3,89
Heusden-Zolder,71070,2020-04-08,6,95
Heusden-Zolder,71070,2020-04-09,3,98
Heusden-Zolder,71070,2020-04-10,5,103
Heusden-Zolder,71070,2020-04-11,4,107
Heusden-Zolder,71070,2020-04-12,2,109
Heusden-Zolder,71070,2020-04-13,4,113
Heusden-Zolder,71070,2020-04-14,3,116
Heusden-Zolder,71070,2020-04-15,3,119
Heusden-Zolder,71070,2020-04-16,6,125
Heusden-Zolder,71070,2020-04-17,1,126
Heusden-Zolder,71070,2020-04-18,5,131
Heusden-Zolder,71070,2020-04-19,6,137
Heusden-Zolder,71070,2020-04-20,2,139
Heusden-Zolder,71070,2020-04-21,2,141
Heusden-Zolder,71070,2020-04-22,0,141
Heusden-Zolder,71070,2020-04-23,1,142
Heusden-Zolder,71070,2020-04-24,4,146
Heusden-Zolder,71070,2020-04-25,2,148
Heusden-Zolder,71070,2020-04-26,0,148
Heusden-Zolder,71070,2020-04-27,0,148
Heusden-Zolder,71070,2020-04-28,2,150
Heusden-Zolder,71070,2020-04-29,1,151
Heusden-Zolder,71070,2020-04-30,1,152
Heusden-Zolder,71070,2020-05-01,1,153
Heusden-Zolder,71070,2020-05-02,0,153
Heusden-Zolder,71070,2020-05-03,0,153
Heusden-Zolder,71070,2020-05-04,1,154
Heusden-Zolder,71070,2020-05-05,1,155
Heusden-Zolder,71070,2020-05-06,0,155
Heusden-Zolder,71070,2020-05-07,0,155
Heusden-Zolder,71070,2020-05-08,1,156
Heusden-Zolder,71070,2020-05-09,0,156
Heusden-Zolder,71070,2020-05-10,3,159
Heusden-Zolder,71070,2020-05-11,1,160
Heusden-Zolder,71070,2020-05-12,1,161
Heusden-Zolder,71070,2020-05-13,0,161
Heusden-Zolder,71070,2020-05-14,2,163
Heusden-Zolder,71070,2020-05-15,0,163
Heusden-Zolder,71070,2020-05-16,1,164
Heusden-Zolder,71070,2020-05-17,6,170
Heusden-Zolder,71070,2020-05-18,0,170
Heusden-Zolder,71070,2020-05-19,4,174
Heusden-Zolder,71070,2020-05-20,3,177
Heusden-Zolder,71070,2020-05-21,2,179
Heusden-Zolder,71070,2020-05-22,4,183
Heusden-Zolder,71070,2020-05-23,1,184
Heusden-Zolder,71070,2020-05-24,6,190
Heusden-Zolder,71070,2020-05-25,0,190
Heusden-Zolder,71070,2020-05-26,1,191
Heusden-Zolder,71070,2020-05-27,2,193
Heusden-Zolder,71070,2020-05-28,0,193
Heusden-Zolder,71070,2020-05-29,2,195
Heusden-Zolder,71070,2020-05-30,1,196
Heusden-Zolder,71070,2020-05-31,3,199
Heusden-Zolder,71070,2020-06-01,1,200
Heusden-Zolder,71070,2020-06-02,0,200
Heusden-Zolder,71070,2020-06-03,0,200
Heusden-Zolder,71070,2020-06-04,0,200
Heusden-Zolder,71070,2020-06-05,0,200
Heusden-Zolder,71070,2020-06-06,0,200
Heusden-Zolder,71070,2020-06-07,3,203
Heusden-Zolder,71070,2020-06-08,1,204
Heusden-Zolder,71070,2020-06-09,1,205
Heusden-Zolder,71070,2020-06-10,1,206
Heusden-Zolder,71070,2020-06-11,2,208
Heusden-Zolder,71070,2020-06-12,6,214
Heusden-Zolder,71070,2020-06-13,2,216
Heusden-Zolder,71070,2020-06-14,2,218
Heusden-Zolder,71070,2020-06-15,0,218
Heusden-Zolder,71070,2020-06-16,0,218
Heusden-Zolder,71070,2020-06-17,1,219
Heusden-Zolder,71070,2020-06-18,1,220
Heusden-Zolder,71070,2020-06-19,1,221
Heusden-Zolder,71070,2020-06-20,1,222
Heusden-Zolder,71070,2020-06-23,1,223
Heusden-Zolder,71070,2020-06-24,0,223
Heusden-Zolder,71070,2020-06-25,-2,221
Heusden-Zolder,71070,2020-06-26,0,221
Heusden-Zolder,71070,2020-06-27,0,221
Heusden-Zolder,71070,2020-06-30,3,224
Heusden-Zolder,71070,2020-07-01,0,224
Heusden-Zolder,71070,2020-07-02,0,224
Heusden-Zolder,71070,2020-07-03,2,226
Heusden-Zolder,71070,2020-07-04,1,227
Heusden-Zolder,71070,2020-07-07,1,228
Heusden-Zolder,71070,2020-07-08,0,228
Heusden-Zolder,71070,2020-07-09,4,232
Heusden-Zolder,71070,2020-07-10,2,234
Heusden-Zolder,71070,2020-07-11,3,237
Heusden-Zolder,71070,2020-07-14,11,248
Heusden-Zolder,71070,2020-07-15,0,248
Heusden-Zolder,71070,2020-07-16,5,253
Heusden-Zolder,71070,2020-07-17,0,253
Heusden-Zolder,71070,2020-07-18,6,259
Heusden-Zolder,71070,2020-07-20,9,268
Heusden-Zolder,71070,2020-07-21,4,272
Heusden-Zolder,71070,2020-07-22,3,275
Heusden-Zolder,71070,2020-07-23,1,276
Heusden-Zolder,71070,2020-07-24,2,278
Heusden-Zolder,71070,2020-07-25,8,286
Heusden-Zolder,71070,2020-07-26,5,291
Heusden-Zolder,71070,2020-07-27,2,293
Heusden-Zolder,71070,2020-07-28,1,294
Heusden-Zolder,71070,2020-07-29,1,295
Heusden-Zolder,71070,2020-07-30,1,296
Heusden-Zolder,71070,2020-07-31,7,303
Heusden-Zolder,71070,2020-08-01,5,308
Heusden-Zolder,71070,2020-08-02,4,312
Heusden-Zolder,71070,2020-08-03,3,315
Heusden-Zolder,71070,2020-08-04,1,316
Heusden-Zolder,71070,2020-08-05,1,317
Heusden-Zolder,71070,2020-08-06,5,322
Heusden-Zolder,71070,2020-08-07,6,328
Heusden-Zolder,71070,2020-08-08,6,334
Heusden-Zolder,71070,2020-08-09,4,338
Heusden-Zolder,71070,2020-08-10,5,343
Heusden-Zolder,71070,2020-08-11,2,345
Heusden-Zolder,71070,2020-08-12,1,346
Heusden-Zolder,71070,2020-08-13,10,356
Heusden-Zolder,71070,2020-08-14,-5,351
Heusden-Zolder,71070,2020-08-15,5,356
Heusden-Zolder,71070,2020-08-16,4,360
Heusden-Zolder,71070,2020-08-17,3,363
Heusden-Zolder,71070,2020-08-18,2,365
Heusden-Zolder,71070,2020-08-19,2,367
Heusden-Zolder,71070,2020-08-20,6,373
Heusden-Zolder,71070,2020-08-21,5,378
Heusden-Zolder,71070,2020-08-22,2,380
Heusden-Zolder,71070,2020-08-23,2,382
Heusden-Zolder,71070,2020-08-24,0,382
Heusden-Zolder,71070,2020-08-25,0,382
Heusden-Zolder,71070,2020-08-26,0,382
Heusden-Zolder,71070,2020-08-27,1,383
Heusden-Zolder,71070,2020-08-28,1,384
Heusden-Zolder,71070,2020-08-29,1,385
Heusden-Zolder,71070,2020-08-30,2,387
Heusden-Zolder,71070,2020-08-31,0,387
Heusden-Zolder,71070,2020-09-01,0,387
Heusden-Zolder,71070,2020-09-02,0,387
Heusden-Zolder,71070,2020-09-03,6,393
Heusden-Zolder,71070,2020-09-04,5,398
Heusden-Zolder,71070,2020-09-05,3,401
Heusden-Zolder,71070,2020-09-06,0,401
Heusden-Zolder,71070,2020-09-07,1,402
Heusden-Zolder,71070,2020-09-08,0,402
Heusden-Zolder,71070,2020-09-09,3,405
Heusden-Zolder,71070,2020-09-10,0,405
Heusden-Zolder,71070,2020-09-11,3,408
Heusden-Zolder,71070,2020-09-12,0,408
Heusden-Zolder,71070,2020-09-13,2,410
Heusden-Zolder,71070,2020-09-14,7,417
Heusden-Zolder,71070,2020-09-15,0,417
Heusden-Zolder,71070,2020-09-16,3,420
Heusden-Zolder,71070,2020-09-17,1,421
Heusden-Zolder,71070,2020-09-18,1,422
Heusden-Zolder,71070,2020-09-19,3,425
Heusden-Zolder,71070,2020-09-20,5,430
Heusden-Zolder,71070,2020-09-21,4,434
Heusden-Zolder,71070,2020-09-22,1,435
Heusden-Zolder,71070,2020-09-23,3,438
Heusden-Zolder,71070,2020-09-24,4,442
Heusden-Zolder,71070,2020-09-25,1,443
Heusden-Zolder,71070,2020-09-26,4,447
Heusden-Zolder,71070,2020-09-27,13,460
Heusden-Zolder,71070,2020-09-28,12,472
Heusden-Zolder,71070,2020-09-29,13,485
Heusden-Zolder,71070,2020-09-30,6,491
Heusden-Zolder,71070,2020-10-01,0,491
Heusden-Zolder,71070,2020-10-02,6,497
Heusden-Zolder,71070,2020-10-03,1,498
Heusden-Zolder,71070,2020-10-04,11,509
Heusden-Zolder,71070,2020-10-05,1,510
Heusden-Zolder,71070,2020-10-06,5,515
Heusden-Zolder,71070,2020-10-07,3,518
Heusden-Zolder,71070,2020-10-08,5,523
Heusden-Zolder,71070,2020-10-09,9,532
Heusden-Zolder,71070,2020-10-10,5,537
Heusden-Zolder,71070,2020-10-11,24,561
Heusden-Zolder,71070,2020-10-12,6,567
Heusden-Zolder,71070,2020-10-13,4,571
Heusden-Zolder,71070,2020-10-14,12,583
Heusden-Zolder,71070,2020-10-15,23,606
Heusden-Zolder,71070,2020-10-16,11,617
Heusden-Zolder,71070,2020-10-17,14,631
Heusden-Zolder,71070,2020-10-18,15,646
Heusden-Zolder,71070,2020-10-19,7,653
Heusden-Zolder,71070,2020-10-20,25,678
Heusden-Zolder,71070,2020-10-21,16,694
Heusden-Zolder,71070,2020-10-22,33,727
Heusden-Zolder,71070,2020-10-23,34,761
Heusden-Zolder,71070,2020-10-24,16,777
Heusden-Zolder,71070,2020-10-25,26,803
Heusden-Zolder,71070,2020-10-26,27,830
Heusden-Zolder,71070,2020-10-27,10,840
Heusden-Zolder,71070,2020-10-28,18,858
Heusden-Zolder,71070,2020-10-29,29,887
Heusden-Zolder,71070,2020-10-30,31,918
Heusden-Zolder,71070,2020-10-31,14,932
Heusden-Zolder,71070,2020-11-01,33,965
Heusden-Zolder,71070,2020-11-02,35,1000
Heusden-Zolder,71070,2020-11-03,9,1009
Heusden-Zolder,71070,2020-11-04,5,1014
Heusden-Zolder,71070,2020-11-05,30,1044
Heusden-Zolder,71070,2020-11-06,15,1059
Heusden-Zolder,71070,2020-11-07,17,1076
Heusden-Zolder,71070,2020-11-08,12,1088
Heusden-Zolder,71070,2020-11-09,14,1102
Heusden-Zolder,71070,2020-11-10,2,1104
Heusden-Zolder,71070,2020-11-11,10,1114
Bocholt,72003,2020-04-01,1,20
Bocholt,72003,2020-04-02,4,24
Bocholt,72003,2020-04-03,1,25
Bocholt,72003,2020-04-04,3,28
Bocholt,72003,2020-04-05,2,30
Bocholt,72003,2020-04-06,1,31
Bocholt,72003,2020-04-07,0,31
Bocholt,72003,2020-04-08,1,32
Bocholt,72003,2020-04-09,3,35
Bocholt,72003,2020-04-10,0,35
Bocholt,72003,2020-04-11,0,35
Bocholt,72003,2020-04-12,2,37
Bocholt,72003,2020-04-13,3,40
Bocholt,72003,2020-04-14,0,40
Bocholt,72003,2020-04-15,2,42
Bocholt,72003,2020-04-16,0,42
Bocholt,72003,2020-04-17,1,43
Bocholt,72003,2020-04-18,0,43
Bocholt,72003,2020-04-19,0,43
Bocholt,72003,2020-04-20,1,44
Bocholt,72003,2020-04-21,0,44
Bocholt,72003,2020-04-22,0,44
Bocholt,72003,2020-04-23,3,47
Bocholt,72003,2020-04-24,0,47
Bocholt,72003,2020-04-25,1,48
Bocholt,72003,2020-04-26,0,48
Bocholt,72003,2020-04-27,0,48
Bocholt,72003,2020-04-28,0,48
Bocholt,72003,2020-04-29,0,48
Bocholt,72003,2020-04-30,2,50
Bocholt,72003,2020-05-01,0,50
Bocholt,72003,2020-05-02,0,50
Bocholt,72003,2020-05-03,0,50
Bocholt,72003,2020-05-04,0,50
Bocholt,72003,2020-05-05,0,50
Bocholt,72003,2020-05-06,0,50
Bocholt,72003,2020-05-07,0,50
Bocholt,72003,2020-05-08,1,51
Bocholt,72003,2020-05-09,0,51
Bocholt,72003,2020-05-10,2,53
Bocholt,72003,2020-05-11,0,53
Bocholt,72003,2020-05-12,0,53
Bocholt,72003,2020-05-13,1,54
Bocholt,72003,2020-05-14,0,54
Bocholt,72003,2020-05-15,1,55
Bocholt,72003,2020-05-16,0,55
Bocholt,72003,2020-05-17,0,55
Bocholt,72003,2020-05-18,0,55
Bocholt,72003,2020-05-19,0,55
Bocholt,72003,2020-05-20,0,55
Bocholt,72003,2020-05-21,0,55
Bocholt,72003,2020-05-22,2,57
Bocholt,72003,2020-05-23,0,57
Bocholt,72003,2020-05-24,0,57
Bocholt,72003,2020-05-25,0,57
Bocholt,72003,2020-05-26,0,57
Bocholt,72003,2020-05-27,0,57
Bocholt,72003,2020-05-28,0,57
Bocholt,72003,2020-05-29,1,58
Bocholt,72003,2020-05-30,0,58
Bocholt,72003,2020-05-31,0,58
Bocholt,72003,2020-06-01,0,58
Bocholt,72003,2020-06-02,0,58
Bocholt,72003,2020-06-03,0,58
Bocholt,72003,2020-06-04,0,58
Bocholt,72003,2020-06-05,0,58
Bocholt,72003,2020-06-06,0,58
Bocholt,72003,2020-06-07,0,58
Bocholt,72003,2020-06-08,0,58
Bocholt,72003,2020-06-09,0,58
Bocholt,72003,2020-06-10,0,58
Bocholt,72003,2020-06-11,0,58
Bocholt,72003,2020-06-12,0,58
Bocholt,72003,2020-06-13,1,59
Bocholt,72003,2020-06-14,0,59
Bocholt,72003,2020-06-15,0,59
Bocholt,72003,2020-06-16,0,59
Bocholt,72003,2020-06-17,0,59
Bocholt,72003,2020-06-18,0,59
Bocholt,72003,2020-06-19,1,60
Bocholt,72003,2020-06-20,0,60
Bocholt,72003,2020-06-23,0,60
Bocholt,72003,2020-06-24,0,60
Bocholt,72003,2020-06-25,0,60
Bocholt,72003,2020-06-26,0,60
Bocholt,72003,2020-06-27,0,60
Bocholt,72003,2020-06-30,0,60
Bocholt,72003,2020-07-01,0,60
Bocholt,72003,2020-07-02,0,60
Bocholt,72003,2020-07-03,0,60
Bocholt,72003,2020-07-04,0,60
Bocholt,72003,2020-07-07,0,60
Bocholt,72003,2020-07-08,0,60
Bocholt,72003,2020-07-09,0,60
Bocholt,72003,2020-07-10,0,60
Bocholt,72003,2020-07-11,0,60
Bocholt,72003,2020-07-14,0,60
Bocholt,72003,2020-07-15,0,60
Bocholt,72003,2020-07-16,0,60
Bocholt,72003,2020-07-17,0,60
Bocholt,72003,2020-07-18,0,60
Bocholt,72003,2020-07-20,0,60
Bocholt,72003,2020-07-21,0,60
Bocholt,72003,2020-07-22,2,62
Bocholt,72003,2020-07-23,0,62
Bocholt,72003,2020-07-24,0,62
Bocholt,72003,2020-07-25,0,62
Bocholt,72003,2020-07-26,0,62
Bocholt,72003,2020-07-27,0,62
Bocholt,72003,2020-07-28,0,62
Bocholt,72003,2020-07-29,1,63
Bocholt,72003,2020-07-30,1,64
Bocholt,72003,2020-07-31,0,64
Bocholt,72003,2020-08-01,1,65
Bocholt,72003,2020-08-02,0,65
Bocholt,72003,2020-08-03,0,65
Bocholt,72003,2020-08-04,0,65
Bocholt,72003,2020-08-05,0,65
Bocholt,72003,2020-08-06,0,65
Bocholt,72003,2020-08-07,0,65
Bocholt,72003,2020-08-08,0,65
Bocholt,72003,2020-08-09,0,65
Bocholt,72003,2020-08-10,0,65
Bocholt,72003,2020-08-11,0,65
Bocholt,72003,2020-08-12,0,65
Bocholt,72003,2020-08-13,0,65
Bocholt,72003,2020-08-14,0,65
Bocholt,72003,2020-08-15,0,65
Bocholt,72003,2020-08-16,0,65
Bocholt,72003,2020-08-17,0,65
Bocholt,72003,2020-08-18,0,65
Bocholt,72003,2020-08-19,0,65
Bocholt,72003,2020-08-20,0,65
Bocholt,72003,2020-08-21,0,65
Bocholt,72003,2020-08-22,0,65
Bocholt,72003,2020-08-23,0,65
Bocholt,72003,2020-08-24,0,65
Bocholt,72003,2020-08-25,0,65
Bocholt,72003,2020-08-26,0,65
Bocholt,72003,2020-08-27,0,65
Bocholt,72003,2020-08-28,0,65
Bocholt,72003,2020-08-29,0,65
Bocholt,72003,2020-08-30,0,65
Bocholt,72003,2020-08-31,0,65
Bocholt,72003,2020-09-01,0,65
Bocholt,72003,2020-09-02,0,65
Bocholt,72003,2020-09-03,0,65
Bocholt,72003,2020-09-04,0,65
Bocholt,72003,2020-09-05,0,65
Bocholt,72003,2020-09-06,0,65
Bocholt,72003,2020-09-07,2,67
Bocholt,72003,2020-09-08,0,67
Bocholt,72003,2020-09-09,3,70
Bocholt,72003,2020-09-10,3,73
Bocholt,72003,2020-09-11,1,74
Bocholt,72003,2020-09-12,0,74
Bocholt,72003,2020-09-13,1,75
Bocholt,72003,2020-09-14,0,75
Bocholt,72003,2020-09-15,0,75
Bocholt,72003,2020-09-16,0,75
Bocholt,72003,2020-09-17,9,84
Bocholt,72003,2020-09-18,0,84
Bocholt,72003,2020-09-19,2,86
Bocholt,72003,2020-09-20,1,87
Bocholt,72003,2020-09-21,2,89
Bocholt,72003,2020-09-22,1,90
Bocholt,72003,2020-09-23,2,92
Bocholt,72003,2020-09-24,0,92
Bocholt,72003,2020-09-25,2,94
Bocholt,72003,2020-09-26,2,96
Bocholt,72003,2020-09-27,0,96
Bocholt,72003,2020-09-28,0,96
Bocholt,72003,2020-09-29,0,96
Bocholt,72003,2020-09-30,1,97
Bocholt,72003,2020-10-01,0,97
Bocholt,72003,2020-10-02,2,99
Bocholt,72003,2020-10-03,1,100
Bocholt,72003,2020-10-04,3,103
Bocholt,72003,2020-10-05,1,104
Bocholt,72003,2020-10-06,0,104
Bocholt,72003,2020-10-07,1,105
Bocholt,72003,2020-10-08,6,111
Bocholt,72003,2020-10-09,2,113
Bocholt,72003,2020-10-10,1,114
Bocholt,72003,2020-10-11,3,117
Bocholt,72003,2020-10-12,0,117
Bocholt,72003,2020-10-13,2,119
Bocholt,72003,2020-10-14,1,120
Bocholt,72003,2020-10-15,1,121
Bocholt,72003,2020-10-16,10,131
Bocholt,72003,2020-10-17,2,133
Bocholt,72003,2020-10-18,7,140
Bocholt,72003,2020-10-19,8,148
Bocholt,72003,2020-10-20,2,150
Bocholt,72003,2020-10-21,4,154
Bocholt,72003,2020-10-22,9,163
Bocholt,72003,2020-10-23,9,172
Bocholt,72003,2020-10-24,3,175
Bocholt,72003,2020-10-25,6,181
Bocholt,72003,2020-10-26,3,184
Bocholt,72003,2020-10-27,1,185
Bocholt,72003,2020-10-28,3,188
Bocholt,72003,2020-10-29,8,196
Bocholt,72003,2020-10-30,4,200
Bocholt,72003,2020-10-31,8,208
Bocholt,72003,2020-11-01,5,213
Bocholt,72003,2020-11-02,4,217
Bocholt,72003,2020-11-03,1,218
Bocholt,72003,2020-11-04,2,220
Bocholt,72003,2020-11-05,3,223
Bocholt,72003,2020-11-06,4,227
Bocholt,72003,2020-11-07,1,228
Bocholt,72003,2020-11-08,8,236
Bocholt,72003,2020-11-09,2,238
Bocholt,72003,2020-11-10,1,239
Bocholt,72003,2020-11-11,1,240
Bree,72004,2020-04-01,2,29
Bree,72004,2020-04-02,1,30
Bree,72004,2020-04-03,1,31
Bree,72004,2020-04-04,1,32
Bree,72004,2020-04-05,3,35
Bree,72004,2020-04-06,3,38
Bree,72004,2020-04-07,1,39
Bree,72004,2020-04-08,1,40
Bree,72004,2020-04-09,2,42
Bree,72004,2020-04-10,13,55
Bree,72004,2020-04-11,3,58
Bree,72004,2020-04-12,15,73
Bree,72004,2020-04-13,0,73
Bree,72004,2020-04-14,2,75
Bree,72004,2020-04-15,4,79
Bree,72004,2020-04-16,2,81
Bree,72004,2020-04-17,1,82
Bree,72004,2020-04-18,14,96
Bree,72004,2020-04-19,1,97
Bree,72004,2020-04-20,0,97
Bree,72004,2020-04-21,0,97
Bree,72004,2020-04-22,0,97
Bree,72004,2020-04-23,2,99
Bree,72004,2020-04-24,3,102
Bree,72004,2020-04-25,1,103
Bree,72004,2020-04-26,14,117
Bree,72004,2020-04-27,0,117
Bree,72004,2020-04-28,0,117
Bree,72004,2020-04-29,0,117
Bree,72004,2020-04-30,0,117
Bree,72004,2020-05-01,1,118
Bree,72004,2020-05-02,3,121
Bree,72004,2020-05-03,1,122
Bree,72004,2020-05-04,0,122
Bree,72004,2020-05-05,0,122
Bree,72004,2020-05-06,0,122
Bree,72004,2020-05-07,0,122
Bree,72004,2020-05-08,1,123
Bree,72004,2020-05-09,1,124
Bree,72004,2020-05-10,1,125
Bree,72004,2020-05-11,1,126
Bree,72004,2020-05-12,3,129
Bree,72004,2020-05-13,2,131
Bree,72004,2020-05-14,1,132
Bree,72004,2020-05-15,1,133
Bree,72004,2020-05-16,0,133
Bree,72004,2020-05-17,0,133
Bree,72004,2020-05-18,1,134
Bree,72004,2020-05-19,0,134
Bree,72004,2020-05-20,0,134
Bree,72004,2020-05-21,0,134
Bree,72004,2020-05-22,3,137
Bree,72004,2020-05-23,0,137
Bree,72004,2020-05-24,0,137
Bree,72004,2020-05-25,0,137
Bree,72004,2020-05-26,1,138
Bree,72004,2020-05-27,0,138
Bree,72004,2020-05-28,0,138
Bree,72004,2020-05-29,0,138
Bree,72004,2020-05-30,0,138
Bree,72004,2020-05-31,0,138
Bree,72004,2020-06-01,0,138
Bree,72004,2020-06-02,0,138
Bree,72004,2020-06-03,0,138
Bree,72004,2020-06-04,0,138
Bree,72004,2020-06-05,0,138
Bree,72004,2020-06-06,0,138
Bree,72004,2020-06-07,1,139
Bree,72004,2020-06-08,0,139
Bree,72004,2020-06-09,0,139
Bree,72004,2020-06-10,0,139
Bree,72004,2020-06-11,0,139
Bree,72004,2020-06-12,0,139
Bree,72004,2020-06-13,0,139
Bree,72004,2020-06-14,1,140
Bree,72004,2020-06-15,0,140
Bree,72004,2020-06-16,0,140
Bree,72004,2020-06-17,0,140
Bree,72004,2020-06-18,0,140
Bree,72004,2020-06-19,0,140
Bree,72004,2020-06-20,0,140
Bree,72004,2020-06-23,0,140
Bree,72004,2020-06-24,0,140
Bree,72004,2020-06-25,1,141
Bree,72004,2020-06-26,0,141
Bree,72004,2020-06-27,0,141
Bree,72004,2020-06-30,1,142
Bree,72004,2020-07-01,0,142
Bree,72004,2020-07-02,0,142
Bree,72004,2020-07-03,0,142
Bree,72004,2020-07-04,0,142
Bree,72004,2020-07-07,0,142
Bree,72004,2020-07-08,0,142
Bree,72004,2020-07-09,0,142
Bree,72004,2020-07-10,0,142
Bree,72004,2020-07-11,0,142
Bree,72004,2020-07-14,0,142
Bree,72004,2020-07-15,0,142
Bree,72004,2020-07-16,0,142
Bree,72004,2020-07-17,0,142
Bree,72004,2020-07-18,0,142
Bree,72004,2020-07-20,0,142
Bree,72004,2020-07-21,0,142
Bree,72004,2020-07-22,0,142
Bree,72004,2020-07-23,0,142
Bree,72004,2020-07-24,0,142
Bree,72004,2020-07-25,0,142
Bree,72004,2020-07-26,0,142
Bree,72004,2020-07-27,0,142
Bree,72004,2020-07-28,0,142
Bree,72004,2020-07-29,0,142
Bree,72004,2020-07-30,1,143
Bree,72004,2020-07-31,0,143
Bree,72004,2020-08-01,0,143
Bree,72004,2020-08-02,0,143
Bree,72004,2020-08-03,0,143
Bree,72004,2020-08-04,0,143
Bree,72004,2020-08-05,0,143
Bree,72004,2020-08-06,1,144
Bree,72004,2020-08-07,0,144
Bree,72004,2020-08-08,0,144
Bree,72004,2020-08-09,0,144
Bree,72004,2020-08-10,0,144
Bree,72004,2020-08-11,0,144
Bree,72004,2020-08-12,0,144
Bree,72004,2020-08-13,0,144
Bree,72004,2020-08-14,0,144
Bree,72004,2020-08-15,0,144
Bree,72004,2020-08-16,0,144
Bree,72004,2020-08-17,0,144
Bree,72004,2020-08-18,0,144
Bree,72004,2020-08-19,0,144
Bree,72004,2020-08-20,0,144
Bree,72004,2020-08-21,0,144
Bree,72004,2020-08-22,0,144
Bree,72004,2020-08-23,1,145
Bree,72004,2020-08-24,0,145
Bree,72004,2020-08-25,1,146
Bree,72004,2020-08-26,2,148
Bree,72004,2020-08-27,1,149
Bree,72004,2020-08-28,0,149
Bree,72004,2020-08-29,0,149
Bree,72004,2020-08-30,0,149
Bree,72004,2020-08-31,0,149
Bree,72004,2020-09-01,0,149
Bree,72004,2020-09-02,1,150
Bree,72004,2020-09-03,0,150
Bree,72004,2020-09-04,0,150
Bree,72004,2020-09-05,1,151
Bree,72004,2020-09-06,0,151
Bree,72004,2020-09-07,0,151
Bree,72004,2020-09-08,0,151
Bree,72004,2020-09-09,0,151
Bree,72004,2020-09-10,0,151
Bree,72004,2020-09-11,0,151
Bree,72004,2020-09-12,0,151
Bree,72004,2020-09-13,0,151
Bree,72004,2020-09-14,0,151
Bree,72004,2020-09-15,1,152
Bree,72004,2020-09-16,0,152
Bree,72004,2020-09-17,0,152
Bree,72004,2020-09-18,0,152
Bree,72004,2020-09-19,0,152
Bree,72004,2020-09-20,0,152
Bree,72004,2020-09-21,1,153
Bree,72004,2020-09-22,0,153
Bree,72004,2020-09-23,0,153
Bree,72004,2020-09-24,1,154
Bree,72004,2020-09-25,2,156
Bree,72004,2020-09-26,4,160
Bree,72004,2020-09-27,3,163
Bree,72004,2020-09-28,1,164
Bree,72004,2020-09-29,0,164
Bree,72004,2020-09-30,1,165
Bree,72004,2020-10-01,1,166
Bree,72004,2020-10-02,0,166
Bree,72004,2020-10-03,2,168
Bree,72004,2020-10-04,1,169
Bree,72004,2020-10-05,0,169
Bree,72004,2020-10-06,0,169
Bree,72004,2020-10-07,0,169
Bree,72004,2020-10-08,0,169
Bree,72004,2020-10-09,1,170
Bree,72004,2020-10-10,0,170
Bree,72004,2020-10-11,3,173
Bree,72004,2020-10-12,3,176
Bree,72004,2020-10-13,1,177
Bree,72004,2020-10-14,2,179
Bree,72004,2020-10-15,7,186
Bree,72004,2020-10-16,5,191
Bree,72004,2020-10-17,6,197
Bree,72004,2020-10-18,8,205
Bree,72004,2020-10-19,2,207
Bree,72004,2020-10-20,2,209
Bree,72004,2020-10-21,4,213
Bree,72004,2020-10-22,15,228
Bree,72004,2020-10-23,4,232
Bree,72004,2020-10-24,10,242
Bree,72004,2020-10-25,8,250
Bree,72004,2020-10-26,7,257
Bree,72004,2020-10-27,13,270
Bree,72004,2020-10-28,4,274
Bree,72004,2020-10-29,8,282
Bree,72004,2020-10-30,1,283
Bree,72004,2020-10-31,15,298
Bree,72004,2020-11-01,6,304
Bree,72004,2020-11-02,4,308
Bree,72004,2020-11-03,0,308
Bree,72004,2020-11-04,5,313
Bree,72004,2020-11-05,6,319
Bree,72004,2020-11-06,0,319
Bree,72004,2020-11-07,6,325
Bree,72004,2020-11-08,0,325
Bree,72004,2020-11-09,3,328
Bree,72004,2020-11-10,1,329
Bree,72004,2020-11-11,4,333
Kinrooi,72018,2020-04-01,1,18
Kinrooi,72018,2020-04-02,1,19
Kinrooi,72018,2020-04-03,1,20
Kinrooi,72018,2020-04-04,1,21
Kinrooi,72018,2020-04-05,0,21
Kinrooi,72018,2020-04-06,1,22
Kinrooi,72018,2020-04-07,0,22
Kinrooi,72018,2020-04-08,0,22
Kinrooi,72018,2020-04-09,0,22
Kinrooi,72018,2020-04-10,0,22
Kinrooi,72018,2020-04-11,1,23
Kinrooi,72018,2020-04-12,4,27
Kinrooi,72018,2020-04-13,0,27
Kinrooi,72018,2020-04-14,1,28
Kinrooi,72018,2020-04-15,2,30
Kinrooi,72018,2020-04-16,1,31
Kinrooi,72018,2020-04-17,2,33
Kinrooi,72018,2020-04-18,1,34
Kinrooi,72018,2020-04-19,0,34
Kinrooi,72018,2020-04-20,1,35
Kinrooi,72018,2020-04-21,0,35
Kinrooi,72018,2020-04-22,1,36
Kinrooi,72018,2020-04-23,2,38
Kinrooi,72018,2020-04-24,0,38
Kinrooi,72018,2020-04-25,0,38
Kinrooi,72018,2020-04-26,0,38
Kinrooi,72018,2020-04-27,0,38
Kinrooi,72018,2020-04-28,1,39
Kinrooi,72018,2020-04-29,1,40
Kinrooi,72018,2020-04-30,1,41
Kinrooi,72018,2020-05-01,0,41
Kinrooi,72018,2020-05-02,1,42
Kinrooi,72018,2020-05-03,0,42
Kinrooi,72018,2020-05-04,0,42
Kinrooi,72018,2020-05-05,1,43
Kinrooi,72018,2020-05-06,0,43
Kinrooi,72018,2020-05-07,0,43
Kinrooi,72018,2020-05-08,1,44
Kinrooi,72018,2020-05-09,0,44
Kinrooi,72018,2020-05-10,0,44
Kinrooi,72018,2020-05-11,0,44
Kinrooi,72018,2020-05-12,0,44
Kinrooi,72018,2020-05-13,0,44
Kinrooi,72018,2020-05-14,0,44
Kinrooi,72018,2020-05-15,0,44
Kinrooi,72018,2020-05-16,0,44
Kinrooi,72018,2020-05-17,0,44
Kinrooi,72018,2020-05-18,0,44
Kinrooi,72018,2020-05-19,0,44
Kinrooi,72018,2020-05-20,0,44
Kinrooi,72018,2020-05-21,0,44
Kinrooi,72018,2020-05-22,0,44
Kinrooi,72018,2020-05-23,0,44
Kinrooi,72018,2020-05-24,0,44
Kinrooi,72018,2020-05-25,0,44
Kinrooi,72018,2020-05-26,0,44
Kinrooi,72018,2020-05-27,0,44
Kinrooi,72018,2020-05-28,0,44
Kinrooi,72018,2020-05-29,0,44
Kinrooi,72018,2020-05-30,0,44
Kinrooi,72018,2020-05-31,0,44
Kinrooi,72018,2020-06-01,0,44
Kinrooi,72018,2020-06-02,0,44
Kinrooi,72018,2020-06-03,0,44
Kinrooi,72018,2020-06-04,0,44
Kinrooi,72018,2020-06-05,0,44
Kinrooi,72018,2020-06-06,0,44
Kinrooi,72018,2020-06-07,0,44
Kinrooi,72018,2020-06-08,0,44
Kinrooi,72018,2020-06-09,0,44
Kinrooi,72018,2020-06-10,0,44
Kinrooi,72018,2020-06-11,0,44
Kinrooi,72018,2020-06-12,0,44
Kinrooi,72018,2020-06-13,0,44
Kinrooi,72018,2020-06-14,0,44
Kinrooi,72018,2020-06-15,0,44
Kinrooi,72018,2020-06-16,0,44
Kinrooi,72018,2020-06-17,0,44
Kinrooi,72018,2020-06-18,0,44
Kinrooi,72018,2020-06-19,0,44
Kinrooi,72018,2020-06-20,0,44
Kinrooi,72018,2020-06-23,0,44
Kinrooi,72018,2020-06-24,0,44
Kinrooi,72018,2020-06-25,0,44
Kinrooi,72018,2020-06-26,0,44
Kinrooi,72018,2020-06-27,0,44
Kinrooi,72018,2020-06-30,0,44
Kinrooi,72018,2020-07-01,0,44
Kinrooi,72018,2020-07-02,0,44
Kinrooi,72018,2020-07-03,0,44
Kinrooi,72018,2020-07-04,1,45
Kinrooi,72018,2020-07-07,0,45
Kinrooi,72018,2020-07-08,0,45
Kinrooi,72018,2020-07-09,0,45
Kinrooi,72018,2020-07-10,0,45
Kinrooi,72018,2020-07-11,0,45
Kinrooi,72018,2020-07-14,0,45
Kinrooi,72018,2020-07-15,0,45
Kinrooi,72018,2020-07-16,0,45
Kinrooi,72018,2020-07-17,0,45
Kinrooi,72018,2020-07-18,0,45
Kinrooi,72018,2020-07-20,0,45
Kinrooi,72018,2020-07-21,0,45
Kinrooi,72018,2020-07-22,0,45
Kinrooi,72018,2020-07-23,0,45
Kinrooi,72018,2020-07-24,0,45
Kinrooi,72018,2020-07-25,0,45
Kinrooi,72018,2020-07-26,0,45
Kinrooi,72018,2020-07-27,0,45
Kinrooi,72018,2020-07-28,0,45
Kinrooi,72018,2020-07-29,1,46
Kinrooi,72018,2020-07-30,0,46
Kinrooi,72018,2020-07-31,0,46
Kinrooi,72018,2020-08-01,0,46
Kinrooi,72018,2020-08-02,0,46
Kinrooi,72018,2020-08-03,0,46
Kinrooi,72018,2020-08-04,0,46
Kinrooi,72018,2020-08-05,0,46
Kinrooi,72018,2020-08-06,0,46
Kinrooi,72018,2020-08-07,0,46
Kinrooi,72018,2020-08-08,0,46
Kinrooi,72018,2020-08-09,0,46
Kinrooi,72018,2020-08-10,0,46
Kinrooi,72018,2020-08-11,0,46
Kinrooi,72018,2020-08-12,0,46
Kinrooi,72018,2020-08-13,0,46
Kinrooi,72018,2020-08-14,0,46
Kinrooi,72018,2020-08-15,0,46
Kinrooi,72018,2020-08-16,0,46
Kinrooi,72018,2020-08-17,0,46
Kinrooi,72018,2020-08-18,0,46
Kinrooi,72018,2020-08-19,0,46
Kinrooi,72018,2020-08-20,0,46
Kinrooi,72018,2020-08-21,0,46
Kinrooi,72018,2020-08-22,0,46
Kinrooi,72018,2020-08-23,0,46
Kinrooi,72018,2020-08-24,0,46
Kinrooi,72018,2020-08-25,0,46
Kinrooi,72018,2020-08-26,0,46
Kinrooi,72018,2020-08-27,0,46
Kinrooi,72018,2020-08-28,0,46
Kinrooi,72018,2020-08-29,0,46
Kinrooi,72018,2020-08-30,0,46
Kinrooi,72018,2020-08-31,0,46
Kinrooi,72018,2020-09-01,0,46
Kinrooi,72018,2020-09-02,1,47
Kinrooi,72018,2020-09-03,0,47
Kinrooi,72018,2020-09-04,1,48
Kinrooi,72018,2020-09-05,1,49
Kinrooi,72018,2020-09-06,0,49
Kinrooi,72018,2020-09-07,0,49
Kinrooi,72018,2020-09-08,1,50
Kinrooi,72018,2020-09-09,0,50
Kinrooi,72018,2020-09-10,0,50
Kinrooi,72018,2020-09-11,2,52
Kinrooi,72018,2020-09-12,0,52
Kinrooi,72018,2020-09-13,0,52
Kinrooi,72018,2020-09-14,0,52
Kinrooi,72018,2020-09-15,0,52
Kinrooi,72018,2020-09-16,0,52
Kinrooi,72018,2020-09-17,0,52
Kinrooi,72018,2020-09-18,0,52
Kinrooi,72018,2020-09-19,1,53
Kinrooi,72018,2020-09-20,-1,52
Kinrooi,72018,2020-09-21,2,54
Kinrooi,72018,2020-09-22,0,54
Kinrooi,72018,2020-09-23,0,54
Kinrooi,72018,2020-09-24,0,54
Kinrooi,72018,2020-09-25,0,54
Kinrooi,72018,2020-09-26,0,54
Kinrooi,72018,2020-09-27,0,54
Kinrooi,72018,2020-09-28,0,54
Kinrooi,72018,2020-09-29,0,54
Kinrooi,72018,2020-09-30,0,54
Kinrooi,72018,2020-10-01,1,55
Kinrooi,72018,2020-10-02,1,56
Kinrooi,72018,2020-10-03,4,60
Kinrooi,72018,2020-10-04,1,61
Kinrooi,72018,2020-10-05,3,64
Kinrooi,72018,2020-10-06,0,64
Kinrooi,72018,2020-10-07,1,65
Kinrooi,72018,2020-10-08,0,65
Kinrooi,72018,2020-10-09,1,66
Kinrooi,72018,2020-10-10,1,67
Kinrooi,72018,2020-10-11,1,68
Kinrooi,72018,2020-10-12,3,71
Kinrooi,72018,2020-10-13,0,71
Kinrooi,72018,2020-10-14,4,75
Kinrooi,72018,2020-10-15,3,78
Kinrooi,72018,2020-10-16,3,81
Kinrooi,72018,2020-10-17,5,86
Kinrooi,72018,2020-10-18,9,95
Kinrooi,72018,2020-10-19,2,97
Kinrooi,72018,2020-10-20,3,100
Kinrooi,72018,2020-10-21,1,101
Kinrooi,72018,2020-10-22,8,109
Kinrooi,72018,2020-10-23,3,112
Kinrooi,72018,2020-10-24,2,114
Kinrooi,72018,2020-10-25,7,121
Kinrooi,72018,2020-10-26,10,131
Kinrooi,72018,2020-10-27,5,136
Kinrooi,72018,2020-10-28,3,139
Kinrooi,72018,2020-10-29,12,151
Kinrooi,72018,2020-10-30,6,157
Kinrooi,72018,2020-10-31,5,162
Kinrooi,72018,2020-11-01,4,166
Kinrooi,72018,2020-11-02,3,169
Kinrooi,72018,2020-11-03,1,170
Kinrooi,72018,2020-11-04,2,172
Kinrooi,72018,2020-11-05,10,182
Kinrooi,72018,2020-11-06,1,183
Kinrooi,72018,2020-11-07,5,188
Kinrooi,72018,2020-11-08,2,190
Kinrooi,72018,2020-11-09,1,191
Kinrooi,72018,2020-11-10,0,191
Kinrooi,72018,2020-11-11,4,195
Lommel,72020,2020-04-01,4,40
Lommel,72020,2020-04-02,2,42
Lommel,72020,2020-04-03,2,44
Lommel,72020,2020-04-04,2,46
Lommel,72020,2020-04-05,3,49
Lommel,72020,2020-04-06,0,49
Lommel,72020,2020-04-07,3,52
Lommel,72020,2020-04-08,3,55
Lommel,72020,2020-04-09,0,55
Lommel,72020,2020-04-10,1,56
Lommel,72020,2020-04-11,21,77
Lommel,72020,2020-04-12,12,89
Lommel,72020,2020-04-13,1,90
Lommel,72020,2020-04-14,0,90
Lommel,72020,2020-04-15,2,92
Lommel,72020,2020-04-16,0,92
Lommel,72020,2020-04-17,0,92
Lommel,72020,2020-04-18,0,92
Lommel,72020,2020-04-19,1,93
Lommel,72020,2020-04-20,0,93
Lommel,72020,2020-04-21,0,93
Lommel,72020,2020-04-22,2,95
Lommel,72020,2020-04-23,1,96
Lommel,72020,2020-04-24,0,96
Lommel,72020,2020-04-25,1,97
Lommel,72020,2020-04-26,0,97
Lommel,72020,2020-04-27,0,97
Lommel,72020,2020-04-28,1,98
Lommel,72020,2020-04-29,2,100
Lommel,72020,2020-04-30,3,103
Lommel,72020,2020-05-01,0,103
Lommel,72020,2020-05-02,0,103
Lommel,72020,2020-05-03,0,103
Lommel,72020,2020-05-04,0,103
Lommel,72020,2020-05-05,1,104
Lommel,72020,2020-05-06,0,104
Lommel,72020,2020-05-07,0,104
Lommel,72020,2020-05-08,0,104
Lommel,72020,2020-05-09,0,104
Lommel,72020,2020-05-10,0,104
Lommel,72020,2020-05-11,1,105
Lommel,72020,2020-05-12,0,105
Lommel,72020,2020-05-13,0,105
Lommel,72020,2020-05-14,1,106
Lommel,72020,2020-05-15,1,107
Lommel,72020,2020-05-16,0,107
Lommel,72020,2020-05-17,0,107
Lommel,72020,2020-05-18,0,107
Lommel,72020,2020-05-19,1,108
Lommel,72020,2020-05-20,2,110
Lommel,72020,2020-05-21,0,110
Lommel,72020,2020-05-22,3,113
Lommel,72020,2020-05-23,0,113
Lommel,72020,2020-05-24,0,113
Lommel,72020,2020-05-25,0,113
Lommel,72020,2020-05-26,0,113
Lommel,72020,2020-05-27,0,113
Lommel,72020,2020-05-28,0,113
Lommel,72020,2020-05-29,0,113
Lommel,72020,2020-05-30,0,113
Lommel,72020,2020-05-31,0,113
Lommel,72020,2020-06-01,0,113
Lommel,72020,2020-06-02,0,113
Lommel,72020,2020-06-03,0,113
Lommel,72020,2020-06-04,1,114
Lommel,72020,2020-06-05,1,115
Lommel,72020,2020-06-06,1,116
Lommel,72020,2020-06-07,0,116
Lommel,72020,2020-06-08,0,116
Lommel,72020,2020-06-09,0,116
Lommel,72020,2020-06-10,0,116
Lommel,72020,2020-06-11,2,118
Lommel,72020,2020-06-12,0,118
Lommel,72020,2020-06-13,0,118
Lommel,72020,2020-06-14,0,118
Lommel,72020,2020-06-15,0,118
Lommel,72020,2020-06-16,0,118
Lommel,72020,2020-06-17,0,118
Lommel,72020,2020-06-18,1,119
Lommel,72020,2020-06-19,0,119
Lommel,72020,2020-06-20,1,120
Lommel,72020,2020-06-23,0,120
Lommel,72020,2020-06-24,0,120
Lommel,72020,2020-06-25,-2,118
Lommel,72020,2020-06-26,0,118
Lommel,72020,2020-06-27,0,118
Lommel,72020,2020-06-30,0,118
Lommel,72020,2020-07-01,0,118
Lommel,72020,2020-07-02,0,118
Lommel,72020,2020-07-03,0,118
Lommel,72020,2020-07-04,0,118
Lommel,72020,2020-07-07,0,118
Lommel,72020,2020-07-08,0,118
Lommel,72020,2020-07-09,0,118
Lommel,72020,2020-07-10,0,118
Lommel,72020,2020-07-11,2,120
Lommel,72020,2020-07-14,0,120
Lommel,72020,2020-07-15,0,120
Lommel,72020,2020-07-16,0,120
Lommel,72020,2020-07-17,0,120
Lommel,72020,2020-07-18,0,120
Lommel,72020,2020-07-20,0,120
Lommel,72020,2020-07-21,0,120
Lommel,72020,2020-07-22,0,120
Lommel,72020,2020-07-23,0,120
Lommel,72020,2020-07-24,0,120
Lommel,72020,2020-07-25,0,120
Lommel,72020,2020-07-26,1,121
Lommel,72020,2020-07-27,0,121
Lommel,72020,2020-07-28,0,121
Lommel,72020,2020-07-29,1,122
Lommel,72020,2020-07-30,1,123
Lommel,72020,2020-07-31,3,126
Lommel,72020,2020-08-01,1,127
Lommel,72020,2020-08-02,1,128
Lommel,72020,2020-08-03,1,129
Lommel,72020,2020-08-04,1,130
Lommel,72020,2020-08-05,1,131
Lommel,72020,2020-08-06,0,131
Lommel,72020,2020-08-07,1,132
Lommel,72020,2020-08-08,1,133
Lommel,72020,2020-08-09,0,133
Lommel,72020,2020-08-10,1,134
Lommel,72020,2020-08-11,1,135
Lommel,72020,2020-08-12,1,136
Lommel,72020,2020-08-13,0,136
Lommel,72020,2020-08-14,3,139
Lommel,72020,2020-08-15,0,139
Lommel,72020,2020-08-16,1,140
Lommel,72020,2020-08-17,0,140
Lommel,72020,2020-08-18,1,141
Lommel,72020,2020-08-19,1,142
Lommel,72020,2020-08-20,4,146
Lommel,72020,2020-08-21,3,149
Lommel,72020,2020-08-22,1,150
Lommel,72020,2020-08-23,2,152
Lommel,72020,2020-08-24,2,154
Lommel,72020,2020-08-25,0,154
Lommel,72020,2020-08-26,0,154
Lommel,72020,2020-08-27,1,155
Lommel,72020,2020-08-28,1,156
Lommel,72020,2020-08-29,2,158
Lommel,72020,2020-08-30,0,158
Lommel,72020,2020-08-31,1,159
Lommel,72020,2020-09-01,0,159
Lommel,72020,2020-09-02,1,160
Lommel,72020,2020-09-03,1,161
Lommel,72020,2020-09-04,1,162
Lommel,72020,2020-09-05,6,168
Lommel,72020,2020-09-06,1,169
Lommel,72020,2020-09-07,3,172
Lommel,72020,2020-09-08,1,173
Lommel,72020,2020-09-09,0,173
Lommel,72020,2020-09-10,1,174
Lommel,72020,2020-09-11,1,175
Lommel,72020,2020-09-12,3,178
Lommel,72020,2020-09-13,5,183
Lommel,72020,2020-09-14,1,184
Lommel,72020,2020-09-15,0,184
Lommel,72020,2020-09-16,0,184
Lommel,72020,2020-09-17,2,186
Lommel,72020,2020-09-18,0,186
Lommel,72020,2020-09-19,4,190
Lommel,72020,2020-09-20,3,193
Lommel,72020,2020-09-21,3,196
Lommel,72020,2020-09-22,1,197
Lommel,72020,2020-09-23,2,199
Lommel,72020,2020-09-24,0,199
Lommel,72020,2020-09-25,8,207
Lommel,72020,2020-09-26,5,212
Lommel,72020,2020-09-27,1,213
Lommel,72020,2020-09-28,2,215
Lommel,72020,2020-09-29,0,215
Lommel,72020,2020-09-30,5,220
Lommel,72020,2020-10-01,1,221
Lommel,72020,2020-10-02,1,222
Lommel,72020,2020-10-03,1,223
Lommel,72020,2020-10-04,2,225
Lommel,72020,2020-10-05,5,230
Lommel,72020,2020-10-06,1,231
Lommel,72020,2020-10-07,2,233
Lommel,72020,2020-10-08,4,237
Lommel,72020,2020-10-09,12,249
Lommel,72020,2020-10-10,6,255
Lommel,72020,2020-10-11,10,265
Lommel,72020,2020-10-12,4,269
Lommel,72020,2020-10-13,12,281
Lommel,72020,2020-10-14,6,287
Lommel,72020,2020-10-15,15,302
Lommel,72020,2020-10-16,15,317
Lommel,72020,2020-10-17,13,330
Lommel,72020,2020-10-18,17,347
Lommel,72020,2020-10-19,6,353
Lommel,72020,2020-10-20,17,370
Lommel,72020,2020-10-21,18,388
Lommel,72020,2020-10-22,14,402
Lommel,72020,2020-10-23,22,424
Lommel,72020,2020-10-24,34,458
Lommel,72020,2020-10-25,33,491
Lommel,72020,2020-10-26,10,501
Lommel,72020,2020-10-27,11,512
Lommel,72020,2020-10-28,20,532
Lommel,72020,2020-10-29,23,555
Lommel,72020,2020-10-30,15,570
Lommel,72020,2020-10-31,14,584
Lommel,72020,2020-11-01,13,597
Lommel,72020,2020-11-02,7,604
Lommel,72020,2020-11-03,4,608
Lommel,72020,2020-11-04,22,630
Lommel,72020,2020-11-05,23,653
Lommel,72020,2020-11-06,10,663
Lommel,72020,2020-11-07,17,680
Lommel,72020,2020-11-08,11,691
Lommel,72020,2020-11-09,4,695
Lommel,72020,2020-11-10,8,703
Lommel,72020,2020-11-11,5,708
Maaseik,72021,2020-04-01,3,45
Maaseik,72021,2020-04-02,3,48
Maaseik,72021,2020-04-03,3,51
Maaseik,72021,2020-04-04,10,61
Maaseik,72021,2020-04-05,5,66
Maaseik,72021,2020-04-06,7,73
Maaseik,72021,2020-04-07,0,73
Maaseik,72021,2020-04-08,1,74
Maaseik,72021,2020-04-09,3,77
Maaseik,72021,2020-04-10,12,89
Maaseik,72021,2020-04-11,5,94
Maaseik,72021,2020-04-12,5,99
Maaseik,72021,2020-04-13,0,99
Maaseik,72021,2020-04-14,0,99
Maaseik,72021,2020-04-15,17,116
Maaseik,72021,2020-04-16,3,119
Maaseik,72021,2020-04-17,0,119
Maaseik,72021,2020-04-18,1,120
Maaseik,72021,2020-04-19,3,123
Maaseik,72021,2020-04-20,1,124
Maaseik,72021,2020-04-21,1,125
Maaseik,72021,2020-04-22,1,126
Maaseik,72021,2020-04-23,2,128
Maaseik,72021,2020-04-24,4,132
Maaseik,72021,2020-04-25,1,133
Maaseik,72021,2020-04-26,0,133
Maaseik,72021,2020-04-27,0,133
Maaseik,72021,2020-04-28,1,134
Maaseik,72021,2020-04-29,1,135
Maaseik,72021,2020-04-30,3,138
Maaseik,72021,2020-05-01,2,140
Maaseik,72021,2020-05-02,2,142
Maaseik,72021,2020-05-03,0,142
Maaseik,72021,2020-05-04,0,142
Maaseik,72021,2020-05-05,1,143
Maaseik,72021,2020-05-06,2,145
Maaseik,72021,2020-05-07,0,145
Maaseik,72021,2020-05-08,1,146
Maaseik,72021,2020-05-09,0,146
Maaseik,72021,2020-05-10,1,147
Maaseik,72021,2020-05-11,0,147
Maaseik,72021,2020-05-12,0,147
Maaseik,72021,2020-05-13,2,149
Maaseik,72021,2020-05-14,0,149
Maaseik,72021,2020-05-15,1,150
Maaseik,72021,2020-05-16,0,150
Maaseik,72021,2020-05-17,2,152
Maaseik,72021,2020-05-18,0,152
Maaseik,72021,2020-05-19,1,153
Maaseik,72021,2020-05-20,0,153
Maaseik,72021,2020-05-21,2,155
Maaseik,72021,2020-05-22,1,156
Maaseik,72021,2020-05-23,0,156
Maaseik,72021,2020-05-24,0,156
Maaseik,72021,2020-05-25,0,156
Maaseik,72021,2020-05-26,0,156
Maaseik,72021,2020-05-27,0,156
Maaseik,72021,2020-05-28,0,156
Maaseik,72021,2020-05-29,0,156
Maaseik,72021,2020-05-30,1,157
Maaseik,72021,2020-05-31,0,157
Maaseik,72021,2020-06-01,0,157
Maaseik,72021,2020-06-02,1,158
Maaseik,72021,2020-06-03,0,158
Maaseik,72021,2020-06-04,0,158
Maaseik,72021,2020-06-05,0,158
Maaseik,72021,2020-06-06,0,158
Maaseik,72021,2020-06-07,0,158
Maaseik,72021,2020-06-08,0,158
Maaseik,72021,2020-06-09,0,158
Maaseik,72021,2020-06-10,0,158
Maaseik,72021,2020-06-11,0,158
Maaseik,72021,2020-06-12,0,158
Maaseik,72021,2020-06-13,0,158
Maaseik,72021,2020-06-14,0,158
Maaseik,72021,2020-06-15,0,158
Maaseik,72021,2020-06-16,0,158
Maaseik,72021,2020-06-17,0,158
Maaseik,72021,2020-06-18,0,158
Maaseik,72021,2020-06-19,0,158
Maaseik,72021,2020-06-20,0,158
Maaseik,72021,2020-06-23,0,158
Maaseik,72021,2020-06-24,0,158
Maaseik,72021,2020-06-25,0,158
Maaseik,72021,2020-06-26,0,158
Maaseik,72021,2020-06-27,0,158
Maaseik,72021,2020-06-30,0,158
Maaseik,72021,2020-07-01,0,158
Maaseik,72021,2020-07-02,0,158
Maaseik,72021,2020-07-03,0,158
Maaseik,72021,2020-07-04,0,158
Maaseik,72021,2020-07-07,1,159
Maaseik,72021,2020-07-08,0,159
Maaseik,72021,2020-07-09,0,159
Maaseik,72021,2020-07-10,0,159
Maaseik,72021,2020-07-11,1,160
Maaseik,72021,2020-07-14,0,160
Maaseik,72021,2020-07-15,0,160
Maaseik,72021,2020-07-16,0,160
Maaseik,72021,2020-07-17,0,160
Maaseik,72021,2020-07-18,0,160
Maaseik,72021,2020-07-20,0,160
Maaseik,72021,2020-07-21,0,160
Maaseik,72021,2020-07-22,1,161
Maaseik,72021,2020-07-23,0,161
Maaseik,72021,2020-07-24,0,161
Maaseik,72021,2020-07-25,0,161
Maaseik,72021,2020-07-26,0,161
Maaseik,72021,2020-07-27,0,161
Maaseik,72021,2020-07-28,0,161
Maaseik,72021,2020-07-29,0,161
Maaseik,72021,2020-07-30,0,161
Maaseik,72021,2020-07-31,0,161
Maaseik,72021,2020-08-01,0,161
Maaseik,72021,2020-08-02,0,161
Maaseik,72021,2020-08-03,0,161
Maaseik,72021,2020-08-04,0,161
Maaseik,72021,2020-08-05,0,161
Maaseik,72021,2020-08-06,0,161
Maaseik,72021,2020-08-07,0,161
Maaseik,72021,2020-08-08,0,161
Maaseik,72021,2020-08-09,0,161
Maaseik,72021,2020-08-10,1,162
Maaseik,72021,2020-08-11,0,162
Maaseik,72021,2020-08-12,0,162
Maaseik,72021,2020-08-13,0,162
Maaseik,72021,2020-08-14,0,162
Maaseik,72021,2020-08-15,0,162
Maaseik,72021,2020-08-16,0,162
Maaseik,72021,2020-08-17,0,162
Maaseik,72021,2020-08-18,0,162
Maaseik,72021,2020-08-19,0,162
Maaseik,72021,2020-08-20,2,164
Maaseik,72021,2020-08-21,0,164
Maaseik,72021,2020-08-22,0,164
Maaseik,72021,2020-08-23,0,164
Maaseik,72021,2020-08-24,1,165
Maaseik,72021,2020-08-25,0,165
Maaseik,72021,2020-08-26,0,165
Maaseik,72021,2020-08-27,0,165
Maaseik,72021,2020-08-28,1,166
Maaseik,72021,2020-08-29,1,167
Maaseik,72021,2020-08-30,1,168
Maaseik,72021,2020-08-31,2,170
Maaseik,72021,2020-09-01,1,171
Maaseik,72021,2020-09-02,0,171
Maaseik,72021,2020-09-03,1,172
Maaseik,72021,2020-09-04,1,173
Maaseik,72021,2020-09-05,0,173
Maaseik,72021,2020-09-06,0,173
Maaseik,72021,2020-09-07,0,173
Maaseik,72021,2020-09-08,0,173
Maaseik,72021,2020-09-09,0,173
Maaseik,72021,2020-09-10,0,173
Maaseik,72021,2020-09-11,2,175
Maaseik,72021,2020-09-12,3,178
Maaseik,72021,2020-09-13,0,178
Maaseik,72021,2020-09-14,3,181
Maaseik,72021,2020-09-15,0,181
Maaseik,72021,2020-09-16,0,181
Maaseik,72021,2020-09-17,0,181
Maaseik,72021,2020-09-18,3,184
Maaseik,72021,2020-09-19,3,187
Maaseik,72021,2020-09-20,-1,186
Maaseik,72021,2020-09-21,1,187
Maaseik,72021,2020-09-22,1,188
Maaseik,72021,2020-09-23,1,189
Maaseik,72021,2020-09-24,0,189
Maaseik,72021,2020-09-25,3,192
Maaseik,72021,2020-09-26,1,193
Maaseik,72021,2020-09-27,6,199
Maaseik,72021,2020-09-28,0,199
Maaseik,72021,2020-09-29,2,201
Maaseik,72021,2020-09-30,1,202
Maaseik,72021,2020-10-01,0,202
Maaseik,72021,2020-10-02,0,202
Maaseik,72021,2020-10-03,2,204
Maaseik,72021,2020-10-04,2,206
Maaseik,72021,2020-10-05,3,209
Maaseik,72021,2020-10-06,4,213
Maaseik,72021,2020-10-07,0,213
Maaseik,72021,2020-10-08,1,214
Maaseik,72021,2020-10-09,0,214
Maaseik,72021,2020-10-10,1,215
Maaseik,72021,2020-10-11,5,220
Maaseik,72021,2020-10-12,5,225
Maaseik,72021,2020-10-13,2,227
Maaseik,72021,2020-10-14,3,230
Maaseik,72021,2020-10-15,2,232
Maaseik,72021,2020-10-16,10,242
Maaseik,72021,2020-10-17,2,244
Maaseik,72021,2020-10-18,9,253
Maaseik,72021,2020-10-19,5,258
Maaseik,72021,2020-10-20,7,265
Maaseik,72021,2020-10-21,12,277
Maaseik,72021,2020-10-22,14,291
Maaseik,72021,2020-10-23,18,309
Maaseik,72021,2020-10-24,13,322
Maaseik,72021,2020-10-25,10,332
Maaseik,72021,2020-10-26,15,347
Maaseik,72021,2020-10-27,8,355
Maaseik,72021,2020-10-28,3,358
Maaseik,72021,2020-10-29,8,366
Maaseik,72021,2020-10-30,8,374
Maaseik,72021,2020-10-31,20,394
Maaseik,72021,2020-11-01,17,411
Maaseik,72021,2020-11-02,12,423
Maaseik,72021,2020-11-03,2,425
Maaseik,72021,2020-11-04,6,431
Maaseik,72021,2020-11-05,9,440
Maaseik,72021,2020-11-06,1,441
Maaseik,72021,2020-11-07,8,449
Maaseik,72021,2020-11-08,3,452
Maaseik,72021,2020-11-09,5,457
Maaseik,72021,2020-11-10,3,460
Maaseik,72021,2020-11-11,9,469
Peer,72030,2020-04-01,3,14
Peer,72030,2020-04-02,4,18
Peer,72030,2020-04-03,1,19
Peer,72030,2020-04-04,1,20
Peer,72030,2020-04-05,3,23
Peer,72030,2020-04-06,1,24
Peer,72030,2020-04-07,0,24
Peer,72030,2020-04-08,0,24
Peer,72030,2020-04-09,1,25
Peer,72030,2020-04-10,0,25
Peer,72030,2020-04-11,2,27
Peer,72030,2020-04-12,1,28
Peer,72030,2020-04-13,4,32
Peer,72030,2020-04-14,0,32
Peer,72030,2020-04-15,1,33
Peer,72030,2020-04-16,2,35
Peer,72030,2020-04-17,2,37
Peer,72030,2020-04-18,0,37
Peer,72030,2020-04-19,4,41
Peer,72030,2020-04-20,4,45
Peer,72030,2020-04-21,0,45
Peer,72030,2020-04-22,0,45
Peer,72030,2020-04-23,7,52
Peer,72030,2020-04-24,1,53
Peer,72030,2020-04-25,1,54
Peer,72030,2020-04-26,0,54
Peer,72030,2020-04-27,1,55
Peer,72030,2020-04-28,0,55
Peer,72030,2020-04-29,1,56
Peer,72030,2020-04-30,1,57
Peer,72030,2020-05-01,0,57
Peer,72030,2020-05-02,2,59
Peer,72030,2020-05-03,0,59
Peer,72030,2020-05-04,0,59
Peer,72030,2020-05-05,1,60
Peer,72030,2020-05-06,0,60
Peer,72030,2020-05-07,0,60
Peer,72030,2020-05-08,1,61
Peer,72030,2020-05-09,2,63
Peer,72030,2020-05-10,3,66
Peer,72030,2020-05-11,2,68
Peer,72030,2020-05-12,0,68
Peer,72030,2020-05-13,0,68
Peer,72030,2020-05-14,0,68
Peer,72030,2020-05-15,0,68
Peer,72030,2020-05-16,1,69
Peer,72030,2020-05-17,0,69
Peer,72030,2020-05-18,-1,68
Peer,72030,2020-05-19,0,68
Peer,72030,2020-05-20,1,69
Peer,72030,2020-05-21,0,69
Peer,72030,2020-05-22,0,69
Peer,72030,2020-05-23,0,69
Peer,72030,2020-05-24,0,69
Peer,72030,2020-05-25,0,69
Peer,72030,2020-05-26,0,69
Peer,72030,2020-05-27,0,69
Peer,72030,2020-05-28,0,69
Peer,72030,2020-05-29,2,71
Peer,72030,2020-05-30,0,71
Peer,72030,2020-05-31,0,71
Peer,72030,2020-06-01,0,71
Peer,72030,2020-06-02,0,71
Peer,72030,2020-06-03,0,71
Peer,72030,2020-06-04,0,71
Peer,72030,2020-06-05,1,72
Peer,72030,2020-06-06,0,72
Peer,72030,2020-06-07,0,72
Peer,72030,2020-06-08,0,72
Peer,72030,2020-06-09,0,72
Peer,72030,2020-06-10,0,72
Peer,72030,2020-06-11,1,73
Peer,72030,2020-06-12,1,74
Peer,72030,2020-06-13,0,74
Peer,72030,2020-06-14,0,74
Peer,72030,2020-06-15,0,74
Peer,72030,2020-06-16,0,74
Peer,72030,2020-06-17,0,74
Peer,72030,2020-06-18,0,74
Peer,72030,2020-06-19,0,74
Peer,72030,2020-06-20,2,76
Peer,72030,2020-06-23,1,77
Peer,72030,2020-06-24,0,77
Peer,72030,2020-06-25,-1,76
Peer,72030,2020-06-26,0,76
Peer,72030,2020-06-27,0,76
Peer,72030,2020-06-30,0,76
Peer,72030,2020-07-01,0,76
Peer,72030,2020-07-02,0,76
Peer,72030,2020-07-03,0,76
Peer,72030,2020-07-04,0,76
Peer,72030,2020-07-07,1,77
Peer,72030,2020-07-08,0,77
Peer,72030,2020-07-09,0,77
Peer,72030,2020-07-10,0,77
Peer,72030,2020-07-11,0,77
Peer,72030,2020-07-14,1,78
Peer,72030,2020-07-15,0,78
Peer,72030,2020-07-16,1,79
Peer,72030,2020-07-17,0,79
Peer,72030,2020-07-18,1,80
Peer,72030,2020-07-20,0,80
Peer,72030,2020-07-21,0,80
Peer,72030,2020-07-22,1,81
Peer,72030,2020-07-23,0,81
Peer,72030,2020-07-24,1,82
Peer,72030,2020-07-25,0,82
Peer,72030,2020-07-26,2,84
Peer,72030,2020-07-27,0,84
Peer,72030,2020-07-28,0,84
Peer,72030,2020-07-29,0,84
Peer,72030,2020-07-30,0,84
Peer,72030,2020-07-31,0,84
Peer,72030,2020-08-01,0,84
Peer,72030,2020-08-02,0,84
Peer,72030,2020-08-03,0,84
Peer,72030,2020-08-04,0,84
Peer,72030,2020-08-05,0,84
Peer,72030,2020-08-06,0,84
Peer,72030,2020-08-07,0,84
Peer,72030,2020-08-08,0,84
Peer,72030,2020-08-09,1,85
Peer,72030,2020-08-10,0,85
Peer,72030,2020-08-11,0,85
Peer,72030,2020-08-12,0,85
Peer,72030,2020-08-13,0,85
Peer,72030,2020-08-14,0,85
Peer,72030,2020-08-15,0,85
Peer,72030,2020-08-16,0,85
Peer,72030,2020-08-17,0,85
Peer,72030,2020-08-18,0,85
Peer,72030,2020-08-19,0,85
Peer,72030,2020-08-20,0,85
Peer,72030,2020-08-21,0,85
Peer,72030,2020-08-22,0,85
Peer,72030,2020-08-23,0,85
Peer,72030,2020-08-24,0,85
Peer,72030,2020-08-25,0,85
Peer,72030,2020-08-26,0,85
Peer,72030,2020-08-27,0,85
Peer,72030,2020-08-28,0,85
Peer,72030,2020-08-29,0,85
Peer,72030,2020-08-30,0,85
Peer,72030,2020-08-31,0,85
Peer,72030,2020-09-01,0,85
Peer,72030,2020-09-02,0,85
Peer,72030,2020-09-03,0,85
Peer,72030,2020-09-04,0,85
Peer,72030,2020-09-05,1,86
Peer,72030,2020-09-06,0,86
Peer,72030,2020-09-07,0,86
Peer,72030,2020-09-08,0,86
Peer,72030,2020-09-09,0,86
Peer,72030,2020-09-10,0,86
Peer,72030,2020-09-11,0,86
Peer,72030,2020-09-12,0,86
Peer,72030,2020-09-13,2,88
Peer,72030,2020-09-14,1,89
Peer,72030,2020-09-15,0,89
Peer,72030,2020-09-16,0,89
Peer,72030,2020-09-17,2,91
Peer,72030,2020-09-18,0,91
Peer,72030,2020-09-19,0,91
Peer,72030,2020-09-20,0,91
Peer,72030,2020-09-21,0,91
Peer,72030,2020-09-22,0,91
Peer,72030,2020-09-23,0,91
Peer,72030,2020-09-24,0,91
Peer,72030,2020-09-25,1,92
Peer,72030,2020-09-26,0,92
Peer,72030,2020-09-27,0,92
Peer,72030,2020-09-28,0,92
Peer,72030,2020-09-29,0,92
Peer,72030,2020-09-30,0,92
Peer,72030,2020-10-01,0,92
Peer,72030,2020-10-02,0,92
Peer,72030,2020-10-03,1,93
Peer,72030,2020-10-04,0,93
Peer,72030,2020-10-05,0,93
Peer,72030,2020-10-06,0,93
Peer,72030,2020-10-07,1,94
Peer,72030,2020-10-08,0,94
Peer,72030,2020-10-09,3,97
Peer,72030,2020-10-10,3,100
Peer,72030,2020-10-11,5,105
Peer,72030,2020-10-12,2,107
Peer,72030,2020-10-13,1,108
Peer,72030,2020-10-14,2,110
Peer,72030,2020-10-15,2,112
Peer,72030,2020-10-16,3,115
Peer,72030,2020-10-17,8,123
Peer,72030,2020-10-18,5,128
Peer,72030,2020-10-19,5,133
Peer,72030,2020-10-20,0,133
Peer,72030,2020-10-21,7,140
Peer,72030,2020-10-22,4,144
Peer,72030,2020-10-23,7,151
Peer,72030,2020-10-24,14,165
Peer,72030,2020-10-25,8,173
Peer,72030,2020-10-26,2,175
Peer,72030,2020-10-27,5,180
Peer,72030,2020-10-28,6,186
Peer,72030,2020-10-29,10,196
Peer,72030,2020-10-30,4,200
Peer,72030,2020-10-31,3,203
Peer,72030,2020-11-01,4,207
Peer,72030,2020-11-02,1,208
Peer,72030,2020-11-03,0,208
Peer,72030,2020-11-04,0,208
Peer,72030,2020-11-05,7,215
Peer,72030,2020-11-06,8,223
Peer,72030,2020-11-07,5,228
Peer,72030,2020-11-08,3,231
Peer,72030,2020-11-09,1,232
Peer,72030,2020-11-10,0,232
Peer,72030,2020-11-11,4,236
Hamont-Achel,72037,2020-04-01,1,14
Hamont-Achel,72037,2020-04-02,3,17
Hamont-Achel,72037,2020-04-03,0,17
Hamont-Achel,72037,2020-04-04,3,20
Hamont-Achel,72037,2020-04-05,2,22
Hamont-Achel,72037,2020-04-06,1,23
Hamont-Achel,72037,2020-04-07,3,26
Hamont-Achel,72037,2020-04-08,0,26
Hamont-Achel,72037,2020-04-09,7,33
Hamont-Achel,72037,2020-04-10,0,33
Hamont-Achel,72037,2020-04-11,2,35
Hamont-Achel,72037,2020-04-12,0,35
Hamont-Achel,72037,2020-04-13,1,36
Hamont-Achel,72037,2020-04-14,0,36
Hamont-Achel,72037,2020-04-15,0,36
Hamont-Achel,72037,2020-04-16,1,37
Hamont-Achel,72037,2020-04-17,1,38
Hamont-Achel,72037,2020-04-18,0,38
Hamont-Achel,72037,2020-04-19,1,39
Hamont-Achel,72037,2020-04-20,0,39
Hamont-Achel,72037,2020-04-21,0,39
Hamont-Achel,72037,2020-04-22,1,40
Hamont-Achel,72037,2020-04-23,1,41
Hamont-Achel,72037,2020-04-24,2,43
Hamont-Achel,72037,2020-04-25,0,43
Hamont-Achel,72037,2020-04-26,0,43
Hamont-Achel,72037,2020-04-27,0,43
Hamont-Achel,72037,2020-04-28,0,43
Hamont-Achel,72037,2020-04-29,0,43
Hamont-Achel,72037,2020-04-30,0,43
Hamont-Achel,72037,2020-05-01,2,45
Hamont-Achel,72037,2020-05-02,0,45
Hamont-Achel,72037,2020-05-03,0,45
Hamont-Achel,72037,2020-05-04,0,45
Hamont-Achel,72037,2020-05-05,1,46
Hamont-Achel,72037,2020-05-06,1,47
Hamont-Achel,72037,2020-05-07,3,50
Hamont-Achel,72037,2020-05-08,0,50
Hamont-Achel,72037,2020-05-09,0,50
Hamont-Achel,72037,2020-05-10,0,50
Hamont-Achel,72037,2020-05-11,0,50
Hamont-Achel,72037,2020-05-12,0,50
Hamont-Achel,72037,2020-05-13,0,50
Hamont-Achel,72037,2020-05-14,0,50
Hamont-Achel,72037,2020-05-15,1,51
Hamont-Achel,72037,2020-05-16,0,51
Hamont-Achel,72037,2020-05-17,0,51
Hamont-Achel,72037,2020-05-18,0,51
Hamont-Achel,72037,2020-05-19,0,51
Hamont-Achel,72037,2020-05-20,1,52
Hamont-Achel,72037,2020-05-21,0,52
Hamont-Achel,72037,2020-05-22,2,54
Hamont-Achel,72037,2020-05-23,0,54
Hamont-Achel,72037,2020-05-24,0,54
Hamont-Achel,72037,2020-05-25,0,54
Hamont-Achel,72037,2020-05-26,0,54
Hamont-Achel,72037,2020-05-27,0,54
Hamont-Achel,72037,2020-05-28,0,54
Hamont-Achel,72037,2020-05-29,0,54
Hamont-Achel,72037,2020-05-30,0,54
Hamont-Achel,72037,2020-05-31,0,54
Hamont-Achel,72037,2020-06-01,1,55
Hamont-Achel,72037,2020-06-02,0,55
Hamont-Achel,72037,2020-06-03,0,55
Hamont-Achel,72037,2020-06-04,0,55
Hamont-Achel,72037,2020-06-05,0,55
Hamont-Achel,72037,2020-06-06,0,55
Hamont-Achel,72037,2020-06-07,0,55
Hamont-Achel,72037,2020-06-08,0,55
Hamont-Achel,72037,2020-06-09,0,55
Hamont-Achel,72037,2020-06-10,2,57
Hamont-Achel,72037,2020-06-11,0,57
Hamont-Achel,72037,2020-06-12,0,57
Hamont-Achel,72037,2020-06-13,1,58
Hamont-Achel,72037,2020-06-14,0,58
Hamont-Achel,72037,2020-06-15,0,58
Hamont-Achel,72037,2020-06-16,0,58
Hamont-Achel,72037,2020-06-17,0,58
Hamont-Achel,72037,2020-06-18,2,60
Hamont-Achel,72037,2020-06-19,1,61
Hamont-Achel,72037,2020-06-20,1,62
Hamont-Achel,72037,2020-06-23,0,62
Hamont-Achel,72037,2020-06-24,0,62
Hamont-Achel,72037,2020-06-25,0,62
Hamont-Achel,72037,2020-06-26,0,62
Hamont-Achel,72037,2020-06-27,0,62
Hamont-Achel,72037,2020-06-30,0,62
Hamont-Achel,72037,2020-07-01,0,62
Hamont-Achel,72037,2020-07-02,0,62
Hamont-Achel,72037,2020-07-03,0,62
Hamont-Achel,72037,2020-07-04,0,62
Hamont-Achel,72037,2020-07-07,0,62
Hamont-Achel,72037,2020-07-08,0,62
Hamont-Achel,72037,2020-07-09,0,62
Hamont-Achel,72037,2020-07-10,0,62
Hamont-Achel,72037,2020-07-11,0,62
Hamont-Achel,72037,2020-07-14,0,62
Hamont-Achel,72037,2020-07-15,0,62
Hamont-Achel,72037,2020-07-16,0,62
Hamont-Achel,72037,2020-07-17,1,63
Hamont-Achel,72037,2020-07-18,0,63
Hamont-Achel,72037,2020-07-20,0,63
Hamont-Achel,72037,2020-07-21,0,63
Hamont-Achel,72037,2020-07-22,0,63
Hamont-Achel,72037,2020-07-23,0,63
Hamont-Achel,72037,2020-07-24,0,63
Hamont-Achel,72037,2020-07-25,0,63
Hamont-Achel,72037,2020-07-26,0,63
Hamont-Achel,72037,2020-07-27,0,63
Hamont-Achel,72037,2020-07-28,0,63
Hamont-Achel,72037,2020-07-29,0,63
Hamont-Achel,72037,2020-07-30,0,63
Hamont-Achel,72037,2020-07-31,0,63
Hamont-Achel,72037,2020-08-01,0,63
Hamont-Achel,72037,2020-08-02,0,63
Hamont-Achel,72037,2020-08-03,0,63
Hamont-Achel,72037,2020-08-04,0,63
Hamont-Achel,72037,2020-08-05,0,63
Hamont-Achel,72037,2020-08-06,1,64
Hamont-Achel,72037,2020-08-07,0,64
Hamont-Achel,72037,2020-08-08,1,65
Hamont-Achel,72037,2020-08-09,0,65
Hamont-Achel,72037,2020-08-10,0,65
Hamont-Achel,72037,2020-08-11,0,65
Hamont-Achel,72037,2020-08-12,0,65
Hamont-Achel,72037,2020-08-13,0,65
Hamont-Achel,72037,2020-08-14,0,65
Hamont-Achel,72037,2020-08-15,0,65
Hamont-Achel,72037,2020-08-16,0,65
Hamont-Achel,72037,2020-08-17,0,65
Hamont-Achel,72037,2020-08-18,0,65
Hamont-Achel,72037,2020-08-19,0,65
Hamont-Achel,72037,2020-08-20,0,65
Hamont-Achel,72037,2020-08-21,0,65
Hamont-Achel,72037,2020-08-22,0,65
Hamont-Achel,72037,2020-08-23,0,65
Hamont-Achel,72037,2020-08-24,0,65
Hamont-Achel,72037,2020-08-25,0,65
Hamont-Achel,72037,2020-08-26,0,65
Hamont-Achel,72037,2020-08-27,0,65
Hamont-Achel,72037,2020-08-28,0,65
Hamont-Achel,72037,2020-08-29,0,65
Hamont-Achel,72037,2020-08-30,0,65
Hamont-Achel,72037,2020-08-31,0,65
Hamont-Achel,72037,2020-09-01,0,65
Hamont-Achel,72037,2020-09-02,0,65
Hamont-Achel,72037,2020-09-03,0,65
Hamont-Achel,72037,2020-09-04,0,65
Hamont-Achel,72037,2020-09-05,0,65
Hamont-Achel,72037,2020-09-06,0,65
Hamont-Achel,72037,2020-09-07,0,65
Hamont-Achel,72037,2020-09-08,0,65
Hamont-Achel,72037,2020-09-09,0,65
Hamont-Achel,72037,2020-09-10,1,66
Hamont-Achel,72037,2020-09-11,0,66
Hamont-Achel,72037,2020-09-12,0,66
Hamont-Achel,72037,2020-09-13,0,66
Hamont-Achel,72037,2020-09-14,0,66
Hamont-Achel,72037,2020-09-15,0,66
Hamont-Achel,72037,2020-09-16,0,66
Hamont-Achel,72037,2020-09-17,0,66
Hamont-Achel,72037,2020-09-18,0,66
Hamont-Achel,72037,2020-09-19,0,66
Hamont-Achel,72037,2020-09-20,1,67
Hamont-Achel,72037,2020-09-21,0,67
Hamont-Achel,72037,2020-09-22,0,67
Hamont-Achel,72037,2020-09-23,0,67
Hamont-Achel,72037,2020-09-24,0,67
Hamont-Achel,72037,2020-09-25,0,67
Hamont-Achel,72037,2020-09-26,0,67
Hamont-Achel,72037,2020-09-27,2,69
Hamont-Achel,72037,2020-09-28,0,69
Hamont-Achel,72037,2020-09-29,2,71
Hamont-Achel,72037,2020-09-30,0,71
Hamont-Achel,72037,2020-10-01,0,71
Hamont-Achel,72037,2020-10-02,1,72
Hamont-Achel,72037,2020-10-03,1,73
Hamont-Achel,72037,2020-10-04,3,76
Hamont-Achel,72037,2020-10-05,2,78
Hamont-Achel,72037,2020-10-06,5,83
Hamont-Achel,72037,2020-10-07,1,84
Hamont-Achel,72037,2020-10-08,2,86
Hamont-Achel,72037,2020-10-09,4,90
Hamont-Achel,72037,2020-10-10,3,93
Hamont-Achel,72037,2020-10-11,4,97
Hamont-Achel,72037,2020-10-12,6,103
Hamont-Achel,72037,2020-10-13,6,109
Hamont-Achel,72037,2020-10-14,0,109
Hamont-Achel,72037,2020-10-15,6,115
Hamont-Achel,72037,2020-10-16,11,126
Hamont-Achel,72037,2020-10-17,9,135
Hamont-Achel,72037,2020-10-18,6,141
Hamont-Achel,72037,2020-10-19,6,147
Hamont-Achel,72037,2020-10-20,4,151
Hamont-Achel,72037,2020-10-21,16,167
Hamont-Achel,72037,2020-10-22,9,176
Hamont-Achel,72037,2020-10-23,12,188
Hamont-Achel,72037,2020-10-24,10,198
Hamont-Achel,72037,2020-10-25,12,210
Hamont-Achel,72037,2020-10-26,5,215
Hamont-Achel,72037,2020-10-27,7,222
Hamont-Achel,72037,2020-10-28,5,227
Hamont-Achel,72037,2020-10-29,4,231
Hamont-Achel,72037,2020-10-30,9,240
Hamont-Achel,72037,2020-10-31,5,245
Hamont-Achel,72037,2020-11-01,4,249
Hamont-Achel,72037,2020-11-02,1,250
Hamont-Achel,72037,2020-11-03,2,252
Hamont-Achel,72037,2020-11-04,7,259
Hamont-Achel,72037,2020-11-05,4,263
Hamont-Achel,72037,2020-11-06,3,266
Hamont-Achel,72037,2020-11-07,3,269
Hamont-Achel,72037,2020-11-08,2,271
Hamont-Achel,72037,2020-11-09,0,271
Hamont-Achel,72037,2020-11-10,2,273
Hamont-Achel,72037,2020-11-11,1,274
Hechtel-Eksel,72038,2020-04-01,0,12
Hechtel-Eksel,72038,2020-04-02,2,14
Hechtel-Eksel,72038,2020-04-03,0,14
Hechtel-Eksel,72038,2020-04-04,0,14
Hechtel-Eksel,72038,2020-04-05,1,15
Hechtel-Eksel,72038,2020-04-06,0,15
Hechtel-Eksel,72038,2020-04-07,1,16
Hechtel-Eksel,72038,2020-04-08,0,16
Hechtel-Eksel,72038,2020-04-09,0,16
Hechtel-Eksel,72038,2020-04-10,0,16
Hechtel-Eksel,72038,2020-04-11,1,17
Hechtel-Eksel,72038,2020-04-12,0,17
Hechtel-Eksel,72038,2020-04-13,0,17
Hechtel-Eksel,72038,2020-04-14,1,18
Hechtel-Eksel,72038,2020-04-15,3,21
Hechtel-Eksel,72038,2020-04-16,0,21
Hechtel-Eksel,72038,2020-04-17,1,22
Hechtel-Eksel,72038,2020-04-18,0,22
Hechtel-Eksel,72038,2020-04-19,0,22
Hechtel-Eksel,72038,2020-04-20,0,22
Hechtel-Eksel,72038,2020-04-21,0,22
Hechtel-Eksel,72038,2020-04-22,0,22
Hechtel-Eksel,72038,2020-04-23,2,24
Hechtel-Eksel,72038,2020-04-24,1,25
Hechtel-Eksel,72038,2020-04-25,1,26
Hechtel-Eksel,72038,2020-04-26,0,26
Hechtel-Eksel,72038,2020-04-27,1,27
Hechtel-Eksel,72038,2020-04-28,0,27
Hechtel-Eksel,72038,2020-04-29,0,27
Hechtel-Eksel,72038,2020-04-30,0,27
Hechtel-Eksel,72038,2020-05-01,0,27
Hechtel-Eksel,72038,2020-05-02,0,27
Hechtel-Eksel,72038,2020-05-03,0,27
Hechtel-Eksel,72038,2020-05-04,0,27
Hechtel-Eksel,72038,2020-05-05,0,27
Hechtel-Eksel,72038,2020-05-06,0,27
Hechtel-Eksel,72038,2020-05-07,0,27
Hechtel-Eksel,72038,2020-05-08,0,27
Hechtel-Eksel,72038,2020-05-09,2,29
Hechtel-Eksel,72038,2020-05-10,1,30
Hechtel-Eksel,72038,2020-05-11,0,30
Hechtel-Eksel,72038,2020-05-12,0,30
Hechtel-Eksel,72038,2020-05-13,2,32
Hechtel-Eksel,72038,2020-05-14,0,32
Hechtel-Eksel,72038,2020-05-15,0,32
Hechtel-Eksel,72038,2020-05-16,0,32
Hechtel-Eksel,72038,2020-05-17,0,32
Hechtel-Eksel,72038,2020-05-18,0,32
Hechtel-Eksel,72038,2020-05-19,0,32
Hechtel-Eksel,72038,2020-05-20,0,32
Hechtel-Eksel,72038,2020-05-21,0,32
Hechtel-Eksel,72038,2020-05-22,0,32
Hechtel-Eksel,72038,2020-05-23,0,32
Hechtel-Eksel,72038,2020-05-24,0,32
Hechtel-Eksel,72038,2020-05-25,0,32
Hechtel-Eksel,72038,2020-05-26,0,32
Hechtel-Eksel,72038,2020-05-27,0,32
Hechtel-Eksel,72038,2020-05-28,0,32
Hechtel-Eksel,72038,2020-05-29,0,32
Hechtel-Eksel,72038,2020-05-30,0,32
Hechtel-Eksel,72038,2020-05-31,0,32
Hechtel-Eksel,72038,2020-06-01,0,32
Hechtel-Eksel,72038,2020-06-02,0,32
Hechtel-Eksel,72038,2020-06-03,0,32
Hechtel-Eksel,72038,2020-06-04,0,32
Hechtel-Eksel,72038,2020-06-05,0,32
Hechtel-Eksel,72038,2020-06-06,0,32
Hechtel-Eksel,72038,2020-06-07,0,32
Hechtel-Eksel,72038,2020-06-08,1,33
Hechtel-Eksel,72038,2020-06-09,0,33
Hechtel-Eksel,72038,2020-06-10,0,33
Hechtel-Eksel,72038,2020-06-11,0,33
Hechtel-Eksel,72038,2020-06-12,0,33
Hechtel-Eksel,72038,2020-06-13,0,33
Hechtel-Eksel,72038,2020-06-14,0,33
Hechtel-Eksel,72038,2020-06-15,0,33
Hechtel-Eksel,72038,2020-06-16,0,33
Hechtel-Eksel,72038,2020-06-17,0,33
Hechtel-Eksel,72038,2020-06-18,0,33
Hechtel-Eksel,72038,2020-06-19,0,33
Hechtel-Eksel,72038,2020-06-20,0,33
Hechtel-Eksel,72038,2020-06-23,0,33
Hechtel-Eksel,72038,2020-06-24,0,33
Hechtel-Eksel,72038,2020-06-25,0,33
Hechtel-Eksel,72038,2020-06-26,0,33
Hechtel-Eksel,72038,2020-06-27,0,33
Hechtel-Eksel,72038,2020-06-30,0,33
Hechtel-Eksel,72038,2020-07-01,0,33
Hechtel-Eksel,72038,2020-07-02,0,33
Hechtel-Eksel,72038,2020-07-03,0,33
Hechtel-Eksel,72038,2020-07-04,0,33
Hechtel-Eksel,72038,2020-07-07,0,33
Hechtel-Eksel,72038,2020-07-08,0,33
Hechtel-Eksel,72038,2020-07-09,0,33
Hechtel-Eksel,72038,2020-07-10,0,33
Hechtel-Eksel,72038,2020-07-11,0,33
Hechtel-Eksel,72038,2020-07-14,0,33
Hechtel-Eksel,72038,2020-07-15,0,33
Hechtel-Eksel,72038,2020-07-16,0,33
Hechtel-Eksel,72038,2020-07-17,0,33
Hechtel-Eksel,72038,2020-07-18,0,33
Hechtel-Eksel,72038,2020-07-20,0,33
Hechtel-Eksel,72038,2020-07-21,0,33
Hechtel-Eksel,72038,2020-07-22,0,33
Hechtel-Eksel,72038,2020-07-23,0,33
Hechtel-Eksel,72038,2020-07-24,0,33
Hechtel-Eksel,72038,2020-07-25,1,34
Hechtel-Eksel,72038,2020-07-26,0,34
Hechtel-Eksel,72038,2020-07-27,1,35
Hechtel-Eksel,72038,2020-07-28,0,35
Hechtel-Eksel,72038,2020-07-29,0,35
Hechtel-Eksel,72038,2020-07-30,0,35
Hechtel-Eksel,72038,2020-07-31,2,37
Hechtel-Eksel,72038,2020-08-01,0,37
Hechtel-Eksel,72038,2020-08-02,0,37
Hechtel-Eksel,72038,2020-08-03,0,37
Hechtel-Eksel,72038,2020-08-04,0,37
Hechtel-Eksel,72038,2020-08-05,0,37
Hechtel-Eksel,72038,2020-08-06,0,37
Hechtel-Eksel,72038,2020-08-07,0,37
Hechtel-Eksel,72038,2020-08-08,0,37
Hechtel-Eksel,72038,2020-08-09,0,37
Hechtel-Eksel,72038,2020-08-10,0,37
Hechtel-Eksel,72038,2020-08-11,0,37
Hechtel-Eksel,72038,2020-08-12,0,37
Hechtel-Eksel,72038,2020-08-13,0,37
Hechtel-Eksel,72038,2020-08-14,1,38
Hechtel-Eksel,72038,2020-08-15,0,38
Hechtel-Eksel,72038,2020-08-16,1,39
Hechtel-Eksel,72038,2020-08-17,0,39
Hechtel-Eksel,72038,2020-08-18,0,39
Hechtel-Eksel,72038,2020-08-19,0,39
Hechtel-Eksel,72038,2020-08-20,0,39
Hechtel-Eksel,72038,2020-08-21,1,40
Hechtel-Eksel,72038,2020-08-22,0,40
Hechtel-Eksel,72038,2020-08-23,0,40
Hechtel-Eksel,72038,2020-08-24,0,40
Hechtel-Eksel,72038,2020-08-25,0,40
Hechtel-Eksel,72038,2020-08-26,0,40
Hechtel-Eksel,72038,2020-08-27,2,42
Hechtel-Eksel,72038,2020-08-28,0,42
Hechtel-Eksel,72038,2020-08-29,0,42
Hechtel-Eksel,72038,2020-08-30,0,42
Hechtel-Eksel,72038,2020-08-31,1,43
Hechtel-Eksel,72038,2020-09-01,0,43
Hechtel-Eksel,72038,2020-09-02,0,43
Hechtel-Eksel,72038,2020-09-03,0,43
Hechtel-Eksel,72038,2020-09-04,0,43
Hechtel-Eksel,72038,2020-09-05,1,44
Hechtel-Eksel,72038,2020-09-06,0,44
Hechtel-Eksel,72038,2020-09-07,0,44
Hechtel-Eksel,72038,2020-09-08,0,44
Hechtel-Eksel,72038,2020-09-09,1,45
Hechtel-Eksel,72038,2020-09-10,0,45
Hechtel-Eksel,72038,2020-09-11,0,45
Hechtel-Eksel,72038,2020-09-12,0,45
Hechtel-Eksel,72038,2020-09-13,0,45
Hechtel-Eksel,72038,2020-09-14,0,45
Hechtel-Eksel,72038,2020-09-15,0,45
Hechtel-Eksel,72038,2020-09-16,0,45
Hechtel-Eksel,72038,2020-09-17,0,45
Hechtel-Eksel,72038,2020-09-18,0,45
Hechtel-Eksel,72038,2020-09-19,0,45
Hechtel-Eksel,72038,2020-09-20,0,45
Hechtel-Eksel,72038,2020-09-21,1,46
Hechtel-Eksel,72038,2020-09-22,0,46
Hechtel-Eksel,72038,2020-09-23,0,46
Hechtel-Eksel,72038,2020-09-24,0,46
Hechtel-Eksel,72038,2020-09-25,0,46
Hechtel-Eksel,72038,2020-09-26,4,50
Hechtel-Eksel,72038,2020-09-27,0,50
Hechtel-Eksel,72038,2020-09-28,0,50
Hechtel-Eksel,72038,2020-09-29,0,50
Hechtel-Eksel,72038,2020-09-30,0,50
Hechtel-Eksel,72038,2020-10-01,0,50
Hechtel-Eksel,72038,2020-10-02,1,51
Hechtel-Eksel,72038,2020-10-03,1,52
Hechtel-Eksel,72038,2020-10-04,0,52
Hechtel-Eksel,72038,2020-10-05,0,52
Hechtel-Eksel,72038,2020-10-06,0,52
Hechtel-Eksel,72038,2020-10-07,4,56
Hechtel-Eksel,72038,2020-10-08,3,59
Hechtel-Eksel,72038,2020-10-09,2,61
Hechtel-Eksel,72038,2020-10-10,0,61
Hechtel-Eksel,72038,2020-10-11,1,62
Hechtel-Eksel,72038,2020-10-12,0,62
Hechtel-Eksel,72038,2020-10-13,4,66
Hechtel-Eksel,72038,2020-10-14,2,68
Hechtel-Eksel,72038,2020-10-15,2,70
Hechtel-Eksel,72038,2020-10-16,2,72
Hechtel-Eksel,72038,2020-10-17,2,74
Hechtel-Eksel,72038,2020-10-18,4,78
Hechtel-Eksel,72038,2020-10-19,2,80
Hechtel-Eksel,72038,2020-10-20,2,82
Hechtel-Eksel,72038,2020-10-21,6,88
Hechtel-Eksel,72038,2020-10-22,7,95
Hechtel-Eksel,72038,2020-10-23,5,100
Hechtel-Eksel,72038,2020-10-24,6,106
Hechtel-Eksel,72038,2020-10-25,5,111
Hechtel-Eksel,72038,2020-10-26,4,115
Hechtel-Eksel,72038,2020-10-27,4,119
Hechtel-Eksel,72038,2020-10-28,5,124
Hechtel-Eksel,72038,2020-10-29,5,129
Hechtel-Eksel,72038,2020-10-30,6,135
Hechtel-Eksel,72038,2020-10-31,4,139
Hechtel-Eksel,72038,2020-11-01,3,142
Hechtel-Eksel,72038,2020-11-02,5,147
Hechtel-Eksel,72038,2020-11-03,4,151
Hechtel-Eksel,72038,2020-11-04,1,152
Hechtel-Eksel,72038,2020-11-05,2,154
Hechtel-Eksel,72038,2020-11-06,2,156
Hechtel-Eksel,72038,2020-11-07,2,158
Hechtel-Eksel,72038,2020-11-08,5,163
Hechtel-Eksel,72038,2020-11-09,2,165
Hechtel-Eksel,72038,2020-11-10,1,166
Hechtel-Eksel,72038,2020-11-11,0,166
Houthalen-Helchteren,72039,2020-04-01,2,40
Houthalen-Helchteren,72039,2020-04-02,3,43
Houthalen-Helchteren,72039,2020-04-03,8,51
Houthalen-Helchteren,72039,2020-04-04,4,55
Houthalen-Helchteren,72039,2020-04-05,5,60
Houthalen-Helchteren,72039,2020-04-06,5,65
Houthalen-Helchteren,72039,2020-04-07,4,69
Houthalen-Helchteren,72039,2020-04-08,1,70
Houthalen-Helchteren,72039,2020-04-09,3,73
Houthalen-Helchteren,72039,2020-04-10,7,80
Houthalen-Helchteren,72039,2020-04-11,2,82
Houthalen-Helchteren,72039,2020-04-12,8,90
Houthalen-Helchteren,72039,2020-04-13,5,95
Houthalen-Helchteren,72039,2020-04-14,4,99
Houthalen-Helchteren,72039,2020-04-15,2,101
Houthalen-Helchteren,72039,2020-04-16,3,104
Houthalen-Helchteren,72039,2020-04-17,3,107
Houthalen-Helchteren,72039,2020-04-18,4,111
Houthalen-Helchteren,72039,2020-04-19,3,114
Houthalen-Helchteren,72039,2020-04-20,3,117
Houthalen-Helchteren,72039,2020-04-21,1,118
Houthalen-Helchteren,72039,2020-04-22,2,120
Houthalen-Helchteren,72039,2020-04-23,1,121
Houthalen-Helchteren,72039,2020-04-24,3,124
Houthalen-Helchteren,72039,2020-04-25,4,128
Houthalen-Helchteren,72039,2020-04-26,2,130
Houthalen-Helchteren,72039,2020-04-27,2,132
Houthalen-Helchteren,72039,2020-04-28,4,136
Houthalen-Helchteren,72039,2020-04-29,1,137
Houthalen-Helchteren,72039,2020-04-30,2,139
Houthalen-Helchteren,72039,2020-05-01,1,140
Houthalen-Helchteren,72039,2020-05-02,1,141
Houthalen-Helchteren,72039,2020-05-03,1,142
Houthalen-Helchteren,72039,2020-05-04,5,147
Houthalen-Helchteren,72039,2020-05-05,0,147
Houthalen-Helchteren,72039,2020-05-06,1,148
Houthalen-Helchteren,72039,2020-05-07,0,148
Houthalen-Helchteren,72039,2020-05-08,0,148
Houthalen-Helchteren,72039,2020-05-09,0,148
Houthalen-Helchteren,72039,2020-05-10,1,149
Houthalen-Helchteren,72039,2020-05-11,1,150
Houthalen-Helchteren,72039,2020-05-12,0,150
Houthalen-Helchteren,72039,2020-05-13,0,150
Houthalen-Helchteren,72039,2020-05-14,0,150
Houthalen-Helchteren,72039,2020-05-15,1,151
Houthalen-Helchteren,72039,2020-05-16,1,152
Houthalen-Helchteren,72039,2020-05-17,0,152
Houthalen-Helchteren,72039,2020-05-18,0,152
Houthalen-Helchteren,72039,2020-05-19,2,154
Houthalen-Helchteren,72039,2020-05-20,1,155
Houthalen-Helchteren,72039,2020-05-21,4,159
Houthalen-Helchteren,72039,2020-05-22,1,160
Houthalen-Helchteren,72039,2020-05-23,3,163
Houthalen-Helchteren,72039,2020-05-24,4,167
Houthalen-Helchteren,72039,2020-05-25,0,167
Houthalen-Helchteren,72039,2020-05-26,4,171
Houthalen-Helchteren,72039,2020-05-27,3,174
Houthalen-Helchteren,72039,2020-05-28,4,178
Houthalen-Helchteren,72039,2020-05-29,4,182
Houthalen-Helchteren,72039,2020-05-30,0,182
Houthalen-Helchteren,72039,2020-05-31,1,183
Houthalen-Helchteren,72039,2020-06-01,4,187
Houthalen-Helchteren,72039,2020-06-02,2,189
Houthalen-Helchteren,72039,2020-06-03,1,190
Houthalen-Helchteren,72039,2020-06-04,1,191
Houthalen-Helchteren,72039,2020-06-05,6,197
Houthalen-Helchteren,72039,2020-06-06,2,199
Houthalen-Helchteren,72039,2020-06-07,0,199
Houthalen-Helchteren,72039,2020-06-08,2,201
Houthalen-Helchteren,72039,2020-06-09,0,201
Houthalen-Helchteren,72039,2020-06-10,0,201
Houthalen-Helchteren,72039,2020-06-11,0,201
Houthalen-Helchteren,72039,2020-06-12,0,201
Houthalen-Helchteren,72039,2020-06-13,2,203
Houthalen-Helchteren,72039,2020-06-14,4,207
Houthalen-Helchteren,72039,2020-06-15,0,207
Houthalen-Helchteren,72039,2020-06-16,0,207
Houthalen-Helchteren,72039,2020-06-17,0,207
Houthalen-Helchteren,72039,2020-06-18,3,210
Houthalen-Helchteren,72039,2020-06-19,0,210
Houthalen-Helchteren,72039,2020-06-20,2,212
Houthalen-Helchteren,72039,2020-06-23,6,218
Houthalen-Helchteren,72039,2020-06-24,1,219
Houthalen-Helchteren,72039,2020-06-25,1,220
Houthalen-Helchteren,72039,2020-06-26,1,221
Houthalen-Helchteren,72039,2020-06-27,0,221
Houthalen-Helchteren,72039,2020-06-30,2,223
Houthalen-Helchteren,72039,2020-07-01,0,223
Houthalen-Helchteren,72039,2020-07-02,3,226
Houthalen-Helchteren,72039,2020-07-03,3,229
Houthalen-Helchteren,72039,2020-07-04,1,230
Houthalen-Helchteren,72039,2020-07-07,1,231
Houthalen-Helchteren,72039,2020-07-08,1,232
Houthalen-Helchteren,72039,2020-07-09,0,232
Houthalen-Helchteren,72039,2020-07-10,3,235
Houthalen-Helchteren,72039,2020-07-11,3,238
Houthalen-Helchteren,72039,2020-07-14,5,243
Houthalen-Helchteren,72039,2020-07-15,2,245
Houthalen-Helchteren,72039,2020-07-16,2,247
Houthalen-Helchteren,72039,2020-07-17,5,252
Houthalen-Helchteren,72039,2020-07-18,1,253
Houthalen-Helchteren,72039,2020-07-20,2,255
Houthalen-Helchteren,72039,2020-07-21,1,256
Houthalen-Helchteren,72039,2020-07-22,1,257
Houthalen-Helchteren,72039,2020-07-23,0,257
Houthalen-Helchteren,72039,2020-07-24,2,259
Houthalen-Helchteren,72039,2020-07-25,1,260
Houthalen-Helchteren,72039,2020-07-26,1,261
Houthalen-Helchteren,72039,2020-07-27,4,265
Houthalen-Helchteren,72039,2020-07-28,4,269
Houthalen-Helchteren,72039,2020-07-29,2,271
Houthalen-Helchteren,72039,2020-07-30,2,273
Houthalen-Helchteren,72039,2020-07-31,2,275
Houthalen-Helchteren,72039,2020-08-01,0,275
Houthalen-Helchteren,72039,2020-08-02,9,284
Houthalen-Helchteren,72039,2020-08-03,7,291
Houthalen-Helchteren,72039,2020-08-04,6,297
Houthalen-Helchteren,72039,2020-08-05,4,301
Houthalen-Helchteren,72039,2020-08-06,2,303
Houthalen-Helchteren,72039,2020-08-07,1,304
Houthalen-Helchteren,72039,2020-08-08,5,309
Houthalen-Helchteren,72039,2020-08-09,6,315
Houthalen-Helchteren,72039,2020-08-10,2,317
Houthalen-Helchteren,72039,2020-08-11,0,317
Houthalen-Helchteren,72039,2020-08-12,0,317
Houthalen-Helchteren,72039,2020-08-13,4,321
Houthalen-Helchteren,72039,2020-08-14,-7,314
Houthalen-Helchteren,72039,2020-08-15,8,322
Houthalen-Helchteren,72039,2020-08-16,5,327
Houthalen-Helchteren,72039,2020-08-17,0,327
Houthalen-Helchteren,72039,2020-08-18,0,327
Houthalen-Helchteren,72039,2020-08-19,0,327
Houthalen-Helchteren,72039,2020-08-20,0,327
Houthalen-Helchteren,72039,2020-08-21,0,327
Houthalen-Helchteren,72039,2020-08-22,3,330
Houthalen-Helchteren,72039,2020-08-23,2,332
Houthalen-Helchteren,72039,2020-08-24,1,333
Houthalen-Helchteren,72039,2020-08-25,1,334
Houthalen-Helchteren,72039,2020-08-26,0,334
Houthalen-Helchteren,72039,2020-08-27,4,338
Houthalen-Helchteren,72039,2020-08-28,2,340
Houthalen-Helchteren,72039,2020-08-29,1,341
Houthalen-Helchteren,72039,2020-08-30,2,343
Houthalen-Helchteren,72039,2020-08-31,2,345
Houthalen-Helchteren,72039,2020-09-01,0,345
Houthalen-Helchteren,72039,2020-09-02,0,345
Houthalen-Helchteren,72039,2020-09-03,1,346
Houthalen-Helchteren,72039,2020-09-04,3,349
Houthalen-Helchteren,72039,2020-09-05,4,353
Houthalen-Helchteren,72039,2020-09-06,1,354
Houthalen-Helchteren,72039,2020-09-07,8,362
Houthalen-Helchteren,72039,2020-09-08,3,365
Houthalen-Helchteren,72039,2020-09-09,0,365
Houthalen-Helchteren,72039,2020-09-10,5,370
Houthalen-Helchteren,72039,2020-09-11,2,372
Houthalen-Helchteren,72039,2020-09-12,4,376
Houthalen-Helchteren,72039,2020-09-13,7,383
Houthalen-Helchteren,72039,2020-09-14,5,388
Houthalen-Helchteren,72039,2020-09-15,6,394
Houthalen-Helchteren,72039,2020-09-16,1,395
Houthalen-Helchteren,72039,2020-09-17,6,401
Houthalen-Helchteren,72039,2020-09-18,9,410
Houthalen-Helchteren,72039,2020-09-19,7,417
Houthalen-Helchteren,72039,2020-09-20,2,419
Houthalen-Helchteren,72039,2020-09-21,7,426
Houthalen-Helchteren,72039,2020-09-22,5,431
Houthalen-Helchteren,72039,2020-09-23,2,433
Houthalen-Helchteren,72039,2020-09-24,2,435
Houthalen-Helchteren,72039,2020-09-25,2,437
Houthalen-Helchteren,72039,2020-09-26,3,440
Houthalen-Helchteren,72039,2020-09-27,5,445
Houthalen-Helchteren,72039,2020-09-28,5,450
Houthalen-Helchteren,72039,2020-09-29,1,451
Houthalen-Helchteren,72039,2020-09-30,2,453
Houthalen-Helchteren,72039,2020-10-01,1,454
Houthalen-Helchteren,72039,2020-10-02,3,457
Houthalen-Helchteren,72039,2020-10-03,0,457
Houthalen-Helchteren,72039,2020-10-04,4,461
Houthalen-Helchteren,72039,2020-10-05,0,461
Houthalen-Helchteren,72039,2020-10-06,2,463
Houthalen-Helchteren,72039,2020-10-07,4,467
Houthalen-Helchteren,72039,2020-10-08,1,468
Houthalen-Helchteren,72039,2020-10-09,6,474
Houthalen-Helchteren,72039,2020-10-10,6,480
Houthalen-Helchteren,72039,2020-10-11,8,488
Houthalen-Helchteren,72039,2020-10-12,3,491
Houthalen-Helchteren,72039,2020-10-13,0,491
Houthalen-Helchteren,72039,2020-10-14,13,504
Houthalen-Helchteren,72039,2020-10-15,20,524
Houthalen-Helchteren,72039,2020-10-16,12,536
Houthalen-Helchteren,72039,2020-10-17,16,552
Houthalen-Helchteren,72039,2020-10-18,9,561
Houthalen-Helchteren,72039,2020-10-19,17,578
Houthalen-Helchteren,72039,2020-10-20,18,596
Houthalen-Helchteren,72039,2020-10-21,12,608
Houthalen-Helchteren,72039,2020-10-22,27,635
Houthalen-Helchteren,72039,2020-10-23,19,654
Houthalen-Helchteren,72039,2020-10-24,11,665
Houthalen-Helchteren,72039,2020-10-25,16,681
Houthalen-Helchteren,72039,2020-10-26,18,699
Houthalen-Helchteren,72039,2020-10-27,14,713
Houthalen-Helchteren,72039,2020-10-28,25,738
Houthalen-Helchteren,72039,2020-10-29,26,764
Houthalen-Helchteren,72039,2020-10-30,20,784
Houthalen-Helchteren,72039,2020-10-31,30,814
Houthalen-Helchteren,72039,2020-11-01,42,856
Houthalen-Helchteren,72039,2020-11-02,11,867
Houthalen-Helchteren,72039,2020-11-03,7,874
Houthalen-Helchteren,72039,2020-11-04,8,882
Houthalen-Helchteren,72039,2020-11-05,21,903
Houthalen-Helchteren,72039,2020-11-06,12,915
Houthalen-Helchteren,72039,2020-11-07,12,927
Houthalen-Helchteren,72039,2020-11-08,10,937
Houthalen-Helchteren,72039,2020-11-09,10,947
Houthalen-Helchteren,72039,2020-11-10,3,950
Houthalen-Helchteren,72039,2020-11-11,3,953
Dilsen-Stokkem,72041,2020-04-01,2,24
Dilsen-Stokkem,72041,2020-04-02,5,29
Dilsen-Stokkem,72041,2020-04-03,6,35
Dilsen-Stokkem,72041,2020-04-04,8,43
Dilsen-Stokkem,72041,2020-04-05,6,49
Dilsen-Stokkem,72041,2020-04-06,7,56
Dilsen-Stokkem,72041,2020-04-07,1,57
Dilsen-Stokkem,72041,2020-04-08,0,57
Dilsen-Stokkem,72041,2020-04-09,11,68
Dilsen-Stokkem,72041,2020-04-10,7,75
Dilsen-Stokkem,72041,2020-04-11,3,78
Dilsen-Stokkem,72041,2020-04-12,2,80
Dilsen-Stokkem,72041,2020-04-13,3,83
Dilsen-Stokkem,72041,2020-04-14,2,85
Dilsen-Stokkem,72041,2020-04-15,36,121
Dilsen-Stokkem,72041,2020-04-16,1,122
Dilsen-Stokkem,72041,2020-04-17,4,126
Dilsen-Stokkem,72041,2020-04-18,2,128
Dilsen-Stokkem,72041,2020-04-19,1,129
Dilsen-Stokkem,72041,2020-04-20,1,130
Dilsen-Stokkem,72041,2020-04-21,4,134
Dilsen-Stokkem,72041,2020-04-22,2,136
Dilsen-Stokkem,72041,2020-04-23,1,137
Dilsen-Stokkem,72041,2020-04-24,3,140
Dilsen-Stokkem,72041,2020-04-25,0,140
Dilsen-Stokkem,72041,2020-04-26,0,140
Dilsen-Stokkem,72041,2020-04-27,0,140
Dilsen-Stokkem,72041,2020-04-28,3,143
Dilsen-Stokkem,72041,2020-04-29,0,143
Dilsen-Stokkem,72041,2020-04-30,1,144
Dilsen-Stokkem,72041,2020-05-01,3,147
Dilsen-Stokkem,72041,2020-05-02,0,147
Dilsen-Stokkem,72041,2020-05-03,0,147
Dilsen-Stokkem,72041,2020-05-04,0,147
Dilsen-Stokkem,72041,2020-05-05,3,150
Dilsen-Stokkem,72041,2020-05-06,1,151
Dilsen-Stokkem,72041,2020-05-07,0,151
Dilsen-Stokkem,72041,2020-05-08,0,151
Dilsen-Stokkem,72041,2020-05-09,0,151
Dilsen-Stokkem,72041,2020-05-10,3,154
Dilsen-Stokkem,72041,2020-05-11,1,155
Dilsen-Stokkem,72041,2020-05-12,0,155
Dilsen-Stokkem,72041,2020-05-13,1,156
Dilsen-Stokkem,72041,2020-05-14,0,156
Dilsen-Stokkem,72041,2020-05-15,0,156
Dilsen-Stokkem,72041,2020-05-16,0,156
Dilsen-Stokkem,72041,2020-05-17,0,156
Dilsen-Stokkem,72041,2020-05-18,0,156
Dilsen-Stokkem,72041,2020-05-19,2,158
Dilsen-Stokkem,72041,2020-05-20,1,159
Dilsen-Stokkem,72041,2020-05-21,1,160
Dilsen-Stokkem,72041,2020-05-22,0,160
Dilsen-Stokkem,72041,2020-05-23,0,160
Dilsen-Stokkem,72041,2020-05-24,0,160
Dilsen-Stokkem,72041,2020-05-25,0,160
Dilsen-Stokkem,72041,2020-05-26,0,160
Dilsen-Stokkem,72041,2020-05-27,1,161
Dilsen-Stokkem,72041,2020-05-28,1,162
Dilsen-Stokkem,72041,2020-05-29,1,163
Dilsen-Stokkem,72041,2020-05-30,0,163
Dilsen-Stokkem,72041,2020-05-31,0,163
Dilsen-Stokkem,72041,2020-06-01,0,163
Dilsen-Stokkem,72041,2020-06-02,0,163
Dilsen-Stokkem,72041,2020-06-03,0,163
Dilsen-Stokkem,72041,2020-06-04,0,163
Dilsen-Stokkem,72041,2020-06-05,0,163
Dilsen-Stokkem,72041,2020-06-06,0,163
Dilsen-Stokkem,72041,2020-06-07,0,163
Dilsen-Stokkem,72041,2020-06-08,0,163
Dilsen-Stokkem,72041,2020-06-09,0,163
Dilsen-Stokkem,72041,2020-06-10,0,163
Dilsen-Stokkem,72041,2020-06-11,1,164
Dilsen-Stokkem,72041,2020-06-12,0,164
Dilsen-Stokkem,72041,2020-06-13,0,164
Dilsen-Stokkem,72041,2020-06-14,0,164
Dilsen-Stokkem,72041,2020-06-15,0,164
Dilsen-Stokkem,72041,2020-06-16,0,164
Dilsen-Stokkem,72041,2020-06-17,0,164
Dilsen-Stokkem,72041,2020-06-18,0,164
Dilsen-Stokkem,72041,2020-06-19,1,165
Dilsen-Stokkem,72041,2020-06-20,0,165
Dilsen-Stokkem,72041,2020-06-23,0,165
Dilsen-Stokkem,72041,2020-06-24,0,165
Dilsen-Stokkem,72041,2020-06-25,0,165
Dilsen-Stokkem,72041,2020-06-26,1,166
Dilsen-Stokkem,72041,2020-06-27,0,166
Dilsen-Stokkem,72041,2020-06-30,0,166
Dilsen-Stokkem,72041,2020-07-01,0,166
Dilsen-Stokkem,72041,2020-07-02,0,166
Dilsen-Stokkem,72041,2020-07-03,0,166
Dilsen-Stokkem,72041,2020-07-04,0,166
Dilsen-Stokkem,72041,2020-07-07,0,166
Dilsen-Stokkem,72041,2020-07-08,0,166
Dilsen-Stokkem,72041,2020-07-09,0,166
Dilsen-Stokkem,72041,2020-07-10,1,167
Dilsen-Stokkem,72041,2020-07-11,1,168
Dilsen-Stokkem,72041,2020-07-14,1,169
Dilsen-Stokkem,72041,2020-07-15,0,169
Dilsen-Stokkem,72041,2020-07-16,0,169
Dilsen-Stokkem,72041,2020-07-17,0,169
Dilsen-Stokkem,72041,2020-07-18,0,169
Dilsen-Stokkem,72041,2020-07-20,1,170
Dilsen-Stokkem,72041,2020-07-21,0,170
Dilsen-Stokkem,72041,2020-07-22,1,171
Dilsen-Stokkem,72041,2020-07-23,0,171
Dilsen-Stokkem,72041,2020-07-24,0,171
Dilsen-Stokkem,72041,2020-07-25,0,171
Dilsen-Stokkem,72041,2020-07-26,0,171
Dilsen-Stokkem,72041,2020-07-27,0,171
Dilsen-Stokkem,72041,2020-07-28,0,171
Dilsen-Stokkem,72041,2020-07-29,0,171
Dilsen-Stokkem,72041,2020-07-30,0,171
Dilsen-Stokkem,72041,2020-07-31,0,171
Dilsen-Stokkem,72041,2020-08-01,1,172
Dilsen-Stokkem,72041,2020-08-02,3,175
Dilsen-Stokkem,72041,2020-08-03,2,177
Dilsen-Stokkem,72041,2020-08-04,0,177
Dilsen-Stokkem,72041,2020-08-05,0,177
Dilsen-Stokkem,72041,2020-08-06,0,177
Dilsen-Stokkem,72041,2020-08-07,0,177
Dilsen-Stokkem,72041,2020-08-08,1,178
Dilsen-Stokkem,72041,2020-08-09,0,178
Dilsen-Stokkem,72041,2020-08-10,0,178
Dilsen-Stokkem,72041,2020-08-11,0,178
Dilsen-Stokkem,72041,2020-08-12,0,178
Dilsen-Stokkem,72041,2020-08-13,0,178
Dilsen-Stokkem,72041,2020-08-14,0,178
Dilsen-Stokkem,72041,2020-08-15,0,178
Dilsen-Stokkem,72041,2020-08-16,1,179
Dilsen-Stokkem,72041,2020-08-17,0,179
Dilsen-Stokkem,72041,2020-08-18,0,179
Dilsen-Stokkem,72041,2020-08-19,0,179
Dilsen-Stokkem,72041,2020-08-20,0,179
Dilsen-Stokkem,72041,2020-08-21,0,179
Dilsen-Stokkem,72041,2020-08-22,1,180
Dilsen-Stokkem,72041,2020-08-23,0,180
Dilsen-Stokkem,72041,2020-08-24,0,180
Dilsen-Stokkem,72041,2020-08-25,0,180
Dilsen-Stokkem,72041,2020-08-26,0,180
Dilsen-Stokkem,72041,2020-08-27,0,180
Dilsen-Stokkem,72041,2020-08-28,0,180
Dilsen-Stokkem,72041,2020-08-29,0,180
Dilsen-Stokkem,72041,2020-08-30,1,181
Dilsen-Stokkem,72041,2020-08-31,0,181
Dilsen-Stokkem,72041,2020-09-01,1,182
Dilsen-Stokkem,72041,2020-09-02,0,182
Dilsen-Stokkem,72041,2020-09-03,0,182
Dilsen-Stokkem,72041,2020-09-04,1,183
Dilsen-Stokkem,72041,2020-09-05,0,183
Dilsen-Stokkem,72041,2020-09-06,0,183
Dilsen-Stokkem,72041,2020-09-07,0,183
Dilsen-Stokkem,72041,2020-09-08,1,184
Dilsen-Stokkem,72041,2020-09-09,0,184
Dilsen-Stokkem,72041,2020-09-10,0,184
Dilsen-Stokkem,72041,2020-09-11,0,184
Dilsen-Stokkem,72041,2020-09-12,1,185
Dilsen-Stokkem,72041,2020-09-13,0,185
Dilsen-Stokkem,72041,2020-09-14,0,185
Dilsen-Stokkem,72041,2020-09-15,0,185
Dilsen-Stokkem,72041,2020-09-16,1,186
Dilsen-Stokkem,72041,2020-09-17,0,186
Dilsen-Stokkem,72041,2020-09-18,3,189
Dilsen-Stokkem,72041,2020-09-19,1,190
Dilsen-Stokkem,72041,2020-09-20,4,194
Dilsen-Stokkem,72041,2020-09-21,1,195
Dilsen-Stokkem,72041,2020-09-22,2,197
Dilsen-Stokkem,72041,2020-09-23,1,198
Dilsen-Stokkem,72041,2020-09-24,5,203
Dilsen-Stokkem,72041,2020-09-25,4,207
Dilsen-Stokkem,72041,2020-09-26,3,210
Dilsen-Stokkem,72041,2020-09-27,4,214
Dilsen-Stokkem,72041,2020-09-28,0,214
Dilsen-Stokkem,72041,2020-09-29,0,214
Dilsen-Stokkem,72041,2020-09-30,2,216
Dilsen-Stokkem,72041,2020-10-01,2,218
Dilsen-Stokkem,72041,2020-10-02,1,219
Dilsen-Stokkem,72041,2020-10-03,4,223
Dilsen-Stokkem,72041,2020-10-04,1,224
Dilsen-Stokkem,72041,2020-10-05,3,227
Dilsen-Stokkem,72041,2020-10-06,1,228
Dilsen-Stokkem,72041,2020-10-07,0,228
Dilsen-Stokkem,72041,2020-10-08,3,231
Dilsen-Stokkem,72041,2020-10-09,6,237
Dilsen-Stokkem,72041,2020-10-10,0,237
Dilsen-Stokkem,72041,2020-10-11,4,241
Dilsen-Stokkem,72041,2020-10-12,5,246
Dilsen-Stokkem,72041,2020-10-13,4,250
Dilsen-Stokkem,72041,2020-10-14,9,259
Dilsen-Stokkem,72041,2020-10-15,2,261
Dilsen-Stokkem,72041,2020-10-16,7,268
Dilsen-Stokkem,72041,2020-10-17,8,276
Dilsen-Stokkem,72041,2020-10-18,8,284
Dilsen-Stokkem,72041,2020-10-19,1,285
Dilsen-Stokkem,72041,2020-10-20,3,288
Dilsen-Stokkem,72041,2020-10-21,8,296
Dilsen-Stokkem,72041,2020-10-22,18,314
Dilsen-Stokkem,72041,2020-10-23,3,317
Dilsen-Stokkem,72041,2020-10-24,5,322
Dilsen-Stokkem,72041,2020-10-25,13,335
Dilsen-Stokkem,72041,2020-10-26,3,338
Dilsen-Stokkem,72041,2020-10-27,8,346
Dilsen-Stokkem,72041,2020-10-28,7,353
Dilsen-Stokkem,72041,2020-10-29,13,366
Dilsen-Stokkem,72041,2020-10-30,6,372
Dilsen-Stokkem,72041,2020-10-31,12,384
Dilsen-Stokkem,72041,2020-11-01,7,391
Dilsen-Stokkem,72041,2020-11-02,7,398
Dilsen-Stokkem,72041,2020-11-03,1,399
Dilsen-Stokkem,72041,2020-11-04,12,411
Dilsen-Stokkem,72041,2020-11-05,12,423
Dilsen-Stokkem,72041,2020-11-06,4,427
Dilsen-Stokkem,72041,2020-11-07,7,434
Dilsen-Stokkem,72041,2020-11-08,6,440
Dilsen-Stokkem,72041,2020-11-09,3,443
Dilsen-Stokkem,72041,2020-11-10,1,444
Dilsen-Stokkem,72041,2020-11-11,10,454
Oudsbergen,72042,2020-04-01,7,25
Oudsbergen,72042,2020-04-02,3,28
Oudsbergen,72042,2020-04-03,3,31
Oudsbergen,72042,2020-04-04,2,33
Oudsbergen,72042,2020-04-05,2,35
Oudsbergen,72042,2020-04-06,1,36
Oudsbergen,72042,2020-04-07,2,38
Oudsbergen,72042,2020-04-08,5,43
Oudsbergen,72042,2020-04-09,0,43
Oudsbergen,72042,2020-04-10,5,48
Oudsbergen,72042,2020-04-11,2,50
Oudsbergen,72042,2020-04-12,4,54
Oudsbergen,72042,2020-04-13,1,55
Oudsbergen,72042,2020-04-14,1,56
Oudsbergen,72042,2020-04-15,7,63
Oudsbergen,72042,2020-04-16,1,64
Oudsbergen,72042,2020-04-17,0,64
Oudsbergen,72042,2020-04-18,2,66
Oudsbergen,72042,2020-04-19,8,74
Oudsbergen,72042,2020-04-20,0,74
Oudsbergen,72042,2020-04-21,1,75
Oudsbergen,72042,2020-04-22,3,78
Oudsbergen,72042,2020-04-23,2,80
Oudsbergen,72042,2020-04-24,2,82
Oudsbergen,72042,2020-04-25,0,82
Oudsbergen,72042,2020-04-26,0,82
Oudsbergen,72042,2020-04-27,0,82
Oudsbergen,72042,2020-04-28,1,83
Oudsbergen,72042,2020-04-29,2,85
Oudsbergen,72042,2020-04-30,2,87
Oudsbergen,72042,2020-05-01,2,89
Oudsbergen,72042,2020-05-02,0,89
Oudsbergen,72042,2020-05-03,1,90
Oudsbergen,72042,2020-05-04,0,90
Oudsbergen,72042,2020-05-05,0,90
Oudsbergen,72042,2020-05-06,2,92
Oudsbergen,72042,2020-05-07,1,93
Oudsbergen,72042,2020-05-08,0,93
Oudsbergen,72042,2020-05-09,0,93
Oudsbergen,72042,2020-05-10,3,96
Oudsbergen,72042,2020-05-11,2,98
Oudsbergen,72042,2020-05-12,0,98
Oudsbergen,72042,2020-05-13,0,98
Oudsbergen,72042,2020-05-14,1,99
Oudsbergen,72042,2020-05-15,0,99
Oudsbergen,72042,2020-05-16,0,99
Oudsbergen,72042,2020-05-17,0,99
Oudsbergen,72042,2020-05-18,0,99
Oudsbergen,72042,2020-05-19,3,102
Oudsbergen,72042,2020-05-20,0,102
Oudsbergen,72042,2020-05-21,0,102
Oudsbergen,72042,2020-05-22,1,103
Oudsbergen,72042,2020-05-23,0,103
Oudsbergen,72042,2020-05-24,0,103
Oudsbergen,72042,2020-05-25,0,103
Oudsbergen,72042,2020-05-26,2,105
Oudsbergen,72042,2020-05-27,1,106
Oudsbergen,72042,2020-05-28,0,106
Oudsbergen,72042,2020-05-29,1,107
Oudsbergen,72042,2020-05-30,0,107
Oudsbergen,72042,2020-05-31,0,107
Oudsbergen,72042,2020-06-01,0,107
Oudsbergen,72042,2020-06-02,0,107
Oudsbergen,72042,2020-06-03,0,107
Oudsbergen,72042,2020-06-04,0,107
Oudsbergen,72042,2020-06-05,0,107
Oudsbergen,72042,2020-06-06,0,107
Oudsbergen,72042,2020-06-07,0,107
Oudsbergen,72042,2020-06-08,1,108
Oudsbergen,72042,2020-06-09,0,108
Oudsbergen,72042,2020-06-10,1,109
Oudsbergen,72042,2020-06-11,0,109
Oudsbergen,72042,2020-06-12,0,109
Oudsbergen,72042,2020-06-13,0,109
Oudsbergen,72042,2020-06-14,0,109
Oudsbergen,72042,2020-06-15,0,109
Oudsbergen,72042,2020-06-16,0,109
Oudsbergen,72042,2020-06-17,0,109
Oudsbergen,72042,2020-06-18,1,110
Oudsbergen,72042,2020-06-19,0,110
Oudsbergen,72042,2020-06-20,1,111
Oudsbergen,72042,2020-06-23,0,111
Oudsbergen,72042,2020-06-24,1,112
Oudsbergen,72042,2020-06-25,0,112
Oudsbergen,72042,2020-06-26,0,112
Oudsbergen,72042,2020-06-27,0,112
Oudsbergen,72042,2020-06-30,3,115
Oudsbergen,72042,2020-07-01,2,117
Oudsbergen,72042,2020-07-02,0,117
Oudsbergen,72042,2020-07-03,0,117
Oudsbergen,72042,2020-07-04,0,117
Oudsbergen,72042,2020-07-07,0,117
Oudsbergen,72042,2020-07-08,0,117
Oudsbergen,72042,2020-07-09,0,117
Oudsbergen,72042,2020-07-10,0,117
Oudsbergen,72042,2020-07-11,0,117
Oudsbergen,72042,2020-07-14,0,117
Oudsbergen,72042,2020-07-15,0,117
Oudsbergen,72042,2020-07-16,0,117
Oudsbergen,72042,2020-07-17,0,117
Oudsbergen,72042,2020-07-18,1,118
Oudsbergen,72042,2020-07-20,0,118
Oudsbergen,72042,2020-07-21,0,118
Oudsbergen,72042,2020-07-22,0,118
Oudsbergen,72042,2020-07-23,1,119
Oudsbergen,72042,2020-07-24,0,119
Oudsbergen,72042,2020-07-25,2,121
Oudsbergen,72042,2020-07-26,1,122
Oudsbergen,72042,2020-07-27,0,122
Oudsbergen,72042,2020-07-28,0,122
Oudsbergen,72042,2020-07-29,0,122
Oudsbergen,72042,2020-07-30,0,122
Oudsbergen,72042,2020-07-31,1,123
Oudsbergen,72042,2020-08-01,0,123
Oudsbergen,72042,2020-08-02,2,125
Oudsbergen,72042,2020-08-03,0,125
Oudsbergen,72042,2020-08-04,4,129
Oudsbergen,72042,2020-08-05,1,130
Oudsbergen,72042,2020-08-06,0,130
Oudsbergen,72042,2020-08-07,0,130
Oudsbergen,72042,2020-08-08,1,131
Oudsbergen,72042,2020-08-09,1,132
Oudsbergen,72042,2020-08-10,0,132
Oudsbergen,72042,2020-08-11,0,132
Oudsbergen,72042,2020-08-12,0,132
Oudsbergen,72042,2020-08-13,4,136
Oudsbergen,72042,2020-08-14,1,137
Oudsbergen,72042,2020-08-15,1,138
Oudsbergen,72042,2020-08-16,0,138
Oudsbergen,72042,2020-08-17,0,138
Oudsbergen,72042,2020-08-18,0,138
Oudsbergen,72042,2020-08-19,0,138
Oudsbergen,72042,2020-08-20,0,138
Oudsbergen,72042,2020-08-21,0,138
Oudsbergen,72042,2020-08-22,0,138
Oudsbergen,72042,2020-08-23,0,138
Oudsbergen,72042,2020-08-24,0,138
Oudsbergen,72042,2020-08-25,0,138
Oudsbergen,72042,2020-08-26,0,138
Oudsbergen,72042,2020-08-27,0,138
Oudsbergen,72042,2020-08-28,1,139
Oudsbergen,72042,2020-08-29,1,140
Oudsbergen,72042,2020-08-30,0,140
Oudsbergen,72042,2020-08-31,1,141
Oudsbergen,72042,2020-09-01,0,141
Oudsbergen,72042,2020-09-02,0,141
Oudsbergen,72042,2020-09-03,1,142
Oudsbergen,72042,2020-09-04,0,142
Oudsbergen,72042,2020-09-05,0,142
Oudsbergen,72042,2020-09-06,0,142
Oudsbergen,72042,2020-09-07,1,143
Oudsbergen,72042,2020-09-08,0,143
Oudsbergen,72042,2020-09-09,3,146
Oudsbergen,72042,2020-09-10,3,149
Oudsbergen,72042,2020-09-11,1,150
Oudsbergen,72042,2020-09-12,3,153
Oudsbergen,72042,2020-09-13,0,153
Oudsbergen,72042,2020-09-14,3,156
Oudsbergen,72042,2020-09-15,1,157
Oudsbergen,72042,2020-09-16,1,158
Oudsbergen,72042,2020-09-17,5,163
Oudsbergen,72042,2020-09-18,0,163
Oudsbergen,72042,2020-09-19,1,164
Oudsbergen,72042,2020-09-20,3,167
Oudsbergen,72042,2020-09-21,1,168
Oudsbergen,72042,2020-09-22,2,170
Oudsbergen,72042,2020-09-23,0,170
Oudsbergen,72042,2020-09-24,1,171
Oudsbergen,72042,2020-09-25,2,173
Oudsbergen,72042,2020-09-26,3,176
Oudsbergen,72042,2020-09-27,2,178
Oudsbergen,72042,2020-09-28,0,178
Oudsbergen,72042,2020-09-29,4,182
Oudsbergen,72042,2020-09-30,4,186
Oudsbergen,72042,2020-10-01,0,186
Oudsbergen,72042,2020-10-02,3,189
Oudsbergen,72042,2020-10-03,1,190
Oudsbergen,72042,2020-10-04,1,191
Oudsbergen,72042,2020-10-05,1,192
Oudsbergen,72042,2020-10-06,0,192
Oudsbergen,72042,2020-10-07,1,193
Oudsbergen,72042,2020-10-08,2,195
Oudsbergen,72042,2020-10-09,5,200
Oudsbergen,72042,2020-10-10,3,203
Oudsbergen,72042,2020-10-11,0,203
Oudsbergen,72042,2020-10-12,7,210
Oudsbergen,72042,2020-10-13,1,211
Oudsbergen,72042,2020-10-14,4,215
Oudsbergen,72042,2020-10-15,2,217
Oudsbergen,72042,2020-10-16,5,222
Oudsbergen,72042,2020-10-17,5,227
Oudsbergen,72042,2020-10-18,13,240
Oudsbergen,72042,2020-10-19,4,244
Oudsbergen,72042,2020-10-20,5,249
Oudsbergen,72042,2020-10-21,8,257
Oudsbergen,72042,2020-10-22,8,265
Oudsbergen,72042,2020-10-23,10,275
Oudsbergen,72042,2020-10-24,18,293
Oudsbergen,72042,2020-10-25,9,302
Oudsbergen,72042,2020-10-26,14,316
Oudsbergen,72042,2020-10-27,6,322
Oudsbergen,72042,2020-10-28,9,331
Oudsbergen,72042,2020-10-29,13,344
Oudsbergen,72042,2020-10-30,11,355
Oudsbergen,72042,2020-10-31,26,381
Oudsbergen,72042,2020-11-01,14,395
Oudsbergen,72042,2020-11-02,15,410
Oudsbergen,72042,2020-11-03,5,415
Oudsbergen,72042,2020-11-04,2,417
Oudsbergen,72042,2020-11-05,16,433
Oudsbergen,72042,2020-11-06,3,436
Oudsbergen,72042,2020-11-07,13,449
Oudsbergen,72042,2020-11-08,3,452
Oudsbergen,72042,2020-11-09,2,454
Oudsbergen,72042,2020-11-10,2,456
Oudsbergen,72042,2020-11-11,5,461
Pelt,72043,2020-04-01,5,38
Pelt,72043,2020-04-02,6,44
Pelt,72043,2020-04-03,5,49
Pelt,72043,2020-04-04,2,51
Pelt,72043,2020-04-05,4,55
Pelt,72043,2020-04-06,0,55
Pelt,72043,2020-04-07,1,56
Pelt,72043,2020-04-08,1,57
Pelt,72043,2020-04-09,4,61
Pelt,72043,2020-04-10,2,63
Pelt,72043,2020-04-11,3,66
Pelt,72043,2020-04-12,2,68
Pelt,72043,2020-04-13,0,68
Pelt,72043,2020-04-14,0,68
Pelt,72043,2020-04-15,2,70
Pelt,72043,2020-04-16,0,70
Pelt,72043,2020-04-17,2,72
Pelt,72043,2020-04-18,0,72
Pelt,72043,2020-04-19,3,75
Pelt,72043,2020-04-20,0,75
Pelt,72043,2020-04-21,0,75
Pelt,72043,2020-04-22,2,77
Pelt,72043,2020-04-23,2,79
Pelt,72043,2020-04-24,0,79
Pelt,72043,2020-04-25,1,80
Pelt,72043,2020-04-26,1,81
Pelt,72043,2020-04-27,1,82
Pelt,72043,2020-04-28,1,83
Pelt,72043,2020-04-29,2,85
Pelt,72043,2020-04-30,1,86
Pelt,72043,2020-05-01,1,87
Pelt,72043,2020-05-02,1,88
Pelt,72043,2020-05-03,0,88
Pelt,72043,2020-05-04,0,88
Pelt,72043,2020-05-05,0,88
Pelt,72043,2020-05-06,1,89
Pelt,72043,2020-05-07,1,90
Pelt,72043,2020-05-08,0,90
Pelt,72043,2020-05-09,2,92
Pelt,72043,2020-05-10,1,93
Pelt,72043,2020-05-11,3,96
Pelt,72043,2020-05-12,0,96
Pelt,72043,2020-05-13,1,97
Pelt,72043,2020-05-14,0,97
Pelt,72043,2020-05-15,2,99
Pelt,72043,2020-05-16,3,102
Pelt,72043,2020-05-17,0,102
Pelt,72043,2020-05-18,1,103
Pelt,72043,2020-05-19,0,103
Pelt,72043,2020-05-20,1,104
Pelt,72043,2020-05-21,0,104
Pelt,72043,2020-05-22,2,106
Pelt,72043,2020-05-23,0,106
Pelt,72043,2020-05-24,0,106
Pelt,72043,2020-05-25,0,106
Pelt,72043,2020-05-26,0,106
Pelt,72043,2020-05-27,0,106
Pelt,72043,2020-05-28,1,107
Pelt,72043,2020-05-29,0,107
Pelt,72043,2020-05-30,0,107
Pelt,72043,2020-05-31,0,107
Pelt,72043,2020-06-01,0,107
Pelt,72043,2020-06-02,0,107
Pelt,72043,2020-06-03,0,107
Pelt,72043,2020-06-04,0,107
Pelt,72043,2020-06-05,2,109
Pelt,72043,2020-06-06,0,109
Pelt,72043,2020-06-07,0,109
Pelt,72043,2020-06-08,1,110
Pelt,72043,2020-06-09,0,110
Pelt,72043,2020-06-10,0,110
Pelt,72043,2020-06-11,1,111
Pelt,72043,2020-06-12,0,111
Pelt,72043,2020-06-13,0,111
Pelt,72043,2020-06-14,0,111
Pelt,72043,2020-06-15,0,111
Pelt,72043,2020-06-16,0,111
Pelt,72043,2020-06-17,0,111
Pelt,72043,2020-06-18,0,111
Pelt,72043,2020-06-19,1,112
Pelt,72043,2020-06-20,0,112
Pelt,72043,2020-06-23,0,112
Pelt,72043,2020-06-24,0,112
Pelt,72043,2020-06-25,-1,111
Pelt,72043,2020-06-26,0,111
Pelt,72043,2020-06-27,0,111
Pelt,72043,2020-06-30,0,111
Pelt,72043,2020-07-01,0,111
Pelt,72043,2020-07-02,0,111
Pelt,72043,2020-07-03,0,111
Pelt,72043,2020-07-04,0,111
Pelt,72043,2020-07-07,0,111
Pelt,72043,2020-07-08,0,111
Pelt,72043,2020-07-09,0,111
Pelt,72043,2020-07-10,0,111
Pelt,72043,2020-07-11,0,111
Pelt,72043,2020-07-14,0,111
Pelt,72043,2020-07-15,0,111
Pelt,72043,2020-07-16,0,111
Pelt,72043,2020-07-17,0,111
Pelt,72043,2020-07-18,0,111
Pelt,72043,2020-07-20,0,111
Pelt,72043,2020-07-21,0,111
Pelt,72043,2020-07-22,0,111
Pelt,72043,2020-07-23,1,112
Pelt,72043,2020-07-24,0,112
Pelt,72043,2020-07-25,0,112
Pelt,72043,2020-07-26,0,112
Pelt,72043,2020-07-27,1,113
Pelt,72043,2020-07-28,0,113
Pelt,72043,2020-07-29,0,113
Pelt,72043,2020-07-30,0,113
Pelt,72043,2020-07-31,0,113
Pelt,72043,2020-08-01,0,113
Pelt,72043,2020-08-02,1,114
Pelt,72043,2020-08-03,0,114
Pelt,72043,2020-08-04,1,115
Pelt,72043,2020-08-05,0,115
Pelt,72043,2020-08-06,0,115
Pelt,72043,2020-08-07,1,116
Pelt,72043,2020-08-08,0,116
Pelt,72043,2020-08-09,1,117
Pelt,72043,2020-08-10,0,117
Pelt,72043,2020-08-11,1,118
Pelt,72043,2020-08-12,0,118
Pelt,72043,2020-08-13,0,118
Pelt,72043,2020-08-14,0,118
Pelt,72043,2020-08-15,3,121
Pelt,72043,2020-08-16,0,121
Pelt,72043,2020-08-17,0,121
Pelt,72043,2020-08-18,0,121
Pelt,72043,2020-08-19,1,122
Pelt,72043,2020-08-20,0,122
Pelt,72043,2020-08-21,0,122
Pelt,72043,2020-08-22,0,122
Pelt,72043,2020-08-23,0,122
Pelt,72043,2020-08-24,0,122
Pelt,72043,2020-08-25,0,122
Pelt,72043,2020-08-26,0,122
Pelt,72043,2020-08-27,0,122
Pelt,72043,2020-08-28,0,122
Pelt,72043,2020-08-29,0,122
Pelt,72043,2020-08-30,2,124
Pelt,72043,2020-08-31,0,124
Pelt,72043,2020-09-01,5,129
Pelt,72043,2020-09-02,1,130
Pelt,72043,2020-09-03,1,131
Pelt,72043,2020-09-04,0,131
Pelt,72043,2020-09-05,0,131
Pelt,72043,2020-09-06,0,131
Pelt,72043,2020-09-07,0,131
Pelt,72043,2020-09-08,0,131
Pelt,72043,2020-09-09,0,131
Pelt,72043,2020-09-10,0,131
Pelt,72043,2020-09-11,0,131
Pelt,72043,2020-09-12,1,132
Pelt,72043,2020-09-13,1,133
Pelt,72043,2020-09-14,0,133
Pelt,72043,2020-09-15,0,133
Pelt,72043,2020-09-16,0,133
Pelt,72043,2020-09-17,5,138
Pelt,72043,2020-09-18,0,138
Pelt,72043,2020-09-19,3,141
Pelt,72043,2020-09-20,0,141
Pelt,72043,2020-09-21,2,143
Pelt,72043,2020-09-22,1,144
Pelt,72043,2020-09-23,0,144
Pelt,72043,2020-09-24,1,145
Pelt,72043,2020-09-25,1,146
Pelt,72043,2020-09-26,2,148
Pelt,72043,2020-09-27,2,150
Pelt,72043,2020-09-28,2,152
Pelt,72043,2020-09-29,0,152
Pelt,72043,2020-09-30,1,153
Pelt,72043,2020-10-01,0,153
Pelt,72043,2020-10-02,2,155
Pelt,72043,2020-10-03,1,156
Pelt,72043,2020-10-04,2,158
Pelt,72043,2020-10-05,1,159
Pelt,72043,2020-10-06,2,161
Pelt,72043,2020-10-07,3,164
Pelt,72043,2020-10-08,3,167
Pelt,72043,2020-10-09,2,169
Pelt,72043,2020-10-10,4,173
Pelt,72043,2020-10-11,17,190
Pelt,72043,2020-10-12,4,194
Pelt,72043,2020-10-13,4,198
Pelt,72043,2020-10-14,8,206
Pelt,72043,2020-10-15,8,214
Pelt,72043,2020-10-16,16,230
Pelt,72043,2020-10-17,11,241
Pelt,72043,2020-10-18,20,261
Pelt,72043,2020-10-19,6,267
Pelt,72043,2020-10-20,10,277
Pelt,72043,2020-10-21,31,308
Pelt,72043,2020-10-22,13,321
Pelt,72043,2020-10-23,16,337
Pelt,72043,2020-10-24,31,368
Pelt,72043,2020-10-25,10,378
Pelt,72043,2020-10-26,12,390
Pelt,72043,2020-10-27,9,399
Pelt,72043,2020-10-28,11,410
Pelt,72043,2020-10-29,15,425
Pelt,72043,2020-10-30,9,434
Pelt,72043,2020-10-31,13,447
Pelt,72043,2020-11-01,7,454
Pelt,72043,2020-11-02,6,460
Pelt,72043,2020-11-03,4,464
Pelt,72043,2020-11-04,7,471
Pelt,72043,2020-11-05,9,480
Pelt,72043,2020-11-06,8,488
Pelt,72043,2020-11-07,13,501
Pelt,72043,2020-11-08,10,511
Pelt,72043,2020-11-09,4,515
Pelt,72043,2020-11-10,3,518
Pelt,72043,2020-11-11,4,522
Alken,73001,2020-04-01,4,73
Alken,73001,2020-04-02,4,77
Alken,73001,2020-04-03,2,79
Alken,73001,2020-04-04,8,87
Alken,73001,2020-04-05,14,101
Alken,73001,2020-04-06,1,102
Alken,73001,2020-04-07,3,105
Alken,73001,2020-04-08,7,112
Alken,73001,2020-04-09,19,131
Alken,73001,2020-04-10,2,133
Alken,73001,2020-04-11,15,148
Alken,73001,2020-04-12,20,168
Alken,73001,2020-04-13,4,172
Alken,73001,2020-04-14,2,174
Alken,73001,2020-04-15,3,177
Alken,73001,2020-04-16,3,180
Alken,73001,2020-04-17,3,183
Alken,73001,2020-04-18,1,184
Alken,73001,2020-04-19,0,184
Alken,73001,2020-04-20,7,191
Alken,73001,2020-04-21,0,191
Alken,73001,2020-04-22,1,192
Alken,73001,2020-04-23,2,194
Alken,73001,2020-04-24,2,196
Alken,73001,2020-04-25,2,198
Alken,73001,2020-04-26,1,199
Alken,73001,2020-04-27,1,200
Alken,73001,2020-04-28,0,200
Alken,73001,2020-04-29,1,201
Alken,73001,2020-04-30,0,201
Alken,73001,2020-05-01,0,201
Alken,73001,2020-05-02,0,201
Alken,73001,2020-05-03,1,202
Alken,73001,2020-05-04,0,202
Alken,73001,2020-05-05,1,203
Alken,73001,2020-05-06,0,203
Alken,73001,2020-05-07,0,203
Alken,73001,2020-05-08,1,204
Alken,73001,2020-05-09,0,204
Alken,73001,2020-05-10,0,204
Alken,73001,2020-05-11,1,205
Alken,73001,2020-05-12,0,205
Alken,73001,2020-05-13,0,205
Alken,73001,2020-05-14,0,205
Alken,73001,2020-05-15,0,205
Alken,73001,2020-05-16,0,205
Alken,73001,2020-05-17,0,205
Alken,73001,2020-05-18,0,205
Alken,73001,2020-05-19,5,210
Alken,73001,2020-05-20,0,210
Alken,73001,2020-05-21,0,210
Alken,73001,2020-05-22,1,211
Alken,73001,2020-05-23,4,215
Alken,73001,2020-05-24,0,215
Alken,73001,2020-05-25,0,215
Alken,73001,2020-05-26,-3,212
Alken,73001,2020-05-27,0,212
Alken,73001,2020-05-28,0,212
Alken,73001,2020-05-29,0,212
Alken,73001,2020-05-30,0,212
Alken,73001,2020-05-31,0,212
Alken,73001,2020-06-01,0,212
Alken,73001,2020-06-02,0,212
Alken,73001,2020-06-03,0,212
Alken,73001,2020-06-04,0,212
Alken,73001,2020-06-05,0,212
Alken,73001,2020-06-06,0,212
Alken,73001,2020-06-07,0,212
Alken,73001,2020-06-08,0,212
Alken,73001,2020-06-09,0,212
Alken,73001,2020-06-10,2,214
Alken,73001,2020-06-11,-2,212
Alken,73001,2020-06-12,0,212
Alken,73001,2020-06-13,0,212
Alken,73001,2020-06-14,0,212
Alken,73001,2020-06-15,0,212
Alken,73001,2020-06-16,0,212
Alken,73001,2020-06-17,0,212
Alken,73001,2020-06-18,0,212
Alken,73001,2020-06-19,0,212
Alken,73001,2020-06-20,0,212
Alken,73001,2020-06-23,2,214
Alken,73001,2020-06-24,0,214
Alken,73001,2020-06-25,0,214
Alken,73001,2020-06-26,0,214
Alken,73001,2020-06-27,0,214
Alken,73001,2020-06-30,0,214
Alken,73001,2020-07-01,0,214
Alken,73001,2020-07-02,0,214
Alken,73001,2020-07-03,0,214
Alken,73001,2020-07-04,0,214
Alken,73001,2020-07-07,1,215
Alken,73001,2020-07-08,0,215
Alken,73001,2020-07-09,0,215
Alken,73001,2020-07-10,0,215
Alken,73001,2020-07-11,0,215
Alken,73001,2020-07-14,0,215
Alken,73001,2020-07-15,0,215
Alken,73001,2020-07-16,1,216
Alken,73001,2020-07-17,0,216
Alken,73001,2020-07-18,0,216
Alken,73001,2020-07-20,2,218
Alken,73001,2020-07-21,0,218
Alken,73001,2020-07-22,0,218
Alken,73001,2020-07-23,0,218
Alken,73001,2020-07-24,0,218
Alken,73001,2020-07-25,0,218
Alken,73001,2020-07-26,0,218
Alken,73001,2020-07-27,0,218
Alken,73001,2020-07-28,1,219
Alken,73001,2020-07-29,0,219
Alken,73001,2020-07-30,1,220
Alken,73001,2020-07-31,0,220
Alken,73001,2020-08-01,0,220
Alken,73001,2020-08-02,0,220
Alken,73001,2020-08-03,0,220
Alken,73001,2020-08-04,0,220
Alken,73001,2020-08-05,0,220
Alken,73001,2020-08-06,0,220
Alken,73001,2020-08-07,0,220
Alken,73001,2020-08-08,0,220
Alken,73001,2020-08-09,0,220
Alken,73001,2020-08-10,0,220
Alken,73001,2020-08-11,1,221
Alken,73001,2020-08-12,0,221
Alken,73001,2020-08-13,0,221
Alken,73001,2020-08-14,0,221
Alken,73001,2020-08-15,0,221
Alken,73001,2020-08-16,0,221
Alken,73001,2020-08-17,0,221
Alken,73001,2020-08-18,0,221
Alken,73001,2020-08-19,0,221
Alken,73001,2020-08-20,0,221
Alken,73001,2020-08-21,0,221
Alken,73001,2020-08-22,0,221
Alken,73001,2020-08-23,0,221
Alken,73001,2020-08-24,0,221
Alken,73001,2020-08-25,0,221
Alken,73001,2020-08-26,0,221
Alken,73001,2020-08-27,0,221
Alken,73001,2020-08-28,0,221
Alken,73001,2020-08-29,0,221
Alken,73001,2020-08-30,0,221
Alken,73001,2020-08-31,0,221
Alken,73001,2020-09-01,0,221
Alken,73001,2020-09-02,0,221
Alken,73001,2020-09-03,0,221
Alken,73001,2020-09-04,0,221
Alken,73001,2020-09-05,0,221
Alken,73001,2020-09-06,0,221
Alken,73001,2020-09-07,0,221
Alken,73001,2020-09-08,0,221
Alken,73001,2020-09-09,0,221
Alken,73001,2020-09-10,0,221
Alken,73001,2020-09-11,0,221
Alken,73001,2020-09-12,0,221
Alken,73001,2020-09-13,0,221
Alken,73001,2020-09-14,0,221
Alken,73001,2020-09-15,0,221
Alken,73001,2020-09-16,0,221
Alken,73001,2020-09-17,1,222
Alken,73001,2020-09-18,0,222
Alken,73001,2020-09-19,0,222
Alken,73001,2020-09-20,0,222
Alken,73001,2020-09-21,0,222
Alken,73001,2020-09-22,0,222
Alken,73001,2020-09-23,0,222
Alken,73001,2020-09-24,1,223
Alken,73001,2020-09-25,1,224
Alken,73001,2020-09-26,0,224
Alken,73001,2020-09-27,2,226
Alken,73001,2020-09-28,0,226
Alken,73001,2020-09-29,0,226
Alken,73001,2020-09-30,1,227
Alken,73001,2020-10-01,0,227
Alken,73001,2020-10-02,2,229
Alken,73001,2020-10-03,1,230
Alken,73001,2020-10-04,0,230
Alken,73001,2020-10-05,1,231
Alken,73001,2020-10-06,0,231
Alken,73001,2020-10-07,0,231
Alken,73001,2020-10-08,2,233
Alken,73001,2020-10-09,5,238
Alken,73001,2020-10-10,5,243
Alken,73001,2020-10-11,8,251
Alken,73001,2020-10-12,5,256
Alken,73001,2020-10-13,1,257
Alken,73001,2020-10-14,3,260
Alken,73001,2020-10-15,10,270
Alken,73001,2020-10-16,3,273
Alken,73001,2020-10-17,3,276
Alken,73001,2020-10-18,4,280
Alken,73001,2020-10-19,2,282
Alken,73001,2020-10-20,0,282
Alken,73001,2020-10-21,2,284
Alken,73001,2020-10-22,5,289
Alken,73001,2020-10-23,3,292
Alken,73001,2020-10-24,4,296
Alken,73001,2020-10-25,7,303
Alken,73001,2020-10-26,11,314
Alken,73001,2020-10-27,2,316
Alken,73001,2020-10-28,2,318
Alken,73001,2020-10-29,5,323
Alken,73001,2020-10-30,8,331
Alken,73001,2020-10-31,5,336
Alken,73001,2020-11-01,8,344
Alken,73001,2020-11-02,2,346
Alken,73001,2020-11-03,2,348
Alken,73001,2020-11-04,0,348
Alken,73001,2020-11-05,2,350
Alken,73001,2020-11-06,0,350
Alken,73001,2020-11-07,3,353
Alken,73001,2020-11-08,2,355
Alken,73001,2020-11-09,4,359
Alken,73001,2020-11-10,1,360
Alken,73001,2020-11-11,0,360
Bilzen,73006,2020-04-01,8,55
Bilzen,73006,2020-04-02,6,61
Bilzen,73006,2020-04-03,2,63
Bilzen,73006,2020-04-04,8,71
Bilzen,73006,2020-04-05,11,82
Bilzen,73006,2020-04-06,4,86
Bilzen,73006,2020-04-07,5,91
Bilzen,73006,2020-04-08,0,91
Bilzen,73006,2020-04-09,7,98
Bilzen,73006,2020-04-10,7,105
Bilzen,73006,2020-04-11,4,109
Bilzen,73006,2020-04-12,6,115
Bilzen,73006,2020-04-13,0,115
Bilzen,73006,2020-04-14,2,117
Bilzen,73006,2020-04-15,4,121
Bilzen,73006,2020-04-16,6,127
Bilzen,73006,2020-04-17,2,129
Bilzen,73006,2020-04-18,3,132
Bilzen,73006,2020-04-19,5,137
Bilzen,73006,2020-04-20,0,137
Bilzen,73006,2020-04-21,2,139
Bilzen,73006,2020-04-22,3,142
Bilzen,73006,2020-04-23,5,147
Bilzen,73006,2020-04-24,4,151
Bilzen,73006,2020-04-25,7,158
Bilzen,73006,2020-04-26,4,162
Bilzen,73006,2020-04-27,0,162
Bilzen,73006,2020-04-28,5,167
Bilzen,73006,2020-04-29,0,167
Bilzen,73006,2020-04-30,0,167
Bilzen,73006,2020-05-01,3,170
Bilzen,73006,2020-05-02,1,171
Bilzen,73006,2020-05-03,2,173
Bilzen,73006,2020-05-04,0,173
Bilzen,73006,2020-05-05,0,173
Bilzen,73006,2020-05-06,1,174
Bilzen,73006,2020-05-07,1,175
Bilzen,73006,2020-05-08,0,175
Bilzen,73006,2020-05-09,0,175
Bilzen,73006,2020-05-10,5,180
Bilzen,73006,2020-05-11,1,181
Bilzen,73006,2020-05-12,0,181
Bilzen,73006,2020-05-13,1,182
Bilzen,73006,2020-05-14,1,183
Bilzen,73006,2020-05-15,1,184
Bilzen,73006,2020-05-16,1,185
Bilzen,73006,2020-05-17,0,185
Bilzen,73006,2020-05-18,1,186
Bilzen,73006,2020-05-19,0,186
Bilzen,73006,2020-05-20,1,187
Bilzen,73006,2020-05-21,2,189
Bilzen,73006,2020-05-22,3,192
Bilzen,73006,2020-05-23,2,194
Bilzen,73006,2020-05-24,1,195
Bilzen,73006,2020-05-25,0,195
Bilzen,73006,2020-05-26,1,196
Bilzen,73006,2020-05-27,1,197
Bilzen,73006,2020-05-28,0,197
Bilzen,73006,2020-05-29,1,198
Bilzen,73006,2020-05-30,1,199
Bilzen,73006,2020-05-31,1,200
Bilzen,73006,2020-06-01,1,201
Bilzen,73006,2020-06-02,1,202
Bilzen,73006,2020-06-03,0,202
Bilzen,73006,2020-06-04,1,203
Bilzen,73006,2020-06-05,0,203
Bilzen,73006,2020-06-06,1,204
Bilzen,73006,2020-06-07,4,208
Bilzen,73006,2020-06-08,5,213
Bilzen,73006,2020-06-09,2,215
Bilzen,73006,2020-06-10,3,218
Bilzen,73006,2020-06-11,2,220
Bilzen,73006,2020-06-12,1,221
Bilzen,73006,2020-06-13,1,222
Bilzen,73006,2020-06-14,3,225
Bilzen,73006,2020-06-15,1,226
Bilzen,73006,2020-06-16,0,226
Bilzen,73006,2020-06-17,1,227
Bilzen,73006,2020-06-18,1,228
Bilzen,73006,2020-06-19,0,228
Bilzen,73006,2020-06-20,1,229
Bilzen,73006,2020-06-23,1,230
Bilzen,73006,2020-06-24,0,230
Bilzen,73006,2020-06-25,-3,227
Bilzen,73006,2020-06-26,0,227
Bilzen,73006,2020-06-27,1,228
Bilzen,73006,2020-06-30,0,228
Bilzen,73006,2020-07-01,0,228
Bilzen,73006,2020-07-02,0,228
Bilzen,73006,2020-07-03,1,229
Bilzen,73006,2020-07-04,1,230
Bilzen,73006,2020-07-07,0,230
Bilzen,73006,2020-07-08,0,230
Bilzen,73006,2020-07-09,0,230
Bilzen,73006,2020-07-10,0,230
Bilzen,73006,2020-07-11,1,231
Bilzen,73006,2020-07-14,0,231
Bilzen,73006,2020-07-15,0,231
Bilzen,73006,2020-07-16,0,231
Bilzen,73006,2020-07-17,0,231
Bilzen,73006,2020-07-18,0,231
Bilzen,73006,2020-07-20,0,231
Bilzen,73006,2020-07-21,0,231
Bilzen,73006,2020-07-22,1,232
Bilzen,73006,2020-07-23,1,233
Bilzen,73006,2020-07-24,2,235
Bilzen,73006,2020-07-25,0,235
Bilzen,73006,2020-07-26,0,235
Bilzen,73006,2020-07-27,1,236
Bilzen,73006,2020-07-28,3,239
Bilzen,73006,2020-07-29,1,240
Bilzen,73006,2020-07-30,0,240
Bilzen,73006,2020-07-31,1,241
Bilzen,73006,2020-08-01,0,241
Bilzen,73006,2020-08-02,0,241
Bilzen,73006,2020-08-03,0,241
Bilzen,73006,2020-08-04,0,241
Bilzen,73006,2020-08-05,0,241
Bilzen,73006,2020-08-06,0,241
Bilzen,73006,2020-08-07,0,241
Bilzen,73006,2020-08-08,1,242
Bilzen,73006,2020-08-09,1,243
Bilzen,73006,2020-08-10,1,244
Bilzen,73006,2020-08-11,1,245
Bilzen,73006,2020-08-12,0,245
Bilzen,73006,2020-08-13,5,250
Bilzen,73006,2020-08-14,2,252
Bilzen,73006,2020-08-15,0,252
Bilzen,73006,2020-08-16,0,252
Bilzen,73006,2020-08-17,0,252
Bilzen,73006,2020-08-18,0,252
Bilzen,73006,2020-08-19,2,254
Bilzen,73006,2020-08-20,0,254
Bilzen,73006,2020-08-21,0,254
Bilzen,73006,2020-08-22,0,254
Bilzen,73006,2020-08-23,1,255
Bilzen,73006,2020-08-24,1,256
Bilzen,73006,2020-08-25,0,256
Bilzen,73006,2020-08-26,1,257
Bilzen,73006,2020-08-27,0,257
Bilzen,73006,2020-08-28,0,257
Bilzen,73006,2020-08-29,1,258
Bilzen,73006,2020-08-30,0,258
Bilzen,73006,2020-08-31,0,258
Bilzen,73006,2020-09-01,0,258
Bilzen,73006,2020-09-02,1,259
Bilzen,73006,2020-09-03,0,259
Bilzen,73006,2020-09-04,0,259
Bilzen,73006,2020-09-05,1,260
Bilzen,73006,2020-09-06,0,260
Bilzen,73006,2020-09-07,2,262
Bilzen,73006,2020-09-08,1,263
Bilzen,73006,2020-09-09,0,263
Bilzen,73006,2020-09-10,3,266
Bilzen,73006,2020-09-11,0,266
Bilzen,73006,2020-09-12,1,267
Bilzen,73006,2020-09-13,2,269
Bilzen,73006,2020-09-14,2,271
Bilzen,73006,2020-09-15,6,277
Bilzen,73006,2020-09-16,2,279
Bilzen,73006,2020-09-17,0,279
Bilzen,73006,2020-09-18,2,281
Bilzen,73006,2020-09-19,1,282
Bilzen,73006,2020-09-20,0,282
Bilzen,73006,2020-09-21,3,285
Bilzen,73006,2020-09-22,2,287
Bilzen,73006,2020-09-23,1,288
Bilzen,73006,2020-09-24,2,290
Bilzen,73006,2020-09-25,3,293
Bilzen,73006,2020-09-26,2,295
Bilzen,73006,2020-09-27,1,296
Bilzen,73006,2020-09-28,0,296
Bilzen,73006,2020-09-29,0,296
Bilzen,73006,2020-09-30,0,296
Bilzen,73006,2020-10-01,0,296
Bilzen,73006,2020-10-02,2,298
Bilzen,73006,2020-10-03,2,300
Bilzen,73006,2020-10-04,3,303
Bilzen,73006,2020-10-05,4,307
Bilzen,73006,2020-10-06,2,309
Bilzen,73006,2020-10-07,5,314
Bilzen,73006,2020-10-08,7,321
Bilzen,73006,2020-10-09,7,328
Bilzen,73006,2020-10-10,6,334
Bilzen,73006,2020-10-11,8,342
Bilzen,73006,2020-10-12,5,347
Bilzen,73006,2020-10-13,5,352
Bilzen,73006,2020-10-14,8,360
Bilzen,73006,2020-10-15,6,366
Bilzen,73006,2020-10-16,12,378
Bilzen,73006,2020-10-17,5,383
Bilzen,73006,2020-10-18,6,389
Bilzen,73006,2020-10-19,6,395
Bilzen,73006,2020-10-20,13,408
Bilzen,73006,2020-10-21,12,420
Bilzen,73006,2020-10-22,12,432
Bilzen,73006,2020-10-23,19,451
Bilzen,73006,2020-10-24,22,473
Bilzen,73006,2020-10-25,22,495
Bilzen,73006,2020-10-26,29,524
Bilzen,73006,2020-10-27,5,529
Bilzen,73006,2020-10-28,25,554
Bilzen,73006,2020-10-29,16,570
Bilzen,73006,2020-10-30,28,598
Bilzen,73006,2020-10-31,21,619
Bilzen,73006,2020-11-01,12,631
Bilzen,73006,2020-11-02,17,648
Bilzen,73006,2020-11-03,4,652
Bilzen,73006,2020-11-04,13,665
Bilzen,73006,2020-11-05,26,691
Bilzen,73006,2020-11-06,12,703
Bilzen,73006,2020-11-07,9,712
Bilzen,73006,2020-11-08,12,724
Bilzen,73006,2020-11-09,7,731
Bilzen,73006,2020-11-10,6,737
Bilzen,73006,2020-11-11,4,741
Borgloon,73009,2020-04-01,4,37
Borgloon,73009,2020-04-02,2,39
Borgloon,73009,2020-04-03,0,39
Borgloon,73009,2020-04-04,1,40
Borgloon,73009,2020-04-05,5,45
Borgloon,73009,2020-04-06,1,46
Borgloon,73009,2020-04-07,1,47
Borgloon,73009,2020-04-08,1,48
Borgloon,73009,2020-04-09,3,51
Borgloon,73009,2020-04-10,2,53
Borgloon,73009,2020-04-11,5,58
Borgloon,73009,2020-04-12,3,61
Borgloon,73009,2020-04-13,5,66
Borgloon,73009,2020-04-14,2,68
Borgloon,73009,2020-04-15,10,78
Borgloon,73009,2020-04-16,3,81
Borgloon,73009,2020-04-17,1,82
Borgloon,73009,2020-04-18,1,83
Borgloon,73009,2020-04-19,2,85
Borgloon,73009,2020-04-20,1,86
Borgloon,73009,2020-04-21,0,86
Borgloon,73009,2020-04-22,3,89
Borgloon,73009,2020-04-23,3,92
Borgloon,73009,2020-04-24,1,93
Borgloon,73009,2020-04-25,1,94
Borgloon,73009,2020-04-26,1,95
Borgloon,73009,2020-04-27,0,95
Borgloon,73009,2020-04-28,1,96
Borgloon,73009,2020-04-29,0,96
Borgloon,73009,2020-04-30,2,98
Borgloon,73009,2020-05-01,0,98
Borgloon,73009,2020-05-02,1,99
Borgloon,73009,2020-05-03,0,99
Borgloon,73009,2020-05-04,1,100
Borgloon,73009,2020-05-05,2,102
Borgloon,73009,2020-05-06,1,103
Borgloon,73009,2020-05-07,2,105
Borgloon,73009,2020-05-08,1,106
Borgloon,73009,2020-05-09,1,107
Borgloon,73009,2020-05-10,2,109
Borgloon,73009,2020-05-11,0,109
Borgloon,73009,2020-05-12,0,109
Borgloon,73009,2020-05-13,0,109
Borgloon,73009,2020-05-14,0,109
Borgloon,73009,2020-05-15,0,109
Borgloon,73009,2020-05-16,0,109
Borgloon,73009,2020-05-17,0,109
Borgloon,73009,2020-05-18,0,109
Borgloon,73009,2020-05-19,0,109
Borgloon,73009,2020-05-20,0,109
Borgloon,73009,2020-05-21,1,110
Borgloon,73009,2020-05-22,0,110
Borgloon,73009,2020-05-23,2,112
Borgloon,73009,2020-05-24,0,112
Borgloon,73009,2020-05-25,1,113
Borgloon,73009,2020-05-26,-2,111
Borgloon,73009,2020-05-27,0,111
Borgloon,73009,2020-05-28,0,111
Borgloon,73009,2020-05-29,0,111
Borgloon,73009,2020-05-30,0,111
Borgloon,73009,2020-05-31,0,111
Borgloon,73009,2020-06-01,0,111
Borgloon,73009,2020-06-02,1,112
Borgloon,73009,2020-06-03,0,112
Borgloon,73009,2020-06-04,0,112
Borgloon,73009,2020-06-05,0,112
Borgloon,73009,2020-06-06,0,112
Borgloon,73009,2020-06-07,0,112
Borgloon,73009,2020-06-08,0,112
Borgloon,73009,2020-06-09,2,114
Borgloon,73009,2020-06-10,1,115
Borgloon,73009,2020-06-11,0,115
Borgloon,73009,2020-06-12,1,116
Borgloon,73009,2020-06-13,0,116
Borgloon,73009,2020-06-14,0,116
Borgloon,73009,2020-06-15,0,116
Borgloon,73009,2020-06-16,0,116
Borgloon,73009,2020-06-17,0,116
Borgloon,73009,2020-06-18,2,118
Borgloon,73009,2020-06-19,0,118
Borgloon,73009,2020-06-20,0,118
Borgloon,73009,2020-06-23,0,118
Borgloon,73009,2020-06-24,0,118
Borgloon,73009,2020-06-25,1,119
Borgloon,73009,2020-06-26,0,119
Borgloon,73009,2020-06-27,0,119
Borgloon,73009,2020-06-30,0,119
Borgloon,73009,2020-07-01,0,119
Borgloon,73009,2020-07-02,0,119
Borgloon,73009,2020-07-03,0,119
Borgloon,73009,2020-07-04,1,120
Borgloon,73009,2020-07-07,0,120
Borgloon,73009,2020-07-08,0,120
Borgloon,73009,2020-07-09,0,120
Borgloon,73009,2020-07-10,0,120
Borgloon,73009,2020-07-11,0,120
Borgloon,73009,2020-07-14,0,120
Borgloon,73009,2020-07-15,0,120
Borgloon,73009,2020-07-16,0,120
Borgloon,73009,2020-07-17,0,120
Borgloon,73009,2020-07-18,0,120
Borgloon,73009,2020-07-20,0,120
Borgloon,73009,2020-07-21,0,120
Borgloon,73009,2020-07-22,0,120
Borgloon,73009,2020-07-23,0,120
Borgloon,73009,2020-07-24,0,120
Borgloon,73009,2020-07-25,0,120
Borgloon,73009,2020-07-26,0,120
Borgloon,73009,2020-07-27,0,120
Borgloon,73009,2020-07-28,0,120
Borgloon,73009,2020-07-29,0,120
Borgloon,73009,2020-07-30,0,120
Borgloon,73009,2020-07-31,0,120
Borgloon,73009,2020-08-01,0,120
Borgloon,73009,2020-08-02,0,120
Borgloon,73009,2020-08-03,0,120
Borgloon,73009,2020-08-04,0,120
Borgloon,73009,2020-08-05,1,121
Borgloon,73009,2020-08-06,0,121
Borgloon,73009,2020-08-07,1,122
Borgloon,73009,2020-08-08,0,122
Borgloon,73009,2020-08-09,0,122
Borgloon,73009,2020-08-10,0,122
Borgloon,73009,2020-08-11,0,122
Borgloon,73009,2020-08-12,1,123
Borgloon,73009,2020-08-13,3,126
Borgloon,73009,2020-08-14,2,128
Borgloon,73009,2020-08-15,0,128
Borgloon,73009,2020-08-16,2,130
Borgloon,73009,2020-08-17,0,130
Borgloon,73009,2020-08-18,0,130
Borgloon,73009,2020-08-19,0,130
Borgloon,73009,2020-08-20,0,130
Borgloon,73009,2020-08-21,0,130
Borgloon,73009,2020-08-22,5,135
Borgloon,73009,2020-08-23,1,136
Borgloon,73009,2020-08-24,0,136
Borgloon,73009,2020-08-25,0,136
Borgloon,73009,2020-08-26,1,137
Borgloon,73009,2020-08-27,0,137
Borgloon,73009,2020-08-28,1,138
Borgloon,73009,2020-08-29,0,138
Borgloon,73009,2020-08-30,1,139
Borgloon,73009,2020-08-31,0,139
Borgloon,73009,2020-09-01,0,139
Borgloon,73009,2020-09-02,0,139
Borgloon,73009,2020-09-03,0,139
Borgloon,73009,2020-09-04,0,139
Borgloon,73009,2020-09-05,0,139
Borgloon,73009,2020-09-06,0,139
Borgloon,73009,2020-09-07,0,139
Borgloon,73009,2020-09-08,0,139
Borgloon,73009,2020-09-09,0,139
Borgloon,73009,2020-09-10,0,139
Borgloon,73009,2020-09-11,0,139
Borgloon,73009,2020-09-12,0,139
Borgloon,73009,2020-09-13,0,139
Borgloon,73009,2020-09-14,1,140
Borgloon,73009,2020-09-15,0,140
Borgloon,73009,2020-09-16,0,140
Borgloon,73009,2020-09-17,0,140
Borgloon,73009,2020-09-18,2,142
Borgloon,73009,2020-09-19,0,142
Borgloon,73009,2020-09-20,0,142
Borgloon,73009,2020-09-21,0,142
Borgloon,73009,2020-09-22,0,142
Borgloon,73009,2020-09-23,0,142
Borgloon,73009,2020-09-24,0,142
Borgloon,73009,2020-09-25,0,142
Borgloon,73009,2020-09-26,2,144
Borgloon,73009,2020-09-27,1,145
Borgloon,73009,2020-09-28,0,145
Borgloon,73009,2020-09-29,0,145
Borgloon,73009,2020-09-30,0,145
Borgloon,73009,2020-10-01,0,145
Borgloon,73009,2020-10-02,1,146
Borgloon,73009,2020-10-03,0,146
Borgloon,73009,2020-10-04,1,147
Borgloon,73009,2020-10-05,2,149
Borgloon,73009,2020-10-06,0,149
Borgloon,73009,2020-10-07,1,150
Borgloon,73009,2020-10-08,0,150
Borgloon,73009,2020-10-09,1,151
Borgloon,73009,2020-10-10,1,152
Borgloon,73009,2020-10-11,2,154
Borgloon,73009,2020-10-12,4,158
Borgloon,73009,2020-10-13,0,158
Borgloon,73009,2020-10-14,1,159
Borgloon,73009,2020-10-15,0,159
Borgloon,73009,2020-10-16,2,161
Borgloon,73009,2020-10-17,0,161
Borgloon,73009,2020-10-18,1,162
Borgloon,73009,2020-10-19,0,162
Borgloon,73009,2020-10-20,2,164
Borgloon,73009,2020-10-21,3,167
Borgloon,73009,2020-10-22,1,168
Borgloon,73009,2020-10-23,5,173
Borgloon,73009,2020-10-24,5,178
Borgloon,73009,2020-10-25,3,181
Borgloon,73009,2020-10-26,4,185
Borgloon,73009,2020-10-27,3,188
Borgloon,73009,2020-10-28,4,192
Borgloon,73009,2020-10-29,9,201
Borgloon,73009,2020-10-30,2,203
Borgloon,73009,2020-10-31,9,212
Borgloon,73009,2020-11-01,10,222
Borgloon,73009,2020-11-02,7,229
Borgloon,73009,2020-11-03,0,229
Borgloon,73009,2020-11-04,0,229
Borgloon,73009,2020-11-05,3,232
Borgloon,73009,2020-11-06,2,234
Borgloon,73009,2020-11-07,0,234
Borgloon,73009,2020-11-08,5,239
Borgloon,73009,2020-11-09,1,240
Borgloon,73009,2020-11-10,3,243
Borgloon,73009,2020-11-11,0,243
Heers,73022,2020-04-01,3,15
Heers,73022,2020-04-02,1,16
Heers,73022,2020-04-03,3,19
Heers,73022,2020-04-04,0,19
Heers,73022,2020-04-05,0,19
Heers,73022,2020-04-06,1,20
Heers,73022,2020-04-07,1,21
Heers,73022,2020-04-08,0,21
Heers,73022,2020-04-09,1,22
Heers,73022,2020-04-10,1,23
Heers,73022,2020-04-11,0,23
Heers,73022,2020-04-12,1,24
Heers,73022,2020-04-13,0,24
Heers,73022,2020-04-14,0,24
Heers,73022,2020-04-15,3,27
Heers,73022,2020-04-16,0,27
Heers,73022,2020-04-17,1,28
Heers,73022,2020-04-18,3,31
Heers,73022,2020-04-19,0,31
Heers,73022,2020-04-20,3,34
Heers,73022,2020-04-21,0,34
Heers,73022,2020-04-22,0,34
Heers,73022,2020-04-23,1,35
Heers,73022,2020-04-24,0,35
Heers,73022,2020-04-25,0,35
Heers,73022,2020-04-26,0,35
Heers,73022,2020-04-27,1,36
Heers,73022,2020-04-28,1,37
Heers,73022,2020-04-29,0,37
Heers,73022,2020-04-30,0,37
Heers,73022,2020-05-01,0,37
Heers,73022,2020-05-02,0,37
Heers,73022,2020-05-03,0,37
Heers,73022,2020-05-04,0,37
Heers,73022,2020-05-05,0,37
Heers,73022,2020-05-06,0,37
Heers,73022,2020-05-07,0,37
Heers,73022,2020-05-08,0,37
Heers,73022,2020-05-09,0,37
Heers,73022,2020-05-10,0,37
Heers,73022,2020-05-11,1,38
Heers,73022,2020-05-12,1,39
Heers,73022,2020-05-13,0,39
Heers,73022,2020-05-14,0,39
Heers,73022,2020-05-15,0,39
Heers,73022,2020-05-16,0,39
Heers,73022,2020-05-17,0,39
Heers,73022,2020-05-18,0,39
Heers,73022,2020-05-19,0,39
Heers,73022,2020-05-20,0,39
Heers,73022,2020-05-21,0,39
Heers,73022,2020-05-22,0,39
Heers,73022,2020-05-23,6,45
Heers,73022,2020-05-24,0,45
Heers,73022,2020-05-25,0,45
Heers,73022,2020-05-26,-3,42
Heers,73022,2020-05-27,0,42
Heers,73022,2020-05-28,0,42
Heers,73022,2020-05-29,0,42
Heers,73022,2020-05-30,0,42
Heers,73022,2020-05-31,0,42
Heers,73022,2020-06-01,0,42
Heers,73022,2020-06-02,0,42
Heers,73022,2020-06-03,0,42
Heers,73022,2020-06-04,0,42
Heers,73022,2020-06-05,0,42
Heers,73022,2020-06-06,0,42
Heers,73022,2020-06-07,0,42
Heers,73022,2020-06-08,0,42
Heers,73022,2020-06-09,0,42
Heers,73022,2020-06-10,1,43
Heers,73022,2020-06-11,-1,42
Heers,73022,2020-06-12,0,42
Heers,73022,2020-06-13,0,42
Heers,73022,2020-06-14,0,42
Heers,73022,2020-06-15,0,42
Heers,73022,2020-06-16,0,42
Heers,73022,2020-06-17,0,42
Heers,73022,2020-06-18,0,42
Heers,73022,2020-06-19,1,43
Heers,73022,2020-06-20,0,43
Heers,73022,2020-06-23,0,43
Heers,73022,2020-06-24,0,43
Heers,73022,2020-06-25,0,43
Heers,73022,2020-06-26,0,43
Heers,73022,2020-06-27,0,43
Heers,73022,2020-06-30,0,43
Heers,73022,2020-07-01,0,43
Heers,73022,2020-07-02,0,43
Heers,73022,2020-07-03,0,43
Heers,73022,2020-07-04,0,43
Heers,73022,2020-07-07,1,44
Heers,73022,2020-07-08,0,44
Heers,73022,2020-07-09,0,44
Heers,73022,2020-07-10,0,44
Heers,73022,2020-07-11,1,45
Heers,73022,2020-07-14,0,45
Heers,73022,2020-07-15,0,45
Heers,73022,2020-07-16,0,45
Heers,73022,2020-07-17,0,45
Heers,73022,2020-07-18,0,45
Heers,73022,2020-07-20,0,45
Heers,73022,2020-07-21,0,45
Heers,73022,2020-07-22,0,45
Heers,73022,2020-07-23,0,45
Heers,73022,2020-07-24,0,45
Heers,73022,2020-07-25,0,45
Heers,73022,2020-07-26,0,45
Heers,73022,2020-07-27,0,45
Heers,73022,2020-07-28,1,46
Heers,73022,2020-07-29,0,46
Heers,73022,2020-07-30,0,46
Heers,73022,2020-07-31,0,46
Heers,73022,2020-08-01,0,46
Heers,73022,2020-08-02,0,46
Heers,73022,2020-08-03,0,46
Heers,73022,2020-08-04,0,46
Heers,73022,2020-08-05,0,46
Heers,73022,2020-08-06,0,46
Heers,73022,2020-08-07,0,46
Heers,73022,2020-08-08,0,46
Heers,73022,2020-08-09,0,46
Heers,73022,2020-08-10,0,46
Heers,73022,2020-08-11,0,46
Heers,73022,2020-08-12,0,46
Heers,73022,2020-08-13,0,46
Heers,73022,2020-08-14,0,46
Heers,73022,2020-08-15,0,46
Heers,73022,2020-08-16,1,47
Heers,73022,2020-08-17,0,47
Heers,73022,2020-08-18,0,47
Heers,73022,2020-08-19,0,47
Heers,73022,2020-08-20,1,48
Heers,73022,2020-08-21,0,48
Heers,73022,2020-08-22,0,48
Heers,73022,2020-08-23,0,48
Heers,73022,2020-08-24,0,48
Heers,73022,2020-08-25,0,48
Heers,73022,2020-08-26,0,48
Heers,73022,2020-08-27,0,48
Heers,73022,2020-08-28,0,48
Heers,73022,2020-08-29,0,48
Heers,73022,2020-08-30,1,49
Heers,73022,2020-08-31,0,49
Heers,73022,2020-09-01,0,49
Heers,73022,2020-09-02,0,49
Heers,73022,2020-09-03,0,49
Heers,73022,2020-09-04,0,49
Heers,73022,2020-09-05,1,50
Heers,73022,2020-09-06,0,50
Heers,73022,2020-09-07,0,50
Heers,73022,2020-09-08,0,50
Heers,73022,2020-09-09,0,50
Heers,73022,2020-09-10,1,51
Heers,73022,2020-09-11,0,51
Heers,73022,2020-09-12,0,51
Heers,73022,2020-09-13,1,52
Heers,73022,2020-09-14,0,52
Heers,73022,2020-09-15,0,52
Heers,73022,2020-09-16,0,52
Heers,73022,2020-09-17,0,52
Heers,73022,2020-09-18,0,52
Heers,73022,2020-09-19,0,52
Heers,73022,2020-09-20,0,52
Heers,73022,2020-09-21,0,52
Heers,73022,2020-09-22,0,52
Heers,73022,2020-09-23,0,52
Heers,73022,2020-09-24,0,52
Heers,73022,2020-09-25,0,52
Heers,73022,2020-09-26,0,52
Heers,73022,2020-09-27,0,52
Heers,73022,2020-09-28,0,52
Heers,73022,2020-09-29,0,52
Heers,73022,2020-09-30,0,52
Heers,73022,2020-10-01,0,52
Heers,73022,2020-10-02,4,56
Heers,73022,2020-10-03,0,56
Heers,73022,2020-10-04,1,57
Heers,73022,2020-10-05,1,58
Heers,73022,2020-10-06,0,58
Heers,73022,2020-10-07,0,58
Heers,73022,2020-10-08,0,58
Heers,73022,2020-10-09,0,58
Heers,73022,2020-10-10,2,60
Heers,73022,2020-10-11,2,62
Heers,73022,2020-10-12,1,63
Heers,73022,2020-10-13,0,63
Heers,73022,2020-10-14,1,64
Heers,73022,2020-10-15,2,66
Heers,73022,2020-10-16,0,66
Heers,73022,2020-10-17,1,67
Heers,73022,2020-10-18,4,71
Heers,73022,2020-10-19,0,71
Heers,73022,2020-10-20,2,73
Heers,73022,2020-10-21,2,75
Heers,73022,2020-10-22,2,77
Heers,73022,2020-10-23,2,79
Heers,73022,2020-10-24,5,84
Heers,73022,2020-10-25,5,89
Heers,73022,2020-10-26,9,98
Heers,73022,2020-10-27,4,102
Heers,73022,2020-10-28,3,105
Heers,73022,2020-10-29,8,113
Heers,73022,2020-10-30,2,115
Heers,73022,2020-10-31,10,125
Heers,73022,2020-11-01,2,127
Heers,73022,2020-11-02,4,131
Heers,73022,2020-11-03,3,134
Heers,73022,2020-11-04,2,136
Heers,73022,2020-11-05,5,141
Heers,73022,2020-11-06,8,149
Heers,73022,2020-11-07,3,152
Heers,73022,2020-11-08,3,155
Heers,73022,2020-11-09,1,156
Heers,73022,2020-11-10,0,156
Heers,73022,2020-11-11,2,158
Hoeselt,73032,2020-04-01,1,7
Hoeselt,73032,2020-04-02,1,8
Hoeselt,73032,2020-04-03,0,8
Hoeselt,73032,2020-04-04,3,11
Hoeselt,73032,2020-04-05,3,14
Hoeselt,73032,2020-04-06,3,17
Hoeselt,73032,2020-04-07,0,17
Hoeselt,73032,2020-04-08,0,17
Hoeselt,73032,2020-04-09,1,18
Hoeselt,73032,2020-04-10,2,20
Hoeselt,73032,2020-04-11,1,21
Hoeselt,73032,2020-04-12,1,22
Hoeselt,73032,2020-04-13,1,23
Hoeselt,73032,2020-04-14,0,23
Hoeselt,73032,2020-04-15,22,45
Hoeselt,73032,2020-04-16,0,45
Hoeselt,73032,2020-04-17,0,45
Hoeselt,73032,2020-04-18,3,48
Hoeselt,73032,2020-04-19,0,48
Hoeselt,73032,2020-04-20,2,50
Hoeselt,73032,2020-04-21,1,51
Hoeselt,73032,2020-04-22,2,53
Hoeselt,73032,2020-04-23,1,54
Hoeselt,73032,2020-04-24,1,55
Hoeselt,73032,2020-04-25,1,56
Hoeselt,73032,2020-04-26,0,56
Hoeselt,73032,2020-04-27,0,56
Hoeselt,73032,2020-04-28,2,58
Hoeselt,73032,2020-04-29,0,58
Hoeselt,73032,2020-04-30,1,59
Hoeselt,73032,2020-05-01,1,60
Hoeselt,73032,2020-05-02,0,60
Hoeselt,73032,2020-05-03,0,60
Hoeselt,73032,2020-05-04,0,60
Hoeselt,73032,2020-05-05,0,60
Hoeselt,73032,2020-05-06,0,60
Hoeselt,73032,2020-05-07,0,60
Hoeselt,73032,2020-05-08,0,60
Hoeselt,73032,2020-05-09,0,60
Hoeselt,73032,2020-05-10,1,61
Hoeselt,73032,2020-05-11,0,61
Hoeselt,73032,2020-05-12,0,61
Hoeselt,73032,2020-05-13,0,61
Hoeselt,73032,2020-05-14,1,62
Hoeselt,73032,2020-05-15,0,62
Hoeselt,73032,2020-05-16,0,62
Hoeselt,73032,2020-05-17,1,63
Hoeselt,73032,2020-05-18,0,63
Hoeselt,73032,2020-05-19,1,64
Hoeselt,73032,2020-05-20,2,66
Hoeselt,73032,2020-05-21,0,66
Hoeselt,73032,2020-05-22,2,68
Hoeselt,73032,2020-05-23,3,71
Hoeselt,73032,2020-05-24,0,71
Hoeselt,73032,2020-05-25,0,71
Hoeselt,73032,2020-05-26,3,74
Hoeselt,73032,2020-05-27,0,74
Hoeselt,73032,2020-05-28,1,75
Hoeselt,73032,2020-05-29,0,75
Hoeselt,73032,2020-05-30,0,75
Hoeselt,73032,2020-05-31,0,75
Hoeselt,73032,2020-06-01,0,75
Hoeselt,73032,2020-06-02,0,75
Hoeselt,73032,2020-06-03,0,75
Hoeselt,73032,2020-06-04,1,76
Hoeselt,73032,2020-06-05,0,76
Hoeselt,73032,2020-06-06,0,76
Hoeselt,73032,2020-06-07,0,76
Hoeselt,73032,2020-06-08,1,77
Hoeselt,73032,2020-06-09,0,77
Hoeselt,73032,2020-06-10,2,79
Hoeselt,73032,2020-06-11,1,80
Hoeselt,73032,2020-06-12,0,80
Hoeselt,73032,2020-06-13,0,80
Hoeselt,73032,2020-06-14,0,80
Hoeselt,73032,2020-06-15,0,80
Hoeselt,73032,2020-06-16,0,80
Hoeselt,73032,2020-06-17,0,80
Hoeselt,73032,2020-06-18,0,80
Hoeselt,73032,2020-06-19,1,81
Hoeselt,73032,2020-06-20,0,81
Hoeselt,73032,2020-06-23,0,81
Hoeselt,73032,2020-06-24,0,81
Hoeselt,73032,2020-06-25,-1,80
Hoeselt,73032,2020-06-26,0,80
Hoeselt,73032,2020-06-27,0,80
Hoeselt,73032,2020-06-30,0,80
Hoeselt,73032,2020-07-01,0,80
Hoeselt,73032,2020-07-02,0,80
Hoeselt,73032,2020-07-03,0,80
Hoeselt,73032,2020-07-04,0,80
Hoeselt,73032,2020-07-07,0,80
Hoeselt,73032,2020-07-08,0,80
Hoeselt,73032,2020-07-09,0,80
Hoeselt,73032,2020-07-10,0,80
Hoeselt,73032,2020-07-11,0,80
Hoeselt,73032,2020-07-14,0,80
Hoeselt,73032,2020-07-15,0,80
Hoeselt,73032,2020-07-16,0,80
Hoeselt,73032,2020-07-17,0,80
Hoeselt,73032,2020-07-18,0,80
Hoeselt,73032,2020-07-20,0,80
Hoeselt,73032,2020-07-21,0,80
Hoeselt,73032,2020-07-22,0,80
Hoeselt,73032,2020-07-23,0,80
Hoeselt,73032,2020-07-24,0,80
Hoeselt,73032,2020-07-25,0,80
Hoeselt,73032,2020-07-26,0,80
Hoeselt,73032,2020-07-27,0,80
Hoeselt,73032,2020-07-28,0,80
Hoeselt,73032,2020-07-29,0,80
Hoeselt,73032,2020-07-30,0,80
Hoeselt,73032,2020-07-31,0,80
Hoeselt,73032,2020-08-01,0,80
Hoeselt,73032,2020-08-02,0,80
Hoeselt,73032,2020-08-03,0,80
Hoeselt,73032,2020-08-04,0,80
Hoeselt,73032,2020-08-05,1,81
Hoeselt,73032,2020-08-06,0,81
Hoeselt,73032,2020-08-07,0,81
Hoeselt,73032,2020-08-08,0,81
Hoeselt,73032,2020-08-09,1,82
Hoeselt,73032,2020-08-10,1,83
Hoeselt,73032,2020-08-11,0,83
Hoeselt,73032,2020-08-12,0,83
Hoeselt,73032,2020-08-13,0,83
Hoeselt,73032,2020-08-14,0,83
Hoeselt,73032,2020-08-15,0,83
Hoeselt,73032,2020-08-16,0,83
Hoeselt,73032,2020-08-17,0,83
Hoeselt,73032,2020-08-18,0,83
Hoeselt,73032,2020-08-19,0,83
Hoeselt,73032,2020-08-20,0,83
Hoeselt,73032,2020-08-21,0,83
Hoeselt,73032,2020-08-22,0,83
Hoeselt,73032,2020-08-23,0,83
Hoeselt,73032,2020-08-24,0,83
Hoeselt,73032,2020-08-25,0,83
Hoeselt,73032,2020-08-26,0,83
Hoeselt,73032,2020-08-27,0,83
Hoeselt,73032,2020-08-28,0,83
Hoeselt,73032,2020-08-29,0,83
Hoeselt,73032,2020-08-30,0,83
Hoeselt,73032,2020-08-31,0,83
Hoeselt,73032,2020-09-01,0,83
Hoeselt,73032,2020-09-02,0,83
Hoeselt,73032,2020-09-03,0,83
Hoeselt,73032,2020-09-04,0,83
Hoeselt,73032,2020-09-05,0,83
Hoeselt,73032,2020-09-06,0,83
Hoeselt,73032,2020-09-07,0,83
Hoeselt,73032,2020-09-08,0,83
Hoeselt,73032,2020-09-09,0,83
Hoeselt,73032,2020-09-10,0,83
Hoeselt,73032,2020-09-11,1,84
Hoeselt,73032,2020-09-12,1,85
Hoeselt,73032,2020-09-13,1,86
Hoeselt,73032,2020-09-14,0,86
Hoeselt,73032,2020-09-15,1,87
Hoeselt,73032,2020-09-16,0,87
Hoeselt,73032,2020-09-17,0,87
Hoeselt,73032,2020-09-18,0,87
Hoeselt,73032,2020-09-19,0,87
Hoeselt,73032,2020-09-20,1,88
Hoeselt,73032,2020-09-21,0,88
Hoeselt,73032,2020-09-22,0,88
Hoeselt,73032,2020-09-23,0,88
Hoeselt,73032,2020-09-24,0,88
Hoeselt,73032,2020-09-25,0,88
Hoeselt,73032,2020-09-26,1,89
Hoeselt,73032,2020-09-27,0,89
Hoeselt,73032,2020-09-28,0,89
Hoeselt,73032,2020-09-29,0,89
Hoeselt,73032,2020-09-30,0,89
Hoeselt,73032,2020-10-01,0,89
Hoeselt,73032,2020-10-02,0,89
Hoeselt,73032,2020-10-03,0,89
Hoeselt,73032,2020-10-04,0,89
Hoeselt,73032,2020-10-05,0,89
Hoeselt,73032,2020-10-06,0,89
Hoeselt,73032,2020-10-07,0,89
Hoeselt,73032,2020-10-08,0,89
Hoeselt,73032,2020-10-09,2,91
Hoeselt,73032,2020-10-10,0,91
Hoeselt,73032,2020-10-11,2,93
Hoeselt,73032,2020-10-12,1,94
Hoeselt,73032,2020-10-13,1,95
Hoeselt,73032,2020-10-14,0,95
Hoeselt,73032,2020-10-15,0,95
Hoeselt,73032,2020-10-16,1,96
Hoeselt,73032,2020-10-17,5,101
Hoeselt,73032,2020-10-18,4,105
Hoeselt,73032,2020-10-19,2,107
Hoeselt,73032,2020-10-20,2,109
Hoeselt,73032,2020-10-21,1,110
Hoeselt,73032,2020-10-22,10,120
Hoeselt,73032,2020-10-23,4,124
Hoeselt,73032,2020-10-24,5,129
Hoeselt,73032,2020-10-25,3,132
Hoeselt,73032,2020-10-26,7,139
Hoeselt,73032,2020-10-27,0,139
Hoeselt,73032,2020-10-28,4,143
Hoeselt,73032,2020-10-29,3,146
Hoeselt,73032,2020-10-30,6,152
Hoeselt,73032,2020-10-31,5,157
Hoeselt,73032,2020-11-01,6,163
Hoeselt,73032,2020-11-02,4,167
Hoeselt,73032,2020-11-03,3,170
Hoeselt,73032,2020-11-04,1,171
Hoeselt,73032,2020-11-05,4,175
Hoeselt,73032,2020-11-06,2,177
Hoeselt,73032,2020-11-07,7,184
Hoeselt,73032,2020-11-08,0,184
Hoeselt,73032,2020-11-09,0,184
Hoeselt,73032,2020-11-10,0,184
Hoeselt,73032,2020-11-11,1,185
Kortessem,73040,2020-04-01,1,10
Kortessem,73040,2020-04-02,1,11
Kortessem,73040,2020-04-03,2,13
Kortessem,73040,2020-04-04,2,15
Kortessem,73040,2020-04-05,2,17
Kortessem,73040,2020-04-06,0,17
Kortessem,73040,2020-04-07,1,18
Kortessem,73040,2020-04-08,1,19
Kortessem,73040,2020-04-09,1,20
Kortessem,73040,2020-04-10,0,20
Kortessem,73040,2020-04-11,1,21
Kortessem,73040,2020-04-12,2,23
Kortessem,73040,2020-04-13,2,25
Kortessem,73040,2020-04-14,0,25
Kortessem,73040,2020-04-15,0,25
Kortessem,73040,2020-04-16,0,25
Kortessem,73040,2020-04-17,0,25
Kortessem,73040,2020-04-18,3,28
Kortessem,73040,2020-04-19,0,28
Kortessem,73040,2020-04-20,1,29
Kortessem,73040,2020-04-21,0,29
Kortessem,73040,2020-04-22,1,30
Kortessem,73040,2020-04-23,2,32
Kortessem,73040,2020-04-24,0,32
Kortessem,73040,2020-04-25,0,32
Kortessem,73040,2020-04-26,0,32
Kortessem,73040,2020-04-27,0,32
Kortessem,73040,2020-04-28,0,32
Kortessem,73040,2020-04-29,0,32
Kortessem,73040,2020-04-30,0,32
Kortessem,73040,2020-05-01,0,32
Kortessem,73040,2020-05-02,0,32
Kortessem,73040,2020-05-03,0,32
Kortessem,73040,2020-05-04,0,32
Kortessem,73040,2020-05-05,0,32
Kortessem,73040,2020-05-06,0,32
Kortessem,73040,2020-05-07,0,32
Kortessem,73040,2020-05-08,1,33
Kortessem,73040,2020-05-09,0,33
Kortessem,73040,2020-05-10,1,34
Kortessem,73040,2020-05-11,2,36
Kortessem,73040,2020-05-12,0,36
Kortessem,73040,2020-05-13,0,36
Kortessem,73040,2020-05-14,0,36
Kortessem,73040,2020-05-15,0,36
Kortessem,73040,2020-05-16,1,37
Kortessem,73040,2020-05-17,0,37
Kortessem,73040,2020-05-18,0,37
Kortessem,73040,2020-05-19,0,37
Kortessem,73040,2020-05-20,0,37
Kortessem,73040,2020-05-21,0,37
Kortessem,73040,2020-05-22,0,37
Kortessem,73040,2020-05-23,1,38
Kortessem,73040,2020-05-24,0,38
Kortessem,73040,2020-05-25,1,39
Kortessem,73040,2020-05-26,-1,38
Kortessem,73040,2020-05-27,0,38
Kortessem,73040,2020-05-28,0,38
Kortessem,73040,2020-05-29,0,38
Kortessem,73040,2020-05-30,0,38
Kortessem,73040,2020-05-31,0,38
Kortessem,73040,2020-06-01,0,38
Kortessem,73040,2020-06-02,0,38
Kortessem,73040,2020-06-03,0,38
Kortessem,73040,2020-06-04,0,38
Kortessem,73040,2020-06-05,0,38
Kortessem,73040,2020-06-06,0,38
Kortessem,73040,2020-06-07,0,38
Kortessem,73040,2020-06-08,1,39
Kortessem,73040,2020-06-09,0,39
Kortessem,73040,2020-06-10,2,41
Kortessem,73040,2020-06-11,-1,40
Kortessem,73040,2020-06-12,0,40
Kortessem,73040,2020-06-13,0,40
Kortessem,73040,2020-06-14,0,40
Kortessem,73040,2020-06-15,0,40
Kortessem,73040,2020-06-16,0,40
Kortessem,73040,2020-06-17,0,40
Kortessem,73040,2020-06-18,0,40
Kortessem,73040,2020-06-19,0,40
Kortessem,73040,2020-06-20,0,40
Kortessem,73040,2020-06-23,0,40
Kortessem,73040,2020-06-24,0,40
Kortessem,73040,2020-06-25,0,40
Kortessem,73040,2020-06-26,0,40
Kortessem,73040,2020-06-27,0,40
Kortessem,73040,2020-06-30,0,40
Kortessem,73040,2020-07-01,0,40
Kortessem,73040,2020-07-02,0,40
Kortessem,73040,2020-07-03,0,40
Kortessem,73040,2020-07-04,0,40
Kortessem,73040,2020-07-07,0,40
Kortessem,73040,2020-07-08,0,40
Kortessem,73040,2020-07-09,0,40
Kortessem,73040,2020-07-10,0,40
Kortessem,73040,2020-07-11,0,40
Kortessem,73040,2020-07-14,0,40
Kortessem,73040,2020-07-15,0,40
Kortessem,73040,2020-07-16,0,40
Kortessem,73040,2020-07-17,0,40
Kortessem,73040,2020-07-18,0,40
Kortessem,73040,2020-07-20,0,40
Kortessem,73040,2020-07-21,0,40
Kortessem,73040,2020-07-22,0,40
Kortessem,73040,2020-07-23,0,40
Kortessem,73040,2020-07-24,1,41
Kortessem,73040,2020-07-25,0,41
Kortessem,73040,2020-07-26,0,41
Kortessem,73040,2020-07-27,1,42
Kortessem,73040,2020-07-28,1,43
Kortessem,73040,2020-07-29,0,43
Kortessem,73040,2020-07-30,0,43
Kortessem,73040,2020-07-31,0,43
Kortessem,73040,2020-08-01,0,43
Kortessem,73040,2020-08-02,0,43
Kortessem,73040,2020-08-03,0,43
Kortessem,73040,2020-08-04,1,44
Kortessem,73040,2020-08-05,0,44
Kortessem,73040,2020-08-06,0,44
Kortessem,73040,2020-08-07,0,44
Kortessem,73040,2020-08-08,0,44
Kortessem,73040,2020-08-09,0,44
Kortessem,73040,2020-08-10,0,44
Kortessem,73040,2020-08-11,0,44
Kortessem,73040,2020-08-12,0,44
Kortessem,73040,2020-08-13,0,44
Kortessem,73040,2020-08-14,0,44
Kortessem,73040,2020-08-15,0,44
Kortessem,73040,2020-08-16,0,44
Kortessem,73040,2020-08-17,0,44
Kortessem,73040,2020-08-18,0,44
Kortessem,73040,2020-08-19,0,44
Kortessem,73040,2020-08-20,1,45
Kortessem,73040,2020-08-21,0,45
Kortessem,73040,2020-08-22,0,45
Kortessem,73040,2020-08-23,0,45
Kortessem,73040,2020-08-24,0,45
Kortessem,73040,2020-08-25,0,45
Kortessem,73040,2020-08-26,0,45
Kortessem,73040,2020-08-27,0,45
Kortessem,73040,2020-08-28,0,45
Kortessem,73040,2020-08-29,1,46
Kortessem,73040,2020-08-30,0,46
Kortessem,73040,2020-08-31,0,46
Kortessem,73040,2020-09-01,1,47
Kortessem,73040,2020-09-02,0,47
Kortessem,73040,2020-09-03,0,47
Kortessem,73040,2020-09-04,0,47
Kortessem,73040,2020-09-05,0,47
Kortessem,73040,2020-09-06,0,47
Kortessem,73040,2020-09-07,0,47
Kortessem,73040,2020-09-08,1,48
Kortessem,73040,2020-09-09,0,48
Kortessem,73040,2020-09-10,0,48
Kortessem,73040,2020-09-11,0,48
Kortessem,73040,2020-09-12,1,49
Kortessem,73040,2020-09-13,0,49
Kortessem,73040,2020-09-14,0,49
Kortessem,73040,2020-09-15,0,49
Kortessem,73040,2020-09-16,0,49
Kortessem,73040,2020-09-17,0,49
Kortessem,73040,2020-09-18,0,49
Kortessem,73040,2020-09-19,0,49
Kortessem,73040,2020-09-20,0,49
Kortessem,73040,2020-09-21,0,49
Kortessem,73040,2020-09-22,0,49
Kortessem,73040,2020-09-23,0,49
Kortessem,73040,2020-09-24,0,49
Kortessem,73040,2020-09-25,0,49
Kortessem,73040,2020-09-26,0,49
Kortessem,73040,2020-09-27,0,49
Kortessem,73040,2020-09-28,0,49
Kortessem,73040,2020-09-29,0,49
Kortessem,73040,2020-09-30,1,50
Kortessem,73040,2020-10-01,0,50
Kortessem,73040,2020-10-02,1,51
Kortessem,73040,2020-10-03,0,51
Kortessem,73040,2020-10-04,0,51
Kortessem,73040,2020-10-05,3,54
Kortessem,73040,2020-10-06,1,55
Kortessem,73040,2020-10-07,0,55
Kortessem,73040,2020-10-08,3,58
Kortessem,73040,2020-10-09,1,59
Kortessem,73040,2020-10-10,3,62
Kortessem,73040,2020-10-11,2,64
Kortessem,73040,2020-10-12,0,64
Kortessem,73040,2020-10-13,0,64
Kortessem,73040,2020-10-14,0,64
Kortessem,73040,2020-10-15,2,66
Kortessem,73040,2020-10-16,2,68
Kortessem,73040,2020-10-17,1,69
Kortessem,73040,2020-10-18,1,70
Kortessem,73040,2020-10-19,1,71
Kortessem,73040,2020-10-20,2,73
Kortessem,73040,2020-10-21,3,76
Kortessem,73040,2020-10-22,5,81
Kortessem,73040,2020-10-23,4,85
Kortessem,73040,2020-10-24,3,88
Kortessem,73040,2020-10-25,3,91
Kortessem,73040,2020-10-26,7,98
Kortessem,73040,2020-10-27,1,99
Kortessem,73040,2020-10-28,6,105
Kortessem,73040,2020-10-29,3,108
Kortessem,73040,2020-10-30,4,112
Kortessem,73040,2020-10-31,4,116
Kortessem,73040,2020-11-01,4,120
Kortessem,73040,2020-11-02,2,122
Kortessem,73040,2020-11-03,2,124
Kortessem,73040,2020-11-04,2,126
Kortessem,73040,2020-11-05,3,129
Kortessem,73040,2020-11-06,1,130
Kortessem,73040,2020-11-07,1,131
Kortessem,73040,2020-11-08,6,137
Kortessem,73040,2020-11-09,0,137
Kortessem,73040,2020-11-10,1,138
Kortessem,73040,2020-11-11,3,141
Lanaken,73042,2020-04-01,10,72
Lanaken,73042,2020-04-02,10,82
Lanaken,73042,2020-04-03,5,87
Lanaken,73042,2020-04-04,11,98
Lanaken,73042,2020-04-05,7,105
Lanaken,73042,2020-04-06,2,107
Lanaken,73042,2020-04-07,1,108
Lanaken,73042,2020-04-08,6,114
Lanaken,73042,2020-04-09,4,118
Lanaken,73042,2020-04-10,16,134
Lanaken,73042,2020-04-11,6,140
Lanaken,73042,2020-04-12,10,150
Lanaken,73042,2020-04-13,3,153
Lanaken,73042,2020-04-14,1,154
Lanaken,73042,2020-04-15,2,156
Lanaken,73042,2020-04-16,6,162
Lanaken,73042,2020-04-17,6,168
Lanaken,73042,2020-04-18,3,171
Lanaken,73042,2020-04-19,3,174
Lanaken,73042,2020-04-20,4,178
Lanaken,73042,2020-04-21,0,178
Lanaken,73042,2020-04-22,1,179
Lanaken,73042,2020-04-23,2,181
Lanaken,73042,2020-04-24,2,183
Lanaken,73042,2020-04-25,0,183
Lanaken,73042,2020-04-26,3,186
Lanaken,73042,2020-04-27,1,187
Lanaken,73042,2020-04-28,3,190
Lanaken,73042,2020-04-29,1,191
Lanaken,73042,2020-04-30,1,192
Lanaken,73042,2020-05-01,1,193
Lanaken,73042,2020-05-02,2,195
Lanaken,73042,2020-05-03,2,197
Lanaken,73042,2020-05-04,0,197
Lanaken,73042,2020-05-05,0,197
Lanaken,73042,2020-05-06,2,199
Lanaken,73042,2020-05-07,0,199
Lanaken,73042,2020-05-08,4,203
Lanaken,73042,2020-05-09,0,203
Lanaken,73042,2020-05-10,0,203
Lanaken,73042,2020-05-11,1,204
Lanaken,73042,2020-05-12,3,207
Lanaken,73042,2020-05-13,0,207
Lanaken,73042,2020-05-14,2,209
Lanaken,73042,2020-05-15,2,211
Lanaken,73042,2020-05-16,1,212
Lanaken,73042,2020-05-17,0,212
Lanaken,73042,2020-05-18,1,213
Lanaken,73042,2020-05-19,0,213
Lanaken,73042,2020-05-20,0,213
Lanaken,73042,2020-05-21,1,214
Lanaken,73042,2020-05-22,0,214
Lanaken,73042,2020-05-23,0,214
Lanaken,73042,2020-05-24,0,214
Lanaken,73042,2020-05-25,0,214
Lanaken,73042,2020-05-26,0,214
Lanaken,73042,2020-05-27,1,215
Lanaken,73042,2020-05-28,0,215
Lanaken,73042,2020-05-29,1,216
Lanaken,73042,2020-05-30,1,217
Lanaken,73042,2020-05-31,0,217
Lanaken,73042,2020-06-01,0,217
Lanaken,73042,2020-06-02,1,218
Lanaken,73042,2020-06-03,0,218
Lanaken,73042,2020-06-04,0,218
Lanaken,73042,2020-06-05,1,219
Lanaken,73042,2020-06-06,0,219
Lanaken,73042,2020-06-07,1,220
Lanaken,73042,2020-06-08,2,222
Lanaken,73042,2020-06-09,0,222
Lanaken,73042,2020-06-10,0,222
Lanaken,73042,2020-06-11,2,224
Lanaken,73042,2020-06-12,1,225
Lanaken,73042,2020-06-13,0,225
Lanaken,73042,2020-06-14,0,225
Lanaken,73042,2020-06-15,0,225
Lanaken,73042,2020-06-16,0,225
Lanaken,73042,2020-06-17,0,225
Lanaken,73042,2020-06-18,0,225
Lanaken,73042,2020-06-19,1,226
Lanaken,73042,2020-06-20,0,226
Lanaken,73042,2020-06-23,0,226
Lanaken,73042,2020-06-24,1,227
Lanaken,73042,2020-06-25,0,227
Lanaken,73042,2020-06-26,0,227
Lanaken,73042,2020-06-27,1,228
Lanaken,73042,2020-06-30,0,228
Lanaken,73042,2020-07-01,0,228
Lanaken,73042,2020-07-02,2,230
Lanaken,73042,2020-07-03,0,230
Lanaken,73042,2020-07-04,0,230
Lanaken,73042,2020-07-07,0,230
Lanaken,73042,2020-07-08,0,230
Lanaken,73042,2020-07-09,0,230
Lanaken,73042,2020-07-10,1,231
Lanaken,73042,2020-07-11,0,231
Lanaken,73042,2020-07-14,0,231
Lanaken,73042,2020-07-15,1,232
Lanaken,73042,2020-07-16,0,232
Lanaken,73042,2020-07-17,0,232
Lanaken,73042,2020-07-18,0,232
Lanaken,73042,2020-07-20,1,233
Lanaken,73042,2020-07-21,0,233
Lanaken,73042,2020-07-22,0,233
Lanaken,73042,2020-07-23,0,233
Lanaken,73042,2020-07-24,3,236
Lanaken,73042,2020-07-25,0,236
Lanaken,73042,2020-07-26,3,239
Lanaken,73042,2020-07-27,0,239
Lanaken,73042,2020-07-28,0,239
Lanaken,73042,2020-07-29,0,239
Lanaken,73042,2020-07-30,0,239
Lanaken,73042,2020-07-31,0,239
Lanaken,73042,2020-08-01,0,239
Lanaken,73042,2020-08-02,1,240
Lanaken,73042,2020-08-03,0,240
Lanaken,73042,2020-08-04,0,240
Lanaken,73042,2020-08-05,0,240
Lanaken,73042,2020-08-06,0,240
Lanaken,73042,2020-08-07,0,240
Lanaken,73042,2020-08-08,0,240
Lanaken,73042,2020-08-09,0,240
Lanaken,73042,2020-08-10,0,240
Lanaken,73042,2020-08-11,0,240
Lanaken,73042,2020-08-12,1,241
Lanaken,73042,2020-08-13,0,241
Lanaken,73042,2020-08-14,2,243
Lanaken,73042,2020-08-15,0,243
Lanaken,73042,2020-08-16,1,244
Lanaken,73042,2020-08-17,0,244
Lanaken,73042,2020-08-18,0,244
Lanaken,73042,2020-08-19,0,244
Lanaken,73042,2020-08-20,0,244
Lanaken,73042,2020-08-21,0,244
Lanaken,73042,2020-08-22,1,245
Lanaken,73042,2020-08-23,0,245
Lanaken,73042,2020-08-24,1,246
Lanaken,73042,2020-08-25,1,247
Lanaken,73042,2020-08-26,1,248
Lanaken,73042,2020-08-27,1,249
Lanaken,73042,2020-08-28,0,249
Lanaken,73042,2020-08-29,1,250
Lanaken,73042,2020-08-30,1,251
Lanaken,73042,2020-08-31,1,252
Lanaken,73042,2020-09-01,0,252
Lanaken,73042,2020-09-02,0,252
Lanaken,73042,2020-09-03,0,252
Lanaken,73042,2020-09-04,1,253
Lanaken,73042,2020-09-05,0,253
Lanaken,73042,2020-09-06,0,253
Lanaken,73042,2020-09-07,0,253
Lanaken,73042,2020-09-08,0,253
Lanaken,73042,2020-09-09,0,253
Lanaken,73042,2020-09-10,0,253
Lanaken,73042,2020-09-11,2,255
Lanaken,73042,2020-09-12,0,255
Lanaken,73042,2020-09-13,0,255
Lanaken,73042,2020-09-14,0,255
Lanaken,73042,2020-09-15,0,255
Lanaken,73042,2020-09-16,2,257
Lanaken,73042,2020-09-17,0,257
Lanaken,73042,2020-09-18,0,257
Lanaken,73042,2020-09-19,1,258
Lanaken,73042,2020-09-20,0,258
Lanaken,73042,2020-09-21,0,258
Lanaken,73042,2020-09-22,1,259
Lanaken,73042,2020-09-23,0,259
Lanaken,73042,2020-09-24,1,260
Lanaken,73042,2020-09-25,4,264
Lanaken,73042,2020-09-26,3,267
Lanaken,73042,2020-09-27,2,269
Lanaken,73042,2020-09-28,0,269
Lanaken,73042,2020-09-29,0,269
Lanaken,73042,2020-09-30,2,271
Lanaken,73042,2020-10-01,1,272
Lanaken,73042,2020-10-02,4,276
Lanaken,73042,2020-10-03,3,279
Lanaken,73042,2020-10-04,1,280
Lanaken,73042,2020-10-05,1,281
Lanaken,73042,2020-10-06,0,281
Lanaken,73042,2020-10-07,1,282
Lanaken,73042,2020-10-08,4,286
Lanaken,73042,2020-10-09,5,291
Lanaken,73042,2020-10-10,8,299
Lanaken,73042,2020-10-11,6,305
Lanaken,73042,2020-10-12,9,314
Lanaken,73042,2020-10-13,1,315
Lanaken,73042,2020-10-14,10,325
Lanaken,73042,2020-10-15,8,333
Lanaken,73042,2020-10-16,5,338
Lanaken,73042,2020-10-17,10,348
Lanaken,73042,2020-10-18,11,359
Lanaken,73042,2020-10-19,8,367
Lanaken,73042,2020-10-20,9,376
Lanaken,73042,2020-10-21,8,384
Lanaken,73042,2020-10-22,16,400
Lanaken,73042,2020-10-23,7,407
Lanaken,73042,2020-10-24,15,422
Lanaken,73042,2020-10-25,14,436
Lanaken,73042,2020-10-26,11,447
Lanaken,73042,2020-10-27,14,461
Lanaken,73042,2020-10-28,4,465
Lanaken,73042,2020-10-29,22,487
Lanaken,73042,2020-10-30,7,494
Lanaken,73042,2020-10-31,12,506
Lanaken,73042,2020-11-01,8,514
Lanaken,73042,2020-11-02,23,537
Lanaken,73042,2020-11-03,2,539
Lanaken,73042,2020-11-04,6,545
Lanaken,73042,2020-11-05,12,557
Lanaken,73042,2020-11-06,9,566
Lanaken,73042,2020-11-07,15,581
Lanaken,73042,2020-11-08,2,583
Lanaken,73042,2020-11-09,5,588
Lanaken,73042,2020-11-10,2,590
Lanaken,73042,2020-11-11,2,592
Riemst,73066,2020-04-01,2,27
Riemst,73066,2020-04-02,3,30
Riemst,73066,2020-04-03,2,32
Riemst,73066,2020-04-04,1,33
Riemst,73066,2020-04-05,5,38
Riemst,73066,2020-04-06,4,42
Riemst,73066,2020-04-07,1,43
Riemst,73066,2020-04-08,3,46
Riemst,73066,2020-04-09,6,52
Riemst,73066,2020-04-10,1,53
Riemst,73066,2020-04-11,3,56
Riemst,73066,2020-04-12,4,60
Riemst,73066,2020-04-13,2,62
Riemst,73066,2020-04-14,3,65
Riemst,73066,2020-04-15,2,67
Riemst,73066,2020-04-16,1,68
Riemst,73066,2020-04-17,15,83
Riemst,73066,2020-04-18,1,84
Riemst,73066,2020-04-19,1,85
Riemst,73066,2020-04-20,1,86
Riemst,73066,2020-04-21,7,93
Riemst,73066,2020-04-22,0,93
Riemst,73066,2020-04-23,1,94
Riemst,73066,2020-04-24,1,95
Riemst,73066,2020-04-25,4,99
Riemst,73066,2020-04-26,2,101
Riemst,73066,2020-04-27,1,102
Riemst,73066,2020-04-28,3,105
Riemst,73066,2020-04-29,1,106
Riemst,73066,2020-04-30,5,111
Riemst,73066,2020-05-01,1,112
Riemst,73066,2020-05-02,2,114
Riemst,73066,2020-05-03,5,119
Riemst,73066,2020-05-04,1,120
Riemst,73066,2020-05-05,1,121
Riemst,73066,2020-05-06,0,121
Riemst,73066,2020-05-07,2,123
Riemst,73066,2020-05-08,4,127
Riemst,73066,2020-05-09,3,130
Riemst,73066,2020-05-10,6,136
Riemst,73066,2020-05-11,0,136
Riemst,73066,2020-05-12,0,136
Riemst,73066,2020-05-13,0,136
Riemst,73066,2020-05-14,0,136
Riemst,73066,2020-05-15,0,136
Riemst,73066,2020-05-16,2,138
Riemst,73066,2020-05-17,0,138
Riemst,73066,2020-05-18,0,138
Riemst,73066,2020-05-19,1,139
Riemst,73066,2020-05-20,1,140
Riemst,73066,2020-05-21,1,141
Riemst,73066,2020-05-22,1,142
Riemst,73066,2020-05-23,0,142
Riemst,73066,2020-05-24,0,142
Riemst,73066,2020-05-25,3,145
Riemst,73066,2020-05-26,1,146
Riemst,73066,2020-05-27,0,146
Riemst,73066,2020-05-28,1,147
Riemst,73066,2020-05-29,0,147
Riemst,73066,2020-05-30,0,147
Riemst,73066,2020-05-31,1,148
Riemst,73066,2020-06-01,1,149
Riemst,73066,2020-06-02,0,149
Riemst,73066,2020-06-03,3,152
Riemst,73066,2020-06-04,3,155
Riemst,73066,2020-06-05,2,157
Riemst,73066,2020-06-06,3,160
Riemst,73066,2020-06-07,0,160
Riemst,73066,2020-06-08,1,161
Riemst,73066,2020-06-09,1,162
Riemst,73066,2020-06-10,1,163
Riemst,73066,2020-06-11,0,163
Riemst,73066,2020-06-12,1,164
Riemst,73066,2020-06-13,0,164
Riemst,73066,2020-06-14,0,164
Riemst,73066,2020-06-15,1,165
Riemst,73066,2020-06-16,0,165
Riemst,73066,2020-06-17,0,165
Riemst,73066,2020-06-18,0,165
Riemst,73066,2020-06-19,0,165
Riemst,73066,2020-06-20,0,165
Riemst,73066,2020-06-23,0,165
Riemst,73066,2020-06-24,0,165
Riemst,73066,2020-06-25,0,165
Riemst,73066,2020-06-26,1,166
Riemst,73066,2020-06-27,0,166
Riemst,73066,2020-06-30,0,166
Riemst,73066,2020-07-01,1,167
Riemst,73066,2020-07-02,0,167
Riemst,73066,2020-07-03,0,167
Riemst,73066,2020-07-04,2,169
Riemst,73066,2020-07-07,0,169
Riemst,73066,2020-07-08,0,169
Riemst,73066,2020-07-09,0,169
Riemst,73066,2020-07-10,1,170
Riemst,73066,2020-07-11,0,170
Riemst,73066,2020-07-14,1,171
Riemst,73066,2020-07-15,0,171
Riemst,73066,2020-07-16,0,171
Riemst,73066,2020-07-17,0,171
Riemst,73066,2020-07-18,1,172
Riemst,73066,2020-07-20,1,173
Riemst,73066,2020-07-21,0,173
Riemst,73066,2020-07-22,0,173
Riemst,73066,2020-07-23,0,173
Riemst,73066,2020-07-24,0,173
Riemst,73066,2020-07-25,0,173
Riemst,73066,2020-07-26,0,173
Riemst,73066,2020-07-27,0,173
Riemst,73066,2020-07-28,0,173
Riemst,73066,2020-07-29,1,174
Riemst,73066,2020-07-30,0,174
Riemst,73066,2020-07-31,0,174
Riemst,73066,2020-08-01,0,174
Riemst,73066,2020-08-02,0,174
Riemst,73066,2020-08-03,0,174
Riemst,73066,2020-08-04,0,174
Riemst,73066,2020-08-05,0,174
Riemst,73066,2020-08-06,0,174
Riemst,73066,2020-08-07,0,174
Riemst,73066,2020-08-08,0,174
Riemst,73066,2020-08-09,0,174
Riemst,73066,2020-08-10,1,175
Riemst,73066,2020-08-11,0,175
Riemst,73066,2020-08-12,0,175
Riemst,73066,2020-08-13,0,175
Riemst,73066,2020-08-14,1,176
Riemst,73066,2020-08-15,0,176
Riemst,73066,2020-08-16,0,176
Riemst,73066,2020-08-17,0,176
Riemst,73066,2020-08-18,0,176
Riemst,73066,2020-08-19,0,176
Riemst,73066,2020-08-20,0,176
Riemst,73066,2020-08-21,0,176
Riemst,73066,2020-08-22,0,176
Riemst,73066,2020-08-23,0,176
Riemst,73066,2020-08-24,0,176
Riemst,73066,2020-08-25,0,176
Riemst,73066,2020-08-26,0,176
Riemst,73066,2020-08-27,0,176
Riemst,73066,2020-08-28,0,176
Riemst,73066,2020-08-29,0,176
Riemst,73066,2020-08-30,0,176
Riemst,73066,2020-08-31,0,176
Riemst,73066,2020-09-01,0,176
Riemst,73066,2020-09-02,0,176
Riemst,73066,2020-09-03,1,177
Riemst,73066,2020-09-04,1,178
Riemst,73066,2020-09-05,1,179
Riemst,73066,2020-09-06,0,179
Riemst,73066,2020-09-07,0,179
Riemst,73066,2020-09-08,0,179
Riemst,73066,2020-09-09,0,179
Riemst,73066,2020-09-10,0,179
Riemst,73066,2020-09-11,1,180
Riemst,73066,2020-09-12,1,181
Riemst,73066,2020-09-13,11,192
Riemst,73066,2020-09-14,2,194
Riemst,73066,2020-09-15,5,199
Riemst,73066,2020-09-16,0,199
Riemst,73066,2020-09-17,0,199
Riemst,73066,2020-09-18,2,201
Riemst,73066,2020-09-19,1,202
Riemst,73066,2020-09-20,-1,201
Riemst,73066,2020-09-21,4,205
Riemst,73066,2020-09-22,0,205
Riemst,73066,2020-09-23,3,208
Riemst,73066,2020-09-24,2,210
Riemst,73066,2020-09-25,0,210
Riemst,73066,2020-09-26,0,210
Riemst,73066,2020-09-27,2,212
Riemst,73066,2020-09-28,0,212
Riemst,73066,2020-09-29,1,213
Riemst,73066,2020-09-30,1,214
Riemst,73066,2020-10-01,0,214
Riemst,73066,2020-10-02,0,214
Riemst,73066,2020-10-03,1,215
Riemst,73066,2020-10-04,4,219
Riemst,73066,2020-10-05,1,220
Riemst,73066,2020-10-06,1,221
Riemst,73066,2020-10-07,0,221
Riemst,73066,2020-10-08,4,225
Riemst,73066,2020-10-09,4,229
Riemst,73066,2020-10-10,1,230
Riemst,73066,2020-10-11,1,231
Riemst,73066,2020-10-12,0,231
Riemst,73066,2020-10-13,2,233
Riemst,73066,2020-10-14,2,235
Riemst,73066,2020-10-15,3,238
Riemst,73066,2020-10-16,3,241
Riemst,73066,2020-10-17,7,248
Riemst,73066,2020-10-18,2,250
Riemst,73066,2020-10-19,3,253
Riemst,73066,2020-10-20,7,260
Riemst,73066,2020-10-21,6,266
Riemst,73066,2020-10-22,6,272
Riemst,73066,2020-10-23,10,282
Riemst,73066,2020-10-24,7,289
Riemst,73066,2020-10-25,14,303
Riemst,73066,2020-10-26,17,320
Riemst,73066,2020-10-27,5,325
Riemst,73066,2020-10-28,13,338
Riemst,73066,2020-10-29,15,353
Riemst,73066,2020-10-30,22,375
Riemst,73066,2020-10-31,13,388
Riemst,73066,2020-11-01,4,392
Riemst,73066,2020-11-02,18,410
Riemst,73066,2020-11-03,6,416
Riemst,73066,2020-11-04,7,423
Riemst,73066,2020-11-05,13,436
Riemst,73066,2020-11-06,6,442
Riemst,73066,2020-11-07,3,445
Riemst,73066,2020-11-08,2,447
Riemst,73066,2020-11-09,2,449
Riemst,73066,2020-11-10,2,451
Riemst,73066,2020-11-11,6,457
Tongeren,73083,2020-04-01,2,43
Tongeren,73083,2020-04-02,7,50
Tongeren,73083,2020-04-03,5,55
Tongeren,73083,2020-04-04,8,63
Tongeren,73083,2020-04-05,4,67
Tongeren,73083,2020-04-06,5,72
Tongeren,73083,2020-04-07,5,77
Tongeren,73083,2020-04-08,1,78
Tongeren,73083,2020-04-09,9,87
Tongeren,73083,2020-04-10,5,92
Tongeren,73083,2020-04-11,5,97
Tongeren,73083,2020-04-12,10,107
Tongeren,73083,2020-04-13,4,111
Tongeren,73083,2020-04-14,1,112
Tongeren,73083,2020-04-15,1,113
Tongeren,73083,2020-04-16,6,119
Tongeren,73083,2020-04-17,5,124
Tongeren,73083,2020-04-18,3,127
Tongeren,73083,2020-04-19,0,127
Tongeren,73083,2020-04-20,5,132
Tongeren,73083,2020-04-21,3,135
Tongeren,73083,2020-04-22,1,136
Tongeren,73083,2020-04-23,5,141
Tongeren,73083,2020-04-24,4,145
Tongeren,73083,2020-04-25,4,149
Tongeren,73083,2020-04-26,0,149
Tongeren,73083,2020-04-27,3,152
Tongeren,73083,2020-04-28,4,156
Tongeren,73083,2020-04-29,2,158
Tongeren,73083,2020-04-30,3,161
Tongeren,73083,2020-05-01,3,164
Tongeren,73083,2020-05-02,1,165
Tongeren,73083,2020-05-03,1,166
Tongeren,73083,2020-05-04,1,167
Tongeren,73083,2020-05-05,0,167
Tongeren,73083,2020-05-06,6,173
Tongeren,73083,2020-05-07,2,175
Tongeren,73083,2020-05-08,2,177
Tongeren,73083,2020-05-09,1,178
Tongeren,73083,2020-05-10,0,178
Tongeren,73083,2020-05-11,1,179
Tongeren,73083,2020-05-12,1,180
Tongeren,73083,2020-05-13,0,180
Tongeren,73083,2020-05-14,2,182
Tongeren,73083,2020-05-15,0,182
Tongeren,73083,2020-05-16,2,184
Tongeren,73083,2020-05-17,1,185
Tongeren,73083,2020-05-18,0,185
Tongeren,73083,2020-05-19,1,186
Tongeren,73083,2020-05-20,0,186
Tongeren,73083,2020-05-21,1,187
Tongeren,73083,2020-05-22,4,191
Tongeren,73083,2020-05-23,4,195
Tongeren,73083,2020-05-24,0,195
Tongeren,73083,2020-05-25,0,195
Tongeren,73083,2020-05-26,1,196
Tongeren,73083,2020-05-27,1,197
Tongeren,73083,2020-05-28,4,201
Tongeren,73083,2020-05-29,6,207
Tongeren,73083,2020-05-30,4,211
Tongeren,73083,2020-05-31,2,213
Tongeren,73083,2020-06-01,0,213
Tongeren,73083,2020-06-02,1,214
Tongeren,73083,2020-06-03,1,215
Tongeren,73083,2020-06-04,0,215
Tongeren,73083,2020-06-05,1,216
Tongeren,73083,2020-06-06,4,220
Tongeren,73083,2020-06-07,2,222
Tongeren,73083,2020-06-08,2,224
Tongeren,73083,2020-06-09,2,226
Tongeren,73083,2020-06-10,1,227
Tongeren,73083,2020-06-11,3,230
Tongeren,73083,2020-06-12,2,232
Tongeren,73083,2020-06-13,0,232
Tongeren,73083,2020-06-14,3,235
Tongeren,73083,2020-06-15,0,235
Tongeren,73083,2020-06-16,0,235
Tongeren,73083,2020-06-17,1,236
Tongeren,73083,2020-06-18,0,236
Tongeren,73083,2020-06-19,2,238
Tongeren,73083,2020-06-20,0,238
Tongeren,73083,2020-06-23,0,238
Tongeren,73083,2020-06-24,0,238
Tongeren,73083,2020-06-25,-5,233
Tongeren,73083,2020-06-26,0,233
Tongeren,73083,2020-06-27,0,233
Tongeren,73083,2020-06-30,1,234
Tongeren,73083,2020-07-01,0,234
Tongeren,73083,2020-07-02,0,234
Tongeren,73083,2020-07-03,0,234
Tongeren,73083,2020-07-04,0,234
Tongeren,73083,2020-07-07,4,238
Tongeren,73083,2020-07-08,2,240
Tongeren,73083,2020-07-09,1,241
Tongeren,73083,2020-07-10,0,241
Tongeren,73083,2020-07-11,2,243
Tongeren,73083,2020-07-14,3,246
Tongeren,73083,2020-07-15,0,246
Tongeren,73083,2020-07-16,1,247
Tongeren,73083,2020-07-17,0,247
Tongeren,73083,2020-07-18,2,249
Tongeren,73083,2020-07-20,0,249
Tongeren,73083,2020-07-21,1,250
Tongeren,73083,2020-07-22,0,250
Tongeren,73083,2020-07-23,2,252
Tongeren,73083,2020-07-24,2,254
Tongeren,73083,2020-07-25,1,255
Tongeren,73083,2020-07-26,0,255
Tongeren,73083,2020-07-27,1,256
Tongeren,73083,2020-07-28,0,256
Tongeren,73083,2020-07-29,0,256
Tongeren,73083,2020-07-30,1,257
Tongeren,73083,2020-07-31,0,257
Tongeren,73083,2020-08-01,0,257
Tongeren,73083,2020-08-02,1,258
Tongeren,73083,2020-08-03,0,258
Tongeren,73083,2020-08-04,0,258
Tongeren,73083,2020-08-05,0,258
Tongeren,73083,2020-08-06,0,258
Tongeren,73083,2020-08-07,0,258
Tongeren,73083,2020-08-08,0,258
Tongeren,73083,2020-08-09,0,258
Tongeren,73083,2020-08-10,0,258
Tongeren,73083,2020-08-11,0,258
Tongeren,73083,2020-08-12,0,258
Tongeren,73083,2020-08-13,1,259
Tongeren,73083,2020-08-14,-1,258
Tongeren,73083,2020-08-15,2,260
Tongeren,73083,2020-08-16,1,261
Tongeren,73083,2020-08-17,0,261
Tongeren,73083,2020-08-18,0,261
Tongeren,73083,2020-08-19,0,261
Tongeren,73083,2020-08-20,0,261
Tongeren,73083,2020-08-21,0,261
Tongeren,73083,2020-08-22,0,261
Tongeren,73083,2020-08-23,2,263
Tongeren,73083,2020-08-24,0,263
Tongeren,73083,2020-08-25,0,263
Tongeren,73083,2020-08-26,0,263
Tongeren,73083,2020-08-27,0,263
Tongeren,73083,2020-08-28,0,263
Tongeren,73083,2020-08-29,0,263
Tongeren,73083,2020-08-30,0,263
Tongeren,73083,2020-08-31,0,263
Tongeren,73083,2020-09-01,2,265
Tongeren,73083,2020-09-02,0,265
Tongeren,73083,2020-09-03,0,265
Tongeren,73083,2020-09-04,2,267
Tongeren,73083,2020-09-05,0,267
Tongeren,73083,2020-09-06,0,267
Tongeren,73083,2020-09-07,0,267
Tongeren,73083,2020-09-08,0,267
Tongeren,73083,2020-09-09,0,267
Tongeren,73083,2020-09-10,0,267
Tongeren,73083,2020-09-11,2,269
Tongeren,73083,2020-09-12,1,270
Tongeren,73083,2020-09-13,1,271
Tongeren,73083,2020-09-14,1,272
Tongeren,73083,2020-09-15,1,273
Tongeren,73083,2020-09-16,1,274
Tongeren,73083,2020-09-17,0,274
Tongeren,73083,2020-09-18,1,275
Tongeren,73083,2020-09-19,1,276
Tongeren,73083,2020-09-20,1,277
Tongeren,73083,2020-09-21,5,282
Tongeren,73083,2020-09-22,1,283
Tongeren,73083,2020-09-23,1,284
Tongeren,73083,2020-09-24,4,288
Tongeren,73083,2020-09-25,2,290
Tongeren,73083,2020-09-26,1,291
Tongeren,73083,2020-09-27,3,294
Tongeren,73083,2020-09-28,3,297
Tongeren,73083,2020-09-29,0,297
Tongeren,73083,2020-09-30,3,300
Tongeren,73083,2020-10-01,0,300
Tongeren,73083,2020-10-02,1,301
Tongeren,73083,2020-10-03,0,301
Tongeren,73083,2020-10-04,1,302
Tongeren,73083,2020-10-05,3,305
Tongeren,73083,2020-10-06,2,307
Tongeren,73083,2020-10-07,2,309
Tongeren,73083,2020-10-08,4,313
Tongeren,73083,2020-10-09,6,319
Tongeren,73083,2020-10-10,4,323
Tongeren,73083,2020-10-11,4,327
Tongeren,73083,2020-10-12,3,330
Tongeren,73083,2020-10-13,1,331
Tongeren,73083,2020-10-14,8,339
Tongeren,73083,2020-10-15,8,347
Tongeren,73083,2020-10-16,12,359
Tongeren,73083,2020-10-17,20,379
Tongeren,73083,2020-10-18,16,395
Tongeren,73083,2020-10-19,11,406
Tongeren,73083,2020-10-20,9,415
Tongeren,73083,2020-10-21,7,422
Tongeren,73083,2020-10-22,23,445
Tongeren,73083,2020-10-23,15,460
Tongeren,73083,2020-10-24,23,483
Tongeren,73083,2020-10-25,18,501
Tongeren,73083,2020-10-26,28,529
Tongeren,73083,2020-10-27,9,538
Tongeren,73083,2020-10-28,26,564
Tongeren,73083,2020-10-29,32,596
Tongeren,73083,2020-10-30,22,618
Tongeren,73083,2020-10-31,13,631
Tongeren,73083,2020-11-01,22,653
Tongeren,73083,2020-11-02,19,672
Tongeren,73083,2020-11-03,11,683
Tongeren,73083,2020-11-04,10,693
Tongeren,73083,2020-11-05,24,717
Tongeren,73083,2020-11-06,10,727
Tongeren,73083,2020-11-07,17,744
Tongeren,73083,2020-11-08,18,762
Tongeren,73083,2020-11-09,4,766
Tongeren,73083,2020-11-10,7,773
Tongeren,73083,2020-11-11,13,786
Wellen,73098,2020-04-01,2,25
Wellen,73098,2020-04-02,1,26
Wellen,73098,2020-04-03,0,26
Wellen,73098,2020-04-04,0,26
Wellen,73098,2020-04-05,1,27
Wellen,73098,2020-04-06,4,31
Wellen,73098,2020-04-07,0,31
Wellen,73098,2020-04-08,1,32
Wellen,73098,2020-04-09,2,34
Wellen,73098,2020-04-10,0,34
Wellen,73098,2020-04-11,1,35
Wellen,73098,2020-04-12,2,37
Wellen,73098,2020-04-13,0,37
Wellen,73098,2020-04-14,0,37
Wellen,73098,2020-04-15,2,39
Wellen,73098,2020-04-16,0,39
Wellen,73098,2020-04-17,1,40
Wellen,73098,2020-04-18,4,44
Wellen,73098,2020-04-19,0,44
Wellen,73098,2020-04-20,1,45
Wellen,73098,2020-04-21,0,45
Wellen,73098,2020-04-22,1,46
Wellen,73098,2020-04-23,1,47
Wellen,73098,2020-04-24,0,47
Wellen,73098,2020-04-25,0,47
Wellen,73098,2020-04-26,2,49
Wellen,73098,2020-04-27,1,50
Wellen,73098,2020-04-28,0,50
Wellen,73098,2020-04-29,0,50
Wellen,73098,2020-04-30,0,50
Wellen,73098,2020-05-01,0,50
Wellen,73098,2020-05-02,1,51
Wellen,73098,2020-05-03,0,51
Wellen,73098,2020-05-04,0,51
Wellen,73098,2020-05-05,0,51
Wellen,73098,2020-05-06,0,51
Wellen,73098,2020-05-07,0,51
Wellen,73098,2020-05-08,0,51
Wellen,73098,2020-05-09,0,51
Wellen,73098,2020-05-10,0,51
Wellen,73098,2020-05-11,0,51
Wellen,73098,2020-05-12,2,53
Wellen,73098,2020-05-13,0,53
Wellen,73098,2020-05-14,0,53
Wellen,73098,2020-05-15,0,53
Wellen,73098,2020-05-16,1,54
Wellen,73098,2020-05-17,0,54
Wellen,73098,2020-05-18,0,54
Wellen,73098,2020-05-19,1,55
Wellen,73098,2020-05-20,0,55
Wellen,73098,2020-05-21,0,55
Wellen,73098,2020-05-22,0,55
Wellen,73098,2020-05-23,2,57
Wellen,73098,2020-05-24,0,57
Wellen,73098,2020-05-25,0,57
Wellen,73098,2020-05-26,-1,56
Wellen,73098,2020-05-27,1,57
Wellen,73098,2020-05-28,0,57
Wellen,73098,2020-05-29,0,57
Wellen,73098,2020-05-30,0,57
Wellen,73098,2020-05-31,1,58
Wellen,73098,2020-06-01,0,58
Wellen,73098,2020-06-02,0,58
Wellen,73098,2020-06-03,0,58
Wellen,73098,2020-06-04,0,58
Wellen,73098,2020-06-05,0,58
Wellen,73098,2020-06-06,0,58
Wellen,73098,2020-06-07,0,58
Wellen,73098,2020-06-08,0,58
Wellen,73098,2020-06-09,0,58
Wellen,73098,2020-06-10,2,60
Wellen,73098,2020-06-11,-1,59
Wellen,73098,2020-06-12,0,59
Wellen,73098,2020-06-13,0,59
Wellen,73098,2020-06-14,0,59
Wellen,73098,2020-06-15,0,59
Wellen,73098,2020-06-16,0,59
Wellen,73098,2020-06-17,0,59
Wellen,73098,2020-06-18,0,59
Wellen,73098,2020-06-19,0,59
Wellen,73098,2020-06-20,0,59
Wellen,73098,2020-06-23,0,59
Wellen,73098,2020-06-24,0,59
Wellen,73098,2020-06-25,0,59
Wellen,73098,2020-06-26,0,59
Wellen,73098,2020-06-27,0,59
Wellen,73098,2020-06-30,1,60
Wellen,73098,2020-07-01,0,60
Wellen,73098,2020-07-02,0,60
Wellen,73098,2020-07-03,0,60
Wellen,73098,2020-07-04,0,60
Wellen,73098,2020-07-07,0,60
Wellen,73098,2020-07-08,0,60
Wellen,73098,2020-07-09,0,60
Wellen,73098,2020-07-10,0,60
Wellen,73098,2020-07-11,0,60
Wellen,73098,2020-07-14,0,60
Wellen,73098,2020-07-15,0,60
Wellen,73098,2020-07-16,0,60
Wellen,73098,2020-07-17,0,60
Wellen,73098,2020-07-18,0,60
Wellen,73098,2020-07-20,0,60
Wellen,73098,2020-07-21,1,61
Wellen,73098,2020-07-22,0,61
Wellen,73098,2020-07-23,2,63
Wellen,73098,2020-07-24,0,63
Wellen,73098,2020-07-25,0,63
Wellen,73098,2020-07-26,0,63
Wellen,73098,2020-07-27,0,63
Wellen,73098,2020-07-28,0,63
Wellen,73098,2020-07-29,0,63
Wellen,73098,2020-07-30,0,63
Wellen,73098,2020-07-31,0,63
Wellen,73098,2020-08-01,0,63
Wellen,73098,2020-08-02,0,63
Wellen,73098,2020-08-03,0,63
Wellen,73098,2020-08-04,0,63
Wellen,73098,2020-08-05,0,63
Wellen,73098,2020-08-06,0,63
Wellen,73098,2020-08-07,0,63
Wellen,73098,2020-08-08,0,63
Wellen,73098,2020-08-09,0,63
Wellen,73098,2020-08-10,0,63
Wellen,73098,2020-08-11,0,63
Wellen,73098,2020-08-12,0,63
Wellen,73098,2020-08-13,0,63
Wellen,73098,2020-08-14,0,63
Wellen,73098,2020-08-15,0,63
Wellen,73098,2020-08-16,0,63
Wellen,73098,2020-08-17,0,63
Wellen,73098,2020-08-18,0,63
Wellen,73098,2020-08-19,0,63
Wellen,73098,2020-08-20,0,63
Wellen,73098,2020-08-21,0,63
Wellen,73098,2020-08-22,0,63
Wellen,73098,2020-08-23,0,63
Wellen,73098,2020-08-24,0,63
Wellen,73098,2020-08-25,0,63
Wellen,73098,2020-08-26,0,63
Wellen,73098,2020-08-27,0,63
Wellen,73098,2020-08-28,0,63
Wellen,73098,2020-08-29,0,63
Wellen,73098,2020-08-30,0,63
Wellen,73098,2020-08-31,1,64
Wellen,73098,2020-09-01,0,64
Wellen,73098,2020-09-02,0,64
Wellen,73098,2020-09-03,0,64
Wellen,73098,2020-09-04,0,64
Wellen,73098,2020-09-05,0,64
Wellen,73098,2020-09-06,0,64
Wellen,73098,2020-09-07,0,64
Wellen,73098,2020-09-08,0,64
Wellen,73098,2020-09-09,0,64
Wellen,73098,2020-09-10,0,64
Wellen,73098,2020-09-11,0,64
Wellen,73098,2020-09-12,0,64
Wellen,73098,2020-09-13,0,64
Wellen,73098,2020-09-14,0,64
Wellen,73098,2020-09-15,0,64
Wellen,73098,2020-09-16,0,64
Wellen,73098,2020-09-17,1,65
Wellen,73098,2020-09-18,0,65
Wellen,73098,2020-09-19,1,66
Wellen,73098,2020-09-20,0,66
Wellen,73098,2020-09-21,0,66
Wellen,73098,2020-09-22,0,66
Wellen,73098,2020-09-23,0,66
Wellen,73098,2020-09-24,0,66
Wellen,73098,2020-09-25,0,66
Wellen,73098,2020-09-26,0,66
Wellen,73098,2020-09-27,0,66
Wellen,73098,2020-09-28,0,66
Wellen,73098,2020-09-29,0,66
Wellen,73098,2020-09-30,3,69
Wellen,73098,2020-10-01,0,69
Wellen,73098,2020-10-02,1,70
Wellen,73098,2020-10-03,0,70
Wellen,73098,2020-10-04,1,71
Wellen,73098,2020-10-05,0,71
Wellen,73098,2020-10-06,0,71
Wellen,73098,2020-10-07,0,71
Wellen,73098,2020-10-08,0,71
Wellen,73098,2020-10-09,2,73
Wellen,73098,2020-10-10,2,75
Wellen,73098,2020-10-11,0,75
Wellen,73098,2020-10-12,3,78
Wellen,73098,2020-10-13,0,78
Wellen,73098,2020-10-14,2,80
Wellen,73098,2020-10-15,1,81
Wellen,73098,2020-10-16,0,81
Wellen,73098,2020-10-17,0,81
Wellen,73098,2020-10-18,1,82
Wellen,73098,2020-10-19,1,83
Wellen,73098,2020-10-20,0,83
Wellen,73098,2020-10-21,1,84
Wellen,73098,2020-10-22,2,86
Wellen,73098,2020-10-23,3,89
Wellen,73098,2020-10-24,0,89
Wellen,73098,2020-10-25,2,91
Wellen,73098,2020-10-26,2,93
Wellen,73098,2020-10-27,1,94
Wellen,73098,2020-10-28,5,99
Wellen,73098,2020-10-29,2,101
Wellen,73098,2020-10-30,1,102
Wellen,73098,2020-10-31,2,104
Wellen,73098,2020-11-01,1,105
Wellen,73098,2020-11-02,2,107
Wellen,73098,2020-11-03,0,107
Wellen,73098,2020-11-04,2,109
Wellen,73098,2020-11-05,0,109
Wellen,73098,2020-11-06,2,111
Wellen,73098,2020-11-07,2,113
Wellen,73098,2020-11-08,0,113
Wellen,73098,2020-11-09,1,114
Wellen,73098,2020-11-10,0,114
Wellen,73098,2020-11-11,0,114
Maasmechelen,73107,2020-04-01,3,46
Maasmechelen,73107,2020-04-02,2,48
Maasmechelen,73107,2020-04-03,7,55
Maasmechelen,73107,2020-04-04,13,68
Maasmechelen,73107,2020-04-05,5,73
Maasmechelen,73107,2020-04-06,6,79
Maasmechelen,73107,2020-04-07,1,80
Maasmechelen,73107,2020-04-08,7,87
Maasmechelen,73107,2020-04-09,2,89
Maasmechelen,73107,2020-04-10,11,100
Maasmechelen,73107,2020-04-11,1,101
Maasmechelen,73107,2020-04-12,5,106
Maasmechelen,73107,2020-04-13,0,106
Maasmechelen,73107,2020-04-14,1,107
Maasmechelen,73107,2020-04-15,4,111
Maasmechelen,73107,2020-04-16,5,116
Maasmechelen,73107,2020-04-17,3,119
Maasmechelen,73107,2020-04-18,2,121
Maasmechelen,73107,2020-04-19,5,126
Maasmechelen,73107,2020-04-20,2,128
Maasmechelen,73107,2020-04-21,0,128
Maasmechelen,73107,2020-04-22,3,131
Maasmechelen,73107,2020-04-23,2,133
Maasmechelen,73107,2020-04-24,1,134
Maasmechelen,73107,2020-04-25,2,136
Maasmechelen,73107,2020-04-26,3,139
Maasmechelen,73107,2020-04-27,1,140
Maasmechelen,73107,2020-04-28,4,144
Maasmechelen,73107,2020-04-29,4,148
Maasmechelen,73107,2020-04-30,1,149
Maasmechelen,73107,2020-05-01,0,149
Maasmechelen,73107,2020-05-02,1,150
Maasmechelen,73107,2020-05-03,1,151
Maasmechelen,73107,2020-05-04,3,154
Maasmechelen,73107,2020-05-05,5,159
Maasmechelen,73107,2020-05-06,8,167
Maasmechelen,73107,2020-05-07,0,167
Maasmechelen,73107,2020-05-08,5,172
Maasmechelen,73107,2020-05-09,6,178
Maasmechelen,73107,2020-05-10,2,180
Maasmechelen,73107,2020-05-11,3,183
Maasmechelen,73107,2020-05-12,2,185
Maasmechelen,73107,2020-05-13,11,196
Maasmechelen,73107,2020-05-14,8,204
Maasmechelen,73107,2020-05-15,2,206
Maasmechelen,73107,2020-05-16,2,208
Maasmechelen,73107,2020-05-17,6,214
Maasmechelen,73107,2020-05-18,5,219
Maasmechelen,73107,2020-05-19,0,219
Maasmechelen,73107,2020-05-20,0,219
Maasmechelen,73107,2020-05-21,1,220
Maasmechelen,73107,2020-05-22,2,222
Maasmechelen,73107,2020-05-23,0,222
Maasmechelen,73107,2020-05-24,1,223
Maasmechelen,73107,2020-05-25,3,226
Maasmechelen,73107,2020-05-26,0,226
Maasmechelen,73107,2020-05-27,0,226
Maasmechelen,73107,2020-05-28,1,227
Maasmechelen,73107,2020-05-29,1,228
Maasmechelen,73107,2020-05-30,0,228
Maasmechelen,73107,2020-05-31,0,228
Maasmechelen,73107,2020-06-01,1,229
Maasmechelen,73107,2020-06-02,0,229
Maasmechelen,73107,2020-06-03,0,229
Maasmechelen,73107,2020-06-04,0,229
Maasmechelen,73107,2020-06-05,2,231
Maasmechelen,73107,2020-06-06,0,231
Maasmechelen,73107,2020-06-07,0,231
Maasmechelen,73107,2020-06-08,0,231
Maasmechelen,73107,2020-06-09,1,232
Maasmechelen,73107,2020-06-10,1,233
Maasmechelen,73107,2020-06-11,1,234
Maasmechelen,73107,2020-06-12,0,234
Maasmechelen,73107,2020-06-13,1,235
Maasmechelen,73107,2020-06-14,1,236
Maasmechelen,73107,2020-06-15,0,236
Maasmechelen,73107,2020-06-16,0,236
Maasmechelen,73107,2020-06-17,0,236
Maasmechelen,73107,2020-06-18,3,239
Maasmechelen,73107,2020-06-19,1,240
Maasmechelen,73107,2020-06-20,1,241
Maasmechelen,73107,2020-06-23,2,243
Maasmechelen,73107,2020-06-24,0,243
Maasmechelen,73107,2020-06-25,1,244
Maasmechelen,73107,2020-06-26,3,247
Maasmechelen,73107,2020-06-27,4,251
Maasmechelen,73107,2020-06-30,3,254
Maasmechelen,73107,2020-07-01,0,254
Maasmechelen,73107,2020-07-02,0,254
Maasmechelen,73107,2020-07-03,0,254
Maasmechelen,73107,2020-07-04,0,254
Maasmechelen,73107,2020-07-07,0,254
Maasmechelen,73107,2020-07-08,0,254
Maasmechelen,73107,2020-07-09,1,255
Maasmechelen,73107,2020-07-10,0,255
Maasmechelen,73107,2020-07-11,0,255
Maasmechelen,73107,2020-07-14,0,255
Maasmechelen,73107,2020-07-15,0,255
Maasmechelen,73107,2020-07-16,0,255
Maasmechelen,73107,2020-07-17,0,255
Maasmechelen,73107,2020-07-18,0,255
Maasmechelen,73107,2020-07-20,0,255
Maasmechelen,73107,2020-07-21,0,255
Maasmechelen,73107,2020-07-22,0,255
Maasmechelen,73107,2020-07-23,0,255
Maasmechelen,73107,2020-07-24,0,255
Maasmechelen,73107,2020-07-25,3,258
Maasmechelen,73107,2020-07-26,0,258
Maasmechelen,73107,2020-07-27,0,258
Maasmechelen,73107,2020-07-28,0,258
Maasmechelen,73107,2020-07-29,0,258
Maasmechelen,73107,2020-07-30,1,259
Maasmechelen,73107,2020-07-31,0,259
Maasmechelen,73107,2020-08-01,0,259
Maasmechelen,73107,2020-08-02,2,261
Maasmechelen,73107,2020-08-03,1,262
Maasmechelen,73107,2020-08-04,0,262
Maasmechelen,73107,2020-08-05,0,262
Maasmechelen,73107,2020-08-06,0,262
Maasmechelen,73107,2020-08-07,2,264
Maasmechelen,73107,2020-08-08,0,264
Maasmechelen,73107,2020-08-09,0,264
Maasmechelen,73107,2020-08-10,0,264
Maasmechelen,73107,2020-08-11,0,264
Maasmechelen,73107,2020-08-12,0,264
Maasmechelen,73107,2020-08-13,1,265
Maasmechelen,73107,2020-08-14,1,266
Maasmechelen,73107,2020-08-15,0,266
Maasmechelen,73107,2020-08-16,0,266
Maasmechelen,73107,2020-08-17,0,266
Maasmechelen,73107,2020-08-18,0,266
Maasmechelen,73107,2020-08-19,0,266
Maasmechelen,73107,2020-08-20,3,269
Maasmechelen,73107,2020-08-21,0,269
Maasmechelen,73107,2020-08-22,21,290
Maasmechelen,73107,2020-08-23,2,292
Maasmechelen,73107,2020-08-24,1,293
Maasmechelen,73107,2020-08-25,0,293
Maasmechelen,73107,2020-08-26,1,294
Maasmechelen,73107,2020-08-27,8,302
Maasmechelen,73107,2020-08-28,4,306
Maasmechelen,73107,2020-08-29,4,310
Maasmechelen,73107,2020-08-30,6,316
Maasmechelen,73107,2020-08-31,2,318
Maasmechelen,73107,2020-09-01,0,318
Maasmechelen,73107,2020-09-02,1,319
Maasmechelen,73107,2020-09-03,2,321
Maasmechelen,73107,2020-09-04,1,322
Maasmechelen,73107,2020-09-05,5,327
Maasmechelen,73107,2020-09-06,0,327
Maasmechelen,73107,2020-09-07,3,330
Maasmechelen,73107,2020-09-08,2,332
Maasmechelen,73107,2020-09-09,0,332
Maasmechelen,73107,2020-09-10,6,338
Maasmechelen,73107,2020-09-11,5,343
Maasmechelen,73107,2020-09-12,3,346
Maasmechelen,73107,2020-09-13,0,346
Maasmechelen,73107,2020-09-14,9,355
Maasmechelen,73107,2020-09-15,6,361
Maasmechelen,73107,2020-09-16,2,363
Maasmechelen,73107,2020-09-17,4,367
Maasmechelen,73107,2020-09-18,2,369
Maasmechelen,73107,2020-09-19,3,372
Maasmechelen,73107,2020-09-20,6,378
Maasmechelen,73107,2020-09-21,4,382
Maasmechelen,73107,2020-09-22,3,385
Maasmechelen,73107,2020-09-23,5,390
Maasmechelen,73107,2020-09-24,8,398
Maasmechelen,73107,2020-09-25,10,408
Maasmechelen,73107,2020-09-26,3,411
Maasmechelen,73107,2020-09-27,2,413
Maasmechelen,73107,2020-09-28,1,414
Maasmechelen,73107,2020-09-29,6,420
Maasmechelen,73107,2020-09-30,5,425
Maasmechelen,73107,2020-10-01,2,427
Maasmechelen,73107,2020-10-02,2,429
Maasmechelen,73107,2020-10-03,3,432
Maasmechelen,73107,2020-10-04,1,433
Maasmechelen,73107,2020-10-05,11,444
Maasmechelen,73107,2020-10-06,6,450
Maasmechelen,73107,2020-10-07,5,455
Maasmechelen,73107,2020-10-08,17,472
Maasmechelen,73107,2020-10-09,8,480
Maasmechelen,73107,2020-10-10,8,488
Maasmechelen,73107,2020-10-11,10,498
Maasmechelen,73107,2020-10-12,14,512
Maasmechelen,73107,2020-10-13,5,517
Maasmechelen,73107,2020-10-14,8,525
Maasmechelen,73107,2020-10-15,14,539
Maasmechelen,73107,2020-10-16,13,552
Maasmechelen,73107,2020-10-17,16,568
Maasmechelen,73107,2020-10-18,24,592
Maasmechelen,73107,2020-10-19,7,599
Maasmechelen,73107,2020-10-20,11,610
Maasmechelen,73107,2020-10-21,16,626
Maasmechelen,73107,2020-10-22,39,665
Maasmechelen,73107,2020-10-23,17,682
Maasmechelen,73107,2020-10-24,31,713
Maasmechelen,73107,2020-10-25,51,764
Maasmechelen,73107,2020-10-26,20,784
Maasmechelen,73107,2020-10-27,29,813
Maasmechelen,73107,2020-10-28,22,835
Maasmechelen,73107,2020-10-29,53,888
Maasmechelen,73107,2020-10-30,27,915
Maasmechelen,73107,2020-10-31,60,975
Maasmechelen,73107,2020-11-01,41,1016
Maasmechelen,73107,2020-11-02,32,1048
Maasmechelen,73107,2020-11-03,0,1048
Maasmechelen,73107,2020-11-04,27,1075
Maasmechelen,73107,2020-11-05,23,1098
Maasmechelen,73107,2020-11-06,19,1117
Maasmechelen,73107,2020-11-07,19,1136
Maasmechelen,73107,2020-11-08,17,1153
Maasmechelen,73107,2020-11-09,4,1157
Maasmechelen,73107,2020-11-10,3,1160
Maasmechelen,73107,2020-11-11,10,1170
Voeren,73109,2020-04-01,0,0
Voeren,73109,2020-04-02,0,0
Voeren,73109,2020-04-03,0,0
Voeren,73109,2020-04-04,6,6
Voeren,73109,2020-04-05,0,6
Voeren,73109,2020-04-06,0,6
Voeren,73109,2020-04-07,0,6
Voeren,73109,2020-04-08,0,6
Voeren,73109,2020-04-09,1,7
Voeren,73109,2020-04-10,0,7
Voeren,73109,2020-04-11,2,9
Voeren,73109,2020-04-12,2,11
Voeren,73109,2020-04-13,1,12
Voeren,73109,2020-04-14,0,12
Voeren,73109,2020-04-15,9,21
Voeren,73109,2020-04-16,2,23
Voeren,73109,2020-04-17,0,23
Voeren,73109,2020-04-18,0,23
Voeren,73109,2020-04-19,0,23
Voeren,73109,2020-04-20,0,23
Voeren,73109,2020-04-21,0,23
Voeren,73109,2020-04-22,0,23
Voeren,73109,2020-04-23,0,23
Voeren,73109,2020-04-24,0,23
Voeren,73109,2020-04-25,1,24
Voeren,73109,2020-04-26,1,25
Voeren,73109,2020-04-27,0,25
Voeren,73109,2020-04-28,2,27
Voeren,73109,2020-04-29,0,27
Voeren,73109,2020-04-30,0,27
Voeren,73109,2020-05-01,0,27
Voeren,73109,2020-05-02,0,27
Voeren,73109,2020-05-03,0,27
Voeren,73109,2020-05-04,0,27
Voeren,73109,2020-05-05,0,27
Voeren,73109,2020-05-06,0,27
Voeren,73109,2020-05-07,1,28
Voeren,73109,2020-05-08,1,29
Voeren,73109,2020-05-09,0,29
Voeren,73109,2020-05-10,0,29
Voeren,73109,2020-05-11,0,29
Voeren,73109,2020-05-12,0,29
Voeren,73109,2020-05-13,0,29
Voeren,73109,2020-05-14,0,29
Voeren,73109,2020-05-15,0,29
Voeren,73109,2020-05-16,0,29
Voeren,73109,2020-05-17,0,29
Voeren,73109,2020-05-18,0,29
Voeren,73109,2020-05-19,0,29
Voeren,73109,2020-05-20,0,29
Voeren,73109,2020-05-21,0,29
Voeren,73109,2020-05-22,0,29
Voeren,73109,2020-05-23,0,29
Voeren,73109,2020-05-24,0,29
Voeren,73109,2020-05-25,0,29
Voeren,73109,2020-05-26,1,30
Voeren,73109,2020-05-27,0,30
Voeren,73109,2020-05-28,0,30
Voeren,73109,2020-05-29,0,30
Voeren,73109,2020-05-30,0,30
Voeren,73109,2020-05-31,0,30
Voeren,73109,2020-06-01,0,30
Voeren,73109,2020-06-02,0,30
Voeren,73109,2020-06-03,0,30
Voeren,73109,2020-06-04,0,30
Voeren,73109,2020-06-05,0,30
Voeren,73109,2020-06-06,0,30
Voeren,73109,2020-06-07,1,31
Voeren,73109,2020-06-08,0,31
Voeren,73109,2020-06-09,0,31
Voeren,73109,2020-06-10,0,31
Voeren,73109,2020-06-11,0,31
Voeren,73109,2020-06-12,0,31
Voeren,73109,2020-06-13,0,31
Voeren,73109,2020-06-14,0,31
Voeren,73109,2020-06-15,0,31
Voeren,73109,2020-06-16,0,31
Voeren,73109,2020-06-17,0,31
Voeren,73109,2020-06-18,0,31
Voeren,73109,2020-06-19,0,31
Voeren,73109,2020-06-20,0,31
Voeren,73109,2020-06-23,0,31
Voeren,73109,2020-06-24,0,31
Voeren,73109,2020-06-25,0,31
Voeren,73109,2020-06-26,0,31
Voeren,73109,2020-06-27,0,31
Voeren,73109,2020-06-30,0,31
Voeren,73109,2020-07-01,0,31
Voeren,73109,2020-07-02,0,31
Voeren,73109,2020-07-03,0,31
Voeren,73109,2020-07-04,0,31
Voeren,73109,2020-07-07,0,31
Voeren,73109,2020-07-08,0,31
Voeren,73109,2020-07-09,0,31
Voeren,73109,2020-07-10,1,32
Voeren,73109,2020-07-11,0,32
Voeren,73109,2020-07-14,0,32
Voeren,73109,2020-07-15,0,32
Voeren,73109,2020-07-16,0,32
Voeren,73109,2020-07-17,0,32
Voeren,73109,2020-07-18,0,32
Voeren,73109,2020-07-20,0,32
Voeren,73109,2020-07-21,0,32
Voeren,73109,2020-07-22,0,32
Voeren,73109,2020-07-23,0,32
Voeren,73109,2020-07-24,0,32
Voeren,73109,2020-07-25,0,32
Voeren,73109,2020-07-26,0,32
Voeren,73109,2020-07-27,0,32
Voeren,73109,2020-07-28,0,32
Voeren,73109,2020-07-29,0,32
Voeren,73109,2020-07-30,0,32
Voeren,73109,2020-07-31,0,32
Voeren,73109,2020-08-01,0,32
Voeren,73109,2020-08-02,1,33
Voeren,73109,2020-08-03,1,34
Voeren,73109,2020-08-04,0,34
Voeren,73109,2020-08-05,0,34
Voeren,73109,2020-08-06,0,34
Voeren,73109,2020-08-07,0,34
Voeren,73109,2020-08-08,0,34
Voeren,73109,2020-08-09,0,34
Voeren,73109,2020-08-10,0,34
Voeren,73109,2020-08-11,0,34
Voeren,73109,2020-08-12,0,34
Voeren,73109,2020-08-13,0,34
Voeren,73109,2020-08-14,-1,33
Voeren,73109,2020-08-15,1,34
Voeren,73109,2020-08-16,0,34
Voeren,73109,2020-08-17,0,34
Voeren,73109,2020-08-18,0,34
Voeren,73109,2020-08-19,0,34
Voeren,73109,2020-08-20,0,34
Voeren,73109,2020-08-21,0,34
Voeren,73109,2020-08-22,0,34
Voeren,73109,2020-08-23,0,34
Voeren,73109,2020-08-24,0,34
Voeren,73109,2020-08-25,0,34
Voeren,73109,2020-08-26,0,34
Voeren,73109,2020-08-27,0,34
Voeren,73109,2020-08-28,0,34
Voeren,73109,2020-08-29,0,34
Voeren,73109,2020-08-30,0,34
Voeren,73109,2020-08-31,0,34
Voeren,73109,2020-09-01,0,34
Voeren,73109,2020-09-02,0,34
Voeren,73109,2020-09-03,0,34
Voeren,73109,2020-09-04,1,35
Voeren,73109,2020-09-05,0,35
Voeren,73109,2020-09-06,0,35
Voeren,73109,2020-09-07,0,35
Voeren,73109,2020-09-08,1,36
Voeren,73109,2020-09-09,0,36
Voeren,73109,2020-09-10,0,36
Voeren,73109,2020-09-11,0,36
Voeren,73109,2020-09-12,0,36
Voeren,73109,2020-09-13,0,36
Voeren,73109,2020-09-14,0,36
Voeren,73109,2020-09-15,0,36
Voeren,73109,2020-09-16,0,36
Voeren,73109,2020-09-17,0,36
Voeren,73109,2020-09-18,0,36
Voeren,73109,2020-09-19,0,36
Voeren,73109,2020-09-20,0,36
Voeren,73109,2020-09-21,0,36
Voeren,73109,2020-09-22,0,36
Voeren,73109,2020-09-23,0,36
Voeren,73109,2020-09-24,1,37
Voeren,73109,2020-09-25,2,39
Voeren,73109,2020-09-26,1,40
Voeren,73109,2020-09-27,0,40
Voeren,73109,2020-09-28,0,40
Voeren,73109,2020-09-29,0,40
Voeren,73109,2020-09-30,0,40
Voeren,73109,2020-10-01,0,40
Voeren,73109,2020-10-02,0,40
Voeren,73109,2020-10-03,1,41
Voeren,73109,2020-10-04,2,43
Voeren,73109,2020-10-05,3,46
Voeren,73109,2020-10-06,2,48
Voeren,73109,2020-10-07,0,48
Voeren,73109,2020-10-08,2,50
Voeren,73109,2020-10-09,0,50
Voeren,73109,2020-10-10,5,55
Voeren,73109,2020-10-11,3,58
Voeren,73109,2020-10-12,3,61
Voeren,73109,2020-10-13,2,63
Voeren,73109,2020-10-14,7,70
Voeren,73109,2020-10-15,3,73
Voeren,73109,2020-10-16,3,76
Voeren,73109,2020-10-17,4,80
Voeren,73109,2020-10-18,5,85
Voeren,73109,2020-10-19,3,88
Voeren,73109,2020-10-20,9,97
Voeren,73109,2020-10-21,6,103
Voeren,73109,2020-10-22,9,112
Voeren,73109,2020-10-23,4,116
Voeren,73109,2020-10-24,8,124
Voeren,73109,2020-10-25,13,137
Voeren,73109,2020-10-26,14,151
Voeren,73109,2020-10-27,2,153
Voeren,73109,2020-10-28,12,165
Voeren,73109,2020-10-29,21,186
Voeren,73109,2020-10-30,14,200
Voeren,73109,2020-10-31,18,218
Voeren,73109,2020-11-01,8,226
Voeren,73109,2020-11-02,7,233
Voeren,73109,2020-11-03,1,234
Voeren,73109,2020-11-04,4,238
Voeren,73109,2020-11-05,3,241
Voeren,73109,2020-11-06,5,246
Voeren,73109,2020-11-07,6,252
Voeren,73109,2020-11-08,4,256
Voeren,73109,2020-11-09,2,258
Voeren,73109,2020-11-10,0,258
Voeren,73109,2020-11-11,2,260
Aarlen,81001,2020-04-01,5,15
Aarlen,81001,2020-04-02,4,19
Aarlen,81001,2020-04-03,1,20
Aarlen,81001,2020-04-04,19,39
Aarlen,81001,2020-04-05,7,46
Aarlen,81001,2020-04-06,0,46
Aarlen,81001,2020-04-07,2,48
Aarlen,81001,2020-04-08,0,48
Aarlen,81001,2020-04-09,3,51
Aarlen,81001,2020-04-10,11,62
Aarlen,81001,2020-04-11,1,63
Aarlen,81001,2020-04-12,0,63
Aarlen,81001,2020-04-13,1,64
Aarlen,81001,2020-04-14,7,71
Aarlen,81001,2020-04-15,0,71
Aarlen,81001,2020-04-16,0,71
Aarlen,81001,2020-04-17,0,71
Aarlen,81001,2020-04-18,1,72
Aarlen,81001,2020-04-19,6,78
Aarlen,81001,2020-04-20,1,79
Aarlen,81001,2020-04-21,0,79
Aarlen,81001,2020-04-22,0,79
Aarlen,81001,2020-04-23,0,79
Aarlen,81001,2020-04-24,0,79
Aarlen,81001,2020-04-25,0,79
Aarlen,81001,2020-04-26,1,80
Aarlen,81001,2020-04-27,0,80
Aarlen,81001,2020-04-28,1,81
Aarlen,81001,2020-04-29,0,81
Aarlen,81001,2020-04-30,0,81
Aarlen,81001,2020-05-01,1,82
Aarlen,81001,2020-05-02,0,82
Aarlen,81001,2020-05-03,2,84
Aarlen,81001,2020-05-04,0,84
Aarlen,81001,2020-05-05,0,84
Aarlen,81001,2020-05-06,0,84
Aarlen,81001,2020-05-07,0,84
Aarlen,81001,2020-05-08,0,84
Aarlen,81001,2020-05-09,0,84
Aarlen,81001,2020-05-10,0,84
Aarlen,81001,2020-05-11,0,84
Aarlen,81001,2020-05-12,1,85
Aarlen,81001,2020-05-13,0,85
Aarlen,81001,2020-05-14,1,86
Aarlen,81001,2020-05-15,0,86
Aarlen,81001,2020-05-16,0,86
Aarlen,81001,2020-05-17,0,86
Aarlen,81001,2020-05-18,1,87
Aarlen,81001,2020-05-19,0,87
Aarlen,81001,2020-05-20,0,87
Aarlen,81001,2020-05-21,0,87
Aarlen,81001,2020-05-22,0,87
Aarlen,81001,2020-05-23,1,88
Aarlen,81001,2020-05-24,0,88
Aarlen,81001,2020-05-25,0,88
Aarlen,81001,2020-05-26,0,88
Aarlen,81001,2020-05-27,0,88
Aarlen,81001,2020-05-28,0,88
Aarlen,81001,2020-05-29,0,88
Aarlen,81001,2020-05-30,0,88
Aarlen,81001,2020-05-31,0,88
Aarlen,81001,2020-06-01,0,88
Aarlen,81001,2020-06-02,0,88
Aarlen,81001,2020-06-03,0,88
Aarlen,81001,2020-06-04,0,88
Aarlen,81001,2020-06-05,0,88
Aarlen,81001,2020-06-06,0,88
Aarlen,81001,2020-06-07,0,88
Aarlen,81001,2020-06-08,0,88
Aarlen,81001,2020-06-09,0,88
Aarlen,81001,2020-06-10,0,88
Aarlen,81001,2020-06-11,0,88
Aarlen,81001,2020-06-12,0,88
Aarlen,81001,2020-06-13,0,88
Aarlen,81001,2020-06-14,0,88
Aarlen,81001,2020-06-15,0,88
Aarlen,81001,2020-06-16,0,88
Aarlen,81001,2020-06-17,0,88
Aarlen,81001,2020-06-18,0,88
Aarlen,81001,2020-06-19,0,88
Aarlen,81001,2020-06-20,0,88
Aarlen,81001,2020-06-23,0,88
Aarlen,81001,2020-06-24,0,88
Aarlen,81001,2020-06-25,0,88
Aarlen,81001,2020-06-26,0,88
Aarlen,81001,2020-06-27,0,88
Aarlen,81001,2020-06-30,0,88
Aarlen,81001,2020-07-01,0,88
Aarlen,81001,2020-07-02,1,89
Aarlen,81001,2020-07-03,0,89
Aarlen,81001,2020-07-04,0,89
Aarlen,81001,2020-07-07,0,89
Aarlen,81001,2020-07-08,0,89
Aarlen,81001,2020-07-09,2,91
Aarlen,81001,2020-07-10,1,92
Aarlen,81001,2020-07-11,1,93
Aarlen,81001,2020-07-14,1,94
Aarlen,81001,2020-07-15,1,95
Aarlen,81001,2020-07-16,1,96
Aarlen,81001,2020-07-17,0,96
Aarlen,81001,2020-07-18,3,99
Aarlen,81001,2020-07-20,0,99
Aarlen,81001,2020-07-21,2,101
Aarlen,81001,2020-07-22,0,101
Aarlen,81001,2020-07-23,1,102
Aarlen,81001,2020-07-24,0,102
Aarlen,81001,2020-07-25,3,105
Aarlen,81001,2020-07-26,0,105
Aarlen,81001,2020-07-27,1,106
Aarlen,81001,2020-07-28,0,106
Aarlen,81001,2020-07-29,1,107
Aarlen,81001,2020-07-30,7,114
Aarlen,81001,2020-07-31,0,114
Aarlen,81001,2020-08-01,1,115
Aarlen,81001,2020-08-02,0,115
Aarlen,81001,2020-08-03,1,116
Aarlen,81001,2020-08-04,1,117
Aarlen,81001,2020-08-05,0,117
Aarlen,81001,2020-08-06,3,120
Aarlen,81001,2020-08-07,4,124
Aarlen,81001,2020-08-08,0,124
Aarlen,81001,2020-08-09,1,125
Aarlen,81001,2020-08-10,2,127
Aarlen,81001,2020-08-11,0,127
Aarlen,81001,2020-08-12,0,127
Aarlen,81001,2020-08-13,0,127
Aarlen,81001,2020-08-14,2,129
Aarlen,81001,2020-08-15,1,130
Aarlen,81001,2020-08-16,1,131
Aarlen,81001,2020-08-17,0,131
Aarlen,81001,2020-08-18,3,134
Aarlen,81001,2020-08-19,1,135
Aarlen,81001,2020-08-20,3,138
Aarlen,81001,2020-08-21,0,138
Aarlen,81001,2020-08-22,4,142
Aarlen,81001,2020-08-23,0,142
Aarlen,81001,2020-08-24,0,142
Aarlen,81001,2020-08-25,0,142
Aarlen,81001,2020-08-26,5,147
Aarlen,81001,2020-08-27,1,148
Aarlen,81001,2020-08-28,0,148
Aarlen,81001,2020-08-29,0,148
Aarlen,81001,2020-08-30,1,149
Aarlen,81001,2020-08-31,0,149
Aarlen,81001,2020-09-01,0,149
Aarlen,81001,2020-09-02,0,149
Aarlen,81001,2020-09-03,0,149
Aarlen,81001,2020-09-04,1,150
Aarlen,81001,2020-09-05,2,152
Aarlen,81001,2020-09-06,1,153
Aarlen,81001,2020-09-07,0,153
Aarlen,81001,2020-09-08,0,153
Aarlen,81001,2020-09-09,1,154
Aarlen,81001,2020-09-10,0,154
Aarlen,81001,2020-09-11,2,156
Aarlen,81001,2020-09-12,0,156
Aarlen,81001,2020-09-13,0,156
Aarlen,81001,2020-09-14,2,158
Aarlen,81001,2020-09-15,0,158
Aarlen,81001,2020-09-16,1,159
Aarlen,81001,2020-09-17,2,161
Aarlen,81001,2020-09-18,2,163
Aarlen,81001,2020-09-19,3,166
Aarlen,81001,2020-09-20,0,166
Aarlen,81001,2020-09-21,6,172
Aarlen,81001,2020-09-22,0,172
Aarlen,81001,2020-09-23,1,173
Aarlen,81001,2020-09-24,3,176
Aarlen,81001,2020-09-25,14,190
Aarlen,81001,2020-09-26,2,192
Aarlen,81001,2020-09-27,3,195
Aarlen,81001,2020-09-28,0,195
Aarlen,81001,2020-09-29,4,199
Aarlen,81001,2020-09-30,4,203
Aarlen,81001,2020-10-01,5,208
Aarlen,81001,2020-10-02,6,214
Aarlen,81001,2020-10-03,10,224
Aarlen,81001,2020-10-04,3,227
Aarlen,81001,2020-10-05,7,234
Aarlen,81001,2020-10-06,6,240
Aarlen,81001,2020-10-07,5,245
Aarlen,81001,2020-10-08,11,256
Aarlen,81001,2020-10-09,41,297
Aarlen,81001,2020-10-10,31,328
Aarlen,81001,2020-10-11,39,367
Aarlen,81001,2020-10-12,13,380
Aarlen,81001,2020-10-13,18,398
Aarlen,81001,2020-10-14,36,434
Aarlen,81001,2020-10-15,18,452
Aarlen,81001,2020-10-16,36,488
Aarlen,81001,2020-10-17,38,526
Aarlen,81001,2020-10-18,45,571
Aarlen,81001,2020-10-19,22,593
Aarlen,81001,2020-10-20,18,611
Aarlen,81001,2020-10-21,21,632
Aarlen,81001,2020-10-22,38,670
Aarlen,81001,2020-10-23,60,730
Aarlen,81001,2020-10-24,53,783
Aarlen,81001,2020-10-25,56,839
Aarlen,81001,2020-10-26,5,844
Aarlen,81001,2020-10-27,6,850
Aarlen,81001,2020-10-28,39,889
Aarlen,81001,2020-10-29,40,929
Aarlen,81001,2020-10-30,58,987
Aarlen,81001,2020-10-31,58,1045
Aarlen,81001,2020-11-01,34,1079
Aarlen,81001,2020-11-02,9,1088
Aarlen,81001,2020-11-03,7,1095
Aarlen,81001,2020-11-04,-112,983
Aarlen,81001,2020-11-05,169,1152
Aarlen,81001,2020-11-06,28,1180
Aarlen,81001,2020-11-07,33,1213
Aarlen,81001,2020-11-08,29,1242
Aarlen,81001,2020-11-09,3,1245
Aarlen,81001,2020-11-10,19,1264
Aarlen,81001,2020-11-11,9,1273
Attert,81003,2020-04-01,0,0
Attert,81003,2020-04-02,0,0
Attert,81003,2020-04-03,0,0
Attert,81003,2020-04-04,7,7
Attert,81003,2020-04-05,0,7
Attert,81003,2020-04-06,0,7
Attert,81003,2020-04-07,0,7
Attert,81003,2020-04-08,0,7
Attert,81003,2020-04-09,0,7
Attert,81003,2020-04-10,2,9
Attert,81003,2020-04-11,0,9
Attert,81003,2020-04-12,0,9
Attert,81003,2020-04-13,0,9
Attert,81003,2020-04-14,0,9
Attert,81003,2020-04-15,0,9
Attert,81003,2020-04-16,0,9
Attert,81003,2020-04-17,0,9
Attert,81003,2020-04-18,0,9
Attert,81003,2020-04-19,2,11
Attert,81003,2020-04-20,0,11
Attert,81003,2020-04-21,0,11
Attert,81003,2020-04-22,0,11
Attert,81003,2020-04-23,0,11
Attert,81003,2020-04-24,0,11
Attert,81003,2020-04-25,0,11
Attert,81003,2020-04-26,0,11
Attert,81003,2020-04-27,0,11
Attert,81003,2020-04-28,0,11
Attert,81003,2020-04-29,0,11
Attert,81003,2020-04-30,0,11
Attert,81003,2020-05-01,0,11
Attert,81003,2020-05-02,0,11
Attert,81003,2020-05-03,0,11
Attert,81003,2020-05-04,0,11
Attert,81003,2020-05-05,0,11
Attert,81003,2020-05-06,0,11
Attert,81003,2020-05-07,0,11
Attert,81003,2020-05-08,0,11
Attert,81003,2020-05-09,0,11
Attert,81003,2020-05-10,0,11
Attert,81003,2020-05-11,0,11
Attert,81003,2020-05-12,0,11
Attert,81003,2020-05-13,0,11
Attert,81003,2020-05-14,0,11
Attert,81003,2020-05-15,0,11
Attert,81003,2020-05-16,0,11
Attert,81003,2020-05-17,0,11
Attert,81003,2020-05-18,0,11
Attert,81003,2020-05-19,0,11
Attert,81003,2020-05-20,0,11
Attert,81003,2020-05-21,0,11
Attert,81003,2020-05-22,0,11
Attert,81003,2020-05-23,0,11
Attert,81003,2020-05-24,0,11
Attert,81003,2020-05-25,0,11
Attert,81003,2020-05-26,0,11
Attert,81003,2020-05-27,0,11
Attert,81003,2020-05-28,0,11
Attert,81003,2020-05-29,0,11
Attert,81003,2020-05-30,0,11
Attert,81003,2020-05-31,0,11
Attert,81003,2020-06-01,0,11
Attert,81003,2020-06-02,0,11
Attert,81003,2020-06-03,0,11
Attert,81003,2020-06-04,0,11
Attert,81003,2020-06-05,0,11
Attert,81003,2020-06-06,0,11
Attert,81003,2020-06-07,0,11
Attert,81003,2020-06-08,0,11
Attert,81003,2020-06-09,0,11
Attert,81003,2020-06-10,0,11
Attert,81003,2020-06-11,0,11
Attert,81003,2020-06-12,0,11
Attert,81003,2020-06-13,0,11
Attert,81003,2020-06-14,0,11
Attert,81003,2020-06-15,0,11
Attert,81003,2020-06-16,0,11
Attert,81003,2020-06-17,0,11
Attert,81003,2020-06-18,0,11
Attert,81003,2020-06-19,1,12
Attert,81003,2020-06-20,0,12
Attert,81003,2020-06-23,1,13
Attert,81003,2020-06-24,0,13
Attert,81003,2020-06-25,0,13
Attert,81003,2020-06-26,0,13
Attert,81003,2020-06-27,0,13
Attert,81003,2020-06-30,0,13
Attert,81003,2020-07-01,0,13
Attert,81003,2020-07-02,0,13
Attert,81003,2020-07-03,0,13
Attert,81003,2020-07-04,0,13
Attert,81003,2020-07-07,0,13
Attert,81003,2020-07-08,0,13
Attert,81003,2020-07-09,0,13
Attert,81003,2020-07-10,0,13
Attert,81003,2020-07-11,0,13
Attert,81003,2020-07-14,0,13
Attert,81003,2020-07-15,0,13
Attert,81003,2020-07-16,0,13
Attert,81003,2020-07-17,0,13
Attert,81003,2020-07-18,0,13
Attert,81003,2020-07-20,0,13
Attert,81003,2020-07-21,1,14
Attert,81003,2020-07-22,0,14
Attert,81003,2020-07-23,0,14
Attert,81003,2020-07-24,0,14
Attert,81003,2020-07-25,1,15
Attert,81003,2020-07-26,0,15
Attert,81003,2020-07-27,0,15
Attert,81003,2020-07-28,0,15
Attert,81003,2020-07-29,0,15
Attert,81003,2020-07-30,0,15
Attert,81003,2020-07-31,0,15
Attert,81003,2020-08-01,0,15
Attert,81003,2020-08-02,0,15
Attert,81003,2020-08-03,0,15
Attert,81003,2020-08-04,0,15
Attert,81003,2020-08-05,0,15
Attert,81003,2020-08-06,0,15
Attert,81003,2020-08-07,0,15
Attert,81003,2020-08-08,0,15
Attert,81003,2020-08-09,0,15
Attert,81003,2020-08-10,0,15
Attert,81003,2020-08-11,0,15
Attert,81003,2020-08-12,0,15
Attert,81003,2020-08-13,0,15
Attert,81003,2020-08-14,0,15
Attert,81003,2020-08-15,0,15
Attert,81003,2020-08-16,0,15
Attert,81003,2020-08-17,0,15
Attert,81003,2020-08-18,0,15
Attert,81003,2020-08-19,0,15
Attert,81003,2020-08-20,0,15
Attert,81003,2020-08-21,0,15
Attert,81003,2020-08-22,0,15
Attert,81003,2020-08-23,1,16
Attert,81003,2020-08-24,0,16
Attert,81003,2020-08-25,0,16
Attert,81003,2020-08-26,1,17
Attert,81003,2020-08-27,0,17
Attert,81003,2020-08-28,0,17
Attert,81003,2020-08-29,0,17
Attert,81003,2020-08-30,0,17
Attert,81003,2020-08-31,0,17
Attert,81003,2020-09-01,0,17
Attert,81003,2020-09-02,0,17
Attert,81003,2020-09-03,0,17
Attert,81003,2020-09-04,0,17
Attert,81003,2020-09-05,0,17
Attert,81003,2020-09-06,0,17
Attert,81003,2020-09-07,0,17
Attert,81003,2020-09-08,0,17
Attert,81003,2020-09-09,0,17
Attert,81003,2020-09-10,0,17
Attert,81003,2020-09-11,0,17
Attert,81003,2020-09-12,0,17
Attert,81003,2020-09-13,0,17
Attert,81003,2020-09-14,1,18
Attert,81003,2020-09-15,0,18
Attert,81003,2020-09-16,0,18
Attert,81003,2020-09-17,0,18
Attert,81003,2020-09-18,0,18
Attert,81003,2020-09-19,2,20
Attert,81003,2020-09-20,0,20
Attert,81003,2020-09-21,0,20
Attert,81003,2020-09-22,0,20
Attert,81003,2020-09-23,1,21
Attert,81003,2020-09-24,0,21
Attert,81003,2020-09-25,3,24
Attert,81003,2020-09-26,1,25
Attert,81003,2020-09-27,1,26
Attert,81003,2020-09-28,2,28
Attert,81003,2020-09-29,1,29
Attert,81003,2020-09-30,3,32
Attert,81003,2020-10-01,2,34
Attert,81003,2020-10-02,1,35
Attert,81003,2020-10-03,2,37
Attert,81003,2020-10-04,0,37
Attert,81003,2020-10-05,2,39
Attert,81003,2020-10-06,2,41
Attert,81003,2020-10-07,0,41
Attert,81003,2020-10-08,2,43
Attert,81003,2020-10-09,14,57
Attert,81003,2020-10-10,9,66
Attert,81003,2020-10-11,7,73
Attert,81003,2020-10-12,5,78
Attert,81003,2020-10-13,3,81
Attert,81003,2020-10-14,8,89
Attert,81003,2020-10-15,3,92
Attert,81003,2020-10-16,7,99
Attert,81003,2020-10-17,9,108
Attert,81003,2020-10-18,3,111
Attert,81003,2020-10-19,3,114
Attert,81003,2020-10-20,3,117
Attert,81003,2020-10-21,2,119
Attert,81003,2020-10-22,4,123
Attert,81003,2020-10-23,18,141
Attert,81003,2020-10-24,12,153
Attert,81003,2020-10-25,9,162
Attert,81003,2020-10-26,1,163
Attert,81003,2020-10-27,0,163
Attert,81003,2020-10-28,12,175
Attert,81003,2020-10-29,3,178
Attert,81003,2020-10-30,14,192
Attert,81003,2020-10-31,6,198
Attert,81003,2020-11-01,8,206
Attert,81003,2020-11-02,1,207
Attert,81003,2020-11-03,3,210
Attert,81003,2020-11-04,-17,193
Attert,81003,2020-11-05,28,221
Attert,81003,2020-11-06,3,224
Attert,81003,2020-11-07,6,230
Attert,81003,2020-11-08,4,234
Attert,81003,2020-11-09,2,236
Attert,81003,2020-11-10,4,240
Attert,81003,2020-11-11,3,243
Aubange,81004,2020-04-01,1,6
Aubange,81004,2020-04-02,2,8
Aubange,81004,2020-04-03,0,8
Aubange,81004,2020-04-04,16,24
Aubange,81004,2020-04-05,3,27
Aubange,81004,2020-04-06,1,28
Aubange,81004,2020-04-07,0,28
Aubange,81004,2020-04-08,0,28
Aubange,81004,2020-04-09,3,31
Aubange,81004,2020-04-10,8,39
Aubange,81004,2020-04-11,0,39
Aubange,81004,2020-04-12,0,39
Aubange,81004,2020-04-13,0,39
Aubange,81004,2020-04-14,1,40
Aubange,81004,2020-04-15,0,40
Aubange,81004,2020-04-16,0,40
Aubange,81004,2020-04-17,1,41
Aubange,81004,2020-04-18,3,44
Aubange,81004,2020-04-19,4,48
Aubange,81004,2020-04-20,2,50
Aubange,81004,2020-04-21,0,50
Aubange,81004,2020-04-22,0,50
Aubange,81004,2020-04-23,0,50
Aubange,81004,2020-04-24,0,50
Aubange,81004,2020-04-25,0,50
Aubange,81004,2020-04-26,0,50
Aubange,81004,2020-04-27,0,50
Aubange,81004,2020-04-28,1,51
Aubange,81004,2020-04-29,0,51
Aubange,81004,2020-04-30,0,51
Aubange,81004,2020-05-01,0,51
Aubange,81004,2020-05-02,0,51
Aubange,81004,2020-05-03,0,51
Aubange,81004,2020-05-04,0,51
Aubange,81004,2020-05-05,0,51
Aubange,81004,2020-05-06,0,51
Aubange,81004,2020-05-07,0,51
Aubange,81004,2020-05-08,0,51
Aubange,81004,2020-05-09,0,51
Aubange,81004,2020-05-10,0,51
Aubange,81004,2020-05-11,0,51
Aubange,81004,2020-05-12,0,51
Aubange,81004,2020-05-13,0,51
Aubange,81004,2020-05-14,0,51
Aubange,81004,2020-05-15,0,51
Aubange,81004,2020-05-16,0,51
Aubange,81004,2020-05-17,0,51
Aubange,81004,2020-05-18,0,51
Aubange,81004,2020-05-19,0,51
Aubange,81004,2020-05-20,0,51
Aubange,81004,2020-05-21,0,51
Aubange,81004,2020-05-22,0,51
Aubange,81004,2020-05-23,0,51
Aubange,81004,2020-05-24,0,51
Aubange,81004,2020-05-25,0,51
Aubange,81004,2020-05-26,0,51
Aubange,81004,2020-05-27,0,51
Aubange,81004,2020-05-28,0,51
Aubange,81004,2020-05-29,1,52
Aubange,81004,2020-05-30,0,52
Aubange,81004,2020-05-31,0,52
Aubange,81004,2020-06-01,0,52
Aubange,81004,2020-06-02,0,52
Aubange,81004,2020-06-03,0,52
Aubange,81004,2020-06-04,0,52
Aubange,81004,2020-06-05,0,52
Aubange,81004,2020-06-06,0,52
Aubange,81004,2020-06-07,0,52
Aubange,81004,2020-06-08,0,52
Aubange,81004,2020-06-09,0,52
Aubange,81004,2020-06-10,1,53
Aubange,81004,2020-06-11,0,53
Aubange,81004,2020-06-12,0,53
Aubange,81004,2020-06-13,0,53
Aubange,81004,2020-06-14,0,53
Aubange,81004,2020-06-15,0,53
Aubange,81004,2020-06-16,0,53
Aubange,81004,2020-06-17,0,53
Aubange,81004,2020-06-18,0,53
Aubange,81004,2020-06-19,1,54
Aubange,81004,2020-06-20,0,54
Aubange,81004,2020-06-23,0,54
Aubange,81004,2020-06-24,0,54
Aubange,81004,2020-06-25,1,55
Aubange,81004,2020-06-26,0,55
Aubange,81004,2020-06-27,0,55
Aubange,81004,2020-06-30,0,55
Aubange,81004,2020-07-01,2,57
Aubange,81004,2020-07-02,0,57
Aubange,81004,2020-07-03,1,58
Aubange,81004,2020-07-04,0,58
Aubange,81004,2020-07-07,0,58
Aubange,81004,2020-07-08,0,58
Aubange,81004,2020-07-09,0,58
Aubange,81004,2020-07-10,0,58
Aubange,81004,2020-07-11,1,59
Aubange,81004,2020-07-14,5,64
Aubange,81004,2020-07-15,11,75
Aubange,81004,2020-07-16,3,78
Aubange,81004,2020-07-17,4,82
Aubange,81004,2020-07-18,6,88
Aubange,81004,2020-07-20,11,99
Aubange,81004,2020-07-21,4,103
Aubange,81004,2020-07-22,2,105
Aubange,81004,2020-07-23,3,108
Aubange,81004,2020-07-24,0,108
Aubange,81004,2020-07-25,4,112
Aubange,81004,2020-07-26,4,116
Aubange,81004,2020-07-27,2,118
Aubange,81004,2020-07-28,0,118
Aubange,81004,2020-07-29,1,119
Aubange,81004,2020-07-30,2,121
Aubange,81004,2020-07-31,5,126
Aubange,81004,2020-08-01,3,129
Aubange,81004,2020-08-02,4,133
Aubange,81004,2020-08-03,0,133
Aubange,81004,2020-08-04,2,135
Aubange,81004,2020-08-05,0,135
Aubange,81004,2020-08-06,1,136
Aubange,81004,2020-08-07,1,137
Aubange,81004,2020-08-08,3,140
Aubange,81004,2020-08-09,0,140
Aubange,81004,2020-08-10,1,141
Aubange,81004,2020-08-11,0,141
Aubange,81004,2020-08-12,2,143
Aubange,81004,2020-08-13,0,143
Aubange,81004,2020-08-14,1,144
Aubange,81004,2020-08-15,0,144
Aubange,81004,2020-08-16,0,144
Aubange,81004,2020-08-17,0,144
Aubange,81004,2020-08-18,0,144
Aubange,81004,2020-08-19,0,144
Aubange,81004,2020-08-20,0,144
Aubange,81004,2020-08-21,3,147
Aubange,81004,2020-08-22,0,147
Aubange,81004,2020-08-23,0,147
Aubange,81004,2020-08-24,0,147
Aubange,81004,2020-08-25,1,148
Aubange,81004,2020-08-26,0,148
Aubange,81004,2020-08-27,0,148
Aubange,81004,2020-08-28,0,148
Aubange,81004,2020-08-29,1,149
Aubange,81004,2020-08-30,0,149
Aubange,81004,2020-08-31,0,149
Aubange,81004,2020-09-01,1,150
Aubange,81004,2020-09-02,0,150
Aubange,81004,2020-09-03,1,151
Aubange,81004,2020-09-04,1,152
Aubange,81004,2020-09-05,0,152
Aubange,81004,2020-09-06,0,152
Aubange,81004,2020-09-07,2,154
Aubange,81004,2020-09-08,0,154
Aubange,81004,2020-09-09,0,154
Aubange,81004,2020-09-10,0,154
Aubange,81004,2020-09-11,2,156
Aubange,81004,2020-09-12,2,158
Aubange,81004,2020-09-13,0,158
Aubange,81004,2020-09-14,2,160
Aubange,81004,2020-09-15,0,160
Aubange,81004,2020-09-16,0,160
Aubange,81004,2020-09-17,4,164
Aubange,81004,2020-09-18,1,165
Aubange,81004,2020-09-19,6,171
Aubange,81004,2020-09-20,1,172
Aubange,81004,2020-09-21,6,178
Aubange,81004,2020-09-22,1,179
Aubange,81004,2020-09-23,0,179
Aubange,81004,2020-09-24,0,179
Aubange,81004,2020-09-25,3,182
Aubange,81004,2020-09-26,5,187
Aubange,81004,2020-09-27,3,190
Aubange,81004,2020-09-28,1,191
Aubange,81004,2020-09-29,1,192
Aubange,81004,2020-09-30,1,193
Aubange,81004,2020-10-01,0,193
Aubange,81004,2020-10-02,2,195
Aubange,81004,2020-10-03,6,201
Aubange,81004,2020-10-04,1,202
Aubange,81004,2020-10-05,4,206
Aubange,81004,2020-10-06,0,206
Aubange,81004,2020-10-07,3,209
Aubange,81004,2020-10-08,1,210
Aubange,81004,2020-10-09,13,223
Aubange,81004,2020-10-10,10,233
Aubange,81004,2020-10-11,14,247
Aubange,81004,2020-10-12,3,250
Aubange,81004,2020-10-13,6,256
Aubange,81004,2020-10-14,9,265
Aubange,81004,2020-10-15,5,270
Aubange,81004,2020-10-16,8,278
Aubange,81004,2020-10-17,10,288
Aubange,81004,2020-10-18,23,311
Aubange,81004,2020-10-19,7,318
Aubange,81004,2020-10-20,5,323
Aubange,81004,2020-10-21,7,330
Aubange,81004,2020-10-22,8,338
Aubange,81004,2020-10-23,16,354
Aubange,81004,2020-10-24,25,379
Aubange,81004,2020-10-25,29,408
Aubange,81004,2020-10-26,0,408
Aubange,81004,2020-10-27,21,429
Aubange,81004,2020-10-28,13,442
Aubange,81004,2020-10-29,29,471
Aubange,81004,2020-10-30,27,498
Aubange,81004,2020-10-31,20,518
Aubange,81004,2020-11-01,22,540
Aubange,81004,2020-11-02,3,543
Aubange,81004,2020-11-03,4,547
Aubange,81004,2020-11-04,-69,478
Aubange,81004,2020-11-05,99,577
Aubange,81004,2020-11-06,17,594
Aubange,81004,2020-11-07,12,606
Aubange,81004,2020-11-08,6,612
Aubange,81004,2020-11-09,1,613
Aubange,81004,2020-11-10,22,635
Aubange,81004,2020-11-11,4,639
Messancy,81015,2020-04-01,0,7
Messancy,81015,2020-04-02,3,10
Messancy,81015,2020-04-03,2,12
Messancy,81015,2020-04-04,11,23
Messancy,81015,2020-04-05,18,41
Messancy,81015,2020-04-06,0,41
Messancy,81015,2020-04-07,0,41
Messancy,81015,2020-04-08,0,41
Messancy,81015,2020-04-09,3,44
Messancy,81015,2020-04-10,12,56
Messancy,81015,2020-04-11,0,56
Messancy,81015,2020-04-12,0,56
Messancy,81015,2020-04-13,0,56
Messancy,81015,2020-04-14,2,58
Messancy,81015,2020-04-15,1,59
Messancy,81015,2020-04-16,0,59
Messancy,81015,2020-04-17,0,59
Messancy,81015,2020-04-18,0,59
Messancy,81015,2020-04-19,14,73
Messancy,81015,2020-04-20,4,77
Messancy,81015,2020-04-21,1,78
Messancy,81015,2020-04-22,0,78
Messancy,81015,2020-04-23,0,78
Messancy,81015,2020-04-24,0,78
Messancy,81015,2020-04-25,0,78
Messancy,81015,2020-04-26,0,78
Messancy,81015,2020-04-27,0,78
Messancy,81015,2020-04-28,2,80
Messancy,81015,2020-04-29,0,80
Messancy,81015,2020-04-30,0,80
Messancy,81015,2020-05-01,0,80
Messancy,81015,2020-05-02,0,80
Messancy,81015,2020-05-03,0,80
Messancy,81015,2020-05-04,0,80
Messancy,81015,2020-05-05,0,80
Messancy,81015,2020-05-06,0,80
Messancy,81015,2020-05-07,0,80
Messancy,81015,2020-05-08,1,81
Messancy,81015,2020-05-09,0,81
Messancy,81015,2020-05-10,0,81
Messancy,81015,2020-05-11,0,81
Messancy,81015,2020-05-12,0,81
Messancy,81015,2020-05-13,0,81
Messancy,81015,2020-05-14,0,81
Messancy,81015,2020-05-15,0,81
Messancy,81015,2020-05-16,0,81
Messancy,81015,2020-05-17,0,81
Messancy,81015,2020-05-18,0,81
Messancy,81015,2020-05-19,0,81
Messancy,81015,2020-05-20,0,81
Messancy,81015,2020-05-21,0,81
Messancy,81015,2020-05-22,0,81
Messancy,81015,2020-05-23,0,81
Messancy,81015,2020-05-24,0,81
Messancy,81015,2020-05-25,0,81
Messancy,81015,2020-05-26,0,81
Messancy,81015,2020-05-27,0,81
Messancy,81015,2020-05-28,0,81
Messancy,81015,2020-05-29,0,81
Messancy,81015,2020-05-30,0,81
Messancy,81015,2020-05-31,1,82
Messancy,81015,2020-06-01,0,82
Messancy,81015,2020-06-02,0,82
Messancy,81015,2020-06-03,0,82
Messancy,81015,2020-06-04,0,82
Messancy,81015,2020-06-05,0,82
Messancy,81015,2020-06-06,0,82
Messancy,81015,2020-06-07,0,82
Messancy,81015,2020-06-08,0,82
Messancy,81015,2020-06-09,0,82
Messancy,81015,2020-06-10,0,82
Messancy,81015,2020-06-11,0,82
Messancy,81015,2020-06-12,0,82
Messancy,81015,2020-06-13,0,82
Messancy,81015,2020-06-14,0,82
Messancy,81015,2020-06-15,0,82
Messancy,81015,2020-06-16,0,82
Messancy,81015,2020-06-17,0,82
Messancy,81015,2020-06-18,0,82
Messancy,81015,2020-06-19,0,82
Messancy,81015,2020-06-20,0,82
Messancy,81015,2020-06-23,0,82
Messancy,81015,2020-06-24,0,82
Messancy,81015,2020-06-25,1,83
Messancy,81015,2020-06-26,0,83
Messancy,81015,2020-06-27,0,83
Messancy,81015,2020-06-30,0,83
Messancy,81015,2020-07-01,1,84
Messancy,81015,2020-07-02,0,84
Messancy,81015,2020-07-03,0,84
Messancy,81015,2020-07-04,0,84
Messancy,81015,2020-07-07,0,84
Messancy,81015,2020-07-08,0,84
Messancy,81015,2020-07-09,0,84
Messancy,81015,2020-07-10,0,84
Messancy,81015,2020-07-11,0,84
Messancy,81015,2020-07-14,0,84
Messancy,81015,2020-07-15,0,84
Messancy,81015,2020-07-16,1,85
Messancy,81015,2020-07-17,0,85
Messancy,81015,2020-07-18,1,86
Messancy,81015,2020-07-20,2,88
Messancy,81015,2020-07-21,0,88
Messancy,81015,2020-07-22,1,89
Messancy,81015,2020-07-23,0,89
Messancy,81015,2020-07-24,0,89
Messancy,81015,2020-07-25,0,89
Messancy,81015,2020-07-26,0,89
Messancy,81015,2020-07-27,0,89
Messancy,81015,2020-07-28,0,89
Messancy,81015,2020-07-29,0,89
Messancy,81015,2020-07-30,0,89
Messancy,81015,2020-07-31,0,89
Messancy,81015,2020-08-01,1,90
Messancy,81015,2020-08-02,0,90
Messancy,81015,2020-08-03,0,90
Messancy,81015,2020-08-04,0,90
Messancy,81015,2020-08-05,0,90
Messancy,81015,2020-08-06,2,92
Messancy,81015,2020-08-07,0,92
Messancy,81015,2020-08-08,0,92
Messancy,81015,2020-08-09,2,94
Messancy,81015,2020-08-10,0,94
Messancy,81015,2020-08-11,0,94
Messancy,81015,2020-08-12,2,96
Messancy,81015,2020-08-13,0,96
Messancy,81015,2020-08-14,0,96
Messancy,81015,2020-08-15,0,96
Messancy,81015,2020-08-16,0,96
Messancy,81015,2020-08-17,0,96
Messancy,81015,2020-08-18,0,96
Messancy,81015,2020-08-19,0,96
Messancy,81015,2020-08-20,0,96
Messancy,81015,2020-08-21,1,97
Messancy,81015,2020-08-22,0,97
Messancy,81015,2020-08-23,0,97
Messancy,81015,2020-08-24,0,97
Messancy,81015,2020-08-25,0,97
Messancy,81015,2020-08-26,0,97
Messancy,81015,2020-08-27,0,97
Messancy,81015,2020-08-28,0,97
Messancy,81015,2020-08-29,1,98
Messancy,81015,2020-08-30,1,99
Messancy,81015,2020-08-31,0,99
Messancy,81015,2020-09-01,0,99
Messancy,81015,2020-09-02,0,99
Messancy,81015,2020-09-03,0,99
Messancy,81015,2020-09-04,0,99
Messancy,81015,2020-09-05,0,99
Messancy,81015,2020-09-06,0,99
Messancy,81015,2020-09-07,0,99
Messancy,81015,2020-09-08,0,99
Messancy,81015,2020-09-09,1,100
Messancy,81015,2020-09-10,0,100
Messancy,81015,2020-09-11,1,101
Messancy,81015,2020-09-12,1,102
Messancy,81015,2020-09-13,1,103
Messancy,81015,2020-09-14,0,103
Messancy,81015,2020-09-15,0,103
Messancy,81015,2020-09-16,2,105
Messancy,81015,2020-09-17,0,105
Messancy,81015,2020-09-18,0,105
Messancy,81015,2020-09-19,1,106
Messancy,81015,2020-09-20,0,106
Messancy,81015,2020-09-21,1,107
Messancy,81015,2020-09-22,0,107
Messancy,81015,2020-09-23,0,107
Messancy,81015,2020-09-24,0,107
Messancy,81015,2020-09-25,3,110
Messancy,81015,2020-09-26,0,110
Messancy,81015,2020-09-27,0,110
Messancy,81015,2020-09-28,0,110
Messancy,81015,2020-09-29,0,110
Messancy,81015,2020-09-30,0,110
Messancy,81015,2020-10-01,0,110
Messancy,81015,2020-10-02,1,111
Messancy,81015,2020-10-03,0,111
Messancy,81015,2020-10-04,2,113
Messancy,81015,2020-10-05,0,113
Messancy,81015,2020-10-06,0,113
Messancy,81015,2020-10-07,1,114
Messancy,81015,2020-10-08,1,115
Messancy,81015,2020-10-09,3,118
Messancy,81015,2020-10-10,2,120
Messancy,81015,2020-10-11,5,125
Messancy,81015,2020-10-12,3,128
Messancy,81015,2020-10-13,9,137
Messancy,81015,2020-10-14,3,140
Messancy,81015,2020-10-15,5,145
Messancy,81015,2020-10-16,6,151
Messancy,81015,2020-10-17,9,160
Messancy,81015,2020-10-18,10,170
Messancy,81015,2020-10-19,5,175
Messancy,81015,2020-10-20,4,179
Messancy,81015,2020-10-21,7,186
Messancy,81015,2020-10-22,10,196
Messancy,81015,2020-10-23,11,207
Messancy,81015,2020-10-24,18,225
Messancy,81015,2020-10-25,14,239
Messancy,81015,2020-10-26,0,239
Messancy,81015,2020-10-27,2,241
Messancy,81015,2020-10-28,7,248
Messancy,81015,2020-10-29,19,267
Messancy,81015,2020-10-30,16,283
Messancy,81015,2020-10-31,10,293
Messancy,81015,2020-11-01,9,302
Messancy,81015,2020-11-02,1,303
Messancy,81015,2020-11-03,2,305
Messancy,81015,2020-11-04,-35,270
Messancy,81015,2020-11-05,53,323
Messancy,81015,2020-11-06,5,328
Messancy,81015,2020-11-07,3,331
Messancy,81015,2020-11-08,8,339
Messancy,81015,2020-11-09,0,339
Messancy,81015,2020-11-10,5,344
Messancy,81015,2020-11-11,1,345
Bastenaken,82003,2020-04-01,1,11
Bastenaken,82003,2020-04-02,4,15
Bastenaken,82003,2020-04-03,3,18
Bastenaken,82003,2020-04-04,3,21
Bastenaken,82003,2020-04-05,5,26
Bastenaken,82003,2020-04-06,3,29
Bastenaken,82003,2020-04-07,2,31
Bastenaken,82003,2020-04-08,2,33
Bastenaken,82003,2020-04-09,0,33
Bastenaken,82003,2020-04-10,7,40
Bastenaken,82003,2020-04-11,1,41
Bastenaken,82003,2020-04-12,0,41
Bastenaken,82003,2020-04-13,2,43
Bastenaken,82003,2020-04-14,0,43
Bastenaken,82003,2020-04-15,1,44
Bastenaken,82003,2020-04-16,1,45
Bastenaken,82003,2020-04-17,1,46
Bastenaken,82003,2020-04-18,0,46
Bastenaken,82003,2020-04-19,3,49
Bastenaken,82003,2020-04-20,0,49
Bastenaken,82003,2020-04-21,0,49
Bastenaken,82003,2020-04-22,0,49
Bastenaken,82003,2020-04-23,0,49
Bastenaken,82003,2020-04-24,0,49
Bastenaken,82003,2020-04-25,3,52
Bastenaken,82003,2020-04-26,0,52
Bastenaken,82003,2020-04-27,0,52
Bastenaken,82003,2020-04-28,1,53
Bastenaken,82003,2020-04-29,1,54
Bastenaken,82003,2020-04-30,0,54
Bastenaken,82003,2020-05-01,0,54
Bastenaken,82003,2020-05-02,0,54
Bastenaken,82003,2020-05-03,0,54
Bastenaken,82003,2020-05-04,0,54
Bastenaken,82003,2020-05-05,0,54
Bastenaken,82003,2020-05-06,0,54
Bastenaken,82003,2020-05-07,0,54
Bastenaken,82003,2020-05-08,0,54
Bastenaken,82003,2020-05-09,0,54
Bastenaken,82003,2020-05-10,0,54
Bastenaken,82003,2020-05-11,0,54
Bastenaken,82003,2020-05-12,0,54
Bastenaken,82003,2020-05-13,0,54
Bastenaken,82003,2020-05-14,2,56
Bastenaken,82003,2020-05-15,0,56
Bastenaken,82003,2020-05-16,0,56
Bastenaken,82003,2020-05-17,0,56
Bastenaken,82003,2020-05-18,0,56
Bastenaken,82003,2020-05-19,0,56
Bastenaken,82003,2020-05-20,0,56
Bastenaken,82003,2020-05-21,0,56
Bastenaken,82003,2020-05-22,1,57
Bastenaken,82003,2020-05-23,0,57
Bastenaken,82003,2020-05-24,0,57
Bastenaken,82003,2020-05-25,0,57
Bastenaken,82003,2020-05-26,0,57
Bastenaken,82003,2020-05-27,0,57
Bastenaken,82003,2020-05-28,0,57
Bastenaken,82003,2020-05-29,3,60
Bastenaken,82003,2020-05-30,1,61
Bastenaken,82003,2020-05-31,0,61
Bastenaken,82003,2020-06-01,0,61
Bastenaken,82003,2020-06-02,1,62
Bastenaken,82003,2020-06-03,0,62
Bastenaken,82003,2020-06-04,2,64
Bastenaken,82003,2020-06-05,0,64
Bastenaken,82003,2020-06-06,0,64
Bastenaken,82003,2020-06-07,0,64
Bastenaken,82003,2020-06-08,0,64
Bastenaken,82003,2020-06-09,0,64
Bastenaken,82003,2020-06-10,0,64
Bastenaken,82003,2020-06-11,0,64
Bastenaken,82003,2020-06-12,4,68
Bastenaken,82003,2020-06-13,0,68
Bastenaken,82003,2020-06-14,0,68
Bastenaken,82003,2020-06-15,0,68
Bastenaken,82003,2020-06-16,0,68
Bastenaken,82003,2020-06-17,0,68
Bastenaken,82003,2020-06-18,0,68
Bastenaken,82003,2020-06-19,0,68
Bastenaken,82003,2020-06-20,0,68
Bastenaken,82003,2020-06-23,2,70
Bastenaken,82003,2020-06-24,1,71
Bastenaken,82003,2020-06-25,0,71
Bastenaken,82003,2020-06-26,1,72
Bastenaken,82003,2020-06-27,0,72
Bastenaken,82003,2020-06-30,2,74
Bastenaken,82003,2020-07-01,0,74
Bastenaken,82003,2020-07-02,0,74
Bastenaken,82003,2020-07-03,0,74
Bastenaken,82003,2020-07-04,0,74
Bastenaken,82003,2020-07-07,0,74
Bastenaken,82003,2020-07-08,0,74
Bastenaken,82003,2020-07-09,0,74
Bastenaken,82003,2020-07-10,0,74
Bastenaken,82003,2020-07-11,0,74
Bastenaken,82003,2020-07-14,0,74
Bastenaken,82003,2020-07-15,0,74
Bastenaken,82003,2020-07-16,1,75
Bastenaken,82003,2020-07-17,0,75
Bastenaken,82003,2020-07-18,0,75
Bastenaken,82003,2020-07-20,0,75
Bastenaken,82003,2020-07-21,0,75
Bastenaken,82003,2020-07-22,0,75
Bastenaken,82003,2020-07-23,1,76
Bastenaken,82003,2020-07-24,0,76
Bastenaken,82003,2020-07-25,0,76
Bastenaken,82003,2020-07-26,0,76
Bastenaken,82003,2020-07-27,0,76
Bastenaken,82003,2020-07-28,0,76
Bastenaken,82003,2020-07-29,0,76
Bastenaken,82003,2020-07-30,0,76
Bastenaken,82003,2020-07-31,0,76
Bastenaken,82003,2020-08-01,1,77
Bastenaken,82003,2020-08-02,0,77
Bastenaken,82003,2020-08-03,0,77
Bastenaken,82003,2020-08-04,0,77
Bastenaken,82003,2020-08-05,0,77
Bastenaken,82003,2020-08-06,0,77
Bastenaken,82003,2020-08-07,0,77
Bastenaken,82003,2020-08-08,0,77
Bastenaken,82003,2020-08-09,0,77
Bastenaken,82003,2020-08-10,0,77
Bastenaken,82003,2020-08-11,0,77
Bastenaken,82003,2020-08-12,0,77
Bastenaken,82003,2020-08-13,0,77
Bastenaken,82003,2020-08-14,0,77
Bastenaken,82003,2020-08-15,0,77
Bastenaken,82003,2020-08-16,0,77
Bastenaken,82003,2020-08-17,0,77
Bastenaken,82003,2020-08-18,0,77
Bastenaken,82003,2020-08-19,0,77
Bastenaken,82003,2020-08-20,1,78
Bastenaken,82003,2020-08-21,0,78
Bastenaken,82003,2020-08-22,0,78
Bastenaken,82003,2020-08-23,1,79
Bastenaken,82003,2020-08-24,0,79
Bastenaken,82003,2020-08-25,0,79
Bastenaken,82003,2020-08-26,0,79
Bastenaken,82003,2020-08-27,0,79
Bastenaken,82003,2020-08-28,0,79
Bastenaken,82003,2020-08-29,0,79
Bastenaken,82003,2020-08-30,0,79
Bastenaken,82003,2020-08-31,0,79
Bastenaken,82003,2020-09-01,0,79
Bastenaken,82003,2020-09-02,3,82
Bastenaken,82003,2020-09-03,0,82
Bastenaken,82003,2020-09-04,0,82
Bastenaken,82003,2020-09-05,0,82
Bastenaken,82003,2020-09-06,1,83
Bastenaken,82003,2020-09-07,0,83
Bastenaken,82003,2020-09-08,1,84
Bastenaken,82003,2020-09-09,0,84
Bastenaken,82003,2020-09-10,0,84
Bastenaken,82003,2020-09-11,0,84
Bastenaken,82003,2020-09-12,0,84
Bastenaken,82003,2020-09-13,0,84
Bastenaken,82003,2020-09-14,1,85
Bastenaken,82003,2020-09-15,0,85
Bastenaken,82003,2020-09-16,1,86
Bastenaken,82003,2020-09-17,4,90
Bastenaken,82003,2020-09-18,2,92
Bastenaken,82003,2020-09-19,1,93
Bastenaken,82003,2020-09-20,-1,92
Bastenaken,82003,2020-09-21,1,93
Bastenaken,82003,2020-09-22,7,100
Bastenaken,82003,2020-09-23,1,101
Bastenaken,82003,2020-09-24,6,107
Bastenaken,82003,2020-09-25,3,110
Bastenaken,82003,2020-09-26,5,115
Bastenaken,82003,2020-09-27,2,117
Bastenaken,82003,2020-09-28,1,118
Bastenaken,82003,2020-09-29,3,121
Bastenaken,82003,2020-09-30,4,125
Bastenaken,82003,2020-10-01,0,125
Bastenaken,82003,2020-10-02,4,129
Bastenaken,82003,2020-10-03,6,135
Bastenaken,82003,2020-10-04,4,139
Bastenaken,82003,2020-10-05,0,139
Bastenaken,82003,2020-10-06,7,146
Bastenaken,82003,2020-10-07,6,152
Bastenaken,82003,2020-10-08,4,156
Bastenaken,82003,2020-10-09,4,160
Bastenaken,82003,2020-10-10,4,164
Bastenaken,82003,2020-10-11,12,176
Bastenaken,82003,2020-10-12,4,180
Bastenaken,82003,2020-10-13,2,182
Bastenaken,82003,2020-10-14,1,183
Bastenaken,82003,2020-10-15,19,202
Bastenaken,82003,2020-10-16,24,226
Bastenaken,82003,2020-10-17,6,232
Bastenaken,82003,2020-10-18,24,256
Bastenaken,82003,2020-10-19,29,285
Bastenaken,82003,2020-10-20,4,289
Bastenaken,82003,2020-10-21,10,299
Bastenaken,82003,2020-10-22,14,313
Bastenaken,82003,2020-10-23,90,403
Bastenaken,82003,2020-10-24,36,439
Bastenaken,82003,2020-10-25,43,482
Bastenaken,82003,2020-10-26,6,488
Bastenaken,82003,2020-10-27,45,533
Bastenaken,82003,2020-10-28,38,571
Bastenaken,82003,2020-10-29,29,600
Bastenaken,82003,2020-10-30,28,628
Bastenaken,82003,2020-10-31,52,680
Bastenaken,82003,2020-11-01,41,721
Bastenaken,82003,2020-11-02,23,744
Bastenaken,82003,2020-11-03,45,789
Bastenaken,82003,2020-11-04,-40,749
Bastenaken,82003,2020-11-05,90,839
Bastenaken,82003,2020-11-06,24,863
Bastenaken,82003,2020-11-07,21,884
Bastenaken,82003,2020-11-08,14,898
Bastenaken,82003,2020-11-09,8,906
Bastenaken,82003,2020-11-10,14,920
Bastenaken,82003,2020-11-11,9,929
Bertogne,82005,2020-04-01,0,0
Bertogne,82005,2020-04-02,0,0
Bertogne,82005,2020-04-03,0,0
Bertogne,82005,2020-04-04,0,0
Bertogne,82005,2020-04-05,0,0
Bertogne,82005,2020-04-06,0,0
Bertogne,82005,2020-04-07,0,0
Bertogne,82005,2020-04-08,0,0
Bertogne,82005,2020-04-09,5,5
Bertogne,82005,2020-04-10,0,5
Bertogne,82005,2020-04-11,0,5
Bertogne,82005,2020-04-12,0,5
Bertogne,82005,2020-04-13,0,5
Bertogne,82005,2020-04-14,0,5
Bertogne,82005,2020-04-15,0,5
Bertogne,82005,2020-04-16,0,5
Bertogne,82005,2020-04-17,0,5
Bertogne,82005,2020-04-18,0,5
Bertogne,82005,2020-04-19,0,5
Bertogne,82005,2020-04-20,0,5
Bertogne,82005,2020-04-21,0,5
Bertogne,82005,2020-04-22,0,5
Bertogne,82005,2020-04-23,0,5
Bertogne,82005,2020-04-24,0,5
Bertogne,82005,2020-04-25,0,5
Bertogne,82005,2020-04-26,0,5
Bertogne,82005,2020-04-27,0,5
Bertogne,82005,2020-04-28,0,5
Bertogne,82005,2020-04-29,0,5
Bertogne,82005,2020-04-30,0,5
Bertogne,82005,2020-05-01,0,5
Bertogne,82005,2020-05-02,0,5
Bertogne,82005,2020-05-03,0,5
Bertogne,82005,2020-05-04,0,5
Bertogne,82005,2020-05-05,0,5
Bertogne,82005,2020-05-06,0,5
Bertogne,82005,2020-05-07,0,5
Bertogne,82005,2020-05-08,0,5
Bertogne,82005,2020-05-09,0,5
Bertogne,82005,2020-05-10,0,5
Bertogne,82005,2020-05-11,0,5
Bertogne,82005,2020-05-12,0,5
Bertogne,82005,2020-05-13,0,5
Bertogne,82005,2020-05-14,0,5
Bertogne,82005,2020-05-15,0,5
Bertogne,82005,2020-05-16,0,5
Bertogne,82005,2020-05-17,0,5
Bertogne,82005,2020-05-18,0,5
Bertogne,82005,2020-05-19,0,5
Bertogne,82005,2020-05-20,0,5
Bertogne,82005,2020-05-21,0,5
Bertogne,82005,2020-05-22,0,5
Bertogne,82005,2020-05-23,0,5
Bertogne,82005,2020-05-24,0,5
Bertogne,82005,2020-05-25,0,5
Bertogne,82005,2020-05-26,0,5
Bertogne,82005,2020-05-27,0,5
Bertogne,82005,2020-05-28,0,5
Bertogne,82005,2020-05-29,1,6
Bertogne,82005,2020-05-30,0,6
Bertogne,82005,2020-05-31,0,6
Bertogne,82005,2020-06-01,0,6
Bertogne,82005,2020-06-02,0,6
Bertogne,82005,2020-06-03,0,6
Bertogne,82005,2020-06-04,1,7
Bertogne,82005,2020-06-05,0,7
Bertogne,82005,2020-06-06,0,7
Bertogne,82005,2020-06-07,0,7
Bertogne,82005,2020-06-08,0,7
Bertogne,82005,2020-06-09,0,7
Bertogne,82005,2020-06-10,0,7
Bertogne,82005,2020-06-11,0,7
Bertogne,82005,2020-06-12,1,8
Bertogne,82005,2020-06-13,0,8
Bertogne,82005,2020-06-14,0,8
Bertogne,82005,2020-06-15,0,8
Bertogne,82005,2020-06-16,0,8
Bertogne,82005,2020-06-17,0,8
Bertogne,82005,2020-06-18,1,9
Bertogne,82005,2020-06-19,0,9
Bertogne,82005,2020-06-20,0,9
Bertogne,82005,2020-06-23,1,10
Bertogne,82005,2020-06-24,0,10
Bertogne,82005,2020-06-25,0,10
Bertogne,82005,2020-06-26,0,10
Bertogne,82005,2020-06-27,0,10
Bertogne,82005,2020-06-30,0,10
Bertogne,82005,2020-07-01,0,10
Bertogne,82005,2020-07-02,0,10
Bertogne,82005,2020-07-03,0,10
Bertogne,82005,2020-07-04,0,10
Bertogne,82005,2020-07-07,0,10
Bertogne,82005,2020-07-08,0,10
Bertogne,82005,2020-07-09,0,10
Bertogne,82005,2020-07-10,0,10
Bertogne,82005,2020-07-11,0,10
Bertogne,82005,2020-07-14,0,10
Bertogne,82005,2020-07-15,0,10
Bertogne,82005,2020-07-16,0,10
Bertogne,82005,2020-07-17,0,10
Bertogne,82005,2020-07-18,0,10
Bertogne,82005,2020-07-20,0,10
Bertogne,82005,2020-07-21,0,10
Bertogne,82005,2020-07-22,0,10
Bertogne,82005,2020-07-23,0,10
Bertogne,82005,2020-07-24,0,10
Bertogne,82005,2020-07-25,0,10
Bertogne,82005,2020-07-26,0,10
Bertogne,82005,2020-07-27,0,10
Bertogne,82005,2020-07-28,0,10
Bertogne,82005,2020-07-29,0,10
Bertogne,82005,2020-07-30,0,10
Bertogne,82005,2020-07-31,0,10
Bertogne,82005,2020-08-01,0,10
Bertogne,82005,2020-08-02,0,10
Bertogne,82005,2020-08-03,0,10
Bertogne,82005,2020-08-04,0,10
Bertogne,82005,2020-08-05,0,10
Bertogne,82005,2020-08-06,0,10
Bertogne,82005,2020-08-07,0,10
Bertogne,82005,2020-08-08,0,10
Bertogne,82005,2020-08-09,0,10
Bertogne,82005,2020-08-10,0,10
Bertogne,82005,2020-08-11,0,10
Bertogne,82005,2020-08-12,0,10
Bertogne,82005,2020-08-13,0,10
Bertogne,82005,2020-08-14,0,10
Bertogne,82005,2020-08-15,0,10
Bertogne,82005,2020-08-16,0,10
Bertogne,82005,2020-08-17,0,10
Bertogne,82005,2020-08-18,0,10
Bertogne,82005,2020-08-19,0,10
Bertogne,82005,2020-08-20,0,10
Bertogne,82005,2020-08-21,0,10
Bertogne,82005,2020-08-22,1,11
Bertogne,82005,2020-08-23,0,11
Bertogne,82005,2020-08-24,0,11
Bertogne,82005,2020-08-25,0,11
Bertogne,82005,2020-08-26,0,11
Bertogne,82005,2020-08-27,0,11
Bertogne,82005,2020-08-28,0,11
Bertogne,82005,2020-08-29,0,11
Bertogne,82005,2020-08-30,0,11
Bertogne,82005,2020-08-31,0,11
Bertogne,82005,2020-09-01,0,11
Bertogne,82005,2020-09-02,0,11
Bertogne,82005,2020-09-03,0,11
Bertogne,82005,2020-09-04,0,11
Bertogne,82005,2020-09-05,0,11
Bertogne,82005,2020-09-06,0,11
Bertogne,82005,2020-09-07,0,11
Bertogne,82005,2020-09-08,0,11
Bertogne,82005,2020-09-09,0,11
Bertogne,82005,2020-09-10,0,11
Bertogne,82005,2020-09-11,0,11
Bertogne,82005,2020-09-12,0,11
Bertogne,82005,2020-09-13,0,11
Bertogne,82005,2020-09-14,0,11
Bertogne,82005,2020-09-15,0,11
Bertogne,82005,2020-09-16,0,11
Bertogne,82005,2020-09-17,0,11
Bertogne,82005,2020-09-18,0,11
Bertogne,82005,2020-09-19,0,11
Bertogne,82005,2020-09-20,0,11
Bertogne,82005,2020-09-21,0,11
Bertogne,82005,2020-09-22,0,11
Bertogne,82005,2020-09-23,0,11
Bertogne,82005,2020-09-24,0,11
Bertogne,82005,2020-09-25,0,11
Bertogne,82005,2020-09-26,0,11
Bertogne,82005,2020-09-27,0,11
Bertogne,82005,2020-09-28,0,11
Bertogne,82005,2020-09-29,0,11
Bertogne,82005,2020-09-30,0,11
Bertogne,82005,2020-10-01,0,11
Bertogne,82005,2020-10-02,0,11
Bertogne,82005,2020-10-03,0,11
Bertogne,82005,2020-10-04,1,12
Bertogne,82005,2020-10-05,0,12
Bertogne,82005,2020-10-06,1,13
Bertogne,82005,2020-10-07,0,13
Bertogne,82005,2020-10-08,1,14
Bertogne,82005,2020-10-09,1,15
Bertogne,82005,2020-10-10,2,17
Bertogne,82005,2020-10-11,3,20
Bertogne,82005,2020-10-12,2,22
Bertogne,82005,2020-10-13,0,22
Bertogne,82005,2020-10-14,2,24
Bertogne,82005,2020-10-15,5,29
Bertogne,82005,2020-10-16,3,32
Bertogne,82005,2020-10-17,2,34
Bertogne,82005,2020-10-18,4,38
Bertogne,82005,2020-10-19,2,40
Bertogne,82005,2020-10-20,5,45
Bertogne,82005,2020-10-21,1,46
Bertogne,82005,2020-10-22,4,50
Bertogne,82005,2020-10-23,19,69
Bertogne,82005,2020-10-24,10,79
Bertogne,82005,2020-10-25,9,88
Bertogne,82005,2020-10-26,5,93
Bertogne,82005,2020-10-27,9,102
Bertogne,82005,2020-10-28,5,107
Bertogne,82005,2020-10-29,10,117
Bertogne,82005,2020-10-30,6,123
Bertogne,82005,2020-10-31,23,146
Bertogne,82005,2020-11-01,9,155
Bertogne,82005,2020-11-02,16,171
Bertogne,82005,2020-11-03,3,174
Bertogne,82005,2020-11-04,-12,162
Bertogne,82005,2020-11-05,21,183
Bertogne,82005,2020-11-06,5,188
Bertogne,82005,2020-11-07,2,190
Bertogne,82005,2020-11-08,6,196
Bertogne,82005,2020-11-09,1,197
Bertogne,82005,2020-11-10,2,199
Bertogne,82005,2020-11-11,4,203
Fauvillers,82009,2020-04-01,0,5
Fauvillers,82009,2020-04-02,0,5
Fauvillers,82009,2020-04-03,0,5
Fauvillers,82009,2020-04-04,0,5
Fauvillers,82009,2020-04-05,0,5
Fauvillers,82009,2020-04-06,0,5
Fauvillers,82009,2020-04-07,0,5
Fauvillers,82009,2020-04-08,1,6
Fauvillers,82009,2020-04-09,0,6
Fauvillers,82009,2020-04-10,0,6
Fauvillers,82009,2020-04-11,1,7
Fauvillers,82009,2020-04-12,0,7
Fauvillers,82009,2020-04-13,0,7
Fauvillers,82009,2020-04-14,0,7
Fauvillers,82009,2020-04-15,0,7
Fauvillers,82009,2020-04-16,0,7
Fauvillers,82009,2020-04-17,2,9
Fauvillers,82009,2020-04-18,0,9
Fauvillers,82009,2020-04-19,0,9
Fauvillers,82009,2020-04-20,0,9
Fauvillers,82009,2020-04-21,0,9
Fauvillers,82009,2020-04-22,0,9
Fauvillers,82009,2020-04-23,0,9
Fauvillers,82009,2020-04-24,0,9
Fauvillers,82009,2020-04-25,0,9
Fauvillers,82009,2020-04-26,1,10
Fauvillers,82009,2020-04-27,0,10
Fauvillers,82009,2020-04-28,0,10
Fauvillers,82009,2020-04-29,0,10
Fauvillers,82009,2020-04-30,0,10
Fauvillers,82009,2020-05-01,1,11
Fauvillers,82009,2020-05-02,0,11
Fauvillers,82009,2020-05-03,0,11
Fauvillers,82009,2020-05-04,0,11
Fauvillers,82009,2020-05-05,0,11
Fauvillers,82009,2020-05-06,0,11
Fauvillers,82009,2020-05-07,0,11
Fauvillers,82009,2020-05-08,0,11
Fauvillers,82009,2020-05-09,0,11
Fauvillers,82009,2020-05-10,0,11
Fauvillers,82009,2020-05-11,0,11
Fauvillers,82009,2020-05-12,0,11
Fauvillers,82009,2020-05-13,0,11
Fauvillers,82009,2020-05-14,0,11
Fauvillers,82009,2020-05-15,0,11
Fauvillers,82009,2020-05-16,0,11
Fauvillers,82009,2020-05-17,0,11
Fauvillers,82009,2020-05-18,0,11
Fauvillers,82009,2020-05-19,0,11
Fauvillers,82009,2020-05-20,0,11
Fauvillers,82009,2020-05-21,0,11
Fauvillers,82009,2020-05-22,0,11
Fauvillers,82009,2020-05-23,0,11
Fauvillers,82009,2020-05-24,0,11
Fauvillers,82009,2020-05-25,0,11
Fauvillers,82009,2020-05-26,0,11
Fauvillers,82009,2020-05-27,0,11
Fauvillers,82009,2020-05-28,0,11
Fauvillers,82009,2020-05-29,0,11
Fauvillers,82009,2020-05-30,0,11
Fauvillers,82009,2020-05-31,0,11
Fauvillers,82009,2020-06-01,0,11
Fauvillers,82009,2020-06-02,0,11
Fauvillers,82009,2020-06-03,0,11
Fauvillers,82009,2020-06-04,0,11
Fauvillers,82009,2020-06-05,0,11
Fauvillers,82009,2020-06-06,0,11
Fauvillers,82009,2020-06-07,0,11
Fauvillers,82009,2020-06-08,0,11
Fauvillers,82009,2020-06-09,0,11
Fauvillers,82009,2020-06-10,0,11
Fauvillers,82009,2020-06-11,0,11
Fauvillers,82009,2020-06-12,0,11
Fauvillers,82009,2020-06-13,0,11
Fauvillers,82009,2020-06-14,0,11
Fauvillers,82009,2020-06-15,0,11
Fauvillers,82009,2020-06-16,0,11
Fauvillers,82009,2020-06-17,0,11
Fauvillers,82009,2020-06-18,0,11
Fauvillers,82009,2020-06-19,0,11
Fauvillers,82009,2020-06-20,0,11
Fauvillers,82009,2020-06-23,0,11
Fauvillers,82009,2020-06-24,0,11
Fauvillers,82009,2020-06-25,0,11
Fauvillers,82009,2020-06-26,1,12
Fauvillers,82009,2020-06-27,0,12
Fauvillers,82009,2020-06-30,0,12
Fauvillers,82009,2020-07-01,0,12
Fauvillers,82009,2020-07-02,0,12
Fauvillers,82009,2020-07-03,0,12
Fauvillers,82009,2020-07-04,0,12
Fauvillers,82009,2020-07-07,0,12
Fauvillers,82009,2020-07-08,0,12
Fauvillers,82009,2020-07-09,0,12
Fauvillers,82009,2020-07-10,0,12
Fauvillers,82009,2020-07-11,0,12
Fauvillers,82009,2020-07-14,0,12
Fauvillers,82009,2020-07-15,0,12
Fauvillers,82009,2020-07-16,0,12
Fauvillers,82009,2020-07-17,0,12
Fauvillers,82009,2020-07-18,0,12
Fauvillers,82009,2020-07-20,0,12
Fauvillers,82009,2020-07-21,0,12
Fauvillers,82009,2020-07-22,0,12
Fauvillers,82009,2020-07-23,0,12
Fauvillers,82009,2020-07-24,0,12
Fauvillers,82009,2020-07-25,0,12
Fauvillers,82009,2020-07-26,0,12
Fauvillers,82009,2020-07-27,0,12
Fauvillers,82009,2020-07-28,0,12
Fauvillers,82009,2020-07-29,0,12
Fauvillers,82009,2020-07-30,0,12
Fauvillers,82009,2020-07-31,0,12
Fauvillers,82009,2020-08-01,0,12
Fauvillers,82009,2020-08-02,0,12
Fauvillers,82009,2020-08-03,0,12
Fauvillers,82009,2020-08-04,0,12
Fauvillers,82009,2020-08-05,0,12
Fauvillers,82009,2020-08-06,0,12
Fauvillers,82009,2020-08-07,0,12
Fauvillers,82009,2020-08-08,0,12
Fauvillers,82009,2020-08-09,0,12
Fauvillers,82009,2020-08-10,0,12
Fauvillers,82009,2020-08-11,0,12
Fauvillers,82009,2020-08-12,0,12
Fauvillers,82009,2020-08-13,0,12
Fauvillers,82009,2020-08-14,0,12
Fauvillers,82009,2020-08-15,0,12
Fauvillers,82009,2020-08-16,0,12
Fauvillers,82009,2020-08-17,0,12
Fauvillers,82009,2020-08-18,0,12
Fauvillers,82009,2020-08-19,0,12
Fauvillers,82009,2020-08-20,0,12
Fauvillers,82009,2020-08-21,0,12
Fauvillers,82009,2020-08-22,0,12
Fauvillers,82009,2020-08-23,0,12
Fauvillers,82009,2020-08-24,0,12
Fauvillers,82009,2020-08-25,0,12
Fauvillers,82009,2020-08-26,0,12
Fauvillers,82009,2020-08-27,0,12
Fauvillers,82009,2020-08-28,0,12
Fauvillers,82009,2020-08-29,0,12
Fauvillers,82009,2020-08-30,0,12
Fauvillers,82009,2020-08-31,0,12
Fauvillers,82009,2020-09-01,0,12
Fauvillers,82009,2020-09-02,0,12
Fauvillers,82009,2020-09-03,0,12
Fauvillers,82009,2020-09-04,0,12
Fauvillers,82009,2020-09-05,0,12
Fauvillers,82009,2020-09-06,0,12
Fauvillers,82009,2020-09-07,0,12
Fauvillers,82009,2020-09-08,0,12
Fauvillers,82009,2020-09-09,0,12
Fauvillers,82009,2020-09-10,0,12
Fauvillers,82009,2020-09-11,0,12
Fauvillers,82009,2020-09-12,0,12
Fauvillers,82009,2020-09-13,0,12
Fauvillers,82009,2020-09-14,0,12
Fauvillers,82009,2020-09-15,0,12
Fauvillers,82009,2020-09-16,0,12
Fauvillers,82009,2020-09-17,0,12
Fauvillers,82009,2020-09-18,0,12
Fauvillers,82009,2020-09-19,0,12
Fauvillers,82009,2020-09-20,0,12
Fauvillers,82009,2020-09-21,0,12
Fauvillers,82009,2020-09-22,0,12
Fauvillers,82009,2020-09-23,0,12
Fauvillers,82009,2020-09-24,0,12
Fauvillers,82009,2020-09-25,0,12
Fauvillers,82009,2020-09-26,1,13
Fauvillers,82009,2020-09-27,0,13
Fauvillers,82009,2020-09-28,0,13
Fauvillers,82009,2020-09-29,0,13
Fauvillers,82009,2020-09-30,1,14
Fauvillers,82009,2020-10-01,1,15
Fauvillers,82009,2020-10-02,0,15
Fauvillers,82009,2020-10-03,0,15
Fauvillers,82009,2020-10-04,0,15
Fauvillers,82009,2020-10-05,0,15
Fauvillers,82009,2020-10-06,1,16
Fauvillers,82009,2020-10-07,0,16
Fauvillers,82009,2020-10-08,0,16
Fauvillers,82009,2020-10-09,3,19
Fauvillers,82009,2020-10-10,0,19
Fauvillers,82009,2020-10-11,2,21
Fauvillers,82009,2020-10-12,2,23
Fauvillers,82009,2020-10-13,1,24
Fauvillers,82009,2020-10-14,1,25
Fauvillers,82009,2020-10-15,2,27
Fauvillers,82009,2020-10-16,3,30
Fauvillers,82009,2020-10-17,4,34
Fauvillers,82009,2020-10-18,3,37
Fauvillers,82009,2020-10-19,3,40
Fauvillers,82009,2020-10-20,2,42
Fauvillers,82009,2020-10-21,2,44
Fauvillers,82009,2020-10-22,2,46
Fauvillers,82009,2020-10-23,8,54
Fauvillers,82009,2020-10-24,6,60
Fauvillers,82009,2020-10-25,8,68
Fauvillers,82009,2020-10-26,1,69
Fauvillers,82009,2020-10-27,4,73
Fauvillers,82009,2020-10-28,4,77
Fauvillers,82009,2020-10-29,4,81
Fauvillers,82009,2020-10-30,4,85
Fauvillers,82009,2020-10-31,6,91
Fauvillers,82009,2020-11-01,1,92
Fauvillers,82009,2020-11-02,1,93
Fauvillers,82009,2020-11-03,2,95
Fauvillers,82009,2020-11-04,-3,92
Fauvillers,82009,2020-11-05,7,99
Fauvillers,82009,2020-11-06,3,102
Fauvillers,82009,2020-11-07,2,104
Fauvillers,82009,2020-11-08,0,104
Fauvillers,82009,2020-11-09,0,104
Fauvillers,82009,2020-11-10,1,105
Fauvillers,82009,2020-11-11,1,106
Houffalize,82014,2020-04-01,0,0
Houffalize,82014,2020-04-02,5,5
Houffalize,82014,2020-04-03,1,6
Houffalize,82014,2020-04-04,2,8
Houffalize,82014,2020-04-05,2,10
Houffalize,82014,2020-04-06,0,10
Houffalize,82014,2020-04-07,0,10
Houffalize,82014,2020-04-08,2,12
Houffalize,82014,2020-04-09,1,13
Houffalize,82014,2020-04-10,1,14
Houffalize,82014,2020-04-11,1,15
Houffalize,82014,2020-04-12,1,16
Houffalize,82014,2020-04-13,1,17
Houffalize,82014,2020-04-14,2,19
Houffalize,82014,2020-04-15,0,19
Houffalize,82014,2020-04-16,1,20
Houffalize,82014,2020-04-17,0,20
Houffalize,82014,2020-04-18,1,21
Houffalize,82014,2020-04-19,0,21
Houffalize,82014,2020-04-20,0,21
Houffalize,82014,2020-04-21,0,21
Houffalize,82014,2020-04-22,0,21
Houffalize,82014,2020-04-23,0,21
Houffalize,82014,2020-04-24,0,21
Houffalize,82014,2020-04-25,0,21
Houffalize,82014,2020-04-26,0,21
Houffalize,82014,2020-04-27,0,21
Houffalize,82014,2020-04-28,0,21
Houffalize,82014,2020-04-29,0,21
Houffalize,82014,2020-04-30,0,21
Houffalize,82014,2020-05-01,0,21
Houffalize,82014,2020-05-02,0,21
Houffalize,82014,2020-05-03,1,22
Houffalize,82014,2020-05-04,0,22
Houffalize,82014,2020-05-05,0,22
Houffalize,82014,2020-05-06,0,22
Houffalize,82014,2020-05-07,0,22
Houffalize,82014,2020-05-08,0,22
Houffalize,82014,2020-05-09,0,22
Houffalize,82014,2020-05-10,0,22
Houffalize,82014,2020-05-11,0,22
Houffalize,82014,2020-05-12,0,22
Houffalize,82014,2020-05-13,0,22
Houffalize,82014,2020-05-14,0,22
Houffalize,82014,2020-05-15,0,22
Houffalize,82014,2020-05-16,0,22
Houffalize,82014,2020-05-17,0,22
Houffalize,82014,2020-05-18,0,22
Houffalize,82014,2020-05-19,0,22
Houffalize,82014,2020-05-20,0,22
Houffalize,82014,2020-05-21,1,23
Houffalize,82014,2020-05-22,0,23
Houffalize,82014,2020-05-23,0,23
Houffalize,82014,2020-05-24,0,23
Houffalize,82014,2020-05-25,0,23
Houffalize,82014,2020-05-26,0,23
Houffalize,82014,2020-05-27,0,23
Houffalize,82014,2020-05-28,0,23
Houffalize,82014,2020-05-29,1,24
Houffalize,82014,2020-05-30,0,24
Houffalize,82014,2020-05-31,1,25
Houffalize,82014,2020-06-01,0,25
Houffalize,82014,2020-06-02,1,26
Houffalize,82014,2020-06-03,0,26
Houffalize,82014,2020-06-04,0,26
Houffalize,82014,2020-06-05,0,26
Houffalize,82014,2020-06-06,0,26
Houffalize,82014,2020-06-07,0,26
Houffalize,82014,2020-06-08,0,26
Houffalize,82014,2020-06-09,0,26
Houffalize,82014,2020-06-10,0,26
Houffalize,82014,2020-06-11,0,26
Houffalize,82014,2020-06-12,1,27
Houffalize,82014,2020-06-13,0,27
Houffalize,82014,2020-06-14,0,27
Houffalize,82014,2020-06-15,0,27
Houffalize,82014,2020-06-16,0,27
Houffalize,82014,2020-06-17,0,27
Houffalize,82014,2020-06-18,0,27
Houffalize,82014,2020-06-19,0,27
Houffalize,82014,2020-06-20,0,27
Houffalize,82014,2020-06-23,3,30
Houffalize,82014,2020-06-24,0,30
Houffalize,82014,2020-06-25,0,30
Houffalize,82014,2020-06-26,0,30
Houffalize,82014,2020-06-27,0,30
Houffalize,82014,2020-06-30,0,30
Houffalize,82014,2020-07-01,0,30
Houffalize,82014,2020-07-02,0,30
Houffalize,82014,2020-07-03,0,30
Houffalize,82014,2020-07-04,0,30
Houffalize,82014,2020-07-07,0,30
Houffalize,82014,2020-07-08,0,30
Houffalize,82014,2020-07-09,0,30
Houffalize,82014,2020-07-10,0,30
Houffalize,82014,2020-07-11,0,30
Houffalize,82014,2020-07-14,0,30
Houffalize,82014,2020-07-15,0,30
Houffalize,82014,2020-07-16,0,30
Houffalize,82014,2020-07-17,0,30
Houffalize,82014,2020-07-18,0,30
Houffalize,82014,2020-07-20,0,30
Houffalize,82014,2020-07-21,0,30
Houffalize,82014,2020-07-22,0,30
Houffalize,82014,2020-07-23,0,30
Houffalize,82014,2020-07-24,0,30
Houffalize,82014,2020-07-25,0,30
Houffalize,82014,2020-07-26,0,30
Houffalize,82014,2020-07-27,0,30
Houffalize,82014,2020-07-28,0,30
Houffalize,82014,2020-07-29,0,30
Houffalize,82014,2020-07-30,0,30
Houffalize,82014,2020-07-31,0,30
Houffalize,82014,2020-08-01,0,30
Houffalize,82014,2020-08-02,0,30
Houffalize,82014,2020-08-03,0,30
Houffalize,82014,2020-08-04,0,30
Houffalize,82014,2020-08-05,0,30
Houffalize,82014,2020-08-06,0,30
Houffalize,82014,2020-08-07,0,30
Houffalize,82014,2020-08-08,0,30
Houffalize,82014,2020-08-09,0,30
Houffalize,82014,2020-08-10,0,30
Houffalize,82014,2020-08-11,0,30
Houffalize,82014,2020-08-12,0,30
Houffalize,82014,2020-08-13,0,30
Houffalize,82014,2020-08-14,0,30
Houffalize,82014,2020-08-15,0,30
Houffalize,82014,2020-08-16,0,30
Houffalize,82014,2020-08-17,0,30
Houffalize,82014,2020-08-18,0,30
Houffalize,82014,2020-08-19,0,30
Houffalize,82014,2020-08-20,0,30
Houffalize,82014,2020-08-21,0,30
Houffalize,82014,2020-08-22,1,31
Houffalize,82014,2020-08-23,0,31
Houffalize,82014,2020-08-24,0,31
Houffalize,82014,2020-08-25,0,31
Houffalize,82014,2020-08-26,0,31
Houffalize,82014,2020-08-27,0,31
Houffalize,82014,2020-08-28,0,31
Houffalize,82014,2020-08-29,0,31
Houffalize,82014,2020-08-30,0,31
Houffalize,82014,2020-08-31,0,31
Houffalize,82014,2020-09-01,0,31
Houffalize,82014,2020-09-02,0,31
Houffalize,82014,2020-09-03,0,31
Houffalize,82014,2020-09-04,0,31
Houffalize,82014,2020-09-05,0,31
Houffalize,82014,2020-09-06,0,31
Houffalize,82014,2020-09-07,0,31
Houffalize,82014,2020-09-08,0,31
Houffalize,82014,2020-09-09,0,31
Houffalize,82014,2020-09-10,0,31
Houffalize,82014,2020-09-11,0,31
Houffalize,82014,2020-09-12,0,31
Houffalize,82014,2020-09-13,0,31
Houffalize,82014,2020-09-14,0,31
Houffalize,82014,2020-09-15,0,31
Houffalize,82014,2020-09-16,1,32
Houffalize,82014,2020-09-17,0,32
Houffalize,82014,2020-09-18,1,33
Houffalize,82014,2020-09-19,0,33
Houffalize,82014,2020-09-20,0,33
Houffalize,82014,2020-09-21,0,33
Houffalize,82014,2020-09-22,0,33
Houffalize,82014,2020-09-23,0,33
Houffalize,82014,2020-09-24,0,33
Houffalize,82014,2020-09-25,0,33
Houffalize,82014,2020-09-26,0,33
Houffalize,82014,2020-09-27,0,33
Houffalize,82014,2020-09-28,0,33
Houffalize,82014,2020-09-29,0,33
Houffalize,82014,2020-09-30,0,33
Houffalize,82014,2020-10-01,0,33
Houffalize,82014,2020-10-02,1,34
Houffalize,82014,2020-10-03,0,34
Houffalize,82014,2020-10-04,1,35
Houffalize,82014,2020-10-05,0,35
Houffalize,82014,2020-10-06,0,35
Houffalize,82014,2020-10-07,1,36
Houffalize,82014,2020-10-08,1,37
Houffalize,82014,2020-10-09,1,38
Houffalize,82014,2020-10-10,1,39
Houffalize,82014,2020-10-11,1,40
Houffalize,82014,2020-10-12,2,42
Houffalize,82014,2020-10-13,0,42
Houffalize,82014,2020-10-14,3,45
Houffalize,82014,2020-10-15,2,47
Houffalize,82014,2020-10-16,1,48
Houffalize,82014,2020-10-17,0,48
Houffalize,82014,2020-10-18,4,52
Houffalize,82014,2020-10-19,1,53
Houffalize,82014,2020-10-20,2,55
Houffalize,82014,2020-10-21,2,57
Houffalize,82014,2020-10-22,1,58
Houffalize,82014,2020-10-23,22,80
Houffalize,82014,2020-10-24,13,93
Houffalize,82014,2020-10-25,12,105
Houffalize,82014,2020-10-26,2,107
Houffalize,82014,2020-10-27,4,111
Houffalize,82014,2020-10-28,15,126
Houffalize,82014,2020-10-29,12,138
Houffalize,82014,2020-10-30,12,150
Houffalize,82014,2020-10-31,16,166
Houffalize,82014,2020-11-01,34,200
Houffalize,82014,2020-11-02,8,208
Houffalize,82014,2020-11-03,1,209
Houffalize,82014,2020-11-04,-10,199
Houffalize,82014,2020-11-05,21,220
Houffalize,82014,2020-11-06,13,233
Houffalize,82014,2020-11-07,9,242
Houffalize,82014,2020-11-08,4,246
Houffalize,82014,2020-11-09,4,250
Houffalize,82014,2020-11-10,2,252
Houffalize,82014,2020-11-11,6,258
Vielsalm,82032,2020-04-01,0,20
Vielsalm,82032,2020-04-02,3,23
Vielsalm,82032,2020-04-03,9,32
Vielsalm,82032,2020-04-04,6,38
Vielsalm,82032,2020-04-05,6,44
Vielsalm,82032,2020-04-06,0,44
Vielsalm,82032,2020-04-07,4,48
Vielsalm,82032,2020-04-08,3,51
Vielsalm,82032,2020-04-09,1,52
Vielsalm,82032,2020-04-10,3,55
Vielsalm,82032,2020-04-11,6,61
Vielsalm,82032,2020-04-12,1,62
Vielsalm,82032,2020-04-13,1,63
Vielsalm,82032,2020-04-14,1,64
Vielsalm,82032,2020-04-15,2,66
Vielsalm,82032,2020-04-16,0,66
Vielsalm,82032,2020-04-17,4,70
Vielsalm,82032,2020-04-18,15,85
Vielsalm,82032,2020-04-19,3,88
Vielsalm,82032,2020-04-20,2,90
Vielsalm,82032,2020-04-21,0,90
Vielsalm,82032,2020-04-22,0,90
Vielsalm,82032,2020-04-23,0,90
Vielsalm,82032,2020-04-24,0,90
Vielsalm,82032,2020-04-25,4,94
Vielsalm,82032,2020-04-26,1,95
Vielsalm,82032,2020-04-27,1,96
Vielsalm,82032,2020-04-28,0,96
Vielsalm,82032,2020-04-29,0,96
Vielsalm,82032,2020-04-30,0,96
Vielsalm,82032,2020-05-01,2,98
Vielsalm,82032,2020-05-02,0,98
Vielsalm,82032,2020-05-03,0,98
Vielsalm,82032,2020-05-04,0,98
Vielsalm,82032,2020-05-05,0,98
Vielsalm,82032,2020-05-06,0,98
Vielsalm,82032,2020-05-07,0,98
Vielsalm,82032,2020-05-08,0,98
Vielsalm,82032,2020-05-09,0,98
Vielsalm,82032,2020-05-10,0,98
Vielsalm,82032,2020-05-11,0,98
Vielsalm,82032,2020-05-12,1,99
Vielsalm,82032,2020-05-13,1,100
Vielsalm,82032,2020-05-14,0,100
Vielsalm,82032,2020-05-15,0,100
Vielsalm,82032,2020-05-16,0,100
Vielsalm,82032,2020-05-17,0,100
Vielsalm,82032,2020-05-18,0,100
Vielsalm,82032,2020-05-19,0,100
Vielsalm,82032,2020-05-20,0,100
Vielsalm,82032,2020-05-21,0,100
Vielsalm,82032,2020-05-22,0,100
Vielsalm,82032,2020-05-23,0,100
Vielsalm,82032,2020-05-24,0,100
Vielsalm,82032,2020-05-25,0,100
Vielsalm,82032,2020-05-26,0,100
Vielsalm,82032,2020-05-27,0,100
Vielsalm,82032,2020-05-28,0,100
Vielsalm,82032,2020-05-29,1,101
Vielsalm,82032,2020-05-30,0,101
Vielsalm,82032,2020-05-31,0,101
Vielsalm,82032,2020-06-01,0,101
Vielsalm,82032,2020-06-02,0,101
Vielsalm,82032,2020-06-03,0,101
Vielsalm,82032,2020-06-04,1,102
Vielsalm,82032,2020-06-05,0,102
Vielsalm,82032,2020-06-06,0,102
Vielsalm,82032,2020-06-07,1,103
Vielsalm,82032,2020-06-08,0,103
Vielsalm,82032,2020-06-09,1,104
Vielsalm,82032,2020-06-10,1,105
Vielsalm,82032,2020-06-11,0,105
Vielsalm,82032,2020-06-12,2,107
Vielsalm,82032,2020-06-13,0,107
Vielsalm,82032,2020-06-14,0,107
Vielsalm,82032,2020-06-15,0,107
Vielsalm,82032,2020-06-16,0,107
Vielsalm,82032,2020-06-17,0,107
Vielsalm,82032,2020-06-18,0,107
Vielsalm,82032,2020-06-19,0,107
Vielsalm,82032,2020-06-20,0,107
Vielsalm,82032,2020-06-23,0,107
Vielsalm,82032,2020-06-24,0,107
Vielsalm,82032,2020-06-25,0,107
Vielsalm,82032,2020-06-26,0,107
Vielsalm,82032,2020-06-27,0,107
Vielsalm,82032,2020-06-30,0,107
Vielsalm,82032,2020-07-01,0,107
Vielsalm,82032,2020-07-02,0,107
Vielsalm,82032,2020-07-03,0,107
Vielsalm,82032,2020-07-04,0,107
Vielsalm,82032,2020-07-07,0,107
Vielsalm,82032,2020-07-08,0,107
Vielsalm,82032,2020-07-09,0,107
Vielsalm,82032,2020-07-10,0,107
Vielsalm,82032,2020-07-11,0,107
Vielsalm,82032,2020-07-14,0,107
Vielsalm,82032,2020-07-15,0,107
Vielsalm,82032,2020-07-16,0,107
Vielsalm,82032,2020-07-17,0,107
Vielsalm,82032,2020-07-18,0,107
Vielsalm,82032,2020-07-20,0,107
Vielsalm,82032,2020-07-21,0,107
Vielsalm,82032,2020-07-22,0,107
Vielsalm,82032,2020-07-23,0,107
Vielsalm,82032,2020-07-24,0,107
Vielsalm,82032,2020-07-25,0,107
Vielsalm,82032,2020-07-26,0,107
Vielsalm,82032,2020-07-27,0,107
Vielsalm,82032,2020-07-28,0,107
Vielsalm,82032,2020-07-29,0,107
Vielsalm,82032,2020-07-30,0,107
Vielsalm,82032,2020-07-31,0,107
Vielsalm,82032,2020-08-01,0,107
Vielsalm,82032,2020-08-02,0,107
Vielsalm,82032,2020-08-03,0,107
Vielsalm,82032,2020-08-04,0,107
Vielsalm,82032,2020-08-05,0,107
Vielsalm,82032,2020-08-06,0,107
Vielsalm,82032,2020-08-07,0,107
Vielsalm,82032,2020-08-08,0,107
Vielsalm,82032,2020-08-09,0,107
Vielsalm,82032,2020-08-10,0,107
Vielsalm,82032,2020-08-11,0,107
Vielsalm,82032,2020-08-12,0,107
Vielsalm,82032,2020-08-13,1,108
Vielsalm,82032,2020-08-14,0,108
Vielsalm,82032,2020-08-15,0,108
Vielsalm,82032,2020-08-16,0,108
Vielsalm,82032,2020-08-17,0,108
Vielsalm,82032,2020-08-18,0,108
Vielsalm,82032,2020-08-19,0,108
Vielsalm,82032,2020-08-20,1,109
Vielsalm,82032,2020-08-21,0,109
Vielsalm,82032,2020-08-22,0,109
Vielsalm,82032,2020-08-23,1,110
Vielsalm,82032,2020-08-24,0,110
Vielsalm,82032,2020-08-25,0,110
Vielsalm,82032,2020-08-26,0,110
Vielsalm,82032,2020-08-27,0,110
Vielsalm,82032,2020-08-28,0,110
Vielsalm,82032,2020-08-29,0,110
Vielsalm,82032,2020-08-30,0,110
Vielsalm,82032,2020-08-31,0,110
Vielsalm,82032,2020-09-01,0,110
Vielsalm,82032,2020-09-02,1,111
Vielsalm,82032,2020-09-03,0,111
Vielsalm,82032,2020-09-04,1,112
Vielsalm,82032,2020-09-05,1,113
Vielsalm,82032,2020-09-06,0,113
Vielsalm,82032,2020-09-07,0,113
Vielsalm,82032,2020-09-08,0,113
Vielsalm,82032,2020-09-09,0,113
Vielsalm,82032,2020-09-10,0,113
Vielsalm,82032,2020-09-11,0,113
Vielsalm,82032,2020-09-12,1,114
Vielsalm,82032,2020-09-13,0,114
Vielsalm,82032,2020-09-14,0,114
Vielsalm,82032,2020-09-15,0,114
Vielsalm,82032,2020-09-16,0,114
Vielsalm,82032,2020-09-17,1,115
Vielsalm,82032,2020-09-18,0,115
Vielsalm,82032,2020-09-19,0,115
Vielsalm,82032,2020-09-20,0,115
Vielsalm,82032,2020-09-21,1,116
Vielsalm,82032,2020-09-22,0,116
Vielsalm,82032,2020-09-23,0,116
Vielsalm,82032,2020-09-24,0,116
Vielsalm,82032,2020-09-25,0,116
Vielsalm,82032,2020-09-26,1,117
Vielsalm,82032,2020-09-27,1,118
Vielsalm,82032,2020-09-28,1,119
Vielsalm,82032,2020-09-29,2,121
Vielsalm,82032,2020-09-30,0,121
Vielsalm,82032,2020-10-01,0,121
Vielsalm,82032,2020-10-02,0,121
Vielsalm,82032,2020-10-03,0,121
Vielsalm,82032,2020-10-04,0,121
Vielsalm,82032,2020-10-05,2,123
Vielsalm,82032,2020-10-06,0,123
Vielsalm,82032,2020-10-07,1,124
Vielsalm,82032,2020-10-08,1,125
Vielsalm,82032,2020-10-09,3,128
Vielsalm,82032,2020-10-10,1,129
Vielsalm,82032,2020-10-11,4,133
Vielsalm,82032,2020-10-12,3,136
Vielsalm,82032,2020-10-13,1,137
Vielsalm,82032,2020-10-14,2,139
Vielsalm,82032,2020-10-15,3,142
Vielsalm,82032,2020-10-16,0,142
Vielsalm,82032,2020-10-17,5,147
Vielsalm,82032,2020-10-18,6,153
Vielsalm,82032,2020-10-19,3,156
Vielsalm,82032,2020-10-20,1,157
Vielsalm,82032,2020-10-21,6,163
Vielsalm,82032,2020-10-22,4,167
Vielsalm,82032,2020-10-23,25,192
Vielsalm,82032,2020-10-24,32,224
Vielsalm,82032,2020-10-25,20,244
Vielsalm,82032,2020-10-26,16,260
Vielsalm,82032,2020-10-27,11,271
Vielsalm,82032,2020-10-28,6,277
Vielsalm,82032,2020-10-29,35,312
Vielsalm,82032,2020-10-30,43,355
Vielsalm,82032,2020-10-31,11,366
Vielsalm,82032,2020-11-01,22,388
Vielsalm,82032,2020-11-02,19,407
Vielsalm,82032,2020-11-03,5,412
Vielsalm,82032,2020-11-04,-2,410
Vielsalm,82032,2020-11-05,21,431
Vielsalm,82032,2020-11-06,6,437
Vielsalm,82032,2020-11-07,18,455
Vielsalm,82032,2020-11-08,0,455
Vielsalm,82032,2020-11-09,15,470
Vielsalm,82032,2020-11-10,0,470
Vielsalm,82032,2020-11-11,2,472
Vaux-sur-Sûre,82036,2020-04-01,0,8
Vaux-sur-Sûre,82036,2020-04-02,1,9
Vaux-sur-Sûre,82036,2020-04-03,1,10
Vaux-sur-Sûre,82036,2020-04-04,1,11
Vaux-sur-Sûre,82036,2020-04-05,3,14
Vaux-sur-Sûre,82036,2020-04-06,0,14
Vaux-sur-Sûre,82036,2020-04-07,0,14
Vaux-sur-Sûre,82036,2020-04-08,0,14
Vaux-sur-Sûre,82036,2020-04-09,2,16
Vaux-sur-Sûre,82036,2020-04-10,2,18
Vaux-sur-Sûre,82036,2020-04-11,1,19
Vaux-sur-Sûre,82036,2020-04-12,1,20
Vaux-sur-Sûre,82036,2020-04-13,0,20
Vaux-sur-Sûre,82036,2020-04-14,1,21
Vaux-sur-Sûre,82036,2020-04-15,0,21
Vaux-sur-Sûre,82036,2020-04-16,0,21
Vaux-sur-Sûre,82036,2020-04-17,0,21
Vaux-sur-Sûre,82036,2020-04-18,0,21
Vaux-sur-Sûre,82036,2020-04-19,2,23
Vaux-sur-Sûre,82036,2020-04-20,0,23
Vaux-sur-Sûre,82036,2020-04-21,0,23
Vaux-sur-Sûre,82036,2020-04-22,0,23
Vaux-sur-Sûre,82036,2020-04-23,0,23
Vaux-sur-Sûre,82036,2020-04-24,1,24
Vaux-sur-Sûre,82036,2020-04-25,0,24
Vaux-sur-Sûre,82036,2020-04-26,0,24
Vaux-sur-Sûre,82036,2020-04-27,0,24
Vaux-sur-Sûre,82036,2020-04-28,0,24
Vaux-sur-Sûre,82036,2020-04-29,0,24
Vaux-sur-Sûre,82036,2020-04-30,1,25
Vaux-sur-Sûre,82036,2020-05-01,0,25
Vaux-sur-Sûre,82036,2020-05-02,0,25
Vaux-sur-Sûre,82036,2020-05-03,0,25
Vaux-sur-Sûre,82036,2020-05-04,0,25
Vaux-sur-Sûre,82036,2020-05-05,0,25
Vaux-sur-Sûre,82036,2020-05-06,0,25
Vaux-sur-Sûre,82036,2020-05-07,0,25
Vaux-sur-Sûre,82036,2020-05-08,0,25
Vaux-sur-Sûre,82036,2020-05-09,0,25
Vaux-sur-Sûre,82036,2020-05-10,0,25
Vaux-sur-Sûre,82036,2020-05-11,0,25
Vaux-sur-Sûre,82036,2020-05-12,0,25
Vaux-sur-Sûre,82036,2020-05-13,0,25
Vaux-sur-Sûre,82036,2020-05-14,0,25
Vaux-sur-Sûre,82036,2020-05-15,0,25
Vaux-sur-Sûre,82036,2020-05-16,0,25
Vaux-sur-Sûre,82036,2020-05-17,0,25
Vaux-sur-Sûre,82036,2020-05-18,0,25
Vaux-sur-Sûre,82036,2020-05-19,0,25
Vaux-sur-Sûre,82036,2020-05-20,0,25
Vaux-sur-Sûre,82036,2020-05-21,0,25
Vaux-sur-Sûre,82036,2020-05-22,0,25
Vaux-sur-Sûre,82036,2020-05-23,0,25
Vaux-sur-Sûre,82036,2020-05-24,0,25
Vaux-sur-Sûre,82036,2020-05-25,0,25
Vaux-sur-Sûre,82036,2020-05-26,0,25
Vaux-sur-Sûre,82036,2020-05-27,0,25
Vaux-sur-Sûre,82036,2020-05-28,0,25
Vaux-sur-Sûre,82036,2020-05-29,0,25
Vaux-sur-Sûre,82036,2020-05-30,0,25
Vaux-sur-Sûre,82036,2020-05-31,0,25
Vaux-sur-Sûre,82036,2020-06-01,0,25
Vaux-sur-Sûre,82036,2020-06-02,0,25
Vaux-sur-Sûre,82036,2020-06-03,0,25
Vaux-sur-Sûre,82036,2020-06-04,0,25
Vaux-sur-Sûre,82036,2020-06-05,0,25
Vaux-sur-Sûre,82036,2020-06-06,0,25
Vaux-sur-Sûre,82036,2020-06-07,0,25
Vaux-sur-Sûre,82036,2020-06-08,0,25
Vaux-sur-Sûre,82036,2020-06-09,0,25
Vaux-sur-Sûre,82036,2020-06-10,0,25
Vaux-sur-Sûre,82036,2020-06-11,0,25
Vaux-sur-Sûre,82036,2020-06-12,0,25
Vaux-sur-Sûre,82036,2020-06-13,0,25
Vaux-sur-Sûre,82036,2020-06-14,0,25
Vaux-sur-Sûre,82036,2020-06-15,0,25
Vaux-sur-Sûre,82036,2020-06-16,0,25
Vaux-sur-Sûre,82036,2020-06-17,0,25
Vaux-sur-Sûre,82036,2020-06-18,0,25
Vaux-sur-Sûre,82036,2020-06-19,0,25
Vaux-sur-Sûre,82036,2020-06-20,0,25
Vaux-sur-Sûre,82036,2020-06-23,1,26
Vaux-sur-Sûre,82036,2020-06-24,0,26
Vaux-sur-Sûre,82036,2020-06-25,0,26
Vaux-sur-Sûre,82036,2020-06-26,1,27
Vaux-sur-Sûre,82036,2020-06-27,0,27
Vaux-sur-Sûre,82036,2020-06-30,0,27
Vaux-sur-Sûre,82036,2020-07-01,0,27
Vaux-sur-Sûre,82036,2020-07-02,0,27
Vaux-sur-Sûre,82036,2020-07-03,0,27
Vaux-sur-Sûre,82036,2020-07-04,0,27
Vaux-sur-Sûre,82036,2020-07-07,0,27
Vaux-sur-Sûre,82036,2020-07-08,0,27
Vaux-sur-Sûre,82036,2020-07-09,0,27
Vaux-sur-Sûre,82036,2020-07-10,0,27
Vaux-sur-Sûre,82036,2020-07-11,0,27
Vaux-sur-Sûre,82036,2020-07-14,0,27
Vaux-sur-Sûre,82036,2020-07-15,0,27
Vaux-sur-Sûre,82036,2020-07-16,0,27
Vaux-sur-Sûre,82036,2020-07-17,0,27
Vaux-sur-Sûre,82036,2020-07-18,0,27
Vaux-sur-Sûre,82036,2020-07-20,0,27
Vaux-sur-Sûre,82036,2020-07-21,0,27
Vaux-sur-Sûre,82036,2020-07-22,0,27
Vaux-sur-Sûre,82036,2020-07-23,0,27
Vaux-sur-Sûre,82036,2020-07-24,0,27
Vaux-sur-Sûre,82036,2020-07-25,0,27
Vaux-sur-Sûre,82036,2020-07-26,0,27
Vaux-sur-Sûre,82036,2020-07-27,0,27
Vaux-sur-Sûre,82036,2020-07-28,0,27
Vaux-sur-Sûre,82036,2020-07-29,0,27
Vaux-sur-Sûre,82036,2020-07-30,0,27
Vaux-sur-Sûre,82036,2020-07-31,0,27
Vaux-sur-Sûre,82036,2020-08-01,0,27
Vaux-sur-Sûre,82036,2020-08-02,0,27
Vaux-sur-Sûre,82036,2020-08-03,0,27
Vaux-sur-Sûre,82036,2020-08-04,0,27
Vaux-sur-Sûre,82036,2020-08-05,0,27
Vaux-sur-Sûre,82036,2020-08-06,1,28
Vaux-sur-Sûre,82036,2020-08-07,0,28
Vaux-sur-Sûre,82036,2020-08-08,0,28
Vaux-sur-Sûre,82036,2020-08-09,0,28
Vaux-sur-Sûre,82036,2020-08-10,0,28
Vaux-sur-Sûre,82036,2020-08-11,0,28
Vaux-sur-Sûre,82036,2020-08-12,0,28
Vaux-sur-Sûre,82036,2020-08-13,0,28
Vaux-sur-Sûre,82036,2020-08-14,0,28
Vaux-sur-Sûre,82036,2020-08-15,0,28
Vaux-sur-Sûre,82036,2020-08-16,0,28
Vaux-sur-Sûre,82036,2020-08-17,0,28
Vaux-sur-Sûre,82036,2020-08-18,0,28
Vaux-sur-Sûre,82036,2020-08-19,0,28
Vaux-sur-Sûre,82036,2020-08-20,0,28
Vaux-sur-Sûre,82036,2020-08-21,0,28
Vaux-sur-Sûre,82036,2020-08-22,0,28
Vaux-sur-Sûre,82036,2020-08-23,0,28
Vaux-sur-Sûre,82036,2020-08-24,0,28
Vaux-sur-Sûre,82036,2020-08-25,0,28
Vaux-sur-Sûre,82036,2020-08-26,0,28
Vaux-sur-Sûre,82036,2020-08-27,0,28
Vaux-sur-Sûre,82036,2020-08-28,0,28
Vaux-sur-Sûre,82036,2020-08-29,0,28
Vaux-sur-Sûre,82036,2020-08-30,0,28
Vaux-sur-Sûre,82036,2020-08-31,1,29
Vaux-sur-Sûre,82036,2020-09-01,0,29
Vaux-sur-Sûre,82036,2020-09-02,0,29
Vaux-sur-Sûre,82036,2020-09-03,0,29
Vaux-sur-Sûre,82036,2020-09-04,0,29
Vaux-sur-Sûre,82036,2020-09-05,0,29
Vaux-sur-Sûre,82036,2020-09-06,0,29
Vaux-sur-Sûre,82036,2020-09-07,0,29
Vaux-sur-Sûre,82036,2020-09-08,0,29
Vaux-sur-Sûre,82036,2020-09-09,0,29
Vaux-sur-Sûre,82036,2020-09-10,0,29
Vaux-sur-Sûre,82036,2020-09-11,0,29
Vaux-sur-Sûre,82036,2020-09-12,2,31
Vaux-sur-Sûre,82036,2020-09-13,1,32
Vaux-sur-Sûre,82036,2020-09-14,4,36
Vaux-sur-Sûre,82036,2020-09-15,3,39
Vaux-sur-Sûre,82036,2020-09-16,0,39
Vaux-sur-Sûre,82036,2020-09-17,4,43
Vaux-sur-Sûre,82036,2020-09-18,1,44
Vaux-sur-Sûre,82036,2020-09-19,0,44
Vaux-sur-Sûre,82036,2020-09-20,2,46
Vaux-sur-Sûre,82036,2020-09-21,0,46
Vaux-sur-Sûre,82036,2020-09-22,2,48
Vaux-sur-Sûre,82036,2020-09-23,3,51
Vaux-sur-Sûre,82036,2020-09-24,1,52
Vaux-sur-Sûre,82036,2020-09-25,1,53
Vaux-sur-Sûre,82036,2020-09-26,1,54
Vaux-sur-Sûre,82036,2020-09-27,0,54
Vaux-sur-Sûre,82036,2020-09-28,0,54
Vaux-sur-Sûre,82036,2020-09-29,0,54
Vaux-sur-Sûre,82036,2020-09-30,0,54
Vaux-sur-Sûre,82036,2020-10-01,0,54
Vaux-sur-Sûre,82036,2020-10-02,5,59
Vaux-sur-Sûre,82036,2020-10-03,0,59
Vaux-sur-Sûre,82036,2020-10-04,2,61
Vaux-sur-Sûre,82036,2020-10-05,0,61
Vaux-sur-Sûre,82036,2020-10-06,1,62
Vaux-sur-Sûre,82036,2020-10-07,3,65
Vaux-sur-Sûre,82036,2020-10-08,1,66
Vaux-sur-Sûre,82036,2020-10-09,5,71
Vaux-sur-Sûre,82036,2020-10-10,3,74
Vaux-sur-Sûre,82036,2020-10-11,12,86
Vaux-sur-Sûre,82036,2020-10-12,5,91
Vaux-sur-Sûre,82036,2020-10-13,1,92
Vaux-sur-Sûre,82036,2020-10-14,1,93
Vaux-sur-Sûre,82036,2020-10-15,4,97
Vaux-sur-Sûre,82036,2020-10-16,11,108
Vaux-sur-Sûre,82036,2020-10-17,5,113
Vaux-sur-Sûre,82036,2020-10-18,8,121
Vaux-sur-Sûre,82036,2020-10-19,6,127
Vaux-sur-Sûre,82036,2020-10-20,4,131
Vaux-sur-Sûre,82036,2020-10-21,0,131
Vaux-sur-Sûre,82036,2020-10-22,11,142
Vaux-sur-Sûre,82036,2020-10-23,28,170
Vaux-sur-Sûre,82036,2020-10-24,15,185
Vaux-sur-Sûre,82036,2020-10-25,7,192
Vaux-sur-Sûre,82036,2020-10-26,8,200
Vaux-sur-Sûre,82036,2020-10-27,8,208
Vaux-sur-Sûre,82036,2020-10-28,21,229
Vaux-sur-Sûre,82036,2020-10-29,11,240
Vaux-sur-Sûre,82036,2020-10-30,23,263
Vaux-sur-Sûre,82036,2020-10-31,25,288
Vaux-sur-Sûre,82036,2020-11-01,12,300
Vaux-sur-Sûre,82036,2020-11-02,4,304
Vaux-sur-Sûre,82036,2020-11-03,6,310
Vaux-sur-Sûre,82036,2020-11-04,-9,301
Vaux-sur-Sûre,82036,2020-11-05,32,333
Vaux-sur-Sûre,82036,2020-11-06,11,344
Vaux-sur-Sûre,82036,2020-11-07,11,355
Vaux-sur-Sûre,82036,2020-11-08,6,361
Vaux-sur-Sûre,82036,2020-11-09,2,363
Vaux-sur-Sûre,82036,2020-11-10,1,364
Vaux-sur-Sûre,82036,2020-11-11,8,372
Gouvy,82037,2020-04-01,0,7
Gouvy,82037,2020-04-02,3,10
Gouvy,82037,2020-04-03,2,12
Gouvy,82037,2020-04-04,3,15
Gouvy,82037,2020-04-05,1,16
Gouvy,82037,2020-04-06,0,16
Gouvy,82037,2020-04-07,0,16
Gouvy,82037,2020-04-08,0,16
Gouvy,82037,2020-04-09,0,16
Gouvy,82037,2020-04-10,4,20
Gouvy,82037,2020-04-11,1,21
Gouvy,82037,2020-04-12,0,21
Gouvy,82037,2020-04-13,0,21
Gouvy,82037,2020-04-14,3,24
Gouvy,82037,2020-04-15,2,26
Gouvy,82037,2020-04-16,1,27
Gouvy,82037,2020-04-17,0,27
Gouvy,82037,2020-04-18,3,30
Gouvy,82037,2020-04-19,0,30
Gouvy,82037,2020-04-20,1,31
Gouvy,82037,2020-04-21,4,35
Gouvy,82037,2020-04-22,0,35
Gouvy,82037,2020-04-23,0,35
Gouvy,82037,2020-04-24,0,35
Gouvy,82037,2020-04-25,0,35
Gouvy,82037,2020-04-26,1,36
Gouvy,82037,2020-04-27,0,36
Gouvy,82037,2020-04-28,0,36
Gouvy,82037,2020-04-29,0,36
Gouvy,82037,2020-04-30,1,37
Gouvy,82037,2020-05-01,0,37
Gouvy,82037,2020-05-02,0,37
Gouvy,82037,2020-05-03,0,37
Gouvy,82037,2020-05-04,0,37
Gouvy,82037,2020-05-05,0,37
Gouvy,82037,2020-05-06,0,37
Gouvy,82037,2020-05-07,0,37
Gouvy,82037,2020-05-08,0,37
Gouvy,82037,2020-05-09,0,37
Gouvy,82037,2020-05-10,0,37
Gouvy,82037,2020-05-11,0,37
Gouvy,82037,2020-05-12,0,37
Gouvy,82037,2020-05-13,0,37
Gouvy,82037,2020-05-14,1,38
Gouvy,82037,2020-05-15,0,38
Gouvy,82037,2020-05-16,0,38
Gouvy,82037,2020-05-17,0,38
Gouvy,82037,2020-05-18,0,38
Gouvy,82037,2020-05-19,0,38
Gouvy,82037,2020-05-20,0,38
Gouvy,82037,2020-05-21,0,38
Gouvy,82037,2020-05-22,0,38
Gouvy,82037,2020-05-23,0,38
Gouvy,82037,2020-05-24,0,38
Gouvy,82037,2020-05-25,0,38
Gouvy,82037,2020-05-26,0,38
Gouvy,82037,2020-05-27,0,38
Gouvy,82037,2020-05-28,0,38
Gouvy,82037,2020-05-29,0,38
Gouvy,82037,2020-05-30,0,38
Gouvy,82037,2020-05-31,0,38
Gouvy,82037,2020-06-01,0,38
Gouvy,82037,2020-06-02,0,38
Gouvy,82037,2020-06-03,0,38
Gouvy,82037,2020-06-04,0,38
Gouvy,82037,2020-06-05,1,39
Gouvy,82037,2020-06-06,0,39
Gouvy,82037,2020-06-07,0,39
Gouvy,82037,2020-06-08,0,39
Gouvy,82037,2020-06-09,0,39
Gouvy,82037,2020-06-10,0,39
Gouvy,82037,2020-06-11,0,39
Gouvy,82037,2020-06-12,0,39
Gouvy,82037,2020-06-13,0,39
Gouvy,82037,2020-06-14,0,39
Gouvy,82037,2020-06-15,0,39
Gouvy,82037,2020-06-16,0,39
Gouvy,82037,2020-06-17,1,40
Gouvy,82037,2020-06-18,0,40
Gouvy,82037,2020-06-19,0,40
Gouvy,82037,2020-06-20,0,40
Gouvy,82037,2020-06-23,0,40
Gouvy,82037,2020-06-24,0,40
Gouvy,82037,2020-06-25,0,40
Gouvy,82037,2020-06-26,1,41
Gouvy,82037,2020-06-27,0,41
Gouvy,82037,2020-06-30,0,41
Gouvy,82037,2020-07-01,0,41
Gouvy,82037,2020-07-02,0,41
Gouvy,82037,2020-07-03,0,41
Gouvy,82037,2020-07-04,0,41
Gouvy,82037,2020-07-07,0,41
Gouvy,82037,2020-07-08,0,41
Gouvy,82037,2020-07-09,0,41
Gouvy,82037,2020-07-10,1,42
Gouvy,82037,2020-07-11,0,42
Gouvy,82037,2020-07-14,0,42
Gouvy,82037,2020-07-15,0,42
Gouvy,82037,2020-07-16,0,42
Gouvy,82037,2020-07-17,0,42
Gouvy,82037,2020-07-18,0,42
Gouvy,82037,2020-07-20,0,42
Gouvy,82037,2020-07-21,0,42
Gouvy,82037,2020-07-22,0,42
Gouvy,82037,2020-07-23,0,42
Gouvy,82037,2020-07-24,1,43
Gouvy,82037,2020-07-25,0,43
Gouvy,82037,2020-07-26,0,43
Gouvy,82037,2020-07-27,0,43
Gouvy,82037,2020-07-28,0,43
Gouvy,82037,2020-07-29,0,43
Gouvy,82037,2020-07-30,0,43
Gouvy,82037,2020-07-31,0,43
Gouvy,82037,2020-08-01,0,43
Gouvy,82037,2020-08-02,0,43
Gouvy,82037,2020-08-03,0,43
Gouvy,82037,2020-08-04,0,43
Gouvy,82037,2020-08-05,0,43
Gouvy,82037,2020-08-06,2,45
Gouvy,82037,2020-08-07,0,45
Gouvy,82037,2020-08-08,0,45
Gouvy,82037,2020-08-09,0,45
Gouvy,82037,2020-08-10,0,45
Gouvy,82037,2020-08-11,0,45
Gouvy,82037,2020-08-12,0,45
Gouvy,82037,2020-08-13,1,46
Gouvy,82037,2020-08-14,0,46
Gouvy,82037,2020-08-15,0,46
Gouvy,82037,2020-08-16,0,46
Gouvy,82037,2020-08-17,0,46
Gouvy,82037,2020-08-18,0,46
Gouvy,82037,2020-08-19,0,46
Gouvy,82037,2020-08-20,0,46
Gouvy,82037,2020-08-21,1,47
Gouvy,82037,2020-08-22,0,47
Gouvy,82037,2020-08-23,1,48
Gouvy,82037,2020-08-24,0,48
Gouvy,82037,2020-08-25,1,49
Gouvy,82037,2020-08-26,0,49
Gouvy,82037,2020-08-27,1,50
Gouvy,82037,2020-08-28,0,50
Gouvy,82037,2020-08-29,0,50
Gouvy,82037,2020-08-30,0,50
Gouvy,82037,2020-08-31,0,50
Gouvy,82037,2020-09-01,0,50
Gouvy,82037,2020-09-02,0,50
Gouvy,82037,2020-09-03,0,50
Gouvy,82037,2020-09-04,0,50
Gouvy,82037,2020-09-05,0,50
Gouvy,82037,2020-09-06,1,51
Gouvy,82037,2020-09-07,0,51
Gouvy,82037,2020-09-08,0,51
Gouvy,82037,2020-09-09,0,51
Gouvy,82037,2020-09-10,0,51
Gouvy,82037,2020-09-11,0,51
Gouvy,82037,2020-09-12,0,51
Gouvy,82037,2020-09-13,0,51
Gouvy,82037,2020-09-14,0,51
Gouvy,82037,2020-09-15,0,51
Gouvy,82037,2020-09-16,0,51
Gouvy,82037,2020-09-17,0,51
Gouvy,82037,2020-09-18,0,51
Gouvy,82037,2020-09-19,0,51
Gouvy,82037,2020-09-20,0,51
Gouvy,82037,2020-09-21,0,51
Gouvy,82037,2020-09-22,1,52
Gouvy,82037,2020-09-23,0,52
Gouvy,82037,2020-09-24,1,53
Gouvy,82037,2020-09-25,0,53
Gouvy,82037,2020-09-26,0,53
Gouvy,82037,2020-09-27,0,53
Gouvy,82037,2020-09-28,0,53
Gouvy,82037,2020-09-29,0,53
Gouvy,82037,2020-09-30,0,53
Gouvy,82037,2020-10-01,2,55
Gouvy,82037,2020-10-02,0,55
Gouvy,82037,2020-10-03,1,56
Gouvy,82037,2020-10-04,0,56
Gouvy,82037,2020-10-05,0,56
Gouvy,82037,2020-10-06,0,56
Gouvy,82037,2020-10-07,0,56
Gouvy,82037,2020-10-08,2,58
Gouvy,82037,2020-10-09,0,58
Gouvy,82037,2020-10-10,1,59
Gouvy,82037,2020-10-11,0,59
Gouvy,82037,2020-10-12,2,61
Gouvy,82037,2020-10-13,0,61
Gouvy,82037,2020-10-14,3,64
Gouvy,82037,2020-10-15,3,67
Gouvy,82037,2020-10-16,0,67
Gouvy,82037,2020-10-17,1,68
Gouvy,82037,2020-10-18,1,69
Gouvy,82037,2020-10-19,2,71
Gouvy,82037,2020-10-20,1,72
Gouvy,82037,2020-10-21,3,75
Gouvy,82037,2020-10-22,2,77
Gouvy,82037,2020-10-23,16,93
Gouvy,82037,2020-10-24,8,101
Gouvy,82037,2020-10-25,18,119
Gouvy,82037,2020-10-26,10,129
Gouvy,82037,2020-10-27,10,139
Gouvy,82037,2020-10-28,19,158
Gouvy,82037,2020-10-29,17,175
Gouvy,82037,2020-10-30,13,188
Gouvy,82037,2020-10-31,8,196
Gouvy,82037,2020-11-01,18,214
Gouvy,82037,2020-11-02,6,220
Gouvy,82037,2020-11-03,4,224
Gouvy,82037,2020-11-04,-18,206
Gouvy,82037,2020-11-05,30,236
Gouvy,82037,2020-11-06,10,246
Gouvy,82037,2020-11-07,10,256
Gouvy,82037,2020-11-08,0,256
Gouvy,82037,2020-11-09,3,259
Gouvy,82037,2020-11-10,2,261
Gouvy,82037,2020-11-11,1,262
Sainte-Ode,82038,2020-04-01,0,5
Sainte-Ode,82038,2020-04-02,0,5
Sainte-Ode,82038,2020-04-03,0,5
Sainte-Ode,82038,2020-04-04,0,5
Sainte-Ode,82038,2020-04-05,1,6
Sainte-Ode,82038,2020-04-06,0,6
Sainte-Ode,82038,2020-04-07,0,6
Sainte-Ode,82038,2020-04-08,0,6
Sainte-Ode,82038,2020-04-09,0,6
Sainte-Ode,82038,2020-04-10,0,6
Sainte-Ode,82038,2020-04-11,0,6
Sainte-Ode,82038,2020-04-12,0,6
Sainte-Ode,82038,2020-04-13,0,6
Sainte-Ode,82038,2020-04-14,0,6
Sainte-Ode,82038,2020-04-15,0,6
Sainte-Ode,82038,2020-04-16,0,6
Sainte-Ode,82038,2020-04-17,0,6
Sainte-Ode,82038,2020-04-18,0,6
Sainte-Ode,82038,2020-04-19,0,6
Sainte-Ode,82038,2020-04-20,0,6
Sainte-Ode,82038,2020-04-21,0,6
Sainte-Ode,82038,2020-04-22,0,6
Sainte-Ode,82038,2020-04-23,0,6
Sainte-Ode,82038,2020-04-24,0,6
Sainte-Ode,82038,2020-04-25,0,6
Sainte-Ode,82038,2020-04-26,0,6
Sainte-Ode,82038,2020-04-27,0,6
Sainte-Ode,82038,2020-04-28,0,6
Sainte-Ode,82038,2020-04-29,0,6
Sainte-Ode,82038,2020-04-30,0,6
Sainte-Ode,82038,2020-05-01,0,6
Sainte-Ode,82038,2020-05-02,0,6
Sainte-Ode,82038,2020-05-03,0,6
Sainte-Ode,82038,2020-05-04,0,6
Sainte-Ode,82038,2020-05-05,0,6
Sainte-Ode,82038,2020-05-06,0,6
Sainte-Ode,82038,2020-05-07,0,6
Sainte-Ode,82038,2020-05-08,1,7
Sainte-Ode,82038,2020-05-09,0,7
Sainte-Ode,82038,2020-05-10,0,7
Sainte-Ode,82038,2020-05-11,0,7
Sainte-Ode,82038,2020-05-12,0,7
Sainte-Ode,82038,2020-05-13,0,7
Sainte-Ode,82038,2020-05-14,0,7
Sainte-Ode,82038,2020-05-15,0,7
Sainte-Ode,82038,2020-05-16,0,7
Sainte-Ode,82038,2020-05-17,0,7
Sainte-Ode,82038,2020-05-18,0,7
Sainte-Ode,82038,2020-05-19,0,7
Sainte-Ode,82038,2020-05-20,0,7
Sainte-Ode,82038,2020-05-21,0,7
Sainte-Ode,82038,2020-05-22,0,7
Sainte-Ode,82038,2020-05-23,0,7
Sainte-Ode,82038,2020-05-24,0,7
Sainte-Ode,82038,2020-05-25,0,7
Sainte-Ode,82038,2020-05-26,0,7
Sainte-Ode,82038,2020-05-27,0,7
Sainte-Ode,82038,2020-05-28,0,7
Sainte-Ode,82038,2020-05-29,0,7
Sainte-Ode,82038,2020-05-30,0,7
Sainte-Ode,82038,2020-05-31,0,7
Sainte-Ode,82038,2020-06-01,0,7
Sainte-Ode,82038,2020-06-02,0,7
Sainte-Ode,82038,2020-06-03,0,7
Sainte-Ode,82038,2020-06-04,0,7
Sainte-Ode,82038,2020-06-05,0,7
Sainte-Ode,82038,2020-06-06,0,7
Sainte-Ode,82038,2020-06-07,0,7
Sainte-Ode,82038,2020-06-08,0,7
Sainte-Ode,82038,2020-06-09,0,7
Sainte-Ode,82038,2020-06-10,0,7
Sainte-Ode,82038,2020-06-11,0,7
Sainte-Ode,82038,2020-06-12,0,7
Sainte-Ode,82038,2020-06-13,0,7
Sainte-Ode,82038,2020-06-14,0,7
Sainte-Ode,82038,2020-06-15,0,7
Sainte-Ode,82038,2020-06-16,0,7
Sainte-Ode,82038,2020-06-17,0,7
Sainte-Ode,82038,2020-06-18,1,8
Sainte-Ode,82038,2020-06-19,0,8
Sainte-Ode,82038,2020-06-20,0,8
Sainte-Ode,82038,2020-06-23,0,8
Sainte-Ode,82038,2020-06-24,0,8
Sainte-Ode,82038,2020-06-25,0,8
Sainte-Ode,82038,2020-06-26,0,8
Sainte-Ode,82038,2020-06-27,0,8
Sainte-Ode,82038,2020-06-30,0,8
Sainte-Ode,82038,2020-07-01,0,8
Sainte-Ode,82038,2020-07-02,0,8
Sainte-Ode,82038,2020-07-03,0,8
Sainte-Ode,82038,2020-07-04,0,8
Sainte-Ode,82038,2020-07-07,0,8
Sainte-Ode,82038,2020-07-08,1,9
Sainte-Ode,82038,2020-07-09,0,9
Sainte-Ode,82038,2020-07-10,0,9
Sainte-Ode,82038,2020-07-11,0,9
Sainte-Ode,82038,2020-07-14,0,9
Sainte-Ode,82038,2020-07-15,0,9
Sainte-Ode,82038,2020-07-16,0,9
Sainte-Ode,82038,2020-07-17,0,9
Sainte-Ode,82038,2020-07-18,0,9
Sainte-Ode,82038,2020-07-20,0,9
Sainte-Ode,82038,2020-07-21,0,9
Sainte-Ode,82038,2020-07-22,0,9
Sainte-Ode,82038,2020-07-23,0,9
Sainte-Ode,82038,2020-07-24,0,9
Sainte-Ode,82038,2020-07-25,0,9
Sainte-Ode,82038,2020-07-26,0,9
Sainte-Ode,82038,2020-07-27,0,9
Sainte-Ode,82038,2020-07-28,0,9
Sainte-Ode,82038,2020-07-29,0,9
Sainte-Ode,82038,2020-07-30,0,9
Sainte-Ode,82038,2020-07-31,0,9
Sainte-Ode,82038,2020-08-01,0,9
Sainte-Ode,82038,2020-08-02,0,9
Sainte-Ode,82038,2020-08-03,0,9
Sainte-Ode,82038,2020-08-04,0,9
Sainte-Ode,82038,2020-08-05,0,9
Sainte-Ode,82038,2020-08-06,0,9
Sainte-Ode,82038,2020-08-07,0,9
Sainte-Ode,82038,2020-08-08,0,9
Sainte-Ode,82038,2020-08-09,0,9
Sainte-Ode,82038,2020-08-10,0,9
Sainte-Ode,82038,2020-08-11,0,9
Sainte-Ode,82038,2020-08-12,0,9
Sainte-Ode,82038,2020-08-13,0,9
Sainte-Ode,82038,2020-08-14,0,9
Sainte-Ode,82038,2020-08-15,0,9
Sainte-Ode,82038,2020-08-16,0,9
Sainte-Ode,82038,2020-08-17,0,9
Sainte-Ode,82038,2020-08-18,0,9
Sainte-Ode,82038,2020-08-19,0,9
Sainte-Ode,82038,2020-08-20,0,9
Sainte-Ode,82038,2020-08-21,0,9
Sainte-Ode,82038,2020-08-22,0,9
Sainte-Ode,82038,2020-08-23,0,9
Sainte-Ode,82038,2020-08-24,0,9
Sainte-Ode,82038,2020-08-25,0,9
Sainte-Ode,82038,2020-08-26,0,9
Sainte-Ode,82038,2020-08-27,0,9
Sainte-Ode,82038,2020-08-28,0,9
Sainte-Ode,82038,2020-08-29,0,9
Sainte-Ode,82038,2020-08-30,0,9
Sainte-Ode,82038,2020-08-31,0,9
Sainte-Ode,82038,2020-09-01,0,9
Sainte-Ode,82038,2020-09-02,0,9
Sainte-Ode,82038,2020-09-03,0,9
Sainte-Ode,82038,2020-09-04,0,9
Sainte-Ode,82038,2020-09-05,0,9
Sainte-Ode,82038,2020-09-06,0,9
Sainte-Ode,82038,2020-09-07,0,9
Sainte-Ode,82038,2020-09-08,0,9
Sainte-Ode,82038,2020-09-09,0,9
Sainte-Ode,82038,2020-09-10,0,9
Sainte-Ode,82038,2020-09-11,0,9
Sainte-Ode,82038,2020-09-12,0,9
Sainte-Ode,82038,2020-09-13,0,9
Sainte-Ode,82038,2020-09-14,0,9
Sainte-Ode,82038,2020-09-15,0,9
Sainte-Ode,82038,2020-09-16,0,9
Sainte-Ode,82038,2020-09-17,1,10
Sainte-Ode,82038,2020-09-18,1,11
Sainte-Ode,82038,2020-09-19,0,11
Sainte-Ode,82038,2020-09-20,0,11
Sainte-Ode,82038,2020-09-21,0,11
Sainte-Ode,82038,2020-09-22,0,11
Sainte-Ode,82038,2020-09-23,0,11
Sainte-Ode,82038,2020-09-24,0,11
Sainte-Ode,82038,2020-09-25,0,11
Sainte-Ode,82038,2020-09-26,0,11
Sainte-Ode,82038,2020-09-27,0,11
Sainte-Ode,82038,2020-09-28,0,11
Sainte-Ode,82038,2020-09-29,1,12
Sainte-Ode,82038,2020-09-30,1,13
Sainte-Ode,82038,2020-10-01,1,14
Sainte-Ode,82038,2020-10-02,1,15
Sainte-Ode,82038,2020-10-03,1,16
Sainte-Ode,82038,2020-10-04,2,18
Sainte-Ode,82038,2020-10-05,0,18
Sainte-Ode,82038,2020-10-06,0,18
Sainte-Ode,82038,2020-10-07,0,18
Sainte-Ode,82038,2020-10-08,0,18
Sainte-Ode,82038,2020-10-09,2,20
Sainte-Ode,82038,2020-10-10,2,22
Sainte-Ode,82038,2020-10-11,1,23
Sainte-Ode,82038,2020-10-12,2,25
Sainte-Ode,82038,2020-10-13,0,25
Sainte-Ode,82038,2020-10-14,1,26
Sainte-Ode,82038,2020-10-15,6,32
Sainte-Ode,82038,2020-10-16,20,52
Sainte-Ode,82038,2020-10-17,7,59
Sainte-Ode,82038,2020-10-18,6,65
Sainte-Ode,82038,2020-10-19,0,65
Sainte-Ode,82038,2020-10-20,2,67
Sainte-Ode,82038,2020-10-21,2,69
Sainte-Ode,82038,2020-10-22,4,73
Sainte-Ode,82038,2020-10-23,10,83
Sainte-Ode,82038,2020-10-24,9,92
Sainte-Ode,82038,2020-10-25,3,95
Sainte-Ode,82038,2020-10-26,1,96
Sainte-Ode,82038,2020-10-27,2,98
Sainte-Ode,82038,2020-10-28,3,101
Sainte-Ode,82038,2020-10-29,6,107
Sainte-Ode,82038,2020-10-30,4,111
Sainte-Ode,82038,2020-10-31,14,125
Sainte-Ode,82038,2020-11-01,7,132
Sainte-Ode,82038,2020-11-02,5,137
Sainte-Ode,82038,2020-11-03,1,138
Sainte-Ode,82038,2020-11-04,-5,133
Sainte-Ode,82038,2020-11-05,14,147
Sainte-Ode,82038,2020-11-06,0,147
Sainte-Ode,82038,2020-11-07,3,150
Sainte-Ode,82038,2020-11-08,1,151
Sainte-Ode,82038,2020-11-09,4,155
Sainte-Ode,82038,2020-11-10,0,155
Sainte-Ode,82038,2020-11-11,3,158
Durbuy,83012,2020-04-01,1,8
Durbuy,83012,2020-04-02,1,9
Durbuy,83012,2020-04-03,0,9
Durbuy,83012,2020-04-04,2,11
Durbuy,83012,2020-04-05,0,11
Durbuy,83012,2020-04-06,2,13
Durbuy,83012,2020-04-07,1,14
Durbuy,83012,2020-04-08,0,14
Durbuy,83012,2020-04-09,3,17
Durbuy,83012,2020-04-10,1,18
Durbuy,83012,2020-04-11,0,18
Durbuy,83012,2020-04-12,1,19
Durbuy,83012,2020-04-13,0,19
Durbuy,83012,2020-04-14,1,20
Durbuy,83012,2020-04-15,0,20
Durbuy,83012,2020-04-16,0,20
Durbuy,83012,2020-04-17,3,23
Durbuy,83012,2020-04-18,0,23
Durbuy,83012,2020-04-19,0,23
Durbuy,83012,2020-04-20,0,23
Durbuy,83012,2020-04-21,0,23
Durbuy,83012,2020-04-22,2,25
Durbuy,83012,2020-04-23,1,26
Durbuy,83012,2020-04-24,1,27
Durbuy,83012,2020-04-25,9,36
Durbuy,83012,2020-04-26,3,39
Durbuy,83012,2020-04-27,1,40
Durbuy,83012,2020-04-28,1,41
Durbuy,83012,2020-04-29,0,41
Durbuy,83012,2020-04-30,0,41
Durbuy,83012,2020-05-01,0,41
Durbuy,83012,2020-05-02,1,42
Durbuy,83012,2020-05-03,0,42
Durbuy,83012,2020-05-04,8,50
Durbuy,83012,2020-05-05,0,50
Durbuy,83012,2020-05-06,0,50
Durbuy,83012,2020-05-07,2,52
Durbuy,83012,2020-05-08,0,52
Durbuy,83012,2020-05-09,1,53
Durbuy,83012,2020-05-10,2,55
Durbuy,83012,2020-05-11,0,55
Durbuy,83012,2020-05-12,0,55
Durbuy,83012,2020-05-13,0,55
Durbuy,83012,2020-05-14,2,57
Durbuy,83012,2020-05-15,1,58
Durbuy,83012,2020-05-16,0,58
Durbuy,83012,2020-05-17,3,61
Durbuy,83012,2020-05-18,0,61
Durbuy,83012,2020-05-19,0,61
Durbuy,83012,2020-05-20,0,61
Durbuy,83012,2020-05-21,0,61
Durbuy,83012,2020-05-22,2,63
Durbuy,83012,2020-05-23,0,63
Durbuy,83012,2020-05-24,0,63
Durbuy,83012,2020-05-25,0,63
Durbuy,83012,2020-05-26,0,63
Durbuy,83012,2020-05-27,0,63
Durbuy,83012,2020-05-28,0,63
Durbuy,83012,2020-05-29,1,64
Durbuy,83012,2020-05-30,0,64
Durbuy,83012,2020-05-31,0,64
Durbuy,83012,2020-06-01,0,64
Durbuy,83012,2020-06-02,0,64
Durbuy,83012,2020-06-03,0,64
Durbuy,83012,2020-06-04,0,64
Durbuy,83012,2020-06-05,0,64
Durbuy,83012,2020-06-06,0,64
Durbuy,83012,2020-06-07,0,64
Durbuy,83012,2020-06-08,0,64
Durbuy,83012,2020-06-09,0,64
Durbuy,83012,2020-06-10,0,64
Durbuy,83012,2020-06-11,0,64
Durbuy,83012,2020-06-12,1,65
Durbuy,83012,2020-06-13,0,65
Durbuy,83012,2020-06-14,0,65
Durbuy,83012,2020-06-15,1,66
Durbuy,83012,2020-06-16,0,66
Durbuy,83012,2020-06-17,0,66
Durbuy,83012,2020-06-18,0,66
Durbuy,83012,2020-06-19,0,66
Durbuy,83012,2020-06-20,0,66
Durbuy,83012,2020-06-23,1,67
Durbuy,83012,2020-06-24,0,67
Durbuy,83012,2020-06-25,0,67
Durbuy,83012,2020-06-26,0,67
Durbuy,83012,2020-06-27,0,67
Durbuy,83012,2020-06-30,0,67
Durbuy,83012,2020-07-01,0,67
Durbuy,83012,2020-07-02,0,67
Durbuy,83012,2020-07-03,0,67
Durbuy,83012,2020-07-04,0,67
Durbuy,83012,2020-07-07,0,67
Durbuy,83012,2020-07-08,0,67
Durbuy,83012,2020-07-09,0,67
Durbuy,83012,2020-07-10,0,67
Durbuy,83012,2020-07-11,0,67
Durbuy,83012,2020-07-14,0,67
Durbuy,83012,2020-07-15,0,67
Durbuy,83012,2020-07-16,0,67
Durbuy,83012,2020-07-17,0,67
Durbuy,83012,2020-07-18,0,67
Durbuy,83012,2020-07-20,0,67
Durbuy,83012,2020-07-21,0,67
Durbuy,83012,2020-07-22,0,67
Durbuy,83012,2020-07-23,0,67
Durbuy,83012,2020-07-24,0,67
Durbuy,83012,2020-07-25,0,67
Durbuy,83012,2020-07-26,0,67
Durbuy,83012,2020-07-27,0,67
Durbuy,83012,2020-07-28,0,67
Durbuy,83012,2020-07-29,0,67
Durbuy,83012,2020-07-30,0,67
Durbuy,83012,2020-07-31,0,67
Durbuy,83012,2020-08-01,0,67
Durbuy,83012,2020-08-02,0,67
Durbuy,83012,2020-08-03,0,67
Durbuy,83012,2020-08-04,0,67
Durbuy,83012,2020-08-05,0,67
Durbuy,83012,2020-08-06,0,67
Durbuy,83012,2020-08-07,0,67
Durbuy,83012,2020-08-08,1,68
Durbuy,83012,2020-08-09,0,68
Durbuy,83012,2020-08-10,0,68
Durbuy,83012,2020-08-11,0,68
Durbuy,83012,2020-08-12,0,68
Durbuy,83012,2020-08-13,1,69
Durbuy,83012,2020-08-14,0,69
Durbuy,83012,2020-08-15,0,69
Durbuy,83012,2020-08-16,0,69
Durbuy,83012,2020-08-17,0,69
Durbuy,83012,2020-08-18,0,69
Durbuy,83012,2020-08-19,0,69
Durbuy,83012,2020-08-20,0,69
Durbuy,83012,2020-08-21,0,69
Durbuy,83012,2020-08-22,0,69
Durbuy,83012,2020-08-23,0,69
Durbuy,83012,2020-08-24,0,69
Durbuy,83012,2020-08-25,0,69
Durbuy,83012,2020-08-26,0,69
Durbuy,83012,2020-08-27,1,70
Durbuy,83012,2020-08-28,1,71
Durbuy,83012,2020-08-29,1,72
Durbuy,83012,2020-08-30,0,72
Durbuy,83012,2020-08-31,0,72
Durbuy,83012,2020-09-01,0,72
Durbuy,83012,2020-09-02,0,72
Durbuy,83012,2020-09-03,0,72
Durbuy,83012,2020-09-04,0,72
Durbuy,83012,2020-09-05,0,72
Durbuy,83012,2020-09-06,0,72
Durbuy,83012,2020-09-07,0,72
Durbuy,83012,2020-09-08,0,72
Durbuy,83012,2020-09-09,0,72
Durbuy,83012,2020-09-10,0,72
Durbuy,83012,2020-09-11,0,72
Durbuy,83012,2020-09-12,1,73
Durbuy,83012,2020-09-13,2,75
Durbuy,83012,2020-09-14,1,76
Durbuy,83012,2020-09-15,3,79
Durbuy,83012,2020-09-16,1,80
Durbuy,83012,2020-09-17,0,80
Durbuy,83012,2020-09-18,1,81
Durbuy,83012,2020-09-19,1,82
Durbuy,83012,2020-09-20,2,84
Durbuy,83012,2020-09-21,1,85
Durbuy,83012,2020-09-22,2,87
Durbuy,83012,2020-09-23,1,88
Durbuy,83012,2020-09-24,0,88
Durbuy,83012,2020-09-25,0,88
Durbuy,83012,2020-09-26,2,90
Durbuy,83012,2020-09-27,1,91
Durbuy,83012,2020-09-28,1,92
Durbuy,83012,2020-09-29,2,94
Durbuy,83012,2020-09-30,2,96
Durbuy,83012,2020-10-01,5,101
Durbuy,83012,2020-10-02,2,103
Durbuy,83012,2020-10-03,5,108
Durbuy,83012,2020-10-04,6,114
Durbuy,83012,2020-10-05,5,119
Durbuy,83012,2020-10-06,6,125
Durbuy,83012,2020-10-07,12,137
Durbuy,83012,2020-10-08,5,142
Durbuy,83012,2020-10-09,15,157
Durbuy,83012,2020-10-10,7,164
Durbuy,83012,2020-10-11,22,186
Durbuy,83012,2020-10-12,5,191
Durbuy,83012,2020-10-13,4,195
Durbuy,83012,2020-10-14,17,212
Durbuy,83012,2020-10-15,12,224
Durbuy,83012,2020-10-16,17,241
Durbuy,83012,2020-10-17,20,261
Durbuy,83012,2020-10-18,24,285
Durbuy,83012,2020-10-19,10,295
Durbuy,83012,2020-10-20,9,304
Durbuy,83012,2020-10-21,10,314
Durbuy,83012,2020-10-22,16,330
Durbuy,83012,2020-10-23,92,422
Durbuy,83012,2020-10-24,31,453
Durbuy,83012,2020-10-25,37,490
Durbuy,83012,2020-10-26,22,512
Durbuy,83012,2020-10-27,26,538
Durbuy,83012,2020-10-28,9,547
Durbuy,83012,2020-10-29,42,589
Durbuy,83012,2020-10-30,27,616
Durbuy,83012,2020-10-31,31,647
Durbuy,83012,2020-11-01,48,695
Durbuy,83012,2020-11-02,14,709
Durbuy,83012,2020-11-03,32,741
Durbuy,83012,2020-11-04,5,746
Durbuy,83012,2020-11-05,29,775
Durbuy,83012,2020-11-06,18,793
Durbuy,83012,2020-11-07,8,801
Durbuy,83012,2020-11-08,2,803
Durbuy,83012,2020-11-09,9,812
Durbuy,83012,2020-11-10,3,815
Durbuy,83012,2020-11-11,2,817
Erezée,83013,2020-04-01,0,0
Erezée,83013,2020-04-02,0,0
Erezée,83013,2020-04-03,0,0
Erezée,83013,2020-04-04,0,0
Erezée,83013,2020-04-05,0,0
Erezée,83013,2020-04-06,0,0
Erezée,83013,2020-04-07,0,0
Erezée,83013,2020-04-08,0,0
Erezée,83013,2020-04-09,0,0
Erezée,83013,2020-04-10,6,6
Erezée,83013,2020-04-11,0,6
Erezée,83013,2020-04-12,0,6
Erezée,83013,2020-04-13,1,7
Erezée,83013,2020-04-14,0,7
Erezée,83013,2020-04-15,0,7
Erezée,83013,2020-04-16,0,7
Erezée,83013,2020-04-17,1,8
Erezée,83013,2020-04-18,0,8
Erezée,83013,2020-04-19,1,9
Erezée,83013,2020-04-20,0,9
Erezée,83013,2020-04-21,4,13
Erezée,83013,2020-04-22,0,13
Erezée,83013,2020-04-23,0,13
Erezée,83013,2020-04-24,0,13
Erezée,83013,2020-04-25,1,14
Erezée,83013,2020-04-26,0,14
Erezée,83013,2020-04-27,0,14
Erezée,83013,2020-04-28,0,14
Erezée,83013,2020-04-29,0,14
Erezée,83013,2020-04-30,1,15
Erezée,83013,2020-05-01,0,15
Erezée,83013,2020-05-02,0,15
Erezée,83013,2020-05-03,0,15
Erezée,83013,2020-05-04,0,15
Erezée,83013,2020-05-05,0,15
Erezée,83013,2020-05-06,2,17
Erezée,83013,2020-05-07,0,17
Erezée,83013,2020-05-08,1,18
Erezée,83013,2020-05-09,0,18
Erezée,83013,2020-05-10,0,18
Erezée,83013,2020-05-11,1,19
Erezée,83013,2020-05-12,0,19
Erezée,83013,2020-05-13,0,19
Erezée,83013,2020-05-14,1,20
Erezée,83013,2020-05-15,0,20
Erezée,83013,2020-05-16,0,20
Erezée,83013,2020-05-17,0,20
Erezée,83013,2020-05-18,0,20
Erezée,83013,2020-05-19,0,20
Erezée,83013,2020-05-20,1,21
Erezée,83013,2020-05-21,1,22
Erezée,83013,2020-05-22,0,22
Erezée,83013,2020-05-23,1,23
Erezée,83013,2020-05-24,0,23
Erezée,83013,2020-05-25,0,23
Erezée,83013,2020-05-26,0,23
Erezée,83013,2020-05-27,0,23
Erezée,83013,2020-05-28,0,23
Erezée,83013,2020-05-29,0,23
Erezée,83013,2020-05-30,0,23
Erezée,83013,2020-05-31,0,23
Erezée,83013,2020-06-01,0,23
Erezée,83013,2020-06-02,0,23
Erezée,83013,2020-06-03,0,23
Erezée,83013,2020-06-04,0,23
Erezée,83013,2020-06-05,0,23
Erezée,83013,2020-06-06,0,23
Erezée,83013,2020-06-07,0,23
Erezée,83013,2020-06-08,0,23
Erezée,83013,2020-06-09,0,23
Erezée,83013,2020-06-10,0,23
Erezée,83013,2020-06-11,1,24
Erezée,83013,2020-06-12,0,24
Erezée,83013,2020-06-13,0,24
Erezée,83013,2020-06-14,0,24
Erezée,83013,2020-06-15,0,24
Erezée,83013,2020-06-16,0,24
Erezée,83013,2020-06-17,0,24
Erezée,83013,2020-06-18,0,24
Erezée,83013,2020-06-19,0,24
Erezée,83013,2020-06-20,0,24
Erezée,83013,2020-06-23,0,24
Erezée,83013,2020-06-24,0,24
Erezée,83013,2020-06-25,0,24
Erezée,83013,2020-06-26,0,24
Erezée,83013,2020-06-27,0,24
Erezée,83013,2020-06-30,0,24
Erezée,83013,2020-07-01,0,24
Erezée,83013,2020-07-02,0,24
Erezée,83013,2020-07-03,0,24
Erezée,83013,2020-07-04,0,24
Erezée,83013,2020-07-07,0,24
Erezée,83013,2020-07-08,0,24
Erezée,83013,2020-07-09,0,24
Erezée,83013,2020-07-10,0,24
Erezée,83013,2020-07-11,0,24
Erezée,83013,2020-07-14,0,24
Erezée,83013,2020-07-15,0,24
Erezée,83013,2020-07-16,0,24
Erezée,83013,2020-07-17,0,24
Erezée,83013,2020-07-18,0,24
Erezée,83013,2020-07-20,0,24
Erezée,83013,2020-07-21,0,24
Erezée,83013,2020-07-22,0,24
Erezée,83013,2020-07-23,0,24
Erezée,83013,2020-07-24,0,24
Erezée,83013,2020-07-25,0,24
Erezée,83013,2020-07-26,0,24
Erezée,83013,2020-07-27,0,24
Erezée,83013,2020-07-28,0,24
Erezée,83013,2020-07-29,0,24
Erezée,83013,2020-07-30,0,24
Erezée,83013,2020-07-31,0,24
Erezée,83013,2020-08-01,0,24
Erezée,83013,2020-08-02,0,24
Erezée,83013,2020-08-03,0,24
Erezée,83013,2020-08-04,0,24
Erezée,83013,2020-08-05,0,24
Erezée,83013,2020-08-06,0,24
Erezée,83013,2020-08-07,0,24
Erezée,83013,2020-08-08,0,24
Erezée,83013,2020-08-09,0,24
Erezée,83013,2020-08-10,0,24
Erezée,83013,2020-08-11,0,24
Erezée,83013,2020-08-12,0,24
Erezée,83013,2020-08-13,0,24
Erezée,83013,2020-08-14,0,24
Erezée,83013,2020-08-15,0,24
Erezée,83013,2020-08-16,0,24
Erezée,83013,2020-08-17,0,24
Erezée,83013,2020-08-18,0,24
Erezée,83013,2020-08-19,0,24
Erezée,83013,2020-08-20,0,24
Erezée,83013,2020-08-21,0,24
Erezée,83013,2020-08-22,0,24
Erezée,83013,2020-08-23,0,24
Erezée,83013,2020-08-24,0,24
Erezée,83013,2020-08-25,0,24
Erezée,83013,2020-08-26,0,24
Erezée,83013,2020-08-27,0,24
Erezée,83013,2020-08-28,0,24
Erezée,83013,2020-08-29,0,24
Erezée,83013,2020-08-30,0,24
Erezée,83013,2020-08-31,0,24
Erezée,83013,2020-09-01,0,24
Erezée,83013,2020-09-02,0,24
Erezée,83013,2020-09-03,0,24
Erezée,83013,2020-09-04,0,24
Erezée,83013,2020-09-05,0,24
Erezée,83013,2020-09-06,0,24
Erezée,83013,2020-09-07,0,24
Erezée,83013,2020-09-08,0,24
Erezée,83013,2020-09-09,0,24
Erezée,83013,2020-09-10,0,24
Erezée,83013,2020-09-11,0,24
Erezée,83013,2020-09-12,0,24
Erezée,83013,2020-09-13,0,24
Erezée,83013,2020-09-14,0,24
Erezée,83013,2020-09-15,0,24
Erezée,83013,2020-09-16,0,24
Erezée,83013,2020-09-17,0,24
Erezée,83013,2020-09-18,1,25
Erezée,83013,2020-09-19,0,25
Erezée,83013,2020-09-20,0,25
Erezée,83013,2020-09-21,0,25
Erezée,83013,2020-09-22,0,25
Erezée,83013,2020-09-23,0,25
Erezée,83013,2020-09-24,0,25
Erezée,83013,2020-09-25,0,25
Erezée,83013,2020-09-26,0,25
Erezée,83013,2020-09-27,0,25
Erezée,83013,2020-09-28,0,25
Erezée,83013,2020-09-29,1,26
Erezée,83013,2020-09-30,2,28
Erezée,83013,2020-10-01,2,30
Erezée,83013,2020-10-02,0,30
Erezée,83013,2020-10-03,1,31
Erezée,83013,2020-10-04,1,32
Erezée,83013,2020-10-05,0,32
Erezée,83013,2020-10-06,0,32
Erezée,83013,2020-10-07,2,34
Erezée,83013,2020-10-08,3,37
Erezée,83013,2020-10-09,3,40
Erezée,83013,2020-10-10,4,44
Erezée,83013,2020-10-11,6,50
Erezée,83013,2020-10-12,4,54
Erezée,83013,2020-10-13,2,56
Erezée,83013,2020-10-14,1,57
Erezée,83013,2020-10-15,1,58
Erezée,83013,2020-10-16,1,59
Erezée,83013,2020-10-17,3,62
Erezée,83013,2020-10-18,1,63
Erezée,83013,2020-10-19,2,65
Erezée,83013,2020-10-20,1,66
Erezée,83013,2020-10-21,3,69
Erezée,83013,2020-10-22,4,73
Erezée,83013,2020-10-23,13,86
Erezée,83013,2020-10-24,9,95
Erezée,83013,2020-10-25,5,100
Erezée,83013,2020-10-26,6,106
Erezée,83013,2020-10-27,10,116
Erezée,83013,2020-10-28,3,119
Erezée,83013,2020-10-29,4,123
Erezée,83013,2020-10-30,6,129
Erezée,83013,2020-10-31,9,138
Erezée,83013,2020-11-01,16,154
Erezée,83013,2020-11-02,2,156
Erezée,83013,2020-11-03,5,161
Erezée,83013,2020-11-04,3,164
Erezée,83013,2020-11-05,10,174
Erezée,83013,2020-11-06,7,181
Erezée,83013,2020-11-07,1,182
Erezée,83013,2020-11-08,1,183
Erezée,83013,2020-11-09,0,183
Erezée,83013,2020-11-10,2,185
Erezée,83013,2020-11-11,2,187
Hotton,83028,2020-04-01,0,11
Hotton,83028,2020-04-02,4,15
Hotton,83028,2020-04-03,2,17
Hotton,83028,2020-04-04,0,17
Hotton,83028,2020-04-05,2,19
Hotton,83028,2020-04-06,0,19
Hotton,83028,2020-04-07,0,19
Hotton,83028,2020-04-08,0,19
Hotton,83028,2020-04-09,1,20
Hotton,83028,2020-04-10,3,23
Hotton,83028,2020-04-11,2,25
Hotton,83028,2020-04-12,0,25
Hotton,83028,2020-04-13,3,28
Hotton,83028,2020-04-14,0,28
Hotton,83028,2020-04-15,0,28
Hotton,83028,2020-04-16,1,29
Hotton,83028,2020-04-17,1,30
Hotton,83028,2020-04-18,0,30
Hotton,83028,2020-04-19,1,31
Hotton,83028,2020-04-20,1,32
Hotton,83028,2020-04-21,0,32
Hotton,83028,2020-04-22,0,32
Hotton,83028,2020-04-23,0,32
Hotton,83028,2020-04-24,0,32
Hotton,83028,2020-04-25,1,33
Hotton,83028,2020-04-26,0,33
Hotton,83028,2020-04-27,0,33
Hotton,83028,2020-04-28,1,34
Hotton,83028,2020-04-29,2,36
Hotton,83028,2020-04-30,1,37
Hotton,83028,2020-05-01,0,37
Hotton,83028,2020-05-02,1,38
Hotton,83028,2020-05-03,0,38
Hotton,83028,2020-05-04,0,38
Hotton,83028,2020-05-05,0,38
Hotton,83028,2020-05-06,0,38
Hotton,83028,2020-05-07,0,38
Hotton,83028,2020-05-08,0,38
Hotton,83028,2020-05-09,0,38
Hotton,83028,2020-05-10,0,38
Hotton,83028,2020-05-11,0,38
Hotton,83028,2020-05-12,0,38
Hotton,83028,2020-05-13,0,38
Hotton,83028,2020-05-14,0,38
Hotton,83028,2020-05-15,0,38
Hotton,83028,2020-05-16,0,38
Hotton,83028,2020-05-17,0,38
Hotton,83028,2020-05-18,0,38
Hotton,83028,2020-05-19,0,38
Hotton,83028,2020-05-20,0,38
Hotton,83028,2020-05-21,1,39
Hotton,83028,2020-05-22,0,39
Hotton,83028,2020-05-23,0,39
Hotton,83028,2020-05-24,0,39
Hotton,83028,2020-05-25,0,39
Hotton,83028,2020-05-26,0,39
Hotton,83028,2020-05-27,0,39
Hotton,83028,2020-05-28,0,39
Hotton,83028,2020-05-29,0,39
Hotton,83028,2020-05-30,0,39
Hotton,83028,2020-05-31,0,39
Hotton,83028,2020-06-01,1,40
Hotton,83028,2020-06-02,4,44
Hotton,83028,2020-06-03,0,44
Hotton,83028,2020-06-04,0,44
Hotton,83028,2020-06-05,0,44
Hotton,83028,2020-06-06,0,44
Hotton,83028,2020-06-07,0,44
Hotton,83028,2020-06-08,0,44
Hotton,83028,2020-06-09,0,44
Hotton,83028,2020-06-10,0,44
Hotton,83028,2020-06-11,0,44
Hotton,83028,2020-06-12,2,46
Hotton,83028,2020-06-13,0,46
Hotton,83028,2020-06-14,0,46
Hotton,83028,2020-06-15,0,46
Hotton,83028,2020-06-16,0,46
Hotton,83028,2020-06-17,0,46
Hotton,83028,2020-06-18,0,46
Hotton,83028,2020-06-19,0,46
Hotton,83028,2020-06-20,0,46
Hotton,83028,2020-06-23,0,46
Hotton,83028,2020-06-24,0,46
Hotton,83028,2020-06-25,0,46
Hotton,83028,2020-06-26,0,46
Hotton,83028,2020-06-27,0,46
Hotton,83028,2020-06-30,0,46
Hotton,83028,2020-07-01,1,47
Hotton,83028,2020-07-02,0,47
Hotton,83028,2020-07-03,0,47
Hotton,83028,2020-07-04,0,47
Hotton,83028,2020-07-07,0,47
Hotton,83028,2020-07-08,0,47
Hotton,83028,2020-07-09,0,47
Hotton,83028,2020-07-10,0,47
Hotton,83028,2020-07-11,0,47
Hotton,83028,2020-07-14,0,47
Hotton,83028,2020-07-15,0,47
Hotton,83028,2020-07-16,0,47
Hotton,83028,2020-07-17,0,47
Hotton,83028,2020-07-18,0,47
Hotton,83028,2020-07-20,0,47
Hotton,83028,2020-07-21,0,47
Hotton,83028,2020-07-22,0,47
Hotton,83028,2020-07-23,0,47
Hotton,83028,2020-07-24,0,47
Hotton,83028,2020-07-25,0,47
Hotton,83028,2020-07-26,0,47
Hotton,83028,2020-07-27,0,47
Hotton,83028,2020-07-28,0,47
Hotton,83028,2020-07-29,0,47
Hotton,83028,2020-07-30,0,47
Hotton,83028,2020-07-31,0,47
Hotton,83028,2020-08-01,0,47
Hotton,83028,2020-08-02,0,47
Hotton,83028,2020-08-03,0,47
Hotton,83028,2020-08-04,0,47
Hotton,83028,2020-08-05,0,47
Hotton,83028,2020-08-06,0,47
Hotton,83028,2020-08-07,0,47
Hotton,83028,2020-08-08,0,47
Hotton,83028,2020-08-09,0,47
Hotton,83028,2020-08-10,0,47
Hotton,83028,2020-08-11,0,47
Hotton,83028,2020-08-12,0,47
Hotton,83028,2020-08-13,0,47
Hotton,83028,2020-08-14,0,47
Hotton,83028,2020-08-15,0,47
Hotton,83028,2020-08-16,1,48
Hotton,83028,2020-08-17,0,48
Hotton,83028,2020-08-18,0,48
Hotton,83028,2020-08-19,0,48
Hotton,83028,2020-08-20,0,48
Hotton,83028,2020-08-21,1,49
Hotton,83028,2020-08-22,1,50
Hotton,83028,2020-08-23,0,50
Hotton,83028,2020-08-24,1,51
Hotton,83028,2020-08-25,0,51
Hotton,83028,2020-08-26,0,51
Hotton,83028,2020-08-27,1,52
Hotton,83028,2020-08-28,2,54
Hotton,83028,2020-08-29,1,55
Hotton,83028,2020-08-30,0,55
Hotton,83028,2020-08-31,0,55
Hotton,83028,2020-09-01,0,55
Hotton,83028,2020-09-02,0,55
Hotton,83028,2020-09-03,0,55
Hotton,83028,2020-09-04,1,56
Hotton,83028,2020-09-05,0,56
Hotton,83028,2020-09-06,0,56
Hotton,83028,2020-09-07,0,56
Hotton,83028,2020-09-08,0,56
Hotton,83028,2020-09-09,0,56
Hotton,83028,2020-09-10,0,56
Hotton,83028,2020-09-11,0,56
Hotton,83028,2020-09-12,0,56
Hotton,83028,2020-09-13,0,56
Hotton,83028,2020-09-14,0,56
Hotton,83028,2020-09-15,3,59
Hotton,83028,2020-09-16,0,59
Hotton,83028,2020-09-17,0,59
Hotton,83028,2020-09-18,0,59
Hotton,83028,2020-09-19,0,59
Hotton,83028,2020-09-20,1,60
Hotton,83028,2020-09-21,1,61
Hotton,83028,2020-09-22,0,61
Hotton,83028,2020-09-23,0,61
Hotton,83028,2020-09-24,0,61
Hotton,83028,2020-09-25,0,61
Hotton,83028,2020-09-26,2,63
Hotton,83028,2020-09-27,1,64
Hotton,83028,2020-09-28,0,64
Hotton,83028,2020-09-29,1,65
Hotton,83028,2020-09-30,1,66
Hotton,83028,2020-10-01,0,66
Hotton,83028,2020-10-02,0,66
Hotton,83028,2020-10-03,2,68
Hotton,83028,2020-10-04,1,69
Hotton,83028,2020-10-05,4,73
Hotton,83028,2020-10-06,3,76
Hotton,83028,2020-10-07,3,79
Hotton,83028,2020-10-08,2,81
Hotton,83028,2020-10-09,4,85
Hotton,83028,2020-10-10,8,93
Hotton,83028,2020-10-11,2,95
Hotton,83028,2020-10-12,2,97
Hotton,83028,2020-10-13,1,98
Hotton,83028,2020-10-14,5,103
Hotton,83028,2020-10-15,0,103
Hotton,83028,2020-10-16,3,106
Hotton,83028,2020-10-17,4,110
Hotton,83028,2020-10-18,3,113
Hotton,83028,2020-10-19,2,115
Hotton,83028,2020-10-20,0,115
Hotton,83028,2020-10-21,3,118
Hotton,83028,2020-10-22,0,118
Hotton,83028,2020-10-23,33,151
Hotton,83028,2020-10-24,18,169
Hotton,83028,2020-10-25,21,190
Hotton,83028,2020-10-26,8,198
Hotton,83028,2020-10-27,4,202
Hotton,83028,2020-10-28,8,210
Hotton,83028,2020-10-29,15,225
Hotton,83028,2020-10-30,11,236
Hotton,83028,2020-10-31,21,257
Hotton,83028,2020-11-01,15,272
Hotton,83028,2020-11-02,9,281
Hotton,83028,2020-11-03,15,296
Hotton,83028,2020-11-04,4,300
Hotton,83028,2020-11-05,18,318
Hotton,83028,2020-11-06,19,337
Hotton,83028,2020-11-07,8,345
Hotton,83028,2020-11-08,3,348
Hotton,83028,2020-11-09,8,356
Hotton,83028,2020-11-10,0,356
Hotton,83028,2020-11-11,5,361
La Roche-en-Ardenne,83031,2020-04-01,0,0
La Roche-en-Ardenne,83031,2020-04-02,0,0
La Roche-en-Ardenne,83031,2020-04-03,0,0
La Roche-en-Ardenne,83031,2020-04-04,0,0
La Roche-en-Ardenne,83031,2020-04-05,0,0
La Roche-en-Ardenne,83031,2020-04-06,0,0
La Roche-en-Ardenne,83031,2020-04-07,0,0
La Roche-en-Ardenne,83031,2020-04-08,5,5
La Roche-en-Ardenne,83031,2020-04-09,0,5
La Roche-en-Ardenne,83031,2020-04-10,0,5
La Roche-en-Ardenne,83031,2020-04-11,0,5
La Roche-en-Ardenne,83031,2020-04-12,0,5
La Roche-en-Ardenne,83031,2020-04-13,1,6
La Roche-en-Ardenne,83031,2020-04-14,0,6
La Roche-en-Ardenne,83031,2020-04-15,0,6
La Roche-en-Ardenne,83031,2020-04-16,0,6
La Roche-en-Ardenne,83031,2020-04-17,2,8
La Roche-en-Ardenne,83031,2020-04-18,0,8
La Roche-en-Ardenne,83031,2020-04-19,0,8
La Roche-en-Ardenne,83031,2020-04-20,1,9
La Roche-en-Ardenne,83031,2020-04-21,0,9
La Roche-en-Ardenne,83031,2020-04-22,0,9
La Roche-en-Ardenne,83031,2020-04-23,1,10
La Roche-en-Ardenne,83031,2020-04-24,0,10
La Roche-en-Ardenne,83031,2020-04-25,0,10
La Roche-en-Ardenne,83031,2020-04-26,0,10
La Roche-en-Ardenne,83031,2020-04-27,0,10
La Roche-en-Ardenne,83031,2020-04-28,0,10
La Roche-en-Ardenne,83031,2020-04-29,0,10
La Roche-en-Ardenne,83031,2020-04-30,0,10
La Roche-en-Ardenne,83031,2020-05-01,0,10
La Roche-en-Ardenne,83031,2020-05-02,0,10
La Roche-en-Ardenne,83031,2020-05-03,0,10
La Roche-en-Ardenne,83031,2020-05-04,0,10
La Roche-en-Ardenne,83031,2020-05-05,0,10
La Roche-en-Ardenne,83031,2020-05-06,0,10
La Roche-en-Ardenne,83031,2020-05-07,0,10
La Roche-en-Ardenne,83031,2020-05-08,0,10
La Roche-en-Ardenne,83031,2020-05-09,0,10
La Roche-en-Ardenne,83031,2020-05-10,0,10
La Roche-en-Ardenne,83031,2020-05-11,0,10
La Roche-en-Ardenne,83031,2020-05-12,0,10
La Roche-en-Ardenne,83031,2020-05-13,0,10
La Roche-en-Ardenne,83031,2020-05-14,0,10
La Roche-en-Ardenne,83031,2020-05-15,0,10
La Roche-en-Ardenne,83031,2020-05-16,0,10
La Roche-en-Ardenne,83031,2020-05-17,0,10
La Roche-en-Ardenne,83031,2020-05-18,0,10
La Roche-en-Ardenne,83031,2020-05-19,0,10
La Roche-en-Ardenne,83031,2020-05-20,0,10
La Roche-en-Ardenne,83031,2020-05-21,0,10
La Roche-en-Ardenne,83031,2020-05-22,0,10
La Roche-en-Ardenne,83031,2020-05-23,0,10
La Roche-en-Ardenne,83031,2020-05-24,0,10
La Roche-en-Ardenne,83031,2020-05-25,0,10
La Roche-en-Ardenne,83031,2020-05-26,0,10
La Roche-en-Ardenne,83031,2020-05-27,0,10
La Roche-en-Ardenne,83031,2020-05-28,0,10
La Roche-en-Ardenne,83031,2020-05-29,0,10
La Roche-en-Ardenne,83031,2020-05-30,0,10
La Roche-en-Ardenne,83031,2020-05-31,0,10
La Roche-en-Ardenne,83031,2020-06-01,0,10
La Roche-en-Ardenne,83031,2020-06-02,1,11
La Roche-en-Ardenne,83031,2020-06-03,0,11
La Roche-en-Ardenne,83031,2020-06-04,0,11
La Roche-en-Ardenne,83031,2020-06-05,0,11
La Roche-en-Ardenne,83031,2020-06-06,0,11
La Roche-en-Ardenne,83031,2020-06-07,0,11
La Roche-en-Ardenne,83031,2020-06-08,0,11
La Roche-en-Ardenne,83031,2020-06-09,0,11
La Roche-en-Ardenne,83031,2020-06-10,0,11
La Roche-en-Ardenne,83031,2020-06-11,0,11
La Roche-en-Ardenne,83031,2020-06-12,0,11
La Roche-en-Ardenne,83031,2020-06-13,0,11
La Roche-en-Ardenne,83031,2020-06-14,0,11
La Roche-en-Ardenne,83031,2020-06-15,0,11
La Roche-en-Ardenne,83031,2020-06-16,0,11
La Roche-en-Ardenne,83031,2020-06-17,0,11
La Roche-en-Ardenne,83031,2020-06-18,0,11
La Roche-en-Ardenne,83031,2020-06-19,0,11
La Roche-en-Ardenne,83031,2020-06-20,0,11
La Roche-en-Ardenne,83031,2020-06-23,0,11
La Roche-en-Ardenne,83031,2020-06-24,0,11
La Roche-en-Ardenne,83031,2020-06-25,0,11
La Roche-en-Ardenne,83031,2020-06-26,1,12
La Roche-en-Ardenne,83031,2020-06-27,0,12
La Roche-en-Ardenne,83031,2020-06-30,1,13
La Roche-en-Ardenne,83031,2020-07-01,0,13
La Roche-en-Ardenne,83031,2020-07-02,0,13
La Roche-en-Ardenne,83031,2020-07-03,0,13
La Roche-en-Ardenne,83031,2020-07-04,0,13
La Roche-en-Ardenne,83031,2020-07-07,0,13
La Roche-en-Ardenne,83031,2020-07-08,0,13
La Roche-en-Ardenne,83031,2020-07-09,0,13
La Roche-en-Ardenne,83031,2020-07-10,0,13
La Roche-en-Ardenne,83031,2020-07-11,0,13
La Roche-en-Ardenne,83031,2020-07-14,0,13
La Roche-en-Ardenne,83031,2020-07-15,0,13
La Roche-en-Ardenne,83031,2020-07-16,0,13
La Roche-en-Ardenne,83031,2020-07-17,0,13
La Roche-en-Ardenne,83031,2020-07-18,0,13
La Roche-en-Ardenne,83031,2020-07-20,0,13
La Roche-en-Ardenne,83031,2020-07-21,0,13
La Roche-en-Ardenne,83031,2020-07-22,0,13
La Roche-en-Ardenne,83031,2020-07-23,0,13
La Roche-en-Ardenne,83031,2020-07-24,0,13
La Roche-en-Ardenne,83031,2020-07-25,0,13
La Roche-en-Ardenne,83031,2020-07-26,0,13
La Roche-en-Ardenne,83031,2020-07-27,0,13
La Roche-en-Ardenne,83031,2020-07-28,0,13
La Roche-en-Ardenne,83031,2020-07-29,0,13
La Roche-en-Ardenne,83031,2020-07-30,0,13
La Roche-en-Ardenne,83031,2020-07-31,0,13
La Roche-en-Ardenne,83031,2020-08-01,0,13
La Roche-en-Ardenne,83031,2020-08-02,1,14
La Roche-en-Ardenne,83031,2020-08-03,0,14
La Roche-en-Ardenne,83031,2020-08-04,0,14
La Roche-en-Ardenne,83031,2020-08-05,0,14
La Roche-en-Ardenne,83031,2020-08-06,0,14
La Roche-en-Ardenne,83031,2020-08-07,0,14
La Roche-en-Ardenne,83031,2020-08-08,0,14
La Roche-en-Ardenne,83031,2020-08-09,0,14
La Roche-en-Ardenne,83031,2020-08-10,1,15
La Roche-en-Ardenne,83031,2020-08-11,0,15
La Roche-en-Ardenne,83031,2020-08-12,0,15
La Roche-en-Ardenne,83031,2020-08-13,1,16
La Roche-en-Ardenne,83031,2020-08-14,0,16
La Roche-en-Ardenne,83031,2020-08-15,0,16
La Roche-en-Ardenne,83031,2020-08-16,2,18
La Roche-en-Ardenne,83031,2020-08-17,0,18
La Roche-en-Ardenne,83031,2020-08-18,0,18
La Roche-en-Ardenne,83031,2020-08-19,0,18
La Roche-en-Ardenne,83031,2020-08-20,1,19
La Roche-en-Ardenne,83031,2020-08-21,0,19
La Roche-en-Ardenne,83031,2020-08-22,0,19
La Roche-en-Ardenne,83031,2020-08-23,0,19
La Roche-en-Ardenne,83031,2020-08-24,0,19
La Roche-en-Ardenne,83031,2020-08-25,0,19
La Roche-en-Ardenne,83031,2020-08-26,0,19
La Roche-en-Ardenne,83031,2020-08-27,0,19
La Roche-en-Ardenne,83031,2020-08-28,0,19
La Roche-en-Ardenne,83031,2020-08-29,0,19
La Roche-en-Ardenne,83031,2020-08-30,0,19
La Roche-en-Ardenne,83031,2020-08-31,0,19
La Roche-en-Ardenne,83031,2020-09-01,0,19
La Roche-en-Ardenne,83031,2020-09-02,0,19
La Roche-en-Ardenne,83031,2020-09-03,0,19
La Roche-en-Ardenne,83031,2020-09-04,0,19
La Roche-en-Ardenne,83031,2020-09-05,0,19
La Roche-en-Ardenne,83031,2020-09-06,0,19
La Roche-en-Ardenne,83031,2020-09-07,0,19
La Roche-en-Ardenne,83031,2020-09-08,0,19
La Roche-en-Ardenne,83031,2020-09-09,0,19
La Roche-en-Ardenne,83031,2020-09-10,0,19
La Roche-en-Ardenne,83031,2020-09-11,0,19
La Roche-en-Ardenne,83031,2020-09-12,0,19
La Roche-en-Ardenne,83031,2020-09-13,0,19
La Roche-en-Ardenne,83031,2020-09-14,0,19
La Roche-en-Ardenne,83031,2020-09-15,0,19
La Roche-en-Ardenne,83031,2020-09-16,0,19
La Roche-en-Ardenne,83031,2020-09-17,0,19
La Roche-en-Ardenne,83031,2020-09-18,0,19
La Roche-en-Ardenne,83031,2020-09-19,0,19
La Roche-en-Ardenne,83031,2020-09-20,0,19
La Roche-en-Ardenne,83031,2020-09-21,0,19
La Roche-en-Ardenne,83031,2020-09-22,0,19
La Roche-en-Ardenne,83031,2020-09-23,0,19
La Roche-en-Ardenne,83031,2020-09-24,0,19
La Roche-en-Ardenne,83031,2020-09-25,0,19
La Roche-en-Ardenne,83031,2020-09-26,0,19
La Roche-en-Ardenne,83031,2020-09-27,0,19
La Roche-en-Ardenne,83031,2020-09-28,0,19
La Roche-en-Ardenne,83031,2020-09-29,0,19
La Roche-en-Ardenne,83031,2020-09-30,0,19
La Roche-en-Ardenne,83031,2020-10-01,0,19
La Roche-en-Ardenne,83031,2020-10-02,1,20
La Roche-en-Ardenne,83031,2020-10-03,3,23
La Roche-en-Ardenne,83031,2020-10-04,1,24
La Roche-en-Ardenne,83031,2020-10-05,1,25
La Roche-en-Ardenne,83031,2020-10-06,0,25
La Roche-en-Ardenne,83031,2020-10-07,0,25
La Roche-en-Ardenne,83031,2020-10-08,1,26
La Roche-en-Ardenne,83031,2020-10-09,0,26
La Roche-en-Ardenne,83031,2020-10-10,0,26
La Roche-en-Ardenne,83031,2020-10-11,0,26
La Roche-en-Ardenne,83031,2020-10-12,0,26
La Roche-en-Ardenne,83031,2020-10-13,0,26
La Roche-en-Ardenne,83031,2020-10-14,2,28
La Roche-en-Ardenne,83031,2020-10-15,1,29
La Roche-en-Ardenne,83031,2020-10-16,0,29
La Roche-en-Ardenne,83031,2020-10-17,1,30
La Roche-en-Ardenne,83031,2020-10-18,3,33
La Roche-en-Ardenne,83031,2020-10-19,4,37
La Roche-en-Ardenne,83031,2020-10-20,0,37
La Roche-en-Ardenne,83031,2020-10-21,3,40
La Roche-en-Ardenne,83031,2020-10-22,4,44
La Roche-en-Ardenne,83031,2020-10-23,22,66
La Roche-en-Ardenne,83031,2020-10-24,6,72
La Roche-en-Ardenne,83031,2020-10-25,8,80
La Roche-en-Ardenne,83031,2020-10-26,7,87
La Roche-en-Ardenne,83031,2020-10-27,4,91
La Roche-en-Ardenne,83031,2020-10-28,9,100
La Roche-en-Ardenne,83031,2020-10-29,9,109
La Roche-en-Ardenne,83031,2020-10-30,15,124
La Roche-en-Ardenne,83031,2020-10-31,22,146
La Roche-en-Ardenne,83031,2020-11-01,14,160
La Roche-en-Ardenne,83031,2020-11-02,1,161
La Roche-en-Ardenne,83031,2020-11-03,1,162
La Roche-en-Ardenne,83031,2020-11-04,1,163
La Roche-en-Ardenne,83031,2020-11-05,6,169
La Roche-en-Ardenne,83031,2020-11-06,6,175
La Roche-en-Ardenne,83031,2020-11-07,4,179
La Roche-en-Ardenne,83031,2020-11-08,1,180
La Roche-en-Ardenne,83031,2020-11-09,6,186
La Roche-en-Ardenne,83031,2020-11-10,0,186
La Roche-en-Ardenne,83031,2020-11-11,3,189
Marche-en-Famenne,83034,2020-04-01,0,23
Marche-en-Famenne,83034,2020-04-02,9,32
Marche-en-Famenne,83034,2020-04-03,4,36
Marche-en-Famenne,83034,2020-04-04,8,44
Marche-en-Famenne,83034,2020-04-05,1,45
Marche-en-Famenne,83034,2020-04-06,2,47
Marche-en-Famenne,83034,2020-04-07,1,48
Marche-en-Famenne,83034,2020-04-08,4,52
Marche-en-Famenne,83034,2020-04-09,5,57
Marche-en-Famenne,83034,2020-04-10,6,63
Marche-en-Famenne,83034,2020-04-11,0,63
Marche-en-Famenne,83034,2020-04-12,1,64
Marche-en-Famenne,83034,2020-04-13,3,67
Marche-en-Famenne,83034,2020-04-14,1,68
Marche-en-Famenne,83034,2020-04-15,2,70
Marche-en-Famenne,83034,2020-04-16,1,71
Marche-en-Famenne,83034,2020-04-17,1,72
Marche-en-Famenne,83034,2020-04-18,0,72
Marche-en-Famenne,83034,2020-04-19,3,75
Marche-en-Famenne,83034,2020-04-20,6,81
Marche-en-Famenne,83034,2020-04-21,1,82
Marche-en-Famenne,83034,2020-04-22,1,83
Marche-en-Famenne,83034,2020-04-23,2,85
Marche-en-Famenne,83034,2020-04-24,0,85
Marche-en-Famenne,83034,2020-04-25,0,85
Marche-en-Famenne,83034,2020-04-26,1,86
Marche-en-Famenne,83034,2020-04-27,0,86
Marche-en-Famenne,83034,2020-04-28,0,86
Marche-en-Famenne,83034,2020-04-29,0,86
Marche-en-Famenne,83034,2020-04-30,2,88
Marche-en-Famenne,83034,2020-05-01,0,88
Marche-en-Famenne,83034,2020-05-02,0,88
Marche-en-Famenne,83034,2020-05-03,1,89
Marche-en-Famenne,83034,2020-05-04,0,89
Marche-en-Famenne,83034,2020-05-05,0,89
Marche-en-Famenne,83034,2020-05-06,0,89
Marche-en-Famenne,83034,2020-05-07,2,91
Marche-en-Famenne,83034,2020-05-08,0,91
Marche-en-Famenne,83034,2020-05-09,2,93
Marche-en-Famenne,83034,2020-05-10,1,94
Marche-en-Famenne,83034,2020-05-11,0,94
Marche-en-Famenne,83034,2020-05-12,0,94
Marche-en-Famenne,83034,2020-05-13,0,94
Marche-en-Famenne,83034,2020-05-14,1,95
Marche-en-Famenne,83034,2020-05-15,2,97
Marche-en-Famenne,83034,2020-05-16,0,97
Marche-en-Famenne,83034,2020-05-17,0,97
Marche-en-Famenne,83034,2020-05-18,0,97
Marche-en-Famenne,83034,2020-05-19,0,97
Marche-en-Famenne,83034,2020-05-20,0,97
Marche-en-Famenne,83034,2020-05-21,2,99
Marche-en-Famenne,83034,2020-05-22,0,99
Marche-en-Famenne,83034,2020-05-23,3,102
Marche-en-Famenne,83034,2020-05-24,0,102
Marche-en-Famenne,83034,2020-05-25,0,102
Marche-en-Famenne,83034,2020-05-26,0,102
Marche-en-Famenne,83034,2020-05-27,0,102
Marche-en-Famenne,83034,2020-05-28,0,102
Marche-en-Famenne,83034,2020-05-29,0,102
Marche-en-Famenne,83034,2020-05-30,0,102
Marche-en-Famenne,83034,2020-05-31,0,102
Marche-en-Famenne,83034,2020-06-01,0,102
Marche-en-Famenne,83034,2020-06-02,0,102
Marche-en-Famenne,83034,2020-06-03,0,102
Marche-en-Famenne,83034,2020-06-04,0,102
Marche-en-Famenne,83034,2020-06-05,1,103
Marche-en-Famenne,83034,2020-06-06,0,103
Marche-en-Famenne,83034,2020-06-07,0,103
Marche-en-Famenne,83034,2020-06-08,0,103
Marche-en-Famenne,83034,2020-06-09,0,103
Marche-en-Famenne,83034,2020-06-10,0,103
Marche-en-Famenne,83034,2020-06-11,0,103
Marche-en-Famenne,83034,2020-06-12,1,104
Marche-en-Famenne,83034,2020-06-13,0,104
Marche-en-Famenne,83034,2020-06-14,0,104
Marche-en-Famenne,83034,2020-06-15,0,104
Marche-en-Famenne,83034,2020-06-16,0,104
Marche-en-Famenne,83034,2020-06-17,0,104
Marche-en-Famenne,83034,2020-06-18,0,104
Marche-en-Famenne,83034,2020-06-19,0,104
Marche-en-Famenne,83034,2020-06-20,0,104
Marche-en-Famenne,83034,2020-06-23,1,105
Marche-en-Famenne,83034,2020-06-24,0,105
Marche-en-Famenne,83034,2020-06-25,0,105
Marche-en-Famenne,83034,2020-06-26,2,107
Marche-en-Famenne,83034,2020-06-27,0,107
Marche-en-Famenne,83034,2020-06-30,0,107
Marche-en-Famenne,83034,2020-07-01,0,107
Marche-en-Famenne,83034,2020-07-02,0,107
Marche-en-Famenne,83034,2020-07-03,0,107
Marche-en-Famenne,83034,2020-07-04,0,107
Marche-en-Famenne,83034,2020-07-07,1,108
Marche-en-Famenne,83034,2020-07-08,0,108
Marche-en-Famenne,83034,2020-07-09,0,108
Marche-en-Famenne,83034,2020-07-10,0,108
Marche-en-Famenne,83034,2020-07-11,0,108
Marche-en-Famenne,83034,2020-07-14,0,108
Marche-en-Famenne,83034,2020-07-15,0,108
Marche-en-Famenne,83034,2020-07-16,0,108
Marche-en-Famenne,83034,2020-07-17,0,108
Marche-en-Famenne,83034,2020-07-18,0,108
Marche-en-Famenne,83034,2020-07-20,0,108
Marche-en-Famenne,83034,2020-07-21,0,108
Marche-en-Famenne,83034,2020-07-22,0,108
Marche-en-Famenne,83034,2020-07-23,0,108
Marche-en-Famenne,83034,2020-07-24,0,108
Marche-en-Famenne,83034,2020-07-25,0,108
Marche-en-Famenne,83034,2020-07-26,0,108
Marche-en-Famenne,83034,2020-07-27,0,108
Marche-en-Famenne,83034,2020-07-28,1,109
Marche-en-Famenne,83034,2020-07-29,0,109
Marche-en-Famenne,83034,2020-07-30,1,110
Marche-en-Famenne,83034,2020-07-31,0,110
Marche-en-Famenne,83034,2020-08-01,0,110
Marche-en-Famenne,83034,2020-08-02,0,110
Marche-en-Famenne,83034,2020-08-03,0,110
Marche-en-Famenne,83034,2020-08-04,0,110
Marche-en-Famenne,83034,2020-08-05,0,110
Marche-en-Famenne,83034,2020-08-06,0,110
Marche-en-Famenne,83034,2020-08-07,-1,109
Marche-en-Famenne,83034,2020-08-08,1,110
Marche-en-Famenne,83034,2020-08-09,0,110
Marche-en-Famenne,83034,2020-08-10,0,110
Marche-en-Famenne,83034,2020-08-11,0,110
Marche-en-Famenne,83034,2020-08-12,0,110
Marche-en-Famenne,83034,2020-08-13,0,110
Marche-en-Famenne,83034,2020-08-14,0,110
Marche-en-Famenne,83034,2020-08-15,0,110
Marche-en-Famenne,83034,2020-08-16,0,110
Marche-en-Famenne,83034,2020-08-17,0,110
Marche-en-Famenne,83034,2020-08-18,0,110
Marche-en-Famenne,83034,2020-08-19,1,111
Marche-en-Famenne,83034,2020-08-20,2,113
Marche-en-Famenne,83034,2020-08-21,0,113
Marche-en-Famenne,83034,2020-08-22,2,115
Marche-en-Famenne,83034,2020-08-23,1,116
Marche-en-Famenne,83034,2020-08-24,0,116
Marche-en-Famenne,83034,2020-08-25,0,116
Marche-en-Famenne,83034,2020-08-26,0,116
Marche-en-Famenne,83034,2020-08-27,0,116
Marche-en-Famenne,83034,2020-08-28,0,116
Marche-en-Famenne,83034,2020-08-29,0,116
Marche-en-Famenne,83034,2020-08-30,0,116
Marche-en-Famenne,83034,2020-08-31,0,116
Marche-en-Famenne,83034,2020-09-01,0,116
Marche-en-Famenne,83034,2020-09-02,0,116
Marche-en-Famenne,83034,2020-09-03,0,116
Marche-en-Famenne,83034,2020-09-04,0,116
Marche-en-Famenne,83034,2020-09-05,0,116
Marche-en-Famenne,83034,2020-09-06,5,121
Marche-en-Famenne,83034,2020-09-07,0,121
Marche-en-Famenne,83034,2020-09-08,2,123
Marche-en-Famenne,83034,2020-09-09,0,123
Marche-en-Famenne,83034,2020-09-10,0,123
Marche-en-Famenne,83034,2020-09-11,0,123
Marche-en-Famenne,83034,2020-09-12,0,123
Marche-en-Famenne,83034,2020-09-13,6,129
Marche-en-Famenne,83034,2020-09-14,1,130
Marche-en-Famenne,83034,2020-09-15,2,132
Marche-en-Famenne,83034,2020-09-16,0,132
Marche-en-Famenne,83034,2020-09-17,1,133
Marche-en-Famenne,83034,2020-09-18,1,134
Marche-en-Famenne,83034,2020-09-19,1,135
Marche-en-Famenne,83034,2020-09-20,4,139
Marche-en-Famenne,83034,2020-09-21,0,139
Marche-en-Famenne,83034,2020-09-22,1,140
Marche-en-Famenne,83034,2020-09-23,3,143
Marche-en-Famenne,83034,2020-09-24,4,147
Marche-en-Famenne,83034,2020-09-25,1,148
Marche-en-Famenne,83034,2020-09-26,5,153
Marche-en-Famenne,83034,2020-09-27,6,159
Marche-en-Famenne,83034,2020-09-28,1,160
Marche-en-Famenne,83034,2020-09-29,1,161
Marche-en-Famenne,83034,2020-09-30,5,166
Marche-en-Famenne,83034,2020-10-01,4,170
Marche-en-Famenne,83034,2020-10-02,11,181
Marche-en-Famenne,83034,2020-10-03,10,191
Marche-en-Famenne,83034,2020-10-04,8,199
Marche-en-Famenne,83034,2020-10-05,0,199
Marche-en-Famenne,83034,2020-10-06,11,210
Marche-en-Famenne,83034,2020-10-07,9,219
Marche-en-Famenne,83034,2020-10-08,11,230
Marche-en-Famenne,83034,2020-10-09,3,233
Marche-en-Famenne,83034,2020-10-10,19,252
Marche-en-Famenne,83034,2020-10-11,23,275
Marche-en-Famenne,83034,2020-10-12,15,290
Marche-en-Famenne,83034,2020-10-13,5,295
Marche-en-Famenne,83034,2020-10-14,22,317
Marche-en-Famenne,83034,2020-10-15,5,322
Marche-en-Famenne,83034,2020-10-16,21,343
Marche-en-Famenne,83034,2020-10-17,16,359
Marche-en-Famenne,83034,2020-10-18,20,379
Marche-en-Famenne,83034,2020-10-19,10,389
Marche-en-Famenne,83034,2020-10-20,6,395
Marche-en-Famenne,83034,2020-10-21,12,407
Marche-en-Famenne,83034,2020-10-22,24,431
Marche-en-Famenne,83034,2020-10-23,77,508
Marche-en-Famenne,83034,2020-10-24,46,554
Marche-en-Famenne,83034,2020-10-25,32,586
Marche-en-Famenne,83034,2020-10-26,20,606
Marche-en-Famenne,83034,2020-10-27,14,620
Marche-en-Famenne,83034,2020-10-28,28,648
Marche-en-Famenne,83034,2020-10-29,62,710
Marche-en-Famenne,83034,2020-10-30,38,748
Marche-en-Famenne,83034,2020-10-31,57,805
Marche-en-Famenne,83034,2020-11-01,56,861
Marche-en-Famenne,83034,2020-11-02,21,882
Marche-en-Famenne,83034,2020-11-03,26,908
Marche-en-Famenne,83034,2020-11-04,13,921
Marche-en-Famenne,83034,2020-11-05,21,942
Marche-en-Famenne,83034,2020-11-06,50,992
Marche-en-Famenne,83034,2020-11-07,21,1013
Marche-en-Famenne,83034,2020-11-08,2,1015
Marche-en-Famenne,83034,2020-11-09,18,1033
Marche-en-Famenne,83034,2020-11-10,2,1035
Marche-en-Famenne,83034,2020-11-11,12,1047
Nassogne,83040,2020-04-01,0,0
Nassogne,83040,2020-04-02,5,5
Nassogne,83040,2020-04-03,0,5
Nassogne,83040,2020-04-04,4,9
Nassogne,83040,2020-04-05,1,10
Nassogne,83040,2020-04-06,2,12
Nassogne,83040,2020-04-07,0,12
Nassogne,83040,2020-04-08,0,12
Nassogne,83040,2020-04-09,0,12
Nassogne,83040,2020-04-10,0,12
Nassogne,83040,2020-04-11,0,12
Nassogne,83040,2020-04-12,0,12
Nassogne,83040,2020-04-13,1,13
Nassogne,83040,2020-04-14,0,13
Nassogne,83040,2020-04-15,0,13
Nassogne,83040,2020-04-16,0,13
Nassogne,83040,2020-04-17,0,13
Nassogne,83040,2020-04-18,0,13
Nassogne,83040,2020-04-19,1,14
Nassogne,83040,2020-04-20,0,14
Nassogne,83040,2020-04-21,1,15
Nassogne,83040,2020-04-22,0,15
Nassogne,83040,2020-04-23,1,16
Nassogne,83040,2020-04-24,0,16
Nassogne,83040,2020-04-25,0,16
Nassogne,83040,2020-04-26,1,17
Nassogne,83040,2020-04-27,1,18
Nassogne,83040,2020-04-28,0,18
Nassogne,83040,2020-04-29,0,18
Nassogne,83040,2020-04-30,0,18
Nassogne,83040,2020-05-01,0,18
Nassogne,83040,2020-05-02,0,18
Nassogne,83040,2020-05-03,0,18
Nassogne,83040,2020-05-04,0,18
Nassogne,83040,2020-05-05,0,18
Nassogne,83040,2020-05-06,1,19
Nassogne,83040,2020-05-07,0,19
Nassogne,83040,2020-05-08,0,19
Nassogne,83040,2020-05-09,0,19
Nassogne,83040,2020-05-10,0,19
Nassogne,83040,2020-05-11,0,19
Nassogne,83040,2020-05-12,0,19
Nassogne,83040,2020-05-13,0,19
Nassogne,83040,2020-05-14,0,19
Nassogne,83040,2020-05-15,0,19
Nassogne,83040,2020-05-16,0,19
Nassogne,83040,2020-05-17,1,20
Nassogne,83040,2020-05-18,0,20
Nassogne,83040,2020-05-19,0,20
Nassogne,83040,2020-05-20,0,20
Nassogne,83040,2020-05-21,0,20
Nassogne,83040,2020-05-22,0,20
Nassogne,83040,2020-05-23,0,20
Nassogne,83040,2020-05-24,0,20
Nassogne,83040,2020-05-25,0,20
Nassogne,83040,2020-05-26,0,20
Nassogne,83040,2020-05-27,0,20
Nassogne,83040,2020-05-28,0,20
Nassogne,83040,2020-05-29,0,20
Nassogne,83040,2020-05-30,0,20
Nassogne,83040,2020-05-31,0,20
Nassogne,83040,2020-06-01,0,20
Nassogne,83040,2020-06-02,0,20
Nassogne,83040,2020-06-03,0,20
Nassogne,83040,2020-06-04,0,20
Nassogne,83040,2020-06-05,0,20
Nassogne,83040,2020-06-06,0,20
Nassogne,83040,2020-06-07,0,20
Nassogne,83040,2020-06-08,0,20
Nassogne,83040,2020-06-09,0,20
Nassogne,83040,2020-06-10,0,20
Nassogne,83040,2020-06-11,0,20
Nassogne,83040,2020-06-12,0,20
Nassogne,83040,2020-06-13,0,20
Nassogne,83040,2020-06-14,0,20
Nassogne,83040,2020-06-15,0,20
Nassogne,83040,2020-06-16,0,20
Nassogne,83040,2020-06-17,0,20
Nassogne,83040,2020-06-18,0,20
Nassogne,83040,2020-06-19,0,20
Nassogne,83040,2020-06-20,0,20
Nassogne,83040,2020-06-23,1,21
Nassogne,83040,2020-06-24,0,21
Nassogne,83040,2020-06-25,0,21
Nassogne,83040,2020-06-26,1,22
Nassogne,83040,2020-06-27,0,22
Nassogne,83040,2020-06-30,1,23
Nassogne,83040,2020-07-01,1,24
Nassogne,83040,2020-07-02,0,24
Nassogne,83040,2020-07-03,0,24
Nassogne,83040,2020-07-04,0,24
Nassogne,83040,2020-07-07,0,24
Nassogne,83040,2020-07-08,0,24
Nassogne,83040,2020-07-09,0,24
Nassogne,83040,2020-07-10,0,24
Nassogne,83040,2020-07-11,0,24
Nassogne,83040,2020-07-14,0,24
Nassogne,83040,2020-07-15,0,24
Nassogne,83040,2020-07-16,0,24
Nassogne,83040,2020-07-17,0,24
Nassogne,83040,2020-07-18,0,24
Nassogne,83040,2020-07-20,1,25
Nassogne,83040,2020-07-21,0,25
Nassogne,83040,2020-07-22,0,25
Nassogne,83040,2020-07-23,0,25
Nassogne,83040,2020-07-24,2,27
Nassogne,83040,2020-07-25,0,27
Nassogne,83040,2020-07-26,0,27
Nassogne,83040,2020-07-27,0,27
Nassogne,83040,2020-07-28,0,27
Nassogne,83040,2020-07-29,0,27
Nassogne,83040,2020-07-30,0,27
Nassogne,83040,2020-07-31,0,27
Nassogne,83040,2020-08-01,0,27
Nassogne,83040,2020-08-02,0,27
Nassogne,83040,2020-08-03,0,27
Nassogne,83040,2020-08-04,0,27
Nassogne,83040,2020-08-05,0,27
Nassogne,83040,2020-08-06,0,27
Nassogne,83040,2020-08-07,0,27
Nassogne,83040,2020-08-08,0,27
Nassogne,83040,2020-08-09,0,27
Nassogne,83040,2020-08-10,0,27
Nassogne,83040,2020-08-11,0,27
Nassogne,83040,2020-08-12,0,27
Nassogne,83040,2020-08-13,0,27
Nassogne,83040,2020-08-14,0,27
Nassogne,83040,2020-08-15,0,27
Nassogne,83040,2020-08-16,1,28
Nassogne,83040,2020-08-17,0,28
Nassogne,83040,2020-08-18,0,28
Nassogne,83040,2020-08-19,0,28
Nassogne,83040,2020-08-20,0,28
Nassogne,83040,2020-08-21,0,28
Nassogne,83040,2020-08-22,0,28
Nassogne,83040,2020-08-23,1,29
Nassogne,83040,2020-08-24,0,29
Nassogne,83040,2020-08-25,0,29
Nassogne,83040,2020-08-26,0,29
Nassogne,83040,2020-08-27,0,29
Nassogne,83040,2020-08-28,0,29
Nassogne,83040,2020-08-29,0,29
Nassogne,83040,2020-08-30,0,29
Nassogne,83040,2020-08-31,0,29
Nassogne,83040,2020-09-01,0,29
Nassogne,83040,2020-09-02,0,29
Nassogne,83040,2020-09-03,0,29
Nassogne,83040,2020-09-04,0,29
Nassogne,83040,2020-09-05,0,29
Nassogne,83040,2020-09-06,0,29
Nassogne,83040,2020-09-07,0,29
Nassogne,83040,2020-09-08,0,29
Nassogne,83040,2020-09-09,0,29
Nassogne,83040,2020-09-10,0,29
Nassogne,83040,2020-09-11,0,29
Nassogne,83040,2020-09-12,0,29
Nassogne,83040,2020-09-13,2,31
Nassogne,83040,2020-09-14,0,31
Nassogne,83040,2020-09-15,0,31
Nassogne,83040,2020-09-16,0,31
Nassogne,83040,2020-09-17,1,32
Nassogne,83040,2020-09-18,0,32
Nassogne,83040,2020-09-19,0,32
Nassogne,83040,2020-09-20,0,32
Nassogne,83040,2020-09-21,0,32
Nassogne,83040,2020-09-22,0,32
Nassogne,83040,2020-09-23,0,32
Nassogne,83040,2020-09-24,0,32
Nassogne,83040,2020-09-25,0,32
Nassogne,83040,2020-09-26,0,32
Nassogne,83040,2020-09-27,1,33
Nassogne,83040,2020-09-28,1,34
Nassogne,83040,2020-09-29,0,34
Nassogne,83040,2020-09-30,1,35
Nassogne,83040,2020-10-01,1,36
Nassogne,83040,2020-10-02,1,37
Nassogne,83040,2020-10-03,1,38
Nassogne,83040,2020-10-04,3,41
Nassogne,83040,2020-10-05,1,42
Nassogne,83040,2020-10-06,5,47
Nassogne,83040,2020-10-07,1,48
Nassogne,83040,2020-10-08,4,52
Nassogne,83040,2020-10-09,4,56
Nassogne,83040,2020-10-10,7,63
Nassogne,83040,2020-10-11,6,69
Nassogne,83040,2020-10-12,4,73
Nassogne,83040,2020-10-13,1,74
Nassogne,83040,2020-10-14,7,81
Nassogne,83040,2020-10-15,0,81
Nassogne,83040,2020-10-16,7,88
Nassogne,83040,2020-10-17,3,91
Nassogne,83040,2020-10-18,8,99
Nassogne,83040,2020-10-19,4,103
Nassogne,83040,2020-10-20,4,107
Nassogne,83040,2020-10-21,3,110
Nassogne,83040,2020-10-22,5,115
Nassogne,83040,2020-10-23,27,142
Nassogne,83040,2020-10-24,11,153
Nassogne,83040,2020-10-25,14,167
Nassogne,83040,2020-10-26,11,178
Nassogne,83040,2020-10-27,3,181
Nassogne,83040,2020-10-28,8,189
Nassogne,83040,2020-10-29,16,205
Nassogne,83040,2020-10-30,19,224
Nassogne,83040,2020-10-31,23,247
Nassogne,83040,2020-11-01,15,262
Nassogne,83040,2020-11-02,9,271
Nassogne,83040,2020-11-03,4,275
Nassogne,83040,2020-11-04,5,280
Nassogne,83040,2020-11-05,14,294
Nassogne,83040,2020-11-06,8,302
Nassogne,83040,2020-11-07,2,304
Nassogne,83040,2020-11-08,2,306
Nassogne,83040,2020-11-09,8,314
Nassogne,83040,2020-11-10,1,315
Nassogne,83040,2020-11-11,1,316
Rendeux,83044,2020-04-01,0,0
Rendeux,83044,2020-04-02,0,0
Rendeux,83044,2020-04-03,0,0
Rendeux,83044,2020-04-04,0,0
Rendeux,83044,2020-04-05,0,0
Rendeux,83044,2020-04-06,0,0
Rendeux,83044,2020-04-07,0,0
Rendeux,83044,2020-04-08,0,0
Rendeux,83044,2020-04-09,5,5
Rendeux,83044,2020-04-10,0,5
Rendeux,83044,2020-04-11,0,5
Rendeux,83044,2020-04-12,0,5
Rendeux,83044,2020-04-13,2,7
Rendeux,83044,2020-04-14,1,8
Rendeux,83044,2020-04-15,0,8
Rendeux,83044,2020-04-16,0,8
Rendeux,83044,2020-04-17,1,9
Rendeux,83044,2020-04-18,1,10
Rendeux,83044,2020-04-19,0,10
Rendeux,83044,2020-04-20,0,10
Rendeux,83044,2020-04-21,0,10
Rendeux,83044,2020-04-22,0,10
Rendeux,83044,2020-04-23,0,10
Rendeux,83044,2020-04-24,0,10
Rendeux,83044,2020-04-25,0,10
Rendeux,83044,2020-04-26,0,10
Rendeux,83044,2020-04-27,0,10
Rendeux,83044,2020-04-28,0,10
Rendeux,83044,2020-04-29,0,10
Rendeux,83044,2020-04-30,1,11
Rendeux,83044,2020-05-01,0,11
Rendeux,83044,2020-05-02,1,12
Rendeux,83044,2020-05-03,0,12
Rendeux,83044,2020-05-04,0,12
Rendeux,83044,2020-05-05,0,12
Rendeux,83044,2020-05-06,0,12
Rendeux,83044,2020-05-07,0,12
Rendeux,83044,2020-05-08,1,13
Rendeux,83044,2020-05-09,1,14
Rendeux,83044,2020-05-10,1,15
Rendeux,83044,2020-05-11,0,15
Rendeux,83044,2020-05-12,0,15
Rendeux,83044,2020-05-13,0,15
Rendeux,83044,2020-05-14,1,16
Rendeux,83044,2020-05-15,0,16
Rendeux,83044,2020-05-16,0,16
Rendeux,83044,2020-05-17,0,16
Rendeux,83044,2020-05-18,0,16
Rendeux,83044,2020-05-19,0,16
Rendeux,83044,2020-05-20,0,16
Rendeux,83044,2020-05-21,0,16
Rendeux,83044,2020-05-22,0,16
Rendeux,83044,2020-05-23,0,16
Rendeux,83044,2020-05-24,0,16
Rendeux,83044,2020-05-25,0,16
Rendeux,83044,2020-05-26,0,16
Rendeux,83044,2020-05-27,0,16
Rendeux,83044,2020-05-28,0,16
Rendeux,83044,2020-05-29,0,16
Rendeux,83044,2020-05-30,0,16
Rendeux,83044,2020-05-31,0,16
Rendeux,83044,2020-06-01,0,16
Rendeux,83044,2020-06-02,0,16
Rendeux,83044,2020-06-03,0,16
Rendeux,83044,2020-06-04,0,16
Rendeux,83044,2020-06-05,0,16
Rendeux,83044,2020-06-06,0,16
Rendeux,83044,2020-06-07,0,16
Rendeux,83044,2020-06-08,0,16
Rendeux,83044,2020-06-09,0,16
Rendeux,83044,2020-06-10,0,16
Rendeux,83044,2020-06-11,0,16
Rendeux,83044,2020-06-12,0,16
Rendeux,83044,2020-06-13,0,16
Rendeux,83044,2020-06-14,0,16
Rendeux,83044,2020-06-15,1,17
Rendeux,83044,2020-06-16,0,17
Rendeux,83044,2020-06-17,0,17
Rendeux,83044,2020-06-18,0,17
Rendeux,83044,2020-06-19,0,17
Rendeux,83044,2020-06-20,0,17
Rendeux,83044,2020-06-23,0,17
Rendeux,83044,2020-06-24,0,17
Rendeux,83044,2020-06-25,0,17
Rendeux,83044,2020-06-26,0,17
Rendeux,83044,2020-06-27,0,17
Rendeux,83044,2020-06-30,0,17
Rendeux,83044,2020-07-01,0,17
Rendeux,83044,2020-07-02,0,17
Rendeux,83044,2020-07-03,0,17
Rendeux,83044,2020-07-04,0,17
Rendeux,83044,2020-07-07,0,17
Rendeux,83044,2020-07-08,0,17
Rendeux,83044,2020-07-09,0,17
Rendeux,83044,2020-07-10,0,17
Rendeux,83044,2020-07-11,0,17
Rendeux,83044,2020-07-14,0,17
Rendeux,83044,2020-07-15,0,17
Rendeux,83044,2020-07-16,0,17
Rendeux,83044,2020-07-17,0,17
Rendeux,83044,2020-07-18,0,17
Rendeux,83044,2020-07-20,0,17
Rendeux,83044,2020-07-21,0,17
Rendeux,83044,2020-07-22,0,17
Rendeux,83044,2020-07-23,0,17
Rendeux,83044,2020-07-24,0,17
Rendeux,83044,2020-07-25,0,17
Rendeux,83044,2020-07-26,0,17
Rendeux,83044,2020-07-27,0,17
Rendeux,83044,2020-07-28,0,17
Rendeux,83044,2020-07-29,0,17
Rendeux,83044,2020-07-30,0,17
Rendeux,83044,2020-07-31,0,17
Rendeux,83044,2020-08-01,0,17
Rendeux,83044,2020-08-02,0,17
Rendeux,83044,2020-08-03,0,17
Rendeux,83044,2020-08-04,0,17
Rendeux,83044,2020-08-05,0,17
Rendeux,83044,2020-08-06,0,17
Rendeux,83044,2020-08-07,0,17
Rendeux,83044,2020-08-08,0,17
Rendeux,83044,2020-08-09,0,17
Rendeux,83044,2020-08-10,0,17
Rendeux,83044,2020-08-11,0,17
Rendeux,83044,2020-08-12,0,17
Rendeux,83044,2020-08-13,0,17
Rendeux,83044,2020-08-14,1,18
Rendeux,83044,2020-08-15,0,18
Rendeux,83044,2020-08-16,0,18
Rendeux,83044,2020-08-17,0,18
Rendeux,83044,2020-08-18,0,18
Rendeux,83044,2020-08-19,0,18
Rendeux,83044,2020-08-20,0,18
Rendeux,83044,2020-08-21,0,18
Rendeux,83044,2020-08-22,0,18
Rendeux,83044,2020-08-23,0,18
Rendeux,83044,2020-08-24,0,18
Rendeux,83044,2020-08-25,0,18
Rendeux,83044,2020-08-26,0,18
Rendeux,83044,2020-08-27,0,18
Rendeux,83044,2020-08-28,0,18
Rendeux,83044,2020-08-29,0,18
Rendeux,83044,2020-08-30,0,18
Rendeux,83044,2020-08-31,0,18
Rendeux,83044,2020-09-01,0,18
Rendeux,83044,2020-09-02,0,18
Rendeux,83044,2020-09-03,0,18
Rendeux,83044,2020-09-04,1,19
Rendeux,83044,2020-09-05,0,19
Rendeux,83044,2020-09-06,0,19
Rendeux,83044,2020-09-07,0,19
Rendeux,83044,2020-09-08,0,19
Rendeux,83044,2020-09-09,0,19
Rendeux,83044,2020-09-10,0,19
Rendeux,83044,2020-09-11,0,19
Rendeux,83044,2020-09-12,0,19
Rendeux,83044,2020-09-13,0,19
Rendeux,83044,2020-09-14,0,19
Rendeux,83044,2020-09-15,0,19
Rendeux,83044,2020-09-16,0,19
Rendeux,83044,2020-09-17,0,19
Rendeux,83044,2020-09-18,0,19
Rendeux,83044,2020-09-19,0,19
Rendeux,83044,2020-09-20,0,19
Rendeux,83044,2020-09-21,0,19
Rendeux,83044,2020-09-22,1,20
Rendeux,83044,2020-09-23,0,20
Rendeux,83044,2020-09-24,0,20
Rendeux,83044,2020-09-25,0,20
Rendeux,83044,2020-09-26,1,21
Rendeux,83044,2020-09-27,0,21
Rendeux,83044,2020-09-28,0,21
Rendeux,83044,2020-09-29,0,21
Rendeux,83044,2020-09-30,3,24
Rendeux,83044,2020-10-01,0,24
Rendeux,83044,2020-10-02,0,24
Rendeux,83044,2020-10-03,3,27
Rendeux,83044,2020-10-04,0,27
Rendeux,83044,2020-10-05,0,27
Rendeux,83044,2020-10-06,0,27
Rendeux,83044,2020-10-07,0,27
Rendeux,83044,2020-10-08,1,28
Rendeux,83044,2020-10-09,2,30
Rendeux,83044,2020-10-10,2,32
Rendeux,83044,2020-10-11,0,32
Rendeux,83044,2020-10-12,4,36
Rendeux,83044,2020-10-13,0,36
Rendeux,83044,2020-10-14,0,36
Rendeux,83044,2020-10-15,1,37
Rendeux,83044,2020-10-16,1,38
Rendeux,83044,2020-10-17,1,39
Rendeux,83044,2020-10-18,1,40
Rendeux,83044,2020-10-19,0,40
Rendeux,83044,2020-10-20,0,40
Rendeux,83044,2020-10-21,2,42
Rendeux,83044,2020-10-22,1,43
Rendeux,83044,2020-10-23,8,51
Rendeux,83044,2020-10-24,1,52
Rendeux,83044,2020-10-25,1,53
Rendeux,83044,2020-10-26,1,54
Rendeux,83044,2020-10-27,0,54
Rendeux,83044,2020-10-28,3,57
Rendeux,83044,2020-10-29,6,63
Rendeux,83044,2020-10-30,4,67
Rendeux,83044,2020-10-31,11,78
Rendeux,83044,2020-11-01,7,85
Rendeux,83044,2020-11-02,2,87
Rendeux,83044,2020-11-03,5,92
Rendeux,83044,2020-11-04,2,94
Rendeux,83044,2020-11-05,5,99
Rendeux,83044,2020-11-06,4,103
Rendeux,83044,2020-11-07,2,105
Rendeux,83044,2020-11-08,0,105
Rendeux,83044,2020-11-09,1,106
Rendeux,83044,2020-11-10,0,106
Rendeux,83044,2020-11-11,0,106
Tenneville,83049,2020-04-01,0,0
Tenneville,83049,2020-04-02,0,0
Tenneville,83049,2020-04-03,5,5
Tenneville,83049,2020-04-04,0,5
Tenneville,83049,2020-04-05,0,5
Tenneville,83049,2020-04-06,0,5
Tenneville,83049,2020-04-07,0,5
Tenneville,83049,2020-04-08,0,5
Tenneville,83049,2020-04-09,1,6
Tenneville,83049,2020-04-10,0,6
Tenneville,83049,2020-04-11,0,6
Tenneville,83049,2020-04-12,0,6
Tenneville,83049,2020-04-13,0,6
Tenneville,83049,2020-04-14,0,6
Tenneville,83049,2020-04-15,0,6
Tenneville,83049,2020-04-16,0,6
Tenneville,83049,2020-04-17,0,6
Tenneville,83049,2020-04-18,0,6
Tenneville,83049,2020-04-19,0,6
Tenneville,83049,2020-04-20,0,6
Tenneville,83049,2020-04-21,0,6
Tenneville,83049,2020-04-22,0,6
Tenneville,83049,2020-04-23,0,6
Tenneville,83049,2020-04-24,0,6
Tenneville,83049,2020-04-25,0,6
Tenneville,83049,2020-04-26,0,6
Tenneville,83049,2020-04-27,0,6
Tenneville,83049,2020-04-28,0,6
Tenneville,83049,2020-04-29,0,6
Tenneville,83049,2020-04-30,0,6
Tenneville,83049,2020-05-01,0,6
Tenneville,83049,2020-05-02,0,6
Tenneville,83049,2020-05-03,0,6
Tenneville,83049,2020-05-04,0,6
Tenneville,83049,2020-05-05,0,6
Tenneville,83049,2020-05-06,1,7
Tenneville,83049,2020-05-07,0,7
Tenneville,83049,2020-05-08,0,7
Tenneville,83049,2020-05-09,0,7
Tenneville,83049,2020-05-10,0,7
Tenneville,83049,2020-05-11,0,7
Tenneville,83049,2020-05-12,0,7
Tenneville,83049,2020-05-13,0,7
Tenneville,83049,2020-05-14,0,7
Tenneville,83049,2020-05-15,0,7
Tenneville,83049,2020-05-16,0,7
Tenneville,83049,2020-05-17,0,7
Tenneville,83049,2020-05-18,0,7
Tenneville,83049,2020-05-19,0,7
Tenneville,83049,2020-05-20,0,7
Tenneville,83049,2020-05-21,0,7
Tenneville,83049,2020-05-22,0,7
Tenneville,83049,2020-05-23,0,7
Tenneville,83049,2020-05-24,0,7
Tenneville,83049,2020-05-25,0,7
Tenneville,83049,2020-05-26,0,7
Tenneville,83049,2020-05-27,0,7
Tenneville,83049,2020-05-28,0,7
Tenneville,83049,2020-05-29,0,7
Tenneville,83049,2020-05-30,0,7
Tenneville,83049,2020-05-31,0,7
Tenneville,83049,2020-06-01,0,7
Tenneville,83049,2020-06-02,0,7
Tenneville,83049,2020-06-03,0,7
Tenneville,83049,2020-06-04,0,7
Tenneville,83049,2020-06-05,0,7
Tenneville,83049,2020-06-06,0,7
Tenneville,83049,2020-06-07,0,7
Tenneville,83049,2020-06-08,0,7
Tenneville,83049,2020-06-09,0,7
Tenneville,83049,2020-06-10,0,7
Tenneville,83049,2020-06-11,0,7
Tenneville,83049,2020-06-12,0,7
Tenneville,83049,2020-06-13,0,7
Tenneville,83049,2020-06-14,0,7
Tenneville,83049,2020-06-15,0,7
Tenneville,83049,2020-06-16,0,7
Tenneville,83049,2020-06-17,0,7
Tenneville,83049,2020-06-18,0,7
Tenneville,83049,2020-06-19,0,7
Tenneville,83049,2020-06-20,0,7
Tenneville,83049,2020-06-23,0,7
Tenneville,83049,2020-06-24,0,7
Tenneville,83049,2020-06-25,0,7
Tenneville,83049,2020-06-26,0,7
Tenneville,83049,2020-06-27,0,7
Tenneville,83049,2020-06-30,0,7
Tenneville,83049,2020-07-01,0,7
Tenneville,83049,2020-07-02,0,7
Tenneville,83049,2020-07-03,0,7
Tenneville,83049,2020-07-04,0,7
Tenneville,83049,2020-07-07,0,7
Tenneville,83049,2020-07-08,0,7
Tenneville,83049,2020-07-09,0,7
Tenneville,83049,2020-07-10,0,7
Tenneville,83049,2020-07-11,0,7
Tenneville,83049,2020-07-14,0,7
Tenneville,83049,2020-07-15,0,7
Tenneville,83049,2020-07-16,0,7
Tenneville,83049,2020-07-17,0,7
Tenneville,83049,2020-07-18,1,8
Tenneville,83049,2020-07-20,0,8
Tenneville,83049,2020-07-21,0,8
Tenneville,83049,2020-07-22,0,8
Tenneville,83049,2020-07-23,0,8
Tenneville,83049,2020-07-24,0,8
Tenneville,83049,2020-07-25,0,8
Tenneville,83049,2020-07-26,0,8
Tenneville,83049,2020-07-27,0,8
Tenneville,83049,2020-07-28,0,8
Tenneville,83049,2020-07-29,0,8
Tenneville,83049,2020-07-30,0,8
Tenneville,83049,2020-07-31,0,8
Tenneville,83049,2020-08-01,0,8
Tenneville,83049,2020-08-02,0,8
Tenneville,83049,2020-08-03,0,8
Tenneville,83049,2020-08-04,0,8
Tenneville,83049,2020-08-05,0,8
Tenneville,83049,2020-08-06,0,8
Tenneville,83049,2020-08-07,0,8
Tenneville,83049,2020-08-08,0,8
Tenneville,83049,2020-08-09,0,8
Tenneville,83049,2020-08-10,0,8
Tenneville,83049,2020-08-11,0,8
Tenneville,83049,2020-08-12,0,8
Tenneville,83049,2020-08-13,0,8
Tenneville,83049,2020-08-14,0,8
Tenneville,83049,2020-08-15,0,8
Tenneville,83049,2020-08-16,0,8
Tenneville,83049,2020-08-17,0,8
Tenneville,83049,2020-08-18,0,8
Tenneville,83049,2020-08-19,0,8
Tenneville,83049,2020-08-20,0,8
Tenneville,83049,2020-08-21,0,8
Tenneville,83049,2020-08-22,0,8
Tenneville,83049,2020-08-23,0,8
Tenneville,83049,2020-08-24,0,8
Tenneville,83049,2020-08-25,0,8
Tenneville,83049,2020-08-26,0,8
Tenneville,83049,2020-08-27,0,8
Tenneville,83049,2020-08-28,0,8
Tenneville,83049,2020-08-29,0,8
Tenneville,83049,2020-08-30,0,8
Tenneville,83049,2020-08-31,0,8
Tenneville,83049,2020-09-01,0,8
Tenneville,83049,2020-09-02,0,8
Tenneville,83049,2020-09-03,0,8
Tenneville,83049,2020-09-04,0,8
Tenneville,83049,2020-09-05,0,8
Tenneville,83049,2020-09-06,0,8
Tenneville,83049,2020-09-07,0,8
Tenneville,83049,2020-09-08,0,8
Tenneville,83049,2020-09-09,0,8
Tenneville,83049,2020-09-10,0,8
Tenneville,83049,2020-09-11,0,8
Tenneville,83049,2020-09-12,0,8
Tenneville,83049,2020-09-13,2,10
Tenneville,83049,2020-09-14,0,10
Tenneville,83049,2020-09-15,1,11
Tenneville,83049,2020-09-16,1,12
Tenneville,83049,2020-09-17,0,12
Tenneville,83049,2020-09-18,1,13
Tenneville,83049,2020-09-19,0,13
Tenneville,83049,2020-09-20,0,13
Tenneville,83049,2020-09-21,1,14
Tenneville,83049,2020-09-22,1,15
Tenneville,83049,2020-09-23,1,16
Tenneville,83049,2020-09-24,0,16
Tenneville,83049,2020-09-25,0,16
Tenneville,83049,2020-09-26,0,16
Tenneville,83049,2020-09-27,0,16
Tenneville,83049,2020-09-28,0,16
Tenneville,83049,2020-09-29,0,16
Tenneville,83049,2020-09-30,0,16
Tenneville,83049,2020-10-01,0,16
Tenneville,83049,2020-10-02,0,16
Tenneville,83049,2020-10-03,3,19
Tenneville,83049,2020-10-04,0,19
Tenneville,83049,2020-10-05,0,19
Tenneville,83049,2020-10-06,0,19
Tenneville,83049,2020-10-07,0,19
Tenneville,83049,2020-10-08,0,19
Tenneville,83049,2020-10-09,0,19
Tenneville,83049,2020-10-10,1,20
Tenneville,83049,2020-10-11,2,22
Tenneville,83049,2020-10-12,0,22
Tenneville,83049,2020-10-13,0,22
Tenneville,83049,2020-10-14,1,23
Tenneville,83049,2020-10-15,3,26
Tenneville,83049,2020-10-16,7,33
Tenneville,83049,2020-10-17,1,34
Tenneville,83049,2020-10-18,6,40
Tenneville,83049,2020-10-19,4,44
Tenneville,83049,2020-10-20,3,47
Tenneville,83049,2020-10-21,2,49
Tenneville,83049,2020-10-22,5,54
Tenneville,83049,2020-10-23,4,58
Tenneville,83049,2020-10-24,10,68
Tenneville,83049,2020-10-25,6,74
Tenneville,83049,2020-10-26,12,86
Tenneville,83049,2020-10-27,0,86
Tenneville,83049,2020-10-28,6,92
Tenneville,83049,2020-10-29,9,101
Tenneville,83049,2020-10-30,5,106
Tenneville,83049,2020-10-31,14,120
Tenneville,83049,2020-11-01,5,125
Tenneville,83049,2020-11-02,3,128
Tenneville,83049,2020-11-03,8,136
Tenneville,83049,2020-11-04,0,136
Tenneville,83049,2020-11-05,7,143
Tenneville,83049,2020-11-06,1,144
Tenneville,83049,2020-11-07,3,147
Tenneville,83049,2020-11-08,2,149
Tenneville,83049,2020-11-09,2,151
Tenneville,83049,2020-11-10,2,153
Tenneville,83049,2020-11-11,1,154
Manhay,83055,2020-04-01,0,8
Manhay,83055,2020-04-02,1,9
Manhay,83055,2020-04-03,1,10
Manhay,83055,2020-04-04,0,10
Manhay,83055,2020-04-05,0,10
Manhay,83055,2020-04-06,1,11
Manhay,83055,2020-04-07,0,11
Manhay,83055,2020-04-08,0,11
Manhay,83055,2020-04-09,0,11
Manhay,83055,2020-04-10,0,11
Manhay,83055,2020-04-11,0,11
Manhay,83055,2020-04-12,0,11
Manhay,83055,2020-04-13,0,11
Manhay,83055,2020-04-14,0,11
Manhay,83055,2020-04-15,0,11
Manhay,83055,2020-04-16,1,12
Manhay,83055,2020-04-17,3,15
Manhay,83055,2020-04-18,0,15
Manhay,83055,2020-04-19,1,16
Manhay,83055,2020-04-20,0,16
Manhay,83055,2020-04-21,0,16
Manhay,83055,2020-04-22,0,16
Manhay,83055,2020-04-23,0,16
Manhay,83055,2020-04-24,0,16
Manhay,83055,2020-04-25,0,16
Manhay,83055,2020-04-26,0,16
Manhay,83055,2020-04-27,0,16
Manhay,83055,2020-04-28,0,16
Manhay,83055,2020-04-29,0,16
Manhay,83055,2020-04-30,0,16
Manhay,83055,2020-05-01,1,17
Manhay,83055,2020-05-02,1,18
Manhay,83055,2020-05-03,0,18
Manhay,83055,2020-05-04,0,18
Manhay,83055,2020-05-05,0,18
Manhay,83055,2020-05-06,0,18
Manhay,83055,2020-05-07,0,18
Manhay,83055,2020-05-08,0,18
Manhay,83055,2020-05-09,0,18
Manhay,83055,2020-05-10,0,18
Manhay,83055,2020-05-11,0,18
Manhay,83055,2020-05-12,0,18
Manhay,83055,2020-05-13,0,18
Manhay,83055,2020-05-14,0,18
Manhay,83055,2020-05-15,0,18
Manhay,83055,2020-05-16,0,18
Manhay,83055,2020-05-17,0,18
Manhay,83055,2020-05-18,0,18
Manhay,83055,2020-05-19,0,18
Manhay,83055,2020-05-20,0,18
Manhay,83055,2020-05-21,0,18
Manhay,83055,2020-05-22,0,18
Manhay,83055,2020-05-23,0,18
Manhay,83055,2020-05-24,0,18
Manhay,83055,2020-05-25,0,18
Manhay,83055,2020-05-26,0,18
Manhay,83055,2020-05-27,0,18
Manhay,83055,2020-05-28,0,18
Manhay,83055,2020-05-29,0,18
Manhay,83055,2020-05-30,0,18
Manhay,83055,2020-05-31,0,18
Manhay,83055,2020-06-01,0,18
Manhay,83055,2020-06-02,0,18
Manhay,83055,2020-06-03,0,18
Manhay,83055,2020-06-04,0,18
Manhay,83055,2020-06-05,0,18
Manhay,83055,2020-06-06,0,18
Manhay,83055,2020-06-07,0,18
Manhay,83055,2020-06-08,0,18
Manhay,83055,2020-06-09,0,18
Manhay,83055,2020-06-10,0,18
Manhay,83055,2020-06-11,0,18
Manhay,83055,2020-06-12,0,18
Manhay,83055,2020-06-13,0,18
Manhay,83055,2020-06-14,0,18
Manhay,83055,2020-06-15,0,18
Manhay,83055,2020-06-16,0,18
Manhay,83055,2020-06-17,0,18
Manhay,83055,2020-06-18,0,18
Manhay,83055,2020-06-19,0,18
Manhay,83055,2020-06-20,0,18
Manhay,83055,2020-06-23,1,19
Manhay,83055,2020-06-24,0,19
Manhay,83055,2020-06-25,0,19
Manhay,83055,2020-06-26,0,19
Manhay,83055,2020-06-27,0,19
Manhay,83055,2020-06-30,0,19
Manhay,83055,2020-07-01,0,19
Manhay,83055,2020-07-02,0,19
Manhay,83055,2020-07-03,1,20
Manhay,83055,2020-07-04,0,20
Manhay,83055,2020-07-07,0,20
Manhay,83055,2020-07-08,0,20
Manhay,83055,2020-07-09,0,20
Manhay,83055,2020-07-10,0,20
Manhay,83055,2020-07-11,0,20
Manhay,83055,2020-07-14,0,20
Manhay,83055,2020-07-15,0,20
Manhay,83055,2020-07-16,0,20
Manhay,83055,2020-07-17,0,20
Manhay,83055,2020-07-18,0,20
Manhay,83055,2020-07-20,0,20
Manhay,83055,2020-07-21,0,20
Manhay,83055,2020-07-22,0,20
Manhay,83055,2020-07-23,1,21
Manhay,83055,2020-07-24,0,21
Manhay,83055,2020-07-25,0,21
Manhay,83055,2020-07-26,0,21
Manhay,83055,2020-07-27,0,21
Manhay,83055,2020-07-28,0,21
Manhay,83055,2020-07-29,0,21
Manhay,83055,2020-07-30,0,21
Manhay,83055,2020-07-31,0,21
Manhay,83055,2020-08-01,0,21
Manhay,83055,2020-08-02,0,21
Manhay,83055,2020-08-03,0,21
Manhay,83055,2020-08-04,0,21
Manhay,83055,2020-08-05,0,21
Manhay,83055,2020-08-06,0,21
Manhay,83055,2020-08-07,0,21
Manhay,83055,2020-08-08,0,21
Manhay,83055,2020-08-09,0,21
Manhay,83055,2020-08-10,1,22
Manhay,83055,2020-08-11,0,22
Manhay,83055,2020-08-12,0,22
Manhay,83055,2020-08-13,0,22
Manhay,83055,2020-08-14,3,25
Manhay,83055,2020-08-15,23,48
Manhay,83055,2020-08-16,4,52
Manhay,83055,2020-08-17,0,52
Manhay,83055,2020-08-18,0,52
Manhay,83055,2020-08-19,0,52
Manhay,83055,2020-08-20,0,52
Manhay,83055,2020-08-21,2,54
Manhay,83055,2020-08-22,0,54
Manhay,83055,2020-08-23,0,54
Manhay,83055,2020-08-24,0,54
Manhay,83055,2020-08-25,0,54
Manhay,83055,2020-08-26,0,54
Manhay,83055,2020-08-27,0,54
Manhay,83055,2020-08-28,0,54
Manhay,83055,2020-08-29,0,54
Manhay,83055,2020-08-30,0,54
Manhay,83055,2020-08-31,12,66
Manhay,83055,2020-09-01,0,66
Manhay,83055,2020-09-02,0,66
Manhay,83055,2020-09-03,0,66
Manhay,83055,2020-09-04,0,66
Manhay,83055,2020-09-05,0,66
Manhay,83055,2020-09-06,0,66
Manhay,83055,2020-09-07,0,66
Manhay,83055,2020-09-08,3,69
Manhay,83055,2020-09-09,3,72
Manhay,83055,2020-09-10,0,72
Manhay,83055,2020-09-11,0,72
Manhay,83055,2020-09-12,0,72
Manhay,83055,2020-09-13,0,72
Manhay,83055,2020-09-14,0,72
Manhay,83055,2020-09-15,0,72
Manhay,83055,2020-09-16,0,72
Manhay,83055,2020-09-17,2,74
Manhay,83055,2020-09-18,2,76
Manhay,83055,2020-09-19,0,76
Manhay,83055,2020-09-20,1,77
Manhay,83055,2020-09-21,0,77
Manhay,83055,2020-09-22,2,79
Manhay,83055,2020-09-23,3,82
Manhay,83055,2020-09-24,0,82
Manhay,83055,2020-09-25,3,85
Manhay,83055,2020-09-26,3,88
Manhay,83055,2020-09-27,0,88
Manhay,83055,2020-09-28,0,88
Manhay,83055,2020-09-29,0,88
Manhay,83055,2020-09-30,0,88
Manhay,83055,2020-10-01,0,88
Manhay,83055,2020-10-02,1,89
Manhay,83055,2020-10-03,4,93
Manhay,83055,2020-10-04,0,93
Manhay,83055,2020-10-05,0,93
Manhay,83055,2020-10-06,4,97
Manhay,83055,2020-10-07,2,99
Manhay,83055,2020-10-08,0,99
Manhay,83055,2020-10-09,3,102
Manhay,83055,2020-10-10,2,104
Manhay,83055,2020-10-11,5,109
Manhay,83055,2020-10-12,2,111
Manhay,83055,2020-10-13,0,111
Manhay,83055,2020-10-14,3,114
Manhay,83055,2020-10-15,5,119
Manhay,83055,2020-10-16,4,123
Manhay,83055,2020-10-17,4,127
Manhay,83055,2020-10-18,1,128
Manhay,83055,2020-10-19,1,129
Manhay,83055,2020-10-20,3,132
Manhay,83055,2020-10-21,2,134
Manhay,83055,2020-10-22,3,137
Manhay,83055,2020-10-23,19,156
Manhay,83055,2020-10-24,11,167
Manhay,83055,2020-10-25,5,172
Manhay,83055,2020-10-26,4,176
Manhay,83055,2020-10-27,5,181
Manhay,83055,2020-10-28,3,184
Manhay,83055,2020-10-29,5,189
Manhay,83055,2020-10-30,11,200
Manhay,83055,2020-10-31,13,213
Manhay,83055,2020-11-01,21,234
Manhay,83055,2020-11-02,5,239
Manhay,83055,2020-11-03,6,245
Manhay,83055,2020-11-04,3,248
Manhay,83055,2020-11-05,7,255
Manhay,83055,2020-11-06,11,266
Manhay,83055,2020-11-07,9,275
Manhay,83055,2020-11-08,2,277
Manhay,83055,2020-11-09,5,282
Manhay,83055,2020-11-10,0,282
Manhay,83055,2020-11-11,2,284
Bertrix,84009,2020-04-01,1,21
Bertrix,84009,2020-04-02,3,24
Bertrix,84009,2020-04-03,0,24
Bertrix,84009,2020-04-04,2,26
Bertrix,84009,2020-04-05,7,33
Bertrix,84009,2020-04-06,2,35
Bertrix,84009,2020-04-07,1,36
Bertrix,84009,2020-04-08,1,37
Bertrix,84009,2020-04-09,1,38
Bertrix,84009,2020-04-10,3,41
Bertrix,84009,2020-04-11,0,41
Bertrix,84009,2020-04-12,0,41
Bertrix,84009,2020-04-13,2,43
Bertrix,84009,2020-04-14,2,45
Bertrix,84009,2020-04-15,0,45
Bertrix,84009,2020-04-16,0,45
Bertrix,84009,2020-04-17,2,47
Bertrix,84009,2020-04-18,1,48
Bertrix,84009,2020-04-19,4,52
Bertrix,84009,2020-04-20,0,52
Bertrix,84009,2020-04-21,0,52
Bertrix,84009,2020-04-22,0,52
Bertrix,84009,2020-04-23,0,52
Bertrix,84009,2020-04-24,2,54
Bertrix,84009,2020-04-25,0,54
Bertrix,84009,2020-04-26,0,54
Bertrix,84009,2020-04-27,0,54
Bertrix,84009,2020-04-28,2,56
Bertrix,84009,2020-04-29,0,56
Bertrix,84009,2020-04-30,1,57
Bertrix,84009,2020-05-01,0,57
Bertrix,84009,2020-05-02,0,57
Bertrix,84009,2020-05-03,0,57
Bertrix,84009,2020-05-04,0,57
Bertrix,84009,2020-05-05,0,57
Bertrix,84009,2020-05-06,0,57
Bertrix,84009,2020-05-07,0,57
Bertrix,84009,2020-05-08,0,57
Bertrix,84009,2020-05-09,1,58
Bertrix,84009,2020-05-10,0,58
Bertrix,84009,2020-05-11,0,58
Bertrix,84009,2020-05-12,0,58
Bertrix,84009,2020-05-13,0,58
Bertrix,84009,2020-05-14,0,58
Bertrix,84009,2020-05-15,0,58
Bertrix,84009,2020-05-16,0,58
Bertrix,84009,2020-05-17,0,58
Bertrix,84009,2020-05-18,0,58
Bertrix,84009,2020-05-19,0,58
Bertrix,84009,2020-05-20,0,58
Bertrix,84009,2020-05-21,0,58
Bertrix,84009,2020-05-22,0,58
Bertrix,84009,2020-05-23,0,58
Bertrix,84009,2020-05-24,0,58
Bertrix,84009,2020-05-25,0,58
Bertrix,84009,2020-05-26,1,59
Bertrix,84009,2020-05-27,0,59
Bertrix,84009,2020-05-28,0,59
Bertrix,84009,2020-05-29,0,59
Bertrix,84009,2020-05-30,0,59
Bertrix,84009,2020-05-31,0,59
Bertrix,84009,2020-06-01,0,59
Bertrix,84009,2020-06-02,0,59
Bertrix,84009,2020-06-03,0,59
Bertrix,84009,2020-06-04,0,59
Bertrix,84009,2020-06-05,0,59
Bertrix,84009,2020-06-06,0,59
Bertrix,84009,2020-06-07,0,59
Bertrix,84009,2020-06-08,0,59
Bertrix,84009,2020-06-09,0,59
Bertrix,84009,2020-06-10,0,59
Bertrix,84009,2020-06-11,0,59
Bertrix,84009,2020-06-12,0,59
Bertrix,84009,2020-06-13,0,59
Bertrix,84009,2020-06-14,0,59
Bertrix,84009,2020-06-15,0,59
Bertrix,84009,2020-06-16,0,59
Bertrix,84009,2020-06-17,0,59
Bertrix,84009,2020-06-18,0,59
Bertrix,84009,2020-06-19,0,59
Bertrix,84009,2020-06-20,0,59
Bertrix,84009,2020-06-23,0,59
Bertrix,84009,2020-06-24,0,59
Bertrix,84009,2020-06-25,0,59
Bertrix,84009,2020-06-26,0,59
Bertrix,84009,2020-06-27,0,59
Bertrix,84009,2020-06-30,0,59
Bertrix,84009,2020-07-01,0,59
Bertrix,84009,2020-07-02,0,59
Bertrix,84009,2020-07-03,0,59
Bertrix,84009,2020-07-04,0,59
Bertrix,84009,2020-07-07,0,59
Bertrix,84009,2020-07-08,0,59
Bertrix,84009,2020-07-09,0,59
Bertrix,84009,2020-07-10,0,59
Bertrix,84009,2020-07-11,0,59
Bertrix,84009,2020-07-14,0,59
Bertrix,84009,2020-07-15,0,59
Bertrix,84009,2020-07-16,0,59
Bertrix,84009,2020-07-17,0,59
Bertrix,84009,2020-07-18,0,59
Bertrix,84009,2020-07-20,0,59
Bertrix,84009,2020-07-21,0,59
Bertrix,84009,2020-07-22,0,59
Bertrix,84009,2020-07-23,0,59
Bertrix,84009,2020-07-24,0,59
Bertrix,84009,2020-07-25,0,59
Bertrix,84009,2020-07-26,0,59
Bertrix,84009,2020-07-27,0,59
Bertrix,84009,2020-07-28,0,59
Bertrix,84009,2020-07-29,0,59
Bertrix,84009,2020-07-30,0,59
Bertrix,84009,2020-07-31,0,59
Bertrix,84009,2020-08-01,0,59
Bertrix,84009,2020-08-02,1,60
Bertrix,84009,2020-08-03,0,60
Bertrix,84009,2020-08-04,0,60
Bertrix,84009,2020-08-05,0,60
Bertrix,84009,2020-08-06,0,60
Bertrix,84009,2020-08-07,0,60
Bertrix,84009,2020-08-08,1,61
Bertrix,84009,2020-08-09,0,61
Bertrix,84009,2020-08-10,0,61
Bertrix,84009,2020-08-11,0,61
Bertrix,84009,2020-08-12,0,61
Bertrix,84009,2020-08-13,3,64
Bertrix,84009,2020-08-14,0,64
Bertrix,84009,2020-08-15,0,64
Bertrix,84009,2020-08-16,0,64
Bertrix,84009,2020-08-17,0,64
Bertrix,84009,2020-08-18,0,64
Bertrix,84009,2020-08-19,0,64
Bertrix,84009,2020-08-20,0,64
Bertrix,84009,2020-08-21,0,64
Bertrix,84009,2020-08-22,0,64
Bertrix,84009,2020-08-23,0,64
Bertrix,84009,2020-08-24,0,64
Bertrix,84009,2020-08-25,0,64
Bertrix,84009,2020-08-26,0,64
Bertrix,84009,2020-08-27,0,64
Bertrix,84009,2020-08-28,0,64
Bertrix,84009,2020-08-29,0,64
Bertrix,84009,2020-08-30,0,64
Bertrix,84009,2020-08-31,0,64
Bertrix,84009,2020-09-01,0,64
Bertrix,84009,2020-09-02,0,64
Bertrix,84009,2020-09-03,0,64
Bertrix,84009,2020-09-04,0,64
Bertrix,84009,2020-09-05,0,64
Bertrix,84009,2020-09-06,0,64
Bertrix,84009,2020-09-07,0,64
Bertrix,84009,2020-09-08,0,64
Bertrix,84009,2020-09-09,0,64
Bertrix,84009,2020-09-10,0,64
Bertrix,84009,2020-09-11,0,64
Bertrix,84009,2020-09-12,0,64
Bertrix,84009,2020-09-13,0,64
Bertrix,84009,2020-09-14,0,64
Bertrix,84009,2020-09-15,0,64
Bertrix,84009,2020-09-16,0,64
Bertrix,84009,2020-09-17,7,71
Bertrix,84009,2020-09-18,1,72
Bertrix,84009,2020-09-19,0,72
Bertrix,84009,2020-09-20,1,73
Bertrix,84009,2020-09-21,0,73
Bertrix,84009,2020-09-22,0,73
Bertrix,84009,2020-09-23,0,73
Bertrix,84009,2020-09-24,1,74
Bertrix,84009,2020-09-25,1,75
Bertrix,84009,2020-09-26,0,75
Bertrix,84009,2020-09-27,1,76
Bertrix,84009,2020-09-28,0,76
Bertrix,84009,2020-09-29,0,76
Bertrix,84009,2020-09-30,0,76
Bertrix,84009,2020-10-01,4,80
Bertrix,84009,2020-10-02,2,82
Bertrix,84009,2020-10-03,0,82
Bertrix,84009,2020-10-04,2,84
Bertrix,84009,2020-10-05,1,85
Bertrix,84009,2020-10-06,0,85
Bertrix,84009,2020-10-07,1,86
Bertrix,84009,2020-10-08,1,87
Bertrix,84009,2020-10-09,5,92
Bertrix,84009,2020-10-10,2,94
Bertrix,84009,2020-10-11,5,99
Bertrix,84009,2020-10-12,1,100
Bertrix,84009,2020-10-13,3,103
Bertrix,84009,2020-10-14,1,104
Bertrix,84009,2020-10-15,8,112
Bertrix,84009,2020-10-16,11,123
Bertrix,84009,2020-10-17,11,134
Bertrix,84009,2020-10-18,13,147
Bertrix,84009,2020-10-19,14,161
Bertrix,84009,2020-10-20,8,169
Bertrix,84009,2020-10-21,7,176
Bertrix,84009,2020-10-22,11,187
Bertrix,84009,2020-10-23,14,201
Bertrix,84009,2020-10-24,11,212
Bertrix,84009,2020-10-25,30,242
Bertrix,84009,2020-10-26,16,258
Bertrix,84009,2020-10-27,7,265
Bertrix,84009,2020-10-28,14,279
Bertrix,84009,2020-10-29,11,290
Bertrix,84009,2020-10-30,27,317
Bertrix,84009,2020-10-31,36,353
Bertrix,84009,2020-11-01,30,383
Bertrix,84009,2020-11-02,16,399
Bertrix,84009,2020-11-03,1,400
Bertrix,84009,2020-11-04,5,405
Bertrix,84009,2020-11-05,12,417
Bertrix,84009,2020-11-06,8,425
Bertrix,84009,2020-11-07,5,430
Bertrix,84009,2020-11-08,3,433
Bertrix,84009,2020-11-09,6,439
Bertrix,84009,2020-11-10,3,442
Bertrix,84009,2020-11-11,3,445
Bouillon,84010,2020-04-01,0,7
Bouillon,84010,2020-04-02,8,15
Bouillon,84010,2020-04-03,10,25
Bouillon,84010,2020-04-04,4,29
Bouillon,84010,2020-04-05,10,39
Bouillon,84010,2020-04-06,0,39
Bouillon,84010,2020-04-07,0,39
Bouillon,84010,2020-04-08,1,40
Bouillon,84010,2020-04-09,1,41
Bouillon,84010,2020-04-10,1,42
Bouillon,84010,2020-04-11,2,44
Bouillon,84010,2020-04-12,0,44
Bouillon,84010,2020-04-13,4,48
Bouillon,84010,2020-04-14,1,49
Bouillon,84010,2020-04-15,0,49
Bouillon,84010,2020-04-16,0,49
Bouillon,84010,2020-04-17,0,49
Bouillon,84010,2020-04-18,0,49
Bouillon,84010,2020-04-19,2,51
Bouillon,84010,2020-04-20,16,67
Bouillon,84010,2020-04-21,27,94
Bouillon,84010,2020-04-22,0,94
Bouillon,84010,2020-04-23,0,94
Bouillon,84010,2020-04-24,0,94
Bouillon,84010,2020-04-25,0,94
Bouillon,84010,2020-04-26,0,94
Bouillon,84010,2020-04-27,0,94
Bouillon,84010,2020-04-28,1,95
Bouillon,84010,2020-04-29,0,95
Bouillon,84010,2020-04-30,0,95
Bouillon,84010,2020-05-01,2,97
Bouillon,84010,2020-05-02,0,97
Bouillon,84010,2020-05-03,0,97
Bouillon,84010,2020-05-04,0,97
Bouillon,84010,2020-05-05,0,97
Bouillon,84010,2020-05-06,0,97
Bouillon,84010,2020-05-07,0,97
Bouillon,84010,2020-05-08,0,97
Bouillon,84010,2020-05-09,0,97
Bouillon,84010,2020-05-10,0,97
Bouillon,84010,2020-05-11,0,97
Bouillon,84010,2020-05-12,0,97
Bouillon,84010,2020-05-13,0,97
Bouillon,84010,2020-05-14,0,97
Bouillon,84010,2020-05-15,0,97
Bouillon,84010,2020-05-16,0,97
Bouillon,84010,2020-05-17,0,97
Bouillon,84010,2020-05-18,0,97
Bouillon,84010,2020-05-19,0,97
Bouillon,84010,2020-05-20,1,98
Bouillon,84010,2020-05-21,0,98
Bouillon,84010,2020-05-22,0,98
Bouillon,84010,2020-05-23,0,98
Bouillon,84010,2020-05-24,0,98
Bouillon,84010,2020-05-25,0,98
Bouillon,84010,2020-05-26,0,98
Bouillon,84010,2020-05-27,0,98
Bouillon,84010,2020-05-28,0,98
Bouillon,84010,2020-05-29,0,98
Bouillon,84010,2020-05-30,0,98
Bouillon,84010,2020-05-31,0,98
Bouillon,84010,2020-06-01,0,98
Bouillon,84010,2020-06-02,0,98
Bouillon,84010,2020-06-03,0,98
Bouillon,84010,2020-06-04,0,98
Bouillon,84010,2020-06-05,0,98
Bouillon,84010,2020-06-06,0,98
Bouillon,84010,2020-06-07,0,98
Bouillon,84010,2020-06-08,0,98
Bouillon,84010,2020-06-09,0,98
Bouillon,84010,2020-06-10,0,98
Bouillon,84010,2020-06-11,0,98
Bouillon,84010,2020-06-12,0,98
Bouillon,84010,2020-06-13,0,98
Bouillon,84010,2020-06-14,0,98
Bouillon,84010,2020-06-15,0,98
Bouillon,84010,2020-06-16,0,98
Bouillon,84010,2020-06-17,0,98
Bouillon,84010,2020-06-18,0,98
Bouillon,84010,2020-06-19,0,98
Bouillon,84010,2020-06-20,0,98
Bouillon,84010,2020-06-23,0,98
Bouillon,84010,2020-06-24,0,98
Bouillon,84010,2020-06-25,0,98
Bouillon,84010,2020-06-26,0,98
Bouillon,84010,2020-06-27,0,98
Bouillon,84010,2020-06-30,0,98
Bouillon,84010,2020-07-01,0,98
Bouillon,84010,2020-07-02,0,98
Bouillon,84010,2020-07-03,0,98
Bouillon,84010,2020-07-04,0,98
Bouillon,84010,2020-07-07,0,98
Bouillon,84010,2020-07-08,0,98
Bouillon,84010,2020-07-09,0,98
Bouillon,84010,2020-07-10,0,98
Bouillon,84010,2020-07-11,0,98
Bouillon,84010,2020-07-14,0,98
Bouillon,84010,2020-07-15,0,98
Bouillon,84010,2020-07-16,0,98
Bouillon,84010,2020-07-17,0,98
Bouillon,84010,2020-07-18,0,98
Bouillon,84010,2020-07-20,0,98
Bouillon,84010,2020-07-21,0,98
Bouillon,84010,2020-07-22,0,98
Bouillon,84010,2020-07-23,0,98
Bouillon,84010,2020-07-24,0,98
Bouillon,84010,2020-07-25,0,98
Bouillon,84010,2020-07-26,0,98
Bouillon,84010,2020-07-27,0,98
Bouillon,84010,2020-07-28,0,98
Bouillon,84010,2020-07-29,0,98
Bouillon,84010,2020-07-30,0,98
Bouillon,84010,2020-07-31,0,98
Bouillon,84010,2020-08-01,0,98
Bouillon,84010,2020-08-02,0,98
Bouillon,84010,2020-08-03,0,98
Bouillon,84010,2020-08-04,0,98
Bouillon,84010,2020-08-05,0,98
Bouillon,84010,2020-08-06,0,98
Bouillon,84010,2020-08-07,0,98
Bouillon,84010,2020-08-08,0,98
Bouillon,84010,2020-08-09,0,98
Bouillon,84010,2020-08-10,0,98
Bouillon,84010,2020-08-11,1,99
Bouillon,84010,2020-08-12,0,99
Bouillon,84010,2020-08-13,0,99
Bouillon,84010,2020-08-14,2,101
Bouillon,84010,2020-08-15,0,101
Bouillon,84010,2020-08-16,0,101
Bouillon,84010,2020-08-17,0,101
Bouillon,84010,2020-08-18,0,101
Bouillon,84010,2020-08-19,0,101
Bouillon,84010,2020-08-20,0,101
Bouillon,84010,2020-08-21,0,101
Bouillon,84010,2020-08-22,1,102
Bouillon,84010,2020-08-23,0,102
Bouillon,84010,2020-08-24,0,102
Bouillon,84010,2020-08-25,0,102
Bouillon,84010,2020-08-26,0,102
Bouillon,84010,2020-08-27,0,102
Bouillon,84010,2020-08-28,0,102
Bouillon,84010,2020-08-29,0,102
Bouillon,84010,2020-08-30,0,102
Bouillon,84010,2020-08-31,0,102
Bouillon,84010,2020-09-01,0,102
Bouillon,84010,2020-09-02,0,102
Bouillon,84010,2020-09-03,0,102
Bouillon,84010,2020-09-04,1,103
Bouillon,84010,2020-09-05,0,103
Bouillon,84010,2020-09-06,0,103
Bouillon,84010,2020-09-07,0,103
Bouillon,84010,2020-09-08,0,103
Bouillon,84010,2020-09-09,0,103
Bouillon,84010,2020-09-10,0,103
Bouillon,84010,2020-09-11,0,103
Bouillon,84010,2020-09-12,0,103
Bouillon,84010,2020-09-13,0,103
Bouillon,84010,2020-09-14,0,103
Bouillon,84010,2020-09-15,0,103
Bouillon,84010,2020-09-16,0,103
Bouillon,84010,2020-09-17,3,106
Bouillon,84010,2020-09-18,1,107
Bouillon,84010,2020-09-19,0,107
Bouillon,84010,2020-09-20,0,107
Bouillon,84010,2020-09-21,0,107
Bouillon,84010,2020-09-22,0,107
Bouillon,84010,2020-09-23,0,107
Bouillon,84010,2020-09-24,0,107
Bouillon,84010,2020-09-25,0,107
Bouillon,84010,2020-09-26,2,109
Bouillon,84010,2020-09-27,0,109
Bouillon,84010,2020-09-28,1,110
Bouillon,84010,2020-09-29,0,110
Bouillon,84010,2020-09-30,0,110
Bouillon,84010,2020-10-01,0,110
Bouillon,84010,2020-10-02,0,110
Bouillon,84010,2020-10-03,3,113
Bouillon,84010,2020-10-04,1,114
Bouillon,84010,2020-10-05,1,115
Bouillon,84010,2020-10-06,3,118
Bouillon,84010,2020-10-07,0,118
Bouillon,84010,2020-10-08,0,118
Bouillon,84010,2020-10-09,1,119
Bouillon,84010,2020-10-10,0,119
Bouillon,84010,2020-10-11,1,120
Bouillon,84010,2020-10-12,12,132
Bouillon,84010,2020-10-13,1,133
Bouillon,84010,2020-10-14,0,133
Bouillon,84010,2020-10-15,2,135
Bouillon,84010,2020-10-16,4,139
Bouillon,84010,2020-10-17,1,140
Bouillon,84010,2020-10-18,2,142
Bouillon,84010,2020-10-19,6,148
Bouillon,84010,2020-10-20,1,149
Bouillon,84010,2020-10-21,2,151
Bouillon,84010,2020-10-22,6,157
Bouillon,84010,2020-10-23,6,163
Bouillon,84010,2020-10-24,4,167
Bouillon,84010,2020-10-25,6,173
Bouillon,84010,2020-10-26,2,175
Bouillon,84010,2020-10-27,0,175
Bouillon,84010,2020-10-28,2,177
Bouillon,84010,2020-10-29,0,177
Bouillon,84010,2020-10-30,10,187
Bouillon,84010,2020-10-31,23,210
Bouillon,84010,2020-11-01,13,223
Bouillon,84010,2020-11-02,4,227
Bouillon,84010,2020-11-03,0,227
Bouillon,84010,2020-11-04,-3,224
Bouillon,84010,2020-11-05,7,231
Bouillon,84010,2020-11-06,6,237
Bouillon,84010,2020-11-07,5,242
Bouillon,84010,2020-11-08,9,251
Bouillon,84010,2020-11-09,4,255
Bouillon,84010,2020-11-10,0,255
Bouillon,84010,2020-11-11,1,256
Daverdisse,84016,2020-04-01,0,0
Daverdisse,84016,2020-04-02,0,0
Daverdisse,84016,2020-04-03,0,0
Daverdisse,84016,2020-04-04,0,0
Daverdisse,84016,2020-04-05,5,5
Daverdisse,84016,2020-04-06,0,5
Daverdisse,84016,2020-04-07,0,5
Daverdisse,84016,2020-04-08,1,6
Daverdisse,84016,2020-04-09,0,6
Daverdisse,84016,2020-04-10,0,6
Daverdisse,84016,2020-04-11,0,6
Daverdisse,84016,2020-04-12,0,6
Daverdisse,84016,2020-04-13,0,6
Daverdisse,84016,2020-04-14,0,6
Daverdisse,84016,2020-04-15,0,6
Daverdisse,84016,2020-04-16,0,6
Daverdisse,84016,2020-04-17,1,7
Daverdisse,84016,2020-04-18,0,7
Daverdisse,84016,2020-04-19,0,7
Daverdisse,84016,2020-04-20,0,7
Daverdisse,84016,2020-04-21,0,7
Daverdisse,84016,2020-04-22,0,7
Daverdisse,84016,2020-04-23,0,7
Daverdisse,84016,2020-04-24,0,7
Daverdisse,84016,2020-04-25,0,7
Daverdisse,84016,2020-04-26,0,7
Daverdisse,84016,2020-04-27,0,7
Daverdisse,84016,2020-04-28,0,7
Daverdisse,84016,2020-04-29,0,7
Daverdisse,84016,2020-04-30,0,7
Daverdisse,84016,2020-05-01,0,7
Daverdisse,84016,2020-05-02,0,7
Daverdisse,84016,2020-05-03,0,7
Daverdisse,84016,2020-05-04,0,7
Daverdisse,84016,2020-05-05,0,7
Daverdisse,84016,2020-05-06,0,7
Daverdisse,84016,2020-05-07,1,8
Daverdisse,84016,2020-05-08,0,8
Daverdisse,84016,2020-05-09,0,8
Daverdisse,84016,2020-05-10,0,8
Daverdisse,84016,2020-05-11,0,8
Daverdisse,84016,2020-05-12,0,8
Daverdisse,84016,2020-05-13,0,8
Daverdisse,84016,2020-05-14,0,8
Daverdisse,84016,2020-05-15,0,8
Daverdisse,84016,2020-05-16,0,8
Daverdisse,84016,2020-05-17,0,8
Daverdisse,84016,2020-05-18,0,8
Daverdisse,84016,2020-05-19,0,8
Daverdisse,84016,2020-05-20,0,8
Daverdisse,84016,2020-05-21,0,8
Daverdisse,84016,2020-05-22,0,8
Daverdisse,84016,2020-05-23,0,8
Daverdisse,84016,2020-05-24,0,8
Daverdisse,84016,2020-05-25,0,8
Daverdisse,84016,2020-05-26,0,8
Daverdisse,84016,2020-05-27,0,8
Daverdisse,84016,2020-05-28,0,8
Daverdisse,84016,2020-05-29,0,8
Daverdisse,84016,2020-05-30,0,8
Daverdisse,84016,2020-05-31,0,8
Daverdisse,84016,2020-06-01,0,8
Daverdisse,84016,2020-06-02,0,8
Daverdisse,84016,2020-06-03,0,8
Daverdisse,84016,2020-06-04,0,8
Daverdisse,84016,2020-06-05,0,8
Daverdisse,84016,2020-06-06,0,8
Daverdisse,84016,2020-06-07,0,8
Daverdisse,84016,2020-06-08,0,8
Daverdisse,84016,2020-06-09,0,8
Daverdisse,84016,2020-06-10,0,8
Daverdisse,84016,2020-06-11,0,8
Daverdisse,84016,2020-06-12,0,8
Daverdisse,84016,2020-06-13,0,8
Daverdisse,84016,2020-06-14,0,8
Daverdisse,84016,2020-06-15,0,8
Daverdisse,84016,2020-06-16,0,8
Daverdisse,84016,2020-06-17,0,8
Daverdisse,84016,2020-06-18,0,8
Daverdisse,84016,2020-06-19,0,8
Daverdisse,84016,2020-06-20,0,8
Daverdisse,84016,2020-06-23,0,8
Daverdisse,84016,2020-06-24,0,8
Daverdisse,84016,2020-06-25,0,8
Daverdisse,84016,2020-06-26,0,8
Daverdisse,84016,2020-06-27,0,8
Daverdisse,84016,2020-06-30,0,8
Daverdisse,84016,2020-07-01,0,8
Daverdisse,84016,2020-07-02,0,8
Daverdisse,84016,2020-07-03,0,8
Daverdisse,84016,2020-07-04,0,8
Daverdisse,84016,2020-07-07,0,8
Daverdisse,84016,2020-07-08,0,8
Daverdisse,84016,2020-07-09,0,8
Daverdisse,84016,2020-07-10,0,8
Daverdisse,84016,2020-07-11,0,8
Daverdisse,84016,2020-07-14,0,8
Daverdisse,84016,2020-07-15,0,8
Daverdisse,84016,2020-07-16,0,8
Daverdisse,84016,2020-07-17,0,8
Daverdisse,84016,2020-07-18,0,8
Daverdisse,84016,2020-07-20,0,8
Daverdisse,84016,2020-07-21,0,8
Daverdisse,84016,2020-07-22,0,8
Daverdisse,84016,2020-07-23,0,8
Daverdisse,84016,2020-07-24,0,8
Daverdisse,84016,2020-07-25,0,8
Daverdisse,84016,2020-07-26,0,8
Daverdisse,84016,2020-07-27,0,8
Daverdisse,84016,2020-07-28,0,8
Daverdisse,84016,2020-07-29,0,8
Daverdisse,84016,2020-07-30,0,8
Daverdisse,84016,2020-07-31,0,8
Daverdisse,84016,2020-08-01,0,8
Daverdisse,84016,2020-08-02,0,8
Daverdisse,84016,2020-08-03,0,8
Daverdisse,84016,2020-08-04,0,8
Daverdisse,84016,2020-08-05,0,8
Daverdisse,84016,2020-08-06,0,8
Daverdisse,84016,2020-08-07,0,8
Daverdisse,84016,2020-08-08,0,8
Daverdisse,84016,2020-08-09,0,8
Daverdisse,84016,2020-08-10,0,8
Daverdisse,84016,2020-08-11,0,8
Daverdisse,84016,2020-08-12,0,8
Daverdisse,84016,2020-08-13,1,9
Daverdisse,84016,2020-08-14,0,9
Daverdisse,84016,2020-08-15,0,9
Daverdisse,84016,2020-08-16,0,9
Daverdisse,84016,2020-08-17,0,9
Daverdisse,84016,2020-08-18,0,9
Daverdisse,84016,2020-08-19,0,9
Daverdisse,84016,2020-08-20,0,9
Daverdisse,84016,2020-08-21,0,9
Daverdisse,84016,2020-08-22,0,9
Daverdisse,84016,2020-08-23,0,9
Daverdisse,84016,2020-08-24,0,9
Daverdisse,84016,2020-08-25,0,9
Daverdisse,84016,2020-08-26,0,9
Daverdisse,84016,2020-08-27,0,9
Daverdisse,84016,2020-08-28,0,9
Daverdisse,84016,2020-08-29,0,9
Daverdisse,84016,2020-08-30,0,9
Daverdisse,84016,2020-08-31,0,9
Daverdisse,84016,2020-09-01,0,9
Daverdisse,84016,2020-09-02,0,9
Daverdisse,84016,2020-09-03,0,9
Daverdisse,84016,2020-09-04,0,9
Daverdisse,84016,2020-09-05,0,9
Daverdisse,84016,2020-09-06,0,9
Daverdisse,84016,2020-09-07,0,9
Daverdisse,84016,2020-09-08,0,9
Daverdisse,84016,2020-09-09,0,9
Daverdisse,84016,2020-09-10,0,9
Daverdisse,84016,2020-09-11,0,9
Daverdisse,84016,2020-09-12,0,9
Daverdisse,84016,2020-09-13,0,9
Daverdisse,84016,2020-09-14,0,9
Daverdisse,84016,2020-09-15,0,9
Daverdisse,84016,2020-09-16,0,9
Daverdisse,84016,2020-09-17,0,9
Daverdisse,84016,2020-09-18,2,11
Daverdisse,84016,2020-09-19,0,11
Daverdisse,84016,2020-09-20,0,11
Daverdisse,84016,2020-09-21,0,11
Daverdisse,84016,2020-09-22,0,11
Daverdisse,84016,2020-09-23,0,11
Daverdisse,84016,2020-09-24,0,11
Daverdisse,84016,2020-09-25,0,11
Daverdisse,84016,2020-09-26,0,11
Daverdisse,84016,2020-09-27,0,11
Daverdisse,84016,2020-09-28,0,11
Daverdisse,84016,2020-09-29,0,11
Daverdisse,84016,2020-09-30,1,12
Daverdisse,84016,2020-10-01,0,12
Daverdisse,84016,2020-10-02,3,15
Daverdisse,84016,2020-10-03,0,15
Daverdisse,84016,2020-10-04,1,16
Daverdisse,84016,2020-10-05,1,17
Daverdisse,84016,2020-10-06,0,17
Daverdisse,84016,2020-10-07,0,17
Daverdisse,84016,2020-10-08,0,17
Daverdisse,84016,2020-10-09,0,17
Daverdisse,84016,2020-10-10,0,17
Daverdisse,84016,2020-10-11,1,18
Daverdisse,84016,2020-10-12,2,20
Daverdisse,84016,2020-10-13,1,21
Daverdisse,84016,2020-10-14,0,21
Daverdisse,84016,2020-10-15,1,22
Daverdisse,84016,2020-10-16,0,22
Daverdisse,84016,2020-10-17,2,24
Daverdisse,84016,2020-10-18,0,24
Daverdisse,84016,2020-10-19,2,26
Daverdisse,84016,2020-10-20,1,27
Daverdisse,84016,2020-10-21,1,28
Daverdisse,84016,2020-10-22,1,29
Daverdisse,84016,2020-10-23,4,33
Daverdisse,84016,2020-10-24,2,35
Daverdisse,84016,2020-10-25,2,37
Daverdisse,84016,2020-10-26,1,38
Daverdisse,84016,2020-10-27,1,39
Daverdisse,84016,2020-10-28,2,41
Daverdisse,84016,2020-10-29,3,44
Daverdisse,84016,2020-10-30,3,47
Daverdisse,84016,2020-10-31,2,49
Daverdisse,84016,2020-11-01,4,53
Daverdisse,84016,2020-11-02,1,54
Daverdisse,84016,2020-11-03,0,54
Daverdisse,84016,2020-11-04,0,54
Daverdisse,84016,2020-11-05,2,56
Daverdisse,84016,2020-11-06,0,56
Daverdisse,84016,2020-11-07,0,56
Daverdisse,84016,2020-11-08,2,58
Daverdisse,84016,2020-11-09,0,58
Daverdisse,84016,2020-11-10,0,58
Daverdisse,84016,2020-11-11,0,58
Léglise,84033,2020-04-01,1,8
Léglise,84033,2020-04-02,1,9
Léglise,84033,2020-04-03,0,9
Léglise,84033,2020-04-04,0,9
Léglise,84033,2020-04-05,2,11
Léglise,84033,2020-04-06,0,11
Léglise,84033,2020-04-07,0,11
Léglise,84033,2020-04-08,0,11
Léglise,84033,2020-04-09,0,11
Léglise,84033,2020-04-10,1,12
Léglise,84033,2020-04-11,0,12
Léglise,84033,2020-04-12,0,12
Léglise,84033,2020-04-13,1,13
Léglise,84033,2020-04-14,1,14
Léglise,84033,2020-04-15,0,14
Léglise,84033,2020-04-16,1,15
Léglise,84033,2020-04-17,2,17
Léglise,84033,2020-04-18,0,17
Léglise,84033,2020-04-19,0,17
Léglise,84033,2020-04-20,1,18
Léglise,84033,2020-04-21,0,18
Léglise,84033,2020-04-22,0,18
Léglise,84033,2020-04-23,0,18
Léglise,84033,2020-04-24,0,18
Léglise,84033,2020-04-25,0,18
Léglise,84033,2020-04-26,0,18
Léglise,84033,2020-04-27,0,18
Léglise,84033,2020-04-28,0,18
Léglise,84033,2020-04-29,0,18
Léglise,84033,2020-04-30,0,18
Léglise,84033,2020-05-01,0,18
Léglise,84033,2020-05-02,0,18
Léglise,84033,2020-05-03,0,18
Léglise,84033,2020-05-04,0,18
Léglise,84033,2020-05-05,0,18
Léglise,84033,2020-05-06,0,18
Léglise,84033,2020-05-07,0,18
Léglise,84033,2020-05-08,0,18
Léglise,84033,2020-05-09,0,18
Léglise,84033,2020-05-10,0,18
Léglise,84033,2020-05-11,0,18
Léglise,84033,2020-05-12,0,18
Léglise,84033,2020-05-13,0,18
Léglise,84033,2020-05-14,0,18
Léglise,84033,2020-05-15,0,18
Léglise,84033,2020-05-16,0,18
Léglise,84033,2020-05-17,0,18
Léglise,84033,2020-05-18,0,18
Léglise,84033,2020-05-19,0,18
Léglise,84033,2020-05-20,0,18
Léglise,84033,2020-05-21,0,18
Léglise,84033,2020-05-22,0,18
Léglise,84033,2020-05-23,0,18
Léglise,84033,2020-05-24,0,18
Léglise,84033,2020-05-25,1,19
Léglise,84033,2020-05-26,0,19
Léglise,84033,2020-05-27,0,19
Léglise,84033,2020-05-28,0,19
Léglise,84033,2020-05-29,0,19
Léglise,84033,2020-05-30,0,19
Léglise,84033,2020-05-31,0,19
Léglise,84033,2020-06-01,0,19
Léglise,84033,2020-06-02,0,19
Léglise,84033,2020-06-03,0,19
Léglise,84033,2020-06-04,0,19
Léglise,84033,2020-06-05,0,19
Léglise,84033,2020-06-06,0,19
Léglise,84033,2020-06-07,0,19
Léglise,84033,2020-06-08,0,19
Léglise,84033,2020-06-09,0,19
Léglise,84033,2020-06-10,0,19
Léglise,84033,2020-06-11,0,19
Léglise,84033,2020-06-12,0,19
Léglise,84033,2020-06-13,0,19
Léglise,84033,2020-06-14,0,19
Léglise,84033,2020-06-15,0,19
Léglise,84033,2020-06-16,0,19
Léglise,84033,2020-06-17,0,19
Léglise,84033,2020-06-18,0,19
Léglise,84033,2020-06-19,0,19
Léglise,84033,2020-06-20,0,19
Léglise,84033,2020-06-23,0,19
Léglise,84033,2020-06-24,0,19
Léglise,84033,2020-06-25,0,19
Léglise,84033,2020-06-26,1,20
Léglise,84033,2020-06-27,0,20
Léglise,84033,2020-06-30,0,20
Léglise,84033,2020-07-01,0,20
Léglise,84033,2020-07-02,0,20
Léglise,84033,2020-07-03,0,20
Léglise,84033,2020-07-04,0,20
Léglise,84033,2020-07-07,0,20
Léglise,84033,2020-07-08,0,20
Léglise,84033,2020-07-09,0,20
Léglise,84033,2020-07-10,0,20
Léglise,84033,2020-07-11,0,20
Léglise,84033,2020-07-14,1,21
Léglise,84033,2020-07-15,0,21
Léglise,84033,2020-07-16,0,21
Léglise,84033,2020-07-17,1,22
Léglise,84033,2020-07-18,0,22
Léglise,84033,2020-07-20,0,22
Léglise,84033,2020-07-21,0,22
Léglise,84033,2020-07-22,0,22
Léglise,84033,2020-07-23,0,22
Léglise,84033,2020-07-24,0,22
Léglise,84033,2020-07-25,0,22
Léglise,84033,2020-07-26,0,22
Léglise,84033,2020-07-27,0,22
Léglise,84033,2020-07-28,0,22
Léglise,84033,2020-07-29,0,22
Léglise,84033,2020-07-30,0,22
Léglise,84033,2020-07-31,0,22
Léglise,84033,2020-08-01,0,22
Léglise,84033,2020-08-02,0,22
Léglise,84033,2020-08-03,0,22
Léglise,84033,2020-08-04,0,22
Léglise,84033,2020-08-05,0,22
Léglise,84033,2020-08-06,0,22
Léglise,84033,2020-08-07,1,23
Léglise,84033,2020-08-08,0,23
Léglise,84033,2020-08-09,1,24
Léglise,84033,2020-08-10,0,24
Léglise,84033,2020-08-11,0,24
Léglise,84033,2020-08-12,0,24
Léglise,84033,2020-08-13,0,24
Léglise,84033,2020-08-14,0,24
Léglise,84033,2020-08-15,1,25
Léglise,84033,2020-08-16,0,25
Léglise,84033,2020-08-17,0,25
Léglise,84033,2020-08-18,0,25
Léglise,84033,2020-08-19,0,25
Léglise,84033,2020-08-20,0,25
Léglise,84033,2020-08-21,0,25
Léglise,84033,2020-08-22,0,25
Léglise,84033,2020-08-23,0,25
Léglise,84033,2020-08-24,0,25
Léglise,84033,2020-08-25,0,25
Léglise,84033,2020-08-26,0,25
Léglise,84033,2020-08-27,0,25
Léglise,84033,2020-08-28,0,25
Léglise,84033,2020-08-29,0,25
Léglise,84033,2020-08-30,0,25
Léglise,84033,2020-08-31,0,25
Léglise,84033,2020-09-01,0,25
Léglise,84033,2020-09-02,0,25
Léglise,84033,2020-09-03,0,25
Léglise,84033,2020-09-04,0,25
Léglise,84033,2020-09-05,0,25
Léglise,84033,2020-09-06,0,25
Léglise,84033,2020-09-07,0,25
Léglise,84033,2020-09-08,0,25
Léglise,84033,2020-09-09,0,25
Léglise,84033,2020-09-10,0,25
Léglise,84033,2020-09-11,0,25
Léglise,84033,2020-09-12,0,25
Léglise,84033,2020-09-13,0,25
Léglise,84033,2020-09-14,0,25
Léglise,84033,2020-09-15,0,25
Léglise,84033,2020-09-16,0,25
Léglise,84033,2020-09-17,4,29
Léglise,84033,2020-09-18,0,29
Léglise,84033,2020-09-19,0,29
Léglise,84033,2020-09-20,0,29
Léglise,84033,2020-09-21,0,29
Léglise,84033,2020-09-22,0,29
Léglise,84033,2020-09-23,0,29
Léglise,84033,2020-09-24,0,29
Léglise,84033,2020-09-25,0,29
Léglise,84033,2020-09-26,7,36
Léglise,84033,2020-09-27,8,44
Léglise,84033,2020-09-28,0,44
Léglise,84033,2020-09-29,3,47
Léglise,84033,2020-09-30,1,48
Léglise,84033,2020-10-01,2,50
Léglise,84033,2020-10-02,1,51
Léglise,84033,2020-10-03,0,51
Léglise,84033,2020-10-04,1,52
Léglise,84033,2020-10-05,0,52
Léglise,84033,2020-10-06,0,52
Léglise,84033,2020-10-07,0,52
Léglise,84033,2020-10-08,2,54
Léglise,84033,2020-10-09,1,55
Léglise,84033,2020-10-10,6,61
Léglise,84033,2020-10-11,6,67
Léglise,84033,2020-10-12,1,68
Léglise,84033,2020-10-13,2,70
Léglise,84033,2020-10-14,6,76
Léglise,84033,2020-10-15,1,77
Léglise,84033,2020-10-16,10,87
Léglise,84033,2020-10-17,3,90
Léglise,84033,2020-10-18,7,97
Léglise,84033,2020-10-19,2,99
Léglise,84033,2020-10-20,1,100
Léglise,84033,2020-10-21,2,102
Léglise,84033,2020-10-22,5,107
Léglise,84033,2020-10-23,9,116
Léglise,84033,2020-10-24,15,131
Léglise,84033,2020-10-25,4,135
Léglise,84033,2020-10-26,2,137
Léglise,84033,2020-10-27,0,137
Léglise,84033,2020-10-28,5,142
Léglise,84033,2020-10-29,5,147
Léglise,84033,2020-10-30,6,153
Léglise,84033,2020-10-31,13,166
Léglise,84033,2020-11-01,11,177
Léglise,84033,2020-11-02,3,180
Léglise,84033,2020-11-03,2,182
Léglise,84033,2020-11-04,-7,175
Léglise,84033,2020-11-05,22,197
Léglise,84033,2020-11-06,3,200
Léglise,84033,2020-11-07,6,206
Léglise,84033,2020-11-08,2,208
Léglise,84033,2020-11-09,5,213
Léglise,84033,2020-11-10,2,215
Léglise,84033,2020-11-11,0,215
Libin,84035,2020-04-01,0,0
Libin,84035,2020-04-02,0,0
Libin,84035,2020-04-03,0,0
Libin,84035,2020-04-04,0,0
Libin,84035,2020-04-05,0,0
Libin,84035,2020-04-06,0,0
Libin,84035,2020-04-07,0,0
Libin,84035,2020-04-08,0,0
Libin,84035,2020-04-09,5,5
Libin,84035,2020-04-10,1,6
Libin,84035,2020-04-11,0,6
Libin,84035,2020-04-12,0,6
Libin,84035,2020-04-13,0,6
Libin,84035,2020-04-14,1,7
Libin,84035,2020-04-15,0,7
Libin,84035,2020-04-16,0,7
Libin,84035,2020-04-17,0,7
Libin,84035,2020-04-18,0,7
Libin,84035,2020-04-19,1,8
Libin,84035,2020-04-20,1,9
Libin,84035,2020-04-21,0,9
Libin,84035,2020-04-22,1,10
Libin,84035,2020-04-23,2,12
Libin,84035,2020-04-24,0,12
Libin,84035,2020-04-25,0,12
Libin,84035,2020-04-26,0,12
Libin,84035,2020-04-27,0,12
Libin,84035,2020-04-28,0,12
Libin,84035,2020-04-29,0,12
Libin,84035,2020-04-30,0,12
Libin,84035,2020-05-01,0,12
Libin,84035,2020-05-02,0,12
Libin,84035,2020-05-03,0,12
Libin,84035,2020-05-04,0,12
Libin,84035,2020-05-05,0,12
Libin,84035,2020-05-06,0,12
Libin,84035,2020-05-07,0,12
Libin,84035,2020-05-08,0,12
Libin,84035,2020-05-09,0,12
Libin,84035,2020-05-10,1,13
Libin,84035,2020-05-11,0,13
Libin,84035,2020-05-12,0,13
Libin,84035,2020-05-13,0,13
Libin,84035,2020-05-14,0,13
Libin,84035,2020-05-15,0,13
Libin,84035,2020-05-16,0,13
Libin,84035,2020-05-17,0,13
Libin,84035,2020-05-18,0,13
Libin,84035,2020-05-19,0,13
Libin,84035,2020-05-20,0,13
Libin,84035,2020-05-21,0,13
Libin,84035,2020-05-22,1,14
Libin,84035,2020-05-23,0,14
Libin,84035,2020-05-24,0,14
Libin,84035,2020-05-25,0,14
Libin,84035,2020-05-26,0,14
Libin,84035,2020-05-27,0,14
Libin,84035,2020-05-28,0,14
Libin,84035,2020-05-29,0,14
Libin,84035,2020-05-30,0,14
Libin,84035,2020-05-31,0,14
Libin,84035,2020-06-01,0,14
Libin,84035,2020-06-02,0,14
Libin,84035,2020-06-03,0,14
Libin,84035,2020-06-04,0,14
Libin,84035,2020-06-05,0,14
Libin,84035,2020-06-06,0,14
Libin,84035,2020-06-07,0,14
Libin,84035,2020-06-08,0,14
Libin,84035,2020-06-09,0,14
Libin,84035,2020-06-10,0,14
Libin,84035,2020-06-11,0,14
Libin,84035,2020-06-12,0,14
Libin,84035,2020-06-13,0,14
Libin,84035,2020-06-14,0,14
Libin,84035,2020-06-15,0,14
Libin,84035,2020-06-16,0,14
Libin,84035,2020-06-17,0,14
Libin,84035,2020-06-18,0,14
Libin,84035,2020-06-19,0,14
Libin,84035,2020-06-20,0,14
Libin,84035,2020-06-23,0,14
Libin,84035,2020-06-24,0,14
Libin,84035,2020-06-25,0,14
Libin,84035,2020-06-26,0,14
Libin,84035,2020-06-27,0,14
Libin,84035,2020-06-30,0,14
Libin,84035,2020-07-01,0,14
Libin,84035,2020-07-02,0,14
Libin,84035,2020-07-03,0,14
Libin,84035,2020-07-04,0,14
Libin,84035,2020-07-07,0,14
Libin,84035,2020-07-08,0,14
Libin,84035,2020-07-09,0,14
Libin,84035,2020-07-10,0,14
Libin,84035,2020-07-11,0,14
Libin,84035,2020-07-14,0,14
Libin,84035,2020-07-15,0,14
Libin,84035,2020-07-16,0,14
Libin,84035,2020-07-17,0,14
Libin,84035,2020-07-18,0,14
Libin,84035,2020-07-20,0,14
Libin,84035,2020-07-21,0,14
Libin,84035,2020-07-22,0,14
Libin,84035,2020-07-23,0,14
Libin,84035,2020-07-24,0,14
Libin,84035,2020-07-25,0,14
Libin,84035,2020-07-26,0,14
Libin,84035,2020-07-27,0,14
Libin,84035,2020-07-28,0,14
Libin,84035,2020-07-29,0,14
Libin,84035,2020-07-30,0,14
Libin,84035,2020-07-31,0,14
Libin,84035,2020-08-01,0,14
Libin,84035,2020-08-02,0,14
Libin,84035,2020-08-03,0,14
Libin,84035,2020-08-04,0,14
Libin,84035,2020-08-05,0,14
Libin,84035,2020-08-06,0,14
Libin,84035,2020-08-07,0,14
Libin,84035,2020-08-08,0,14
Libin,84035,2020-08-09,0,14
Libin,84035,2020-08-10,0,14
Libin,84035,2020-08-11,0,14
Libin,84035,2020-08-12,0,14
Libin,84035,2020-08-13,0,14
Libin,84035,2020-08-14,0,14
Libin,84035,2020-08-15,0,14
Libin,84035,2020-08-16,0,14
Libin,84035,2020-08-17,0,14
Libin,84035,2020-08-18,0,14
Libin,84035,2020-08-19,0,14
Libin,84035,2020-08-20,0,14
Libin,84035,2020-08-21,0,14
Libin,84035,2020-08-22,0,14
Libin,84035,2020-08-23,0,14
Libin,84035,2020-08-24,0,14
Libin,84035,2020-08-25,0,14
Libin,84035,2020-08-26,0,14
Libin,84035,2020-08-27,0,14
Libin,84035,2020-08-28,0,14
Libin,84035,2020-08-29,0,14
Libin,84035,2020-08-30,0,14
Libin,84035,2020-08-31,0,14
Libin,84035,2020-09-01,0,14
Libin,84035,2020-09-02,0,14
Libin,84035,2020-09-03,0,14
Libin,84035,2020-09-04,0,14
Libin,84035,2020-09-05,0,14
Libin,84035,2020-09-06,0,14
Libin,84035,2020-09-07,0,14
Libin,84035,2020-09-08,0,14
Libin,84035,2020-09-09,0,14
Libin,84035,2020-09-10,0,14
Libin,84035,2020-09-11,0,14
Libin,84035,2020-09-12,0,14
Libin,84035,2020-09-13,0,14
Libin,84035,2020-09-14,0,14
Libin,84035,2020-09-15,0,14
Libin,84035,2020-09-16,0,14
Libin,84035,2020-09-17,1,15
Libin,84035,2020-09-18,1,16
Libin,84035,2020-09-19,0,16
Libin,84035,2020-09-20,0,16
Libin,84035,2020-09-21,0,16
Libin,84035,2020-09-22,0,16
Libin,84035,2020-09-23,0,16
Libin,84035,2020-09-24,0,16
Libin,84035,2020-09-25,0,16
Libin,84035,2020-09-26,0,16
Libin,84035,2020-09-27,0,16
Libin,84035,2020-09-28,0,16
Libin,84035,2020-09-29,0,16
Libin,84035,2020-09-30,1,17
Libin,84035,2020-10-01,0,17
Libin,84035,2020-10-02,0,17
Libin,84035,2020-10-03,0,17
Libin,84035,2020-10-04,1,18
Libin,84035,2020-10-05,1,19
Libin,84035,2020-10-06,0,19
Libin,84035,2020-10-07,0,19
Libin,84035,2020-10-08,3,22
Libin,84035,2020-10-09,7,29
Libin,84035,2020-10-10,2,31
Libin,84035,2020-10-11,6,37
Libin,84035,2020-10-12,2,39
Libin,84035,2020-10-13,3,42
Libin,84035,2020-10-14,3,45
Libin,84035,2020-10-15,3,48
Libin,84035,2020-10-16,6,54
Libin,84035,2020-10-17,4,58
Libin,84035,2020-10-18,6,64
Libin,84035,2020-10-19,4,68
Libin,84035,2020-10-20,4,72
Libin,84035,2020-10-21,6,78
Libin,84035,2020-10-22,4,82
Libin,84035,2020-10-23,12,94
Libin,84035,2020-10-24,4,98
Libin,84035,2020-10-25,7,105
Libin,84035,2020-10-26,4,109
Libin,84035,2020-10-27,8,117
Libin,84035,2020-10-28,9,126
Libin,84035,2020-10-29,7,133
Libin,84035,2020-10-30,16,149
Libin,84035,2020-10-31,33,182
Libin,84035,2020-11-01,15,197
Libin,84035,2020-11-02,5,202
Libin,84035,2020-11-03,1,203
Libin,84035,2020-11-04,7,210
Libin,84035,2020-11-05,9,219
Libin,84035,2020-11-06,6,225
Libin,84035,2020-11-07,6,231
Libin,84035,2020-11-08,0,231
Libin,84035,2020-11-09,3,234
Libin,84035,2020-11-10,2,236
Libin,84035,2020-11-11,3,239
Neufchâteau (Neufchâteau),84043,2020-04-01,1,14
Neufchâteau (Neufchâteau),84043,2020-04-02,5,19
Neufchâteau (Neufchâteau),84043,2020-04-03,2,21
Neufchâteau (Neufchâteau),84043,2020-04-04,6,27
Neufchâteau (Neufchâteau),84043,2020-04-05,1,28
Neufchâteau (Neufchâteau),84043,2020-04-06,1,29
Neufchâteau (Neufchâteau),84043,2020-04-07,0,29
Neufchâteau (Neufchâteau),84043,2020-04-08,0,29
Neufchâteau (Neufchâteau),84043,2020-04-09,3,32
Neufchâteau (Neufchâteau),84043,2020-04-10,1,33
Neufchâteau (Neufchâteau),84043,2020-04-11,0,33
Neufchâteau (Neufchâteau),84043,2020-04-12,1,34
Neufchâteau (Neufchâteau),84043,2020-04-13,2,36
Neufchâteau (Neufchâteau),84043,2020-04-14,4,40
Neufchâteau (Neufchâteau),84043,2020-04-15,0,40
Neufchâteau (Neufchâteau),84043,2020-04-16,0,40
Neufchâteau (Neufchâteau),84043,2020-04-17,0,40
Neufchâteau (Neufchâteau),84043,2020-04-18,1,41
Neufchâteau (Neufchâteau),84043,2020-04-19,6,47
Neufchâteau (Neufchâteau),84043,2020-04-20,2,49
Neufchâteau (Neufchâteau),84043,2020-04-21,0,49
Neufchâteau (Neufchâteau),84043,2020-04-22,3,52
Neufchâteau (Neufchâteau),84043,2020-04-23,2,54
Neufchâteau (Neufchâteau),84043,2020-04-24,1,55
Neufchâteau (Neufchâteau),84043,2020-04-25,1,56
Neufchâteau (Neufchâteau),84043,2020-04-26,0,56
Neufchâteau (Neufchâteau),84043,2020-04-27,0,56
Neufchâteau (Neufchâteau),84043,2020-04-28,2,58
Neufchâteau (Neufchâteau),84043,2020-04-29,0,58
Neufchâteau (Neufchâteau),84043,2020-04-30,0,58
Neufchâteau (Neufchâteau),84043,2020-05-01,1,59
Neufchâteau (Neufchâteau),84043,2020-05-02,0,59
Neufchâteau (Neufchâteau),84043,2020-05-03,0,59
Neufchâteau (Neufchâteau),84043,2020-05-04,0,59
Neufchâteau (Neufchâteau),84043,2020-05-05,0,59
Neufchâteau (Neufchâteau),84043,2020-05-06,0,59
Neufchâteau (Neufchâteau),84043,2020-05-07,1,60
Neufchâteau (Neufchâteau),84043,2020-05-08,1,61
Neufchâteau (Neufchâteau),84043,2020-05-09,0,61
Neufchâteau (Neufchâteau),84043,2020-05-10,2,63
Neufchâteau (Neufchâteau),84043,2020-05-11,1,64
Neufchâteau (Neufchâteau),84043,2020-05-12,0,64
Neufchâteau (Neufchâteau),84043,2020-05-13,0,64
Neufchâteau (Neufchâteau),84043,2020-05-14,1,65
Neufchâteau (Neufchâteau),84043,2020-05-15,3,68
Neufchâteau (Neufchâteau),84043,2020-05-16,0,68
Neufchâteau (Neufchâteau),84043,2020-05-17,1,69
Neufchâteau (Neufchâteau),84043,2020-05-18,0,69
Neufchâteau (Neufchâteau),84043,2020-05-19,0,69
Neufchâteau (Neufchâteau),84043,2020-05-20,0,69
Neufchâteau (Neufchâteau),84043,2020-05-21,0,69
Neufchâteau (Neufchâteau),84043,2020-05-22,1,70
Neufchâteau (Neufchâteau),84043,2020-05-23,2,72
Neufchâteau (Neufchâteau),84043,2020-05-24,1,73
Neufchâteau (Neufchâteau),84043,2020-05-25,0,73
Neufchâteau (Neufchâteau),84043,2020-05-26,0,73
Neufchâteau (Neufchâteau),84043,2020-05-27,0,73
Neufchâteau (Neufchâteau),84043,2020-05-28,0,73
Neufchâteau (Neufchâteau),84043,2020-05-29,0,73
Neufchâteau (Neufchâteau),84043,2020-05-30,0,73
Neufchâteau (Neufchâteau),84043,2020-05-31,0,73
Neufchâteau (Neufchâteau),84043,2020-06-01,0,73
Neufchâteau (Neufchâteau),84043,2020-06-02,0,73
Neufchâteau (Neufchâteau),84043,2020-06-03,0,73
Neufchâteau (Neufchâteau),84043,2020-06-04,0,73
Neufchâteau (Neufchâteau),84043,2020-06-05,0,73
Neufchâteau (Neufchâteau),84043,2020-06-06,0,73
Neufchâteau (Neufchâteau),84043,2020-06-07,0,73
Neufchâteau (Neufchâteau),84043,2020-06-08,0,73
Neufchâteau (Neufchâteau),84043,2020-06-09,0,73
Neufchâteau (Neufchâteau),84043,2020-06-10,0,73
Neufchâteau (Neufchâteau),84043,2020-06-11,0,73
Neufchâteau (Neufchâteau),84043,2020-06-12,0,73
Neufchâteau (Neufchâteau),84043,2020-06-13,0,73
Neufchâteau (Neufchâteau),84043,2020-06-14,0,73
Neufchâteau (Neufchâteau),84043,2020-06-15,0,73
Neufchâteau (Neufchâteau),84043,2020-06-16,0,73
Neufchâteau (Neufchâteau),84043,2020-06-17,0,73
Neufchâteau (Neufchâteau),84043,2020-06-18,0,73
Neufchâteau (Neufchâteau),84043,2020-06-19,0,73
Neufchâteau (Neufchâteau),84043,2020-06-20,0,73
Neufchâteau (Neufchâteau),84043,2020-06-23,0,73
Neufchâteau (Neufchâteau),84043,2020-06-24,0,73
Neufchâteau (Neufchâteau),84043,2020-06-25,0,73
Neufchâteau (Neufchâteau),84043,2020-06-26,0,73
Neufchâteau (Neufchâteau),84043,2020-06-27,0,73
Neufchâteau (Neufchâteau),84043,2020-06-30,0,73
Neufchâteau (Neufchâteau),84043,2020-07-01,0,73
Neufchâteau (Neufchâteau),84043,2020-07-02,0,73
Neufchâteau (Neufchâteau),84043,2020-07-03,0,73
Neufchâteau (Neufchâteau),84043,2020-07-04,0,73
Neufchâteau (Neufchâteau),84043,2020-07-07,0,73
Neufchâteau (Neufchâteau),84043,2020-07-08,0,73
Neufchâteau (Neufchâteau),84043,2020-07-09,0,73
Neufchâteau (Neufchâteau),84043,2020-07-10,0,73
Neufchâteau (Neufchâteau),84043,2020-07-11,0,73
Neufchâteau (Neufchâteau),84043,2020-07-14,0,73
Neufchâteau (Neufchâteau),84043,2020-07-15,0,73
Neufchâteau (Neufchâteau),84043,2020-07-16,0,73
Neufchâteau (Neufchâteau),84043,2020-07-17,0,73
Neufchâteau (Neufchâteau),84043,2020-07-18,1,74
Neufchâteau (Neufchâteau),84043,2020-07-20,0,74
Neufchâteau (Neufchâteau),84043,2020-07-21,0,74
Neufchâteau (Neufchâteau),84043,2020-07-22,0,74
Neufchâteau (Neufchâteau),84043,2020-07-23,2,76
Neufchâteau (Neufchâteau),84043,2020-07-24,0,76
Neufchâteau (Neufchâteau),84043,2020-07-25,0,76
Neufchâteau (Neufchâteau),84043,2020-07-26,0,76
Neufchâteau (Neufchâteau),84043,2020-07-27,0,76
Neufchâteau (Neufchâteau),84043,2020-07-28,0,76
Neufchâteau (Neufchâteau),84043,2020-07-29,0,76
Neufchâteau (Neufchâteau),84043,2020-07-30,0,76
Neufchâteau (Neufchâteau),84043,2020-07-31,0,76
Neufchâteau (Neufchâteau),84043,2020-08-01,0,76
Neufchâteau (Neufchâteau),84043,2020-08-02,0,76
Neufchâteau (Neufchâteau),84043,2020-08-03,0,76
Neufchâteau (Neufchâteau),84043,2020-08-04,0,76
Neufchâteau (Neufchâteau),84043,2020-08-05,0,76
Neufchâteau (Neufchâteau),84043,2020-08-06,0,76
Neufchâteau (Neufchâteau),84043,2020-08-07,0,76
Neufchâteau (Neufchâteau),84043,2020-08-08,0,76
Neufchâteau (Neufchâteau),84043,2020-08-09,0,76
Neufchâteau (Neufchâteau),84043,2020-08-10,0,76
Neufchâteau (Neufchâteau),84043,2020-08-11,0,76
Neufchâteau (Neufchâteau),84043,2020-08-12,0,76
Neufchâteau (Neufchâteau),84043,2020-08-13,0,76
Neufchâteau (Neufchâteau),84043,2020-08-14,0,76
Neufchâteau (Neufchâteau),84043,2020-08-15,0,76
Neufchâteau (Neufchâteau),84043,2020-08-16,0,76
Neufchâteau (Neufchâteau),84043,2020-08-17,0,76
Neufchâteau (Neufchâteau),84043,2020-08-18,0,76
Neufchâteau (Neufchâteau),84043,2020-08-19,0,76
Neufchâteau (Neufchâteau),84043,2020-08-20,0,76
Neufchâteau (Neufchâteau),84043,2020-08-21,0,76
Neufchâteau (Neufchâteau),84043,2020-08-22,1,77
Neufchâteau (Neufchâteau),84043,2020-08-23,0,77
Neufchâteau (Neufchâteau),84043,2020-08-24,0,77
Neufchâteau (Neufchâteau),84043,2020-08-25,0,77
Neufchâteau (Neufchâteau),84043,2020-08-26,0,77
Neufchâteau (Neufchâteau),84043,2020-08-27,0,77
Neufchâteau (Neufchâteau),84043,2020-08-28,0,77
Neufchâteau (Neufchâteau),84043,2020-08-29,0,77
Neufchâteau (Neufchâteau),84043,2020-08-30,0,77
Neufchâteau (Neufchâteau),84043,2020-08-31,0,77
Neufchâteau (Neufchâteau),84043,2020-09-01,0,77
Neufchâteau (Neufchâteau),84043,2020-09-02,0,77
Neufchâteau (Neufchâteau),84043,2020-09-03,0,77
Neufchâteau (Neufchâteau),84043,2020-09-04,1,78
Neufchâteau (Neufchâteau),84043,2020-09-05,0,78
Neufchâteau (Neufchâteau),84043,2020-09-06,0,78
Neufchâteau (Neufchâteau),84043,2020-09-07,0,78
Neufchâteau (Neufchâteau),84043,2020-09-08,0,78
Neufchâteau (Neufchâteau),84043,2020-09-09,0,78
Neufchâteau (Neufchâteau),84043,2020-09-10,0,78
Neufchâteau (Neufchâteau),84043,2020-09-11,0,78
Neufchâteau (Neufchâteau),84043,2020-09-12,0,78
Neufchâteau (Neufchâteau),84043,2020-09-13,1,79
Neufchâteau (Neufchâteau),84043,2020-09-14,0,79
Neufchâteau (Neufchâteau),84043,2020-09-15,0,79
Neufchâteau (Neufchâteau),84043,2020-09-16,0,79
Neufchâteau (Neufchâteau),84043,2020-09-17,6,85
Neufchâteau (Neufchâteau),84043,2020-09-18,2,87
Neufchâteau (Neufchâteau),84043,2020-09-19,0,87
Neufchâteau (Neufchâteau),84043,2020-09-20,1,88
Neufchâteau (Neufchâteau),84043,2020-09-21,0,88
Neufchâteau (Neufchâteau),84043,2020-09-22,0,88
Neufchâteau (Neufchâteau),84043,2020-09-23,1,89
Neufchâteau (Neufchâteau),84043,2020-09-24,1,90
Neufchâteau (Neufchâteau),84043,2020-09-25,0,90
Neufchâteau (Neufchâteau),84043,2020-09-26,0,90
Neufchâteau (Neufchâteau),84043,2020-09-27,0,90
Neufchâteau (Neufchâteau),84043,2020-09-28,1,91
Neufchâteau (Neufchâteau),84043,2020-09-29,0,91
Neufchâteau (Neufchâteau),84043,2020-09-30,1,92
Neufchâteau (Neufchâteau),84043,2020-10-01,1,93
Neufchâteau (Neufchâteau),84043,2020-10-02,4,97
Neufchâteau (Neufchâteau),84043,2020-10-03,0,97
Neufchâteau (Neufchâteau),84043,2020-10-04,0,97
Neufchâteau (Neufchâteau),84043,2020-10-05,2,99
Neufchâteau (Neufchâteau),84043,2020-10-06,0,99
Neufchâteau (Neufchâteau),84043,2020-10-07,1,100
Neufchâteau (Neufchâteau),84043,2020-10-08,1,101
Neufchâteau (Neufchâteau),84043,2020-10-09,3,104
Neufchâteau (Neufchâteau),84043,2020-10-10,3,107
Neufchâteau (Neufchâteau),84043,2020-10-11,6,113
Neufchâteau (Neufchâteau),84043,2020-10-12,2,115
Neufchâteau (Neufchâteau),84043,2020-10-13,4,119
Neufchâteau (Neufchâteau),84043,2020-10-14,5,124
Neufchâteau (Neufchâteau),84043,2020-10-15,5,129
Neufchâteau (Neufchâteau),84043,2020-10-16,4,133
Neufchâteau (Neufchâteau),84043,2020-10-17,8,141
Neufchâteau (Neufchâteau),84043,2020-10-18,5,146
Neufchâteau (Neufchâteau),84043,2020-10-19,4,150
Neufchâteau (Neufchâteau),84043,2020-10-20,4,154
Neufchâteau (Neufchâteau),84043,2020-10-21,4,158
Neufchâteau (Neufchâteau),84043,2020-10-22,11,169
Neufchâteau (Neufchâteau),84043,2020-10-23,17,186
Neufchâteau (Neufchâteau),84043,2020-10-24,25,211
Neufchâteau (Neufchâteau),84043,2020-10-25,7,218
Neufchâteau (Neufchâteau),84043,2020-10-26,7,225
Neufchâteau (Neufchâteau),84043,2020-10-27,9,234
Neufchâteau (Neufchâteau),84043,2020-10-28,14,248
Neufchâteau (Neufchâteau),84043,2020-10-29,5,253
Neufchâteau (Neufchâteau),84043,2020-10-30,28,281
Neufchâteau (Neufchâteau),84043,2020-10-31,33,314
Neufchâteau (Neufchâteau),84043,2020-11-01,18,332
Neufchâteau (Neufchâteau),84043,2020-11-02,11,343
Neufchâteau (Neufchâteau),84043,2020-11-03,2,345
Neufchâteau (Neufchâteau),84043,2020-11-04,-6,339
Neufchâteau (Neufchâteau),84043,2020-11-05,27,366
Neufchâteau (Neufchâteau),84043,2020-11-06,5,371
Neufchâteau (Neufchâteau),84043,2020-11-07,13,384
Neufchâteau (Neufchâteau),84043,2020-11-08,8,392
Neufchâteau (Neufchâteau),84043,2020-11-09,9,401
Neufchâteau (Neufchâteau),84043,2020-11-10,2,403
Neufchâteau (Neufchâteau),84043,2020-11-11,12,415
Paliseul,84050,2020-04-01,0,10
Paliseul,84050,2020-04-02,2,12
Paliseul,84050,2020-04-03,1,13
Paliseul,84050,2020-04-04,2,15
Paliseul,84050,2020-04-05,1,16
Paliseul,84050,2020-04-06,1,17
Paliseul,84050,2020-04-07,0,17
Paliseul,84050,2020-04-08,1,18
Paliseul,84050,2020-04-09,2,20
Paliseul,84050,2020-04-10,4,24
Paliseul,84050,2020-04-11,1,25
Paliseul,84050,2020-04-12,0,25
Paliseul,84050,2020-04-13,1,26
Paliseul,84050,2020-04-14,0,26
Paliseul,84050,2020-04-15,0,26
Paliseul,84050,2020-04-16,0,26
Paliseul,84050,2020-04-17,0,26
Paliseul,84050,2020-04-18,1,27
Paliseul,84050,2020-04-19,1,28
Paliseul,84050,2020-04-20,0,28
Paliseul,84050,2020-04-21,1,29
Paliseul,84050,2020-04-22,0,29
Paliseul,84050,2020-04-23,0,29
Paliseul,84050,2020-04-24,0,29
Paliseul,84050,2020-04-25,0,29
Paliseul,84050,2020-04-26,0,29
Paliseul,84050,2020-04-27,0,29
Paliseul,84050,2020-04-28,0,29
Paliseul,84050,2020-04-29,0,29
Paliseul,84050,2020-04-30,0,29
Paliseul,84050,2020-05-01,0,29
Paliseul,84050,2020-05-02,0,29
Paliseul,84050,2020-05-03,0,29
Paliseul,84050,2020-05-04,0,29
Paliseul,84050,2020-05-05,0,29
Paliseul,84050,2020-05-06,0,29
Paliseul,84050,2020-05-07,0,29
Paliseul,84050,2020-05-08,0,29
Paliseul,84050,2020-05-09,0,29
Paliseul,84050,2020-05-10,0,29
Paliseul,84050,2020-05-11,0,29
Paliseul,84050,2020-05-12,0,29
Paliseul,84050,2020-05-13,0,29
Paliseul,84050,2020-05-14,0,29
Paliseul,84050,2020-05-15,0,29
Paliseul,84050,2020-05-16,0,29
Paliseul,84050,2020-05-17,1,30
Paliseul,84050,2020-05-18,0,30
Paliseul,84050,2020-05-19,0,30
Paliseul,84050,2020-05-20,0,30
Paliseul,84050,2020-05-21,0,30
Paliseul,84050,2020-05-22,1,31
Paliseul,84050,2020-05-23,0,31
Paliseul,84050,2020-05-24,0,31
Paliseul,84050,2020-05-25,0,31
Paliseul,84050,2020-05-26,0,31
Paliseul,84050,2020-05-27,0,31
Paliseul,84050,2020-05-28,0,31
Paliseul,84050,2020-05-29,0,31
Paliseul,84050,2020-05-30,0,31
Paliseul,84050,2020-05-31,0,31
Paliseul,84050,2020-06-01,1,32
Paliseul,84050,2020-06-02,0,32
Paliseul,84050,2020-06-03,0,32
Paliseul,84050,2020-06-04,0,32
Paliseul,84050,2020-06-05,0,32
Paliseul,84050,2020-06-06,0,32
Paliseul,84050,2020-06-07,0,32
Paliseul,84050,2020-06-08,0,32
Paliseul,84050,2020-06-09,0,32
Paliseul,84050,2020-06-10,0,32
Paliseul,84050,2020-06-11,0,32
Paliseul,84050,2020-06-12,0,32
Paliseul,84050,2020-06-13,0,32
Paliseul,84050,2020-06-14,0,32
Paliseul,84050,2020-06-15,0,32
Paliseul,84050,2020-06-16,0,32
Paliseul,84050,2020-06-17,0,32
Paliseul,84050,2020-06-18,0,32
Paliseul,84050,2020-06-19,0,32
Paliseul,84050,2020-06-20,0,32
Paliseul,84050,2020-06-23,0,32
Paliseul,84050,2020-06-24,0,32
Paliseul,84050,2020-06-25,0,32
Paliseul,84050,2020-06-26,0,32
Paliseul,84050,2020-06-27,0,32
Paliseul,84050,2020-06-30,0,32
Paliseul,84050,2020-07-01,0,32
Paliseul,84050,2020-07-02,0,32
Paliseul,84050,2020-07-03,0,32
Paliseul,84050,2020-07-04,0,32
Paliseul,84050,2020-07-07,0,32
Paliseul,84050,2020-07-08,0,32
Paliseul,84050,2020-07-09,0,32
Paliseul,84050,2020-07-10,0,32
Paliseul,84050,2020-07-11,0,32
Paliseul,84050,2020-07-14,0,32
Paliseul,84050,2020-07-15,0,32
Paliseul,84050,2020-07-16,0,32
Paliseul,84050,2020-07-17,0,32
Paliseul,84050,2020-07-18,0,32
Paliseul,84050,2020-07-20,0,32
Paliseul,84050,2020-07-21,0,32
Paliseul,84050,2020-07-22,0,32
Paliseul,84050,2020-07-23,0,32
Paliseul,84050,2020-07-24,0,32
Paliseul,84050,2020-07-25,0,32
Paliseul,84050,2020-07-26,0,32
Paliseul,84050,2020-07-27,0,32
Paliseul,84050,2020-07-28,0,32
Paliseul,84050,2020-07-29,0,32
Paliseul,84050,2020-07-30,0,32
Paliseul,84050,2020-07-31,0,32
Paliseul,84050,2020-08-01,0,32
Paliseul,84050,2020-08-02,0,32
Paliseul,84050,2020-08-03,0,32
Paliseul,84050,2020-08-04,1,33
Paliseul,84050,2020-08-05,0,33
Paliseul,84050,2020-08-06,0,33
Paliseul,84050,2020-08-07,0,33
Paliseul,84050,2020-08-08,0,33
Paliseul,84050,2020-08-09,0,33
Paliseul,84050,2020-08-10,0,33
Paliseul,84050,2020-08-11,0,33
Paliseul,84050,2020-08-12,0,33
Paliseul,84050,2020-08-13,0,33
Paliseul,84050,2020-08-14,0,33
Paliseul,84050,2020-08-15,0,33
Paliseul,84050,2020-08-16,0,33
Paliseul,84050,2020-08-17,0,33
Paliseul,84050,2020-08-18,0,33
Paliseul,84050,2020-08-19,0,33
Paliseul,84050,2020-08-20,0,33
Paliseul,84050,2020-08-21,0,33
Paliseul,84050,2020-08-22,0,33
Paliseul,84050,2020-08-23,0,33
Paliseul,84050,2020-08-24,0,33
Paliseul,84050,2020-08-25,0,33
Paliseul,84050,2020-08-26,0,33
Paliseul,84050,2020-08-27,0,33
Paliseul,84050,2020-08-28,0,33
Paliseul,84050,2020-08-29,0,33
Paliseul,84050,2020-08-30,0,33
Paliseul,84050,2020-08-31,0,33
Paliseul,84050,2020-09-01,0,33
Paliseul,84050,2020-09-02,0,33
Paliseul,84050,2020-09-03,0,33
Paliseul,84050,2020-09-04,0,33
Paliseul,84050,2020-09-05,0,33
Paliseul,84050,2020-09-06,0,33
Paliseul,84050,2020-09-07,0,33
Paliseul,84050,2020-09-08,0,33
Paliseul,84050,2020-09-09,0,33
Paliseul,84050,2020-09-10,0,33
Paliseul,84050,2020-09-11,0,33
Paliseul,84050,2020-09-12,0,33
Paliseul,84050,2020-09-13,0,33
Paliseul,84050,2020-09-14,0,33
Paliseul,84050,2020-09-15,0,33
Paliseul,84050,2020-09-16,0,33
Paliseul,84050,2020-09-17,4,37
Paliseul,84050,2020-09-18,0,37
Paliseul,84050,2020-09-19,1,38
Paliseul,84050,2020-09-20,1,39
Paliseul,84050,2020-09-21,0,39
Paliseul,84050,2020-09-22,0,39
Paliseul,84050,2020-09-23,0,39
Paliseul,84050,2020-09-24,0,39
Paliseul,84050,2020-09-25,0,39
Paliseul,84050,2020-09-26,0,39
Paliseul,84050,2020-09-27,0,39
Paliseul,84050,2020-09-28,0,39
Paliseul,84050,2020-09-29,0,39
Paliseul,84050,2020-09-30,2,41
Paliseul,84050,2020-10-01,0,41
Paliseul,84050,2020-10-02,0,41
Paliseul,84050,2020-10-03,2,43
Paliseul,84050,2020-10-04,1,44
Paliseul,84050,2020-10-05,4,48
Paliseul,84050,2020-10-06,0,48
Paliseul,84050,2020-10-07,1,49
Paliseul,84050,2020-10-08,3,52
Paliseul,84050,2020-10-09,1,53
Paliseul,84050,2020-10-10,1,54
Paliseul,84050,2020-10-11,12,66
Paliseul,84050,2020-10-12,6,72
Paliseul,84050,2020-10-13,3,75
Paliseul,84050,2020-10-14,1,76
Paliseul,84050,2020-10-15,4,80
Paliseul,84050,2020-10-16,16,96
Paliseul,84050,2020-10-17,7,103
Paliseul,84050,2020-10-18,4,107
Paliseul,84050,2020-10-19,8,115
Paliseul,84050,2020-10-20,5,120
Paliseul,84050,2020-10-21,5,125
Paliseul,84050,2020-10-22,3,128
Paliseul,84050,2020-10-23,19,147
Paliseul,84050,2020-10-24,3,150
Paliseul,84050,2020-10-25,15,165
Paliseul,84050,2020-10-26,9,174
Paliseul,84050,2020-10-27,2,176
Paliseul,84050,2020-10-28,11,187
Paliseul,84050,2020-10-29,20,207
Paliseul,84050,2020-10-30,18,225
Paliseul,84050,2020-10-31,39,264
Paliseul,84050,2020-11-01,8,272
Paliseul,84050,2020-11-02,17,289
Paliseul,84050,2020-11-03,2,291
Paliseul,84050,2020-11-04,2,293
Paliseul,84050,2020-11-05,13,306
Paliseul,84050,2020-11-06,8,314
Paliseul,84050,2020-11-07,4,318
Paliseul,84050,2020-11-08,5,323
Paliseul,84050,2020-11-09,2,325
Paliseul,84050,2020-11-10,0,325
Paliseul,84050,2020-11-11,6,331
Saint-Hubert,84059,2020-04-01,0,8
Saint-Hubert,84059,2020-04-02,4,12
Saint-Hubert,84059,2020-04-03,0,12
Saint-Hubert,84059,2020-04-04,0,12
Saint-Hubert,84059,2020-04-05,1,13
Saint-Hubert,84059,2020-04-06,0,13
Saint-Hubert,84059,2020-04-07,0,13
Saint-Hubert,84059,2020-04-08,0,13
Saint-Hubert,84059,2020-04-09,0,13
Saint-Hubert,84059,2020-04-10,0,13
Saint-Hubert,84059,2020-04-11,1,14
Saint-Hubert,84059,2020-04-12,1,15
Saint-Hubert,84059,2020-04-13,1,16
Saint-Hubert,84059,2020-04-14,2,18
Saint-Hubert,84059,2020-04-15,0,18
Saint-Hubert,84059,2020-04-16,0,18
Saint-Hubert,84059,2020-04-17,0,18
Saint-Hubert,84059,2020-04-18,0,18
Saint-Hubert,84059,2020-04-19,1,19
Saint-Hubert,84059,2020-04-20,0,19
Saint-Hubert,84059,2020-04-21,0,19
Saint-Hubert,84059,2020-04-22,1,20
Saint-Hubert,84059,2020-04-23,1,21
Saint-Hubert,84059,2020-04-24,0,21
Saint-Hubert,84059,2020-04-25,0,21
Saint-Hubert,84059,2020-04-26,0,21
Saint-Hubert,84059,2020-04-27,0,21
Saint-Hubert,84059,2020-04-28,0,21
Saint-Hubert,84059,2020-04-29,0,21
Saint-Hubert,84059,2020-04-30,0,21
Saint-Hubert,84059,2020-05-01,0,21
Saint-Hubert,84059,2020-05-02,0,21
Saint-Hubert,84059,2020-05-03,0,21
Saint-Hubert,84059,2020-05-04,0,21
Saint-Hubert,84059,2020-05-05,0,21
Saint-Hubert,84059,2020-05-06,0,21
Saint-Hubert,84059,2020-05-07,0,21
Saint-Hubert,84059,2020-05-08,0,21
Saint-Hubert,84059,2020-05-09,0,21
Saint-Hubert,84059,2020-05-10,0,21
Saint-Hubert,84059,2020-05-11,0,21
Saint-Hubert,84059,2020-05-12,0,21
Saint-Hubert,84059,2020-05-13,0,21
Saint-Hubert,84059,2020-05-14,0,21
Saint-Hubert,84059,2020-05-15,0,21
Saint-Hubert,84059,2020-05-16,0,21
Saint-Hubert,84059,2020-05-17,0,21
Saint-Hubert,84059,2020-05-18,0,21
Saint-Hubert,84059,2020-05-19,0,21
Saint-Hubert,84059,2020-05-20,0,21
Saint-Hubert,84059,2020-05-21,0,21
Saint-Hubert,84059,2020-05-22,0,21
Saint-Hubert,84059,2020-05-23,0,21
Saint-Hubert,84059,2020-05-24,0,21
Saint-Hubert,84059,2020-05-25,0,21
Saint-Hubert,84059,2020-05-26,0,21
Saint-Hubert,84059,2020-05-27,0,21
Saint-Hubert,84059,2020-05-28,0,21
Saint-Hubert,84059,2020-05-29,0,21
Saint-Hubert,84059,2020-05-30,0,21
Saint-Hubert,84059,2020-05-31,0,21
Saint-Hubert,84059,2020-06-01,0,21
Saint-Hubert,84059,2020-06-02,0,21
Saint-Hubert,84059,2020-06-03,0,21
Saint-Hubert,84059,2020-06-04,0,21
Saint-Hubert,84059,2020-06-05,0,21
Saint-Hubert,84059,2020-06-06,0,21
Saint-Hubert,84059,2020-06-07,0,21
Saint-Hubert,84059,2020-06-08,0,21
Saint-Hubert,84059,2020-06-09,0,21
Saint-Hubert,84059,2020-06-10,0,21
Saint-Hubert,84059,2020-06-11,0,21
Saint-Hubert,84059,2020-06-12,0,21
Saint-Hubert,84059,2020-06-13,0,21
Saint-Hubert,84059,2020-06-14,0,21
Saint-Hubert,84059,2020-06-15,0,21
Saint-Hubert,84059,2020-06-16,0,21
Saint-Hubert,84059,2020-06-17,0,21
Saint-Hubert,84059,2020-06-18,0,21
Saint-Hubert,84059,2020-06-19,0,21
Saint-Hubert,84059,2020-06-20,0,21
Saint-Hubert,84059,2020-06-23,0,21
Saint-Hubert,84059,2020-06-24,0,21
Saint-Hubert,84059,2020-06-25,0,21
Saint-Hubert,84059,2020-06-26,0,21
Saint-Hubert,84059,2020-06-27,0,21
Saint-Hubert,84059,2020-06-30,0,21
Saint-Hubert,84059,2020-07-01,0,21
Saint-Hubert,84059,2020-07-02,0,21
Saint-Hubert,84059,2020-07-03,0,21
Saint-Hubert,84059,2020-07-04,0,21
Saint-Hubert,84059,2020-07-07,0,21
Saint-Hubert,84059,2020-07-08,0,21
Saint-Hubert,84059,2020-07-09,0,21
Saint-Hubert,84059,2020-07-10,0,21
Saint-Hubert,84059,2020-07-11,0,21
Saint-Hubert,84059,2020-07-14,0,21
Saint-Hubert,84059,2020-07-15,0,21
Saint-Hubert,84059,2020-07-16,0,21
Saint-Hubert,84059,2020-07-17,0,21
Saint-Hubert,84059,2020-07-18,0,21
Saint-Hubert,84059,2020-07-20,0,21
Saint-Hubert,84059,2020-07-21,0,21
Saint-Hubert,84059,2020-07-22,0,21
Saint-Hubert,84059,2020-07-23,0,21
Saint-Hubert,84059,2020-07-24,0,21
Saint-Hubert,84059,2020-07-25,0,21
Saint-Hubert,84059,2020-07-26,0,21
Saint-Hubert,84059,2020-07-27,0,21
Saint-Hubert,84059,2020-07-28,0,21
Saint-Hubert,84059,2020-07-29,0,21
Saint-Hubert,84059,2020-07-30,0,21
Saint-Hubert,84059,2020-07-31,0,21
Saint-Hubert,84059,2020-08-01,0,21
Saint-Hubert,84059,2020-08-02,0,21
Saint-Hubert,84059,2020-08-03,0,21
Saint-Hubert,84059,2020-08-04,0,21
Saint-Hubert,84059,2020-08-05,0,21
Saint-Hubert,84059,2020-08-06,0,21
Saint-Hubert,84059,2020-08-07,0,21
Saint-Hubert,84059,2020-08-08,0,21
Saint-Hubert,84059,2020-08-09,0,21
Saint-Hubert,84059,2020-08-10,0,21
Saint-Hubert,84059,2020-08-11,0,21
Saint-Hubert,84059,2020-08-12,0,21
Saint-Hubert,84059,2020-08-13,0,21
Saint-Hubert,84059,2020-08-14,0,21
Saint-Hubert,84059,2020-08-15,1,22
Saint-Hubert,84059,2020-08-16,0,22
Saint-Hubert,84059,2020-08-17,0,22
Saint-Hubert,84059,2020-08-18,0,22
Saint-Hubert,84059,2020-08-19,0,22
Saint-Hubert,84059,2020-08-20,0,22
Saint-Hubert,84059,2020-08-21,0,22
Saint-Hubert,84059,2020-08-22,0,22
Saint-Hubert,84059,2020-08-23,0,22
Saint-Hubert,84059,2020-08-24,0,22
Saint-Hubert,84059,2020-08-25,0,22
Saint-Hubert,84059,2020-08-26,0,22
Saint-Hubert,84059,2020-08-27,0,22
Saint-Hubert,84059,2020-08-28,0,22
Saint-Hubert,84059,2020-08-29,0,22
Saint-Hubert,84059,2020-08-30,0,22
Saint-Hubert,84059,2020-08-31,0,22
Saint-Hubert,84059,2020-09-01,0,22
Saint-Hubert,84059,2020-09-02,0,22
Saint-Hubert,84059,2020-09-03,0,22
Saint-Hubert,84059,2020-09-04,0,22
Saint-Hubert,84059,2020-09-05,0,22
Saint-Hubert,84059,2020-09-06,0,22
Saint-Hubert,84059,2020-09-07,0,22
Saint-Hubert,84059,2020-09-08,0,22
Saint-Hubert,84059,2020-09-09,0,22
Saint-Hubert,84059,2020-09-10,0,22
Saint-Hubert,84059,2020-09-11,1,23
Saint-Hubert,84059,2020-09-12,0,23
Saint-Hubert,84059,2020-09-13,0,23
Saint-Hubert,84059,2020-09-14,0,23
Saint-Hubert,84059,2020-09-15,0,23
Saint-Hubert,84059,2020-09-16,0,23
Saint-Hubert,84059,2020-09-17,0,23
Saint-Hubert,84059,2020-09-18,0,23
Saint-Hubert,84059,2020-09-19,0,23
Saint-Hubert,84059,2020-09-20,0,23
Saint-Hubert,84059,2020-09-21,1,24
Saint-Hubert,84059,2020-09-22,0,24
Saint-Hubert,84059,2020-09-23,2,26
Saint-Hubert,84059,2020-09-24,0,26
Saint-Hubert,84059,2020-09-25,0,26
Saint-Hubert,84059,2020-09-26,2,28
Saint-Hubert,84059,2020-09-27,0,28
Saint-Hubert,84059,2020-09-28,0,28
Saint-Hubert,84059,2020-09-29,0,28
Saint-Hubert,84059,2020-09-30,1,29
Saint-Hubert,84059,2020-10-01,0,29
Saint-Hubert,84059,2020-10-02,1,30
Saint-Hubert,84059,2020-10-03,0,30
Saint-Hubert,84059,2020-10-04,2,32
Saint-Hubert,84059,2020-10-05,3,35
Saint-Hubert,84059,2020-10-06,2,37
Saint-Hubert,84059,2020-10-07,0,37
Saint-Hubert,84059,2020-10-08,0,37
Saint-Hubert,84059,2020-10-09,3,40
Saint-Hubert,84059,2020-10-10,5,45
Saint-Hubert,84059,2020-10-11,4,49
Saint-Hubert,84059,2020-10-12,3,52
Saint-Hubert,84059,2020-10-13,3,55
Saint-Hubert,84059,2020-10-14,0,55
Saint-Hubert,84059,2020-10-15,5,60
Saint-Hubert,84059,2020-10-16,5,65
Saint-Hubert,84059,2020-10-17,3,68
Saint-Hubert,84059,2020-10-18,2,70
Saint-Hubert,84059,2020-10-19,8,78
Saint-Hubert,84059,2020-10-20,7,85
Saint-Hubert,84059,2020-10-21,6,91
Saint-Hubert,84059,2020-10-22,8,99
Saint-Hubert,84059,2020-10-23,15,114
Saint-Hubert,84059,2020-10-24,7,121
Saint-Hubert,84059,2020-10-25,9,130
Saint-Hubert,84059,2020-10-26,3,133
Saint-Hubert,84059,2020-10-27,6,139
Saint-Hubert,84059,2020-10-28,5,144
Saint-Hubert,84059,2020-10-29,11,155
Saint-Hubert,84059,2020-10-30,18,173
Saint-Hubert,84059,2020-10-31,33,206
Saint-Hubert,84059,2020-11-01,19,225
Saint-Hubert,84059,2020-11-02,4,229
Saint-Hubert,84059,2020-11-03,0,229
Saint-Hubert,84059,2020-11-04,3,232
Saint-Hubert,84059,2020-11-05,14,246
Saint-Hubert,84059,2020-11-06,3,249
Saint-Hubert,84059,2020-11-07,3,252
Saint-Hubert,84059,2020-11-08,3,255
Saint-Hubert,84059,2020-11-09,3,258
Saint-Hubert,84059,2020-11-10,2,260
Saint-Hubert,84059,2020-11-11,1,261
Wellin,84075,2020-04-01,0,0
Wellin,84075,2020-04-02,5,5
Wellin,84075,2020-04-03,0,5
Wellin,84075,2020-04-04,1,6
Wellin,84075,2020-04-05,0,6
Wellin,84075,2020-04-06,0,6
Wellin,84075,2020-04-07,0,6
Wellin,84075,2020-04-08,1,7
Wellin,84075,2020-04-09,3,10
Wellin,84075,2020-04-10,1,11
Wellin,84075,2020-04-11,0,11
Wellin,84075,2020-04-12,0,11
Wellin,84075,2020-04-13,0,11
Wellin,84075,2020-04-14,0,11
Wellin,84075,2020-04-15,0,11
Wellin,84075,2020-04-16,0,11
Wellin,84075,2020-04-17,0,11
Wellin,84075,2020-04-18,0,11
Wellin,84075,2020-04-19,0,11
Wellin,84075,2020-04-20,0,11
Wellin,84075,2020-04-21,0,11
Wellin,84075,2020-04-22,1,12
Wellin,84075,2020-04-23,0,12
Wellin,84075,2020-04-24,0,12
Wellin,84075,2020-04-25,0,12
Wellin,84075,2020-04-26,0,12
Wellin,84075,2020-04-27,0,12
Wellin,84075,2020-04-28,0,12
Wellin,84075,2020-04-29,0,12
Wellin,84075,2020-04-30,0,12
Wellin,84075,2020-05-01,0,12
Wellin,84075,2020-05-02,0,12
Wellin,84075,2020-05-03,0,12
Wellin,84075,2020-05-04,0,12
Wellin,84075,2020-05-05,0,12
Wellin,84075,2020-05-06,1,13
Wellin,84075,2020-05-07,0,13
Wellin,84075,2020-05-08,0,13
Wellin,84075,2020-05-09,0,13
Wellin,84075,2020-05-10,0,13
Wellin,84075,2020-05-11,0,13
Wellin,84075,2020-05-12,0,13
Wellin,84075,2020-05-13,0,13
Wellin,84075,2020-05-14,0,13
Wellin,84075,2020-05-15,0,13
Wellin,84075,2020-05-16,0,13
Wellin,84075,2020-05-17,0,13
Wellin,84075,2020-05-18,0,13
Wellin,84075,2020-05-19,0,13
Wellin,84075,2020-05-20,0,13
Wellin,84075,2020-05-21,0,13
Wellin,84075,2020-05-22,0,13
Wellin,84075,2020-05-23,0,13
Wellin,84075,2020-05-24,0,13
Wellin,84075,2020-05-25,0,13
Wellin,84075,2020-05-26,0,13
Wellin,84075,2020-05-27,0,13
Wellin,84075,2020-05-28,0,13
Wellin,84075,2020-05-29,0,13
Wellin,84075,2020-05-30,0,13
Wellin,84075,2020-05-31,0,13
Wellin,84075,2020-06-01,0,13
Wellin,84075,2020-06-02,0,13
Wellin,84075,2020-06-03,0,13
Wellin,84075,2020-06-04,0,13
Wellin,84075,2020-06-05,0,13
Wellin,84075,2020-06-06,0,13
Wellin,84075,2020-06-07,0,13
Wellin,84075,2020-06-08,0,13
Wellin,84075,2020-06-09,0,13
Wellin,84075,2020-06-10,0,13
Wellin,84075,2020-06-11,0,13
Wellin,84075,2020-06-12,0,13
Wellin,84075,2020-06-13,0,13
Wellin,84075,2020-06-14,0,13
Wellin,84075,2020-06-15,0,13
Wellin,84075,2020-06-16,0,13
Wellin,84075,2020-06-17,0,13
Wellin,84075,2020-06-18,0,13
Wellin,84075,2020-06-19,0,13
Wellin,84075,2020-06-20,0,13
Wellin,84075,2020-06-23,0,13
Wellin,84075,2020-06-24,0,13
Wellin,84075,2020-06-25,0,13
Wellin,84075,2020-06-26,0,13
Wellin,84075,2020-06-27,0,13
Wellin,84075,2020-06-30,0,13
Wellin,84075,2020-07-01,0,13
Wellin,84075,2020-07-02,0,13
Wellin,84075,2020-07-03,0,13
Wellin,84075,2020-07-04,0,13
Wellin,84075,2020-07-07,0,13
Wellin,84075,2020-07-08,0,13
Wellin,84075,2020-07-09,0,13
Wellin,84075,2020-07-10,0,13
Wellin,84075,2020-07-11,1,14
Wellin,84075,2020-07-14,0,14
Wellin,84075,2020-07-15,0,14
Wellin,84075,2020-07-16,0,14
Wellin,84075,2020-07-17,0,14
Wellin,84075,2020-07-18,0,14
Wellin,84075,2020-07-20,0,14
Wellin,84075,2020-07-21,0,14
Wellin,84075,2020-07-22,0,14
Wellin,84075,2020-07-23,0,14
Wellin,84075,2020-07-24,0,14
Wellin,84075,2020-07-25,0,14
Wellin,84075,2020-07-26,0,14
Wellin,84075,2020-07-27,0,14
Wellin,84075,2020-07-28,0,14
Wellin,84075,2020-07-29,0,14
Wellin,84075,2020-07-30,0,14
Wellin,84075,2020-07-31,0,14
Wellin,84075,2020-08-01,0,14
Wellin,84075,2020-08-02,0,14
Wellin,84075,2020-08-03,0,14
Wellin,84075,2020-08-04,0,14
Wellin,84075,2020-08-05,0,14
Wellin,84075,2020-08-06,0,14
Wellin,84075,2020-08-07,0,14
Wellin,84075,2020-08-08,0,14
Wellin,84075,2020-08-09,0,14
Wellin,84075,2020-08-10,0,14
Wellin,84075,2020-08-11,0,14
Wellin,84075,2020-08-12,0,14
Wellin,84075,2020-08-13,0,14
Wellin,84075,2020-08-14,0,14
Wellin,84075,2020-08-15,0,14
Wellin,84075,2020-08-16,0,14
Wellin,84075,2020-08-17,0,14
Wellin,84075,2020-08-18,0,14
Wellin,84075,2020-08-19,0,14
Wellin,84075,2020-08-20,0,14
Wellin,84075,2020-08-21,0,14
Wellin,84075,2020-08-22,0,14
Wellin,84075,2020-08-23,0,14
Wellin,84075,2020-08-24,0,14
Wellin,84075,2020-08-25,0,14
Wellin,84075,2020-08-26,0,14
Wellin,84075,2020-08-27,0,14
Wellin,84075,2020-08-28,0,14
Wellin,84075,2020-08-29,0,14
Wellin,84075,2020-08-30,0,14
Wellin,84075,2020-08-31,0,14
Wellin,84075,2020-09-01,0,14
Wellin,84075,2020-09-02,0,14
Wellin,84075,2020-09-03,0,14
Wellin,84075,2020-09-04,0,14
Wellin,84075,2020-09-05,0,14
Wellin,84075,2020-09-06,0,14
Wellin,84075,2020-09-07,0,14
Wellin,84075,2020-09-08,0,14
Wellin,84075,2020-09-09,0,14
Wellin,84075,2020-09-10,0,14
Wellin,84075,2020-09-11,0,14
Wellin,84075,2020-09-12,0,14
Wellin,84075,2020-09-13,1,15
Wellin,84075,2020-09-14,0,15
Wellin,84075,2020-09-15,0,15
Wellin,84075,2020-09-16,0,15
Wellin,84075,2020-09-17,0,15
Wellin,84075,2020-09-18,0,15
Wellin,84075,2020-09-19,0,15
Wellin,84075,2020-09-20,0,15
Wellin,84075,2020-09-21,0,15
Wellin,84075,2020-09-22,0,15
Wellin,84075,2020-09-23,1,16
Wellin,84075,2020-09-24,0,16
Wellin,84075,2020-09-25,0,16
Wellin,84075,2020-09-26,1,17
Wellin,84075,2020-09-27,0,17
Wellin,84075,2020-09-28,1,18
Wellin,84075,2020-09-29,0,18
Wellin,84075,2020-09-30,0,18
Wellin,84075,2020-10-01,0,18
Wellin,84075,2020-10-02,2,20
Wellin,84075,2020-10-03,0,20
Wellin,84075,2020-10-04,1,21
Wellin,84075,2020-10-05,0,21
Wellin,84075,2020-10-06,1,22
Wellin,84075,2020-10-07,3,25
Wellin,84075,2020-10-08,4,29
Wellin,84075,2020-10-09,3,32
Wellin,84075,2020-10-10,1,33
Wellin,84075,2020-10-11,2,35
Wellin,84075,2020-10-12,4,39
Wellin,84075,2020-10-13,0,39
Wellin,84075,2020-10-14,3,42
Wellin,84075,2020-10-15,5,47
Wellin,84075,2020-10-16,4,51
Wellin,84075,2020-10-17,1,52
Wellin,84075,2020-10-18,3,55
Wellin,84075,2020-10-19,1,56
Wellin,84075,2020-10-20,0,56
Wellin,84075,2020-10-21,0,56
Wellin,84075,2020-10-22,3,59
Wellin,84075,2020-10-23,19,78
Wellin,84075,2020-10-24,6,84
Wellin,84075,2020-10-25,12,96
Wellin,84075,2020-10-26,10,106
Wellin,84075,2020-10-27,2,108
Wellin,84075,2020-10-28,14,122
Wellin,84075,2020-10-29,8,130
Wellin,84075,2020-10-30,6,136
Wellin,84075,2020-10-31,13,149
Wellin,84075,2020-11-01,16,165
Wellin,84075,2020-11-02,6,171
Wellin,84075,2020-11-03,1,172
Wellin,84075,2020-11-04,1,173
Wellin,84075,2020-11-05,9,182
Wellin,84075,2020-11-06,2,184
Wellin,84075,2020-11-07,3,187
Wellin,84075,2020-11-08,4,191
Wellin,84075,2020-11-09,2,193
Wellin,84075,2020-11-10,0,193
Wellin,84075,2020-11-11,1,194
Libramont-Chevigny,84077,2020-04-01,1,16
Libramont-Chevigny,84077,2020-04-02,2,18
Libramont-Chevigny,84077,2020-04-03,4,22
Libramont-Chevigny,84077,2020-04-04,1,23
Libramont-Chevigny,84077,2020-04-05,5,28
Libramont-Chevigny,84077,2020-04-06,4,32
Libramont-Chevigny,84077,2020-04-07,1,33
Libramont-Chevigny,84077,2020-04-08,3,36
Libramont-Chevigny,84077,2020-04-09,5,41
Libramont-Chevigny,84077,2020-04-10,1,42
Libramont-Chevigny,84077,2020-04-11,1,43
Libramont-Chevigny,84077,2020-04-12,1,44
Libramont-Chevigny,84077,2020-04-13,0,44
Libramont-Chevigny,84077,2020-04-14,3,47
Libramont-Chevigny,84077,2020-04-15,0,47
Libramont-Chevigny,84077,2020-04-16,0,47
Libramont-Chevigny,84077,2020-04-17,3,50
Libramont-Chevigny,84077,2020-04-18,0,50
Libramont-Chevigny,84077,2020-04-19,4,54
Libramont-Chevigny,84077,2020-04-20,0,54
Libramont-Chevigny,84077,2020-04-21,0,54
Libramont-Chevigny,84077,2020-04-22,5,59
Libramont-Chevigny,84077,2020-04-23,5,64
Libramont-Chevigny,84077,2020-04-24,2,66
Libramont-Chevigny,84077,2020-04-25,1,67
Libramont-Chevigny,84077,2020-04-26,0,67
Libramont-Chevigny,84077,2020-04-27,0,67
Libramont-Chevigny,84077,2020-04-28,1,68
Libramont-Chevigny,84077,2020-04-29,0,68
Libramont-Chevigny,84077,2020-04-30,2,70
Libramont-Chevigny,84077,2020-05-01,1,71
Libramont-Chevigny,84077,2020-05-02,1,72
Libramont-Chevigny,84077,2020-05-03,1,73
Libramont-Chevigny,84077,2020-05-04,1,74
Libramont-Chevigny,84077,2020-05-05,0,74
Libramont-Chevigny,84077,2020-05-06,0,74
Libramont-Chevigny,84077,2020-05-07,0,74
Libramont-Chevigny,84077,2020-05-08,2,76
Libramont-Chevigny,84077,2020-05-09,0,76
Libramont-Chevigny,84077,2020-05-10,3,79
Libramont-Chevigny,84077,2020-05-11,0,79
Libramont-Chevigny,84077,2020-05-12,0,79
Libramont-Chevigny,84077,2020-05-13,0,79
Libramont-Chevigny,84077,2020-05-14,0,79
Libramont-Chevigny,84077,2020-05-15,0,79
Libramont-Chevigny,84077,2020-05-16,0,79
Libramont-Chevigny,84077,2020-05-17,0,79
Libramont-Chevigny,84077,2020-05-18,0,79
Libramont-Chevigny,84077,2020-05-19,1,80
Libramont-Chevigny,84077,2020-05-20,0,80
Libramont-Chevigny,84077,2020-05-21,0,80
Libramont-Chevigny,84077,2020-05-22,1,81
Libramont-Chevigny,84077,2020-05-23,0,81
Libramont-Chevigny,84077,2020-05-24,0,81
Libramont-Chevigny,84077,2020-05-25,0,81
Libramont-Chevigny,84077,2020-05-26,0,81
Libramont-Chevigny,84077,2020-05-27,0,81
Libramont-Chevigny,84077,2020-05-28,0,81
Libramont-Chevigny,84077,2020-05-29,0,81
Libramont-Chevigny,84077,2020-05-30,0,81
Libramont-Chevigny,84077,2020-05-31,0,81
Libramont-Chevigny,84077,2020-06-01,0,81
Libramont-Chevigny,84077,2020-06-02,0,81
Libramont-Chevigny,84077,2020-06-03,0,81
Libramont-Chevigny,84077,2020-06-04,0,81
Libramont-Chevigny,84077,2020-06-05,0,81
Libramont-Chevigny,84077,2020-06-06,0,81
Libramont-Chevigny,84077,2020-06-07,0,81
Libramont-Chevigny,84077,2020-06-08,0,81
Libramont-Chevigny,84077,2020-06-09,0,81
Libramont-Chevigny,84077,2020-06-10,0,81
Libramont-Chevigny,84077,2020-06-11,0,81
Libramont-Chevigny,84077,2020-06-12,0,81
Libramont-Chevigny,84077,2020-06-13,0,81
Libramont-Chevigny,84077,2020-06-14,0,81
Libramont-Chevigny,84077,2020-06-15,0,81
Libramont-Chevigny,84077,2020-06-16,0,81
Libramont-Chevigny,84077,2020-06-17,0,81
Libramont-Chevigny,84077,2020-06-18,0,81
Libramont-Chevigny,84077,2020-06-19,0,81
Libramont-Chevigny,84077,2020-06-20,0,81
Libramont-Chevigny,84077,2020-06-23,0,81
Libramont-Chevigny,84077,2020-06-24,0,81
Libramont-Chevigny,84077,2020-06-25,0,81
Libramont-Chevigny,84077,2020-06-26,1,82
Libramont-Chevigny,84077,2020-06-27,0,82
Libramont-Chevigny,84077,2020-06-30,0,82
Libramont-Chevigny,84077,2020-07-01,0,82
Libramont-Chevigny,84077,2020-07-02,0,82
Libramont-Chevigny,84077,2020-07-03,0,82
Libramont-Chevigny,84077,2020-07-04,0,82
Libramont-Chevigny,84077,2020-07-07,0,82
Libramont-Chevigny,84077,2020-07-08,0,82
Libramont-Chevigny,84077,2020-07-09,2,84
Libramont-Chevigny,84077,2020-07-10,0,84
Libramont-Chevigny,84077,2020-07-11,0,84
Libramont-Chevigny,84077,2020-07-14,0,84
Libramont-Chevigny,84077,2020-07-15,0,84
Libramont-Chevigny,84077,2020-07-16,0,84
Libramont-Chevigny,84077,2020-07-17,0,84
Libramont-Chevigny,84077,2020-07-18,1,85
Libramont-Chevigny,84077,2020-07-20,0,85
Libramont-Chevigny,84077,2020-07-21,1,86
Libramont-Chevigny,84077,2020-07-22,0,86
Libramont-Chevigny,84077,2020-07-23,0,86
Libramont-Chevigny,84077,2020-07-24,0,86
Libramont-Chevigny,84077,2020-07-25,0,86
Libramont-Chevigny,84077,2020-07-26,0,86
Libramont-Chevigny,84077,2020-07-27,0,86
Libramont-Chevigny,84077,2020-07-28,1,87
Libramont-Chevigny,84077,2020-07-29,0,87
Libramont-Chevigny,84077,2020-07-30,0,87
Libramont-Chevigny,84077,2020-07-31,2,89
Libramont-Chevigny,84077,2020-08-01,0,89
Libramont-Chevigny,84077,2020-08-02,0,89
Libramont-Chevigny,84077,2020-08-03,0,89
Libramont-Chevigny,84077,2020-08-04,1,90
Libramont-Chevigny,84077,2020-08-05,0,90
Libramont-Chevigny,84077,2020-08-06,0,90
Libramont-Chevigny,84077,2020-08-07,0,90
Libramont-Chevigny,84077,2020-08-08,0,90
Libramont-Chevigny,84077,2020-08-09,0,90
Libramont-Chevigny,84077,2020-08-10,0,90
Libramont-Chevigny,84077,2020-08-11,0,90
Libramont-Chevigny,84077,2020-08-12,0,90
Libramont-Chevigny,84077,2020-08-13,0,90
Libramont-Chevigny,84077,2020-08-14,0,90
Libramont-Chevigny,84077,2020-08-15,0,90
Libramont-Chevigny,84077,2020-08-16,0,90
Libramont-Chevigny,84077,2020-08-17,0,90
Libramont-Chevigny,84077,2020-08-18,1,91
Libramont-Chevigny,84077,2020-08-19,0,91
Libramont-Chevigny,84077,2020-08-20,0,91
Libramont-Chevigny,84077,2020-08-21,0,91
Libramont-Chevigny,84077,2020-08-22,0,91
Libramont-Chevigny,84077,2020-08-23,0,91
Libramont-Chevigny,84077,2020-08-24,0,91
Libramont-Chevigny,84077,2020-08-25,0,91
Libramont-Chevigny,84077,2020-08-26,0,91
Libramont-Chevigny,84077,2020-08-27,0,91
Libramont-Chevigny,84077,2020-08-28,1,92
Libramont-Chevigny,84077,2020-08-29,0,92
Libramont-Chevigny,84077,2020-08-30,0,92
Libramont-Chevigny,84077,2020-08-31,0,92
Libramont-Chevigny,84077,2020-09-01,0,92
Libramont-Chevigny,84077,2020-09-02,0,92
Libramont-Chevigny,84077,2020-09-03,0,92
Libramont-Chevigny,84077,2020-09-04,0,92
Libramont-Chevigny,84077,2020-09-05,0,92
Libramont-Chevigny,84077,2020-09-06,0,92
Libramont-Chevigny,84077,2020-09-07,0,92
Libramont-Chevigny,84077,2020-09-08,0,92
Libramont-Chevigny,84077,2020-09-09,0,92
Libramont-Chevigny,84077,2020-09-10,0,92
Libramont-Chevigny,84077,2020-09-11,0,92
Libramont-Chevigny,84077,2020-09-12,0,92
Libramont-Chevigny,84077,2020-09-13,0,92
Libramont-Chevigny,84077,2020-09-14,0,92
Libramont-Chevigny,84077,2020-09-15,1,93
Libramont-Chevigny,84077,2020-09-16,0,93
Libramont-Chevigny,84077,2020-09-17,0,93
Libramont-Chevigny,84077,2020-09-18,1,94
Libramont-Chevigny,84077,2020-09-19,0,94
Libramont-Chevigny,84077,2020-09-20,1,95
Libramont-Chevigny,84077,2020-09-21,0,95
Libramont-Chevigny,84077,2020-09-22,0,95
Libramont-Chevigny,84077,2020-09-23,1,96
Libramont-Chevigny,84077,2020-09-24,0,96
Libramont-Chevigny,84077,2020-09-25,1,97
Libramont-Chevigny,84077,2020-09-26,1,98
Libramont-Chevigny,84077,2020-09-27,2,100
Libramont-Chevigny,84077,2020-09-28,0,100
Libramont-Chevigny,84077,2020-09-29,0,100
Libramont-Chevigny,84077,2020-09-30,2,102
Libramont-Chevigny,84077,2020-10-01,1,103
Libramont-Chevigny,84077,2020-10-02,4,107
Libramont-Chevigny,84077,2020-10-03,1,108
Libramont-Chevigny,84077,2020-10-04,9,117
Libramont-Chevigny,84077,2020-10-05,7,124
Libramont-Chevigny,84077,2020-10-06,3,127
Libramont-Chevigny,84077,2020-10-07,2,129
Libramont-Chevigny,84077,2020-10-08,6,135
Libramont-Chevigny,84077,2020-10-09,2,137
Libramont-Chevigny,84077,2020-10-10,4,141
Libramont-Chevigny,84077,2020-10-11,6,147
Libramont-Chevigny,84077,2020-10-12,8,155
Libramont-Chevigny,84077,2020-10-13,3,158
Libramont-Chevigny,84077,2020-10-14,6,164
Libramont-Chevigny,84077,2020-10-15,9,173
Libramont-Chevigny,84077,2020-10-16,14,187
Libramont-Chevigny,84077,2020-10-17,13,200
Libramont-Chevigny,84077,2020-10-18,7,207
Libramont-Chevigny,84077,2020-10-19,10,217
Libramont-Chevigny,84077,2020-10-20,11,228
Libramont-Chevigny,84077,2020-10-21,6,234
Libramont-Chevigny,84077,2020-10-22,13,247
Libramont-Chevigny,84077,2020-10-23,10,257
Libramont-Chevigny,84077,2020-10-24,9,266
Libramont-Chevigny,84077,2020-10-25,4,270
Libramont-Chevigny,84077,2020-10-26,7,277
Libramont-Chevigny,84077,2020-10-27,14,291
Libramont-Chevigny,84077,2020-10-28,16,307
Libramont-Chevigny,84077,2020-10-29,12,319
Libramont-Chevigny,84077,2020-10-30,29,348
Libramont-Chevigny,84077,2020-10-31,59,407
Libramont-Chevigny,84077,2020-11-01,19,426
Libramont-Chevigny,84077,2020-11-02,22,448
Libramont-Chevigny,84077,2020-11-03,4,452
Libramont-Chevigny,84077,2020-11-04,8,460
Libramont-Chevigny,84077,2020-11-05,24,484
Libramont-Chevigny,84077,2020-11-06,15,499
Libramont-Chevigny,84077,2020-11-07,25,524
Libramont-Chevigny,84077,2020-11-08,3,527
Libramont-Chevigny,84077,2020-11-09,12,539
Libramont-Chevigny,84077,2020-11-10,2,541
Libramont-Chevigny,84077,2020-11-11,11,552
Chiny,85007,2020-04-01,0,0
Chiny,85007,2020-04-02,0,0
Chiny,85007,2020-04-03,0,0
Chiny,85007,2020-04-04,0,0
Chiny,85007,2020-04-05,0,0
Chiny,85007,2020-04-06,0,0
Chiny,85007,2020-04-07,0,0
Chiny,85007,2020-04-08,0,0
Chiny,85007,2020-04-09,5,5
Chiny,85007,2020-04-10,1,6
Chiny,85007,2020-04-11,0,6
Chiny,85007,2020-04-12,0,6
Chiny,85007,2020-04-13,0,6
Chiny,85007,2020-04-14,0,6
Chiny,85007,2020-04-15,0,6
Chiny,85007,2020-04-16,0,6
Chiny,85007,2020-04-17,0,6
Chiny,85007,2020-04-18,0,6
Chiny,85007,2020-04-19,0,6
Chiny,85007,2020-04-20,0,6
Chiny,85007,2020-04-21,0,6
Chiny,85007,2020-04-22,0,6
Chiny,85007,2020-04-23,0,6
Chiny,85007,2020-04-24,0,6
Chiny,85007,2020-04-25,0,6
Chiny,85007,2020-04-26,0,6
Chiny,85007,2020-04-27,0,6
Chiny,85007,2020-04-28,0,6
Chiny,85007,2020-04-29,0,6
Chiny,85007,2020-04-30,0,6
Chiny,85007,2020-05-01,0,6
Chiny,85007,2020-05-02,0,6
Chiny,85007,2020-05-03,0,6
Chiny,85007,2020-05-04,0,6
Chiny,85007,2020-05-05,0,6
Chiny,85007,2020-05-06,0,6
Chiny,85007,2020-05-07,0,6
Chiny,85007,2020-05-08,0,6
Chiny,85007,2020-05-09,0,6
Chiny,85007,2020-05-10,0,6
Chiny,85007,2020-05-11,0,6
Chiny,85007,2020-05-12,0,6
Chiny,85007,2020-05-13,0,6
Chiny,85007,2020-05-14,1,7
Chiny,85007,2020-05-15,0,7
Chiny,85007,2020-05-16,0,7
Chiny,85007,2020-05-17,0,7
Chiny,85007,2020-05-18,0,7
Chiny,85007,2020-05-19,0,7
Chiny,85007,2020-05-20,0,7
Chiny,85007,2020-05-21,0,7
Chiny,85007,2020-05-22,0,7
Chiny,85007,2020-05-23,0,7
Chiny,85007,2020-05-24,0,7
Chiny,85007,2020-05-25,0,7
Chiny,85007,2020-05-26,0,7
Chiny,85007,2020-05-27,0,7
Chiny,85007,2020-05-28,0,7
Chiny,85007,2020-05-29,0,7
Chiny,85007,2020-05-30,0,7
Chiny,85007,2020-05-31,0,7
Chiny,85007,2020-06-01,0,7
Chiny,85007,2020-06-02,0,7
Chiny,85007,2020-06-03,0,7
Chiny,85007,2020-06-04,0,7
Chiny,85007,2020-06-05,0,7
Chiny,85007,2020-06-06,0,7
Chiny,85007,2020-06-07,0,7
Chiny,85007,2020-06-08,0,7
Chiny,85007,2020-06-09,0,7
Chiny,85007,2020-06-10,0,7
Chiny,85007,2020-06-11,0,7
Chiny,85007,2020-06-12,0,7
Chiny,85007,2020-06-13,0,7
Chiny,85007,2020-06-14,0,7
Chiny,85007,2020-06-15,0,7
Chiny,85007,2020-06-16,0,7
Chiny,85007,2020-06-17,0,7
Chiny,85007,2020-06-18,0,7
Chiny,85007,2020-06-19,0,7
Chiny,85007,2020-06-20,0,7
Chiny,85007,2020-06-23,0,7
Chiny,85007,2020-06-24,0,7
Chiny,85007,2020-06-25,0,7
Chiny,85007,2020-06-26,0,7
Chiny,85007,2020-06-27,0,7
Chiny,85007,2020-06-30,0,7
Chiny,85007,2020-07-01,0,7
Chiny,85007,2020-07-02,0,7
Chiny,85007,2020-07-03,0,7
Chiny,85007,2020-07-04,0,7
Chiny,85007,2020-07-07,0,7
Chiny,85007,2020-07-08,0,7
Chiny,85007,2020-07-09,0,7
Chiny,85007,2020-07-10,0,7
Chiny,85007,2020-07-11,0,7
Chiny,85007,2020-07-14,0,7
Chiny,85007,2020-07-15,0,7
Chiny,85007,2020-07-16,0,7
Chiny,85007,2020-07-17,0,7
Chiny,85007,2020-07-18,0,7
Chiny,85007,2020-07-20,0,7
Chiny,85007,2020-07-21,0,7
Chiny,85007,2020-07-22,0,7
Chiny,85007,2020-07-23,0,7
Chiny,85007,2020-07-24,0,7
Chiny,85007,2020-07-25,0,7
Chiny,85007,2020-07-26,0,7
Chiny,85007,2020-07-27,0,7
Chiny,85007,2020-07-28,0,7
Chiny,85007,2020-07-29,0,7
Chiny,85007,2020-07-30,0,7
Chiny,85007,2020-07-31,0,7
Chiny,85007,2020-08-01,1,8
Chiny,85007,2020-08-02,2,10
Chiny,85007,2020-08-03,0,10
Chiny,85007,2020-08-04,0,10
Chiny,85007,2020-08-05,0,10
Chiny,85007,2020-08-06,0,10
Chiny,85007,2020-08-07,0,10
Chiny,85007,2020-08-08,0,10
Chiny,85007,2020-08-09,0,10
Chiny,85007,2020-08-10,1,11
Chiny,85007,2020-08-11,0,11
Chiny,85007,2020-08-12,0,11
Chiny,85007,2020-08-13,0,11
Chiny,85007,2020-08-14,0,11
Chiny,85007,2020-08-15,0,11
Chiny,85007,2020-08-16,0,11
Chiny,85007,2020-08-17,0,11
Chiny,85007,2020-08-18,0,11
Chiny,85007,2020-08-19,0,11
Chiny,85007,2020-08-20,0,11
Chiny,85007,2020-08-21,0,11
Chiny,85007,2020-08-22,0,11
Chiny,85007,2020-08-23,0,11
Chiny,85007,2020-08-24,0,11
Chiny,85007,2020-08-25,0,11
Chiny,85007,2020-08-26,0,11
Chiny,85007,2020-08-27,0,11
Chiny,85007,2020-08-28,0,11
Chiny,85007,2020-08-29,0,11
Chiny,85007,2020-08-30,0,11
Chiny,85007,2020-08-31,0,11
Chiny,85007,2020-09-01,0,11
Chiny,85007,2020-09-02,0,11
Chiny,85007,2020-09-03,0,11
Chiny,85007,2020-09-04,0,11
Chiny,85007,2020-09-05,0,11
Chiny,85007,2020-09-06,0,11
Chiny,85007,2020-09-07,0,11
Chiny,85007,2020-09-08,0,11
Chiny,85007,2020-09-09,0,11
Chiny,85007,2020-09-10,0,11
Chiny,85007,2020-09-11,0,11
Chiny,85007,2020-09-12,0,11
Chiny,85007,2020-09-13,1,12
Chiny,85007,2020-09-14,0,12
Chiny,85007,2020-09-15,0,12
Chiny,85007,2020-09-16,0,12
Chiny,85007,2020-09-17,0,12
Chiny,85007,2020-09-18,1,13
Chiny,85007,2020-09-19,0,13
Chiny,85007,2020-09-20,0,13
Chiny,85007,2020-09-21,0,13
Chiny,85007,2020-09-22,0,13
Chiny,85007,2020-09-23,1,14
Chiny,85007,2020-09-24,0,14
Chiny,85007,2020-09-25,0,14
Chiny,85007,2020-09-26,0,14
Chiny,85007,2020-09-27,0,14
Chiny,85007,2020-09-28,0,14
Chiny,85007,2020-09-29,1,15
Chiny,85007,2020-09-30,1,16
Chiny,85007,2020-10-01,0,16
Chiny,85007,2020-10-02,2,18
Chiny,85007,2020-10-03,4,22
Chiny,85007,2020-10-04,1,23
Chiny,85007,2020-10-05,2,25
Chiny,85007,2020-10-06,2,27
Chiny,85007,2020-10-07,2,29
Chiny,85007,2020-10-08,0,29
Chiny,85007,2020-10-09,1,30
Chiny,85007,2020-10-10,0,30
Chiny,85007,2020-10-11,6,36
Chiny,85007,2020-10-12,3,39
Chiny,85007,2020-10-13,0,39
Chiny,85007,2020-10-14,1,40
Chiny,85007,2020-10-15,1,41
Chiny,85007,2020-10-16,6,47
Chiny,85007,2020-10-17,3,50
Chiny,85007,2020-10-18,2,52
Chiny,85007,2020-10-19,1,53
Chiny,85007,2020-10-20,5,58
Chiny,85007,2020-10-21,1,59
Chiny,85007,2020-10-22,3,62
Chiny,85007,2020-10-23,5,67
Chiny,85007,2020-10-24,8,75
Chiny,85007,2020-10-25,9,84
Chiny,85007,2020-10-26,5,89
Chiny,85007,2020-10-27,1,90
Chiny,85007,2020-10-28,6,96
Chiny,85007,2020-10-29,6,102
Chiny,85007,2020-10-30,8,110
Chiny,85007,2020-10-31,12,122
Chiny,85007,2020-11-01,9,131
Chiny,85007,2020-11-02,5,136
Chiny,85007,2020-11-03,1,137
Chiny,85007,2020-11-04,-2,135
Chiny,85007,2020-11-05,13,148
Chiny,85007,2020-11-06,4,152
Chiny,85007,2020-11-07,3,155
Chiny,85007,2020-11-08,4,159
Chiny,85007,2020-11-09,3,162
Chiny,85007,2020-11-10,2,164
Chiny,85007,2020-11-11,0,164
Etalle,85009,2020-04-01,0,0
Etalle,85009,2020-04-02,0,0
Etalle,85009,2020-04-03,0,0
Etalle,85009,2020-04-04,5,5
Etalle,85009,2020-04-05,0,5
Etalle,85009,2020-04-06,0,5
Etalle,85009,2020-04-07,0,5
Etalle,85009,2020-04-08,0,5
Etalle,85009,2020-04-09,1,6
Etalle,85009,2020-04-10,2,8
Etalle,85009,2020-04-11,0,8
Etalle,85009,2020-04-12,0,8
Etalle,85009,2020-04-13,0,8
Etalle,85009,2020-04-14,0,8
Etalle,85009,2020-04-15,0,8
Etalle,85009,2020-04-16,0,8
Etalle,85009,2020-04-17,0,8
Etalle,85009,2020-04-18,2,10
Etalle,85009,2020-04-19,0,10
Etalle,85009,2020-04-20,0,10
Etalle,85009,2020-04-21,0,10
Etalle,85009,2020-04-22,0,10
Etalle,85009,2020-04-23,0,10
Etalle,85009,2020-04-24,0,10
Etalle,85009,2020-04-25,0,10
Etalle,85009,2020-04-26,0,10
Etalle,85009,2020-04-27,0,10
Etalle,85009,2020-04-28,2,12
Etalle,85009,2020-04-29,0,12
Etalle,85009,2020-04-30,0,12
Etalle,85009,2020-05-01,0,12
Etalle,85009,2020-05-02,0,12
Etalle,85009,2020-05-03,0,12
Etalle,85009,2020-05-04,0,12
Etalle,85009,2020-05-05,0,12
Etalle,85009,2020-05-06,0,12
Etalle,85009,2020-05-07,0,12
Etalle,85009,2020-05-08,0,12
Etalle,85009,2020-05-09,0,12
Etalle,85009,2020-05-10,0,12
Etalle,85009,2020-05-11,0,12
Etalle,85009,2020-05-12,0,12
Etalle,85009,2020-05-13,0,12
Etalle,85009,2020-05-14,0,12
Etalle,85009,2020-05-15,0,12
Etalle,85009,2020-05-16,0,12
Etalle,85009,2020-05-17,0,12
Etalle,85009,2020-05-18,0,12
Etalle,85009,2020-05-19,0,12
Etalle,85009,2020-05-20,0,12
Etalle,85009,2020-05-21,0,12
Etalle,85009,2020-05-22,0,12
Etalle,85009,2020-05-23,0,12
Etalle,85009,2020-05-24,0,12
Etalle,85009,2020-05-25,0,12
Etalle,85009,2020-05-26,0,12
Etalle,85009,2020-05-27,0,12
Etalle,85009,2020-05-28,0,12
Etalle,85009,2020-05-29,0,12
Etalle,85009,2020-05-30,0,12
Etalle,85009,2020-05-31,0,12
Etalle,85009,2020-06-01,0,12
Etalle,85009,2020-06-02,0,12
Etalle,85009,2020-06-03,0,12
Etalle,85009,2020-06-04,0,12
Etalle,85009,2020-06-05,0,12
Etalle,85009,2020-06-06,0,12
Etalle,85009,2020-06-07,0,12
Etalle,85009,2020-06-08,0,12
Etalle,85009,2020-06-09,0,12
Etalle,85009,2020-06-10,0,12
Etalle,85009,2020-06-11,0,12
Etalle,85009,2020-06-12,0,12
Etalle,85009,2020-06-13,0,12
Etalle,85009,2020-06-14,0,12
Etalle,85009,2020-06-15,0,12
Etalle,85009,2020-06-16,0,12
Etalle,85009,2020-06-17,0,12
Etalle,85009,2020-06-18,0,12
Etalle,85009,2020-06-19,0,12
Etalle,85009,2020-06-20,0,12
Etalle,85009,2020-06-23,0,12
Etalle,85009,2020-06-24,0,12
Etalle,85009,2020-06-25,0,12
Etalle,85009,2020-06-26,0,12
Etalle,85009,2020-06-27,0,12
Etalle,85009,2020-06-30,0,12
Etalle,85009,2020-07-01,0,12
Etalle,85009,2020-07-02,0,12
Etalle,85009,2020-07-03,0,12
Etalle,85009,2020-07-04,0,12
Etalle,85009,2020-07-07,0,12
Etalle,85009,2020-07-08,0,12
Etalle,85009,2020-07-09,0,12
Etalle,85009,2020-07-10,0,12
Etalle,85009,2020-07-11,0,12
Etalle,85009,2020-07-14,0,12
Etalle,85009,2020-07-15,0,12
Etalle,85009,2020-07-16,0,12
Etalle,85009,2020-07-17,0,12
Etalle,85009,2020-07-18,0,12
Etalle,85009,2020-07-20,0,12
Etalle,85009,2020-07-21,0,12
Etalle,85009,2020-07-22,0,12
Etalle,85009,2020-07-23,0,12
Etalle,85009,2020-07-24,1,13
Etalle,85009,2020-07-25,0,13
Etalle,85009,2020-07-26,0,13
Etalle,85009,2020-07-27,0,13
Etalle,85009,2020-07-28,0,13
Etalle,85009,2020-07-29,0,13
Etalle,85009,2020-07-30,0,13
Etalle,85009,2020-07-31,0,13
Etalle,85009,2020-08-01,0,13
Etalle,85009,2020-08-02,6,19
Etalle,85009,2020-08-03,3,22
Etalle,85009,2020-08-04,0,22
Etalle,85009,2020-08-05,1,23
Etalle,85009,2020-08-06,0,23
Etalle,85009,2020-08-07,1,24
Etalle,85009,2020-08-08,1,25
Etalle,85009,2020-08-09,0,25
Etalle,85009,2020-08-10,0,25
Etalle,85009,2020-08-11,0,25
Etalle,85009,2020-08-12,0,25
Etalle,85009,2020-08-13,0,25
Etalle,85009,2020-08-14,0,25
Etalle,85009,2020-08-15,0,25
Etalle,85009,2020-08-16,0,25
Etalle,85009,2020-08-17,0,25
Etalle,85009,2020-08-18,0,25
Etalle,85009,2020-08-19,0,25
Etalle,85009,2020-08-20,0,25
Etalle,85009,2020-08-21,0,25
Etalle,85009,2020-08-22,1,26
Etalle,85009,2020-08-23,0,26
Etalle,85009,2020-08-24,0,26
Etalle,85009,2020-08-25,0,26
Etalle,85009,2020-08-26,0,26
Etalle,85009,2020-08-27,0,26
Etalle,85009,2020-08-28,0,26
Etalle,85009,2020-08-29,0,26
Etalle,85009,2020-08-30,1,27
Etalle,85009,2020-08-31,0,27
Etalle,85009,2020-09-01,0,27
Etalle,85009,2020-09-02,0,27
Etalle,85009,2020-09-03,0,27
Etalle,85009,2020-09-04,1,28
Etalle,85009,2020-09-05,0,28
Etalle,85009,2020-09-06,0,28
Etalle,85009,2020-09-07,0,28
Etalle,85009,2020-09-08,0,28
Etalle,85009,2020-09-09,0,28
Etalle,85009,2020-09-10,0,28
Etalle,85009,2020-09-11,0,28
Etalle,85009,2020-09-12,1,29
Etalle,85009,2020-09-13,0,29
Etalle,85009,2020-09-14,0,29
Etalle,85009,2020-09-15,0,29
Etalle,85009,2020-09-16,1,30
Etalle,85009,2020-09-17,2,32
Etalle,85009,2020-09-18,0,32
Etalle,85009,2020-09-19,2,34
Etalle,85009,2020-09-20,0,34
Etalle,85009,2020-09-21,1,35
Etalle,85009,2020-09-22,0,35
Etalle,85009,2020-09-23,0,35
Etalle,85009,2020-09-24,0,35
Etalle,85009,2020-09-25,1,36
Etalle,85009,2020-09-26,0,36
Etalle,85009,2020-09-27,1,37
Etalle,85009,2020-09-28,0,37
Etalle,85009,2020-09-29,0,37
Etalle,85009,2020-09-30,0,37
Etalle,85009,2020-10-01,0,37
Etalle,85009,2020-10-02,1,38
Etalle,85009,2020-10-03,1,39
Etalle,85009,2020-10-04,0,39
Etalle,85009,2020-10-05,4,43
Etalle,85009,2020-10-06,4,47
Etalle,85009,2020-10-07,2,49
Etalle,85009,2020-10-08,1,50
Etalle,85009,2020-10-09,6,56
Etalle,85009,2020-10-10,5,61
Etalle,85009,2020-10-11,7,68
Etalle,85009,2020-10-12,8,76
Etalle,85009,2020-10-13,5,81
Etalle,85009,2020-10-14,6,87
Etalle,85009,2020-10-15,7,94
Etalle,85009,2020-10-16,6,100
Etalle,85009,2020-10-17,6,106
Etalle,85009,2020-10-18,7,113
Etalle,85009,2020-10-19,2,115
Etalle,85009,2020-10-20,5,120
Etalle,85009,2020-10-21,1,121
Etalle,85009,2020-10-22,11,132
Etalle,85009,2020-10-23,8,140
Etalle,85009,2020-10-24,12,152
Etalle,85009,2020-10-25,8,160
Etalle,85009,2020-10-26,3,163
Etalle,85009,2020-10-27,3,166
Etalle,85009,2020-10-28,3,169
Etalle,85009,2020-10-29,10,179
Etalle,85009,2020-10-30,19,198
Etalle,85009,2020-10-31,6,204
Etalle,85009,2020-11-01,11,215
Etalle,85009,2020-11-02,8,223
Etalle,85009,2020-11-03,2,225
Etalle,85009,2020-11-04,-14,211
Etalle,85009,2020-11-05,25,236
Etalle,85009,2020-11-06,0,236
Etalle,85009,2020-11-07,3,239
Etalle,85009,2020-11-08,2,241
Etalle,85009,2020-11-09,1,242
Etalle,85009,2020-11-10,2,244
Etalle,85009,2020-11-11,0,244
Musson,85026,2020-04-01,0,0
Musson,85026,2020-04-02,5,5
Musson,85026,2020-04-03,1,6
Musson,85026,2020-04-04,0,6
Musson,85026,2020-04-05,2,8
Musson,85026,2020-04-06,1,9
Musson,85026,2020-04-07,0,9
Musson,85026,2020-04-08,0,9
Musson,85026,2020-04-09,0,9
Musson,85026,2020-04-10,1,10
Musson,85026,2020-04-11,0,10
Musson,85026,2020-04-12,0,10
Musson,85026,2020-04-13,0,10
Musson,85026,2020-04-14,0,10
Musson,85026,2020-04-15,0,10
Musson,85026,2020-04-16,0,10
Musson,85026,2020-04-17,0,10
Musson,85026,2020-04-18,0,10
Musson,85026,2020-04-19,4,14
Musson,85026,2020-04-20,0,14
Musson,85026,2020-04-21,0,14
Musson,85026,2020-04-22,0,14
Musson,85026,2020-04-23,0,14
Musson,85026,2020-04-24,0,14
Musson,85026,2020-04-25,0,14
Musson,85026,2020-04-26,0,14
Musson,85026,2020-04-27,0,14
Musson,85026,2020-04-28,0,14
Musson,85026,2020-04-29,0,14
Musson,85026,2020-04-30,0,14
Musson,85026,2020-05-01,0,14
Musson,85026,2020-05-02,0,14
Musson,85026,2020-05-03,0,14
Musson,85026,2020-05-04,0,14
Musson,85026,2020-05-05,0,14
Musson,85026,2020-05-06,0,14
Musson,85026,2020-05-07,0,14
Musson,85026,2020-05-08,0,14
Musson,85026,2020-05-09,0,14
Musson,85026,2020-05-10,0,14
Musson,85026,2020-05-11,0,14
Musson,85026,2020-05-12,0,14
Musson,85026,2020-05-13,0,14
Musson,85026,2020-05-14,0,14
Musson,85026,2020-05-15,0,14
Musson,85026,2020-05-16,0,14
Musson,85026,2020-05-17,0,14
Musson,85026,2020-05-18,0,14
Musson,85026,2020-05-19,0,14
Musson,85026,2020-05-20,0,14
Musson,85026,2020-05-21,0,14
Musson,85026,2020-05-22,0,14
Musson,85026,2020-05-23,0,14
Musson,85026,2020-05-24,0,14
Musson,85026,2020-05-25,0,14
Musson,85026,2020-05-26,0,14
Musson,85026,2020-05-27,0,14
Musson,85026,2020-05-28,0,14
Musson,85026,2020-05-29,0,14
Musson,85026,2020-05-30,0,14
Musson,85026,2020-05-31,0,14
Musson,85026,2020-06-01,0,14
Musson,85026,2020-06-02,0,14
Musson,85026,2020-06-03,0,14
Musson,85026,2020-06-04,0,14
Musson,85026,2020-06-05,0,14
Musson,85026,2020-06-06,0,14
Musson,85026,2020-06-07,0,14
Musson,85026,2020-06-08,0,14
Musson,85026,2020-06-09,0,14
Musson,85026,2020-06-10,0,14
Musson,85026,2020-06-11,0,14
Musson,85026,2020-06-12,0,14
Musson,85026,2020-06-13,0,14
Musson,85026,2020-06-14,0,14
Musson,85026,2020-06-15,0,14
Musson,85026,2020-06-16,0,14
Musson,85026,2020-06-17,0,14
Musson,85026,2020-06-18,0,14
Musson,85026,2020-06-19,0,14
Musson,85026,2020-06-20,0,14
Musson,85026,2020-06-23,0,14
Musson,85026,2020-06-24,0,14
Musson,85026,2020-06-25,0,14
Musson,85026,2020-06-26,0,14
Musson,85026,2020-06-27,0,14
Musson,85026,2020-06-30,0,14
Musson,85026,2020-07-01,0,14
Musson,85026,2020-07-02,0,14
Musson,85026,2020-07-03,0,14
Musson,85026,2020-07-04,0,14
Musson,85026,2020-07-07,0,14
Musson,85026,2020-07-08,0,14
Musson,85026,2020-07-09,0,14
Musson,85026,2020-07-10,0,14
Musson,85026,2020-07-11,0,14
Musson,85026,2020-07-14,0,14
Musson,85026,2020-07-15,1,15
Musson,85026,2020-07-16,0,15
Musson,85026,2020-07-17,0,15
Musson,85026,2020-07-18,1,16
Musson,85026,2020-07-20,0,16
Musson,85026,2020-07-21,0,16
Musson,85026,2020-07-22,0,16
Musson,85026,2020-07-23,0,16
Musson,85026,2020-07-24,0,16
Musson,85026,2020-07-25,0,16
Musson,85026,2020-07-26,1,17
Musson,85026,2020-07-27,0,17
Musson,85026,2020-07-28,0,17
Musson,85026,2020-07-29,0,17
Musson,85026,2020-07-30,0,17
Musson,85026,2020-07-31,0,17
Musson,85026,2020-08-01,1,18
Musson,85026,2020-08-02,0,18
Musson,85026,2020-08-03,0,18
Musson,85026,2020-08-04,0,18
Musson,85026,2020-08-05,0,18
Musson,85026,2020-08-06,0,18
Musson,85026,2020-08-07,0,18
Musson,85026,2020-08-08,0,18
Musson,85026,2020-08-09,0,18
Musson,85026,2020-08-10,0,18
Musson,85026,2020-08-11,0,18
Musson,85026,2020-08-12,0,18
Musson,85026,2020-08-13,0,18
Musson,85026,2020-08-14,0,18
Musson,85026,2020-08-15,0,18
Musson,85026,2020-08-16,0,18
Musson,85026,2020-08-17,0,18
Musson,85026,2020-08-18,0,18
Musson,85026,2020-08-19,0,18
Musson,85026,2020-08-20,0,18
Musson,85026,2020-08-21,0,18
Musson,85026,2020-08-22,0,18
Musson,85026,2020-08-23,0,18
Musson,85026,2020-08-24,0,18
Musson,85026,2020-08-25,0,18
Musson,85026,2020-08-26,0,18
Musson,85026,2020-08-27,0,18
Musson,85026,2020-08-28,0,18
Musson,85026,2020-08-29,0,18
Musson,85026,2020-08-30,0,18
Musson,85026,2020-08-31,0,18
Musson,85026,2020-09-01,0,18
Musson,85026,2020-09-02,0,18
Musson,85026,2020-09-03,0,18
Musson,85026,2020-09-04,0,18
Musson,85026,2020-09-05,0,18
Musson,85026,2020-09-06,1,19
Musson,85026,2020-09-07,0,19
Musson,85026,2020-09-08,0,19
Musson,85026,2020-09-09,0,19
Musson,85026,2020-09-10,0,19
Musson,85026,2020-09-11,0,19
Musson,85026,2020-09-12,0,19
Musson,85026,2020-09-13,0,19
Musson,85026,2020-09-14,0,19
Musson,85026,2020-09-15,0,19
Musson,85026,2020-09-16,1,20
Musson,85026,2020-09-17,0,20
Musson,85026,2020-09-18,0,20
Musson,85026,2020-09-19,0,20
Musson,85026,2020-09-20,0,20
Musson,85026,2020-09-21,0,20
Musson,85026,2020-09-22,0,20
Musson,85026,2020-09-23,0,20
Musson,85026,2020-09-24,0,20
Musson,85026,2020-09-25,2,22
Musson,85026,2020-09-26,0,22
Musson,85026,2020-09-27,1,23
Musson,85026,2020-09-28,0,23
Musson,85026,2020-09-29,0,23
Musson,85026,2020-09-30,0,23
Musson,85026,2020-10-01,0,23
Musson,85026,2020-10-02,1,24
Musson,85026,2020-10-03,2,26
Musson,85026,2020-10-04,1,27
Musson,85026,2020-10-05,1,28
Musson,85026,2020-10-06,0,28
Musson,85026,2020-10-07,1,29
Musson,85026,2020-10-08,1,30
Musson,85026,2020-10-09,0,30
Musson,85026,2020-10-10,3,33
Musson,85026,2020-10-11,4,37
Musson,85026,2020-10-12,2,39
Musson,85026,2020-10-13,2,41
Musson,85026,2020-10-14,3,44
Musson,85026,2020-10-15,0,44
Musson,85026,2020-10-16,7,51
Musson,85026,2020-10-17,5,56
Musson,85026,2020-10-18,3,59
Musson,85026,2020-10-19,3,62
Musson,85026,2020-10-20,1,63
Musson,85026,2020-10-21,1,64
Musson,85026,2020-10-22,3,67
Musson,85026,2020-10-23,7,74
Musson,85026,2020-10-24,11,85
Musson,85026,2020-10-25,8,93
Musson,85026,2020-10-26,0,93
Musson,85026,2020-10-27,0,93
Musson,85026,2020-10-28,4,97
Musson,85026,2020-10-29,8,105
Musson,85026,2020-10-30,12,117
Musson,85026,2020-10-31,9,126
Musson,85026,2020-11-01,7,133
Musson,85026,2020-11-02,0,133
Musson,85026,2020-11-03,2,135
Musson,85026,2020-11-04,-11,124
Musson,85026,2020-11-05,18,142
Musson,85026,2020-11-06,3,145
Musson,85026,2020-11-07,1,146
Musson,85026,2020-11-08,6,152
Musson,85026,2020-11-09,1,153
Musson,85026,2020-11-10,3,156
Musson,85026,2020-11-11,1,157
Saint-Léger (Virton),85034,2020-04-01,0,0
Saint-Léger (Virton),85034,2020-04-02,0,0
Saint-Léger (Virton),85034,2020-04-03,0,0
Saint-Léger (Virton),85034,2020-04-04,0,0
Saint-Léger (Virton),85034,2020-04-05,5,5
Saint-Léger (Virton),85034,2020-04-06,0,5
Saint-Léger (Virton),85034,2020-04-07,0,5
Saint-Léger (Virton),85034,2020-04-08,0,5
Saint-Léger (Virton),85034,2020-04-09,1,6
Saint-Léger (Virton),85034,2020-04-10,0,6
Saint-Léger (Virton),85034,2020-04-11,0,6
Saint-Léger (Virton),85034,2020-04-12,0,6
Saint-Léger (Virton),85034,2020-04-13,0,6
Saint-Léger (Virton),85034,2020-04-14,0,6
Saint-Léger (Virton),85034,2020-04-15,0,6
Saint-Léger (Virton),85034,2020-04-16,0,6
Saint-Léger (Virton),85034,2020-04-17,0,6
Saint-Léger (Virton),85034,2020-04-18,0,6
Saint-Léger (Virton),85034,2020-04-19,0,6
Saint-Léger (Virton),85034,2020-04-20,1,7
Saint-Léger (Virton),85034,2020-04-21,0,7
Saint-Léger (Virton),85034,2020-04-22,0,7
Saint-Léger (Virton),85034,2020-04-23,0,7
Saint-Léger (Virton),85034,2020-04-24,0,7
Saint-Léger (Virton),85034,2020-04-25,0,7
Saint-Léger (Virton),85034,2020-04-26,0,7
Saint-Léger (Virton),85034,2020-04-27,0,7
Saint-Léger (Virton),85034,2020-04-28,0,7
Saint-Léger (Virton),85034,2020-04-29,0,7
Saint-Léger (Virton),85034,2020-04-30,0,7
Saint-Léger (Virton),85034,2020-05-01,0,7
Saint-Léger (Virton),85034,2020-05-02,0,7
Saint-Léger (Virton),85034,2020-05-03,0,7
Saint-Léger (Virton),85034,2020-05-04,0,7
Saint-Léger (Virton),85034,2020-05-05,0,7
Saint-Léger (Virton),85034,2020-05-06,0,7
Saint-Léger (Virton),85034,2020-05-07,0,7
Saint-Léger (Virton),85034,2020-05-08,0,7
Saint-Léger (Virton),85034,2020-05-09,0,7
Saint-Léger (Virton),85034,2020-05-10,0,7
Saint-Léger (Virton),85034,2020-05-11,0,7
Saint-Léger (Virton),85034,2020-05-12,0,7
Saint-Léger (Virton),85034,2020-05-13,0,7
Saint-Léger (Virton),85034,2020-05-14,0,7
Saint-Léger (Virton),85034,2020-05-15,0,7
Saint-Léger (Virton),85034,2020-05-16,0,7
Saint-Léger (Virton),85034,2020-05-17,0,7
Saint-Léger (Virton),85034,2020-05-18,0,7
Saint-Léger (Virton),85034,2020-05-19,0,7
Saint-Léger (Virton),85034,2020-05-20,0,7
Saint-Léger (Virton),85034,2020-05-21,0,7
Saint-Léger (Virton),85034,2020-05-22,0,7
Saint-Léger (Virton),85034,2020-05-23,0,7
Saint-Léger (Virton),85034,2020-05-24,0,7
Saint-Léger (Virton),85034,2020-05-25,0,7
Saint-Léger (Virton),85034,2020-05-26,0,7
Saint-Léger (Virton),85034,2020-05-27,0,7
Saint-Léger (Virton),85034,2020-05-28,0,7
Saint-Léger (Virton),85034,2020-05-29,0,7
Saint-Léger (Virton),85034,2020-05-30,0,7
Saint-Léger (Virton),85034,2020-05-31,0,7
Saint-Léger (Virton),85034,2020-06-01,0,7
Saint-Léger (Virton),85034,2020-06-02,0,7
Saint-Léger (Virton),85034,2020-06-03,0,7
Saint-Léger (Virton),85034,2020-06-04,0,7
Saint-Léger (Virton),85034,2020-06-05,0,7
Saint-Léger (Virton),85034,2020-06-06,0,7
Saint-Léger (Virton),85034,2020-06-07,0,7
Saint-Léger (Virton),85034,2020-06-08,0,7
Saint-Léger (Virton),85034,2020-06-09,0,7
Saint-Léger (Virton),85034,2020-06-10,0,7
Saint-Léger (Virton),85034,2020-06-11,0,7
Saint-Léger (Virton),85034,2020-06-12,0,7
Saint-Léger (Virton),85034,2020-06-13,0,7
Saint-Léger (Virton),85034,2020-06-14,0,7
Saint-Léger (Virton),85034,2020-06-15,0,7
Saint-Léger (Virton),85034,2020-06-16,0,7
Saint-Léger (Virton),85034,2020-06-17,0,7
Saint-Léger (Virton),85034,2020-06-18,0,7
Saint-Léger (Virton),85034,2020-06-19,0,7
Saint-Léger (Virton),85034,2020-06-20,0,7
Saint-Léger (Virton),85034,2020-06-23,0,7
Saint-Léger (Virton),85034,2020-06-24,0,7
Saint-Léger (Virton),85034,2020-06-25,0,7
Saint-Léger (Virton),85034,2020-06-26,0,7
Saint-Léger (Virton),85034,2020-06-27,0,7
Saint-Léger (Virton),85034,2020-06-30,0,7
Saint-Léger (Virton),85034,2020-07-01,0,7
Saint-Léger (Virton),85034,2020-07-02,0,7
Saint-Léger (Virton),85034,2020-07-03,0,7
Saint-Léger (Virton),85034,2020-07-04,0,7
Saint-Léger (Virton),85034,2020-07-07,0,7
Saint-Léger (Virton),85034,2020-07-08,0,7
Saint-Léger (Virton),85034,2020-07-09,0,7
Saint-Léger (Virton),85034,2020-07-10,0,7
Saint-Léger (Virton),85034,2020-07-11,0,7
Saint-Léger (Virton),85034,2020-07-14,0,7
Saint-Léger (Virton),85034,2020-07-15,0,7
Saint-Léger (Virton),85034,2020-07-16,0,7
Saint-Léger (Virton),85034,2020-07-17,0,7
Saint-Léger (Virton),85034,2020-07-18,0,7
Saint-Léger (Virton),85034,2020-07-20,0,7
Saint-Léger (Virton),85034,2020-07-21,0,7
Saint-Léger (Virton),85034,2020-07-22,0,7
Saint-Léger (Virton),85034,2020-07-23,0,7
Saint-Léger (Virton),85034,2020-07-24,0,7
Saint-Léger (Virton),85034,2020-07-25,0,7
Saint-Léger (Virton),85034,2020-07-26,0,7
Saint-Léger (Virton),85034,2020-07-27,0,7
Saint-Léger (Virton),85034,2020-07-28,0,7
Saint-Léger (Virton),85034,2020-07-29,0,7
Saint-Léger (Virton),85034,2020-07-30,0,7
Saint-Léger (Virton),85034,2020-07-31,0,7
Saint-Léger (Virton),85034,2020-08-01,0,7
Saint-Léger (Virton),85034,2020-08-02,0,7
Saint-Léger (Virton),85034,2020-08-03,0,7
Saint-Léger (Virton),85034,2020-08-04,0,7
Saint-Léger (Virton),85034,2020-08-05,0,7
Saint-Léger (Virton),85034,2020-08-06,0,7
Saint-Léger (Virton),85034,2020-08-07,0,7
Saint-Léger (Virton),85034,2020-08-08,0,7
Saint-Léger (Virton),85034,2020-08-09,0,7
Saint-Léger (Virton),85034,2020-08-10,0,7
Saint-Léger (Virton),85034,2020-08-11,0,7
Saint-Léger (Virton),85034,2020-08-12,1,8
Saint-Léger (Virton),85034,2020-08-13,0,8
Saint-Léger (Virton),85034,2020-08-14,0,8
Saint-Léger (Virton),85034,2020-08-15,0,8
Saint-Léger (Virton),85034,2020-08-16,0,8
Saint-Léger (Virton),85034,2020-08-17,0,8
Saint-Léger (Virton),85034,2020-08-18,0,8
Saint-Léger (Virton),85034,2020-08-19,0,8
Saint-Léger (Virton),85034,2020-08-20,0,8
Saint-Léger (Virton),85034,2020-08-21,0,8
Saint-Léger (Virton),85034,2020-08-22,0,8
Saint-Léger (Virton),85034,2020-08-23,0,8
Saint-Léger (Virton),85034,2020-08-24,0,8
Saint-Léger (Virton),85034,2020-08-25,0,8
Saint-Léger (Virton),85034,2020-08-26,0,8
Saint-Léger (Virton),85034,2020-08-27,0,8
Saint-Léger (Virton),85034,2020-08-28,0,8
Saint-Léger (Virton),85034,2020-08-29,0,8
Saint-Léger (Virton),85034,2020-08-30,0,8
Saint-Léger (Virton),85034,2020-08-31,0,8
Saint-Léger (Virton),85034,2020-09-01,0,8
Saint-Léger (Virton),85034,2020-09-02,0,8
Saint-Léger (Virton),85034,2020-09-03,0,8
Saint-Léger (Virton),85034,2020-09-04,0,8
Saint-Léger (Virton),85034,2020-09-05,0,8
Saint-Léger (Virton),85034,2020-09-06,1,9
Saint-Léger (Virton),85034,2020-09-07,0,9
Saint-Léger (Virton),85034,2020-09-08,0,9
Saint-Léger (Virton),85034,2020-09-09,0,9
Saint-Léger (Virton),85034,2020-09-10,0,9
Saint-Léger (Virton),85034,2020-09-11,0,9
Saint-Léger (Virton),85034,2020-09-12,0,9
Saint-Léger (Virton),85034,2020-09-13,1,10
Saint-Léger (Virton),85034,2020-09-14,0,10
Saint-Léger (Virton),85034,2020-09-15,1,11
Saint-Léger (Virton),85034,2020-09-16,0,11
Saint-Léger (Virton),85034,2020-09-17,2,13
Saint-Léger (Virton),85034,2020-09-18,0,13
Saint-Léger (Virton),85034,2020-09-19,1,14
Saint-Léger (Virton),85034,2020-09-20,1,15
Saint-Léger (Virton),85034,2020-09-21,1,16
Saint-Léger (Virton),85034,2020-09-22,0,16
Saint-Léger (Virton),85034,2020-09-23,0,16
Saint-Léger (Virton),85034,2020-09-24,1,17
Saint-Léger (Virton),85034,2020-09-25,1,18
Saint-Léger (Virton),85034,2020-09-26,0,18
Saint-Léger (Virton),85034,2020-09-27,0,18
Saint-Léger (Virton),85034,2020-09-28,0,18
Saint-Léger (Virton),85034,2020-09-29,0,18
Saint-Léger (Virton),85034,2020-09-30,1,19
Saint-Léger (Virton),85034,2020-10-01,0,19
Saint-Léger (Virton),85034,2020-10-02,0,19
Saint-Léger (Virton),85034,2020-10-03,0,19
Saint-Léger (Virton),85034,2020-10-04,2,21
Saint-Léger (Virton),85034,2020-10-05,1,22
Saint-Léger (Virton),85034,2020-10-06,2,24
Saint-Léger (Virton),85034,2020-10-07,1,25
Saint-Léger (Virton),85034,2020-10-08,3,28
Saint-Léger (Virton),85034,2020-10-09,7,35
Saint-Léger (Virton),85034,2020-10-10,3,38
Saint-Léger (Virton),85034,2020-10-11,4,42
Saint-Léger (Virton),85034,2020-10-12,4,46
Saint-Léger (Virton),85034,2020-10-13,1,47
Saint-Léger (Virton),85034,2020-10-14,4,51
Saint-Léger (Virton),85034,2020-10-15,3,54
Saint-Léger (Virton),85034,2020-10-16,0,54
Saint-Léger (Virton),85034,2020-10-17,2,56
Saint-Léger (Virton),85034,2020-10-18,4,60
Saint-Léger (Virton),85034,2020-10-19,2,62
Saint-Léger (Virton),85034,2020-10-20,3,65
Saint-Léger (Virton),85034,2020-10-21,3,68
Saint-Léger (Virton),85034,2020-10-22,2,70
Saint-Léger (Virton),85034,2020-10-23,4,74
Saint-Léger (Virton),85034,2020-10-24,7,81
Saint-Léger (Virton),85034,2020-10-25,4,85
Saint-Léger (Virton),85034,2020-10-26,1,86
Saint-Léger (Virton),85034,2020-10-27,0,86
Saint-Léger (Virton),85034,2020-10-28,4,90
Saint-Léger (Virton),85034,2020-10-29,7,97
Saint-Léger (Virton),85034,2020-10-30,7,104
Saint-Léger (Virton),85034,2020-10-31,6,110
Saint-Léger (Virton),85034,2020-11-01,6,116
Saint-Léger (Virton),85034,2020-11-02,0,116
Saint-Léger (Virton),85034,2020-11-03,0,116
Saint-Léger (Virton),85034,2020-11-04,-6,110
Saint-Léger (Virton),85034,2020-11-05,10,120
Saint-Léger (Virton),85034,2020-11-06,7,127
Saint-Léger (Virton),85034,2020-11-07,3,130
Saint-Léger (Virton),85034,2020-11-08,2,132
Saint-Léger (Virton),85034,2020-11-09,1,133
Saint-Léger (Virton),85034,2020-11-10,3,136
Saint-Léger (Virton),85034,2020-11-11,0,136
Tintigny,85039,2020-04-01,0,0
Tintigny,85039,2020-04-02,0,0
Tintigny,85039,2020-04-03,0,0
Tintigny,85039,2020-04-04,0,0
Tintigny,85039,2020-04-05,0,0
Tintigny,85039,2020-04-06,0,0
Tintigny,85039,2020-04-07,0,0
Tintigny,85039,2020-04-08,0,0
Tintigny,85039,2020-04-09,0,0
Tintigny,85039,2020-04-10,6,6
Tintigny,85039,2020-04-11,0,6
Tintigny,85039,2020-04-12,0,6
Tintigny,85039,2020-04-13,0,6
Tintigny,85039,2020-04-14,0,6
Tintigny,85039,2020-04-15,0,6
Tintigny,85039,2020-04-16,0,6
Tintigny,85039,2020-04-17,0,6
Tintigny,85039,2020-04-18,1,7
Tintigny,85039,2020-04-19,1,8
Tintigny,85039,2020-04-20,0,8
Tintigny,85039,2020-04-21,5,13
Tintigny,85039,2020-04-22,0,13
Tintigny,85039,2020-04-23,0,13
Tintigny,85039,2020-04-24,0,13
Tintigny,85039,2020-04-25,0,13
Tintigny,85039,2020-04-26,0,13
Tintigny,85039,2020-04-27,0,13
Tintigny,85039,2020-04-28,1,14
Tintigny,85039,2020-04-29,0,14
Tintigny,85039,2020-04-30,0,14
Tintigny,85039,2020-05-01,0,14
Tintigny,85039,2020-05-02,0,14
Tintigny,85039,2020-05-03,0,14
Tintigny,85039,2020-05-04,0,14
Tintigny,85039,2020-05-05,0,14
Tintigny,85039,2020-05-06,0,14
Tintigny,85039,2020-05-07,0,14
Tintigny,85039,2020-05-08,0,14
Tintigny,85039,2020-05-09,0,14
Tintigny,85039,2020-05-10,0,14
Tintigny,85039,2020-05-11,0,14
Tintigny,85039,2020-05-12,0,14
Tintigny,85039,2020-05-13,0,14
Tintigny,85039,2020-05-14,0,14
Tintigny,85039,2020-05-15,0,14
Tintigny,85039,2020-05-16,0,14
Tintigny,85039,2020-05-17,0,14
Tintigny,85039,2020-05-18,0,14
Tintigny,85039,2020-05-19,0,14
Tintigny,85039,2020-05-20,0,14
Tintigny,85039,2020-05-21,0,14
Tintigny,85039,2020-05-22,0,14
Tintigny,85039,2020-05-23,0,14
Tintigny,85039,2020-05-24,0,14
Tintigny,85039,2020-05-25,0,14
Tintigny,85039,2020-05-26,0,14
Tintigny,85039,2020-05-27,0,14
Tintigny,85039,2020-05-28,0,14
Tintigny,85039,2020-05-29,0,14
Tintigny,85039,2020-05-30,0,14
Tintigny,85039,2020-05-31,0,14
Tintigny,85039,2020-06-01,0,14
Tintigny,85039,2020-06-02,0,14
Tintigny,85039,2020-06-03,0,14
Tintigny,85039,2020-06-04,0,14
Tintigny,85039,2020-06-05,0,14
Tintigny,85039,2020-06-06,0,14
Tintigny,85039,2020-06-07,0,14
Tintigny,85039,2020-06-08,0,14
Tintigny,85039,2020-06-09,0,14
Tintigny,85039,2020-06-10,0,14
Tintigny,85039,2020-06-11,0,14
Tintigny,85039,2020-06-12,0,14
Tintigny,85039,2020-06-13,0,14
Tintigny,85039,2020-06-14,0,14
Tintigny,85039,2020-06-15,0,14
Tintigny,85039,2020-06-16,0,14
Tintigny,85039,2020-06-17,0,14
Tintigny,85039,2020-06-18,0,14
Tintigny,85039,2020-06-19,0,14
Tintigny,85039,2020-06-20,0,14
Tintigny,85039,2020-06-23,0,14
Tintigny,85039,2020-06-24,0,14
Tintigny,85039,2020-06-25,0,14
Tintigny,85039,2020-06-26,0,14
Tintigny,85039,2020-06-27,0,14
Tintigny,85039,2020-06-30,0,14
Tintigny,85039,2020-07-01,0,14
Tintigny,85039,2020-07-02,0,14
Tintigny,85039,2020-07-03,0,14
Tintigny,85039,2020-07-04,0,14
Tintigny,85039,2020-07-07,0,14
Tintigny,85039,2020-07-08,0,14
Tintigny,85039,2020-07-09,0,14
Tintigny,85039,2020-07-10,0,14
Tintigny,85039,2020-07-11,0,14
Tintigny,85039,2020-07-14,0,14
Tintigny,85039,2020-07-15,0,14
Tintigny,85039,2020-07-16,0,14
Tintigny,85039,2020-07-17,0,14
Tintigny,85039,2020-07-18,0,14
Tintigny,85039,2020-07-20,0,14
Tintigny,85039,2020-07-21,0,14
Tintigny,85039,2020-07-22,0,14
Tintigny,85039,2020-07-23,0,14
Tintigny,85039,2020-07-24,0,14
Tintigny,85039,2020-07-25,0,14
Tintigny,85039,2020-07-26,0,14
Tintigny,85039,2020-07-27,0,14
Tintigny,85039,2020-07-28,0,14
Tintigny,85039,2020-07-29,1,15
Tintigny,85039,2020-07-30,0,15
Tintigny,85039,2020-07-31,0,15
Tintigny,85039,2020-08-01,0,15
Tintigny,85039,2020-08-02,1,16
Tintigny,85039,2020-08-03,0,16
Tintigny,85039,2020-08-04,0,16
Tintigny,85039,2020-08-05,2,18
Tintigny,85039,2020-08-06,1,19
Tintigny,85039,2020-08-07,2,21
Tintigny,85039,2020-08-08,0,21
Tintigny,85039,2020-08-09,1,22
Tintigny,85039,2020-08-10,0,22
Tintigny,85039,2020-08-11,0,22
Tintigny,85039,2020-08-12,0,22
Tintigny,85039,2020-08-13,1,23
Tintigny,85039,2020-08-14,1,24
Tintigny,85039,2020-08-15,0,24
Tintigny,85039,2020-08-16,1,25
Tintigny,85039,2020-08-17,0,25
Tintigny,85039,2020-08-18,0,25
Tintigny,85039,2020-08-19,0,25
Tintigny,85039,2020-08-20,0,25
Tintigny,85039,2020-08-21,0,25
Tintigny,85039,2020-08-22,0,25
Tintigny,85039,2020-08-23,0,25
Tintigny,85039,2020-08-24,0,25
Tintigny,85039,2020-08-25,0,25
Tintigny,85039,2020-08-26,0,25
Tintigny,85039,2020-08-27,0,25
Tintigny,85039,2020-08-28,0,25
Tintigny,85039,2020-08-29,0,25
Tintigny,85039,2020-08-30,0,25
Tintigny,85039,2020-08-31,0,25
Tintigny,85039,2020-09-01,0,25
Tintigny,85039,2020-09-02,0,25
Tintigny,85039,2020-09-03,0,25
Tintigny,85039,2020-09-04,0,25
Tintigny,85039,2020-09-05,0,25
Tintigny,85039,2020-09-06,0,25
Tintigny,85039,2020-09-07,0,25
Tintigny,85039,2020-09-08,0,25
Tintigny,85039,2020-09-09,0,25
Tintigny,85039,2020-09-10,0,25
Tintigny,85039,2020-09-11,0,25
Tintigny,85039,2020-09-12,0,25
Tintigny,85039,2020-09-13,0,25
Tintigny,85039,2020-09-14,0,25
Tintigny,85039,2020-09-15,0,25
Tintigny,85039,2020-09-16,0,25
Tintigny,85039,2020-09-17,0,25
Tintigny,85039,2020-09-18,0,25
Tintigny,85039,2020-09-19,1,26
Tintigny,85039,2020-09-20,1,27
Tintigny,85039,2020-09-21,0,27
Tintigny,85039,2020-09-22,0,27
Tintigny,85039,2020-09-23,3,30
Tintigny,85039,2020-09-24,0,30
Tintigny,85039,2020-09-25,0,30
Tintigny,85039,2020-09-26,0,30
Tintigny,85039,2020-09-27,2,32
Tintigny,85039,2020-09-28,0,32
Tintigny,85039,2020-09-29,1,33
Tintigny,85039,2020-09-30,0,33
Tintigny,85039,2020-10-01,3,36
Tintigny,85039,2020-10-02,0,36
Tintigny,85039,2020-10-03,2,38
Tintigny,85039,2020-10-04,1,39
Tintigny,85039,2020-10-05,0,39
Tintigny,85039,2020-10-06,3,42
Tintigny,85039,2020-10-07,0,42
Tintigny,85039,2020-10-08,0,42
Tintigny,85039,2020-10-09,3,45
Tintigny,85039,2020-10-10,2,47
Tintigny,85039,2020-10-11,5,52
Tintigny,85039,2020-10-12,2,54
Tintigny,85039,2020-10-13,0,54
Tintigny,85039,2020-10-14,6,60
Tintigny,85039,2020-10-15,3,63
Tintigny,85039,2020-10-16,3,66
Tintigny,85039,2020-10-17,8,74
Tintigny,85039,2020-10-18,6,80
Tintigny,85039,2020-10-19,5,85
Tintigny,85039,2020-10-20,6,91
Tintigny,85039,2020-10-21,1,92
Tintigny,85039,2020-10-22,10,102
Tintigny,85039,2020-10-23,6,108
Tintigny,85039,2020-10-24,9,117
Tintigny,85039,2020-10-25,6,123
Tintigny,85039,2020-10-26,5,128
Tintigny,85039,2020-10-27,0,128
Tintigny,85039,2020-10-28,6,134
Tintigny,85039,2020-10-29,7,141
Tintigny,85039,2020-10-30,9,150
Tintigny,85039,2020-10-31,10,160
Tintigny,85039,2020-11-01,10,170
Tintigny,85039,2020-11-02,5,175
Tintigny,85039,2020-11-03,0,175
Tintigny,85039,2020-11-04,-6,169
Tintigny,85039,2020-11-05,13,182
Tintigny,85039,2020-11-06,1,183
Tintigny,85039,2020-11-07,2,185
Tintigny,85039,2020-11-08,4,189
Tintigny,85039,2020-11-09,3,192
Tintigny,85039,2020-11-10,2,194
Tintigny,85039,2020-11-11,2,196
Virton,85045,2020-04-01,0,8
Virton,85045,2020-04-02,3,11
Virton,85045,2020-04-03,5,16
Virton,85045,2020-04-04,2,18
Virton,85045,2020-04-05,3,21
Virton,85045,2020-04-06,0,21
Virton,85045,2020-04-07,0,21
Virton,85045,2020-04-08,0,21
Virton,85045,2020-04-09,3,24
Virton,85045,2020-04-10,2,26
Virton,85045,2020-04-11,0,26
Virton,85045,2020-04-12,0,26
Virton,85045,2020-04-13,0,26
Virton,85045,2020-04-14,0,26
Virton,85045,2020-04-15,0,26
Virton,85045,2020-04-16,2,28
Virton,85045,2020-04-17,0,28
Virton,85045,2020-04-18,4,32
Virton,85045,2020-04-19,2,34
Virton,85045,2020-04-20,0,34
Virton,85045,2020-04-21,1,35
Virton,85045,2020-04-22,0,35
Virton,85045,2020-04-23,0,35
Virton,85045,2020-04-24,0,35
Virton,85045,2020-04-25,0,35
Virton,85045,2020-04-26,1,36
Virton,85045,2020-04-27,0,36
Virton,85045,2020-04-28,1,37
Virton,85045,2020-04-29,0,37
Virton,85045,2020-04-30,0,37
Virton,85045,2020-05-01,0,37
Virton,85045,2020-05-02,0,37
Virton,85045,2020-05-03,0,37
Virton,85045,2020-05-04,0,37
Virton,85045,2020-05-05,0,37
Virton,85045,2020-05-06,0,37
Virton,85045,2020-05-07,0,37
Virton,85045,2020-05-08,0,37
Virton,85045,2020-05-09,0,37
Virton,85045,2020-05-10,1,38
Virton,85045,2020-05-11,0,38
Virton,85045,2020-05-12,0,38
Virton,85045,2020-05-13,0,38
Virton,85045,2020-05-14,0,38
Virton,85045,2020-05-15,0,38
Virton,85045,2020-05-16,0,38
Virton,85045,2020-05-17,0,38
Virton,85045,2020-05-18,0,38
Virton,85045,2020-05-19,0,38
Virton,85045,2020-05-20,0,38
Virton,85045,2020-05-21,0,38
Virton,85045,2020-05-22,0,38
Virton,85045,2020-05-23,0,38
Virton,85045,2020-05-24,0,38
Virton,85045,2020-05-25,0,38
Virton,85045,2020-05-26,0,38
Virton,85045,2020-05-27,0,38
Virton,85045,2020-05-28,0,38
Virton,85045,2020-05-29,0,38
Virton,85045,2020-05-30,0,38
Virton,85045,2020-05-31,0,38
Virton,85045,2020-06-01,0,38
Virton,85045,2020-06-02,0,38
Virton,85045,2020-06-03,0,38
Virton,85045,2020-06-04,0,38
Virton,85045,2020-06-05,0,38
Virton,85045,2020-06-06,0,38
Virton,85045,2020-06-07,0,38
Virton,85045,2020-06-08,0,38
Virton,85045,2020-06-09,0,38
Virton,85045,2020-06-10,0,38
Virton,85045,2020-06-11,0,38
Virton,85045,2020-06-12,0,38
Virton,85045,2020-06-13,0,38
Virton,85045,2020-06-14,0,38
Virton,85045,2020-06-15,0,38
Virton,85045,2020-06-16,0,38
Virton,85045,2020-06-17,0,38
Virton,85045,2020-06-18,0,38
Virton,85045,2020-06-19,0,38
Virton,85045,2020-06-20,0,38
Virton,85045,2020-06-23,0,38
Virton,85045,2020-06-24,0,38
Virton,85045,2020-06-25,0,38
Virton,85045,2020-06-26,0,38
Virton,85045,2020-06-27,0,38
Virton,85045,2020-06-30,0,38
Virton,85045,2020-07-01,0,38
Virton,85045,2020-07-02,0,38
Virton,85045,2020-07-03,0,38
Virton,85045,2020-07-04,0,38
Virton,85045,2020-07-07,0,38
Virton,85045,2020-07-08,0,38
Virton,85045,2020-07-09,0,38
Virton,85045,2020-07-10,0,38
Virton,85045,2020-07-11,0,38
Virton,85045,2020-07-14,0,38
Virton,85045,2020-07-15,0,38
Virton,85045,2020-07-16,0,38
Virton,85045,2020-07-17,0,38
Virton,85045,2020-07-18,0,38
Virton,85045,2020-07-20,0,38
Virton,85045,2020-07-21,0,38
Virton,85045,2020-07-22,0,38
Virton,85045,2020-07-23,0,38
Virton,85045,2020-07-24,0,38
Virton,85045,2020-07-25,0,38
Virton,85045,2020-07-26,0,38
Virton,85045,2020-07-27,0,38
Virton,85045,2020-07-28,0,38
Virton,85045,2020-07-29,1,39
Virton,85045,2020-07-30,0,39
Virton,85045,2020-07-31,0,39
Virton,85045,2020-08-01,1,40
Virton,85045,2020-08-02,0,40
Virton,85045,2020-08-03,0,40
Virton,85045,2020-08-04,1,41
Virton,85045,2020-08-05,0,41
Virton,85045,2020-08-06,0,41
Virton,85045,2020-08-07,0,41
Virton,85045,2020-08-08,0,41
Virton,85045,2020-08-09,0,41
Virton,85045,2020-08-10,0,41
Virton,85045,2020-08-11,0,41
Virton,85045,2020-08-12,0,41
Virton,85045,2020-08-13,0,41
Virton,85045,2020-08-14,0,41
Virton,85045,2020-08-15,0,41
Virton,85045,2020-08-16,0,41
Virton,85045,2020-08-17,0,41
Virton,85045,2020-08-18,0,41
Virton,85045,2020-08-19,0,41
Virton,85045,2020-08-20,0,41
Virton,85045,2020-08-21,4,45
Virton,85045,2020-08-22,0,45
Virton,85045,2020-08-23,0,45
Virton,85045,2020-08-24,0,45
Virton,85045,2020-08-25,0,45
Virton,85045,2020-08-26,0,45
Virton,85045,2020-08-27,0,45
Virton,85045,2020-08-28,0,45
Virton,85045,2020-08-29,0,45
Virton,85045,2020-08-30,5,50
Virton,85045,2020-08-31,1,51
Virton,85045,2020-09-01,0,51
Virton,85045,2020-09-02,0,51
Virton,85045,2020-09-03,0,51
Virton,85045,2020-09-04,0,51
Virton,85045,2020-09-05,0,51
Virton,85045,2020-09-06,0,51
Virton,85045,2020-09-07,0,51
Virton,85045,2020-09-08,0,51
Virton,85045,2020-09-09,0,51
Virton,85045,2020-09-10,0,51
Virton,85045,2020-09-11,0,51
Virton,85045,2020-09-12,0,51
Virton,85045,2020-09-13,0,51
Virton,85045,2020-09-14,0,51
Virton,85045,2020-09-15,2,53
Virton,85045,2020-09-16,0,53
Virton,85045,2020-09-17,2,55
Virton,85045,2020-09-18,2,57
Virton,85045,2020-09-19,4,61
Virton,85045,2020-09-20,0,61
Virton,85045,2020-09-21,0,61
Virton,85045,2020-09-22,0,61
Virton,85045,2020-09-23,1,62
Virton,85045,2020-09-24,0,62
Virton,85045,2020-09-25,0,62
Virton,85045,2020-09-26,2,64
Virton,85045,2020-09-27,1,65
Virton,85045,2020-09-28,3,68
Virton,85045,2020-09-29,0,68
Virton,85045,2020-09-30,0,68
Virton,85045,2020-10-01,1,69
Virton,85045,2020-10-02,0,69
Virton,85045,2020-10-03,2,71
Virton,85045,2020-10-04,2,73
Virton,85045,2020-10-05,1,74
Virton,85045,2020-10-06,2,76
Virton,85045,2020-10-07,1,77
Virton,85045,2020-10-08,1,78
Virton,85045,2020-10-09,8,86
Virton,85045,2020-10-10,0,86
Virton,85045,2020-10-11,14,100
Virton,85045,2020-10-12,6,106
Virton,85045,2020-10-13,1,107
Virton,85045,2020-10-14,4,111
Virton,85045,2020-10-15,1,112
Virton,85045,2020-10-16,4,116
Virton,85045,2020-10-17,10,126
Virton,85045,2020-10-18,6,132
Virton,85045,2020-10-19,6,138
Virton,85045,2020-10-20,2,140
Virton,85045,2020-10-21,6,146
Virton,85045,2020-10-22,3,149
Virton,85045,2020-10-23,11,160
Virton,85045,2020-10-24,21,181
Virton,85045,2020-10-25,21,202
Virton,85045,2020-10-26,4,206
Virton,85045,2020-10-27,3,209
Virton,85045,2020-10-28,12,221
Virton,85045,2020-10-29,11,232
Virton,85045,2020-10-30,14,246
Virton,85045,2020-10-31,13,259
Virton,85045,2020-11-01,16,275
Virton,85045,2020-11-02,5,280
Virton,85045,2020-11-03,4,284
Virton,85045,2020-11-04,-1,283
Virton,85045,2020-11-05,21,304
Virton,85045,2020-11-06,9,313
Virton,85045,2020-11-07,6,319
Virton,85045,2020-11-08,7,326
Virton,85045,2020-11-09,1,327
Virton,85045,2020-11-10,3,330
Virton,85045,2020-11-11,5,335
Habay,85046,2020-04-01,0,0
Habay,85046,2020-04-02,0,0
Habay,85046,2020-04-03,5,5
Habay,85046,2020-04-04,4,9
Habay,85046,2020-04-05,2,11
Habay,85046,2020-04-06,0,11
Habay,85046,2020-04-07,0,11
Habay,85046,2020-04-08,0,11
Habay,85046,2020-04-09,0,11
Habay,85046,2020-04-10,1,12
Habay,85046,2020-04-11,0,12
Habay,85046,2020-04-12,1,13
Habay,85046,2020-04-13,0,13
Habay,85046,2020-04-14,1,14
Habay,85046,2020-04-15,0,14
Habay,85046,2020-04-16,0,14
Habay,85046,2020-04-17,0,14
Habay,85046,2020-04-18,0,14
Habay,85046,2020-04-19,1,15
Habay,85046,2020-04-20,0,15
Habay,85046,2020-04-21,0,15
Habay,85046,2020-04-22,0,15
Habay,85046,2020-04-23,0,15
Habay,85046,2020-04-24,0,15
Habay,85046,2020-04-25,1,16
Habay,85046,2020-04-26,0,16
Habay,85046,2020-04-27,0,16
Habay,85046,2020-04-28,0,16
Habay,85046,2020-04-29,0,16
Habay,85046,2020-04-30,0,16
Habay,85046,2020-05-01,0,16
Habay,85046,2020-05-02,0,16
Habay,85046,2020-05-03,0,16
Habay,85046,2020-05-04,0,16
Habay,85046,2020-05-05,0,16
Habay,85046,2020-05-06,0,16
Habay,85046,2020-05-07,0,16
Habay,85046,2020-05-08,0,16
Habay,85046,2020-05-09,0,16
Habay,85046,2020-05-10,0,16
Habay,85046,2020-05-11,0,16
Habay,85046,2020-05-12,0,16
Habay,85046,2020-05-13,0,16
Habay,85046,2020-05-14,0,16
Habay,85046,2020-05-15,0,16
Habay,85046,2020-05-16,1,17
Habay,85046,2020-05-17,0,17
Habay,85046,2020-05-18,0,17
Habay,85046,2020-05-19,1,18
Habay,85046,2020-05-20,0,18
Habay,85046,2020-05-21,0,18
Habay,85046,2020-05-22,0,18
Habay,85046,2020-05-23,0,18
Habay,85046,2020-05-24,0,18
Habay,85046,2020-05-25,0,18
Habay,85046,2020-05-26,0,18
Habay,85046,2020-05-27,0,18
Habay,85046,2020-05-28,0,18
Habay,85046,2020-05-29,0,18
Habay,85046,2020-05-30,0,18
Habay,85046,2020-05-31,0,18
Habay,85046,2020-06-01,0,18
Habay,85046,2020-06-02,0,18
Habay,85046,2020-06-03,0,18
Habay,85046,2020-06-04,0,18
Habay,85046,2020-06-05,0,18
Habay,85046,2020-06-06,0,18
Habay,85046,2020-06-07,0,18
Habay,85046,2020-06-08,0,18
Habay,85046,2020-06-09,0,18
Habay,85046,2020-06-10,0,18
Habay,85046,2020-06-11,0,18
Habay,85046,2020-06-12,0,18
Habay,85046,2020-06-13,0,18
Habay,85046,2020-06-14,0,18
Habay,85046,2020-06-15,0,18
Habay,85046,2020-06-16,0,18
Habay,85046,2020-06-17,0,18
Habay,85046,2020-06-18,0,18
Habay,85046,2020-06-19,0,18
Habay,85046,2020-06-20,0,18
Habay,85046,2020-06-23,0,18
Habay,85046,2020-06-24,0,18
Habay,85046,2020-06-25,0,18
Habay,85046,2020-06-26,0,18
Habay,85046,2020-06-27,0,18
Habay,85046,2020-06-30,0,18
Habay,85046,2020-07-01,0,18
Habay,85046,2020-07-02,0,18
Habay,85046,2020-07-03,0,18
Habay,85046,2020-07-04,0,18
Habay,85046,2020-07-07,0,18
Habay,85046,2020-07-08,0,18
Habay,85046,2020-07-09,0,18
Habay,85046,2020-07-10,0,18
Habay,85046,2020-07-11,0,18
Habay,85046,2020-07-14,0,18
Habay,85046,2020-07-15,0,18
Habay,85046,2020-07-16,0,18
Habay,85046,2020-07-17,0,18
Habay,85046,2020-07-18,0,18
Habay,85046,2020-07-20,0,18
Habay,85046,2020-07-21,0,18
Habay,85046,2020-07-22,1,19
Habay,85046,2020-07-23,0,19
Habay,85046,2020-07-24,0,19
Habay,85046,2020-07-25,0,19
Habay,85046,2020-07-26,0,19
Habay,85046,2020-07-27,0,19
Habay,85046,2020-07-28,0,19
Habay,85046,2020-07-29,0,19
Habay,85046,2020-07-30,0,19
Habay,85046,2020-07-31,0,19
Habay,85046,2020-08-01,0,19
Habay,85046,2020-08-02,0,19
Habay,85046,2020-08-03,1,20
Habay,85046,2020-08-04,0,20
Habay,85046,2020-08-05,0,20
Habay,85046,2020-08-06,0,20
Habay,85046,2020-08-07,0,20
Habay,85046,2020-08-08,0,20
Habay,85046,2020-08-09,0,20
Habay,85046,2020-08-10,0,20
Habay,85046,2020-08-11,0,20
Habay,85046,2020-08-12,0,20
Habay,85046,2020-08-13,0,20
Habay,85046,2020-08-14,2,22
Habay,85046,2020-08-15,0,22
Habay,85046,2020-08-16,0,22
Habay,85046,2020-08-17,0,22
Habay,85046,2020-08-18,0,22
Habay,85046,2020-08-19,0,22
Habay,85046,2020-08-20,0,22
Habay,85046,2020-08-21,1,23
Habay,85046,2020-08-22,1,24
Habay,85046,2020-08-23,1,25
Habay,85046,2020-08-24,0,25
Habay,85046,2020-08-25,0,25
Habay,85046,2020-08-26,0,25
Habay,85046,2020-08-27,0,25
Habay,85046,2020-08-28,1,26
Habay,85046,2020-08-29,1,27
Habay,85046,2020-08-30,0,27
Habay,85046,2020-08-31,0,27
Habay,85046,2020-09-01,0,27
Habay,85046,2020-09-02,2,29
Habay,85046,2020-09-03,0,29
Habay,85046,2020-09-04,0,29
Habay,85046,2020-09-05,1,30
Habay,85046,2020-09-06,0,30
Habay,85046,2020-09-07,1,31
Habay,85046,2020-09-08,0,31
Habay,85046,2020-09-09,0,31
Habay,85046,2020-09-10,2,33
Habay,85046,2020-09-11,0,33
Habay,85046,2020-09-12,0,33
Habay,85046,2020-09-13,0,33
Habay,85046,2020-09-14,0,33
Habay,85046,2020-09-15,0,33
Habay,85046,2020-09-16,0,33
Habay,85046,2020-09-17,0,33
Habay,85046,2020-09-18,0,33
Habay,85046,2020-09-19,0,33
Habay,85046,2020-09-20,0,33
Habay,85046,2020-09-21,0,33
Habay,85046,2020-09-22,0,33
Habay,85046,2020-09-23,0,33
Habay,85046,2020-09-24,0,33
Habay,85046,2020-09-25,0,33
Habay,85046,2020-09-26,1,34
Habay,85046,2020-09-27,3,37
Habay,85046,2020-09-28,0,37
Habay,85046,2020-09-29,4,41
Habay,85046,2020-09-30,0,41
Habay,85046,2020-10-01,0,41
Habay,85046,2020-10-02,5,46
Habay,85046,2020-10-03,2,48
Habay,85046,2020-10-04,5,53
Habay,85046,2020-10-05,2,55
Habay,85046,2020-10-06,5,60
Habay,85046,2020-10-07,1,61
Habay,85046,2020-10-08,3,64
Habay,85046,2020-10-09,14,78
Habay,85046,2020-10-10,8,86
Habay,85046,2020-10-11,10,96
Habay,85046,2020-10-12,4,100
Habay,85046,2020-10-13,10,110
Habay,85046,2020-10-14,9,119
Habay,85046,2020-10-15,1,120
Habay,85046,2020-10-16,8,128
Habay,85046,2020-10-17,5,133
Habay,85046,2020-10-18,11,144
Habay,85046,2020-10-19,4,148
Habay,85046,2020-10-20,6,154
Habay,85046,2020-10-21,7,161
Habay,85046,2020-10-22,7,168
Habay,85046,2020-10-23,7,175
Habay,85046,2020-10-24,17,192
Habay,85046,2020-10-25,19,211
Habay,85046,2020-10-26,2,213
Habay,85046,2020-10-27,1,214
Habay,85046,2020-10-28,10,224
Habay,85046,2020-10-29,12,236
Habay,85046,2020-10-30,15,251
Habay,85046,2020-10-31,21,272
Habay,85046,2020-11-01,15,287
Habay,85046,2020-11-02,6,293
Habay,85046,2020-11-03,4,297
Habay,85046,2020-11-04,-22,275
Habay,85046,2020-11-05,34,309
Habay,85046,2020-11-06,6,315
Habay,85046,2020-11-07,10,325
Habay,85046,2020-11-08,6,331
Habay,85046,2020-11-09,4,335
Habay,85046,2020-11-10,5,340
Habay,85046,2020-11-11,1,341
Rouvroy,85047,2020-04-01,0,0
Rouvroy,85047,2020-04-02,0,0
Rouvroy,85047,2020-04-03,9,9
Rouvroy,85047,2020-04-04,1,10
Rouvroy,85047,2020-04-05,3,13
Rouvroy,85047,2020-04-06,0,13
Rouvroy,85047,2020-04-07,0,13
Rouvroy,85047,2020-04-08,0,13
Rouvroy,85047,2020-04-09,0,13
Rouvroy,85047,2020-04-10,0,13
Rouvroy,85047,2020-04-11,0,13
Rouvroy,85047,2020-04-12,0,13
Rouvroy,85047,2020-04-13,0,13
Rouvroy,85047,2020-04-14,1,14
Rouvroy,85047,2020-04-15,0,14
Rouvroy,85047,2020-04-16,0,14
Rouvroy,85047,2020-04-17,0,14
Rouvroy,85047,2020-04-18,2,16
Rouvroy,85047,2020-04-19,2,18
Rouvroy,85047,2020-04-20,0,18
Rouvroy,85047,2020-04-21,0,18
Rouvroy,85047,2020-04-22,0,18
Rouvroy,85047,2020-04-23,0,18
Rouvroy,85047,2020-04-24,0,18
Rouvroy,85047,2020-04-25,0,18
Rouvroy,85047,2020-04-26,5,23
Rouvroy,85047,2020-04-27,0,23
Rouvroy,85047,2020-04-28,0,23
Rouvroy,85047,2020-04-29,0,23
Rouvroy,85047,2020-04-30,0,23
Rouvroy,85047,2020-05-01,0,23
Rouvroy,85047,2020-05-02,0,23
Rouvroy,85047,2020-05-03,0,23
Rouvroy,85047,2020-05-04,0,23
Rouvroy,85047,2020-05-05,0,23
Rouvroy,85047,2020-05-06,0,23
Rouvroy,85047,2020-05-07,0,23
Rouvroy,85047,2020-05-08,0,23
Rouvroy,85047,2020-05-09,0,23
Rouvroy,85047,2020-05-10,0,23
Rouvroy,85047,2020-05-11,0,23
Rouvroy,85047,2020-05-12,0,23
Rouvroy,85047,2020-05-13,0,23
Rouvroy,85047,2020-05-14,0,23
Rouvroy,85047,2020-05-15,0,23
Rouvroy,85047,2020-05-16,0,23
Rouvroy,85047,2020-05-17,0,23
Rouvroy,85047,2020-05-18,0,23
Rouvroy,85047,2020-05-19,0,23
Rouvroy,85047,2020-05-20,0,23
Rouvroy,85047,2020-05-21,0,23
Rouvroy,85047,2020-05-22,0,23
Rouvroy,85047,2020-05-23,0,23
Rouvroy,85047,2020-05-24,0,23
Rouvroy,85047,2020-05-25,0,23
Rouvroy,85047,2020-05-26,0,23
Rouvroy,85047,2020-05-27,0,23
Rouvroy,85047,2020-05-28,0,23
Rouvroy,85047,2020-05-29,0,23
Rouvroy,85047,2020-05-30,0,23
Rouvroy,85047,2020-05-31,0,23
Rouvroy,85047,2020-06-01,0,23
Rouvroy,85047,2020-06-02,2,25
Rouvroy,85047,2020-06-03,0,25
Rouvroy,85047,2020-06-04,0,25
Rouvroy,85047,2020-06-05,0,25
Rouvroy,85047,2020-06-06,0,25
Rouvroy,85047,2020-06-07,0,25
Rouvroy,85047,2020-06-08,0,25
Rouvroy,85047,2020-06-09,0,25
Rouvroy,85047,2020-06-10,0,25
Rouvroy,85047,2020-06-11,0,25
Rouvroy,85047,2020-06-12,0,25
Rouvroy,85047,2020-06-13,0,25
Rouvroy,85047,2020-06-14,0,25
Rouvroy,85047,2020-06-15,0,25
Rouvroy,85047,2020-06-16,0,25
Rouvroy,85047,2020-06-17,0,25
Rouvroy,85047,2020-06-18,1,26
Rouvroy,85047,2020-06-19,0,26
Rouvroy,85047,2020-06-20,0,26
Rouvroy,85047,2020-06-23,0,26
Rouvroy,85047,2020-06-24,0,26
Rouvroy,85047,2020-06-25,0,26
Rouvroy,85047,2020-06-26,0,26
Rouvroy,85047,2020-06-27,0,26
Rouvroy,85047,2020-06-30,0,26
Rouvroy,85047,2020-07-01,0,26
Rouvroy,85047,2020-07-02,0,26
Rouvroy,85047,2020-07-03,0,26
Rouvroy,85047,2020-07-04,0,26
Rouvroy,85047,2020-07-07,0,26
Rouvroy,85047,2020-07-08,0,26
Rouvroy,85047,2020-07-09,0,26
Rouvroy,85047,2020-07-10,0,26
Rouvroy,85047,2020-07-11,0,26
Rouvroy,85047,2020-07-14,0,26
Rouvroy,85047,2020-07-15,0,26
Rouvroy,85047,2020-07-16,0,26
Rouvroy,85047,2020-07-17,0,26
Rouvroy,85047,2020-07-18,0,26
Rouvroy,85047,2020-07-20,0,26
Rouvroy,85047,2020-07-21,0,26
Rouvroy,85047,2020-07-22,0,26
Rouvroy,85047,2020-07-23,0,26
Rouvroy,85047,2020-07-24,0,26
Rouvroy,85047,2020-07-25,0,26
Rouvroy,85047,2020-07-26,0,26
Rouvroy,85047,2020-07-27,0,26
Rouvroy,85047,2020-07-28,0,26
Rouvroy,85047,2020-07-29,0,26
Rouvroy,85047,2020-07-30,0,26
Rouvroy,85047,2020-07-31,0,26
Rouvroy,85047,2020-08-01,0,26
Rouvroy,85047,2020-08-02,0,26
Rouvroy,85047,2020-08-03,0,26
Rouvroy,85047,2020-08-04,0,26
Rouvroy,85047,2020-08-05,0,26
Rouvroy,85047,2020-08-06,0,26
Rouvroy,85047,2020-08-07,0,26
Rouvroy,85047,2020-08-08,1,27
Rouvroy,85047,2020-08-09,0,27
Rouvroy,85047,2020-08-10,0,27
Rouvroy,85047,2020-08-11,0,27
Rouvroy,85047,2020-08-12,0,27
Rouvroy,85047,2020-08-13,0,27
Rouvroy,85047,2020-08-14,0,27
Rouvroy,85047,2020-08-15,0,27
Rouvroy,85047,2020-08-16,0,27
Rouvroy,85047,2020-08-17,0,27
Rouvroy,85047,2020-08-18,0,27
Rouvroy,85047,2020-08-19,0,27
Rouvroy,85047,2020-08-20,0,27
Rouvroy,85047,2020-08-21,0,27
Rouvroy,85047,2020-08-22,0,27
Rouvroy,85047,2020-08-23,0,27
Rouvroy,85047,2020-08-24,0,27
Rouvroy,85047,2020-08-25,0,27
Rouvroy,85047,2020-08-26,0,27
Rouvroy,85047,2020-08-27,0,27
Rouvroy,85047,2020-08-28,0,27
Rouvroy,85047,2020-08-29,0,27
Rouvroy,85047,2020-08-30,0,27
Rouvroy,85047,2020-08-31,0,27
Rouvroy,85047,2020-09-01,0,27
Rouvroy,85047,2020-09-02,0,27
Rouvroy,85047,2020-09-03,0,27
Rouvroy,85047,2020-09-04,0,27
Rouvroy,85047,2020-09-05,0,27
Rouvroy,85047,2020-09-06,0,27
Rouvroy,85047,2020-09-07,0,27
Rouvroy,85047,2020-09-08,0,27
Rouvroy,85047,2020-09-09,0,27
Rouvroy,85047,2020-09-10,0,27
Rouvroy,85047,2020-09-11,0,27
Rouvroy,85047,2020-09-12,0,27
Rouvroy,85047,2020-09-13,0,27
Rouvroy,85047,2020-09-14,0,27
Rouvroy,85047,2020-09-15,0,27
Rouvroy,85047,2020-09-16,0,27
Rouvroy,85047,2020-09-17,0,27
Rouvroy,85047,2020-09-18,0,27
Rouvroy,85047,2020-09-19,0,27
Rouvroy,85047,2020-09-20,0,27
Rouvroy,85047,2020-09-21,0,27
Rouvroy,85047,2020-09-22,0,27
Rouvroy,85047,2020-09-23,0,27
Rouvroy,85047,2020-09-24,0,27
Rouvroy,85047,2020-09-25,0,27
Rouvroy,85047,2020-09-26,0,27
Rouvroy,85047,2020-09-27,0,27
Rouvroy,85047,2020-09-28,0,27
Rouvroy,85047,2020-09-29,0,27
Rouvroy,85047,2020-09-30,0,27
Rouvroy,85047,2020-10-01,0,27
Rouvroy,85047,2020-10-02,0,27
Rouvroy,85047,2020-10-03,0,27
Rouvroy,85047,2020-10-04,0,27
Rouvroy,85047,2020-10-05,0,27
Rouvroy,85047,2020-10-06,0,27
Rouvroy,85047,2020-10-07,0,27
Rouvroy,85047,2020-10-08,0,27
Rouvroy,85047,2020-10-09,3,30
Rouvroy,85047,2020-10-10,1,31
Rouvroy,85047,2020-10-11,3,34
Rouvroy,85047,2020-10-12,0,34
Rouvroy,85047,2020-10-13,1,35
Rouvroy,85047,2020-10-14,5,40
Rouvroy,85047,2020-10-15,0,40
Rouvroy,85047,2020-10-16,4,44
Rouvroy,85047,2020-10-17,0,44
Rouvroy,85047,2020-10-18,0,44
Rouvroy,85047,2020-10-19,2,46
Rouvroy,85047,2020-10-20,0,46
Rouvroy,85047,2020-10-21,0,46
Rouvroy,85047,2020-10-22,4,50
Rouvroy,85047,2020-10-23,1,51
Rouvroy,85047,2020-10-24,0,51
Rouvroy,85047,2020-10-25,4,55
Rouvroy,85047,2020-10-26,2,57
Rouvroy,85047,2020-10-27,0,57
Rouvroy,85047,2020-10-28,3,60
Rouvroy,85047,2020-10-29,4,64
Rouvroy,85047,2020-10-30,1,65
Rouvroy,85047,2020-10-31,2,67
Rouvroy,85047,2020-11-01,5,72
Rouvroy,85047,2020-11-02,1,73
Rouvroy,85047,2020-11-03,0,73
Rouvroy,85047,2020-11-04,-2,71
Rouvroy,85047,2020-11-05,4,75
Rouvroy,85047,2020-11-06,3,78
Rouvroy,85047,2020-11-07,2,80
Rouvroy,85047,2020-11-08,3,83
Rouvroy,85047,2020-11-09,0,83
Rouvroy,85047,2020-11-10,0,83
Rouvroy,85047,2020-11-11,1,84
Anhée,91005,2020-04-01,0,6
Anhée,91005,2020-04-02,1,7
Anhée,91005,2020-04-03,0,7
Anhée,91005,2020-04-04,3,10
Anhée,91005,2020-04-05,0,10
Anhée,91005,2020-04-06,0,10
Anhée,91005,2020-04-07,0,10
Anhée,91005,2020-04-08,1,11
Anhée,91005,2020-04-09,0,11
Anhée,91005,2020-04-10,3,14
Anhée,91005,2020-04-11,0,14
Anhée,91005,2020-04-12,0,14
Anhée,91005,2020-04-13,0,14
Anhée,91005,2020-04-14,0,14
Anhée,91005,2020-04-15,0,14
Anhée,91005,2020-04-16,3,17
Anhée,91005,2020-04-17,0,17
Anhée,91005,2020-04-18,1,18
Anhée,91005,2020-04-19,0,18
Anhée,91005,2020-04-20,0,18
Anhée,91005,2020-04-21,0,18
Anhée,91005,2020-04-22,1,19
Anhée,91005,2020-04-23,0,19
Anhée,91005,2020-04-24,1,20
Anhée,91005,2020-04-25,1,21
Anhée,91005,2020-04-26,0,21
Anhée,91005,2020-04-27,0,21
Anhée,91005,2020-04-28,0,21
Anhée,91005,2020-04-29,0,21
Anhée,91005,2020-04-30,0,21
Anhée,91005,2020-05-01,0,21
Anhée,91005,2020-05-02,0,21
Anhée,91005,2020-05-03,0,21
Anhée,91005,2020-05-04,0,21
Anhée,91005,2020-05-05,0,21
Anhée,91005,2020-05-06,0,21
Anhée,91005,2020-05-07,0,21
Anhée,91005,2020-05-08,1,22
Anhée,91005,2020-05-09,0,22
Anhée,91005,2020-05-10,0,22
Anhée,91005,2020-05-11,0,22
Anhée,91005,2020-05-12,0,22
Anhée,91005,2020-05-13,0,22
Anhée,91005,2020-05-14,0,22
Anhée,91005,2020-05-15,1,23
Anhée,91005,2020-05-16,1,24
Anhée,91005,2020-05-17,0,24
Anhée,91005,2020-05-18,1,25
Anhée,91005,2020-05-19,0,25
Anhée,91005,2020-05-20,0,25
Anhée,91005,2020-05-21,0,25
Anhée,91005,2020-05-22,0,25
Anhée,91005,2020-05-23,0,25
Anhée,91005,2020-05-24,0,25
Anhée,91005,2020-05-25,0,25
Anhée,91005,2020-05-26,0,25
Anhée,91005,2020-05-27,0,25
Anhée,91005,2020-05-28,0,25
Anhée,91005,2020-05-29,0,25
Anhée,91005,2020-05-30,0,25
Anhée,91005,2020-05-31,0,25
Anhée,91005,2020-06-01,0,25
Anhée,91005,2020-06-02,0,25
Anhée,91005,2020-06-03,0,25
Anhée,91005,2020-06-04,0,25
Anhée,91005,2020-06-05,0,25
Anhée,91005,2020-06-06,0,25
Anhée,91005,2020-06-07,1,26
Anhée,91005,2020-06-08,1,27
Anhée,91005,2020-06-09,0,27
Anhée,91005,2020-06-10,0,27
Anhée,91005,2020-06-11,0,27
Anhée,91005,2020-06-12,0,27
Anhée,91005,2020-06-13,0,27
Anhée,91005,2020-06-14,0,27
Anhée,91005,2020-06-15,0,27
Anhée,91005,2020-06-16,0,27
Anhée,91005,2020-06-17,0,27
Anhée,91005,2020-06-18,0,27
Anhée,91005,2020-06-19,0,27
Anhée,91005,2020-06-20,0,27
Anhée,91005,2020-06-23,0,27
Anhée,91005,2020-06-24,0,27
Anhée,91005,2020-06-25,0,27
Anhée,91005,2020-06-26,0,27
Anhée,91005,2020-06-27,0,27
Anhée,91005,2020-06-30,0,27
Anhée,91005,2020-07-01,0,27
Anhée,91005,2020-07-02,1,28
Anhée,91005,2020-07-03,0,28
Anhée,91005,2020-07-04,0,28
Anhée,91005,2020-07-07,0,28
Anhée,91005,2020-07-08,0,28
Anhée,91005,2020-07-09,0,28
Anhée,91005,2020-07-10,0,28
Anhée,91005,2020-07-11,0,28
Anhée,91005,2020-07-14,0,28
Anhée,91005,2020-07-15,0,28
Anhée,91005,2020-07-16,0,28
Anhée,91005,2020-07-17,0,28
Anhée,91005,2020-07-18,0,28
Anhée,91005,2020-07-20,0,28
Anhée,91005,2020-07-21,0,28
Anhée,91005,2020-07-22,0,28
Anhée,91005,2020-07-23,0,28
Anhée,91005,2020-07-24,0,28
Anhée,91005,2020-07-25,0,28
Anhée,91005,2020-07-26,0,28
Anhée,91005,2020-07-27,0,28
Anhée,91005,2020-07-28,0,28
Anhée,91005,2020-07-29,0,28
Anhée,91005,2020-07-30,0,28
Anhée,91005,2020-07-31,0,28
Anhée,91005,2020-08-01,0,28
Anhée,91005,2020-08-02,0,28
Anhée,91005,2020-08-03,0,28
Anhée,91005,2020-08-04,0,28
Anhée,91005,2020-08-05,0,28
Anhée,91005,2020-08-06,0,28
Anhée,91005,2020-08-07,0,28
Anhée,91005,2020-08-08,0,28
Anhée,91005,2020-08-09,0,28
Anhée,91005,2020-08-10,0,28
Anhée,91005,2020-08-11,0,28
Anhée,91005,2020-08-12,1,29
Anhée,91005,2020-08-13,0,29
Anhée,91005,2020-08-14,0,29
Anhée,91005,2020-08-15,1,30
Anhée,91005,2020-08-16,0,30
Anhée,91005,2020-08-17,4,34
Anhée,91005,2020-08-18,0,34
Anhée,91005,2020-08-19,0,34
Anhée,91005,2020-08-20,0,34
Anhée,91005,2020-08-21,0,34
Anhée,91005,2020-08-22,0,34
Anhée,91005,2020-08-23,0,34
Anhée,91005,2020-08-24,0,34
Anhée,91005,2020-08-25,0,34
Anhée,91005,2020-08-26,0,34
Anhée,91005,2020-08-27,0,34
Anhée,91005,2020-08-28,0,34
Anhée,91005,2020-08-29,0,34
Anhée,91005,2020-08-30,0,34
Anhée,91005,2020-08-31,0,34
Anhée,91005,2020-09-01,0,34
Anhée,91005,2020-09-02,0,34
Anhée,91005,2020-09-03,0,34
Anhée,91005,2020-09-04,0,34
Anhée,91005,2020-09-05,0,34
Anhée,91005,2020-09-06,0,34
Anhée,91005,2020-09-07,0,34
Anhée,91005,2020-09-08,0,34
Anhée,91005,2020-09-09,0,34
Anhée,91005,2020-09-10,0,34
Anhée,91005,2020-09-11,1,35
Anhée,91005,2020-09-12,0,35
Anhée,91005,2020-09-13,0,35
Anhée,91005,2020-09-14,2,37
Anhée,91005,2020-09-15,0,37
Anhée,91005,2020-09-16,0,37
Anhée,91005,2020-09-17,2,39
Anhée,91005,2020-09-18,1,40
Anhée,91005,2020-09-19,2,42
Anhée,91005,2020-09-20,2,44
Anhée,91005,2020-09-21,0,44
Anhée,91005,2020-09-22,0,44
Anhée,91005,2020-09-23,1,45
Anhée,91005,2020-09-24,2,47
Anhée,91005,2020-09-25,1,48
Anhée,91005,2020-09-26,0,48
Anhée,91005,2020-09-27,0,48
Anhée,91005,2020-09-28,0,48
Anhée,91005,2020-09-29,0,48
Anhée,91005,2020-09-30,2,50
Anhée,91005,2020-10-01,1,51
Anhée,91005,2020-10-02,2,53
Anhée,91005,2020-10-03,0,53
Anhée,91005,2020-10-04,2,55
Anhée,91005,2020-10-05,0,55
Anhée,91005,2020-10-06,1,56
Anhée,91005,2020-10-07,0,56
Anhée,91005,2020-10-08,1,57
Anhée,91005,2020-10-09,3,60
Anhée,91005,2020-10-10,1,61
Anhée,91005,2020-10-11,3,64
Anhée,91005,2020-10-12,5,69
Anhée,91005,2020-10-13,1,70
Anhée,91005,2020-10-14,7,77
Anhée,91005,2020-10-15,16,93
Anhée,91005,2020-10-16,7,100
Anhée,91005,2020-10-17,18,118
Anhée,91005,2020-10-18,7,125
Anhée,91005,2020-10-19,10,135
Anhée,91005,2020-10-20,8,143
Anhée,91005,2020-10-21,7,150
Anhée,91005,2020-10-22,10,160
Anhée,91005,2020-10-23,15,175
Anhée,91005,2020-10-24,15,190
Anhée,91005,2020-10-25,11,201
Anhée,91005,2020-10-26,7,208
Anhée,91005,2020-10-27,10,218
Anhée,91005,2020-10-28,18,236
Anhée,91005,2020-10-29,26,262
Anhée,91005,2020-10-30,19,281
Anhée,91005,2020-10-31,10,291
Anhée,91005,2020-11-01,13,304
Anhée,91005,2020-11-02,8,312
Anhée,91005,2020-11-03,7,319
Anhée,91005,2020-11-04,1,320
Anhée,91005,2020-11-05,4,324
Anhée,91005,2020-11-06,12,336
Anhée,91005,2020-11-07,10,346
Anhée,91005,2020-11-08,10,356
Anhée,91005,2020-11-09,11,367
Anhée,91005,2020-11-10,3,370
Anhée,91005,2020-11-11,4,374
Beauraing,91013,2020-04-01,0,7
Beauraing,91013,2020-04-02,0,7
Beauraing,91013,2020-04-03,1,8
Beauraing,91013,2020-04-04,0,8
Beauraing,91013,2020-04-05,0,8
Beauraing,91013,2020-04-06,1,9
Beauraing,91013,2020-04-07,0,9
Beauraing,91013,2020-04-08,0,9
Beauraing,91013,2020-04-09,1,10
Beauraing,91013,2020-04-10,2,12
Beauraing,91013,2020-04-11,0,12
Beauraing,91013,2020-04-12,0,12
Beauraing,91013,2020-04-13,1,13
Beauraing,91013,2020-04-14,0,13
Beauraing,91013,2020-04-15,0,13
Beauraing,91013,2020-04-16,0,13
Beauraing,91013,2020-04-17,0,13
Beauraing,91013,2020-04-18,0,13
Beauraing,91013,2020-04-19,0,13
Beauraing,91013,2020-04-20,0,13
Beauraing,91013,2020-04-21,0,13
Beauraing,91013,2020-04-22,1,14
Beauraing,91013,2020-04-23,0,14
Beauraing,91013,2020-04-24,0,14
Beauraing,91013,2020-04-25,0,14
Beauraing,91013,2020-04-26,0,14
Beauraing,91013,2020-04-27,0,14
Beauraing,91013,2020-04-28,0,14
Beauraing,91013,2020-04-29,0,14
Beauraing,91013,2020-04-30,0,14
Beauraing,91013,2020-05-01,0,14
Beauraing,91013,2020-05-02,0,14
Beauraing,91013,2020-05-03,0,14
Beauraing,91013,2020-05-04,0,14
Beauraing,91013,2020-05-05,0,14
Beauraing,91013,2020-05-06,1,15
Beauraing,91013,2020-05-07,1,16
Beauraing,91013,2020-05-08,0,16
Beauraing,91013,2020-05-09,0,16
Beauraing,91013,2020-05-10,2,18
Beauraing,91013,2020-05-11,0,18
Beauraing,91013,2020-05-12,1,19
Beauraing,91013,2020-05-13,-1,18
Beauraing,91013,2020-05-14,2,20
Beauraing,91013,2020-05-15,0,20
Beauraing,91013,2020-05-16,5,25
Beauraing,91013,2020-05-17,0,25
Beauraing,91013,2020-05-18,0,25
Beauraing,91013,2020-05-19,0,25
Beauraing,91013,2020-05-20,0,25
Beauraing,91013,2020-05-21,0,25
Beauraing,91013,2020-05-22,1,26
Beauraing,91013,2020-05-23,0,26
Beauraing,91013,2020-05-24,0,26
Beauraing,91013,2020-05-25,0,26
Beauraing,91013,2020-05-26,0,26
Beauraing,91013,2020-05-27,0,26
Beauraing,91013,2020-05-28,1,27
Beauraing,91013,2020-05-29,0,27
Beauraing,91013,2020-05-30,0,27
Beauraing,91013,2020-05-31,0,27
Beauraing,91013,2020-06-01,0,27
Beauraing,91013,2020-06-02,0,27
Beauraing,91013,2020-06-03,0,27
Beauraing,91013,2020-06-04,0,27
Beauraing,91013,2020-06-05,0,27
Beauraing,91013,2020-06-06,0,27
Beauraing,91013,2020-06-07,0,27
Beauraing,91013,2020-06-08,0,27
Beauraing,91013,2020-06-09,0,27
Beauraing,91013,2020-06-10,0,27
Beauraing,91013,2020-06-11,0,27
Beauraing,91013,2020-06-12,0,27
Beauraing,91013,2020-06-13,0,27
Beauraing,91013,2020-06-14,0,27
Beauraing,91013,2020-06-15,0,27
Beauraing,91013,2020-06-16,0,27
Beauraing,91013,2020-06-17,0,27
Beauraing,91013,2020-06-18,0,27
Beauraing,91013,2020-06-19,0,27
Beauraing,91013,2020-06-20,1,28
Beauraing,91013,2020-06-23,3,31
Beauraing,91013,2020-06-24,0,31
Beauraing,91013,2020-06-25,0,31
Beauraing,91013,2020-06-26,0,31
Beauraing,91013,2020-06-27,0,31
Beauraing,91013,2020-06-30,0,31
Beauraing,91013,2020-07-01,0,31
Beauraing,91013,2020-07-02,0,31
Beauraing,91013,2020-07-03,0,31
Beauraing,91013,2020-07-04,0,31
Beauraing,91013,2020-07-07,0,31
Beauraing,91013,2020-07-08,0,31
Beauraing,91013,2020-07-09,0,31
Beauraing,91013,2020-07-10,0,31
Beauraing,91013,2020-07-11,0,31
Beauraing,91013,2020-07-14,0,31
Beauraing,91013,2020-07-15,0,31
Beauraing,91013,2020-07-16,0,31
Beauraing,91013,2020-07-17,0,31
Beauraing,91013,2020-07-18,0,31
Beauraing,91013,2020-07-20,0,31
Beauraing,91013,2020-07-21,0,31
Beauraing,91013,2020-07-22,0,31
Beauraing,91013,2020-07-23,0,31
Beauraing,91013,2020-07-24,0,31
Beauraing,91013,2020-07-25,0,31
Beauraing,91013,2020-07-26,0,31
Beauraing,91013,2020-07-27,0,31
Beauraing,91013,2020-07-28,0,31
Beauraing,91013,2020-07-29,0,31
Beauraing,91013,2020-07-30,0,31
Beauraing,91013,2020-07-31,0,31
Beauraing,91013,2020-08-01,0,31
Beauraing,91013,2020-08-02,0,31
Beauraing,91013,2020-08-03,0,31
Beauraing,91013,2020-08-04,0,31
Beauraing,91013,2020-08-05,0,31
Beauraing,91013,2020-08-06,0,31
Beauraing,91013,2020-08-07,0,31
Beauraing,91013,2020-08-08,0,31
Beauraing,91013,2020-08-09,0,31
Beauraing,91013,2020-08-10,0,31
Beauraing,91013,2020-08-11,0,31
Beauraing,91013,2020-08-12,0,31
Beauraing,91013,2020-08-13,0,31
Beauraing,91013,2020-08-14,0,31
Beauraing,91013,2020-08-15,0,31
Beauraing,91013,2020-08-16,0,31
Beauraing,91013,2020-08-17,0,31
Beauraing,91013,2020-08-18,0,31
Beauraing,91013,2020-08-19,0,31
Beauraing,91013,2020-08-20,0,31
Beauraing,91013,2020-08-21,0,31
Beauraing,91013,2020-08-22,0,31
Beauraing,91013,2020-08-23,0,31
Beauraing,91013,2020-08-24,0,31
Beauraing,91013,2020-08-25,0,31
Beauraing,91013,2020-08-26,0,31
Beauraing,91013,2020-08-27,0,31
Beauraing,91013,2020-08-28,0,31
Beauraing,91013,2020-08-29,0,31
Beauraing,91013,2020-08-30,0,31
Beauraing,91013,2020-08-31,0,31
Beauraing,91013,2020-09-01,0,31
Beauraing,91013,2020-09-02,0,31
Beauraing,91013,2020-09-03,0,31
Beauraing,91013,2020-09-04,0,31
Beauraing,91013,2020-09-05,1,32
Beauraing,91013,2020-09-06,0,32
Beauraing,91013,2020-09-07,0,32
Beauraing,91013,2020-09-08,0,32
Beauraing,91013,2020-09-09,0,32
Beauraing,91013,2020-09-10,0,32
Beauraing,91013,2020-09-11,0,32
Beauraing,91013,2020-09-12,0,32
Beauraing,91013,2020-09-13,3,35
Beauraing,91013,2020-09-14,0,35
Beauraing,91013,2020-09-15,1,36
Beauraing,91013,2020-09-16,0,36
Beauraing,91013,2020-09-17,0,36
Beauraing,91013,2020-09-18,0,36
Beauraing,91013,2020-09-19,0,36
Beauraing,91013,2020-09-20,1,37
Beauraing,91013,2020-09-21,0,37
Beauraing,91013,2020-09-22,0,37
Beauraing,91013,2020-09-23,1,38
Beauraing,91013,2020-09-24,1,39
Beauraing,91013,2020-09-25,0,39
Beauraing,91013,2020-09-26,2,41
Beauraing,91013,2020-09-27,2,43
Beauraing,91013,2020-09-28,0,43
Beauraing,91013,2020-09-29,1,44
Beauraing,91013,2020-09-30,0,44
Beauraing,91013,2020-10-01,0,44
Beauraing,91013,2020-10-02,6,50
Beauraing,91013,2020-10-03,0,50
Beauraing,91013,2020-10-04,3,53
Beauraing,91013,2020-10-05,5,58
Beauraing,91013,2020-10-06,3,61
Beauraing,91013,2020-10-07,3,64
Beauraing,91013,2020-10-08,5,69
Beauraing,91013,2020-10-09,7,76
Beauraing,91013,2020-10-10,5,81
Beauraing,91013,2020-10-11,6,87
Beauraing,91013,2020-10-12,2,89
Beauraing,91013,2020-10-13,4,93
Beauraing,91013,2020-10-14,7,100
Beauraing,91013,2020-10-15,22,122
Beauraing,91013,2020-10-16,4,126
Beauraing,91013,2020-10-17,5,131
Beauraing,91013,2020-10-18,9,140
Beauraing,91013,2020-10-19,9,149
Beauraing,91013,2020-10-20,3,152
Beauraing,91013,2020-10-21,6,158
Beauraing,91013,2020-10-22,13,171
Beauraing,91013,2020-10-23,9,180
Beauraing,91013,2020-10-24,11,191
Beauraing,91013,2020-10-25,18,209
Beauraing,91013,2020-10-26,11,220
Beauraing,91013,2020-10-27,3,223
Beauraing,91013,2020-10-28,5,228
Beauraing,91013,2020-10-29,26,254
Beauraing,91013,2020-10-30,38,292
Beauraing,91013,2020-10-31,21,313
Beauraing,91013,2020-11-01,17,330
Beauraing,91013,2020-11-02,10,340
Beauraing,91013,2020-11-03,6,346
Beauraing,91013,2020-11-04,3,349
Beauraing,91013,2020-11-05,27,376
Beauraing,91013,2020-11-06,6,382
Beauraing,91013,2020-11-07,10,392
Beauraing,91013,2020-11-08,5,397
Beauraing,91013,2020-11-09,2,399
Beauraing,91013,2020-11-10,4,403
Beauraing,91013,2020-11-11,9,412
Bièvre,91015,2020-04-01,0,0
Bièvre,91015,2020-04-02,5,5
Bièvre,91015,2020-04-03,0,5
Bièvre,91015,2020-04-04,2,7
Bièvre,91015,2020-04-05,0,7
Bièvre,91015,2020-04-06,0,7
Bièvre,91015,2020-04-07,0,7
Bièvre,91015,2020-04-08,1,8
Bièvre,91015,2020-04-09,0,8
Bièvre,91015,2020-04-10,0,8
Bièvre,91015,2020-04-11,0,8
Bièvre,91015,2020-04-12,0,8
Bièvre,91015,2020-04-13,1,9
Bièvre,91015,2020-04-14,0,9
Bièvre,91015,2020-04-15,0,9
Bièvre,91015,2020-04-16,0,9
Bièvre,91015,2020-04-17,0,9
Bièvre,91015,2020-04-18,0,9
Bièvre,91015,2020-04-19,0,9
Bièvre,91015,2020-04-20,0,9
Bièvre,91015,2020-04-21,0,9
Bièvre,91015,2020-04-22,0,9
Bièvre,91015,2020-04-23,0,9
Bièvre,91015,2020-04-24,0,9
Bièvre,91015,2020-04-25,0,9
Bièvre,91015,2020-04-26,0,9
Bièvre,91015,2020-04-27,0,9
Bièvre,91015,2020-04-28,0,9
Bièvre,91015,2020-04-29,0,9
Bièvre,91015,2020-04-30,0,9
Bièvre,91015,2020-05-01,0,9
Bièvre,91015,2020-05-02,0,9
Bièvre,91015,2020-05-03,0,9
Bièvre,91015,2020-05-04,0,9
Bièvre,91015,2020-05-05,0,9
Bièvre,91015,2020-05-06,0,9
Bièvre,91015,2020-05-07,0,9
Bièvre,91015,2020-05-08,0,9
Bièvre,91015,2020-05-09,0,9
Bièvre,91015,2020-05-10,0,9
Bièvre,91015,2020-05-11,0,9
Bièvre,91015,2020-05-12,0,9
Bièvre,91015,2020-05-13,0,9
Bièvre,91015,2020-05-14,0,9
Bièvre,91015,2020-05-15,0,9
Bièvre,91015,2020-05-16,1,10
Bièvre,91015,2020-05-17,0,10
Bièvre,91015,2020-05-18,0,10
Bièvre,91015,2020-05-19,0,10
Bièvre,91015,2020-05-20,0,10
Bièvre,91015,2020-05-21,0,10
Bièvre,91015,2020-05-22,1,11
Bièvre,91015,2020-05-23,0,11
Bièvre,91015,2020-05-24,0,11
Bièvre,91015,2020-05-25,0,11
Bièvre,91015,2020-05-26,0,11
Bièvre,91015,2020-05-27,0,11
Bièvre,91015,2020-05-28,0,11
Bièvre,91015,2020-05-29,0,11
Bièvre,91015,2020-05-30,0,11
Bièvre,91015,2020-05-31,0,11
Bièvre,91015,2020-06-01,1,12
Bièvre,91015,2020-06-02,0,12
Bièvre,91015,2020-06-03,0,12
Bièvre,91015,2020-06-04,0,12
Bièvre,91015,2020-06-05,0,12
Bièvre,91015,2020-06-06,0,12
Bièvre,91015,2020-06-07,0,12
Bièvre,91015,2020-06-08,0,12
Bièvre,91015,2020-06-09,0,12
Bièvre,91015,2020-06-10,0,12
Bièvre,91015,2020-06-11,0,12
Bièvre,91015,2020-06-12,0,12
Bièvre,91015,2020-06-13,0,12
Bièvre,91015,2020-06-14,0,12
Bièvre,91015,2020-06-15,0,12
Bièvre,91015,2020-06-16,0,12
Bièvre,91015,2020-06-17,0,12
Bièvre,91015,2020-06-18,0,12
Bièvre,91015,2020-06-19,0,12
Bièvre,91015,2020-06-20,0,12
Bièvre,91015,2020-06-23,0,12
Bièvre,91015,2020-06-24,0,12
Bièvre,91015,2020-06-25,0,12
Bièvre,91015,2020-06-26,0,12
Bièvre,91015,2020-06-27,0,12
Bièvre,91015,2020-06-30,0,12
Bièvre,91015,2020-07-01,0,12
Bièvre,91015,2020-07-02,0,12
Bièvre,91015,2020-07-03,0,12
Bièvre,91015,2020-07-04,0,12
Bièvre,91015,2020-07-07,0,12
Bièvre,91015,2020-07-08,0,12
Bièvre,91015,2020-07-09,0,12
Bièvre,91015,2020-07-10,0,12
Bièvre,91015,2020-07-11,0,12
Bièvre,91015,2020-07-14,0,12
Bièvre,91015,2020-07-15,0,12
Bièvre,91015,2020-07-16,0,12
Bièvre,91015,2020-07-17,0,12
Bièvre,91015,2020-07-18,0,12
Bièvre,91015,2020-07-20,0,12
Bièvre,91015,2020-07-21,1,13
Bièvre,91015,2020-07-22,0,13
Bièvre,91015,2020-07-23,0,13
Bièvre,91015,2020-07-24,0,13
Bièvre,91015,2020-07-25,0,13
Bièvre,91015,2020-07-26,1,14
Bièvre,91015,2020-07-27,0,14
Bièvre,91015,2020-07-28,0,14
Bièvre,91015,2020-07-29,0,14
Bièvre,91015,2020-07-30,0,14
Bièvre,91015,2020-07-31,0,14
Bièvre,91015,2020-08-01,0,14
Bièvre,91015,2020-08-02,0,14
Bièvre,91015,2020-08-03,0,14
Bièvre,91015,2020-08-04,0,14
Bièvre,91015,2020-08-05,0,14
Bièvre,91015,2020-08-06,0,14
Bièvre,91015,2020-08-07,0,14
Bièvre,91015,2020-08-08,0,14
Bièvre,91015,2020-08-09,0,14
Bièvre,91015,2020-08-10,0,14
Bièvre,91015,2020-08-11,1,15
Bièvre,91015,2020-08-12,0,15
Bièvre,91015,2020-08-13,0,15
Bièvre,91015,2020-08-14,0,15
Bièvre,91015,2020-08-15,0,15
Bièvre,91015,2020-08-16,0,15
Bièvre,91015,2020-08-17,0,15
Bièvre,91015,2020-08-18,0,15
Bièvre,91015,2020-08-19,0,15
Bièvre,91015,2020-08-20,1,16
Bièvre,91015,2020-08-21,0,16
Bièvre,91015,2020-08-22,0,16
Bièvre,91015,2020-08-23,0,16
Bièvre,91015,2020-08-24,0,16
Bièvre,91015,2020-08-25,0,16
Bièvre,91015,2020-08-26,0,16
Bièvre,91015,2020-08-27,0,16
Bièvre,91015,2020-08-28,0,16
Bièvre,91015,2020-08-29,0,16
Bièvre,91015,2020-08-30,0,16
Bièvre,91015,2020-08-31,0,16
Bièvre,91015,2020-09-01,0,16
Bièvre,91015,2020-09-02,0,16
Bièvre,91015,2020-09-03,0,16
Bièvre,91015,2020-09-04,0,16
Bièvre,91015,2020-09-05,0,16
Bièvre,91015,2020-09-06,0,16
Bièvre,91015,2020-09-07,0,16
Bièvre,91015,2020-09-08,0,16
Bièvre,91015,2020-09-09,0,16
Bièvre,91015,2020-09-10,0,16
Bièvre,91015,2020-09-11,0,16
Bièvre,91015,2020-09-12,0,16
Bièvre,91015,2020-09-13,0,16
Bièvre,91015,2020-09-14,0,16
Bièvre,91015,2020-09-15,0,16
Bièvre,91015,2020-09-16,0,16
Bièvre,91015,2020-09-17,1,17
Bièvre,91015,2020-09-18,0,17
Bièvre,91015,2020-09-19,0,17
Bièvre,91015,2020-09-20,0,17
Bièvre,91015,2020-09-21,0,17
Bièvre,91015,2020-09-22,0,17
Bièvre,91015,2020-09-23,0,17
Bièvre,91015,2020-09-24,0,17
Bièvre,91015,2020-09-25,0,17
Bièvre,91015,2020-09-26,0,17
Bièvre,91015,2020-09-27,0,17
Bièvre,91015,2020-09-28,0,17
Bièvre,91015,2020-09-29,0,17
Bièvre,91015,2020-09-30,0,17
Bièvre,91015,2020-10-01,0,17
Bièvre,91015,2020-10-02,0,17
Bièvre,91015,2020-10-03,0,17
Bièvre,91015,2020-10-04,0,17
Bièvre,91015,2020-10-05,2,19
Bièvre,91015,2020-10-06,0,19
Bièvre,91015,2020-10-07,0,19
Bièvre,91015,2020-10-08,0,19
Bièvre,91015,2020-10-09,1,20
Bièvre,91015,2020-10-10,1,21
Bièvre,91015,2020-10-11,0,21
Bièvre,91015,2020-10-12,4,25
Bièvre,91015,2020-10-13,3,28
Bièvre,91015,2020-10-14,0,28
Bièvre,91015,2020-10-15,0,28
Bièvre,91015,2020-10-16,1,29
Bièvre,91015,2020-10-17,3,32
Bièvre,91015,2020-10-18,2,34
Bièvre,91015,2020-10-19,6,40
Bièvre,91015,2020-10-20,3,43
Bièvre,91015,2020-10-21,1,44
Bièvre,91015,2020-10-22,3,47
Bièvre,91015,2020-10-23,8,55
Bièvre,91015,2020-10-24,2,57
Bièvre,91015,2020-10-25,5,62
Bièvre,91015,2020-10-26,5,67
Bièvre,91015,2020-10-27,1,68
Bièvre,91015,2020-10-28,8,76
Bièvre,91015,2020-10-29,1,77
Bièvre,91015,2020-10-30,10,87
Bièvre,91015,2020-10-31,30,117
Bièvre,91015,2020-11-01,7,124
Bièvre,91015,2020-11-02,12,136
Bièvre,91015,2020-11-03,0,136
Bièvre,91015,2020-11-04,4,140
Bièvre,91015,2020-11-05,12,152
Bièvre,91015,2020-11-06,4,156
Bièvre,91015,2020-11-07,5,161
Bièvre,91015,2020-11-08,5,166
Bièvre,91015,2020-11-09,1,167
Bièvre,91015,2020-11-10,1,168
Bièvre,91015,2020-11-11,3,171
Ciney,91030,2020-04-01,4,12
Ciney,91030,2020-04-02,7,19
Ciney,91030,2020-04-03,2,21
Ciney,91030,2020-04-04,2,23
Ciney,91030,2020-04-05,1,24
Ciney,91030,2020-04-06,4,28
Ciney,91030,2020-04-07,0,28
Ciney,91030,2020-04-08,1,29
Ciney,91030,2020-04-09,1,30
Ciney,91030,2020-04-10,8,38
Ciney,91030,2020-04-11,1,39
Ciney,91030,2020-04-12,4,43
Ciney,91030,2020-04-13,0,43
Ciney,91030,2020-04-14,1,44
Ciney,91030,2020-04-15,3,47
Ciney,91030,2020-04-16,4,51
Ciney,91030,2020-04-17,0,51
Ciney,91030,2020-04-18,4,55
Ciney,91030,2020-04-19,0,55
Ciney,91030,2020-04-20,5,60
Ciney,91030,2020-04-21,1,61
Ciney,91030,2020-04-22,0,61
Ciney,91030,2020-04-23,5,66
Ciney,91030,2020-04-24,0,66
Ciney,91030,2020-04-25,1,67
Ciney,91030,2020-04-26,1,68
Ciney,91030,2020-04-27,0,68
Ciney,91030,2020-04-28,1,69
Ciney,91030,2020-04-29,0,69
Ciney,91030,2020-04-30,0,69
Ciney,91030,2020-05-01,1,70
Ciney,91030,2020-05-02,2,72
Ciney,91030,2020-05-03,1,73
Ciney,91030,2020-05-04,1,74
Ciney,91030,2020-05-05,2,76
Ciney,91030,2020-05-06,1,77
Ciney,91030,2020-05-07,5,82
Ciney,91030,2020-05-08,0,82
Ciney,91030,2020-05-09,0,82
Ciney,91030,2020-05-10,2,84
Ciney,91030,2020-05-11,0,84
Ciney,91030,2020-05-12,3,87
Ciney,91030,2020-05-13,-2,85
Ciney,91030,2020-05-14,0,85
Ciney,91030,2020-05-15,0,85
Ciney,91030,2020-05-16,0,85
Ciney,91030,2020-05-17,0,85
Ciney,91030,2020-05-18,0,85
Ciney,91030,2020-05-19,0,85
Ciney,91030,2020-05-20,0,85
Ciney,91030,2020-05-21,0,85
Ciney,91030,2020-05-22,0,85
Ciney,91030,2020-05-23,0,85
Ciney,91030,2020-05-24,0,85
Ciney,91030,2020-05-25,0,85
Ciney,91030,2020-05-26,0,85
Ciney,91030,2020-05-27,0,85
Ciney,91030,2020-05-28,0,85
Ciney,91030,2020-05-29,0,85
Ciney,91030,2020-05-30,0,85
Ciney,91030,2020-05-31,0,85
Ciney,91030,2020-06-01,0,85
Ciney,91030,2020-06-02,0,85
Ciney,91030,2020-06-03,0,85
Ciney,91030,2020-06-04,0,85
Ciney,91030,2020-06-05,0,85
Ciney,91030,2020-06-06,0,85
Ciney,91030,2020-06-07,0,85
Ciney,91030,2020-06-08,0,85
Ciney,91030,2020-06-09,0,85
Ciney,91030,2020-06-10,0,85
Ciney,91030,2020-06-11,0,85
Ciney,91030,2020-06-12,1,86
Ciney,91030,2020-06-13,0,86
Ciney,91030,2020-06-14,0,86
Ciney,91030,2020-06-15,0,86
Ciney,91030,2020-06-16,0,86
Ciney,91030,2020-06-17,0,86
Ciney,91030,2020-06-18,0,86
Ciney,91030,2020-06-19,0,86
Ciney,91030,2020-06-20,0,86
Ciney,91030,2020-06-23,0,86
Ciney,91030,2020-06-24,0,86
Ciney,91030,2020-06-25,0,86
Ciney,91030,2020-06-26,0,86
Ciney,91030,2020-06-27,0,86
Ciney,91030,2020-06-30,0,86
Ciney,91030,2020-07-01,0,86
Ciney,91030,2020-07-02,0,86
Ciney,91030,2020-07-03,0,86
Ciney,91030,2020-07-04,0,86
Ciney,91030,2020-07-07,0,86
Ciney,91030,2020-07-08,0,86
Ciney,91030,2020-07-09,0,86
Ciney,91030,2020-07-10,0,86
Ciney,91030,2020-07-11,0,86
Ciney,91030,2020-07-14,0,86
Ciney,91030,2020-07-15,0,86
Ciney,91030,2020-07-16,0,86
Ciney,91030,2020-07-17,1,87
Ciney,91030,2020-07-18,0,87
Ciney,91030,2020-07-20,2,89
Ciney,91030,2020-07-21,0,89
Ciney,91030,2020-07-22,0,89
Ciney,91030,2020-07-23,1,90
Ciney,91030,2020-07-24,0,90
Ciney,91030,2020-07-25,0,90
Ciney,91030,2020-07-26,0,90
Ciney,91030,2020-07-27,0,90
Ciney,91030,2020-07-28,0,90
Ciney,91030,2020-07-29,0,90
Ciney,91030,2020-07-30,0,90
Ciney,91030,2020-07-31,0,90
Ciney,91030,2020-08-01,0,90
Ciney,91030,2020-08-02,0,90
Ciney,91030,2020-08-03,0,90
Ciney,91030,2020-08-04,0,90
Ciney,91030,2020-08-05,0,90
Ciney,91030,2020-08-06,0,90
Ciney,91030,2020-08-07,1,91
Ciney,91030,2020-08-08,1,92
Ciney,91030,2020-08-09,0,92
Ciney,91030,2020-08-10,5,97
Ciney,91030,2020-08-11,0,97
Ciney,91030,2020-08-12,0,97
Ciney,91030,2020-08-13,0,97
Ciney,91030,2020-08-14,0,97
Ciney,91030,2020-08-15,3,100
Ciney,91030,2020-08-16,2,102
Ciney,91030,2020-08-17,0,102
Ciney,91030,2020-08-18,0,102
Ciney,91030,2020-08-19,0,102
Ciney,91030,2020-08-20,0,102
Ciney,91030,2020-08-21,0,102
Ciney,91030,2020-08-22,0,102
Ciney,91030,2020-08-23,1,103
Ciney,91030,2020-08-24,1,104
Ciney,91030,2020-08-25,0,104
Ciney,91030,2020-08-26,0,104
Ciney,91030,2020-08-27,0,104
Ciney,91030,2020-08-28,0,104
Ciney,91030,2020-08-29,0,104
Ciney,91030,2020-08-30,1,105
Ciney,91030,2020-08-31,0,105
Ciney,91030,2020-09-01,0,105
Ciney,91030,2020-09-02,1,106
Ciney,91030,2020-09-03,3,109
Ciney,91030,2020-09-04,2,111
Ciney,91030,2020-09-05,4,115
Ciney,91030,2020-09-06,3,118
Ciney,91030,2020-09-07,2,120
Ciney,91030,2020-09-08,0,120
Ciney,91030,2020-09-09,0,120
Ciney,91030,2020-09-10,0,120
Ciney,91030,2020-09-11,0,120
Ciney,91030,2020-09-12,0,120
Ciney,91030,2020-09-13,15,135
Ciney,91030,2020-09-14,3,138
Ciney,91030,2020-09-15,2,140
Ciney,91030,2020-09-16,4,144
Ciney,91030,2020-09-17,2,146
Ciney,91030,2020-09-18,1,147
Ciney,91030,2020-09-19,0,147
Ciney,91030,2020-09-20,5,152
Ciney,91030,2020-09-21,0,152
Ciney,91030,2020-09-22,1,153
Ciney,91030,2020-09-23,2,155
Ciney,91030,2020-09-24,2,157
Ciney,91030,2020-09-25,0,157
Ciney,91030,2020-09-26,5,162
Ciney,91030,2020-09-27,5,167
Ciney,91030,2020-09-28,5,172
Ciney,91030,2020-09-29,3,175
Ciney,91030,2020-09-30,3,178
Ciney,91030,2020-10-01,4,182
Ciney,91030,2020-10-02,4,186
Ciney,91030,2020-10-03,4,190
Ciney,91030,2020-10-04,12,202
Ciney,91030,2020-10-05,8,210
Ciney,91030,2020-10-06,7,217
Ciney,91030,2020-10-07,3,220
Ciney,91030,2020-10-08,14,234
Ciney,91030,2020-10-09,16,250
Ciney,91030,2020-10-10,17,267
Ciney,91030,2020-10-11,23,290
Ciney,91030,2020-10-12,14,304
Ciney,91030,2020-10-13,10,314
Ciney,91030,2020-10-14,29,343
Ciney,91030,2020-10-15,21,364
Ciney,91030,2020-10-16,30,394
Ciney,91030,2020-10-17,27,421
Ciney,91030,2020-10-18,32,453
Ciney,91030,2020-10-19,22,475
Ciney,91030,2020-10-20,16,491
Ciney,91030,2020-10-21,29,520
Ciney,91030,2020-10-22,48,568
Ciney,91030,2020-10-23,32,600
Ciney,91030,2020-10-24,39,639
Ciney,91030,2020-10-25,37,676
Ciney,91030,2020-10-26,42,718
Ciney,91030,2020-10-27,32,750
Ciney,91030,2020-10-28,25,775
Ciney,91030,2020-10-29,49,824
Ciney,91030,2020-10-30,54,878
Ciney,91030,2020-10-31,33,911
Ciney,91030,2020-11-01,47,958
Ciney,91030,2020-11-02,11,969
Ciney,91030,2020-11-03,16,985
Ciney,91030,2020-11-04,6,991
Ciney,91030,2020-11-05,36,1027
Ciney,91030,2020-11-06,17,1044
Ciney,91030,2020-11-07,23,1067
Ciney,91030,2020-11-08,14,1081
Ciney,91030,2020-11-09,22,1103
Ciney,91030,2020-11-10,7,1110
Ciney,91030,2020-11-11,5,1115
Dinant,91034,2020-04-01,0,0
Dinant,91034,2020-04-02,0,0
Dinant,91034,2020-04-03,0,0
Dinant,91034,2020-04-04,0,0
Dinant,91034,2020-04-05,0,0
Dinant,91034,2020-04-06,5,5
Dinant,91034,2020-04-07,0,5
Dinant,91034,2020-04-08,2,7
Dinant,91034,2020-04-09,0,7
Dinant,91034,2020-04-10,3,10
Dinant,91034,2020-04-11,0,10
Dinant,91034,2020-04-12,3,13
Dinant,91034,2020-04-13,0,13
Dinant,91034,2020-04-14,0,13
Dinant,91034,2020-04-15,1,14
Dinant,91034,2020-04-16,4,18
Dinant,91034,2020-04-17,0,18
Dinant,91034,2020-04-18,1,19
Dinant,91034,2020-04-19,0,19
Dinant,91034,2020-04-20,0,19
Dinant,91034,2020-04-21,0,19
Dinant,91034,2020-04-22,2,21
Dinant,91034,2020-04-23,0,21
Dinant,91034,2020-04-24,1,22
Dinant,91034,2020-04-25,0,22
Dinant,91034,2020-04-26,0,22
Dinant,91034,2020-04-27,0,22
Dinant,91034,2020-04-28,0,22
Dinant,91034,2020-04-29,1,23
Dinant,91034,2020-04-30,1,24
Dinant,91034,2020-05-01,2,26
Dinant,91034,2020-05-02,1,27
Dinant,91034,2020-05-03,0,27
Dinant,91034,2020-05-04,0,27
Dinant,91034,2020-05-05,1,28
Dinant,91034,2020-05-06,3,31
Dinant,91034,2020-05-07,0,31
Dinant,91034,2020-05-08,0,31
Dinant,91034,2020-05-09,0,31
Dinant,91034,2020-05-10,1,32
Dinant,91034,2020-05-11,0,32
Dinant,91034,2020-05-12,1,33
Dinant,91034,2020-05-13,-1,32
Dinant,91034,2020-05-14,0,32
Dinant,91034,2020-05-15,0,32
Dinant,91034,2020-05-16,0,32
Dinant,91034,2020-05-17,0,32
Dinant,91034,2020-05-18,1,33
Dinant,91034,2020-05-19,0,33
Dinant,91034,2020-05-20,0,33
Dinant,91034,2020-05-21,0,33
Dinant,91034,2020-05-22,0,33
Dinant,91034,2020-05-23,0,33
Dinant,91034,2020-05-24,0,33
Dinant,91034,2020-05-25,0,33
Dinant,91034,2020-05-26,0,33
Dinant,91034,2020-05-27,0,33
Dinant,91034,2020-05-28,2,35
Dinant,91034,2020-05-29,0,35
Dinant,91034,2020-05-30,1,36
Dinant,91034,2020-05-31,0,36
Dinant,91034,2020-06-01,0,36
Dinant,91034,2020-06-02,0,36
Dinant,91034,2020-06-03,0,36
Dinant,91034,2020-06-04,0,36
Dinant,91034,2020-06-05,1,37
Dinant,91034,2020-06-06,0,37
Dinant,91034,2020-06-07,0,37
Dinant,91034,2020-06-08,0,37
Dinant,91034,2020-06-09,0,37
Dinant,91034,2020-06-10,0,37
Dinant,91034,2020-06-11,0,37
Dinant,91034,2020-06-12,0,37
Dinant,91034,2020-06-13,0,37
Dinant,91034,2020-06-14,0,37
Dinant,91034,2020-06-15,0,37
Dinant,91034,2020-06-16,0,37
Dinant,91034,2020-06-17,0,37
Dinant,91034,2020-06-18,0,37
Dinant,91034,2020-06-19,0,37
Dinant,91034,2020-06-20,0,37
Dinant,91034,2020-06-23,0,37
Dinant,91034,2020-06-24,0,37
Dinant,91034,2020-06-25,0,37
Dinant,91034,2020-06-26,0,37
Dinant,91034,2020-06-27,1,38
Dinant,91034,2020-06-30,0,38
Dinant,91034,2020-07-01,0,38
Dinant,91034,2020-07-02,0,38
Dinant,91034,2020-07-03,0,38
Dinant,91034,2020-07-04,0,38
Dinant,91034,2020-07-07,0,38
Dinant,91034,2020-07-08,0,38
Dinant,91034,2020-07-09,0,38
Dinant,91034,2020-07-10,0,38
Dinant,91034,2020-07-11,0,38
Dinant,91034,2020-07-14,0,38
Dinant,91034,2020-07-15,0,38
Dinant,91034,2020-07-16,0,38
Dinant,91034,2020-07-17,0,38
Dinant,91034,2020-07-18,0,38
Dinant,91034,2020-07-20,0,38
Dinant,91034,2020-07-21,0,38
Dinant,91034,2020-07-22,0,38
Dinant,91034,2020-07-23,0,38
Dinant,91034,2020-07-24,0,38
Dinant,91034,2020-07-25,0,38
Dinant,91034,2020-07-26,0,38
Dinant,91034,2020-07-27,0,38
Dinant,91034,2020-07-28,0,38
Dinant,91034,2020-07-29,0,38
Dinant,91034,2020-07-30,1,39
Dinant,91034,2020-07-31,1,40
Dinant,91034,2020-08-01,1,41
Dinant,91034,2020-08-02,0,41
Dinant,91034,2020-08-03,1,42
Dinant,91034,2020-08-04,0,42
Dinant,91034,2020-08-05,1,43
Dinant,91034,2020-08-06,0,43
Dinant,91034,2020-08-07,0,43
Dinant,91034,2020-08-08,2,45
Dinant,91034,2020-08-09,0,45
Dinant,91034,2020-08-10,0,45
Dinant,91034,2020-08-11,0,45
Dinant,91034,2020-08-12,0,45
Dinant,91034,2020-08-13,0,45
Dinant,91034,2020-08-14,0,45
Dinant,91034,2020-08-15,1,46
Dinant,91034,2020-08-16,1,47
Dinant,91034,2020-08-17,1,48
Dinant,91034,2020-08-18,0,48
Dinant,91034,2020-08-19,0,48
Dinant,91034,2020-08-20,0,48
Dinant,91034,2020-08-21,0,48
Dinant,91034,2020-08-22,1,49
Dinant,91034,2020-08-23,0,49
Dinant,91034,2020-08-24,0,49
Dinant,91034,2020-08-25,0,49
Dinant,91034,2020-08-26,0,49
Dinant,91034,2020-08-27,0,49
Dinant,91034,2020-08-28,1,50
Dinant,91034,2020-08-29,0,50
Dinant,91034,2020-08-30,0,50
Dinant,91034,2020-08-31,0,50
Dinant,91034,2020-09-01,0,50
Dinant,91034,2020-09-02,0,50
Dinant,91034,2020-09-03,0,50
Dinant,91034,2020-09-04,0,50
Dinant,91034,2020-09-05,0,50
Dinant,91034,2020-09-06,0,50
Dinant,91034,2020-09-07,1,51
Dinant,91034,2020-09-08,1,52
Dinant,91034,2020-09-09,0,52
Dinant,91034,2020-09-10,0,52
Dinant,91034,2020-09-11,0,52
Dinant,91034,2020-09-12,0,52
Dinant,91034,2020-09-13,0,52
Dinant,91034,2020-09-14,0,52
Dinant,91034,2020-09-15,1,53
Dinant,91034,2020-09-16,0,53
Dinant,91034,2020-09-17,0,53
Dinant,91034,2020-09-18,2,55
Dinant,91034,2020-09-19,0,55
Dinant,91034,2020-09-20,0,55
Dinant,91034,2020-09-21,1,56
Dinant,91034,2020-09-22,2,58
Dinant,91034,2020-09-23,0,58
Dinant,91034,2020-09-24,0,58
Dinant,91034,2020-09-25,1,59
Dinant,91034,2020-09-26,1,60
Dinant,91034,2020-09-27,1,61
Dinant,91034,2020-09-28,1,62
Dinant,91034,2020-09-29,2,64
Dinant,91034,2020-09-30,2,66
Dinant,91034,2020-10-01,1,67
Dinant,91034,2020-10-02,0,67
Dinant,91034,2020-10-03,3,70
Dinant,91034,2020-10-04,5,75
Dinant,91034,2020-10-05,4,79
Dinant,91034,2020-10-06,8,87
Dinant,91034,2020-10-07,1,88
Dinant,91034,2020-10-08,5,93
Dinant,91034,2020-10-09,7,100
Dinant,91034,2020-10-10,4,104
Dinant,91034,2020-10-11,14,118
Dinant,91034,2020-10-12,6,124
Dinant,91034,2020-10-13,3,127
Dinant,91034,2020-10-14,4,131
Dinant,91034,2020-10-15,21,152
Dinant,91034,2020-10-16,16,168
Dinant,91034,2020-10-17,9,177
Dinant,91034,2020-10-18,10,187
Dinant,91034,2020-10-19,19,206
Dinant,91034,2020-10-20,7,213
Dinant,91034,2020-10-21,13,226
Dinant,91034,2020-10-22,18,244
Dinant,91034,2020-10-23,11,255
Dinant,91034,2020-10-24,28,283
Dinant,91034,2020-10-25,25,308
Dinant,91034,2020-10-26,19,327
Dinant,91034,2020-10-27,19,346
Dinant,91034,2020-10-28,11,357
Dinant,91034,2020-10-29,27,384
Dinant,91034,2020-10-30,39,423
Dinant,91034,2020-10-31,23,446
Dinant,91034,2020-11-01,29,475
Dinant,91034,2020-11-02,25,500
Dinant,91034,2020-11-03,19,519
Dinant,91034,2020-11-04,10,529
Dinant,91034,2020-11-05,29,558
Dinant,91034,2020-11-06,15,573
Dinant,91034,2020-11-07,7,580
Dinant,91034,2020-11-08,8,588
Dinant,91034,2020-11-09,8,596
Dinant,91034,2020-11-10,8,604
Dinant,91034,2020-11-11,11,615
Gedinne,91054,2020-04-01,0,0
Gedinne,91054,2020-04-02,0,0
Gedinne,91054,2020-04-03,0,0
Gedinne,91054,2020-04-04,0,0
Gedinne,91054,2020-04-05,0,0
Gedinne,91054,2020-04-06,0,0
Gedinne,91054,2020-04-07,0,0
Gedinne,91054,2020-04-08,0,0
Gedinne,91054,2020-04-09,0,0
Gedinne,91054,2020-04-10,0,0
Gedinne,91054,2020-04-11,0,0
Gedinne,91054,2020-04-12,0,0
Gedinne,91054,2020-04-13,0,0
Gedinne,91054,2020-04-14,0,0
Gedinne,91054,2020-04-15,0,0
Gedinne,91054,2020-04-16,0,0
Gedinne,91054,2020-04-17,0,0
Gedinne,91054,2020-04-18,0,0
Gedinne,91054,2020-04-19,0,0
Gedinne,91054,2020-04-20,0,0
Gedinne,91054,2020-04-21,0,0
Gedinne,91054,2020-04-22,0,0
Gedinne,91054,2020-04-23,0,0
Gedinne,91054,2020-04-24,0,0
Gedinne,91054,2020-04-25,0,0
Gedinne,91054,2020-04-26,0,0
Gedinne,91054,2020-04-27,0,0
Gedinne,91054,2020-04-28,0,0
Gedinne,91054,2020-04-29,0,0
Gedinne,91054,2020-04-30,0,0
Gedinne,91054,2020-05-01,0,0
Gedinne,91054,2020-05-02,0,0
Gedinne,91054,2020-05-03,0,0
Gedinne,91054,2020-05-04,0,0
Gedinne,91054,2020-05-05,0,0
Gedinne,91054,2020-05-06,0,0
Gedinne,91054,2020-05-07,0,0
Gedinne,91054,2020-05-08,0,0
Gedinne,91054,2020-05-09,0,0
Gedinne,91054,2020-05-10,0,0
Gedinne,91054,2020-05-11,0,0
Gedinne,91054,2020-05-12,0,0
Gedinne,91054,2020-05-13,0,0
Gedinne,91054,2020-05-14,0,0
Gedinne,91054,2020-05-15,0,0
Gedinne,91054,2020-05-16,0,0
Gedinne,91054,2020-05-17,0,0
Gedinne,91054,2020-05-18,0,0
Gedinne,91054,2020-05-19,0,0
Gedinne,91054,2020-05-20,0,0
Gedinne,91054,2020-05-21,0,0
Gedinne,91054,2020-05-22,0,0
Gedinne,91054,2020-05-23,0,0
Gedinne,91054,2020-05-24,0,0
Gedinne,91054,2020-05-25,0,0
Gedinne,91054,2020-05-26,0,0
Gedinne,91054,2020-05-27,0,0
Gedinne,91054,2020-05-28,0,0
Gedinne,91054,2020-05-29,0,0
Gedinne,91054,2020-05-30,0,0
Gedinne,91054,2020-05-31,0,0
Gedinne,91054,2020-06-01,0,0
Gedinne,91054,2020-06-02,0,0
Gedinne,91054,2020-06-03,0,0
Gedinne,91054,2020-06-04,0,0
Gedinne,91054,2020-06-05,0,0
Gedinne,91054,2020-06-06,0,0
Gedinne,91054,2020-06-07,0,0
Gedinne,91054,2020-06-08,0,0
Gedinne,91054,2020-06-09,0,0
Gedinne,91054,2020-06-10,0,0
Gedinne,91054,2020-06-11,0,0
Gedinne,91054,2020-06-12,0,0
Gedinne,91054,2020-06-13,0,0
Gedinne,91054,2020-06-14,0,0
Gedinne,91054,2020-06-15,0,0
Gedinne,91054,2020-06-16,0,0
Gedinne,91054,2020-06-17,0,0
Gedinne,91054,2020-06-18,0,0
Gedinne,91054,2020-06-19,0,0
Gedinne,91054,2020-06-20,0,0
Gedinne,91054,2020-06-23,0,0
Gedinne,91054,2020-06-24,0,0
Gedinne,91054,2020-06-25,0,0
Gedinne,91054,2020-06-26,0,0
Gedinne,91054,2020-06-27,0,0
Gedinne,91054,2020-06-30,0,0
Gedinne,91054,2020-07-01,0,0
Gedinne,91054,2020-07-02,0,0
Gedinne,91054,2020-07-03,0,0
Gedinne,91054,2020-07-04,0,0
Gedinne,91054,2020-07-07,0,0
Gedinne,91054,2020-07-08,0,0
Gedinne,91054,2020-07-09,5,5
Gedinne,91054,2020-07-10,0,5
Gedinne,91054,2020-07-11,0,5
Gedinne,91054,2020-07-14,0,5
Gedinne,91054,2020-07-15,0,5
Gedinne,91054,2020-07-16,0,5
Gedinne,91054,2020-07-17,0,5
Gedinne,91054,2020-07-18,0,5
Gedinne,91054,2020-07-20,0,5
Gedinne,91054,2020-07-21,0,5
Gedinne,91054,2020-07-22,0,5
Gedinne,91054,2020-07-23,0,5
Gedinne,91054,2020-07-24,0,5
Gedinne,91054,2020-07-25,0,5
Gedinne,91054,2020-07-26,0,5
Gedinne,91054,2020-07-27,0,5
Gedinne,91054,2020-07-28,0,5
Gedinne,91054,2020-07-29,0,5
Gedinne,91054,2020-07-30,0,5
Gedinne,91054,2020-07-31,0,5
Gedinne,91054,2020-08-01,0,5
Gedinne,91054,2020-08-02,0,5
Gedinne,91054,2020-08-03,0,5
Gedinne,91054,2020-08-04,0,5
Gedinne,91054,2020-08-05,0,5
Gedinne,91054,2020-08-06,0,5
Gedinne,91054,2020-08-07,0,5
Gedinne,91054,2020-08-08,0,5
Gedinne,91054,2020-08-09,1,6
Gedinne,91054,2020-08-10,1,7
Gedinne,91054,2020-08-11,0,7
Gedinne,91054,2020-08-12,0,7
Gedinne,91054,2020-08-13,0,7
Gedinne,91054,2020-08-14,0,7
Gedinne,91054,2020-08-15,0,7
Gedinne,91054,2020-08-16,0,7
Gedinne,91054,2020-08-17,0,7
Gedinne,91054,2020-08-18,0,7
Gedinne,91054,2020-08-19,0,7
Gedinne,91054,2020-08-20,0,7
Gedinne,91054,2020-08-21,0,7
Gedinne,91054,2020-08-22,0,7
Gedinne,91054,2020-08-23,0,7
Gedinne,91054,2020-08-24,0,7
Gedinne,91054,2020-08-25,0,7
Gedinne,91054,2020-08-26,0,7
Gedinne,91054,2020-08-27,0,7
Gedinne,91054,2020-08-28,0,7
Gedinne,91054,2020-08-29,0,7
Gedinne,91054,2020-08-30,0,7
Gedinne,91054,2020-08-31,0,7
Gedinne,91054,2020-09-01,0,7
Gedinne,91054,2020-09-02,0,7
Gedinne,91054,2020-09-03,0,7
Gedinne,91054,2020-09-04,0,7
Gedinne,91054,2020-09-05,0,7
Gedinne,91054,2020-09-06,0,7
Gedinne,91054,2020-09-07,0,7
Gedinne,91054,2020-09-08,0,7
Gedinne,91054,2020-09-09,0,7
Gedinne,91054,2020-09-10,0,7
Gedinne,91054,2020-09-11,0,7
Gedinne,91054,2020-09-12,0,7
Gedinne,91054,2020-09-13,0,7
Gedinne,91054,2020-09-14,0,7
Gedinne,91054,2020-09-15,1,8
Gedinne,91054,2020-09-16,0,8
Gedinne,91054,2020-09-17,1,9
Gedinne,91054,2020-09-18,1,10
Gedinne,91054,2020-09-19,0,10
Gedinne,91054,2020-09-20,2,12
Gedinne,91054,2020-09-21,0,12
Gedinne,91054,2020-09-22,0,12
Gedinne,91054,2020-09-23,1,13
Gedinne,91054,2020-09-24,0,13
Gedinne,91054,2020-09-25,0,13
Gedinne,91054,2020-09-26,0,13
Gedinne,91054,2020-09-27,0,13
Gedinne,91054,2020-09-28,0,13
Gedinne,91054,2020-09-29,0,13
Gedinne,91054,2020-09-30,0,13
Gedinne,91054,2020-10-01,4,17
Gedinne,91054,2020-10-02,2,19
Gedinne,91054,2020-10-03,4,23
Gedinne,91054,2020-10-04,0,23
Gedinne,91054,2020-10-05,1,24
Gedinne,91054,2020-10-06,1,25
Gedinne,91054,2020-10-07,2,27
Gedinne,91054,2020-10-08,1,28
Gedinne,91054,2020-10-09,4,32
Gedinne,91054,2020-10-10,1,33
Gedinne,91054,2020-10-11,0,33
Gedinne,91054,2020-10-12,2,35
Gedinne,91054,2020-10-13,0,35
Gedinne,91054,2020-10-14,0,35
Gedinne,91054,2020-10-15,5,40
Gedinne,91054,2020-10-16,3,43
Gedinne,91054,2020-10-17,2,45
Gedinne,91054,2020-10-18,2,47
Gedinne,91054,2020-10-19,1,48
Gedinne,91054,2020-10-20,1,49
Gedinne,91054,2020-10-21,1,50
Gedinne,91054,2020-10-22,3,53
Gedinne,91054,2020-10-23,6,59
Gedinne,91054,2020-10-24,5,64
Gedinne,91054,2020-10-25,8,72
Gedinne,91054,2020-10-26,7,79
Gedinne,91054,2020-10-27,4,83
Gedinne,91054,2020-10-28,4,87
Gedinne,91054,2020-10-29,1,88
Gedinne,91054,2020-10-30,3,91
Gedinne,91054,2020-10-31,8,99
Gedinne,91054,2020-11-01,10,109
Gedinne,91054,2020-11-02,10,119
Gedinne,91054,2020-11-03,1,120
Gedinne,91054,2020-11-04,2,122
Gedinne,91054,2020-11-05,11,133
Gedinne,91054,2020-11-06,2,135
Gedinne,91054,2020-11-07,6,141
Gedinne,91054,2020-11-08,1,142
Gedinne,91054,2020-11-09,1,143
Gedinne,91054,2020-11-10,4,147
Gedinne,91054,2020-11-11,1,148
Hamois,91059,2020-04-01,0,5
Hamois,91059,2020-04-02,2,7
Hamois,91059,2020-04-03,2,9
Hamois,91059,2020-04-04,2,11
Hamois,91059,2020-04-05,0,11
Hamois,91059,2020-04-06,0,11
Hamois,91059,2020-04-07,0,11
Hamois,91059,2020-04-08,2,13
Hamois,91059,2020-04-09,0,13
Hamois,91059,2020-04-10,0,13
Hamois,91059,2020-04-11,0,13
Hamois,91059,2020-04-12,3,16
Hamois,91059,2020-04-13,0,16
Hamois,91059,2020-04-14,0,16
Hamois,91059,2020-04-15,0,16
Hamois,91059,2020-04-16,4,20
Hamois,91059,2020-04-17,1,21
Hamois,91059,2020-04-18,0,21
Hamois,91059,2020-04-19,0,21
Hamois,91059,2020-04-20,1,22
Hamois,91059,2020-04-21,2,24
Hamois,91059,2020-04-22,1,25
Hamois,91059,2020-04-23,6,31
Hamois,91059,2020-04-24,0,31
Hamois,91059,2020-04-25,-2,29
Hamois,91059,2020-04-26,0,29
Hamois,91059,2020-04-27,0,29
Hamois,91059,2020-04-28,0,29
Hamois,91059,2020-04-29,0,29
Hamois,91059,2020-04-30,1,30
Hamois,91059,2020-05-01,0,30
Hamois,91059,2020-05-02,0,30
Hamois,91059,2020-05-03,1,31
Hamois,91059,2020-05-04,0,31
Hamois,91059,2020-05-05,0,31
Hamois,91059,2020-05-06,0,31
Hamois,91059,2020-05-07,0,31
Hamois,91059,2020-05-08,0,31
Hamois,91059,2020-05-09,0,31
Hamois,91059,2020-05-10,0,31
Hamois,91059,2020-05-11,0,31
Hamois,91059,2020-05-12,0,31
Hamois,91059,2020-05-13,0,31
Hamois,91059,2020-05-14,0,31
Hamois,91059,2020-05-15,1,32
Hamois,91059,2020-05-16,0,32
Hamois,91059,2020-05-17,0,32
Hamois,91059,2020-05-18,0,32
Hamois,91059,2020-05-19,0,32
Hamois,91059,2020-05-20,0,32
Hamois,91059,2020-05-21,0,32
Hamois,91059,2020-05-22,1,33
Hamois,91059,2020-05-23,0,33
Hamois,91059,2020-05-24,0,33
Hamois,91059,2020-05-25,0,33
Hamois,91059,2020-05-26,0,33
Hamois,91059,2020-05-27,1,34
Hamois,91059,2020-05-28,0,34
Hamois,91059,2020-05-29,0,34
Hamois,91059,2020-05-30,0,34
Hamois,91059,2020-05-31,0,34
Hamois,91059,2020-06-01,0,34
Hamois,91059,2020-06-02,0,34
Hamois,91059,2020-06-03,0,34
Hamois,91059,2020-06-04,0,34
Hamois,91059,2020-06-05,0,34
Hamois,91059,2020-06-06,0,34
Hamois,91059,2020-06-07,1,35
Hamois,91059,2020-06-08,0,35
Hamois,91059,2020-06-09,0,35
Hamois,91059,2020-06-10,0,35
Hamois,91059,2020-06-11,0,35
Hamois,91059,2020-06-12,0,35
Hamois,91059,2020-06-13,0,35
Hamois,91059,2020-06-14,0,35
Hamois,91059,2020-06-15,0,35
Hamois,91059,2020-06-16,0,35
Hamois,91059,2020-06-17,0,35
Hamois,91059,2020-06-18,0,35
Hamois,91059,2020-06-19,0,35
Hamois,91059,2020-06-20,0,35
Hamois,91059,2020-06-23,0,35
Hamois,91059,2020-06-24,0,35
Hamois,91059,2020-06-25,0,35
Hamois,91059,2020-06-26,0,35
Hamois,91059,2020-06-27,0,35
Hamois,91059,2020-06-30,0,35
Hamois,91059,2020-07-01,0,35
Hamois,91059,2020-07-02,0,35
Hamois,91059,2020-07-03,0,35
Hamois,91059,2020-07-04,0,35
Hamois,91059,2020-07-07,0,35
Hamois,91059,2020-07-08,0,35
Hamois,91059,2020-07-09,0,35
Hamois,91059,2020-07-10,0,35
Hamois,91059,2020-07-11,0,35
Hamois,91059,2020-07-14,0,35
Hamois,91059,2020-07-15,0,35
Hamois,91059,2020-07-16,0,35
Hamois,91059,2020-07-17,0,35
Hamois,91059,2020-07-18,0,35
Hamois,91059,2020-07-20,0,35
Hamois,91059,2020-07-21,0,35
Hamois,91059,2020-07-22,0,35
Hamois,91059,2020-07-23,0,35
Hamois,91059,2020-07-24,0,35
Hamois,91059,2020-07-25,0,35
Hamois,91059,2020-07-26,0,35
Hamois,91059,2020-07-27,0,35
Hamois,91059,2020-07-28,1,36
Hamois,91059,2020-07-29,0,36
Hamois,91059,2020-07-30,0,36
Hamois,91059,2020-07-31,0,36
Hamois,91059,2020-08-01,0,36
Hamois,91059,2020-08-02,0,36
Hamois,91059,2020-08-03,0,36
Hamois,91059,2020-08-04,0,36
Hamois,91059,2020-08-05,0,36
Hamois,91059,2020-08-06,0,36
Hamois,91059,2020-08-07,0,36
Hamois,91059,2020-08-08,0,36
Hamois,91059,2020-08-09,1,37
Hamois,91059,2020-08-10,1,38
Hamois,91059,2020-08-11,1,39
Hamois,91059,2020-08-12,1,40
Hamois,91059,2020-08-13,0,40
Hamois,91059,2020-08-14,0,40
Hamois,91059,2020-08-15,4,44
Hamois,91059,2020-08-16,1,45
Hamois,91059,2020-08-17,1,46
Hamois,91059,2020-08-18,0,46
Hamois,91059,2020-08-19,1,47
Hamois,91059,2020-08-20,0,47
Hamois,91059,2020-08-21,0,47
Hamois,91059,2020-08-22,0,47
Hamois,91059,2020-08-23,0,47
Hamois,91059,2020-08-24,0,47
Hamois,91059,2020-08-25,0,47
Hamois,91059,2020-08-26,0,47
Hamois,91059,2020-08-27,1,48
Hamois,91059,2020-08-28,0,48
Hamois,91059,2020-08-29,0,48
Hamois,91059,2020-08-30,0,48
Hamois,91059,2020-08-31,0,48
Hamois,91059,2020-09-01,0,48
Hamois,91059,2020-09-02,0,48
Hamois,91059,2020-09-03,0,48
Hamois,91059,2020-09-04,0,48
Hamois,91059,2020-09-05,0,48
Hamois,91059,2020-09-06,0,48
Hamois,91059,2020-09-07,0,48
Hamois,91059,2020-09-08,0,48
Hamois,91059,2020-09-09,1,49
Hamois,91059,2020-09-10,0,49
Hamois,91059,2020-09-11,1,50
Hamois,91059,2020-09-12,1,51
Hamois,91059,2020-09-13,0,51
Hamois,91059,2020-09-14,1,52
Hamois,91059,2020-09-15,0,52
Hamois,91059,2020-09-16,0,52
Hamois,91059,2020-09-17,0,52
Hamois,91059,2020-09-18,0,52
Hamois,91059,2020-09-19,1,53
Hamois,91059,2020-09-20,2,55
Hamois,91059,2020-09-21,1,56
Hamois,91059,2020-09-22,0,56
Hamois,91059,2020-09-23,2,58
Hamois,91059,2020-09-24,1,59
Hamois,91059,2020-09-25,3,62
Hamois,91059,2020-09-26,5,67
Hamois,91059,2020-09-27,1,68
Hamois,91059,2020-09-28,1,69
Hamois,91059,2020-09-29,0,69
Hamois,91059,2020-09-30,1,70
Hamois,91059,2020-10-01,0,70
Hamois,91059,2020-10-02,2,72
Hamois,91059,2020-10-03,3,75
Hamois,91059,2020-10-04,4,79
Hamois,91059,2020-10-05,8,87
Hamois,91059,2020-10-06,2,89
Hamois,91059,2020-10-07,4,93
Hamois,91059,2020-10-08,8,101
Hamois,91059,2020-10-09,5,106
Hamois,91059,2020-10-10,12,118
Hamois,91059,2020-10-11,15,133
Hamois,91059,2020-10-12,6,139
Hamois,91059,2020-10-13,4,143
Hamois,91059,2020-10-14,16,159
Hamois,91059,2020-10-15,18,177
Hamois,91059,2020-10-16,25,202
Hamois,91059,2020-10-17,10,212
Hamois,91059,2020-10-18,13,225
Hamois,91059,2020-10-19,8,233
Hamois,91059,2020-10-20,5,238
Hamois,91059,2020-10-21,8,246
Hamois,91059,2020-10-22,22,268
Hamois,91059,2020-10-23,32,300
Hamois,91059,2020-10-24,29,329
Hamois,91059,2020-10-25,17,346
Hamois,91059,2020-10-26,18,364
Hamois,91059,2020-10-27,11,375
Hamois,91059,2020-10-28,11,386
Hamois,91059,2020-10-29,25,411
Hamois,91059,2020-10-30,22,433
Hamois,91059,2020-10-31,17,450
Hamois,91059,2020-11-01,8,458
Hamois,91059,2020-11-02,16,474
Hamois,91059,2020-11-03,6,480
Hamois,91059,2020-11-04,3,483
Hamois,91059,2020-11-05,15,498
Hamois,91059,2020-11-06,5,503
Hamois,91059,2020-11-07,9,512
Hamois,91059,2020-11-08,4,516
Hamois,91059,2020-11-09,4,520
Hamois,91059,2020-11-10,3,523
Hamois,91059,2020-11-11,0,523
Havelange,91064,2020-04-01,0,9
Havelange,91064,2020-04-02,0,9
Havelange,91064,2020-04-03,0,9
Havelange,91064,2020-04-04,2,11
Havelange,91064,2020-04-05,0,11
Havelange,91064,2020-04-06,2,13
Havelange,91064,2020-04-07,2,15
Havelange,91064,2020-04-08,1,16
Havelange,91064,2020-04-09,0,16
Havelange,91064,2020-04-10,0,16
Havelange,91064,2020-04-11,1,17
Havelange,91064,2020-04-12,0,17
Havelange,91064,2020-04-13,1,18
Havelange,91064,2020-04-14,0,18
Havelange,91064,2020-04-15,3,21
Havelange,91064,2020-04-16,0,21
Havelange,91064,2020-04-17,1,22
Havelange,91064,2020-04-18,0,22
Havelange,91064,2020-04-19,1,23
Havelange,91064,2020-04-20,0,23
Havelange,91064,2020-04-21,0,23
Havelange,91064,2020-04-22,2,25
Havelange,91064,2020-04-23,0,25
Havelange,91064,2020-04-24,0,25
Havelange,91064,2020-04-25,0,25
Havelange,91064,2020-04-26,0,25
Havelange,91064,2020-04-27,0,25
Havelange,91064,2020-04-28,0,25
Havelange,91064,2020-04-29,0,25
Havelange,91064,2020-04-30,0,25
Havelange,91064,2020-05-01,0,25
Havelange,91064,2020-05-02,0,25
Havelange,91064,2020-05-03,0,25
Havelange,91064,2020-05-04,1,26
Havelange,91064,2020-05-05,0,26
Havelange,91064,2020-05-06,0,26
Havelange,91064,2020-05-07,0,26
Havelange,91064,2020-05-08,0,26
Havelange,91064,2020-05-09,1,27
Havelange,91064,2020-05-10,0,27
Havelange,91064,2020-05-11,1,28
Havelange,91064,2020-05-12,0,28
Havelange,91064,2020-05-13,0,28
Havelange,91064,2020-05-14,0,28
Havelange,91064,2020-05-15,0,28
Havelange,91064,2020-05-16,0,28
Havelange,91064,2020-05-17,0,28
Havelange,91064,2020-05-18,0,28
Havelange,91064,2020-05-19,0,28
Havelange,91064,2020-05-20,0,28
Havelange,91064,2020-05-21,0,28
Havelange,91064,2020-05-22,0,28
Havelange,91064,2020-05-23,0,28
Havelange,91064,2020-05-24,0,28
Havelange,91064,2020-05-25,0,28
Havelange,91064,2020-05-26,0,28
Havelange,91064,2020-05-27,0,28
Havelange,91064,2020-05-28,0,28
Havelange,91064,2020-05-29,0,28
Havelange,91064,2020-05-30,0,28
Havelange,91064,2020-05-31,0,28
Havelange,91064,2020-06-01,0,28
Havelange,91064,2020-06-02,0,28
Havelange,91064,2020-06-03,0,28
Havelange,91064,2020-06-04,0,28
Havelange,91064,2020-06-05,0,28
Havelange,91064,2020-06-06,0,28
Havelange,91064,2020-06-07,0,28
Havelange,91064,2020-06-08,0,28
Havelange,91064,2020-06-09,0,28
Havelange,91064,2020-06-10,0,28
Havelange,91064,2020-06-11,0,28
Havelange,91064,2020-06-12,0,28
Havelange,91064,2020-06-13,0,28
Havelange,91064,2020-06-14,0,28
Havelange,91064,2020-06-15,0,28
Havelange,91064,2020-06-16,0,28
Havelange,91064,2020-06-17,0,28
Havelange,91064,2020-06-18,0,28
Havelange,91064,2020-06-19,0,28
Havelange,91064,2020-06-20,0,28
Havelange,91064,2020-06-23,0,28
Havelange,91064,2020-06-24,0,28
Havelange,91064,2020-06-25,0,28
Havelange,91064,2020-06-26,0,28
Havelange,91064,2020-06-27,0,28
Havelange,91064,2020-06-30,0,28
Havelange,91064,2020-07-01,0,28
Havelange,91064,2020-07-02,0,28
Havelange,91064,2020-07-03,0,28
Havelange,91064,2020-07-04,0,28
Havelange,91064,2020-07-07,0,28
Havelange,91064,2020-07-08,0,28
Havelange,91064,2020-07-09,0,28
Havelange,91064,2020-07-10,0,28
Havelange,91064,2020-07-11,0,28
Havelange,91064,2020-07-14,0,28
Havelange,91064,2020-07-15,0,28
Havelange,91064,2020-07-16,0,28
Havelange,91064,2020-07-17,0,28
Havelange,91064,2020-07-18,0,28
Havelange,91064,2020-07-20,0,28
Havelange,91064,2020-07-21,0,28
Havelange,91064,2020-07-22,0,28
Havelange,91064,2020-07-23,1,29
Havelange,91064,2020-07-24,0,29
Havelange,91064,2020-07-25,0,29
Havelange,91064,2020-07-26,0,29
Havelange,91064,2020-07-27,0,29
Havelange,91064,2020-07-28,0,29
Havelange,91064,2020-07-29,0,29
Havelange,91064,2020-07-30,0,29
Havelange,91064,2020-07-31,0,29
Havelange,91064,2020-08-01,0,29
Havelange,91064,2020-08-02,0,29
Havelange,91064,2020-08-03,0,29
Havelange,91064,2020-08-04,1,30
Havelange,91064,2020-08-05,0,30
Havelange,91064,2020-08-06,0,30
Havelange,91064,2020-08-07,0,30
Havelange,91064,2020-08-08,2,32
Havelange,91064,2020-08-09,0,32
Havelange,91064,2020-08-10,0,32
Havelange,91064,2020-08-11,0,32
Havelange,91064,2020-08-12,0,32
Havelange,91064,2020-08-13,0,32
Havelange,91064,2020-08-14,0,32
Havelange,91064,2020-08-15,0,32
Havelange,91064,2020-08-16,0,32
Havelange,91064,2020-08-17,0,32
Havelange,91064,2020-08-18,0,32
Havelange,91064,2020-08-19,0,32
Havelange,91064,2020-08-20,0,32
Havelange,91064,2020-08-21,1,33
Havelange,91064,2020-08-22,0,33
Havelange,91064,2020-08-23,0,33
Havelange,91064,2020-08-24,0,33
Havelange,91064,2020-08-25,0,33
Havelange,91064,2020-08-26,0,33
Havelange,91064,2020-08-27,1,34
Havelange,91064,2020-08-28,0,34
Havelange,91064,2020-08-29,1,35
Havelange,91064,2020-08-30,0,35
Havelange,91064,2020-08-31,0,35
Havelange,91064,2020-09-01,0,35
Havelange,91064,2020-09-02,1,36
Havelange,91064,2020-09-03,0,36
Havelange,91064,2020-09-04,0,36
Havelange,91064,2020-09-05,0,36
Havelange,91064,2020-09-06,0,36
Havelange,91064,2020-09-07,0,36
Havelange,91064,2020-09-08,0,36
Havelange,91064,2020-09-09,0,36
Havelange,91064,2020-09-10,0,36
Havelange,91064,2020-09-11,0,36
Havelange,91064,2020-09-12,0,36
Havelange,91064,2020-09-13,3,39
Havelange,91064,2020-09-14,0,39
Havelange,91064,2020-09-15,1,40
Havelange,91064,2020-09-16,0,40
Havelange,91064,2020-09-17,0,40
Havelange,91064,2020-09-18,0,40
Havelange,91064,2020-09-19,0,40
Havelange,91064,2020-09-20,1,41
Havelange,91064,2020-09-21,0,41
Havelange,91064,2020-09-22,0,41
Havelange,91064,2020-09-23,2,43
Havelange,91064,2020-09-24,1,44
Havelange,91064,2020-09-25,0,44
Havelange,91064,2020-09-26,1,45
Havelange,91064,2020-09-27,1,46
Havelange,91064,2020-09-28,0,46
Havelange,91064,2020-09-29,0,46
Havelange,91064,2020-09-30,5,51
Havelange,91064,2020-10-01,2,53
Havelange,91064,2020-10-02,2,55
Havelange,91064,2020-10-03,0,55
Havelange,91064,2020-10-04,3,58
Havelange,91064,2020-10-05,1,59
Havelange,91064,2020-10-06,1,60
Havelange,91064,2020-10-07,4,64
Havelange,91064,2020-10-08,3,67
Havelange,91064,2020-10-09,5,72
Havelange,91064,2020-10-10,4,76
Havelange,91064,2020-10-11,12,88
Havelange,91064,2020-10-12,6,94
Havelange,91064,2020-10-13,1,95
Havelange,91064,2020-10-14,6,101
Havelange,91064,2020-10-15,1,102
Havelange,91064,2020-10-16,6,108
Havelange,91064,2020-10-17,6,114
Havelange,91064,2020-10-18,3,117
Havelange,91064,2020-10-19,4,121
Havelange,91064,2020-10-20,5,126
Havelange,91064,2020-10-21,5,131
Havelange,91064,2020-10-22,8,139
Havelange,91064,2020-10-23,12,151
Havelange,91064,2020-10-24,21,172
Havelange,91064,2020-10-25,21,193
Havelange,91064,2020-10-26,13,206
Havelange,91064,2020-10-27,7,213
Havelange,91064,2020-10-28,11,224
Havelange,91064,2020-10-29,12,236
Havelange,91064,2020-10-30,32,268
Havelange,91064,2020-10-31,11,279
Havelange,91064,2020-11-01,14,293
Havelange,91064,2020-11-02,5,298
Havelange,91064,2020-11-03,3,301
Havelange,91064,2020-11-04,2,303
Havelange,91064,2020-11-05,4,307
Havelange,91064,2020-11-06,7,314
Havelange,91064,2020-11-07,3,317
Havelange,91064,2020-11-08,2,319
Havelange,91064,2020-11-09,19,338
Havelange,91064,2020-11-10,1,339
Havelange,91064,2020-11-11,5,344
Houyet,91072,2020-04-01,0,0
Houyet,91072,2020-04-02,0,0
Houyet,91072,2020-04-03,0,0
Houyet,91072,2020-04-04,0,0
Houyet,91072,2020-04-05,0,0
Houyet,91072,2020-04-06,0,0
Houyet,91072,2020-04-07,0,0
Houyet,91072,2020-04-08,6,6
Houyet,91072,2020-04-09,0,6
Houyet,91072,2020-04-10,1,7
Houyet,91072,2020-04-11,0,7
Houyet,91072,2020-04-12,2,9
Houyet,91072,2020-04-13,0,9
Houyet,91072,2020-04-14,0,9
Houyet,91072,2020-04-15,0,9
Houyet,91072,2020-04-16,0,9
Houyet,91072,2020-04-17,0,9
Houyet,91072,2020-04-18,0,9
Houyet,91072,2020-04-19,0,9
Houyet,91072,2020-04-20,0,9
Houyet,91072,2020-04-21,0,9
Houyet,91072,2020-04-22,1,10
Houyet,91072,2020-04-23,0,10
Houyet,91072,2020-04-24,0,10
Houyet,91072,2020-04-25,0,10
Houyet,91072,2020-04-26,0,10
Houyet,91072,2020-04-27,0,10
Houyet,91072,2020-04-28,0,10
Houyet,91072,2020-04-29,0,10
Houyet,91072,2020-04-30,0,10
Houyet,91072,2020-05-01,0,10
Houyet,91072,2020-05-02,0,10
Houyet,91072,2020-05-03,0,10
Houyet,91072,2020-05-04,0,10
Houyet,91072,2020-05-05,0,10
Houyet,91072,2020-05-06,0,10
Houyet,91072,2020-05-07,0,10
Houyet,91072,2020-05-08,0,10
Houyet,91072,2020-05-09,0,10
Houyet,91072,2020-05-10,0,10
Houyet,91072,2020-05-11,0,10
Houyet,91072,2020-05-12,0,10
Houyet,91072,2020-05-13,0,10
Houyet,91072,2020-05-14,0,10
Houyet,91072,2020-05-15,0,10
Houyet,91072,2020-05-16,0,10
Houyet,91072,2020-05-17,0,10
Houyet,91072,2020-05-18,0,10
Houyet,91072,2020-05-19,0,10
Houyet,91072,2020-05-20,0,10
Houyet,91072,2020-05-21,0,10
Houyet,91072,2020-05-22,0,10
Houyet,91072,2020-05-23,0,10
Houyet,91072,2020-05-24,0,10
Houyet,91072,2020-05-25,0,10
Houyet,91072,2020-05-26,0,10
Houyet,91072,2020-05-27,0,10
Houyet,91072,2020-05-28,0,10
Houyet,91072,2020-05-29,0,10
Houyet,91072,2020-05-30,0,10
Houyet,91072,2020-05-31,0,10
Houyet,91072,2020-06-01,0,10
Houyet,91072,2020-06-02,0,10
Houyet,91072,2020-06-03,0,10
Houyet,91072,2020-06-04,0,10
Houyet,91072,2020-06-05,0,10
Houyet,91072,2020-06-06,0,10
Houyet,91072,2020-06-07,0,10
Houyet,91072,2020-06-08,0,10
Houyet,91072,2020-06-09,0,10
Houyet,91072,2020-06-10,0,10
Houyet,91072,2020-06-11,0,10
Houyet,91072,2020-06-12,0,10
Houyet,91072,2020-06-13,0,10
Houyet,91072,2020-06-14,0,10
Houyet,91072,2020-06-15,0,10
Houyet,91072,2020-06-16,0,10
Houyet,91072,2020-06-17,0,10
Houyet,91072,2020-06-18,0,10
Houyet,91072,2020-06-19,0,10
Houyet,91072,2020-06-20,0,10
Houyet,91072,2020-06-23,0,10
Houyet,91072,2020-06-24,0,10
Houyet,91072,2020-06-25,0,10
Houyet,91072,2020-06-26,0,10
Houyet,91072,2020-06-27,0,10
Houyet,91072,2020-06-30,0,10
Houyet,91072,2020-07-01,0,10
Houyet,91072,2020-07-02,0,10
Houyet,91072,2020-07-03,0,10
Houyet,91072,2020-07-04,0,10
Houyet,91072,2020-07-07,0,10
Houyet,91072,2020-07-08,0,10
Houyet,91072,2020-07-09,0,10
Houyet,91072,2020-07-10,0,10
Houyet,91072,2020-07-11,0,10
Houyet,91072,2020-07-14,0,10
Houyet,91072,2020-07-15,0,10
Houyet,91072,2020-07-16,0,10
Houyet,91072,2020-07-17,0,10
Houyet,91072,2020-07-18,0,10
Houyet,91072,2020-07-20,0,10
Houyet,91072,2020-07-21,0,10
Houyet,91072,2020-07-22,0,10
Houyet,91072,2020-07-23,0,10
Houyet,91072,2020-07-24,0,10
Houyet,91072,2020-07-25,0,10
Houyet,91072,2020-07-26,0,10
Houyet,91072,2020-07-27,0,10
Houyet,91072,2020-07-28,0,10
Houyet,91072,2020-07-29,0,10
Houyet,91072,2020-07-30,0,10
Houyet,91072,2020-07-31,1,11
Houyet,91072,2020-08-01,0,11
Houyet,91072,2020-08-02,0,11
Houyet,91072,2020-08-03,0,11
Houyet,91072,2020-08-04,0,11
Houyet,91072,2020-08-05,0,11
Houyet,91072,2020-08-06,0,11
Houyet,91072,2020-08-07,0,11
Houyet,91072,2020-08-08,0,11
Houyet,91072,2020-08-09,0,11
Houyet,91072,2020-08-10,1,12
Houyet,91072,2020-08-11,0,12
Houyet,91072,2020-08-12,1,13
Houyet,91072,2020-08-13,0,13
Houyet,91072,2020-08-14,0,13
Houyet,91072,2020-08-15,0,13
Houyet,91072,2020-08-16,0,13
Houyet,91072,2020-08-17,0,13
Houyet,91072,2020-08-18,0,13
Houyet,91072,2020-08-19,0,13
Houyet,91072,2020-08-20,0,13
Houyet,91072,2020-08-21,0,13
Houyet,91072,2020-08-22,0,13
Houyet,91072,2020-08-23,0,13
Houyet,91072,2020-08-24,0,13
Houyet,91072,2020-08-25,0,13
Houyet,91072,2020-08-26,0,13
Houyet,91072,2020-08-27,0,13
Houyet,91072,2020-08-28,0,13
Houyet,91072,2020-08-29,0,13
Houyet,91072,2020-08-30,0,13
Houyet,91072,2020-08-31,0,13
Houyet,91072,2020-09-01,0,13
Houyet,91072,2020-09-02,0,13
Houyet,91072,2020-09-03,0,13
Houyet,91072,2020-09-04,0,13
Houyet,91072,2020-09-05,0,13
Houyet,91072,2020-09-06,0,13
Houyet,91072,2020-09-07,0,13
Houyet,91072,2020-09-08,0,13
Houyet,91072,2020-09-09,0,13
Houyet,91072,2020-09-10,0,13
Houyet,91072,2020-09-11,0,13
Houyet,91072,2020-09-12,0,13
Houyet,91072,2020-09-13,1,14
Houyet,91072,2020-09-14,0,14
Houyet,91072,2020-09-15,0,14
Houyet,91072,2020-09-16,0,14
Houyet,91072,2020-09-17,0,14
Houyet,91072,2020-09-18,0,14
Houyet,91072,2020-09-19,0,14
Houyet,91072,2020-09-20,1,15
Houyet,91072,2020-09-21,0,15
Houyet,91072,2020-09-22,0,15
Houyet,91072,2020-09-23,0,15
Houyet,91072,2020-09-24,1,16
Houyet,91072,2020-09-25,0,16
Houyet,91072,2020-09-26,1,17
Houyet,91072,2020-09-27,2,19
Houyet,91072,2020-09-28,0,19
Houyet,91072,2020-09-29,0,19
Houyet,91072,2020-09-30,1,20
Houyet,91072,2020-10-01,0,20
Houyet,91072,2020-10-02,0,20
Houyet,91072,2020-10-03,0,20
Houyet,91072,2020-10-04,3,23
Houyet,91072,2020-10-05,1,24
Houyet,91072,2020-10-06,4,28
Houyet,91072,2020-10-07,3,31
Houyet,91072,2020-10-08,0,31
Houyet,91072,2020-10-09,3,34
Houyet,91072,2020-10-10,4,38
Houyet,91072,2020-10-11,6,44
Houyet,91072,2020-10-12,1,45
Houyet,91072,2020-10-13,3,48
Houyet,91072,2020-10-14,2,50
Houyet,91072,2020-10-15,4,54
Houyet,91072,2020-10-16,4,58
Houyet,91072,2020-10-17,6,64
Houyet,91072,2020-10-18,4,68
Houyet,91072,2020-10-19,10,78
Houyet,91072,2020-10-20,6,84
Houyet,91072,2020-10-21,4,88
Houyet,91072,2020-10-22,10,98
Houyet,91072,2020-10-23,14,112
Houyet,91072,2020-10-24,16,128
Houyet,91072,2020-10-25,6,134
Houyet,91072,2020-10-26,7,141
Houyet,91072,2020-10-27,12,153
Houyet,91072,2020-10-28,9,162
Houyet,91072,2020-10-29,14,176
Houyet,91072,2020-10-30,16,192
Houyet,91072,2020-10-31,25,217
Houyet,91072,2020-11-01,12,229
Houyet,91072,2020-11-02,18,247
Houyet,91072,2020-11-03,5,252
Houyet,91072,2020-11-04,4,256
Houyet,91072,2020-11-05,4,260
Houyet,91072,2020-11-06,8,268
Houyet,91072,2020-11-07,6,274
Houyet,91072,2020-11-08,4,278
Houyet,91072,2020-11-09,1,279
Houyet,91072,2020-11-10,1,280
Houyet,91072,2020-11-11,2,282
Onhaye,91103,2020-04-01,1,6
Onhaye,91103,2020-04-02,1,7
Onhaye,91103,2020-04-03,0,7
Onhaye,91103,2020-04-04,0,7
Onhaye,91103,2020-04-05,0,7
Onhaye,91103,2020-04-06,4,11
Onhaye,91103,2020-04-07,0,11
Onhaye,91103,2020-04-08,1,12
Onhaye,91103,2020-04-09,0,12
Onhaye,91103,2020-04-10,2,14
Onhaye,91103,2020-04-11,0,14
Onhaye,91103,2020-04-12,0,14
Onhaye,91103,2020-04-13,0,14
Onhaye,91103,2020-04-14,0,14
Onhaye,91103,2020-04-15,0,14
Onhaye,91103,2020-04-16,0,14
Onhaye,91103,2020-04-17,0,14
Onhaye,91103,2020-04-18,0,14
Onhaye,91103,2020-04-19,0,14
Onhaye,91103,2020-04-20,1,15
Onhaye,91103,2020-04-21,1,16
Onhaye,91103,2020-04-22,1,17
Onhaye,91103,2020-04-23,0,17
Onhaye,91103,2020-04-24,0,17
Onhaye,91103,2020-04-25,1,18
Onhaye,91103,2020-04-26,0,18
Onhaye,91103,2020-04-27,0,18
Onhaye,91103,2020-04-28,0,18
Onhaye,91103,2020-04-29,0,18
Onhaye,91103,2020-04-30,0,18
Onhaye,91103,2020-05-01,0,18
Onhaye,91103,2020-05-02,0,18
Onhaye,91103,2020-05-03,0,18
Onhaye,91103,2020-05-04,0,18
Onhaye,91103,2020-05-05,0,18
Onhaye,91103,2020-05-06,0,18
Onhaye,91103,2020-05-07,2,20
Onhaye,91103,2020-05-08,0,20
Onhaye,91103,2020-05-09,0,20
Onhaye,91103,2020-05-10,1,21
Onhaye,91103,2020-05-11,0,21
Onhaye,91103,2020-05-12,0,21
Onhaye,91103,2020-05-13,0,21
Onhaye,91103,2020-05-14,0,21
Onhaye,91103,2020-05-15,0,21
Onhaye,91103,2020-05-16,0,21
Onhaye,91103,2020-05-17,0,21
Onhaye,91103,2020-05-18,0,21
Onhaye,91103,2020-05-19,0,21
Onhaye,91103,2020-05-20,0,21
Onhaye,91103,2020-05-21,0,21
Onhaye,91103,2020-05-22,0,21
Onhaye,91103,2020-05-23,0,21
Onhaye,91103,2020-05-24,0,21
Onhaye,91103,2020-05-25,0,21
Onhaye,91103,2020-05-26,0,21
Onhaye,91103,2020-05-27,0,21
Onhaye,91103,2020-05-28,0,21
Onhaye,91103,2020-05-29,0,21
Onhaye,91103,2020-05-30,0,21
Onhaye,91103,2020-05-31,0,21
Onhaye,91103,2020-06-01,0,21
Onhaye,91103,2020-06-02,0,21
Onhaye,91103,2020-06-03,0,21
Onhaye,91103,2020-06-04,1,22
Onhaye,91103,2020-06-05,0,22
Onhaye,91103,2020-06-06,0,22
Onhaye,91103,2020-06-07,0,22
Onhaye,91103,2020-06-08,0,22
Onhaye,91103,2020-06-09,0,22
Onhaye,91103,2020-06-10,0,22
Onhaye,91103,2020-06-11,0,22
Onhaye,91103,2020-06-12,0,22
Onhaye,91103,2020-06-13,0,22
Onhaye,91103,2020-06-14,0,22
Onhaye,91103,2020-06-15,0,22
Onhaye,91103,2020-06-16,0,22
Onhaye,91103,2020-06-17,0,22
Onhaye,91103,2020-06-18,0,22
Onhaye,91103,2020-06-19,0,22
Onhaye,91103,2020-06-20,0,22
Onhaye,91103,2020-06-23,0,22
Onhaye,91103,2020-06-24,0,22
Onhaye,91103,2020-06-25,0,22
Onhaye,91103,2020-06-26,0,22
Onhaye,91103,2020-06-27,0,22
Onhaye,91103,2020-06-30,0,22
Onhaye,91103,2020-07-01,0,22
Onhaye,91103,2020-07-02,0,22
Onhaye,91103,2020-07-03,0,22
Onhaye,91103,2020-07-04,0,22
Onhaye,91103,2020-07-07,0,22
Onhaye,91103,2020-07-08,0,22
Onhaye,91103,2020-07-09,0,22
Onhaye,91103,2020-07-10,0,22
Onhaye,91103,2020-07-11,0,22
Onhaye,91103,2020-07-14,0,22
Onhaye,91103,2020-07-15,0,22
Onhaye,91103,2020-07-16,0,22
Onhaye,91103,2020-07-17,0,22
Onhaye,91103,2020-07-18,0,22
Onhaye,91103,2020-07-20,0,22
Onhaye,91103,2020-07-21,0,22
Onhaye,91103,2020-07-22,0,22
Onhaye,91103,2020-07-23,0,22
Onhaye,91103,2020-07-24,0,22
Onhaye,91103,2020-07-25,0,22
Onhaye,91103,2020-07-26,0,22
Onhaye,91103,2020-07-27,0,22
Onhaye,91103,2020-07-28,0,22
Onhaye,91103,2020-07-29,0,22
Onhaye,91103,2020-07-30,0,22
Onhaye,91103,2020-07-31,0,22
Onhaye,91103,2020-08-01,0,22
Onhaye,91103,2020-08-02,0,22
Onhaye,91103,2020-08-03,0,22
Onhaye,91103,2020-08-04,0,22
Onhaye,91103,2020-08-05,0,22
Onhaye,91103,2020-08-06,0,22
Onhaye,91103,2020-08-07,0,22
Onhaye,91103,2020-08-08,0,22
Onhaye,91103,2020-08-09,0,22
Onhaye,91103,2020-08-10,0,22
Onhaye,91103,2020-08-11,0,22
Onhaye,91103,2020-08-12,0,22
Onhaye,91103,2020-08-13,0,22
Onhaye,91103,2020-08-14,0,22
Onhaye,91103,2020-08-15,0,22
Onhaye,91103,2020-08-16,0,22
Onhaye,91103,2020-08-17,0,22
Onhaye,91103,2020-08-18,0,22
Onhaye,91103,2020-08-19,0,22
Onhaye,91103,2020-08-20,0,22
Onhaye,91103,2020-08-21,0,22
Onhaye,91103,2020-08-22,0,22
Onhaye,91103,2020-08-23,0,22
Onhaye,91103,2020-08-24,0,22
Onhaye,91103,2020-08-25,0,22
Onhaye,91103,2020-08-26,0,22
Onhaye,91103,2020-08-27,0,22
Onhaye,91103,2020-08-28,0,22
Onhaye,91103,2020-08-29,0,22
Onhaye,91103,2020-08-30,0,22
Onhaye,91103,2020-08-31,0,22
Onhaye,91103,2020-09-01,0,22
Onhaye,91103,2020-09-02,0,22
Onhaye,91103,2020-09-03,0,22
Onhaye,91103,2020-09-04,0,22
Onhaye,91103,2020-09-05,0,22
Onhaye,91103,2020-09-06,0,22
Onhaye,91103,2020-09-07,0,22
Onhaye,91103,2020-09-08,0,22
Onhaye,91103,2020-09-09,0,22
Onhaye,91103,2020-09-10,0,22
Onhaye,91103,2020-09-11,0,22
Onhaye,91103,2020-09-12,0,22
Onhaye,91103,2020-09-13,0,22
Onhaye,91103,2020-09-14,0,22
Onhaye,91103,2020-09-15,0,22
Onhaye,91103,2020-09-16,0,22
Onhaye,91103,2020-09-17,0,22
Onhaye,91103,2020-09-18,0,22
Onhaye,91103,2020-09-19,0,22
Onhaye,91103,2020-09-20,0,22
Onhaye,91103,2020-09-21,0,22
Onhaye,91103,2020-09-22,0,22
Onhaye,91103,2020-09-23,0,22
Onhaye,91103,2020-09-24,0,22
Onhaye,91103,2020-09-25,0,22
Onhaye,91103,2020-09-26,0,22
Onhaye,91103,2020-09-27,0,22
Onhaye,91103,2020-09-28,0,22
Onhaye,91103,2020-09-29,0,22
Onhaye,91103,2020-09-30,0,22
Onhaye,91103,2020-10-01,1,23
Onhaye,91103,2020-10-02,0,23
Onhaye,91103,2020-10-03,1,24
Onhaye,91103,2020-10-04,0,24
Onhaye,91103,2020-10-05,0,24
Onhaye,91103,2020-10-06,1,25
Onhaye,91103,2020-10-07,1,26
Onhaye,91103,2020-10-08,1,27
Onhaye,91103,2020-10-09,1,28
Onhaye,91103,2020-10-10,5,33
Onhaye,91103,2020-10-11,2,35
Onhaye,91103,2020-10-12,4,39
Onhaye,91103,2020-10-13,5,44
Onhaye,91103,2020-10-14,2,46
Onhaye,91103,2020-10-15,6,52
Onhaye,91103,2020-10-16,3,55
Onhaye,91103,2020-10-17,3,58
Onhaye,91103,2020-10-18,5,63
Onhaye,91103,2020-10-19,4,67
Onhaye,91103,2020-10-20,3,70
Onhaye,91103,2020-10-21,3,73
Onhaye,91103,2020-10-22,7,80
Onhaye,91103,2020-10-23,5,85
Onhaye,91103,2020-10-24,8,93
Onhaye,91103,2020-10-25,1,94
Onhaye,91103,2020-10-26,3,97
Onhaye,91103,2020-10-27,4,101
Onhaye,91103,2020-10-28,8,109
Onhaye,91103,2020-10-29,7,116
Onhaye,91103,2020-10-30,9,125
Onhaye,91103,2020-10-31,4,129
Onhaye,91103,2020-11-01,3,132
Onhaye,91103,2020-11-02,2,134
Onhaye,91103,2020-11-03,3,137
Onhaye,91103,2020-11-04,2,139
Onhaye,91103,2020-11-05,4,143
Onhaye,91103,2020-11-06,7,150
Onhaye,91103,2020-11-07,4,154
Onhaye,91103,2020-11-08,3,157
Onhaye,91103,2020-11-09,1,158
Onhaye,91103,2020-11-10,1,159
Onhaye,91103,2020-11-11,0,159
Rochefort,91114,2020-04-01,2,11
Rochefort,91114,2020-04-02,0,11
Rochefort,91114,2020-04-03,0,11
Rochefort,91114,2020-04-04,0,11
Rochefort,91114,2020-04-05,1,12
Rochefort,91114,2020-04-06,0,12
Rochefort,91114,2020-04-07,0,12
Rochefort,91114,2020-04-08,0,12
Rochefort,91114,2020-04-09,3,15
Rochefort,91114,2020-04-10,2,17
Rochefort,91114,2020-04-11,2,19
Rochefort,91114,2020-04-12,2,21
Rochefort,91114,2020-04-13,0,21
Rochefort,91114,2020-04-14,1,22
Rochefort,91114,2020-04-15,2,24
Rochefort,91114,2020-04-16,0,24
Rochefort,91114,2020-04-17,1,25
Rochefort,91114,2020-04-18,0,25
Rochefort,91114,2020-04-19,0,25
Rochefort,91114,2020-04-20,0,25
Rochefort,91114,2020-04-21,0,25
Rochefort,91114,2020-04-22,3,28
Rochefort,91114,2020-04-23,1,29
Rochefort,91114,2020-04-24,2,31
Rochefort,91114,2020-04-25,1,32
Rochefort,91114,2020-04-26,0,32
Rochefort,91114,2020-04-27,0,32
Rochefort,91114,2020-04-28,0,32
Rochefort,91114,2020-04-29,0,32
Rochefort,91114,2020-04-30,2,34
Rochefort,91114,2020-05-01,0,34
Rochefort,91114,2020-05-02,1,35
Rochefort,91114,2020-05-03,0,35
Rochefort,91114,2020-05-04,0,35
Rochefort,91114,2020-05-05,0,35
Rochefort,91114,2020-05-06,0,35
Rochefort,91114,2020-05-07,0,35
Rochefort,91114,2020-05-08,0,35
Rochefort,91114,2020-05-09,0,35
Rochefort,91114,2020-05-10,2,37
Rochefort,91114,2020-05-11,0,37
Rochefort,91114,2020-05-12,1,38
Rochefort,91114,2020-05-13,1,39
Rochefort,91114,2020-05-14,0,39
Rochefort,91114,2020-05-15,0,39
Rochefort,91114,2020-05-16,0,39
Rochefort,91114,2020-05-17,0,39
Rochefort,91114,2020-05-18,0,39
Rochefort,91114,2020-05-19,0,39
Rochefort,91114,2020-05-20,0,39
Rochefort,91114,2020-05-21,0,39
Rochefort,91114,2020-05-22,0,39
Rochefort,91114,2020-05-23,2,41
Rochefort,91114,2020-05-24,0,41
Rochefort,91114,2020-05-25,0,41
Rochefort,91114,2020-05-26,0,41
Rochefort,91114,2020-05-27,0,41
Rochefort,91114,2020-05-28,0,41
Rochefort,91114,2020-05-29,1,42
Rochefort,91114,2020-05-30,0,42
Rochefort,91114,2020-05-31,0,42
Rochefort,91114,2020-06-01,0,42
Rochefort,91114,2020-06-02,0,42
Rochefort,91114,2020-06-03,0,42
Rochefort,91114,2020-06-04,0,42
Rochefort,91114,2020-06-05,1,43
Rochefort,91114,2020-06-06,0,43
Rochefort,91114,2020-06-07,0,43
Rochefort,91114,2020-06-08,0,43
Rochefort,91114,2020-06-09,0,43
Rochefort,91114,2020-06-10,0,43
Rochefort,91114,2020-06-11,0,43
Rochefort,91114,2020-06-12,0,43
Rochefort,91114,2020-06-13,0,43
Rochefort,91114,2020-06-14,0,43
Rochefort,91114,2020-06-15,1,44
Rochefort,91114,2020-06-16,0,44
Rochefort,91114,2020-06-17,0,44
Rochefort,91114,2020-06-18,0,44
Rochefort,91114,2020-06-19,0,44
Rochefort,91114,2020-06-20,0,44
Rochefort,91114,2020-06-23,1,45
Rochefort,91114,2020-06-24,0,45
Rochefort,91114,2020-06-25,0,45
Rochefort,91114,2020-06-26,0,45
Rochefort,91114,2020-06-27,0,45
Rochefort,91114,2020-06-30,0,45
Rochefort,91114,2020-07-01,0,45
Rochefort,91114,2020-07-02,0,45
Rochefort,91114,2020-07-03,0,45
Rochefort,91114,2020-07-04,0,45
Rochefort,91114,2020-07-07,0,45
Rochefort,91114,2020-07-08,0,45
Rochefort,91114,2020-07-09,0,45
Rochefort,91114,2020-07-10,0,45
Rochefort,91114,2020-07-11,0,45
Rochefort,91114,2020-07-14,0,45
Rochefort,91114,2020-07-15,0,45
Rochefort,91114,2020-07-16,0,45
Rochefort,91114,2020-07-17,0,45
Rochefort,91114,2020-07-18,0,45
Rochefort,91114,2020-07-20,0,45
Rochefort,91114,2020-07-21,0,45
Rochefort,91114,2020-07-22,0,45
Rochefort,91114,2020-07-23,0,45
Rochefort,91114,2020-07-24,0,45
Rochefort,91114,2020-07-25,0,45
Rochefort,91114,2020-07-26,0,45
Rochefort,91114,2020-07-27,0,45
Rochefort,91114,2020-07-28,0,45
Rochefort,91114,2020-07-29,0,45
Rochefort,91114,2020-07-30,0,45
Rochefort,91114,2020-07-31,0,45
Rochefort,91114,2020-08-01,0,45
Rochefort,91114,2020-08-02,0,45
Rochefort,91114,2020-08-03,0,45
Rochefort,91114,2020-08-04,1,46
Rochefort,91114,2020-08-05,0,46
Rochefort,91114,2020-08-06,0,46
Rochefort,91114,2020-08-07,0,46
Rochefort,91114,2020-08-08,0,46
Rochefort,91114,2020-08-09,0,46
Rochefort,91114,2020-08-10,0,46
Rochefort,91114,2020-08-11,0,46
Rochefort,91114,2020-08-12,0,46
Rochefort,91114,2020-08-13,0,46
Rochefort,91114,2020-08-14,0,46
Rochefort,91114,2020-08-15,0,46
Rochefort,91114,2020-08-16,0,46
Rochefort,91114,2020-08-17,0,46
Rochefort,91114,2020-08-18,0,46
Rochefort,91114,2020-08-19,0,46
Rochefort,91114,2020-08-20,0,46
Rochefort,91114,2020-08-21,1,47
Rochefort,91114,2020-08-22,0,47
Rochefort,91114,2020-08-23,0,47
Rochefort,91114,2020-08-24,0,47
Rochefort,91114,2020-08-25,1,48
Rochefort,91114,2020-08-26,0,48
Rochefort,91114,2020-08-27,0,48
Rochefort,91114,2020-08-28,0,48
Rochefort,91114,2020-08-29,0,48
Rochefort,91114,2020-08-30,1,49
Rochefort,91114,2020-08-31,0,49
Rochefort,91114,2020-09-01,0,49
Rochefort,91114,2020-09-02,0,49
Rochefort,91114,2020-09-03,0,49
Rochefort,91114,2020-09-04,0,49
Rochefort,91114,2020-09-05,0,49
Rochefort,91114,2020-09-06,0,49
Rochefort,91114,2020-09-07,0,49
Rochefort,91114,2020-09-08,0,49
Rochefort,91114,2020-09-09,1,50
Rochefort,91114,2020-09-10,0,50
Rochefort,91114,2020-09-11,0,50
Rochefort,91114,2020-09-12,0,50
Rochefort,91114,2020-09-13,1,51
Rochefort,91114,2020-09-14,0,51
Rochefort,91114,2020-09-15,0,51
Rochefort,91114,2020-09-16,1,52
Rochefort,91114,2020-09-17,1,53
Rochefort,91114,2020-09-18,0,53
Rochefort,91114,2020-09-19,0,53
Rochefort,91114,2020-09-20,4,57
Rochefort,91114,2020-09-21,0,57
Rochefort,91114,2020-09-22,0,57
Rochefort,91114,2020-09-23,1,58
Rochefort,91114,2020-09-24,4,62
Rochefort,91114,2020-09-25,1,63
Rochefort,91114,2020-09-26,2,65
Rochefort,91114,2020-09-27,1,66
Rochefort,91114,2020-09-28,0,66
Rochefort,91114,2020-09-29,1,67
Rochefort,91114,2020-09-30,0,67
Rochefort,91114,2020-10-01,3,70
Rochefort,91114,2020-10-02,6,76
Rochefort,91114,2020-10-03,2,78
Rochefort,91114,2020-10-04,7,85
Rochefort,91114,2020-10-05,8,93
Rochefort,91114,2020-10-06,1,94
Rochefort,91114,2020-10-07,3,97
Rochefort,91114,2020-10-08,8,105
Rochefort,91114,2020-10-09,6,111
Rochefort,91114,2020-10-10,9,120
Rochefort,91114,2020-10-11,15,135
Rochefort,91114,2020-10-12,7,142
Rochefort,91114,2020-10-13,2,144
Rochefort,91114,2020-10-14,16,160
Rochefort,91114,2020-10-15,8,168
Rochefort,91114,2020-10-16,23,191
Rochefort,91114,2020-10-17,11,202
Rochefort,91114,2020-10-18,10,212
Rochefort,91114,2020-10-19,4,216
Rochefort,91114,2020-10-20,3,219
Rochefort,91114,2020-10-21,9,228
Rochefort,91114,2020-10-22,25,253
Rochefort,91114,2020-10-23,61,314
Rochefort,91114,2020-10-24,37,351
Rochefort,91114,2020-10-25,24,375
Rochefort,91114,2020-10-26,17,392
Rochefort,91114,2020-10-27,8,400
Rochefort,91114,2020-10-28,20,420
Rochefort,91114,2020-10-29,32,452
Rochefort,91114,2020-10-30,22,474
Rochefort,91114,2020-10-31,46,520
Rochefort,91114,2020-11-01,41,561
Rochefort,91114,2020-11-02,18,579
Rochefort,91114,2020-11-03,18,597
Rochefort,91114,2020-11-04,5,602
Rochefort,91114,2020-11-05,23,625
Rochefort,91114,2020-11-06,23,648
Rochefort,91114,2020-11-07,6,654
Rochefort,91114,2020-11-08,5,659
Rochefort,91114,2020-11-09,6,665
Rochefort,91114,2020-11-10,1,666
Rochefort,91114,2020-11-11,3,669
Somme-Leuze,91120,2020-04-01,0,0
Somme-Leuze,91120,2020-04-02,6,6
Somme-Leuze,91120,2020-04-03,1,7
Somme-Leuze,91120,2020-04-04,2,9
Somme-Leuze,91120,2020-04-05,1,10
Somme-Leuze,91120,2020-04-06,1,11
Somme-Leuze,91120,2020-04-07,0,11
Somme-Leuze,91120,2020-04-08,0,11
Somme-Leuze,91120,2020-04-09,0,11
Somme-Leuze,91120,2020-04-10,0,11
Somme-Leuze,91120,2020-04-11,0,11
Somme-Leuze,91120,2020-04-12,0,11
Somme-Leuze,91120,2020-04-13,0,11
Somme-Leuze,91120,2020-04-14,0,11
Somme-Leuze,91120,2020-04-15,1,12
Somme-Leuze,91120,2020-04-16,0,12
Somme-Leuze,91120,2020-04-17,0,12
Somme-Leuze,91120,2020-04-18,0,12
Somme-Leuze,91120,2020-04-19,0,12
Somme-Leuze,91120,2020-04-20,0,12
Somme-Leuze,91120,2020-04-21,0,12
Somme-Leuze,91120,2020-04-22,0,12
Somme-Leuze,91120,2020-04-23,1,13
Somme-Leuze,91120,2020-04-24,0,13
Somme-Leuze,91120,2020-04-25,1,14
Somme-Leuze,91120,2020-04-26,0,14
Somme-Leuze,91120,2020-04-27,0,14
Somme-Leuze,91120,2020-04-28,0,14
Somme-Leuze,91120,2020-04-29,0,14
Somme-Leuze,91120,2020-04-30,0,14
Somme-Leuze,91120,2020-05-01,1,15
Somme-Leuze,91120,2020-05-02,0,15
Somme-Leuze,91120,2020-05-03,0,15
Somme-Leuze,91120,2020-05-04,0,15
Somme-Leuze,91120,2020-05-05,0,15
Somme-Leuze,91120,2020-05-06,0,15
Somme-Leuze,91120,2020-05-07,0,15
Somme-Leuze,91120,2020-05-08,0,15
Somme-Leuze,91120,2020-05-09,0,15
Somme-Leuze,91120,2020-05-10,0,15
Somme-Leuze,91120,2020-05-11,0,15
Somme-Leuze,91120,2020-05-12,0,15
Somme-Leuze,91120,2020-05-13,0,15
Somme-Leuze,91120,2020-05-14,0,15
Somme-Leuze,91120,2020-05-15,0,15
Somme-Leuze,91120,2020-05-16,0,15
Somme-Leuze,91120,2020-05-17,0,15
Somme-Leuze,91120,2020-05-18,0,15
Somme-Leuze,91120,2020-05-19,0,15
Somme-Leuze,91120,2020-05-20,0,15
Somme-Leuze,91120,2020-05-21,0,15
Somme-Leuze,91120,2020-05-22,0,15
Somme-Leuze,91120,2020-05-23,0,15
Somme-Leuze,91120,2020-05-24,0,15
Somme-Leuze,91120,2020-05-25,0,15
Somme-Leuze,91120,2020-05-26,0,15
Somme-Leuze,91120,2020-05-27,0,15
Somme-Leuze,91120,2020-05-28,0,15
Somme-Leuze,91120,2020-05-29,0,15
Somme-Leuze,91120,2020-05-30,0,15
Somme-Leuze,91120,2020-05-31,0,15
Somme-Leuze,91120,2020-06-01,1,16
Somme-Leuze,91120,2020-06-02,0,16
Somme-Leuze,91120,2020-06-03,0,16
Somme-Leuze,91120,2020-06-04,0,16
Somme-Leuze,91120,2020-06-05,0,16
Somme-Leuze,91120,2020-06-06,0,16
Somme-Leuze,91120,2020-06-07,0,16
Somme-Leuze,91120,2020-06-08,0,16
Somme-Leuze,91120,2020-06-09,0,16
Somme-Leuze,91120,2020-06-10,0,16
Somme-Leuze,91120,2020-06-11,0,16
Somme-Leuze,91120,2020-06-12,0,16
Somme-Leuze,91120,2020-06-13,0,16
Somme-Leuze,91120,2020-06-14,0,16
Somme-Leuze,91120,2020-06-15,0,16
Somme-Leuze,91120,2020-06-16,0,16
Somme-Leuze,91120,2020-06-17,0,16
Somme-Leuze,91120,2020-06-18,0,16
Somme-Leuze,91120,2020-06-19,0,16
Somme-Leuze,91120,2020-06-20,0,16
Somme-Leuze,91120,2020-06-23,0,16
Somme-Leuze,91120,2020-06-24,0,16
Somme-Leuze,91120,2020-06-25,1,17
Somme-Leuze,91120,2020-06-26,0,17
Somme-Leuze,91120,2020-06-27,0,17
Somme-Leuze,91120,2020-06-30,0,17
Somme-Leuze,91120,2020-07-01,0,17
Somme-Leuze,91120,2020-07-02,0,17
Somme-Leuze,91120,2020-07-03,0,17
Somme-Leuze,91120,2020-07-04,0,17
Somme-Leuze,91120,2020-07-07,0,17
Somme-Leuze,91120,2020-07-08,0,17
Somme-Leuze,91120,2020-07-09,0,17
Somme-Leuze,91120,2020-07-10,0,17
Somme-Leuze,91120,2020-07-11,0,17
Somme-Leuze,91120,2020-07-14,0,17
Somme-Leuze,91120,2020-07-15,0,17
Somme-Leuze,91120,2020-07-16,0,17
Somme-Leuze,91120,2020-07-17,0,17
Somme-Leuze,91120,2020-07-18,0,17
Somme-Leuze,91120,2020-07-20,0,17
Somme-Leuze,91120,2020-07-21,0,17
Somme-Leuze,91120,2020-07-22,0,17
Somme-Leuze,91120,2020-07-23,0,17
Somme-Leuze,91120,2020-07-24,0,17
Somme-Leuze,91120,2020-07-25,0,17
Somme-Leuze,91120,2020-07-26,0,17
Somme-Leuze,91120,2020-07-27,0,17
Somme-Leuze,91120,2020-07-28,0,17
Somme-Leuze,91120,2020-07-29,0,17
Somme-Leuze,91120,2020-07-30,0,17
Somme-Leuze,91120,2020-07-31,0,17
Somme-Leuze,91120,2020-08-01,0,17
Somme-Leuze,91120,2020-08-02,0,17
Somme-Leuze,91120,2020-08-03,0,17
Somme-Leuze,91120,2020-08-04,0,17
Somme-Leuze,91120,2020-08-05,0,17
Somme-Leuze,91120,2020-08-06,0,17
Somme-Leuze,91120,2020-08-07,0,17
Somme-Leuze,91120,2020-08-08,0,17
Somme-Leuze,91120,2020-08-09,0,17
Somme-Leuze,91120,2020-08-10,0,17
Somme-Leuze,91120,2020-08-11,0,17
Somme-Leuze,91120,2020-08-12,0,17
Somme-Leuze,91120,2020-08-13,0,17
Somme-Leuze,91120,2020-08-14,0,17
Somme-Leuze,91120,2020-08-15,0,17
Somme-Leuze,91120,2020-08-16,0,17
Somme-Leuze,91120,2020-08-17,0,17
Somme-Leuze,91120,2020-08-18,0,17
Somme-Leuze,91120,2020-08-19,0,17
Somme-Leuze,91120,2020-08-20,0,17
Somme-Leuze,91120,2020-08-21,0,17
Somme-Leuze,91120,2020-08-22,0,17
Somme-Leuze,91120,2020-08-23,1,18
Somme-Leuze,91120,2020-08-24,0,18
Somme-Leuze,91120,2020-08-25,0,18
Somme-Leuze,91120,2020-08-26,0,18
Somme-Leuze,91120,2020-08-27,0,18
Somme-Leuze,91120,2020-08-28,0,18
Somme-Leuze,91120,2020-08-29,0,18
Somme-Leuze,91120,2020-08-30,0,18
Somme-Leuze,91120,2020-08-31,0,18
Somme-Leuze,91120,2020-09-01,0,18
Somme-Leuze,91120,2020-09-02,0,18
Somme-Leuze,91120,2020-09-03,0,18
Somme-Leuze,91120,2020-09-04,1,19
Somme-Leuze,91120,2020-09-05,0,19
Somme-Leuze,91120,2020-09-06,1,20
Somme-Leuze,91120,2020-09-07,0,20
Somme-Leuze,91120,2020-09-08,0,20
Somme-Leuze,91120,2020-09-09,0,20
Somme-Leuze,91120,2020-09-10,0,20
Somme-Leuze,91120,2020-09-11,0,20
Somme-Leuze,91120,2020-09-12,1,21
Somme-Leuze,91120,2020-09-13,2,23
Somme-Leuze,91120,2020-09-14,0,23
Somme-Leuze,91120,2020-09-15,1,24
Somme-Leuze,91120,2020-09-16,0,24
Somme-Leuze,91120,2020-09-17,0,24
Somme-Leuze,91120,2020-09-18,0,24
Somme-Leuze,91120,2020-09-19,1,25
Somme-Leuze,91120,2020-09-20,0,25
Somme-Leuze,91120,2020-09-21,0,25
Somme-Leuze,91120,2020-09-22,0,25
Somme-Leuze,91120,2020-09-23,0,25
Somme-Leuze,91120,2020-09-24,0,25
Somme-Leuze,91120,2020-09-25,1,26
Somme-Leuze,91120,2020-09-26,1,27
Somme-Leuze,91120,2020-09-27,1,28
Somme-Leuze,91120,2020-09-28,1,29
Somme-Leuze,91120,2020-09-29,1,30
Somme-Leuze,91120,2020-09-30,1,31
Somme-Leuze,91120,2020-10-01,2,33
Somme-Leuze,91120,2020-10-02,2,35
Somme-Leuze,91120,2020-10-03,0,35
Somme-Leuze,91120,2020-10-04,0,35
Somme-Leuze,91120,2020-10-05,2,37
Somme-Leuze,91120,2020-10-06,3,40
Somme-Leuze,91120,2020-10-07,4,44
Somme-Leuze,91120,2020-10-08,3,47
Somme-Leuze,91120,2020-10-09,4,51
Somme-Leuze,91120,2020-10-10,9,60
Somme-Leuze,91120,2020-10-11,7,67
Somme-Leuze,91120,2020-10-12,7,74
Somme-Leuze,91120,2020-10-13,0,74
Somme-Leuze,91120,2020-10-14,6,80
Somme-Leuze,91120,2020-10-15,4,84
Somme-Leuze,91120,2020-10-16,8,92
Somme-Leuze,91120,2020-10-17,8,100
Somme-Leuze,91120,2020-10-18,12,112
Somme-Leuze,91120,2020-10-19,3,115
Somme-Leuze,91120,2020-10-20,1,116
Somme-Leuze,91120,2020-10-21,5,121
Somme-Leuze,91120,2020-10-22,5,126
Somme-Leuze,91120,2020-10-23,34,160
Somme-Leuze,91120,2020-10-24,24,184
Somme-Leuze,91120,2020-10-25,16,200
Somme-Leuze,91120,2020-10-26,9,209
Somme-Leuze,91120,2020-10-27,5,214
Somme-Leuze,91120,2020-10-28,9,223
Somme-Leuze,91120,2020-10-29,17,240
Somme-Leuze,91120,2020-10-30,14,254
Somme-Leuze,91120,2020-10-31,11,265
Somme-Leuze,91120,2020-11-01,20,285
Somme-Leuze,91120,2020-11-02,8,293
Somme-Leuze,91120,2020-11-03,6,299
Somme-Leuze,91120,2020-11-04,3,302
Somme-Leuze,91120,2020-11-05,12,314
Somme-Leuze,91120,2020-11-06,14,328
Somme-Leuze,91120,2020-11-07,3,331
Somme-Leuze,91120,2020-11-08,3,334
Somme-Leuze,91120,2020-11-09,6,340
Somme-Leuze,91120,2020-11-10,0,340
Somme-Leuze,91120,2020-11-11,1,341
Yvoir,91141,2020-04-01,0,13
Yvoir,91141,2020-04-02,3,16
Yvoir,91141,2020-04-03,1,17
Yvoir,91141,2020-04-04,4,21
Yvoir,91141,2020-04-05,1,22
Yvoir,91141,2020-04-06,2,24
Yvoir,91141,2020-04-07,0,24
Yvoir,91141,2020-04-08,0,24
Yvoir,91141,2020-04-09,0,24
Yvoir,91141,2020-04-10,4,28
Yvoir,91141,2020-04-11,0,28
Yvoir,91141,2020-04-12,7,35
Yvoir,91141,2020-04-13,0,35
Yvoir,91141,2020-04-14,1,36
Yvoir,91141,2020-04-15,2,38
Yvoir,91141,2020-04-16,4,42
Yvoir,91141,2020-04-17,0,42
Yvoir,91141,2020-04-18,1,43
Yvoir,91141,2020-04-19,0,43
Yvoir,91141,2020-04-20,1,44
Yvoir,91141,2020-04-21,1,45
Yvoir,91141,2020-04-22,0,45
Yvoir,91141,2020-04-23,0,45
Yvoir,91141,2020-04-24,2,47
Yvoir,91141,2020-04-25,0,47
Yvoir,91141,2020-04-26,0,47
Yvoir,91141,2020-04-27,0,47
Yvoir,91141,2020-04-28,0,47
Yvoir,91141,2020-04-29,0,47
Yvoir,91141,2020-04-30,1,48
Yvoir,91141,2020-05-01,0,48
Yvoir,91141,2020-05-02,0,48
Yvoir,91141,2020-05-03,0,48
Yvoir,91141,2020-05-04,1,49
Yvoir,91141,2020-05-05,0,49
Yvoir,91141,2020-05-06,0,49
Yvoir,91141,2020-05-07,0,49
Yvoir,91141,2020-05-08,1,50
Yvoir,91141,2020-05-09,0,50
Yvoir,91141,2020-05-10,1,51
Yvoir,91141,2020-05-11,0,51
Yvoir,91141,2020-05-12,1,52
Yvoir,91141,2020-05-13,-1,51
Yvoir,91141,2020-05-14,0,51
Yvoir,91141,2020-05-15,0,51
Yvoir,91141,2020-05-16,1,52
Yvoir,91141,2020-05-17,0,52
Yvoir,91141,2020-05-18,0,52
Yvoir,91141,2020-05-19,0,52
Yvoir,91141,2020-05-20,0,52
Yvoir,91141,2020-05-21,0,52
Yvoir,91141,2020-05-22,0,52
Yvoir,91141,2020-05-23,0,52
Yvoir,91141,2020-05-24,0,52
Yvoir,91141,2020-05-25,0,52
Yvoir,91141,2020-05-26,0,52
Yvoir,91141,2020-05-27,1,53
Yvoir,91141,2020-05-28,0,53
Yvoir,91141,2020-05-29,0,53
Yvoir,91141,2020-05-30,0,53
Yvoir,91141,2020-05-31,0,53
Yvoir,91141,2020-06-01,0,53
Yvoir,91141,2020-06-02,0,53
Yvoir,91141,2020-06-03,0,53
Yvoir,91141,2020-06-04,0,53
Yvoir,91141,2020-06-05,0,53
Yvoir,91141,2020-06-06,0,53
Yvoir,91141,2020-06-07,0,53
Yvoir,91141,2020-06-08,1,54
Yvoir,91141,2020-06-09,0,54
Yvoir,91141,2020-06-10,0,54
Yvoir,91141,2020-06-11,0,54
Yvoir,91141,2020-06-12,0,54
Yvoir,91141,2020-06-13,0,54
Yvoir,91141,2020-06-14,0,54
Yvoir,91141,2020-06-15,0,54
Yvoir,91141,2020-06-16,0,54
Yvoir,91141,2020-06-17,0,54
Yvoir,91141,2020-06-18,0,54
Yvoir,91141,2020-06-19,1,55
Yvoir,91141,2020-06-20,0,55
Yvoir,91141,2020-06-23,0,55
Yvoir,91141,2020-06-24,0,55
Yvoir,91141,2020-06-25,0,55
Yvoir,91141,2020-06-26,0,55
Yvoir,91141,2020-06-27,0,55
Yvoir,91141,2020-06-30,1,56
Yvoir,91141,2020-07-01,0,56
Yvoir,91141,2020-07-02,0,56
Yvoir,91141,2020-07-03,0,56
Yvoir,91141,2020-07-04,0,56
Yvoir,91141,2020-07-07,0,56
Yvoir,91141,2020-07-08,0,56
Yvoir,91141,2020-07-09,0,56
Yvoir,91141,2020-07-10,0,56
Yvoir,91141,2020-07-11,0,56
Yvoir,91141,2020-07-14,0,56
Yvoir,91141,2020-07-15,0,56
Yvoir,91141,2020-07-16,0,56
Yvoir,91141,2020-07-17,0,56
Yvoir,91141,2020-07-18,0,56
Yvoir,91141,2020-07-20,0,56
Yvoir,91141,2020-07-21,0,56
Yvoir,91141,2020-07-22,0,56
Yvoir,91141,2020-07-23,0,56
Yvoir,91141,2020-07-24,0,56
Yvoir,91141,2020-07-25,1,57
Yvoir,91141,2020-07-26,0,57
Yvoir,91141,2020-07-27,0,57
Yvoir,91141,2020-07-28,1,58
Yvoir,91141,2020-07-29,0,58
Yvoir,91141,2020-07-30,0,58
Yvoir,91141,2020-07-31,2,60
Yvoir,91141,2020-08-01,0,60
Yvoir,91141,2020-08-02,0,60
Yvoir,91141,2020-08-03,0,60
Yvoir,91141,2020-08-04,0,60
Yvoir,91141,2020-08-05,0,60
Yvoir,91141,2020-08-06,0,60
Yvoir,91141,2020-08-07,0,60
Yvoir,91141,2020-08-08,0,60
Yvoir,91141,2020-08-09,0,60
Yvoir,91141,2020-08-10,0,60
Yvoir,91141,2020-08-11,0,60
Yvoir,91141,2020-08-12,0,60
Yvoir,91141,2020-08-13,0,60
Yvoir,91141,2020-08-14,0,60
Yvoir,91141,2020-08-15,1,61
Yvoir,91141,2020-08-16,0,61
Yvoir,91141,2020-08-17,0,61
Yvoir,91141,2020-08-18,0,61
Yvoir,91141,2020-08-19,0,61
Yvoir,91141,2020-08-20,0,61
Yvoir,91141,2020-08-21,0,61
Yvoir,91141,2020-08-22,0,61
Yvoir,91141,2020-08-23,0,61
Yvoir,91141,2020-08-24,0,61
Yvoir,91141,2020-08-25,0,61
Yvoir,91141,2020-08-26,0,61
Yvoir,91141,2020-08-27,0,61
Yvoir,91141,2020-08-28,0,61
Yvoir,91141,2020-08-29,0,61
Yvoir,91141,2020-08-30,0,61
Yvoir,91141,2020-08-31,0,61
Yvoir,91141,2020-09-01,0,61
Yvoir,91141,2020-09-02,0,61
Yvoir,91141,2020-09-03,2,63
Yvoir,91141,2020-09-04,0,63
Yvoir,91141,2020-09-05,1,64
Yvoir,91141,2020-09-06,1,65
Yvoir,91141,2020-09-07,0,65
Yvoir,91141,2020-09-08,1,66
Yvoir,91141,2020-09-09,1,67
Yvoir,91141,2020-09-10,0,67
Yvoir,91141,2020-09-11,0,67
Yvoir,91141,2020-09-12,1,68
Yvoir,91141,2020-09-13,1,69
Yvoir,91141,2020-09-14,3,72
Yvoir,91141,2020-09-15,0,72
Yvoir,91141,2020-09-16,1,73
Yvoir,91141,2020-09-17,0,73
Yvoir,91141,2020-09-18,0,73
Yvoir,91141,2020-09-19,0,73
Yvoir,91141,2020-09-20,1,74
Yvoir,91141,2020-09-21,0,74
Yvoir,91141,2020-09-22,0,74
Yvoir,91141,2020-09-23,3,77
Yvoir,91141,2020-09-24,1,78
Yvoir,91141,2020-09-25,1,79
Yvoir,91141,2020-09-26,5,84
Yvoir,91141,2020-09-27,3,87
Yvoir,91141,2020-09-28,1,88
Yvoir,91141,2020-09-29,0,88
Yvoir,91141,2020-09-30,1,89
Yvoir,91141,2020-10-01,9,98
Yvoir,91141,2020-10-02,1,99
Yvoir,91141,2020-10-03,8,107
Yvoir,91141,2020-10-04,2,109
Yvoir,91141,2020-10-05,7,116
Yvoir,91141,2020-10-06,2,118
Yvoir,91141,2020-10-07,6,124
Yvoir,91141,2020-10-08,9,133
Yvoir,91141,2020-10-09,10,143
Yvoir,91141,2020-10-10,4,147
Yvoir,91141,2020-10-11,9,156
Yvoir,91141,2020-10-12,10,166
Yvoir,91141,2020-10-13,2,168
Yvoir,91141,2020-10-14,6,174
Yvoir,91141,2020-10-15,12,186
Yvoir,91141,2020-10-16,13,199
Yvoir,91141,2020-10-17,19,218
Yvoir,91141,2020-10-18,13,231
Yvoir,91141,2020-10-19,18,249
Yvoir,91141,2020-10-20,13,262
Yvoir,91141,2020-10-21,14,276
Yvoir,91141,2020-10-22,20,296
Yvoir,91141,2020-10-23,19,315
Yvoir,91141,2020-10-24,19,334
Yvoir,91141,2020-10-25,16,350
Yvoir,91141,2020-10-26,10,360
Yvoir,91141,2020-10-27,6,366
Yvoir,91141,2020-10-28,6,372
Yvoir,91141,2020-10-29,21,393
Yvoir,91141,2020-10-30,28,421
Yvoir,91141,2020-10-31,15,436
Yvoir,91141,2020-11-01,13,449
Yvoir,91141,2020-11-02,8,457
Yvoir,91141,2020-11-03,3,460
Yvoir,91141,2020-11-04,8,468
Yvoir,91141,2020-11-05,15,483
Yvoir,91141,2020-11-06,10,493
Yvoir,91141,2020-11-07,11,504
Yvoir,91141,2020-11-08,8,512
Yvoir,91141,2020-11-09,5,517
Yvoir,91141,2020-11-10,2,519
Yvoir,91141,2020-11-11,4,523
Hastière,91142,2020-04-01,0,0
Hastière,91142,2020-04-02,0,0
Hastière,91142,2020-04-03,0,0
Hastière,91142,2020-04-04,0,0
Hastière,91142,2020-04-05,0,0
Hastière,91142,2020-04-06,7,7
Hastière,91142,2020-04-07,0,7
Hastière,91142,2020-04-08,0,7
Hastière,91142,2020-04-09,0,7
Hastière,91142,2020-04-10,3,10
Hastière,91142,2020-04-11,0,10
Hastière,91142,2020-04-12,0,10
Hastière,91142,2020-04-13,0,10
Hastière,91142,2020-04-14,0,10
Hastière,91142,2020-04-15,0,10
Hastière,91142,2020-04-16,0,10
Hastière,91142,2020-04-17,0,10
Hastière,91142,2020-04-18,0,10
Hastière,91142,2020-04-19,1,11
Hastière,91142,2020-04-20,0,11
Hastière,91142,2020-04-21,0,11
Hastière,91142,2020-04-22,0,11
Hastière,91142,2020-04-23,0,11
Hastière,91142,2020-04-24,1,12
Hastière,91142,2020-04-25,0,12
Hastière,91142,2020-04-26,0,12
Hastière,91142,2020-04-27,0,12
Hastière,91142,2020-04-28,0,12
Hastière,91142,2020-04-29,0,12
Hastière,91142,2020-04-30,0,12
Hastière,91142,2020-05-01,0,12
Hastière,91142,2020-05-02,0,12
Hastière,91142,2020-05-03,0,12
Hastière,91142,2020-05-04,0,12
Hastière,91142,2020-05-05,1,13
Hastière,91142,2020-05-06,0,13
Hastière,91142,2020-05-07,0,13
Hastière,91142,2020-05-08,0,13
Hastière,91142,2020-05-09,0,13
Hastière,91142,2020-05-10,0,13
Hastière,91142,2020-05-11,0,13
Hastière,91142,2020-05-12,0,13
Hastière,91142,2020-05-13,0,13
Hastière,91142,2020-05-14,0,13
Hastière,91142,2020-05-15,1,14
Hastière,91142,2020-05-16,0,14
Hastière,91142,2020-05-17,0,14
Hastière,91142,2020-05-18,0,14
Hastière,91142,2020-05-19,0,14
Hastière,91142,2020-05-20,0,14
Hastière,91142,2020-05-21,1,15
Hastière,91142,2020-05-22,0,15
Hastière,91142,2020-05-23,0,15
Hastière,91142,2020-05-24,0,15
Hastière,91142,2020-05-25,0,15
Hastière,91142,2020-05-26,0,15
Hastière,91142,2020-05-27,0,15
Hastière,91142,2020-05-28,0,15
Hastière,91142,2020-05-29,0,15
Hastière,91142,2020-05-30,0,15
Hastière,91142,2020-05-31,0,15
Hastière,91142,2020-06-01,0,15
Hastière,91142,2020-06-02,0,15
Hastière,91142,2020-06-03,0,15
Hastière,91142,2020-06-04,0,15
Hastière,91142,2020-06-05,0,15
Hastière,91142,2020-06-06,0,15
Hastière,91142,2020-06-07,0,15
Hastière,91142,2020-06-08,0,15
Hastière,91142,2020-06-09,0,15
Hastière,91142,2020-06-10,0,15
Hastière,91142,2020-06-11,0,15
Hastière,91142,2020-06-12,0,15
Hastière,91142,2020-06-13,0,15
Hastière,91142,2020-06-14,0,15
Hastière,91142,2020-06-15,0,15
Hastière,91142,2020-06-16,0,15
Hastière,91142,2020-06-17,0,15
Hastière,91142,2020-06-18,0,15
Hastière,91142,2020-06-19,0,15
Hastière,91142,2020-06-20,0,15
Hastière,91142,2020-06-23,0,15
Hastière,91142,2020-06-24,0,15
Hastière,91142,2020-06-25,0,15
Hastière,91142,2020-06-26,0,15
Hastière,91142,2020-06-27,0,15
Hastière,91142,2020-06-30,0,15
Hastière,91142,2020-07-01,0,15
Hastière,91142,2020-07-02,0,15
Hastière,91142,2020-07-03,0,15
Hastière,91142,2020-07-04,0,15
Hastière,91142,2020-07-07,0,15
Hastière,91142,2020-07-08,0,15
Hastière,91142,2020-07-09,0,15
Hastière,91142,2020-07-10,0,15
Hastière,91142,2020-07-11,0,15
Hastière,91142,2020-07-14,0,15
Hastière,91142,2020-07-15,0,15
Hastière,91142,2020-07-16,0,15
Hastière,91142,2020-07-17,0,15
Hastière,91142,2020-07-18,0,15
Hastière,91142,2020-07-20,0,15
Hastière,91142,2020-07-21,0,15
Hastière,91142,2020-07-22,0,15
Hastière,91142,2020-07-23,0,15
Hastière,91142,2020-07-24,0,15
Hastière,91142,2020-07-25,0,15
Hastière,91142,2020-07-26,0,15
Hastière,91142,2020-07-27,0,15
Hastière,91142,2020-07-28,0,15
Hastière,91142,2020-07-29,0,15
Hastière,91142,2020-07-30,0,15
Hastière,91142,2020-07-31,0,15
Hastière,91142,2020-08-01,0,15
Hastière,91142,2020-08-02,0,15
Hastière,91142,2020-08-03,1,16
Hastière,91142,2020-08-04,0,16
Hastière,91142,2020-08-05,1,17
Hastière,91142,2020-08-06,1,18
Hastière,91142,2020-08-07,0,18
Hastière,91142,2020-08-08,1,19
Hastière,91142,2020-08-09,0,19
Hastière,91142,2020-08-10,1,20
Hastière,91142,2020-08-11,0,20
Hastière,91142,2020-08-12,0,20
Hastière,91142,2020-08-13,0,20
Hastière,91142,2020-08-14,0,20
Hastière,91142,2020-08-15,0,20
Hastière,91142,2020-08-16,1,21
Hastière,91142,2020-08-17,1,22
Hastière,91142,2020-08-18,0,22
Hastière,91142,2020-08-19,0,22
Hastière,91142,2020-08-20,0,22
Hastière,91142,2020-08-21,0,22
Hastière,91142,2020-08-22,0,22
Hastière,91142,2020-08-23,0,22
Hastière,91142,2020-08-24,0,22
Hastière,91142,2020-08-25,0,22
Hastière,91142,2020-08-26,0,22
Hastière,91142,2020-08-27,0,22
Hastière,91142,2020-08-28,0,22
Hastière,91142,2020-08-29,0,22
Hastière,91142,2020-08-30,0,22
Hastière,91142,2020-08-31,0,22
Hastière,91142,2020-09-01,0,22
Hastière,91142,2020-09-02,0,22
Hastière,91142,2020-09-03,0,22
Hastière,91142,2020-09-04,0,22
Hastière,91142,2020-09-05,0,22
Hastière,91142,2020-09-06,0,22
Hastière,91142,2020-09-07,0,22
Hastière,91142,2020-09-08,0,22
Hastière,91142,2020-09-09,0,22
Hastière,91142,2020-09-10,0,22
Hastière,91142,2020-09-11,0,22
Hastière,91142,2020-09-12,0,22
Hastière,91142,2020-09-13,0,22
Hastière,91142,2020-09-14,0,22
Hastière,91142,2020-09-15,0,22
Hastière,91142,2020-09-16,0,22
Hastière,91142,2020-09-17,0,22
Hastière,91142,2020-09-18,0,22
Hastière,91142,2020-09-19,0,22
Hastière,91142,2020-09-20,0,22
Hastière,91142,2020-09-21,0,22
Hastière,91142,2020-09-22,0,22
Hastière,91142,2020-09-23,1,23
Hastière,91142,2020-09-24,0,23
Hastière,91142,2020-09-25,0,23
Hastière,91142,2020-09-26,1,24
Hastière,91142,2020-09-27,0,24
Hastière,91142,2020-09-28,0,24
Hastière,91142,2020-09-29,1,25
Hastière,91142,2020-09-30,1,26
Hastière,91142,2020-10-01,1,27
Hastière,91142,2020-10-02,1,28
Hastière,91142,2020-10-03,3,31
Hastière,91142,2020-10-04,1,32
Hastière,91142,2020-10-05,2,34
Hastière,91142,2020-10-06,0,34
Hastière,91142,2020-10-07,3,37
Hastière,91142,2020-10-08,0,37
Hastière,91142,2020-10-09,1,38
Hastière,91142,2020-10-10,0,38
Hastière,91142,2020-10-11,7,45
Hastière,91142,2020-10-12,4,49
Hastière,91142,2020-10-13,4,53
Hastière,91142,2020-10-14,2,55
Hastière,91142,2020-10-15,6,61
Hastière,91142,2020-10-16,4,65
Hastière,91142,2020-10-17,3,68
Hastière,91142,2020-10-18,8,76
Hastière,91142,2020-10-19,4,80
Hastière,91142,2020-10-20,2,82
Hastière,91142,2020-10-21,2,84
Hastière,91142,2020-10-22,10,94
Hastière,91142,2020-10-23,14,108
Hastière,91142,2020-10-24,6,114
Hastière,91142,2020-10-25,9,123
Hastière,91142,2020-10-26,5,128
Hastière,91142,2020-10-27,6,134
Hastière,91142,2020-10-28,4,138
Hastière,91142,2020-10-29,4,142
Hastière,91142,2020-10-30,12,154
Hastière,91142,2020-10-31,10,164
Hastière,91142,2020-11-01,10,174
Hastière,91142,2020-11-02,9,183
Hastière,91142,2020-11-03,4,187
Hastière,91142,2020-11-04,3,190
Hastière,91142,2020-11-05,8,198
Hastière,91142,2020-11-06,7,205
Hastière,91142,2020-11-07,4,209
Hastière,91142,2020-11-08,9,218
Hastière,91142,2020-11-09,3,221
Hastière,91142,2020-11-10,0,221
Hastière,91142,2020-11-11,3,224
Andenne,92003,2020-04-01,0,28
Andenne,92003,2020-04-02,3,31
Andenne,92003,2020-04-03,3,34
Andenne,92003,2020-04-04,4,38
Andenne,92003,2020-04-05,2,40
Andenne,92003,2020-04-06,1,41
Andenne,92003,2020-04-07,0,41
Andenne,92003,2020-04-08,5,46
Andenne,92003,2020-04-09,4,50
Andenne,92003,2020-04-10,4,54
Andenne,92003,2020-04-11,0,54
Andenne,92003,2020-04-12,3,57
Andenne,92003,2020-04-13,0,57
Andenne,92003,2020-04-14,3,60
Andenne,92003,2020-04-15,3,63
Andenne,92003,2020-04-16,1,64
Andenne,92003,2020-04-17,3,67
Andenne,92003,2020-04-18,3,70
Andenne,92003,2020-04-19,3,73
Andenne,92003,2020-04-20,9,82
Andenne,92003,2020-04-21,0,82
Andenne,92003,2020-04-22,1,83
Andenne,92003,2020-04-23,8,91
Andenne,92003,2020-04-24,1,92
Andenne,92003,2020-04-25,0,92
Andenne,92003,2020-04-26,0,92
Andenne,92003,2020-04-27,1,93
Andenne,92003,2020-04-28,4,97
Andenne,92003,2020-04-29,0,97
Andenne,92003,2020-04-30,4,101
Andenne,92003,2020-05-01,1,102
Andenne,92003,2020-05-02,1,103
Andenne,92003,2020-05-03,1,104
Andenne,92003,2020-05-04,0,104
Andenne,92003,2020-05-05,0,104
Andenne,92003,2020-05-06,2,106
Andenne,92003,2020-05-07,3,109
Andenne,92003,2020-05-08,4,113
Andenne,92003,2020-05-09,0,113
Andenne,92003,2020-05-10,2,115
Andenne,92003,2020-05-11,0,115
Andenne,92003,2020-05-12,1,116
Andenne,92003,2020-05-13,0,116
Andenne,92003,2020-05-14,2,118
Andenne,92003,2020-05-15,1,119
Andenne,92003,2020-05-16,0,119
Andenne,92003,2020-05-17,0,119
Andenne,92003,2020-05-18,1,120
Andenne,92003,2020-05-19,0,120
Andenne,92003,2020-05-20,1,121
Andenne,92003,2020-05-21,0,121
Andenne,92003,2020-05-22,0,121
Andenne,92003,2020-05-23,0,121
Andenne,92003,2020-05-24,0,121
Andenne,92003,2020-05-25,0,121
Andenne,92003,2020-05-26,0,121
Andenne,92003,2020-05-27,0,121
Andenne,92003,2020-05-28,0,121
Andenne,92003,2020-05-29,0,121
Andenne,92003,2020-05-30,0,121
Andenne,92003,2020-05-31,0,121
Andenne,92003,2020-06-01,0,121
Andenne,92003,2020-06-02,0,121
Andenne,92003,2020-06-03,0,121
Andenne,92003,2020-06-04,0,121
Andenne,92003,2020-06-05,1,122
Andenne,92003,2020-06-06,0,122
Andenne,92003,2020-06-07,1,123
Andenne,92003,2020-06-08,0,123
Andenne,92003,2020-06-09,1,124
Andenne,92003,2020-06-10,0,124
Andenne,92003,2020-06-11,0,124
Andenne,92003,2020-06-12,0,124
Andenne,92003,2020-06-13,1,125
Andenne,92003,2020-06-14,0,125
Andenne,92003,2020-06-15,0,125
Andenne,92003,2020-06-16,0,125
Andenne,92003,2020-06-17,1,126
Andenne,92003,2020-06-18,0,126
Andenne,92003,2020-06-19,0,126
Andenne,92003,2020-06-20,0,126
Andenne,92003,2020-06-23,0,126
Andenne,92003,2020-06-24,0,126
Andenne,92003,2020-06-25,0,126
Andenne,92003,2020-06-26,0,126
Andenne,92003,2020-06-27,0,126
Andenne,92003,2020-06-30,1,127
Andenne,92003,2020-07-01,0,127
Andenne,92003,2020-07-02,1,128
Andenne,92003,2020-07-03,1,129
Andenne,92003,2020-07-04,0,129
Andenne,92003,2020-07-07,0,129
Andenne,92003,2020-07-08,0,129
Andenne,92003,2020-07-09,0,129
Andenne,92003,2020-07-10,1,130
Andenne,92003,2020-07-11,0,130
Andenne,92003,2020-07-14,0,130
Andenne,92003,2020-07-15,0,130
Andenne,92003,2020-07-16,0,130
Andenne,92003,2020-07-17,0,130
Andenne,92003,2020-07-18,0,130
Andenne,92003,2020-07-20,0,130
Andenne,92003,2020-07-21,0,130
Andenne,92003,2020-07-22,0,130
Andenne,92003,2020-07-23,0,130
Andenne,92003,2020-07-24,0,130
Andenne,92003,2020-07-25,0,130
Andenne,92003,2020-07-26,0,130
Andenne,92003,2020-07-27,0,130
Andenne,92003,2020-07-28,0,130
Andenne,92003,2020-07-29,0,130
Andenne,92003,2020-07-30,0,130
Andenne,92003,2020-07-31,0,130
Andenne,92003,2020-08-01,0,130
Andenne,92003,2020-08-02,1,131
Andenne,92003,2020-08-03,0,131
Andenne,92003,2020-08-04,1,132
Andenne,92003,2020-08-05,0,132
Andenne,92003,2020-08-06,1,133
Andenne,92003,2020-08-07,0,133
Andenne,92003,2020-08-08,0,133
Andenne,92003,2020-08-09,0,133
Andenne,92003,2020-08-10,0,133
Andenne,92003,2020-08-11,0,133
Andenne,92003,2020-08-12,0,133
Andenne,92003,2020-08-13,1,134
Andenne,92003,2020-08-14,1,135
Andenne,92003,2020-08-15,2,137
Andenne,92003,2020-08-16,1,138
Andenne,92003,2020-08-17,1,139
Andenne,92003,2020-08-18,0,139
Andenne,92003,2020-08-19,4,143
Andenne,92003,2020-08-20,0,143
Andenne,92003,2020-08-21,0,143
Andenne,92003,2020-08-22,3,146
Andenne,92003,2020-08-23,0,146
Andenne,92003,2020-08-24,1,147
Andenne,92003,2020-08-25,0,147
Andenne,92003,2020-08-26,0,147
Andenne,92003,2020-08-27,1,148
Andenne,92003,2020-08-28,1,149
Andenne,92003,2020-08-29,1,150
Andenne,92003,2020-08-30,1,151
Andenne,92003,2020-08-31,1,152
Andenne,92003,2020-09-01,1,153
Andenne,92003,2020-09-02,0,153
Andenne,92003,2020-09-03,4,157
Andenne,92003,2020-09-04,2,159
Andenne,92003,2020-09-05,1,160
Andenne,92003,2020-09-06,0,160
Andenne,92003,2020-09-07,0,160
Andenne,92003,2020-09-08,1,161
Andenne,92003,2020-09-09,0,161
Andenne,92003,2020-09-10,0,161
Andenne,92003,2020-09-11,2,163
Andenne,92003,2020-09-12,0,163
Andenne,92003,2020-09-13,0,163
Andenne,92003,2020-09-14,0,163
Andenne,92003,2020-09-15,1,164
Andenne,92003,2020-09-16,0,164
Andenne,92003,2020-09-17,2,166
Andenne,92003,2020-09-18,2,168
Andenne,92003,2020-09-19,2,170
Andenne,92003,2020-09-20,5,175
Andenne,92003,2020-09-21,1,176
Andenne,92003,2020-09-22,1,177
Andenne,92003,2020-09-23,2,179
Andenne,92003,2020-09-24,0,179
Andenne,92003,2020-09-25,3,182
Andenne,92003,2020-09-26,7,189
Andenne,92003,2020-09-27,2,191
Andenne,92003,2020-09-28,1,192
Andenne,92003,2020-09-29,1,193
Andenne,92003,2020-09-30,8,201
Andenne,92003,2020-10-01,2,203
Andenne,92003,2020-10-02,10,213
Andenne,92003,2020-10-03,4,217
Andenne,92003,2020-10-04,13,230
Andenne,92003,2020-10-05,6,236
Andenne,92003,2020-10-06,8,244
Andenne,92003,2020-10-07,5,249
Andenne,92003,2020-10-08,7,256
Andenne,92003,2020-10-09,19,275
Andenne,92003,2020-10-10,16,291
Andenne,92003,2020-10-11,40,331
Andenne,92003,2020-10-12,17,348
Andenne,92003,2020-10-13,12,360
Andenne,92003,2020-10-14,35,395
Andenne,92003,2020-10-15,38,433
Andenne,92003,2020-10-16,46,479
Andenne,92003,2020-10-17,46,525
Andenne,92003,2020-10-18,29,554
Andenne,92003,2020-10-19,35,589
Andenne,92003,2020-10-20,40,629
Andenne,92003,2020-10-21,51,680
Andenne,92003,2020-10-22,79,759
Andenne,92003,2020-10-23,55,814
Andenne,92003,2020-10-24,83,897
Andenne,92003,2020-10-25,72,969
Andenne,92003,2020-10-26,35,1004
Andenne,92003,2020-10-27,95,1099
Andenne,92003,2020-10-28,45,1144
Andenne,92003,2020-10-29,67,1211
Andenne,92003,2020-10-30,102,1313
Andenne,92003,2020-10-31,74,1387
Andenne,92003,2020-11-01,69,1456
Andenne,92003,2020-11-02,37,1493
Andenne,92003,2020-11-03,35,1528
Andenne,92003,2020-11-04,6,1534
Andenne,92003,2020-11-05,32,1566
Andenne,92003,2020-11-06,44,1610
Andenne,92003,2020-11-07,31,1641
Andenne,92003,2020-11-08,18,1659
Andenne,92003,2020-11-09,31,1690
Andenne,92003,2020-11-10,3,1693
Andenne,92003,2020-11-11,12,1705
Assesse,92006,2020-04-01,0,8
Assesse,92006,2020-04-02,0,8
Assesse,92006,2020-04-03,1,9
Assesse,92006,2020-04-04,0,9
Assesse,92006,2020-04-05,2,11
Assesse,92006,2020-04-06,0,11
Assesse,92006,2020-04-07,1,12
Assesse,92006,2020-04-08,0,12
Assesse,92006,2020-04-09,0,12
Assesse,92006,2020-04-10,3,15
Assesse,92006,2020-04-11,1,16
Assesse,92006,2020-04-12,1,17
Assesse,92006,2020-04-13,0,17
Assesse,92006,2020-04-14,0,17
Assesse,92006,2020-04-15,0,17
Assesse,92006,2020-04-16,1,18
Assesse,92006,2020-04-17,0,18
Assesse,92006,2020-04-18,0,18
Assesse,92006,2020-04-19,1,19
Assesse,92006,2020-04-20,2,21
Assesse,92006,2020-04-21,0,21
Assesse,92006,2020-04-22,0,21
Assesse,92006,2020-04-23,1,22
Assesse,92006,2020-04-24,2,24
Assesse,92006,2020-04-25,0,24
Assesse,92006,2020-04-26,0,24
Assesse,92006,2020-04-27,0,24
Assesse,92006,2020-04-28,0,24
Assesse,92006,2020-04-29,0,24
Assesse,92006,2020-04-30,2,26
Assesse,92006,2020-05-01,1,27
Assesse,92006,2020-05-02,0,27
Assesse,92006,2020-05-03,0,27
Assesse,92006,2020-05-04,0,27
Assesse,92006,2020-05-05,1,28
Assesse,92006,2020-05-06,0,28
Assesse,92006,2020-05-07,1,29
Assesse,92006,2020-05-08,0,29
Assesse,92006,2020-05-09,0,29
Assesse,92006,2020-05-10,0,29
Assesse,92006,2020-05-11,2,31
Assesse,92006,2020-05-12,0,31
Assesse,92006,2020-05-13,1,32
Assesse,92006,2020-05-14,0,32
Assesse,92006,2020-05-15,0,32
Assesse,92006,2020-05-16,0,32
Assesse,92006,2020-05-17,0,32
Assesse,92006,2020-05-18,0,32
Assesse,92006,2020-05-19,0,32
Assesse,92006,2020-05-20,0,32
Assesse,92006,2020-05-21,0,32
Assesse,92006,2020-05-22,0,32
Assesse,92006,2020-05-23,0,32
Assesse,92006,2020-05-24,0,32
Assesse,92006,2020-05-25,0,32
Assesse,92006,2020-05-26,0,32
Assesse,92006,2020-05-27,0,32
Assesse,92006,2020-05-28,0,32
Assesse,92006,2020-05-29,0,32
Assesse,92006,2020-05-30,0,32
Assesse,92006,2020-05-31,0,32
Assesse,92006,2020-06-01,0,32
Assesse,92006,2020-06-02,0,32
Assesse,92006,2020-06-03,0,32
Assesse,92006,2020-06-04,0,32
Assesse,92006,2020-06-05,0,32
Assesse,92006,2020-06-06,0,32
Assesse,92006,2020-06-07,0,32
Assesse,92006,2020-06-08,0,32
Assesse,92006,2020-06-09,0,32
Assesse,92006,2020-06-10,0,32
Assesse,92006,2020-06-11,0,32
Assesse,92006,2020-06-12,0,32
Assesse,92006,2020-06-13,0,32
Assesse,92006,2020-06-14,0,32
Assesse,92006,2020-06-15,0,32
Assesse,92006,2020-06-16,0,32
Assesse,92006,2020-06-17,0,32
Assesse,92006,2020-06-18,0,32
Assesse,92006,2020-06-19,0,32
Assesse,92006,2020-06-20,0,32
Assesse,92006,2020-06-23,0,32
Assesse,92006,2020-06-24,0,32
Assesse,92006,2020-06-25,0,32
Assesse,92006,2020-06-26,0,32
Assesse,92006,2020-06-27,0,32
Assesse,92006,2020-06-30,0,32
Assesse,92006,2020-07-01,0,32
Assesse,92006,2020-07-02,0,32
Assesse,92006,2020-07-03,2,34
Assesse,92006,2020-07-04,0,34
Assesse,92006,2020-07-07,0,34
Assesse,92006,2020-07-08,0,34
Assesse,92006,2020-07-09,0,34
Assesse,92006,2020-07-10,0,34
Assesse,92006,2020-07-11,0,34
Assesse,92006,2020-07-14,0,34
Assesse,92006,2020-07-15,0,34
Assesse,92006,2020-07-16,0,34
Assesse,92006,2020-07-17,0,34
Assesse,92006,2020-07-18,0,34
Assesse,92006,2020-07-20,0,34
Assesse,92006,2020-07-21,0,34
Assesse,92006,2020-07-22,0,34
Assesse,92006,2020-07-23,1,35
Assesse,92006,2020-07-24,0,35
Assesse,92006,2020-07-25,0,35
Assesse,92006,2020-07-26,0,35
Assesse,92006,2020-07-27,0,35
Assesse,92006,2020-07-28,0,35
Assesse,92006,2020-07-29,0,35
Assesse,92006,2020-07-30,0,35
Assesse,92006,2020-07-31,0,35
Assesse,92006,2020-08-01,0,35
Assesse,92006,2020-08-02,0,35
Assesse,92006,2020-08-03,0,35
Assesse,92006,2020-08-04,0,35
Assesse,92006,2020-08-05,0,35
Assesse,92006,2020-08-06,2,37
Assesse,92006,2020-08-07,1,38
Assesse,92006,2020-08-08,1,39
Assesse,92006,2020-08-09,0,39
Assesse,92006,2020-08-10,0,39
Assesse,92006,2020-08-11,0,39
Assesse,92006,2020-08-12,0,39
Assesse,92006,2020-08-13,0,39
Assesse,92006,2020-08-14,2,41
Assesse,92006,2020-08-15,3,44
Assesse,92006,2020-08-16,1,45
Assesse,92006,2020-08-17,0,45
Assesse,92006,2020-08-18,0,45
Assesse,92006,2020-08-19,0,45
Assesse,92006,2020-08-20,0,45
Assesse,92006,2020-08-21,1,46
Assesse,92006,2020-08-22,0,46
Assesse,92006,2020-08-23,0,46
Assesse,92006,2020-08-24,0,46
Assesse,92006,2020-08-25,0,46
Assesse,92006,2020-08-26,0,46
Assesse,92006,2020-08-27,1,47
Assesse,92006,2020-08-28,1,48
Assesse,92006,2020-08-29,0,48
Assesse,92006,2020-08-30,0,48
Assesse,92006,2020-08-31,0,48
Assesse,92006,2020-09-01,0,48
Assesse,92006,2020-09-02,0,48
Assesse,92006,2020-09-03,0,48
Assesse,92006,2020-09-04,0,48
Assesse,92006,2020-09-05,0,48
Assesse,92006,2020-09-06,2,50
Assesse,92006,2020-09-07,0,50
Assesse,92006,2020-09-08,0,50
Assesse,92006,2020-09-09,0,50
Assesse,92006,2020-09-10,0,50
Assesse,92006,2020-09-11,0,50
Assesse,92006,2020-09-12,0,50
Assesse,92006,2020-09-13,0,50
Assesse,92006,2020-09-14,0,50
Assesse,92006,2020-09-15,0,50
Assesse,92006,2020-09-16,0,50
Assesse,92006,2020-09-17,0,50
Assesse,92006,2020-09-18,2,52
Assesse,92006,2020-09-19,0,52
Assesse,92006,2020-09-20,2,54
Assesse,92006,2020-09-21,0,54
Assesse,92006,2020-09-22,1,55
Assesse,92006,2020-09-23,1,56
Assesse,92006,2020-09-24,0,56
Assesse,92006,2020-09-25,0,56
Assesse,92006,2020-09-26,2,58
Assesse,92006,2020-09-27,1,59
Assesse,92006,2020-09-28,0,59
Assesse,92006,2020-09-29,1,60
Assesse,92006,2020-09-30,3,63
Assesse,92006,2020-10-01,1,64
Assesse,92006,2020-10-02,3,67
Assesse,92006,2020-10-03,3,70
Assesse,92006,2020-10-04,2,72
Assesse,92006,2020-10-05,6,78
Assesse,92006,2020-10-06,1,79
Assesse,92006,2020-10-07,2,81
Assesse,92006,2020-10-08,0,81
Assesse,92006,2020-10-09,3,84
Assesse,92006,2020-10-10,6,90
Assesse,92006,2020-10-11,9,99
Assesse,92006,2020-10-12,6,105
Assesse,92006,2020-10-13,2,107
Assesse,92006,2020-10-14,5,112
Assesse,92006,2020-10-15,13,125
Assesse,92006,2020-10-16,12,137
Assesse,92006,2020-10-17,10,147
Assesse,92006,2020-10-18,4,151
Assesse,92006,2020-10-19,9,160
Assesse,92006,2020-10-20,3,163
Assesse,92006,2020-10-21,14,177
Assesse,92006,2020-10-22,17,194
Assesse,92006,2020-10-23,22,216
Assesse,92006,2020-10-24,10,226
Assesse,92006,2020-10-25,23,249
Assesse,92006,2020-10-26,9,258
Assesse,92006,2020-10-27,13,271
Assesse,92006,2020-10-28,16,287
Assesse,92006,2020-10-29,20,307
Assesse,92006,2020-10-30,22,329
Assesse,92006,2020-10-31,19,348
Assesse,92006,2020-11-01,12,360
Assesse,92006,2020-11-02,9,369
Assesse,92006,2020-11-03,8,377
Assesse,92006,2020-11-04,3,380
Assesse,92006,2020-11-05,15,395
Assesse,92006,2020-11-06,13,408
Assesse,92006,2020-11-07,11,419
Assesse,92006,2020-11-08,4,423
Assesse,92006,2020-11-09,7,430
Assesse,92006,2020-11-10,3,433
Assesse,92006,2020-11-11,2,435
Eghezée,92035,2020-04-01,2,25
Eghezée,92035,2020-04-02,4,29
Eghezée,92035,2020-04-03,1,30
Eghezée,92035,2020-04-04,4,34
Eghezée,92035,2020-04-05,1,35
Eghezée,92035,2020-04-06,1,36
Eghezée,92035,2020-04-07,0,36
Eghezée,92035,2020-04-08,2,38
Eghezée,92035,2020-04-09,8,46
Eghezée,92035,2020-04-10,2,48
Eghezée,92035,2020-04-11,2,50
Eghezée,92035,2020-04-12,3,53
Eghezée,92035,2020-04-13,0,53
Eghezée,92035,2020-04-14,0,53
Eghezée,92035,2020-04-15,4,57
Eghezée,92035,2020-04-16,1,58
Eghezée,92035,2020-04-17,3,61
Eghezée,92035,2020-04-18,7,68
Eghezée,92035,2020-04-19,0,68
Eghezée,92035,2020-04-20,2,70
Eghezée,92035,2020-04-21,1,71
Eghezée,92035,2020-04-22,7,78
Eghezée,92035,2020-04-23,3,81
Eghezée,92035,2020-04-24,0,81
Eghezée,92035,2020-04-25,0,81
Eghezée,92035,2020-04-26,0,81
Eghezée,92035,2020-04-27,0,81
Eghezée,92035,2020-04-28,5,86
Eghezée,92035,2020-04-29,0,86
Eghezée,92035,2020-04-30,2,88
Eghezée,92035,2020-05-01,1,89
Eghezée,92035,2020-05-02,0,89
Eghezée,92035,2020-05-03,4,93
Eghezée,92035,2020-05-04,0,93
Eghezée,92035,2020-05-05,0,93
Eghezée,92035,2020-05-06,1,94
Eghezée,92035,2020-05-07,0,94
Eghezée,92035,2020-05-08,1,95
Eghezée,92035,2020-05-09,0,95
Eghezée,92035,2020-05-10,1,96
Eghezée,92035,2020-05-11,0,96
Eghezée,92035,2020-05-12,0,96
Eghezée,92035,2020-05-13,1,97
Eghezée,92035,2020-05-14,0,97
Eghezée,92035,2020-05-15,0,97
Eghezée,92035,2020-05-16,0,97
Eghezée,92035,2020-05-17,0,97
Eghezée,92035,2020-05-18,0,97
Eghezée,92035,2020-05-19,0,97
Eghezée,92035,2020-05-20,0,97
Eghezée,92035,2020-05-21,0,97
Eghezée,92035,2020-05-22,1,98
Eghezée,92035,2020-05-23,0,98
Eghezée,92035,2020-05-24,1,99
Eghezée,92035,2020-05-25,0,99
Eghezée,92035,2020-05-26,1,100
Eghezée,92035,2020-05-27,1,101
Eghezée,92035,2020-05-28,-1,100
Eghezée,92035,2020-05-29,0,100
Eghezée,92035,2020-05-30,0,100
Eghezée,92035,2020-05-31,0,100
Eghezée,92035,2020-06-01,0,100
Eghezée,92035,2020-06-02,0,100
Eghezée,92035,2020-06-03,0,100
Eghezée,92035,2020-06-04,0,100
Eghezée,92035,2020-06-05,0,100
Eghezée,92035,2020-06-06,0,100
Eghezée,92035,2020-06-07,1,101
Eghezée,92035,2020-06-08,1,102
Eghezée,92035,2020-06-09,0,102
Eghezée,92035,2020-06-10,0,102
Eghezée,92035,2020-06-11,0,102
Eghezée,92035,2020-06-12,0,102
Eghezée,92035,2020-06-13,0,102
Eghezée,92035,2020-06-14,0,102
Eghezée,92035,2020-06-15,0,102
Eghezée,92035,2020-06-16,0,102
Eghezée,92035,2020-06-17,0,102
Eghezée,92035,2020-06-18,0,102
Eghezée,92035,2020-06-19,0,102
Eghezée,92035,2020-06-20,0,102
Eghezée,92035,2020-06-23,0,102
Eghezée,92035,2020-06-24,0,102
Eghezée,92035,2020-06-25,0,102
Eghezée,92035,2020-06-26,0,102
Eghezée,92035,2020-06-27,0,102
Eghezée,92035,2020-06-30,0,102
Eghezée,92035,2020-07-01,0,102
Eghezée,92035,2020-07-02,0,102
Eghezée,92035,2020-07-03,0,102
Eghezée,92035,2020-07-04,0,102
Eghezée,92035,2020-07-07,0,102
Eghezée,92035,2020-07-08,0,102
Eghezée,92035,2020-07-09,0,102
Eghezée,92035,2020-07-10,1,103
Eghezée,92035,2020-07-11,0,103
Eghezée,92035,2020-07-14,0,103
Eghezée,92035,2020-07-15,0,103
Eghezée,92035,2020-07-16,3,106
Eghezée,92035,2020-07-17,0,106
Eghezée,92035,2020-07-18,0,106
Eghezée,92035,2020-07-20,0,106
Eghezée,92035,2020-07-21,0,106
Eghezée,92035,2020-07-22,0,106
Eghezée,92035,2020-07-23,1,107
Eghezée,92035,2020-07-24,0,107
Eghezée,92035,2020-07-25,0,107
Eghezée,92035,2020-07-26,0,107
Eghezée,92035,2020-07-27,0,107
Eghezée,92035,2020-07-28,1,108
Eghezée,92035,2020-07-29,0,108
Eghezée,92035,2020-07-30,0,108
Eghezée,92035,2020-07-31,1,109
Eghezée,92035,2020-08-01,1,110
Eghezée,92035,2020-08-02,0,110
Eghezée,92035,2020-08-03,3,113
Eghezée,92035,2020-08-04,3,116
Eghezée,92035,2020-08-05,0,116
Eghezée,92035,2020-08-06,0,116
Eghezée,92035,2020-08-07,0,116
Eghezée,92035,2020-08-08,2,118
Eghezée,92035,2020-08-09,0,118
Eghezée,92035,2020-08-10,0,118
Eghezée,92035,2020-08-11,0,118
Eghezée,92035,2020-08-12,0,118
Eghezée,92035,2020-08-13,0,118
Eghezée,92035,2020-08-14,0,118
Eghezée,92035,2020-08-15,0,118
Eghezée,92035,2020-08-16,1,119
Eghezée,92035,2020-08-17,0,119
Eghezée,92035,2020-08-18,0,119
Eghezée,92035,2020-08-19,0,119
Eghezée,92035,2020-08-20,0,119
Eghezée,92035,2020-08-21,0,119
Eghezée,92035,2020-08-22,0,119
Eghezée,92035,2020-08-23,0,119
Eghezée,92035,2020-08-24,0,119
Eghezée,92035,2020-08-25,0,119
Eghezée,92035,2020-08-26,0,119
Eghezée,92035,2020-08-27,0,119
Eghezée,92035,2020-08-28,1,120
Eghezée,92035,2020-08-29,0,120
Eghezée,92035,2020-08-30,1,121
Eghezée,92035,2020-08-31,0,121
Eghezée,92035,2020-09-01,0,121
Eghezée,92035,2020-09-02,0,121
Eghezée,92035,2020-09-03,0,121
Eghezée,92035,2020-09-04,0,121
Eghezée,92035,2020-09-05,0,121
Eghezée,92035,2020-09-06,0,121
Eghezée,92035,2020-09-07,1,122
Eghezée,92035,2020-09-08,1,123
Eghezée,92035,2020-09-09,0,123
Eghezée,92035,2020-09-10,0,123
Eghezée,92035,2020-09-11,0,123
Eghezée,92035,2020-09-12,0,123
Eghezée,92035,2020-09-13,2,125
Eghezée,92035,2020-09-14,2,127
Eghezée,92035,2020-09-15,1,128
Eghezée,92035,2020-09-16,0,128
Eghezée,92035,2020-09-17,2,130
Eghezée,92035,2020-09-18,3,133
Eghezée,92035,2020-09-19,2,135
Eghezée,92035,2020-09-20,4,139
Eghezée,92035,2020-09-21,0,139
Eghezée,92035,2020-09-22,1,140
Eghezée,92035,2020-09-23,3,143
Eghezée,92035,2020-09-24,0,143
Eghezée,92035,2020-09-25,2,145
Eghezée,92035,2020-09-26,6,151
Eghezée,92035,2020-09-27,3,154
Eghezée,92035,2020-09-28,1,155
Eghezée,92035,2020-09-29,1,156
Eghezée,92035,2020-09-30,2,158
Eghezée,92035,2020-10-01,3,161
Eghezée,92035,2020-10-02,3,164
Eghezée,92035,2020-10-03,1,165
Eghezée,92035,2020-10-04,4,169
Eghezée,92035,2020-10-05,4,173
Eghezée,92035,2020-10-06,3,176
Eghezée,92035,2020-10-07,6,182
Eghezée,92035,2020-10-08,3,185
Eghezée,92035,2020-10-09,17,202
Eghezée,92035,2020-10-10,12,214
Eghezée,92035,2020-10-11,23,237
Eghezée,92035,2020-10-12,17,254
Eghezée,92035,2020-10-13,1,255
Eghezée,92035,2020-10-14,26,281
Eghezée,92035,2020-10-15,50,331
Eghezée,92035,2020-10-16,21,352
Eghezée,92035,2020-10-17,30,382
Eghezée,92035,2020-10-18,18,400
Eghezée,92035,2020-10-19,18,418
Eghezée,92035,2020-10-20,39,457
Eghezée,92035,2020-10-21,49,506
Eghezée,92035,2020-10-22,37,543
Eghezée,92035,2020-10-23,39,582
Eghezée,92035,2020-10-24,29,611
Eghezée,92035,2020-10-25,31,642
Eghezée,92035,2020-10-26,24,666
Eghezée,92035,2020-10-27,59,725
Eghezée,92035,2020-10-28,16,741
Eghezée,92035,2020-10-29,57,798
Eghezée,92035,2020-10-30,46,844
Eghezée,92035,2020-10-31,37,881
Eghezée,92035,2020-11-01,35,916
Eghezée,92035,2020-11-02,6,922
Eghezée,92035,2020-11-03,30,952
Eghezée,92035,2020-11-04,4,956
Eghezée,92035,2020-11-05,27,983
Eghezée,92035,2020-11-06,16,999
Eghezée,92035,2020-11-07,11,1010
Eghezée,92035,2020-11-08,10,1020
Eghezée,92035,2020-11-09,12,1032
Eghezée,92035,2020-11-10,0,1032
Eghezée,92035,2020-11-11,6,1038
Floreffe,92045,2020-04-01,0,0
Floreffe,92045,2020-04-02,7,7
Floreffe,92045,2020-04-03,0,7
Floreffe,92045,2020-04-04,3,10
Floreffe,92045,2020-04-05,0,10
Floreffe,92045,2020-04-06,1,11
Floreffe,92045,2020-04-07,1,12
Floreffe,92045,2020-04-08,1,13
Floreffe,92045,2020-04-09,1,14
Floreffe,92045,2020-04-10,1,15
Floreffe,92045,2020-04-11,0,15
Floreffe,92045,2020-04-12,2,17
Floreffe,92045,2020-04-13,0,17
Floreffe,92045,2020-04-14,0,17
Floreffe,92045,2020-04-15,0,17
Floreffe,92045,2020-04-16,1,18
Floreffe,92045,2020-04-17,0,18
Floreffe,92045,2020-04-18,1,19
Floreffe,92045,2020-04-19,0,19
Floreffe,92045,2020-04-20,0,19
Floreffe,92045,2020-04-21,2,21
Floreffe,92045,2020-04-22,0,21
Floreffe,92045,2020-04-23,2,23
Floreffe,92045,2020-04-24,0,23
Floreffe,92045,2020-04-25,-2,21
Floreffe,92045,2020-04-26,0,21
Floreffe,92045,2020-04-27,0,21
Floreffe,92045,2020-04-28,0,21
Floreffe,92045,2020-04-29,0,21
Floreffe,92045,2020-04-30,0,21
Floreffe,92045,2020-05-01,0,21
Floreffe,92045,2020-05-02,0,21
Floreffe,92045,2020-05-03,1,22
Floreffe,92045,2020-05-04,0,22
Floreffe,92045,2020-05-05,1,23
Floreffe,92045,2020-05-06,0,23
Floreffe,92045,2020-05-07,1,24
Floreffe,92045,2020-05-08,0,24
Floreffe,92045,2020-05-09,0,24
Floreffe,92045,2020-05-10,1,25
Floreffe,92045,2020-05-11,1,26
Floreffe,92045,2020-05-12,1,27
Floreffe,92045,2020-05-13,-1,26
Floreffe,92045,2020-05-14,1,27
Floreffe,92045,2020-05-15,0,27
Floreffe,92045,2020-05-16,0,27
Floreffe,92045,2020-05-17,0,27
Floreffe,92045,2020-05-18,1,28
Floreffe,92045,2020-05-19,0,28
Floreffe,92045,2020-05-20,0,28
Floreffe,92045,2020-05-21,0,28
Floreffe,92045,2020-05-22,0,28
Floreffe,92045,2020-05-23,0,28
Floreffe,92045,2020-05-24,0,28
Floreffe,92045,2020-05-25,0,28
Floreffe,92045,2020-05-26,0,28
Floreffe,92045,2020-05-27,0,28
Floreffe,92045,2020-05-28,0,28
Floreffe,92045,2020-05-29,0,28
Floreffe,92045,2020-05-30,0,28
Floreffe,92045,2020-05-31,0,28
Floreffe,92045,2020-06-01,0,28
Floreffe,92045,2020-06-02,0,28
Floreffe,92045,2020-06-03,0,28
Floreffe,92045,2020-06-04,0,28
Floreffe,92045,2020-06-05,0,28
Floreffe,92045,2020-06-06,0,28
Floreffe,92045,2020-06-07,0,28
Floreffe,92045,2020-06-08,0,28
Floreffe,92045,2020-06-09,0,28
Floreffe,92045,2020-06-10,0,28
Floreffe,92045,2020-06-11,0,28
Floreffe,92045,2020-06-12,0,28
Floreffe,92045,2020-06-13,0,28
Floreffe,92045,2020-06-14,0,28
Floreffe,92045,2020-06-15,0,28
Floreffe,92045,2020-06-16,0,28
Floreffe,92045,2020-06-17,0,28
Floreffe,92045,2020-06-18,0,28
Floreffe,92045,2020-06-19,0,28
Floreffe,92045,2020-06-20,0,28
Floreffe,92045,2020-06-23,0,28
Floreffe,92045,2020-06-24,0,28
Floreffe,92045,2020-06-25,0,28
Floreffe,92045,2020-06-26,0,28
Floreffe,92045,2020-06-27,0,28
Floreffe,92045,2020-06-30,0,28
Floreffe,92045,2020-07-01,0,28
Floreffe,92045,2020-07-02,0,28
Floreffe,92045,2020-07-03,0,28
Floreffe,92045,2020-07-04,0,28
Floreffe,92045,2020-07-07,0,28
Floreffe,92045,2020-07-08,0,28
Floreffe,92045,2020-07-09,0,28
Floreffe,92045,2020-07-10,0,28
Floreffe,92045,2020-07-11,0,28
Floreffe,92045,2020-07-14,0,28
Floreffe,92045,2020-07-15,0,28
Floreffe,92045,2020-07-16,1,29
Floreffe,92045,2020-07-17,0,29
Floreffe,92045,2020-07-18,0,29
Floreffe,92045,2020-07-20,0,29
Floreffe,92045,2020-07-21,0,29
Floreffe,92045,2020-07-22,0,29
Floreffe,92045,2020-07-23,0,29
Floreffe,92045,2020-07-24,0,29
Floreffe,92045,2020-07-25,0,29
Floreffe,92045,2020-07-26,0,29
Floreffe,92045,2020-07-27,0,29
Floreffe,92045,2020-07-28,0,29
Floreffe,92045,2020-07-29,0,29
Floreffe,92045,2020-07-30,1,30
Floreffe,92045,2020-07-31,0,30
Floreffe,92045,2020-08-01,1,31
Floreffe,92045,2020-08-02,0,31
Floreffe,92045,2020-08-03,0,31
Floreffe,92045,2020-08-04,1,32
Floreffe,92045,2020-08-05,1,33
Floreffe,92045,2020-08-06,0,33
Floreffe,92045,2020-08-07,0,33
Floreffe,92045,2020-08-08,1,34
Floreffe,92045,2020-08-09,1,35
Floreffe,92045,2020-08-10,0,35
Floreffe,92045,2020-08-11,1,36
Floreffe,92045,2020-08-12,0,36
Floreffe,92045,2020-08-13,1,37
Floreffe,92045,2020-08-14,1,38
Floreffe,92045,2020-08-15,0,38
Floreffe,92045,2020-08-16,1,39
Floreffe,92045,2020-08-17,0,39
Floreffe,92045,2020-08-18,0,39
Floreffe,92045,2020-08-19,1,40
Floreffe,92045,2020-08-20,0,40
Floreffe,92045,2020-08-21,0,40
Floreffe,92045,2020-08-22,0,40
Floreffe,92045,2020-08-23,0,40
Floreffe,92045,2020-08-24,0,40
Floreffe,92045,2020-08-25,0,40
Floreffe,92045,2020-08-26,0,40
Floreffe,92045,2020-08-27,0,40
Floreffe,92045,2020-08-28,0,40
Floreffe,92045,2020-08-29,0,40
Floreffe,92045,2020-08-30,0,40
Floreffe,92045,2020-08-31,0,40
Floreffe,92045,2020-09-01,0,40
Floreffe,92045,2020-09-02,0,40
Floreffe,92045,2020-09-03,0,40
Floreffe,92045,2020-09-04,0,40
Floreffe,92045,2020-09-05,0,40
Floreffe,92045,2020-09-06,0,40
Floreffe,92045,2020-09-07,0,40
Floreffe,92045,2020-09-08,0,40
Floreffe,92045,2020-09-09,0,40
Floreffe,92045,2020-09-10,0,40
Floreffe,92045,2020-09-11,0,40
Floreffe,92045,2020-09-12,0,40
Floreffe,92045,2020-09-13,1,41
Floreffe,92045,2020-09-14,1,42
Floreffe,92045,2020-09-15,0,42
Floreffe,92045,2020-09-16,0,42
Floreffe,92045,2020-09-17,0,42
Floreffe,92045,2020-09-18,1,43
Floreffe,92045,2020-09-19,1,44
Floreffe,92045,2020-09-20,0,44
Floreffe,92045,2020-09-21,0,44
Floreffe,92045,2020-09-22,3,47
Floreffe,92045,2020-09-23,2,49
Floreffe,92045,2020-09-24,0,49
Floreffe,92045,2020-09-25,0,49
Floreffe,92045,2020-09-26,1,50
Floreffe,92045,2020-09-27,0,50
Floreffe,92045,2020-09-28,0,50
Floreffe,92045,2020-09-29,0,50
Floreffe,92045,2020-09-30,2,52
Floreffe,92045,2020-10-01,2,54
Floreffe,92045,2020-10-02,2,56
Floreffe,92045,2020-10-03,2,58
Floreffe,92045,2020-10-04,2,60
Floreffe,92045,2020-10-05,2,62
Floreffe,92045,2020-10-06,3,65
Floreffe,92045,2020-10-07,4,69
Floreffe,92045,2020-10-08,1,70
Floreffe,92045,2020-10-09,2,72
Floreffe,92045,2020-10-10,6,78
Floreffe,92045,2020-10-11,4,82
Floreffe,92045,2020-10-12,3,85
Floreffe,92045,2020-10-13,2,87
Floreffe,92045,2020-10-14,14,101
Floreffe,92045,2020-10-15,7,108
Floreffe,92045,2020-10-16,6,114
Floreffe,92045,2020-10-17,12,126
Floreffe,92045,2020-10-18,13,139
Floreffe,92045,2020-10-19,8,147
Floreffe,92045,2020-10-20,12,159
Floreffe,92045,2020-10-21,21,180
Floreffe,92045,2020-10-22,22,202
Floreffe,92045,2020-10-23,15,217
Floreffe,92045,2020-10-24,27,244
Floreffe,92045,2020-10-25,24,268
Floreffe,92045,2020-10-26,9,277
Floreffe,92045,2020-10-27,11,288
Floreffe,92045,2020-10-28,14,302
Floreffe,92045,2020-10-29,24,326
Floreffe,92045,2020-10-30,22,348
Floreffe,92045,2020-10-31,13,361
Floreffe,92045,2020-11-01,25,386
Floreffe,92045,2020-11-02,9,395
Floreffe,92045,2020-11-03,20,415
Floreffe,92045,2020-11-04,1,416
Floreffe,92045,2020-11-05,11,427
Floreffe,92045,2020-11-06,20,447
Floreffe,92045,2020-11-07,10,457
Floreffe,92045,2020-11-08,8,465
Floreffe,92045,2020-11-09,5,470
Floreffe,92045,2020-11-10,1,471
Floreffe,92045,2020-11-11,5,476
Fosses-la-Ville,92048,2020-04-01,1,7
Fosses-la-Ville,92048,2020-04-02,0,7
Fosses-la-Ville,92048,2020-04-03,0,7
Fosses-la-Ville,92048,2020-04-04,1,8
Fosses-la-Ville,92048,2020-04-05,3,11
Fosses-la-Ville,92048,2020-04-06,0,11
Fosses-la-Ville,92048,2020-04-07,0,11
Fosses-la-Ville,92048,2020-04-08,3,14
Fosses-la-Ville,92048,2020-04-09,0,14
Fosses-la-Ville,92048,2020-04-10,3,17
Fosses-la-Ville,92048,2020-04-11,1,18
Fosses-la-Ville,92048,2020-04-12,1,19
Fosses-la-Ville,92048,2020-04-13,0,19
Fosses-la-Ville,92048,2020-04-14,0,19
Fosses-la-Ville,92048,2020-04-15,2,21
Fosses-la-Ville,92048,2020-04-16,0,21
Fosses-la-Ville,92048,2020-04-17,1,22
Fosses-la-Ville,92048,2020-04-18,0,22
Fosses-la-Ville,92048,2020-04-19,1,23
Fosses-la-Ville,92048,2020-04-20,2,25
Fosses-la-Ville,92048,2020-04-21,0,25
Fosses-la-Ville,92048,2020-04-22,3,28
Fosses-la-Ville,92048,2020-04-23,1,29
Fosses-la-Ville,92048,2020-04-24,2,31
Fosses-la-Ville,92048,2020-04-25,-1,30
Fosses-la-Ville,92048,2020-04-26,0,30
Fosses-la-Ville,92048,2020-04-27,0,30
Fosses-la-Ville,92048,2020-04-28,0,30
Fosses-la-Ville,92048,2020-04-29,0,30
Fosses-la-Ville,92048,2020-04-30,2,32
Fosses-la-Ville,92048,2020-05-01,0,32
Fosses-la-Ville,92048,2020-05-02,1,33
Fosses-la-Ville,92048,2020-05-03,0,33
Fosses-la-Ville,92048,2020-05-04,0,33
Fosses-la-Ville,92048,2020-05-05,1,34
Fosses-la-Ville,92048,2020-05-06,0,34
Fosses-la-Ville,92048,2020-05-07,1,35
Fosses-la-Ville,92048,2020-05-08,2,37
Fosses-la-Ville,92048,2020-05-09,0,37
Fosses-la-Ville,92048,2020-05-10,1,38
Fosses-la-Ville,92048,2020-05-11,0,38
Fosses-la-Ville,92048,2020-05-12,2,40
Fosses-la-Ville,92048,2020-05-13,-1,39
Fosses-la-Ville,92048,2020-05-14,0,39
Fosses-la-Ville,92048,2020-05-15,0,39
Fosses-la-Ville,92048,2020-05-16,0,39
Fosses-la-Ville,92048,2020-05-17,0,39
Fosses-la-Ville,92048,2020-05-18,0,39
Fosses-la-Ville,92048,2020-05-19,0,39
Fosses-la-Ville,92048,2020-05-20,0,39
Fosses-la-Ville,92048,2020-05-21,1,40
Fosses-la-Ville,92048,2020-05-22,0,40
Fosses-la-Ville,92048,2020-05-23,0,40
Fosses-la-Ville,92048,2020-05-24,1,41
Fosses-la-Ville,92048,2020-05-25,0,41
Fosses-la-Ville,92048,2020-05-26,0,41
Fosses-la-Ville,92048,2020-05-27,0,41
Fosses-la-Ville,92048,2020-05-28,0,41
Fosses-la-Ville,92048,2020-05-29,0,41
Fosses-la-Ville,92048,2020-05-30,1,42
Fosses-la-Ville,92048,2020-05-31,0,42
Fosses-la-Ville,92048,2020-06-01,1,43
Fosses-la-Ville,92048,2020-06-02,0,43
Fosses-la-Ville,92048,2020-06-03,0,43
Fosses-la-Ville,92048,2020-06-04,0,43
Fosses-la-Ville,92048,2020-06-05,0,43
Fosses-la-Ville,92048,2020-06-06,0,43
Fosses-la-Ville,92048,2020-06-07,0,43
Fosses-la-Ville,92048,2020-06-08,0,43
Fosses-la-Ville,92048,2020-06-09,0,43
Fosses-la-Ville,92048,2020-06-10,0,43
Fosses-la-Ville,92048,2020-06-11,0,43
Fosses-la-Ville,92048,2020-06-12,0,43
Fosses-la-Ville,92048,2020-06-13,0,43
Fosses-la-Ville,92048,2020-06-14,0,43
Fosses-la-Ville,92048,2020-06-15,0,43
Fosses-la-Ville,92048,2020-06-16,0,43
Fosses-la-Ville,92048,2020-06-17,0,43
Fosses-la-Ville,92048,2020-06-18,0,43
Fosses-la-Ville,92048,2020-06-19,0,43
Fosses-la-Ville,92048,2020-06-20,0,43
Fosses-la-Ville,92048,2020-06-23,0,43
Fosses-la-Ville,92048,2020-06-24,0,43
Fosses-la-Ville,92048,2020-06-25,0,43
Fosses-la-Ville,92048,2020-06-26,0,43
Fosses-la-Ville,92048,2020-06-27,0,43
Fosses-la-Ville,92048,2020-06-30,0,43
Fosses-la-Ville,92048,2020-07-01,0,43
Fosses-la-Ville,92048,2020-07-02,0,43
Fosses-la-Ville,92048,2020-07-03,0,43
Fosses-la-Ville,92048,2020-07-04,0,43
Fosses-la-Ville,92048,2020-07-07,0,43
Fosses-la-Ville,92048,2020-07-08,0,43
Fosses-la-Ville,92048,2020-07-09,0,43
Fosses-la-Ville,92048,2020-07-10,0,43
Fosses-la-Ville,92048,2020-07-11,0,43
Fosses-la-Ville,92048,2020-07-14,0,43
Fosses-la-Ville,92048,2020-07-15,0,43
Fosses-la-Ville,92048,2020-07-16,0,43
Fosses-la-Ville,92048,2020-07-17,0,43
Fosses-la-Ville,92048,2020-07-18,0,43
Fosses-la-Ville,92048,2020-07-20,0,43
Fosses-la-Ville,92048,2020-07-21,0,43
Fosses-la-Ville,92048,2020-07-22,0,43
Fosses-la-Ville,92048,2020-07-23,0,43
Fosses-la-Ville,92048,2020-07-24,0,43
Fosses-la-Ville,92048,2020-07-25,0,43
Fosses-la-Ville,92048,2020-07-26,0,43
Fosses-la-Ville,92048,2020-07-27,0,43
Fosses-la-Ville,92048,2020-07-28,0,43
Fosses-la-Ville,92048,2020-07-29,0,43
Fosses-la-Ville,92048,2020-07-30,0,43
Fosses-la-Ville,92048,2020-07-31,0,43
Fosses-la-Ville,92048,2020-08-01,0,43
Fosses-la-Ville,92048,2020-08-02,0,43
Fosses-la-Ville,92048,2020-08-03,1,44
Fosses-la-Ville,92048,2020-08-04,0,44
Fosses-la-Ville,92048,2020-08-05,0,44
Fosses-la-Ville,92048,2020-08-06,0,44
Fosses-la-Ville,92048,2020-08-07,0,44
Fosses-la-Ville,92048,2020-08-08,1,45
Fosses-la-Ville,92048,2020-08-09,0,45
Fosses-la-Ville,92048,2020-08-10,0,45
Fosses-la-Ville,92048,2020-08-11,0,45
Fosses-la-Ville,92048,2020-08-12,0,45
Fosses-la-Ville,92048,2020-08-13,0,45
Fosses-la-Ville,92048,2020-08-14,1,46
Fosses-la-Ville,92048,2020-08-15,0,46
Fosses-la-Ville,92048,2020-08-16,2,48
Fosses-la-Ville,92048,2020-08-17,0,48
Fosses-la-Ville,92048,2020-08-18,0,48
Fosses-la-Ville,92048,2020-08-19,0,48
Fosses-la-Ville,92048,2020-08-20,0,48
Fosses-la-Ville,92048,2020-08-21,0,48
Fosses-la-Ville,92048,2020-08-22,0,48
Fosses-la-Ville,92048,2020-08-23,0,48
Fosses-la-Ville,92048,2020-08-24,0,48
Fosses-la-Ville,92048,2020-08-25,0,48
Fosses-la-Ville,92048,2020-08-26,0,48
Fosses-la-Ville,92048,2020-08-27,0,48
Fosses-la-Ville,92048,2020-08-28,0,48
Fosses-la-Ville,92048,2020-08-29,0,48
Fosses-la-Ville,92048,2020-08-30,0,48
Fosses-la-Ville,92048,2020-08-31,0,48
Fosses-la-Ville,92048,2020-09-01,0,48
Fosses-la-Ville,92048,2020-09-02,0,48
Fosses-la-Ville,92048,2020-09-03,0,48
Fosses-la-Ville,92048,2020-09-04,0,48
Fosses-la-Ville,92048,2020-09-05,0,48
Fosses-la-Ville,92048,2020-09-06,1,49
Fosses-la-Ville,92048,2020-09-07,0,49
Fosses-la-Ville,92048,2020-09-08,0,49
Fosses-la-Ville,92048,2020-09-09,0,49
Fosses-la-Ville,92048,2020-09-10,0,49
Fosses-la-Ville,92048,2020-09-11,0,49
Fosses-la-Ville,92048,2020-09-12,0,49
Fosses-la-Ville,92048,2020-09-13,1,50
Fosses-la-Ville,92048,2020-09-14,0,50
Fosses-la-Ville,92048,2020-09-15,0,50
Fosses-la-Ville,92048,2020-09-16,0,50
Fosses-la-Ville,92048,2020-09-17,0,50
Fosses-la-Ville,92048,2020-09-18,1,51
Fosses-la-Ville,92048,2020-09-19,0,51
Fosses-la-Ville,92048,2020-09-20,3,54
Fosses-la-Ville,92048,2020-09-21,0,54
Fosses-la-Ville,92048,2020-09-22,1,55
Fosses-la-Ville,92048,2020-09-23,0,55
Fosses-la-Ville,92048,2020-09-24,1,56
Fosses-la-Ville,92048,2020-09-25,4,60
Fosses-la-Ville,92048,2020-09-26,1,61
Fosses-la-Ville,92048,2020-09-27,0,61
Fosses-la-Ville,92048,2020-09-28,0,61
Fosses-la-Ville,92048,2020-09-29,2,63
Fosses-la-Ville,92048,2020-09-30,0,63
Fosses-la-Ville,92048,2020-10-01,0,63
Fosses-la-Ville,92048,2020-10-02,4,67
Fosses-la-Ville,92048,2020-10-03,4,71
Fosses-la-Ville,92048,2020-10-04,4,75
Fosses-la-Ville,92048,2020-10-05,4,79
Fosses-la-Ville,92048,2020-10-06,3,82
Fosses-la-Ville,92048,2020-10-07,3,85
Fosses-la-Ville,92048,2020-10-08,2,87
Fosses-la-Ville,92048,2020-10-09,4,91
Fosses-la-Ville,92048,2020-10-10,14,105
Fosses-la-Ville,92048,2020-10-11,12,117
Fosses-la-Ville,92048,2020-10-12,7,124
Fosses-la-Ville,92048,2020-10-13,0,124
Fosses-la-Ville,92048,2020-10-14,7,131
Fosses-la-Ville,92048,2020-10-15,20,151
Fosses-la-Ville,92048,2020-10-16,15,166
Fosses-la-Ville,92048,2020-10-17,32,198
Fosses-la-Ville,92048,2020-10-18,28,226
Fosses-la-Ville,92048,2020-10-19,16,242
Fosses-la-Ville,92048,2020-10-20,10,252
Fosses-la-Ville,92048,2020-10-21,19,271
Fosses-la-Ville,92048,2020-10-22,20,291
Fosses-la-Ville,92048,2020-10-23,20,311
Fosses-la-Ville,92048,2020-10-24,41,352
Fosses-la-Ville,92048,2020-10-25,30,382
Fosses-la-Ville,92048,2020-10-26,16,398
Fosses-la-Ville,92048,2020-10-27,15,413
Fosses-la-Ville,92048,2020-10-28,16,429
Fosses-la-Ville,92048,2020-10-29,32,461
Fosses-la-Ville,92048,2020-10-30,26,487
Fosses-la-Ville,92048,2020-10-31,21,508
Fosses-la-Ville,92048,2020-11-01,35,543
Fosses-la-Ville,92048,2020-11-02,25,568
Fosses-la-Ville,92048,2020-11-03,11,579
Fosses-la-Ville,92048,2020-11-04,6,585
Fosses-la-Ville,92048,2020-11-05,13,598
Fosses-la-Ville,92048,2020-11-06,23,621
Fosses-la-Ville,92048,2020-11-07,22,643
Fosses-la-Ville,92048,2020-11-08,13,656
Fosses-la-Ville,92048,2020-11-09,7,663
Fosses-la-Ville,92048,2020-11-10,2,665
Fosses-la-Ville,92048,2020-11-11,13,678
Gesves,92054,2020-04-01,0,0
Gesves,92054,2020-04-02,5,5
Gesves,92054,2020-04-03,0,5
Gesves,92054,2020-04-04,0,5
Gesves,92054,2020-04-05,1,6
Gesves,92054,2020-04-06,0,6
Gesves,92054,2020-04-07,1,7
Gesves,92054,2020-04-08,2,9
Gesves,92054,2020-04-09,2,11
Gesves,92054,2020-04-10,0,11
Gesves,92054,2020-04-11,0,11
Gesves,92054,2020-04-12,2,13
Gesves,92054,2020-04-13,0,13
Gesves,92054,2020-04-14,1,14
Gesves,92054,2020-04-15,0,14
Gesves,92054,2020-04-16,0,14
Gesves,92054,2020-04-17,0,14
Gesves,92054,2020-04-18,0,14
Gesves,92054,2020-04-19,0,14
Gesves,92054,2020-04-20,1,15
Gesves,92054,2020-04-21,0,15
Gesves,92054,2020-04-22,1,16
Gesves,92054,2020-04-23,3,19
Gesves,92054,2020-04-24,0,19
Gesves,92054,2020-04-25,0,19
Gesves,92054,2020-04-26,0,19
Gesves,92054,2020-04-27,0,19
Gesves,92054,2020-04-28,3,22
Gesves,92054,2020-04-29,12,34
Gesves,92054,2020-04-30,1,35
Gesves,92054,2020-05-01,0,35
Gesves,92054,2020-05-02,0,35
Gesves,92054,2020-05-03,0,35
Gesves,92054,2020-05-04,0,35
Gesves,92054,2020-05-05,0,35
Gesves,92054,2020-05-06,0,35
Gesves,92054,2020-05-07,0,35
Gesves,92054,2020-05-08,1,36
Gesves,92054,2020-05-09,0,36
Gesves,92054,2020-05-10,0,36
Gesves,92054,2020-05-11,0,36
Gesves,92054,2020-05-12,0,36
Gesves,92054,2020-05-13,0,36
Gesves,92054,2020-05-14,0,36
Gesves,92054,2020-05-15,0,36
Gesves,92054,2020-05-16,0,36
Gesves,92054,2020-05-17,0,36
Gesves,92054,2020-05-18,0,36
Gesves,92054,2020-05-19,0,36
Gesves,92054,2020-05-20,1,37
Gesves,92054,2020-05-21,0,37
Gesves,92054,2020-05-22,0,37
Gesves,92054,2020-05-23,0,37
Gesves,92054,2020-05-24,0,37
Gesves,92054,2020-05-25,0,37
Gesves,92054,2020-05-26,0,37
Gesves,92054,2020-05-27,0,37
Gesves,92054,2020-05-28,0,37
Gesves,92054,2020-05-29,0,37
Gesves,92054,2020-05-30,0,37
Gesves,92054,2020-05-31,0,37
Gesves,92054,2020-06-01,0,37
Gesves,92054,2020-06-02,0,37
Gesves,92054,2020-06-03,0,37
Gesves,92054,2020-06-04,0,37
Gesves,92054,2020-06-05,1,38
Gesves,92054,2020-06-06,0,38
Gesves,92054,2020-06-07,0,38
Gesves,92054,2020-06-08,0,38
Gesves,92054,2020-06-09,0,38
Gesves,92054,2020-06-10,0,38
Gesves,92054,2020-06-11,0,38
Gesves,92054,2020-06-12,0,38
Gesves,92054,2020-06-13,0,38
Gesves,92054,2020-06-14,0,38
Gesves,92054,2020-06-15,0,38
Gesves,92054,2020-06-16,0,38
Gesves,92054,2020-06-17,0,38
Gesves,92054,2020-06-18,0,38
Gesves,92054,2020-06-19,0,38
Gesves,92054,2020-06-20,0,38
Gesves,92054,2020-06-23,0,38
Gesves,92054,2020-06-24,0,38
Gesves,92054,2020-06-25,0,38
Gesves,92054,2020-06-26,0,38
Gesves,92054,2020-06-27,0,38
Gesves,92054,2020-06-30,0,38
Gesves,92054,2020-07-01,0,38
Gesves,92054,2020-07-02,0,38
Gesves,92054,2020-07-03,1,39
Gesves,92054,2020-07-04,0,39
Gesves,92054,2020-07-07,0,39
Gesves,92054,2020-07-08,0,39
Gesves,92054,2020-07-09,0,39
Gesves,92054,2020-07-10,0,39
Gesves,92054,2020-07-11,0,39
Gesves,92054,2020-07-14,0,39
Gesves,92054,2020-07-15,0,39
Gesves,92054,2020-07-16,0,39
Gesves,92054,2020-07-17,0,39
Gesves,92054,2020-07-18,0,39
Gesves,92054,2020-07-20,0,39
Gesves,92054,2020-07-21,0,39
Gesves,92054,2020-07-22,0,39
Gesves,92054,2020-07-23,0,39
Gesves,92054,2020-07-24,0,39
Gesves,92054,2020-07-25,0,39
Gesves,92054,2020-07-26,0,39
Gesves,92054,2020-07-27,0,39
Gesves,92054,2020-07-28,0,39
Gesves,92054,2020-07-29,0,39
Gesves,92054,2020-07-30,0,39
Gesves,92054,2020-07-31,0,39
Gesves,92054,2020-08-01,1,40
Gesves,92054,2020-08-02,0,40
Gesves,92054,2020-08-03,0,40
Gesves,92054,2020-08-04,0,40
Gesves,92054,2020-08-05,0,40
Gesves,92054,2020-08-06,0,40
Gesves,92054,2020-08-07,1,41
Gesves,92054,2020-08-08,0,41
Gesves,92054,2020-08-09,4,45
Gesves,92054,2020-08-10,0,45
Gesves,92054,2020-08-11,0,45
Gesves,92054,2020-08-12,0,45
Gesves,92054,2020-08-13,0,45
Gesves,92054,2020-08-14,0,45
Gesves,92054,2020-08-15,1,46
Gesves,92054,2020-08-16,0,46
Gesves,92054,2020-08-17,0,46
Gesves,92054,2020-08-18,0,46
Gesves,92054,2020-08-19,0,46
Gesves,92054,2020-08-20,0,46
Gesves,92054,2020-08-21,0,46
Gesves,92054,2020-08-22,0,46
Gesves,92054,2020-08-23,0,46
Gesves,92054,2020-08-24,0,46
Gesves,92054,2020-08-25,0,46
Gesves,92054,2020-08-26,0,46
Gesves,92054,2020-08-27,0,46
Gesves,92054,2020-08-28,0,46
Gesves,92054,2020-08-29,0,46
Gesves,92054,2020-08-30,0,46
Gesves,92054,2020-08-31,0,46
Gesves,92054,2020-09-01,0,46
Gesves,92054,2020-09-02,0,46
Gesves,92054,2020-09-03,0,46
Gesves,92054,2020-09-04,1,47
Gesves,92054,2020-09-05,3,50
Gesves,92054,2020-09-06,1,51
Gesves,92054,2020-09-07,0,51
Gesves,92054,2020-09-08,1,52
Gesves,92054,2020-09-09,0,52
Gesves,92054,2020-09-10,4,56
Gesves,92054,2020-09-11,0,56
Gesves,92054,2020-09-12,0,56
Gesves,92054,2020-09-13,0,56
Gesves,92054,2020-09-14,0,56
Gesves,92054,2020-09-15,0,56
Gesves,92054,2020-09-16,0,56
Gesves,92054,2020-09-17,1,57
Gesves,92054,2020-09-18,0,57
Gesves,92054,2020-09-19,0,57
Gesves,92054,2020-09-20,0,57
Gesves,92054,2020-09-21,0,57
Gesves,92054,2020-09-22,0,57
Gesves,92054,2020-09-23,1,58
Gesves,92054,2020-09-24,2,60
Gesves,92054,2020-09-25,0,60
Gesves,92054,2020-09-26,1,61
Gesves,92054,2020-09-27,0,61
Gesves,92054,2020-09-28,0,61
Gesves,92054,2020-09-29,2,63
Gesves,92054,2020-09-30,0,63
Gesves,92054,2020-10-01,0,63
Gesves,92054,2020-10-02,1,64
Gesves,92054,2020-10-03,1,65
Gesves,92054,2020-10-04,1,66
Gesves,92054,2020-10-05,4,70
Gesves,92054,2020-10-06,2,72
Gesves,92054,2020-10-07,1,73
Gesves,92054,2020-10-08,0,73
Gesves,92054,2020-10-09,9,82
Gesves,92054,2020-10-10,7,89
Gesves,92054,2020-10-11,13,102
Gesves,92054,2020-10-12,3,105
Gesves,92054,2020-10-13,0,105
Gesves,92054,2020-10-14,10,115
Gesves,92054,2020-10-15,13,128
Gesves,92054,2020-10-16,6,134
Gesves,92054,2020-10-17,12,146
Gesves,92054,2020-10-18,8,154
Gesves,92054,2020-10-19,4,158
Gesves,92054,2020-10-20,7,165
Gesves,92054,2020-10-21,11,176
Gesves,92054,2020-10-22,18,194
Gesves,92054,2020-10-23,19,213
Gesves,92054,2020-10-24,14,227
Gesves,92054,2020-10-25,17,244
Gesves,92054,2020-10-26,6,250
Gesves,92054,2020-10-27,13,263
Gesves,92054,2020-10-28,10,273
Gesves,92054,2020-10-29,12,285
Gesves,92054,2020-10-30,18,303
Gesves,92054,2020-10-31,7,310
Gesves,92054,2020-11-01,16,326
Gesves,92054,2020-11-02,3,329
Gesves,92054,2020-11-03,14,343
Gesves,92054,2020-11-04,4,347
Gesves,92054,2020-11-05,10,357
Gesves,92054,2020-11-06,9,366
Gesves,92054,2020-11-07,3,369
Gesves,92054,2020-11-08,4,373
Gesves,92054,2020-11-09,2,375
Gesves,92054,2020-11-10,1,376
Gesves,92054,2020-11-11,3,379
Mettet,92087,2020-04-01,0,8
Mettet,92087,2020-04-02,2,10
Mettet,92087,2020-04-03,0,10
Mettet,92087,2020-04-04,0,10
Mettet,92087,2020-04-05,0,10
Mettet,92087,2020-04-06,3,13
Mettet,92087,2020-04-07,0,13
Mettet,92087,2020-04-08,1,14
Mettet,92087,2020-04-09,0,14
Mettet,92087,2020-04-10,4,18
Mettet,92087,2020-04-11,1,19
Mettet,92087,2020-04-12,3,22
Mettet,92087,2020-04-13,1,23
Mettet,92087,2020-04-14,0,23
Mettet,92087,2020-04-15,0,23
Mettet,92087,2020-04-16,3,26
Mettet,92087,2020-04-17,1,27
Mettet,92087,2020-04-18,2,29
Mettet,92087,2020-04-19,1,30
Mettet,92087,2020-04-20,3,33
Mettet,92087,2020-04-21,1,34
Mettet,92087,2020-04-22,0,34
Mettet,92087,2020-04-23,0,34
Mettet,92087,2020-04-24,3,37
Mettet,92087,2020-04-25,0,37
Mettet,92087,2020-04-26,1,38
Mettet,92087,2020-04-27,0,38
Mettet,92087,2020-04-28,1,39
Mettet,92087,2020-04-29,4,43
Mettet,92087,2020-04-30,2,45
Mettet,92087,2020-05-01,1,46
Mettet,92087,2020-05-02,1,47
Mettet,92087,2020-05-03,0,47
Mettet,92087,2020-05-04,0,47
Mettet,92087,2020-05-05,0,47
Mettet,92087,2020-05-06,0,47
Mettet,92087,2020-05-07,4,51
Mettet,92087,2020-05-08,2,53
Mettet,92087,2020-05-09,0,53
Mettet,92087,2020-05-10,2,55
Mettet,92087,2020-05-11,0,55
Mettet,92087,2020-05-12,0,55
Mettet,92087,2020-05-13,0,55
Mettet,92087,2020-05-14,0,55
Mettet,92087,2020-05-15,0,55
Mettet,92087,2020-05-16,0,55
Mettet,92087,2020-05-17,0,55
Mettet,92087,2020-05-18,0,55
Mettet,92087,2020-05-19,0,55
Mettet,92087,2020-05-20,0,55
Mettet,92087,2020-05-21,1,56
Mettet,92087,2020-05-22,0,56
Mettet,92087,2020-05-23,0,56
Mettet,92087,2020-05-24,1,57
Mettet,92087,2020-05-25,0,57
Mettet,92087,2020-05-26,0,57
Mettet,92087,2020-05-27,0,57
Mettet,92087,2020-05-28,0,57
Mettet,92087,2020-05-29,0,57
Mettet,92087,2020-05-30,0,57
Mettet,92087,2020-05-31,0,57
Mettet,92087,2020-06-01,0,57
Mettet,92087,2020-06-02,0,57
Mettet,92087,2020-06-03,1,58
Mettet,92087,2020-06-04,0,58
Mettet,92087,2020-06-05,0,58
Mettet,92087,2020-06-06,0,58
Mettet,92087,2020-06-07,0,58
Mettet,92087,2020-06-08,0,58
Mettet,92087,2020-06-09,0,58
Mettet,92087,2020-06-10,0,58
Mettet,92087,2020-06-11,0,58
Mettet,92087,2020-06-12,0,58
Mettet,92087,2020-06-13,0,58
Mettet,92087,2020-06-14,0,58
Mettet,92087,2020-06-15,0,58
Mettet,92087,2020-06-16,0,58
Mettet,92087,2020-06-17,0,58
Mettet,92087,2020-06-18,0,58
Mettet,92087,2020-06-19,0,58
Mettet,92087,2020-06-20,0,58
Mettet,92087,2020-06-23,0,58
Mettet,92087,2020-06-24,0,58
Mettet,92087,2020-06-25,0,58
Mettet,92087,2020-06-26,0,58
Mettet,92087,2020-06-27,0,58
Mettet,92087,2020-06-30,0,58
Mettet,92087,2020-07-01,0,58
Mettet,92087,2020-07-02,0,58
Mettet,92087,2020-07-03,0,58
Mettet,92087,2020-07-04,0,58
Mettet,92087,2020-07-07,0,58
Mettet,92087,2020-07-08,0,58
Mettet,92087,2020-07-09,0,58
Mettet,92087,2020-07-10,0,58
Mettet,92087,2020-07-11,0,58
Mettet,92087,2020-07-14,0,58
Mettet,92087,2020-07-15,0,58
Mettet,92087,2020-07-16,1,59
Mettet,92087,2020-07-17,0,59
Mettet,92087,2020-07-18,0,59
Mettet,92087,2020-07-20,0,59
Mettet,92087,2020-07-21,0,59
Mettet,92087,2020-07-22,0,59
Mettet,92087,2020-07-23,0,59
Mettet,92087,2020-07-24,0,59
Mettet,92087,2020-07-25,0,59
Mettet,92087,2020-07-26,0,59
Mettet,92087,2020-07-27,0,59
Mettet,92087,2020-07-28,0,59
Mettet,92087,2020-07-29,2,61
Mettet,92087,2020-07-30,1,62
Mettet,92087,2020-07-31,0,62
Mettet,92087,2020-08-01,3,65
Mettet,92087,2020-08-02,0,65
Mettet,92087,2020-08-03,0,65
Mettet,92087,2020-08-04,0,65
Mettet,92087,2020-08-05,0,65
Mettet,92087,2020-08-06,0,65
Mettet,92087,2020-08-07,1,66
Mettet,92087,2020-08-08,1,67
Mettet,92087,2020-08-09,0,67
Mettet,92087,2020-08-10,0,67
Mettet,92087,2020-08-11,1,68
Mettet,92087,2020-08-12,0,68
Mettet,92087,2020-08-13,1,69
Mettet,92087,2020-08-14,0,69
Mettet,92087,2020-08-15,0,69
Mettet,92087,2020-08-16,0,69
Mettet,92087,2020-08-17,0,69
Mettet,92087,2020-08-18,0,69
Mettet,92087,2020-08-19,0,69
Mettet,92087,2020-08-20,0,69
Mettet,92087,2020-08-21,0,69
Mettet,92087,2020-08-22,1,70
Mettet,92087,2020-08-23,0,70
Mettet,92087,2020-08-24,0,70
Mettet,92087,2020-08-25,1,71
Mettet,92087,2020-08-26,0,71
Mettet,92087,2020-08-27,0,71
Mettet,92087,2020-08-28,1,72
Mettet,92087,2020-08-29,3,75
Mettet,92087,2020-08-30,1,76
Mettet,92087,2020-08-31,0,76
Mettet,92087,2020-09-01,0,76
Mettet,92087,2020-09-02,0,76
Mettet,92087,2020-09-03,0,76
Mettet,92087,2020-09-04,0,76
Mettet,92087,2020-09-05,1,77
Mettet,92087,2020-09-06,1,78
Mettet,92087,2020-09-07,1,79
Mettet,92087,2020-09-08,0,79
Mettet,92087,2020-09-09,0,79
Mettet,92087,2020-09-10,0,79
Mettet,92087,2020-09-11,0,79
Mettet,92087,2020-09-12,1,80
Mettet,92087,2020-09-13,0,80
Mettet,92087,2020-09-14,1,81
Mettet,92087,2020-09-15,0,81
Mettet,92087,2020-09-16,3,84
Mettet,92087,2020-09-17,1,85
Mettet,92087,2020-09-18,3,88
Mettet,92087,2020-09-19,1,89
Mettet,92087,2020-09-20,7,96
Mettet,92087,2020-09-21,0,96
Mettet,92087,2020-09-22,5,101
Mettet,92087,2020-09-23,8,109
Mettet,92087,2020-09-24,10,119
Mettet,92087,2020-09-25,1,120
Mettet,92087,2020-09-26,3,123
Mettet,92087,2020-09-27,1,124
Mettet,92087,2020-09-28,3,127
Mettet,92087,2020-09-29,2,129
Mettet,92087,2020-09-30,1,130
Mettet,92087,2020-10-01,1,131
Mettet,92087,2020-10-02,0,131
Mettet,92087,2020-10-03,6,137
Mettet,92087,2020-10-04,6,143
Mettet,92087,2020-10-05,4,147
Mettet,92087,2020-10-06,5,152
Mettet,92087,2020-10-07,1,153
Mettet,92087,2020-10-08,2,155
Mettet,92087,2020-10-09,9,164
Mettet,92087,2020-10-10,8,172
Mettet,92087,2020-10-11,26,198
Mettet,92087,2020-10-12,4,202
Mettet,92087,2020-10-13,4,206
Mettet,92087,2020-10-14,14,220
Mettet,92087,2020-10-15,10,230
Mettet,92087,2020-10-16,21,251
Mettet,92087,2020-10-17,18,269
Mettet,92087,2020-10-18,15,284
Mettet,92087,2020-10-19,27,311
Mettet,92087,2020-10-20,21,332
Mettet,92087,2020-10-21,23,355
Mettet,92087,2020-10-22,15,370
Mettet,92087,2020-10-23,24,394
Mettet,92087,2020-10-24,47,441
Mettet,92087,2020-10-25,31,472
Mettet,92087,2020-10-26,13,485
Mettet,92087,2020-10-27,17,502
Mettet,92087,2020-10-28,15,517
Mettet,92087,2020-10-29,33,550
Mettet,92087,2020-10-30,46,596
Mettet,92087,2020-10-31,26,622
Mettet,92087,2020-11-01,33,655
Mettet,92087,2020-11-02,21,676
Mettet,92087,2020-11-03,11,687
Mettet,92087,2020-11-04,3,690
Mettet,92087,2020-11-05,20,710
Mettet,92087,2020-11-06,30,740
Mettet,92087,2020-11-07,21,761
Mettet,92087,2020-11-08,14,775
Mettet,92087,2020-11-09,11,786
Mettet,92087,2020-11-10,1,787
Mettet,92087,2020-11-11,20,807
Namen,92094,2020-04-01,6,76
Namen,92094,2020-04-02,13,89
Namen,92094,2020-04-03,8,97
Namen,92094,2020-04-04,20,117
Namen,92094,2020-04-05,11,128
Namen,92094,2020-04-06,18,146
Namen,92094,2020-04-07,3,149
Namen,92094,2020-04-08,20,169
Namen,92094,2020-04-09,7,176
Namen,92094,2020-04-10,30,206
Namen,92094,2020-04-11,7,213
Namen,92094,2020-04-12,8,221
Namen,92094,2020-04-13,2,223
Namen,92094,2020-04-14,4,227
Namen,92094,2020-04-15,15,242
Namen,92094,2020-04-16,24,266
Namen,92094,2020-04-17,9,275
Namen,92094,2020-04-18,15,290
Namen,92094,2020-04-19,25,315
Namen,92094,2020-04-20,64,379
Namen,92094,2020-04-21,7,386
Namen,92094,2020-04-22,4,390
Namen,92094,2020-04-23,23,413
Namen,92094,2020-04-24,10,423
Namen,92094,2020-04-25,10,433
Namen,92094,2020-04-26,13,446
Namen,92094,2020-04-27,9,455
Namen,92094,2020-04-28,32,487
Namen,92094,2020-04-29,4,491
Namen,92094,2020-04-30,14,505
Namen,92094,2020-05-01,15,520
Namen,92094,2020-05-02,9,529
Namen,92094,2020-05-03,1,530
Namen,92094,2020-05-04,12,542
Namen,92094,2020-05-05,5,547
Namen,92094,2020-05-06,2,549
Namen,92094,2020-05-07,9,558
Namen,92094,2020-05-08,15,573
Namen,92094,2020-05-09,2,575
Namen,92094,2020-05-10,14,589
Namen,92094,2020-05-11,2,591
Namen,92094,2020-05-12,3,594
Namen,92094,2020-05-13,6,600
Namen,92094,2020-05-14,13,613
Namen,92094,2020-05-15,7,620
Namen,92094,2020-05-16,14,634
Namen,92094,2020-05-17,1,635
Namen,92094,2020-05-18,4,639
Namen,92094,2020-05-19,1,640
Namen,92094,2020-05-20,6,646
Namen,92094,2020-05-21,1,647
Namen,92094,2020-05-22,5,652
Namen,92094,2020-05-23,1,653
Namen,92094,2020-05-24,4,657
Namen,92094,2020-05-25,0,657
Namen,92094,2020-05-26,2,659
Namen,92094,2020-05-27,2,661
Namen,92094,2020-05-28,2,663
Namen,92094,2020-05-29,1,664
Namen,92094,2020-05-30,1,665
Namen,92094,2020-05-31,0,665
Namen,92094,2020-06-01,3,668
Namen,92094,2020-06-02,1,669
Namen,92094,2020-06-03,3,672
Namen,92094,2020-06-04,0,672
Namen,92094,2020-06-05,0,672
Namen,92094,2020-06-06,0,672
Namen,92094,2020-06-07,1,673
Namen,92094,2020-06-08,0,673
Namen,92094,2020-06-09,0,673
Namen,92094,2020-06-10,1,674
Namen,92094,2020-06-11,1,675
Namen,92094,2020-06-12,3,678
Namen,92094,2020-06-13,0,678
Namen,92094,2020-06-14,1,679
Namen,92094,2020-06-15,0,679
Namen,92094,2020-06-16,1,680
Namen,92094,2020-06-17,1,681
Namen,92094,2020-06-18,0,681
Namen,92094,2020-06-19,1,682
Namen,92094,2020-06-20,0,682
Namen,92094,2020-06-23,0,682
Namen,92094,2020-06-24,0,682
Namen,92094,2020-06-25,1,683
Namen,92094,2020-06-26,0,683
Namen,92094,2020-06-27,1,684
Namen,92094,2020-06-30,0,684
Namen,92094,2020-07-01,0,684
Namen,92094,2020-07-02,0,684
Namen,92094,2020-07-03,0,684
Namen,92094,2020-07-04,0,684
Namen,92094,2020-07-07,0,684
Namen,92094,2020-07-08,0,684
Namen,92094,2020-07-09,1,685
Namen,92094,2020-07-10,0,685
Namen,92094,2020-07-11,0,685
Namen,92094,2020-07-14,0,685
Namen,92094,2020-07-15,0,685
Namen,92094,2020-07-16,0,685
Namen,92094,2020-07-17,0,685
Namen,92094,2020-07-18,2,687
Namen,92094,2020-07-20,4,691
Namen,92094,2020-07-21,2,693
Namen,92094,2020-07-22,0,693
Namen,92094,2020-07-23,9,702
Namen,92094,2020-07-24,3,705
Namen,92094,2020-07-25,0,705
Namen,92094,2020-07-26,0,705
Namen,92094,2020-07-27,0,705
Namen,92094,2020-07-28,6,711
Namen,92094,2020-07-29,2,713
Namen,92094,2020-07-30,7,720
Namen,92094,2020-07-31,10,730
Namen,92094,2020-08-01,8,738
Namen,92094,2020-08-02,3,741
Namen,92094,2020-08-03,9,750
Namen,92094,2020-08-04,16,766
Namen,92094,2020-08-05,5,771
Namen,92094,2020-08-06,7,778
Namen,92094,2020-08-07,13,791
Namen,92094,2020-08-08,8,799
Namen,92094,2020-08-09,15,814
Namen,92094,2020-08-10,14,828
Namen,92094,2020-08-11,18,846
Namen,92094,2020-08-12,0,846
Namen,92094,2020-08-13,11,857
Namen,92094,2020-08-14,11,868
Namen,92094,2020-08-15,16,884
Namen,92094,2020-08-16,10,894
Namen,92094,2020-08-17,5,899
Namen,92094,2020-08-18,1,900
Namen,92094,2020-08-19,4,904
Namen,92094,2020-08-20,7,911
Namen,92094,2020-08-21,14,925
Namen,92094,2020-08-22,5,930
Namen,92094,2020-08-23,8,938
Namen,92094,2020-08-24,7,945
Namen,92094,2020-08-25,4,949
Namen,92094,2020-08-26,0,949
Namen,92094,2020-08-27,7,956
Namen,92094,2020-08-28,5,961
Namen,92094,2020-08-29,9,970
Namen,92094,2020-08-30,9,979
Namen,92094,2020-08-31,14,993
Namen,92094,2020-09-01,4,997
Namen,92094,2020-09-02,1,998
Namen,92094,2020-09-03,3,1001
Namen,92094,2020-09-04,8,1009
Namen,92094,2020-09-05,5,1014
Namen,92094,2020-09-06,1,1015
Namen,92094,2020-09-07,7,1022
Namen,92094,2020-09-08,0,1022
Namen,92094,2020-09-09,4,1026
Namen,92094,2020-09-10,6,1032
Namen,92094,2020-09-11,5,1037
Namen,92094,2020-09-12,9,1046
Namen,92094,2020-09-13,7,1053
Namen,92094,2020-09-14,3,1056
Namen,92094,2020-09-15,1,1057
Namen,92094,2020-09-16,0,1057
Namen,92094,2020-09-17,5,1062
Namen,92094,2020-09-18,7,1069
Namen,92094,2020-09-19,10,1079
Namen,92094,2020-09-20,4,1083
Namen,92094,2020-09-21,3,1086
Namen,92094,2020-09-22,7,1093
Namen,92094,2020-09-23,19,1112
Namen,92094,2020-09-24,12,1124
Namen,92094,2020-09-25,16,1140
Namen,92094,2020-09-26,21,1161
Namen,92094,2020-09-27,20,1181
Namen,92094,2020-09-28,6,1187
Namen,92094,2020-09-29,7,1194
Namen,92094,2020-09-30,31,1225
Namen,92094,2020-10-01,8,1233
Namen,92094,2020-10-02,48,1281
Namen,92094,2020-10-03,43,1324
Namen,92094,2020-10-04,48,1372
Namen,92094,2020-10-05,23,1395
Namen,92094,2020-10-06,40,1435
Namen,92094,2020-10-07,35,1470
Namen,92094,2020-10-08,18,1488
Namen,92094,2020-10-09,82,1570
Namen,92094,2020-10-10,87,1657
Namen,92094,2020-10-11,115,1772
Namen,92094,2020-10-12,60,1832
Namen,92094,2020-10-13,9,1841
Namen,92094,2020-10-14,129,1970
Namen,92094,2020-10-15,139,2109
Namen,92094,2020-10-16,178,2287
Namen,92094,2020-10-17,132,2419
Namen,92094,2020-10-18,85,2504
Namen,92094,2020-10-19,168,2672
Namen,92094,2020-10-20,119,2791
Namen,92094,2020-10-21,223,3014
Namen,92094,2020-10-22,243,3257
Namen,92094,2020-10-23,214,3471
Namen,92094,2020-10-24,290,3761
Namen,92094,2020-10-25,232,3993
Namen,92094,2020-10-26,108,4101
Namen,92094,2020-10-27,250,4351
Namen,92094,2020-10-28,144,4495
Namen,92094,2020-10-29,340,4835
Namen,92094,2020-10-30,325,5160
Namen,92094,2020-10-31,194,5354
Namen,92094,2020-11-01,246,5600
Namen,92094,2020-11-02,118,5718
Namen,92094,2020-11-03,147,5865
Namen,92094,2020-11-04,27,5892
Namen,92094,2020-11-05,200,6092
Namen,92094,2020-11-06,119,6211
Namen,92094,2020-11-07,110,6321
Namen,92094,2020-11-08,81,6402
Namen,92094,2020-11-09,73,6475
Namen,92094,2020-11-10,17,6492
Namen,92094,2020-11-11,34,6526
Ohey,92097,2020-04-01,0,0
Ohey,92097,2020-04-02,0,0
Ohey,92097,2020-04-03,0,0
Ohey,92097,2020-04-04,0,0
Ohey,92097,2020-04-05,0,0
Ohey,92097,2020-04-06,0,0
Ohey,92097,2020-04-07,0,0
Ohey,92097,2020-04-08,5,5
Ohey,92097,2020-04-09,0,5
Ohey,92097,2020-04-10,0,5
Ohey,92097,2020-04-11,0,5
Ohey,92097,2020-04-12,1,6
Ohey,92097,2020-04-13,0,6
Ohey,92097,2020-04-14,0,6
Ohey,92097,2020-04-15,0,6
Ohey,92097,2020-04-16,0,6
Ohey,92097,2020-04-17,1,7
Ohey,92097,2020-04-18,0,7
Ohey,92097,2020-04-19,0,7
Ohey,92097,2020-04-20,0,7
Ohey,92097,2020-04-21,1,8
Ohey,92097,2020-04-22,0,8
Ohey,92097,2020-04-23,0,8
Ohey,92097,2020-04-24,1,9
Ohey,92097,2020-04-25,1,10
Ohey,92097,2020-04-26,0,10
Ohey,92097,2020-04-27,0,10
Ohey,92097,2020-04-28,1,11
Ohey,92097,2020-04-29,0,11
Ohey,92097,2020-04-30,0,11
Ohey,92097,2020-05-01,2,13
Ohey,92097,2020-05-02,0,13
Ohey,92097,2020-05-03,0,13
Ohey,92097,2020-05-04,1,14
Ohey,92097,2020-05-05,0,14
Ohey,92097,2020-05-06,0,14
Ohey,92097,2020-05-07,0,14
Ohey,92097,2020-05-08,1,15
Ohey,92097,2020-05-09,0,15
Ohey,92097,2020-05-10,0,15
Ohey,92097,2020-05-11,0,15
Ohey,92097,2020-05-12,0,15
Ohey,92097,2020-05-13,0,15
Ohey,92097,2020-05-14,1,16
Ohey,92097,2020-05-15,0,16
Ohey,92097,2020-05-16,0,16
Ohey,92097,2020-05-17,0,16
Ohey,92097,2020-05-18,0,16
Ohey,92097,2020-05-19,0,16
Ohey,92097,2020-05-20,0,16
Ohey,92097,2020-05-21,0,16
Ohey,92097,2020-05-22,0,16
Ohey,92097,2020-05-23,0,16
Ohey,92097,2020-05-24,0,16
Ohey,92097,2020-05-25,0,16
Ohey,92097,2020-05-26,0,16
Ohey,92097,2020-05-27,0,16
Ohey,92097,2020-05-28,0,16
Ohey,92097,2020-05-29,0,16
Ohey,92097,2020-05-30,0,16
Ohey,92097,2020-05-31,0,16
Ohey,92097,2020-06-01,0,16
Ohey,92097,2020-06-02,0,16
Ohey,92097,2020-06-03,0,16
Ohey,92097,2020-06-04,0,16
Ohey,92097,2020-06-05,0,16
Ohey,92097,2020-06-06,0,16
Ohey,92097,2020-06-07,0,16
Ohey,92097,2020-06-08,0,16
Ohey,92097,2020-06-09,0,16
Ohey,92097,2020-06-10,0,16
Ohey,92097,2020-06-11,0,16
Ohey,92097,2020-06-12,0,16
Ohey,92097,2020-06-13,0,16
Ohey,92097,2020-06-14,0,16
Ohey,92097,2020-06-15,0,16
Ohey,92097,2020-06-16,0,16
Ohey,92097,2020-06-17,0,16
Ohey,92097,2020-06-18,0,16
Ohey,92097,2020-06-19,0,16
Ohey,92097,2020-06-20,0,16
Ohey,92097,2020-06-23,0,16
Ohey,92097,2020-06-24,0,16
Ohey,92097,2020-06-25,0,16
Ohey,92097,2020-06-26,0,16
Ohey,92097,2020-06-27,0,16
Ohey,92097,2020-06-30,0,16
Ohey,92097,2020-07-01,0,16
Ohey,92097,2020-07-02,0,16
Ohey,92097,2020-07-03,0,16
Ohey,92097,2020-07-04,0,16
Ohey,92097,2020-07-07,0,16
Ohey,92097,2020-07-08,0,16
Ohey,92097,2020-07-09,0,16
Ohey,92097,2020-07-10,0,16
Ohey,92097,2020-07-11,0,16
Ohey,92097,2020-07-14,0,16
Ohey,92097,2020-07-15,0,16
Ohey,92097,2020-07-16,0,16
Ohey,92097,2020-07-17,0,16
Ohey,92097,2020-07-18,0,16
Ohey,92097,2020-07-20,0,16
Ohey,92097,2020-07-21,0,16
Ohey,92097,2020-07-22,0,16
Ohey,92097,2020-07-23,0,16
Ohey,92097,2020-07-24,0,16
Ohey,92097,2020-07-25,0,16
Ohey,92097,2020-07-26,0,16
Ohey,92097,2020-07-27,0,16
Ohey,92097,2020-07-28,1,17
Ohey,92097,2020-07-29,2,19
Ohey,92097,2020-07-30,0,19
Ohey,92097,2020-07-31,2,21
Ohey,92097,2020-08-01,0,21
Ohey,92097,2020-08-02,0,21
Ohey,92097,2020-08-03,0,21
Ohey,92097,2020-08-04,0,21
Ohey,92097,2020-08-05,1,22
Ohey,92097,2020-08-06,0,22
Ohey,92097,2020-08-07,0,22
Ohey,92097,2020-08-08,0,22
Ohey,92097,2020-08-09,0,22
Ohey,92097,2020-08-10,0,22
Ohey,92097,2020-08-11,0,22
Ohey,92097,2020-08-12,0,22
Ohey,92097,2020-08-13,0,22
Ohey,92097,2020-08-14,0,22
Ohey,92097,2020-08-15,1,23
Ohey,92097,2020-08-16,0,23
Ohey,92097,2020-08-17,3,26
Ohey,92097,2020-08-18,0,26
Ohey,92097,2020-08-19,0,26
Ohey,92097,2020-08-20,1,27
Ohey,92097,2020-08-21,0,27
Ohey,92097,2020-08-22,1,28
Ohey,92097,2020-08-23,0,28
Ohey,92097,2020-08-24,0,28
Ohey,92097,2020-08-25,0,28
Ohey,92097,2020-08-26,0,28
Ohey,92097,2020-08-27,0,28
Ohey,92097,2020-08-28,0,28
Ohey,92097,2020-08-29,0,28
Ohey,92097,2020-08-30,0,28
Ohey,92097,2020-08-31,0,28
Ohey,92097,2020-09-01,0,28
Ohey,92097,2020-09-02,0,28
Ohey,92097,2020-09-03,0,28
Ohey,92097,2020-09-04,0,28
Ohey,92097,2020-09-05,0,28
Ohey,92097,2020-09-06,0,28
Ohey,92097,2020-09-07,0,28
Ohey,92097,2020-09-08,0,28
Ohey,92097,2020-09-09,0,28
Ohey,92097,2020-09-10,0,28
Ohey,92097,2020-09-11,0,28
Ohey,92097,2020-09-12,0,28
Ohey,92097,2020-09-13,1,29
Ohey,92097,2020-09-14,0,29
Ohey,92097,2020-09-15,0,29
Ohey,92097,2020-09-16,1,30
Ohey,92097,2020-09-17,2,32
Ohey,92097,2020-09-18,2,34
Ohey,92097,2020-09-19,0,34
Ohey,92097,2020-09-20,4,38
Ohey,92097,2020-09-21,1,39
Ohey,92097,2020-09-22,0,39
Ohey,92097,2020-09-23,1,40
Ohey,92097,2020-09-24,1,41
Ohey,92097,2020-09-25,1,42
Ohey,92097,2020-09-26,0,42
Ohey,92097,2020-09-27,1,43
Ohey,92097,2020-09-28,0,43
Ohey,92097,2020-09-29,0,43
Ohey,92097,2020-09-30,1,44
Ohey,92097,2020-10-01,0,44
Ohey,92097,2020-10-02,6,50
Ohey,92097,2020-10-03,2,52
Ohey,92097,2020-10-04,4,56
Ohey,92097,2020-10-05,5,61
Ohey,92097,2020-10-06,1,62
Ohey,92097,2020-10-07,2,64
Ohey,92097,2020-10-08,1,65
Ohey,92097,2020-10-09,1,66
Ohey,92097,2020-10-10,1,67
Ohey,92097,2020-10-11,11,78
Ohey,92097,2020-10-12,2,80
Ohey,92097,2020-10-13,3,83
Ohey,92097,2020-10-14,6,89
Ohey,92097,2020-10-15,8,97
Ohey,92097,2020-10-16,13,110
Ohey,92097,2020-10-17,8,118
Ohey,92097,2020-10-18,9,127
Ohey,92097,2020-10-19,5,132
Ohey,92097,2020-10-20,8,140
Ohey,92097,2020-10-21,4,144
Ohey,92097,2020-10-22,5,149
Ohey,92097,2020-10-23,8,157
Ohey,92097,2020-10-24,12,169
Ohey,92097,2020-10-25,11,180
Ohey,92097,2020-10-26,6,186
Ohey,92097,2020-10-27,12,198
Ohey,92097,2020-10-28,5,203
Ohey,92097,2020-10-29,13,216
Ohey,92097,2020-10-30,11,227
Ohey,92097,2020-10-31,14,241
Ohey,92097,2020-11-01,15,256
Ohey,92097,2020-11-02,6,262
Ohey,92097,2020-11-03,6,268
Ohey,92097,2020-11-04,2,270
Ohey,92097,2020-11-05,8,278
Ohey,92097,2020-11-06,9,287
Ohey,92097,2020-11-07,9,296
Ohey,92097,2020-11-08,3,299
Ohey,92097,2020-11-09,4,303
Ohey,92097,2020-11-10,0,303
Ohey,92097,2020-11-11,4,307
Profondeville,92101,2020-04-01,0,13
Profondeville,92101,2020-04-02,1,14
Profondeville,92101,2020-04-03,0,14
Profondeville,92101,2020-04-04,2,16
Profondeville,92101,2020-04-05,1,17
Profondeville,92101,2020-04-06,1,18
Profondeville,92101,2020-04-07,0,18
Profondeville,92101,2020-04-08,3,21
Profondeville,92101,2020-04-09,1,22
Profondeville,92101,2020-04-10,6,28
Profondeville,92101,2020-04-11,0,28
Profondeville,92101,2020-04-12,3,31
Profondeville,92101,2020-04-13,0,31
Profondeville,92101,2020-04-14,0,31
Profondeville,92101,2020-04-15,0,31
Profondeville,92101,2020-04-16,1,32
Profondeville,92101,2020-04-17,0,32
Profondeville,92101,2020-04-18,1,33
Profondeville,92101,2020-04-19,0,33
Profondeville,92101,2020-04-20,1,34
Profondeville,92101,2020-04-21,9,43
Profondeville,92101,2020-04-22,3,46
Profondeville,92101,2020-04-23,0,46
Profondeville,92101,2020-04-24,1,47
Profondeville,92101,2020-04-25,-1,46
Profondeville,92101,2020-04-26,1,47
Profondeville,92101,2020-04-27,0,47
Profondeville,92101,2020-04-28,1,48
Profondeville,92101,2020-04-29,0,48
Profondeville,92101,2020-04-30,3,51
Profondeville,92101,2020-05-01,0,51
Profondeville,92101,2020-05-02,2,53
Profondeville,92101,2020-05-03,0,53
Profondeville,92101,2020-05-04,0,53
Profondeville,92101,2020-05-05,0,53
Profondeville,92101,2020-05-06,0,53
Profondeville,92101,2020-05-07,0,53
Profondeville,92101,2020-05-08,0,53
Profondeville,92101,2020-05-09,1,54
Profondeville,92101,2020-05-10,1,55
Profondeville,92101,2020-05-11,0,55
Profondeville,92101,2020-05-12,1,56
Profondeville,92101,2020-05-13,-1,55
Profondeville,92101,2020-05-14,0,55
Profondeville,92101,2020-05-15,0,55
Profondeville,92101,2020-05-16,0,55
Profondeville,92101,2020-05-17,0,55
Profondeville,92101,2020-05-18,0,55
Profondeville,92101,2020-05-19,1,56
Profondeville,92101,2020-05-20,0,56
Profondeville,92101,2020-05-21,0,56
Profondeville,92101,2020-05-22,0,56
Profondeville,92101,2020-05-23,0,56
Profondeville,92101,2020-05-24,0,56
Profondeville,92101,2020-05-25,0,56
Profondeville,92101,2020-05-26,0,56
Profondeville,92101,2020-05-27,0,56
Profondeville,92101,2020-05-28,0,56
Profondeville,92101,2020-05-29,0,56
Profondeville,92101,2020-05-30,0,56
Profondeville,92101,2020-05-31,0,56
Profondeville,92101,2020-06-01,0,56
Profondeville,92101,2020-06-02,0,56
Profondeville,92101,2020-06-03,0,56
Profondeville,92101,2020-06-04,0,56
Profondeville,92101,2020-06-05,0,56
Profondeville,92101,2020-06-06,0,56
Profondeville,92101,2020-06-07,0,56
Profondeville,92101,2020-06-08,0,56
Profondeville,92101,2020-06-09,0,56
Profondeville,92101,2020-06-10,0,56
Profondeville,92101,2020-06-11,0,56
Profondeville,92101,2020-06-12,0,56
Profondeville,92101,2020-06-13,0,56
Profondeville,92101,2020-06-14,0,56
Profondeville,92101,2020-06-15,0,56
Profondeville,92101,2020-06-16,0,56
Profondeville,92101,2020-06-17,0,56
Profondeville,92101,2020-06-18,0,56
Profondeville,92101,2020-06-19,1,57
Profondeville,92101,2020-06-20,0,57
Profondeville,92101,2020-06-23,1,58
Profondeville,92101,2020-06-24,0,58
Profondeville,92101,2020-06-25,0,58
Profondeville,92101,2020-06-26,0,58
Profondeville,92101,2020-06-27,0,58
Profondeville,92101,2020-06-30,0,58
Profondeville,92101,2020-07-01,0,58
Profondeville,92101,2020-07-02,0,58
Profondeville,92101,2020-07-03,0,58
Profondeville,92101,2020-07-04,0,58
Profondeville,92101,2020-07-07,0,58
Profondeville,92101,2020-07-08,0,58
Profondeville,92101,2020-07-09,0,58
Profondeville,92101,2020-07-10,0,58
Profondeville,92101,2020-07-11,0,58
Profondeville,92101,2020-07-14,0,58
Profondeville,92101,2020-07-15,0,58
Profondeville,92101,2020-07-16,0,58
Profondeville,92101,2020-07-17,0,58
Profondeville,92101,2020-07-18,0,58
Profondeville,92101,2020-07-20,1,59
Profondeville,92101,2020-07-21,0,59
Profondeville,92101,2020-07-22,0,59
Profondeville,92101,2020-07-23,1,60
Profondeville,92101,2020-07-24,0,60
Profondeville,92101,2020-07-25,0,60
Profondeville,92101,2020-07-26,0,60
Profondeville,92101,2020-07-27,0,60
Profondeville,92101,2020-07-28,0,60
Profondeville,92101,2020-07-29,0,60
Profondeville,92101,2020-07-30,0,60
Profondeville,92101,2020-07-31,1,61
Profondeville,92101,2020-08-01,1,62
Profondeville,92101,2020-08-02,0,62
Profondeville,92101,2020-08-03,0,62
Profondeville,92101,2020-08-04,0,62
Profondeville,92101,2020-08-05,0,62
Profondeville,92101,2020-08-06,0,62
Profondeville,92101,2020-08-07,0,62
Profondeville,92101,2020-08-08,2,64
Profondeville,92101,2020-08-09,0,64
Profondeville,92101,2020-08-10,0,64
Profondeville,92101,2020-08-11,1,65
Profondeville,92101,2020-08-12,0,65
Profondeville,92101,2020-08-13,0,65
Profondeville,92101,2020-08-14,1,66
Profondeville,92101,2020-08-15,0,66
Profondeville,92101,2020-08-16,0,66
Profondeville,92101,2020-08-17,0,66
Profondeville,92101,2020-08-18,0,66
Profondeville,92101,2020-08-19,0,66
Profondeville,92101,2020-08-20,0,66
Profondeville,92101,2020-08-21,1,67
Profondeville,92101,2020-08-22,0,67
Profondeville,92101,2020-08-23,0,67
Profondeville,92101,2020-08-24,1,68
Profondeville,92101,2020-08-25,0,68
Profondeville,92101,2020-08-26,0,68
Profondeville,92101,2020-08-27,1,69
Profondeville,92101,2020-08-28,0,69
Profondeville,92101,2020-08-29,0,69
Profondeville,92101,2020-08-30,0,69
Profondeville,92101,2020-08-31,0,69
Profondeville,92101,2020-09-01,0,69
Profondeville,92101,2020-09-02,0,69
Profondeville,92101,2020-09-03,0,69
Profondeville,92101,2020-09-04,0,69
Profondeville,92101,2020-09-05,0,69
Profondeville,92101,2020-09-06,1,70
Profondeville,92101,2020-09-07,0,70
Profondeville,92101,2020-09-08,1,71
Profondeville,92101,2020-09-09,0,71
Profondeville,92101,2020-09-10,0,71
Profondeville,92101,2020-09-11,0,71
Profondeville,92101,2020-09-12,0,71
Profondeville,92101,2020-09-13,0,71
Profondeville,92101,2020-09-14,1,72
Profondeville,92101,2020-09-15,0,72
Profondeville,92101,2020-09-16,0,72
Profondeville,92101,2020-09-17,0,72
Profondeville,92101,2020-09-18,1,73
Profondeville,92101,2020-09-19,0,73
Profondeville,92101,2020-09-20,0,73
Profondeville,92101,2020-09-21,0,73
Profondeville,92101,2020-09-22,0,73
Profondeville,92101,2020-09-23,3,76
Profondeville,92101,2020-09-24,6,82
Profondeville,92101,2020-09-25,4,86
Profondeville,92101,2020-09-26,5,91
Profondeville,92101,2020-09-27,1,92
Profondeville,92101,2020-09-28,2,94
Profondeville,92101,2020-09-29,4,98
Profondeville,92101,2020-09-30,3,101
Profondeville,92101,2020-10-01,0,101
Profondeville,92101,2020-10-02,0,101
Profondeville,92101,2020-10-03,2,103
Profondeville,92101,2020-10-04,6,109
Profondeville,92101,2020-10-05,2,111
Profondeville,92101,2020-10-06,7,118
Profondeville,92101,2020-10-07,4,122
Profondeville,92101,2020-10-08,9,131
Profondeville,92101,2020-10-09,5,136
Profondeville,92101,2020-10-10,12,148
Profondeville,92101,2020-10-11,21,169
Profondeville,92101,2020-10-12,8,177
Profondeville,92101,2020-10-13,0,177
Profondeville,92101,2020-10-14,12,189
Profondeville,92101,2020-10-15,19,208
Profondeville,92101,2020-10-16,21,229
Profondeville,92101,2020-10-17,16,245
Profondeville,92101,2020-10-18,27,272
Profondeville,92101,2020-10-19,15,287
Profondeville,92101,2020-10-20,13,300
Profondeville,92101,2020-10-21,24,324
Profondeville,92101,2020-10-22,33,357
Profondeville,92101,2020-10-23,26,383
Profondeville,92101,2020-10-24,28,411
Profondeville,92101,2020-10-25,41,452
Profondeville,92101,2020-10-26,14,466
Profondeville,92101,2020-10-27,27,493
Profondeville,92101,2020-10-28,14,507
Profondeville,92101,2020-10-29,37,544
Profondeville,92101,2020-10-30,34,578
Profondeville,92101,2020-10-31,24,602
Profondeville,92101,2020-11-01,26,628
Profondeville,92101,2020-11-02,12,640
Profondeville,92101,2020-11-03,6,646
Profondeville,92101,2020-11-04,4,650
Profondeville,92101,2020-11-05,26,676
Profondeville,92101,2020-11-06,10,686
Profondeville,92101,2020-11-07,5,691
Profondeville,92101,2020-11-08,15,706
Profondeville,92101,2020-11-09,5,711
Profondeville,92101,2020-11-10,2,713
Profondeville,92101,2020-11-11,10,723
Sombreffe,92114,2020-04-01,0,5
Sombreffe,92114,2020-04-02,0,5
Sombreffe,92114,2020-04-03,1,6
Sombreffe,92114,2020-04-04,2,8
Sombreffe,92114,2020-04-05,0,8
Sombreffe,92114,2020-04-06,1,9
Sombreffe,92114,2020-04-07,0,9
Sombreffe,92114,2020-04-08,0,9
Sombreffe,92114,2020-04-09,0,9
Sombreffe,92114,2020-04-10,1,10
Sombreffe,92114,2020-04-11,0,10
Sombreffe,92114,2020-04-12,1,11
Sombreffe,92114,2020-04-13,0,11
Sombreffe,92114,2020-04-14,0,11
Sombreffe,92114,2020-04-15,0,11
Sombreffe,92114,2020-04-16,0,11
Sombreffe,92114,2020-04-17,1,12
Sombreffe,92114,2020-04-18,0,12
Sombreffe,92114,2020-04-19,1,13
Sombreffe,92114,2020-04-20,3,16
Sombreffe,92114,2020-04-21,4,20
Sombreffe,92114,2020-04-22,0,20
Sombreffe,92114,2020-04-23,0,20
Sombreffe,92114,2020-04-24,0,20
Sombreffe,92114,2020-04-25,2,22
Sombreffe,92114,2020-04-26,1,23
Sombreffe,92114,2020-04-27,1,24
Sombreffe,92114,2020-04-28,0,24
Sombreffe,92114,2020-04-29,0,24
Sombreffe,92114,2020-04-30,1,25
Sombreffe,92114,2020-05-01,1,26
Sombreffe,92114,2020-05-02,0,26
Sombreffe,92114,2020-05-03,0,26
Sombreffe,92114,2020-05-04,0,26
Sombreffe,92114,2020-05-05,0,26
Sombreffe,92114,2020-05-06,0,26
Sombreffe,92114,2020-05-07,0,26
Sombreffe,92114,2020-05-08,0,26
Sombreffe,92114,2020-05-09,0,26
Sombreffe,92114,2020-05-10,2,28
Sombreffe,92114,2020-05-11,0,28
Sombreffe,92114,2020-05-12,0,28
Sombreffe,92114,2020-05-13,0,28
Sombreffe,92114,2020-05-14,0,28
Sombreffe,92114,2020-05-15,1,29
Sombreffe,92114,2020-05-16,0,29
Sombreffe,92114,2020-05-17,0,29
Sombreffe,92114,2020-05-18,0,29
Sombreffe,92114,2020-05-19,0,29
Sombreffe,92114,2020-05-20,0,29
Sombreffe,92114,2020-05-21,0,29
Sombreffe,92114,2020-05-22,0,29
Sombreffe,92114,2020-05-23,0,29
Sombreffe,92114,2020-05-24,0,29
Sombreffe,92114,2020-05-25,0,29
Sombreffe,92114,2020-05-26,0,29
Sombreffe,92114,2020-05-27,0,29
Sombreffe,92114,2020-05-28,0,29
Sombreffe,92114,2020-05-29,0,29
Sombreffe,92114,2020-05-30,0,29
Sombreffe,92114,2020-05-31,0,29
Sombreffe,92114,2020-06-01,0,29
Sombreffe,92114,2020-06-02,0,29
Sombreffe,92114,2020-06-03,0,29
Sombreffe,92114,2020-06-04,0,29
Sombreffe,92114,2020-06-05,0,29
Sombreffe,92114,2020-06-06,0,29
Sombreffe,92114,2020-06-07,0,29
Sombreffe,92114,2020-06-08,0,29
Sombreffe,92114,2020-06-09,0,29
Sombreffe,92114,2020-06-10,0,29
Sombreffe,92114,2020-06-11,0,29
Sombreffe,92114,2020-06-12,0,29
Sombreffe,92114,2020-06-13,0,29
Sombreffe,92114,2020-06-14,0,29
Sombreffe,92114,2020-06-15,0,29
Sombreffe,92114,2020-06-16,0,29
Sombreffe,92114,2020-06-17,0,29
Sombreffe,92114,2020-06-18,0,29
Sombreffe,92114,2020-06-19,0,29
Sombreffe,92114,2020-06-20,0,29
Sombreffe,92114,2020-06-23,0,29
Sombreffe,92114,2020-06-24,0,29
Sombreffe,92114,2020-06-25,0,29
Sombreffe,92114,2020-06-26,0,29
Sombreffe,92114,2020-06-27,0,29
Sombreffe,92114,2020-06-30,1,30
Sombreffe,92114,2020-07-01,0,30
Sombreffe,92114,2020-07-02,0,30
Sombreffe,92114,2020-07-03,0,30
Sombreffe,92114,2020-07-04,0,30
Sombreffe,92114,2020-07-07,0,30
Sombreffe,92114,2020-07-08,1,31
Sombreffe,92114,2020-07-09,0,31
Sombreffe,92114,2020-07-10,0,31
Sombreffe,92114,2020-07-11,0,31
Sombreffe,92114,2020-07-14,0,31
Sombreffe,92114,2020-07-15,0,31
Sombreffe,92114,2020-07-16,0,31
Sombreffe,92114,2020-07-17,0,31
Sombreffe,92114,2020-07-18,0,31
Sombreffe,92114,2020-07-20,0,31
Sombreffe,92114,2020-07-21,0,31
Sombreffe,92114,2020-07-22,0,31
Sombreffe,92114,2020-07-23,0,31
Sombreffe,92114,2020-07-24,0,31
Sombreffe,92114,2020-07-25,1,32
Sombreffe,92114,2020-07-26,0,32
Sombreffe,92114,2020-07-27,0,32
Sombreffe,92114,2020-07-28,0,32
Sombreffe,92114,2020-07-29,0,32
Sombreffe,92114,2020-07-30,0,32
Sombreffe,92114,2020-07-31,0,32
Sombreffe,92114,2020-08-01,1,33
Sombreffe,92114,2020-08-02,0,33
Sombreffe,92114,2020-08-03,0,33
Sombreffe,92114,2020-08-04,0,33
Sombreffe,92114,2020-08-05,0,33
Sombreffe,92114,2020-08-06,0,33
Sombreffe,92114,2020-08-07,0,33
Sombreffe,92114,2020-08-08,0,33
Sombreffe,92114,2020-08-09,0,33
Sombreffe,92114,2020-08-10,0,33
Sombreffe,92114,2020-08-11,0,33
Sombreffe,92114,2020-08-12,0,33
Sombreffe,92114,2020-08-13,0,33
Sombreffe,92114,2020-08-14,0,33
Sombreffe,92114,2020-08-15,0,33
Sombreffe,92114,2020-08-16,1,34
Sombreffe,92114,2020-08-17,0,34
Sombreffe,92114,2020-08-18,0,34
Sombreffe,92114,2020-08-19,0,34
Sombreffe,92114,2020-08-20,1,35
Sombreffe,92114,2020-08-21,0,35
Sombreffe,92114,2020-08-22,0,35
Sombreffe,92114,2020-08-23,0,35
Sombreffe,92114,2020-08-24,2,37
Sombreffe,92114,2020-08-25,0,37
Sombreffe,92114,2020-08-26,0,37
Sombreffe,92114,2020-08-27,0,37
Sombreffe,92114,2020-08-28,0,37
Sombreffe,92114,2020-08-29,0,37
Sombreffe,92114,2020-08-30,0,37
Sombreffe,92114,2020-08-31,0,37
Sombreffe,92114,2020-09-01,0,37
Sombreffe,92114,2020-09-02,0,37
Sombreffe,92114,2020-09-03,0,37
Sombreffe,92114,2020-09-04,0,37
Sombreffe,92114,2020-09-05,1,38
Sombreffe,92114,2020-09-06,0,38
Sombreffe,92114,2020-09-07,0,38
Sombreffe,92114,2020-09-08,1,39
Sombreffe,92114,2020-09-09,0,39
Sombreffe,92114,2020-09-10,0,39
Sombreffe,92114,2020-09-11,0,39
Sombreffe,92114,2020-09-12,1,40
Sombreffe,92114,2020-09-13,0,40
Sombreffe,92114,2020-09-14,0,40
Sombreffe,92114,2020-09-15,0,40
Sombreffe,92114,2020-09-16,0,40
Sombreffe,92114,2020-09-17,0,40
Sombreffe,92114,2020-09-18,2,42
Sombreffe,92114,2020-09-19,0,42
Sombreffe,92114,2020-09-20,1,43
Sombreffe,92114,2020-09-21,0,43
Sombreffe,92114,2020-09-22,2,45
Sombreffe,92114,2020-09-23,3,48
Sombreffe,92114,2020-09-24,1,49
Sombreffe,92114,2020-09-25,1,50
Sombreffe,92114,2020-09-26,2,52
Sombreffe,92114,2020-09-27,2,54
Sombreffe,92114,2020-09-28,0,54
Sombreffe,92114,2020-09-29,3,57
Sombreffe,92114,2020-09-30,0,57
Sombreffe,92114,2020-10-01,2,59
Sombreffe,92114,2020-10-02,2,61
Sombreffe,92114,2020-10-03,4,65
Sombreffe,92114,2020-10-04,6,71
Sombreffe,92114,2020-10-05,3,74
Sombreffe,92114,2020-10-06,2,76
Sombreffe,92114,2020-10-07,3,79
Sombreffe,92114,2020-10-08,2,81
Sombreffe,92114,2020-10-09,14,95
Sombreffe,92114,2020-10-10,4,99
Sombreffe,92114,2020-10-11,18,117
Sombreffe,92114,2020-10-12,5,122
Sombreffe,92114,2020-10-13,0,122
Sombreffe,92114,2020-10-14,5,127
Sombreffe,92114,2020-10-15,7,134
Sombreffe,92114,2020-10-16,14,148
Sombreffe,92114,2020-10-17,11,159
Sombreffe,92114,2020-10-18,5,164
Sombreffe,92114,2020-10-19,8,172
Sombreffe,92114,2020-10-20,6,178
Sombreffe,92114,2020-10-21,15,193
Sombreffe,92114,2020-10-22,20,213
Sombreffe,92114,2020-10-23,9,222
Sombreffe,92114,2020-10-24,15,237
Sombreffe,92114,2020-10-25,19,256
Sombreffe,92114,2020-10-26,15,271
Sombreffe,92114,2020-10-27,12,283
Sombreffe,92114,2020-10-28,14,297
Sombreffe,92114,2020-10-29,36,333
Sombreffe,92114,2020-10-30,40,373
Sombreffe,92114,2020-10-31,32,405
Sombreffe,92114,2020-11-01,17,422
Sombreffe,92114,2020-11-02,17,439
Sombreffe,92114,2020-11-03,5,444
Sombreffe,92114,2020-11-04,2,446
Sombreffe,92114,2020-11-05,15,461
Sombreffe,92114,2020-11-06,10,471
Sombreffe,92114,2020-11-07,8,479
Sombreffe,92114,2020-11-08,4,483
Sombreffe,92114,2020-11-09,9,492
Sombreffe,92114,2020-11-10,2,494
Sombreffe,92114,2020-11-11,4,498
Sambreville,92137,2020-04-01,0,14
Sambreville,92137,2020-04-02,4,18
Sambreville,92137,2020-04-03,0,18
Sambreville,92137,2020-04-04,6,24
Sambreville,92137,2020-04-05,2,26
Sambreville,92137,2020-04-06,5,31
Sambreville,92137,2020-04-07,1,32
Sambreville,92137,2020-04-08,3,35
Sambreville,92137,2020-04-09,4,39
Sambreville,92137,2020-04-10,6,45
Sambreville,92137,2020-04-11,5,50
Sambreville,92137,2020-04-12,4,54
Sambreville,92137,2020-04-13,2,56
Sambreville,92137,2020-04-14,0,56
Sambreville,92137,2020-04-15,3,59
Sambreville,92137,2020-04-16,3,62
Sambreville,92137,2020-04-17,1,63
Sambreville,92137,2020-04-18,5,68
Sambreville,92137,2020-04-19,0,68
Sambreville,92137,2020-04-20,3,71
Sambreville,92137,2020-04-21,2,73
Sambreville,92137,2020-04-22,33,106
Sambreville,92137,2020-04-23,1,107
Sambreville,92137,2020-04-24,15,122
Sambreville,92137,2020-04-25,1,123
Sambreville,92137,2020-04-26,7,130
Sambreville,92137,2020-04-27,0,130
Sambreville,92137,2020-04-28,5,135
Sambreville,92137,2020-04-29,2,137
Sambreville,92137,2020-04-30,2,139
Sambreville,92137,2020-05-01,0,139
Sambreville,92137,2020-05-02,5,144
Sambreville,92137,2020-05-03,3,147
Sambreville,92137,2020-05-04,1,148
Sambreville,92137,2020-05-05,5,153
Sambreville,92137,2020-05-06,0,153
Sambreville,92137,2020-05-07,5,158
Sambreville,92137,2020-05-08,1,159
Sambreville,92137,2020-05-09,3,162
Sambreville,92137,2020-05-10,3,165
Sambreville,92137,2020-05-11,0,165
Sambreville,92137,2020-05-12,5,170
Sambreville,92137,2020-05-13,-2,168
Sambreville,92137,2020-05-14,2,170
Sambreville,92137,2020-05-15,1,171
Sambreville,92137,2020-05-16,3,174
Sambreville,92137,2020-05-17,0,174
Sambreville,92137,2020-05-18,1,175
Sambreville,92137,2020-05-19,0,175
Sambreville,92137,2020-05-20,0,175
Sambreville,92137,2020-05-21,1,176
Sambreville,92137,2020-05-22,2,178
Sambreville,92137,2020-05-23,0,178
Sambreville,92137,2020-05-24,3,181
Sambreville,92137,2020-05-25,0,181
Sambreville,92137,2020-05-26,1,182
Sambreville,92137,2020-05-27,0,182
Sambreville,92137,2020-05-28,1,183
Sambreville,92137,2020-05-29,0,183
Sambreville,92137,2020-05-30,0,183
Sambreville,92137,2020-05-31,2,185
Sambreville,92137,2020-06-01,0,185
Sambreville,92137,2020-06-02,0,185
Sambreville,92137,2020-06-03,0,185
Sambreville,92137,2020-06-04,2,187
Sambreville,92137,2020-06-05,1,188
Sambreville,92137,2020-06-06,0,188
Sambreville,92137,2020-06-07,0,188
Sambreville,92137,2020-06-08,0,188
Sambreville,92137,2020-06-09,0,188
Sambreville,92137,2020-06-10,0,188
Sambreville,92137,2020-06-11,1,189
Sambreville,92137,2020-06-12,0,189
Sambreville,92137,2020-06-13,0,189
Sambreville,92137,2020-06-14,0,189
Sambreville,92137,2020-06-15,0,189
Sambreville,92137,2020-06-16,0,189
Sambreville,92137,2020-06-17,0,189
Sambreville,92137,2020-06-18,0,189
Sambreville,92137,2020-06-19,0,189
Sambreville,92137,2020-06-20,0,189
Sambreville,92137,2020-06-23,0,189
Sambreville,92137,2020-06-24,0,189
Sambreville,92137,2020-06-25,0,189
Sambreville,92137,2020-06-26,0,189
Sambreville,92137,2020-06-27,0,189
Sambreville,92137,2020-06-30,0,189
Sambreville,92137,2020-07-01,0,189
Sambreville,92137,2020-07-02,0,189
Sambreville,92137,2020-07-03,0,189
Sambreville,92137,2020-07-04,0,189
Sambreville,92137,2020-07-07,0,189
Sambreville,92137,2020-07-08,0,189
Sambreville,92137,2020-07-09,0,189
Sambreville,92137,2020-07-10,0,189
Sambreville,92137,2020-07-11,0,189
Sambreville,92137,2020-07-14,0,189
Sambreville,92137,2020-07-15,0,189
Sambreville,92137,2020-07-16,0,189
Sambreville,92137,2020-07-17,0,189
Sambreville,92137,2020-07-18,0,189
Sambreville,92137,2020-07-20,1,190
Sambreville,92137,2020-07-21,0,190
Sambreville,92137,2020-07-22,0,190
Sambreville,92137,2020-07-23,0,190
Sambreville,92137,2020-07-24,0,190
Sambreville,92137,2020-07-25,1,191
Sambreville,92137,2020-07-26,0,191
Sambreville,92137,2020-07-27,0,191
Sambreville,92137,2020-07-28,0,191
Sambreville,92137,2020-07-29,3,194
Sambreville,92137,2020-07-30,0,194
Sambreville,92137,2020-07-31,1,195
Sambreville,92137,2020-08-01,0,195
Sambreville,92137,2020-08-02,1,196
Sambreville,92137,2020-08-03,2,198
Sambreville,92137,2020-08-04,1,199
Sambreville,92137,2020-08-05,0,199
Sambreville,92137,2020-08-06,0,199
Sambreville,92137,2020-08-07,5,204
Sambreville,92137,2020-08-08,3,207
Sambreville,92137,2020-08-09,2,209
Sambreville,92137,2020-08-10,2,211
Sambreville,92137,2020-08-11,0,211
Sambreville,92137,2020-08-12,0,211
Sambreville,92137,2020-08-13,5,216
Sambreville,92137,2020-08-14,0,216
Sambreville,92137,2020-08-15,4,220
Sambreville,92137,2020-08-16,2,222
Sambreville,92137,2020-08-17,2,224
Sambreville,92137,2020-08-18,0,224
Sambreville,92137,2020-08-19,0,224
Sambreville,92137,2020-08-20,6,230
Sambreville,92137,2020-08-21,4,234
Sambreville,92137,2020-08-22,0,234
Sambreville,92137,2020-08-23,0,234
Sambreville,92137,2020-08-24,0,234
Sambreville,92137,2020-08-25,0,234
Sambreville,92137,2020-08-26,0,234
Sambreville,92137,2020-08-27,0,234
Sambreville,92137,2020-08-28,1,235
Sambreville,92137,2020-08-29,1,236
Sambreville,92137,2020-08-30,1,237
Sambreville,92137,2020-08-31,2,239
Sambreville,92137,2020-09-01,0,239
Sambreville,92137,2020-09-02,0,239
Sambreville,92137,2020-09-03,0,239
Sambreville,92137,2020-09-04,0,239
Sambreville,92137,2020-09-05,3,242
Sambreville,92137,2020-09-06,0,242
Sambreville,92137,2020-09-07,1,243
Sambreville,92137,2020-09-08,0,243
Sambreville,92137,2020-09-09,0,243
Sambreville,92137,2020-09-10,0,243
Sambreville,92137,2020-09-11,1,244
Sambreville,92137,2020-09-12,1,245
Sambreville,92137,2020-09-13,2,247
Sambreville,92137,2020-09-14,3,250
Sambreville,92137,2020-09-15,0,250
Sambreville,92137,2020-09-16,1,251
Sambreville,92137,2020-09-17,3,254
Sambreville,92137,2020-09-18,2,256
Sambreville,92137,2020-09-19,2,258
Sambreville,92137,2020-09-20,3,261
Sambreville,92137,2020-09-21,0,261
Sambreville,92137,2020-09-22,0,261
Sambreville,92137,2020-09-23,5,266
Sambreville,92137,2020-09-24,2,268
Sambreville,92137,2020-09-25,5,273
Sambreville,92137,2020-09-26,12,285
Sambreville,92137,2020-09-27,3,288
Sambreville,92137,2020-09-28,0,288
Sambreville,92137,2020-09-29,7,295
Sambreville,92137,2020-09-30,0,295
Sambreville,92137,2020-10-01,2,297
Sambreville,92137,2020-10-02,2,299
Sambreville,92137,2020-10-03,7,306
Sambreville,92137,2020-10-04,8,314
Sambreville,92137,2020-10-05,11,325
Sambreville,92137,2020-10-06,1,326
Sambreville,92137,2020-10-07,5,331
Sambreville,92137,2020-10-08,7,338
Sambreville,92137,2020-10-09,13,351
Sambreville,92137,2020-10-10,19,370
Sambreville,92137,2020-10-11,18,388
Sambreville,92137,2020-10-12,12,400
Sambreville,92137,2020-10-13,1,401
Sambreville,92137,2020-10-14,9,410
Sambreville,92137,2020-10-15,31,441
Sambreville,92137,2020-10-16,26,467
Sambreville,92137,2020-10-17,19,486
Sambreville,92137,2020-10-18,26,512
Sambreville,92137,2020-10-19,25,537
Sambreville,92137,2020-10-20,37,574
Sambreville,92137,2020-10-21,27,601
Sambreville,92137,2020-10-22,47,648
Sambreville,92137,2020-10-23,39,687
Sambreville,92137,2020-10-24,105,792
Sambreville,92137,2020-10-25,65,857
Sambreville,92137,2020-10-26,39,896
Sambreville,92137,2020-10-27,34,930
Sambreville,92137,2020-10-28,53,983
Sambreville,92137,2020-10-29,72,1055
Sambreville,92137,2020-10-30,162,1217
Sambreville,92137,2020-10-31,105,1322
Sambreville,92137,2020-11-01,100,1422
Sambreville,92137,2020-11-02,58,1480
Sambreville,92137,2020-11-03,34,1514
Sambreville,92137,2020-11-04,25,1539
Sambreville,92137,2020-11-05,77,1616
Sambreville,92137,2020-11-06,80,1696
Sambreville,92137,2020-11-07,57,1753
Sambreville,92137,2020-11-08,39,1792
Sambreville,92137,2020-11-09,40,1832
Sambreville,92137,2020-11-10,14,1846
Sambreville,92137,2020-11-11,41,1887
Fernelmont,92138,2020-04-01,0,0
Fernelmont,92138,2020-04-02,0,0
Fernelmont,92138,2020-04-03,0,0
Fernelmont,92138,2020-04-04,0,0
Fernelmont,92138,2020-04-05,0,0
Fernelmont,92138,2020-04-06,7,7
Fernelmont,92138,2020-04-07,1,8
Fernelmont,92138,2020-04-08,1,9
Fernelmont,92138,2020-04-09,2,11
Fernelmont,92138,2020-04-10,0,11
Fernelmont,92138,2020-04-11,1,12
Fernelmont,92138,2020-04-12,0,12
Fernelmont,92138,2020-04-13,0,12
Fernelmont,92138,2020-04-14,0,12
Fernelmont,92138,2020-04-15,2,14
Fernelmont,92138,2020-04-16,0,14
Fernelmont,92138,2020-04-17,1,15
Fernelmont,92138,2020-04-18,0,15
Fernelmont,92138,2020-04-19,0,15
Fernelmont,92138,2020-04-20,0,15
Fernelmont,92138,2020-04-21,0,15
Fernelmont,92138,2020-04-22,1,16
Fernelmont,92138,2020-04-23,1,17
Fernelmont,92138,2020-04-24,1,18
Fernelmont,92138,2020-04-25,-1,17
Fernelmont,92138,2020-04-26,0,17
Fernelmont,92138,2020-04-27,0,17
Fernelmont,92138,2020-04-28,0,17
Fernelmont,92138,2020-04-29,0,17
Fernelmont,92138,2020-04-30,0,17
Fernelmont,92138,2020-05-01,1,18
Fernelmont,92138,2020-05-02,1,19
Fernelmont,92138,2020-05-03,0,19
Fernelmont,92138,2020-05-04,0,19
Fernelmont,92138,2020-05-05,1,20
Fernelmont,92138,2020-05-06,1,21
Fernelmont,92138,2020-05-07,0,21
Fernelmont,92138,2020-05-08,0,21
Fernelmont,92138,2020-05-09,0,21
Fernelmont,92138,2020-05-10,0,21
Fernelmont,92138,2020-05-11,0,21
Fernelmont,92138,2020-05-12,0,21
Fernelmont,92138,2020-05-13,0,21
Fernelmont,92138,2020-05-14,1,22
Fernelmont,92138,2020-05-15,0,22
Fernelmont,92138,2020-05-16,0,22
Fernelmont,92138,2020-05-17,0,22
Fernelmont,92138,2020-05-18,0,22
Fernelmont,92138,2020-05-19,0,22
Fernelmont,92138,2020-05-20,0,22
Fernelmont,92138,2020-05-21,0,22
Fernelmont,92138,2020-05-22,0,22
Fernelmont,92138,2020-05-23,0,22
Fernelmont,92138,2020-05-24,3,25
Fernelmont,92138,2020-05-25,0,25
Fernelmont,92138,2020-05-26,0,25
Fernelmont,92138,2020-05-27,0,25
Fernelmont,92138,2020-05-28,1,26
Fernelmont,92138,2020-05-29,0,26
Fernelmont,92138,2020-05-30,0,26
Fernelmont,92138,2020-05-31,0,26
Fernelmont,92138,2020-06-01,0,26
Fernelmont,92138,2020-06-02,0,26
Fernelmont,92138,2020-06-03,0,26
Fernelmont,92138,2020-06-04,0,26
Fernelmont,92138,2020-06-05,0,26
Fernelmont,92138,2020-06-06,0,26
Fernelmont,92138,2020-06-07,1,27
Fernelmont,92138,2020-06-08,0,27
Fernelmont,92138,2020-06-09,0,27
Fernelmont,92138,2020-06-10,0,27
Fernelmont,92138,2020-06-11,0,27
Fernelmont,92138,2020-06-12,0,27
Fernelmont,92138,2020-06-13,0,27
Fernelmont,92138,2020-06-14,0,27
Fernelmont,92138,2020-06-15,0,27
Fernelmont,92138,2020-06-16,0,27
Fernelmont,92138,2020-06-17,0,27
Fernelmont,92138,2020-06-18,0,27
Fernelmont,92138,2020-06-19,0,27
Fernelmont,92138,2020-06-20,0,27
Fernelmont,92138,2020-06-23,0,27
Fernelmont,92138,2020-06-24,0,27
Fernelmont,92138,2020-06-25,0,27
Fernelmont,92138,2020-06-26,0,27
Fernelmont,92138,2020-06-27,0,27
Fernelmont,92138,2020-06-30,0,27
Fernelmont,92138,2020-07-01,0,27
Fernelmont,92138,2020-07-02,0,27
Fernelmont,92138,2020-07-03,0,27
Fernelmont,92138,2020-07-04,0,27
Fernelmont,92138,2020-07-07,0,27
Fernelmont,92138,2020-07-08,0,27
Fernelmont,92138,2020-07-09,0,27
Fernelmont,92138,2020-07-10,0,27
Fernelmont,92138,2020-07-11,0,27
Fernelmont,92138,2020-07-14,0,27
Fernelmont,92138,2020-07-15,0,27
Fernelmont,92138,2020-07-16,0,27
Fernelmont,92138,2020-07-17,0,27
Fernelmont,92138,2020-07-18,0,27
Fernelmont,92138,2020-07-20,0,27
Fernelmont,92138,2020-07-21,0,27
Fernelmont,92138,2020-07-22,0,27
Fernelmont,92138,2020-07-23,2,29
Fernelmont,92138,2020-07-24,0,29
Fernelmont,92138,2020-07-25,0,29
Fernelmont,92138,2020-07-26,0,29
Fernelmont,92138,2020-07-27,0,29
Fernelmont,92138,2020-07-28,0,29
Fernelmont,92138,2020-07-29,0,29
Fernelmont,92138,2020-07-30,0,29
Fernelmont,92138,2020-07-31,0,29
Fernelmont,92138,2020-08-01,0,29
Fernelmont,92138,2020-08-02,0,29
Fernelmont,92138,2020-08-03,0,29
Fernelmont,92138,2020-08-04,1,30
Fernelmont,92138,2020-08-05,0,30
Fernelmont,92138,2020-08-06,0,30
Fernelmont,92138,2020-08-07,1,31
Fernelmont,92138,2020-08-08,0,31
Fernelmont,92138,2020-08-09,0,31
Fernelmont,92138,2020-08-10,0,31
Fernelmont,92138,2020-08-11,0,31
Fernelmont,92138,2020-08-12,0,31
Fernelmont,92138,2020-08-13,0,31
Fernelmont,92138,2020-08-14,0,31
Fernelmont,92138,2020-08-15,0,31
Fernelmont,92138,2020-08-16,0,31
Fernelmont,92138,2020-08-17,1,32
Fernelmont,92138,2020-08-18,0,32
Fernelmont,92138,2020-08-19,1,33
Fernelmont,92138,2020-08-20,0,33
Fernelmont,92138,2020-08-21,0,33
Fernelmont,92138,2020-08-22,1,34
Fernelmont,92138,2020-08-23,0,34
Fernelmont,92138,2020-08-24,0,34
Fernelmont,92138,2020-08-25,0,34
Fernelmont,92138,2020-08-26,0,34
Fernelmont,92138,2020-08-27,0,34
Fernelmont,92138,2020-08-28,0,34
Fernelmont,92138,2020-08-29,1,35
Fernelmont,92138,2020-08-30,0,35
Fernelmont,92138,2020-08-31,0,35
Fernelmont,92138,2020-09-01,0,35
Fernelmont,92138,2020-09-02,0,35
Fernelmont,92138,2020-09-03,2,37
Fernelmont,92138,2020-09-04,0,37
Fernelmont,92138,2020-09-05,0,37
Fernelmont,92138,2020-09-06,1,38
Fernelmont,92138,2020-09-07,0,38
Fernelmont,92138,2020-09-08,1,39
Fernelmont,92138,2020-09-09,0,39
Fernelmont,92138,2020-09-10,0,39
Fernelmont,92138,2020-09-11,1,40
Fernelmont,92138,2020-09-12,0,40
Fernelmont,92138,2020-09-13,0,40
Fernelmont,92138,2020-09-14,0,40
Fernelmont,92138,2020-09-15,0,40
Fernelmont,92138,2020-09-16,0,40
Fernelmont,92138,2020-09-17,0,40
Fernelmont,92138,2020-09-18,1,41
Fernelmont,92138,2020-09-19,0,41
Fernelmont,92138,2020-09-20,1,42
Fernelmont,92138,2020-09-21,1,43
Fernelmont,92138,2020-09-22,0,43
Fernelmont,92138,2020-09-23,1,44
Fernelmont,92138,2020-09-24,1,45
Fernelmont,92138,2020-09-25,1,46
Fernelmont,92138,2020-09-26,0,46
Fernelmont,92138,2020-09-27,0,46
Fernelmont,92138,2020-09-28,2,48
Fernelmont,92138,2020-09-29,3,51
Fernelmont,92138,2020-09-30,1,52
Fernelmont,92138,2020-10-01,0,52
Fernelmont,92138,2020-10-02,1,53
Fernelmont,92138,2020-10-03,3,56
Fernelmont,92138,2020-10-04,4,60
Fernelmont,92138,2020-10-05,3,63
Fernelmont,92138,2020-10-06,3,66
Fernelmont,92138,2020-10-07,3,69
Fernelmont,92138,2020-10-08,1,70
Fernelmont,92138,2020-10-09,7,77
Fernelmont,92138,2020-10-10,5,82
Fernelmont,92138,2020-10-11,18,100
Fernelmont,92138,2020-10-12,10,110
Fernelmont,92138,2020-10-13,1,111
Fernelmont,92138,2020-10-14,16,127
Fernelmont,92138,2020-10-15,24,151
Fernelmont,92138,2020-10-16,6,157
Fernelmont,92138,2020-10-17,15,172
Fernelmont,92138,2020-10-18,9,181
Fernelmont,92138,2020-10-19,16,197
Fernelmont,92138,2020-10-20,12,209
Fernelmont,92138,2020-10-21,26,235
Fernelmont,92138,2020-10-22,34,269
Fernelmont,92138,2020-10-23,9,278
Fernelmont,92138,2020-10-24,28,306
Fernelmont,92138,2020-10-25,29,335
Fernelmont,92138,2020-10-26,5,340
Fernelmont,92138,2020-10-27,34,374
Fernelmont,92138,2020-10-28,10,384
Fernelmont,92138,2020-10-29,29,413
Fernelmont,92138,2020-10-30,19,432
Fernelmont,92138,2020-10-31,21,453
Fernelmont,92138,2020-11-01,22,475
Fernelmont,92138,2020-11-02,6,481
Fernelmont,92138,2020-11-03,16,497
Fernelmont,92138,2020-11-04,3,500
Fernelmont,92138,2020-11-05,9,509
Fernelmont,92138,2020-11-06,14,523
Fernelmont,92138,2020-11-07,5,528
Fernelmont,92138,2020-11-08,5,533
Fernelmont,92138,2020-11-09,7,540
Fernelmont,92138,2020-11-10,0,540
Fernelmont,92138,2020-11-11,7,547
Jemeppe-sur-Sambre,92140,2020-04-01,0,11
Jemeppe-sur-Sambre,92140,2020-04-02,1,12
Jemeppe-sur-Sambre,92140,2020-04-03,0,12
Jemeppe-sur-Sambre,92140,2020-04-04,1,13
Jemeppe-sur-Sambre,92140,2020-04-05,0,13
Jemeppe-sur-Sambre,92140,2020-04-06,1,14
Jemeppe-sur-Sambre,92140,2020-04-07,0,14
Jemeppe-sur-Sambre,92140,2020-04-08,1,15
Jemeppe-sur-Sambre,92140,2020-04-09,1,16
Jemeppe-sur-Sambre,92140,2020-04-10,6,22
Jemeppe-sur-Sambre,92140,2020-04-11,1,23
Jemeppe-sur-Sambre,92140,2020-04-12,1,24
Jemeppe-sur-Sambre,92140,2020-04-13,0,24
Jemeppe-sur-Sambre,92140,2020-04-14,1,25
Jemeppe-sur-Sambre,92140,2020-04-15,2,27
Jemeppe-sur-Sambre,92140,2020-04-16,1,28
Jemeppe-sur-Sambre,92140,2020-04-17,1,29
Jemeppe-sur-Sambre,92140,2020-04-18,1,30
Jemeppe-sur-Sambre,92140,2020-04-19,2,32
Jemeppe-sur-Sambre,92140,2020-04-20,3,35
Jemeppe-sur-Sambre,92140,2020-04-21,0,35
Jemeppe-sur-Sambre,92140,2020-04-22,4,39
Jemeppe-sur-Sambre,92140,2020-04-23,4,43
Jemeppe-sur-Sambre,92140,2020-04-24,4,47
Jemeppe-sur-Sambre,92140,2020-04-25,-2,45
Jemeppe-sur-Sambre,92140,2020-04-26,2,47
Jemeppe-sur-Sambre,92140,2020-04-27,1,48
Jemeppe-sur-Sambre,92140,2020-04-28,2,50
Jemeppe-sur-Sambre,92140,2020-04-29,8,58
Jemeppe-sur-Sambre,92140,2020-04-30,0,58
Jemeppe-sur-Sambre,92140,2020-05-01,2,60
Jemeppe-sur-Sambre,92140,2020-05-02,3,63
Jemeppe-sur-Sambre,92140,2020-05-03,0,63
Jemeppe-sur-Sambre,92140,2020-05-04,0,63
Jemeppe-sur-Sambre,92140,2020-05-05,1,64
Jemeppe-sur-Sambre,92140,2020-05-06,0,64
Jemeppe-sur-Sambre,92140,2020-05-07,5,69
Jemeppe-sur-Sambre,92140,2020-05-08,1,70
Jemeppe-sur-Sambre,92140,2020-05-09,2,72
Jemeppe-sur-Sambre,92140,2020-05-10,2,74
Jemeppe-sur-Sambre,92140,2020-05-11,0,74
Jemeppe-sur-Sambre,92140,2020-05-12,4,78
Jemeppe-sur-Sambre,92140,2020-05-13,-1,77
Jemeppe-sur-Sambre,92140,2020-05-14,1,78
Jemeppe-sur-Sambre,92140,2020-05-15,0,78
Jemeppe-sur-Sambre,92140,2020-05-16,0,78
Jemeppe-sur-Sambre,92140,2020-05-17,0,78
Jemeppe-sur-Sambre,92140,2020-05-18,0,78
Jemeppe-sur-Sambre,92140,2020-05-19,1,79
Jemeppe-sur-Sambre,92140,2020-05-20,0,79
Jemeppe-sur-Sambre,92140,2020-05-21,0,79
Jemeppe-sur-Sambre,92140,2020-05-22,0,79
Jemeppe-sur-Sambre,92140,2020-05-23,0,79
Jemeppe-sur-Sambre,92140,2020-05-24,2,81
Jemeppe-sur-Sambre,92140,2020-05-25,0,81
Jemeppe-sur-Sambre,92140,2020-05-26,0,81
Jemeppe-sur-Sambre,92140,2020-05-27,0,81
Jemeppe-sur-Sambre,92140,2020-05-28,0,81
Jemeppe-sur-Sambre,92140,2020-05-29,0,81
Jemeppe-sur-Sambre,92140,2020-05-30,0,81
Jemeppe-sur-Sambre,92140,2020-05-31,0,81
Jemeppe-sur-Sambre,92140,2020-06-01,0,81
Jemeppe-sur-Sambre,92140,2020-06-02,1,82
Jemeppe-sur-Sambre,92140,2020-06-03,0,82
Jemeppe-sur-Sambre,92140,2020-06-04,0,82
Jemeppe-sur-Sambre,92140,2020-06-05,1,83
Jemeppe-sur-Sambre,92140,2020-06-06,0,83
Jemeppe-sur-Sambre,92140,2020-06-07,0,83
Jemeppe-sur-Sambre,92140,2020-06-08,0,83
Jemeppe-sur-Sambre,92140,2020-06-09,0,83
Jemeppe-sur-Sambre,92140,2020-06-10,0,83
Jemeppe-sur-Sambre,92140,2020-06-11,0,83
Jemeppe-sur-Sambre,92140,2020-06-12,1,84
Jemeppe-sur-Sambre,92140,2020-06-13,0,84
Jemeppe-sur-Sambre,92140,2020-06-14,0,84
Jemeppe-sur-Sambre,92140,2020-06-15,1,85
Jemeppe-sur-Sambre,92140,2020-06-16,0,85
Jemeppe-sur-Sambre,92140,2020-06-17,0,85
Jemeppe-sur-Sambre,92140,2020-06-18,0,85
Jemeppe-sur-Sambre,92140,2020-06-19,0,85
Jemeppe-sur-Sambre,92140,2020-06-20,0,85
Jemeppe-sur-Sambre,92140,2020-06-23,0,85
Jemeppe-sur-Sambre,92140,2020-06-24,0,85
Jemeppe-sur-Sambre,92140,2020-06-25,0,85
Jemeppe-sur-Sambre,92140,2020-06-26,0,85
Jemeppe-sur-Sambre,92140,2020-06-27,0,85
Jemeppe-sur-Sambre,92140,2020-06-30,0,85
Jemeppe-sur-Sambre,92140,2020-07-01,0,85
Jemeppe-sur-Sambre,92140,2020-07-02,0,85
Jemeppe-sur-Sambre,92140,2020-07-03,0,85
Jemeppe-sur-Sambre,92140,2020-07-04,0,85
Jemeppe-sur-Sambre,92140,2020-07-07,0,85
Jemeppe-sur-Sambre,92140,2020-07-08,0,85
Jemeppe-sur-Sambre,92140,2020-07-09,0,85
Jemeppe-sur-Sambre,92140,2020-07-10,0,85
Jemeppe-sur-Sambre,92140,2020-07-11,0,85
Jemeppe-sur-Sambre,92140,2020-07-14,0,85
Jemeppe-sur-Sambre,92140,2020-07-15,0,85
Jemeppe-sur-Sambre,92140,2020-07-16,0,85
Jemeppe-sur-Sambre,92140,2020-07-17,0,85
Jemeppe-sur-Sambre,92140,2020-07-18,0,85
Jemeppe-sur-Sambre,92140,2020-07-20,0,85
Jemeppe-sur-Sambre,92140,2020-07-21,0,85
Jemeppe-sur-Sambre,92140,2020-07-22,0,85
Jemeppe-sur-Sambre,92140,2020-07-23,3,88
Jemeppe-sur-Sambre,92140,2020-07-24,0,88
Jemeppe-sur-Sambre,92140,2020-07-25,0,88
Jemeppe-sur-Sambre,92140,2020-07-26,0,88
Jemeppe-sur-Sambre,92140,2020-07-27,0,88
Jemeppe-sur-Sambre,92140,2020-07-28,0,88
Jemeppe-sur-Sambre,92140,2020-07-29,0,88
Jemeppe-sur-Sambre,92140,2020-07-30,2,90
Jemeppe-sur-Sambre,92140,2020-07-31,0,90
Jemeppe-sur-Sambre,92140,2020-08-01,2,92
Jemeppe-sur-Sambre,92140,2020-08-02,0,92
Jemeppe-sur-Sambre,92140,2020-08-03,0,92
Jemeppe-sur-Sambre,92140,2020-08-04,2,94
Jemeppe-sur-Sambre,92140,2020-08-05,1,95
Jemeppe-sur-Sambre,92140,2020-08-06,0,95
Jemeppe-sur-Sambre,92140,2020-08-07,1,96
Jemeppe-sur-Sambre,92140,2020-08-08,0,96
Jemeppe-sur-Sambre,92140,2020-08-09,0,96
Jemeppe-sur-Sambre,92140,2020-08-10,2,98
Jemeppe-sur-Sambre,92140,2020-08-11,0,98
Jemeppe-sur-Sambre,92140,2020-08-12,0,98
Jemeppe-sur-Sambre,92140,2020-08-13,0,98
Jemeppe-sur-Sambre,92140,2020-08-14,0,98
Jemeppe-sur-Sambre,92140,2020-08-15,6,104
Jemeppe-sur-Sambre,92140,2020-08-16,0,104
Jemeppe-sur-Sambre,92140,2020-08-17,4,108
Jemeppe-sur-Sambre,92140,2020-08-18,0,108
Jemeppe-sur-Sambre,92140,2020-08-19,0,108
Jemeppe-sur-Sambre,92140,2020-08-20,1,109
Jemeppe-sur-Sambre,92140,2020-08-21,2,111
Jemeppe-sur-Sambre,92140,2020-08-22,1,112
Jemeppe-sur-Sambre,92140,2020-08-23,0,112
Jemeppe-sur-Sambre,92140,2020-08-24,0,112
Jemeppe-sur-Sambre,92140,2020-08-25,0,112
Jemeppe-sur-Sambre,92140,2020-08-26,0,112
Jemeppe-sur-Sambre,92140,2020-08-27,0,112
Jemeppe-sur-Sambre,92140,2020-08-28,0,112
Jemeppe-sur-Sambre,92140,2020-08-29,0,112
Jemeppe-sur-Sambre,92140,2020-08-30,1,113
Jemeppe-sur-Sambre,92140,2020-08-31,0,113
Jemeppe-sur-Sambre,92140,2020-09-01,0,113
Jemeppe-sur-Sambre,92140,2020-09-02,0,113
Jemeppe-sur-Sambre,92140,2020-09-03,1,114
Jemeppe-sur-Sambre,92140,2020-09-04,0,114
Jemeppe-sur-Sambre,92140,2020-09-05,3,117
Jemeppe-sur-Sambre,92140,2020-09-06,0,117
Jemeppe-sur-Sambre,92140,2020-09-07,0,117
Jemeppe-sur-Sambre,92140,2020-09-08,0,117
Jemeppe-sur-Sambre,92140,2020-09-09,0,117
Jemeppe-sur-Sambre,92140,2020-09-10,0,117
Jemeppe-sur-Sambre,92140,2020-09-11,0,117
Jemeppe-sur-Sambre,92140,2020-09-12,0,117
Jemeppe-sur-Sambre,92140,2020-09-13,1,118
Jemeppe-sur-Sambre,92140,2020-09-14,0,118
Jemeppe-sur-Sambre,92140,2020-09-15,3,121
Jemeppe-sur-Sambre,92140,2020-09-16,0,121
Jemeppe-sur-Sambre,92140,2020-09-17,0,121
Jemeppe-sur-Sambre,92140,2020-09-18,0,121
Jemeppe-sur-Sambre,92140,2020-09-19,1,122
Jemeppe-sur-Sambre,92140,2020-09-20,4,126
Jemeppe-sur-Sambre,92140,2020-09-21,1,127
Jemeppe-sur-Sambre,92140,2020-09-22,1,128
Jemeppe-sur-Sambre,92140,2020-09-23,2,130
Jemeppe-sur-Sambre,92140,2020-09-24,1,131
Jemeppe-sur-Sambre,92140,2020-09-25,1,132
Jemeppe-sur-Sambre,92140,2020-09-26,5,137
Jemeppe-sur-Sambre,92140,2020-09-27,0,137
Jemeppe-sur-Sambre,92140,2020-09-28,1,138
Jemeppe-sur-Sambre,92140,2020-09-29,5,143
Jemeppe-sur-Sambre,92140,2020-09-30,1,144
Jemeppe-sur-Sambre,92140,2020-10-01,1,145
Jemeppe-sur-Sambre,92140,2020-10-02,2,147
Jemeppe-sur-Sambre,92140,2020-10-03,3,150
Jemeppe-sur-Sambre,92140,2020-10-04,3,153
Jemeppe-sur-Sambre,92140,2020-10-05,2,155
Jemeppe-sur-Sambre,92140,2020-10-06,1,156
Jemeppe-sur-Sambre,92140,2020-10-07,3,159
Jemeppe-sur-Sambre,92140,2020-10-08,2,161
Jemeppe-sur-Sambre,92140,2020-10-09,8,169
Jemeppe-sur-Sambre,92140,2020-10-10,12,181
Jemeppe-sur-Sambre,92140,2020-10-11,13,194
Jemeppe-sur-Sambre,92140,2020-10-12,8,202
Jemeppe-sur-Sambre,92140,2020-10-13,0,202
Jemeppe-sur-Sambre,92140,2020-10-14,7,209
Jemeppe-sur-Sambre,92140,2020-10-15,29,238
Jemeppe-sur-Sambre,92140,2020-10-16,25,263
Jemeppe-sur-Sambre,92140,2020-10-17,29,292
Jemeppe-sur-Sambre,92140,2020-10-18,18,310
Jemeppe-sur-Sambre,92140,2020-10-19,26,336
Jemeppe-sur-Sambre,92140,2020-10-20,21,357
Jemeppe-sur-Sambre,92140,2020-10-21,33,390
Jemeppe-sur-Sambre,92140,2020-10-22,37,427
Jemeppe-sur-Sambre,92140,2020-10-23,35,462
Jemeppe-sur-Sambre,92140,2020-10-24,55,517
Jemeppe-sur-Sambre,92140,2020-10-25,36,553
Jemeppe-sur-Sambre,92140,2020-10-26,25,578
Jemeppe-sur-Sambre,92140,2020-10-27,17,595
Jemeppe-sur-Sambre,92140,2020-10-28,36,631
Jemeppe-sur-Sambre,92140,2020-10-29,74,705
Jemeppe-sur-Sambre,92140,2020-10-30,78,783
Jemeppe-sur-Sambre,92140,2020-10-31,55,838
Jemeppe-sur-Sambre,92140,2020-11-01,34,872
Jemeppe-sur-Sambre,92140,2020-11-02,27,899
Jemeppe-sur-Sambre,92140,2020-11-03,24,923
Jemeppe-sur-Sambre,92140,2020-11-04,22,945
Jemeppe-sur-Sambre,92140,2020-11-05,38,983
Jemeppe-sur-Sambre,92140,2020-11-06,33,1016
Jemeppe-sur-Sambre,92140,2020-11-07,27,1043
Jemeppe-sur-Sambre,92140,2020-11-08,21,1064
Jemeppe-sur-Sambre,92140,2020-11-09,14,1078
Jemeppe-sur-Sambre,92140,2020-11-10,0,1078
Jemeppe-sur-Sambre,92140,2020-11-11,17,1095
La Bruyère,92141,2020-04-01,5,5
La Bruyère,92141,2020-04-02,3,8
La Bruyère,92141,2020-04-03,0,8
La Bruyère,92141,2020-04-04,2,10
La Bruyère,92141,2020-04-05,1,11
La Bruyère,92141,2020-04-06,0,11
La Bruyère,92141,2020-04-07,0,11
La Bruyère,92141,2020-04-08,1,12
La Bruyère,92141,2020-04-09,1,13
La Bruyère,92141,2020-04-10,1,14
La Bruyère,92141,2020-04-11,0,14
La Bruyère,92141,2020-04-12,1,15
La Bruyère,92141,2020-04-13,0,15
La Bruyère,92141,2020-04-14,1,16
La Bruyère,92141,2020-04-15,1,17
La Bruyère,92141,2020-04-16,2,19
La Bruyère,92141,2020-04-17,1,20
La Bruyère,92141,2020-04-18,1,21
La Bruyère,92141,2020-04-19,0,21
La Bruyère,92141,2020-04-20,4,25
La Bruyère,92141,2020-04-21,0,25
La Bruyère,92141,2020-04-22,2,27
La Bruyère,92141,2020-04-23,1,28
La Bruyère,92141,2020-04-24,0,28
La Bruyère,92141,2020-04-25,0,28
La Bruyère,92141,2020-04-26,1,29
La Bruyère,92141,2020-04-27,0,29
La Bruyère,92141,2020-04-28,2,31
La Bruyère,92141,2020-04-29,0,31
La Bruyère,92141,2020-04-30,0,31
La Bruyère,92141,2020-05-01,0,31
La Bruyère,92141,2020-05-02,0,31
La Bruyère,92141,2020-05-03,1,32
La Bruyère,92141,2020-05-04,0,32
La Bruyère,92141,2020-05-05,0,32
La Bruyère,92141,2020-05-06,0,32
La Bruyère,92141,2020-05-07,0,32
La Bruyère,92141,2020-05-08,0,32
La Bruyère,92141,2020-05-09,0,32
La Bruyère,92141,2020-05-10,1,33
La Bruyère,92141,2020-05-11,0,33
La Bruyère,92141,2020-05-12,0,33
La Bruyère,92141,2020-05-13,0,33
La Bruyère,92141,2020-05-14,0,33
La Bruyère,92141,2020-05-15,0,33
La Bruyère,92141,2020-05-16,1,34
La Bruyère,92141,2020-05-17,0,34
La Bruyère,92141,2020-05-18,0,34
La Bruyère,92141,2020-05-19,0,34
La Bruyère,92141,2020-05-20,0,34
La Bruyère,92141,2020-05-21,0,34
La Bruyère,92141,2020-05-22,0,34
La Bruyère,92141,2020-05-23,0,34
La Bruyère,92141,2020-05-24,0,34
La Bruyère,92141,2020-05-25,0,34
La Bruyère,92141,2020-05-26,0,34
La Bruyère,92141,2020-05-27,0,34
La Bruyère,92141,2020-05-28,0,34
La Bruyère,92141,2020-05-29,0,34
La Bruyère,92141,2020-05-30,0,34
La Bruyère,92141,2020-05-31,0,34
La Bruyère,92141,2020-06-01,0,34
La Bruyère,92141,2020-06-02,0,34
La Bruyère,92141,2020-06-03,0,34
La Bruyère,92141,2020-06-04,0,34
La Bruyère,92141,2020-06-05,0,34
La Bruyère,92141,2020-06-06,0,34
La Bruyère,92141,2020-06-07,0,34
La Bruyère,92141,2020-06-08,0,34
La Bruyère,92141,2020-06-09,0,34
La Bruyère,92141,2020-06-10,0,34
La Bruyère,92141,2020-06-11,0,34
La Bruyère,92141,2020-06-12,0,34
La Bruyère,92141,2020-06-13,0,34
La Bruyère,92141,2020-06-14,0,34
La Bruyère,92141,2020-06-15,0,34
La Bruyère,92141,2020-06-16,0,34
La Bruyère,92141,2020-06-17,0,34
La Bruyère,92141,2020-06-18,0,34
La Bruyère,92141,2020-06-19,0,34
La Bruyère,92141,2020-06-20,0,34
La Bruyère,92141,2020-06-23,0,34
La Bruyère,92141,2020-06-24,0,34
La Bruyère,92141,2020-06-25,0,34
La Bruyère,92141,2020-06-26,0,34
La Bruyère,92141,2020-06-27,0,34
La Bruyère,92141,2020-06-30,0,34
La Bruyère,92141,2020-07-01,0,34
La Bruyère,92141,2020-07-02,1,35
La Bruyère,92141,2020-07-03,0,35
La Bruyère,92141,2020-07-04,0,35
La Bruyère,92141,2020-07-07,0,35
La Bruyère,92141,2020-07-08,0,35
La Bruyère,92141,2020-07-09,0,35
La Bruyère,92141,2020-07-10,0,35
La Bruyère,92141,2020-07-11,0,35
La Bruyère,92141,2020-07-14,0,35
La Bruyère,92141,2020-07-15,0,35
La Bruyère,92141,2020-07-16,0,35
La Bruyère,92141,2020-07-17,0,35
La Bruyère,92141,2020-07-18,0,35
La Bruyère,92141,2020-07-20,0,35
La Bruyère,92141,2020-07-21,0,35
La Bruyère,92141,2020-07-22,0,35
La Bruyère,92141,2020-07-23,0,35
La Bruyère,92141,2020-07-24,0,35
La Bruyère,92141,2020-07-25,0,35
La Bruyère,92141,2020-07-26,0,35
La Bruyère,92141,2020-07-27,0,35
La Bruyère,92141,2020-07-28,0,35
La Bruyère,92141,2020-07-29,0,35
La Bruyère,92141,2020-07-30,1,36
La Bruyère,92141,2020-07-31,0,36
La Bruyère,92141,2020-08-01,0,36
La Bruyère,92141,2020-08-02,1,37
La Bruyère,92141,2020-08-03,1,38
La Bruyère,92141,2020-08-04,0,38
La Bruyère,92141,2020-08-05,0,38
La Bruyère,92141,2020-08-06,0,38
La Bruyère,92141,2020-08-07,0,38
La Bruyère,92141,2020-08-08,0,38
La Bruyère,92141,2020-08-09,0,38
La Bruyère,92141,2020-08-10,0,38
La Bruyère,92141,2020-08-11,0,38
La Bruyère,92141,2020-08-12,0,38
La Bruyère,92141,2020-08-13,3,41
La Bruyère,92141,2020-08-14,1,42
La Bruyère,92141,2020-08-15,1,43
La Bruyère,92141,2020-08-16,0,43
La Bruyère,92141,2020-08-17,0,43
La Bruyère,92141,2020-08-18,0,43
La Bruyère,92141,2020-08-19,0,43
La Bruyère,92141,2020-08-20,0,43
La Bruyère,92141,2020-08-21,0,43
La Bruyère,92141,2020-08-22,0,43
La Bruyère,92141,2020-08-23,0,43
La Bruyère,92141,2020-08-24,0,43
La Bruyère,92141,2020-08-25,0,43
La Bruyère,92141,2020-08-26,0,43
La Bruyère,92141,2020-08-27,0,43
La Bruyère,92141,2020-08-28,1,44
La Bruyère,92141,2020-08-29,0,44
La Bruyère,92141,2020-08-30,0,44
La Bruyère,92141,2020-08-31,1,45
La Bruyère,92141,2020-09-01,0,45
La Bruyère,92141,2020-09-02,0,45
La Bruyère,92141,2020-09-03,0,45
La Bruyère,92141,2020-09-04,0,45
La Bruyère,92141,2020-09-05,1,46
La Bruyère,92141,2020-09-06,3,49
La Bruyère,92141,2020-09-07,0,49
La Bruyère,92141,2020-09-08,0,49
La Bruyère,92141,2020-09-09,0,49
La Bruyère,92141,2020-09-10,0,49
La Bruyère,92141,2020-09-11,0,49
La Bruyère,92141,2020-09-12,0,49
La Bruyère,92141,2020-09-13,1,50
La Bruyère,92141,2020-09-14,0,50
La Bruyère,92141,2020-09-15,0,50
La Bruyère,92141,2020-09-16,0,50
La Bruyère,92141,2020-09-17,1,51
La Bruyère,92141,2020-09-18,0,51
La Bruyère,92141,2020-09-19,3,54
La Bruyère,92141,2020-09-20,1,55
La Bruyère,92141,2020-09-21,0,55
La Bruyère,92141,2020-09-22,0,55
La Bruyère,92141,2020-09-23,3,58
La Bruyère,92141,2020-09-24,1,59
La Bruyère,92141,2020-09-25,3,62
La Bruyère,92141,2020-09-26,2,64
La Bruyère,92141,2020-09-27,2,66
La Bruyère,92141,2020-09-28,2,68
La Bruyère,92141,2020-09-29,4,72
La Bruyère,92141,2020-09-30,5,77
La Bruyère,92141,2020-10-01,0,77
La Bruyère,92141,2020-10-02,2,79
La Bruyère,92141,2020-10-03,8,87
La Bruyère,92141,2020-10-04,3,90
La Bruyère,92141,2020-10-05,3,93
La Bruyère,92141,2020-10-06,3,96
La Bruyère,92141,2020-10-07,2,98
La Bruyère,92141,2020-10-08,1,99
La Bruyère,92141,2020-10-09,13,112
La Bruyère,92141,2020-10-10,8,120
La Bruyère,92141,2020-10-11,17,137
La Bruyère,92141,2020-10-12,10,147
La Bruyère,92141,2020-10-13,3,150
La Bruyère,92141,2020-10-14,14,164
La Bruyère,92141,2020-10-15,14,178
La Bruyère,92141,2020-10-16,15,193
La Bruyère,92141,2020-10-17,14,207
La Bruyère,92141,2020-10-18,5,212
La Bruyère,92141,2020-10-19,10,222
La Bruyère,92141,2020-10-20,13,235
La Bruyère,92141,2020-10-21,25,260
La Bruyère,92141,2020-10-22,24,284
La Bruyère,92141,2020-10-23,15,299
La Bruyère,92141,2020-10-24,26,325
La Bruyère,92141,2020-10-25,26,351
La Bruyère,92141,2020-10-26,6,357
La Bruyère,92141,2020-10-27,36,393
La Bruyère,92141,2020-10-28,11,404
La Bruyère,92141,2020-10-29,31,435
La Bruyère,92141,2020-10-30,33,468
La Bruyère,92141,2020-10-31,23,491
La Bruyère,92141,2020-11-01,17,508
La Bruyère,92141,2020-11-02,5,513
La Bruyère,92141,2020-11-03,23,536
La Bruyère,92141,2020-11-04,1,537
La Bruyère,92141,2020-11-05,15,552
La Bruyère,92141,2020-11-06,7,559
La Bruyère,92141,2020-11-07,7,566
La Bruyère,92141,2020-11-08,11,577
La Bruyère,92141,2020-11-09,4,581
La Bruyère,92141,2020-11-10,1,582
La Bruyère,92141,2020-11-11,9,591
Gembloux,92142,2020-04-01,0,20
Gembloux,92142,2020-04-02,5,25
Gembloux,92142,2020-04-03,11,36
Gembloux,92142,2020-04-04,4,40
Gembloux,92142,2020-04-05,2,42
Gembloux,92142,2020-04-06,0,42
Gembloux,92142,2020-04-07,2,44
Gembloux,92142,2020-04-08,3,47
Gembloux,92142,2020-04-09,4,51
Gembloux,92142,2020-04-10,13,64
Gembloux,92142,2020-04-11,5,69
Gembloux,92142,2020-04-12,2,71
Gembloux,92142,2020-04-13,2,73
Gembloux,92142,2020-04-14,0,73
Gembloux,92142,2020-04-15,7,80
Gembloux,92142,2020-04-16,2,82
Gembloux,92142,2020-04-17,3,85
Gembloux,92142,2020-04-18,2,87
Gembloux,92142,2020-04-19,0,87
Gembloux,92142,2020-04-20,2,89
Gembloux,92142,2020-04-21,1,90
Gembloux,92142,2020-04-22,2,92
Gembloux,92142,2020-04-23,26,118
Gembloux,92142,2020-04-24,1,119
Gembloux,92142,2020-04-25,1,120
Gembloux,92142,2020-04-26,0,120
Gembloux,92142,2020-04-27,0,120
Gembloux,92142,2020-04-28,0,120
Gembloux,92142,2020-04-29,0,120
Gembloux,92142,2020-04-30,0,120
Gembloux,92142,2020-05-01,2,122
Gembloux,92142,2020-05-02,1,123
Gembloux,92142,2020-05-03,1,124
Gembloux,92142,2020-05-04,1,125
Gembloux,92142,2020-05-05,0,125
Gembloux,92142,2020-05-06,0,125
Gembloux,92142,2020-05-07,0,125
Gembloux,92142,2020-05-08,2,127
Gembloux,92142,2020-05-09,1,128
Gembloux,92142,2020-05-10,1,129
Gembloux,92142,2020-05-11,0,129
Gembloux,92142,2020-05-12,0,129
Gembloux,92142,2020-05-13,0,129
Gembloux,92142,2020-05-14,0,129
Gembloux,92142,2020-05-15,1,130
Gembloux,92142,2020-05-16,0,130
Gembloux,92142,2020-05-17,0,130
Gembloux,92142,2020-05-18,0,130
Gembloux,92142,2020-05-19,0,130
Gembloux,92142,2020-05-20,1,131
Gembloux,92142,2020-05-21,1,132
Gembloux,92142,2020-05-22,0,132
Gembloux,92142,2020-05-23,0,132
Gembloux,92142,2020-05-24,2,134
Gembloux,92142,2020-05-25,0,134
Gembloux,92142,2020-05-26,0,134
Gembloux,92142,2020-05-27,0,134
Gembloux,92142,2020-05-28,0,134
Gembloux,92142,2020-05-29,1,135
Gembloux,92142,2020-05-30,0,135
Gembloux,92142,2020-05-31,0,135
Gembloux,92142,2020-06-01,0,135
Gembloux,92142,2020-06-02,0,135
Gembloux,92142,2020-06-03,1,136
Gembloux,92142,2020-06-04,0,136
Gembloux,92142,2020-06-05,0,136
Gembloux,92142,2020-06-06,3,139
Gembloux,92142,2020-06-07,2,141
Gembloux,92142,2020-06-08,0,141
Gembloux,92142,2020-06-09,0,141
Gembloux,92142,2020-06-10,0,141
Gembloux,92142,2020-06-11,0,141
Gembloux,92142,2020-06-12,0,141
Gembloux,92142,2020-06-13,0,141
Gembloux,92142,2020-06-14,0,141
Gembloux,92142,2020-06-15,0,141
Gembloux,92142,2020-06-16,0,141
Gembloux,92142,2020-06-17,0,141
Gembloux,92142,2020-06-18,0,141
Gembloux,92142,2020-06-19,0,141
Gembloux,92142,2020-06-20,1,142
Gembloux,92142,2020-06-23,0,142
Gembloux,92142,2020-06-24,0,142
Gembloux,92142,2020-06-25,0,142
Gembloux,92142,2020-06-26,1,143
Gembloux,92142,2020-06-27,0,143
Gembloux,92142,2020-06-30,0,143
Gembloux,92142,2020-07-01,0,143
Gembloux,92142,2020-07-02,0,143
Gembloux,92142,2020-07-03,0,143
Gembloux,92142,2020-07-04,0,143
Gembloux,92142,2020-07-07,0,143
Gembloux,92142,2020-07-08,0,143
Gembloux,92142,2020-07-09,0,143
Gembloux,92142,2020-07-10,0,143
Gembloux,92142,2020-07-11,0,143
Gembloux,92142,2020-07-14,0,143
Gembloux,92142,2020-07-15,0,143
Gembloux,92142,2020-07-16,1,144
Gembloux,92142,2020-07-17,0,144
Gembloux,92142,2020-07-18,0,144
Gembloux,92142,2020-07-20,1,145
Gembloux,92142,2020-07-21,0,145
Gembloux,92142,2020-07-22,1,146
Gembloux,92142,2020-07-23,0,146
Gembloux,92142,2020-07-24,0,146
Gembloux,92142,2020-07-25,0,146
Gembloux,92142,2020-07-26,1,147
Gembloux,92142,2020-07-27,0,147
Gembloux,92142,2020-07-28,0,147
Gembloux,92142,2020-07-29,0,147
Gembloux,92142,2020-07-30,1,148
Gembloux,92142,2020-07-31,1,149
Gembloux,92142,2020-08-01,0,149
Gembloux,92142,2020-08-02,1,150
Gembloux,92142,2020-08-03,0,150
Gembloux,92142,2020-08-04,2,152
Gembloux,92142,2020-08-05,0,152
Gembloux,92142,2020-08-06,0,152
Gembloux,92142,2020-08-07,0,152
Gembloux,92142,2020-08-08,1,153
Gembloux,92142,2020-08-09,0,153
Gembloux,92142,2020-08-10,0,153
Gembloux,92142,2020-08-11,0,153
Gembloux,92142,2020-08-12,0,153
Gembloux,92142,2020-08-13,2,155
Gembloux,92142,2020-08-14,0,155
Gembloux,92142,2020-08-15,1,156
Gembloux,92142,2020-08-16,0,156
Gembloux,92142,2020-08-17,0,156
Gembloux,92142,2020-08-18,0,156
Gembloux,92142,2020-08-19,0,156
Gembloux,92142,2020-08-20,0,156
Gembloux,92142,2020-08-21,2,158
Gembloux,92142,2020-08-22,0,158
Gembloux,92142,2020-08-23,1,159
Gembloux,92142,2020-08-24,1,160
Gembloux,92142,2020-08-25,0,160
Gembloux,92142,2020-08-26,0,160
Gembloux,92142,2020-08-27,2,162
Gembloux,92142,2020-08-28,1,163
Gembloux,92142,2020-08-29,0,163
Gembloux,92142,2020-08-30,1,164
Gembloux,92142,2020-08-31,1,165
Gembloux,92142,2020-09-01,0,165
Gembloux,92142,2020-09-02,1,166
Gembloux,92142,2020-09-03,0,166
Gembloux,92142,2020-09-04,0,166
Gembloux,92142,2020-09-05,1,167
Gembloux,92142,2020-09-06,1,168
Gembloux,92142,2020-09-07,0,168
Gembloux,92142,2020-09-08,0,168
Gembloux,92142,2020-09-09,0,168
Gembloux,92142,2020-09-10,0,168
Gembloux,92142,2020-09-11,1,169
Gembloux,92142,2020-09-12,0,169
Gembloux,92142,2020-09-13,1,170
Gembloux,92142,2020-09-14,1,171
Gembloux,92142,2020-09-15,2,173
Gembloux,92142,2020-09-16,1,174
Gembloux,92142,2020-09-17,6,180
Gembloux,92142,2020-09-18,2,182
Gembloux,92142,2020-09-19,3,185
Gembloux,92142,2020-09-20,6,191
Gembloux,92142,2020-09-21,1,192
Gembloux,92142,2020-09-22,2,194
Gembloux,92142,2020-09-23,2,196
Gembloux,92142,2020-09-24,1,197
Gembloux,92142,2020-09-25,6,203
Gembloux,92142,2020-09-26,3,206
Gembloux,92142,2020-09-27,3,209
Gembloux,92142,2020-09-28,4,213
Gembloux,92142,2020-09-29,8,221
Gembloux,92142,2020-09-30,2,223
Gembloux,92142,2020-10-01,1,224
Gembloux,92142,2020-10-02,5,229
Gembloux,92142,2020-10-03,6,235
Gembloux,92142,2020-10-04,8,243
Gembloux,92142,2020-10-05,6,249
Gembloux,92142,2020-10-06,9,258
Gembloux,92142,2020-10-07,6,264
Gembloux,92142,2020-10-08,9,273
Gembloux,92142,2020-10-09,28,301
Gembloux,92142,2020-10-10,20,321
Gembloux,92142,2020-10-11,28,349
Gembloux,92142,2020-10-12,20,369
Gembloux,92142,2020-10-13,1,370
Gembloux,92142,2020-10-14,24,394
Gembloux,92142,2020-10-15,45,439
Gembloux,92142,2020-10-16,27,466
Gembloux,92142,2020-10-17,42,508
Gembloux,92142,2020-10-18,33,541
Gembloux,92142,2020-10-19,26,567
Gembloux,92142,2020-10-20,26,593
Gembloux,92142,2020-10-21,38,631
Gembloux,92142,2020-10-22,47,678
Gembloux,92142,2020-10-23,48,726
Gembloux,92142,2020-10-24,45,771
Gembloux,92142,2020-10-25,49,820
Gembloux,92142,2020-10-26,36,856
Gembloux,92142,2020-10-27,69,925
Gembloux,92142,2020-10-28,36,961
Gembloux,92142,2020-10-29,73,1034
Gembloux,92142,2020-10-30,51,1085
Gembloux,92142,2020-10-31,53,1138
Gembloux,92142,2020-11-01,41,1179
Gembloux,92142,2020-11-02,19,1198
Gembloux,92142,2020-11-03,29,1227
Gembloux,92142,2020-11-04,8,1235
Gembloux,92142,2020-11-05,35,1270
Gembloux,92142,2020-11-06,29,1299
Gembloux,92142,2020-11-07,30,1329
Gembloux,92142,2020-11-08,31,1360
Gembloux,92142,2020-11-09,22,1382
Gembloux,92142,2020-11-10,2,1384
Gembloux,92142,2020-11-11,11,1395
Cerfontaine,93010,2020-04-01,0,0
Cerfontaine,93010,2020-04-02,0,0
Cerfontaine,93010,2020-04-03,0,0
Cerfontaine,93010,2020-04-04,0,0
Cerfontaine,93010,2020-04-05,0,0
Cerfontaine,93010,2020-04-06,0,0
Cerfontaine,93010,2020-04-07,0,0
Cerfontaine,93010,2020-04-08,0,0
Cerfontaine,93010,2020-04-09,0,0
Cerfontaine,93010,2020-04-10,0,0
Cerfontaine,93010,2020-04-11,0,0
Cerfontaine,93010,2020-04-12,6,6
Cerfontaine,93010,2020-04-13,0,6
Cerfontaine,93010,2020-04-14,0,6
Cerfontaine,93010,2020-04-15,0,6
Cerfontaine,93010,2020-04-16,1,7
Cerfontaine,93010,2020-04-17,0,7
Cerfontaine,93010,2020-04-18,0,7
Cerfontaine,93010,2020-04-19,1,8
Cerfontaine,93010,2020-04-20,0,8
Cerfontaine,93010,2020-04-21,0,8
Cerfontaine,93010,2020-04-22,0,8
Cerfontaine,93010,2020-04-23,1,9
Cerfontaine,93010,2020-04-24,0,9
Cerfontaine,93010,2020-04-25,0,9
Cerfontaine,93010,2020-04-26,0,9
Cerfontaine,93010,2020-04-27,0,9
Cerfontaine,93010,2020-04-28,2,11
Cerfontaine,93010,2020-04-29,0,11
Cerfontaine,93010,2020-04-30,0,11
Cerfontaine,93010,2020-05-01,0,11
Cerfontaine,93010,2020-05-02,0,11
Cerfontaine,93010,2020-05-03,0,11
Cerfontaine,93010,2020-05-04,0,11
Cerfontaine,93010,2020-05-05,0,11
Cerfontaine,93010,2020-05-06,0,11
Cerfontaine,93010,2020-05-07,1,12
Cerfontaine,93010,2020-05-08,0,12
Cerfontaine,93010,2020-05-09,0,12
Cerfontaine,93010,2020-05-10,0,12
Cerfontaine,93010,2020-05-11,0,12
Cerfontaine,93010,2020-05-12,0,12
Cerfontaine,93010,2020-05-13,0,12
Cerfontaine,93010,2020-05-14,0,12
Cerfontaine,93010,2020-05-15,0,12
Cerfontaine,93010,2020-05-16,0,12
Cerfontaine,93010,2020-05-17,0,12
Cerfontaine,93010,2020-05-18,0,12
Cerfontaine,93010,2020-05-19,0,12
Cerfontaine,93010,2020-05-20,0,12
Cerfontaine,93010,2020-05-21,0,12
Cerfontaine,93010,2020-05-22,0,12
Cerfontaine,93010,2020-05-23,0,12
Cerfontaine,93010,2020-05-24,0,12
Cerfontaine,93010,2020-05-25,0,12
Cerfontaine,93010,2020-05-26,0,12
Cerfontaine,93010,2020-05-27,0,12
Cerfontaine,93010,2020-05-28,0,12
Cerfontaine,93010,2020-05-29,0,12
Cerfontaine,93010,2020-05-30,0,12
Cerfontaine,93010,2020-05-31,0,12
Cerfontaine,93010,2020-06-01,0,12
Cerfontaine,93010,2020-06-02,0,12
Cerfontaine,93010,2020-06-03,0,12
Cerfontaine,93010,2020-06-04,0,12
Cerfontaine,93010,2020-06-05,0,12
Cerfontaine,93010,2020-06-06,0,12
Cerfontaine,93010,2020-06-07,0,12
Cerfontaine,93010,2020-06-08,0,12
Cerfontaine,93010,2020-06-09,0,12
Cerfontaine,93010,2020-06-10,0,12
Cerfontaine,93010,2020-06-11,0,12
Cerfontaine,93010,2020-06-12,0,12
Cerfontaine,93010,2020-06-13,0,12
Cerfontaine,93010,2020-06-14,0,12
Cerfontaine,93010,2020-06-15,0,12
Cerfontaine,93010,2020-06-16,0,12
Cerfontaine,93010,2020-06-17,0,12
Cerfontaine,93010,2020-06-18,0,12
Cerfontaine,93010,2020-06-19,1,13
Cerfontaine,93010,2020-06-20,0,13
Cerfontaine,93010,2020-06-23,0,13
Cerfontaine,93010,2020-06-24,0,13
Cerfontaine,93010,2020-06-25,0,13
Cerfontaine,93010,2020-06-26,0,13
Cerfontaine,93010,2020-06-27,0,13
Cerfontaine,93010,2020-06-30,0,13
Cerfontaine,93010,2020-07-01,0,13
Cerfontaine,93010,2020-07-02,0,13
Cerfontaine,93010,2020-07-03,0,13
Cerfontaine,93010,2020-07-04,0,13
Cerfontaine,93010,2020-07-07,0,13
Cerfontaine,93010,2020-07-08,0,13
Cerfontaine,93010,2020-07-09,0,13
Cerfontaine,93010,2020-07-10,0,13
Cerfontaine,93010,2020-07-11,0,13
Cerfontaine,93010,2020-07-14,0,13
Cerfontaine,93010,2020-07-15,0,13
Cerfontaine,93010,2020-07-16,0,13
Cerfontaine,93010,2020-07-17,0,13
Cerfontaine,93010,2020-07-18,0,13
Cerfontaine,93010,2020-07-20,0,13
Cerfontaine,93010,2020-07-21,0,13
Cerfontaine,93010,2020-07-22,0,13
Cerfontaine,93010,2020-07-23,0,13
Cerfontaine,93010,2020-07-24,0,13
Cerfontaine,93010,2020-07-25,1,14
Cerfontaine,93010,2020-07-26,0,14
Cerfontaine,93010,2020-07-27,0,14
Cerfontaine,93010,2020-07-28,0,14
Cerfontaine,93010,2020-07-29,0,14
Cerfontaine,93010,2020-07-30,0,14
Cerfontaine,93010,2020-07-31,0,14
Cerfontaine,93010,2020-08-01,0,14
Cerfontaine,93010,2020-08-02,0,14
Cerfontaine,93010,2020-08-03,0,14
Cerfontaine,93010,2020-08-04,0,14
Cerfontaine,93010,2020-08-05,0,14
Cerfontaine,93010,2020-08-06,0,14
Cerfontaine,93010,2020-08-07,0,14
Cerfontaine,93010,2020-08-08,0,14
Cerfontaine,93010,2020-08-09,0,14
Cerfontaine,93010,2020-08-10,1,15
Cerfontaine,93010,2020-08-11,0,15
Cerfontaine,93010,2020-08-12,0,15
Cerfontaine,93010,2020-08-13,0,15
Cerfontaine,93010,2020-08-14,0,15
Cerfontaine,93010,2020-08-15,0,15
Cerfontaine,93010,2020-08-16,1,16
Cerfontaine,93010,2020-08-17,1,17
Cerfontaine,93010,2020-08-18,0,17
Cerfontaine,93010,2020-08-19,0,17
Cerfontaine,93010,2020-08-20,0,17
Cerfontaine,93010,2020-08-21,0,17
Cerfontaine,93010,2020-08-22,0,17
Cerfontaine,93010,2020-08-23,1,18
Cerfontaine,93010,2020-08-24,0,18
Cerfontaine,93010,2020-08-25,0,18
Cerfontaine,93010,2020-08-26,0,18
Cerfontaine,93010,2020-08-27,0,18
Cerfontaine,93010,2020-08-28,0,18
Cerfontaine,93010,2020-08-29,0,18
Cerfontaine,93010,2020-08-30,0,18
Cerfontaine,93010,2020-08-31,0,18
Cerfontaine,93010,2020-09-01,0,18
Cerfontaine,93010,2020-09-02,0,18
Cerfontaine,93010,2020-09-03,0,18
Cerfontaine,93010,2020-09-04,0,18
Cerfontaine,93010,2020-09-05,0,18
Cerfontaine,93010,2020-09-06,0,18
Cerfontaine,93010,2020-09-07,0,18
Cerfontaine,93010,2020-09-08,0,18
Cerfontaine,93010,2020-09-09,0,18
Cerfontaine,93010,2020-09-10,0,18
Cerfontaine,93010,2020-09-11,0,18
Cerfontaine,93010,2020-09-12,0,18
Cerfontaine,93010,2020-09-13,0,18
Cerfontaine,93010,2020-09-14,0,18
Cerfontaine,93010,2020-09-15,0,18
Cerfontaine,93010,2020-09-16,0,18
Cerfontaine,93010,2020-09-17,0,18
Cerfontaine,93010,2020-09-18,0,18
Cerfontaine,93010,2020-09-19,0,18
Cerfontaine,93010,2020-09-20,0,18
Cerfontaine,93010,2020-09-21,0,18
Cerfontaine,93010,2020-09-22,0,18
Cerfontaine,93010,2020-09-23,0,18
Cerfontaine,93010,2020-09-24,0,18
Cerfontaine,93010,2020-09-25,0,18
Cerfontaine,93010,2020-09-26,0,18
Cerfontaine,93010,2020-09-27,0,18
Cerfontaine,93010,2020-09-28,0,18
Cerfontaine,93010,2020-09-29,0,18
Cerfontaine,93010,2020-09-30,0,18
Cerfontaine,93010,2020-10-01,0,18
Cerfontaine,93010,2020-10-02,1,19
Cerfontaine,93010,2020-10-03,3,22
Cerfontaine,93010,2020-10-04,0,22
Cerfontaine,93010,2020-10-05,0,22
Cerfontaine,93010,2020-10-06,0,22
Cerfontaine,93010,2020-10-07,1,23
Cerfontaine,93010,2020-10-08,2,25
Cerfontaine,93010,2020-10-09,3,28
Cerfontaine,93010,2020-10-10,1,29
Cerfontaine,93010,2020-10-11,2,31
Cerfontaine,93010,2020-10-12,5,36
Cerfontaine,93010,2020-10-13,1,37
Cerfontaine,93010,2020-10-14,3,40
Cerfontaine,93010,2020-10-15,2,42
Cerfontaine,93010,2020-10-16,7,49
Cerfontaine,93010,2020-10-17,3,52
Cerfontaine,93010,2020-10-18,4,56
Cerfontaine,93010,2020-10-19,3,59
Cerfontaine,93010,2020-10-20,2,61
Cerfontaine,93010,2020-10-21,8,69
Cerfontaine,93010,2020-10-22,7,76
Cerfontaine,93010,2020-10-23,4,80
Cerfontaine,93010,2020-10-24,7,87
Cerfontaine,93010,2020-10-25,12,99
Cerfontaine,93010,2020-10-26,13,112
Cerfontaine,93010,2020-10-27,4,116
Cerfontaine,93010,2020-10-28,9,125
Cerfontaine,93010,2020-10-29,6,131
Cerfontaine,93010,2020-10-30,13,144
Cerfontaine,93010,2020-10-31,11,155
Cerfontaine,93010,2020-11-01,23,178
Cerfontaine,93010,2020-11-02,10,188
Cerfontaine,93010,2020-11-03,1,189
Cerfontaine,93010,2020-11-04,4,193
Cerfontaine,93010,2020-11-05,7,200
Cerfontaine,93010,2020-11-06,12,212
Cerfontaine,93010,2020-11-07,7,219
Cerfontaine,93010,2020-11-08,1,220
Cerfontaine,93010,2020-11-09,0,220
Cerfontaine,93010,2020-11-10,1,221
Cerfontaine,93010,2020-11-11,2,223
Couvin,93014,2020-04-01,0,9
Couvin,93014,2020-04-02,2,11
Couvin,93014,2020-04-03,0,11
Couvin,93014,2020-04-04,2,13
Couvin,93014,2020-04-05,0,13
Couvin,93014,2020-04-06,2,15
Couvin,93014,2020-04-07,0,15
Couvin,93014,2020-04-08,18,33
Couvin,93014,2020-04-09,0,33
Couvin,93014,2020-04-10,4,37
Couvin,93014,2020-04-11,1,38
Couvin,93014,2020-04-12,4,42
Couvin,93014,2020-04-13,0,42
Couvin,93014,2020-04-14,0,42
Couvin,93014,2020-04-15,0,42
Couvin,93014,2020-04-16,6,48
Couvin,93014,2020-04-17,0,48
Couvin,93014,2020-04-18,1,49
Couvin,93014,2020-04-19,0,49
Couvin,93014,2020-04-20,2,51
Couvin,93014,2020-04-21,0,51
Couvin,93014,2020-04-22,1,52
Couvin,93014,2020-04-23,1,53
Couvin,93014,2020-04-24,1,54
Couvin,93014,2020-04-25,0,54
Couvin,93014,2020-04-26,1,55
Couvin,93014,2020-04-27,0,55
Couvin,93014,2020-04-28,1,56
Couvin,93014,2020-04-29,1,57
Couvin,93014,2020-04-30,1,58
Couvin,93014,2020-05-01,0,58
Couvin,93014,2020-05-02,1,59
Couvin,93014,2020-05-03,0,59
Couvin,93014,2020-05-04,0,59
Couvin,93014,2020-05-05,0,59
Couvin,93014,2020-05-06,0,59
Couvin,93014,2020-05-07,0,59
Couvin,93014,2020-05-08,0,59
Couvin,93014,2020-05-09,3,62
Couvin,93014,2020-05-10,0,62
Couvin,93014,2020-05-11,0,62
Couvin,93014,2020-05-12,0,62
Couvin,93014,2020-05-13,3,65
Couvin,93014,2020-05-14,0,65
Couvin,93014,2020-05-15,0,65
Couvin,93014,2020-05-16,0,65
Couvin,93014,2020-05-17,0,65
Couvin,93014,2020-05-18,1,66
Couvin,93014,2020-05-19,0,66
Couvin,93014,2020-05-20,0,66
Couvin,93014,2020-05-21,0,66
Couvin,93014,2020-05-22,0,66
Couvin,93014,2020-05-23,0,66
Couvin,93014,2020-05-24,0,66
Couvin,93014,2020-05-25,0,66
Couvin,93014,2020-05-26,0,66
Couvin,93014,2020-05-27,0,66
Couvin,93014,2020-05-28,1,67
Couvin,93014,2020-05-29,0,67
Couvin,93014,2020-05-30,0,67
Couvin,93014,2020-05-31,0,67
Couvin,93014,2020-06-01,0,67
Couvin,93014,2020-06-02,1,68
Couvin,93014,2020-06-03,0,68
Couvin,93014,2020-06-04,0,68
Couvin,93014,2020-06-05,0,68
Couvin,93014,2020-06-06,0,68
Couvin,93014,2020-06-07,0,68
Couvin,93014,2020-06-08,0,68
Couvin,93014,2020-06-09,0,68
Couvin,93014,2020-06-10,0,68
Couvin,93014,2020-06-11,1,69
Couvin,93014,2020-06-12,0,69
Couvin,93014,2020-06-13,0,69
Couvin,93014,2020-06-14,0,69
Couvin,93014,2020-06-15,0,69
Couvin,93014,2020-06-16,0,69
Couvin,93014,2020-06-17,0,69
Couvin,93014,2020-06-18,0,69
Couvin,93014,2020-06-19,0,69
Couvin,93014,2020-06-20,0,69
Couvin,93014,2020-06-23,0,69
Couvin,93014,2020-06-24,0,69
Couvin,93014,2020-06-25,0,69
Couvin,93014,2020-06-26,0,69
Couvin,93014,2020-06-27,0,69
Couvin,93014,2020-06-30,0,69
Couvin,93014,2020-07-01,0,69
Couvin,93014,2020-07-02,0,69
Couvin,93014,2020-07-03,0,69
Couvin,93014,2020-07-04,0,69
Couvin,93014,2020-07-07,0,69
Couvin,93014,2020-07-08,0,69
Couvin,93014,2020-07-09,0,69
Couvin,93014,2020-07-10,0,69
Couvin,93014,2020-07-11,0,69
Couvin,93014,2020-07-14,0,69
Couvin,93014,2020-07-15,0,69
Couvin,93014,2020-07-16,0,69
Couvin,93014,2020-07-17,0,69
Couvin,93014,2020-07-18,0,69
Couvin,93014,2020-07-20,0,69
Couvin,93014,2020-07-21,1,70
Couvin,93014,2020-07-22,0,70
Couvin,93014,2020-07-23,0,70
Couvin,93014,2020-07-24,0,70
Couvin,93014,2020-07-25,0,70
Couvin,93014,2020-07-26,0,70
Couvin,93014,2020-07-27,0,70
Couvin,93014,2020-07-28,0,70
Couvin,93014,2020-07-29,0,70
Couvin,93014,2020-07-30,0,70
Couvin,93014,2020-07-31,0,70
Couvin,93014,2020-08-01,0,70
Couvin,93014,2020-08-02,0,70
Couvin,93014,2020-08-03,0,70
Couvin,93014,2020-08-04,0,70
Couvin,93014,2020-08-05,0,70
Couvin,93014,2020-08-06,0,70
Couvin,93014,2020-08-07,1,71
Couvin,93014,2020-08-08,1,72
Couvin,93014,2020-08-09,0,72
Couvin,93014,2020-08-10,1,73
Couvin,93014,2020-08-11,0,73
Couvin,93014,2020-08-12,0,73
Couvin,93014,2020-08-13,0,73
Couvin,93014,2020-08-14,1,74
Couvin,93014,2020-08-15,0,74
Couvin,93014,2020-08-16,0,74
Couvin,93014,2020-08-17,2,76
Couvin,93014,2020-08-18,0,76
Couvin,93014,2020-08-19,0,76
Couvin,93014,2020-08-20,0,76
Couvin,93014,2020-08-21,6,82
Couvin,93014,2020-08-22,0,82
Couvin,93014,2020-08-23,3,85
Couvin,93014,2020-08-24,0,85
Couvin,93014,2020-08-25,1,86
Couvin,93014,2020-08-26,0,86
Couvin,93014,2020-08-27,0,86
Couvin,93014,2020-08-28,1,87
Couvin,93014,2020-08-29,0,87
Couvin,93014,2020-08-30,0,87
Couvin,93014,2020-08-31,0,87
Couvin,93014,2020-09-01,2,89
Couvin,93014,2020-09-02,1,90
Couvin,93014,2020-09-03,0,90
Couvin,93014,2020-09-04,0,90
Couvin,93014,2020-09-05,1,91
Couvin,93014,2020-09-06,0,91
Couvin,93014,2020-09-07,0,91
Couvin,93014,2020-09-08,0,91
Couvin,93014,2020-09-09,0,91
Couvin,93014,2020-09-10,0,91
Couvin,93014,2020-09-11,0,91
Couvin,93014,2020-09-12,0,91
Couvin,93014,2020-09-13,2,93
Couvin,93014,2020-09-14,1,94
Couvin,93014,2020-09-15,1,95
Couvin,93014,2020-09-16,0,95
Couvin,93014,2020-09-17,0,95
Couvin,93014,2020-09-18,0,95
Couvin,93014,2020-09-19,1,96
Couvin,93014,2020-09-20,0,96
Couvin,93014,2020-09-21,0,96
Couvin,93014,2020-09-22,0,96
Couvin,93014,2020-09-23,0,96
Couvin,93014,2020-09-24,4,100
Couvin,93014,2020-09-25,1,101
Couvin,93014,2020-09-26,3,104
Couvin,93014,2020-09-27,4,108
Couvin,93014,2020-09-28,5,113
Couvin,93014,2020-09-29,2,115
Couvin,93014,2020-09-30,7,122
Couvin,93014,2020-10-01,4,126
Couvin,93014,2020-10-02,6,132
Couvin,93014,2020-10-03,6,138
Couvin,93014,2020-10-04,6,144
Couvin,93014,2020-10-05,4,148
Couvin,93014,2020-10-06,7,155
Couvin,93014,2020-10-07,4,159
Couvin,93014,2020-10-08,6,165
Couvin,93014,2020-10-09,8,173
Couvin,93014,2020-10-10,8,181
Couvin,93014,2020-10-11,13,194
Couvin,93014,2020-10-12,5,199
Couvin,93014,2020-10-13,4,203
Couvin,93014,2020-10-14,15,218
Couvin,93014,2020-10-15,12,230
Couvin,93014,2020-10-16,19,249
Couvin,93014,2020-10-17,9,258
Couvin,93014,2020-10-18,17,275
Couvin,93014,2020-10-19,16,291
Couvin,93014,2020-10-20,12,303
Couvin,93014,2020-10-21,10,313
Couvin,93014,2020-10-22,14,327
Couvin,93014,2020-10-23,20,347
Couvin,93014,2020-10-24,35,382
Couvin,93014,2020-10-25,15,397
Couvin,93014,2020-10-26,30,427
Couvin,93014,2020-10-27,26,453
Couvin,93014,2020-10-28,32,485
Couvin,93014,2020-10-29,40,525
Couvin,93014,2020-10-30,48,573
Couvin,93014,2020-10-31,22,595
Couvin,93014,2020-11-01,28,623
Couvin,93014,2020-11-02,35,658
Couvin,93014,2020-11-03,33,691
Couvin,93014,2020-11-04,4,695
Couvin,93014,2020-11-05,33,728
Couvin,93014,2020-11-06,20,748
Couvin,93014,2020-11-07,24,772
Couvin,93014,2020-11-08,3,775
Couvin,93014,2020-11-09,21,796
Couvin,93014,2020-11-10,2,798
Couvin,93014,2020-11-11,13,811
Florennes,93022,2020-04-01,0,9
Florennes,93022,2020-04-02,0,9
Florennes,93022,2020-04-03,0,9
Florennes,93022,2020-04-04,2,11
Florennes,93022,2020-04-05,1,12
Florennes,93022,2020-04-06,0,12
Florennes,93022,2020-04-07,0,12
Florennes,93022,2020-04-08,1,13
Florennes,93022,2020-04-09,1,14
Florennes,93022,2020-04-10,0,14
Florennes,93022,2020-04-11,0,14
Florennes,93022,2020-04-12,0,14
Florennes,93022,2020-04-13,2,16
Florennes,93022,2020-04-14,0,16
Florennes,93022,2020-04-15,2,18
Florennes,93022,2020-04-16,1,19
Florennes,93022,2020-04-17,0,19
Florennes,93022,2020-04-18,1,20
Florennes,93022,2020-04-19,0,20
Florennes,93022,2020-04-20,0,20
Florennes,93022,2020-04-21,0,20
Florennes,93022,2020-04-22,2,22
Florennes,93022,2020-04-23,0,22
Florennes,93022,2020-04-24,0,22
Florennes,93022,2020-04-25,1,23
Florennes,93022,2020-04-26,0,23
Florennes,93022,2020-04-27,1,24
Florennes,93022,2020-04-28,0,24
Florennes,93022,2020-04-29,1,25
Florennes,93022,2020-04-30,1,26
Florennes,93022,2020-05-01,2,28
Florennes,93022,2020-05-02,0,28
Florennes,93022,2020-05-03,0,28
Florennes,93022,2020-05-04,0,28
Florennes,93022,2020-05-05,0,28
Florennes,93022,2020-05-06,0,28
Florennes,93022,2020-05-07,1,29
Florennes,93022,2020-05-08,0,29
Florennes,93022,2020-05-09,0,29
Florennes,93022,2020-05-10,1,30
Florennes,93022,2020-05-11,0,30
Florennes,93022,2020-05-12,0,30
Florennes,93022,2020-05-13,0,30
Florennes,93022,2020-05-14,0,30
Florennes,93022,2020-05-15,0,30
Florennes,93022,2020-05-16,1,31
Florennes,93022,2020-05-17,0,31
Florennes,93022,2020-05-18,0,31
Florennes,93022,2020-05-19,0,31
Florennes,93022,2020-05-20,0,31
Florennes,93022,2020-05-21,0,31
Florennes,93022,2020-05-22,0,31
Florennes,93022,2020-05-23,0,31
Florennes,93022,2020-05-24,0,31
Florennes,93022,2020-05-25,0,31
Florennes,93022,2020-05-26,0,31
Florennes,93022,2020-05-27,0,31
Florennes,93022,2020-05-28,0,31
Florennes,93022,2020-05-29,0,31
Florennes,93022,2020-05-30,0,31
Florennes,93022,2020-05-31,0,31
Florennes,93022,2020-06-01,0,31
Florennes,93022,2020-06-02,0,31
Florennes,93022,2020-06-03,0,31
Florennes,93022,2020-06-04,0,31
Florennes,93022,2020-06-05,0,31
Florennes,93022,2020-06-06,0,31
Florennes,93022,2020-06-07,0,31
Florennes,93022,2020-06-08,0,31
Florennes,93022,2020-06-09,0,31
Florennes,93022,2020-06-10,0,31
Florennes,93022,2020-06-11,0,31
Florennes,93022,2020-06-12,0,31
Florennes,93022,2020-06-13,0,31
Florennes,93022,2020-06-14,0,31
Florennes,93022,2020-06-15,0,31
Florennes,93022,2020-06-16,0,31
Florennes,93022,2020-06-17,0,31
Florennes,93022,2020-06-18,0,31
Florennes,93022,2020-06-19,1,32
Florennes,93022,2020-06-20,0,32
Florennes,93022,2020-06-23,0,32
Florennes,93022,2020-06-24,0,32
Florennes,93022,2020-06-25,0,32
Florennes,93022,2020-06-26,0,32
Florennes,93022,2020-06-27,0,32
Florennes,93022,2020-06-30,0,32
Florennes,93022,2020-07-01,0,32
Florennes,93022,2020-07-02,0,32
Florennes,93022,2020-07-03,0,32
Florennes,93022,2020-07-04,0,32
Florennes,93022,2020-07-07,0,32
Florennes,93022,2020-07-08,0,32
Florennes,93022,2020-07-09,0,32
Florennes,93022,2020-07-10,0,32
Florennes,93022,2020-07-11,0,32
Florennes,93022,2020-07-14,0,32
Florennes,93022,2020-07-15,1,33
Florennes,93022,2020-07-16,0,33
Florennes,93022,2020-07-17,1,34
Florennes,93022,2020-07-18,1,35
Florennes,93022,2020-07-20,0,35
Florennes,93022,2020-07-21,0,35
Florennes,93022,2020-07-22,0,35
Florennes,93022,2020-07-23,0,35
Florennes,93022,2020-07-24,0,35
Florennes,93022,2020-07-25,1,36
Florennes,93022,2020-07-26,2,38
Florennes,93022,2020-07-27,0,38
Florennes,93022,2020-07-28,0,38
Florennes,93022,2020-07-29,0,38
Florennes,93022,2020-07-30,0,38
Florennes,93022,2020-07-31,0,38
Florennes,93022,2020-08-01,3,41
Florennes,93022,2020-08-02,0,41
Florennes,93022,2020-08-03,0,41
Florennes,93022,2020-08-04,0,41
Florennes,93022,2020-08-05,0,41
Florennes,93022,2020-08-06,0,41
Florennes,93022,2020-08-07,0,41
Florennes,93022,2020-08-08,0,41
Florennes,93022,2020-08-09,0,41
Florennes,93022,2020-08-10,4,45
Florennes,93022,2020-08-11,0,45
Florennes,93022,2020-08-12,0,45
Florennes,93022,2020-08-13,0,45
Florennes,93022,2020-08-14,3,48
Florennes,93022,2020-08-15,0,48
Florennes,93022,2020-08-16,1,49
Florennes,93022,2020-08-17,1,50
Florennes,93022,2020-08-18,0,50
Florennes,93022,2020-08-19,0,50
Florennes,93022,2020-08-20,7,57
Florennes,93022,2020-08-21,9,66
Florennes,93022,2020-08-22,0,66
Florennes,93022,2020-08-23,3,69
Florennes,93022,2020-08-24,0,69
Florennes,93022,2020-08-25,0,69
Florennes,93022,2020-08-26,0,69
Florennes,93022,2020-08-27,0,69
Florennes,93022,2020-08-28,0,69
Florennes,93022,2020-08-29,0,69
Florennes,93022,2020-08-30,0,69
Florennes,93022,2020-08-31,0,69
Florennes,93022,2020-09-01,0,69
Florennes,93022,2020-09-02,0,69
Florennes,93022,2020-09-03,0,69
Florennes,93022,2020-09-04,0,69
Florennes,93022,2020-09-05,0,69
Florennes,93022,2020-09-06,0,69
Florennes,93022,2020-09-07,0,69
Florennes,93022,2020-09-08,0,69
Florennes,93022,2020-09-09,0,69
Florennes,93022,2020-09-10,1,70
Florennes,93022,2020-09-11,0,70
Florennes,93022,2020-09-12,0,70
Florennes,93022,2020-09-13,0,70
Florennes,93022,2020-09-14,0,70
Florennes,93022,2020-09-15,0,70
Florennes,93022,2020-09-16,1,71
Florennes,93022,2020-09-17,0,71
Florennes,93022,2020-09-18,1,72
Florennes,93022,2020-09-19,3,75
Florennes,93022,2020-09-20,0,75
Florennes,93022,2020-09-21,1,76
Florennes,93022,2020-09-22,1,77
Florennes,93022,2020-09-23,0,77
Florennes,93022,2020-09-24,0,77
Florennes,93022,2020-09-25,0,77
Florennes,93022,2020-09-26,1,78
Florennes,93022,2020-09-27,0,78
Florennes,93022,2020-09-28,0,78
Florennes,93022,2020-09-29,0,78
Florennes,93022,2020-09-30,3,81
Florennes,93022,2020-10-01,0,81
Florennes,93022,2020-10-02,0,81
Florennes,93022,2020-10-03,3,84
Florennes,93022,2020-10-04,2,86
Florennes,93022,2020-10-05,5,91
Florennes,93022,2020-10-06,0,91
Florennes,93022,2020-10-07,0,91
Florennes,93022,2020-10-08,1,92
Florennes,93022,2020-10-09,4,96
Florennes,93022,2020-10-10,11,107
Florennes,93022,2020-10-11,5,112
Florennes,93022,2020-10-12,8,120
Florennes,93022,2020-10-13,2,122
Florennes,93022,2020-10-14,8,130
Florennes,93022,2020-10-15,7,137
Florennes,93022,2020-10-16,7,144
Florennes,93022,2020-10-17,7,151
Florennes,93022,2020-10-18,8,159
Florennes,93022,2020-10-19,16,175
Florennes,93022,2020-10-20,10,185
Florennes,93022,2020-10-21,2,187
Florennes,93022,2020-10-22,25,212
Florennes,93022,2020-10-23,17,229
Florennes,93022,2020-10-24,26,255
Florennes,93022,2020-10-25,12,267
Florennes,93022,2020-10-26,13,280
Florennes,93022,2020-10-27,12,292
Florennes,93022,2020-10-28,16,308
Florennes,93022,2020-10-29,26,334
Florennes,93022,2020-10-30,32,366
Florennes,93022,2020-10-31,28,394
Florennes,93022,2020-11-01,25,419
Florennes,93022,2020-11-02,14,433
Florennes,93022,2020-11-03,5,438
Florennes,93022,2020-11-04,3,441
Florennes,93022,2020-11-05,20,461
Florennes,93022,2020-11-06,10,471
Florennes,93022,2020-11-07,10,481
Florennes,93022,2020-11-08,13,494
Florennes,93022,2020-11-09,12,506
Florennes,93022,2020-11-10,2,508
Florennes,93022,2020-11-11,9,517
Philippeville,93056,2020-04-01,0,0
Philippeville,93056,2020-04-02,0,0
Philippeville,93056,2020-04-03,0,0
Philippeville,93056,2020-04-04,6,6
Philippeville,93056,2020-04-05,0,6
Philippeville,93056,2020-04-06,0,6
Philippeville,93056,2020-04-07,0,6
Philippeville,93056,2020-04-08,2,8
Philippeville,93056,2020-04-09,0,8
Philippeville,93056,2020-04-10,0,8
Philippeville,93056,2020-04-11,0,8
Philippeville,93056,2020-04-12,0,8
Philippeville,93056,2020-04-13,0,8
Philippeville,93056,2020-04-14,0,8
Philippeville,93056,2020-04-15,0,8
Philippeville,93056,2020-04-16,0,8
Philippeville,93056,2020-04-17,0,8
Philippeville,93056,2020-04-18,1,9
Philippeville,93056,2020-04-19,0,9
Philippeville,93056,2020-04-20,0,9
Philippeville,93056,2020-04-21,1,10
Philippeville,93056,2020-04-22,0,10
Philippeville,93056,2020-04-23,0,10
Philippeville,93056,2020-04-24,3,13
Philippeville,93056,2020-04-25,0,13
Philippeville,93056,2020-04-26,1,14
Philippeville,93056,2020-04-27,0,14
Philippeville,93056,2020-04-28,1,15
Philippeville,93056,2020-04-29,0,15
Philippeville,93056,2020-04-30,0,15
Philippeville,93056,2020-05-01,0,15
Philippeville,93056,2020-05-02,0,15
Philippeville,93056,2020-05-03,0,15
Philippeville,93056,2020-05-04,0,15
Philippeville,93056,2020-05-05,0,15
Philippeville,93056,2020-05-06,0,15
Philippeville,93056,2020-05-07,0,15
Philippeville,93056,2020-05-08,0,15
Philippeville,93056,2020-05-09,0,15
Philippeville,93056,2020-05-10,0,15
Philippeville,93056,2020-05-11,0,15
Philippeville,93056,2020-05-12,0,15
Philippeville,93056,2020-05-13,0,15
Philippeville,93056,2020-05-14,0,15
Philippeville,93056,2020-05-15,0,15
Philippeville,93056,2020-05-16,0,15
Philippeville,93056,2020-05-17,0,15
Philippeville,93056,2020-05-18,0,15
Philippeville,93056,2020-05-19,0,15
Philippeville,93056,2020-05-20,0,15
Philippeville,93056,2020-05-21,0,15
Philippeville,93056,2020-05-22,0,15
Philippeville,93056,2020-05-23,0,15
Philippeville,93056,2020-05-24,0,15
Philippeville,93056,2020-05-25,0,15
Philippeville,93056,2020-05-26,0,15
Philippeville,93056,2020-05-27,0,15
Philippeville,93056,2020-05-28,0,15
Philippeville,93056,2020-05-29,0,15
Philippeville,93056,2020-05-30,1,16
Philippeville,93056,2020-05-31,0,16
Philippeville,93056,2020-06-01,0,16
Philippeville,93056,2020-06-02,0,16
Philippeville,93056,2020-06-03,0,16
Philippeville,93056,2020-06-04,0,16
Philippeville,93056,2020-06-05,0,16
Philippeville,93056,2020-06-06,0,16
Philippeville,93056,2020-06-07,0,16
Philippeville,93056,2020-06-08,0,16
Philippeville,93056,2020-06-09,0,16
Philippeville,93056,2020-06-10,0,16
Philippeville,93056,2020-06-11,0,16
Philippeville,93056,2020-06-12,0,16
Philippeville,93056,2020-06-13,0,16
Philippeville,93056,2020-06-14,0,16
Philippeville,93056,2020-06-15,0,16
Philippeville,93056,2020-06-16,0,16
Philippeville,93056,2020-06-17,0,16
Philippeville,93056,2020-06-18,0,16
Philippeville,93056,2020-06-19,0,16
Philippeville,93056,2020-06-20,0,16
Philippeville,93056,2020-06-23,0,16
Philippeville,93056,2020-06-24,0,16
Philippeville,93056,2020-06-25,0,16
Philippeville,93056,2020-06-26,0,16
Philippeville,93056,2020-06-27,0,16
Philippeville,93056,2020-06-30,0,16
Philippeville,93056,2020-07-01,0,16
Philippeville,93056,2020-07-02,0,16
Philippeville,93056,2020-07-03,0,16
Philippeville,93056,2020-07-04,0,16
Philippeville,93056,2020-07-07,0,16
Philippeville,93056,2020-07-08,0,16
Philippeville,93056,2020-07-09,0,16
Philippeville,93056,2020-07-10,0,16
Philippeville,93056,2020-07-11,0,16
Philippeville,93056,2020-07-14,0,16
Philippeville,93056,2020-07-15,0,16
Philippeville,93056,2020-07-16,0,16
Philippeville,93056,2020-07-17,0,16
Philippeville,93056,2020-07-18,0,16
Philippeville,93056,2020-07-20,0,16
Philippeville,93056,2020-07-21,0,16
Philippeville,93056,2020-07-22,0,16
Philippeville,93056,2020-07-23,0,16
Philippeville,93056,2020-07-24,0,16
Philippeville,93056,2020-07-25,0,16
Philippeville,93056,2020-07-26,2,18
Philippeville,93056,2020-07-27,0,18
Philippeville,93056,2020-07-28,0,18
Philippeville,93056,2020-07-29,1,19
Philippeville,93056,2020-07-30,0,19
Philippeville,93056,2020-07-31,0,19
Philippeville,93056,2020-08-01,0,19
Philippeville,93056,2020-08-02,0,19
Philippeville,93056,2020-08-03,1,20
Philippeville,93056,2020-08-04,0,20
Philippeville,93056,2020-08-05,0,20
Philippeville,93056,2020-08-06,0,20
Philippeville,93056,2020-08-07,0,20
Philippeville,93056,2020-08-08,0,20
Philippeville,93056,2020-08-09,0,20
Philippeville,93056,2020-08-10,0,20
Philippeville,93056,2020-08-11,0,20
Philippeville,93056,2020-08-12,0,20
Philippeville,93056,2020-08-13,0,20
Philippeville,93056,2020-08-14,0,20
Philippeville,93056,2020-08-15,1,21
Philippeville,93056,2020-08-16,1,22
Philippeville,93056,2020-08-17,0,22
Philippeville,93056,2020-08-18,0,22
Philippeville,93056,2020-08-19,0,22
Philippeville,93056,2020-08-20,0,22
Philippeville,93056,2020-08-21,1,23
Philippeville,93056,2020-08-22,0,23
Philippeville,93056,2020-08-23,0,23
Philippeville,93056,2020-08-24,1,24
Philippeville,93056,2020-08-25,1,25
Philippeville,93056,2020-08-26,0,25
Philippeville,93056,2020-08-27,0,25
Philippeville,93056,2020-08-28,1,26
Philippeville,93056,2020-08-29,1,27
Philippeville,93056,2020-08-30,0,27
Philippeville,93056,2020-08-31,0,27
Philippeville,93056,2020-09-01,0,27
Philippeville,93056,2020-09-02,0,27
Philippeville,93056,2020-09-03,0,27
Philippeville,93056,2020-09-04,0,27
Philippeville,93056,2020-09-05,0,27
Philippeville,93056,2020-09-06,0,27
Philippeville,93056,2020-09-07,0,27
Philippeville,93056,2020-09-08,0,27
Philippeville,93056,2020-09-09,0,27
Philippeville,93056,2020-09-10,0,27
Philippeville,93056,2020-09-11,0,27
Philippeville,93056,2020-09-12,0,27
Philippeville,93056,2020-09-13,0,27
Philippeville,93056,2020-09-14,0,27
Philippeville,93056,2020-09-15,0,27
Philippeville,93056,2020-09-16,0,27
Philippeville,93056,2020-09-17,2,29
Philippeville,93056,2020-09-18,1,30
Philippeville,93056,2020-09-19,0,30
Philippeville,93056,2020-09-20,0,30
Philippeville,93056,2020-09-21,0,30
Philippeville,93056,2020-09-22,0,30
Philippeville,93056,2020-09-23,0,30
Philippeville,93056,2020-09-24,0,30
Philippeville,93056,2020-09-25,4,34
Philippeville,93056,2020-09-26,0,34
Philippeville,93056,2020-09-27,1,35
Philippeville,93056,2020-09-28,0,35
Philippeville,93056,2020-09-29,0,35
Philippeville,93056,2020-09-30,2,37
Philippeville,93056,2020-10-01,1,38
Philippeville,93056,2020-10-02,0,38
Philippeville,93056,2020-10-03,4,42
Philippeville,93056,2020-10-04,5,47
Philippeville,93056,2020-10-05,3,50
Philippeville,93056,2020-10-06,0,50
Philippeville,93056,2020-10-07,2,52
Philippeville,93056,2020-10-08,4,56
Philippeville,93056,2020-10-09,5,61
Philippeville,93056,2020-10-10,9,70
Philippeville,93056,2020-10-11,3,73
Philippeville,93056,2020-10-12,8,81
Philippeville,93056,2020-10-13,2,83
Philippeville,93056,2020-10-14,10,93
Philippeville,93056,2020-10-15,11,104
Philippeville,93056,2020-10-16,40,144
Philippeville,93056,2020-10-17,11,155
Philippeville,93056,2020-10-18,5,160
Philippeville,93056,2020-10-19,18,178
Philippeville,93056,2020-10-20,5,183
Philippeville,93056,2020-10-21,6,189
Philippeville,93056,2020-10-22,19,208
Philippeville,93056,2020-10-23,13,221
Philippeville,93056,2020-10-24,20,241
Philippeville,93056,2020-10-25,16,257
Philippeville,93056,2020-10-26,25,282
Philippeville,93056,2020-10-27,17,299
Philippeville,93056,2020-10-28,6,305
Philippeville,93056,2020-10-29,25,330
Philippeville,93056,2020-10-30,26,356
Philippeville,93056,2020-10-31,26,382
Philippeville,93056,2020-11-01,20,402
Philippeville,93056,2020-11-02,16,418
Philippeville,93056,2020-11-03,13,431
Philippeville,93056,2020-11-04,7,438
Philippeville,93056,2020-11-05,23,461
Philippeville,93056,2020-11-06,8,469
Philippeville,93056,2020-11-07,15,484
Philippeville,93056,2020-11-08,5,489
Philippeville,93056,2020-11-09,3,492
Philippeville,93056,2020-11-10,2,494
Philippeville,93056,2020-11-11,1,495
Walcourt,93088,2020-04-01,0,0
Walcourt,93088,2020-04-02,6,6
Walcourt,93088,2020-04-03,0,6
Walcourt,93088,2020-04-04,6,12
Walcourt,93088,2020-04-05,0,12
Walcourt,93088,2020-04-06,4,16
Walcourt,93088,2020-04-07,0,16
Walcourt,93088,2020-04-08,2,18
Walcourt,93088,2020-04-09,1,19
Walcourt,93088,2020-04-10,3,22
Walcourt,93088,2020-04-11,2,24
Walcourt,93088,2020-04-12,2,26
Walcourt,93088,2020-04-13,0,26
Walcourt,93088,2020-04-14,0,26
Walcourt,93088,2020-04-15,3,29
Walcourt,93088,2020-04-16,0,29
Walcourt,93088,2020-04-17,2,31
Walcourt,93088,2020-04-18,2,33
Walcourt,93088,2020-04-19,1,34
Walcourt,93088,2020-04-20,0,34
Walcourt,93088,2020-04-21,2,36
Walcourt,93088,2020-04-22,7,43
Walcourt,93088,2020-04-23,1,44
Walcourt,93088,2020-04-24,13,57
Walcourt,93088,2020-04-25,0,57
Walcourt,93088,2020-04-26,0,57
Walcourt,93088,2020-04-27,0,57
Walcourt,93088,2020-04-28,0,57
Walcourt,93088,2020-04-29,0,57
Walcourt,93088,2020-04-30,0,57
Walcourt,93088,2020-05-01,0,57
Walcourt,93088,2020-05-02,1,58
Walcourt,93088,2020-05-03,1,59
Walcourt,93088,2020-05-04,0,59
Walcourt,93088,2020-05-05,0,59
Walcourt,93088,2020-05-06,0,59
Walcourt,93088,2020-05-07,1,60
Walcourt,93088,2020-05-08,0,60
Walcourt,93088,2020-05-09,0,60
Walcourt,93088,2020-05-10,1,61
Walcourt,93088,2020-05-11,0,61
Walcourt,93088,2020-05-12,1,62
Walcourt,93088,2020-05-13,0,62
Walcourt,93088,2020-05-14,0,62
Walcourt,93088,2020-05-15,1,63
Walcourt,93088,2020-05-16,0,63
Walcourt,93088,2020-05-17,0,63
Walcourt,93088,2020-05-18,0,63
Walcourt,93088,2020-05-19,0,63
Walcourt,93088,2020-05-20,0,63
Walcourt,93088,2020-05-21,0,63
Walcourt,93088,2020-05-22,2,65
Walcourt,93088,2020-05-23,0,65
Walcourt,93088,2020-05-24,0,65
Walcourt,93088,2020-05-25,0,65
Walcourt,93088,2020-05-26,0,65
Walcourt,93088,2020-05-27,0,65
Walcourt,93088,2020-05-28,0,65
Walcourt,93088,2020-05-29,0,65
Walcourt,93088,2020-05-30,0,65
Walcourt,93088,2020-05-31,0,65
Walcourt,93088,2020-06-01,0,65
Walcourt,93088,2020-06-02,0,65
Walcourt,93088,2020-06-03,0,65
Walcourt,93088,2020-06-04,0,65
Walcourt,93088,2020-06-05,0,65
Walcourt,93088,2020-06-06,0,65
Walcourt,93088,2020-06-07,0,65
Walcourt,93088,2020-06-08,0,65
Walcourt,93088,2020-06-09,0,65
Walcourt,93088,2020-06-10,0,65
Walcourt,93088,2020-06-11,0,65
Walcourt,93088,2020-06-12,0,65
Walcourt,93088,2020-06-13,0,65
Walcourt,93088,2020-06-14,0,65
Walcourt,93088,2020-06-15,0,65
Walcourt,93088,2020-06-16,0,65
Walcourt,93088,2020-06-17,0,65
Walcourt,93088,2020-06-18,0,65
Walcourt,93088,2020-06-19,0,65
Walcourt,93088,2020-06-20,0,65
Walcourt,93088,2020-06-23,0,65
Walcourt,93088,2020-06-24,0,65
Walcourt,93088,2020-06-25,0,65
Walcourt,93088,2020-06-26,0,65
Walcourt,93088,2020-06-27,0,65
Walcourt,93088,2020-06-30,0,65
Walcourt,93088,2020-07-01,0,65
Walcourt,93088,2020-07-02,0,65
Walcourt,93088,2020-07-03,0,65
Walcourt,93088,2020-07-04,0,65
Walcourt,93088,2020-07-07,0,65
Walcourt,93088,2020-07-08,0,65
Walcourt,93088,2020-07-09,0,65
Walcourt,93088,2020-07-10,0,65
Walcourt,93088,2020-07-11,0,65
Walcourt,93088,2020-07-14,0,65
Walcourt,93088,2020-07-15,0,65
Walcourt,93088,2020-07-16,0,65
Walcourt,93088,2020-07-17,0,65
Walcourt,93088,2020-07-18,0,65
Walcourt,93088,2020-07-20,0,65
Walcourt,93088,2020-07-21,0,65
Walcourt,93088,2020-07-22,0,65
Walcourt,93088,2020-07-23,0,65
Walcourt,93088,2020-07-24,0,65
Walcourt,93088,2020-07-25,3,68
Walcourt,93088,2020-07-26,0,68
Walcourt,93088,2020-07-27,0,68
Walcourt,93088,2020-07-28,0,68
Walcourt,93088,2020-07-29,0,68
Walcourt,93088,2020-07-30,0,68
Walcourt,93088,2020-07-31,1,69
Walcourt,93088,2020-08-01,0,69
Walcourt,93088,2020-08-02,0,69
Walcourt,93088,2020-08-03,0,69
Walcourt,93088,2020-08-04,0,69
Walcourt,93088,2020-08-05,0,69
Walcourt,93088,2020-08-06,0,69
Walcourt,93088,2020-08-07,1,70
Walcourt,93088,2020-08-08,0,70
Walcourt,93088,2020-08-09,0,70
Walcourt,93088,2020-08-10,0,70
Walcourt,93088,2020-08-11,0,70
Walcourt,93088,2020-08-12,0,70
Walcourt,93088,2020-08-13,0,70
Walcourt,93088,2020-08-14,0,70
Walcourt,93088,2020-08-15,0,70
Walcourt,93088,2020-08-16,3,73
Walcourt,93088,2020-08-17,0,73
Walcourt,93088,2020-08-18,0,73
Walcourt,93088,2020-08-19,0,73
Walcourt,93088,2020-08-20,0,73
Walcourt,93088,2020-08-21,0,73
Walcourt,93088,2020-08-22,1,74
Walcourt,93088,2020-08-23,1,75
Walcourt,93088,2020-08-24,1,76
Walcourt,93088,2020-08-25,0,76
Walcourt,93088,2020-08-26,0,76
Walcourt,93088,2020-08-27,0,76
Walcourt,93088,2020-08-28,0,76
Walcourt,93088,2020-08-29,0,76
Walcourt,93088,2020-08-30,0,76
Walcourt,93088,2020-08-31,0,76
Walcourt,93088,2020-09-01,0,76
Walcourt,93088,2020-09-02,0,76
Walcourt,93088,2020-09-03,0,76
Walcourt,93088,2020-09-04,0,76
Walcourt,93088,2020-09-05,3,79
Walcourt,93088,2020-09-06,1,80
Walcourt,93088,2020-09-07,2,82
Walcourt,93088,2020-09-08,0,82
Walcourt,93088,2020-09-09,0,82
Walcourt,93088,2020-09-10,1,83
Walcourt,93088,2020-09-11,0,83
Walcourt,93088,2020-09-12,0,83
Walcourt,93088,2020-09-13,0,83
Walcourt,93088,2020-09-14,2,85
Walcourt,93088,2020-09-15,2,87
Walcourt,93088,2020-09-16,2,89
Walcourt,93088,2020-09-17,3,92
Walcourt,93088,2020-09-18,0,92
Walcourt,93088,2020-09-19,3,95
Walcourt,93088,2020-09-20,5,100
Walcourt,93088,2020-09-21,1,101
Walcourt,93088,2020-09-22,2,103
Walcourt,93088,2020-09-23,4,107
Walcourt,93088,2020-09-24,0,107
Walcourt,93088,2020-09-25,5,112
Walcourt,93088,2020-09-26,3,115
Walcourt,93088,2020-09-27,6,121
Walcourt,93088,2020-09-28,1,122
Walcourt,93088,2020-09-29,0,122
Walcourt,93088,2020-09-30,6,128
Walcourt,93088,2020-10-01,7,135
Walcourt,93088,2020-10-02,9,144
Walcourt,93088,2020-10-03,10,154
Walcourt,93088,2020-10-04,4,158
Walcourt,93088,2020-10-05,5,163
Walcourt,93088,2020-10-06,8,171
Walcourt,93088,2020-10-07,3,174
Walcourt,93088,2020-10-08,2,176
Walcourt,93088,2020-10-09,17,193
Walcourt,93088,2020-10-10,8,201
Walcourt,93088,2020-10-11,9,210
Walcourt,93088,2020-10-12,16,226
Walcourt,93088,2020-10-13,8,234
Walcourt,93088,2020-10-14,16,250
Walcourt,93088,2020-10-15,13,263
Walcourt,93088,2020-10-16,16,279
Walcourt,93088,2020-10-17,18,297
Walcourt,93088,2020-10-18,15,312
Walcourt,93088,2020-10-19,13,325
Walcourt,93088,2020-10-20,13,338
Walcourt,93088,2020-10-21,19,357
Walcourt,93088,2020-10-22,36,393
Walcourt,93088,2020-10-23,23,416
Walcourt,93088,2020-10-24,35,451
Walcourt,93088,2020-10-25,46,497
Walcourt,93088,2020-10-26,42,539
Walcourt,93088,2020-10-27,18,557
Walcourt,93088,2020-10-28,18,575
Walcourt,93088,2020-10-29,34,609
Walcourt,93088,2020-10-30,36,645
Walcourt,93088,2020-10-31,67,712
Walcourt,93088,2020-11-01,75,787
Walcourt,93088,2020-11-02,25,812
Walcourt,93088,2020-11-03,22,834
Walcourt,93088,2020-11-04,6,840
Walcourt,93088,2020-11-05,40,880
Walcourt,93088,2020-11-06,43,923
Walcourt,93088,2020-11-07,22,945
Walcourt,93088,2020-11-08,16,961
Walcourt,93088,2020-11-09,18,979
Walcourt,93088,2020-11-10,5,984
Walcourt,93088,2020-11-11,14,998
Viroinval,93090,2020-04-01,5,5
Viroinval,93090,2020-04-02,0,5
Viroinval,93090,2020-04-03,0,5
Viroinval,93090,2020-04-04,2,7
Viroinval,93090,2020-04-05,0,7
Viroinval,93090,2020-04-06,3,10
Viroinval,93090,2020-04-07,0,10
Viroinval,93090,2020-04-08,0,10
Viroinval,93090,2020-04-09,0,10
Viroinval,93090,2020-04-10,0,10
Viroinval,93090,2020-04-11,0,10
Viroinval,93090,2020-04-12,0,10
Viroinval,93090,2020-04-13,0,10
Viroinval,93090,2020-04-14,0,10
Viroinval,93090,2020-04-15,0,10
Viroinval,93090,2020-04-16,1,11
Viroinval,93090,2020-04-17,0,11
Viroinval,93090,2020-04-18,0,11
Viroinval,93090,2020-04-19,0,11
Viroinval,93090,2020-04-20,1,12
Viroinval,93090,2020-04-21,0,12
Viroinval,93090,2020-04-22,0,12
Viroinval,93090,2020-04-23,0,12
Viroinval,93090,2020-04-24,0,12
Viroinval,93090,2020-04-25,0,12
Viroinval,93090,2020-04-26,0,12
Viroinval,93090,2020-04-27,0,12
Viroinval,93090,2020-04-28,0,12
Viroinval,93090,2020-04-29,0,12
Viroinval,93090,2020-04-30,0,12
Viroinval,93090,2020-05-01,0,12
Viroinval,93090,2020-05-02,0,12
Viroinval,93090,2020-05-03,0,12
Viroinval,93090,2020-05-04,0,12
Viroinval,93090,2020-05-05,0,12
Viroinval,93090,2020-05-06,0,12
Viroinval,93090,2020-05-07,0,12
Viroinval,93090,2020-05-08,0,12
Viroinval,93090,2020-05-09,0,12
Viroinval,93090,2020-05-10,0,12
Viroinval,93090,2020-05-11,0,12
Viroinval,93090,2020-05-12,0,12
Viroinval,93090,2020-05-13,0,12
Viroinval,93090,2020-05-14,0,12
Viroinval,93090,2020-05-15,0,12
Viroinval,93090,2020-05-16,0,12
Viroinval,93090,2020-05-17,0,12
Viroinval,93090,2020-05-18,0,12
Viroinval,93090,2020-05-19,0,12
Viroinval,93090,2020-05-20,0,12
Viroinval,93090,2020-05-21,0,12
Viroinval,93090,2020-05-22,0,12
Viroinval,93090,2020-05-23,0,12
Viroinval,93090,2020-05-24,0,12
Viroinval,93090,2020-05-25,0,12
Viroinval,93090,2020-05-26,0,12
Viroinval,93090,2020-05-27,0,12
Viroinval,93090,2020-05-28,0,12
Viroinval,93090,2020-05-29,2,14
Viroinval,93090,2020-05-30,0,14
Viroinval,93090,2020-05-31,0,14
Viroinval,93090,2020-06-01,0,14
Viroinval,93090,2020-06-02,1,15
Viroinval,93090,2020-06-03,0,15
Viroinval,93090,2020-06-04,0,15
Viroinval,93090,2020-06-05,0,15
Viroinval,93090,2020-06-06,0,15
Viroinval,93090,2020-06-07,0,15
Viroinval,93090,2020-06-08,0,15
Viroinval,93090,2020-06-09,0,15
Viroinval,93090,2020-06-10,0,15
Viroinval,93090,2020-06-11,0,15
Viroinval,93090,2020-06-12,0,15
Viroinval,93090,2020-06-13,0,15
Viroinval,93090,2020-06-14,0,15
Viroinval,93090,2020-06-15,0,15
Viroinval,93090,2020-06-16,0,15
Viroinval,93090,2020-06-17,0,15
Viroinval,93090,2020-06-18,0,15
Viroinval,93090,2020-06-19,0,15
Viroinval,93090,2020-06-20,0,15
Viroinval,93090,2020-06-23,0,15
Viroinval,93090,2020-06-24,0,15
Viroinval,93090,2020-06-25,0,15
Viroinval,93090,2020-06-26,0,15
Viroinval,93090,2020-06-27,0,15
Viroinval,93090,2020-06-30,0,15
Viroinval,93090,2020-07-01,0,15
Viroinval,93090,2020-07-02,0,15
Viroinval,93090,2020-07-03,0,15
Viroinval,93090,2020-07-04,0,15
Viroinval,93090,2020-07-07,0,15
Viroinval,93090,2020-07-08,0,15
Viroinval,93090,2020-07-09,0,15
Viroinval,93090,2020-07-10,0,15
Viroinval,93090,2020-07-11,0,15
Viroinval,93090,2020-07-14,0,15
Viroinval,93090,2020-07-15,0,15
Viroinval,93090,2020-07-16,0,15
Viroinval,93090,2020-07-17,0,15
Viroinval,93090,2020-07-18,0,15
Viroinval,93090,2020-07-20,0,15
Viroinval,93090,2020-07-21,0,15
Viroinval,93090,2020-07-22,0,15
Viroinval,93090,2020-07-23,0,15
Viroinval,93090,2020-07-24,0,15
Viroinval,93090,2020-07-25,0,15
Viroinval,93090,2020-07-26,0,15
Viroinval,93090,2020-07-27,0,15
Viroinval,93090,2020-07-28,1,16
Viroinval,93090,2020-07-29,0,16
Viroinval,93090,2020-07-30,0,16
Viroinval,93090,2020-07-31,0,16
Viroinval,93090,2020-08-01,0,16
Viroinval,93090,2020-08-02,0,16
Viroinval,93090,2020-08-03,1,17
Viroinval,93090,2020-08-04,0,17
Viroinval,93090,2020-08-05,0,17
Viroinval,93090,2020-08-06,0,17
Viroinval,93090,2020-08-07,0,17
Viroinval,93090,2020-08-08,0,17
Viroinval,93090,2020-08-09,0,17
Viroinval,93090,2020-08-10,0,17
Viroinval,93090,2020-08-11,0,17
Viroinval,93090,2020-08-12,0,17
Viroinval,93090,2020-08-13,0,17
Viroinval,93090,2020-08-14,0,17
Viroinval,93090,2020-08-15,0,17
Viroinval,93090,2020-08-16,0,17
Viroinval,93090,2020-08-17,0,17
Viroinval,93090,2020-08-18,0,17
Viroinval,93090,2020-08-19,0,17
Viroinval,93090,2020-08-20,0,17
Viroinval,93090,2020-08-21,0,17
Viroinval,93090,2020-08-22,0,17
Viroinval,93090,2020-08-23,0,17
Viroinval,93090,2020-08-24,0,17
Viroinval,93090,2020-08-25,1,18
Viroinval,93090,2020-08-26,0,18
Viroinval,93090,2020-08-27,0,18
Viroinval,93090,2020-08-28,0,18
Viroinval,93090,2020-08-29,0,18
Viroinval,93090,2020-08-30,0,18
Viroinval,93090,2020-08-31,0,18
Viroinval,93090,2020-09-01,0,18
Viroinval,93090,2020-09-02,0,18
Viroinval,93090,2020-09-03,0,18
Viroinval,93090,2020-09-04,0,18
Viroinval,93090,2020-09-05,0,18
Viroinval,93090,2020-09-06,0,18
Viroinval,93090,2020-09-07,0,18
Viroinval,93090,2020-09-08,0,18
Viroinval,93090,2020-09-09,0,18
Viroinval,93090,2020-09-10,0,18
Viroinval,93090,2020-09-11,0,18
Viroinval,93090,2020-09-12,0,18
Viroinval,93090,2020-09-13,0,18
Viroinval,93090,2020-09-14,0,18
Viroinval,93090,2020-09-15,0,18
Viroinval,93090,2020-09-16,0,18
Viroinval,93090,2020-09-17,0,18
Viroinval,93090,2020-09-18,0,18
Viroinval,93090,2020-09-19,0,18
Viroinval,93090,2020-09-20,0,18
Viroinval,93090,2020-09-21,0,18
Viroinval,93090,2020-09-22,0,18
Viroinval,93090,2020-09-23,0,18
Viroinval,93090,2020-09-24,0,18
Viroinval,93090,2020-09-25,0,18
Viroinval,93090,2020-09-26,0,18
Viroinval,93090,2020-09-27,1,19
Viroinval,93090,2020-09-28,0,19
Viroinval,93090,2020-09-29,0,19
Viroinval,93090,2020-09-30,0,19
Viroinval,93090,2020-10-01,0,19
Viroinval,93090,2020-10-02,0,19
Viroinval,93090,2020-10-03,0,19
Viroinval,93090,2020-10-04,1,20
Viroinval,93090,2020-10-05,1,21
Viroinval,93090,2020-10-06,0,21
Viroinval,93090,2020-10-07,3,24
Viroinval,93090,2020-10-08,7,31
Viroinval,93090,2020-10-09,4,35
Viroinval,93090,2020-10-10,1,36
Viroinval,93090,2020-10-11,5,41
Viroinval,93090,2020-10-12,4,45
Viroinval,93090,2020-10-13,2,47
Viroinval,93090,2020-10-14,4,51
Viroinval,93090,2020-10-15,2,53
Viroinval,93090,2020-10-16,4,57
Viroinval,93090,2020-10-17,3,60
Viroinval,93090,2020-10-18,4,64
Viroinval,93090,2020-10-19,6,70
Viroinval,93090,2020-10-20,1,71
Viroinval,93090,2020-10-21,0,71
Viroinval,93090,2020-10-22,5,76
Viroinval,93090,2020-10-23,3,79
Viroinval,93090,2020-10-24,11,90
Viroinval,93090,2020-10-25,5,95
Viroinval,93090,2020-10-26,7,102
Viroinval,93090,2020-10-27,7,109
Viroinval,93090,2020-10-28,0,109
Viroinval,93090,2020-10-29,14,123
Viroinval,93090,2020-10-30,10,133
Viroinval,93090,2020-10-31,10,143
Viroinval,93090,2020-11-01,8,151
Viroinval,93090,2020-11-02,7,158
Viroinval,93090,2020-11-03,6,164
Viroinval,93090,2020-11-04,1,165
Viroinval,93090,2020-11-05,12,177
Viroinval,93090,2020-11-06,4,181
Viroinval,93090,2020-11-07,8,189
Viroinval,93090,2020-11-08,2,191
Viroinval,93090,2020-11-09,9,200
Viroinval,93090,2020-11-10,3,203
Viroinval,93090,2020-11-11,7,210
NA,NA,2020-04-01,24,262
NA,NA,2020-04-02,18,280
NA,NA,2020-04-03,16,296
NA,NA,2020-04-04,16,312
NA,NA,2020-04-05,14,326
NA,NA,2020-04-06,38,364
NA,NA,2020-04-07,-3,361
NA,NA,2020-04-08,16,377
NA,NA,2020-04-09,12,389
NA,NA,2020-04-10,21,410
NA,NA,2020-04-11,9,419
NA,NA,2020-04-12,22,441
NA,NA,2020-04-13,3,444
NA,NA,2020-04-14,7,451
NA,NA,2020-04-15,53,504
NA,NA,2020-04-16,9,513
NA,NA,2020-04-17,20,533
NA,NA,2020-04-18,11,544
NA,NA,2020-04-19,15,559
NA,NA,2020-04-20,6,565
NA,NA,2020-04-21,13,578
NA,NA,2020-04-22,19,597
NA,NA,2020-04-23,64,661
NA,NA,2020-04-24,142,803
NA,NA,2020-04-25,118,921
NA,NA,2020-04-26,11,932
NA,NA,2020-04-27,8,940
NA,NA,2020-04-28,12,952
NA,NA,2020-04-29,15,967
NA,NA,2020-04-30,13,980
NA,NA,2020-05-01,11,991
NA,NA,2020-05-02,8,999
NA,NA,2020-05-03,26,1025
NA,NA,2020-05-04,11,1036
NA,NA,2020-05-05,6,1042
NA,NA,2020-05-06,6,1048
NA,NA,2020-05-07,11,1059
NA,NA,2020-05-08,42,1101
NA,NA,2020-05-09,7,1108
NA,NA,2020-05-10,16,1124
NA,NA,2020-05-11,20,1144
NA,NA,2020-05-12,20,1164
NA,NA,2020-05-13,9,1173
NA,NA,2020-05-14,3,1176
NA,NA,2020-05-15,3,1179
NA,NA,2020-05-16,9,1188
NA,NA,2020-05-17,9,1197
NA,NA,2020-05-18,7,1204
NA,NA,2020-05-19,5,1209
NA,NA,2020-05-20,3,1212
NA,NA,2020-05-21,6,1218
NA,NA,2020-05-22,8,1226
NA,NA,2020-05-23,9,1235
NA,NA,2020-05-24,9,1244
NA,NA,2020-05-25,3,1247
NA,NA,2020-05-26,30,1277
NA,NA,2020-05-27,3,1280
NA,NA,2020-05-28,4,1284
NA,NA,2020-05-29,1,1285
NA,NA,2020-05-30,3,1288
NA,NA,2020-05-31,7,1295
NA,NA,2020-06-01,2,1297
NA,NA,2020-06-02,0,1297
NA,NA,2020-06-03,1,1298
NA,NA,2020-06-04,1,1299
NA,NA,2020-06-05,10,1309
NA,NA,2020-06-06,4,1313
NA,NA,2020-06-07,5,1318
NA,NA,2020-06-08,4,1322
NA,NA,2020-06-09,0,1322
NA,NA,2020-06-10,6,1328
NA,NA,2020-06-11,8,1336
NA,NA,2020-06-12,-8,1328
NA,NA,2020-06-13,2,1330
NA,NA,2020-06-14,26,1356
NA,NA,2020-06-15,2,1358
NA,NA,2020-06-16,7,1365
NA,NA,2020-06-17,1,1366
NA,NA,2020-06-18,2,1368
NA,NA,2020-06-19,5,1373
NA,NA,2020-06-20,1,1374
NA,NA,2020-06-23,6,1380
NA,NA,2020-06-24,1,1381
NA,NA,2020-06-25,6,1387
NA,NA,2020-06-26,7,1394
NA,NA,2020-06-27,4,1398
NA,NA,2020-06-30,9,1407
NA,NA,2020-07-01,3,1410
NA,NA,2020-07-02,3,1413
NA,NA,2020-07-03,4,1417
NA,NA,2020-07-04,7,1424
NA,NA,2020-07-07,8,1432
NA,NA,2020-07-08,7,1439
NA,NA,2020-07-09,3,1442
NA,NA,2020-07-10,2,1444
NA,NA,2020-07-11,3,1447
NA,NA,2020-07-14,7,1454
NA,NA,2020-07-15,0,1454
NA,NA,2020-07-16,6,1460
NA,NA,2020-07-17,5,1465
NA,NA,2020-07-18,5,1470
NA,NA,2020-07-20,3,1473
NA,NA,2020-07-21,4,1477
NA,NA,2020-07-22,2,1479
NA,NA,2020-07-23,3,1482
NA,NA,2020-07-24,6,1488
NA,NA,2020-07-25,8,1496
NA,NA,2020-07-26,8,1504
NA,NA,2020-07-27,3,1507
NA,NA,2020-07-28,7,1514
NA,NA,2020-07-29,6,1520
NA,NA,2020-07-30,44,1564
NA,NA,2020-07-31,17,1581
NA,NA,2020-08-01,101,1682
NA,NA,2020-08-02,18,1700
NA,NA,2020-08-03,10,1710
NA,NA,2020-08-04,12,1722
NA,NA,2020-08-05,7,1729
NA,NA,2020-08-06,6,1735
NA,NA,2020-08-07,20,1755
NA,NA,2020-08-08,14,1769
NA,NA,2020-08-09,12,1781
NA,NA,2020-08-10,1,1782
NA,NA,2020-08-11,20,1802
NA,NA,2020-08-12,12,1814
NA,NA,2020-08-13,16,1830
NA,NA,2020-08-14,19,1849
NA,NA,2020-08-15,27,1876
NA,NA,2020-08-16,27,1903
NA,NA,2020-08-17,8,1911
NA,NA,2020-08-18,14,1925
NA,NA,2020-08-19,5,1930
NA,NA,2020-08-20,16,1946
NA,NA,2020-08-21,16,1962
NA,NA,2020-08-22,23,1985
NA,NA,2020-08-23,25,2010
NA,NA,2020-08-24,11,2021
NA,NA,2020-08-25,8,2029
NA,NA,2020-08-26,36,2065
NA,NA,2020-08-27,11,2076
NA,NA,2020-08-28,10,2086
NA,NA,2020-08-29,12,2098
NA,NA,2020-08-30,18,2116
NA,NA,2020-08-31,9,2125
NA,NA,2020-09-01,3,2128
NA,NA,2020-09-02,6,2134
NA,NA,2020-09-03,9,2143
NA,NA,2020-09-04,19,2162
NA,NA,2020-09-05,13,2175
NA,NA,2020-09-06,17,2192
NA,NA,2020-09-07,16,2208
NA,NA,2020-09-08,9,2217
NA,NA,2020-09-09,19,2236
NA,NA,2020-09-10,12,2248
NA,NA,2020-09-11,16,2264
NA,NA,2020-09-12,17,2281
NA,NA,2020-09-13,26,2307
NA,NA,2020-09-14,19,2326
NA,NA,2020-09-15,31,2357
NA,NA,2020-09-16,18,2375
NA,NA,2020-09-17,18,2393
NA,NA,2020-09-18,82,2475
NA,NA,2020-09-19,46,2521
NA,NA,2020-09-20,8,2529
NA,NA,2020-09-21,32,2561
NA,NA,2020-09-22,28,2589
NA,NA,2020-09-23,42,2631
NA,NA,2020-09-24,41,2672
NA,NA,2020-09-25,45,2717
NA,NA,2020-09-26,50,2767
NA,NA,2020-09-27,29,2796
NA,NA,2020-09-28,32,2828
NA,NA,2020-09-29,29,2857
NA,NA,2020-09-30,40,2897
NA,NA,2020-10-01,27,2924
NA,NA,2020-10-02,68,2992
NA,NA,2020-10-03,92,3084
NA,NA,2020-10-04,102,3186
NA,NA,2020-10-05,71,3257
NA,NA,2020-10-06,55,3312
NA,NA,2020-10-07,49,3361
NA,NA,2020-10-08,60,3421
NA,NA,2020-10-09,106,3527
NA,NA,2020-10-10,119,3646
NA,NA,2020-10-11,123,3769
NA,NA,2020-10-12,112,3881
NA,NA,2020-10-13,53,3934
NA,NA,2020-10-14,53,3987
NA,NA,2020-10-15,104,4091
NA,NA,2020-10-16,131,4222
NA,NA,2020-10-17,139,4361
NA,NA,2020-10-18,128,4489
NA,NA,2020-10-19,114,4603
NA,NA,2020-10-20,91,4694
NA,NA,2020-10-21,627,5321
NA,NA,2020-10-22,-354,4967
NA,NA,2020-10-23,251,5218
NA,NA,2020-10-24,236,5454
NA,NA,2020-10-25,256,5710
NA,NA,2020-10-26,200,5910
NA,NA,2020-10-27,138,6048
NA,NA,2020-10-28,177,6225
NA,NA,2020-10-29,244,6469
NA,NA,2020-10-30,256,6725
NA,NA,2020-10-31,272,6997
NA,NA,2020-11-01,190,7187
NA,NA,2020-11-02,138,7325
NA,NA,2020-11-03,85,7410
NA,NA,2020-11-04,84,7494
NA,NA,2020-11-05,234,7728
NA,NA,2020-11-06,181,7909
NA,NA,2020-11-07,114,8023
NA,NA,2020-11-08,90,8113
NA,NA,2020-11-09,193,8306
NA,NA,2020-11-10,46,8352
NA,NA,2020-11-11,67,8419
Wortegem-Petegem,45061,2020-04-02,0,0
Wortegem-Petegem,45061,2020-04-03,5,5
Wortegem-Petegem,45061,2020-04-04,2,7
Wortegem-Petegem,45061,2020-04-05,0,7
Wortegem-Petegem,45061,2020-04-06,0,7
Wortegem-Petegem,45061,2020-04-07,0,7
Wortegem-Petegem,45061,2020-04-08,1,8
Wortegem-Petegem,45061,2020-04-09,2,10
Wortegem-Petegem,45061,2020-04-10,0,10
Wortegem-Petegem,45061,2020-04-11,0,10
Wortegem-Petegem,45061,2020-04-12,0,10
Wortegem-Petegem,45061,2020-04-13,0,10
Wortegem-Petegem,45061,2020-04-14,1,11
Wortegem-Petegem,45061,2020-04-15,0,11
Wortegem-Petegem,45061,2020-04-16,1,12
Wortegem-Petegem,45061,2020-04-17,0,12
Wortegem-Petegem,45061,2020-04-18,1,13
Wortegem-Petegem,45061,2020-04-19,2,15
Wortegem-Petegem,45061,2020-04-20,0,15
Wortegem-Petegem,45061,2020-04-21,0,15
Wortegem-Petegem,45061,2020-04-22,0,15
Wortegem-Petegem,45061,2020-04-23,0,15
Wortegem-Petegem,45061,2020-04-24,0,15
Wortegem-Petegem,45061,2020-04-25,0,15
Wortegem-Petegem,45061,2020-04-26,0,15
Wortegem-Petegem,45061,2020-04-27,0,15
Wortegem-Petegem,45061,2020-04-28,0,15
Wortegem-Petegem,45061,2020-04-29,2,17
Wortegem-Petegem,45061,2020-04-30,0,17
Wortegem-Petegem,45061,2020-05-01,0,17
Wortegem-Petegem,45061,2020-05-02,0,17
Wortegem-Petegem,45061,2020-05-03,1,18
Wortegem-Petegem,45061,2020-05-04,0,18
Wortegem-Petegem,45061,2020-05-05,3,21
Wortegem-Petegem,45061,2020-05-06,0,21
Wortegem-Petegem,45061,2020-05-07,3,24
Wortegem-Petegem,45061,2020-05-08,2,26
Wortegem-Petegem,45061,2020-05-09,1,27
Wortegem-Petegem,45061,2020-05-10,1,28
Wortegem-Petegem,45061,2020-05-11,0,28
Wortegem-Petegem,45061,2020-05-12,0,28
Wortegem-Petegem,45061,2020-05-13,2,30
Wortegem-Petegem,45061,2020-05-14,0,30
Wortegem-Petegem,45061,2020-05-15,0,30
Wortegem-Petegem,45061,2020-05-16,0,30
Wortegem-Petegem,45061,2020-05-17,1,31
Wortegem-Petegem,45061,2020-05-18,0,31
Wortegem-Petegem,45061,2020-05-19,1,32
Wortegem-Petegem,45061,2020-05-20,0,32
Wortegem-Petegem,45061,2020-05-21,0,32
Wortegem-Petegem,45061,2020-05-22,0,32
Wortegem-Petegem,45061,2020-05-23,0,32
Wortegem-Petegem,45061,2020-05-24,0,32
Wortegem-Petegem,45061,2020-05-25,1,33
Wortegem-Petegem,45061,2020-05-26,0,33
Wortegem-Petegem,45061,2020-05-27,0,33
Wortegem-Petegem,45061,2020-05-28,0,33
Wortegem-Petegem,45061,2020-05-29,0,33
Wortegem-Petegem,45061,2020-05-30,0,33
Wortegem-Petegem,45061,2020-05-31,0,33
Wortegem-Petegem,45061,2020-06-01,0,33
Wortegem-Petegem,45061,2020-06-02,0,33
Wortegem-Petegem,45061,2020-06-03,0,33
Wortegem-Petegem,45061,2020-06-04,0,33
Wortegem-Petegem,45061,2020-06-05,0,33
Wortegem-Petegem,45061,2020-06-06,0,33
Wortegem-Petegem,45061,2020-06-07,0,33
Wortegem-Petegem,45061,2020-06-08,0,33
Wortegem-Petegem,45061,2020-06-09,0,33
Wortegem-Petegem,45061,2020-06-10,0,33
Wortegem-Petegem,45061,2020-06-11,0,33
Wortegem-Petegem,45061,2020-06-12,0,33
Wortegem-Petegem,45061,2020-06-13,0,33
Wortegem-Petegem,45061,2020-06-14,0,33
Wortegem-Petegem,45061,2020-06-15,0,33
Wortegem-Petegem,45061,2020-06-16,0,33
Wortegem-Petegem,45061,2020-06-17,0,33
Wortegem-Petegem,45061,2020-06-18,0,33
Wortegem-Petegem,45061,2020-06-19,0,33
Wortegem-Petegem,45061,2020-06-20,0,33
Wortegem-Petegem,45061,2020-06-23,0,33
Wortegem-Petegem,45061,2020-06-24,0,33
Wortegem-Petegem,45061,2020-06-25,0,33
Wortegem-Petegem,45061,2020-06-26,0,33
Wortegem-Petegem,45061,2020-06-27,0,33
Wortegem-Petegem,45061,2020-06-30,0,33
Wortegem-Petegem,45061,2020-07-01,0,33
Wortegem-Petegem,45061,2020-07-02,0,33
Wortegem-Petegem,45061,2020-07-03,0,33
Wortegem-Petegem,45061,2020-07-04,0,33
Wortegem-Petegem,45061,2020-07-07,0,33
Wortegem-Petegem,45061,2020-07-08,1,34
Wortegem-Petegem,45061,2020-07-09,0,34
Wortegem-Petegem,45061,2020-07-10,0,34
Wortegem-Petegem,45061,2020-07-11,0,34
Wortegem-Petegem,45061,2020-07-14,0,34
Wortegem-Petegem,45061,2020-07-15,0,34
Wortegem-Petegem,45061,2020-07-16,0,34
Wortegem-Petegem,45061,2020-07-17,0,34
Wortegem-Petegem,45061,2020-07-18,0,34
Wortegem-Petegem,45061,2020-07-20,0,34
Wortegem-Petegem,45061,2020-07-21,0,34
Wortegem-Petegem,45061,2020-07-22,0,34
Wortegem-Petegem,45061,2020-07-23,0,34
Wortegem-Petegem,45061,2020-07-24,0,34
Wortegem-Petegem,45061,2020-07-25,0,34
Wortegem-Petegem,45061,2020-07-26,0,34
Wortegem-Petegem,45061,2020-07-27,0,34
Wortegem-Petegem,45061,2020-07-28,0,34
Wortegem-Petegem,45061,2020-07-29,0,34
Wortegem-Petegem,45061,2020-07-30,0,34
Wortegem-Petegem,45061,2020-07-31,0,34
Wortegem-Petegem,45061,2020-08-01,1,35
Wortegem-Petegem,45061,2020-08-02,0,35
Wortegem-Petegem,45061,2020-08-03,0,35
Wortegem-Petegem,45061,2020-08-04,0,35
Wortegem-Petegem,45061,2020-08-05,1,36
Wortegem-Petegem,45061,2020-08-06,1,37
Wortegem-Petegem,45061,2020-08-07,1,38
Wortegem-Petegem,45061,2020-08-08,0,38
Wortegem-Petegem,45061,2020-08-09,0,38
Wortegem-Petegem,45061,2020-08-10,2,40
Wortegem-Petegem,45061,2020-08-11,0,40
Wortegem-Petegem,45061,2020-08-12,0,40
Wortegem-Petegem,45061,2020-08-13,0,40
Wortegem-Petegem,45061,2020-08-14,0,40
Wortegem-Petegem,45061,2020-08-15,0,40
Wortegem-Petegem,45061,2020-08-16,0,40
Wortegem-Petegem,45061,2020-08-17,0,40
Wortegem-Petegem,45061,2020-08-18,0,40
Wortegem-Petegem,45061,2020-08-19,0,40
Wortegem-Petegem,45061,2020-08-20,0,40
Wortegem-Petegem,45061,2020-08-21,0,40
Wortegem-Petegem,45061,2020-08-22,0,40
Wortegem-Petegem,45061,2020-08-23,0,40
Wortegem-Petegem,45061,2020-08-24,0,40
Wortegem-Petegem,45061,2020-08-25,0,40
Wortegem-Petegem,45061,2020-08-26,0,40
Wortegem-Petegem,45061,2020-08-27,0,40
Wortegem-Petegem,45061,2020-08-28,0,40
Wortegem-Petegem,45061,2020-08-29,0,40
Wortegem-Petegem,45061,2020-08-30,0,40
Wortegem-Petegem,45061,2020-08-31,0,40
Wortegem-Petegem,45061,2020-09-01,0,40
Wortegem-Petegem,45061,2020-09-02,0,40
Wortegem-Petegem,45061,2020-09-03,0,40
Wortegem-Petegem,45061,2020-09-04,0,40
Wortegem-Petegem,45061,2020-09-05,0,40
Wortegem-Petegem,45061,2020-09-06,0,40
Wortegem-Petegem,45061,2020-09-07,0,40
Wortegem-Petegem,45061,2020-09-08,0,40
Wortegem-Petegem,45061,2020-09-09,0,40
Wortegem-Petegem,45061,2020-09-10,0,40
Wortegem-Petegem,45061,2020-09-11,0,40
Wortegem-Petegem,45061,2020-09-12,1,41
Wortegem-Petegem,45061,2020-09-13,0,41
Wortegem-Petegem,45061,2020-09-14,1,42
Wortegem-Petegem,45061,2020-09-15,0,42
Wortegem-Petegem,45061,2020-09-16,0,42
Wortegem-Petegem,45061,2020-09-17,0,42
Wortegem-Petegem,45061,2020-09-18,0,42
Wortegem-Petegem,45061,2020-09-19,2,44
Wortegem-Petegem,45061,2020-09-20,1,45
Wortegem-Petegem,45061,2020-09-21,3,48
Wortegem-Petegem,45061,2020-09-22,0,48
Wortegem-Petegem,45061,2020-09-23,3,51
Wortegem-Petegem,45061,2020-09-24,0,51
Wortegem-Petegem,45061,2020-09-25,0,51
Wortegem-Petegem,45061,2020-09-26,0,51
Wortegem-Petegem,45061,2020-09-27,0,51
Wortegem-Petegem,45061,2020-09-28,0,51
Wortegem-Petegem,45061,2020-09-29,0,51
Wortegem-Petegem,45061,2020-09-30,0,51
Wortegem-Petegem,45061,2020-10-01,0,51
Wortegem-Petegem,45061,2020-10-02,0,51
Wortegem-Petegem,45061,2020-10-03,0,51
Wortegem-Petegem,45061,2020-10-04,1,52
Wortegem-Petegem,45061,2020-10-05,0,52
Wortegem-Petegem,45061,2020-10-06,0,52
Wortegem-Petegem,45061,2020-10-07,0,52
Wortegem-Petegem,45061,2020-10-08,1,53
Wortegem-Petegem,45061,2020-10-09,3,56
Wortegem-Petegem,45061,2020-10-10,0,56
Wortegem-Petegem,45061,2020-10-11,3,59
Wortegem-Petegem,45061,2020-10-12,0,59
Wortegem-Petegem,45061,2020-10-13,0,59
Wortegem-Petegem,45061,2020-10-14,0,59
Wortegem-Petegem,45061,2020-10-15,2,61
Wortegem-Petegem,45061,2020-10-16,1,62
Wortegem-Petegem,45061,2020-10-17,3,65
Wortegem-Petegem,45061,2020-10-18,4,69
Wortegem-Petegem,45061,2020-10-19,4,73
Wortegem-Petegem,45061,2020-10-20,2,75
Wortegem-Petegem,45061,2020-10-21,3,78
Wortegem-Petegem,45061,2020-10-22,3,81
Wortegem-Petegem,45061,2020-10-23,5,86
Wortegem-Petegem,45061,2020-10-24,12,98
Wortegem-Petegem,45061,2020-10-25,7,105
Wortegem-Petegem,45061,2020-10-26,4,109
Wortegem-Petegem,45061,2020-10-27,4,113
Wortegem-Petegem,45061,2020-10-28,7,120
Wortegem-Petegem,45061,2020-10-29,6,126
Wortegem-Petegem,45061,2020-10-30,9,135
Wortegem-Petegem,45061,2020-10-31,9,144
Wortegem-Petegem,45061,2020-11-01,2,146
Wortegem-Petegem,45061,2020-11-02,4,150
Wortegem-Petegem,45061,2020-11-03,1,151
Wortegem-Petegem,45061,2020-11-04,6,157
Wortegem-Petegem,45061,2020-11-05,9,166
Wortegem-Petegem,45061,2020-11-06,4,170
Wortegem-Petegem,45061,2020-11-07,1,171
Wortegem-Petegem,45061,2020-11-08,1,172
Wortegem-Petegem,45061,2020-11-09,4,176
Wortegem-Petegem,45061,2020-11-10,0,176
Wortegem-Petegem,45061,2020-11-11,3,179
Antoing,57003,2020-04-02,0,0
Antoing,57003,2020-04-03,0,0
Antoing,57003,2020-04-04,0,0
Antoing,57003,2020-04-05,0,0
Antoing,57003,2020-04-06,0,0
Antoing,57003,2020-04-07,0,0
Antoing,57003,2020-04-08,0,0
Antoing,57003,2020-04-09,0,0
Antoing,57003,2020-04-10,0,0
Antoing,57003,2020-04-11,0,0
Antoing,57003,2020-04-12,0,0
Antoing,57003,2020-04-13,0,0
Antoing,57003,2020-04-14,0,0
Antoing,57003,2020-04-15,0,0
Antoing,57003,2020-04-16,0,0
Antoing,57003,2020-04-17,0,0
Antoing,57003,2020-04-18,0,0
Antoing,57003,2020-04-19,0,0
Antoing,57003,2020-04-20,0,0
Antoing,57003,2020-04-21,0,0
Antoing,57003,2020-04-22,0,0
Antoing,57003,2020-04-23,0,0
Antoing,57003,2020-04-24,5,5
Antoing,57003,2020-04-25,0,5
Antoing,57003,2020-04-26,2,7
Antoing,57003,2020-04-27,1,8
Antoing,57003,2020-04-28,2,10
Antoing,57003,2020-04-29,1,11
Antoing,57003,2020-04-30,0,11
Antoing,57003,2020-05-01,0,11
Antoing,57003,2020-05-02,0,11
Antoing,57003,2020-05-03,0,11
Antoing,57003,2020-05-04,0,11
Antoing,57003,2020-05-05,0,11
Antoing,57003,2020-05-06,0,11
Antoing,57003,2020-05-07,0,11
Antoing,57003,2020-05-08,1,12
Antoing,57003,2020-05-09,1,13
Antoing,57003,2020-05-10,0,13
Antoing,57003,2020-05-11,0,13
Antoing,57003,2020-05-12,1,14
Antoing,57003,2020-05-13,0,14
Antoing,57003,2020-05-14,0,14
Antoing,57003,2020-05-15,0,14
Antoing,57003,2020-05-16,0,14
Antoing,57003,2020-05-17,0,14
Antoing,57003,2020-05-18,0,14
Antoing,57003,2020-05-19,0,14
Antoing,57003,2020-05-20,0,14
Antoing,57003,2020-05-21,0,14
Antoing,57003,2020-05-22,0,14
Antoing,57003,2020-05-23,0,14
Antoing,57003,2020-05-24,0,14
Antoing,57003,2020-05-25,0,14
Antoing,57003,2020-05-26,1,15
Antoing,57003,2020-05-27,0,15
Antoing,57003,2020-05-28,1,16
Antoing,57003,2020-05-29,0,16
Antoing,57003,2020-05-30,1,17
Antoing,57003,2020-05-31,0,17
Antoing,57003,2020-06-01,0,17
Antoing,57003,2020-06-02,0,17
Antoing,57003,2020-06-03,0,17
Antoing,57003,2020-06-04,0,17
Antoing,57003,2020-06-05,0,17
Antoing,57003,2020-06-06,0,17
Antoing,57003,2020-06-07,0,17
Antoing,57003,2020-06-08,0,17
Antoing,57003,2020-06-09,0,17
Antoing,57003,2020-06-10,0,17
Antoing,57003,2020-06-11,0,17
Antoing,57003,2020-06-12,0,17
Antoing,57003,2020-06-13,0,17
Antoing,57003,2020-06-14,0,17
Antoing,57003,2020-06-15,0,17
Antoing,57003,2020-06-16,0,17
Antoing,57003,2020-06-17,0,17
Antoing,57003,2020-06-18,0,17
Antoing,57003,2020-06-19,0,17
Antoing,57003,2020-06-20,0,17
Antoing,57003,2020-06-23,0,17
Antoing,57003,2020-06-24,0,17
Antoing,57003,2020-06-25,0,17
Antoing,57003,2020-06-26,0,17
Antoing,57003,2020-06-27,0,17
Antoing,57003,2020-06-30,0,17
Antoing,57003,2020-07-01,0,17
Antoing,57003,2020-07-02,0,17
Antoing,57003,2020-07-03,0,17
Antoing,57003,2020-07-04,0,17
Antoing,57003,2020-07-07,0,17
Antoing,57003,2020-07-08,0,17
Antoing,57003,2020-07-09,0,17
Antoing,57003,2020-07-10,0,17
Antoing,57003,2020-07-11,0,17
Antoing,57003,2020-07-14,0,17
Antoing,57003,2020-07-15,0,17
Antoing,57003,2020-07-16,0,17
Antoing,57003,2020-07-17,0,17
Antoing,57003,2020-07-18,0,17
Antoing,57003,2020-07-20,0,17
Antoing,57003,2020-07-21,0,17
Antoing,57003,2020-07-22,0,17
Antoing,57003,2020-07-23,0,17
Antoing,57003,2020-07-24,0,17
Antoing,57003,2020-07-25,0,17
Antoing,57003,2020-07-26,0,17
Antoing,57003,2020-07-27,0,17
Antoing,57003,2020-07-28,0,17
Antoing,57003,2020-07-29,0,17
Antoing,57003,2020-07-30,0,17
Antoing,57003,2020-07-31,0,17
Antoing,57003,2020-08-01,0,17
Antoing,57003,2020-08-02,0,17
Antoing,57003,2020-08-03,0,17
Antoing,57003,2020-08-04,0,17
Antoing,57003,2020-08-05,0,17
Antoing,57003,2020-08-06,0,17
Antoing,57003,2020-08-07,0,17
Antoing,57003,2020-08-08,0,17
Antoing,57003,2020-08-09,0,17
Antoing,57003,2020-08-10,0,17
Antoing,57003,2020-08-11,0,17
Antoing,57003,2020-08-12,0,17
Antoing,57003,2020-08-13,0,17
Antoing,57003,2020-08-14,0,17
Antoing,57003,2020-08-15,0,17
Antoing,57003,2020-08-16,0,17
Antoing,57003,2020-08-17,0,17
Antoing,57003,2020-08-18,0,17
Antoing,57003,2020-08-19,0,17
Antoing,57003,2020-08-20,1,18
Antoing,57003,2020-08-21,0,18
Antoing,57003,2020-08-22,0,18
Antoing,57003,2020-08-23,0,18
Antoing,57003,2020-08-24,0,18
Antoing,57003,2020-08-25,0,18
Antoing,57003,2020-08-26,0,18
Antoing,57003,2020-08-27,1,19
Antoing,57003,2020-08-28,1,20
Antoing,57003,2020-08-29,0,20
Antoing,57003,2020-08-30,0,20
Antoing,57003,2020-08-31,1,21
Antoing,57003,2020-09-01,0,21
Antoing,57003,2020-09-02,0,21
Antoing,57003,2020-09-03,0,21
Antoing,57003,2020-09-04,0,21
Antoing,57003,2020-09-05,0,21
Antoing,57003,2020-09-06,0,21
Antoing,57003,2020-09-07,0,21
Antoing,57003,2020-09-08,0,21
Antoing,57003,2020-09-09,0,21
Antoing,57003,2020-09-10,0,21
Antoing,57003,2020-09-11,0,21
Antoing,57003,2020-09-12,1,22
Antoing,57003,2020-09-13,0,22
Antoing,57003,2020-09-14,0,22
Antoing,57003,2020-09-15,1,23
Antoing,57003,2020-09-16,0,23
Antoing,57003,2020-09-17,0,23
Antoing,57003,2020-09-18,2,25
Antoing,57003,2020-09-19,0,25
Antoing,57003,2020-09-20,1,26
Antoing,57003,2020-09-21,1,27
Antoing,57003,2020-09-22,0,27
Antoing,57003,2020-09-23,0,27
Antoing,57003,2020-09-24,1,28
Antoing,57003,2020-09-25,2,30
Antoing,57003,2020-09-26,1,31
Antoing,57003,2020-09-27,2,33
Antoing,57003,2020-09-28,3,36
Antoing,57003,2020-09-29,1,37
Antoing,57003,2020-09-30,0,37
Antoing,57003,2020-10-01,0,37
Antoing,57003,2020-10-02,2,39
Antoing,57003,2020-10-03,3,42
Antoing,57003,2020-10-04,2,44
Antoing,57003,2020-10-05,4,48
Antoing,57003,2020-10-06,0,48
Antoing,57003,2020-10-07,0,48
Antoing,57003,2020-10-08,9,57
Antoing,57003,2020-10-09,3,60
Antoing,57003,2020-10-10,1,61
Antoing,57003,2020-10-11,2,63
Antoing,57003,2020-10-12,2,65
Antoing,57003,2020-10-13,9,74
Antoing,57003,2020-10-14,0,74
Antoing,57003,2020-10-15,4,78
Antoing,57003,2020-10-16,11,89
Antoing,57003,2020-10-17,10,99
Antoing,57003,2020-10-18,11,110
Antoing,57003,2020-10-19,20,130
Antoing,57003,2020-10-20,4,134
Antoing,57003,2020-10-21,8,142
Antoing,57003,2020-10-22,47,189
Antoing,57003,2020-10-23,17,206
Antoing,57003,2020-10-24,11,217
Antoing,57003,2020-10-25,18,235
Antoing,57003,2020-10-26,18,253
Antoing,57003,2020-10-27,25,278
Antoing,57003,2020-10-28,23,301
Antoing,57003,2020-10-29,24,325
Antoing,57003,2020-10-30,24,349
Antoing,57003,2020-10-31,34,383
Antoing,57003,2020-11-01,16,399
Antoing,57003,2020-11-02,23,422
Antoing,57003,2020-11-03,22,444
Antoing,57003,2020-11-04,6,450
Antoing,57003,2020-11-05,17,467
Antoing,57003,2020-11-06,15,482
Antoing,57003,2020-11-07,9,491
Antoing,57003,2020-11-08,1,492
Antoing,57003,2020-11-09,17,509
Antoing,57003,2020-11-10,7,516
Antoing,57003,2020-11-11,2,518
Sivry-Rance,56088,2020-04-03,0,0
Sivry-Rance,56088,2020-04-04,0,0
Sivry-Rance,56088,2020-04-05,0,0
Sivry-Rance,56088,2020-04-06,0,0
Sivry-Rance,56088,2020-04-07,0,0
Sivry-Rance,56088,2020-04-08,0,0
Sivry-Rance,56088,2020-04-09,0,0
Sivry-Rance,56088,2020-04-10,0,0
Sivry-Rance,56088,2020-04-11,0,0
Sivry-Rance,56088,2020-04-12,0,0
Sivry-Rance,56088,2020-04-13,0,0
Sivry-Rance,56088,2020-04-14,0,0
Sivry-Rance,56088,2020-04-15,0,0
Sivry-Rance,56088,2020-04-16,0,0
Sivry-Rance,56088,2020-04-17,5,5
Sivry-Rance,56088,2020-04-18,0,5
Sivry-Rance,56088,2020-04-19,0,5
Sivry-Rance,56088,2020-04-20,1,6
Sivry-Rance,56088,2020-04-21,0,6
Sivry-Rance,56088,2020-04-22,0,6
Sivry-Rance,56088,2020-04-23,0,6
Sivry-Rance,56088,2020-04-24,1,7
Sivry-Rance,56088,2020-04-25,1,8
Sivry-Rance,56088,2020-04-26,0,8
Sivry-Rance,56088,2020-04-27,0,8
Sivry-Rance,56088,2020-04-28,0,8
Sivry-Rance,56088,2020-04-29,0,8
Sivry-Rance,56088,2020-04-30,0,8
Sivry-Rance,56088,2020-05-01,0,8
Sivry-Rance,56088,2020-05-02,1,9
Sivry-Rance,56088,2020-05-03,0,9
Sivry-Rance,56088,2020-05-04,0,9
Sivry-Rance,56088,2020-05-05,0,9
Sivry-Rance,56088,2020-05-06,0,9
Sivry-Rance,56088,2020-05-07,0,9
Sivry-Rance,56088,2020-05-08,0,9
Sivry-Rance,56088,2020-05-09,0,9
Sivry-Rance,56088,2020-05-10,0,9
Sivry-Rance,56088,2020-05-11,1,10
Sivry-Rance,56088,2020-05-12,0,10
Sivry-Rance,56088,2020-05-13,0,10
Sivry-Rance,56088,2020-05-14,0,10
Sivry-Rance,56088,2020-05-15,0,10
Sivry-Rance,56088,2020-05-16,0,10
Sivry-Rance,56088,2020-05-17,0,10
Sivry-Rance,56088,2020-05-18,0,10
Sivry-Rance,56088,2020-05-19,0,10
Sivry-Rance,56088,2020-05-20,0,10
Sivry-Rance,56088,2020-05-21,0,10
Sivry-Rance,56088,2020-05-22,0,10
Sivry-Rance,56088,2020-05-23,0,10
Sivry-Rance,56088,2020-05-24,0,10
Sivry-Rance,56088,2020-05-25,0,10
Sivry-Rance,56088,2020-05-26,0,10
Sivry-Rance,56088,2020-05-27,0,10
Sivry-Rance,56088,2020-05-28,0,10
Sivry-Rance,56088,2020-05-29,0,10
Sivry-Rance,56088,2020-05-30,0,10
Sivry-Rance,56088,2020-05-31,0,10
Sivry-Rance,56088,2020-06-01,1,11
Sivry-Rance,56088,2020-06-02,0,11
Sivry-Rance,56088,2020-06-03,0,11
Sivry-Rance,56088,2020-06-04,0,11
Sivry-Rance,56088,2020-06-05,0,11
Sivry-Rance,56088,2020-06-06,0,11
Sivry-Rance,56088,2020-06-07,0,11
Sivry-Rance,56088,2020-06-08,0,11
Sivry-Rance,56088,2020-06-09,0,11
Sivry-Rance,56088,2020-06-10,0,11
Sivry-Rance,56088,2020-06-11,0,11
Sivry-Rance,56088,2020-06-12,0,11
Sivry-Rance,56088,2020-06-13,0,11
Sivry-Rance,56088,2020-06-14,0,11
Sivry-Rance,56088,2020-06-15,0,11
Sivry-Rance,56088,2020-06-16,0,11
Sivry-Rance,56088,2020-06-17,0,11
Sivry-Rance,56088,2020-06-18,0,11
Sivry-Rance,56088,2020-06-19,0,11
Sivry-Rance,56088,2020-06-20,0,11
Sivry-Rance,56088,2020-06-23,0,11
Sivry-Rance,56088,2020-06-24,0,11
Sivry-Rance,56088,2020-06-25,0,11
Sivry-Rance,56088,2020-06-26,0,11
Sivry-Rance,56088,2020-06-27,0,11
Sivry-Rance,56088,2020-06-30,0,11
Sivry-Rance,56088,2020-07-01,0,11
Sivry-Rance,56088,2020-07-02,0,11
Sivry-Rance,56088,2020-07-03,0,11
Sivry-Rance,56088,2020-07-04,0,11
Sivry-Rance,56088,2020-07-07,0,11
Sivry-Rance,56088,2020-07-08,0,11
Sivry-Rance,56088,2020-07-09,0,11
Sivry-Rance,56088,2020-07-10,0,11
Sivry-Rance,56088,2020-07-11,0,11
Sivry-Rance,56088,2020-07-14,0,11
Sivry-Rance,56088,2020-07-15,0,11
Sivry-Rance,56088,2020-07-16,0,11
Sivry-Rance,56088,2020-07-17,0,11
Sivry-Rance,56088,2020-07-18,0,11
Sivry-Rance,56088,2020-07-20,0,11
Sivry-Rance,56088,2020-07-21,0,11
Sivry-Rance,56088,2020-07-22,0,11
Sivry-Rance,56088,2020-07-23,1,12
Sivry-Rance,56088,2020-07-24,0,12
Sivry-Rance,56088,2020-07-25,0,12
Sivry-Rance,56088,2020-07-26,0,12
Sivry-Rance,56088,2020-07-27,0,12
Sivry-Rance,56088,2020-07-28,0,12
Sivry-Rance,56088,2020-07-29,0,12
Sivry-Rance,56088,2020-07-30,0,12
Sivry-Rance,56088,2020-07-31,0,12
Sivry-Rance,56088,2020-08-01,1,13
Sivry-Rance,56088,2020-08-02,0,13
Sivry-Rance,56088,2020-08-03,0,13
Sivry-Rance,56088,2020-08-04,0,13
Sivry-Rance,56088,2020-08-05,0,13
Sivry-Rance,56088,2020-08-06,0,13
Sivry-Rance,56088,2020-08-07,0,13
Sivry-Rance,56088,2020-08-08,0,13
Sivry-Rance,56088,2020-08-09,0,13
Sivry-Rance,56088,2020-08-10,0,13
Sivry-Rance,56088,2020-08-11,1,14
Sivry-Rance,56088,2020-08-12,0,14
Sivry-Rance,56088,2020-08-13,0,14
Sivry-Rance,56088,2020-08-14,0,14
Sivry-Rance,56088,2020-08-15,0,14
Sivry-Rance,56088,2020-08-16,0,14
Sivry-Rance,56088,2020-08-17,0,14
Sivry-Rance,56088,2020-08-18,0,14
Sivry-Rance,56088,2020-08-19,0,14
Sivry-Rance,56088,2020-08-20,1,15
Sivry-Rance,56088,2020-08-21,0,15
Sivry-Rance,56088,2020-08-22,0,15
Sivry-Rance,56088,2020-08-23,0,15
Sivry-Rance,56088,2020-08-24,0,15
Sivry-Rance,56088,2020-08-25,0,15
Sivry-Rance,56088,2020-08-26,0,15
Sivry-Rance,56088,2020-08-27,0,15
Sivry-Rance,56088,2020-08-28,0,15
Sivry-Rance,56088,2020-08-29,0,15
Sivry-Rance,56088,2020-08-30,0,15
Sivry-Rance,56088,2020-08-31,0,15
Sivry-Rance,56088,2020-09-01,0,15
Sivry-Rance,56088,2020-09-02,0,15
Sivry-Rance,56088,2020-09-03,0,15
Sivry-Rance,56088,2020-09-04,0,15
Sivry-Rance,56088,2020-09-05,2,17
Sivry-Rance,56088,2020-09-06,0,17
Sivry-Rance,56088,2020-09-07,0,17
Sivry-Rance,56088,2020-09-08,0,17
Sivry-Rance,56088,2020-09-09,0,17
Sivry-Rance,56088,2020-09-10,0,17
Sivry-Rance,56088,2020-09-11,0,17
Sivry-Rance,56088,2020-09-12,0,17
Sivry-Rance,56088,2020-09-13,0,17
Sivry-Rance,56088,2020-09-14,0,17
Sivry-Rance,56088,2020-09-15,0,17
Sivry-Rance,56088,2020-09-16,0,17
Sivry-Rance,56088,2020-09-17,0,17
Sivry-Rance,56088,2020-09-18,0,17
Sivry-Rance,56088,2020-09-19,1,18
Sivry-Rance,56088,2020-09-20,0,18
Sivry-Rance,56088,2020-09-21,1,19
Sivry-Rance,56088,2020-09-22,0,19
Sivry-Rance,56088,2020-09-23,0,19
Sivry-Rance,56088,2020-09-24,0,19
Sivry-Rance,56088,2020-09-25,0,19
Sivry-Rance,56088,2020-09-26,0,19
Sivry-Rance,56088,2020-09-27,0,19
Sivry-Rance,56088,2020-09-28,1,20
Sivry-Rance,56088,2020-09-29,1,21
Sivry-Rance,56088,2020-09-30,0,21
Sivry-Rance,56088,2020-10-01,0,21
Sivry-Rance,56088,2020-10-02,1,22
Sivry-Rance,56088,2020-10-03,1,23
Sivry-Rance,56088,2020-10-04,2,25
Sivry-Rance,56088,2020-10-05,1,26
Sivry-Rance,56088,2020-10-06,0,26
Sivry-Rance,56088,2020-10-07,2,28
Sivry-Rance,56088,2020-10-08,1,29
Sivry-Rance,56088,2020-10-09,1,30
Sivry-Rance,56088,2020-10-10,1,31
Sivry-Rance,56088,2020-10-11,3,34
Sivry-Rance,56088,2020-10-12,2,36
Sivry-Rance,56088,2020-10-13,3,39
Sivry-Rance,56088,2020-10-14,1,40
Sivry-Rance,56088,2020-10-15,0,40
Sivry-Rance,56088,2020-10-16,7,47
Sivry-Rance,56088,2020-10-17,10,57
Sivry-Rance,56088,2020-10-18,8,65
Sivry-Rance,56088,2020-10-19,3,68
Sivry-Rance,56088,2020-10-20,7,75
Sivry-Rance,56088,2020-10-21,4,79
Sivry-Rance,56088,2020-10-22,14,93
Sivry-Rance,56088,2020-10-23,10,103
Sivry-Rance,56088,2020-10-24,18,121
Sivry-Rance,56088,2020-10-25,10,131
Sivry-Rance,56088,2020-10-26,13,144
Sivry-Rance,56088,2020-10-27,9,153
Sivry-Rance,56088,2020-10-28,6,159
Sivry-Rance,56088,2020-10-29,15,174
Sivry-Rance,56088,2020-10-30,9,183
Sivry-Rance,56088,2020-10-31,4,187
Sivry-Rance,56088,2020-11-01,11,198
Sivry-Rance,56088,2020-11-02,15,213
Sivry-Rance,56088,2020-11-03,11,224
Sivry-Rance,56088,2020-11-04,2,226
Sivry-Rance,56088,2020-11-05,17,243
Sivry-Rance,56088,2020-11-06,5,248
Sivry-Rance,56088,2020-11-07,4,252
Sivry-Rance,56088,2020-11-08,2,254
Sivry-Rance,56088,2020-11-09,10,264
Sivry-Rance,56088,2020-11-10,0,264
Sivry-Rance,56088,2020-11-11,3,267
Brunehaut,57093,2020-04-03,0,0
Brunehaut,57093,2020-04-04,0,0
Brunehaut,57093,2020-04-05,0,0
Brunehaut,57093,2020-04-06,0,0
Brunehaut,57093,2020-04-07,0,0
Brunehaut,57093,2020-04-08,0,0
Brunehaut,57093,2020-04-09,0,0
Brunehaut,57093,2020-04-10,5,5
Brunehaut,57093,2020-04-11,0,5
Brunehaut,57093,2020-04-12,1,6
Brunehaut,57093,2020-04-13,4,10
Brunehaut,57093,2020-04-14,0,10
Brunehaut,57093,2020-04-15,0,10
Brunehaut,57093,2020-04-16,0,10
Brunehaut,57093,2020-04-17,0,10
Brunehaut,57093,2020-04-18,0,10
Brunehaut,57093,2020-04-19,0,10
Brunehaut,57093,2020-04-20,0,10
Brunehaut,57093,2020-04-21,20,30
Brunehaut,57093,2020-04-22,3,33
Brunehaut,57093,2020-04-23,1,34
Brunehaut,57093,2020-04-24,0,34
Brunehaut,57093,2020-04-25,0,34
Brunehaut,57093,2020-04-26,1,35
Brunehaut,57093,2020-04-27,0,35
Brunehaut,57093,2020-04-28,0,35
Brunehaut,57093,2020-04-29,0,35
Brunehaut,57093,2020-04-30,1,36
Brunehaut,57093,2020-05-01,0,36
Brunehaut,57093,2020-05-02,0,36
Brunehaut,57093,2020-05-03,0,36
Brunehaut,57093,2020-05-04,0,36
Brunehaut,57093,2020-05-05,0,36
Brunehaut,57093,2020-05-06,0,36
Brunehaut,57093,2020-05-07,0,36
Brunehaut,57093,2020-05-08,1,37
Brunehaut,57093,2020-05-09,0,37
Brunehaut,57093,2020-05-10,0,37
Brunehaut,57093,2020-05-11,0,37
Brunehaut,57093,2020-05-12,0,37
Brunehaut,57093,2020-05-13,1,38
Brunehaut,57093,2020-05-14,0,38
Brunehaut,57093,2020-05-15,0,38
Brunehaut,57093,2020-05-16,1,39
Brunehaut,57093,2020-05-17,0,39
Brunehaut,57093,2020-05-18,0,39
Brunehaut,57093,2020-05-19,0,39
Brunehaut,57093,2020-05-20,1,40
Brunehaut,57093,2020-05-21,0,40
Brunehaut,57093,2020-05-22,0,40
Brunehaut,57093,2020-05-23,0,40
Brunehaut,57093,2020-05-24,0,40
Brunehaut,57093,2020-05-25,0,40
Brunehaut,57093,2020-05-26,0,40
Brunehaut,57093,2020-05-27,0,40
Brunehaut,57093,2020-05-28,0,40
Brunehaut,57093,2020-05-29,0,40
Brunehaut,57093,2020-05-30,1,41
Brunehaut,57093,2020-05-31,0,41
Brunehaut,57093,2020-06-01,0,41
Brunehaut,57093,2020-06-02,0,41
Brunehaut,57093,2020-06-03,0,41
Brunehaut,57093,2020-06-04,0,41
Brunehaut,57093,2020-06-05,1,42
Brunehaut,57093,2020-06-06,0,42
Brunehaut,57093,2020-06-07,0,42
Brunehaut,57093,2020-06-08,0,42
Brunehaut,57093,2020-06-09,0,42
Brunehaut,57093,2020-06-10,0,42
Brunehaut,57093,2020-06-11,0,42
Brunehaut,57093,2020-06-12,0,42
Brunehaut,57093,2020-06-13,0,42
Brunehaut,57093,2020-06-14,0,42
Brunehaut,57093,2020-06-15,1,43
Brunehaut,57093,2020-06-16,0,43
Brunehaut,57093,2020-06-17,0,43
Brunehaut,57093,2020-06-18,0,43
Brunehaut,57093,2020-06-19,0,43
Brunehaut,57093,2020-06-20,0,43
Brunehaut,57093,2020-06-23,0,43
Brunehaut,57093,2020-06-24,0,43
Brunehaut,57093,2020-06-25,0,43
Brunehaut,57093,2020-06-26,0,43
Brunehaut,57093,2020-06-27,0,43
Brunehaut,57093,2020-06-30,0,43
Brunehaut,57093,2020-07-01,0,43
Brunehaut,57093,2020-07-02,1,44
Brunehaut,57093,2020-07-03,0,44
Brunehaut,57093,2020-07-04,0,44
Brunehaut,57093,2020-07-07,0,44
Brunehaut,57093,2020-07-08,0,44
Brunehaut,57093,2020-07-09,0,44
Brunehaut,57093,2020-07-10,0,44
Brunehaut,57093,2020-07-11,0,44
Brunehaut,57093,2020-07-14,0,44
Brunehaut,57093,2020-07-15,0,44
Brunehaut,57093,2020-07-16,0,44
Brunehaut,57093,2020-07-17,0,44
Brunehaut,57093,2020-07-18,0,44
Brunehaut,57093,2020-07-20,0,44
Brunehaut,57093,2020-07-21,0,44
Brunehaut,57093,2020-07-22,0,44
Brunehaut,57093,2020-07-23,0,44
Brunehaut,57093,2020-07-24,0,44
Brunehaut,57093,2020-07-25,1,45
Brunehaut,57093,2020-07-26,0,45
Brunehaut,57093,2020-07-27,0,45
Brunehaut,57093,2020-07-28,0,45
Brunehaut,57093,2020-07-29,0,45
Brunehaut,57093,2020-07-30,0,45
Brunehaut,57093,2020-07-31,0,45
Brunehaut,57093,2020-08-01,0,45
Brunehaut,57093,2020-08-02,0,45
Brunehaut,57093,2020-08-03,0,45
Brunehaut,57093,2020-08-04,0,45
Brunehaut,57093,2020-08-05,0,45
Brunehaut,57093,2020-08-06,0,45
Brunehaut,57093,2020-08-07,0,45
Brunehaut,57093,2020-08-08,0,45
Brunehaut,57093,2020-08-09,0,45
Brunehaut,57093,2020-08-10,0,45
Brunehaut,57093,2020-08-11,0,45
Brunehaut,57093,2020-08-12,0,45
Brunehaut,57093,2020-08-13,0,45
Brunehaut,57093,2020-08-14,2,47
Brunehaut,57093,2020-08-15,-1,46
Brunehaut,57093,2020-08-16,0,46
Brunehaut,57093,2020-08-17,0,46
Brunehaut,57093,2020-08-18,0,46
Brunehaut,57093,2020-08-19,0,46
Brunehaut,57093,2020-08-20,0,46
Brunehaut,57093,2020-08-21,2,48
Brunehaut,57093,2020-08-22,1,49
Brunehaut,57093,2020-08-23,0,49
Brunehaut,57093,2020-08-24,0,49
Brunehaut,57093,2020-08-25,0,49
Brunehaut,57093,2020-08-26,0,49
Brunehaut,57093,2020-08-27,0,49
Brunehaut,57093,2020-08-28,0,49
Brunehaut,57093,2020-08-29,0,49
Brunehaut,57093,2020-08-30,0,49
Brunehaut,57093,2020-08-31,0,49
Brunehaut,57093,2020-09-01,0,49
Brunehaut,57093,2020-09-02,0,49
Brunehaut,57093,2020-09-03,0,49
Brunehaut,57093,2020-09-04,0,49
Brunehaut,57093,2020-09-05,0,49
Brunehaut,57093,2020-09-06,0,49
Brunehaut,57093,2020-09-07,0,49
Brunehaut,57093,2020-09-08,0,49
Brunehaut,57093,2020-09-09,1,50
Brunehaut,57093,2020-09-10,0,50
Brunehaut,57093,2020-09-11,0,50
Brunehaut,57093,2020-09-12,0,50
Brunehaut,57093,2020-09-13,0,50
Brunehaut,57093,2020-09-14,0,50
Brunehaut,57093,2020-09-15,0,50
Brunehaut,57093,2020-09-16,0,50
Brunehaut,57093,2020-09-17,1,51
Brunehaut,57093,2020-09-18,2,53
Brunehaut,57093,2020-09-19,1,54
Brunehaut,57093,2020-09-20,0,54
Brunehaut,57093,2020-09-21,0,54
Brunehaut,57093,2020-09-22,1,55
Brunehaut,57093,2020-09-23,0,55
Brunehaut,57093,2020-09-24,0,55
Brunehaut,57093,2020-09-25,1,56
Brunehaut,57093,2020-09-26,0,56
Brunehaut,57093,2020-09-27,2,58
Brunehaut,57093,2020-09-28,2,60
Brunehaut,57093,2020-09-29,1,61
Brunehaut,57093,2020-09-30,1,62
Brunehaut,57093,2020-10-01,0,62
Brunehaut,57093,2020-10-02,1,63
Brunehaut,57093,2020-10-03,1,64
Brunehaut,57093,2020-10-04,3,67
Brunehaut,57093,2020-10-05,1,68
Brunehaut,57093,2020-10-06,1,69
Brunehaut,57093,2020-10-07,2,71
Brunehaut,57093,2020-10-08,2,73
Brunehaut,57093,2020-10-09,3,76
Brunehaut,57093,2020-10-10,1,77
Brunehaut,57093,2020-10-11,6,83
Brunehaut,57093,2020-10-12,1,84
Brunehaut,57093,2020-10-13,8,92
Brunehaut,57093,2020-10-14,2,94
Brunehaut,57093,2020-10-15,12,106
Brunehaut,57093,2020-10-16,2,108
Brunehaut,57093,2020-10-17,6,114
Brunehaut,57093,2020-10-18,8,122
Brunehaut,57093,2020-10-19,15,137
Brunehaut,57093,2020-10-20,8,145
Brunehaut,57093,2020-10-21,8,153
Brunehaut,57093,2020-10-22,17,170
Brunehaut,57093,2020-10-23,15,185
Brunehaut,57093,2020-10-24,16,201
Brunehaut,57093,2020-10-25,18,219
Brunehaut,57093,2020-10-26,18,237
Brunehaut,57093,2020-10-27,21,258
Brunehaut,57093,2020-10-28,18,276
Brunehaut,57093,2020-10-29,28,304
Brunehaut,57093,2020-10-30,19,323
Brunehaut,57093,2020-10-31,21,344
Brunehaut,57093,2020-11-01,24,368
Brunehaut,57093,2020-11-02,18,386
Brunehaut,57093,2020-11-03,9,395
Brunehaut,57093,2020-11-04,3,398
Brunehaut,57093,2020-11-05,19,417
Brunehaut,57093,2020-11-06,21,438
Brunehaut,57093,2020-11-07,3,441
Brunehaut,57093,2020-11-08,9,450
Brunehaut,57093,2020-11-09,13,463
Brunehaut,57093,2020-11-10,4,467
Brunehaut,57093,2020-11-11,0,467
Mont-de-l’Enclus,57095,2020-04-03,0,0
Mont-de-l’Enclus,57095,2020-04-04,0,0
Mont-de-l’Enclus,57095,2020-04-05,0,0
Mont-de-l’Enclus,57095,2020-04-06,0,0
Mont-de-l’Enclus,57095,2020-04-07,0,0
Mont-de-l’Enclus,57095,2020-04-08,0,0
Mont-de-l’Enclus,57095,2020-04-09,5,5
Mont-de-l’Enclus,57095,2020-04-10,0,5
Mont-de-l’Enclus,57095,2020-04-11,0,5
Mont-de-l’Enclus,57095,2020-04-12,0,5
Mont-de-l’Enclus,57095,2020-04-13,0,5
Mont-de-l’Enclus,57095,2020-04-14,0,5
Mont-de-l’Enclus,57095,2020-04-15,0,5
Mont-de-l’Enclus,57095,2020-04-16,1,6
Mont-de-l’Enclus,57095,2020-04-17,0,6
Mont-de-l’Enclus,57095,2020-04-18,0,6
Mont-de-l’Enclus,57095,2020-04-19,0,6
Mont-de-l’Enclus,57095,2020-04-20,0,6
Mont-de-l’Enclus,57095,2020-04-21,0,6
Mont-de-l’Enclus,57095,2020-04-22,1,7
Mont-de-l’Enclus,57095,2020-04-23,0,7
Mont-de-l’Enclus,57095,2020-04-24,0,7
Mont-de-l’Enclus,57095,2020-04-25,0,7
Mont-de-l’Enclus,57095,2020-04-26,0,7
Mont-de-l’Enclus,57095,2020-04-27,0,7
Mont-de-l’Enclus,57095,2020-04-28,0,7
Mont-de-l’Enclus,57095,2020-04-29,0,7
Mont-de-l’Enclus,57095,2020-04-30,1,8
Mont-de-l’Enclus,57095,2020-05-01,0,8
Mont-de-l’Enclus,57095,2020-05-02,0,8
Mont-de-l’Enclus,57095,2020-05-03,0,8
Mont-de-l’Enclus,57095,2020-05-04,0,8
Mont-de-l’Enclus,57095,2020-05-05,0,8
Mont-de-l’Enclus,57095,2020-05-06,1,9
Mont-de-l’Enclus,57095,2020-05-07,0,9
Mont-de-l’Enclus,57095,2020-05-08,0,9
Mont-de-l’Enclus,57095,2020-05-09,0,9
Mont-de-l’Enclus,57095,2020-05-10,0,9
Mont-de-l’Enclus,57095,2020-05-11,0,9
Mont-de-l’Enclus,57095,2020-05-12,0,9
Mont-de-l’Enclus,57095,2020-05-13,0,9
Mont-de-l’Enclus,57095,2020-05-14,0,9
Mont-de-l’Enclus,57095,2020-05-15,0,9
Mont-de-l’Enclus,57095,2020-05-16,0,9
Mont-de-l’Enclus,57095,2020-05-17,0,9
Mont-de-l’Enclus,57095,2020-05-18,0,9
Mont-de-l’Enclus,57095,2020-05-19,0,9
Mont-de-l’Enclus,57095,2020-05-20,1,10
Mont-de-l’Enclus,57095,2020-05-21,0,10
Mont-de-l’Enclus,57095,2020-05-22,0,10
Mont-de-l’Enclus,57095,2020-05-23,0,10
Mont-de-l’Enclus,57095,2020-05-24,0,10
Mont-de-l’Enclus,57095,2020-05-25,0,10
Mont-de-l’Enclus,57095,2020-05-26,0,10
Mont-de-l’Enclus,57095,2020-05-27,0,10
Mont-de-l’Enclus,57095,2020-05-28,0,10
Mont-de-l’Enclus,57095,2020-05-29,0,10
Mont-de-l’Enclus,57095,2020-05-30,0,10
Mont-de-l’Enclus,57095,2020-05-31,0,10
Mont-de-l’Enclus,57095,2020-06-01,0,10
Mont-de-l’Enclus,57095,2020-06-02,0,10
Mont-de-l’Enclus,57095,2020-06-03,0,10
Mont-de-l’Enclus,57095,2020-06-04,0,10
Mont-de-l’Enclus,57095,2020-06-05,0,10
Mont-de-l’Enclus,57095,2020-06-06,0,10
Mont-de-l’Enclus,57095,2020-06-07,0,10
Mont-de-l’Enclus,57095,2020-06-08,0,10
Mont-de-l’Enclus,57095,2020-06-09,0,10
Mont-de-l’Enclus,57095,2020-06-10,0,10
Mont-de-l’Enclus,57095,2020-06-11,0,10
Mont-de-l’Enclus,57095,2020-06-12,0,10
Mont-de-l’Enclus,57095,2020-06-13,0,10
Mont-de-l’Enclus,57095,2020-06-14,0,10
Mont-de-l’Enclus,57095,2020-06-15,0,10
Mont-de-l’Enclus,57095,2020-06-16,0,10
Mont-de-l’Enclus,57095,2020-06-17,0,10
Mont-de-l’Enclus,57095,2020-06-18,0,10
Mont-de-l’Enclus,57095,2020-06-19,0,10
Mont-de-l’Enclus,57095,2020-06-20,0,10
Mont-de-l’Enclus,57095,2020-06-23,0,10
Mont-de-l’Enclus,57095,2020-06-24,0,10
Mont-de-l’Enclus,57095,2020-06-25,0,10
Mont-de-l’Enclus,57095,2020-06-26,0,10
Mont-de-l’Enclus,57095,2020-06-27,0,10
Mont-de-l’Enclus,57095,2020-06-30,0,10
Mont-de-l’Enclus,57095,2020-07-01,0,10
Mont-de-l’Enclus,57095,2020-07-02,0,10
Mont-de-l’Enclus,57095,2020-07-03,0,10
Mont-de-l’Enclus,57095,2020-07-04,0,10
Mont-de-l’Enclus,57095,2020-07-07,0,10
Mont-de-l’Enclus,57095,2020-07-08,0,10
Mont-de-l’Enclus,57095,2020-07-09,0,10
Mont-de-l’Enclus,57095,2020-07-10,0,10
Mont-de-l’Enclus,57095,2020-07-11,0,10
Mont-de-l’Enclus,57095,2020-07-14,0,10
Mont-de-l’Enclus,57095,2020-07-15,0,10
Mont-de-l’Enclus,57095,2020-07-16,0,10
Mont-de-l’Enclus,57095,2020-07-17,0,10
Mont-de-l’Enclus,57095,2020-07-18,0,10
Mont-de-l’Enclus,57095,2020-07-20,0,10
Mont-de-l’Enclus,57095,2020-07-21,0,10
Mont-de-l’Enclus,57095,2020-07-22,0,10
Mont-de-l’Enclus,57095,2020-07-23,0,10
Mont-de-l’Enclus,57095,2020-07-24,0,10
Mont-de-l’Enclus,57095,2020-07-25,0,10
Mont-de-l’Enclus,57095,2020-07-26,0,10
Mont-de-l’Enclus,57095,2020-07-27,0,10
Mont-de-l’Enclus,57095,2020-07-28,0,10
Mont-de-l’Enclus,57095,2020-07-29,0,10
Mont-de-l’Enclus,57095,2020-07-30,0,10
Mont-de-l’Enclus,57095,2020-07-31,0,10
Mont-de-l’Enclus,57095,2020-08-01,0,10
Mont-de-l’Enclus,57095,2020-08-02,0,10
Mont-de-l’Enclus,57095,2020-08-03,0,10
Mont-de-l’Enclus,57095,2020-08-04,0,10
Mont-de-l’Enclus,57095,2020-08-05,0,10
Mont-de-l’Enclus,57095,2020-08-06,0,10
Mont-de-l’Enclus,57095,2020-08-07,0,10
Mont-de-l’Enclus,57095,2020-08-08,0,10
Mont-de-l’Enclus,57095,2020-08-09,0,10
Mont-de-l’Enclus,57095,2020-08-10,0,10
Mont-de-l’Enclus,57095,2020-08-11,0,10
Mont-de-l’Enclus,57095,2020-08-12,0,10
Mont-de-l’Enclus,57095,2020-08-13,0,10
Mont-de-l’Enclus,57095,2020-08-14,0,10
Mont-de-l’Enclus,57095,2020-08-15,0,10
Mont-de-l’Enclus,57095,2020-08-16,0,10
Mont-de-l’Enclus,57095,2020-08-17,0,10
Mont-de-l’Enclus,57095,2020-08-18,0,10
Mont-de-l’Enclus,57095,2020-08-19,0,10
Mont-de-l’Enclus,57095,2020-08-20,0,10
Mont-de-l’Enclus,57095,2020-08-21,0,10
Mont-de-l’Enclus,57095,2020-08-22,0,10
Mont-de-l’Enclus,57095,2020-08-23,0,10
Mont-de-l’Enclus,57095,2020-08-24,0,10
Mont-de-l’Enclus,57095,2020-08-25,0,10
Mont-de-l’Enclus,57095,2020-08-26,0,10
Mont-de-l’Enclus,57095,2020-08-27,0,10
Mont-de-l’Enclus,57095,2020-08-28,0,10
Mont-de-l’Enclus,57095,2020-08-29,0,10
Mont-de-l’Enclus,57095,2020-08-30,0,10
Mont-de-l’Enclus,57095,2020-08-31,0,10
Mont-de-l’Enclus,57095,2020-09-01,0,10
Mont-de-l’Enclus,57095,2020-09-02,0,10
Mont-de-l’Enclus,57095,2020-09-03,0,10
Mont-de-l’Enclus,57095,2020-09-04,0,10
Mont-de-l’Enclus,57095,2020-09-05,0,10
Mont-de-l’Enclus,57095,2020-09-06,0,10
Mont-de-l’Enclus,57095,2020-09-07,0,10
Mont-de-l’Enclus,57095,2020-09-08,0,10
Mont-de-l’Enclus,57095,2020-09-09,0,10
Mont-de-l’Enclus,57095,2020-09-10,0,10
Mont-de-l’Enclus,57095,2020-09-11,0,10
Mont-de-l’Enclus,57095,2020-09-12,0,10
Mont-de-l’Enclus,57095,2020-09-13,0,10
Mont-de-l’Enclus,57095,2020-09-14,0,10
Mont-de-l’Enclus,57095,2020-09-15,0,10
Mont-de-l’Enclus,57095,2020-09-16,1,11
Mont-de-l’Enclus,57095,2020-09-17,1,12
Mont-de-l’Enclus,57095,2020-09-18,1,13
Mont-de-l’Enclus,57095,2020-09-19,0,13
Mont-de-l’Enclus,57095,2020-09-20,1,14
Mont-de-l’Enclus,57095,2020-09-21,0,14
Mont-de-l’Enclus,57095,2020-09-22,0,14
Mont-de-l’Enclus,57095,2020-09-23,0,14
Mont-de-l’Enclus,57095,2020-09-24,1,15
Mont-de-l’Enclus,57095,2020-09-25,0,15
Mont-de-l’Enclus,57095,2020-09-26,3,18
Mont-de-l’Enclus,57095,2020-09-27,0,18
Mont-de-l’Enclus,57095,2020-09-28,0,18
Mont-de-l’Enclus,57095,2020-09-29,0,18
Mont-de-l’Enclus,57095,2020-09-30,0,18
Mont-de-l’Enclus,57095,2020-10-01,1,19
Mont-de-l’Enclus,57095,2020-10-02,0,19
Mont-de-l’Enclus,57095,2020-10-03,0,19
Mont-de-l’Enclus,57095,2020-10-04,2,21
Mont-de-l’Enclus,57095,2020-10-05,1,22
Mont-de-l’Enclus,57095,2020-10-06,1,23
Mont-de-l’Enclus,57095,2020-10-07,0,23
Mont-de-l’Enclus,57095,2020-10-08,0,23
Mont-de-l’Enclus,57095,2020-10-09,2,25
Mont-de-l’Enclus,57095,2020-10-10,4,29
Mont-de-l’Enclus,57095,2020-10-11,1,30
Mont-de-l’Enclus,57095,2020-10-12,1,31
Mont-de-l’Enclus,57095,2020-10-13,5,36
Mont-de-l’Enclus,57095,2020-10-14,1,37
Mont-de-l’Enclus,57095,2020-10-15,2,39
Mont-de-l’Enclus,57095,2020-10-16,2,41
Mont-de-l’Enclus,57095,2020-10-17,3,44
Mont-de-l’Enclus,57095,2020-10-18,3,47
Mont-de-l’Enclus,57095,2020-10-19,4,51
Mont-de-l’Enclus,57095,2020-10-20,1,52
Mont-de-l’Enclus,57095,2020-10-21,6,58
Mont-de-l’Enclus,57095,2020-10-22,2,60
Mont-de-l’Enclus,57095,2020-10-23,10,70
Mont-de-l’Enclus,57095,2020-10-24,2,72
Mont-de-l’Enclus,57095,2020-10-25,8,80
Mont-de-l’Enclus,57095,2020-10-26,10,90
Mont-de-l’Enclus,57095,2020-10-27,9,99
Mont-de-l’Enclus,57095,2020-10-28,2,101
Mont-de-l’Enclus,57095,2020-10-29,15,116
Mont-de-l’Enclus,57095,2020-10-30,9,125
Mont-de-l’Enclus,57095,2020-10-31,11,136
Mont-de-l’Enclus,57095,2020-11-01,4,140
Mont-de-l’Enclus,57095,2020-11-02,3,143
Mont-de-l’Enclus,57095,2020-11-03,2,145
Mont-de-l’Enclus,57095,2020-11-04,7,152
Mont-de-l’Enclus,57095,2020-11-05,5,157
Mont-de-l’Enclus,57095,2020-11-06,5,162
Mont-de-l’Enclus,57095,2020-11-07,1,163
Mont-de-l’Enclus,57095,2020-11-08,4,167
Mont-de-l’Enclus,57095,2020-11-09,1,168
Mont-de-l’Enclus,57095,2020-11-10,0,168
Mont-de-l’Enclus,57095,2020-11-11,2,170
Stoumont,63075,2020-04-03,0,0
Stoumont,63075,2020-04-04,0,0
Stoumont,63075,2020-04-05,0,0
Stoumont,63075,2020-04-06,0,0
Stoumont,63075,2020-04-07,0,0
Stoumont,63075,2020-04-08,0,0
Stoumont,63075,2020-04-09,0,0
Stoumont,63075,2020-04-10,0,0
Stoumont,63075,2020-04-11,0,0
Stoumont,63075,2020-04-12,0,0
Stoumont,63075,2020-04-13,0,0
Stoumont,63075,2020-04-14,0,0
Stoumont,63075,2020-04-15,0,0
Stoumont,63075,2020-04-16,0,0
Stoumont,63075,2020-04-17,0,0
Stoumont,63075,2020-04-18,6,6
Stoumont,63075,2020-04-19,0,6
Stoumont,63075,2020-04-20,0,6
Stoumont,63075,2020-04-21,0,6
Stoumont,63075,2020-04-22,1,7
Stoumont,63075,2020-04-23,0,7
Stoumont,63075,2020-04-24,1,8
Stoumont,63075,2020-04-25,0,8
Stoumont,63075,2020-04-26,0,8
Stoumont,63075,2020-04-27,0,8
Stoumont,63075,2020-04-28,0,8
Stoumont,63075,2020-04-29,0,8
Stoumont,63075,2020-04-30,0,8
Stoumont,63075,2020-05-01,0,8
Stoumont,63075,2020-05-02,0,8
Stoumont,63075,2020-05-03,0,8
Stoumont,63075,2020-05-04,1,9
Stoumont,63075,2020-05-05,0,9
Stoumont,63075,2020-05-06,0,9
Stoumont,63075,2020-05-07,0,9
Stoumont,63075,2020-05-08,0,9
Stoumont,63075,2020-05-09,0,9
Stoumont,63075,2020-05-10,0,9
Stoumont,63075,2020-05-11,0,9
Stoumont,63075,2020-05-12,0,9
Stoumont,63075,2020-05-13,0,9
Stoumont,63075,2020-05-14,0,9
Stoumont,63075,2020-05-15,0,9
Stoumont,63075,2020-05-16,0,9
Stoumont,63075,2020-05-17,0,9
Stoumont,63075,2020-05-18,0,9
Stoumont,63075,2020-05-19,0,9
Stoumont,63075,2020-05-20,0,9
Stoumont,63075,2020-05-21,0,9
Stoumont,63075,2020-05-22,0,9
Stoumont,63075,2020-05-23,0,9
Stoumont,63075,2020-05-24,0,9
Stoumont,63075,2020-05-25,0,9
Stoumont,63075,2020-05-26,0,9
Stoumont,63075,2020-05-27,0,9
Stoumont,63075,2020-05-28,0,9
Stoumont,63075,2020-05-29,1,10
Stoumont,63075,2020-05-30,0,10
Stoumont,63075,2020-05-31,0,10
Stoumont,63075,2020-06-01,0,10
Stoumont,63075,2020-06-02,0,10
Stoumont,63075,2020-06-03,0,10
Stoumont,63075,2020-06-04,0,10
Stoumont,63075,2020-06-05,0,10
Stoumont,63075,2020-06-06,0,10
Stoumont,63075,2020-06-07,0,10
Stoumont,63075,2020-06-08,1,11
Stoumont,63075,2020-06-09,0,11
Stoumont,63075,2020-06-10,0,11
Stoumont,63075,2020-06-11,0,11
Stoumont,63075,2020-06-12,0,11
Stoumont,63075,2020-06-13,0,11
Stoumont,63075,2020-06-14,0,11
Stoumont,63075,2020-06-15,1,12
Stoumont,63075,2020-06-16,0,12
Stoumont,63075,2020-06-17,0,12
Stoumont,63075,2020-06-18,0,12
Stoumont,63075,2020-06-19,1,13
Stoumont,63075,2020-06-20,0,13
Stoumont,63075,2020-06-23,1,14
Stoumont,63075,2020-06-24,0,14
Stoumont,63075,2020-06-25,0,14
Stoumont,63075,2020-06-26,1,15
Stoumont,63075,2020-06-27,0,15
Stoumont,63075,2020-06-30,1,16
Stoumont,63075,2020-07-01,0,16
Stoumont,63075,2020-07-02,0,16
Stoumont,63075,2020-07-03,0,16
Stoumont,63075,2020-07-04,0,16
Stoumont,63075,2020-07-07,0,16
Stoumont,63075,2020-07-08,0,16
Stoumont,63075,2020-07-09,0,16
Stoumont,63075,2020-07-10,0,16
Stoumont,63075,2020-07-11,0,16
Stoumont,63075,2020-07-14,0,16
Stoumont,63075,2020-07-15,0,16
Stoumont,63075,2020-07-16,0,16
Stoumont,63075,2020-07-17,0,16
Stoumont,63075,2020-07-18,0,16
Stoumont,63075,2020-07-20,0,16
Stoumont,63075,2020-07-21,0,16
Stoumont,63075,2020-07-22,0,16
Stoumont,63075,2020-07-23,0,16
Stoumont,63075,2020-07-24,0,16
Stoumont,63075,2020-07-25,0,16
Stoumont,63075,2020-07-26,0,16
Stoumont,63075,2020-07-27,0,16
Stoumont,63075,2020-07-28,0,16
Stoumont,63075,2020-07-29,0,16
Stoumont,63075,2020-07-30,0,16
Stoumont,63075,2020-07-31,0,16
Stoumont,63075,2020-08-01,0,16
Stoumont,63075,2020-08-02,0,16
Stoumont,63075,2020-08-03,0,16
Stoumont,63075,2020-08-04,0,16
Stoumont,63075,2020-08-05,0,16
Stoumont,63075,2020-08-06,0,16
Stoumont,63075,2020-08-07,0,16
Stoumont,63075,2020-08-08,0,16
Stoumont,63075,2020-08-09,0,16
Stoumont,63075,2020-08-10,0,16
Stoumont,63075,2020-08-11,0,16
Stoumont,63075,2020-08-12,0,16
Stoumont,63075,2020-08-13,0,16
Stoumont,63075,2020-08-14,0,16
Stoumont,63075,2020-08-15,0,16
Stoumont,63075,2020-08-16,0,16
Stoumont,63075,2020-08-17,0,16
Stoumont,63075,2020-08-18,0,16
Stoumont,63075,2020-08-19,0,16
Stoumont,63075,2020-08-20,0,16
Stoumont,63075,2020-08-21,0,16
Stoumont,63075,2020-08-22,0,16
Stoumont,63075,2020-08-23,0,16
Stoumont,63075,2020-08-24,0,16
Stoumont,63075,2020-08-25,0,16
Stoumont,63075,2020-08-26,0,16
Stoumont,63075,2020-08-27,0,16
Stoumont,63075,2020-08-28,0,16
Stoumont,63075,2020-08-29,0,16
Stoumont,63075,2020-08-30,0,16
Stoumont,63075,2020-08-31,0,16
Stoumont,63075,2020-09-01,0,16
Stoumont,63075,2020-09-02,0,16
Stoumont,63075,2020-09-03,0,16
Stoumont,63075,2020-09-04,0,16
Stoumont,63075,2020-09-05,0,16
Stoumont,63075,2020-09-06,0,16
Stoumont,63075,2020-09-07,0,16
Stoumont,63075,2020-09-08,0,16
Stoumont,63075,2020-09-09,0,16
Stoumont,63075,2020-09-10,0,16
Stoumont,63075,2020-09-11,0,16
Stoumont,63075,2020-09-12,0,16
Stoumont,63075,2020-09-13,0,16
Stoumont,63075,2020-09-14,0,16
Stoumont,63075,2020-09-15,0,16
Stoumont,63075,2020-09-16,0,16
Stoumont,63075,2020-09-17,0,16
Stoumont,63075,2020-09-18,0,16
Stoumont,63075,2020-09-19,2,18
Stoumont,63075,2020-09-20,0,18
Stoumont,63075,2020-09-21,0,18
Stoumont,63075,2020-09-22,0,18
Stoumont,63075,2020-09-23,0,18
Stoumont,63075,2020-09-24,0,18
Stoumont,63075,2020-09-25,1,19
Stoumont,63075,2020-09-26,0,19
Stoumont,63075,2020-09-27,0,19
Stoumont,63075,2020-09-28,0,19
Stoumont,63075,2020-09-29,0,19
Stoumont,63075,2020-09-30,0,19
Stoumont,63075,2020-10-01,0,19
Stoumont,63075,2020-10-02,1,20
Stoumont,63075,2020-10-03,1,21
Stoumont,63075,2020-10-04,0,21
Stoumont,63075,2020-10-05,5,26
Stoumont,63075,2020-10-06,1,27
Stoumont,63075,2020-10-07,0,27
Stoumont,63075,2020-10-08,3,30
Stoumont,63075,2020-10-09,2,32
Stoumont,63075,2020-10-10,4,36
Stoumont,63075,2020-10-11,5,41
Stoumont,63075,2020-10-12,0,41
Stoumont,63075,2020-10-13,2,43
Stoumont,63075,2020-10-14,19,62
Stoumont,63075,2020-10-15,3,65
Stoumont,63075,2020-10-16,8,73
Stoumont,63075,2020-10-17,5,78
Stoumont,63075,2020-10-18,4,82
Stoumont,63075,2020-10-19,4,86
Stoumont,63075,2020-10-20,4,90
Stoumont,63075,2020-10-21,9,99
Stoumont,63075,2020-10-22,9,108
Stoumont,63075,2020-10-23,9,117
Stoumont,63075,2020-10-24,13,130
Stoumont,63075,2020-10-25,5,135
Stoumont,63075,2020-10-26,7,142
Stoumont,63075,2020-10-27,8,150
Stoumont,63075,2020-10-28,2,152
Stoumont,63075,2020-10-29,6,158
Stoumont,63075,2020-10-30,12,170
Stoumont,63075,2020-10-31,12,182
Stoumont,63075,2020-11-01,22,204
Stoumont,63075,2020-11-02,19,223
Stoumont,63075,2020-11-03,1,224
Stoumont,63075,2020-11-04,4,228
Stoumont,63075,2020-11-05,8,236
Stoumont,63075,2020-11-06,8,244
Stoumont,63075,2020-11-07,3,247
Stoumont,63075,2020-11-08,2,249
Stoumont,63075,2020-11-09,1,250
Stoumont,63075,2020-11-10,0,250
Stoumont,63075,2020-11-11,2,252
Tellin,84068,2020-04-03,0,0
Tellin,84068,2020-04-04,0,0
Tellin,84068,2020-04-05,0,0
Tellin,84068,2020-04-06,0,0
Tellin,84068,2020-04-07,0,0
Tellin,84068,2020-04-08,0,0
Tellin,84068,2020-04-09,0,0
Tellin,84068,2020-04-10,0,0
Tellin,84068,2020-04-11,0,0
Tellin,84068,2020-04-12,0,0
Tellin,84068,2020-04-13,0,0
Tellin,84068,2020-04-14,0,0
Tellin,84068,2020-04-15,0,0
Tellin,84068,2020-04-16,0,0
Tellin,84068,2020-04-17,0,0
Tellin,84068,2020-04-18,0,0
Tellin,84068,2020-04-19,0,0
Tellin,84068,2020-04-20,0,0
Tellin,84068,2020-04-21,0,0
Tellin,84068,2020-04-22,0,0
Tellin,84068,2020-04-23,0,0
Tellin,84068,2020-04-24,0,0
Tellin,84068,2020-04-25,0,0
Tellin,84068,2020-04-26,0,0
Tellin,84068,2020-04-27,0,0
Tellin,84068,2020-04-28,0,0
Tellin,84068,2020-04-29,0,0
Tellin,84068,2020-04-30,0,0
Tellin,84068,2020-05-01,0,0
Tellin,84068,2020-05-02,0,0
Tellin,84068,2020-05-03,0,0
Tellin,84068,2020-05-04,0,0
Tellin,84068,2020-05-05,0,0
Tellin,84068,2020-05-06,0,0
Tellin,84068,2020-05-07,0,0
Tellin,84068,2020-05-08,0,0
Tellin,84068,2020-05-09,0,0
Tellin,84068,2020-05-10,0,0
Tellin,84068,2020-05-11,0,0
Tellin,84068,2020-05-12,0,0
Tellin,84068,2020-05-13,0,0
Tellin,84068,2020-05-14,0,0
Tellin,84068,2020-05-15,0,0
Tellin,84068,2020-05-16,0,0
Tellin,84068,2020-05-17,0,0
Tellin,84068,2020-05-18,0,0
Tellin,84068,2020-05-19,0,0
Tellin,84068,2020-05-20,0,0
Tellin,84068,2020-05-21,0,0
Tellin,84068,2020-05-22,0,0
Tellin,84068,2020-05-23,0,0
Tellin,84068,2020-05-24,0,0
Tellin,84068,2020-05-25,0,0
Tellin,84068,2020-05-26,0,0
Tellin,84068,2020-05-27,0,0
Tellin,84068,2020-05-28,0,0
Tellin,84068,2020-05-29,0,0
Tellin,84068,2020-05-30,0,0
Tellin,84068,2020-05-31,0,0
Tellin,84068,2020-06-01,0,0
Tellin,84068,2020-06-02,0,0
Tellin,84068,2020-06-03,0,0
Tellin,84068,2020-06-04,0,0
Tellin,84068,2020-06-05,0,0
Tellin,84068,2020-06-06,0,0
Tellin,84068,2020-06-07,0,0
Tellin,84068,2020-06-08,0,0
Tellin,84068,2020-06-09,0,0
Tellin,84068,2020-06-10,0,0
Tellin,84068,2020-06-11,0,0
Tellin,84068,2020-06-12,0,0
Tellin,84068,2020-06-13,0,0
Tellin,84068,2020-06-14,0,0
Tellin,84068,2020-06-15,0,0
Tellin,84068,2020-06-16,0,0
Tellin,84068,2020-06-17,0,0
Tellin,84068,2020-06-18,0,0
Tellin,84068,2020-06-19,0,0
Tellin,84068,2020-06-20,0,0
Tellin,84068,2020-06-23,0,0
Tellin,84068,2020-06-24,0,0
Tellin,84068,2020-06-25,0,0
Tellin,84068,2020-06-26,0,0
Tellin,84068,2020-06-27,0,0
Tellin,84068,2020-06-30,0,0
Tellin,84068,2020-07-01,0,0
Tellin,84068,2020-07-02,0,0
Tellin,84068,2020-07-03,0,0
Tellin,84068,2020-07-04,0,0
Tellin,84068,2020-07-07,0,0
Tellin,84068,2020-07-08,0,0
Tellin,84068,2020-07-09,0,0
Tellin,84068,2020-07-10,0,0
Tellin,84068,2020-07-11,0,0
Tellin,84068,2020-07-14,0,0
Tellin,84068,2020-07-15,0,0
Tellin,84068,2020-07-16,0,0
Tellin,84068,2020-07-17,0,0
Tellin,84068,2020-07-18,0,0
Tellin,84068,2020-07-20,0,0
Tellin,84068,2020-07-21,0,0
Tellin,84068,2020-07-22,0,0
Tellin,84068,2020-07-23,0,0
Tellin,84068,2020-07-24,0,0
Tellin,84068,2020-07-25,0,0
Tellin,84068,2020-07-26,0,0
Tellin,84068,2020-07-27,0,0
Tellin,84068,2020-07-28,0,0
Tellin,84068,2020-07-29,0,0
Tellin,84068,2020-07-30,0,0
Tellin,84068,2020-07-31,0,0
Tellin,84068,2020-08-01,0,0
Tellin,84068,2020-08-02,0,0
Tellin,84068,2020-08-03,0,0
Tellin,84068,2020-08-04,0,0
Tellin,84068,2020-08-05,0,0
Tellin,84068,2020-08-06,0,0
Tellin,84068,2020-08-07,0,0
Tellin,84068,2020-08-08,0,0
Tellin,84068,2020-08-09,0,0
Tellin,84068,2020-08-10,0,0
Tellin,84068,2020-08-11,0,0
Tellin,84068,2020-08-12,0,0
Tellin,84068,2020-08-13,0,0
Tellin,84068,2020-08-14,0,0
Tellin,84068,2020-08-15,0,0
Tellin,84068,2020-08-16,0,0
Tellin,84068,2020-08-17,0,0
Tellin,84068,2020-08-18,0,0
Tellin,84068,2020-08-19,0,0
Tellin,84068,2020-08-20,0,0
Tellin,84068,2020-08-21,0,0
Tellin,84068,2020-08-22,0,0
Tellin,84068,2020-08-23,0,0
Tellin,84068,2020-08-24,0,0
Tellin,84068,2020-08-25,0,0
Tellin,84068,2020-08-26,0,0
Tellin,84068,2020-08-27,0,0
Tellin,84068,2020-08-28,0,0
Tellin,84068,2020-08-29,0,0
Tellin,84068,2020-08-30,0,0
Tellin,84068,2020-08-31,0,0
Tellin,84068,2020-09-01,0,0
Tellin,84068,2020-09-02,0,0
Tellin,84068,2020-09-03,0,0
Tellin,84068,2020-09-04,0,0
Tellin,84068,2020-09-05,0,0
Tellin,84068,2020-09-06,0,0
Tellin,84068,2020-09-07,0,0
Tellin,84068,2020-09-08,0,0
Tellin,84068,2020-09-09,0,0
Tellin,84068,2020-09-10,0,0
Tellin,84068,2020-09-11,0,0
Tellin,84068,2020-09-12,0,0
Tellin,84068,2020-09-13,5,5
Tellin,84068,2020-09-14,0,5
Tellin,84068,2020-09-15,0,5
Tellin,84068,2020-09-16,0,5
Tellin,84068,2020-09-17,0,5
Tellin,84068,2020-09-18,0,5
Tellin,84068,2020-09-19,1,6
Tellin,84068,2020-09-20,0,6
Tellin,84068,2020-09-21,1,7
Tellin,84068,2020-09-22,0,7
Tellin,84068,2020-09-23,2,9
Tellin,84068,2020-09-24,2,11
Tellin,84068,2020-09-25,1,12
Tellin,84068,2020-09-26,4,16
Tellin,84068,2020-09-27,0,16
Tellin,84068,2020-09-28,0,16
Tellin,84068,2020-09-29,0,16
Tellin,84068,2020-09-30,0,16
Tellin,84068,2020-10-01,0,16
Tellin,84068,2020-10-02,1,17
Tellin,84068,2020-10-03,1,18
Tellin,84068,2020-10-04,2,20
Tellin,84068,2020-10-05,0,20
Tellin,84068,2020-10-06,1,21
Tellin,84068,2020-10-07,0,21
Tellin,84068,2020-10-08,1,22
Tellin,84068,2020-10-09,3,25
Tellin,84068,2020-10-10,1,26
Tellin,84068,2020-10-11,8,34
Tellin,84068,2020-10-12,3,37
Tellin,84068,2020-10-13,0,37
Tellin,84068,2020-10-14,4,41
Tellin,84068,2020-10-15,2,43
Tellin,84068,2020-10-16,3,46
Tellin,84068,2020-10-17,4,50
Tellin,84068,2020-10-18,2,52
Tellin,84068,2020-10-19,6,58
Tellin,84068,2020-10-20,1,59
Tellin,84068,2020-10-21,1,60
Tellin,84068,2020-10-22,6,66
Tellin,84068,2020-10-23,16,82
Tellin,84068,2020-10-24,5,87
Tellin,84068,2020-10-25,10,97
Tellin,84068,2020-10-26,8,105
Tellin,84068,2020-10-27,1,106
Tellin,84068,2020-10-28,3,109
Tellin,84068,2020-10-29,5,114
Tellin,84068,2020-10-30,2,116
Tellin,84068,2020-10-31,7,123
Tellin,84068,2020-11-01,10,133
Tellin,84068,2020-11-02,3,136
Tellin,84068,2020-11-03,1,137
Tellin,84068,2020-11-04,0,137
Tellin,84068,2020-11-05,3,140
Tellin,84068,2020-11-06,1,141
Tellin,84068,2020-11-07,1,142
Tellin,84068,2020-11-08,1,143
Tellin,84068,2020-11-09,1,144
Tellin,84068,2020-11-10,1,145
Tellin,84068,2020-11-11,0,145
Doische,93018,2020-04-03,0,0
Doische,93018,2020-04-04,0,0
Doische,93018,2020-04-05,0,0
Doische,93018,2020-04-06,0,0
Doische,93018,2020-04-07,0,0
Doische,93018,2020-04-08,0,0
Doische,93018,2020-04-09,0,0
Doische,93018,2020-04-10,0,0
Doische,93018,2020-04-11,0,0
Doische,93018,2020-04-12,0,0
Doische,93018,2020-04-13,0,0
Doische,93018,2020-04-14,0,0
Doische,93018,2020-04-15,0,0
Doische,93018,2020-04-16,0,0
Doische,93018,2020-04-17,0,0
Doische,93018,2020-04-18,0,0
Doische,93018,2020-04-19,0,0
Doische,93018,2020-04-20,0,0
Doische,93018,2020-04-21,0,0
Doische,93018,2020-04-22,0,0
Doische,93018,2020-04-23,0,0
Doische,93018,2020-04-24,0,0
Doische,93018,2020-04-25,0,0
Doische,93018,2020-04-26,0,0
Doische,93018,2020-04-27,0,0
Doische,93018,2020-04-28,0,0
Doische,93018,2020-04-29,0,0
Doische,93018,2020-04-30,5,5
Doische,93018,2020-05-01,0,5
Doische,93018,2020-05-02,1,6
Doische,93018,2020-05-03,0,6
Doische,93018,2020-05-04,0,6
Doische,93018,2020-05-05,0,6
Doische,93018,2020-05-06,0,6
Doische,93018,2020-05-07,0,6
Doische,93018,2020-05-08,0,6
Doische,93018,2020-05-09,0,6
Doische,93018,2020-05-10,0,6
Doische,93018,2020-05-11,0,6
Doische,93018,2020-05-12,0,6
Doische,93018,2020-05-13,0,6
Doische,93018,2020-05-14,0,6
Doische,93018,2020-05-15,0,6
Doische,93018,2020-05-16,0,6
Doische,93018,2020-05-17,0,6
Doische,93018,2020-05-18,0,6
Doische,93018,2020-05-19,0,6
Doische,93018,2020-05-20,0,6
Doische,93018,2020-05-21,0,6
Doische,93018,2020-05-22,0,6
Doische,93018,2020-05-23,0,6
Doische,93018,2020-05-24,0,6
Doische,93018,2020-05-25,0,6
Doische,93018,2020-05-26,0,6
Doische,93018,2020-05-27,0,6
Doische,93018,2020-05-28,0,6
Doische,93018,2020-05-29,0,6
Doische,93018,2020-05-30,0,6
Doische,93018,2020-05-31,0,6
Doische,93018,2020-06-01,0,6
Doische,93018,2020-06-02,0,6
Doische,93018,2020-06-03,0,6
Doische,93018,2020-06-04,0,6
Doische,93018,2020-06-05,0,6
Doische,93018,2020-06-06,0,6
Doische,93018,2020-06-07,0,6
Doische,93018,2020-06-08,0,6
Doische,93018,2020-06-09,0,6
Doische,93018,2020-06-10,0,6
Doische,93018,2020-06-11,0,6
Doische,93018,2020-06-12,0,6
Doische,93018,2020-06-13,0,6
Doische,93018,2020-06-14,0,6
Doische,93018,2020-06-15,0,6
Doische,93018,2020-06-16,0,6
Doische,93018,2020-06-17,0,6
Doische,93018,2020-06-18,0,6
Doische,93018,2020-06-19,0,6
Doische,93018,2020-06-20,0,6
Doische,93018,2020-06-23,0,6
Doische,93018,2020-06-24,0,6
Doische,93018,2020-06-25,0,6
Doische,93018,2020-06-26,0,6
Doische,93018,2020-06-27,0,6
Doische,93018,2020-06-30,0,6
Doische,93018,2020-07-01,0,6
Doische,93018,2020-07-02,0,6
Doische,93018,2020-07-03,0,6
Doische,93018,2020-07-04,0,6
Doische,93018,2020-07-07,0,6
Doische,93018,2020-07-08,0,6
Doische,93018,2020-07-09,0,6
Doische,93018,2020-07-10,0,6
Doische,93018,2020-07-11,0,6
Doische,93018,2020-07-14,0,6
Doische,93018,2020-07-15,0,6
Doische,93018,2020-07-16,0,6
Doische,93018,2020-07-17,0,6
Doische,93018,2020-07-18,0,6
Doische,93018,2020-07-20,0,6
Doische,93018,2020-07-21,0,6
Doische,93018,2020-07-22,0,6
Doische,93018,2020-07-23,0,6
Doische,93018,2020-07-24,0,6
Doische,93018,2020-07-25,0,6
Doische,93018,2020-07-26,0,6
Doische,93018,2020-07-27,0,6
Doische,93018,2020-07-28,0,6
Doische,93018,2020-07-29,0,6
Doische,93018,2020-07-30,0,6
Doische,93018,2020-07-31,0,6
Doische,93018,2020-08-01,0,6
Doische,93018,2020-08-02,0,6
Doische,93018,2020-08-03,0,6
Doische,93018,2020-08-04,0,6
Doische,93018,2020-08-05,0,6
Doische,93018,2020-08-06,0,6
Doische,93018,2020-08-07,0,6
Doische,93018,2020-08-08,0,6
Doische,93018,2020-08-09,0,6
Doische,93018,2020-08-10,0,6
Doische,93018,2020-08-11,0,6
Doische,93018,2020-08-12,0,6
Doische,93018,2020-08-13,0,6
Doische,93018,2020-08-14,0,6
Doische,93018,2020-08-15,0,6
Doische,93018,2020-08-16,0,6
Doische,93018,2020-08-17,0,6
Doische,93018,2020-08-18,0,6
Doische,93018,2020-08-19,0,6
Doische,93018,2020-08-20,0,6
Doische,93018,2020-08-21,0,6
Doische,93018,2020-08-22,0,6
Doische,93018,2020-08-23,0,6
Doische,93018,2020-08-24,0,6
Doische,93018,2020-08-25,0,6
Doische,93018,2020-08-26,0,6
Doische,93018,2020-08-27,0,6
Doische,93018,2020-08-28,0,6
Doische,93018,2020-08-29,0,6
Doische,93018,2020-08-30,0,6
Doische,93018,2020-08-31,0,6
Doische,93018,2020-09-01,0,6
Doische,93018,2020-09-02,0,6
Doische,93018,2020-09-03,0,6
Doische,93018,2020-09-04,0,6
Doische,93018,2020-09-05,0,6
Doische,93018,2020-09-06,0,6
Doische,93018,2020-09-07,0,6
Doische,93018,2020-09-08,0,6
Doische,93018,2020-09-09,0,6
Doische,93018,2020-09-10,0,6
Doische,93018,2020-09-11,0,6
Doische,93018,2020-09-12,0,6
Doische,93018,2020-09-13,0,6
Doische,93018,2020-09-14,0,6
Doische,93018,2020-09-15,0,6
Doische,93018,2020-09-16,0,6
Doische,93018,2020-09-17,0,6
Doische,93018,2020-09-18,0,6
Doische,93018,2020-09-19,0,6
Doische,93018,2020-09-20,0,6
Doische,93018,2020-09-21,0,6
Doische,93018,2020-09-22,0,6
Doische,93018,2020-09-23,0,6
Doische,93018,2020-09-24,0,6
Doische,93018,2020-09-25,1,7
Doische,93018,2020-09-26,0,7
Doische,93018,2020-09-27,0,7
Doische,93018,2020-09-28,0,7
Doische,93018,2020-09-29,0,7
Doische,93018,2020-09-30,1,8
Doische,93018,2020-10-01,0,8
Doische,93018,2020-10-02,0,8
Doische,93018,2020-10-03,1,9
Doische,93018,2020-10-04,0,9
Doische,93018,2020-10-05,0,9
Doische,93018,2020-10-06,1,10
Doische,93018,2020-10-07,0,10
Doische,93018,2020-10-08,1,11
Doische,93018,2020-10-09,1,12
Doische,93018,2020-10-10,3,15
Doische,93018,2020-10-11,0,15
Doische,93018,2020-10-12,5,20
Doische,93018,2020-10-13,2,22
Doische,93018,2020-10-14,2,24
Doische,93018,2020-10-15,7,31
Doische,93018,2020-10-16,5,36
Doische,93018,2020-10-17,3,39
Doische,93018,2020-10-18,4,43
Doische,93018,2020-10-19,2,45
Doische,93018,2020-10-20,2,47
Doische,93018,2020-10-21,5,52
Doische,93018,2020-10-22,3,55
Doische,93018,2020-10-23,13,68
Doische,93018,2020-10-24,3,71
Doische,93018,2020-10-25,4,75
Doische,93018,2020-10-26,5,80
Doische,93018,2020-10-27,3,83
Doische,93018,2020-10-28,5,88
Doische,93018,2020-10-29,5,93
Doische,93018,2020-10-30,13,106
Doische,93018,2020-10-31,3,109
Doische,93018,2020-11-01,2,111
Doische,93018,2020-11-02,3,114
Doische,93018,2020-11-03,1,115
Doische,93018,2020-11-04,1,116
Doische,93018,2020-11-05,4,120
Doische,93018,2020-11-06,4,124
Doische,93018,2020-11-07,4,128
Doische,93018,2020-11-08,5,133
Doische,93018,2020-11-09,0,133
Doische,93018,2020-11-10,2,135
Doische,93018,2020-11-11,2,137
Bever,23009,2020-04-04,0,0
Bever,23009,2020-04-05,0,0
Bever,23009,2020-04-06,0,0
Bever,23009,2020-04-07,0,0
Bever,23009,2020-04-08,0,0
Bever,23009,2020-04-09,0,0
Bever,23009,2020-04-10,0,0
Bever,23009,2020-04-11,0,0
Bever,23009,2020-04-12,0,0
Bever,23009,2020-04-13,0,0
Bever,23009,2020-04-14,0,0
Bever,23009,2020-04-15,0,0
Bever,23009,2020-04-16,0,0
Bever,23009,2020-04-17,0,0
Bever,23009,2020-04-18,0,0
Bever,23009,2020-04-19,0,0
Bever,23009,2020-04-20,0,0
Bever,23009,2020-04-21,0,0
Bever,23009,2020-04-22,0,0
Bever,23009,2020-04-23,0,0
Bever,23009,2020-04-24,0,0
Bever,23009,2020-04-25,0,0
Bever,23009,2020-04-26,0,0
Bever,23009,2020-04-27,0,0
Bever,23009,2020-04-28,0,0
Bever,23009,2020-04-29,0,0
Bever,23009,2020-04-30,0,0
Bever,23009,2020-05-01,0,0
Bever,23009,2020-05-02,0,0
Bever,23009,2020-05-03,0,0
Bever,23009,2020-05-04,0,0
Bever,23009,2020-05-05,0,0
Bever,23009,2020-05-06,0,0
Bever,23009,2020-05-07,0,0
Bever,23009,2020-05-08,0,0
Bever,23009,2020-05-09,0,0
Bever,23009,2020-05-10,0,0
Bever,23009,2020-05-11,0,0
Bever,23009,2020-05-12,0,0
Bever,23009,2020-05-13,0,0
Bever,23009,2020-05-14,0,0
Bever,23009,2020-05-15,0,0
Bever,23009,2020-05-16,0,0
Bever,23009,2020-05-17,0,0
Bever,23009,2020-05-18,0,0
Bever,23009,2020-05-19,0,0
Bever,23009,2020-05-20,0,0
Bever,23009,2020-05-21,0,0
Bever,23009,2020-05-22,0,0
Bever,23009,2020-05-23,0,0
Bever,23009,2020-05-24,0,0
Bever,23009,2020-05-25,0,0
Bever,23009,2020-05-26,0,0
Bever,23009,2020-05-27,0,0
Bever,23009,2020-05-28,0,0
Bever,23009,2020-05-29,0,0
Bever,23009,2020-05-30,0,0
Bever,23009,2020-05-31,0,0
Bever,23009,2020-06-01,0,0
Bever,23009,2020-06-02,0,0
Bever,23009,2020-06-03,0,0
Bever,23009,2020-06-04,0,0
Bever,23009,2020-06-05,0,0
Bever,23009,2020-06-06,0,0
Bever,23009,2020-06-07,0,0
Bever,23009,2020-06-08,0,0
Bever,23009,2020-06-09,0,0
Bever,23009,2020-06-10,0,0
Bever,23009,2020-06-11,0,0
Bever,23009,2020-06-12,0,0
Bever,23009,2020-06-13,0,0
Bever,23009,2020-06-14,0,0
Bever,23009,2020-06-15,0,0
Bever,23009,2020-06-16,0,0
Bever,23009,2020-06-17,0,0
Bever,23009,2020-06-18,0,0
Bever,23009,2020-06-19,0,0
Bever,23009,2020-06-20,0,0
Bever,23009,2020-06-23,0,0
Bever,23009,2020-06-24,0,0
Bever,23009,2020-06-25,0,0
Bever,23009,2020-06-26,0,0
Bever,23009,2020-06-27,0,0
Bever,23009,2020-06-30,0,0
Bever,23009,2020-07-01,0,0
Bever,23009,2020-07-02,0,0
Bever,23009,2020-07-03,0,0
Bever,23009,2020-07-04,0,0
Bever,23009,2020-07-07,0,0
Bever,23009,2020-07-08,0,0
Bever,23009,2020-07-09,0,0
Bever,23009,2020-07-10,0,0
Bever,23009,2020-07-11,0,0
Bever,23009,2020-07-14,0,0
Bever,23009,2020-07-15,0,0
Bever,23009,2020-07-16,0,0
Bever,23009,2020-07-17,0,0
Bever,23009,2020-07-18,0,0
Bever,23009,2020-07-20,0,0
Bever,23009,2020-07-21,0,0
Bever,23009,2020-07-22,0,0
Bever,23009,2020-07-23,0,0
Bever,23009,2020-07-24,0,0
Bever,23009,2020-07-25,0,0
Bever,23009,2020-07-26,0,0
Bever,23009,2020-07-27,0,0
Bever,23009,2020-07-28,0,0
Bever,23009,2020-07-29,0,0
Bever,23009,2020-07-30,0,0
Bever,23009,2020-07-31,0,0
Bever,23009,2020-08-01,0,0
Bever,23009,2020-08-02,0,0
Bever,23009,2020-08-03,0,0
Bever,23009,2020-08-04,0,0
Bever,23009,2020-08-05,0,0
Bever,23009,2020-08-06,0,0
Bever,23009,2020-08-07,0,0
Bever,23009,2020-08-08,0,0
Bever,23009,2020-08-09,0,0
Bever,23009,2020-08-10,0,0
Bever,23009,2020-08-11,0,0
Bever,23009,2020-08-12,0,0
Bever,23009,2020-08-13,0,0
Bever,23009,2020-08-14,0,0
Bever,23009,2020-08-15,0,0
Bever,23009,2020-08-16,0,0
Bever,23009,2020-08-17,0,0
Bever,23009,2020-08-18,0,0
Bever,23009,2020-08-19,0,0
Bever,23009,2020-08-20,0,0
Bever,23009,2020-08-21,0,0
Bever,23009,2020-08-22,0,0
Bever,23009,2020-08-23,0,0
Bever,23009,2020-08-24,0,0
Bever,23009,2020-08-25,0,0
Bever,23009,2020-08-26,0,0
Bever,23009,2020-08-27,0,0
Bever,23009,2020-08-28,0,0
Bever,23009,2020-08-29,0,0
Bever,23009,2020-08-30,0,0
Bever,23009,2020-08-31,0,0
Bever,23009,2020-09-01,6,6
Bever,23009,2020-09-02,0,6
Bever,23009,2020-09-03,0,6
Bever,23009,2020-09-04,0,6
Bever,23009,2020-09-05,0,6
Bever,23009,2020-09-06,0,6
Bever,23009,2020-09-07,0,6
Bever,23009,2020-09-08,2,8
Bever,23009,2020-09-09,0,8
Bever,23009,2020-09-10,0,8
Bever,23009,2020-09-11,0,8
Bever,23009,2020-09-12,1,9
Bever,23009,2020-09-13,0,9
Bever,23009,2020-09-14,0,9
Bever,23009,2020-09-15,1,10
Bever,23009,2020-09-16,0,10
Bever,23009,2020-09-17,0,10
Bever,23009,2020-09-18,0,10
Bever,23009,2020-09-19,0,10
Bever,23009,2020-09-20,0,10
Bever,23009,2020-09-21,1,11
Bever,23009,2020-09-22,0,11
Bever,23009,2020-09-23,0,11
Bever,23009,2020-09-24,0,11
Bever,23009,2020-09-25,0,11
Bever,23009,2020-09-26,0,11
Bever,23009,2020-09-27,0,11
Bever,23009,2020-09-28,0,11
Bever,23009,2020-09-29,0,11
Bever,23009,2020-09-30,0,11
Bever,23009,2020-10-01,0,11
Bever,23009,2020-10-02,0,11
Bever,23009,2020-10-03,0,11
Bever,23009,2020-10-04,0,11
Bever,23009,2020-10-05,0,11
Bever,23009,2020-10-06,0,11
Bever,23009,2020-10-07,1,12
Bever,23009,2020-10-08,0,12
Bever,23009,2020-10-09,1,13
Bever,23009,2020-10-10,0,13
Bever,23009,2020-10-11,1,14
Bever,23009,2020-10-12,1,15
Bever,23009,2020-10-13,2,17
Bever,23009,2020-10-14,1,18
Bever,23009,2020-10-15,1,19
Bever,23009,2020-10-16,2,21
Bever,23009,2020-10-17,3,24
Bever,23009,2020-10-18,2,26
Bever,23009,2020-10-19,1,27
Bever,23009,2020-10-20,1,28
Bever,23009,2020-10-21,3,31
Bever,23009,2020-10-22,0,31
Bever,23009,2020-10-23,0,31
Bever,23009,2020-10-24,4,35
Bever,23009,2020-10-25,3,38
Bever,23009,2020-10-26,3,41
Bever,23009,2020-10-27,3,44
Bever,23009,2020-10-28,1,45
Bever,23009,2020-10-29,2,47
Bever,23009,2020-10-30,6,53
Bever,23009,2020-10-31,3,56
Bever,23009,2020-11-01,2,58
Bever,23009,2020-11-02,2,60
Bever,23009,2020-11-03,2,62
Bever,23009,2020-11-04,1,63
Bever,23009,2020-11-05,2,65
Bever,23009,2020-11-06,2,67
Bever,23009,2020-11-07,2,69
Bever,23009,2020-11-08,0,69
Bever,23009,2020-11-09,1,70
Bever,23009,2020-11-10,0,70
Bever,23009,2020-11-11,0,70
Zuienkerke,31042,2020-04-04,0,0
Zuienkerke,31042,2020-04-05,0,0
Zuienkerke,31042,2020-04-06,0,0
Zuienkerke,31042,2020-04-07,0,0
Zuienkerke,31042,2020-04-08,0,0
Zuienkerke,31042,2020-04-09,0,0
Zuienkerke,31042,2020-04-10,0,0
Zuienkerke,31042,2020-04-11,0,0
Zuienkerke,31042,2020-04-12,0,0
Zuienkerke,31042,2020-04-13,0,0
Zuienkerke,31042,2020-04-14,0,0
Zuienkerke,31042,2020-04-15,0,0
Zuienkerke,31042,2020-04-16,0,0
Zuienkerke,31042,2020-04-17,0,0
Zuienkerke,31042,2020-04-18,0,0
Zuienkerke,31042,2020-04-19,0,0
Zuienkerke,31042,2020-04-20,0,0
Zuienkerke,31042,2020-04-21,0,0
Zuienkerke,31042,2020-04-22,0,0
Zuienkerke,31042,2020-04-23,0,0
Zuienkerke,31042,2020-04-24,0,0
Zuienkerke,31042,2020-04-25,0,0
Zuienkerke,31042,2020-04-26,0,0
Zuienkerke,31042,2020-04-27,0,0
Zuienkerke,31042,2020-04-28,0,0
Zuienkerke,31042,2020-04-29,0,0
Zuienkerke,31042,2020-04-30,0,0
Zuienkerke,31042,2020-05-01,0,0
Zuienkerke,31042,2020-05-02,0,0
Zuienkerke,31042,2020-05-03,0,0
Zuienkerke,31042,2020-05-04,0,0
Zuienkerke,31042,2020-05-05,0,0
Zuienkerke,31042,2020-05-06,0,0
Zuienkerke,31042,2020-05-07,0,0
Zuienkerke,31042,2020-05-08,0,0
Zuienkerke,31042,2020-05-09,0,0
Zuienkerke,31042,2020-05-10,0,0
Zuienkerke,31042,2020-05-11,0,0
Zuienkerke,31042,2020-05-12,0,0
Zuienkerke,31042,2020-05-13,5,5
Zuienkerke,31042,2020-05-14,0,5
Zuienkerke,31042,2020-05-15,0,5
Zuienkerke,31042,2020-05-16,0,5
Zuienkerke,31042,2020-05-17,0,5
Zuienkerke,31042,2020-05-18,0,5
Zuienkerke,31042,2020-05-19,0,5
Zuienkerke,31042,2020-05-20,0,5
Zuienkerke,31042,2020-05-21,1,6
Zuienkerke,31042,2020-05-22,0,6
Zuienkerke,31042,2020-05-23,0,6
Zuienkerke,31042,2020-05-24,0,6
Zuienkerke,31042,2020-05-25,0,6
Zuienkerke,31042,2020-05-26,0,6
Zuienkerke,31042,2020-05-27,0,6
Zuienkerke,31042,2020-05-28,0,6
Zuienkerke,31042,2020-05-29,0,6
Zuienkerke,31042,2020-05-30,0,6
Zuienkerke,31042,2020-05-31,0,6
Zuienkerke,31042,2020-06-01,0,6
Zuienkerke,31042,2020-06-02,0,6
Zuienkerke,31042,2020-06-03,0,6
Zuienkerke,31042,2020-06-04,0,6
Zuienkerke,31042,2020-06-05,0,6
Zuienkerke,31042,2020-06-06,0,6
Zuienkerke,31042,2020-06-07,0,6
Zuienkerke,31042,2020-06-08,0,6
Zuienkerke,31042,2020-06-09,0,6
Zuienkerke,31042,2020-06-10,1,7
Zuienkerke,31042,2020-06-11,0,7
Zuienkerke,31042,2020-06-12,1,8
Zuienkerke,31042,2020-06-13,0,8
Zuienkerke,31042,2020-06-14,0,8
Zuienkerke,31042,2020-06-15,0,8
Zuienkerke,31042,2020-06-16,0,8
Zuienkerke,31042,2020-06-17,0,8
Zuienkerke,31042,2020-06-18,0,8
Zuienkerke,31042,2020-06-19,0,8
Zuienkerke,31042,2020-06-20,0,8
Zuienkerke,31042,2020-06-23,1,9
Zuienkerke,31042,2020-06-24,0,9
Zuienkerke,31042,2020-06-25,0,9
Zuienkerke,31042,2020-06-26,0,9
Zuienkerke,31042,2020-06-27,0,9
Zuienkerke,31042,2020-06-30,0,9
Zuienkerke,31042,2020-07-01,0,9
Zuienkerke,31042,2020-07-02,0,9
Zuienkerke,31042,2020-07-03,0,9
Zuienkerke,31042,2020-07-04,0,9
Zuienkerke,31042,2020-07-07,0,9
Zuienkerke,31042,2020-07-08,0,9
Zuienkerke,31042,2020-07-09,0,9
Zuienkerke,31042,2020-07-10,0,9
Zuienkerke,31042,2020-07-11,0,9
Zuienkerke,31042,2020-07-14,0,9
Zuienkerke,31042,2020-07-15,0,9
Zuienkerke,31042,2020-07-16,0,9
Zuienkerke,31042,2020-07-17,0,9
Zuienkerke,31042,2020-07-18,0,9
Zuienkerke,31042,2020-07-20,0,9
Zuienkerke,31042,2020-07-21,0,9
Zuienkerke,31042,2020-07-22,0,9
Zuienkerke,31042,2020-07-23,0,9
Zuienkerke,31042,2020-07-24,0,9
Zuienkerke,31042,2020-07-25,0,9
Zuienkerke,31042,2020-07-26,0,9
Zuienkerke,31042,2020-07-27,0,9
Zuienkerke,31042,2020-07-28,0,9
Zuienkerke,31042,2020-07-29,0,9
Zuienkerke,31042,2020-07-30,0,9
Zuienkerke,31042,2020-07-31,0,9
Zuienkerke,31042,2020-08-01,0,9
Zuienkerke,31042,2020-08-02,0,9
Zuienkerke,31042,2020-08-03,0,9
Zuienkerke,31042,2020-08-04,0,9
Zuienkerke,31042,2020-08-05,0,9
Zuienkerke,31042,2020-08-06,0,9
Zuienkerke,31042,2020-08-07,0,9
Zuienkerke,31042,2020-08-08,0,9
Zuienkerke,31042,2020-08-09,0,9
Zuienkerke,31042,2020-08-10,0,9
Zuienkerke,31042,2020-08-11,0,9
Zuienkerke,31042,2020-08-12,0,9
Zuienkerke,31042,2020-08-13,0,9
Zuienkerke,31042,2020-08-14,0,9
Zuienkerke,31042,2020-08-15,0,9
Zuienkerke,31042,2020-08-16,0,9
Zuienkerke,31042,2020-08-17,0,9
Zuienkerke,31042,2020-08-18,0,9
Zuienkerke,31042,2020-08-19,0,9
Zuienkerke,31042,2020-08-20,0,9
Zuienkerke,31042,2020-08-21,0,9
Zuienkerke,31042,2020-08-22,0,9
Zuienkerke,31042,2020-08-23,0,9
Zuienkerke,31042,2020-08-24,0,9
Zuienkerke,31042,2020-08-25,0,9
Zuienkerke,31042,2020-08-26,0,9
Zuienkerke,31042,2020-08-27,0,9
Zuienkerke,31042,2020-08-28,0,9
Zuienkerke,31042,2020-08-29,0,9
Zuienkerke,31042,2020-08-30,0,9
Zuienkerke,31042,2020-08-31,0,9
Zuienkerke,31042,2020-09-01,0,9
Zuienkerke,31042,2020-09-02,0,9
Zuienkerke,31042,2020-09-03,0,9
Zuienkerke,31042,2020-09-04,0,9
Zuienkerke,31042,2020-09-05,0,9
Zuienkerke,31042,2020-09-06,0,9
Zuienkerke,31042,2020-09-07,0,9
Zuienkerke,31042,2020-09-08,0,9
Zuienkerke,31042,2020-09-09,0,9
Zuienkerke,31042,2020-09-10,0,9
Zuienkerke,31042,2020-09-11,0,9
Zuienkerke,31042,2020-09-12,1,10
Zuienkerke,31042,2020-09-13,0,10
Zuienkerke,31042,2020-09-14,0,10
Zuienkerke,31042,2020-09-15,0,10
Zuienkerke,31042,2020-09-16,0,10
Zuienkerke,31042,2020-09-17,0,10
Zuienkerke,31042,2020-09-18,0,10
Zuienkerke,31042,2020-09-19,0,10
Zuienkerke,31042,2020-09-20,0,10
Zuienkerke,31042,2020-09-21,0,10
Zuienkerke,31042,2020-09-22,1,11
Zuienkerke,31042,2020-09-23,0,11
Zuienkerke,31042,2020-09-24,1,12
Zuienkerke,31042,2020-09-25,2,14
Zuienkerke,31042,2020-09-26,0,14
Zuienkerke,31042,2020-09-27,1,15
Zuienkerke,31042,2020-09-28,0,15
Zuienkerke,31042,2020-09-29,0,15
Zuienkerke,31042,2020-09-30,0,15
Zuienkerke,31042,2020-10-01,0,15
Zuienkerke,31042,2020-10-02,0,15
Zuienkerke,31042,2020-10-03,0,15
Zuienkerke,31042,2020-10-04,1,16
Zuienkerke,31042,2020-10-05,0,16
Zuienkerke,31042,2020-10-06,0,16
Zuienkerke,31042,2020-10-07,0,16
Zuienkerke,31042,2020-10-08,1,17
Zuienkerke,31042,2020-10-09,1,18
Zuienkerke,31042,2020-10-10,0,18
Zuienkerke,31042,2020-10-11,2,20
Zuienkerke,31042,2020-10-12,1,21
Zuienkerke,31042,2020-10-13,0,21
Zuienkerke,31042,2020-10-14,0,21
Zuienkerke,31042,2020-10-15,1,22
Zuienkerke,31042,2020-10-16,1,23
Zuienkerke,31042,2020-10-17,0,23
Zuienkerke,31042,2020-10-18,1,24
Zuienkerke,31042,2020-10-19,0,24
Zuienkerke,31042,2020-10-20,0,24
Zuienkerke,31042,2020-10-21,0,24
Zuienkerke,31042,2020-10-22,1,25
Zuienkerke,31042,2020-10-23,2,27
Zuienkerke,31042,2020-10-24,1,28
Zuienkerke,31042,2020-10-25,0,28
Zuienkerke,31042,2020-10-26,0,28
Zuienkerke,31042,2020-10-27,0,28
Zuienkerke,31042,2020-10-28,1,29
Zuienkerke,31042,2020-10-29,3,32
Zuienkerke,31042,2020-10-30,3,35
Zuienkerke,31042,2020-10-31,3,38
Zuienkerke,31042,2020-11-01,2,40
Zuienkerke,31042,2020-11-02,1,41
Zuienkerke,31042,2020-11-03,0,41
Zuienkerke,31042,2020-11-04,0,41
Zuienkerke,31042,2020-11-05,1,42
Zuienkerke,31042,2020-11-06,1,43
Zuienkerke,31042,2020-11-07,1,44
Zuienkerke,31042,2020-11-08,1,45
Zuienkerke,31042,2020-11-09,0,45
Zuienkerke,31042,2020-11-10,0,45
Zuienkerke,31042,2020-11-11,1,46
Trois-Ponts,63086,2020-04-04,0,0
Trois-Ponts,63086,2020-04-05,0,0
Trois-Ponts,63086,2020-04-06,0,0
Trois-Ponts,63086,2020-04-07,0,0
Trois-Ponts,63086,2020-04-08,0,0
Trois-Ponts,63086,2020-04-09,0,0
Trois-Ponts,63086,2020-04-10,0,0
Trois-Ponts,63086,2020-04-11,0,0
Trois-Ponts,63086,2020-04-12,0,0
Trois-Ponts,63086,2020-04-13,0,0
Trois-Ponts,63086,2020-04-14,0,0
Trois-Ponts,63086,2020-04-15,0,0
Trois-Ponts,63086,2020-04-16,0,0
Trois-Ponts,63086,2020-04-17,0,0
Trois-Ponts,63086,2020-04-18,0,0
Trois-Ponts,63086,2020-04-19,0,0
Trois-Ponts,63086,2020-04-20,0,0
Trois-Ponts,63086,2020-04-21,0,0
Trois-Ponts,63086,2020-04-22,0,0
Trois-Ponts,63086,2020-04-23,0,0
Trois-Ponts,63086,2020-04-24,0,0
Trois-Ponts,63086,2020-04-25,0,0
Trois-Ponts,63086,2020-04-26,0,0
Trois-Ponts,63086,2020-04-27,0,0
Trois-Ponts,63086,2020-04-28,0,0
Trois-Ponts,63086,2020-04-29,0,0
Trois-Ponts,63086,2020-04-30,0,0
Trois-Ponts,63086,2020-05-01,0,0
Trois-Ponts,63086,2020-05-02,0,0
Trois-Ponts,63086,2020-05-03,0,0
Trois-Ponts,63086,2020-05-04,0,0
Trois-Ponts,63086,2020-05-05,0,0
Trois-Ponts,63086,2020-05-06,0,0
Trois-Ponts,63086,2020-05-07,0,0
Trois-Ponts,63086,2020-05-08,0,0
Trois-Ponts,63086,2020-05-09,0,0
Trois-Ponts,63086,2020-05-10,0,0
Trois-Ponts,63086,2020-05-11,0,0
Trois-Ponts,63086,2020-05-12,0,0
Trois-Ponts,63086,2020-05-13,0,0
Trois-Ponts,63086,2020-05-14,0,0
Trois-Ponts,63086,2020-05-15,0,0
Trois-Ponts,63086,2020-05-16,0,0
Trois-Ponts,63086,2020-05-17,5,5
Trois-Ponts,63086,2020-05-18,0,5
Trois-Ponts,63086,2020-05-19,0,5
Trois-Ponts,63086,2020-05-20,0,5
Trois-Ponts,63086,2020-05-21,0,5
Trois-Ponts,63086,2020-05-22,0,5
Trois-Ponts,63086,2020-05-23,0,5
Trois-Ponts,63086,2020-05-24,0,5
Trois-Ponts,63086,2020-05-25,0,5
Trois-Ponts,63086,2020-05-26,0,5
Trois-Ponts,63086,2020-05-27,0,5
Trois-Ponts,63086,2020-05-28,0,5
Trois-Ponts,63086,2020-05-29,0,5
Trois-Ponts,63086,2020-05-30,0,5
Trois-Ponts,63086,2020-05-31,0,5
Trois-Ponts,63086,2020-06-01,0,5
Trois-Ponts,63086,2020-06-02,0,5
Trois-Ponts,63086,2020-06-03,0,5
Trois-Ponts,63086,2020-06-04,0,5
Trois-Ponts,63086,2020-06-05,0,5
Trois-Ponts,63086,2020-06-06,0,5
Trois-Ponts,63086,2020-06-07,0,5
Trois-Ponts,63086,2020-06-08,0,5
Trois-Ponts,63086,2020-06-09,0,5
Trois-Ponts,63086,2020-06-10,0,5
Trois-Ponts,63086,2020-06-11,0,5
Trois-Ponts,63086,2020-06-12,0,5
Trois-Ponts,63086,2020-06-13,0,5
Trois-Ponts,63086,2020-06-14,0,5
Trois-Ponts,63086,2020-06-15,0,5
Trois-Ponts,63086,2020-06-16,0,5
Trois-Ponts,63086,2020-06-17,0,5
Trois-Ponts,63086,2020-06-18,0,5
Trois-Ponts,63086,2020-06-19,0,5
Trois-Ponts,63086,2020-06-20,0,5
Trois-Ponts,63086,2020-06-23,0,5
Trois-Ponts,63086,2020-06-24,0,5
Trois-Ponts,63086,2020-06-25,0,5
Trois-Ponts,63086,2020-06-26,0,5
Trois-Ponts,63086,2020-06-27,0,5
Trois-Ponts,63086,2020-06-30,0,5
Trois-Ponts,63086,2020-07-01,0,5
Trois-Ponts,63086,2020-07-02,0,5
Trois-Ponts,63086,2020-07-03,0,5
Trois-Ponts,63086,2020-07-04,0,5
Trois-Ponts,63086,2020-07-07,0,5
Trois-Ponts,63086,2020-07-08,0,5
Trois-Ponts,63086,2020-07-09,0,5
Trois-Ponts,63086,2020-07-10,0,5
Trois-Ponts,63086,2020-07-11,0,5
Trois-Ponts,63086,2020-07-14,0,5
Trois-Ponts,63086,2020-07-15,0,5
Trois-Ponts,63086,2020-07-16,0,5
Trois-Ponts,63086,2020-07-17,0,5
Trois-Ponts,63086,2020-07-18,0,5
Trois-Ponts,63086,2020-07-20,0,5
Trois-Ponts,63086,2020-07-21,0,5
Trois-Ponts,63086,2020-07-22,0,5
Trois-Ponts,63086,2020-07-23,1,6
Trois-Ponts,63086,2020-07-24,0,6
Trois-Ponts,63086,2020-07-25,0,6
Trois-Ponts,63086,2020-07-26,0,6
Trois-Ponts,63086,2020-07-27,0,6
Trois-Ponts,63086,2020-07-28,0,6
Trois-Ponts,63086,2020-07-29,0,6
Trois-Ponts,63086,2020-07-30,0,6
Trois-Ponts,63086,2020-07-31,0,6
Trois-Ponts,63086,2020-08-01,0,6
Trois-Ponts,63086,2020-08-02,0,6
Trois-Ponts,63086,2020-08-03,0,6
Trois-Ponts,63086,2020-08-04,0,6
Trois-Ponts,63086,2020-08-05,0,6
Trois-Ponts,63086,2020-08-06,0,6
Trois-Ponts,63086,2020-08-07,0,6
Trois-Ponts,63086,2020-08-08,0,6
Trois-Ponts,63086,2020-08-09,0,6
Trois-Ponts,63086,2020-08-10,0,6
Trois-Ponts,63086,2020-08-11,0,6
Trois-Ponts,63086,2020-08-12,0,6
Trois-Ponts,63086,2020-08-13,0,6
Trois-Ponts,63086,2020-08-14,0,6
Trois-Ponts,63086,2020-08-15,0,6
Trois-Ponts,63086,2020-08-16,0,6
Trois-Ponts,63086,2020-08-17,0,6
Trois-Ponts,63086,2020-08-18,0,6
Trois-Ponts,63086,2020-08-19,0,6
Trois-Ponts,63086,2020-08-20,0,6
Trois-Ponts,63086,2020-08-21,0,6
Trois-Ponts,63086,2020-08-22,0,6
Trois-Ponts,63086,2020-08-23,0,6
Trois-Ponts,63086,2020-08-24,0,6
Trois-Ponts,63086,2020-08-25,0,6
Trois-Ponts,63086,2020-08-26,0,6
Trois-Ponts,63086,2020-08-27,0,6
Trois-Ponts,63086,2020-08-28,1,7
Trois-Ponts,63086,2020-08-29,0,7
Trois-Ponts,63086,2020-08-30,1,8
Trois-Ponts,63086,2020-08-31,0,8
Trois-Ponts,63086,2020-09-01,0,8
Trois-Ponts,63086,2020-09-02,0,8
Trois-Ponts,63086,2020-09-03,0,8
Trois-Ponts,63086,2020-09-04,0,8
Trois-Ponts,63086,2020-09-05,1,9
Trois-Ponts,63086,2020-09-06,0,9
Trois-Ponts,63086,2020-09-07,0,9
Trois-Ponts,63086,2020-09-08,0,9
Trois-Ponts,63086,2020-09-09,0,9
Trois-Ponts,63086,2020-09-10,0,9
Trois-Ponts,63086,2020-09-11,0,9
Trois-Ponts,63086,2020-09-12,0,9
Trois-Ponts,63086,2020-09-13,0,9
Trois-Ponts,63086,2020-09-14,0,9
Trois-Ponts,63086,2020-09-15,0,9
Trois-Ponts,63086,2020-09-16,0,9
Trois-Ponts,63086,2020-09-17,0,9
Trois-Ponts,63086,2020-09-18,0,9
Trois-Ponts,63086,2020-09-19,0,9
Trois-Ponts,63086,2020-09-20,0,9
Trois-Ponts,63086,2020-09-21,1,10
Trois-Ponts,63086,2020-09-22,0,10
Trois-Ponts,63086,2020-09-23,1,11
Trois-Ponts,63086,2020-09-24,0,11
Trois-Ponts,63086,2020-09-25,0,11
Trois-Ponts,63086,2020-09-26,0,11
Trois-Ponts,63086,2020-09-27,0,11
Trois-Ponts,63086,2020-09-28,0,11
Trois-Ponts,63086,2020-09-29,0,11
Trois-Ponts,63086,2020-09-30,0,11
Trois-Ponts,63086,2020-10-01,0,11
Trois-Ponts,63086,2020-10-02,0,11
Trois-Ponts,63086,2020-10-03,0,11
Trois-Ponts,63086,2020-10-04,1,12
Trois-Ponts,63086,2020-10-05,3,15
Trois-Ponts,63086,2020-10-06,0,15
Trois-Ponts,63086,2020-10-07,3,18
Trois-Ponts,63086,2020-10-08,0,18
Trois-Ponts,63086,2020-10-09,0,18
Trois-Ponts,63086,2020-10-10,2,20
Trois-Ponts,63086,2020-10-11,2,22
Trois-Ponts,63086,2020-10-12,2,24
Trois-Ponts,63086,2020-10-13,1,25
Trois-Ponts,63086,2020-10-14,2,27
Trois-Ponts,63086,2020-10-15,7,34
Trois-Ponts,63086,2020-10-16,5,39
Trois-Ponts,63086,2020-10-17,2,41
Trois-Ponts,63086,2020-10-18,3,44
Trois-Ponts,63086,2020-10-19,2,46
Trois-Ponts,63086,2020-10-20,1,47
Trois-Ponts,63086,2020-10-21,3,50
Trois-Ponts,63086,2020-10-22,4,54
Trois-Ponts,63086,2020-10-23,6,60
Trois-Ponts,63086,2020-10-24,3,63
Trois-Ponts,63086,2020-10-25,3,66
Trois-Ponts,63086,2020-10-26,7,73
Trois-Ponts,63086,2020-10-27,1,74
Trois-Ponts,63086,2020-10-28,1,75
Trois-Ponts,63086,2020-10-29,5,80
Trois-Ponts,63086,2020-10-30,14,94
Trois-Ponts,63086,2020-10-31,7,101
Trois-Ponts,63086,2020-11-01,8,109
Trois-Ponts,63086,2020-11-02,4,113
Trois-Ponts,63086,2020-11-03,3,116
Trois-Ponts,63086,2020-11-04,1,117
Trois-Ponts,63086,2020-11-05,9,126
Trois-Ponts,63086,2020-11-06,2,128
Trois-Ponts,63086,2020-11-07,2,130
Trois-Ponts,63086,2020-11-08,0,130
Trois-Ponts,63086,2020-11-09,6,136
Trois-Ponts,63086,2020-11-10,0,136
Trois-Ponts,63086,2020-11-11,1,137
Herstappe,73028,2020-04-04,0,0
Herstappe,73028,2020-04-05,0,0
Herstappe,73028,2020-04-06,0,0
Herstappe,73028,2020-04-07,0,0
Herstappe,73028,2020-04-08,0,0
Herstappe,73028,2020-04-09,0,0
Herstappe,73028,2020-04-10,0,0
Herstappe,73028,2020-04-11,0,0
Herstappe,73028,2020-04-12,0,0
Herstappe,73028,2020-04-13,0,0
Herstappe,73028,2020-04-14,0,0
Herstappe,73028,2020-04-15,0,0
Herstappe,73028,2020-04-16,0,0
Herstappe,73028,2020-04-17,0,0
Herstappe,73028,2020-04-18,0,0
Herstappe,73028,2020-04-19,0,0
Herstappe,73028,2020-04-20,0,0
Herstappe,73028,2020-04-21,0,0
Herstappe,73028,2020-04-22,0,0
Herstappe,73028,2020-04-23,0,0
Herstappe,73028,2020-04-24,0,0
Herstappe,73028,2020-04-25,0,0
Herstappe,73028,2020-04-26,0,0
Herstappe,73028,2020-04-27,0,0
Herstappe,73028,2020-04-28,0,0
Herstappe,73028,2020-04-29,0,0
Herstappe,73028,2020-04-30,0,0
Herstappe,73028,2020-05-01,0,0
Herstappe,73028,2020-05-02,0,0
Herstappe,73028,2020-05-03,0,0
Herstappe,73028,2020-05-04,0,0
Herstappe,73028,2020-05-05,0,0
Herstappe,73028,2020-05-06,0,0
Herstappe,73028,2020-05-07,0,0
Herstappe,73028,2020-05-08,0,0
Herstappe,73028,2020-05-09,0,0
Herstappe,73028,2020-05-10,0,0
Herstappe,73028,2020-05-11,0,0
Herstappe,73028,2020-05-12,0,0
Herstappe,73028,2020-05-13,0,0
Herstappe,73028,2020-05-14,0,0
Herstappe,73028,2020-05-15,0,0
Herstappe,73028,2020-05-16,0,0
Herstappe,73028,2020-05-17,0,0
Herstappe,73028,2020-05-18,0,0
Herstappe,73028,2020-05-19,0,0
Herstappe,73028,2020-05-20,0,0
Herstappe,73028,2020-05-21,0,0
Herstappe,73028,2020-05-22,0,0
Herstappe,73028,2020-05-23,0,0
Herstappe,73028,2020-05-24,0,0
Herstappe,73028,2020-05-25,0,0
Herstappe,73028,2020-05-26,0,0
Herstappe,73028,2020-05-27,0,0
Herstappe,73028,2020-05-28,0,0
Herstappe,73028,2020-05-29,0,0
Herstappe,73028,2020-05-30,0,0
Herstappe,73028,2020-05-31,0,0
Herstappe,73028,2020-06-01,0,0
Herstappe,73028,2020-06-02,0,0
Herstappe,73028,2020-06-03,0,0
Herstappe,73028,2020-06-04,0,0
Herstappe,73028,2020-06-05,0,0
Herstappe,73028,2020-06-06,0,0
Herstappe,73028,2020-06-07,0,0
Herstappe,73028,2020-06-08,0,0
Herstappe,73028,2020-06-09,0,0
Herstappe,73028,2020-06-10,0,0
Herstappe,73028,2020-06-11,0,0
Herstappe,73028,2020-06-12,0,0
Herstappe,73028,2020-06-13,0,0
Herstappe,73028,2020-06-14,0,0
Herstappe,73028,2020-06-15,0,0
Herstappe,73028,2020-06-16,0,0
Herstappe,73028,2020-06-17,0,0
Herstappe,73028,2020-06-18,0,0
Herstappe,73028,2020-06-19,0,0
Herstappe,73028,2020-06-20,0,0
Herstappe,73028,2020-06-23,0,0
Herstappe,73028,2020-06-24,0,0
Herstappe,73028,2020-06-25,0,0
Herstappe,73028,2020-06-26,0,0
Herstappe,73028,2020-06-27,0,0
Herstappe,73028,2020-06-30,0,0
Herstappe,73028,2020-07-01,0,0
Herstappe,73028,2020-07-02,0,0
Herstappe,73028,2020-07-03,0,0
Herstappe,73028,2020-07-04,0,0
Herstappe,73028,2020-07-07,0,0
Herstappe,73028,2020-07-08,0,0
Herstappe,73028,2020-07-09,0,0
Herstappe,73028,2020-07-10,0,0
Herstappe,73028,2020-07-11,0,0
Herstappe,73028,2020-07-14,0,0
Herstappe,73028,2020-07-15,0,0
Herstappe,73028,2020-07-16,0,0
Herstappe,73028,2020-07-17,0,0
Herstappe,73028,2020-07-18,0,0
Herstappe,73028,2020-07-20,0,0
Herstappe,73028,2020-07-21,0,0
Herstappe,73028,2020-07-22,0,0
Herstappe,73028,2020-07-23,0,0
Herstappe,73028,2020-07-24,0,0
Herstappe,73028,2020-07-25,0,0
Herstappe,73028,2020-07-26,0,0
Herstappe,73028,2020-07-27,0,0
Herstappe,73028,2020-07-28,0,0
Herstappe,73028,2020-07-29,0,0
Herstappe,73028,2020-07-30,0,0
Herstappe,73028,2020-07-31,0,0
Herstappe,73028,2020-08-01,0,0
Herstappe,73028,2020-08-02,0,0
Herstappe,73028,2020-08-03,0,0
Herstappe,73028,2020-08-04,0,0
Herstappe,73028,2020-08-05,0,0
Herstappe,73028,2020-08-06,0,0
Herstappe,73028,2020-08-07,0,0
Herstappe,73028,2020-08-08,0,0
Herstappe,73028,2020-08-09,0,0
Herstappe,73028,2020-08-10,0,0
Herstappe,73028,2020-08-11,0,0
Herstappe,73028,2020-08-12,0,0
Herstappe,73028,2020-08-13,0,0
Herstappe,73028,2020-08-14,0,0
Herstappe,73028,2020-08-15,0,0
Herstappe,73028,2020-08-16,0,0
Herstappe,73028,2020-08-17,0,0
Herstappe,73028,2020-08-18,0,0
Herstappe,73028,2020-08-19,0,0
Herstappe,73028,2020-08-20,0,0
Herstappe,73028,2020-08-21,0,0
Herstappe,73028,2020-08-22,0,0
Herstappe,73028,2020-08-23,0,0
Herstappe,73028,2020-08-24,0,0
Herstappe,73028,2020-08-25,0,0
Herstappe,73028,2020-08-26,0,0
Herstappe,73028,2020-08-27,0,0
Herstappe,73028,2020-08-28,0,0
Herstappe,73028,2020-08-29,0,0
Herstappe,73028,2020-08-30,0,0
Herstappe,73028,2020-08-31,0,0
Herstappe,73028,2020-09-01,0,0
Herstappe,73028,2020-09-02,0,0
Herstappe,73028,2020-09-03,0,0
Herstappe,73028,2020-09-04,0,0
Herstappe,73028,2020-09-05,0,0
Herstappe,73028,2020-09-06,0,0
Herstappe,73028,2020-09-07,0,0
Herstappe,73028,2020-09-08,0,0
Herstappe,73028,2020-09-09,0,0
Herstappe,73028,2020-09-10,0,0
Herstappe,73028,2020-09-11,0,0
Herstappe,73028,2020-09-12,0,0
Herstappe,73028,2020-09-13,0,0
Herstappe,73028,2020-09-14,0,0
Herstappe,73028,2020-09-15,0,0
Herstappe,73028,2020-09-16,0,0
Herstappe,73028,2020-09-17,0,0
Herstappe,73028,2020-09-18,0,0
Herstappe,73028,2020-09-19,0,0
Herstappe,73028,2020-09-20,0,0
Herstappe,73028,2020-09-21,0,0
Herstappe,73028,2020-09-22,0,0
Herstappe,73028,2020-09-23,0,0
Herstappe,73028,2020-09-24,0,0
Herstappe,73028,2020-09-25,0,0
Herstappe,73028,2020-09-26,0,0
Herstappe,73028,2020-09-27,0,0
Herstappe,73028,2020-09-28,0,0
Herstappe,73028,2020-09-29,0,0
Herstappe,73028,2020-09-30,0,0
Herstappe,73028,2020-10-01,0,0
Herstappe,73028,2020-10-02,0,0
Herstappe,73028,2020-10-03,0,0
Herstappe,73028,2020-10-04,0,0
Herstappe,73028,2020-10-05,0,0
Herstappe,73028,2020-10-06,0,0
Herstappe,73028,2020-10-07,0,0
Herstappe,73028,2020-10-08,0,0
Herstappe,73028,2020-10-09,0,0
Herstappe,73028,2020-10-10,0,0
Herstappe,73028,2020-10-11,0,0
Herstappe,73028,2020-10-12,0,0
Herstappe,73028,2020-10-13,0,0
Herstappe,73028,2020-10-14,0,0
Herstappe,73028,2020-10-15,0,0
Herstappe,73028,2020-10-16,0,0
Herstappe,73028,2020-10-17,0,0
Herstappe,73028,2020-10-18,0,0
Herstappe,73028,2020-10-19,0,0
Herstappe,73028,2020-10-20,0,0
Herstappe,73028,2020-10-21,0,0
Herstappe,73028,2020-10-22,0,0
Herstappe,73028,2020-10-23,0,0
Herstappe,73028,2020-10-24,0,0
Herstappe,73028,2020-10-25,0,0
Herstappe,73028,2020-10-26,0,0
Herstappe,73028,2020-10-27,0,0
Herstappe,73028,2020-10-28,0,0
Herstappe,73028,2020-10-29,0,0
Herstappe,73028,2020-10-30,0,0
Herstappe,73028,2020-10-31,0,0
Herstappe,73028,2020-11-01,0,0
Herstappe,73028,2020-11-02,0,0
Herstappe,73028,2020-11-03,0,0
Herstappe,73028,2020-11-04,0,0
Herstappe,73028,2020-11-05,0,0
Herstappe,73028,2020-11-06,0,0
Herstappe,73028,2020-11-07,0,0
Herstappe,73028,2020-11-08,0,0
Herstappe,73028,2020-11-09,0,0
Herstappe,73028,2020-11-10,0,0
Herstappe,73028,2020-11-11,0,0
Martelange,81013,2020-04-04,0,0
Martelange,81013,2020-04-05,0,0
Martelange,81013,2020-04-06,0,0
Martelange,81013,2020-04-07,0,0
Martelange,81013,2020-04-08,0,0
Martelange,81013,2020-04-09,0,0
Martelange,81013,2020-04-10,0,0
Martelange,81013,2020-04-11,0,0
Martelange,81013,2020-04-12,0,0
Martelange,81013,2020-04-13,0,0
Martelange,81013,2020-04-14,0,0
Martelange,81013,2020-04-15,0,0
Martelange,81013,2020-04-16,0,0
Martelange,81013,2020-04-17,0,0
Martelange,81013,2020-04-18,0,0
Martelange,81013,2020-04-19,0,0
Martelange,81013,2020-04-20,0,0
Martelange,81013,2020-04-21,0,0
Martelange,81013,2020-04-22,0,0
Martelange,81013,2020-04-23,0,0
Martelange,81013,2020-04-24,0,0
Martelange,81013,2020-04-25,0,0
Martelange,81013,2020-04-26,0,0
Martelange,81013,2020-04-27,0,0
Martelange,81013,2020-04-28,0,0
Martelange,81013,2020-04-29,0,0
Martelange,81013,2020-04-30,0,0
Martelange,81013,2020-05-01,0,0
Martelange,81013,2020-05-02,0,0
Martelange,81013,2020-05-03,0,0
Martelange,81013,2020-05-04,0,0
Martelange,81013,2020-05-05,0,0
Martelange,81013,2020-05-06,0,0
Martelange,81013,2020-05-07,0,0
Martelange,81013,2020-05-08,0,0
Martelange,81013,2020-05-09,0,0
Martelange,81013,2020-05-10,0,0
Martelange,81013,2020-05-11,0,0
Martelange,81013,2020-05-12,0,0
Martelange,81013,2020-05-13,0,0
Martelange,81013,2020-05-14,0,0
Martelange,81013,2020-05-15,0,0
Martelange,81013,2020-05-16,0,0
Martelange,81013,2020-05-17,0,0
Martelange,81013,2020-05-18,0,0
Martelange,81013,2020-05-19,0,0
Martelange,81013,2020-05-20,0,0
Martelange,81013,2020-05-21,0,0
Martelange,81013,2020-05-22,0,0
Martelange,81013,2020-05-23,0,0
Martelange,81013,2020-05-24,0,0
Martelange,81013,2020-05-25,0,0
Martelange,81013,2020-05-26,0,0
Martelange,81013,2020-05-27,0,0
Martelange,81013,2020-05-28,0,0
Martelange,81013,2020-05-29,0,0
Martelange,81013,2020-05-30,0,0
Martelange,81013,2020-05-31,0,0
Martelange,81013,2020-06-01,0,0
Martelange,81013,2020-06-02,0,0
Martelange,81013,2020-06-03,0,0
Martelange,81013,2020-06-04,0,0
Martelange,81013,2020-06-05,0,0
Martelange,81013,2020-06-06,0,0
Martelange,81013,2020-06-07,0,0
Martelange,81013,2020-06-08,0,0
Martelange,81013,2020-06-09,0,0
Martelange,81013,2020-06-10,0,0
Martelange,81013,2020-06-11,0,0
Martelange,81013,2020-06-12,0,0
Martelange,81013,2020-06-13,0,0
Martelange,81013,2020-06-14,0,0
Martelange,81013,2020-06-15,0,0
Martelange,81013,2020-06-16,0,0
Martelange,81013,2020-06-17,0,0
Martelange,81013,2020-06-18,0,0
Martelange,81013,2020-06-19,0,0
Martelange,81013,2020-06-20,0,0
Martelange,81013,2020-06-23,0,0
Martelange,81013,2020-06-24,0,0
Martelange,81013,2020-06-25,0,0
Martelange,81013,2020-06-26,0,0
Martelange,81013,2020-06-27,0,0
Martelange,81013,2020-06-30,0,0
Martelange,81013,2020-07-01,0,0
Martelange,81013,2020-07-02,0,0
Martelange,81013,2020-07-03,0,0
Martelange,81013,2020-07-04,0,0
Martelange,81013,2020-07-07,0,0
Martelange,81013,2020-07-08,0,0
Martelange,81013,2020-07-09,0,0
Martelange,81013,2020-07-10,0,0
Martelange,81013,2020-07-11,0,0
Martelange,81013,2020-07-14,0,0
Martelange,81013,2020-07-15,0,0
Martelange,81013,2020-07-16,0,0
Martelange,81013,2020-07-17,0,0
Martelange,81013,2020-07-18,0,0
Martelange,81013,2020-07-20,0,0
Martelange,81013,2020-07-21,0,0
Martelange,81013,2020-07-22,0,0
Martelange,81013,2020-07-23,0,0
Martelange,81013,2020-07-24,0,0
Martelange,81013,2020-07-25,0,0
Martelange,81013,2020-07-26,0,0
Martelange,81013,2020-07-27,0,0
Martelange,81013,2020-07-28,0,0
Martelange,81013,2020-07-29,0,0
Martelange,81013,2020-07-30,0,0
Martelange,81013,2020-07-31,0,0
Martelange,81013,2020-08-01,0,0
Martelange,81013,2020-08-02,0,0
Martelange,81013,2020-08-03,0,0
Martelange,81013,2020-08-04,0,0
Martelange,81013,2020-08-05,0,0
Martelange,81013,2020-08-06,0,0
Martelange,81013,2020-08-07,0,0
Martelange,81013,2020-08-08,0,0
Martelange,81013,2020-08-09,0,0
Martelange,81013,2020-08-10,0,0
Martelange,81013,2020-08-11,0,0
Martelange,81013,2020-08-12,0,0
Martelange,81013,2020-08-13,0,0
Martelange,81013,2020-08-14,0,0
Martelange,81013,2020-08-15,0,0
Martelange,81013,2020-08-16,0,0
Martelange,81013,2020-08-17,0,0
Martelange,81013,2020-08-18,0,0
Martelange,81013,2020-08-19,0,0
Martelange,81013,2020-08-20,0,0
Martelange,81013,2020-08-21,0,0
Martelange,81013,2020-08-22,5,5
Martelange,81013,2020-08-23,0,5
Martelange,81013,2020-08-24,0,5
Martelange,81013,2020-08-25,0,5
Martelange,81013,2020-08-26,0,5
Martelange,81013,2020-08-27,0,5
Martelange,81013,2020-08-28,0,5
Martelange,81013,2020-08-29,0,5
Martelange,81013,2020-08-30,0,5
Martelange,81013,2020-08-31,0,5
Martelange,81013,2020-09-01,0,5
Martelange,81013,2020-09-02,0,5
Martelange,81013,2020-09-03,0,5
Martelange,81013,2020-09-04,0,5
Martelange,81013,2020-09-05,0,5
Martelange,81013,2020-09-06,0,5
Martelange,81013,2020-09-07,0,5
Martelange,81013,2020-09-08,0,5
Martelange,81013,2020-09-09,0,5
Martelange,81013,2020-09-10,1,6
Martelange,81013,2020-09-11,0,6
Martelange,81013,2020-09-12,0,6
Martelange,81013,2020-09-13,0,6
Martelange,81013,2020-09-14,1,7
Martelange,81013,2020-09-15,0,7
Martelange,81013,2020-09-16,0,7
Martelange,81013,2020-09-17,0,7
Martelange,81013,2020-09-18,0,7
Martelange,81013,2020-09-19,0,7
Martelange,81013,2020-09-20,0,7
Martelange,81013,2020-09-21,0,7
Martelange,81013,2020-09-22,0,7
Martelange,81013,2020-09-23,0,7
Martelange,81013,2020-09-24,0,7
Martelange,81013,2020-09-25,0,7
Martelange,81013,2020-09-26,0,7
Martelange,81013,2020-09-27,1,8
Martelange,81013,2020-09-28,0,8
Martelange,81013,2020-09-29,0,8
Martelange,81013,2020-09-30,0,8
Martelange,81013,2020-10-01,0,8
Martelange,81013,2020-10-02,0,8
Martelange,81013,2020-10-03,0,8
Martelange,81013,2020-10-04,1,9
Martelange,81013,2020-10-05,0,9
Martelange,81013,2020-10-06,3,12
Martelange,81013,2020-10-07,0,12
Martelange,81013,2020-10-08,0,12
Martelange,81013,2020-10-09,1,13
Martelange,81013,2020-10-10,0,13
Martelange,81013,2020-10-11,2,15
Martelange,81013,2020-10-12,0,15
Martelange,81013,2020-10-13,0,15
Martelange,81013,2020-10-14,0,15
Martelange,81013,2020-10-15,2,17
Martelange,81013,2020-10-16,3,20
Martelange,81013,2020-10-17,1,21
Martelange,81013,2020-10-18,1,22
Martelange,81013,2020-10-19,0,22
Martelange,81013,2020-10-20,1,23
Martelange,81013,2020-10-21,0,23
Martelange,81013,2020-10-22,3,26
Martelange,81013,2020-10-23,4,30
Martelange,81013,2020-10-24,5,35
Martelange,81013,2020-10-25,2,37
Martelange,81013,2020-10-26,1,38
Martelange,81013,2020-10-27,0,38
Martelange,81013,2020-10-28,1,39
Martelange,81013,2020-10-29,6,45
Martelange,81013,2020-10-30,3,48
Martelange,81013,2020-10-31,0,48
Martelange,81013,2020-11-01,3,51
Martelange,81013,2020-11-02,0,51
Martelange,81013,2020-11-03,1,52
Martelange,81013,2020-11-04,-9,43
Martelange,81013,2020-11-05,14,57
Martelange,81013,2020-11-06,1,58
Martelange,81013,2020-11-07,1,59
Martelange,81013,2020-11-08,1,60
Martelange,81013,2020-11-09,0,60
Martelange,81013,2020-11-10,4,64
Martelange,81013,2020-11-11,0,64
Herbeumont,84029,2020-04-04,0,0
Herbeumont,84029,2020-04-05,0,0
Herbeumont,84029,2020-04-06,0,0
Herbeumont,84029,2020-04-07,0,0
Herbeumont,84029,2020-04-08,0,0
Herbeumont,84029,2020-04-09,0,0
Herbeumont,84029,2020-04-10,0,0
Herbeumont,84029,2020-04-11,0,0
Herbeumont,84029,2020-04-12,0,0
Herbeumont,84029,2020-04-13,0,0
Herbeumont,84029,2020-04-14,0,0
Herbeumont,84029,2020-04-15,0,0
Herbeumont,84029,2020-04-16,0,0
Herbeumont,84029,2020-04-17,0,0
Herbeumont,84029,2020-04-18,0,0
Herbeumont,84029,2020-04-19,0,0
Herbeumont,84029,2020-04-20,0,0
Herbeumont,84029,2020-04-21,0,0
Herbeumont,84029,2020-04-22,0,0
Herbeumont,84029,2020-04-23,0,0
Herbeumont,84029,2020-04-24,0,0
Herbeumont,84029,2020-04-25,0,0
Herbeumont,84029,2020-04-26,0,0
Herbeumont,84029,2020-04-27,0,0
Herbeumont,84029,2020-04-28,0,0
Herbeumont,84029,2020-04-29,0,0
Herbeumont,84029,2020-04-30,0,0
Herbeumont,84029,2020-05-01,0,0
Herbeumont,84029,2020-05-02,0,0
Herbeumont,84029,2020-05-03,0,0
Herbeumont,84029,2020-05-04,0,0
Herbeumont,84029,2020-05-05,0,0
Herbeumont,84029,2020-05-06,0,0
Herbeumont,84029,2020-05-07,0,0
Herbeumont,84029,2020-05-08,0,0
Herbeumont,84029,2020-05-09,0,0
Herbeumont,84029,2020-05-10,0,0
Herbeumont,84029,2020-05-11,0,0
Herbeumont,84029,2020-05-12,0,0
Herbeumont,84029,2020-05-13,0,0
Herbeumont,84029,2020-05-14,0,0
Herbeumont,84029,2020-05-15,0,0
Herbeumont,84029,2020-05-16,0,0
Herbeumont,84029,2020-05-17,0,0
Herbeumont,84029,2020-05-18,0,0
Herbeumont,84029,2020-05-19,0,0
Herbeumont,84029,2020-05-20,0,0
Herbeumont,84029,2020-05-21,0,0
Herbeumont,84029,2020-05-22,0,0
Herbeumont,84029,2020-05-23,0,0
Herbeumont,84029,2020-05-24,0,0
Herbeumont,84029,2020-05-25,0,0
Herbeumont,84029,2020-05-26,0,0
Herbeumont,84029,2020-05-27,0,0
Herbeumont,84029,2020-05-28,0,0
Herbeumont,84029,2020-05-29,0,0
Herbeumont,84029,2020-05-30,0,0
Herbeumont,84029,2020-05-31,0,0
Herbeumont,84029,2020-06-01,0,0
Herbeumont,84029,2020-06-02,0,0
Herbeumont,84029,2020-06-03,0,0
Herbeumont,84029,2020-06-04,0,0
Herbeumont,84029,2020-06-05,0,0
Herbeumont,84029,2020-06-06,0,0
Herbeumont,84029,2020-06-07,0,0
Herbeumont,84029,2020-06-08,0,0
Herbeumont,84029,2020-06-09,0,0
Herbeumont,84029,2020-06-10,0,0
Herbeumont,84029,2020-06-11,0,0
Herbeumont,84029,2020-06-12,0,0
Herbeumont,84029,2020-06-13,0,0
Herbeumont,84029,2020-06-14,0,0
Herbeumont,84029,2020-06-15,0,0
Herbeumont,84029,2020-06-16,0,0
Herbeumont,84029,2020-06-17,0,0
Herbeumont,84029,2020-06-18,0,0
Herbeumont,84029,2020-06-19,0,0
Herbeumont,84029,2020-06-20,0,0
Herbeumont,84029,2020-06-23,0,0
Herbeumont,84029,2020-06-24,0,0
Herbeumont,84029,2020-06-25,0,0
Herbeumont,84029,2020-06-26,0,0
Herbeumont,84029,2020-06-27,0,0
Herbeumont,84029,2020-06-30,0,0
Herbeumont,84029,2020-07-01,0,0
Herbeumont,84029,2020-07-02,0,0
Herbeumont,84029,2020-07-03,0,0
Herbeumont,84029,2020-07-04,0,0
Herbeumont,84029,2020-07-07,0,0
Herbeumont,84029,2020-07-08,0,0
Herbeumont,84029,2020-07-09,0,0
Herbeumont,84029,2020-07-10,0,0
Herbeumont,84029,2020-07-11,0,0
Herbeumont,84029,2020-07-14,0,0
Herbeumont,84029,2020-07-15,0,0
Herbeumont,84029,2020-07-16,0,0
Herbeumont,84029,2020-07-17,0,0
Herbeumont,84029,2020-07-18,0,0
Herbeumont,84029,2020-07-20,0,0
Herbeumont,84029,2020-07-21,0,0
Herbeumont,84029,2020-07-22,0,0
Herbeumont,84029,2020-07-23,0,0
Herbeumont,84029,2020-07-24,0,0
Herbeumont,84029,2020-07-25,0,0
Herbeumont,84029,2020-07-26,0,0
Herbeumont,84029,2020-07-27,0,0
Herbeumont,84029,2020-07-28,0,0
Herbeumont,84029,2020-07-29,0,0
Herbeumont,84029,2020-07-30,0,0
Herbeumont,84029,2020-07-31,0,0
Herbeumont,84029,2020-08-01,0,0
Herbeumont,84029,2020-08-02,0,0
Herbeumont,84029,2020-08-03,0,0
Herbeumont,84029,2020-08-04,0,0
Herbeumont,84029,2020-08-05,0,0
Herbeumont,84029,2020-08-06,0,0
Herbeumont,84029,2020-08-07,0,0
Herbeumont,84029,2020-08-08,0,0
Herbeumont,84029,2020-08-09,0,0
Herbeumont,84029,2020-08-10,0,0
Herbeumont,84029,2020-08-11,0,0
Herbeumont,84029,2020-08-12,0,0
Herbeumont,84029,2020-08-13,0,0
Herbeumont,84029,2020-08-14,0,0
Herbeumont,84029,2020-08-15,0,0
Herbeumont,84029,2020-08-16,5,5
Herbeumont,84029,2020-08-17,0,5
Herbeumont,84029,2020-08-18,0,5
Herbeumont,84029,2020-08-19,0,5
Herbeumont,84029,2020-08-20,0,5
Herbeumont,84029,2020-08-21,0,5
Herbeumont,84029,2020-08-22,0,5
Herbeumont,84029,2020-08-23,0,5
Herbeumont,84029,2020-08-24,0,5
Herbeumont,84029,2020-08-25,0,5
Herbeumont,84029,2020-08-26,0,5
Herbeumont,84029,2020-08-27,0,5
Herbeumont,84029,2020-08-28,0,5
Herbeumont,84029,2020-08-29,0,5
Herbeumont,84029,2020-08-30,0,5
Herbeumont,84029,2020-08-31,0,5
Herbeumont,84029,2020-09-01,0,5
Herbeumont,84029,2020-09-02,0,5
Herbeumont,84029,2020-09-03,0,5
Herbeumont,84029,2020-09-04,0,5
Herbeumont,84029,2020-09-05,0,5
Herbeumont,84029,2020-09-06,0,5
Herbeumont,84029,2020-09-07,0,5
Herbeumont,84029,2020-09-08,0,5
Herbeumont,84029,2020-09-09,0,5
Herbeumont,84029,2020-09-10,0,5
Herbeumont,84029,2020-09-11,0,5
Herbeumont,84029,2020-09-12,0,5
Herbeumont,84029,2020-09-13,0,5
Herbeumont,84029,2020-09-14,0,5
Herbeumont,84029,2020-09-15,0,5
Herbeumont,84029,2020-09-16,0,5
Herbeumont,84029,2020-09-17,2,7
Herbeumont,84029,2020-09-18,0,7
Herbeumont,84029,2020-09-19,0,7
Herbeumont,84029,2020-09-20,0,7
Herbeumont,84029,2020-09-21,0,7
Herbeumont,84029,2020-09-22,0,7
Herbeumont,84029,2020-09-23,0,7
Herbeumont,84029,2020-09-24,0,7
Herbeumont,84029,2020-09-25,0,7
Herbeumont,84029,2020-09-26,0,7
Herbeumont,84029,2020-09-27,1,8
Herbeumont,84029,2020-09-28,0,8
Herbeumont,84029,2020-09-29,0,8
Herbeumont,84029,2020-09-30,0,8
Herbeumont,84029,2020-10-01,0,8
Herbeumont,84029,2020-10-02,0,8
Herbeumont,84029,2020-10-03,0,8
Herbeumont,84029,2020-10-04,0,8
Herbeumont,84029,2020-10-05,0,8
Herbeumont,84029,2020-10-06,0,8
Herbeumont,84029,2020-10-07,0,8
Herbeumont,84029,2020-10-08,0,8
Herbeumont,84029,2020-10-09,0,8
Herbeumont,84029,2020-10-10,0,8
Herbeumont,84029,2020-10-11,0,8
Herbeumont,84029,2020-10-12,1,9
Herbeumont,84029,2020-10-13,0,9
Herbeumont,84029,2020-10-14,1,10
Herbeumont,84029,2020-10-15,0,10
Herbeumont,84029,2020-10-16,6,16
Herbeumont,84029,2020-10-17,0,16
Herbeumont,84029,2020-10-18,3,19
Herbeumont,84029,2020-10-19,3,22
Herbeumont,84029,2020-10-20,1,23
Herbeumont,84029,2020-10-21,0,23
Herbeumont,84029,2020-10-22,3,26
Herbeumont,84029,2020-10-23,2,28
Herbeumont,84029,2020-10-24,1,29
Herbeumont,84029,2020-10-25,2,31
Herbeumont,84029,2020-10-26,2,33
Herbeumont,84029,2020-10-27,1,34
Herbeumont,84029,2020-10-28,1,35
Herbeumont,84029,2020-10-29,2,37
Herbeumont,84029,2020-10-30,8,45
Herbeumont,84029,2020-10-31,7,52
Herbeumont,84029,2020-11-01,4,56
Herbeumont,84029,2020-11-02,1,57
Herbeumont,84029,2020-11-03,0,57
Herbeumont,84029,2020-11-04,2,59
Herbeumont,84029,2020-11-05,2,61
Herbeumont,84029,2020-11-06,4,65
Herbeumont,84029,2020-11-07,2,67
Herbeumont,84029,2020-11-08,0,67
Herbeumont,84029,2020-11-09,1,68
Herbeumont,84029,2020-11-10,0,68
Herbeumont,84029,2020-11-11,0,68
Florenville,85011,2020-04-04,0,0
Florenville,85011,2020-04-05,0,0
Florenville,85011,2020-04-06,0,0
Florenville,85011,2020-04-07,0,0
Florenville,85011,2020-04-08,0,0
Florenville,85011,2020-04-09,5,5
Florenville,85011,2020-04-10,5,10
Florenville,85011,2020-04-11,0,10
Florenville,85011,2020-04-12,0,10
Florenville,85011,2020-04-13,1,11
Florenville,85011,2020-04-14,0,11
Florenville,85011,2020-04-15,0,11
Florenville,85011,2020-04-16,0,11
Florenville,85011,2020-04-17,0,11
Florenville,85011,2020-04-18,0,11
Florenville,85011,2020-04-19,1,12
Florenville,85011,2020-04-20,0,12
Florenville,85011,2020-04-21,0,12
Florenville,85011,2020-04-22,0,12
Florenville,85011,2020-04-23,0,12
Florenville,85011,2020-04-24,0,12
Florenville,85011,2020-04-25,0,12
Florenville,85011,2020-04-26,0,12
Florenville,85011,2020-04-27,0,12
Florenville,85011,2020-04-28,0,12
Florenville,85011,2020-04-29,0,12
Florenville,85011,2020-04-30,0,12
Florenville,85011,2020-05-01,0,12
Florenville,85011,2020-05-02,0,12
Florenville,85011,2020-05-03,0,12
Florenville,85011,2020-05-04,0,12
Florenville,85011,2020-05-05,0,12
Florenville,85011,2020-05-06,0,12
Florenville,85011,2020-05-07,0,12
Florenville,85011,2020-05-08,0,12
Florenville,85011,2020-05-09,0,12
Florenville,85011,2020-05-10,0,12
Florenville,85011,2020-05-11,0,12
Florenville,85011,2020-05-12,0,12
Florenville,85011,2020-05-13,0,12
Florenville,85011,2020-05-14,0,12
Florenville,85011,2020-05-15,0,12
Florenville,85011,2020-05-16,0,12
Florenville,85011,2020-05-17,1,13
Florenville,85011,2020-05-18,0,13
Florenville,85011,2020-05-19,0,13
Florenville,85011,2020-05-20,0,13
Florenville,85011,2020-05-21,0,13
Florenville,85011,2020-05-22,0,13
Florenville,85011,2020-05-23,1,14
Florenville,85011,2020-05-24,1,15
Florenville,85011,2020-05-25,0,15
Florenville,85011,2020-05-26,0,15
Florenville,85011,2020-05-27,0,15
Florenville,85011,2020-05-28,0,15
Florenville,85011,2020-05-29,0,15
Florenville,85011,2020-05-30,0,15
Florenville,85011,2020-05-31,0,15
Florenville,85011,2020-06-01,0,15
Florenville,85011,2020-06-02,0,15
Florenville,85011,2020-06-03,0,15
Florenville,85011,2020-06-04,0,15
Florenville,85011,2020-06-05,0,15
Florenville,85011,2020-06-06,0,15
Florenville,85011,2020-06-07,0,15
Florenville,85011,2020-06-08,0,15
Florenville,85011,2020-06-09,0,15
Florenville,85011,2020-06-10,0,15
Florenville,85011,2020-06-11,0,15
Florenville,85011,2020-06-12,0,15
Florenville,85011,2020-06-13,0,15
Florenville,85011,2020-06-14,0,15
Florenville,85011,2020-06-15,0,15
Florenville,85011,2020-06-16,0,15
Florenville,85011,2020-06-17,0,15
Florenville,85011,2020-06-18,0,15
Florenville,85011,2020-06-19,0,15
Florenville,85011,2020-06-20,0,15
Florenville,85011,2020-06-23,0,15
Florenville,85011,2020-06-24,0,15
Florenville,85011,2020-06-25,0,15
Florenville,85011,2020-06-26,0,15
Florenville,85011,2020-06-27,0,15
Florenville,85011,2020-06-30,0,15
Florenville,85011,2020-07-01,0,15
Florenville,85011,2020-07-02,0,15
Florenville,85011,2020-07-03,0,15
Florenville,85011,2020-07-04,0,15
Florenville,85011,2020-07-07,0,15
Florenville,85011,2020-07-08,0,15
Florenville,85011,2020-07-09,0,15
Florenville,85011,2020-07-10,0,15
Florenville,85011,2020-07-11,0,15
Florenville,85011,2020-07-14,0,15
Florenville,85011,2020-07-15,0,15
Florenville,85011,2020-07-16,0,15
Florenville,85011,2020-07-17,0,15
Florenville,85011,2020-07-18,0,15
Florenville,85011,2020-07-20,0,15
Florenville,85011,2020-07-21,0,15
Florenville,85011,2020-07-22,0,15
Florenville,85011,2020-07-23,0,15
Florenville,85011,2020-07-24,0,15
Florenville,85011,2020-07-25,0,15
Florenville,85011,2020-07-26,0,15
Florenville,85011,2020-07-27,0,15
Florenville,85011,2020-07-28,0,15
Florenville,85011,2020-07-29,0,15
Florenville,85011,2020-07-30,0,15
Florenville,85011,2020-07-31,0,15
Florenville,85011,2020-08-01,0,15
Florenville,85011,2020-08-02,1,16
Florenville,85011,2020-08-03,0,16
Florenville,85011,2020-08-04,0,16
Florenville,85011,2020-08-05,0,16
Florenville,85011,2020-08-06,0,16
Florenville,85011,2020-08-07,0,16
Florenville,85011,2020-08-08,0,16
Florenville,85011,2020-08-09,0,16
Florenville,85011,2020-08-10,0,16
Florenville,85011,2020-08-11,0,16
Florenville,85011,2020-08-12,0,16
Florenville,85011,2020-08-13,1,17
Florenville,85011,2020-08-14,0,17
Florenville,85011,2020-08-15,0,17
Florenville,85011,2020-08-16,0,17
Florenville,85011,2020-08-17,0,17
Florenville,85011,2020-08-18,0,17
Florenville,85011,2020-08-19,0,17
Florenville,85011,2020-08-20,0,17
Florenville,85011,2020-08-21,0,17
Florenville,85011,2020-08-22,0,17
Florenville,85011,2020-08-23,0,17
Florenville,85011,2020-08-24,0,17
Florenville,85011,2020-08-25,0,17
Florenville,85011,2020-08-26,0,17
Florenville,85011,2020-08-27,0,17
Florenville,85011,2020-08-28,0,17
Florenville,85011,2020-08-29,0,17
Florenville,85011,2020-08-30,0,17
Florenville,85011,2020-08-31,0,17
Florenville,85011,2020-09-01,0,17
Florenville,85011,2020-09-02,0,17
Florenville,85011,2020-09-03,0,17
Florenville,85011,2020-09-04,0,17
Florenville,85011,2020-09-05,0,17
Florenville,85011,2020-09-06,0,17
Florenville,85011,2020-09-07,0,17
Florenville,85011,2020-09-08,0,17
Florenville,85011,2020-09-09,1,18
Florenville,85011,2020-09-10,0,18
Florenville,85011,2020-09-11,0,18
Florenville,85011,2020-09-12,1,19
Florenville,85011,2020-09-13,0,19
Florenville,85011,2020-09-14,1,20
Florenville,85011,2020-09-15,0,20
Florenville,85011,2020-09-16,0,20
Florenville,85011,2020-09-17,2,22
Florenville,85011,2020-09-18,0,22
Florenville,85011,2020-09-19,1,23
Florenville,85011,2020-09-20,0,23
Florenville,85011,2020-09-21,0,23
Florenville,85011,2020-09-22,0,23
Florenville,85011,2020-09-23,0,23
Florenville,85011,2020-09-24,0,23
Florenville,85011,2020-09-25,0,23
Florenville,85011,2020-09-26,2,25
Florenville,85011,2020-09-27,0,25
Florenville,85011,2020-09-28,0,25
Florenville,85011,2020-09-29,0,25
Florenville,85011,2020-09-30,0,25
Florenville,85011,2020-10-01,2,27
Florenville,85011,2020-10-02,0,27
Florenville,85011,2020-10-03,0,27
Florenville,85011,2020-10-04,0,27
Florenville,85011,2020-10-05,1,28
Florenville,85011,2020-10-06,0,28
Florenville,85011,2020-10-07,0,28
Florenville,85011,2020-10-08,0,28
Florenville,85011,2020-10-09,2,30
Florenville,85011,2020-10-10,3,33
Florenville,85011,2020-10-11,3,36
Florenville,85011,2020-10-12,3,39
Florenville,85011,2020-10-13,0,39
Florenville,85011,2020-10-14,2,41
Florenville,85011,2020-10-15,6,47
Florenville,85011,2020-10-16,4,51
Florenville,85011,2020-10-17,8,59
Florenville,85011,2020-10-18,3,62
Florenville,85011,2020-10-19,7,69
Florenville,85011,2020-10-20,9,78
Florenville,85011,2020-10-21,6,84
Florenville,85011,2020-10-22,15,99
Florenville,85011,2020-10-23,7,106
Florenville,85011,2020-10-24,8,114
Florenville,85011,2020-10-25,9,123
Florenville,85011,2020-10-26,3,126
Florenville,85011,2020-10-27,1,127
Florenville,85011,2020-10-28,4,131
Florenville,85011,2020-10-29,6,137
Florenville,85011,2020-10-30,9,146
Florenville,85011,2020-10-31,12,158
Florenville,85011,2020-11-01,11,169
Florenville,85011,2020-11-02,5,174
Florenville,85011,2020-11-03,0,174
Florenville,85011,2020-11-04,1,175
Florenville,85011,2020-11-05,10,185
Florenville,85011,2020-11-06,1,186
Florenville,85011,2020-11-07,0,186
Florenville,85011,2020-11-08,1,187
Florenville,85011,2020-11-09,3,190
Florenville,85011,2020-11-10,2,192
Florenville,85011,2020-11-11,0,192
Meix-devant-Virton,85024,2020-04-04,0,0
Meix-devant-Virton,85024,2020-04-05,0,0
Meix-devant-Virton,85024,2020-04-06,0,0
Meix-devant-Virton,85024,2020-04-07,0,0
Meix-devant-Virton,85024,2020-04-08,0,0
Meix-devant-Virton,85024,2020-04-09,0,0
Meix-devant-Virton,85024,2020-04-10,0,0
Meix-devant-Virton,85024,2020-04-11,0,0
Meix-devant-Virton,85024,2020-04-12,0,0
Meix-devant-Virton,85024,2020-04-13,0,0
Meix-devant-Virton,85024,2020-04-14,0,0
Meix-devant-Virton,85024,2020-04-15,0,0
Meix-devant-Virton,85024,2020-04-16,0,0
Meix-devant-Virton,85024,2020-04-17,0,0
Meix-devant-Virton,85024,2020-04-18,0,0
Meix-devant-Virton,85024,2020-04-19,0,0
Meix-devant-Virton,85024,2020-04-20,0,0
Meix-devant-Virton,85024,2020-04-21,0,0
Meix-devant-Virton,85024,2020-04-22,0,0
Meix-devant-Virton,85024,2020-04-23,5,5
Meix-devant-Virton,85024,2020-04-24,0,5
Meix-devant-Virton,85024,2020-04-25,-5,0
Meix-devant-Virton,85024,2020-04-26,0,0
Meix-devant-Virton,85024,2020-04-27,0,0
Meix-devant-Virton,85024,2020-04-28,0,0
Meix-devant-Virton,85024,2020-04-29,0,0
Meix-devant-Virton,85024,2020-04-30,0,0
Meix-devant-Virton,85024,2020-05-01,0,0
Meix-devant-Virton,85024,2020-05-02,0,0
Meix-devant-Virton,85024,2020-05-03,0,0
Meix-devant-Virton,85024,2020-05-04,0,0
Meix-devant-Virton,85024,2020-05-05,0,0
Meix-devant-Virton,85024,2020-05-06,0,0
Meix-devant-Virton,85024,2020-05-07,0,0
Meix-devant-Virton,85024,2020-05-08,0,0
Meix-devant-Virton,85024,2020-05-09,0,0
Meix-devant-Virton,85024,2020-05-10,0,0
Meix-devant-Virton,85024,2020-05-11,0,0
Meix-devant-Virton,85024,2020-05-12,0,0
Meix-devant-Virton,85024,2020-05-13,0,0
Meix-devant-Virton,85024,2020-05-14,0,0
Meix-devant-Virton,85024,2020-05-15,0,0
Meix-devant-Virton,85024,2020-05-16,0,0
Meix-devant-Virton,85024,2020-05-17,0,0
Meix-devant-Virton,85024,2020-05-18,0,0
Meix-devant-Virton,85024,2020-05-19,0,0
Meix-devant-Virton,85024,2020-05-20,0,0
Meix-devant-Virton,85024,2020-05-21,0,0
Meix-devant-Virton,85024,2020-05-22,0,0
Meix-devant-Virton,85024,2020-05-23,0,0
Meix-devant-Virton,85024,2020-05-24,0,0
Meix-devant-Virton,85024,2020-05-25,0,0
Meix-devant-Virton,85024,2020-05-26,0,0
Meix-devant-Virton,85024,2020-05-27,0,0
Meix-devant-Virton,85024,2020-05-28,0,0
Meix-devant-Virton,85024,2020-05-29,0,0
Meix-devant-Virton,85024,2020-05-30,0,0
Meix-devant-Virton,85024,2020-05-31,0,0
Meix-devant-Virton,85024,2020-06-01,0,0
Meix-devant-Virton,85024,2020-06-02,0,0
Meix-devant-Virton,85024,2020-06-03,0,0
Meix-devant-Virton,85024,2020-06-04,0,0
Meix-devant-Virton,85024,2020-06-05,0,0
Meix-devant-Virton,85024,2020-06-06,0,0
Meix-devant-Virton,85024,2020-06-07,0,0
Meix-devant-Virton,85024,2020-06-08,0,0
Meix-devant-Virton,85024,2020-06-09,0,0
Meix-devant-Virton,85024,2020-06-10,0,0
Meix-devant-Virton,85024,2020-06-11,0,0
Meix-devant-Virton,85024,2020-06-12,0,0
Meix-devant-Virton,85024,2020-06-13,0,0
Meix-devant-Virton,85024,2020-06-14,0,0
Meix-devant-Virton,85024,2020-06-15,0,0
Meix-devant-Virton,85024,2020-06-16,0,0
Meix-devant-Virton,85024,2020-06-17,0,0
Meix-devant-Virton,85024,2020-06-18,0,0
Meix-devant-Virton,85024,2020-06-19,0,0
Meix-devant-Virton,85024,2020-06-20,0,0
Meix-devant-Virton,85024,2020-06-23,0,0
Meix-devant-Virton,85024,2020-06-24,0,0
Meix-devant-Virton,85024,2020-06-25,0,0
Meix-devant-Virton,85024,2020-06-26,0,0
Meix-devant-Virton,85024,2020-06-27,0,0
Meix-devant-Virton,85024,2020-06-30,0,0
Meix-devant-Virton,85024,2020-07-01,0,0
Meix-devant-Virton,85024,2020-07-02,0,0
Meix-devant-Virton,85024,2020-07-03,0,0
Meix-devant-Virton,85024,2020-07-04,0,0
Meix-devant-Virton,85024,2020-07-07,0,0
Meix-devant-Virton,85024,2020-07-08,0,0
Meix-devant-Virton,85024,2020-07-09,5,5
Meix-devant-Virton,85024,2020-07-10,0,5
Meix-devant-Virton,85024,2020-07-11,0,5
Meix-devant-Virton,85024,2020-07-14,0,5
Meix-devant-Virton,85024,2020-07-15,0,5
Meix-devant-Virton,85024,2020-07-16,0,5
Meix-devant-Virton,85024,2020-07-17,0,5
Meix-devant-Virton,85024,2020-07-18,0,5
Meix-devant-Virton,85024,2020-07-20,0,5
Meix-devant-Virton,85024,2020-07-21,0,5
Meix-devant-Virton,85024,2020-07-22,0,5
Meix-devant-Virton,85024,2020-07-23,0,5
Meix-devant-Virton,85024,2020-07-24,0,5
Meix-devant-Virton,85024,2020-07-25,0,5
Meix-devant-Virton,85024,2020-07-26,0,5
Meix-devant-Virton,85024,2020-07-27,0,5
Meix-devant-Virton,85024,2020-07-28,0,5
Meix-devant-Virton,85024,2020-07-29,0,5
Meix-devant-Virton,85024,2020-07-30,0,5
Meix-devant-Virton,85024,2020-07-31,0,5
Meix-devant-Virton,85024,2020-08-01,0,5
Meix-devant-Virton,85024,2020-08-02,0,5
Meix-devant-Virton,85024,2020-08-03,0,5
Meix-devant-Virton,85024,2020-08-04,0,5
Meix-devant-Virton,85024,2020-08-05,0,5
Meix-devant-Virton,85024,2020-08-06,0,5
Meix-devant-Virton,85024,2020-08-07,0,5
Meix-devant-Virton,85024,2020-08-08,0,5
Meix-devant-Virton,85024,2020-08-09,0,5
Meix-devant-Virton,85024,2020-08-10,0,5
Meix-devant-Virton,85024,2020-08-11,0,5
Meix-devant-Virton,85024,2020-08-12,0,5
Meix-devant-Virton,85024,2020-08-13,0,5
Meix-devant-Virton,85024,2020-08-14,0,5
Meix-devant-Virton,85024,2020-08-15,0,5
Meix-devant-Virton,85024,2020-08-16,0,5
Meix-devant-Virton,85024,2020-08-17,0,5
Meix-devant-Virton,85024,2020-08-18,0,5
Meix-devant-Virton,85024,2020-08-19,0,5
Meix-devant-Virton,85024,2020-08-20,0,5
Meix-devant-Virton,85024,2020-08-21,0,5
Meix-devant-Virton,85024,2020-08-22,0,5
Meix-devant-Virton,85024,2020-08-23,0,5
Meix-devant-Virton,85024,2020-08-24,0,5
Meix-devant-Virton,85024,2020-08-25,0,5
Meix-devant-Virton,85024,2020-08-26,0,5
Meix-devant-Virton,85024,2020-08-27,0,5
Meix-devant-Virton,85024,2020-08-28,0,5
Meix-devant-Virton,85024,2020-08-29,0,5
Meix-devant-Virton,85024,2020-08-30,0,5
Meix-devant-Virton,85024,2020-08-31,0,5
Meix-devant-Virton,85024,2020-09-01,0,5
Meix-devant-Virton,85024,2020-09-02,0,5
Meix-devant-Virton,85024,2020-09-03,0,5
Meix-devant-Virton,85024,2020-09-04,0,5
Meix-devant-Virton,85024,2020-09-05,0,5
Meix-devant-Virton,85024,2020-09-06,0,5
Meix-devant-Virton,85024,2020-09-07,0,5
Meix-devant-Virton,85024,2020-09-08,0,5
Meix-devant-Virton,85024,2020-09-09,0,5
Meix-devant-Virton,85024,2020-09-10,0,5
Meix-devant-Virton,85024,2020-09-11,0,5
Meix-devant-Virton,85024,2020-09-12,0,5
Meix-devant-Virton,85024,2020-09-13,1,6
Meix-devant-Virton,85024,2020-09-14,0,6
Meix-devant-Virton,85024,2020-09-15,0,6
Meix-devant-Virton,85024,2020-09-16,1,7
Meix-devant-Virton,85024,2020-09-17,0,7
Meix-devant-Virton,85024,2020-09-18,0,7
Meix-devant-Virton,85024,2020-09-19,0,7
Meix-devant-Virton,85024,2020-09-20,0,7
Meix-devant-Virton,85024,2020-09-21,0,7
Meix-devant-Virton,85024,2020-09-22,0,7
Meix-devant-Virton,85024,2020-09-23,0,7
Meix-devant-Virton,85024,2020-09-24,0,7
Meix-devant-Virton,85024,2020-09-25,0,7
Meix-devant-Virton,85024,2020-09-26,0,7
Meix-devant-Virton,85024,2020-09-27,0,7
Meix-devant-Virton,85024,2020-09-28,0,7
Meix-devant-Virton,85024,2020-09-29,0,7
Meix-devant-Virton,85024,2020-09-30,0,7
Meix-devant-Virton,85024,2020-10-01,0,7
Meix-devant-Virton,85024,2020-10-02,0,7
Meix-devant-Virton,85024,2020-10-03,1,8
Meix-devant-Virton,85024,2020-10-04,2,10
Meix-devant-Virton,85024,2020-10-05,2,12
Meix-devant-Virton,85024,2020-10-06,0,12
Meix-devant-Virton,85024,2020-10-07,0,12
Meix-devant-Virton,85024,2020-10-08,1,13
Meix-devant-Virton,85024,2020-10-09,0,13
Meix-devant-Virton,85024,2020-10-10,0,13
Meix-devant-Virton,85024,2020-10-11,2,15
Meix-devant-Virton,85024,2020-10-12,4,19
Meix-devant-Virton,85024,2020-10-13,0,19
Meix-devant-Virton,85024,2020-10-14,4,23
Meix-devant-Virton,85024,2020-10-15,1,24
Meix-devant-Virton,85024,2020-10-16,5,29
Meix-devant-Virton,85024,2020-10-17,2,31
Meix-devant-Virton,85024,2020-10-18,1,32
Meix-devant-Virton,85024,2020-10-19,2,34
Meix-devant-Virton,85024,2020-10-20,2,36
Meix-devant-Virton,85024,2020-10-21,1,37
Meix-devant-Virton,85024,2020-10-22,2,39
Meix-devant-Virton,85024,2020-10-23,6,45
Meix-devant-Virton,85024,2020-10-24,3,48
Meix-devant-Virton,85024,2020-10-25,8,56
Meix-devant-Virton,85024,2020-10-26,1,57
Meix-devant-Virton,85024,2020-10-27,3,60
Meix-devant-Virton,85024,2020-10-28,0,60
Meix-devant-Virton,85024,2020-10-29,6,66
Meix-devant-Virton,85024,2020-10-30,8,74
Meix-devant-Virton,85024,2020-10-31,6,80
Meix-devant-Virton,85024,2020-11-01,12,92
Meix-devant-Virton,85024,2020-11-02,0,92
Meix-devant-Virton,85024,2020-11-03,1,93
Meix-devant-Virton,85024,2020-11-04,-3,90
Meix-devant-Virton,85024,2020-11-05,6,96
Meix-devant-Virton,85024,2020-11-06,4,100
Meix-devant-Virton,85024,2020-11-07,2,102
Meix-devant-Virton,85024,2020-11-08,4,106
Meix-devant-Virton,85024,2020-11-09,0,106
Meix-devant-Virton,85024,2020-11-10,0,106
Meix-devant-Virton,85024,2020-11-11,1,107
Vresse-sur-Semois,91143,2020-04-04,0,0
Vresse-sur-Semois,91143,2020-04-05,0,0
Vresse-sur-Semois,91143,2020-04-06,0,0
Vresse-sur-Semois,91143,2020-04-07,0,0
Vresse-sur-Semois,91143,2020-04-08,0,0
Vresse-sur-Semois,91143,2020-04-09,0,0
Vresse-sur-Semois,91143,2020-04-10,0,0
Vresse-sur-Semois,91143,2020-04-11,0,0
Vresse-sur-Semois,91143,2020-04-12,0,0
Vresse-sur-Semois,91143,2020-04-13,0,0
Vresse-sur-Semois,91143,2020-04-14,0,0
Vresse-sur-Semois,91143,2020-04-15,0,0
Vresse-sur-Semois,91143,2020-04-16,0,0
Vresse-sur-Semois,91143,2020-04-17,0,0
Vresse-sur-Semois,91143,2020-04-18,0,0
Vresse-sur-Semois,91143,2020-04-19,0,0
Vresse-sur-Semois,91143,2020-04-20,0,0
Vresse-sur-Semois,91143,2020-04-21,0,0
Vresse-sur-Semois,91143,2020-04-22,0,0
Vresse-sur-Semois,91143,2020-04-23,0,0
Vresse-sur-Semois,91143,2020-04-24,0,0
Vresse-sur-Semois,91143,2020-04-25,0,0
Vresse-sur-Semois,91143,2020-04-26,0,0
Vresse-sur-Semois,91143,2020-04-27,0,0
Vresse-sur-Semois,91143,2020-04-28,0,0
Vresse-sur-Semois,91143,2020-04-29,0,0
Vresse-sur-Semois,91143,2020-04-30,0,0
Vresse-sur-Semois,91143,2020-05-01,0,0
Vresse-sur-Semois,91143,2020-05-02,0,0
Vresse-sur-Semois,91143,2020-05-03,0,0
Vresse-sur-Semois,91143,2020-05-04,0,0
Vresse-sur-Semois,91143,2020-05-05,0,0
Vresse-sur-Semois,91143,2020-05-06,0,0
Vresse-sur-Semois,91143,2020-05-07,0,0
Vresse-sur-Semois,91143,2020-05-08,0,0
Vresse-sur-Semois,91143,2020-05-09,5,5
Vresse-sur-Semois,91143,2020-05-10,0,5
Vresse-sur-Semois,91143,2020-05-11,5,10
Vresse-sur-Semois,91143,2020-05-12,0,10
Vresse-sur-Semois,91143,2020-05-13,0,10
Vresse-sur-Semois,91143,2020-05-14,0,10
Vresse-sur-Semois,91143,2020-05-15,0,10
Vresse-sur-Semois,91143,2020-05-16,0,10
Vresse-sur-Semois,91143,2020-05-17,0,10
Vresse-sur-Semois,91143,2020-05-18,0,10
Vresse-sur-Semois,91143,2020-05-19,0,10
Vresse-sur-Semois,91143,2020-05-20,0,10
Vresse-sur-Semois,91143,2020-05-21,0,10
Vresse-sur-Semois,91143,2020-05-22,0,10
Vresse-sur-Semois,91143,2020-05-23,0,10
Vresse-sur-Semois,91143,2020-05-24,0,10
Vresse-sur-Semois,91143,2020-05-25,1,11
Vresse-sur-Semois,91143,2020-05-26,0,11
Vresse-sur-Semois,91143,2020-05-27,0,11
Vresse-sur-Semois,91143,2020-05-28,0,11
Vresse-sur-Semois,91143,2020-05-29,0,11
Vresse-sur-Semois,91143,2020-05-30,0,11
Vresse-sur-Semois,91143,2020-05-31,0,11
Vresse-sur-Semois,91143,2020-06-01,0,11
Vresse-sur-Semois,91143,2020-06-02,0,11
Vresse-sur-Semois,91143,2020-06-03,0,11
Vresse-sur-Semois,91143,2020-06-04,0,11
Vresse-sur-Semois,91143,2020-06-05,0,11
Vresse-sur-Semois,91143,2020-06-06,0,11
Vresse-sur-Semois,91143,2020-06-07,0,11
Vresse-sur-Semois,91143,2020-06-08,0,11
Vresse-sur-Semois,91143,2020-06-09,0,11
Vresse-sur-Semois,91143,2020-06-10,0,11
Vresse-sur-Semois,91143,2020-06-11,0,11
Vresse-sur-Semois,91143,2020-06-12,0,11
Vresse-sur-Semois,91143,2020-06-13,0,11
Vresse-sur-Semois,91143,2020-06-14,0,11
Vresse-sur-Semois,91143,2020-06-15,0,11
Vresse-sur-Semois,91143,2020-06-16,0,11
Vresse-sur-Semois,91143,2020-06-17,0,11
Vresse-sur-Semois,91143,2020-06-18,0,11
Vresse-sur-Semois,91143,2020-06-19,0,11
Vresse-sur-Semois,91143,2020-06-20,0,11
Vresse-sur-Semois,91143,2020-06-23,0,11
Vresse-sur-Semois,91143,2020-06-24,0,11
Vresse-sur-Semois,91143,2020-06-25,0,11
Vresse-sur-Semois,91143,2020-06-26,0,11
Vresse-sur-Semois,91143,2020-06-27,0,11
Vresse-sur-Semois,91143,2020-06-30,0,11
Vresse-sur-Semois,91143,2020-07-01,0,11
Vresse-sur-Semois,91143,2020-07-02,0,11
Vresse-sur-Semois,91143,2020-07-03,0,11
Vresse-sur-Semois,91143,2020-07-04,0,11
Vresse-sur-Semois,91143,2020-07-07,0,11
Vresse-sur-Semois,91143,2020-07-08,0,11
Vresse-sur-Semois,91143,2020-07-09,0,11
Vresse-sur-Semois,91143,2020-07-10,0,11
Vresse-sur-Semois,91143,2020-07-11,0,11
Vresse-sur-Semois,91143,2020-07-14,0,11
Vresse-sur-Semois,91143,2020-07-15,0,11
Vresse-sur-Semois,91143,2020-07-16,0,11
Vresse-sur-Semois,91143,2020-07-17,0,11
Vresse-sur-Semois,91143,2020-07-18,0,11
Vresse-sur-Semois,91143,2020-07-20,0,11
Vresse-sur-Semois,91143,2020-07-21,0,11
Vresse-sur-Semois,91143,2020-07-22,0,11
Vresse-sur-Semois,91143,2020-07-23,0,11
Vresse-sur-Semois,91143,2020-07-24,0,11
Vresse-sur-Semois,91143,2020-07-25,0,11
Vresse-sur-Semois,91143,2020-07-26,0,11
Vresse-sur-Semois,91143,2020-07-27,0,11
Vresse-sur-Semois,91143,2020-07-28,0,11
Vresse-sur-Semois,91143,2020-07-29,0,11
Vresse-sur-Semois,91143,2020-07-30,0,11
Vresse-sur-Semois,91143,2020-07-31,0,11
Vresse-sur-Semois,91143,2020-08-01,0,11
Vresse-sur-Semois,91143,2020-08-02,0,11
Vresse-sur-Semois,91143,2020-08-03,0,11
Vresse-sur-Semois,91143,2020-08-04,0,11
Vresse-sur-Semois,91143,2020-08-05,0,11
Vresse-sur-Semois,91143,2020-08-06,0,11
Vresse-sur-Semois,91143,2020-08-07,0,11
Vresse-sur-Semois,91143,2020-08-08,0,11
Vresse-sur-Semois,91143,2020-08-09,0,11
Vresse-sur-Semois,91143,2020-08-10,0,11
Vresse-sur-Semois,91143,2020-08-11,0,11
Vresse-sur-Semois,91143,2020-08-12,0,11
Vresse-sur-Semois,91143,2020-08-13,0,11
Vresse-sur-Semois,91143,2020-08-14,0,11
Vresse-sur-Semois,91143,2020-08-15,0,11
Vresse-sur-Semois,91143,2020-08-16,0,11
Vresse-sur-Semois,91143,2020-08-17,0,11
Vresse-sur-Semois,91143,2020-08-18,0,11
Vresse-sur-Semois,91143,2020-08-19,0,11
Vresse-sur-Semois,91143,2020-08-20,0,11
Vresse-sur-Semois,91143,2020-08-21,0,11
Vresse-sur-Semois,91143,2020-08-22,0,11
Vresse-sur-Semois,91143,2020-08-23,0,11
Vresse-sur-Semois,91143,2020-08-24,0,11
Vresse-sur-Semois,91143,2020-08-25,0,11
Vresse-sur-Semois,91143,2020-08-26,0,11
Vresse-sur-Semois,91143,2020-08-27,0,11
Vresse-sur-Semois,91143,2020-08-28,0,11
Vresse-sur-Semois,91143,2020-08-29,0,11
Vresse-sur-Semois,91143,2020-08-30,0,11
Vresse-sur-Semois,91143,2020-08-31,0,11
Vresse-sur-Semois,91143,2020-09-01,0,11
Vresse-sur-Semois,91143,2020-09-02,0,11
Vresse-sur-Semois,91143,2020-09-03,0,11
Vresse-sur-Semois,91143,2020-09-04,0,11
Vresse-sur-Semois,91143,2020-09-05,0,11
Vresse-sur-Semois,91143,2020-09-06,0,11
Vresse-sur-Semois,91143,2020-09-07,0,11
Vresse-sur-Semois,91143,2020-09-08,0,11
Vresse-sur-Semois,91143,2020-09-09,0,11
Vresse-sur-Semois,91143,2020-09-10,0,11
Vresse-sur-Semois,91143,2020-09-11,0,11
Vresse-sur-Semois,91143,2020-09-12,0,11
Vresse-sur-Semois,91143,2020-09-13,0,11
Vresse-sur-Semois,91143,2020-09-14,0,11
Vresse-sur-Semois,91143,2020-09-15,0,11
Vresse-sur-Semois,91143,2020-09-16,0,11
Vresse-sur-Semois,91143,2020-09-17,1,12
Vresse-sur-Semois,91143,2020-09-18,0,12
Vresse-sur-Semois,91143,2020-09-19,0,12
Vresse-sur-Semois,91143,2020-09-20,0,12
Vresse-sur-Semois,91143,2020-09-21,0,12
Vresse-sur-Semois,91143,2020-09-22,0,12
Vresse-sur-Semois,91143,2020-09-23,0,12
Vresse-sur-Semois,91143,2020-09-24,0,12
Vresse-sur-Semois,91143,2020-09-25,0,12
Vresse-sur-Semois,91143,2020-09-26,0,12
Vresse-sur-Semois,91143,2020-09-27,0,12
Vresse-sur-Semois,91143,2020-09-28,0,12
Vresse-sur-Semois,91143,2020-09-29,0,12
Vresse-sur-Semois,91143,2020-09-30,1,13
Vresse-sur-Semois,91143,2020-10-01,0,13
Vresse-sur-Semois,91143,2020-10-02,1,14
Vresse-sur-Semois,91143,2020-10-03,0,14
Vresse-sur-Semois,91143,2020-10-04,1,15
Vresse-sur-Semois,91143,2020-10-05,1,16
Vresse-sur-Semois,91143,2020-10-06,0,16
Vresse-sur-Semois,91143,2020-10-07,1,17
Vresse-sur-Semois,91143,2020-10-08,0,17
Vresse-sur-Semois,91143,2020-10-09,1,18
Vresse-sur-Semois,91143,2020-10-10,1,19
Vresse-sur-Semois,91143,2020-10-11,1,20
Vresse-sur-Semois,91143,2020-10-12,1,21
Vresse-sur-Semois,91143,2020-10-13,0,21
Vresse-sur-Semois,91143,2020-10-14,1,22
Vresse-sur-Semois,91143,2020-10-15,1,23
Vresse-sur-Semois,91143,2020-10-16,3,26
Vresse-sur-Semois,91143,2020-10-17,1,27
Vresse-sur-Semois,91143,2020-10-18,1,28
Vresse-sur-Semois,91143,2020-10-19,2,30
Vresse-sur-Semois,91143,2020-10-20,0,30
Vresse-sur-Semois,91143,2020-10-21,3,33
Vresse-sur-Semois,91143,2020-10-22,4,37
Vresse-sur-Semois,91143,2020-10-23,5,42
Vresse-sur-Semois,91143,2020-10-24,1,43
Vresse-sur-Semois,91143,2020-10-25,1,44
Vresse-sur-Semois,91143,2020-10-26,4,48
Vresse-sur-Semois,91143,2020-10-27,4,52
Vresse-sur-Semois,91143,2020-10-28,4,56
Vresse-sur-Semois,91143,2020-10-29,2,58
Vresse-sur-Semois,91143,2020-10-30,8,66
Vresse-sur-Semois,91143,2020-10-31,23,89
Vresse-sur-Semois,91143,2020-11-01,24,113
Vresse-sur-Semois,91143,2020-11-02,27,140
Vresse-sur-Semois,91143,2020-11-03,0,140
Vresse-sur-Semois,91143,2020-11-04,7,147
Vresse-sur-Semois,91143,2020-11-05,2,149
Vresse-sur-Semois,91143,2020-11-06,6,155
Vresse-sur-Semois,91143,2020-11-07,2,157
Vresse-sur-Semois,91143,2020-11-08,6,163
Vresse-sur-Semois,91143,2020-11-09,0,163
Vresse-sur-Semois,91143,2020-11-10,3,166
Vresse-sur-Semois,91143,2020-11-11,0,166
