city,date,delta,total
Aartselaar,2020-04-01,0,12
Aartselaar,2020-04-02,2,14
Aartselaar,2020-04-03,0,14
Aartselaar,2020-04-04,0,14
Aartselaar,2020-04-05,1,15
Aartselaar,2020-04-06,5,20
Aartselaar,2020-04-07,1,21
Aartselaar,2020-04-08,0,21
Aartselaar,2020-04-09,3,24
Aartselaar,2020-04-10,2,26
Aartselaar,2020-04-11,36,62
Aartselaar,2020-04-12,34,96
Aartselaar,2020-04-13,8,104
Aartselaar,2020-04-14,1,105
Aartselaar,2020-04-15,0,105
Aartselaar,2020-04-16,3,108
Aartselaar,2020-04-17,0,108
Aartselaar,2020-04-18,1,109
Aartselaar,2020-04-19,0,109
Aartselaar,2020-04-20,0,109
Aartselaar,2020-04-21,2,111
Aartselaar,2020-04-22,1,112
Aartselaar,2020-04-23,1,113
Aartselaar,2020-04-24,1,114
Aartselaar,2020-04-25,2,116
Aartselaar,2020-04-26,2,118
Aartselaar,2020-04-27,0,118
Aartselaar,2020-04-28,1,119
Aartselaar,2020-04-29,0,119
Aartselaar,2020-04-30,1,120
Aartselaar,2020-05-01,1,121
Aartselaar,2020-05-02,3,124
Aartselaar,2020-05-03,0,124
Aartselaar,2020-05-04,0,124
Aartselaar,2020-05-05,0,124
Aartselaar,2020-05-06,0,124
Aartselaar,2020-05-07,2,126
Aartselaar,2020-05-08,1,127
Aartselaar,2020-05-09,0,127
Aartselaar,2020-05-10,0,127
Aartselaar,2020-05-11,0,127
Aartselaar,2020-05-12,0,127
Aartselaar,2020-05-13,0,127
Aartselaar,2020-05-14,0,127
Aartselaar,2020-05-15,0,127
Aartselaar,2020-05-16,0,127
Aartselaar,2020-05-17,0,127
Aartselaar,2020-05-18,0,127
Aartselaar,2020-05-19,0,127
Aartselaar,2020-05-20,0,127
Aartselaar,2020-05-21,1,128
Aartselaar,2020-05-22,1,129
Aartselaar,2020-05-23,1,130
Aartselaar,2020-05-24,1,131
Aartselaar,2020-05-25,0,131
Aartselaar,2020-05-26,0,131
Aartselaar,2020-05-27,0,131
Aartselaar,2020-05-28,0,131
Aartselaar,2020-05-29,0,131
Aartselaar,2020-05-30,0,131
Aartselaar,2020-05-31,0,131
Aartselaar,2020-06-01,0,131
Aartselaar,2020-06-02,1,132
Aartselaar,2020-06-03,0,132
Aartselaar,2020-06-04,0,132
Aartselaar,2020-06-05,0,132
Aartselaar,2020-06-06,0,132
Aartselaar,2020-06-07,0,132
Aartselaar,2020-06-08,0,132
Aartselaar,2020-06-09,0,132
Aartselaar,2020-06-10,0,132
Aartselaar,2020-06-11,0,132
Aartselaar,2020-06-12,0,132
Aartselaar,2020-06-13,0,132
Aartselaar,2020-06-14,0,132
Aartselaar,2020-06-15,0,132
Aartselaar,2020-06-16,0,132
Aartselaar,2020-06-17,0,132
Aartselaar,2020-06-18,0,132
Aartselaar,2020-06-19,0,132
Aartselaar,2020-06-20,0,132
Aartselaar,2020-06-23,0,132
Aartselaar,2020-06-24,0,132
Aartselaar,2020-06-25,0,132
Aartselaar,2020-06-26,0,132
Aartselaar,2020-06-27,0,132
Aartselaar,2020-06-30,1,133
Aartselaar,2020-07-01,0,133
Aartselaar,2020-07-02,0,133
Aartselaar,2020-07-03,1,134
Aartselaar,2020-07-04,0,134
Aartselaar,2020-07-07,0,134
Aartselaar,2020-07-08,0,134
Aartselaar,2020-07-09,0,134
Aartselaar,2020-07-10,0,134
Aartselaar,2020-07-11,0,134
Aartselaar,2020-07-14,0,134
Aartselaar,2020-07-15,0,134
Aartselaar,2020-07-16,0,134
Aartselaar,2020-07-17,3,137
Aartselaar,2020-07-18,1,138
Aartselaar,2020-07-20,0,138
Aartselaar,2020-07-21,1,139
Aartselaar,2020-07-22,0,139
Aartselaar,2020-07-23,1,140
Aartselaar,2020-07-24,0,140
Aartselaar,2020-07-25,3,143
Aartselaar,2020-07-26,2,145
Aartselaar,2020-07-27,0,145
Aartselaar,2020-07-28,0,145
Aartselaar,2020-07-29,0,145
Aartselaar,2020-07-30,1,146
Aartselaar,2020-07-31,2,148
Antwerpen,2020-04-01,52,530
Antwerpen,2020-04-02,62,592
Antwerpen,2020-04-03,31,623
Antwerpen,2020-04-04,55,678
Antwerpen,2020-04-05,57,735
Antwerpen,2020-04-06,61,796
Antwerpen,2020-04-07,39,835
Antwerpen,2020-04-08,31,866
Antwerpen,2020-04-09,61,927
Antwerpen,2020-04-10,61,988
Antwerpen,2020-04-11,44,1032
Antwerpen,2020-04-12,32,1064
Antwerpen,2020-04-13,23,1087
Antwerpen,2020-04-14,12,1099
Antwerpen,2020-04-15,94,1193
Antwerpen,2020-04-16,25,1218
Antwerpen,2020-04-17,41,1259
Antwerpen,2020-04-18,54,1313
Antwerpen,2020-04-19,36,1349
Antwerpen,2020-04-20,26,1375
Antwerpen,2020-04-21,34,1409
Antwerpen,2020-04-22,19,1428
Antwerpen,2020-04-23,45,1473
Antwerpen,2020-04-24,91,1564
Antwerpen,2020-04-25,54,1618
Antwerpen,2020-04-26,46,1664
Antwerpen,2020-04-27,19,1683
Antwerpen,2020-04-28,16,1699
Antwerpen,2020-04-29,26,1725
Antwerpen,2020-04-30,32,1757
Antwerpen,2020-05-01,51,1808
Antwerpen,2020-05-02,67,1875
Antwerpen,2020-05-03,25,1900
Antwerpen,2020-05-04,47,1947
Antwerpen,2020-05-05,15,1962
Antwerpen,2020-05-06,15,1977
Antwerpen,2020-05-07,33,2010
Antwerpen,2020-05-08,52,2062
Antwerpen,2020-05-09,27,2089
Antwerpen,2020-05-10,30,2119
Antwerpen,2020-05-11,20,2139
Antwerpen,2020-05-12,16,2155
Antwerpen,2020-05-13,14,2169
Antwerpen,2020-05-14,17,2186
Antwerpen,2020-05-15,34,2220
Antwerpen,2020-05-16,10,2230
Antwerpen,2020-05-17,25,2255
Antwerpen,2020-05-18,18,2273
Antwerpen,2020-05-19,8,2281
Antwerpen,2020-05-20,8,2289
Antwerpen,2020-05-21,21,2310
Antwerpen,2020-05-22,9,2319
Antwerpen,2020-05-23,11,2330
Antwerpen,2020-05-24,10,2340
Antwerpen,2020-05-25,17,2357
Antwerpen,2020-05-26,9,2366
Antwerpen,2020-05-27,12,2378
Antwerpen,2020-05-28,14,2392
Antwerpen,2020-05-29,7,2399
Antwerpen,2020-05-30,5,2404
Antwerpen,2020-05-31,14,2418
Antwerpen,2020-06-01,13,2431
Antwerpen,2020-06-02,7,2438
Antwerpen,2020-06-03,6,2444
Antwerpen,2020-06-04,7,2451
Antwerpen,2020-06-05,12,2463
Antwerpen,2020-06-06,21,2484
Antwerpen,2020-06-07,15,2499
Antwerpen,2020-06-08,7,2506
Antwerpen,2020-06-09,2,2508
Antwerpen,2020-06-10,10,2518
Antwerpen,2020-06-11,10,2528
Antwerpen,2020-06-12,6,2534
Antwerpen,2020-06-13,5,2539
Antwerpen,2020-06-14,9,2548
Antwerpen,2020-06-15,8,2556
Antwerpen,2020-06-16,2,2558
Antwerpen,2020-06-17,4,2562
Antwerpen,2020-06-18,6,2568
Antwerpen,2020-06-19,13,2581
Antwerpen,2020-06-20,5,2586
Antwerpen,2020-06-23,26,2612
Antwerpen,2020-06-24,5,2617
Antwerpen,2020-06-25,15,2632
Antwerpen,2020-06-26,4,2636
Antwerpen,2020-06-27,10,2646
Antwerpen,2020-06-30,25,2671
Antwerpen,2020-07-01,1,2672
Antwerpen,2020-07-02,8,2680
Antwerpen,2020-07-03,21,2701
Antwerpen,2020-07-04,5,2706
Antwerpen,2020-07-07,40,2746
Antwerpen,2020-07-08,8,2754
Antwerpen,2020-07-09,10,2764
Antwerpen,2020-07-10,18,2782
Antwerpen,2020-07-11,21,2803
Antwerpen,2020-07-14,44,2847
Antwerpen,2020-07-15,8,2855
Antwerpen,2020-07-16,30,2885
Antwerpen,2020-07-17,46,2931
Antwerpen,2020-07-18,55,2986
Antwerpen,2020-07-20,135,3121
Antwerpen,2020-07-21,46,3167
Antwerpen,2020-07-22,43,3210
Antwerpen,2020-07-23,106,3316
Antwerpen,2020-07-24,35,3351
Antwerpen,2020-07-25,72,3423
Antwerpen,2020-07-26,202,3625
Antwerpen,2020-07-27,102,3727
Antwerpen,2020-07-28,168,3895
Antwerpen,2020-07-29,59,3954
Antwerpen,2020-07-30,190,4144
Antwerpen,2020-07-31,198,4342
Boechout,2020-04-01,0,14
Boechout,2020-04-02,0,14
Boechout,2020-04-03,2,16
Boechout,2020-04-04,0,16
Boechout,2020-04-05,3,19
Boechout,2020-04-06,1,20
Boechout,2020-04-07,0,20
Boechout,2020-04-08,1,21
Boechout,2020-04-09,0,21
Boechout,2020-04-10,0,21
Boechout,2020-04-11,2,23
Boechout,2020-04-12,1,24
Boechout,2020-04-13,0,24
Boechout,2020-04-14,0,24
Boechout,2020-04-15,1,25
Boechout,2020-04-16,0,25
Boechout,2020-04-17,0,25
Boechout,2020-04-18,0,25
Boechout,2020-04-19,0,25
Boechout,2020-04-20,1,26
Boechout,2020-04-21,1,27
Boechout,2020-04-22,1,28
Boechout,2020-04-23,1,29
Boechout,2020-04-24,0,29
Boechout,2020-04-25,0,29
Boechout,2020-04-26,0,29
Boechout,2020-04-27,0,29
Boechout,2020-04-28,0,29
Boechout,2020-04-29,0,29
Boechout,2020-04-30,0,29
Boechout,2020-05-01,2,31
Boechout,2020-05-02,0,31
Boechout,2020-05-03,1,32
Boechout,2020-05-04,0,32
Boechout,2020-05-05,1,33
Boechout,2020-05-06,0,33
Boechout,2020-05-07,1,34
Boechout,2020-05-08,0,34
Boechout,2020-05-09,0,34
Boechout,2020-05-10,0,34
Boechout,2020-05-11,0,34
Boechout,2020-05-12,0,34
Boechout,2020-05-13,0,34
Boechout,2020-05-14,0,34
Boechout,2020-05-15,0,34
Boechout,2020-05-16,1,35
Boechout,2020-05-17,3,38
Boechout,2020-05-18,0,38
Boechout,2020-05-19,0,38
Boechout,2020-05-20,0,38
Boechout,2020-05-21,0,38
Boechout,2020-05-22,0,38
Boechout,2020-05-23,0,38
Boechout,2020-05-24,0,38
Boechout,2020-05-25,1,39
Boechout,2020-05-26,0,39
Boechout,2020-05-27,0,39
Boechout,2020-05-28,0,39
Boechout,2020-05-29,1,40
Boechout,2020-05-30,0,40
Boechout,2020-05-31,1,41
Boechout,2020-06-01,0,41
Boechout,2020-06-02,1,42
Boechout,2020-06-03,0,42
Boechout,2020-06-04,0,42
Boechout,2020-06-05,0,42
Boechout,2020-06-06,0,42
Boechout,2020-06-07,0,42
Boechout,2020-06-08,0,42
Boechout,2020-06-09,0,42
Boechout,2020-06-10,0,42
Boechout,2020-06-11,0,42
Boechout,2020-06-12,0,42
Boechout,2020-06-13,0,42
Boechout,2020-06-14,0,42
Boechout,2020-06-15,1,43
Boechout,2020-06-16,0,43
Boechout,2020-06-17,0,43
Boechout,2020-06-18,0,43
Boechout,2020-06-19,0,43
Boechout,2020-06-20,0,43
Boechout,2020-06-23,0,43
Boechout,2020-06-24,0,43
Boechout,2020-06-25,0,43
Boechout,2020-06-26,0,43
Boechout,2020-06-27,0,43
Boechout,2020-06-30,0,43
Boechout,2020-07-01,0,43
Boechout,2020-07-02,0,43
Boechout,2020-07-03,0,43
Boechout,2020-07-04,0,43
Boechout,2020-07-07,0,43
Boechout,2020-07-08,0,43
Boechout,2020-07-09,0,43
Boechout,2020-07-10,0,43
Boechout,2020-07-11,0,43
Boechout,2020-07-14,0,43
Boechout,2020-07-15,0,43
Boechout,2020-07-16,0,43
Boechout,2020-07-17,0,43
Boechout,2020-07-18,1,44
Boechout,2020-07-20,0,44
Boechout,2020-07-21,0,44
Boechout,2020-07-22,0,44
Boechout,2020-07-23,0,44
Boechout,2020-07-24,0,44
Boechout,2020-07-25,0,44
Boechout,2020-07-26,4,48
Boechout,2020-07-27,0,48
Boechout,2020-07-28,2,50
Boechout,2020-07-29,0,50
Boechout,2020-07-30,1,51
Boechout,2020-07-31,0,51
Boom,2020-04-01,1,23
Boom,2020-04-02,3,26
Boom,2020-04-03,3,29
Boom,2020-04-04,1,30
Boom,2020-04-05,5,35
Boom,2020-04-06,1,36
Boom,2020-04-07,0,36
Boom,2020-04-08,1,37
Boom,2020-04-09,2,39
Boom,2020-04-10,2,41
Boom,2020-04-11,11,52
Boom,2020-04-12,5,57
Boom,2020-04-13,0,57
Boom,2020-04-14,0,57
Boom,2020-04-15,3,60
Boom,2020-04-16,2,62
Boom,2020-04-17,0,62
Boom,2020-04-18,3,65
Boom,2020-04-19,1,66
Boom,2020-04-20,0,66
Boom,2020-04-21,1,67
Boom,2020-04-22,2,69
Boom,2020-04-23,0,69
Boom,2020-04-24,0,69
Boom,2020-04-25,0,69
Boom,2020-04-26,2,71
Boom,2020-04-27,0,71
Boom,2020-04-28,0,71
Boom,2020-04-29,0,71
Boom,2020-04-30,1,72
Boom,2020-05-01,0,72
Boom,2020-05-02,1,73
Boom,2020-05-03,0,73
Boom,2020-05-04,2,75
Boom,2020-05-05,2,77
Boom,2020-05-06,0,77
Boom,2020-05-07,1,78
Boom,2020-05-08,0,78
Boom,2020-05-09,0,78
Boom,2020-05-10,0,78
Boom,2020-05-11,1,79
Boom,2020-05-12,0,79
Boom,2020-05-13,3,82
Boom,2020-05-14,0,82
Boom,2020-05-15,1,83
Boom,2020-05-16,0,83
Boom,2020-05-17,0,83
Boom,2020-05-18,1,84
Boom,2020-05-19,0,84
Boom,2020-05-20,0,84
Boom,2020-05-21,3,87
Boom,2020-05-22,1,88
Boom,2020-05-23,1,89
Boom,2020-05-24,4,93
Boom,2020-05-25,0,93
Boom,2020-05-26,0,93
Boom,2020-05-27,0,93
Boom,2020-05-28,-1,92
Boom,2020-05-29,0,92
Boom,2020-05-30,0,92
Boom,2020-05-31,0,92
Boom,2020-06-01,0,92
Boom,2020-06-02,1,93
Boom,2020-06-03,0,93
Boom,2020-06-04,0,93
Boom,2020-06-05,1,94
Boom,2020-06-06,1,95
Boom,2020-06-07,0,95
Boom,2020-06-08,0,95
Boom,2020-06-09,0,95
Boom,2020-06-10,0,95
Boom,2020-06-11,0,95
Boom,2020-06-12,0,95
Boom,2020-06-13,0,95
Boom,2020-06-14,0,95
Boom,2020-06-15,0,95
Boom,2020-06-16,0,95
Boom,2020-06-17,0,95
Boom,2020-06-18,1,96
Boom,2020-06-19,0,96
Boom,2020-06-20,0,96
Boom,2020-06-23,0,96
Boom,2020-06-24,0,96
Boom,2020-06-25,0,96
Boom,2020-06-26,0,96
Boom,2020-06-27,0,96
Boom,2020-06-30,0,96
Boom,2020-07-01,0,96
Boom,2020-07-02,0,96
Boom,2020-07-03,1,97
Boom,2020-07-04,1,98
Boom,2020-07-07,0,98
Boom,2020-07-08,0,98
Boom,2020-07-09,0,98
Boom,2020-07-10,1,99
Boom,2020-07-11,0,99
Boom,2020-07-14,7,106
Boom,2020-07-15,0,106
Boom,2020-07-16,1,107
Boom,2020-07-17,2,109
Boom,2020-07-18,0,109
Boom,2020-07-20,2,111
Boom,2020-07-21,0,111
Boom,2020-07-22,1,112
Boom,2020-07-23,1,113
Boom,2020-07-24,3,116
Boom,2020-07-25,4,120
Boom,2020-07-26,4,124
Boom,2020-07-27,4,128
Boom,2020-07-28,2,130
Boom,2020-07-29,0,130
Boom,2020-07-30,0,130
Boom,2020-07-31,2,132
Borsbeek,2020-04-01,0,6
Borsbeek,2020-04-02,1,7
Borsbeek,2020-04-03,0,7
Borsbeek,2020-04-04,0,7
Borsbeek,2020-04-05,5,12
Borsbeek,2020-04-06,6,18
Borsbeek,2020-04-07,6,24
Borsbeek,2020-04-08,0,24
Borsbeek,2020-04-09,7,31
Borsbeek,2020-04-10,2,33
Borsbeek,2020-04-11,4,37
Borsbeek,2020-04-12,3,40
Borsbeek,2020-04-13,0,40
Borsbeek,2020-04-14,0,40
Borsbeek,2020-04-15,0,40
Borsbeek,2020-04-16,2,42
Borsbeek,2020-04-17,0,42
Borsbeek,2020-04-18,3,45
Borsbeek,2020-04-19,0,45
Borsbeek,2020-04-20,1,46
Borsbeek,2020-04-21,26,72
Borsbeek,2020-04-22,11,83
Borsbeek,2020-04-23,2,85
Borsbeek,2020-04-24,0,85
Borsbeek,2020-04-25,0,85
Borsbeek,2020-04-26,2,87
Borsbeek,2020-04-27,0,87
Borsbeek,2020-04-28,0,87
Borsbeek,2020-04-29,0,87
Borsbeek,2020-04-30,0,87
Borsbeek,2020-05-01,1,88
Borsbeek,2020-05-02,0,88
Borsbeek,2020-05-03,0,88
Borsbeek,2020-05-04,0,88
Borsbeek,2020-05-05,0,88
Borsbeek,2020-05-06,1,89
Borsbeek,2020-05-07,0,89
Borsbeek,2020-05-08,1,90
Borsbeek,2020-05-09,1,91
Borsbeek,2020-05-10,0,91
Borsbeek,2020-05-11,0,91
Borsbeek,2020-05-12,0,91
Borsbeek,2020-05-13,0,91
Borsbeek,2020-05-14,0,91
Borsbeek,2020-05-15,1,92
Borsbeek,2020-05-16,0,92
Borsbeek,2020-05-17,0,92
Borsbeek,2020-05-18,0,92
Borsbeek,2020-05-19,0,92
Borsbeek,2020-05-20,0,92
Borsbeek,2020-05-21,1,93
Borsbeek,2020-05-22,0,93
Borsbeek,2020-05-23,1,94
Borsbeek,2020-05-24,0,94
Borsbeek,2020-05-25,0,94
Borsbeek,2020-05-26,0,94
Borsbeek,2020-05-27,0,94
Borsbeek,2020-05-28,0,94
Borsbeek,2020-05-29,0,94
Borsbeek,2020-05-30,0,94
Borsbeek,2020-05-31,0,94
Borsbeek,2020-06-01,0,94
Borsbeek,2020-06-02,0,94
Borsbeek,2020-06-03,0,94
Borsbeek,2020-06-04,0,94
Borsbeek,2020-06-05,0,94
Borsbeek,2020-06-06,0,94
Borsbeek,2020-06-07,0,94
Borsbeek,2020-06-08,0,94
Borsbeek,2020-06-09,0,94
Borsbeek,2020-06-10,0,94
Borsbeek,2020-06-11,0,94
Borsbeek,2020-06-12,0,94
Borsbeek,2020-06-13,0,94
Borsbeek,2020-06-14,0,94
Borsbeek,2020-06-15,0,94
Borsbeek,2020-06-16,0,94
Borsbeek,2020-06-17,0,94
Borsbeek,2020-06-18,0,94
Borsbeek,2020-06-19,0,94
Borsbeek,2020-06-20,1,95
Borsbeek,2020-06-23,1,96
Borsbeek,2020-06-24,0,96
Borsbeek,2020-06-25,1,97
Borsbeek,2020-06-26,0,97
Borsbeek,2020-06-27,0,97
Borsbeek,2020-06-30,0,97
Borsbeek,2020-07-01,0,97
Borsbeek,2020-07-02,0,97
Borsbeek,2020-07-03,0,97
Borsbeek,2020-07-04,0,97
Borsbeek,2020-07-07,0,97
Borsbeek,2020-07-08,0,97
Borsbeek,2020-07-09,0,97
Borsbeek,2020-07-10,0,97
Borsbeek,2020-07-11,0,97
Borsbeek,2020-07-14,0,97
Borsbeek,2020-07-15,0,97
Borsbeek,2020-07-16,0,97
Borsbeek,2020-07-17,0,97
Borsbeek,2020-07-18,1,98
Borsbeek,2020-07-20,2,100
Borsbeek,2020-07-21,1,101
Borsbeek,2020-07-22,0,101
Borsbeek,2020-07-23,1,102
Borsbeek,2020-07-24,0,102
Borsbeek,2020-07-25,2,104
Borsbeek,2020-07-26,7,111
Borsbeek,2020-07-27,0,111
Borsbeek,2020-07-28,1,112
Borsbeek,2020-07-29,3,115
Borsbeek,2020-07-30,10,125
Borsbeek,2020-07-31,3,128
Brasschaat,2020-04-01,15,36
Brasschaat,2020-04-02,1,37
Brasschaat,2020-04-03,1,38
Brasschaat,2020-04-04,4,42
Brasschaat,2020-04-05,8,50
Brasschaat,2020-04-06,3,53
Brasschaat,2020-04-07,3,56
Brasschaat,2020-04-08,4,60
Brasschaat,2020-04-09,13,73
Brasschaat,2020-04-10,2,75
Brasschaat,2020-04-11,5,80
Brasschaat,2020-04-12,1,81
Brasschaat,2020-04-13,1,82
Brasschaat,2020-04-14,2,84
Brasschaat,2020-04-15,1,85
Brasschaat,2020-04-16,9,94
Brasschaat,2020-04-17,3,97
Brasschaat,2020-04-18,3,100
Brasschaat,2020-04-19,3,103
Brasschaat,2020-04-20,4,107
Brasschaat,2020-04-21,2,109
Brasschaat,2020-04-22,0,109
Brasschaat,2020-04-23,3,112
Brasschaat,2020-04-24,4,116
Brasschaat,2020-04-25,4,120
Brasschaat,2020-04-26,1,121
Brasschaat,2020-04-27,3,124
Brasschaat,2020-04-28,4,128
Brasschaat,2020-04-29,2,130
Brasschaat,2020-04-30,5,135
Brasschaat,2020-05-01,2,137
Brasschaat,2020-05-02,3,140
Brasschaat,2020-05-03,1,141
Brasschaat,2020-05-04,7,148
Brasschaat,2020-05-05,1,149
Brasschaat,2020-05-06,2,151
Brasschaat,2020-05-07,5,156
Brasschaat,2020-05-08,9,165
Brasschaat,2020-05-09,4,169
Brasschaat,2020-05-10,1,170
Brasschaat,2020-05-11,5,175
Brasschaat,2020-05-12,1,176
Brasschaat,2020-05-13,0,176
Brasschaat,2020-05-14,1,177
Brasschaat,2020-05-15,3,180
Brasschaat,2020-05-16,1,181
Brasschaat,2020-05-17,0,181
Brasschaat,2020-05-18,1,182
Brasschaat,2020-05-19,1,183
Brasschaat,2020-05-20,0,183
Brasschaat,2020-05-21,0,183
Brasschaat,2020-05-22,0,183
Brasschaat,2020-05-23,1,184
Brasschaat,2020-05-24,0,184
Brasschaat,2020-05-25,1,185
Brasschaat,2020-05-26,0,185
Brasschaat,2020-05-27,1,186
Brasschaat,2020-05-28,2,188
Brasschaat,2020-05-29,0,188
Brasschaat,2020-05-30,0,188
Brasschaat,2020-05-31,2,190
Brasschaat,2020-06-01,0,190
Brasschaat,2020-06-02,0,190
Brasschaat,2020-06-03,0,190
Brasschaat,2020-06-04,0,190
Brasschaat,2020-06-05,1,191
Brasschaat,2020-06-06,1,192
Brasschaat,2020-06-07,0,192
Brasschaat,2020-06-08,0,192
Brasschaat,2020-06-09,0,192
Brasschaat,2020-06-10,0,192
Brasschaat,2020-06-11,0,192
Brasschaat,2020-06-12,0,192
Brasschaat,2020-06-13,0,192
Brasschaat,2020-06-14,0,192
Brasschaat,2020-06-15,0,192
Brasschaat,2020-06-16,0,192
Brasschaat,2020-06-17,0,192
Brasschaat,2020-06-18,1,193
Brasschaat,2020-06-19,0,193
Brasschaat,2020-06-20,0,193
Brasschaat,2020-06-23,1,194
Brasschaat,2020-06-24,0,194
Brasschaat,2020-06-25,1,195
Brasschaat,2020-06-26,0,195
Brasschaat,2020-06-27,1,196
Brasschaat,2020-06-30,0,196
Brasschaat,2020-07-01,0,196
Brasschaat,2020-07-02,0,196
Brasschaat,2020-07-03,0,196
Brasschaat,2020-07-04,0,196
Brasschaat,2020-07-07,4,200
Brasschaat,2020-07-08,0,200
Brasschaat,2020-07-09,1,201
Brasschaat,2020-07-10,0,201
Brasschaat,2020-07-11,0,201
Brasschaat,2020-07-14,0,201
Brasschaat,2020-07-15,0,201
Brasschaat,2020-07-16,3,204
Brasschaat,2020-07-17,0,204
Brasschaat,2020-07-18,2,206
Brasschaat,2020-07-20,3,209
Brasschaat,2020-07-21,1,210
Brasschaat,2020-07-22,0,210
Brasschaat,2020-07-23,1,211
Brasschaat,2020-07-24,0,211
Brasschaat,2020-07-25,0,211
Brasschaat,2020-07-26,3,214
Brasschaat,2020-07-27,0,214
Brasschaat,2020-07-28,0,214
Brasschaat,2020-07-29,0,214
Brasschaat,2020-07-30,5,219
Brasschaat,2020-07-31,3,222
Brecht,2020-04-01,4,18
Brecht,2020-04-02,1,19
Brecht,2020-04-03,10,29
Brecht,2020-04-04,1,30
Brecht,2020-04-05,0,30
Brecht,2020-04-06,3,33
Brecht,2020-04-07,1,34
Brecht,2020-04-08,2,36
Brecht,2020-04-09,3,39
Brecht,2020-04-10,2,41
Brecht,2020-04-11,2,43
Brecht,2020-04-12,3,46
Brecht,2020-04-13,2,48
Brecht,2020-04-14,0,48
Brecht,2020-04-15,1,49
Brecht,2020-04-16,5,54
Brecht,2020-04-17,0,54
Brecht,2020-04-18,3,57
Brecht,2020-04-19,2,59
Brecht,2020-04-20,2,61
Brecht,2020-04-21,1,62
Brecht,2020-04-22,0,62
Brecht,2020-04-23,4,66
Brecht,2020-04-24,3,69
Brecht,2020-04-25,3,72
Brecht,2020-04-26,1,73
Brecht,2020-04-27,2,75
Brecht,2020-04-28,3,78
Brecht,2020-04-29,2,80
Brecht,2020-04-30,0,80
Brecht,2020-05-01,3,83
Brecht,2020-05-02,1,84
Brecht,2020-05-03,2,86
Brecht,2020-05-04,2,88
Brecht,2020-05-05,2,90
Brecht,2020-05-06,2,92
Brecht,2020-05-07,2,94
Brecht,2020-05-08,3,97
Brecht,2020-05-09,0,97
Brecht,2020-05-10,0,97
Brecht,2020-05-11,2,99
Brecht,2020-05-12,3,102
Brecht,2020-05-13,0,102
Brecht,2020-05-14,0,102
Brecht,2020-05-15,1,103
Brecht,2020-05-16,0,103
Brecht,2020-05-17,2,105
Brecht,2020-05-18,1,106
Brecht,2020-05-19,0,106
Brecht,2020-05-20,1,107
Brecht,2020-05-21,0,107
Brecht,2020-05-22,0,107
Brecht,2020-05-23,1,108
Brecht,2020-05-24,0,108
Brecht,2020-05-25,0,108
Brecht,2020-05-26,0,108
Brecht,2020-05-27,1,109
Brecht,2020-05-28,0,109
Brecht,2020-05-29,1,110
Brecht,2020-05-30,1,111
Brecht,2020-05-31,0,111
Brecht,2020-06-01,1,112
Brecht,2020-06-02,0,112
Brecht,2020-06-03,0,112
Brecht,2020-06-04,0,112
Brecht,2020-06-05,0,112
Brecht,2020-06-06,0,112
Brecht,2020-06-07,0,112
Brecht,2020-06-08,0,112
Brecht,2020-06-09,0,112
Brecht,2020-06-10,1,113
Brecht,2020-06-11,0,113
Brecht,2020-06-12,0,113
Brecht,2020-06-13,1,114
Brecht,2020-06-14,0,114
Brecht,2020-06-15,0,114
Brecht,2020-06-16,0,114
Brecht,2020-06-17,1,115
Brecht,2020-06-18,0,115
Brecht,2020-06-19,1,116
Brecht,2020-06-20,0,116
Brecht,2020-06-23,0,116
Brecht,2020-06-24,0,116
Brecht,2020-06-25,0,116
Brecht,2020-06-26,0,116
Brecht,2020-06-27,0,116
Brecht,2020-06-30,0,116
Brecht,2020-07-01,0,116
Brecht,2020-07-02,0,116
Brecht,2020-07-03,0,116
Brecht,2020-07-04,3,119
Brecht,2020-07-07,1,120
Brecht,2020-07-08,0,120
Brecht,2020-07-09,0,120
Brecht,2020-07-10,0,120
Brecht,2020-07-11,0,120
Brecht,2020-07-14,0,120
Brecht,2020-07-15,0,120
Brecht,2020-07-16,0,120
Brecht,2020-07-17,1,121
Brecht,2020-07-18,0,121
Brecht,2020-07-20,0,121
Brecht,2020-07-21,0,121
Brecht,2020-07-22,0,121
Brecht,2020-07-23,0,121
Brecht,2020-07-24,0,121
Brecht,2020-07-25,0,121
Brecht,2020-07-26,2,123
Brecht,2020-07-27,0,123
Brecht,2020-07-28,0,123
Brecht,2020-07-29,0,123
Brecht,2020-07-30,3,126
Brecht,2020-07-31,4,130
Edegem,2020-04-01,4,30
Edegem,2020-04-02,1,31
Edegem,2020-04-03,2,33
Edegem,2020-04-04,4,37
Edegem,2020-04-05,3,40
Edegem,2020-04-06,1,41
Edegem,2020-04-07,0,41
Edegem,2020-04-08,3,44
Edegem,2020-04-09,2,46
Edegem,2020-04-10,1,47
Edegem,2020-04-11,2,49
Edegem,2020-04-12,1,50
Edegem,2020-04-13,0,50
Edegem,2020-04-14,0,50
Edegem,2020-04-15,1,51
Edegem,2020-04-16,1,52
Edegem,2020-04-17,1,53
Edegem,2020-04-18,0,53
Edegem,2020-04-19,0,53
Edegem,2020-04-20,0,53
Edegem,2020-04-21,0,53
Edegem,2020-04-22,0,53
Edegem,2020-04-23,1,54
Edegem,2020-04-24,1,55
Edegem,2020-04-25,0,55
Edegem,2020-04-26,1,56
Edegem,2020-04-27,0,56
Edegem,2020-04-28,0,56
Edegem,2020-04-29,0,56
Edegem,2020-04-30,0,56
Edegem,2020-05-01,2,58
Edegem,2020-05-02,0,58
Edegem,2020-05-03,2,60
Edegem,2020-05-04,0,60
Edegem,2020-05-05,0,60
Edegem,2020-05-06,0,60
Edegem,2020-05-07,3,63
Edegem,2020-05-08,1,64
Edegem,2020-05-09,1,65
Edegem,2020-05-10,2,67
Edegem,2020-05-11,1,68
Edegem,2020-05-12,0,68
Edegem,2020-05-13,1,69
Edegem,2020-05-14,0,69
Edegem,2020-05-15,0,69
Edegem,2020-05-16,1,70
Edegem,2020-05-17,1,71
Edegem,2020-05-18,1,72
Edegem,2020-05-19,0,72
Edegem,2020-05-20,1,73
Edegem,2020-05-21,1,74
Edegem,2020-05-22,0,74
Edegem,2020-05-23,0,74
Edegem,2020-05-24,0,74
Edegem,2020-05-25,0,74
Edegem,2020-05-26,0,74
Edegem,2020-05-27,0,74
Edegem,2020-05-28,0,74
Edegem,2020-05-29,0,74
Edegem,2020-05-30,0,74
Edegem,2020-05-31,1,75
Edegem,2020-06-01,0,75
Edegem,2020-06-02,0,75
Edegem,2020-06-03,0,75
Edegem,2020-06-04,0,75
Edegem,2020-06-05,0,75
Edegem,2020-06-06,0,75
Edegem,2020-06-07,0,75
Edegem,2020-06-08,0,75
Edegem,2020-06-09,0,75
Edegem,2020-06-10,0,75
Edegem,2020-06-11,1,76
Edegem,2020-06-12,0,76
Edegem,2020-06-13,1,77
Edegem,2020-06-14,0,77
Edegem,2020-06-15,0,77
Edegem,2020-06-16,0,77
Edegem,2020-06-17,1,78
Edegem,2020-06-18,0,78
Edegem,2020-06-19,0,78
Edegem,2020-06-20,0,78
Edegem,2020-06-23,1,79
Edegem,2020-06-24,0,79
Edegem,2020-06-25,0,79
Edegem,2020-06-26,0,79
Edegem,2020-06-27,0,79
Edegem,2020-06-30,0,79
Edegem,2020-07-01,0,79
Edegem,2020-07-02,0,79
Edegem,2020-07-03,1,80
Edegem,2020-07-04,0,80
Edegem,2020-07-07,0,80
Edegem,2020-07-08,0,80
Edegem,2020-07-09,0,80
Edegem,2020-07-10,0,80
Edegem,2020-07-11,1,81
Edegem,2020-07-14,2,83
Edegem,2020-07-15,2,85
Edegem,2020-07-16,0,85
Edegem,2020-07-17,1,86
Edegem,2020-07-18,1,87
Edegem,2020-07-20,2,89
Edegem,2020-07-21,0,89
Edegem,2020-07-22,2,91
Edegem,2020-07-23,0,91
Edegem,2020-07-24,0,91
Edegem,2020-07-25,1,92
Edegem,2020-07-26,6,98
Edegem,2020-07-27,2,100
Edegem,2020-07-28,2,102
Edegem,2020-07-29,1,103
Edegem,2020-07-30,0,103
Edegem,2020-07-31,2,105
Essen,2020-04-01,2,17
Essen,2020-04-02,0,17
Essen,2020-04-03,0,17
Essen,2020-04-04,1,18
Essen,2020-04-05,1,19
Essen,2020-04-06,2,21
Essen,2020-04-07,1,22
Essen,2020-04-08,3,25
Essen,2020-04-09,0,25
Essen,2020-04-10,4,29
Essen,2020-04-11,1,30
Essen,2020-04-12,1,31
Essen,2020-04-13,1,32
Essen,2020-04-14,4,36
Essen,2020-04-15,1,37
Essen,2020-04-16,1,38
Essen,2020-04-17,3,41
Essen,2020-04-18,0,41
Essen,2020-04-19,3,44
Essen,2020-04-20,0,44
Essen,2020-04-21,1,45
Essen,2020-04-22,0,45
Essen,2020-04-23,1,46
Essen,2020-04-24,1,47
Essen,2020-04-25,2,49
Essen,2020-04-26,0,49
Essen,2020-04-27,4,53
Essen,2020-04-28,0,53
Essen,2020-04-29,2,55
Essen,2020-04-30,1,56
Essen,2020-05-01,0,56
Essen,2020-05-02,2,58
Essen,2020-05-03,0,58
Essen,2020-05-04,3,61
Essen,2020-05-05,3,64
Essen,2020-05-06,0,64
Essen,2020-05-07,2,66
Essen,2020-05-08,3,69
Essen,2020-05-09,0,69
Essen,2020-05-10,1,70
Essen,2020-05-11,2,72
Essen,2020-05-12,2,74
Essen,2020-05-13,0,74
Essen,2020-05-14,0,74
Essen,2020-05-15,0,74
Essen,2020-05-16,0,74
Essen,2020-05-17,1,75
Essen,2020-05-18,1,76
Essen,2020-05-19,0,76
Essen,2020-05-20,0,76
Essen,2020-05-21,4,80
Essen,2020-05-22,0,80
Essen,2020-05-23,4,84
Essen,2020-05-24,0,84
Essen,2020-05-25,2,86
Essen,2020-05-26,0,86
Essen,2020-05-27,0,86
Essen,2020-05-28,2,88
Essen,2020-05-29,4,92
Essen,2020-05-30,1,93
Essen,2020-05-31,1,94
Essen,2020-06-01,1,95
Essen,2020-06-02,0,95
Essen,2020-06-03,0,95
Essen,2020-06-04,0,95
Essen,2020-06-05,0,95
Essen,2020-06-06,0,95
Essen,2020-06-07,0,95
Essen,2020-06-08,0,95
Essen,2020-06-09,0,95
Essen,2020-06-10,0,95
Essen,2020-06-11,2,97
Essen,2020-06-12,0,97
Essen,2020-06-13,1,98
Essen,2020-06-14,0,98
Essen,2020-06-15,0,98
Essen,2020-06-16,0,98
Essen,2020-06-17,0,98
Essen,2020-06-18,0,98
Essen,2020-06-19,0,98
Essen,2020-06-20,0,98
Essen,2020-06-23,0,98
Essen,2020-06-24,0,98
Essen,2020-06-25,0,98
Essen,2020-06-26,0,98
Essen,2020-06-27,1,99
Essen,2020-06-30,0,99
Essen,2020-07-01,0,99
Essen,2020-07-02,0,99
Essen,2020-07-03,0,99
Essen,2020-07-04,0,99
Essen,2020-07-07,0,99
Essen,2020-07-08,0,99
Essen,2020-07-09,0,99
Essen,2020-07-10,0,99
Essen,2020-07-11,0,99
Essen,2020-07-14,0,99
Essen,2020-07-15,0,99
Essen,2020-07-16,1,100
Essen,2020-07-17,0,100
Essen,2020-07-18,0,100
Essen,2020-07-20,5,105
Essen,2020-07-21,0,105
Essen,2020-07-22,0,105
Essen,2020-07-23,1,106
Essen,2020-07-24,0,106
Essen,2020-07-25,1,107
Essen,2020-07-26,2,109
Essen,2020-07-27,0,109
Essen,2020-07-28,1,110
Essen,2020-07-29,0,110
Essen,2020-07-30,2,112
Essen,2020-07-31,0,112
Hemiksem,2020-04-01,0,16
Hemiksem,2020-04-02,2,18
Hemiksem,2020-04-03,1,19
Hemiksem,2020-04-04,1,20
Hemiksem,2020-04-05,3,23
Hemiksem,2020-04-06,2,25
Hemiksem,2020-04-07,0,25
Hemiksem,2020-04-08,1,26
Hemiksem,2020-04-09,3,29
Hemiksem,2020-04-10,0,29
Hemiksem,2020-04-11,1,30
Hemiksem,2020-04-12,2,32
Hemiksem,2020-04-13,2,34
Hemiksem,2020-04-14,0,34
Hemiksem,2020-04-15,0,34
Hemiksem,2020-04-16,2,36
Hemiksem,2020-04-17,0,36
Hemiksem,2020-04-18,1,37
Hemiksem,2020-04-19,0,37
Hemiksem,2020-04-20,1,38
Hemiksem,2020-04-21,2,40
Hemiksem,2020-04-22,1,41
Hemiksem,2020-04-23,0,41
Hemiksem,2020-04-24,0,41
Hemiksem,2020-04-25,0,41
Hemiksem,2020-04-26,1,42
Hemiksem,2020-04-27,1,43
Hemiksem,2020-04-28,0,43
Hemiksem,2020-04-29,0,43
Hemiksem,2020-04-30,0,43
Hemiksem,2020-05-01,1,44
Hemiksem,2020-05-02,1,45
Hemiksem,2020-05-03,0,45
Hemiksem,2020-05-04,0,45
Hemiksem,2020-05-05,0,45
Hemiksem,2020-05-06,1,46
Hemiksem,2020-05-07,1,47
Hemiksem,2020-05-08,1,48
Hemiksem,2020-05-09,0,48
Hemiksem,2020-05-10,1,49
Hemiksem,2020-05-11,0,49
Hemiksem,2020-05-12,0,49
Hemiksem,2020-05-13,1,50
Hemiksem,2020-05-14,0,50
Hemiksem,2020-05-15,1,51
Hemiksem,2020-05-16,1,52
Hemiksem,2020-05-17,0,52
Hemiksem,2020-05-18,0,52
Hemiksem,2020-05-19,0,52
Hemiksem,2020-05-20,0,52
Hemiksem,2020-05-21,1,53
Hemiksem,2020-05-22,0,53
Hemiksem,2020-05-23,0,53
Hemiksem,2020-05-24,0,53
Hemiksem,2020-05-25,0,53
Hemiksem,2020-05-26,0,53
Hemiksem,2020-05-27,0,53
Hemiksem,2020-05-28,0,53
Hemiksem,2020-05-29,0,53
Hemiksem,2020-05-30,0,53
Hemiksem,2020-05-31,0,53
Hemiksem,2020-06-01,0,53
Hemiksem,2020-06-02,0,53
Hemiksem,2020-06-03,1,54
Hemiksem,2020-06-04,1,55
Hemiksem,2020-06-05,0,55
Hemiksem,2020-06-06,0,55
Hemiksem,2020-06-07,1,56
Hemiksem,2020-06-08,0,56
Hemiksem,2020-06-09,0,56
Hemiksem,2020-06-10,0,56
Hemiksem,2020-06-11,0,56
Hemiksem,2020-06-12,0,56
Hemiksem,2020-06-13,0,56
Hemiksem,2020-06-14,0,56
Hemiksem,2020-06-15,0,56
Hemiksem,2020-06-16,0,56
Hemiksem,2020-06-17,0,56
Hemiksem,2020-06-18,0,56
Hemiksem,2020-06-19,0,56
Hemiksem,2020-06-20,0,56
Hemiksem,2020-06-23,1,57
Hemiksem,2020-06-24,0,57
Hemiksem,2020-06-25,0,57
Hemiksem,2020-06-26,0,57
Hemiksem,2020-06-27,0,57
Hemiksem,2020-06-30,0,57
Hemiksem,2020-07-01,0,57
Hemiksem,2020-07-02,0,57
Hemiksem,2020-07-03,0,57
Hemiksem,2020-07-04,0,57
Hemiksem,2020-07-07,0,57
Hemiksem,2020-07-08,0,57
Hemiksem,2020-07-09,0,57
Hemiksem,2020-07-10,0,57
Hemiksem,2020-07-11,0,57
Hemiksem,2020-07-14,1,58
Hemiksem,2020-07-15,0,58
Hemiksem,2020-07-16,0,58
Hemiksem,2020-07-17,0,58
Hemiksem,2020-07-18,0,58
Hemiksem,2020-07-20,1,59
Hemiksem,2020-07-21,0,59
Hemiksem,2020-07-22,2,61
Hemiksem,2020-07-23,1,62
Hemiksem,2020-07-24,0,62
Hemiksem,2020-07-25,0,62
Hemiksem,2020-07-26,2,64
Hemiksem,2020-07-27,0,64
Hemiksem,2020-07-28,0,64
Hemiksem,2020-07-29,0,64
Hemiksem,2020-07-30,3,67
Hemiksem,2020-07-31,0,67
Hove (Antwerpen),2020-04-01,1,12
Hove (Antwerpen),2020-04-02,0,12
Hove (Antwerpen),2020-04-03,2,14
Hove (Antwerpen),2020-04-04,0,14
Hove (Antwerpen),2020-04-05,0,14
Hove (Antwerpen),2020-04-06,1,15
Hove (Antwerpen),2020-04-07,0,15
Hove (Antwerpen),2020-04-08,0,15
Hove (Antwerpen),2020-04-09,2,17
Hove (Antwerpen),2020-04-10,0,17
Hove (Antwerpen),2020-04-11,1,18
Hove (Antwerpen),2020-04-12,4,22
Hove (Antwerpen),2020-04-13,1,23
Hove (Antwerpen),2020-04-14,1,24
Hove (Antwerpen),2020-04-15,1,25
Hove (Antwerpen),2020-04-16,1,26
Hove (Antwerpen),2020-04-17,0,26
Hove (Antwerpen),2020-04-18,0,26
Hove (Antwerpen),2020-04-19,0,26
Hove (Antwerpen),2020-04-20,0,26
Hove (Antwerpen),2020-04-21,0,26
Hove (Antwerpen),2020-04-22,1,27
Hove (Antwerpen),2020-04-23,2,29
Hove (Antwerpen),2020-04-24,1,30
Hove (Antwerpen),2020-04-25,1,31
Hove (Antwerpen),2020-04-26,1,32
Hove (Antwerpen),2020-04-27,0,32
Hove (Antwerpen),2020-04-28,0,32
Hove (Antwerpen),2020-04-29,0,32
Hove (Antwerpen),2020-04-30,0,32
Hove (Antwerpen),2020-05-01,0,32
Hove (Antwerpen),2020-05-02,1,33
Hove (Antwerpen),2020-05-03,1,34
Hove (Antwerpen),2020-05-04,1,35
Hove (Antwerpen),2020-05-05,0,35
Hove (Antwerpen),2020-05-06,0,35
Hove (Antwerpen),2020-05-07,15,50
Hove (Antwerpen),2020-05-08,1,51
Hove (Antwerpen),2020-05-09,1,52
Hove (Antwerpen),2020-05-10,2,54
Hove (Antwerpen),2020-05-11,0,54
Hove (Antwerpen),2020-05-12,0,54
Hove (Antwerpen),2020-05-13,1,55
Hove (Antwerpen),2020-05-14,0,55
Hove (Antwerpen),2020-05-15,0,55
Hove (Antwerpen),2020-05-16,0,55
Hove (Antwerpen),2020-05-17,0,55
Hove (Antwerpen),2020-05-18,1,56
Hove (Antwerpen),2020-05-19,0,56
Hove (Antwerpen),2020-05-20,0,56
Hove (Antwerpen),2020-05-21,0,56
Hove (Antwerpen),2020-05-22,0,56
Hove (Antwerpen),2020-05-23,0,56
Hove (Antwerpen),2020-05-24,0,56
Hove (Antwerpen),2020-05-25,1,57
Hove (Antwerpen),2020-05-26,0,57
Hove (Antwerpen),2020-05-27,0,57
Hove (Antwerpen),2020-05-28,0,57
Hove (Antwerpen),2020-05-29,0,57
Hove (Antwerpen),2020-05-30,0,57
Hove (Antwerpen),2020-05-31,0,57
Hove (Antwerpen),2020-06-01,0,57
Hove (Antwerpen),2020-06-02,0,57
Hove (Antwerpen),2020-06-03,0,57
Hove (Antwerpen),2020-06-04,0,57
Hove (Antwerpen),2020-06-05,0,57
Hove (Antwerpen),2020-06-06,1,58
Hove (Antwerpen),2020-06-07,0,58
Hove (Antwerpen),2020-06-08,0,58
Hove (Antwerpen),2020-06-09,0,58
Hove (Antwerpen),2020-06-10,0,58
Hove (Antwerpen),2020-06-11,0,58
Hove (Antwerpen),2020-06-12,0,58
Hove (Antwerpen),2020-06-13,0,58
Hove (Antwerpen),2020-06-14,0,58
Hove (Antwerpen),2020-06-15,0,58
Hove (Antwerpen),2020-06-16,0,58
Hove (Antwerpen),2020-06-17,0,58
Hove (Antwerpen),2020-06-18,0,58
Hove (Antwerpen),2020-06-19,0,58
Hove (Antwerpen),2020-06-20,0,58
Hove (Antwerpen),2020-06-23,0,58
Hove (Antwerpen),2020-06-24,0,58
Hove (Antwerpen),2020-06-25,0,58
Hove (Antwerpen),2020-06-26,0,58
Hove (Antwerpen),2020-06-27,0,58
Hove (Antwerpen),2020-06-30,0,58
Hove (Antwerpen),2020-07-01,0,58
Hove (Antwerpen),2020-07-02,0,58
Hove (Antwerpen),2020-07-03,0,58
Hove (Antwerpen),2020-07-04,0,58
Hove (Antwerpen),2020-07-07,0,58
Hove (Antwerpen),2020-07-08,0,58
Hove (Antwerpen),2020-07-09,1,59
Hove (Antwerpen),2020-07-10,0,59
Hove (Antwerpen),2020-07-11,0,59
Hove (Antwerpen),2020-07-14,0,59
Hove (Antwerpen),2020-07-15,1,60
Hove (Antwerpen),2020-07-16,0,60
Hove (Antwerpen),2020-07-17,0,60
Hove (Antwerpen),2020-07-18,1,61
Hove (Antwerpen),2020-07-20,0,61
Hove (Antwerpen),2020-07-21,0,61
Hove (Antwerpen),2020-07-22,0,61
Hove (Antwerpen),2020-07-23,0,61
Hove (Antwerpen),2020-07-24,0,61
Hove (Antwerpen),2020-07-25,0,61
Hove (Antwerpen),2020-07-26,0,61
Hove (Antwerpen),2020-07-27,0,61
Hove (Antwerpen),2020-07-28,1,62
Hove (Antwerpen),2020-07-29,0,62
Hove (Antwerpen),2020-07-30,1,63
Hove (Antwerpen),2020-07-31,1,64
Kalmthout,2020-04-01,0,12
Kalmthout,2020-04-02,0,12
Kalmthout,2020-04-03,2,14
Kalmthout,2020-04-04,2,16
Kalmthout,2020-04-05,0,16
Kalmthout,2020-04-06,2,18
Kalmthout,2020-04-07,2,20
Kalmthout,2020-04-08,1,21
Kalmthout,2020-04-09,1,22
Kalmthout,2020-04-10,2,24
Kalmthout,2020-04-11,1,25
Kalmthout,2020-04-12,3,28
Kalmthout,2020-04-13,0,28
Kalmthout,2020-04-14,2,30
Kalmthout,2020-04-15,3,33
Kalmthout,2020-04-16,0,33
Kalmthout,2020-04-17,2,35
Kalmthout,2020-04-18,4,39
Kalmthout,2020-04-19,9,48
Kalmthout,2020-04-20,1,49
Kalmthout,2020-04-21,5,54
Kalmthout,2020-04-22,0,54
Kalmthout,2020-04-23,6,60
Kalmthout,2020-04-24,0,60
Kalmthout,2020-04-25,1,61
Kalmthout,2020-04-26,1,62
Kalmthout,2020-04-27,1,63
Kalmthout,2020-04-28,4,67
Kalmthout,2020-04-29,2,69
Kalmthout,2020-04-30,2,71
Kalmthout,2020-05-01,0,71
Kalmthout,2020-05-02,3,74
Kalmthout,2020-05-03,0,74
Kalmthout,2020-05-04,1,75
Kalmthout,2020-05-05,0,75
Kalmthout,2020-05-06,2,77
Kalmthout,2020-05-07,2,79
Kalmthout,2020-05-08,2,81
Kalmthout,2020-05-09,4,85
Kalmthout,2020-05-10,3,88
Kalmthout,2020-05-11,0,88
Kalmthout,2020-05-12,5,93
Kalmthout,2020-05-13,1,94
Kalmthout,2020-05-14,2,96
Kalmthout,2020-05-15,2,98
Kalmthout,2020-05-16,1,99
Kalmthout,2020-05-17,2,101
Kalmthout,2020-05-18,2,103
Kalmthout,2020-05-19,1,104
Kalmthout,2020-05-20,0,104
Kalmthout,2020-05-21,1,105
Kalmthout,2020-05-22,1,106
Kalmthout,2020-05-23,1,107
Kalmthout,2020-05-24,0,107
Kalmthout,2020-05-25,2,109
Kalmthout,2020-05-26,2,111
Kalmthout,2020-05-27,0,111
Kalmthout,2020-05-28,-1,110
Kalmthout,2020-05-29,0,110
Kalmthout,2020-05-30,0,110
Kalmthout,2020-05-31,0,110
Kalmthout,2020-06-01,0,110
Kalmthout,2020-06-02,0,110
Kalmthout,2020-06-03,1,111
Kalmthout,2020-06-04,0,111
Kalmthout,2020-06-05,0,111
Kalmthout,2020-06-06,0,111
Kalmthout,2020-06-07,0,111
Kalmthout,2020-06-08,0,111
Kalmthout,2020-06-09,0,111
Kalmthout,2020-06-10,0,111
Kalmthout,2020-06-11,0,111
Kalmthout,2020-06-12,0,111
Kalmthout,2020-06-13,0,111
Kalmthout,2020-06-14,0,111
Kalmthout,2020-06-15,0,111
Kalmthout,2020-06-16,0,111
Kalmthout,2020-06-17,0,111
Kalmthout,2020-06-18,0,111
Kalmthout,2020-06-19,1,112
Kalmthout,2020-06-20,0,112
Kalmthout,2020-06-23,0,112
Kalmthout,2020-06-24,0,112
Kalmthout,2020-06-25,0,112
Kalmthout,2020-06-26,0,112
Kalmthout,2020-06-27,0,112
Kalmthout,2020-06-30,1,113
Kalmthout,2020-07-01,0,113
Kalmthout,2020-07-02,0,113
Kalmthout,2020-07-03,0,113
Kalmthout,2020-07-04,0,113
Kalmthout,2020-07-07,0,113
Kalmthout,2020-07-08,1,114
Kalmthout,2020-07-09,2,116
Kalmthout,2020-07-10,0,116
Kalmthout,2020-07-11,0,116
Kalmthout,2020-07-14,1,117
Kalmthout,2020-07-15,0,117
Kalmthout,2020-07-16,0,117
Kalmthout,2020-07-17,0,117
Kalmthout,2020-07-18,0,117
Kalmthout,2020-07-20,1,118
Kalmthout,2020-07-21,0,118
Kalmthout,2020-07-22,0,118
Kalmthout,2020-07-23,2,120
Kalmthout,2020-07-24,0,120
Kalmthout,2020-07-25,0,120
Kalmthout,2020-07-26,3,123
Kalmthout,2020-07-27,0,123
Kalmthout,2020-07-28,0,123
Kalmthout,2020-07-29,0,123
Kalmthout,2020-07-30,0,123
Kalmthout,2020-07-31,0,123
Kapellen (Antwerpen),2020-04-01,1,19
Kapellen (Antwerpen),2020-04-02,0,19
Kapellen (Antwerpen),2020-04-03,4,23
Kapellen (Antwerpen),2020-04-04,4,27
Kapellen (Antwerpen),2020-04-05,4,31
Kapellen (Antwerpen),2020-04-06,3,34
Kapellen (Antwerpen),2020-04-07,1,35
Kapellen (Antwerpen),2020-04-08,2,37
Kapellen (Antwerpen),2020-04-09,2,39
Kapellen (Antwerpen),2020-04-10,4,43
Kapellen (Antwerpen),2020-04-11,0,43
Kapellen (Antwerpen),2020-04-12,2,45
Kapellen (Antwerpen),2020-04-13,1,46
Kapellen (Antwerpen),2020-04-14,0,46
Kapellen (Antwerpen),2020-04-15,2,48
Kapellen (Antwerpen),2020-04-16,2,50
Kapellen (Antwerpen),2020-04-17,1,51
Kapellen (Antwerpen),2020-04-18,2,53
Kapellen (Antwerpen),2020-04-19,1,54
Kapellen (Antwerpen),2020-04-20,2,56
Kapellen (Antwerpen),2020-04-21,4,60
Kapellen (Antwerpen),2020-04-22,4,64
Kapellen (Antwerpen),2020-04-23,5,69
Kapellen (Antwerpen),2020-04-24,2,71
Kapellen (Antwerpen),2020-04-25,3,74
Kapellen (Antwerpen),2020-04-26,1,75
Kapellen (Antwerpen),2020-04-27,3,78
Kapellen (Antwerpen),2020-04-28,2,80
Kapellen (Antwerpen),2020-04-29,0,80
Kapellen (Antwerpen),2020-04-30,1,81
Kapellen (Antwerpen),2020-05-01,3,84
Kapellen (Antwerpen),2020-05-02,3,87
Kapellen (Antwerpen),2020-05-03,0,87
Kapellen (Antwerpen),2020-05-04,15,102
Kapellen (Antwerpen),2020-05-05,3,105
Kapellen (Antwerpen),2020-05-06,2,107
Kapellen (Antwerpen),2020-05-07,3,110
Kapellen (Antwerpen),2020-05-08,11,121
Kapellen (Antwerpen),2020-05-09,7,128
Kapellen (Antwerpen),2020-05-10,0,128
Kapellen (Antwerpen),2020-05-11,2,130
Kapellen (Antwerpen),2020-05-12,0,130
Kapellen (Antwerpen),2020-05-13,0,130
Kapellen (Antwerpen),2020-05-14,0,130
Kapellen (Antwerpen),2020-05-15,3,133
Kapellen (Antwerpen),2020-05-16,2,135
Kapellen (Antwerpen),2020-05-17,1,136
Kapellen (Antwerpen),2020-05-18,0,136
Kapellen (Antwerpen),2020-05-19,0,136
Kapellen (Antwerpen),2020-05-20,1,137
Kapellen (Antwerpen),2020-05-21,4,141
Kapellen (Antwerpen),2020-05-22,0,141
Kapellen (Antwerpen),2020-05-23,6,147
Kapellen (Antwerpen),2020-05-24,3,150
Kapellen (Antwerpen),2020-05-25,1,151
Kapellen (Antwerpen),2020-05-26,0,151
Kapellen (Antwerpen),2020-05-27,0,151
Kapellen (Antwerpen),2020-05-28,1,152
Kapellen (Antwerpen),2020-05-29,2,154
Kapellen (Antwerpen),2020-05-30,0,154
Kapellen (Antwerpen),2020-05-31,0,154
Kapellen (Antwerpen),2020-06-01,0,154
Kapellen (Antwerpen),2020-06-02,2,156
Kapellen (Antwerpen),2020-06-03,0,156
Kapellen (Antwerpen),2020-06-04,0,156
Kapellen (Antwerpen),2020-06-05,0,156
Kapellen (Antwerpen),2020-06-06,1,157
Kapellen (Antwerpen),2020-06-07,0,157
Kapellen (Antwerpen),2020-06-08,0,157
Kapellen (Antwerpen),2020-06-09,0,157
Kapellen (Antwerpen),2020-06-10,0,157
Kapellen (Antwerpen),2020-06-11,0,157
Kapellen (Antwerpen),2020-06-12,0,157
Kapellen (Antwerpen),2020-06-13,0,157
Kapellen (Antwerpen),2020-06-14,0,157
Kapellen (Antwerpen),2020-06-15,0,157
Kapellen (Antwerpen),2020-06-16,0,157
Kapellen (Antwerpen),2020-06-17,0,157
Kapellen (Antwerpen),2020-06-18,0,157
Kapellen (Antwerpen),2020-06-19,0,157
Kapellen (Antwerpen),2020-06-20,0,157
Kapellen (Antwerpen),2020-06-23,0,157
Kapellen (Antwerpen),2020-06-24,1,158
Kapellen (Antwerpen),2020-06-25,0,158
Kapellen (Antwerpen),2020-06-26,0,158
Kapellen (Antwerpen),2020-06-27,1,159
Kapellen (Antwerpen),2020-06-30,1,160
Kapellen (Antwerpen),2020-07-01,0,160
Kapellen (Antwerpen),2020-07-02,0,160
Kapellen (Antwerpen),2020-07-03,1,161
Kapellen (Antwerpen),2020-07-04,0,161
Kapellen (Antwerpen),2020-07-07,3,164
Kapellen (Antwerpen),2020-07-08,0,164
Kapellen (Antwerpen),2020-07-09,0,164
Kapellen (Antwerpen),2020-07-10,0,164
Kapellen (Antwerpen),2020-07-11,0,164
Kapellen (Antwerpen),2020-07-14,0,164
Kapellen (Antwerpen),2020-07-15,0,164
Kapellen (Antwerpen),2020-07-16,2,166
Kapellen (Antwerpen),2020-07-17,0,166
Kapellen (Antwerpen),2020-07-18,0,166
Kapellen (Antwerpen),2020-07-20,0,166
Kapellen (Antwerpen),2020-07-21,0,166
Kapellen (Antwerpen),2020-07-22,0,166
Kapellen (Antwerpen),2020-07-23,0,166
Kapellen (Antwerpen),2020-07-24,1,167
Kapellen (Antwerpen),2020-07-25,0,167
Kapellen (Antwerpen),2020-07-26,1,168
Kapellen (Antwerpen),2020-07-27,0,168
Kapellen (Antwerpen),2020-07-28,0,168
Kapellen (Antwerpen),2020-07-29,0,168
Kapellen (Antwerpen),2020-07-30,4,172
Kapellen (Antwerpen),2020-07-31,5,177
Kontich,2020-04-01,0,19
Kontich,2020-04-02,0,19
Kontich,2020-04-03,1,20
Kontich,2020-04-04,0,20
Kontich,2020-04-05,3,23
Kontich,2020-04-06,0,23
Kontich,2020-04-07,0,23
Kontich,2020-04-08,2,25
Kontich,2020-04-09,0,25
Kontich,2020-04-10,0,25
Kontich,2020-04-11,0,25
Kontich,2020-04-12,3,28
Kontich,2020-04-13,0,28
Kontich,2020-04-14,3,31
Kontich,2020-04-15,1,32
Kontich,2020-04-16,4,36
Kontich,2020-04-17,0,36
Kontich,2020-04-18,0,36
Kontich,2020-04-19,0,36
Kontich,2020-04-20,0,36
Kontich,2020-04-21,0,36
Kontich,2020-04-22,1,37
Kontich,2020-04-23,0,37
Kontich,2020-04-24,1,38
Kontich,2020-04-25,1,39
Kontich,2020-04-26,0,39
Kontich,2020-04-27,1,40
Kontich,2020-04-28,0,40
Kontich,2020-04-29,0,40
Kontich,2020-04-30,2,42
Kontich,2020-05-01,0,42
Kontich,2020-05-02,0,42
Kontich,2020-05-03,1,43
Kontich,2020-05-04,0,43
Kontich,2020-05-05,1,44
Kontich,2020-05-06,0,44
Kontich,2020-05-07,2,46
Kontich,2020-05-08,1,47
Kontich,2020-05-09,2,49
Kontich,2020-05-10,0,49
Kontich,2020-05-11,0,49
Kontich,2020-05-12,1,50
Kontich,2020-05-13,0,50
Kontich,2020-05-14,0,50
Kontich,2020-05-15,0,50
Kontich,2020-05-16,0,50
Kontich,2020-05-17,2,52
Kontich,2020-05-18,0,52
Kontich,2020-05-19,0,52
Kontich,2020-05-20,0,52
Kontich,2020-05-21,1,53
Kontich,2020-05-22,0,53
Kontich,2020-05-23,0,53
Kontich,2020-05-24,0,53
Kontich,2020-05-25,0,53
Kontich,2020-05-26,0,53
Kontich,2020-05-27,0,53
Kontich,2020-05-28,1,54
Kontich,2020-05-29,0,54
Kontich,2020-05-30,1,55
Kontich,2020-05-31,0,55
Kontich,2020-06-01,0,55
Kontich,2020-06-02,0,55
Kontich,2020-06-03,0,55
Kontich,2020-06-04,0,55
Kontich,2020-06-05,0,55
Kontich,2020-06-06,0,55
Kontich,2020-06-07,0,55
Kontich,2020-06-08,0,55
Kontich,2020-06-09,0,55
Kontich,2020-06-10,0,55
Kontich,2020-06-11,0,55
Kontich,2020-06-12,0,55
Kontich,2020-06-13,0,55
Kontich,2020-06-14,0,55
Kontich,2020-06-15,0,55
Kontich,2020-06-16,0,55
Kontich,2020-06-17,1,56
Kontich,2020-06-18,0,56
Kontich,2020-06-19,0,56
Kontich,2020-06-20,1,57
Kontich,2020-06-23,0,57
Kontich,2020-06-24,0,57
Kontich,2020-06-25,0,57
Kontich,2020-06-26,0,57
Kontich,2020-06-27,0,57
Kontich,2020-06-30,0,57
Kontich,2020-07-01,0,57
Kontich,2020-07-02,0,57
Kontich,2020-07-03,0,57
Kontich,2020-07-04,1,58
Kontich,2020-07-07,1,59
Kontich,2020-07-08,0,59
Kontich,2020-07-09,1,60
Kontich,2020-07-10,0,60
Kontich,2020-07-11,0,60
Kontich,2020-07-14,0,60
Kontich,2020-07-15,0,60
Kontich,2020-07-16,1,61
Kontich,2020-07-17,2,63
Kontich,2020-07-18,1,64
Kontich,2020-07-20,5,69
Kontich,2020-07-21,5,74
Kontich,2020-07-22,1,75
Kontich,2020-07-23,1,76
Kontich,2020-07-24,1,77
Kontich,2020-07-25,1,78
Kontich,2020-07-26,4,82
Kontich,2020-07-27,0,82
Kontich,2020-07-28,4,86
Kontich,2020-07-29,1,87
Kontich,2020-07-30,2,89
Kontich,2020-07-31,0,89
Lint,2020-04-01,0,7
Lint,2020-04-02,1,8
Lint,2020-04-03,1,9
Lint,2020-04-04,0,9
Lint,2020-04-05,0,9
Lint,2020-04-06,0,9
Lint,2020-04-07,0,9
Lint,2020-04-08,0,9
Lint,2020-04-09,0,9
Lint,2020-04-10,2,11
Lint,2020-04-11,0,11
Lint,2020-04-12,0,11
Lint,2020-04-13,0,11
Lint,2020-04-14,0,11
Lint,2020-04-15,0,11
Lint,2020-04-16,0,11
Lint,2020-04-17,1,12
Lint,2020-04-18,0,12
Lint,2020-04-19,1,13
Lint,2020-04-20,0,13
Lint,2020-04-21,0,13
Lint,2020-04-22,0,13
Lint,2020-04-23,1,14
Lint,2020-04-24,1,15
Lint,2020-04-25,0,15
Lint,2020-04-26,3,18
Lint,2020-04-27,1,19
Lint,2020-04-28,0,19
Lint,2020-04-29,0,19
Lint,2020-04-30,0,19
Lint,2020-05-01,0,19
Lint,2020-05-02,0,19
Lint,2020-05-03,0,19
Lint,2020-05-04,0,19
Lint,2020-05-05,0,19
Lint,2020-05-06,0,19
Lint,2020-05-07,0,19
Lint,2020-05-08,1,20
Lint,2020-05-09,0,20
Lint,2020-05-10,0,20
Lint,2020-05-11,0,20
Lint,2020-05-12,0,20
Lint,2020-05-13,0,20
Lint,2020-05-14,0,20
Lint,2020-05-15,0,20
Lint,2020-05-16,0,20
Lint,2020-05-17,0,20
Lint,2020-05-18,0,20
Lint,2020-05-19,0,20
Lint,2020-05-20,0,20
Lint,2020-05-21,0,20
Lint,2020-05-22,0,20
Lint,2020-05-23,0,20
Lint,2020-05-24,0,20
Lint,2020-05-25,0,20
Lint,2020-05-26,0,20
Lint,2020-05-27,0,20
Lint,2020-05-28,0,20
Lint,2020-05-29,0,20
Lint,2020-05-30,0,20
Lint,2020-05-31,0,20
Lint,2020-06-01,0,20
Lint,2020-06-02,0,20
Lint,2020-06-03,0,20
Lint,2020-06-04,0,20
Lint,2020-06-05,0,20
Lint,2020-06-06,0,20
Lint,2020-06-07,0,20
Lint,2020-06-08,0,20
Lint,2020-06-09,0,20
Lint,2020-06-10,0,20
Lint,2020-06-11,0,20
Lint,2020-06-12,0,20
Lint,2020-06-13,0,20
Lint,2020-06-14,0,20
Lint,2020-06-15,0,20
Lint,2020-06-16,0,20
Lint,2020-06-17,1,21
Lint,2020-06-18,0,21
Lint,2020-06-19,0,21
Lint,2020-06-20,0,21
Lint,2020-06-23,1,22
Lint,2020-06-24,0,22
Lint,2020-06-25,0,22
Lint,2020-06-26,0,22
Lint,2020-06-27,0,22
Lint,2020-06-30,0,22
Lint,2020-07-01,0,22
Lint,2020-07-02,0,22
Lint,2020-07-03,0,22
Lint,2020-07-04,0,22
Lint,2020-07-07,0,22
Lint,2020-07-08,0,22
Lint,2020-07-09,0,22
Lint,2020-07-10,0,22
Lint,2020-07-11,0,22
Lint,2020-07-14,1,23
Lint,2020-07-15,0,23
Lint,2020-07-16,0,23
Lint,2020-07-17,0,23
Lint,2020-07-18,1,24
Lint,2020-07-20,1,25
Lint,2020-07-21,4,29
Lint,2020-07-22,4,33
Lint,2020-07-23,0,33
Lint,2020-07-24,0,33
Lint,2020-07-25,1,34
Lint,2020-07-26,2,36
Lint,2020-07-27,0,36
Lint,2020-07-28,3,39
Lint,2020-07-29,0,39
Lint,2020-07-30,2,41
Lint,2020-07-31,1,42
Mortsel,2020-04-01,1,28
Mortsel,2020-04-02,1,29
Mortsel,2020-04-03,3,32
Mortsel,2020-04-04,0,32
Mortsel,2020-04-05,2,34
Mortsel,2020-04-06,2,36
Mortsel,2020-04-07,1,37
Mortsel,2020-04-08,0,37
Mortsel,2020-04-09,5,42
Mortsel,2020-04-10,4,46
Mortsel,2020-04-11,1,47
Mortsel,2020-04-12,1,48
Mortsel,2020-04-13,0,48
Mortsel,2020-04-14,2,50
Mortsel,2020-04-15,0,50
Mortsel,2020-04-16,4,54
Mortsel,2020-04-17,2,56
Mortsel,2020-04-18,5,61
Mortsel,2020-04-19,1,62
Mortsel,2020-04-20,0,62
Mortsel,2020-04-21,0,62
Mortsel,2020-04-22,1,63
Mortsel,2020-04-23,10,73
Mortsel,2020-04-24,4,77
Mortsel,2020-04-25,2,79
Mortsel,2020-04-26,0,79
Mortsel,2020-04-27,0,79
Mortsel,2020-04-28,0,79
Mortsel,2020-04-29,1,80
Mortsel,2020-04-30,2,82
Mortsel,2020-05-01,4,86
Mortsel,2020-05-02,0,86
Mortsel,2020-05-03,2,88
Mortsel,2020-05-04,2,90
Mortsel,2020-05-05,0,90
Mortsel,2020-05-06,1,91
Mortsel,2020-05-07,4,95
Mortsel,2020-05-08,2,97
Mortsel,2020-05-09,1,98
Mortsel,2020-05-10,1,99
Mortsel,2020-05-11,1,100
Mortsel,2020-05-12,0,100
Mortsel,2020-05-13,0,100
Mortsel,2020-05-14,0,100
Mortsel,2020-05-15,1,101
Mortsel,2020-05-16,0,101
Mortsel,2020-05-17,0,101
Mortsel,2020-05-18,0,101
Mortsel,2020-05-19,0,101
Mortsel,2020-05-20,1,102
Mortsel,2020-05-21,0,102
Mortsel,2020-05-22,2,104
Mortsel,2020-05-23,0,104
Mortsel,2020-05-24,0,104
Mortsel,2020-05-25,3,107
Mortsel,2020-05-26,0,107
Mortsel,2020-05-27,0,107
Mortsel,2020-05-28,0,107
Mortsel,2020-05-29,0,107
Mortsel,2020-05-30,0,107
Mortsel,2020-05-31,2,109
Mortsel,2020-06-01,0,109
Mortsel,2020-06-02,0,109
Mortsel,2020-06-03,0,109
Mortsel,2020-06-04,0,109
Mortsel,2020-06-05,0,109
Mortsel,2020-06-06,0,109
Mortsel,2020-06-07,0,109
Mortsel,2020-06-08,0,109
Mortsel,2020-06-09,0,109
Mortsel,2020-06-10,0,109
Mortsel,2020-06-11,0,109
Mortsel,2020-06-12,0,109
Mortsel,2020-06-13,0,109
Mortsel,2020-06-14,0,109
Mortsel,2020-06-15,0,109
Mortsel,2020-06-16,0,109
Mortsel,2020-06-17,0,109
Mortsel,2020-06-18,0,109
Mortsel,2020-06-19,0,109
Mortsel,2020-06-20,0,109
Mortsel,2020-06-23,1,110
Mortsel,2020-06-24,0,110
Mortsel,2020-06-25,0,110
Mortsel,2020-06-26,0,110
Mortsel,2020-06-27,0,110
Mortsel,2020-06-30,2,112
Mortsel,2020-07-01,0,112
Mortsel,2020-07-02,1,113
Mortsel,2020-07-03,1,114
Mortsel,2020-07-04,0,114
Mortsel,2020-07-07,2,116
Mortsel,2020-07-08,0,116
Mortsel,2020-07-09,0,116
Mortsel,2020-07-10,1,117
Mortsel,2020-07-11,1,118
Mortsel,2020-07-14,1,119
Mortsel,2020-07-15,1,120
Mortsel,2020-07-16,1,121
Mortsel,2020-07-17,0,121
Mortsel,2020-07-18,2,123
Mortsel,2020-07-20,2,125
Mortsel,2020-07-21,0,125
Mortsel,2020-07-22,0,125
Mortsel,2020-07-23,0,125
Mortsel,2020-07-24,1,126
Mortsel,2020-07-25,0,126
Mortsel,2020-07-26,11,137
Mortsel,2020-07-27,1,138
Mortsel,2020-07-28,1,139
Mortsel,2020-07-29,2,141
Mortsel,2020-07-30,5,146
Mortsel,2020-07-31,0,146
Niel,2020-04-01,5,5
Niel,2020-04-02,0,5
Niel,2020-04-03,3,8
Niel,2020-04-04,0,8
Niel,2020-04-05,2,10
Niel,2020-04-06,0,10
Niel,2020-04-07,0,10
Niel,2020-04-08,0,10
Niel,2020-04-09,0,10
Niel,2020-04-10,1,11
Niel,2020-04-11,2,13
Niel,2020-04-12,0,13
Niel,2020-04-13,0,13
Niel,2020-04-14,0,13
Niel,2020-04-15,0,13
Niel,2020-04-16,1,14
Niel,2020-04-17,1,15
Niel,2020-04-18,1,16
Niel,2020-04-19,0,16
Niel,2020-04-20,0,16
Niel,2020-04-21,1,17
Niel,2020-04-22,2,19
Niel,2020-04-23,1,20
Niel,2020-04-24,2,22
Niel,2020-04-25,0,22
Niel,2020-04-26,1,23
Niel,2020-04-27,1,24
Niel,2020-04-28,0,24
Niel,2020-04-29,0,24
Niel,2020-04-30,1,25
Niel,2020-05-01,1,26
Niel,2020-05-02,0,26
Niel,2020-05-03,0,26
Niel,2020-05-04,0,26
Niel,2020-05-05,3,29
Niel,2020-05-06,2,31
Niel,2020-05-07,0,31
Niel,2020-05-08,2,33
Niel,2020-05-09,1,34
Niel,2020-05-10,3,37
Niel,2020-05-11,0,37
Niel,2020-05-12,0,37
Niel,2020-05-13,0,37
Niel,2020-05-14,0,37
Niel,2020-05-15,0,37
Niel,2020-05-16,0,37
Niel,2020-05-17,0,37
Niel,2020-05-18,0,37
Niel,2020-05-19,0,37
Niel,2020-05-20,0,37
Niel,2020-05-21,1,38
Niel,2020-05-22,0,38
Niel,2020-05-23,0,38
Niel,2020-05-24,1,39
Niel,2020-05-25,0,39
Niel,2020-05-26,1,40
Niel,2020-05-27,0,40
Niel,2020-05-28,0,40
Niel,2020-05-29,0,40
Niel,2020-05-30,0,40
Niel,2020-05-31,0,40
Niel,2020-06-01,0,40
Niel,2020-06-02,0,40
Niel,2020-06-03,0,40
Niel,2020-06-04,0,40
Niel,2020-06-05,0,40
Niel,2020-06-06,0,40
Niel,2020-06-07,0,40
Niel,2020-06-08,1,41
Niel,2020-06-09,0,41
Niel,2020-06-10,0,41
Niel,2020-06-11,0,41
Niel,2020-06-12,0,41
Niel,2020-06-13,0,41
Niel,2020-06-14,0,41
Niel,2020-06-15,0,41
Niel,2020-06-16,1,42
Niel,2020-06-17,0,42
Niel,2020-06-18,0,42
Niel,2020-06-19,0,42
Niel,2020-06-20,0,42
Niel,2020-06-23,0,42
Niel,2020-06-24,0,42
Niel,2020-06-25,0,42
Niel,2020-06-26,0,42
Niel,2020-06-27,0,42
Niel,2020-06-30,0,42
Niel,2020-07-01,0,42
Niel,2020-07-02,0,42
Niel,2020-07-03,0,42
Niel,2020-07-04,0,42
Niel,2020-07-07,0,42
Niel,2020-07-08,1,43
Niel,2020-07-09,0,43
Niel,2020-07-10,0,43
Niel,2020-07-11,0,43
Niel,2020-07-14,0,43
Niel,2020-07-15,0,43
Niel,2020-07-16,0,43
Niel,2020-07-17,1,44
Niel,2020-07-18,0,44
Niel,2020-07-20,0,44
Niel,2020-07-21,1,45
Niel,2020-07-22,0,45
Niel,2020-07-23,0,45
Niel,2020-07-24,0,45
Niel,2020-07-25,0,45
Niel,2020-07-26,4,49
Niel,2020-07-27,2,51
Niel,2020-07-28,0,51
Niel,2020-07-29,1,52
Niel,2020-07-30,4,56
Niel,2020-07-31,0,56
Ranst,2020-04-01,2,17
Ranst,2020-04-02,1,18
Ranst,2020-04-03,2,20
Ranst,2020-04-04,1,21
Ranst,2020-04-05,1,22
Ranst,2020-04-06,1,23
Ranst,2020-04-07,1,24
Ranst,2020-04-08,1,25
Ranst,2020-04-09,4,29
Ranst,2020-04-10,0,29
Ranst,2020-04-11,0,29
Ranst,2020-04-12,1,30
Ranst,2020-04-13,0,30
Ranst,2020-04-14,0,30
Ranst,2020-04-15,0,30
Ranst,2020-04-16,0,30
Ranst,2020-04-17,1,31
Ranst,2020-04-18,1,32
Ranst,2020-04-19,0,32
Ranst,2020-04-20,0,32
Ranst,2020-04-21,1,33
Ranst,2020-04-22,1,34
Ranst,2020-04-23,0,34
Ranst,2020-04-24,1,35
Ranst,2020-04-25,1,36
Ranst,2020-04-26,1,37
Ranst,2020-04-27,0,37
Ranst,2020-04-28,0,37
Ranst,2020-04-29,0,37
Ranst,2020-04-30,1,38
Ranst,2020-05-01,0,38
Ranst,2020-05-02,0,38
Ranst,2020-05-03,0,38
Ranst,2020-05-04,0,38
Ranst,2020-05-05,0,38
Ranst,2020-05-06,0,38
Ranst,2020-05-07,0,38
Ranst,2020-05-08,1,39
Ranst,2020-05-09,0,39
Ranst,2020-05-10,2,41
Ranst,2020-05-11,0,41
Ranst,2020-05-12,1,42
Ranst,2020-05-13,1,43
Ranst,2020-05-14,1,44
Ranst,2020-05-15,0,44
Ranst,2020-05-16,0,44
Ranst,2020-05-17,0,44
Ranst,2020-05-18,1,45
Ranst,2020-05-19,0,45
Ranst,2020-05-20,0,45
Ranst,2020-05-21,0,45
Ranst,2020-05-22,0,45
Ranst,2020-05-23,0,45
Ranst,2020-05-24,1,46
Ranst,2020-05-25,0,46
Ranst,2020-05-26,0,46
Ranst,2020-05-27,0,46
Ranst,2020-05-28,0,46
Ranst,2020-05-29,0,46
Ranst,2020-05-30,0,46
Ranst,2020-05-31,0,46
Ranst,2020-06-01,0,46
Ranst,2020-06-02,1,47
Ranst,2020-06-03,0,47
Ranst,2020-06-04,0,47
Ranst,2020-06-05,0,47
Ranst,2020-06-06,0,47
Ranst,2020-06-07,0,47
Ranst,2020-06-08,0,47
Ranst,2020-06-09,0,47
Ranst,2020-06-10,0,47
Ranst,2020-06-11,0,47
Ranst,2020-06-12,0,47
Ranst,2020-06-13,0,47
Ranst,2020-06-14,1,48
Ranst,2020-06-15,0,48
Ranst,2020-06-16,0,48
Ranst,2020-06-17,0,48
Ranst,2020-06-18,0,48
Ranst,2020-06-19,0,48
Ranst,2020-06-20,0,48
Ranst,2020-06-23,1,49
Ranst,2020-06-24,0,49
Ranst,2020-06-25,0,49
Ranst,2020-06-26,0,49
Ranst,2020-06-27,0,49
Ranst,2020-06-30,0,49
Ranst,2020-07-01,0,49
Ranst,2020-07-02,0,49
Ranst,2020-07-03,0,49
Ranst,2020-07-04,0,49
Ranst,2020-07-07,0,49
Ranst,2020-07-08,0,49
Ranst,2020-07-09,1,50
Ranst,2020-07-10,0,50
Ranst,2020-07-11,0,50
Ranst,2020-07-14,0,50
Ranst,2020-07-15,0,50
Ranst,2020-07-16,0,50
Ranst,2020-07-17,0,50
Ranst,2020-07-18,0,50
Ranst,2020-07-20,3,53
Ranst,2020-07-21,0,53
Ranst,2020-07-22,6,59
Ranst,2020-07-23,3,62
Ranst,2020-07-24,1,63
Ranst,2020-07-25,2,65
Ranst,2020-07-26,5,70
Ranst,2020-07-27,3,73
Ranst,2020-07-28,2,75
Ranst,2020-07-29,6,81
Ranst,2020-07-30,2,83
Ranst,2020-07-31,1,84
Rumst,2020-04-01,1,18
Rumst,2020-04-02,0,18
Rumst,2020-04-03,1,19
Rumst,2020-04-04,3,22
Rumst,2020-04-05,1,23
Rumst,2020-04-06,0,23
Rumst,2020-04-07,1,24
Rumst,2020-04-08,0,24
Rumst,2020-04-09,1,25
Rumst,2020-04-10,1,26
Rumst,2020-04-11,2,28
Rumst,2020-04-12,2,30
Rumst,2020-04-13,7,37
Rumst,2020-04-14,3,40
Rumst,2020-04-15,5,45
Rumst,2020-04-16,3,48
Rumst,2020-04-17,0,48
Rumst,2020-04-18,0,48
Rumst,2020-04-19,1,49
Rumst,2020-04-20,1,50
Rumst,2020-04-21,2,52
Rumst,2020-04-22,4,56
Rumst,2020-04-23,1,57
Rumst,2020-04-24,0,57
Rumst,2020-04-25,0,57
Rumst,2020-04-26,1,58
Rumst,2020-04-27,0,58
Rumst,2020-04-28,0,58
Rumst,2020-04-29,0,58
Rumst,2020-04-30,0,58
Rumst,2020-05-01,0,58
Rumst,2020-05-02,0,58
Rumst,2020-05-03,0,58
Rumst,2020-05-04,3,61
Rumst,2020-05-05,0,61
Rumst,2020-05-06,1,62
Rumst,2020-05-07,1,63
Rumst,2020-05-08,1,64
Rumst,2020-05-09,2,66
Rumst,2020-05-10,1,67
Rumst,2020-05-11,0,67
Rumst,2020-05-12,0,67
Rumst,2020-05-13,0,67
Rumst,2020-05-14,0,67
Rumst,2020-05-15,0,67
Rumst,2020-05-16,0,67
Rumst,2020-05-17,1,68
Rumst,2020-05-18,0,68
Rumst,2020-05-19,0,68
Rumst,2020-05-20,1,69
Rumst,2020-05-21,1,70
Rumst,2020-05-22,1,71
Rumst,2020-05-23,0,71
Rumst,2020-05-24,0,71
Rumst,2020-05-25,0,71
Rumst,2020-05-26,0,71
Rumst,2020-05-27,0,71
Rumst,2020-05-28,0,71
Rumst,2020-05-29,0,71
Rumst,2020-05-30,0,71
Rumst,2020-05-31,0,71
Rumst,2020-06-01,0,71
Rumst,2020-06-02,0,71
Rumst,2020-06-03,0,71
Rumst,2020-06-04,0,71
Rumst,2020-06-05,0,71
Rumst,2020-06-06,0,71
Rumst,2020-06-07,0,71
Rumst,2020-06-08,0,71
Rumst,2020-06-09,0,71
Rumst,2020-06-10,0,71
Rumst,2020-06-11,0,71
Rumst,2020-06-12,0,71
Rumst,2020-06-13,0,71
Rumst,2020-06-14,0,71
Rumst,2020-06-15,0,71
Rumst,2020-06-16,0,71
Rumst,2020-06-17,0,71
Rumst,2020-06-18,0,71
Rumst,2020-06-19,0,71
Rumst,2020-06-20,0,71
Rumst,2020-06-23,0,71
Rumst,2020-06-24,0,71
Rumst,2020-06-25,0,71
Rumst,2020-06-26,0,71
Rumst,2020-06-27,0,71
Rumst,2020-06-30,0,71
Rumst,2020-07-01,0,71
Rumst,2020-07-02,0,71
Rumst,2020-07-03,0,71
Rumst,2020-07-04,0,71
Rumst,2020-07-07,0,71
Rumst,2020-07-08,0,71
Rumst,2020-07-09,0,71
Rumst,2020-07-10,0,71
Rumst,2020-07-11,0,71
Rumst,2020-07-14,0,71
Rumst,2020-07-15,0,71
Rumst,2020-07-16,0,71
Rumst,2020-07-17,0,71
Rumst,2020-07-18,0,71
Rumst,2020-07-20,0,71
Rumst,2020-07-21,0,71
Rumst,2020-07-22,0,71
Rumst,2020-07-23,1,72
Rumst,2020-07-24,1,73
Rumst,2020-07-25,1,74
Rumst,2020-07-26,2,76
Rumst,2020-07-27,0,76
Rumst,2020-07-28,0,76
Rumst,2020-07-29,0,76
Rumst,2020-07-30,0,76
Rumst,2020-07-31,0,76
Schelle,2020-04-01,0,10
Schelle,2020-04-02,2,12
Schelle,2020-04-03,0,12
Schelle,2020-04-04,1,13
Schelle,2020-04-05,1,14
Schelle,2020-04-06,0,14
Schelle,2020-04-07,0,14
Schelle,2020-04-08,0,14
Schelle,2020-04-09,3,17
Schelle,2020-04-10,0,17
Schelle,2020-04-11,0,17
Schelle,2020-04-12,1,18
Schelle,2020-04-13,1,19
Schelle,2020-04-14,0,19
Schelle,2020-04-15,0,19
Schelle,2020-04-16,0,19
Schelle,2020-04-17,0,19
Schelle,2020-04-18,1,20
Schelle,2020-04-19,0,20
Schelle,2020-04-20,0,20
Schelle,2020-04-21,2,22
Schelle,2020-04-22,0,22
Schelle,2020-04-23,1,23
Schelle,2020-04-24,0,23
Schelle,2020-04-25,0,23
Schelle,2020-04-26,1,24
Schelle,2020-04-27,0,24
Schelle,2020-04-28,0,24
Schelle,2020-04-29,0,24
Schelle,2020-04-30,0,24
Schelle,2020-05-01,0,24
Schelle,2020-05-02,1,25
Schelle,2020-05-03,2,27
Schelle,2020-05-04,0,27
Schelle,2020-05-05,1,28
Schelle,2020-05-06,0,28
Schelle,2020-05-07,0,28
Schelle,2020-05-08,0,28
Schelle,2020-05-09,1,29
Schelle,2020-05-10,0,29
Schelle,2020-05-11,0,29
Schelle,2020-05-12,0,29
Schelle,2020-05-13,0,29
Schelle,2020-05-14,0,29
Schelle,2020-05-15,0,29
Schelle,2020-05-16,0,29
Schelle,2020-05-17,0,29
Schelle,2020-05-18,1,30
Schelle,2020-05-19,0,30
Schelle,2020-05-20,0,30
Schelle,2020-05-21,0,30
Schelle,2020-05-22,2,32
Schelle,2020-05-23,0,32
Schelle,2020-05-24,0,32
Schelle,2020-05-25,0,32
Schelle,2020-05-26,0,32
Schelle,2020-05-27,0,32
Schelle,2020-05-28,0,32
Schelle,2020-05-29,0,32
Schelle,2020-05-30,0,32
Schelle,2020-05-31,0,32
Schelle,2020-06-01,0,32
Schelle,2020-06-02,0,32
Schelle,2020-06-03,0,32
Schelle,2020-06-04,0,32
Schelle,2020-06-05,0,32
Schelle,2020-06-06,0,32
Schelle,2020-06-07,0,32
Schelle,2020-06-08,0,32
Schelle,2020-06-09,1,33
Schelle,2020-06-10,0,33
Schelle,2020-06-11,0,33
Schelle,2020-06-12,0,33
Schelle,2020-06-13,0,33
Schelle,2020-06-14,0,33
Schelle,2020-06-15,0,33
Schelle,2020-06-16,0,33
Schelle,2020-06-17,0,33
Schelle,2020-06-18,0,33
Schelle,2020-06-19,0,33
Schelle,2020-06-20,0,33
Schelle,2020-06-23,0,33
Schelle,2020-06-24,0,33
Schelle,2020-06-25,0,33
Schelle,2020-06-26,0,33
Schelle,2020-06-27,0,33
Schelle,2020-06-30,0,33
Schelle,2020-07-01,0,33
Schelle,2020-07-02,0,33
Schelle,2020-07-03,0,33
Schelle,2020-07-04,0,33
Schelle,2020-07-07,0,33
Schelle,2020-07-08,0,33
Schelle,2020-07-09,0,33
Schelle,2020-07-10,0,33
Schelle,2020-07-11,0,33
Schelle,2020-07-14,1,34
Schelle,2020-07-15,0,34
Schelle,2020-07-16,0,34
Schelle,2020-07-17,0,34
Schelle,2020-07-18,0,34
Schelle,2020-07-20,2,36
Schelle,2020-07-21,0,36
Schelle,2020-07-22,2,38
Schelle,2020-07-23,1,39
Schelle,2020-07-24,0,39
Schelle,2020-07-25,0,39
Schelle,2020-07-26,0,39
Schelle,2020-07-27,2,41
Schelle,2020-07-28,0,41
Schelle,2020-07-29,1,42
Schelle,2020-07-30,0,42
Schelle,2020-07-31,0,42
Schilde,2020-04-01,1,17
Schilde,2020-04-02,3,20
Schilde,2020-04-03,6,26
Schilde,2020-04-04,5,31
Schilde,2020-04-05,3,34
Schilde,2020-04-06,2,36
Schilde,2020-04-07,1,37
Schilde,2020-04-08,9,46
Schilde,2020-04-09,7,53
Schilde,2020-04-10,4,57
Schilde,2020-04-11,7,64
Schilde,2020-04-12,2,66
Schilde,2020-04-13,4,70
Schilde,2020-04-14,1,71
Schilde,2020-04-15,1,72
Schilde,2020-04-16,1,73
Schilde,2020-04-17,2,75
Schilde,2020-04-18,2,77
Schilde,2020-04-19,0,77
Schilde,2020-04-20,0,77
Schilde,2020-04-21,0,77
Schilde,2020-04-22,0,77
Schilde,2020-04-23,1,78
Schilde,2020-04-24,8,86
Schilde,2020-04-25,0,86
Schilde,2020-04-26,0,86
Schilde,2020-04-27,0,86
Schilde,2020-04-28,0,86
Schilde,2020-04-29,2,88
Schilde,2020-04-30,2,90
Schilde,2020-05-01,0,90
Schilde,2020-05-02,0,90
Schilde,2020-05-03,0,90
Schilde,2020-05-04,1,91
Schilde,2020-05-05,1,92
Schilde,2020-05-06,1,93
Schilde,2020-05-07,2,95
Schilde,2020-05-08,2,97
Schilde,2020-05-09,0,97
Schilde,2020-05-10,1,98
Schilde,2020-05-11,0,98
Schilde,2020-05-12,0,98
Schilde,2020-05-13,0,98
Schilde,2020-05-14,0,98
Schilde,2020-05-15,1,99
Schilde,2020-05-16,1,100
Schilde,2020-05-17,1,101
Schilde,2020-05-18,1,102
Schilde,2020-05-19,1,103
Schilde,2020-05-20,0,103
Schilde,2020-05-21,0,103
Schilde,2020-05-22,1,104
Schilde,2020-05-23,1,105
Schilde,2020-05-24,3,108
Schilde,2020-05-25,0,108
Schilde,2020-05-26,0,108
Schilde,2020-05-27,0,108
Schilde,2020-05-28,-2,106
Schilde,2020-05-29,0,106
Schilde,2020-05-30,0,106
Schilde,2020-05-31,0,106
Schilde,2020-06-01,0,106
Schilde,2020-06-02,0,106
Schilde,2020-06-03,0,106
Schilde,2020-06-04,1,107
Schilde,2020-06-05,0,107
Schilde,2020-06-06,0,107
Schilde,2020-06-07,1,108
Schilde,2020-06-08,0,108
Schilde,2020-06-09,1,109
Schilde,2020-06-10,0,109
Schilde,2020-06-11,2,111
Schilde,2020-06-12,0,111
Schilde,2020-06-13,0,111
Schilde,2020-06-14,0,111
Schilde,2020-06-15,0,111
Schilde,2020-06-16,0,111
Schilde,2020-06-17,1,112
Schilde,2020-06-18,0,112
Schilde,2020-06-19,0,112
Schilde,2020-06-20,0,112
Schilde,2020-06-23,0,112
Schilde,2020-06-24,0,112
Schilde,2020-06-25,0,112
Schilde,2020-06-26,0,112
Schilde,2020-06-27,0,112
Schilde,2020-06-30,0,112
Schilde,2020-07-01,0,112
Schilde,2020-07-02,0,112
Schilde,2020-07-03,0,112
Schilde,2020-07-04,0,112
Schilde,2020-07-07,0,112
Schilde,2020-07-08,1,113
Schilde,2020-07-09,1,114
Schilde,2020-07-10,0,114
Schilde,2020-07-11,0,114
Schilde,2020-07-14,0,114
Schilde,2020-07-15,0,114
Schilde,2020-07-16,0,114
Schilde,2020-07-17,0,114
Schilde,2020-07-18,0,114
Schilde,2020-07-20,0,114
Schilde,2020-07-21,0,114
Schilde,2020-07-22,0,114
Schilde,2020-07-23,0,114
Schilde,2020-07-24,0,114
Schilde,2020-07-25,5,119
Schilde,2020-07-26,1,120
Schilde,2020-07-27,2,122
Schilde,2020-07-28,1,123
Schilde,2020-07-29,0,123
Schilde,2020-07-30,0,123
Schilde,2020-07-31,3,126
Schoten,2020-04-01,6,33
Schoten,2020-04-02,5,38
Schoten,2020-04-03,1,39
Schoten,2020-04-04,1,40
Schoten,2020-04-05,1,41
Schoten,2020-04-06,3,44
Schoten,2020-04-07,5,49
Schoten,2020-04-08,1,50
Schoten,2020-04-09,2,52
Schoten,2020-04-10,0,52
Schoten,2020-04-11,0,52
Schoten,2020-04-12,2,54
Schoten,2020-04-13,0,54
Schoten,2020-04-14,2,56
Schoten,2020-04-15,0,56
Schoten,2020-04-16,2,58
Schoten,2020-04-17,3,61
Schoten,2020-04-18,4,65
Schoten,2020-04-19,1,66
Schoten,2020-04-20,0,66
Schoten,2020-04-21,0,66
Schoten,2020-04-22,2,68
Schoten,2020-04-23,0,68
Schoten,2020-04-24,2,70
Schoten,2020-04-25,0,70
Schoten,2020-04-26,0,70
Schoten,2020-04-27,4,74
Schoten,2020-04-28,1,75
Schoten,2020-04-29,3,78
Schoten,2020-04-30,1,79
Schoten,2020-05-01,1,80
Schoten,2020-05-02,1,81
Schoten,2020-05-03,0,81
Schoten,2020-05-04,2,83
Schoten,2020-05-05,3,86
Schoten,2020-05-06,2,88
Schoten,2020-05-07,1,89
Schoten,2020-05-08,6,95
Schoten,2020-05-09,1,96
Schoten,2020-05-10,2,98
Schoten,2020-05-11,3,101
Schoten,2020-05-12,0,101
Schoten,2020-05-13,-1,100
Schoten,2020-05-14,0,100
Schoten,2020-05-15,0,100
Schoten,2020-05-16,0,100
Schoten,2020-05-17,1,101
Schoten,2020-05-18,3,104
Schoten,2020-05-19,0,104
Schoten,2020-05-20,1,105
Schoten,2020-05-21,1,106
Schoten,2020-05-22,0,106
Schoten,2020-05-23,0,106
Schoten,2020-05-24,0,106
Schoten,2020-05-25,2,108
Schoten,2020-05-26,0,108
Schoten,2020-05-27,3,111
Schoten,2020-05-28,0,111
Schoten,2020-05-29,1,112
Schoten,2020-05-30,0,112
Schoten,2020-05-31,1,113
Schoten,2020-06-01,5,118
Schoten,2020-06-02,0,118
Schoten,2020-06-03,0,118
Schoten,2020-06-04,0,118
Schoten,2020-06-05,1,119
Schoten,2020-06-06,0,119
Schoten,2020-06-07,0,119
Schoten,2020-06-08,0,119
Schoten,2020-06-09,0,119
Schoten,2020-06-10,0,119
Schoten,2020-06-11,0,119
Schoten,2020-06-12,0,119
Schoten,2020-06-13,0,119
Schoten,2020-06-14,1,120
Schoten,2020-06-15,0,120
Schoten,2020-06-16,0,120
Schoten,2020-06-17,3,123
Schoten,2020-06-18,0,123
Schoten,2020-06-19,1,124
Schoten,2020-06-20,0,124
Schoten,2020-06-23,2,126
Schoten,2020-06-24,2,128
Schoten,2020-06-25,1,129
Schoten,2020-06-26,0,129
Schoten,2020-06-27,1,130
Schoten,2020-06-30,0,130
Schoten,2020-07-01,0,130
Schoten,2020-07-02,0,130
Schoten,2020-07-03,1,131
Schoten,2020-07-04,0,131
Schoten,2020-07-07,2,133
Schoten,2020-07-08,2,135
Schoten,2020-07-09,0,135
Schoten,2020-07-10,2,137
Schoten,2020-07-11,0,137
Schoten,2020-07-14,2,139
Schoten,2020-07-15,0,139
Schoten,2020-07-16,2,141
Schoten,2020-07-17,0,141
Schoten,2020-07-18,0,141
Schoten,2020-07-20,0,141
Schoten,2020-07-21,0,141
Schoten,2020-07-22,1,142
Schoten,2020-07-23,1,143
Schoten,2020-07-24,0,143
Schoten,2020-07-25,0,143
Schoten,2020-07-26,2,145
Schoten,2020-07-27,2,147
Schoten,2020-07-28,3,150
Schoten,2020-07-29,2,152
Schoten,2020-07-30,3,155
Schoten,2020-07-31,4,159
Stabroek,2020-04-01,4,19
Stabroek,2020-04-02,0,19
Stabroek,2020-04-03,1,20
Stabroek,2020-04-04,4,24
Stabroek,2020-04-05,0,24
Stabroek,2020-04-06,3,27
Stabroek,2020-04-07,3,30
Stabroek,2020-04-08,1,31
Stabroek,2020-04-09,6,37
Stabroek,2020-04-10,0,37
Stabroek,2020-04-11,0,37
Stabroek,2020-04-12,0,37
Stabroek,2020-04-13,1,38
Stabroek,2020-04-14,1,39
Stabroek,2020-04-15,0,39
Stabroek,2020-04-16,3,42
Stabroek,2020-04-17,3,45
Stabroek,2020-04-18,5,50
Stabroek,2020-04-19,0,50
Stabroek,2020-04-20,1,51
Stabroek,2020-04-21,1,52
Stabroek,2020-04-22,1,53
Stabroek,2020-04-23,1,54
Stabroek,2020-04-24,2,56
Stabroek,2020-04-25,4,60
Stabroek,2020-04-26,2,62
Stabroek,2020-04-27,1,63
Stabroek,2020-04-28,1,64
Stabroek,2020-04-29,3,67
Stabroek,2020-04-30,2,69
Stabroek,2020-05-01,0,69
Stabroek,2020-05-02,3,72
Stabroek,2020-05-03,0,72
Stabroek,2020-05-04,1,73
Stabroek,2020-05-05,3,76
Stabroek,2020-05-06,1,77
Stabroek,2020-05-07,2,79
Stabroek,2020-05-08,4,83
Stabroek,2020-05-09,2,85
Stabroek,2020-05-10,0,85
Stabroek,2020-05-11,1,86
Stabroek,2020-05-12,1,87
Stabroek,2020-05-13,2,89
Stabroek,2020-05-14,0,89
Stabroek,2020-05-15,1,90
Stabroek,2020-05-16,0,90
Stabroek,2020-05-17,1,91
Stabroek,2020-05-18,2,93
Stabroek,2020-05-19,0,93
Stabroek,2020-05-20,0,93
Stabroek,2020-05-21,2,95
Stabroek,2020-05-22,0,95
Stabroek,2020-05-23,1,96
Stabroek,2020-05-24,0,96
Stabroek,2020-05-25,1,97
Stabroek,2020-05-26,1,98
Stabroek,2020-05-27,0,98
Stabroek,2020-05-28,0,98
Stabroek,2020-05-29,1,99
Stabroek,2020-05-30,0,99
Stabroek,2020-05-31,1,100
Stabroek,2020-06-01,0,100
Stabroek,2020-06-02,0,100
Stabroek,2020-06-03,0,100
Stabroek,2020-06-04,0,100
Stabroek,2020-06-05,0,100
Stabroek,2020-06-06,0,100
Stabroek,2020-06-07,0,100
Stabroek,2020-06-08,0,100
Stabroek,2020-06-09,0,100
Stabroek,2020-06-10,0,100
Stabroek,2020-06-11,0,100
Stabroek,2020-06-12,0,100
Stabroek,2020-06-13,0,100
Stabroek,2020-06-14,0,100
Stabroek,2020-06-15,0,100
Stabroek,2020-06-16,0,100
Stabroek,2020-06-17,0,100
Stabroek,2020-06-18,0,100
Stabroek,2020-06-19,0,100
Stabroek,2020-06-20,2,102
Stabroek,2020-06-23,1,103
Stabroek,2020-06-24,0,103
Stabroek,2020-06-25,0,103
Stabroek,2020-06-26,0,103
Stabroek,2020-06-27,0,103
Stabroek,2020-06-30,1,104
Stabroek,2020-07-01,0,104
Stabroek,2020-07-02,0,104
Stabroek,2020-07-03,2,106
Stabroek,2020-07-04,0,106
Stabroek,2020-07-07,1,107
Stabroek,2020-07-08,0,107
Stabroek,2020-07-09,0,107
Stabroek,2020-07-10,4,111
Stabroek,2020-07-11,0,111
Stabroek,2020-07-14,1,112
Stabroek,2020-07-15,0,112
Stabroek,2020-07-16,1,113
Stabroek,2020-07-17,0,113
Stabroek,2020-07-18,0,113
Stabroek,2020-07-20,0,113
Stabroek,2020-07-21,0,113
Stabroek,2020-07-22,0,113
Stabroek,2020-07-23,1,114
Stabroek,2020-07-24,0,114
Stabroek,2020-07-25,2,116
Stabroek,2020-07-26,6,122
Stabroek,2020-07-27,0,122
Stabroek,2020-07-28,0,122
Stabroek,2020-07-29,1,123
Stabroek,2020-07-30,1,124
Stabroek,2020-07-31,1,125
Wijnegem,2020-04-01,0,0
Wijnegem,2020-04-02,0,0
Wijnegem,2020-04-03,5,5
Wijnegem,2020-04-04,0,5
Wijnegem,2020-04-05,1,6
Wijnegem,2020-04-06,0,6
Wijnegem,2020-04-07,1,7
Wijnegem,2020-04-08,1,8
Wijnegem,2020-04-09,1,9
Wijnegem,2020-04-10,1,10
Wijnegem,2020-04-11,0,10
Wijnegem,2020-04-12,0,10
Wijnegem,2020-04-13,0,10
Wijnegem,2020-04-14,0,10
Wijnegem,2020-04-15,0,10
Wijnegem,2020-04-16,1,11
Wijnegem,2020-04-17,0,11
Wijnegem,2020-04-18,0,11
Wijnegem,2020-04-19,0,11
Wijnegem,2020-04-20,0,11
Wijnegem,2020-04-21,1,12
Wijnegem,2020-04-22,1,13
Wijnegem,2020-04-23,0,13
Wijnegem,2020-04-24,1,14
Wijnegem,2020-04-25,0,14
Wijnegem,2020-04-26,0,14
Wijnegem,2020-04-27,0,14
Wijnegem,2020-04-28,0,14
Wijnegem,2020-04-29,1,15
Wijnegem,2020-04-30,0,15
Wijnegem,2020-05-01,0,15
Wijnegem,2020-05-02,0,15
Wijnegem,2020-05-03,0,15
Wijnegem,2020-05-04,1,16
Wijnegem,2020-05-05,0,16
Wijnegem,2020-05-06,0,16
Wijnegem,2020-05-07,0,16
Wijnegem,2020-05-08,1,17
Wijnegem,2020-05-09,0,17
Wijnegem,2020-05-10,0,17
Wijnegem,2020-05-11,0,17
Wijnegem,2020-05-12,1,18
Wijnegem,2020-05-13,0,18
Wijnegem,2020-05-14,0,18
Wijnegem,2020-05-15,0,18
Wijnegem,2020-05-16,0,18
Wijnegem,2020-05-17,1,19
Wijnegem,2020-05-18,1,20
Wijnegem,2020-05-19,0,20
Wijnegem,2020-05-20,0,20
Wijnegem,2020-05-21,0,20
Wijnegem,2020-05-22,0,20
Wijnegem,2020-05-23,0,20
Wijnegem,2020-05-24,0,20
Wijnegem,2020-05-25,0,20
Wijnegem,2020-05-26,0,20
Wijnegem,2020-05-27,0,20
Wijnegem,2020-05-28,1,21
Wijnegem,2020-05-29,0,21
Wijnegem,2020-05-30,0,21
Wijnegem,2020-05-31,0,21
Wijnegem,2020-06-01,0,21
Wijnegem,2020-06-02,0,21
Wijnegem,2020-06-03,0,21
Wijnegem,2020-06-04,0,21
Wijnegem,2020-06-05,0,21
Wijnegem,2020-06-06,0,21
Wijnegem,2020-06-07,0,21
Wijnegem,2020-06-08,0,21
Wijnegem,2020-06-09,0,21
Wijnegem,2020-06-10,0,21
Wijnegem,2020-06-11,0,21
Wijnegem,2020-06-12,0,21
Wijnegem,2020-06-13,0,21
Wijnegem,2020-06-14,0,21
Wijnegem,2020-06-15,0,21
Wijnegem,2020-06-16,0,21
Wijnegem,2020-06-17,0,21
Wijnegem,2020-06-18,0,21
Wijnegem,2020-06-19,0,21
Wijnegem,2020-06-20,0,21
Wijnegem,2020-06-23,3,24
Wijnegem,2020-06-24,0,24
Wijnegem,2020-06-25,0,24
Wijnegem,2020-06-26,1,25
Wijnegem,2020-06-27,0,25
Wijnegem,2020-06-30,0,25
Wijnegem,2020-07-01,0,25
Wijnegem,2020-07-02,0,25
Wijnegem,2020-07-03,0,25
Wijnegem,2020-07-04,0,25
Wijnegem,2020-07-07,0,25
Wijnegem,2020-07-08,0,25
Wijnegem,2020-07-09,0,25
Wijnegem,2020-07-10,0,25
Wijnegem,2020-07-11,0,25
Wijnegem,2020-07-14,0,25
Wijnegem,2020-07-15,0,25
Wijnegem,2020-07-16,0,25
Wijnegem,2020-07-17,0,25
Wijnegem,2020-07-18,0,25
Wijnegem,2020-07-20,0,25
Wijnegem,2020-07-21,0,25
Wijnegem,2020-07-22,0,25
Wijnegem,2020-07-23,2,27
Wijnegem,2020-07-24,0,27
Wijnegem,2020-07-25,0,27
Wijnegem,2020-07-26,2,29
Wijnegem,2020-07-27,2,31
Wijnegem,2020-07-28,1,32
Wijnegem,2020-07-29,0,32
Wijnegem,2020-07-30,5,37
Wijnegem,2020-07-31,8,45
Wommelgem,2020-04-01,1,14
Wommelgem,2020-04-02,2,16
Wommelgem,2020-04-03,0,16
Wommelgem,2020-04-04,1,17
Wommelgem,2020-04-05,1,18
Wommelgem,2020-04-06,1,19
Wommelgem,2020-04-07,0,19
Wommelgem,2020-04-08,2,21
Wommelgem,2020-04-09,1,22
Wommelgem,2020-04-10,0,22
Wommelgem,2020-04-11,1,23
Wommelgem,2020-04-12,0,23
Wommelgem,2020-04-13,0,23
Wommelgem,2020-04-14,0,23
Wommelgem,2020-04-15,0,23
Wommelgem,2020-04-16,1,24
Wommelgem,2020-04-17,0,24
Wommelgem,2020-04-18,0,24
Wommelgem,2020-04-19,0,24
Wommelgem,2020-04-20,2,26
Wommelgem,2020-04-21,3,29
Wommelgem,2020-04-22,1,30
Wommelgem,2020-04-23,2,32
Wommelgem,2020-04-24,2,34
Wommelgem,2020-04-25,0,34
Wommelgem,2020-04-26,0,34
Wommelgem,2020-04-27,0,34
Wommelgem,2020-04-28,1,35
Wommelgem,2020-04-29,1,36
Wommelgem,2020-04-30,0,36
Wommelgem,2020-05-01,2,38
Wommelgem,2020-05-02,0,38
Wommelgem,2020-05-03,0,38
Wommelgem,2020-05-04,0,38
Wommelgem,2020-05-05,0,38
Wommelgem,2020-05-06,0,38
Wommelgem,2020-05-07,2,40
Wommelgem,2020-05-08,2,42
Wommelgem,2020-05-09,1,43
Wommelgem,2020-05-10,0,43
Wommelgem,2020-05-11,0,43
Wommelgem,2020-05-12,0,43
Wommelgem,2020-05-13,0,43
Wommelgem,2020-05-14,0,43
Wommelgem,2020-05-15,0,43
Wommelgem,2020-05-16,0,43
Wommelgem,2020-05-17,1,44
Wommelgem,2020-05-18,0,44
Wommelgem,2020-05-19,1,45
Wommelgem,2020-05-20,0,45
Wommelgem,2020-05-21,0,45
Wommelgem,2020-05-22,0,45
Wommelgem,2020-05-23,0,45
Wommelgem,2020-05-24,0,45
Wommelgem,2020-05-25,0,45
Wommelgem,2020-05-26,0,45
Wommelgem,2020-05-27,1,46
Wommelgem,2020-05-28,0,46
Wommelgem,2020-05-29,0,46
Wommelgem,2020-05-30,0,46
Wommelgem,2020-05-31,0,46
Wommelgem,2020-06-01,0,46
Wommelgem,2020-06-02,0,46
Wommelgem,2020-06-03,0,46
Wommelgem,2020-06-04,0,46
Wommelgem,2020-06-05,0,46
Wommelgem,2020-06-06,0,46
Wommelgem,2020-06-07,0,46
Wommelgem,2020-06-08,0,46
Wommelgem,2020-06-09,0,46
Wommelgem,2020-06-10,0,46
Wommelgem,2020-06-11,0,46
Wommelgem,2020-06-12,1,47
Wommelgem,2020-06-13,0,47
Wommelgem,2020-06-14,0,47
Wommelgem,2020-06-15,0,47
Wommelgem,2020-06-16,0,47
Wommelgem,2020-06-17,0,47
Wommelgem,2020-06-18,0,47
Wommelgem,2020-06-19,0,47
Wommelgem,2020-06-20,0,47
Wommelgem,2020-06-23,0,47
Wommelgem,2020-06-24,0,47
Wommelgem,2020-06-25,0,47
Wommelgem,2020-06-26,0,47
Wommelgem,2020-06-27,0,47
Wommelgem,2020-06-30,0,47
Wommelgem,2020-07-01,0,47
Wommelgem,2020-07-02,0,47
Wommelgem,2020-07-03,0,47
Wommelgem,2020-07-04,0,47
Wommelgem,2020-07-07,1,48
Wommelgem,2020-07-08,0,48
Wommelgem,2020-07-09,0,48
Wommelgem,2020-07-10,0,48
Wommelgem,2020-07-11,0,48
Wommelgem,2020-07-14,3,51
Wommelgem,2020-07-15,0,51
Wommelgem,2020-07-16,0,51
Wommelgem,2020-07-17,2,53
Wommelgem,2020-07-18,0,53
Wommelgem,2020-07-20,1,54
Wommelgem,2020-07-21,1,55
Wommelgem,2020-07-22,3,58
Wommelgem,2020-07-23,1,59
Wommelgem,2020-07-24,0,59
Wommelgem,2020-07-25,2,61
Wommelgem,2020-07-26,1,62
Wommelgem,2020-07-27,0,62
Wommelgem,2020-07-28,3,65
Wommelgem,2020-07-29,0,65
Wommelgem,2020-07-30,2,67
Wommelgem,2020-07-31,1,68
Wuustwezel,2020-04-01,2,15
Wuustwezel,2020-04-02,0,15
Wuustwezel,2020-04-03,1,16
Wuustwezel,2020-04-04,2,18
Wuustwezel,2020-04-05,0,18
Wuustwezel,2020-04-06,2,20
Wuustwezel,2020-04-07,0,20
Wuustwezel,2020-04-08,0,20
Wuustwezel,2020-04-09,1,21
Wuustwezel,2020-04-10,0,21
Wuustwezel,2020-04-11,0,21
Wuustwezel,2020-04-12,0,21
Wuustwezel,2020-04-13,4,25
Wuustwezel,2020-04-14,3,28
Wuustwezel,2020-04-15,0,28
Wuustwezel,2020-04-16,4,32
Wuustwezel,2020-04-17,2,34
Wuustwezel,2020-04-18,2,36
Wuustwezel,2020-04-19,0,36
Wuustwezel,2020-04-20,0,36
Wuustwezel,2020-04-21,3,39
Wuustwezel,2020-04-22,0,39
Wuustwezel,2020-04-23,4,43
Wuustwezel,2020-04-24,1,44
Wuustwezel,2020-04-25,1,45
Wuustwezel,2020-04-26,1,46
Wuustwezel,2020-04-27,2,48
Wuustwezel,2020-04-28,1,49
Wuustwezel,2020-04-29,0,49
Wuustwezel,2020-04-30,0,49
Wuustwezel,2020-05-01,4,53
Wuustwezel,2020-05-02,3,56
Wuustwezel,2020-05-03,0,56
Wuustwezel,2020-05-04,0,56
Wuustwezel,2020-05-05,3,59
Wuustwezel,2020-05-06,2,61
Wuustwezel,2020-05-07,3,64
Wuustwezel,2020-05-08,2,66
Wuustwezel,2020-05-09,1,67
Wuustwezel,2020-05-10,0,67
Wuustwezel,2020-05-11,1,68
Wuustwezel,2020-05-12,1,69
Wuustwezel,2020-05-13,0,69
Wuustwezel,2020-05-14,1,70
Wuustwezel,2020-05-15,2,72
Wuustwezel,2020-05-16,1,73
Wuustwezel,2020-05-17,0,73
Wuustwezel,2020-05-18,2,75
Wuustwezel,2020-05-19,1,76
Wuustwezel,2020-05-20,0,76
Wuustwezel,2020-05-21,1,77
Wuustwezel,2020-05-22,0,77
Wuustwezel,2020-05-23,1,78
Wuustwezel,2020-05-24,0,78
Wuustwezel,2020-05-25,0,78
Wuustwezel,2020-05-26,1,79
Wuustwezel,2020-05-27,0,79
Wuustwezel,2020-05-28,0,79
Wuustwezel,2020-05-29,0,79
Wuustwezel,2020-05-30,0,79
Wuustwezel,2020-05-31,0,79
Wuustwezel,2020-06-01,0,79
Wuustwezel,2020-06-02,0,79
Wuustwezel,2020-06-03,0,79
Wuustwezel,2020-06-04,0,79
Wuustwezel,2020-06-05,0,79
Wuustwezel,2020-06-06,1,80
Wuustwezel,2020-06-07,0,80
Wuustwezel,2020-06-08,0,80
Wuustwezel,2020-06-09,0,80
Wuustwezel,2020-06-10,0,80
Wuustwezel,2020-06-11,1,81
Wuustwezel,2020-06-12,0,81
Wuustwezel,2020-06-13,0,81
Wuustwezel,2020-06-14,0,81
Wuustwezel,2020-06-15,0,81
Wuustwezel,2020-06-16,0,81
Wuustwezel,2020-06-17,0,81
Wuustwezel,2020-06-18,0,81
Wuustwezel,2020-06-19,0,81
Wuustwezel,2020-06-20,0,81
Wuustwezel,2020-06-23,0,81
Wuustwezel,2020-06-24,0,81
Wuustwezel,2020-06-25,0,81
Wuustwezel,2020-06-26,0,81
Wuustwezel,2020-06-27,0,81
Wuustwezel,2020-06-30,0,81
Wuustwezel,2020-07-01,0,81
Wuustwezel,2020-07-02,0,81
Wuustwezel,2020-07-03,0,81
Wuustwezel,2020-07-04,0,81
Wuustwezel,2020-07-07,0,81
Wuustwezel,2020-07-08,0,81
Wuustwezel,2020-07-09,0,81
Wuustwezel,2020-07-10,0,81
Wuustwezel,2020-07-11,0,81
Wuustwezel,2020-07-14,0,81
Wuustwezel,2020-07-15,0,81
Wuustwezel,2020-07-16,0,81
Wuustwezel,2020-07-17,0,81
Wuustwezel,2020-07-18,2,83
Wuustwezel,2020-07-20,1,84
Wuustwezel,2020-07-21,0,84
Wuustwezel,2020-07-22,0,84
Wuustwezel,2020-07-23,0,84
Wuustwezel,2020-07-24,0,84
Wuustwezel,2020-07-25,0,84
Wuustwezel,2020-07-26,1,85
Wuustwezel,2020-07-27,0,85
Wuustwezel,2020-07-28,0,85
Wuustwezel,2020-07-29,2,87
Wuustwezel,2020-07-30,0,87
Wuustwezel,2020-07-31,0,87
Zandhoven,2020-04-01,0,11
Zandhoven,2020-04-02,5,16
Zandhoven,2020-04-03,1,17
Zandhoven,2020-04-04,0,17
Zandhoven,2020-04-05,2,19
Zandhoven,2020-04-06,2,21
Zandhoven,2020-04-07,0,21
Zandhoven,2020-04-08,2,23
Zandhoven,2020-04-09,6,29
Zandhoven,2020-04-10,1,30
Zandhoven,2020-04-11,5,35
Zandhoven,2020-04-12,8,43
Zandhoven,2020-04-13,3,46
Zandhoven,2020-04-14,0,46
Zandhoven,2020-04-15,2,48
Zandhoven,2020-04-16,0,48
Zandhoven,2020-04-17,1,49
Zandhoven,2020-04-18,1,50
Zandhoven,2020-04-19,23,73
Zandhoven,2020-04-20,1,74
Zandhoven,2020-04-21,0,74
Zandhoven,2020-04-22,0,74
Zandhoven,2020-04-23,1,75
Zandhoven,2020-04-24,2,77
Zandhoven,2020-04-25,0,77
Zandhoven,2020-04-26,1,78
Zandhoven,2020-04-27,1,79
Zandhoven,2020-04-28,1,80
Zandhoven,2020-04-29,0,80
Zandhoven,2020-04-30,0,80
Zandhoven,2020-05-01,0,80
Zandhoven,2020-05-02,1,81
Zandhoven,2020-05-03,1,82
Zandhoven,2020-05-04,0,82
Zandhoven,2020-05-05,0,82
Zandhoven,2020-05-06,0,82
Zandhoven,2020-05-07,0,82
Zandhoven,2020-05-08,1,83
Zandhoven,2020-05-09,0,83
Zandhoven,2020-05-10,0,83
Zandhoven,2020-05-11,0,83
Zandhoven,2020-05-12,0,83
Zandhoven,2020-05-13,1,84
Zandhoven,2020-05-14,0,84
Zandhoven,2020-05-15,1,85
Zandhoven,2020-05-16,0,85
Zandhoven,2020-05-17,0,85
Zandhoven,2020-05-18,0,85
Zandhoven,2020-05-19,0,85
Zandhoven,2020-05-20,0,85
Zandhoven,2020-05-21,0,85
Zandhoven,2020-05-22,1,86
Zandhoven,2020-05-23,0,86
Zandhoven,2020-05-24,0,86
Zandhoven,2020-05-25,0,86
Zandhoven,2020-05-26,0,86
Zandhoven,2020-05-27,0,86
Zandhoven,2020-05-28,0,86
Zandhoven,2020-05-29,0,86
Zandhoven,2020-05-30,0,86
Zandhoven,2020-05-31,1,87
Zandhoven,2020-06-01,0,87
Zandhoven,2020-06-02,0,87
Zandhoven,2020-06-03,0,87
Zandhoven,2020-06-04,0,87
Zandhoven,2020-06-05,0,87
Zandhoven,2020-06-06,0,87
Zandhoven,2020-06-07,0,87
Zandhoven,2020-06-08,0,87
Zandhoven,2020-06-09,0,87
Zandhoven,2020-06-10,0,87
Zandhoven,2020-06-11,0,87
Zandhoven,2020-06-12,0,87
Zandhoven,2020-06-13,0,87
Zandhoven,2020-06-14,0,87
Zandhoven,2020-06-15,0,87
Zandhoven,2020-06-16,0,87
Zandhoven,2020-06-17,0,87
Zandhoven,2020-06-18,1,88
Zandhoven,2020-06-19,0,88
Zandhoven,2020-06-20,0,88
Zandhoven,2020-06-23,0,88
Zandhoven,2020-06-24,0,88
Zandhoven,2020-06-25,0,88
Zandhoven,2020-06-26,0,88
Zandhoven,2020-06-27,0,88
Zandhoven,2020-06-30,0,88
Zandhoven,2020-07-01,0,88
Zandhoven,2020-07-02,0,88
Zandhoven,2020-07-03,0,88
Zandhoven,2020-07-04,0,88
Zandhoven,2020-07-07,0,88
Zandhoven,2020-07-08,0,88
Zandhoven,2020-07-09,0,88
Zandhoven,2020-07-10,0,88
Zandhoven,2020-07-11,0,88
Zandhoven,2020-07-14,0,88
Zandhoven,2020-07-15,0,88
Zandhoven,2020-07-16,0,88
Zandhoven,2020-07-17,0,88
Zandhoven,2020-07-18,0,88
Zandhoven,2020-07-20,0,88
Zandhoven,2020-07-21,1,89
Zandhoven,2020-07-22,0,89
Zandhoven,2020-07-23,4,93
Zandhoven,2020-07-24,0,93
Zandhoven,2020-07-25,0,93
Zandhoven,2020-07-26,1,94
Zandhoven,2020-07-27,0,94
Zandhoven,2020-07-28,0,94
Zandhoven,2020-07-29,0,94
Zandhoven,2020-07-30,0,94
Zandhoven,2020-07-31,0,94
Zoersel,2020-04-01,1,12
Zoersel,2020-04-02,2,14
Zoersel,2020-04-03,6,20
Zoersel,2020-04-04,0,20
Zoersel,2020-04-05,2,22
Zoersel,2020-04-06,1,23
Zoersel,2020-04-07,1,24
Zoersel,2020-04-08,1,25
Zoersel,2020-04-09,2,27
Zoersel,2020-04-10,2,29
Zoersel,2020-04-11,0,29
Zoersel,2020-04-12,2,31
Zoersel,2020-04-13,0,31
Zoersel,2020-04-14,0,31
Zoersel,2020-04-15,2,33
Zoersel,2020-04-16,4,37
Zoersel,2020-04-17,0,37
Zoersel,2020-04-18,0,37
Zoersel,2020-04-19,3,40
Zoersel,2020-04-20,0,40
Zoersel,2020-04-21,0,40
Zoersel,2020-04-22,1,41
Zoersel,2020-04-23,0,41
Zoersel,2020-04-24,1,42
Zoersel,2020-04-25,0,42
Zoersel,2020-04-26,1,43
Zoersel,2020-04-27,1,44
Zoersel,2020-04-28,0,44
Zoersel,2020-04-29,0,44
Zoersel,2020-04-30,2,46
Zoersel,2020-05-01,3,49
Zoersel,2020-05-02,2,51
Zoersel,2020-05-03,1,52
Zoersel,2020-05-04,0,52
Zoersel,2020-05-05,1,53
Zoersel,2020-05-06,0,53
Zoersel,2020-05-07,5,58
Zoersel,2020-05-08,0,58
Zoersel,2020-05-09,0,58
Zoersel,2020-05-10,1,59
Zoersel,2020-05-11,1,60
Zoersel,2020-05-12,1,61
Zoersel,2020-05-13,0,61
Zoersel,2020-05-14,2,63
Zoersel,2020-05-15,0,63
Zoersel,2020-05-16,4,67
Zoersel,2020-05-17,0,67
Zoersel,2020-05-18,0,67
Zoersel,2020-05-19,1,68
Zoersel,2020-05-20,0,68
Zoersel,2020-05-21,2,70
Zoersel,2020-05-22,0,70
Zoersel,2020-05-23,0,70
Zoersel,2020-05-24,1,71
Zoersel,2020-05-25,0,71
Zoersel,2020-05-26,2,73
Zoersel,2020-05-27,0,73
Zoersel,2020-05-28,-2,71
Zoersel,2020-05-29,0,71
Zoersel,2020-05-30,1,72
Zoersel,2020-05-31,1,73
Zoersel,2020-06-01,0,73
Zoersel,2020-06-02,0,73
Zoersel,2020-06-03,0,73
Zoersel,2020-06-04,0,73
Zoersel,2020-06-05,0,73
Zoersel,2020-06-06,0,73
Zoersel,2020-06-07,0,73
Zoersel,2020-06-08,0,73
Zoersel,2020-06-09,0,73
Zoersel,2020-06-10,0,73
Zoersel,2020-06-11,0,73
Zoersel,2020-06-12,0,73
Zoersel,2020-06-13,0,73
Zoersel,2020-06-14,0,73
Zoersel,2020-06-15,0,73
Zoersel,2020-06-16,0,73
Zoersel,2020-06-17,0,73
Zoersel,2020-06-18,0,73
Zoersel,2020-06-19,0,73
Zoersel,2020-06-20,0,73
Zoersel,2020-06-23,0,73
Zoersel,2020-06-24,0,73
Zoersel,2020-06-25,0,73
Zoersel,2020-06-26,0,73
Zoersel,2020-06-27,0,73
Zoersel,2020-06-30,0,73
Zoersel,2020-07-01,1,74
Zoersel,2020-07-02,1,75
Zoersel,2020-07-03,0,75
Zoersel,2020-07-04,3,78
Zoersel,2020-07-07,0,78
Zoersel,2020-07-08,1,79
Zoersel,2020-07-09,0,79
Zoersel,2020-07-10,2,81
Zoersel,2020-07-11,0,81
Zoersel,2020-07-14,0,81
Zoersel,2020-07-15,0,81
Zoersel,2020-07-16,0,81
Zoersel,2020-07-17,1,82
Zoersel,2020-07-18,0,82
Zoersel,2020-07-20,1,83
Zoersel,2020-07-21,1,84
Zoersel,2020-07-22,1,85
Zoersel,2020-07-23,2,87
Zoersel,2020-07-24,0,87
Zoersel,2020-07-25,0,87
Zoersel,2020-07-26,0,87
Zoersel,2020-07-27,0,87
Zoersel,2020-07-28,0,87
Zoersel,2020-07-29,1,88
Zoersel,2020-07-30,1,89
Zoersel,2020-07-31,2,91
Zwijndrecht,2020-04-01,0,10
Zwijndrecht,2020-04-02,3,13
Zwijndrecht,2020-04-03,5,18
Zwijndrecht,2020-04-04,0,18
Zwijndrecht,2020-04-05,3,21
Zwijndrecht,2020-04-06,2,23
Zwijndrecht,2020-04-07,3,26
Zwijndrecht,2020-04-08,0,26
Zwijndrecht,2020-04-09,0,26
Zwijndrecht,2020-04-10,3,29
Zwijndrecht,2020-04-11,0,29
Zwijndrecht,2020-04-12,1,30
Zwijndrecht,2020-04-13,1,31
Zwijndrecht,2020-04-14,0,31
Zwijndrecht,2020-04-15,2,33
Zwijndrecht,2020-04-16,1,34
Zwijndrecht,2020-04-17,1,35
Zwijndrecht,2020-04-18,3,38
Zwijndrecht,2020-04-19,1,39
Zwijndrecht,2020-04-20,1,40
Zwijndrecht,2020-04-21,0,40
Zwijndrecht,2020-04-22,0,40
Zwijndrecht,2020-04-23,3,43
Zwijndrecht,2020-04-24,2,45
Zwijndrecht,2020-04-25,1,46
Zwijndrecht,2020-04-26,8,54
Zwijndrecht,2020-04-27,2,56
Zwijndrecht,2020-04-28,1,57
Zwijndrecht,2020-04-29,0,57
Zwijndrecht,2020-04-30,2,59
Zwijndrecht,2020-05-01,1,60
Zwijndrecht,2020-05-02,3,63
Zwijndrecht,2020-05-03,4,67
Zwijndrecht,2020-05-04,1,68
Zwijndrecht,2020-05-05,1,69
Zwijndrecht,2020-05-06,1,70
Zwijndrecht,2020-05-07,1,71
Zwijndrecht,2020-05-08,3,74
Zwijndrecht,2020-05-09,0,74
Zwijndrecht,2020-05-10,0,74
Zwijndrecht,2020-05-11,0,74
Zwijndrecht,2020-05-12,0,74
Zwijndrecht,2020-05-13,-1,73
Zwijndrecht,2020-05-14,2,75
Zwijndrecht,2020-05-15,1,76
Zwijndrecht,2020-05-16,0,76
Zwijndrecht,2020-05-17,1,77
Zwijndrecht,2020-05-18,1,78
Zwijndrecht,2020-05-19,0,78
Zwijndrecht,2020-05-20,0,78
Zwijndrecht,2020-05-21,0,78
Zwijndrecht,2020-05-22,0,78
Zwijndrecht,2020-05-23,1,79
Zwijndrecht,2020-05-24,0,79
Zwijndrecht,2020-05-25,0,79
Zwijndrecht,2020-05-26,0,79
Zwijndrecht,2020-05-27,0,79
Zwijndrecht,2020-05-28,0,79
Zwijndrecht,2020-05-29,1,80
Zwijndrecht,2020-05-30,1,81
Zwijndrecht,2020-05-31,1,82
Zwijndrecht,2020-06-01,0,82
Zwijndrecht,2020-06-02,0,82
Zwijndrecht,2020-06-03,0,82
Zwijndrecht,2020-06-04,0,82
Zwijndrecht,2020-06-05,0,82
Zwijndrecht,2020-06-06,0,82
Zwijndrecht,2020-06-07,0,82
Zwijndrecht,2020-06-08,0,82
Zwijndrecht,2020-06-09,0,82
Zwijndrecht,2020-06-10,0,82
Zwijndrecht,2020-06-11,0,82
Zwijndrecht,2020-06-12,0,82
Zwijndrecht,2020-06-13,2,84
Zwijndrecht,2020-06-14,0,84
Zwijndrecht,2020-06-15,0,84
Zwijndrecht,2020-06-16,0,84
Zwijndrecht,2020-06-17,0,84
Zwijndrecht,2020-06-18,0,84
Zwijndrecht,2020-06-19,0,84
Zwijndrecht,2020-06-20,0,84
Zwijndrecht,2020-06-23,0,84
Zwijndrecht,2020-06-24,0,84
Zwijndrecht,2020-06-25,0,84
Zwijndrecht,2020-06-26,0,84
Zwijndrecht,2020-06-27,0,84
Zwijndrecht,2020-06-30,0,84
Zwijndrecht,2020-07-01,1,85
Zwijndrecht,2020-07-02,0,85
Zwijndrecht,2020-07-03,0,85
Zwijndrecht,2020-07-04,0,85
Zwijndrecht,2020-07-07,0,85
Zwijndrecht,2020-07-08,0,85
Zwijndrecht,2020-07-09,0,85
Zwijndrecht,2020-07-10,0,85
Zwijndrecht,2020-07-11,0,85
Zwijndrecht,2020-07-14,0,85
Zwijndrecht,2020-07-15,0,85
Zwijndrecht,2020-07-16,1,86
Zwijndrecht,2020-07-17,0,86
Zwijndrecht,2020-07-18,0,86
Zwijndrecht,2020-07-20,2,88
Zwijndrecht,2020-07-21,5,93
Zwijndrecht,2020-07-22,0,93
Zwijndrecht,2020-07-23,1,94
Zwijndrecht,2020-07-24,0,94
Zwijndrecht,2020-07-25,2,96
Zwijndrecht,2020-07-26,3,99
Zwijndrecht,2020-07-27,1,100
Zwijndrecht,2020-07-28,1,101
Zwijndrecht,2020-07-29,1,102
Zwijndrecht,2020-07-30,1,103
Zwijndrecht,2020-07-31,3,106
Malle,2020-04-01,2,11
Malle,2020-04-02,0,11
Malle,2020-04-03,7,18
Malle,2020-04-04,0,18
Malle,2020-04-05,1,19
Malle,2020-04-06,2,21
Malle,2020-04-07,0,21
Malle,2020-04-08,0,21
Malle,2020-04-09,0,21
Malle,2020-04-10,0,21
Malle,2020-04-11,0,21
Malle,2020-04-12,1,22
Malle,2020-04-13,0,22
Malle,2020-04-14,0,22
Malle,2020-04-15,1,23
Malle,2020-04-16,0,23
Malle,2020-04-17,0,23
Malle,2020-04-18,0,23
Malle,2020-04-19,1,24
Malle,2020-04-20,1,25
Malle,2020-04-21,1,26
Malle,2020-04-22,0,26
Malle,2020-04-23,0,26
Malle,2020-04-24,0,26
Malle,2020-04-25,0,26
Malle,2020-04-26,0,26
Malle,2020-04-27,0,26
Malle,2020-04-28,0,26
Malle,2020-04-29,1,27
Malle,2020-04-30,0,27
Malle,2020-05-01,0,27
Malle,2020-05-02,0,27
Malle,2020-05-03,0,27
Malle,2020-05-04,0,27
Malle,2020-05-05,0,27
Malle,2020-05-06,1,28
Malle,2020-05-07,3,31
Malle,2020-05-08,3,34
Malle,2020-05-09,2,36
Malle,2020-05-10,0,36
Malle,2020-05-11,1,37
Malle,2020-05-12,0,37
Malle,2020-05-13,0,37
Malle,2020-05-14,1,38
Malle,2020-05-15,0,38
Malle,2020-05-16,0,38
Malle,2020-05-17,1,39
Malle,2020-05-18,2,41
Malle,2020-05-19,0,41
Malle,2020-05-20,0,41
Malle,2020-05-21,0,41
Malle,2020-05-22,2,43
Malle,2020-05-23,0,43
Malle,2020-05-24,1,44
Malle,2020-05-25,0,44
Malle,2020-05-26,0,44
Malle,2020-05-27,1,45
Malle,2020-05-28,0,45
Malle,2020-05-29,0,45
Malle,2020-05-30,0,45
Malle,2020-05-31,0,45
Malle,2020-06-01,0,45
Malle,2020-06-02,0,45
Malle,2020-06-03,0,45
Malle,2020-06-04,0,45
Malle,2020-06-05,0,45
Malle,2020-06-06,1,46
Malle,2020-06-07,0,46
Malle,2020-06-08,0,46
Malle,2020-06-09,0,46
Malle,2020-06-10,0,46
Malle,2020-06-11,1,47
Malle,2020-06-12,0,47
Malle,2020-06-13,0,47
Malle,2020-06-14,0,47
Malle,2020-06-15,0,47
Malle,2020-06-16,0,47
Malle,2020-06-17,0,47
Malle,2020-06-18,0,47
Malle,2020-06-19,0,47
Malle,2020-06-20,0,47
Malle,2020-06-23,0,47
Malle,2020-06-24,0,47
Malle,2020-06-25,0,47
Malle,2020-06-26,0,47
Malle,2020-06-27,0,47
Malle,2020-06-30,1,48
Malle,2020-07-01,0,48
Malle,2020-07-02,1,49
Malle,2020-07-03,0,49
Malle,2020-07-04,0,49
Malle,2020-07-07,1,50
Malle,2020-07-08,0,50
Malle,2020-07-09,0,50
Malle,2020-07-10,0,50
Malle,2020-07-11,0,50
Malle,2020-07-14,0,50
Malle,2020-07-15,0,50
Malle,2020-07-16,0,50
Malle,2020-07-17,0,50
Malle,2020-07-18,0,50
Malle,2020-07-20,1,51
Malle,2020-07-21,0,51
Malle,2020-07-22,0,51
Malle,2020-07-23,3,54
Malle,2020-07-24,0,54
Malle,2020-07-25,0,54
Malle,2020-07-26,2,56
Malle,2020-07-27,0,56
Malle,2020-07-28,0,56
Malle,2020-07-29,2,58
Malle,2020-07-30,0,58
Malle,2020-07-31,0,58
Berlaar,2020-04-01,3,21
Berlaar,2020-04-02,1,22
Berlaar,2020-04-03,0,22
Berlaar,2020-04-04,3,25
Berlaar,2020-04-05,1,26
Berlaar,2020-04-06,1,27
Berlaar,2020-04-07,0,27
Berlaar,2020-04-08,0,27
Berlaar,2020-04-09,1,28
Berlaar,2020-04-10,1,29
Berlaar,2020-04-11,2,31
Berlaar,2020-04-12,0,31
Berlaar,2020-04-13,0,31
Berlaar,2020-04-14,0,31
Berlaar,2020-04-15,0,31
Berlaar,2020-04-16,1,32
Berlaar,2020-04-17,2,34
Berlaar,2020-04-18,1,35
Berlaar,2020-04-19,0,35
Berlaar,2020-04-20,0,35
Berlaar,2020-04-21,1,36
Berlaar,2020-04-22,0,36
Berlaar,2020-04-23,0,36
Berlaar,2020-04-24,0,36
Berlaar,2020-04-25,1,37
Berlaar,2020-04-26,0,37
Berlaar,2020-04-27,1,38
Berlaar,2020-04-28,0,38
Berlaar,2020-04-29,1,39
Berlaar,2020-04-30,0,39
Berlaar,2020-05-01,0,39
Berlaar,2020-05-02,2,41
Berlaar,2020-05-03,0,41
Berlaar,2020-05-04,0,41
Berlaar,2020-05-05,0,41
Berlaar,2020-05-06,0,41
Berlaar,2020-05-07,0,41
Berlaar,2020-05-08,0,41
Berlaar,2020-05-09,0,41
Berlaar,2020-05-10,0,41
Berlaar,2020-05-11,0,41
Berlaar,2020-05-12,1,42
Berlaar,2020-05-13,0,42
Berlaar,2020-05-14,0,42
Berlaar,2020-05-15,0,42
Berlaar,2020-05-16,0,42
Berlaar,2020-05-17,0,42
Berlaar,2020-05-18,0,42
Berlaar,2020-05-19,0,42
Berlaar,2020-05-20,0,42
Berlaar,2020-05-21,0,42
Berlaar,2020-05-22,1,43
Berlaar,2020-05-23,0,43
Berlaar,2020-05-24,0,43
Berlaar,2020-05-25,1,44
Berlaar,2020-05-26,1,45
Berlaar,2020-05-27,0,45
Berlaar,2020-05-28,0,45
Berlaar,2020-05-29,0,45
Berlaar,2020-05-30,0,45
Berlaar,2020-05-31,0,45
Berlaar,2020-06-01,0,45
Berlaar,2020-06-02,0,45
Berlaar,2020-06-03,0,45
Berlaar,2020-06-04,0,45
Berlaar,2020-06-05,0,45
Berlaar,2020-06-06,0,45
Berlaar,2020-06-07,0,45
Berlaar,2020-06-08,0,45
Berlaar,2020-06-09,0,45
Berlaar,2020-06-10,0,45
Berlaar,2020-06-11,0,45
Berlaar,2020-06-12,1,46
Berlaar,2020-06-13,0,46
Berlaar,2020-06-14,0,46
Berlaar,2020-06-15,0,46
Berlaar,2020-06-16,0,46
Berlaar,2020-06-17,0,46
Berlaar,2020-06-18,0,46
Berlaar,2020-06-19,0,46
Berlaar,2020-06-20,0,46
Berlaar,2020-06-23,0,46
Berlaar,2020-06-24,0,46
Berlaar,2020-06-25,0,46
Berlaar,2020-06-26,0,46
Berlaar,2020-06-27,0,46
Berlaar,2020-06-30,1,47
Berlaar,2020-07-01,0,47
Berlaar,2020-07-02,0,47
Berlaar,2020-07-03,0,47
Berlaar,2020-07-04,0,47
Berlaar,2020-07-07,0,47
Berlaar,2020-07-08,0,47
Berlaar,2020-07-09,0,47
Berlaar,2020-07-10,0,47
Berlaar,2020-07-11,0,47
Berlaar,2020-07-14,0,47
Berlaar,2020-07-15,0,47
Berlaar,2020-07-16,2,49
Berlaar,2020-07-17,0,49
Berlaar,2020-07-18,0,49
Berlaar,2020-07-20,0,49
Berlaar,2020-07-21,0,49
Berlaar,2020-07-22,0,49
Berlaar,2020-07-23,0,49
Berlaar,2020-07-24,0,49
Berlaar,2020-07-25,0,49
Berlaar,2020-07-26,0,49
Berlaar,2020-07-27,0,49
Berlaar,2020-07-28,0,49
Berlaar,2020-07-29,0,49
Berlaar,2020-07-30,0,49
Berlaar,2020-07-31,0,49
Bonheiden,2020-04-01,1,17
Bonheiden,2020-04-02,0,17
Bonheiden,2020-04-03,0,17
Bonheiden,2020-04-04,0,17
Bonheiden,2020-04-05,1,18
Bonheiden,2020-04-06,2,20
Bonheiden,2020-04-07,0,20
Bonheiden,2020-04-08,1,21
Bonheiden,2020-04-09,0,21
Bonheiden,2020-04-10,0,21
Bonheiden,2020-04-11,0,21
Bonheiden,2020-04-12,0,21
Bonheiden,2020-04-13,0,21
Bonheiden,2020-04-14,0,21
Bonheiden,2020-04-15,1,22
Bonheiden,2020-04-16,0,22
Bonheiden,2020-04-17,0,22
Bonheiden,2020-04-18,0,22
Bonheiden,2020-04-19,0,22
Bonheiden,2020-04-20,1,23
Bonheiden,2020-04-21,0,23
Bonheiden,2020-04-22,2,25
Bonheiden,2020-04-23,0,25
Bonheiden,2020-04-24,0,25
Bonheiden,2020-04-25,0,25
Bonheiden,2020-04-26,0,25
Bonheiden,2020-04-27,0,25
Bonheiden,2020-04-28,0,25
Bonheiden,2020-04-29,0,25
Bonheiden,2020-04-30,0,25
Bonheiden,2020-05-01,0,25
Bonheiden,2020-05-02,0,25
Bonheiden,2020-05-03,0,25
Bonheiden,2020-05-04,0,25
Bonheiden,2020-05-05,0,25
Bonheiden,2020-05-06,0,25
Bonheiden,2020-05-07,0,25
Bonheiden,2020-05-08,0,25
Bonheiden,2020-05-09,0,25
Bonheiden,2020-05-10,1,26
Bonheiden,2020-05-11,1,27
Bonheiden,2020-05-12,0,27
Bonheiden,2020-05-13,1,28
Bonheiden,2020-05-14,0,28
Bonheiden,2020-05-15,1,29
Bonheiden,2020-05-16,0,29
Bonheiden,2020-05-17,0,29
Bonheiden,2020-05-18,0,29
Bonheiden,2020-05-19,0,29
Bonheiden,2020-05-20,1,30
Bonheiden,2020-05-21,0,30
Bonheiden,2020-05-22,1,31
Bonheiden,2020-05-23,0,31
Bonheiden,2020-05-24,0,31
Bonheiden,2020-05-25,0,31
Bonheiden,2020-05-26,0,31
Bonheiden,2020-05-27,0,31
Bonheiden,2020-05-28,0,31
Bonheiden,2020-05-29,0,31
Bonheiden,2020-05-30,0,31
Bonheiden,2020-05-31,0,31
Bonheiden,2020-06-01,0,31
Bonheiden,2020-06-02,0,31
Bonheiden,2020-06-03,0,31
Bonheiden,2020-06-04,0,31
Bonheiden,2020-06-05,0,31
Bonheiden,2020-06-06,0,31
Bonheiden,2020-06-07,0,31
Bonheiden,2020-06-08,0,31
Bonheiden,2020-06-09,0,31
Bonheiden,2020-06-10,0,31
Bonheiden,2020-06-11,0,31
Bonheiden,2020-06-12,0,31
Bonheiden,2020-06-13,0,31
Bonheiden,2020-06-14,0,31
Bonheiden,2020-06-15,0,31
Bonheiden,2020-06-16,0,31
Bonheiden,2020-06-17,0,31
Bonheiden,2020-06-18,0,31
Bonheiden,2020-06-19,0,31
Bonheiden,2020-06-20,0,31
Bonheiden,2020-06-23,0,31
Bonheiden,2020-06-24,0,31
Bonheiden,2020-06-25,0,31
Bonheiden,2020-06-26,1,32
Bonheiden,2020-06-27,0,32
Bonheiden,2020-06-30,3,35
Bonheiden,2020-07-01,1,36
Bonheiden,2020-07-02,0,36
Bonheiden,2020-07-03,0,36
Bonheiden,2020-07-04,0,36
Bonheiden,2020-07-07,0,36
Bonheiden,2020-07-08,0,36
Bonheiden,2020-07-09,0,36
Bonheiden,2020-07-10,0,36
Bonheiden,2020-07-11,0,36
Bonheiden,2020-07-14,0,36
Bonheiden,2020-07-15,0,36
Bonheiden,2020-07-16,0,36
Bonheiden,2020-07-17,0,36
Bonheiden,2020-07-18,0,36
Bonheiden,2020-07-20,1,37
Bonheiden,2020-07-21,0,37
Bonheiden,2020-07-22,0,37
Bonheiden,2020-07-23,0,37
Bonheiden,2020-07-24,0,37
Bonheiden,2020-07-25,0,37
Bonheiden,2020-07-26,0,37
Bonheiden,2020-07-27,0,37
Bonheiden,2020-07-28,0,37
Bonheiden,2020-07-29,0,37
Bonheiden,2020-07-30,0,37
Bonheiden,2020-07-31,0,37
Bornem,2020-04-01,8,33
Bornem,2020-04-02,1,34
Bornem,2020-04-03,5,39
Bornem,2020-04-04,4,43
Bornem,2020-04-05,4,47
Bornem,2020-04-06,0,47
Bornem,2020-04-07,1,48
Bornem,2020-04-08,1,49
Bornem,2020-04-09,2,51
Bornem,2020-04-10,2,53
Bornem,2020-04-11,0,53
Bornem,2020-04-12,2,55
Bornem,2020-04-13,0,55
Bornem,2020-04-14,0,55
Bornem,2020-04-15,2,57
Bornem,2020-04-16,2,59
Bornem,2020-04-17,2,61
Bornem,2020-04-18,2,63
Bornem,2020-04-19,7,70
Bornem,2020-04-20,4,74
Bornem,2020-04-21,0,74
Bornem,2020-04-22,0,74
Bornem,2020-04-23,0,74
Bornem,2020-04-24,0,74
Bornem,2020-04-25,2,76
Bornem,2020-04-26,0,76
Bornem,2020-04-27,0,76
Bornem,2020-04-28,0,76
Bornem,2020-04-29,1,77
Bornem,2020-04-30,2,79
Bornem,2020-05-01,1,80
Bornem,2020-05-02,1,81
Bornem,2020-05-03,0,81
Bornem,2020-05-04,1,82
Bornem,2020-05-05,0,82
Bornem,2020-05-06,0,82
Bornem,2020-05-07,3,85
Bornem,2020-05-08,1,86
Bornem,2020-05-09,1,87
Bornem,2020-05-10,1,88
Bornem,2020-05-11,0,88
Bornem,2020-05-12,0,88
Bornem,2020-05-13,0,88
Bornem,2020-05-14,0,88
Bornem,2020-05-15,1,89
Bornem,2020-05-16,1,90
Bornem,2020-05-17,0,90
Bornem,2020-05-18,0,90
Bornem,2020-05-19,0,90
Bornem,2020-05-20,0,90
Bornem,2020-05-21,2,92
Bornem,2020-05-22,1,93
Bornem,2020-05-23,0,93
Bornem,2020-05-24,1,94
Bornem,2020-05-25,0,94
Bornem,2020-05-26,0,94
Bornem,2020-05-27,0,94
Bornem,2020-05-28,1,95
Bornem,2020-05-29,0,95
Bornem,2020-05-30,0,95
Bornem,2020-05-31,0,95
Bornem,2020-06-01,0,95
Bornem,2020-06-02,0,95
Bornem,2020-06-03,0,95
Bornem,2020-06-04,0,95
Bornem,2020-06-05,0,95
Bornem,2020-06-06,0,95
Bornem,2020-06-07,0,95
Bornem,2020-06-08,0,95
Bornem,2020-06-09,0,95
Bornem,2020-06-10,0,95
Bornem,2020-06-11,0,95
Bornem,2020-06-12,0,95
Bornem,2020-06-13,0,95
Bornem,2020-06-14,0,95
Bornem,2020-06-15,0,95
Bornem,2020-06-16,0,95
Bornem,2020-06-17,0,95
Bornem,2020-06-18,0,95
Bornem,2020-06-19,0,95
Bornem,2020-06-20,0,95
Bornem,2020-06-23,0,95
Bornem,2020-06-24,0,95
Bornem,2020-06-25,0,95
Bornem,2020-06-26,0,95
Bornem,2020-06-27,0,95
Bornem,2020-06-30,0,95
Bornem,2020-07-01,0,95
Bornem,2020-07-02,0,95
Bornem,2020-07-03,0,95
Bornem,2020-07-04,0,95
Bornem,2020-07-07,0,95
Bornem,2020-07-08,0,95
Bornem,2020-07-09,0,95
Bornem,2020-07-10,0,95
Bornem,2020-07-11,0,95
Bornem,2020-07-14,0,95
Bornem,2020-07-15,0,95
Bornem,2020-07-16,0,95
Bornem,2020-07-17,0,95
Bornem,2020-07-18,0,95
Bornem,2020-07-20,0,95
Bornem,2020-07-21,0,95
Bornem,2020-07-22,0,95
Bornem,2020-07-23,0,95
Bornem,2020-07-24,1,96
Bornem,2020-07-25,0,96
Bornem,2020-07-26,1,97
Bornem,2020-07-27,1,98
Bornem,2020-07-28,1,99
Bornem,2020-07-29,0,99
Bornem,2020-07-30,0,99
Bornem,2020-07-31,1,100
Duffel,2020-04-01,3,20
Duffel,2020-04-02,2,22
Duffel,2020-04-03,1,23
Duffel,2020-04-04,0,23
Duffel,2020-04-05,3,26
Duffel,2020-04-06,1,27
Duffel,2020-04-07,0,27
Duffel,2020-04-08,0,27
Duffel,2020-04-09,3,30
Duffel,2020-04-10,2,32
Duffel,2020-04-11,1,33
Duffel,2020-04-12,1,34
Duffel,2020-04-13,0,34
Duffel,2020-04-14,3,37
Duffel,2020-04-15,6,43
Duffel,2020-04-16,14,57
Duffel,2020-04-17,1,58
Duffel,2020-04-18,1,59
Duffel,2020-04-19,1,60
Duffel,2020-04-20,0,60
Duffel,2020-04-21,1,61
Duffel,2020-04-22,1,62
Duffel,2020-04-23,1,63
Duffel,2020-04-24,2,65
Duffel,2020-04-25,1,66
Duffel,2020-04-26,3,69
Duffel,2020-04-27,0,69
Duffel,2020-04-28,0,69
Duffel,2020-04-29,2,71
Duffel,2020-04-30,0,71
Duffel,2020-05-01,1,72
Duffel,2020-05-02,1,73
Duffel,2020-05-03,0,73
Duffel,2020-05-04,0,73
Duffel,2020-05-05,1,74
Duffel,2020-05-06,0,74
Duffel,2020-05-07,1,75
Duffel,2020-05-08,1,76
Duffel,2020-05-09,0,76
Duffel,2020-05-10,2,78
Duffel,2020-05-11,1,79
Duffel,2020-05-12,0,79
Duffel,2020-05-13,0,79
Duffel,2020-05-14,2,81
Duffel,2020-05-15,2,83
Duffel,2020-05-16,0,83
Duffel,2020-05-17,1,84
Duffel,2020-05-18,0,84
Duffel,2020-05-19,0,84
Duffel,2020-05-20,1,85
Duffel,2020-05-21,0,85
Duffel,2020-05-22,0,85
Duffel,2020-05-23,0,85
Duffel,2020-05-24,0,85
Duffel,2020-05-25,0,85
Duffel,2020-05-26,0,85
Duffel,2020-05-27,1,86
Duffel,2020-05-28,0,86
Duffel,2020-05-29,0,86
Duffel,2020-05-30,0,86
Duffel,2020-05-31,0,86
Duffel,2020-06-01,0,86
Duffel,2020-06-02,0,86
Duffel,2020-06-03,0,86
Duffel,2020-06-04,0,86
Duffel,2020-06-05,0,86
Duffel,2020-06-06,0,86
Duffel,2020-06-07,0,86
Duffel,2020-06-08,0,86
Duffel,2020-06-09,0,86
Duffel,2020-06-10,0,86
Duffel,2020-06-11,0,86
Duffel,2020-06-12,0,86
Duffel,2020-06-13,0,86
Duffel,2020-06-14,0,86
Duffel,2020-06-15,0,86
Duffel,2020-06-16,0,86
Duffel,2020-06-17,0,86
Duffel,2020-06-18,0,86
Duffel,2020-06-19,0,86
Duffel,2020-06-20,0,86
Duffel,2020-06-23,0,86
Duffel,2020-06-24,0,86
Duffel,2020-06-25,0,86
Duffel,2020-06-26,0,86
Duffel,2020-06-27,0,86
Duffel,2020-06-30,0,86
Duffel,2020-07-01,0,86
Duffel,2020-07-02,0,86
Duffel,2020-07-03,0,86
Duffel,2020-07-04,0,86
Duffel,2020-07-07,1,87
Duffel,2020-07-08,0,87
Duffel,2020-07-09,0,87
Duffel,2020-07-10,0,87
Duffel,2020-07-11,0,87
Duffel,2020-07-14,0,87
Duffel,2020-07-15,0,87
Duffel,2020-07-16,0,87
Duffel,2020-07-17,0,87
Duffel,2020-07-18,0,87
Duffel,2020-07-20,0,87
Duffel,2020-07-21,0,87
Duffel,2020-07-22,0,87
Duffel,2020-07-23,1,88
Duffel,2020-07-24,0,88
Duffel,2020-07-25,4,92
Duffel,2020-07-26,1,93
Duffel,2020-07-27,3,96
Duffel,2020-07-28,0,96
Duffel,2020-07-29,2,98
Duffel,2020-07-30,3,101
Duffel,2020-07-31,0,101
Heist-op-den-Berg,2020-04-01,0,51
Heist-op-den-Berg,2020-04-02,4,55
Heist-op-den-Berg,2020-04-03,5,60
Heist-op-den-Berg,2020-04-04,4,64
Heist-op-den-Berg,2020-04-05,4,68
Heist-op-den-Berg,2020-04-06,0,68
Heist-op-den-Berg,2020-04-07,1,69
Heist-op-den-Berg,2020-04-08,1,70
Heist-op-den-Berg,2020-04-09,5,75
Heist-op-den-Berg,2020-04-10,2,77
Heist-op-den-Berg,2020-04-11,10,87
Heist-op-den-Berg,2020-04-12,6,93
Heist-op-den-Berg,2020-04-13,10,103
Heist-op-den-Berg,2020-04-14,0,103
Heist-op-den-Berg,2020-04-15,2,105
Heist-op-den-Berg,2020-04-16,1,106
Heist-op-den-Berg,2020-04-17,2,108
Heist-op-den-Berg,2020-04-18,12,120
Heist-op-den-Berg,2020-04-19,4,124
Heist-op-den-Berg,2020-04-20,4,128
Heist-op-den-Berg,2020-04-21,2,130
Heist-op-den-Berg,2020-04-22,8,138
Heist-op-den-Berg,2020-04-23,0,138
Heist-op-den-Berg,2020-04-24,0,138
Heist-op-den-Berg,2020-04-25,0,138
Heist-op-den-Berg,2020-04-26,1,139
Heist-op-den-Berg,2020-04-27,3,142
Heist-op-den-Berg,2020-04-28,0,142
Heist-op-den-Berg,2020-04-29,1,143
Heist-op-den-Berg,2020-04-30,4,147
Heist-op-den-Berg,2020-05-01,0,147
Heist-op-den-Berg,2020-05-02,1,148
Heist-op-den-Berg,2020-05-03,1,149
Heist-op-den-Berg,2020-05-04,0,149
Heist-op-den-Berg,2020-05-05,0,149
Heist-op-den-Berg,2020-05-06,1,150
Heist-op-den-Berg,2020-05-07,2,152
Heist-op-den-Berg,2020-05-08,4,156
Heist-op-den-Berg,2020-05-09,41,197
Heist-op-den-Berg,2020-05-10,0,197
Heist-op-den-Berg,2020-05-11,0,197
Heist-op-den-Berg,2020-05-12,0,197
Heist-op-den-Berg,2020-05-13,1,198
Heist-op-den-Berg,2020-05-14,0,198
Heist-op-den-Berg,2020-05-15,0,198
Heist-op-den-Berg,2020-05-16,1,199
Heist-op-den-Berg,2020-05-17,0,199
Heist-op-den-Berg,2020-05-18,0,199
Heist-op-den-Berg,2020-05-19,0,199
Heist-op-den-Berg,2020-05-20,0,199
Heist-op-den-Berg,2020-05-21,0,199
Heist-op-den-Berg,2020-05-22,0,199
Heist-op-den-Berg,2020-05-23,0,199
Heist-op-den-Berg,2020-05-24,1,200
Heist-op-den-Berg,2020-05-25,0,200
Heist-op-den-Berg,2020-05-26,1,201
Heist-op-den-Berg,2020-05-27,0,201
Heist-op-den-Berg,2020-05-28,0,201
Heist-op-den-Berg,2020-05-29,0,201
Heist-op-den-Berg,2020-05-30,1,202
Heist-op-den-Berg,2020-05-31,0,202
Heist-op-den-Berg,2020-06-01,0,202
Heist-op-den-Berg,2020-06-02,0,202
Heist-op-den-Berg,2020-06-03,0,202
Heist-op-den-Berg,2020-06-04,0,202
Heist-op-den-Berg,2020-06-05,0,202
Heist-op-den-Berg,2020-06-06,0,202
Heist-op-den-Berg,2020-06-07,0,202
Heist-op-den-Berg,2020-06-08,2,204
Heist-op-den-Berg,2020-06-09,0,204
Heist-op-den-Berg,2020-06-10,0,204
Heist-op-den-Berg,2020-06-11,0,204
Heist-op-den-Berg,2020-06-12,0,204
Heist-op-den-Berg,2020-06-13,0,204
Heist-op-den-Berg,2020-06-14,0,204
Heist-op-den-Berg,2020-06-15,0,204
Heist-op-den-Berg,2020-06-16,0,204
Heist-op-den-Berg,2020-06-17,0,204
Heist-op-den-Berg,2020-06-18,1,205
Heist-op-den-Berg,2020-06-19,0,205
Heist-op-den-Berg,2020-06-20,0,205
Heist-op-den-Berg,2020-06-23,0,205
Heist-op-den-Berg,2020-06-24,0,205
Heist-op-den-Berg,2020-06-25,0,205
Heist-op-den-Berg,2020-06-26,0,205
Heist-op-den-Berg,2020-06-27,0,205
Heist-op-den-Berg,2020-06-30,0,205
Heist-op-den-Berg,2020-07-01,0,205
Heist-op-den-Berg,2020-07-02,0,205
Heist-op-den-Berg,2020-07-03,0,205
Heist-op-den-Berg,2020-07-04,0,205
Heist-op-den-Berg,2020-07-07,0,205
Heist-op-den-Berg,2020-07-08,0,205
Heist-op-den-Berg,2020-07-09,0,205
Heist-op-den-Berg,2020-07-10,0,205
Heist-op-den-Berg,2020-07-11,0,205
Heist-op-den-Berg,2020-07-14,0,205
Heist-op-den-Berg,2020-07-15,0,205
Heist-op-den-Berg,2020-07-16,1,206
Heist-op-den-Berg,2020-07-17,0,206
Heist-op-den-Berg,2020-07-18,4,210
Heist-op-den-Berg,2020-07-20,0,210
Heist-op-den-Berg,2020-07-21,0,210
Heist-op-den-Berg,2020-07-22,0,210
Heist-op-den-Berg,2020-07-23,0,210
Heist-op-den-Berg,2020-07-24,0,210
Heist-op-den-Berg,2020-07-25,2,212
Heist-op-den-Berg,2020-07-26,1,213
Heist-op-den-Berg,2020-07-27,1,214
Heist-op-den-Berg,2020-07-28,0,214
Heist-op-den-Berg,2020-07-29,0,214
Heist-op-den-Berg,2020-07-30,1,215
Heist-op-den-Berg,2020-07-31,1,216
Lier,2020-04-01,3,28
Lier,2020-04-02,7,35
Lier,2020-04-03,2,37
Lier,2020-04-04,3,40
Lier,2020-04-05,0,40
Lier,2020-04-06,1,41
Lier,2020-04-07,0,41
Lier,2020-04-08,5,46
Lier,2020-04-09,1,47
Lier,2020-04-10,3,50
Lier,2020-04-11,1,51
Lier,2020-04-12,1,52
Lier,2020-04-13,8,60
Lier,2020-04-14,3,63
Lier,2020-04-15,1,64
Lier,2020-04-16,1,65
Lier,2020-04-17,3,68
Lier,2020-04-18,1,69
Lier,2020-04-19,2,71
Lier,2020-04-20,2,73
Lier,2020-04-21,3,76
Lier,2020-04-22,1,77
Lier,2020-04-23,1,78
Lier,2020-04-24,0,78
Lier,2020-04-25,0,78
Lier,2020-04-26,3,81
Lier,2020-04-27,1,82
Lier,2020-04-28,0,82
Lier,2020-04-29,0,82
Lier,2020-04-30,3,85
Lier,2020-05-01,1,86
Lier,2020-05-02,2,88
Lier,2020-05-03,4,92
Lier,2020-05-04,0,92
Lier,2020-05-05,1,93
Lier,2020-05-06,0,93
Lier,2020-05-07,2,95
Lier,2020-05-08,2,97
Lier,2020-05-09,0,97
Lier,2020-05-10,6,103
Lier,2020-05-11,1,104
Lier,2020-05-12,0,104
Lier,2020-05-13,0,104
Lier,2020-05-14,2,106
Lier,2020-05-15,0,106
Lier,2020-05-16,0,106
Lier,2020-05-17,0,106
Lier,2020-05-18,0,106
Lier,2020-05-19,0,106
Lier,2020-05-20,0,106
Lier,2020-05-21,0,106
Lier,2020-05-22,1,107
Lier,2020-05-23,0,107
Lier,2020-05-24,1,108
Lier,2020-05-25,0,108
Lier,2020-05-26,0,108
Lier,2020-05-27,0,108
Lier,2020-05-28,1,109
Lier,2020-05-29,0,109
Lier,2020-05-30,0,109
Lier,2020-05-31,0,109
Lier,2020-06-01,1,110
Lier,2020-06-02,0,110
Lier,2020-06-03,0,110
Lier,2020-06-04,1,111
Lier,2020-06-05,0,111
Lier,2020-06-06,0,111
Lier,2020-06-07,0,111
Lier,2020-06-08,0,111
Lier,2020-06-09,0,111
Lier,2020-06-10,0,111
Lier,2020-06-11,0,111
Lier,2020-06-12,0,111
Lier,2020-06-13,0,111
Lier,2020-06-14,0,111
Lier,2020-06-15,0,111
Lier,2020-06-16,0,111
Lier,2020-06-17,0,111
Lier,2020-06-18,0,111
Lier,2020-06-19,0,111
Lier,2020-06-20,0,111
Lier,2020-06-23,1,112
Lier,2020-06-24,0,112
Lier,2020-06-25,0,112
Lier,2020-06-26,0,112
Lier,2020-06-27,0,112
Lier,2020-06-30,1,113
Lier,2020-07-01,0,113
Lier,2020-07-02,0,113
Lier,2020-07-03,0,113
Lier,2020-07-04,0,113
Lier,2020-07-07,0,113
Lier,2020-07-08,0,113
Lier,2020-07-09,0,113
Lier,2020-07-10,0,113
Lier,2020-07-11,0,113
Lier,2020-07-14,1,114
Lier,2020-07-15,0,114
Lier,2020-07-16,2,116
Lier,2020-07-17,1,117
Lier,2020-07-18,0,117
Lier,2020-07-20,1,118
Lier,2020-07-21,2,120
Lier,2020-07-22,0,120
Lier,2020-07-23,3,123
Lier,2020-07-24,2,125
Lier,2020-07-25,1,126
Lier,2020-07-26,0,126
Lier,2020-07-27,4,130
Lier,2020-07-28,3,133
Lier,2020-07-29,0,133
Lier,2020-07-30,3,136
Lier,2020-07-31,4,140
Mechelen,2020-04-01,3,71
Mechelen,2020-04-02,14,85
Mechelen,2020-04-03,16,101
Mechelen,2020-04-04,5,106
Mechelen,2020-04-05,7,113
Mechelen,2020-04-06,3,116
Mechelen,2020-04-07,6,122
Mechelen,2020-04-08,12,134
Mechelen,2020-04-09,10,144
Mechelen,2020-04-10,24,168
Mechelen,2020-04-11,1,169
Mechelen,2020-04-12,12,181
Mechelen,2020-04-13,3,184
Mechelen,2020-04-14,4,188
Mechelen,2020-04-15,50,238
Mechelen,2020-04-16,8,246
Mechelen,2020-04-17,1,247
Mechelen,2020-04-18,3,250
Mechelen,2020-04-19,1,251
Mechelen,2020-04-20,6,257
Mechelen,2020-04-21,6,263
Mechelen,2020-04-22,5,268
Mechelen,2020-04-23,2,270
Mechelen,2020-04-24,4,274
Mechelen,2020-04-25,3,277
Mechelen,2020-04-26,0,277
Mechelen,2020-04-27,2,279
Mechelen,2020-04-28,0,279
Mechelen,2020-04-29,5,284
Mechelen,2020-04-30,1,285
Mechelen,2020-05-01,7,292
Mechelen,2020-05-02,1,293
Mechelen,2020-05-03,0,293
Mechelen,2020-05-04,1,294
Mechelen,2020-05-05,3,297
Mechelen,2020-05-06,1,298
Mechelen,2020-05-07,1,299
Mechelen,2020-05-08,1,300
Mechelen,2020-05-09,2,302
Mechelen,2020-05-10,2,304
Mechelen,2020-05-11,0,304
Mechelen,2020-05-12,3,307
Mechelen,2020-05-13,1,308
Mechelen,2020-05-14,1,309
Mechelen,2020-05-15,1,310
Mechelen,2020-05-16,0,310
Mechelen,2020-05-17,2,312
Mechelen,2020-05-18,2,314
Mechelen,2020-05-19,1,315
Mechelen,2020-05-20,0,315
Mechelen,2020-05-21,1,316
Mechelen,2020-05-22,0,316
Mechelen,2020-05-23,0,316
Mechelen,2020-05-24,0,316
Mechelen,2020-05-25,0,316
Mechelen,2020-05-26,0,316
Mechelen,2020-05-27,1,317
Mechelen,2020-05-28,1,318
Mechelen,2020-05-29,0,318
Mechelen,2020-05-30,1,319
Mechelen,2020-05-31,0,319
Mechelen,2020-06-01,0,319
Mechelen,2020-06-02,0,319
Mechelen,2020-06-03,0,319
Mechelen,2020-06-04,0,319
Mechelen,2020-06-05,0,319
Mechelen,2020-06-06,0,319
Mechelen,2020-06-07,0,319
Mechelen,2020-06-08,0,319
Mechelen,2020-06-09,0,319
Mechelen,2020-06-10,0,319
Mechelen,2020-06-11,1,320
Mechelen,2020-06-12,1,321
Mechelen,2020-06-13,0,321
Mechelen,2020-06-14,2,323
Mechelen,2020-06-15,3,326
Mechelen,2020-06-16,0,326
Mechelen,2020-06-17,0,326
Mechelen,2020-06-18,0,326
Mechelen,2020-06-19,0,326
Mechelen,2020-06-20,0,326
Mechelen,2020-06-23,0,326
Mechelen,2020-06-24,1,327
Mechelen,2020-06-25,0,327
Mechelen,2020-06-26,0,327
Mechelen,2020-06-27,1,328
Mechelen,2020-06-30,1,329
Mechelen,2020-07-01,1,330
Mechelen,2020-07-02,0,330
Mechelen,2020-07-03,0,330
Mechelen,2020-07-04,2,332
Mechelen,2020-07-07,2,334
Mechelen,2020-07-08,1,335
Mechelen,2020-07-09,0,335
Mechelen,2020-07-10,2,337
Mechelen,2020-07-11,1,338
Mechelen,2020-07-14,0,338
Mechelen,2020-07-15,0,338
Mechelen,2020-07-16,0,338
Mechelen,2020-07-17,0,338
Mechelen,2020-07-18,1,339
Mechelen,2020-07-20,2,341
Mechelen,2020-07-21,4,345
Mechelen,2020-07-22,0,345
Mechelen,2020-07-23,5,350
Mechelen,2020-07-24,1,351
Mechelen,2020-07-25,1,352
Mechelen,2020-07-26,3,355
Mechelen,2020-07-27,3,358
Mechelen,2020-07-28,2,360
Mechelen,2020-07-29,1,361
Mechelen,2020-07-30,4,365
Mechelen,2020-07-31,5,370
Nijlen,2020-04-01,2,17
Nijlen,2020-04-02,3,20
Nijlen,2020-04-03,2,22
Nijlen,2020-04-04,6,28
Nijlen,2020-04-05,1,29
Nijlen,2020-04-06,2,31
Nijlen,2020-04-07,0,31
Nijlen,2020-04-08,2,33
Nijlen,2020-04-09,2,35
Nijlen,2020-04-10,1,36
Nijlen,2020-04-11,2,38
Nijlen,2020-04-12,1,39
Nijlen,2020-04-13,2,41
Nijlen,2020-04-14,0,41
Nijlen,2020-04-15,2,43
Nijlen,2020-04-16,3,46
Nijlen,2020-04-17,0,46
Nijlen,2020-04-18,1,47
Nijlen,2020-04-19,0,47
Nijlen,2020-04-20,1,48
Nijlen,2020-04-21,4,52
Nijlen,2020-04-22,1,53
Nijlen,2020-04-23,0,53
Nijlen,2020-04-24,1,54
Nijlen,2020-04-25,0,54
Nijlen,2020-04-26,0,54
Nijlen,2020-04-27,2,56
Nijlen,2020-04-28,1,57
Nijlen,2020-04-29,22,79
Nijlen,2020-04-30,0,79
Nijlen,2020-05-01,0,79
Nijlen,2020-05-02,2,81
Nijlen,2020-05-03,0,81
Nijlen,2020-05-04,6,87
Nijlen,2020-05-05,0,87
Nijlen,2020-05-06,1,88
Nijlen,2020-05-07,0,88
Nijlen,2020-05-08,0,88
Nijlen,2020-05-09,2,90
Nijlen,2020-05-10,7,97
Nijlen,2020-05-11,1,98
Nijlen,2020-05-12,1,99
Nijlen,2020-05-13,0,99
Nijlen,2020-05-14,0,99
Nijlen,2020-05-15,7,106
Nijlen,2020-05-16,1,107
Nijlen,2020-05-17,0,107
Nijlen,2020-05-18,0,107
Nijlen,2020-05-19,0,107
Nijlen,2020-05-20,0,107
Nijlen,2020-05-21,0,107
Nijlen,2020-05-22,0,107
Nijlen,2020-05-23,0,107
Nijlen,2020-05-24,0,107
Nijlen,2020-05-25,1,108
Nijlen,2020-05-26,0,108
Nijlen,2020-05-27,2,110
Nijlen,2020-05-28,0,110
Nijlen,2020-05-29,0,110
Nijlen,2020-05-30,0,110
Nijlen,2020-05-31,3,113
Nijlen,2020-06-01,0,113
Nijlen,2020-06-02,1,114
Nijlen,2020-06-03,0,114
Nijlen,2020-06-04,1,115
Nijlen,2020-06-05,0,115
Nijlen,2020-06-06,0,115
Nijlen,2020-06-07,0,115
Nijlen,2020-06-08,0,115
Nijlen,2020-06-09,0,115
Nijlen,2020-06-10,0,115
Nijlen,2020-06-11,0,115
Nijlen,2020-06-12,0,115
Nijlen,2020-06-13,0,115
Nijlen,2020-06-14,0,115
Nijlen,2020-06-15,1,116
Nijlen,2020-06-16,0,116
Nijlen,2020-06-17,1,117
Nijlen,2020-06-18,2,119
Nijlen,2020-06-19,0,119
Nijlen,2020-06-20,1,120
Nijlen,2020-06-23,0,120
Nijlen,2020-06-24,0,120
Nijlen,2020-06-25,1,121
Nijlen,2020-06-26,0,121
Nijlen,2020-06-27,1,122
Nijlen,2020-06-30,0,122
Nijlen,2020-07-01,0,122
Nijlen,2020-07-02,0,122
Nijlen,2020-07-03,0,122
Nijlen,2020-07-04,1,123
Nijlen,2020-07-07,0,123
Nijlen,2020-07-08,0,123
Nijlen,2020-07-09,0,123
Nijlen,2020-07-10,0,123
Nijlen,2020-07-11,0,123
Nijlen,2020-07-14,0,123
Nijlen,2020-07-15,0,123
Nijlen,2020-07-16,1,124
Nijlen,2020-07-17,0,124
Nijlen,2020-07-18,0,124
Nijlen,2020-07-20,0,124
Nijlen,2020-07-21,3,127
Nijlen,2020-07-22,0,127
Nijlen,2020-07-23,0,127
Nijlen,2020-07-24,0,127
Nijlen,2020-07-25,0,127
Nijlen,2020-07-26,1,128
Nijlen,2020-07-27,0,128
Nijlen,2020-07-28,0,128
Nijlen,2020-07-29,0,128
Nijlen,2020-07-30,0,128
Nijlen,2020-07-31,1,129
Putte,2020-04-01,1,9
Putte,2020-04-02,2,11
Putte,2020-04-03,0,11
Putte,2020-04-04,0,11
Putte,2020-04-05,1,12
Putte,2020-04-06,0,12
Putte,2020-04-07,0,12
Putte,2020-04-08,0,12
Putte,2020-04-09,1,13
Putte,2020-04-10,1,14
Putte,2020-04-11,4,18
Putte,2020-04-12,0,18
Putte,2020-04-13,0,18
Putte,2020-04-14,0,18
Putte,2020-04-15,0,18
Putte,2020-04-16,0,18
Putte,2020-04-17,0,18
Putte,2020-04-18,0,18
Putte,2020-04-19,0,18
Putte,2020-04-20,1,19
Putte,2020-04-21,1,20
Putte,2020-04-22,1,21
Putte,2020-04-23,0,21
Putte,2020-04-24,1,22
Putte,2020-04-25,0,22
Putte,2020-04-26,1,23
Putte,2020-04-27,2,25
Putte,2020-04-28,0,25
Putte,2020-04-29,0,25
Putte,2020-04-30,0,25
Putte,2020-05-01,0,25
Putte,2020-05-02,0,25
Putte,2020-05-03,0,25
Putte,2020-05-04,0,25
Putte,2020-05-05,0,25
Putte,2020-05-06,0,25
Putte,2020-05-07,0,25
Putte,2020-05-08,0,25
Putte,2020-05-09,0,25
Putte,2020-05-10,0,25
Putte,2020-05-11,0,25
Putte,2020-05-12,1,26
Putte,2020-05-13,0,26
Putte,2020-05-14,1,27
Putte,2020-05-15,0,27
Putte,2020-05-16,0,27
Putte,2020-05-17,2,29
Putte,2020-05-18,0,29
Putte,2020-05-19,2,31
Putte,2020-05-20,0,31
Putte,2020-05-21,0,31
Putte,2020-05-22,0,31
Putte,2020-05-23,0,31
Putte,2020-05-24,0,31
Putte,2020-05-25,0,31
Putte,2020-05-26,1,32
Putte,2020-05-27,2,34
Putte,2020-05-28,0,34
Putte,2020-05-29,0,34
Putte,2020-05-30,0,34
Putte,2020-05-31,0,34
Putte,2020-06-01,0,34
Putte,2020-06-02,0,34
Putte,2020-06-03,0,34
Putte,2020-06-04,0,34
Putte,2020-06-05,0,34
Putte,2020-06-06,0,34
Putte,2020-06-07,0,34
Putte,2020-06-08,0,34
Putte,2020-06-09,0,34
Putte,2020-06-10,0,34
Putte,2020-06-11,0,34
Putte,2020-06-12,0,34
Putte,2020-06-13,0,34
Putte,2020-06-14,0,34
Putte,2020-06-15,0,34
Putte,2020-06-16,0,34
Putte,2020-06-17,0,34
Putte,2020-06-18,0,34
Putte,2020-06-19,0,34
Putte,2020-06-20,0,34
Putte,2020-06-23,0,34
Putte,2020-06-24,0,34
Putte,2020-06-25,0,34
Putte,2020-06-26,0,34
Putte,2020-06-27,0,34
Putte,2020-06-30,0,34
Putte,2020-07-01,0,34
Putte,2020-07-02,1,35
Putte,2020-07-03,0,35
Putte,2020-07-04,0,35
Putte,2020-07-07,0,35
Putte,2020-07-08,0,35
Putte,2020-07-09,0,35
Putte,2020-07-10,0,35
Putte,2020-07-11,0,35
Putte,2020-07-14,0,35
Putte,2020-07-15,0,35
Putte,2020-07-16,0,35
Putte,2020-07-17,0,35
Putte,2020-07-18,0,35
Putte,2020-07-20,0,35
Putte,2020-07-21,0,35
Putte,2020-07-22,0,35
Putte,2020-07-23,0,35
Putte,2020-07-24,0,35
Putte,2020-07-25,2,37
Putte,2020-07-26,0,37
Putte,2020-07-27,0,37
Putte,2020-07-28,0,37
Putte,2020-07-29,1,38
Putte,2020-07-30,0,38
Putte,2020-07-31,1,39
Sint-Katelijne-Waver,2020-04-01,3,39
Sint-Katelijne-Waver,2020-04-02,5,44
Sint-Katelijne-Waver,2020-04-03,2,46
Sint-Katelijne-Waver,2020-04-04,5,51
Sint-Katelijne-Waver,2020-04-05,6,57
Sint-Katelijne-Waver,2020-04-06,0,57
Sint-Katelijne-Waver,2020-04-07,2,59
Sint-Katelijne-Waver,2020-04-08,3,62
Sint-Katelijne-Waver,2020-04-09,6,68
Sint-Katelijne-Waver,2020-04-10,2,70
Sint-Katelijne-Waver,2020-04-11,3,73
Sint-Katelijne-Waver,2020-04-12,8,81
Sint-Katelijne-Waver,2020-04-13,4,85
Sint-Katelijne-Waver,2020-04-14,6,91
Sint-Katelijne-Waver,2020-04-15,0,91
Sint-Katelijne-Waver,2020-04-16,12,103
Sint-Katelijne-Waver,2020-04-17,2,105
Sint-Katelijne-Waver,2020-04-18,0,105
Sint-Katelijne-Waver,2020-04-19,18,123
Sint-Katelijne-Waver,2020-04-20,4,127
Sint-Katelijne-Waver,2020-04-21,1,128
Sint-Katelijne-Waver,2020-04-22,2,130
Sint-Katelijne-Waver,2020-04-23,0,130
Sint-Katelijne-Waver,2020-04-24,9,139
Sint-Katelijne-Waver,2020-04-25,2,141
Sint-Katelijne-Waver,2020-04-26,0,141
Sint-Katelijne-Waver,2020-04-27,0,141
Sint-Katelijne-Waver,2020-04-28,0,141
Sint-Katelijne-Waver,2020-04-29,1,142
Sint-Katelijne-Waver,2020-04-30,3,145
Sint-Katelijne-Waver,2020-05-01,0,145
Sint-Katelijne-Waver,2020-05-02,0,145
Sint-Katelijne-Waver,2020-05-03,0,145
Sint-Katelijne-Waver,2020-05-04,1,146
Sint-Katelijne-Waver,2020-05-05,0,146
Sint-Katelijne-Waver,2020-05-06,0,146
Sint-Katelijne-Waver,2020-05-07,1,147
Sint-Katelijne-Waver,2020-05-08,0,147
Sint-Katelijne-Waver,2020-05-09,0,147
Sint-Katelijne-Waver,2020-05-10,0,147
Sint-Katelijne-Waver,2020-05-11,0,147
Sint-Katelijne-Waver,2020-05-12,0,147
Sint-Katelijne-Waver,2020-05-13,0,147
Sint-Katelijne-Waver,2020-05-14,0,147
Sint-Katelijne-Waver,2020-05-15,0,147
Sint-Katelijne-Waver,2020-05-16,0,147
Sint-Katelijne-Waver,2020-05-17,0,147
Sint-Katelijne-Waver,2020-05-18,0,147
Sint-Katelijne-Waver,2020-05-19,0,147
Sint-Katelijne-Waver,2020-05-20,0,147
Sint-Katelijne-Waver,2020-05-21,0,147
Sint-Katelijne-Waver,2020-05-22,0,147
Sint-Katelijne-Waver,2020-05-23,0,147
Sint-Katelijne-Waver,2020-05-24,0,147
Sint-Katelijne-Waver,2020-05-25,0,147
Sint-Katelijne-Waver,2020-05-26,0,147
Sint-Katelijne-Waver,2020-05-27,0,147
Sint-Katelijne-Waver,2020-05-28,0,147
Sint-Katelijne-Waver,2020-05-29,0,147
Sint-Katelijne-Waver,2020-05-30,0,147
Sint-Katelijne-Waver,2020-05-31,0,147
Sint-Katelijne-Waver,2020-06-01,0,147
Sint-Katelijne-Waver,2020-06-02,0,147
Sint-Katelijne-Waver,2020-06-03,0,147
Sint-Katelijne-Waver,2020-06-04,0,147
Sint-Katelijne-Waver,2020-06-05,0,147
Sint-Katelijne-Waver,2020-06-06,0,147
Sint-Katelijne-Waver,2020-06-07,0,147
Sint-Katelijne-Waver,2020-06-08,0,147
Sint-Katelijne-Waver,2020-06-09,0,147
Sint-Katelijne-Waver,2020-06-10,0,147
Sint-Katelijne-Waver,2020-06-11,0,147
Sint-Katelijne-Waver,2020-06-12,0,147
Sint-Katelijne-Waver,2020-06-13,0,147
Sint-Katelijne-Waver,2020-06-14,0,147
Sint-Katelijne-Waver,2020-06-15,0,147
Sint-Katelijne-Waver,2020-06-16,0,147
Sint-Katelijne-Waver,2020-06-17,0,147
Sint-Katelijne-Waver,2020-06-18,0,147
Sint-Katelijne-Waver,2020-06-19,0,147
Sint-Katelijne-Waver,2020-06-20,0,147
Sint-Katelijne-Waver,2020-06-23,0,147
Sint-Katelijne-Waver,2020-06-24,0,147
Sint-Katelijne-Waver,2020-06-25,0,147
Sint-Katelijne-Waver,2020-06-26,0,147
Sint-Katelijne-Waver,2020-06-27,0,147
Sint-Katelijne-Waver,2020-06-30,0,147
Sint-Katelijne-Waver,2020-07-01,1,148
Sint-Katelijne-Waver,2020-07-02,0,148
Sint-Katelijne-Waver,2020-07-03,0,148
Sint-Katelijne-Waver,2020-07-04,0,148
Sint-Katelijne-Waver,2020-07-07,0,148
Sint-Katelijne-Waver,2020-07-08,0,148
Sint-Katelijne-Waver,2020-07-09,0,148
Sint-Katelijne-Waver,2020-07-10,0,148
Sint-Katelijne-Waver,2020-07-11,0,148
Sint-Katelijne-Waver,2020-07-14,0,148
Sint-Katelijne-Waver,2020-07-15,0,148
Sint-Katelijne-Waver,2020-07-16,0,148
Sint-Katelijne-Waver,2020-07-17,0,148
Sint-Katelijne-Waver,2020-07-18,0,148
Sint-Katelijne-Waver,2020-07-20,1,149
Sint-Katelijne-Waver,2020-07-21,0,149
Sint-Katelijne-Waver,2020-07-22,0,149
Sint-Katelijne-Waver,2020-07-23,0,149
Sint-Katelijne-Waver,2020-07-24,0,149
Sint-Katelijne-Waver,2020-07-25,0,149
Sint-Katelijne-Waver,2020-07-26,0,149
Sint-Katelijne-Waver,2020-07-27,0,149
Sint-Katelijne-Waver,2020-07-28,1,150
Sint-Katelijne-Waver,2020-07-29,0,150
Sint-Katelijne-Waver,2020-07-30,0,150
Sint-Katelijne-Waver,2020-07-31,1,151
Willebroek,2020-04-01,1,26
Willebroek,2020-04-02,2,28
Willebroek,2020-04-03,11,39
Willebroek,2020-04-04,3,42
Willebroek,2020-04-05,3,45
Willebroek,2020-04-06,0,45
Willebroek,2020-04-07,1,46
Willebroek,2020-04-08,0,46
Willebroek,2020-04-09,2,48
Willebroek,2020-04-10,2,50
Willebroek,2020-04-11,2,52
Willebroek,2020-04-12,1,53
Willebroek,2020-04-13,1,54
Willebroek,2020-04-14,2,56
Willebroek,2020-04-15,1,57
Willebroek,2020-04-16,6,63
Willebroek,2020-04-17,2,65
Willebroek,2020-04-18,6,71
Willebroek,2020-04-19,2,73
Willebroek,2020-04-20,0,73
Willebroek,2020-04-21,3,76
Willebroek,2020-04-22,3,79
Willebroek,2020-04-23,0,79
Willebroek,2020-04-24,1,80
Willebroek,2020-04-25,1,81
Willebroek,2020-04-26,1,82
Willebroek,2020-04-27,0,82
Willebroek,2020-04-28,4,86
Willebroek,2020-04-29,1,87
Willebroek,2020-04-30,2,89
Willebroek,2020-05-01,1,90
Willebroek,2020-05-02,0,90
Willebroek,2020-05-03,0,90
Willebroek,2020-05-04,0,90
Willebroek,2020-05-05,0,90
Willebroek,2020-05-06,0,90
Willebroek,2020-05-07,1,91
Willebroek,2020-05-08,2,93
Willebroek,2020-05-09,2,95
Willebroek,2020-05-10,0,95
Willebroek,2020-05-11,2,97
Willebroek,2020-05-12,1,98
Willebroek,2020-05-13,0,98
Willebroek,2020-05-14,0,98
Willebroek,2020-05-15,1,99
Willebroek,2020-05-16,1,100
Willebroek,2020-05-17,0,100
Willebroek,2020-05-18,0,100
Willebroek,2020-05-19,0,100
Willebroek,2020-05-20,0,100
Willebroek,2020-05-21,0,100
Willebroek,2020-05-22,0,100
Willebroek,2020-05-23,0,100
Willebroek,2020-05-24,2,102
Willebroek,2020-05-25,0,102
Willebroek,2020-05-26,0,102
Willebroek,2020-05-27,1,103
Willebroek,2020-05-28,1,104
Willebroek,2020-05-29,2,106
Willebroek,2020-05-30,0,106
Willebroek,2020-05-31,1,107
Willebroek,2020-06-01,0,107
Willebroek,2020-06-02,1,108
Willebroek,2020-06-03,0,108
Willebroek,2020-06-04,0,108
Willebroek,2020-06-05,0,108
Willebroek,2020-06-06,0,108
Willebroek,2020-06-07,0,108
Willebroek,2020-06-08,0,108
Willebroek,2020-06-09,0,108
Willebroek,2020-06-10,0,108
Willebroek,2020-06-11,0,108
Willebroek,2020-06-12,0,108
Willebroek,2020-06-13,0,108
Willebroek,2020-06-14,0,108
Willebroek,2020-06-15,0,108
Willebroek,2020-06-16,0,108
Willebroek,2020-06-17,1,109
Willebroek,2020-06-18,0,109
Willebroek,2020-06-19,0,109
Willebroek,2020-06-20,0,109
Willebroek,2020-06-23,1,110
Willebroek,2020-06-24,0,110
Willebroek,2020-06-25,1,111
Willebroek,2020-06-26,0,111
Willebroek,2020-06-27,0,111
Willebroek,2020-06-30,0,111
Willebroek,2020-07-01,0,111
Willebroek,2020-07-02,0,111
Willebroek,2020-07-03,0,111
Willebroek,2020-07-04,0,111
Willebroek,2020-07-07,0,111
Willebroek,2020-07-08,0,111
Willebroek,2020-07-09,1,112
Willebroek,2020-07-10,0,112
Willebroek,2020-07-11,1,113
Willebroek,2020-07-14,0,113
Willebroek,2020-07-15,0,113
Willebroek,2020-07-16,0,113
Willebroek,2020-07-17,0,113
Willebroek,2020-07-18,0,113
Willebroek,2020-07-20,0,113
Willebroek,2020-07-21,1,114
Willebroek,2020-07-22,2,116
Willebroek,2020-07-23,0,116
Willebroek,2020-07-24,1,117
Willebroek,2020-07-25,1,118
Willebroek,2020-07-26,5,123
Willebroek,2020-07-27,0,123
Willebroek,2020-07-28,1,124
Willebroek,2020-07-29,0,124
Willebroek,2020-07-30,0,124
Willebroek,2020-07-31,0,124
Puurs-Sint-Amands,2020-04-01,6,44
Puurs-Sint-Amands,2020-04-02,2,46
Puurs-Sint-Amands,2020-04-03,9,55
Puurs-Sint-Amands,2020-04-04,5,60
Puurs-Sint-Amands,2020-04-05,6,66
Puurs-Sint-Amands,2020-04-06,2,68
Puurs-Sint-Amands,2020-04-07,0,68
Puurs-Sint-Amands,2020-04-08,5,73
Puurs-Sint-Amands,2020-04-09,6,79
Puurs-Sint-Amands,2020-04-10,4,83
Puurs-Sint-Amands,2020-04-11,2,85
Puurs-Sint-Amands,2020-04-12,6,91
Puurs-Sint-Amands,2020-04-13,0,91
Puurs-Sint-Amands,2020-04-14,18,109
Puurs-Sint-Amands,2020-04-15,1,110
Puurs-Sint-Amands,2020-04-16,7,117
Puurs-Sint-Amands,2020-04-17,2,119
Puurs-Sint-Amands,2020-04-18,1,120
Puurs-Sint-Amands,2020-04-19,1,121
Puurs-Sint-Amands,2020-04-20,8,129
Puurs-Sint-Amands,2020-04-21,3,132
Puurs-Sint-Amands,2020-04-22,3,135
Puurs-Sint-Amands,2020-04-23,2,137
Puurs-Sint-Amands,2020-04-24,3,140
Puurs-Sint-Amands,2020-04-25,1,141
Puurs-Sint-Amands,2020-04-26,0,141
Puurs-Sint-Amands,2020-04-27,2,143
Puurs-Sint-Amands,2020-04-28,0,143
Puurs-Sint-Amands,2020-04-29,0,143
Puurs-Sint-Amands,2020-04-30,0,143
Puurs-Sint-Amands,2020-05-01,1,144
Puurs-Sint-Amands,2020-05-02,1,145
Puurs-Sint-Amands,2020-05-03,0,145
Puurs-Sint-Amands,2020-05-04,1,146
Puurs-Sint-Amands,2020-05-05,0,146
Puurs-Sint-Amands,2020-05-06,6,152
Puurs-Sint-Amands,2020-05-07,1,153
Puurs-Sint-Amands,2020-05-08,0,153
Puurs-Sint-Amands,2020-05-09,2,155
Puurs-Sint-Amands,2020-05-10,0,155
Puurs-Sint-Amands,2020-05-11,0,155
Puurs-Sint-Amands,2020-05-12,0,155
Puurs-Sint-Amands,2020-05-13,0,155
Puurs-Sint-Amands,2020-05-14,2,157
Puurs-Sint-Amands,2020-05-15,0,157
Puurs-Sint-Amands,2020-05-16,1,158
Puurs-Sint-Amands,2020-05-17,0,158
Puurs-Sint-Amands,2020-05-18,1,159
Puurs-Sint-Amands,2020-05-19,1,160
Puurs-Sint-Amands,2020-05-20,0,160
Puurs-Sint-Amands,2020-05-21,4,164
Puurs-Sint-Amands,2020-05-22,2,166
Puurs-Sint-Amands,2020-05-23,0,166
Puurs-Sint-Amands,2020-05-24,0,166
Puurs-Sint-Amands,2020-05-25,1,167
Puurs-Sint-Amands,2020-05-26,0,167
Puurs-Sint-Amands,2020-05-27,0,167
Puurs-Sint-Amands,2020-05-28,0,167
Puurs-Sint-Amands,2020-05-29,0,167
Puurs-Sint-Amands,2020-05-30,0,167
Puurs-Sint-Amands,2020-05-31,0,167
Puurs-Sint-Amands,2020-06-01,1,168
Puurs-Sint-Amands,2020-06-02,0,168
Puurs-Sint-Amands,2020-06-03,0,168
Puurs-Sint-Amands,2020-06-04,0,168
Puurs-Sint-Amands,2020-06-05,0,168
Puurs-Sint-Amands,2020-06-06,1,169
Puurs-Sint-Amands,2020-06-07,0,169
Puurs-Sint-Amands,2020-06-08,0,169
Puurs-Sint-Amands,2020-06-09,0,169
Puurs-Sint-Amands,2020-06-10,0,169
Puurs-Sint-Amands,2020-06-11,0,169
Puurs-Sint-Amands,2020-06-12,1,170
Puurs-Sint-Amands,2020-06-13,0,170
Puurs-Sint-Amands,2020-06-14,0,170
Puurs-Sint-Amands,2020-06-15,0,170
Puurs-Sint-Amands,2020-06-16,0,170
Puurs-Sint-Amands,2020-06-17,1,171
Puurs-Sint-Amands,2020-06-18,0,171
Puurs-Sint-Amands,2020-06-19,0,171
Puurs-Sint-Amands,2020-06-20,0,171
Puurs-Sint-Amands,2020-06-23,0,171
Puurs-Sint-Amands,2020-06-24,0,171
Puurs-Sint-Amands,2020-06-25,0,171
Puurs-Sint-Amands,2020-06-26,0,171
Puurs-Sint-Amands,2020-06-27,0,171
Puurs-Sint-Amands,2020-06-30,0,171
Puurs-Sint-Amands,2020-07-01,2,173
Puurs-Sint-Amands,2020-07-02,0,173
Puurs-Sint-Amands,2020-07-03,0,173
Puurs-Sint-Amands,2020-07-04,0,173
Puurs-Sint-Amands,2020-07-07,0,173
Puurs-Sint-Amands,2020-07-08,0,173
Puurs-Sint-Amands,2020-07-09,0,173
Puurs-Sint-Amands,2020-07-10,3,176
Puurs-Sint-Amands,2020-07-11,1,177
Puurs-Sint-Amands,2020-07-14,0,177
Puurs-Sint-Amands,2020-07-15,0,177
Puurs-Sint-Amands,2020-07-16,0,177
Puurs-Sint-Amands,2020-07-17,0,177
Puurs-Sint-Amands,2020-07-18,0,177
Puurs-Sint-Amands,2020-07-20,0,177
Puurs-Sint-Amands,2020-07-21,0,177
Puurs-Sint-Amands,2020-07-22,0,177
Puurs-Sint-Amands,2020-07-23,0,177
Puurs-Sint-Amands,2020-07-24,1,178
Puurs-Sint-Amands,2020-07-25,0,178
Puurs-Sint-Amands,2020-07-26,0,178
Puurs-Sint-Amands,2020-07-27,0,178
Puurs-Sint-Amands,2020-07-28,0,178
Puurs-Sint-Amands,2020-07-29,0,178
Puurs-Sint-Amands,2020-07-30,1,179
Puurs-Sint-Amands,2020-07-31,0,179
Arendonk,2020-04-01,0,7
Arendonk,2020-04-02,0,7
Arendonk,2020-04-03,1,8
Arendonk,2020-04-04,2,10
Arendonk,2020-04-05,0,10
Arendonk,2020-04-06,0,10
Arendonk,2020-04-07,1,11
Arendonk,2020-04-08,0,11
Arendonk,2020-04-09,2,13
Arendonk,2020-04-10,0,13
Arendonk,2020-04-11,1,14
Arendonk,2020-04-12,0,14
Arendonk,2020-04-13,2,16
Arendonk,2020-04-14,0,16
Arendonk,2020-04-15,0,16
Arendonk,2020-04-16,1,17
Arendonk,2020-04-17,2,19
Arendonk,2020-04-18,1,20
Arendonk,2020-04-19,0,20
Arendonk,2020-04-20,1,21
Arendonk,2020-04-21,0,21
Arendonk,2020-04-22,0,21
Arendonk,2020-04-23,1,22
Arendonk,2020-04-24,1,23
Arendonk,2020-04-25,0,23
Arendonk,2020-04-26,0,23
Arendonk,2020-04-27,0,23
Arendonk,2020-04-28,0,23
Arendonk,2020-04-29,0,23
Arendonk,2020-04-30,2,25
Arendonk,2020-05-01,0,25
Arendonk,2020-05-02,0,25
Arendonk,2020-05-03,0,25
Arendonk,2020-05-04,0,25
Arendonk,2020-05-05,0,25
Arendonk,2020-05-06,0,25
Arendonk,2020-05-07,1,26
Arendonk,2020-05-08,0,26
Arendonk,2020-05-09,0,26
Arendonk,2020-05-10,1,27
Arendonk,2020-05-11,0,27
Arendonk,2020-05-12,1,28
Arendonk,2020-05-13,0,28
Arendonk,2020-05-14,1,29
Arendonk,2020-05-15,0,29
Arendonk,2020-05-16,0,29
Arendonk,2020-05-17,0,29
Arendonk,2020-05-18,1,30
Arendonk,2020-05-19,0,30
Arendonk,2020-05-20,0,30
Arendonk,2020-05-21,1,31
Arendonk,2020-05-22,0,31
Arendonk,2020-05-23,1,32
Arendonk,2020-05-24,3,35
Arendonk,2020-05-25,2,37
Arendonk,2020-05-26,0,37
Arendonk,2020-05-27,0,37
Arendonk,2020-05-28,0,37
Arendonk,2020-05-29,0,37
Arendonk,2020-05-30,0,37
Arendonk,2020-05-31,1,38
Arendonk,2020-06-01,0,38
Arendonk,2020-06-02,0,38
Arendonk,2020-06-03,0,38
Arendonk,2020-06-04,0,38
Arendonk,2020-06-05,0,38
Arendonk,2020-06-06,0,38
Arendonk,2020-06-07,0,38
Arendonk,2020-06-08,0,38
Arendonk,2020-06-09,0,38
Arendonk,2020-06-10,0,38
Arendonk,2020-06-11,1,39
Arendonk,2020-06-12,0,39
Arendonk,2020-06-13,0,39
Arendonk,2020-06-14,0,39
Arendonk,2020-06-15,0,39
Arendonk,2020-06-16,0,39
Arendonk,2020-06-17,0,39
Arendonk,2020-06-18,1,40
Arendonk,2020-06-19,0,40
Arendonk,2020-06-20,1,41
Arendonk,2020-06-23,4,45
Arendonk,2020-06-24,0,45
Arendonk,2020-06-25,0,45
Arendonk,2020-06-26,1,46
Arendonk,2020-06-27,1,47
Arendonk,2020-06-30,1,48
Arendonk,2020-07-01,0,48
Arendonk,2020-07-02,0,48
Arendonk,2020-07-03,0,48
Arendonk,2020-07-04,0,48
Arendonk,2020-07-07,1,49
Arendonk,2020-07-08,0,49
Arendonk,2020-07-09,1,50
Arendonk,2020-07-10,0,50
Arendonk,2020-07-11,0,50
Arendonk,2020-07-14,0,50
Arendonk,2020-07-15,0,50
Arendonk,2020-07-16,0,50
Arendonk,2020-07-17,0,50
Arendonk,2020-07-18,1,51
Arendonk,2020-07-20,0,51
Arendonk,2020-07-21,0,51
Arendonk,2020-07-22,0,51
Arendonk,2020-07-23,0,51
Arendonk,2020-07-24,0,51
Arendonk,2020-07-25,0,51
Arendonk,2020-07-26,3,54
Arendonk,2020-07-27,0,54
Arendonk,2020-07-28,0,54
Arendonk,2020-07-29,0,54
Arendonk,2020-07-30,1,55
Arendonk,2020-07-31,0,55
Baarle-Hertog,2020-04-01,0,0
Baarle-Hertog,2020-04-02,0,0
Baarle-Hertog,2020-04-03,0,0
Baarle-Hertog,2020-04-04,0,0
Baarle-Hertog,2020-04-05,0,0
Baarle-Hertog,2020-04-06,0,0
Baarle-Hertog,2020-04-07,0,0
Baarle-Hertog,2020-04-08,0,0
Baarle-Hertog,2020-04-09,5,5
Baarle-Hertog,2020-04-10,0,5
Baarle-Hertog,2020-04-11,0,5
Baarle-Hertog,2020-04-12,1,6
Baarle-Hertog,2020-04-13,0,6
Baarle-Hertog,2020-04-14,0,6
Baarle-Hertog,2020-04-15,0,6
Baarle-Hertog,2020-04-16,0,6
Baarle-Hertog,2020-04-17,0,6
Baarle-Hertog,2020-04-18,0,6
Baarle-Hertog,2020-04-19,0,6
Baarle-Hertog,2020-04-20,0,6
Baarle-Hertog,2020-04-21,0,6
Baarle-Hertog,2020-04-22,0,6
Baarle-Hertog,2020-04-23,0,6
Baarle-Hertog,2020-04-24,0,6
Baarle-Hertog,2020-04-25,0,6
Baarle-Hertog,2020-04-26,0,6
Baarle-Hertog,2020-04-27,0,6
Baarle-Hertog,2020-04-28,0,6
Baarle-Hertog,2020-04-29,0,6
Baarle-Hertog,2020-04-30,2,8
Baarle-Hertog,2020-05-01,0,8
Baarle-Hertog,2020-05-02,0,8
Baarle-Hertog,2020-05-03,0,8
Baarle-Hertog,2020-05-04,0,8
Baarle-Hertog,2020-05-05,0,8
Baarle-Hertog,2020-05-06,0,8
Baarle-Hertog,2020-05-07,0,8
Baarle-Hertog,2020-05-08,0,8
Baarle-Hertog,2020-05-09,0,8
Baarle-Hertog,2020-05-10,0,8
Baarle-Hertog,2020-05-11,1,9
Baarle-Hertog,2020-05-12,1,10
Baarle-Hertog,2020-05-13,0,10
Baarle-Hertog,2020-05-14,1,11
Baarle-Hertog,2020-05-15,0,11
Baarle-Hertog,2020-05-16,0,11
Baarle-Hertog,2020-05-17,0,11
Baarle-Hertog,2020-05-18,0,11
Baarle-Hertog,2020-05-19,0,11
Baarle-Hertog,2020-05-20,0,11
Baarle-Hertog,2020-05-21,0,11
Baarle-Hertog,2020-05-22,0,11
Baarle-Hertog,2020-05-23,0,11
Baarle-Hertog,2020-05-24,1,12
Baarle-Hertog,2020-05-25,0,12
Baarle-Hertog,2020-05-26,0,12
Baarle-Hertog,2020-05-27,0,12
Baarle-Hertog,2020-05-28,0,12
Baarle-Hertog,2020-05-29,0,12
Baarle-Hertog,2020-05-30,0,12
Baarle-Hertog,2020-05-31,0,12
Baarle-Hertog,2020-06-01,0,12
Baarle-Hertog,2020-06-02,0,12
Baarle-Hertog,2020-06-03,0,12
Baarle-Hertog,2020-06-04,0,12
Baarle-Hertog,2020-06-05,0,12
Baarle-Hertog,2020-06-06,0,12
Baarle-Hertog,2020-06-07,0,12
Baarle-Hertog,2020-06-08,0,12
Baarle-Hertog,2020-06-09,0,12
Baarle-Hertog,2020-06-10,0,12
Baarle-Hertog,2020-06-11,0,12
Baarle-Hertog,2020-06-12,0,12
Baarle-Hertog,2020-06-13,1,13
Baarle-Hertog,2020-06-14,0,13
Baarle-Hertog,2020-06-15,0,13
Baarle-Hertog,2020-06-16,0,13
Baarle-Hertog,2020-06-17,0,13
Baarle-Hertog,2020-06-18,0,13
Baarle-Hertog,2020-06-19,0,13
Baarle-Hertog,2020-06-20,0,13
Baarle-Hertog,2020-06-23,0,13
Baarle-Hertog,2020-06-24,0,13
Baarle-Hertog,2020-06-25,0,13
Baarle-Hertog,2020-06-26,0,13
Baarle-Hertog,2020-06-27,0,13
Baarle-Hertog,2020-06-30,0,13
Baarle-Hertog,2020-07-01,0,13
Baarle-Hertog,2020-07-02,0,13
Baarle-Hertog,2020-07-03,0,13
Baarle-Hertog,2020-07-04,0,13
Baarle-Hertog,2020-07-07,0,13
Baarle-Hertog,2020-07-08,0,13
Baarle-Hertog,2020-07-09,0,13
Baarle-Hertog,2020-07-10,0,13
Baarle-Hertog,2020-07-11,0,13
Baarle-Hertog,2020-07-14,0,13
Baarle-Hertog,2020-07-15,0,13
Baarle-Hertog,2020-07-16,0,13
Baarle-Hertog,2020-07-17,0,13
Baarle-Hertog,2020-07-18,0,13
Baarle-Hertog,2020-07-20,0,13
Baarle-Hertog,2020-07-21,0,13
Baarle-Hertog,2020-07-22,0,13
Baarle-Hertog,2020-07-23,0,13
Baarle-Hertog,2020-07-24,0,13
Baarle-Hertog,2020-07-25,0,13
Baarle-Hertog,2020-07-26,1,14
Baarle-Hertog,2020-07-27,0,14
Baarle-Hertog,2020-07-28,0,14
Baarle-Hertog,2020-07-29,0,14
Baarle-Hertog,2020-07-30,0,14
Baarle-Hertog,2020-07-31,0,14
Balen,2020-04-01,0,20
Balen,2020-04-02,2,22
Balen,2020-04-03,1,23
Balen,2020-04-04,3,26
Balen,2020-04-05,0,26
Balen,2020-04-06,1,27
Balen,2020-04-07,0,27
Balen,2020-04-08,2,29
Balen,2020-04-09,0,29
Balen,2020-04-10,0,29
Balen,2020-04-11,1,30
Balen,2020-04-12,2,32
Balen,2020-04-13,1,33
Balen,2020-04-14,0,33
Balen,2020-04-15,0,33
Balen,2020-04-16,0,33
Balen,2020-04-17,0,33
Balen,2020-04-18,0,33
Balen,2020-04-19,0,33
Balen,2020-04-20,0,33
Balen,2020-04-21,1,34
Balen,2020-04-22,0,34
Balen,2020-04-23,0,34
Balen,2020-04-24,3,37
Balen,2020-04-25,0,37
Balen,2020-04-26,0,37
Balen,2020-04-27,2,39
Balen,2020-04-28,0,39
Balen,2020-04-29,1,40
Balen,2020-04-30,4,44
Balen,2020-05-01,0,44
Balen,2020-05-02,0,44
Balen,2020-05-03,0,44
Balen,2020-05-04,0,44
Balen,2020-05-05,0,44
Balen,2020-05-06,0,44
Balen,2020-05-07,1,45
Balen,2020-05-08,0,45
Balen,2020-05-09,0,45
Balen,2020-05-10,0,45
Balen,2020-05-11,0,45
Balen,2020-05-12,0,45
Balen,2020-05-13,0,45
Balen,2020-05-14,0,45
Balen,2020-05-15,2,47
Balen,2020-05-16,0,47
Balen,2020-05-17,0,47
Balen,2020-05-18,0,47
Balen,2020-05-19,1,48
Balen,2020-05-20,0,48
Balen,2020-05-21,1,49
Balen,2020-05-22,0,49
Balen,2020-05-23,0,49
Balen,2020-05-24,0,49
Balen,2020-05-25,0,49
Balen,2020-05-26,0,49
Balen,2020-05-27,0,49
Balen,2020-05-28,0,49
Balen,2020-05-29,0,49
Balen,2020-05-30,0,49
Balen,2020-05-31,0,49
Balen,2020-06-01,0,49
Balen,2020-06-02,0,49
Balen,2020-06-03,0,49
Balen,2020-06-04,0,49
Balen,2020-06-05,0,49
Balen,2020-06-06,1,50
Balen,2020-06-07,0,50
Balen,2020-06-08,0,50
Balen,2020-06-09,1,51
Balen,2020-06-10,0,51
Balen,2020-06-11,0,51
Balen,2020-06-12,0,51
Balen,2020-06-13,0,51
Balen,2020-06-14,1,52
Balen,2020-06-15,0,52
Balen,2020-06-16,0,52
Balen,2020-06-17,0,52
Balen,2020-06-18,0,52
Balen,2020-06-19,0,52
Balen,2020-06-20,0,52
Balen,2020-06-23,0,52
Balen,2020-06-24,0,52
Balen,2020-06-25,0,52
Balen,2020-06-26,0,52
Balen,2020-06-27,1,53
Balen,2020-06-30,0,53
Balen,2020-07-01,0,53
Balen,2020-07-02,0,53
Balen,2020-07-03,0,53
Balen,2020-07-04,0,53
Balen,2020-07-07,0,53
Balen,2020-07-08,0,53
Balen,2020-07-09,0,53
Balen,2020-07-10,0,53
Balen,2020-07-11,0,53
Balen,2020-07-14,1,54
Balen,2020-07-15,0,54
Balen,2020-07-16,0,54
Balen,2020-07-17,0,54
Balen,2020-07-18,0,54
Balen,2020-07-20,1,55
Balen,2020-07-21,0,55
Balen,2020-07-22,2,57
Balen,2020-07-23,0,57
Balen,2020-07-24,1,58
Balen,2020-07-25,2,60
Balen,2020-07-26,0,60
Balen,2020-07-27,1,61
Balen,2020-07-28,0,61
Balen,2020-07-29,0,61
Balen,2020-07-30,0,61
Balen,2020-07-31,0,61
Beerse,2020-04-01,2,14
Beerse,2020-04-02,2,16
Beerse,2020-04-03,1,17
Beerse,2020-04-04,3,20
Beerse,2020-04-05,0,20
Beerse,2020-04-06,1,21
Beerse,2020-04-07,0,21
Beerse,2020-04-08,1,22
Beerse,2020-04-09,3,25
Beerse,2020-04-10,1,26
Beerse,2020-04-11,1,27
Beerse,2020-04-12,0,27
Beerse,2020-04-13,0,27
Beerse,2020-04-14,0,27
Beerse,2020-04-15,0,27
Beerse,2020-04-16,2,29
Beerse,2020-04-17,0,29
Beerse,2020-04-18,0,29
Beerse,2020-04-19,2,31
Beerse,2020-04-20,1,32
Beerse,2020-04-21,0,32
Beerse,2020-04-22,0,32
Beerse,2020-04-23,0,32
Beerse,2020-04-24,3,35
Beerse,2020-04-25,0,35
Beerse,2020-04-26,0,35
Beerse,2020-04-27,0,35
Beerse,2020-04-28,0,35
Beerse,2020-04-29,0,35
Beerse,2020-04-30,2,37
Beerse,2020-05-01,0,37
Beerse,2020-05-02,0,37
Beerse,2020-05-03,0,37
Beerse,2020-05-04,1,38
Beerse,2020-05-05,0,38
Beerse,2020-05-06,1,39
Beerse,2020-05-07,1,40
Beerse,2020-05-08,1,41
Beerse,2020-05-09,0,41
Beerse,2020-05-10,0,41
Beerse,2020-05-11,3,44
Beerse,2020-05-12,1,45
Beerse,2020-05-13,1,46
Beerse,2020-05-14,2,48
Beerse,2020-05-15,1,49
Beerse,2020-05-16,0,49
Beerse,2020-05-17,2,51
Beerse,2020-05-18,0,51
Beerse,2020-05-19,0,51
Beerse,2020-05-20,0,51
Beerse,2020-05-21,0,51
Beerse,2020-05-22,1,52
Beerse,2020-05-23,0,52
Beerse,2020-05-24,0,52
Beerse,2020-05-25,0,52
Beerse,2020-05-26,0,52
Beerse,2020-05-27,0,52
Beerse,2020-05-28,0,52
Beerse,2020-05-29,0,52
Beerse,2020-05-30,0,52
Beerse,2020-05-31,0,52
Beerse,2020-06-01,0,52
Beerse,2020-06-02,0,52
Beerse,2020-06-03,0,52
Beerse,2020-06-04,0,52
Beerse,2020-06-05,0,52
Beerse,2020-06-06,0,52
Beerse,2020-06-07,0,52
Beerse,2020-06-08,0,52
Beerse,2020-06-09,1,53
Beerse,2020-06-10,0,53
Beerse,2020-06-11,0,53
Beerse,2020-06-12,0,53
Beerse,2020-06-13,1,54
Beerse,2020-06-14,0,54
Beerse,2020-06-15,0,54
Beerse,2020-06-16,0,54
Beerse,2020-06-17,0,54
Beerse,2020-06-18,1,55
Beerse,2020-06-19,1,56
Beerse,2020-06-20,0,56
Beerse,2020-06-23,0,56
Beerse,2020-06-24,0,56
Beerse,2020-06-25,0,56
Beerse,2020-06-26,1,57
Beerse,2020-06-27,0,57
Beerse,2020-06-30,1,58
Beerse,2020-07-01,0,58
Beerse,2020-07-02,0,58
Beerse,2020-07-03,0,58
Beerse,2020-07-04,0,58
Beerse,2020-07-07,0,58
Beerse,2020-07-08,0,58
Beerse,2020-07-09,0,58
Beerse,2020-07-10,0,58
Beerse,2020-07-11,0,58
Beerse,2020-07-14,1,59
Beerse,2020-07-15,0,59
Beerse,2020-07-16,2,61
Beerse,2020-07-17,0,61
Beerse,2020-07-18,0,61
Beerse,2020-07-20,0,61
Beerse,2020-07-21,0,61
Beerse,2020-07-22,0,61
Beerse,2020-07-23,1,62
Beerse,2020-07-24,0,62
Beerse,2020-07-25,0,62
Beerse,2020-07-26,0,62
Beerse,2020-07-27,0,62
Beerse,2020-07-28,1,63
Beerse,2020-07-29,0,63
Beerse,2020-07-30,1,64
Beerse,2020-07-31,0,64
Dessel,2020-04-01,0,0
Dessel,2020-04-02,0,0
Dessel,2020-04-03,5,5
Dessel,2020-04-04,1,6
Dessel,2020-04-05,0,6
Dessel,2020-04-06,0,6
Dessel,2020-04-07,0,6
Dessel,2020-04-08,1,7
Dessel,2020-04-09,2,9
Dessel,2020-04-10,0,9
Dessel,2020-04-11,0,9
Dessel,2020-04-12,0,9
Dessel,2020-04-13,0,9
Dessel,2020-04-14,0,9
Dessel,2020-04-15,0,9
Dessel,2020-04-16,0,9
Dessel,2020-04-17,0,9
Dessel,2020-04-18,1,10
Dessel,2020-04-19,0,10
Dessel,2020-04-20,1,11
Dessel,2020-04-21,0,11
Dessel,2020-04-22,0,11
Dessel,2020-04-23,1,12
Dessel,2020-04-24,1,13
Dessel,2020-04-25,0,13
Dessel,2020-04-26,0,13
Dessel,2020-04-27,0,13
Dessel,2020-04-28,0,13
Dessel,2020-04-29,0,13
Dessel,2020-04-30,1,14
Dessel,2020-05-01,0,14
Dessel,2020-05-02,3,17
Dessel,2020-05-03,0,17
Dessel,2020-05-04,0,17
Dessel,2020-05-05,0,17
Dessel,2020-05-06,0,17
Dessel,2020-05-07,2,19
Dessel,2020-05-08,0,19
Dessel,2020-05-09,0,19
Dessel,2020-05-10,2,21
Dessel,2020-05-11,0,21
Dessel,2020-05-12,0,21
Dessel,2020-05-13,0,21
Dessel,2020-05-14,0,21
Dessel,2020-05-15,0,21
Dessel,2020-05-16,0,21
Dessel,2020-05-17,0,21
Dessel,2020-05-18,0,21
Dessel,2020-05-19,0,21
Dessel,2020-05-20,0,21
Dessel,2020-05-21,0,21
Dessel,2020-05-22,0,21
Dessel,2020-05-23,0,21
Dessel,2020-05-24,0,21
Dessel,2020-05-25,0,21
Dessel,2020-05-26,0,21
Dessel,2020-05-27,0,21
Dessel,2020-05-28,0,21
Dessel,2020-05-29,0,21
Dessel,2020-05-30,1,22
Dessel,2020-05-31,0,22
Dessel,2020-06-01,0,22
Dessel,2020-06-02,0,22
Dessel,2020-06-03,0,22
Dessel,2020-06-04,0,22
Dessel,2020-06-05,1,23
Dessel,2020-06-06,0,23
Dessel,2020-06-07,0,23
Dessel,2020-06-08,0,23
Dessel,2020-06-09,0,23
Dessel,2020-06-10,0,23
Dessel,2020-06-11,0,23
Dessel,2020-06-12,0,23
Dessel,2020-06-13,0,23
Dessel,2020-06-14,0,23
Dessel,2020-06-15,0,23
Dessel,2020-06-16,0,23
Dessel,2020-06-17,0,23
Dessel,2020-06-18,0,23
Dessel,2020-06-19,0,23
Dessel,2020-06-20,0,23
Dessel,2020-06-23,0,23
Dessel,2020-06-24,0,23
Dessel,2020-06-25,0,23
Dessel,2020-06-26,0,23
Dessel,2020-06-27,0,23
Dessel,2020-06-30,0,23
Dessel,2020-07-01,0,23
Dessel,2020-07-02,0,23
Dessel,2020-07-03,0,23
Dessel,2020-07-04,0,23
Dessel,2020-07-07,0,23
Dessel,2020-07-08,0,23
Dessel,2020-07-09,0,23
Dessel,2020-07-10,0,23
Dessel,2020-07-11,0,23
Dessel,2020-07-14,0,23
Dessel,2020-07-15,0,23
Dessel,2020-07-16,0,23
Dessel,2020-07-17,0,23
Dessel,2020-07-18,0,23
Dessel,2020-07-20,0,23
Dessel,2020-07-21,0,23
Dessel,2020-07-22,0,23
Dessel,2020-07-23,1,24
Dessel,2020-07-24,0,24
Dessel,2020-07-25,0,24
Dessel,2020-07-26,0,24
Dessel,2020-07-27,0,24
Dessel,2020-07-28,0,24
Dessel,2020-07-29,0,24
Dessel,2020-07-30,0,24
Dessel,2020-07-31,1,25
Geel,2020-04-01,3,57
Geel,2020-04-02,5,62
Geel,2020-04-03,4,66
Geel,2020-04-04,6,72
Geel,2020-04-05,4,76
Geel,2020-04-06,5,81
Geel,2020-04-07,2,83
Geel,2020-04-08,1,84
Geel,2020-04-09,9,93
Geel,2020-04-10,1,94
Geel,2020-04-11,5,99
Geel,2020-04-12,3,102
Geel,2020-04-13,15,117
Geel,2020-04-14,0,117
Geel,2020-04-15,1,118
Geel,2020-04-16,0,118
Geel,2020-04-17,2,120
Geel,2020-04-18,0,120
Geel,2020-04-19,0,120
Geel,2020-04-20,3,123
Geel,2020-04-21,0,123
Geel,2020-04-22,0,123
Geel,2020-04-23,5,128
Geel,2020-04-24,8,136
Geel,2020-04-25,0,136
Geel,2020-04-26,0,136
Geel,2020-04-27,1,137
Geel,2020-04-28,0,137
Geel,2020-04-29,0,137
Geel,2020-04-30,0,137
Geel,2020-05-01,0,137
Geel,2020-05-02,1,138
Geel,2020-05-03,2,140
Geel,2020-05-04,8,148
Geel,2020-05-05,0,148
Geel,2020-05-06,0,148
Geel,2020-05-07,0,148
Geel,2020-05-08,1,149
Geel,2020-05-09,1,150
Geel,2020-05-10,3,153
Geel,2020-05-11,2,155
Geel,2020-05-12,0,155
Geel,2020-05-13,0,155
Geel,2020-05-14,1,156
Geel,2020-05-15,1,157
Geel,2020-05-16,2,159
Geel,2020-05-17,0,159
Geel,2020-05-18,0,159
Geel,2020-05-19,1,160
Geel,2020-05-20,0,160
Geel,2020-05-21,0,160
Geel,2020-05-22,1,161
Geel,2020-05-23,1,162
Geel,2020-05-24,3,165
Geel,2020-05-25,0,165
Geel,2020-05-26,-1,164
Geel,2020-05-27,1,165
Geel,2020-05-28,2,167
Geel,2020-05-29,0,167
Geel,2020-05-30,0,167
Geel,2020-05-31,0,167
Geel,2020-06-01,0,167
Geel,2020-06-02,0,167
Geel,2020-06-03,0,167
Geel,2020-06-04,0,167
Geel,2020-06-05,0,167
Geel,2020-06-06,0,167
Geel,2020-06-07,0,167
Geel,2020-06-08,0,167
Geel,2020-06-09,0,167
Geel,2020-06-10,0,167
Geel,2020-06-11,1,168
Geel,2020-06-12,0,168
Geel,2020-06-13,0,168
Geel,2020-06-14,0,168
Geel,2020-06-15,0,168
Geel,2020-06-16,0,168
Geel,2020-06-17,0,168
Geel,2020-06-18,0,168
Geel,2020-06-19,0,168
Geel,2020-06-20,0,168
Geel,2020-06-23,1,169
Geel,2020-06-24,0,169
Geel,2020-06-25,0,169
Geel,2020-06-26,0,169
Geel,2020-06-27,0,169
Geel,2020-06-30,0,169
Geel,2020-07-01,0,169
Geel,2020-07-02,0,169
Geel,2020-07-03,0,169
Geel,2020-07-04,0,169
Geel,2020-07-07,0,169
Geel,2020-07-08,0,169
Geel,2020-07-09,0,169
Geel,2020-07-10,0,169
Geel,2020-07-11,2,171
Geel,2020-07-14,1,172
Geel,2020-07-15,0,172
Geel,2020-07-16,0,172
Geel,2020-07-17,0,172
Geel,2020-07-18,0,172
Geel,2020-07-20,2,174
Geel,2020-07-21,0,174
Geel,2020-07-22,0,174
Geel,2020-07-23,0,174
Geel,2020-07-24,0,174
Geel,2020-07-25,2,176
Geel,2020-07-26,0,176
Geel,2020-07-27,1,177
Geel,2020-07-28,1,178
Geel,2020-07-29,0,178
Geel,2020-07-30,2,180
Geel,2020-07-31,2,182
Grobbendonk,2020-04-01,1,19
Grobbendonk,2020-04-02,2,21
Grobbendonk,2020-04-03,3,24
Grobbendonk,2020-04-04,0,24
Grobbendonk,2020-04-05,1,25
Grobbendonk,2020-04-06,1,26
Grobbendonk,2020-04-07,0,26
Grobbendonk,2020-04-08,1,27
Grobbendonk,2020-04-09,1,28
Grobbendonk,2020-04-10,1,29
Grobbendonk,2020-04-11,1,30
Grobbendonk,2020-04-12,0,30
Grobbendonk,2020-04-13,1,31
Grobbendonk,2020-04-14,1,32
Grobbendonk,2020-04-15,0,32
Grobbendonk,2020-04-16,1,33
Grobbendonk,2020-04-17,2,35
Grobbendonk,2020-04-18,2,37
Grobbendonk,2020-04-19,2,39
Grobbendonk,2020-04-20,1,40
Grobbendonk,2020-04-21,2,42
Grobbendonk,2020-04-22,5,47
Grobbendonk,2020-04-23,1,48
Grobbendonk,2020-04-24,1,49
Grobbendonk,2020-04-25,1,50
Grobbendonk,2020-04-26,0,50
Grobbendonk,2020-04-27,1,51
Grobbendonk,2020-04-28,0,51
Grobbendonk,2020-04-29,1,52
Grobbendonk,2020-04-30,0,52
Grobbendonk,2020-05-01,0,52
Grobbendonk,2020-05-02,0,52
Grobbendonk,2020-05-03,0,52
Grobbendonk,2020-05-04,1,53
Grobbendonk,2020-05-05,0,53
Grobbendonk,2020-05-06,0,53
Grobbendonk,2020-05-07,0,53
Grobbendonk,2020-05-08,0,53
Grobbendonk,2020-05-09,0,53
Grobbendonk,2020-05-10,3,56
Grobbendonk,2020-05-11,0,56
Grobbendonk,2020-05-12,0,56
Grobbendonk,2020-05-13,0,56
Grobbendonk,2020-05-14,0,56
Grobbendonk,2020-05-15,0,56
Grobbendonk,2020-05-16,0,56
Grobbendonk,2020-05-17,0,56
Grobbendonk,2020-05-18,0,56
Grobbendonk,2020-05-19,0,56
Grobbendonk,2020-05-20,0,56
Grobbendonk,2020-05-21,0,56
Grobbendonk,2020-05-22,0,56
Grobbendonk,2020-05-23,1,57
Grobbendonk,2020-05-24,0,57
Grobbendonk,2020-05-25,0,57
Grobbendonk,2020-05-26,0,57
Grobbendonk,2020-05-27,0,57
Grobbendonk,2020-05-28,0,57
Grobbendonk,2020-05-29,1,58
Grobbendonk,2020-05-30,0,58
Grobbendonk,2020-05-31,0,58
Grobbendonk,2020-06-01,0,58
Grobbendonk,2020-06-02,0,58
Grobbendonk,2020-06-03,0,58
Grobbendonk,2020-06-04,0,58
Grobbendonk,2020-06-05,0,58
Grobbendonk,2020-06-06,0,58
Grobbendonk,2020-06-07,0,58
Grobbendonk,2020-06-08,0,58
Grobbendonk,2020-06-09,0,58
Grobbendonk,2020-06-10,0,58
Grobbendonk,2020-06-11,0,58
Grobbendonk,2020-06-12,0,58
Grobbendonk,2020-06-13,0,58
Grobbendonk,2020-06-14,0,58
Grobbendonk,2020-06-15,0,58
Grobbendonk,2020-06-16,0,58
Grobbendonk,2020-06-17,0,58
Grobbendonk,2020-06-18,0,58
Grobbendonk,2020-06-19,0,58
Grobbendonk,2020-06-20,0,58
Grobbendonk,2020-06-23,0,58
Grobbendonk,2020-06-24,0,58
Grobbendonk,2020-06-25,0,58
Grobbendonk,2020-06-26,0,58
Grobbendonk,2020-06-27,0,58
Grobbendonk,2020-06-30,0,58
Grobbendonk,2020-07-01,0,58
Grobbendonk,2020-07-02,0,58
Grobbendonk,2020-07-03,0,58
Grobbendonk,2020-07-04,0,58
Grobbendonk,2020-07-07,0,58
Grobbendonk,2020-07-08,0,58
Grobbendonk,2020-07-09,0,58
Grobbendonk,2020-07-10,0,58
Grobbendonk,2020-07-11,0,58
Grobbendonk,2020-07-14,0,58
Grobbendonk,2020-07-15,0,58
Grobbendonk,2020-07-16,0,58
Grobbendonk,2020-07-17,0,58
Grobbendonk,2020-07-18,0,58
Grobbendonk,2020-07-20,0,58
Grobbendonk,2020-07-21,0,58
Grobbendonk,2020-07-22,0,58
Grobbendonk,2020-07-23,1,59
Grobbendonk,2020-07-24,0,59
Grobbendonk,2020-07-25,0,59
Grobbendonk,2020-07-26,0,59
Grobbendonk,2020-07-27,0,59
Grobbendonk,2020-07-28,0,59
Grobbendonk,2020-07-29,0,59
Grobbendonk,2020-07-30,0,59
Grobbendonk,2020-07-31,0,59
Herentals,2020-04-01,5,23
Herentals,2020-04-02,5,28
Herentals,2020-04-03,6,34
Herentals,2020-04-04,5,39
Herentals,2020-04-05,1,40
Herentals,2020-04-06,1,41
Herentals,2020-04-07,0,41
Herentals,2020-04-08,2,43
Herentals,2020-04-09,2,45
Herentals,2020-04-10,2,47
Herentals,2020-04-11,1,48
Herentals,2020-04-12,13,61
Herentals,2020-04-13,3,64
Herentals,2020-04-14,0,64
Herentals,2020-04-15,1,65
Herentals,2020-04-16,2,67
Herentals,2020-04-17,1,68
Herentals,2020-04-18,0,68
Herentals,2020-04-19,2,70
Herentals,2020-04-20,2,72
Herentals,2020-04-21,0,72
Herentals,2020-04-22,0,72
Herentals,2020-04-23,0,72
Herentals,2020-04-24,3,75
Herentals,2020-04-25,0,75
Herentals,2020-04-26,1,76
Herentals,2020-04-27,0,76
Herentals,2020-04-28,0,76
Herentals,2020-04-29,0,76
Herentals,2020-04-30,3,79
Herentals,2020-05-01,1,80
Herentals,2020-05-02,0,80
Herentals,2020-05-03,0,80
Herentals,2020-05-04,5,85
Herentals,2020-05-05,0,85
Herentals,2020-05-06,0,85
Herentals,2020-05-07,5,90
Herentals,2020-05-08,2,92
Herentals,2020-05-09,0,92
Herentals,2020-05-10,0,92
Herentals,2020-05-11,1,93
Herentals,2020-05-12,0,93
Herentals,2020-05-13,2,95
Herentals,2020-05-14,3,98
Herentals,2020-05-15,3,101
Herentals,2020-05-16,1,102
Herentals,2020-05-17,0,102
Herentals,2020-05-18,1,103
Herentals,2020-05-19,1,104
Herentals,2020-05-20,1,105
Herentals,2020-05-21,0,105
Herentals,2020-05-22,0,105
Herentals,2020-05-23,0,105
Herentals,2020-05-24,2,107
Herentals,2020-05-25,0,107
Herentals,2020-05-26,0,107
Herentals,2020-05-27,0,107
Herentals,2020-05-28,1,108
Herentals,2020-05-29,0,108
Herentals,2020-05-30,0,108
Herentals,2020-05-31,0,108
Herentals,2020-06-01,0,108
Herentals,2020-06-02,0,108
Herentals,2020-06-03,0,108
Herentals,2020-06-04,1,109
Herentals,2020-06-05,0,109
Herentals,2020-06-06,0,109
Herentals,2020-06-07,0,109
Herentals,2020-06-08,0,109
Herentals,2020-06-09,0,109
Herentals,2020-06-10,0,109
Herentals,2020-06-11,0,109
Herentals,2020-06-12,0,109
Herentals,2020-06-13,0,109
Herentals,2020-06-14,0,109
Herentals,2020-06-15,0,109
Herentals,2020-06-16,0,109
Herentals,2020-06-17,0,109
Herentals,2020-06-18,0,109
Herentals,2020-06-19,0,109
Herentals,2020-06-20,0,109
Herentals,2020-06-23,0,109
Herentals,2020-06-24,0,109
Herentals,2020-06-25,0,109
Herentals,2020-06-26,0,109
Herentals,2020-06-27,0,109
Herentals,2020-06-30,0,109
Herentals,2020-07-01,0,109
Herentals,2020-07-02,1,110
Herentals,2020-07-03,0,110
Herentals,2020-07-04,0,110
Herentals,2020-07-07,0,110
Herentals,2020-07-08,0,110
Herentals,2020-07-09,0,110
Herentals,2020-07-10,0,110
Herentals,2020-07-11,1,111
Herentals,2020-07-14,0,111
Herentals,2020-07-15,0,111
Herentals,2020-07-16,0,111
Herentals,2020-07-17,1,112
Herentals,2020-07-18,0,112
Herentals,2020-07-20,0,112
Herentals,2020-07-21,0,112
Herentals,2020-07-22,1,113
Herentals,2020-07-23,0,113
Herentals,2020-07-24,0,113
Herentals,2020-07-25,0,113
Herentals,2020-07-26,3,116
Herentals,2020-07-27,2,118
Herentals,2020-07-28,0,118
Herentals,2020-07-29,0,118
Herentals,2020-07-30,5,123
Herentals,2020-07-31,4,127
Herenthout,2020-04-01,1,6
Herenthout,2020-04-02,1,7
Herenthout,2020-04-03,1,8
Herenthout,2020-04-04,1,9
Herenthout,2020-04-05,0,9
Herenthout,2020-04-06,0,9
Herenthout,2020-04-07,1,10
Herenthout,2020-04-08,1,11
Herenthout,2020-04-09,0,11
Herenthout,2020-04-10,2,13
Herenthout,2020-04-11,1,14
Herenthout,2020-04-12,1,15
Herenthout,2020-04-13,0,15
Herenthout,2020-04-14,0,15
Herenthout,2020-04-15,0,15
Herenthout,2020-04-16,0,15
Herenthout,2020-04-17,0,15
Herenthout,2020-04-18,1,16
Herenthout,2020-04-19,0,16
Herenthout,2020-04-20,0,16
Herenthout,2020-04-21,0,16
Herenthout,2020-04-22,0,16
Herenthout,2020-04-23,0,16
Herenthout,2020-04-24,0,16
Herenthout,2020-04-25,1,17
Herenthout,2020-04-26,0,17
Herenthout,2020-04-27,0,17
Herenthout,2020-04-28,0,17
Herenthout,2020-04-29,0,17
Herenthout,2020-04-30,0,17
Herenthout,2020-05-01,1,18
Herenthout,2020-05-02,1,19
Herenthout,2020-05-03,0,19
Herenthout,2020-05-04,1,20
Herenthout,2020-05-05,0,20
Herenthout,2020-05-06,0,20
Herenthout,2020-05-07,0,20
Herenthout,2020-05-08,0,20
Herenthout,2020-05-09,0,20
Herenthout,2020-05-10,0,20
Herenthout,2020-05-11,0,20
Herenthout,2020-05-12,0,20
Herenthout,2020-05-13,0,20
Herenthout,2020-05-14,1,21
Herenthout,2020-05-15,0,21
Herenthout,2020-05-16,0,21
Herenthout,2020-05-17,0,21
Herenthout,2020-05-18,0,21
Herenthout,2020-05-19,0,21
Herenthout,2020-05-20,0,21
Herenthout,2020-05-21,0,21
Herenthout,2020-05-22,0,21
Herenthout,2020-05-23,0,21
Herenthout,2020-05-24,0,21
Herenthout,2020-05-25,0,21
Herenthout,2020-05-26,0,21
Herenthout,2020-05-27,0,21
Herenthout,2020-05-28,0,21
Herenthout,2020-05-29,0,21
Herenthout,2020-05-30,0,21
Herenthout,2020-05-31,0,21
Herenthout,2020-06-01,0,21
Herenthout,2020-06-02,0,21
Herenthout,2020-06-03,0,21
Herenthout,2020-06-04,0,21
Herenthout,2020-06-05,0,21
Herenthout,2020-06-06,0,21
Herenthout,2020-06-07,0,21
Herenthout,2020-06-08,0,21
Herenthout,2020-06-09,0,21
Herenthout,2020-06-10,0,21
Herenthout,2020-06-11,0,21
Herenthout,2020-06-12,0,21
Herenthout,2020-06-13,0,21
Herenthout,2020-06-14,0,21
Herenthout,2020-06-15,0,21
Herenthout,2020-06-16,0,21
Herenthout,2020-06-17,1,22
Herenthout,2020-06-18,0,22
Herenthout,2020-06-19,0,22
Herenthout,2020-06-20,0,22
Herenthout,2020-06-23,1,23
Herenthout,2020-06-24,0,23
Herenthout,2020-06-25,0,23
Herenthout,2020-06-26,0,23
Herenthout,2020-06-27,0,23
Herenthout,2020-06-30,0,23
Herenthout,2020-07-01,0,23
Herenthout,2020-07-02,0,23
Herenthout,2020-07-03,0,23
Herenthout,2020-07-04,0,23
Herenthout,2020-07-07,0,23
Herenthout,2020-07-08,0,23
Herenthout,2020-07-09,0,23
Herenthout,2020-07-10,0,23
Herenthout,2020-07-11,0,23
Herenthout,2020-07-14,0,23
Herenthout,2020-07-15,0,23
Herenthout,2020-07-16,0,23
Herenthout,2020-07-17,0,23
Herenthout,2020-07-18,0,23
Herenthout,2020-07-20,0,23
Herenthout,2020-07-21,0,23
Herenthout,2020-07-22,0,23
Herenthout,2020-07-23,0,23
Herenthout,2020-07-24,1,24
Herenthout,2020-07-25,0,24
Herenthout,2020-07-26,0,24
Herenthout,2020-07-27,0,24
Herenthout,2020-07-28,0,24
Herenthout,2020-07-29,0,24
Herenthout,2020-07-30,0,24
Herenthout,2020-07-31,0,24
Herselt,2020-04-01,3,31
Herselt,2020-04-02,8,39
Herselt,2020-04-03,4,43
Herselt,2020-04-04,2,45
Herselt,2020-04-05,0,45
Herselt,2020-04-06,2,47
Herselt,2020-04-07,3,50
Herselt,2020-04-08,1,51
Herselt,2020-04-09,0,51
Herselt,2020-04-10,5,56
Herselt,2020-04-11,3,59
Herselt,2020-04-12,1,60
Herselt,2020-04-13,0,60
Herselt,2020-04-14,1,61
Herselt,2020-04-15,3,64
Herselt,2020-04-16,5,69
Herselt,2020-04-17,2,71
Herselt,2020-04-18,8,79
Herselt,2020-04-19,1,80
Herselt,2020-04-20,1,81
Herselt,2020-04-21,0,81
Herselt,2020-04-22,0,81
Herselt,2020-04-23,0,81
Herselt,2020-04-24,1,82
Herselt,2020-04-25,1,83
Herselt,2020-04-26,2,85
Herselt,2020-04-27,1,86
Herselt,2020-04-28,0,86
Herselt,2020-04-29,0,86
Herselt,2020-04-30,2,88
Herselt,2020-05-01,0,88
Herselt,2020-05-02,0,88
Herselt,2020-05-03,0,88
Herselt,2020-05-04,0,88
Herselt,2020-05-05,0,88
Herselt,2020-05-06,0,88
Herselt,2020-05-07,1,89
Herselt,2020-05-08,3,92
Herselt,2020-05-09,1,93
Herselt,2020-05-10,1,94
Herselt,2020-05-11,0,94
Herselt,2020-05-12,0,94
Herselt,2020-05-13,0,94
Herselt,2020-05-14,0,94
Herselt,2020-05-15,1,95
Herselt,2020-05-16,0,95
Herselt,2020-05-17,0,95
Herselt,2020-05-18,0,95
Herselt,2020-05-19,0,95
Herselt,2020-05-20,0,95
Herselt,2020-05-21,0,95
Herselt,2020-05-22,0,95
Herselt,2020-05-23,0,95
Herselt,2020-05-24,0,95
Herselt,2020-05-25,0,95
Herselt,2020-05-26,0,95
Herselt,2020-05-27,0,95
Herselt,2020-05-28,0,95
Herselt,2020-05-29,0,95
Herselt,2020-05-30,0,95
Herselt,2020-05-31,0,95
Herselt,2020-06-01,0,95
Herselt,2020-06-02,0,95
Herselt,2020-06-03,0,95
Herselt,2020-06-04,1,96
Herselt,2020-06-05,0,96
Herselt,2020-06-06,0,96
Herselt,2020-06-07,0,96
Herselt,2020-06-08,0,96
Herselt,2020-06-09,0,96
Herselt,2020-06-10,0,96
Herselt,2020-06-11,0,96
Herselt,2020-06-12,0,96
Herselt,2020-06-13,0,96
Herselt,2020-06-14,0,96
Herselt,2020-06-15,0,96
Herselt,2020-06-16,0,96
Herselt,2020-06-17,0,96
Herselt,2020-06-18,0,96
Herselt,2020-06-19,0,96
Herselt,2020-06-20,1,97
Herselt,2020-06-23,0,97
Herselt,2020-06-24,0,97
Herselt,2020-06-25,0,97
Herselt,2020-06-26,0,97
Herselt,2020-06-27,0,97
Herselt,2020-06-30,0,97
Herselt,2020-07-01,0,97
Herselt,2020-07-02,0,97
Herselt,2020-07-03,0,97
Herselt,2020-07-04,0,97
Herselt,2020-07-07,0,97
Herselt,2020-07-08,0,97
Herselt,2020-07-09,0,97
Herselt,2020-07-10,0,97
Herselt,2020-07-11,0,97
Herselt,2020-07-14,0,97
Herselt,2020-07-15,1,98
Herselt,2020-07-16,0,98
Herselt,2020-07-17,0,98
Herselt,2020-07-18,0,98
Herselt,2020-07-20,0,98
Herselt,2020-07-21,0,98
Herselt,2020-07-22,0,98
Herselt,2020-07-23,0,98
Herselt,2020-07-24,0,98
Herselt,2020-07-25,0,98
Herselt,2020-07-26,0,98
Herselt,2020-07-27,0,98
Herselt,2020-07-28,0,98
Herselt,2020-07-29,0,98
Herselt,2020-07-30,0,98
Herselt,2020-07-31,0,98
Hoogstraten,2020-04-01,0,14
Hoogstraten,2020-04-02,1,15
Hoogstraten,2020-04-03,1,16
Hoogstraten,2020-04-04,0,16
Hoogstraten,2020-04-05,1,17
Hoogstraten,2020-04-06,4,21
Hoogstraten,2020-04-07,0,21
Hoogstraten,2020-04-08,1,22
Hoogstraten,2020-04-09,2,24
Hoogstraten,2020-04-10,0,24
Hoogstraten,2020-04-11,0,24
Hoogstraten,2020-04-12,0,24
Hoogstraten,2020-04-13,2,26
Hoogstraten,2020-04-14,0,26
Hoogstraten,2020-04-15,0,26
Hoogstraten,2020-04-16,0,26
Hoogstraten,2020-04-17,0,26
Hoogstraten,2020-04-18,2,28
Hoogstraten,2020-04-19,0,28
Hoogstraten,2020-04-20,2,30
Hoogstraten,2020-04-21,0,30
Hoogstraten,2020-04-22,0,30
Hoogstraten,2020-04-23,0,30
Hoogstraten,2020-04-24,0,30
Hoogstraten,2020-04-25,0,30
Hoogstraten,2020-04-26,0,30
Hoogstraten,2020-04-27,0,30
Hoogstraten,2020-04-28,0,30
Hoogstraten,2020-04-29,0,30
Hoogstraten,2020-04-30,4,34
Hoogstraten,2020-05-01,2,36
Hoogstraten,2020-05-02,1,37
Hoogstraten,2020-05-03,0,37
Hoogstraten,2020-05-04,0,37
Hoogstraten,2020-05-05,0,37
Hoogstraten,2020-05-06,0,37
Hoogstraten,2020-05-07,1,38
Hoogstraten,2020-05-08,0,38
Hoogstraten,2020-05-09,0,38
Hoogstraten,2020-05-10,0,38
Hoogstraten,2020-05-11,2,40
Hoogstraten,2020-05-12,1,41
Hoogstraten,2020-05-13,0,41
Hoogstraten,2020-05-14,0,41
Hoogstraten,2020-05-15,0,41
Hoogstraten,2020-05-16,2,43
Hoogstraten,2020-05-17,0,43
Hoogstraten,2020-05-18,1,44
Hoogstraten,2020-05-19,1,45
Hoogstraten,2020-05-20,0,45
Hoogstraten,2020-05-21,0,45
Hoogstraten,2020-05-22,0,45
Hoogstraten,2020-05-23,0,45
Hoogstraten,2020-05-24,0,45
Hoogstraten,2020-05-25,1,46
Hoogstraten,2020-05-26,0,46
Hoogstraten,2020-05-27,0,46
Hoogstraten,2020-05-28,1,47
Hoogstraten,2020-05-29,0,47
Hoogstraten,2020-05-30,0,47
Hoogstraten,2020-05-31,0,47
Hoogstraten,2020-06-01,0,47
Hoogstraten,2020-06-02,0,47
Hoogstraten,2020-06-03,0,47
Hoogstraten,2020-06-04,0,47
Hoogstraten,2020-06-05,0,47
Hoogstraten,2020-06-06,0,47
Hoogstraten,2020-06-07,0,47
Hoogstraten,2020-06-08,0,47
Hoogstraten,2020-06-09,1,48
Hoogstraten,2020-06-10,0,48
Hoogstraten,2020-06-11,1,49
Hoogstraten,2020-06-12,0,49
Hoogstraten,2020-06-13,0,49
Hoogstraten,2020-06-14,0,49
Hoogstraten,2020-06-15,0,49
Hoogstraten,2020-06-16,0,49
Hoogstraten,2020-06-17,1,50
Hoogstraten,2020-06-18,0,50
Hoogstraten,2020-06-19,1,51
Hoogstraten,2020-06-20,0,51
Hoogstraten,2020-06-23,0,51
Hoogstraten,2020-06-24,1,52
Hoogstraten,2020-06-25,0,52
Hoogstraten,2020-06-26,0,52
Hoogstraten,2020-06-27,0,52
Hoogstraten,2020-06-30,0,52
Hoogstraten,2020-07-01,0,52
Hoogstraten,2020-07-02,0,52
Hoogstraten,2020-07-03,0,52
Hoogstraten,2020-07-04,0,52
Hoogstraten,2020-07-07,0,52
Hoogstraten,2020-07-08,0,52
Hoogstraten,2020-07-09,0,52
Hoogstraten,2020-07-10,0,52
Hoogstraten,2020-07-11,0,52
Hoogstraten,2020-07-14,0,52
Hoogstraten,2020-07-15,0,52
Hoogstraten,2020-07-16,0,52
Hoogstraten,2020-07-17,0,52
Hoogstraten,2020-07-18,1,53
Hoogstraten,2020-07-20,3,56
Hoogstraten,2020-07-21,0,56
Hoogstraten,2020-07-22,0,56
Hoogstraten,2020-07-23,1,57
Hoogstraten,2020-07-24,0,57
Hoogstraten,2020-07-25,1,58
Hoogstraten,2020-07-26,5,63
Hoogstraten,2020-07-27,0,63
Hoogstraten,2020-07-28,0,63
Hoogstraten,2020-07-29,0,63
Hoogstraten,2020-07-30,3,66
Hoogstraten,2020-07-31,3,69
Hulshout,2020-04-01,0,14
Hulshout,2020-04-02,1,15
Hulshout,2020-04-03,0,15
Hulshout,2020-04-04,0,15
Hulshout,2020-04-05,1,16
Hulshout,2020-04-06,0,16
Hulshout,2020-04-07,1,17
Hulshout,2020-04-08,0,17
Hulshout,2020-04-09,1,18
Hulshout,2020-04-10,0,18
Hulshout,2020-04-11,1,19
Hulshout,2020-04-12,1,20
Hulshout,2020-04-13,0,20
Hulshout,2020-04-14,1,21
Hulshout,2020-04-15,0,21
Hulshout,2020-04-16,1,22
Hulshout,2020-04-17,0,22
Hulshout,2020-04-18,2,24
Hulshout,2020-04-19,0,24
Hulshout,2020-04-20,0,24
Hulshout,2020-04-21,0,24
Hulshout,2020-04-22,0,24
Hulshout,2020-04-23,2,26
Hulshout,2020-04-24,0,26
Hulshout,2020-04-25,1,27
Hulshout,2020-04-26,0,27
Hulshout,2020-04-27,0,27
Hulshout,2020-04-28,0,27
Hulshout,2020-04-29,0,27
Hulshout,2020-04-30,4,31
Hulshout,2020-05-01,0,31
Hulshout,2020-05-02,1,32
Hulshout,2020-05-03,0,32
Hulshout,2020-05-04,0,32
Hulshout,2020-05-05,0,32
Hulshout,2020-05-06,0,32
Hulshout,2020-05-07,1,33
Hulshout,2020-05-08,0,33
Hulshout,2020-05-09,1,34
Hulshout,2020-05-10,0,34
Hulshout,2020-05-11,0,34
Hulshout,2020-05-12,0,34
Hulshout,2020-05-13,0,34
Hulshout,2020-05-14,0,34
Hulshout,2020-05-15,0,34
Hulshout,2020-05-16,0,34
Hulshout,2020-05-17,0,34
Hulshout,2020-05-18,0,34
Hulshout,2020-05-19,1,35
Hulshout,2020-05-20,0,35
Hulshout,2020-05-21,0,35
Hulshout,2020-05-22,0,35
Hulshout,2020-05-23,0,35
Hulshout,2020-05-24,0,35
Hulshout,2020-05-25,0,35
Hulshout,2020-05-26,0,35
Hulshout,2020-05-27,0,35
Hulshout,2020-05-28,0,35
Hulshout,2020-05-29,0,35
Hulshout,2020-05-30,0,35
Hulshout,2020-05-31,0,35
Hulshout,2020-06-01,0,35
Hulshout,2020-06-02,0,35
Hulshout,2020-06-03,0,35
Hulshout,2020-06-04,0,35
Hulshout,2020-06-05,0,35
Hulshout,2020-06-06,0,35
Hulshout,2020-06-07,0,35
Hulshout,2020-06-08,0,35
Hulshout,2020-06-09,0,35
Hulshout,2020-06-10,0,35
Hulshout,2020-06-11,0,35
Hulshout,2020-06-12,0,35
Hulshout,2020-06-13,0,35
Hulshout,2020-06-14,0,35
Hulshout,2020-06-15,0,35
Hulshout,2020-06-16,0,35
Hulshout,2020-06-17,0,35
Hulshout,2020-06-18,0,35
Hulshout,2020-06-19,0,35
Hulshout,2020-06-20,0,35
Hulshout,2020-06-23,0,35
Hulshout,2020-06-24,0,35
Hulshout,2020-06-25,0,35
Hulshout,2020-06-26,0,35
Hulshout,2020-06-27,0,35
Hulshout,2020-06-30,0,35
Hulshout,2020-07-01,0,35
Hulshout,2020-07-02,0,35
Hulshout,2020-07-03,0,35
Hulshout,2020-07-04,0,35
Hulshout,2020-07-07,0,35
Hulshout,2020-07-08,0,35
Hulshout,2020-07-09,0,35
Hulshout,2020-07-10,0,35
Hulshout,2020-07-11,0,35
Hulshout,2020-07-14,0,35
Hulshout,2020-07-15,0,35
Hulshout,2020-07-16,1,36
Hulshout,2020-07-17,0,36
Hulshout,2020-07-18,0,36
Hulshout,2020-07-20,0,36
Hulshout,2020-07-21,0,36
Hulshout,2020-07-22,0,36
Hulshout,2020-07-23,0,36
Hulshout,2020-07-24,0,36
Hulshout,2020-07-25,0,36
Hulshout,2020-07-26,0,36
Hulshout,2020-07-27,0,36
Hulshout,2020-07-28,0,36
Hulshout,2020-07-29,0,36
Hulshout,2020-07-30,0,36
Hulshout,2020-07-31,1,37
Kasterlee,2020-04-01,0,13
Kasterlee,2020-04-02,2,15
Kasterlee,2020-04-03,0,15
Kasterlee,2020-04-04,1,16
Kasterlee,2020-04-05,1,17
Kasterlee,2020-04-06,0,17
Kasterlee,2020-04-07,1,18
Kasterlee,2020-04-08,1,19
Kasterlee,2020-04-09,0,19
Kasterlee,2020-04-10,1,20
Kasterlee,2020-04-11,0,20
Kasterlee,2020-04-12,0,20
Kasterlee,2020-04-13,0,20
Kasterlee,2020-04-14,0,20
Kasterlee,2020-04-15,3,23
Kasterlee,2020-04-16,2,25
Kasterlee,2020-04-17,1,26
Kasterlee,2020-04-18,0,26
Kasterlee,2020-04-19,1,27
Kasterlee,2020-04-20,2,29
Kasterlee,2020-04-21,0,29
Kasterlee,2020-04-22,0,29
Kasterlee,2020-04-23,0,29
Kasterlee,2020-04-24,2,31
Kasterlee,2020-04-25,0,31
Kasterlee,2020-04-26,0,31
Kasterlee,2020-04-27,0,31
Kasterlee,2020-04-28,0,31
Kasterlee,2020-04-29,0,31
Kasterlee,2020-04-30,0,31
Kasterlee,2020-05-01,0,31
Kasterlee,2020-05-02,1,32
Kasterlee,2020-05-03,0,32
Kasterlee,2020-05-04,1,33
Kasterlee,2020-05-05,0,33
Kasterlee,2020-05-06,0,33
Kasterlee,2020-05-07,0,33
Kasterlee,2020-05-08,3,36
Kasterlee,2020-05-09,0,36
Kasterlee,2020-05-10,2,38
Kasterlee,2020-05-11,4,42
Kasterlee,2020-05-12,0,42
Kasterlee,2020-05-13,0,42
Kasterlee,2020-05-14,2,44
Kasterlee,2020-05-15,3,47
Kasterlee,2020-05-16,0,47
Kasterlee,2020-05-17,0,47
Kasterlee,2020-05-18,2,49
Kasterlee,2020-05-19,0,49
Kasterlee,2020-05-20,0,49
Kasterlee,2020-05-21,0,49
Kasterlee,2020-05-22,1,50
Kasterlee,2020-05-23,0,50
Kasterlee,2020-05-24,4,54
Kasterlee,2020-05-25,1,55
Kasterlee,2020-05-26,0,55
Kasterlee,2020-05-27,1,56
Kasterlee,2020-05-28,0,56
Kasterlee,2020-05-29,1,57
Kasterlee,2020-05-30,0,57
Kasterlee,2020-05-31,0,57
Kasterlee,2020-06-01,0,57
Kasterlee,2020-06-02,0,57
Kasterlee,2020-06-03,0,57
Kasterlee,2020-06-04,0,57
Kasterlee,2020-06-05,0,57
Kasterlee,2020-06-06,0,57
Kasterlee,2020-06-07,1,58
Kasterlee,2020-06-08,0,58
Kasterlee,2020-06-09,0,58
Kasterlee,2020-06-10,0,58
Kasterlee,2020-06-11,0,58
Kasterlee,2020-06-12,0,58
Kasterlee,2020-06-13,0,58
Kasterlee,2020-06-14,0,58
Kasterlee,2020-06-15,0,58
Kasterlee,2020-06-16,0,58
Kasterlee,2020-06-17,1,59
Kasterlee,2020-06-18,3,62
Kasterlee,2020-06-19,0,62
Kasterlee,2020-06-20,6,68
Kasterlee,2020-06-23,1,69
Kasterlee,2020-06-24,0,69
Kasterlee,2020-06-25,1,70
Kasterlee,2020-06-26,1,71
Kasterlee,2020-06-27,0,71
Kasterlee,2020-06-30,0,71
Kasterlee,2020-07-01,0,71
Kasterlee,2020-07-02,2,73
Kasterlee,2020-07-03,1,74
Kasterlee,2020-07-04,0,74
Kasterlee,2020-07-07,1,75
Kasterlee,2020-07-08,0,75
Kasterlee,2020-07-09,2,77
Kasterlee,2020-07-10,0,77
Kasterlee,2020-07-11,0,77
Kasterlee,2020-07-14,0,77
Kasterlee,2020-07-15,0,77
Kasterlee,2020-07-16,0,77
Kasterlee,2020-07-17,0,77
Kasterlee,2020-07-18,0,77
Kasterlee,2020-07-20,0,77
Kasterlee,2020-07-21,1,78
Kasterlee,2020-07-22,0,78
Kasterlee,2020-07-23,0,78
Kasterlee,2020-07-24,0,78
Kasterlee,2020-07-25,0,78
Kasterlee,2020-07-26,0,78
Kasterlee,2020-07-27,2,80
Kasterlee,2020-07-28,0,80
Kasterlee,2020-07-29,0,80
Kasterlee,2020-07-30,1,81
Kasterlee,2020-07-31,1,82
Lille,2020-04-01,3,20
Lille,2020-04-02,0,20
Lille,2020-04-03,2,22
Lille,2020-04-04,2,24
Lille,2020-04-05,2,26
Lille,2020-04-06,0,26
Lille,2020-04-07,1,27
Lille,2020-04-08,2,29
Lille,2020-04-09,4,33
Lille,2020-04-10,2,35
Lille,2020-04-11,1,36
Lille,2020-04-12,0,36
Lille,2020-04-13,1,37
Lille,2020-04-14,0,37
Lille,2020-04-15,2,39
Lille,2020-04-16,0,39
Lille,2020-04-17,5,44
Lille,2020-04-18,1,45
Lille,2020-04-19,9,54
Lille,2020-04-20,4,58
Lille,2020-04-21,0,58
Lille,2020-04-22,0,58
Lille,2020-04-23,0,58
Lille,2020-04-24,2,60
Lille,2020-04-25,0,60
Lille,2020-04-26,0,60
Lille,2020-04-27,1,61
Lille,2020-04-28,0,61
Lille,2020-04-29,0,61
Lille,2020-04-30,3,64
Lille,2020-05-01,3,67
Lille,2020-05-02,1,68
Lille,2020-05-03,1,69
Lille,2020-05-04,23,92
Lille,2020-05-05,0,92
Lille,2020-05-06,0,92
Lille,2020-05-07,3,95
Lille,2020-05-08,0,95
Lille,2020-05-09,1,96
Lille,2020-05-10,0,96
Lille,2020-05-11,2,98
Lille,2020-05-12,2,100
Lille,2020-05-13,0,100
Lille,2020-05-14,3,103
Lille,2020-05-15,0,103
Lille,2020-05-16,0,103
Lille,2020-05-17,1,104
Lille,2020-05-18,1,105
Lille,2020-05-19,3,108
Lille,2020-05-20,0,108
Lille,2020-05-21,2,110
Lille,2020-05-22,2,112
Lille,2020-05-23,0,112
Lille,2020-05-24,3,115
Lille,2020-05-25,2,117
Lille,2020-05-26,0,117
Lille,2020-05-27,0,117
Lille,2020-05-28,0,117
Lille,2020-05-29,0,117
Lille,2020-05-30,0,117
Lille,2020-05-31,0,117
Lille,2020-06-01,0,117
Lille,2020-06-02,0,117
Lille,2020-06-03,0,117
Lille,2020-06-04,0,117
Lille,2020-06-05,0,117
Lille,2020-06-06,1,118
Lille,2020-06-07,1,119
Lille,2020-06-08,0,119
Lille,2020-06-09,1,120
Lille,2020-06-10,0,120
Lille,2020-06-11,0,120
Lille,2020-06-12,0,120
Lille,2020-06-13,0,120
Lille,2020-06-14,0,120
Lille,2020-06-15,0,120
Lille,2020-06-16,1,121
Lille,2020-06-17,0,121
Lille,2020-06-18,0,121
Lille,2020-06-19,0,121
Lille,2020-06-20,0,121
Lille,2020-06-23,0,121
Lille,2020-06-24,0,121
Lille,2020-06-25,0,121
Lille,2020-06-26,0,121
Lille,2020-06-27,0,121
Lille,2020-06-30,0,121
Lille,2020-07-01,0,121
Lille,2020-07-02,0,121
Lille,2020-07-03,0,121
Lille,2020-07-04,0,121
Lille,2020-07-07,0,121
Lille,2020-07-08,1,122
Lille,2020-07-09,2,124
Lille,2020-07-10,0,124
Lille,2020-07-11,0,124
Lille,2020-07-14,0,124
Lille,2020-07-15,0,124
Lille,2020-07-16,0,124
Lille,2020-07-17,0,124
Lille,2020-07-18,1,125
Lille,2020-07-20,0,125
Lille,2020-07-21,0,125
Lille,2020-07-22,0,125
Lille,2020-07-23,0,125
Lille,2020-07-24,0,125
Lille,2020-07-25,0,125
Lille,2020-07-26,0,125
Lille,2020-07-27,0,125
Lille,2020-07-28,0,125
Lille,2020-07-29,0,125
Lille,2020-07-30,0,125
Lille,2020-07-31,0,125
Meerhout,2020-04-01,0,16
Meerhout,2020-04-02,2,18
Meerhout,2020-04-03,1,19
Meerhout,2020-04-04,0,19
Meerhout,2020-04-05,0,19
Meerhout,2020-04-06,3,22
Meerhout,2020-04-07,0,22
Meerhout,2020-04-08,3,25
Meerhout,2020-04-09,3,28
Meerhout,2020-04-10,1,29
Meerhout,2020-04-11,1,30
Meerhout,2020-04-12,0,30
Meerhout,2020-04-13,3,33
Meerhout,2020-04-14,0,33
Meerhout,2020-04-15,0,33
Meerhout,2020-04-16,1,34
Meerhout,2020-04-17,0,34
Meerhout,2020-04-18,0,34
Meerhout,2020-04-19,0,34
Meerhout,2020-04-20,1,35
Meerhout,2020-04-21,0,35
Meerhout,2020-04-22,0,35
Meerhout,2020-04-23,0,35
Meerhout,2020-04-24,2,37
Meerhout,2020-04-25,0,37
Meerhout,2020-04-26,0,37
Meerhout,2020-04-27,0,37
Meerhout,2020-04-28,0,37
Meerhout,2020-04-29,1,38
Meerhout,2020-04-30,3,41
Meerhout,2020-05-01,0,41
Meerhout,2020-05-02,0,41
Meerhout,2020-05-03,0,41
Meerhout,2020-05-04,0,41
Meerhout,2020-05-05,0,41
Meerhout,2020-05-06,0,41
Meerhout,2020-05-07,0,41
Meerhout,2020-05-08,0,41
Meerhout,2020-05-09,0,41
Meerhout,2020-05-10,0,41
Meerhout,2020-05-11,0,41
Meerhout,2020-05-12,0,41
Meerhout,2020-05-13,0,41
Meerhout,2020-05-14,1,42
Meerhout,2020-05-15,0,42
Meerhout,2020-05-16,0,42
Meerhout,2020-05-17,0,42
Meerhout,2020-05-18,0,42
Meerhout,2020-05-19,1,43
Meerhout,2020-05-20,0,43
Meerhout,2020-05-21,0,43
Meerhout,2020-05-22,0,43
Meerhout,2020-05-23,0,43
Meerhout,2020-05-24,1,44
Meerhout,2020-05-25,0,44
Meerhout,2020-05-26,0,44
Meerhout,2020-05-27,0,44
Meerhout,2020-05-28,0,44
Meerhout,2020-05-29,0,44
Meerhout,2020-05-30,0,44
Meerhout,2020-05-31,1,45
Meerhout,2020-06-01,0,45
Meerhout,2020-06-02,0,45
Meerhout,2020-06-03,0,45
Meerhout,2020-06-04,0,45
Meerhout,2020-06-05,0,45
Meerhout,2020-06-06,0,45
Meerhout,2020-06-07,0,45
Meerhout,2020-06-08,1,46
Meerhout,2020-06-09,0,46
Meerhout,2020-06-10,0,46
Meerhout,2020-06-11,1,47
Meerhout,2020-06-12,1,48
Meerhout,2020-06-13,0,48
Meerhout,2020-06-14,0,48
Meerhout,2020-06-15,0,48
Meerhout,2020-06-16,0,48
Meerhout,2020-06-17,1,49
Meerhout,2020-06-18,0,49
Meerhout,2020-06-19,0,49
Meerhout,2020-06-20,0,49
Meerhout,2020-06-23,0,49
Meerhout,2020-06-24,0,49
Meerhout,2020-06-25,0,49
Meerhout,2020-06-26,0,49
Meerhout,2020-06-27,0,49
Meerhout,2020-06-30,0,49
Meerhout,2020-07-01,0,49
Meerhout,2020-07-02,0,49
Meerhout,2020-07-03,0,49
Meerhout,2020-07-04,0,49
Meerhout,2020-07-07,0,49
Meerhout,2020-07-08,0,49
Meerhout,2020-07-09,1,50
Meerhout,2020-07-10,0,50
Meerhout,2020-07-11,0,50
Meerhout,2020-07-14,0,50
Meerhout,2020-07-15,0,50
Meerhout,2020-07-16,0,50
Meerhout,2020-07-17,0,50
Meerhout,2020-07-18,0,50
Meerhout,2020-07-20,0,50
Meerhout,2020-07-21,0,50
Meerhout,2020-07-22,0,50
Meerhout,2020-07-23,0,50
Meerhout,2020-07-24,1,51
Meerhout,2020-07-25,0,51
Meerhout,2020-07-26,0,51
Meerhout,2020-07-27,0,51
Meerhout,2020-07-28,0,51
Meerhout,2020-07-29,0,51
Meerhout,2020-07-30,0,51
Meerhout,2020-07-31,1,52
Merksplas,2020-04-01,5,5
Merksplas,2020-04-02,2,7
Merksplas,2020-04-03,0,7
Merksplas,2020-04-04,0,7
Merksplas,2020-04-05,0,7
Merksplas,2020-04-06,1,8
Merksplas,2020-04-07,0,8
Merksplas,2020-04-08,1,9
Merksplas,2020-04-09,0,9
Merksplas,2020-04-10,0,9
Merksplas,2020-04-11,0,9
Merksplas,2020-04-12,0,9
Merksplas,2020-04-13,0,9
Merksplas,2020-04-14,0,9
Merksplas,2020-04-15,0,9
Merksplas,2020-04-16,0,9
Merksplas,2020-04-17,0,9
Merksplas,2020-04-18,0,9
Merksplas,2020-04-19,0,9
Merksplas,2020-04-20,0,9
Merksplas,2020-04-21,0,9
Merksplas,2020-04-22,0,9
Merksplas,2020-04-23,0,9
Merksplas,2020-04-24,0,9
Merksplas,2020-04-25,1,10
Merksplas,2020-04-26,0,10
Merksplas,2020-04-27,0,10
Merksplas,2020-04-28,0,10
Merksplas,2020-04-29,0,10
Merksplas,2020-04-30,1,11
Merksplas,2020-05-01,1,12
Merksplas,2020-05-02,1,13
Merksplas,2020-05-03,1,14
Merksplas,2020-05-04,2,16
Merksplas,2020-05-05,0,16
Merksplas,2020-05-06,14,30
Merksplas,2020-05-07,5,35
Merksplas,2020-05-08,0,35
Merksplas,2020-05-09,3,38
Merksplas,2020-05-10,1,39
Merksplas,2020-05-11,0,39
Merksplas,2020-05-12,0,39
Merksplas,2020-05-13,0,39
Merksplas,2020-05-14,0,39
Merksplas,2020-05-15,4,43
Merksplas,2020-05-16,2,45
Merksplas,2020-05-17,4,49
Merksplas,2020-05-18,0,49
Merksplas,2020-05-19,0,49
Merksplas,2020-05-20,0,49
Merksplas,2020-05-21,0,49
Merksplas,2020-05-22,0,49
Merksplas,2020-05-23,0,49
Merksplas,2020-05-24,0,49
Merksplas,2020-05-25,1,50
Merksplas,2020-05-26,0,50
Merksplas,2020-05-27,0,50
Merksplas,2020-05-28,0,50
Merksplas,2020-05-29,0,50
Merksplas,2020-05-30,0,50
Merksplas,2020-05-31,1,51
Merksplas,2020-06-01,0,51
Merksplas,2020-06-02,0,51
Merksplas,2020-06-03,0,51
Merksplas,2020-06-04,0,51
Merksplas,2020-06-05,0,51
Merksplas,2020-06-06,0,51
Merksplas,2020-06-07,0,51
Merksplas,2020-06-08,0,51
Merksplas,2020-06-09,0,51
Merksplas,2020-06-10,0,51
Merksplas,2020-06-11,0,51
Merksplas,2020-06-12,0,51
Merksplas,2020-06-13,0,51
Merksplas,2020-06-14,0,51
Merksplas,2020-06-15,0,51
Merksplas,2020-06-16,0,51
Merksplas,2020-06-17,0,51
Merksplas,2020-06-18,0,51
Merksplas,2020-06-19,0,51
Merksplas,2020-06-20,0,51
Merksplas,2020-06-23,0,51
Merksplas,2020-06-24,0,51
Merksplas,2020-06-25,0,51
Merksplas,2020-06-26,0,51
Merksplas,2020-06-27,0,51
Merksplas,2020-06-30,0,51
Merksplas,2020-07-01,0,51
Merksplas,2020-07-02,0,51
Merksplas,2020-07-03,0,51
Merksplas,2020-07-04,0,51
Merksplas,2020-07-07,0,51
Merksplas,2020-07-08,0,51
Merksplas,2020-07-09,0,51
Merksplas,2020-07-10,0,51
Merksplas,2020-07-11,0,51
Merksplas,2020-07-14,0,51
Merksplas,2020-07-15,0,51
Merksplas,2020-07-16,0,51
Merksplas,2020-07-17,0,51
Merksplas,2020-07-18,0,51
Merksplas,2020-07-20,0,51
Merksplas,2020-07-21,0,51
Merksplas,2020-07-22,1,52
Merksplas,2020-07-23,0,52
Merksplas,2020-07-24,0,52
Merksplas,2020-07-25,0,52
Merksplas,2020-07-26,0,52
Merksplas,2020-07-27,0,52
Merksplas,2020-07-28,0,52
Merksplas,2020-07-29,0,52
Merksplas,2020-07-30,0,52
Merksplas,2020-07-31,0,52
Mol,2020-04-01,1,23
Mol,2020-04-02,6,29
Mol,2020-04-03,0,29
Mol,2020-04-04,1,30
Mol,2020-04-05,1,31
Mol,2020-04-06,5,36
Mol,2020-04-07,2,38
Mol,2020-04-08,3,41
Mol,2020-04-09,2,43
Mol,2020-04-10,0,43
Mol,2020-04-11,1,44
Mol,2020-04-12,1,45
Mol,2020-04-13,1,46
Mol,2020-04-14,0,46
Mol,2020-04-15,3,49
Mol,2020-04-16,3,52
Mol,2020-04-17,0,52
Mol,2020-04-18,0,52
Mol,2020-04-19,1,53
Mol,2020-04-20,2,55
Mol,2020-04-21,0,55
Mol,2020-04-22,0,55
Mol,2020-04-23,1,56
Mol,2020-04-24,2,58
Mol,2020-04-25,1,59
Mol,2020-04-26,0,59
Mol,2020-04-27,0,59
Mol,2020-04-28,0,59
Mol,2020-04-29,0,59
Mol,2020-04-30,3,62
Mol,2020-05-01,0,62
Mol,2020-05-02,0,62
Mol,2020-05-03,1,63
Mol,2020-05-04,0,63
Mol,2020-05-05,0,63
Mol,2020-05-06,0,63
Mol,2020-05-07,1,64
Mol,2020-05-08,1,65
Mol,2020-05-09,0,65
Mol,2020-05-10,1,66
Mol,2020-05-11,1,67
Mol,2020-05-12,0,67
Mol,2020-05-13,0,67
Mol,2020-05-14,2,69
Mol,2020-05-15,1,70
Mol,2020-05-16,0,70
Mol,2020-05-17,1,71
Mol,2020-05-18,0,71
Mol,2020-05-19,2,73
Mol,2020-05-20,0,73
Mol,2020-05-21,0,73
Mol,2020-05-22,1,74
Mol,2020-05-23,0,74
Mol,2020-05-24,2,76
Mol,2020-05-25,0,76
Mol,2020-05-26,1,77
Mol,2020-05-27,0,77
Mol,2020-05-28,1,78
Mol,2020-05-29,0,78
Mol,2020-05-30,1,79
Mol,2020-05-31,0,79
Mol,2020-06-01,0,79
Mol,2020-06-02,1,80
Mol,2020-06-03,0,80
Mol,2020-06-04,0,80
Mol,2020-06-05,0,80
Mol,2020-06-06,0,80
Mol,2020-06-07,1,81
Mol,2020-06-08,0,81
Mol,2020-06-09,0,81
Mol,2020-06-10,0,81
Mol,2020-06-11,1,82
Mol,2020-06-12,0,82
Mol,2020-06-13,0,82
Mol,2020-06-14,0,82
Mol,2020-06-15,0,82
Mol,2020-06-16,0,82
Mol,2020-06-17,0,82
Mol,2020-06-18,0,82
Mol,2020-06-19,0,82
Mol,2020-06-20,0,82
Mol,2020-06-23,0,82
Mol,2020-06-24,0,82
Mol,2020-06-25,0,82
Mol,2020-06-26,0,82
Mol,2020-06-27,0,82
Mol,2020-06-30,0,82
Mol,2020-07-01,0,82
Mol,2020-07-02,0,82
Mol,2020-07-03,0,82
Mol,2020-07-04,0,82
Mol,2020-07-07,0,82
Mol,2020-07-08,0,82
Mol,2020-07-09,1,83
Mol,2020-07-10,1,84
Mol,2020-07-11,1,85
Mol,2020-07-14,0,85
Mol,2020-07-15,0,85
Mol,2020-07-16,0,85
Mol,2020-07-17,0,85
Mol,2020-07-18,1,86
Mol,2020-07-20,1,87
Mol,2020-07-21,0,87
Mol,2020-07-22,0,87
Mol,2020-07-23,2,89
Mol,2020-07-24,0,89
Mol,2020-07-25,1,90
Mol,2020-07-26,1,91
Mol,2020-07-27,0,91
Mol,2020-07-28,0,91
Mol,2020-07-29,0,91
Mol,2020-07-30,0,91
Mol,2020-07-31,0,91
Olen,2020-04-01,2,14
Olen,2020-04-02,1,15
Olen,2020-04-03,2,17
Olen,2020-04-04,1,18
Olen,2020-04-05,2,20
Olen,2020-04-06,0,20
Olen,2020-04-07,4,24
Olen,2020-04-08,0,24
Olen,2020-04-09,3,27
Olen,2020-04-10,1,28
Olen,2020-04-11,1,29
Olen,2020-04-12,0,29
Olen,2020-04-13,0,29
Olen,2020-04-14,0,29
Olen,2020-04-15,5,34
Olen,2020-04-16,5,39
Olen,2020-04-17,0,39
Olen,2020-04-18,0,39
Olen,2020-04-19,0,39
Olen,2020-04-20,1,40
Olen,2020-04-21,1,41
Olen,2020-04-22,0,41
Olen,2020-04-23,2,43
Olen,2020-04-24,1,44
Olen,2020-04-25,1,45
Olen,2020-04-26,0,45
Olen,2020-04-27,0,45
Olen,2020-04-28,0,45
Olen,2020-04-29,0,45
Olen,2020-04-30,3,48
Olen,2020-05-01,0,48
Olen,2020-05-02,0,48
Olen,2020-05-03,1,49
Olen,2020-05-04,0,49
Olen,2020-05-05,1,50
Olen,2020-05-06,0,50
Olen,2020-05-07,0,50
Olen,2020-05-08,0,50
Olen,2020-05-09,0,50
Olen,2020-05-10,0,50
Olen,2020-05-11,1,51
Olen,2020-05-12,0,51
Olen,2020-05-13,1,52
Olen,2020-05-14,0,52
Olen,2020-05-15,0,52
Olen,2020-05-16,0,52
Olen,2020-05-17,0,52
Olen,2020-05-18,0,52
Olen,2020-05-19,0,52
Olen,2020-05-20,0,52
Olen,2020-05-21,0,52
Olen,2020-05-22,0,52
Olen,2020-05-23,0,52
Olen,2020-05-24,0,52
Olen,2020-05-25,0,52
Olen,2020-05-26,0,52
Olen,2020-05-27,0,52
Olen,2020-05-28,0,52
Olen,2020-05-29,0,52
Olen,2020-05-30,0,52
Olen,2020-05-31,0,52
Olen,2020-06-01,0,52
Olen,2020-06-02,0,52
Olen,2020-06-03,0,52
Olen,2020-06-04,0,52
Olen,2020-06-05,0,52
Olen,2020-06-06,1,53
Olen,2020-06-07,0,53
Olen,2020-06-08,0,53
Olen,2020-06-09,0,53
Olen,2020-06-10,0,53
Olen,2020-06-11,0,53
Olen,2020-06-12,0,53
Olen,2020-06-13,0,53
Olen,2020-06-14,1,54
Olen,2020-06-15,1,55
Olen,2020-06-16,0,55
Olen,2020-06-17,0,55
Olen,2020-06-18,0,55
Olen,2020-06-19,0,55
Olen,2020-06-20,0,55
Olen,2020-06-23,0,55
Olen,2020-06-24,0,55
Olen,2020-06-25,0,55
Olen,2020-06-26,0,55
Olen,2020-06-27,0,55
Olen,2020-06-30,0,55
Olen,2020-07-01,0,55
Olen,2020-07-02,0,55
Olen,2020-07-03,0,55
Olen,2020-07-04,0,55
Olen,2020-07-07,0,55
Olen,2020-07-08,0,55
Olen,2020-07-09,0,55
Olen,2020-07-10,0,55
Olen,2020-07-11,0,55
Olen,2020-07-14,0,55
Olen,2020-07-15,0,55
Olen,2020-07-16,0,55
Olen,2020-07-17,0,55
Olen,2020-07-18,0,55
Olen,2020-07-20,0,55
Olen,2020-07-21,0,55
Olen,2020-07-22,0,55
Olen,2020-07-23,0,55
Olen,2020-07-24,0,55
Olen,2020-07-25,1,56
Olen,2020-07-26,0,56
Olen,2020-07-27,1,57
Olen,2020-07-28,0,57
Olen,2020-07-29,1,58
Olen,2020-07-30,3,61
Olen,2020-07-31,0,61
Oud-Turnhout,2020-04-01,1,15
Oud-Turnhout,2020-04-02,1,16
Oud-Turnhout,2020-04-03,1,17
Oud-Turnhout,2020-04-04,2,19
Oud-Turnhout,2020-04-05,0,19
Oud-Turnhout,2020-04-06,3,22
Oud-Turnhout,2020-04-07,0,22
Oud-Turnhout,2020-04-08,0,22
Oud-Turnhout,2020-04-09,0,22
Oud-Turnhout,2020-04-10,0,22
Oud-Turnhout,2020-04-11,2,24
Oud-Turnhout,2020-04-12,1,25
Oud-Turnhout,2020-04-13,0,25
Oud-Turnhout,2020-04-14,0,25
Oud-Turnhout,2020-04-15,5,30
Oud-Turnhout,2020-04-16,2,32
Oud-Turnhout,2020-04-17,0,32
Oud-Turnhout,2020-04-18,2,34
Oud-Turnhout,2020-04-19,3,37
Oud-Turnhout,2020-04-20,1,38
Oud-Turnhout,2020-04-21,0,38
Oud-Turnhout,2020-04-22,0,38
Oud-Turnhout,2020-04-23,0,38
Oud-Turnhout,2020-04-24,1,39
Oud-Turnhout,2020-04-25,0,39
Oud-Turnhout,2020-04-26,0,39
Oud-Turnhout,2020-04-27,0,39
Oud-Turnhout,2020-04-28,0,39
Oud-Turnhout,2020-04-29,0,39
Oud-Turnhout,2020-04-30,6,45
Oud-Turnhout,2020-05-01,0,45
Oud-Turnhout,2020-05-02,2,47
Oud-Turnhout,2020-05-03,0,47
Oud-Turnhout,2020-05-04,0,47
Oud-Turnhout,2020-05-05,1,48
Oud-Turnhout,2020-05-06,3,51
Oud-Turnhout,2020-05-07,5,56
Oud-Turnhout,2020-05-08,1,57
Oud-Turnhout,2020-05-09,0,57
Oud-Turnhout,2020-05-10,0,57
Oud-Turnhout,2020-05-11,1,58
Oud-Turnhout,2020-05-12,0,58
Oud-Turnhout,2020-05-13,0,58
Oud-Turnhout,2020-05-14,4,62
Oud-Turnhout,2020-05-15,8,70
Oud-Turnhout,2020-05-16,2,72
Oud-Turnhout,2020-05-17,2,74
Oud-Turnhout,2020-05-18,3,77
Oud-Turnhout,2020-05-19,0,77
Oud-Turnhout,2020-05-20,5,82
Oud-Turnhout,2020-05-21,0,82
Oud-Turnhout,2020-05-22,2,84
Oud-Turnhout,2020-05-23,0,84
Oud-Turnhout,2020-05-24,17,101
Oud-Turnhout,2020-05-25,2,103
Oud-Turnhout,2020-05-26,0,103
Oud-Turnhout,2020-05-27,0,103
Oud-Turnhout,2020-05-28,0,103
Oud-Turnhout,2020-05-29,0,103
Oud-Turnhout,2020-05-30,0,103
Oud-Turnhout,2020-05-31,2,105
Oud-Turnhout,2020-06-01,4,109
Oud-Turnhout,2020-06-02,0,109
Oud-Turnhout,2020-06-03,0,109
Oud-Turnhout,2020-06-04,1,110
Oud-Turnhout,2020-06-05,0,110
Oud-Turnhout,2020-06-06,6,116
Oud-Turnhout,2020-06-07,0,116
Oud-Turnhout,2020-06-08,0,116
Oud-Turnhout,2020-06-09,1,117
Oud-Turnhout,2020-06-10,0,117
Oud-Turnhout,2020-06-11,0,117
Oud-Turnhout,2020-06-12,0,117
Oud-Turnhout,2020-06-13,2,119
Oud-Turnhout,2020-06-14,0,119
Oud-Turnhout,2020-06-15,0,119
Oud-Turnhout,2020-06-16,0,119
Oud-Turnhout,2020-06-17,0,119
Oud-Turnhout,2020-06-18,0,119
Oud-Turnhout,2020-06-19,2,121
Oud-Turnhout,2020-06-20,0,121
Oud-Turnhout,2020-06-23,0,121
Oud-Turnhout,2020-06-24,0,121
Oud-Turnhout,2020-06-25,0,121
Oud-Turnhout,2020-06-26,0,121
Oud-Turnhout,2020-06-27,0,121
Oud-Turnhout,2020-06-30,1,122
Oud-Turnhout,2020-07-01,0,122
Oud-Turnhout,2020-07-02,0,122
Oud-Turnhout,2020-07-03,0,122
Oud-Turnhout,2020-07-04,0,122
Oud-Turnhout,2020-07-07,0,122
Oud-Turnhout,2020-07-08,0,122
Oud-Turnhout,2020-07-09,0,122
Oud-Turnhout,2020-07-10,0,122
Oud-Turnhout,2020-07-11,0,122
Oud-Turnhout,2020-07-14,0,122
Oud-Turnhout,2020-07-15,0,122
Oud-Turnhout,2020-07-16,0,122
Oud-Turnhout,2020-07-17,0,122
Oud-Turnhout,2020-07-18,0,122
Oud-Turnhout,2020-07-20,0,122
Oud-Turnhout,2020-07-21,0,122
Oud-Turnhout,2020-07-22,0,122
Oud-Turnhout,2020-07-23,0,122
Oud-Turnhout,2020-07-24,0,122
Oud-Turnhout,2020-07-25,0,122
Oud-Turnhout,2020-07-26,0,122
Oud-Turnhout,2020-07-27,0,122
Oud-Turnhout,2020-07-28,0,122
Oud-Turnhout,2020-07-29,0,122
Oud-Turnhout,2020-07-30,0,122
Oud-Turnhout,2020-07-31,0,122
Ravels,2020-04-01,1,15
Ravels,2020-04-02,5,20
Ravels,2020-04-03,3,23
Ravels,2020-04-04,0,23
Ravels,2020-04-05,2,25
Ravels,2020-04-06,1,26
Ravels,2020-04-07,1,27
Ravels,2020-04-08,3,30
Ravels,2020-04-09,0,30
Ravels,2020-04-10,3,33
Ravels,2020-04-11,1,34
Ravels,2020-04-12,4,38
Ravels,2020-04-13,0,38
Ravels,2020-04-14,0,38
Ravels,2020-04-15,55,93
Ravels,2020-04-16,0,93
Ravels,2020-04-17,4,97
Ravels,2020-04-18,0,97
Ravels,2020-04-19,1,98
Ravels,2020-04-20,0,98
Ravels,2020-04-21,0,98
Ravels,2020-04-22,0,98
Ravels,2020-04-23,0,98
Ravels,2020-04-24,18,116
Ravels,2020-04-25,0,116
Ravels,2020-04-26,1,117
Ravels,2020-04-27,1,118
Ravels,2020-04-28,0,118
Ravels,2020-04-29,0,118
Ravels,2020-04-30,7,125
Ravels,2020-05-01,0,125
Ravels,2020-05-02,2,127
Ravels,2020-05-03,0,127
Ravels,2020-05-04,1,128
Ravels,2020-05-05,0,128
Ravels,2020-05-06,1,129
Ravels,2020-05-07,3,132
Ravels,2020-05-08,0,132
Ravels,2020-05-09,2,134
Ravels,2020-05-10,0,134
Ravels,2020-05-11,1,135
Ravels,2020-05-12,1,136
Ravels,2020-05-13,0,136
Ravels,2020-05-14,0,136
Ravels,2020-05-15,0,136
Ravels,2020-05-16,2,138
Ravels,2020-05-17,1,139
Ravels,2020-05-18,0,139
Ravels,2020-05-19,1,140
Ravels,2020-05-20,0,140
Ravels,2020-05-21,0,140
Ravels,2020-05-22,0,140
Ravels,2020-05-23,0,140
Ravels,2020-05-24,1,141
Ravels,2020-05-25,0,141
Ravels,2020-05-26,0,141
Ravels,2020-05-27,1,142
Ravels,2020-05-28,0,142
Ravels,2020-05-29,0,142
Ravels,2020-05-30,0,142
Ravels,2020-05-31,0,142
Ravels,2020-06-01,0,142
Ravels,2020-06-02,1,143
Ravels,2020-06-03,0,143
Ravels,2020-06-04,0,143
Ravels,2020-06-05,0,143
Ravels,2020-06-06,0,143
Ravels,2020-06-07,0,143
Ravels,2020-06-08,0,143
Ravels,2020-06-09,0,143
Ravels,2020-06-10,0,143
Ravels,2020-06-11,0,143
Ravels,2020-06-12,0,143
Ravels,2020-06-13,0,143
Ravels,2020-06-14,0,143
Ravels,2020-06-15,1,144
Ravels,2020-06-16,0,144
Ravels,2020-06-17,0,144
Ravels,2020-06-18,2,146
Ravels,2020-06-19,0,146
Ravels,2020-06-20,0,146
Ravels,2020-06-23,0,146
Ravels,2020-06-24,0,146
Ravels,2020-06-25,0,146
Ravels,2020-06-26,1,147
Ravels,2020-06-27,0,147
Ravels,2020-06-30,0,147
Ravels,2020-07-01,0,147
Ravels,2020-07-02,0,147
Ravels,2020-07-03,0,147
Ravels,2020-07-04,0,147
Ravels,2020-07-07,0,147
Ravels,2020-07-08,0,147
Ravels,2020-07-09,0,147
Ravels,2020-07-10,0,147
Ravels,2020-07-11,0,147
Ravels,2020-07-14,0,147
Ravels,2020-07-15,0,147
Ravels,2020-07-16,0,147
Ravels,2020-07-17,0,147
Ravels,2020-07-18,0,147
Ravels,2020-07-20,0,147
Ravels,2020-07-21,0,147
Ravels,2020-07-22,0,147
Ravels,2020-07-23,0,147
Ravels,2020-07-24,1,148
Ravels,2020-07-25,0,148
Ravels,2020-07-26,0,148
Ravels,2020-07-27,0,148
Ravels,2020-07-28,0,148
Ravels,2020-07-29,0,148
Ravels,2020-07-30,0,148
Ravels,2020-07-31,1,149
Retie,2020-04-01,0,14
Retie,2020-04-02,2,16
Retie,2020-04-03,1,17
Retie,2020-04-04,2,19
Retie,2020-04-05,1,20
Retie,2020-04-06,0,20
Retie,2020-04-07,0,20
Retie,2020-04-08,0,20
Retie,2020-04-09,1,21
Retie,2020-04-10,0,21
Retie,2020-04-11,1,22
Retie,2020-04-12,0,22
Retie,2020-04-13,0,22
Retie,2020-04-14,1,23
Retie,2020-04-15,1,24
Retie,2020-04-16,0,24
Retie,2020-04-17,0,24
Retie,2020-04-18,0,24
Retie,2020-04-19,0,24
Retie,2020-04-20,0,24
Retie,2020-04-21,0,24
Retie,2020-04-22,0,24
Retie,2020-04-23,0,24
Retie,2020-04-24,0,24
Retie,2020-04-25,0,24
Retie,2020-04-26,0,24
Retie,2020-04-27,0,24
Retie,2020-04-28,0,24
Retie,2020-04-29,0,24
Retie,2020-04-30,1,25
Retie,2020-05-01,1,26
Retie,2020-05-02,0,26
Retie,2020-05-03,0,26
Retie,2020-05-04,0,26
Retie,2020-05-05,0,26
Retie,2020-05-06,0,26
Retie,2020-05-07,1,27
Retie,2020-05-08,0,27
Retie,2020-05-09,1,28
Retie,2020-05-10,0,28
Retie,2020-05-11,1,29
Retie,2020-05-12,0,29
Retie,2020-05-13,0,29
Retie,2020-05-14,0,29
Retie,2020-05-15,1,30
Retie,2020-05-16,0,30
Retie,2020-05-17,0,30
Retie,2020-05-18,0,30
Retie,2020-05-19,0,30
Retie,2020-05-20,1,31
Retie,2020-05-21,0,31
Retie,2020-05-22,1,32
Retie,2020-05-23,0,32
Retie,2020-05-24,0,32
Retie,2020-05-25,0,32
Retie,2020-05-26,0,32
Retie,2020-05-27,0,32
Retie,2020-05-28,0,32
Retie,2020-05-29,0,32
Retie,2020-05-30,0,32
Retie,2020-05-31,0,32
Retie,2020-06-01,0,32
Retie,2020-06-02,0,32
Retie,2020-06-03,0,32
Retie,2020-06-04,0,32
Retie,2020-06-05,0,32
Retie,2020-06-06,0,32
Retie,2020-06-07,0,32
Retie,2020-06-08,0,32
Retie,2020-06-09,0,32
Retie,2020-06-10,1,33
Retie,2020-06-11,0,33
Retie,2020-06-12,0,33
Retie,2020-06-13,0,33
Retie,2020-06-14,0,33
Retie,2020-06-15,0,33
Retie,2020-06-16,0,33
Retie,2020-06-17,0,33
Retie,2020-06-18,0,33
Retie,2020-06-19,0,33
Retie,2020-06-20,0,33
Retie,2020-06-23,0,33
Retie,2020-06-24,0,33
Retie,2020-06-25,0,33
Retie,2020-06-26,0,33
Retie,2020-06-27,0,33
Retie,2020-06-30,0,33
Retie,2020-07-01,0,33
Retie,2020-07-02,0,33
Retie,2020-07-03,0,33
Retie,2020-07-04,0,33
Retie,2020-07-07,0,33
Retie,2020-07-08,0,33
Retie,2020-07-09,0,33
Retie,2020-07-10,0,33
Retie,2020-07-11,0,33
Retie,2020-07-14,0,33
Retie,2020-07-15,0,33
Retie,2020-07-16,0,33
Retie,2020-07-17,0,33
Retie,2020-07-18,0,33
Retie,2020-07-20,0,33
Retie,2020-07-21,0,33
Retie,2020-07-22,0,33
Retie,2020-07-23,0,33
Retie,2020-07-24,0,33
Retie,2020-07-25,0,33
Retie,2020-07-26,0,33
Retie,2020-07-27,0,33
Retie,2020-07-28,0,33
Retie,2020-07-29,0,33
Retie,2020-07-30,1,34
Retie,2020-07-31,0,34
Rijkevorsel,2020-04-01,0,8
Rijkevorsel,2020-04-02,0,8
Rijkevorsel,2020-04-03,4,12
Rijkevorsel,2020-04-04,1,13
Rijkevorsel,2020-04-05,2,15
Rijkevorsel,2020-04-06,0,15
Rijkevorsel,2020-04-07,1,16
Rijkevorsel,2020-04-08,0,16
Rijkevorsel,2020-04-09,2,18
Rijkevorsel,2020-04-10,1,19
Rijkevorsel,2020-04-11,0,19
Rijkevorsel,2020-04-12,1,20
Rijkevorsel,2020-04-13,0,20
Rijkevorsel,2020-04-14,0,20
Rijkevorsel,2020-04-15,0,20
Rijkevorsel,2020-04-16,0,20
Rijkevorsel,2020-04-17,1,21
Rijkevorsel,2020-04-18,0,21
Rijkevorsel,2020-04-19,0,21
Rijkevorsel,2020-04-20,0,21
Rijkevorsel,2020-04-21,0,21
Rijkevorsel,2020-04-22,0,21
Rijkevorsel,2020-04-23,0,21
Rijkevorsel,2020-04-24,4,25
Rijkevorsel,2020-04-25,1,26
Rijkevorsel,2020-04-26,0,26
Rijkevorsel,2020-04-27,0,26
Rijkevorsel,2020-04-28,1,27
Rijkevorsel,2020-04-29,0,27
Rijkevorsel,2020-04-30,1,28
Rijkevorsel,2020-05-01,0,28
Rijkevorsel,2020-05-02,0,28
Rijkevorsel,2020-05-03,0,28
Rijkevorsel,2020-05-04,1,29
Rijkevorsel,2020-05-05,0,29
Rijkevorsel,2020-05-06,1,30
Rijkevorsel,2020-05-07,0,30
Rijkevorsel,2020-05-08,0,30
Rijkevorsel,2020-05-09,1,31
Rijkevorsel,2020-05-10,0,31
Rijkevorsel,2020-05-11,1,32
Rijkevorsel,2020-05-12,1,33
Rijkevorsel,2020-05-13,1,34
Rijkevorsel,2020-05-14,0,34
Rijkevorsel,2020-05-15,1,35
Rijkevorsel,2020-05-16,0,35
Rijkevorsel,2020-05-17,0,35
Rijkevorsel,2020-05-18,0,35
Rijkevorsel,2020-05-19,0,35
Rijkevorsel,2020-05-20,0,35
Rijkevorsel,2020-05-21,3,38
Rijkevorsel,2020-05-22,0,38
Rijkevorsel,2020-05-23,0,38
Rijkevorsel,2020-05-24,0,38
Rijkevorsel,2020-05-25,0,38
Rijkevorsel,2020-05-26,0,38
Rijkevorsel,2020-05-27,0,38
Rijkevorsel,2020-05-28,0,38
Rijkevorsel,2020-05-29,0,38
Rijkevorsel,2020-05-30,0,38
Rijkevorsel,2020-05-31,0,38
Rijkevorsel,2020-06-01,0,38
Rijkevorsel,2020-06-02,0,38
Rijkevorsel,2020-06-03,0,38
Rijkevorsel,2020-06-04,0,38
Rijkevorsel,2020-06-05,0,38
Rijkevorsel,2020-06-06,0,38
Rijkevorsel,2020-06-07,0,38
Rijkevorsel,2020-06-08,0,38
Rijkevorsel,2020-06-09,0,38
Rijkevorsel,2020-06-10,0,38
Rijkevorsel,2020-06-11,0,38
Rijkevorsel,2020-06-12,0,38
Rijkevorsel,2020-06-13,0,38
Rijkevorsel,2020-06-14,0,38
Rijkevorsel,2020-06-15,0,38
Rijkevorsel,2020-06-16,0,38
Rijkevorsel,2020-06-17,0,38
Rijkevorsel,2020-06-18,0,38
Rijkevorsel,2020-06-19,0,38
Rijkevorsel,2020-06-20,0,38
Rijkevorsel,2020-06-23,0,38
Rijkevorsel,2020-06-24,0,38
Rijkevorsel,2020-06-25,0,38
Rijkevorsel,2020-06-26,0,38
Rijkevorsel,2020-06-27,0,38
Rijkevorsel,2020-06-30,0,38
Rijkevorsel,2020-07-01,0,38
Rijkevorsel,2020-07-02,0,38
Rijkevorsel,2020-07-03,0,38
Rijkevorsel,2020-07-04,0,38
Rijkevorsel,2020-07-07,0,38
Rijkevorsel,2020-07-08,0,38
Rijkevorsel,2020-07-09,0,38
Rijkevorsel,2020-07-10,0,38
Rijkevorsel,2020-07-11,0,38
Rijkevorsel,2020-07-14,0,38
Rijkevorsel,2020-07-15,0,38
Rijkevorsel,2020-07-16,0,38
Rijkevorsel,2020-07-17,0,38
Rijkevorsel,2020-07-18,0,38
Rijkevorsel,2020-07-20,0,38
Rijkevorsel,2020-07-21,0,38
Rijkevorsel,2020-07-22,0,38
Rijkevorsel,2020-07-23,1,39
Rijkevorsel,2020-07-24,0,39
Rijkevorsel,2020-07-25,0,39
Rijkevorsel,2020-07-26,0,39
Rijkevorsel,2020-07-27,0,39
Rijkevorsel,2020-07-28,1,40
Rijkevorsel,2020-07-29,0,40
Rijkevorsel,2020-07-30,1,41
Rijkevorsel,2020-07-31,1,42
Turnhout,2020-04-01,3,32
Turnhout,2020-04-02,2,34
Turnhout,2020-04-03,2,36
Turnhout,2020-04-04,4,40
Turnhout,2020-04-05,3,43
Turnhout,2020-04-06,2,45
Turnhout,2020-04-07,1,46
Turnhout,2020-04-08,1,47
Turnhout,2020-04-09,4,51
Turnhout,2020-04-10,2,53
Turnhout,2020-04-11,1,54
Turnhout,2020-04-12,1,55
Turnhout,2020-04-13,3,58
Turnhout,2020-04-14,0,58
Turnhout,2020-04-15,3,61
Turnhout,2020-04-16,0,61
Turnhout,2020-04-17,2,63
Turnhout,2020-04-18,1,64
Turnhout,2020-04-19,1,65
Turnhout,2020-04-20,7,72
Turnhout,2020-04-21,0,72
Turnhout,2020-04-22,0,72
Turnhout,2020-04-23,0,72
Turnhout,2020-04-24,7,79
Turnhout,2020-04-25,0,79
Turnhout,2020-04-26,0,79
Turnhout,2020-04-27,0,79
Turnhout,2020-04-28,1,80
Turnhout,2020-04-29,0,80
Turnhout,2020-04-30,17,97
Turnhout,2020-05-01,3,100
Turnhout,2020-05-02,7,107
Turnhout,2020-05-03,1,108
Turnhout,2020-05-04,4,112
Turnhout,2020-05-05,0,112
Turnhout,2020-05-06,2,114
Turnhout,2020-05-07,8,122
Turnhout,2020-05-08,5,127
Turnhout,2020-05-09,0,127
Turnhout,2020-05-10,1,128
Turnhout,2020-05-11,7,135
Turnhout,2020-05-12,1,136
Turnhout,2020-05-13,1,137
Turnhout,2020-05-14,2,139
Turnhout,2020-05-15,1,140
Turnhout,2020-05-16,0,140
Turnhout,2020-05-17,0,140
Turnhout,2020-05-18,0,140
Turnhout,2020-05-19,2,142
Turnhout,2020-05-20,1,143
Turnhout,2020-05-21,4,147
Turnhout,2020-05-22,0,147
Turnhout,2020-05-23,0,147
Turnhout,2020-05-24,12,159
Turnhout,2020-05-25,0,159
Turnhout,2020-05-26,1,160
Turnhout,2020-05-27,2,162
Turnhout,2020-05-28,2,164
Turnhout,2020-05-29,3,167
Turnhout,2020-05-30,0,167
Turnhout,2020-05-31,2,169
Turnhout,2020-06-01,0,169
Turnhout,2020-06-02,0,169
Turnhout,2020-06-03,0,169
Turnhout,2020-06-04,1,170
Turnhout,2020-06-05,0,170
Turnhout,2020-06-06,2,172
Turnhout,2020-06-07,1,173
Turnhout,2020-06-08,1,174
Turnhout,2020-06-09,1,175
Turnhout,2020-06-10,0,175
Turnhout,2020-06-11,1,176
Turnhout,2020-06-12,0,176
Turnhout,2020-06-13,0,176
Turnhout,2020-06-14,0,176
Turnhout,2020-06-15,0,176
Turnhout,2020-06-16,0,176
Turnhout,2020-06-17,1,177
Turnhout,2020-06-18,0,177
Turnhout,2020-06-19,1,178
Turnhout,2020-06-20,2,180
Turnhout,2020-06-23,4,184
Turnhout,2020-06-24,0,184
Turnhout,2020-06-25,1,185
Turnhout,2020-06-26,1,186
Turnhout,2020-06-27,0,186
Turnhout,2020-06-30,2,188
Turnhout,2020-07-01,0,188
Turnhout,2020-07-02,0,188
Turnhout,2020-07-03,1,189
Turnhout,2020-07-04,0,189
Turnhout,2020-07-07,0,189
Turnhout,2020-07-08,0,189
Turnhout,2020-07-09,0,189
Turnhout,2020-07-10,2,191
Turnhout,2020-07-11,0,191
Turnhout,2020-07-14,0,191
Turnhout,2020-07-15,0,191
Turnhout,2020-07-16,1,192
Turnhout,2020-07-17,0,192
Turnhout,2020-07-18,1,193
Turnhout,2020-07-20,2,195
Turnhout,2020-07-21,0,195
Turnhout,2020-07-22,0,195
Turnhout,2020-07-23,5,200
Turnhout,2020-07-24,0,200
Turnhout,2020-07-25,3,203
Turnhout,2020-07-26,1,204
Turnhout,2020-07-27,0,204
Turnhout,2020-07-28,1,205
Turnhout,2020-07-29,0,205
Turnhout,2020-07-30,4,209
Turnhout,2020-07-31,3,212
Vorselaar,2020-04-01,0,7
Vorselaar,2020-04-02,0,7
Vorselaar,2020-04-03,0,7
Vorselaar,2020-04-04,4,11
Vorselaar,2020-04-05,1,12
Vorselaar,2020-04-06,1,13
Vorselaar,2020-04-07,0,13
Vorselaar,2020-04-08,1,14
Vorselaar,2020-04-09,3,17
Vorselaar,2020-04-10,0,17
Vorselaar,2020-04-11,2,19
Vorselaar,2020-04-12,0,19
Vorselaar,2020-04-13,2,21
Vorselaar,2020-04-14,0,21
Vorselaar,2020-04-15,1,22
Vorselaar,2020-04-16,0,22
Vorselaar,2020-04-17,0,22
Vorselaar,2020-04-18,0,22
Vorselaar,2020-04-19,3,25
Vorselaar,2020-04-20,0,25
Vorselaar,2020-04-21,0,25
Vorselaar,2020-04-22,0,25
Vorselaar,2020-04-23,0,25
Vorselaar,2020-04-24,1,26
Vorselaar,2020-04-25,1,27
Vorselaar,2020-04-26,0,27
Vorselaar,2020-04-27,0,27
Vorselaar,2020-04-28,0,27
Vorselaar,2020-04-29,0,27
Vorselaar,2020-04-30,2,29
Vorselaar,2020-05-01,0,29
Vorselaar,2020-05-02,1,30
Vorselaar,2020-05-03,0,30
Vorselaar,2020-05-04,1,31
Vorselaar,2020-05-05,1,32
Vorselaar,2020-05-06,0,32
Vorselaar,2020-05-07,1,33
Vorselaar,2020-05-08,0,33
Vorselaar,2020-05-09,0,33
Vorselaar,2020-05-10,0,33
Vorselaar,2020-05-11,0,33
Vorselaar,2020-05-12,0,33
Vorselaar,2020-05-13,0,33
Vorselaar,2020-05-14,0,33
Vorselaar,2020-05-15,0,33
Vorselaar,2020-05-16,1,34
Vorselaar,2020-05-17,0,34
Vorselaar,2020-05-18,1,35
Vorselaar,2020-05-19,1,36
Vorselaar,2020-05-20,0,36
Vorselaar,2020-05-21,1,37
Vorselaar,2020-05-22,0,37
Vorselaar,2020-05-23,0,37
Vorselaar,2020-05-24,0,37
Vorselaar,2020-05-25,2,39
Vorselaar,2020-05-26,0,39
Vorselaar,2020-05-27,0,39
Vorselaar,2020-05-28,0,39
Vorselaar,2020-05-29,0,39
Vorselaar,2020-05-30,0,39
Vorselaar,2020-05-31,0,39
Vorselaar,2020-06-01,0,39
Vorselaar,2020-06-02,0,39
Vorselaar,2020-06-03,0,39
Vorselaar,2020-06-04,0,39
Vorselaar,2020-06-05,0,39
Vorselaar,2020-06-06,0,39
Vorselaar,2020-06-07,0,39
Vorselaar,2020-06-08,0,39
Vorselaar,2020-06-09,0,39
Vorselaar,2020-06-10,0,39
Vorselaar,2020-06-11,0,39
Vorselaar,2020-06-12,0,39
Vorselaar,2020-06-13,0,39
Vorselaar,2020-06-14,0,39
Vorselaar,2020-06-15,0,39
Vorselaar,2020-06-16,0,39
Vorselaar,2020-06-17,1,40
Vorselaar,2020-06-18,0,40
Vorselaar,2020-06-19,0,40
Vorselaar,2020-06-20,0,40
Vorselaar,2020-06-23,0,40
Vorselaar,2020-06-24,0,40
Vorselaar,2020-06-25,0,40
Vorselaar,2020-06-26,0,40
Vorselaar,2020-06-27,1,41
Vorselaar,2020-06-30,0,41
Vorselaar,2020-07-01,0,41
Vorselaar,2020-07-02,0,41
Vorselaar,2020-07-03,0,41
Vorselaar,2020-07-04,0,41
Vorselaar,2020-07-07,0,41
Vorselaar,2020-07-08,0,41
Vorselaar,2020-07-09,0,41
Vorselaar,2020-07-10,0,41
Vorselaar,2020-07-11,0,41
Vorselaar,2020-07-14,0,41
Vorselaar,2020-07-15,0,41
Vorselaar,2020-07-16,0,41
Vorselaar,2020-07-17,0,41
Vorselaar,2020-07-18,0,41
Vorselaar,2020-07-20,0,41
Vorselaar,2020-07-21,0,41
Vorselaar,2020-07-22,0,41
Vorselaar,2020-07-23,0,41
Vorselaar,2020-07-24,0,41
Vorselaar,2020-07-25,0,41
Vorselaar,2020-07-26,1,42
Vorselaar,2020-07-27,1,43
Vorselaar,2020-07-28,2,45
Vorselaar,2020-07-29,0,45
Vorselaar,2020-07-30,0,45
Vorselaar,2020-07-31,0,45
Vosselaar,2020-04-01,1,13
Vosselaar,2020-04-02,0,13
Vosselaar,2020-04-03,0,13
Vosselaar,2020-04-04,1,14
Vosselaar,2020-04-05,0,14
Vosselaar,2020-04-06,0,14
Vosselaar,2020-04-07,0,14
Vosselaar,2020-04-08,0,14
Vosselaar,2020-04-09,1,15
Vosselaar,2020-04-10,0,15
Vosselaar,2020-04-11,0,15
Vosselaar,2020-04-12,1,16
Vosselaar,2020-04-13,0,16
Vosselaar,2020-04-14,0,16
Vosselaar,2020-04-15,3,19
Vosselaar,2020-04-16,0,19
Vosselaar,2020-04-17,0,19
Vosselaar,2020-04-18,1,20
Vosselaar,2020-04-19,1,21
Vosselaar,2020-04-20,1,22
Vosselaar,2020-04-21,0,22
Vosselaar,2020-04-22,0,22
Vosselaar,2020-04-23,0,22
Vosselaar,2020-04-24,0,22
Vosselaar,2020-04-25,0,22
Vosselaar,2020-04-26,1,23
Vosselaar,2020-04-27,0,23
Vosselaar,2020-04-28,1,24
Vosselaar,2020-04-29,0,24
Vosselaar,2020-04-30,3,27
Vosselaar,2020-05-01,1,28
Vosselaar,2020-05-02,2,30
Vosselaar,2020-05-03,0,30
Vosselaar,2020-05-04,2,32
Vosselaar,2020-05-05,0,32
Vosselaar,2020-05-06,1,33
Vosselaar,2020-05-07,1,34
Vosselaar,2020-05-08,1,35
Vosselaar,2020-05-09,0,35
Vosselaar,2020-05-10,0,35
Vosselaar,2020-05-11,1,36
Vosselaar,2020-05-12,1,37
Vosselaar,2020-05-13,0,37
Vosselaar,2020-05-14,3,40
Vosselaar,2020-05-15,0,40
Vosselaar,2020-05-16,0,40
Vosselaar,2020-05-17,1,41
Vosselaar,2020-05-18,0,41
Vosselaar,2020-05-19,0,41
Vosselaar,2020-05-20,0,41
Vosselaar,2020-05-21,3,44
Vosselaar,2020-05-22,0,44
Vosselaar,2020-05-23,0,44
Vosselaar,2020-05-24,0,44
Vosselaar,2020-05-25,0,44
Vosselaar,2020-05-26,1,45
Vosselaar,2020-05-27,0,45
Vosselaar,2020-05-28,0,45
Vosselaar,2020-05-29,1,46
Vosselaar,2020-05-30,0,46
Vosselaar,2020-05-31,2,48
Vosselaar,2020-06-01,0,48
Vosselaar,2020-06-02,0,48
Vosselaar,2020-06-03,0,48
Vosselaar,2020-06-04,0,48
Vosselaar,2020-06-05,0,48
Vosselaar,2020-06-06,0,48
Vosselaar,2020-06-07,1,49
Vosselaar,2020-06-08,0,49
Vosselaar,2020-06-09,0,49
Vosselaar,2020-06-10,0,49
Vosselaar,2020-06-11,0,49
Vosselaar,2020-06-12,0,49
Vosselaar,2020-06-13,0,49
Vosselaar,2020-06-14,0,49
Vosselaar,2020-06-15,0,49
Vosselaar,2020-06-16,0,49
Vosselaar,2020-06-17,0,49
Vosselaar,2020-06-18,0,49
Vosselaar,2020-06-19,0,49
Vosselaar,2020-06-20,0,49
Vosselaar,2020-06-23,0,49
Vosselaar,2020-06-24,0,49
Vosselaar,2020-06-25,0,49
Vosselaar,2020-06-26,0,49
Vosselaar,2020-06-27,0,49
Vosselaar,2020-06-30,0,49
Vosselaar,2020-07-01,0,49
Vosselaar,2020-07-02,0,49
Vosselaar,2020-07-03,0,49
Vosselaar,2020-07-04,1,50
Vosselaar,2020-07-07,0,50
Vosselaar,2020-07-08,0,50
Vosselaar,2020-07-09,0,50
Vosselaar,2020-07-10,0,50
Vosselaar,2020-07-11,0,50
Vosselaar,2020-07-14,0,50
Vosselaar,2020-07-15,0,50
Vosselaar,2020-07-16,0,50
Vosselaar,2020-07-17,2,52
Vosselaar,2020-07-18,0,52
Vosselaar,2020-07-20,0,52
Vosselaar,2020-07-21,0,52
Vosselaar,2020-07-22,0,52
Vosselaar,2020-07-23,0,52
Vosselaar,2020-07-24,0,52
Vosselaar,2020-07-25,0,52
Vosselaar,2020-07-26,0,52
Vosselaar,2020-07-27,0,52
Vosselaar,2020-07-28,0,52
Vosselaar,2020-07-29,0,52
Vosselaar,2020-07-30,1,53
Vosselaar,2020-07-31,1,54
Westerlo,2020-04-01,0,31
Westerlo,2020-04-02,8,39
Westerlo,2020-04-03,1,40
Westerlo,2020-04-04,1,41
Westerlo,2020-04-05,2,43
Westerlo,2020-04-06,0,43
Westerlo,2020-04-07,2,45
Westerlo,2020-04-08,1,46
Westerlo,2020-04-09,1,47
Westerlo,2020-04-10,0,47
Westerlo,2020-04-11,0,47
Westerlo,2020-04-12,0,47
Westerlo,2020-04-13,1,48
Westerlo,2020-04-14,1,49
Westerlo,2020-04-15,0,49
Westerlo,2020-04-16,1,50
Westerlo,2020-04-17,0,50
Westerlo,2020-04-18,1,51
Westerlo,2020-04-19,1,52
Westerlo,2020-04-20,1,53
Westerlo,2020-04-21,0,53
Westerlo,2020-04-22,0,53
Westerlo,2020-04-23,0,53
Westerlo,2020-04-24,0,53
Westerlo,2020-04-25,1,54
Westerlo,2020-04-26,1,55
Westerlo,2020-04-27,2,57
Westerlo,2020-04-28,2,59
Westerlo,2020-04-29,7,66
Westerlo,2020-04-30,3,69
Westerlo,2020-05-01,2,71
Westerlo,2020-05-02,0,71
Westerlo,2020-05-03,1,72
Westerlo,2020-05-04,0,72
Westerlo,2020-05-05,1,73
Westerlo,2020-05-06,0,73
Westerlo,2020-05-07,4,77
Westerlo,2020-05-08,2,79
Westerlo,2020-05-09,1,80
Westerlo,2020-05-10,2,82
Westerlo,2020-05-11,0,82
Westerlo,2020-05-12,0,82
Westerlo,2020-05-13,1,83
Westerlo,2020-05-14,0,83
Westerlo,2020-05-15,0,83
Westerlo,2020-05-16,0,83
Westerlo,2020-05-17,1,84
Westerlo,2020-05-18,0,84
Westerlo,2020-05-19,5,89
Westerlo,2020-05-20,0,89
Westerlo,2020-05-21,0,89
Westerlo,2020-05-22,0,89
Westerlo,2020-05-23,0,89
Westerlo,2020-05-24,1,90
Westerlo,2020-05-25,0,90
Westerlo,2020-05-26,0,90
Westerlo,2020-05-27,1,91
Westerlo,2020-05-28,0,91
Westerlo,2020-05-29,4,95
Westerlo,2020-05-30,0,95
Westerlo,2020-05-31,2,97
Westerlo,2020-06-01,0,97
Westerlo,2020-06-02,0,97
Westerlo,2020-06-03,0,97
Westerlo,2020-06-04,0,97
Westerlo,2020-06-05,0,97
Westerlo,2020-06-06,2,99
Westerlo,2020-06-07,0,99
Westerlo,2020-06-08,0,99
Westerlo,2020-06-09,0,99
Westerlo,2020-06-10,0,99
Westerlo,2020-06-11,0,99
Westerlo,2020-06-12,0,99
Westerlo,2020-06-13,0,99
Westerlo,2020-06-14,1,100
Westerlo,2020-06-15,0,100
Westerlo,2020-06-16,0,100
Westerlo,2020-06-17,0,100
Westerlo,2020-06-18,0,100
Westerlo,2020-06-19,0,100
Westerlo,2020-06-20,0,100
Westerlo,2020-06-23,0,100
Westerlo,2020-06-24,0,100
Westerlo,2020-06-25,0,100
Westerlo,2020-06-26,0,100
Westerlo,2020-06-27,0,100
Westerlo,2020-06-30,0,100
Westerlo,2020-07-01,1,101
Westerlo,2020-07-02,0,101
Westerlo,2020-07-03,0,101
Westerlo,2020-07-04,0,101
Westerlo,2020-07-07,0,101
Westerlo,2020-07-08,0,101
Westerlo,2020-07-09,0,101
Westerlo,2020-07-10,0,101
Westerlo,2020-07-11,0,101
Westerlo,2020-07-14,0,101
Westerlo,2020-07-15,0,101
Westerlo,2020-07-16,0,101
Westerlo,2020-07-17,0,101
Westerlo,2020-07-18,0,101
Westerlo,2020-07-20,0,101
Westerlo,2020-07-21,1,102
Westerlo,2020-07-22,0,102
Westerlo,2020-07-23,1,103
Westerlo,2020-07-24,0,103
Westerlo,2020-07-25,2,105
Westerlo,2020-07-26,0,105
Westerlo,2020-07-27,0,105
Westerlo,2020-07-28,1,106
Westerlo,2020-07-29,0,106
Westerlo,2020-07-30,1,107
Westerlo,2020-07-31,1,108
Laakdal,2020-04-01,2,33
Laakdal,2020-04-02,6,39
Laakdal,2020-04-03,1,40
Laakdal,2020-04-04,1,41
Laakdal,2020-04-05,0,41
Laakdal,2020-04-06,3,44
Laakdal,2020-04-07,2,46
Laakdal,2020-04-08,0,46
Laakdal,2020-04-09,2,48
Laakdal,2020-04-10,2,50
Laakdal,2020-04-11,1,51
Laakdal,2020-04-12,0,51
Laakdal,2020-04-13,1,52
Laakdal,2020-04-14,1,53
Laakdal,2020-04-15,1,54
Laakdal,2020-04-16,2,56
Laakdal,2020-04-17,0,56
Laakdal,2020-04-18,1,57
Laakdal,2020-04-19,1,58
Laakdal,2020-04-20,1,59
Laakdal,2020-04-21,0,59
Laakdal,2020-04-22,0,59
Laakdal,2020-04-23,0,59
Laakdal,2020-04-24,3,62
Laakdal,2020-04-25,1,63
Laakdal,2020-04-26,0,63
Laakdal,2020-04-27,0,63
Laakdal,2020-04-28,1,64
Laakdal,2020-04-29,0,64
Laakdal,2020-04-30,1,65
Laakdal,2020-05-01,0,65
Laakdal,2020-05-02,1,66
Laakdal,2020-05-03,0,66
Laakdal,2020-05-04,0,66
Laakdal,2020-05-05,0,66
Laakdal,2020-05-06,0,66
Laakdal,2020-05-07,1,67
Laakdal,2020-05-08,1,68
Laakdal,2020-05-09,0,68
Laakdal,2020-05-10,1,69
Laakdal,2020-05-11,0,69
Laakdal,2020-05-12,0,69
Laakdal,2020-05-13,0,69
Laakdal,2020-05-14,3,72
Laakdal,2020-05-15,0,72
Laakdal,2020-05-16,0,72
Laakdal,2020-05-17,0,72
Laakdal,2020-05-18,0,72
Laakdal,2020-05-19,0,72
Laakdal,2020-05-20,0,72
Laakdal,2020-05-21,0,72
Laakdal,2020-05-22,0,72
Laakdal,2020-05-23,1,73
Laakdal,2020-05-24,0,73
Laakdal,2020-05-25,0,73
Laakdal,2020-05-26,0,73
Laakdal,2020-05-27,0,73
Laakdal,2020-05-28,0,73
Laakdal,2020-05-29,0,73
Laakdal,2020-05-30,0,73
Laakdal,2020-05-31,0,73
Laakdal,2020-06-01,0,73
Laakdal,2020-06-02,0,73
Laakdal,2020-06-03,0,73
Laakdal,2020-06-04,1,74
Laakdal,2020-06-05,0,74
Laakdal,2020-06-06,0,74
Laakdal,2020-06-07,0,74
Laakdal,2020-06-08,1,75
Laakdal,2020-06-09,0,75
Laakdal,2020-06-10,0,75
Laakdal,2020-06-11,0,75
Laakdal,2020-06-12,0,75
Laakdal,2020-06-13,0,75
Laakdal,2020-06-14,0,75
Laakdal,2020-06-15,0,75
Laakdal,2020-06-16,0,75
Laakdal,2020-06-17,0,75
Laakdal,2020-06-18,0,75
Laakdal,2020-06-19,0,75
Laakdal,2020-06-20,0,75
Laakdal,2020-06-23,0,75
Laakdal,2020-06-24,0,75
Laakdal,2020-06-25,0,75
Laakdal,2020-06-26,0,75
Laakdal,2020-06-27,0,75
Laakdal,2020-06-30,0,75
Laakdal,2020-07-01,0,75
Laakdal,2020-07-02,0,75
Laakdal,2020-07-03,0,75
Laakdal,2020-07-04,1,76
Laakdal,2020-07-07,0,76
Laakdal,2020-07-08,0,76
Laakdal,2020-07-09,0,76
Laakdal,2020-07-10,1,77
Laakdal,2020-07-11,1,78
Laakdal,2020-07-14,1,79
Laakdal,2020-07-15,0,79
Laakdal,2020-07-16,0,79
Laakdal,2020-07-17,0,79
Laakdal,2020-07-18,0,79
Laakdal,2020-07-20,1,80
Laakdal,2020-07-21,1,81
Laakdal,2020-07-22,0,81
Laakdal,2020-07-23,0,81
Laakdal,2020-07-24,0,81
Laakdal,2020-07-25,2,83
Laakdal,2020-07-26,1,84
Laakdal,2020-07-27,0,84
Laakdal,2020-07-28,0,84
Laakdal,2020-07-29,0,84
Laakdal,2020-07-30,0,84
Laakdal,2020-07-31,0,84
Anderlecht,2020-04-01,14,169
Anderlecht,2020-04-02,34,203
Anderlecht,2020-04-03,25,228
Anderlecht,2020-04-04,24,252
Anderlecht,2020-04-05,21,273
Anderlecht,2020-04-06,15,288
Anderlecht,2020-04-07,8,296
Anderlecht,2020-04-08,16,312
Anderlecht,2020-04-09,26,338
Anderlecht,2020-04-10,27,365
Anderlecht,2020-04-11,37,402
Anderlecht,2020-04-12,42,444
Anderlecht,2020-04-13,5,449
Anderlecht,2020-04-14,11,460
Anderlecht,2020-04-15,9,469
Anderlecht,2020-04-16,6,475
Anderlecht,2020-04-17,25,500
Anderlecht,2020-04-18,16,516
Anderlecht,2020-04-19,23,539
Anderlecht,2020-04-20,54,593
Anderlecht,2020-04-21,10,603
Anderlecht,2020-04-22,10,613
Anderlecht,2020-04-23,13,626
Anderlecht,2020-04-24,22,648
Anderlecht,2020-04-25,18,666
Anderlecht,2020-04-26,13,679
Anderlecht,2020-04-27,5,684
Anderlecht,2020-04-28,48,732
Anderlecht,2020-04-29,6,738
Anderlecht,2020-04-30,7,745
Anderlecht,2020-05-01,2,747
Anderlecht,2020-05-02,14,761
Anderlecht,2020-05-03,11,772
Anderlecht,2020-05-04,2,774
Anderlecht,2020-05-05,1,775
Anderlecht,2020-05-06,1,776
Anderlecht,2020-05-07,11,787
Anderlecht,2020-05-08,6,793
Anderlecht,2020-05-09,3,796
Anderlecht,2020-05-10,1,797
Anderlecht,2020-05-11,5,802
Anderlecht,2020-05-12,1,803
Anderlecht,2020-05-13,4,807
Anderlecht,2020-05-14,3,810
Anderlecht,2020-05-15,1,811
Anderlecht,2020-05-16,5,816
Anderlecht,2020-05-17,6,822
Anderlecht,2020-05-18,0,822
Anderlecht,2020-05-19,3,825
Anderlecht,2020-05-20,2,827
Anderlecht,2020-05-21,4,831
Anderlecht,2020-05-22,3,834
Anderlecht,2020-05-23,2,836
Anderlecht,2020-05-24,3,839
Anderlecht,2020-05-25,2,841
Anderlecht,2020-05-26,1,842
Anderlecht,2020-05-27,0,842
Anderlecht,2020-05-28,5,847
Anderlecht,2020-05-29,3,850
Anderlecht,2020-05-30,1,851
Anderlecht,2020-05-31,5,856
Anderlecht,2020-06-01,3,859
Anderlecht,2020-06-02,3,862
Anderlecht,2020-06-03,0,862
Anderlecht,2020-06-04,0,862
Anderlecht,2020-06-05,2,864
Anderlecht,2020-06-06,0,864
Anderlecht,2020-06-07,3,867
Anderlecht,2020-06-08,3,870
Anderlecht,2020-06-09,2,872
Anderlecht,2020-06-10,2,874
Anderlecht,2020-06-11,3,877
Anderlecht,2020-06-12,4,881
Anderlecht,2020-06-13,2,883
Anderlecht,2020-06-14,4,887
Anderlecht,2020-06-15,0,887
Anderlecht,2020-06-16,0,887
Anderlecht,2020-06-17,1,888
Anderlecht,2020-06-18,2,890
Anderlecht,2020-06-19,0,890
Anderlecht,2020-06-20,0,890
Anderlecht,2020-06-23,2,892
Anderlecht,2020-06-24,0,892
Anderlecht,2020-06-25,2,894
Anderlecht,2020-06-26,2,896
Anderlecht,2020-06-27,2,898
Anderlecht,2020-06-30,0,898
Anderlecht,2020-07-01,1,899
Anderlecht,2020-07-02,0,899
Anderlecht,2020-07-03,1,900
Anderlecht,2020-07-04,2,902
Anderlecht,2020-07-07,4,906
Anderlecht,2020-07-08,1,907
Anderlecht,2020-07-09,3,910
Anderlecht,2020-07-10,1,911
Anderlecht,2020-07-11,2,913
Anderlecht,2020-07-14,2,915
Anderlecht,2020-07-15,0,915
Anderlecht,2020-07-16,5,920
Anderlecht,2020-07-17,0,920
Anderlecht,2020-07-18,5,925
Anderlecht,2020-07-20,3,928
Anderlecht,2020-07-21,0,928
Anderlecht,2020-07-22,3,931
Anderlecht,2020-07-23,1,932
Anderlecht,2020-07-24,3,935
Anderlecht,2020-07-25,4,939
Anderlecht,2020-07-26,2,941
Anderlecht,2020-07-27,2,943
Anderlecht,2020-07-28,3,946
Anderlecht,2020-07-29,0,946
Anderlecht,2020-07-30,3,949
Anderlecht,2020-07-31,3,952
Oudergem,2020-04-01,4,41
Oudergem,2020-04-02,3,44
Oudergem,2020-04-03,2,46
Oudergem,2020-04-04,2,48
Oudergem,2020-04-05,6,54
Oudergem,2020-04-06,6,60
Oudergem,2020-04-07,6,66
Oudergem,2020-04-08,2,68
Oudergem,2020-04-09,5,73
Oudergem,2020-04-10,4,77
Oudergem,2020-04-11,2,79
Oudergem,2020-04-12,0,79
Oudergem,2020-04-13,4,83
Oudergem,2020-04-14,0,83
Oudergem,2020-04-15,3,86
Oudergem,2020-04-16,2,88
Oudergem,2020-04-17,3,91
Oudergem,2020-04-18,6,97
Oudergem,2020-04-19,1,98
Oudergem,2020-04-20,9,107
Oudergem,2020-04-21,1,108
Oudergem,2020-04-22,3,111
Oudergem,2020-04-23,1,112
Oudergem,2020-04-24,0,112
Oudergem,2020-04-25,4,116
Oudergem,2020-04-26,1,117
Oudergem,2020-04-27,0,117
Oudergem,2020-04-28,1,118
Oudergem,2020-04-29,1,119
Oudergem,2020-04-30,1,120
Oudergem,2020-05-01,0,120
Oudergem,2020-05-02,0,120
Oudergem,2020-05-03,3,123
Oudergem,2020-05-04,0,123
Oudergem,2020-05-05,0,123
Oudergem,2020-05-06,0,123
Oudergem,2020-05-07,2,125
Oudergem,2020-05-08,0,125
Oudergem,2020-05-09,0,125
Oudergem,2020-05-10,1,126
Oudergem,2020-05-11,2,128
Oudergem,2020-05-12,2,130
Oudergem,2020-05-13,0,130
Oudergem,2020-05-14,1,131
Oudergem,2020-05-15,1,132
Oudergem,2020-05-16,1,133
Oudergem,2020-05-17,1,134
Oudergem,2020-05-18,0,134
Oudergem,2020-05-19,0,134
Oudergem,2020-05-20,0,134
Oudergem,2020-05-21,1,135
Oudergem,2020-05-22,1,136
Oudergem,2020-05-23,0,136
Oudergem,2020-05-24,0,136
Oudergem,2020-05-25,0,136
Oudergem,2020-05-26,0,136
Oudergem,2020-05-27,0,136
Oudergem,2020-05-28,0,136
Oudergem,2020-05-29,0,136
Oudergem,2020-05-30,0,136
Oudergem,2020-05-31,0,136
Oudergem,2020-06-01,0,136
Oudergem,2020-06-02,2,138
Oudergem,2020-06-03,0,138
Oudergem,2020-06-04,0,138
Oudergem,2020-06-05,0,138
Oudergem,2020-06-06,0,138
Oudergem,2020-06-07,0,138
Oudergem,2020-06-08,0,138
Oudergem,2020-06-09,0,138
Oudergem,2020-06-10,0,138
Oudergem,2020-06-11,0,138
Oudergem,2020-06-12,1,139
Oudergem,2020-06-13,1,140
Oudergem,2020-06-14,0,140
Oudergem,2020-06-15,2,142
Oudergem,2020-06-16,2,144
Oudergem,2020-06-17,0,144
Oudergem,2020-06-18,0,144
Oudergem,2020-06-19,0,144
Oudergem,2020-06-20,0,144
Oudergem,2020-06-23,0,144
Oudergem,2020-06-24,0,144
Oudergem,2020-06-25,0,144
Oudergem,2020-06-26,0,144
Oudergem,2020-06-27,1,145
Oudergem,2020-06-30,0,145
Oudergem,2020-07-01,1,146
Oudergem,2020-07-02,2,148
Oudergem,2020-07-03,0,148
Oudergem,2020-07-04,0,148
Oudergem,2020-07-07,0,148
Oudergem,2020-07-08,0,148
Oudergem,2020-07-09,0,148
Oudergem,2020-07-10,0,148
Oudergem,2020-07-11,0,148
Oudergem,2020-07-14,1,149
Oudergem,2020-07-15,0,149
Oudergem,2020-07-16,0,149
Oudergem,2020-07-17,0,149
Oudergem,2020-07-18,0,149
Oudergem,2020-07-20,0,149
Oudergem,2020-07-21,2,151
Oudergem,2020-07-22,0,151
Oudergem,2020-07-23,0,151
Oudergem,2020-07-24,2,153
Oudergem,2020-07-25,1,154
Oudergem,2020-07-26,1,155
Oudergem,2020-07-27,1,156
Oudergem,2020-07-28,1,157
Oudergem,2020-07-29,0,157
Oudergem,2020-07-30,1,158
Oudergem,2020-07-31,0,158
Sint-Agatha-Berchem,2020-04-01,3,57
Sint-Agatha-Berchem,2020-04-02,5,62
Sint-Agatha-Berchem,2020-04-03,5,67
Sint-Agatha-Berchem,2020-04-04,4,71
Sint-Agatha-Berchem,2020-04-05,6,77
Sint-Agatha-Berchem,2020-04-06,2,79
Sint-Agatha-Berchem,2020-04-07,0,79
Sint-Agatha-Berchem,2020-04-08,4,83
Sint-Agatha-Berchem,2020-04-09,8,91
Sint-Agatha-Berchem,2020-04-10,5,96
Sint-Agatha-Berchem,2020-04-11,4,100
Sint-Agatha-Berchem,2020-04-12,4,104
Sint-Agatha-Berchem,2020-04-13,5,109
Sint-Agatha-Berchem,2020-04-14,3,112
Sint-Agatha-Berchem,2020-04-15,2,114
Sint-Agatha-Berchem,2020-04-16,1,115
Sint-Agatha-Berchem,2020-04-17,0,115
Sint-Agatha-Berchem,2020-04-18,1,116
Sint-Agatha-Berchem,2020-04-19,8,124
Sint-Agatha-Berchem,2020-04-20,13,137
Sint-Agatha-Berchem,2020-04-21,1,138
Sint-Agatha-Berchem,2020-04-22,7,145
Sint-Agatha-Berchem,2020-04-23,0,145
Sint-Agatha-Berchem,2020-04-24,4,149
Sint-Agatha-Berchem,2020-04-25,6,155
Sint-Agatha-Berchem,2020-04-26,3,158
Sint-Agatha-Berchem,2020-04-27,2,160
Sint-Agatha-Berchem,2020-04-28,2,162
Sint-Agatha-Berchem,2020-04-29,1,163
Sint-Agatha-Berchem,2020-04-30,1,164
Sint-Agatha-Berchem,2020-05-01,1,165
Sint-Agatha-Berchem,2020-05-02,0,165
Sint-Agatha-Berchem,2020-05-03,0,165
Sint-Agatha-Berchem,2020-05-04,0,165
Sint-Agatha-Berchem,2020-05-05,0,165
Sint-Agatha-Berchem,2020-05-06,1,166
Sint-Agatha-Berchem,2020-05-07,0,166
Sint-Agatha-Berchem,2020-05-08,0,166
Sint-Agatha-Berchem,2020-05-09,0,166
Sint-Agatha-Berchem,2020-05-10,0,166
Sint-Agatha-Berchem,2020-05-11,1,167
Sint-Agatha-Berchem,2020-05-12,2,169
Sint-Agatha-Berchem,2020-05-13,2,171
Sint-Agatha-Berchem,2020-05-14,2,173
Sint-Agatha-Berchem,2020-05-15,1,174
Sint-Agatha-Berchem,2020-05-16,0,174
Sint-Agatha-Berchem,2020-05-17,0,174
Sint-Agatha-Berchem,2020-05-18,0,174
Sint-Agatha-Berchem,2020-05-19,0,174
Sint-Agatha-Berchem,2020-05-20,0,174
Sint-Agatha-Berchem,2020-05-21,0,174
Sint-Agatha-Berchem,2020-05-22,1,175
Sint-Agatha-Berchem,2020-05-23,0,175
Sint-Agatha-Berchem,2020-05-24,0,175
Sint-Agatha-Berchem,2020-05-25,0,175
Sint-Agatha-Berchem,2020-05-26,0,175
Sint-Agatha-Berchem,2020-05-27,1,176
Sint-Agatha-Berchem,2020-05-28,0,176
Sint-Agatha-Berchem,2020-05-29,0,176
Sint-Agatha-Berchem,2020-05-30,0,176
Sint-Agatha-Berchem,2020-05-31,0,176
Sint-Agatha-Berchem,2020-06-01,0,176
Sint-Agatha-Berchem,2020-06-02,0,176
Sint-Agatha-Berchem,2020-06-03,0,176
Sint-Agatha-Berchem,2020-06-04,1,177
Sint-Agatha-Berchem,2020-06-05,1,178
Sint-Agatha-Berchem,2020-06-06,1,179
Sint-Agatha-Berchem,2020-06-07,1,180
Sint-Agatha-Berchem,2020-06-08,0,180
Sint-Agatha-Berchem,2020-06-09,0,180
Sint-Agatha-Berchem,2020-06-10,1,181
Sint-Agatha-Berchem,2020-06-11,1,182
Sint-Agatha-Berchem,2020-06-12,-1,181
Sint-Agatha-Berchem,2020-06-13,1,182
Sint-Agatha-Berchem,2020-06-14,0,182
Sint-Agatha-Berchem,2020-06-15,0,182
Sint-Agatha-Berchem,2020-06-16,0,182
Sint-Agatha-Berchem,2020-06-17,0,182
Sint-Agatha-Berchem,2020-06-18,0,182
Sint-Agatha-Berchem,2020-06-19,0,182
Sint-Agatha-Berchem,2020-06-20,0,182
Sint-Agatha-Berchem,2020-06-23,1,183
Sint-Agatha-Berchem,2020-06-24,0,183
Sint-Agatha-Berchem,2020-06-25,0,183
Sint-Agatha-Berchem,2020-06-26,1,184
Sint-Agatha-Berchem,2020-06-27,1,185
Sint-Agatha-Berchem,2020-06-30,0,185
Sint-Agatha-Berchem,2020-07-01,0,185
Sint-Agatha-Berchem,2020-07-02,1,186
Sint-Agatha-Berchem,2020-07-03,1,187
Sint-Agatha-Berchem,2020-07-04,0,187
Sint-Agatha-Berchem,2020-07-07,1,188
Sint-Agatha-Berchem,2020-07-08,0,188
Sint-Agatha-Berchem,2020-07-09,0,188
Sint-Agatha-Berchem,2020-07-10,0,188
Sint-Agatha-Berchem,2020-07-11,1,189
Sint-Agatha-Berchem,2020-07-14,0,189
Sint-Agatha-Berchem,2020-07-15,0,189
Sint-Agatha-Berchem,2020-07-16,0,189
Sint-Agatha-Berchem,2020-07-17,0,189
Sint-Agatha-Berchem,2020-07-18,0,189
Sint-Agatha-Berchem,2020-07-20,0,189
Sint-Agatha-Berchem,2020-07-21,0,189
Sint-Agatha-Berchem,2020-07-22,0,189
Sint-Agatha-Berchem,2020-07-23,1,190
Sint-Agatha-Berchem,2020-07-24,1,191
Sint-Agatha-Berchem,2020-07-25,2,193
Sint-Agatha-Berchem,2020-07-26,1,194
Sint-Agatha-Berchem,2020-07-27,1,195
Sint-Agatha-Berchem,2020-07-28,1,196
Sint-Agatha-Berchem,2020-07-29,1,197
Sint-Agatha-Berchem,2020-07-30,2,199
Sint-Agatha-Berchem,2020-07-31,4,203
Brussel,2020-04-01,11,195
Brussel,2020-04-02,25,220
Brussel,2020-04-03,24,244
Brussel,2020-04-04,21,265
Brussel,2020-04-05,32,297
Brussel,2020-04-06,25,322
Brussel,2020-04-07,11,333
Brussel,2020-04-08,21,354
Brussel,2020-04-09,14,368
Brussel,2020-04-10,25,393
Brussel,2020-04-11,25,418
Brussel,2020-04-12,34,452
Brussel,2020-04-13,18,470
Brussel,2020-04-14,13,483
Brussel,2020-04-15,9,492
Brussel,2020-04-16,12,504
Brussel,2020-04-17,20,524
Brussel,2020-04-18,20,544
Brussel,2020-04-19,17,561
Brussel,2020-04-20,34,595
Brussel,2020-04-21,13,608
Brussel,2020-04-22,9,617
Brussel,2020-04-23,19,636
Brussel,2020-04-24,8,644
Brussel,2020-04-25,9,653
Brussel,2020-04-26,9,662
Brussel,2020-04-27,25,687
Brussel,2020-04-28,13,700
Brussel,2020-04-29,5,705
Brussel,2020-04-30,10,715
Brussel,2020-05-01,8,723
Brussel,2020-05-02,3,726
Brussel,2020-05-03,9,735
Brussel,2020-05-04,17,752
Brussel,2020-05-05,0,752
Brussel,2020-05-06,0,752
Brussel,2020-05-07,14,766
Brussel,2020-05-08,17,783
Brussel,2020-05-09,10,793
Brussel,2020-05-10,4,797
Brussel,2020-05-11,4,801
Brussel,2020-05-12,3,804
Brussel,2020-05-13,2,806
Brussel,2020-05-14,7,813
Brussel,2020-05-15,6,819
Brussel,2020-05-16,5,824
Brussel,2020-05-17,2,826
Brussel,2020-05-18,3,829
Brussel,2020-05-19,5,834
Brussel,2020-05-20,1,835
Brussel,2020-05-21,3,838
Brussel,2020-05-22,2,840
Brussel,2020-05-23,0,840
Brussel,2020-05-24,2,842
Brussel,2020-05-25,4,846
Brussel,2020-05-26,2,848
Brussel,2020-05-27,4,852
Brussel,2020-05-28,6,858
Brussel,2020-05-29,1,859
Brussel,2020-05-30,3,862
Brussel,2020-05-31,3,865
Brussel,2020-06-01,2,867
Brussel,2020-06-02,2,869
Brussel,2020-06-03,0,869
Brussel,2020-06-04,2,871
Brussel,2020-06-05,2,873
Brussel,2020-06-06,2,875
Brussel,2020-06-07,4,879
Brussel,2020-06-08,2,881
Brussel,2020-06-09,3,884
Brussel,2020-06-10,2,886
Brussel,2020-06-11,3,889
Brussel,2020-06-12,2,891
Brussel,2020-06-13,3,894
Brussel,2020-06-14,2,896
Brussel,2020-06-15,2,898
Brussel,2020-06-16,1,899
Brussel,2020-06-17,2,901
Brussel,2020-06-18,1,902
Brussel,2020-06-19,3,905
Brussel,2020-06-20,2,907
Brussel,2020-06-23,9,916
Brussel,2020-06-24,0,916
Brussel,2020-06-25,0,916
Brussel,2020-06-26,6,922
Brussel,2020-06-27,2,924
Brussel,2020-06-30,5,929
Brussel,2020-07-01,3,932
Brussel,2020-07-02,2,934
Brussel,2020-07-03,8,942
Brussel,2020-07-04,7,949
Brussel,2020-07-07,6,955
Brussel,2020-07-08,0,955
Brussel,2020-07-09,4,959
Brussel,2020-07-10,1,960
Brussel,2020-07-11,2,962
Brussel,2020-07-14,7,969
Brussel,2020-07-15,0,969
Brussel,2020-07-16,2,971
Brussel,2020-07-17,3,974
Brussel,2020-07-18,1,975
Brussel,2020-07-20,7,982
Brussel,2020-07-21,1,983
Brussel,2020-07-22,5,988
Brussel,2020-07-23,4,992
Brussel,2020-07-24,5,997
Brussel,2020-07-25,4,1001
Brussel,2020-07-26,8,1009
Brussel,2020-07-27,2,1011
Brussel,2020-07-28,2,1013
Brussel,2020-07-29,3,1016
Brussel,2020-07-30,14,1030
Brussel,2020-07-31,7,1037
Etterbeek,2020-04-01,9,68
Etterbeek,2020-04-02,1,69
Etterbeek,2020-04-03,4,73
Etterbeek,2020-04-04,5,78
Etterbeek,2020-04-05,3,81
Etterbeek,2020-04-06,0,81
Etterbeek,2020-04-07,2,83
Etterbeek,2020-04-08,3,86
Etterbeek,2020-04-09,2,88
Etterbeek,2020-04-10,9,97
Etterbeek,2020-04-11,3,100
Etterbeek,2020-04-12,3,103
Etterbeek,2020-04-13,5,108
Etterbeek,2020-04-14,1,109
Etterbeek,2020-04-15,0,109
Etterbeek,2020-04-16,3,112
Etterbeek,2020-04-17,1,113
Etterbeek,2020-04-18,0,113
Etterbeek,2020-04-19,0,113
Etterbeek,2020-04-20,4,117
Etterbeek,2020-04-21,2,119
Etterbeek,2020-04-22,0,119
Etterbeek,2020-04-23,1,120
Etterbeek,2020-04-24,5,125
Etterbeek,2020-04-25,3,128
Etterbeek,2020-04-26,2,130
Etterbeek,2020-04-27,1,131
Etterbeek,2020-04-28,22,153
Etterbeek,2020-04-29,2,155
Etterbeek,2020-04-30,4,159
Etterbeek,2020-05-01,0,159
Etterbeek,2020-05-02,1,160
Etterbeek,2020-05-03,1,161
Etterbeek,2020-05-04,0,161
Etterbeek,2020-05-05,1,162
Etterbeek,2020-05-06,0,162
Etterbeek,2020-05-07,2,164
Etterbeek,2020-05-08,3,167
Etterbeek,2020-05-09,0,167
Etterbeek,2020-05-10,1,168
Etterbeek,2020-05-11,0,168
Etterbeek,2020-05-12,0,168
Etterbeek,2020-05-13,0,168
Etterbeek,2020-05-14,0,168
Etterbeek,2020-05-15,0,168
Etterbeek,2020-05-16,2,170
Etterbeek,2020-05-17,0,170
Etterbeek,2020-05-18,0,170
Etterbeek,2020-05-19,0,170
Etterbeek,2020-05-20,2,172
Etterbeek,2020-05-21,2,174
Etterbeek,2020-05-22,0,174
Etterbeek,2020-05-23,0,174
Etterbeek,2020-05-24,0,174
Etterbeek,2020-05-25,1,175
Etterbeek,2020-05-26,1,176
Etterbeek,2020-05-27,1,177
Etterbeek,2020-05-28,1,178
Etterbeek,2020-05-29,0,178
Etterbeek,2020-05-30,0,178
Etterbeek,2020-05-31,0,178
Etterbeek,2020-06-01,0,178
Etterbeek,2020-06-02,0,178
Etterbeek,2020-06-03,0,178
Etterbeek,2020-06-04,0,178
Etterbeek,2020-06-05,2,180
Etterbeek,2020-06-06,0,180
Etterbeek,2020-06-07,1,181
Etterbeek,2020-06-08,0,181
Etterbeek,2020-06-09,0,181
Etterbeek,2020-06-10,1,182
Etterbeek,2020-06-11,1,183
Etterbeek,2020-06-12,0,183
Etterbeek,2020-06-13,0,183
Etterbeek,2020-06-14,0,183
Etterbeek,2020-06-15,0,183
Etterbeek,2020-06-16,1,184
Etterbeek,2020-06-17,0,184
Etterbeek,2020-06-18,0,184
Etterbeek,2020-06-19,0,184
Etterbeek,2020-06-20,0,184
Etterbeek,2020-06-23,2,186
Etterbeek,2020-06-24,0,186
Etterbeek,2020-06-25,0,186
Etterbeek,2020-06-26,2,188
Etterbeek,2020-06-27,1,189
Etterbeek,2020-06-30,0,189
Etterbeek,2020-07-01,1,190
Etterbeek,2020-07-02,0,190
Etterbeek,2020-07-03,1,191
Etterbeek,2020-07-04,3,194
Etterbeek,2020-07-07,1,195
Etterbeek,2020-07-08,0,195
Etterbeek,2020-07-09,0,195
Etterbeek,2020-07-10,1,196
Etterbeek,2020-07-11,0,196
Etterbeek,2020-07-14,1,197
Etterbeek,2020-07-15,0,197
Etterbeek,2020-07-16,0,197
Etterbeek,2020-07-17,0,197
Etterbeek,2020-07-18,0,197
Etterbeek,2020-07-20,3,200
Etterbeek,2020-07-21,1,201
Etterbeek,2020-07-22,1,202
Etterbeek,2020-07-23,1,203
Etterbeek,2020-07-24,0,203
Etterbeek,2020-07-25,2,205
Etterbeek,2020-07-26,0,205
Etterbeek,2020-07-27,2,207
Etterbeek,2020-07-28,3,210
Etterbeek,2020-07-29,0,210
Etterbeek,2020-07-30,0,210
Etterbeek,2020-07-31,0,210
Evere,2020-04-01,8,63
Evere,2020-04-02,7,70
Evere,2020-04-03,4,74
Evere,2020-04-04,5,79
Evere,2020-04-05,7,86
Evere,2020-04-06,4,90
Evere,2020-04-07,3,93
Evere,2020-04-08,1,94
Evere,2020-04-09,3,97
Evere,2020-04-10,3,100
Evere,2020-04-11,5,105
Evere,2020-04-12,5,110
Evere,2020-04-13,1,111
Evere,2020-04-14,0,111
Evere,2020-04-15,5,116
Evere,2020-04-16,6,122
Evere,2020-04-17,2,124
Evere,2020-04-18,16,140
Evere,2020-04-19,4,144
Evere,2020-04-20,14,158
Evere,2020-04-21,2,160
Evere,2020-04-22,8,168
Evere,2020-04-23,3,171
Evere,2020-04-24,0,171
Evere,2020-04-25,1,172
Evere,2020-04-26,1,173
Evere,2020-04-27,1,174
Evere,2020-04-28,0,174
Evere,2020-04-29,3,177
Evere,2020-04-30,0,177
Evere,2020-05-01,0,177
Evere,2020-05-02,0,177
Evere,2020-05-03,0,177
Evere,2020-05-04,1,178
Evere,2020-05-05,0,178
Evere,2020-05-06,1,179
Evere,2020-05-07,10,189
Evere,2020-05-08,4,193
Evere,2020-05-09,2,195
Evere,2020-05-10,3,198
Evere,2020-05-11,1,199
Evere,2020-05-12,2,201
Evere,2020-05-13,0,201
Evere,2020-05-14,1,202
Evere,2020-05-15,2,204
Evere,2020-05-16,0,204
Evere,2020-05-17,1,205
Evere,2020-05-18,0,205
Evere,2020-05-19,1,206
Evere,2020-05-20,0,206
Evere,2020-05-21,2,208
Evere,2020-05-22,1,209
Evere,2020-05-23,3,212
Evere,2020-05-24,0,212
Evere,2020-05-25,0,212
Evere,2020-05-26,0,212
Evere,2020-05-27,0,212
Evere,2020-05-28,1,213
Evere,2020-05-29,0,213
Evere,2020-05-30,0,213
Evere,2020-05-31,2,215
Evere,2020-06-01,1,216
Evere,2020-06-02,0,216
Evere,2020-06-03,0,216
Evere,2020-06-04,0,216
Evere,2020-06-05,3,219
Evere,2020-06-06,2,221
Evere,2020-06-07,2,223
Evere,2020-06-08,3,226
Evere,2020-06-09,0,226
Evere,2020-06-10,0,226
Evere,2020-06-11,0,226
Evere,2020-06-12,2,228
Evere,2020-06-13,0,228
Evere,2020-06-14,1,229
Evere,2020-06-15,0,229
Evere,2020-06-16,0,229
Evere,2020-06-17,0,229
Evere,2020-06-18,4,233
Evere,2020-06-19,0,233
Evere,2020-06-20,0,233
Evere,2020-06-23,0,233
Evere,2020-06-24,1,234
Evere,2020-06-25,1,235
Evere,2020-06-26,1,236
Evere,2020-06-27,1,237
Evere,2020-06-30,3,240
Evere,2020-07-01,1,241
Evere,2020-07-02,3,244
Evere,2020-07-03,0,244
Evere,2020-07-04,5,249
Evere,2020-07-07,1,250
Evere,2020-07-08,0,250
Evere,2020-07-09,3,253
Evere,2020-07-10,1,254
Evere,2020-07-11,0,254
Evere,2020-07-14,10,264
Evere,2020-07-15,0,264
Evere,2020-07-16,0,264
Evere,2020-07-17,1,265
Evere,2020-07-18,3,268
Evere,2020-07-20,3,271
Evere,2020-07-21,0,271
Evere,2020-07-22,2,273
Evere,2020-07-23,1,274
Evere,2020-07-24,1,275
Evere,2020-07-25,1,276
Evere,2020-07-26,1,277
Evere,2020-07-27,0,277
Evere,2020-07-28,1,278
Evere,2020-07-29,0,278
Evere,2020-07-30,4,282
Evere,2020-07-31,2,284
Vorst (Brussel-Hoofdstad),2020-04-01,11,71
Vorst (Brussel-Hoofdstad),2020-04-02,7,78
Vorst (Brussel-Hoofdstad),2020-04-03,9,87
Vorst (Brussel-Hoofdstad),2020-04-04,10,97
Vorst (Brussel-Hoofdstad),2020-04-05,6,103
Vorst (Brussel-Hoofdstad),2020-04-06,12,115
Vorst (Brussel-Hoofdstad),2020-04-07,2,117
Vorst (Brussel-Hoofdstad),2020-04-08,6,123
Vorst (Brussel-Hoofdstad),2020-04-09,8,131
Vorst (Brussel-Hoofdstad),2020-04-10,8,139
Vorst (Brussel-Hoofdstad),2020-04-11,8,147
Vorst (Brussel-Hoofdstad),2020-04-12,6,153
Vorst (Brussel-Hoofdstad),2020-04-13,3,156
Vorst (Brussel-Hoofdstad),2020-04-14,7,163
Vorst (Brussel-Hoofdstad),2020-04-15,2,165
Vorst (Brussel-Hoofdstad),2020-04-16,5,170
Vorst (Brussel-Hoofdstad),2020-04-17,7,177
Vorst (Brussel-Hoofdstad),2020-04-18,3,180
Vorst (Brussel-Hoofdstad),2020-04-19,4,184
Vorst (Brussel-Hoofdstad),2020-04-20,17,201
Vorst (Brussel-Hoofdstad),2020-04-21,4,205
Vorst (Brussel-Hoofdstad),2020-04-22,3,208
Vorst (Brussel-Hoofdstad),2020-04-23,3,211
Vorst (Brussel-Hoofdstad),2020-04-24,5,216
Vorst (Brussel-Hoofdstad),2020-04-25,5,221
Vorst (Brussel-Hoofdstad),2020-04-26,3,224
Vorst (Brussel-Hoofdstad),2020-04-27,6,230
Vorst (Brussel-Hoofdstad),2020-04-28,12,242
Vorst (Brussel-Hoofdstad),2020-04-29,4,246
Vorst (Brussel-Hoofdstad),2020-04-30,10,256
Vorst (Brussel-Hoofdstad),2020-05-01,1,257
Vorst (Brussel-Hoofdstad),2020-05-02,2,259
Vorst (Brussel-Hoofdstad),2020-05-03,2,261
Vorst (Brussel-Hoofdstad),2020-05-04,1,262
Vorst (Brussel-Hoofdstad),2020-05-05,1,263
Vorst (Brussel-Hoofdstad),2020-05-06,1,264
Vorst (Brussel-Hoofdstad),2020-05-07,2,266
Vorst (Brussel-Hoofdstad),2020-05-08,0,266
Vorst (Brussel-Hoofdstad),2020-05-09,1,267
Vorst (Brussel-Hoofdstad),2020-05-10,2,269
Vorst (Brussel-Hoofdstad),2020-05-11,0,269
Vorst (Brussel-Hoofdstad),2020-05-12,0,269
Vorst (Brussel-Hoofdstad),2020-05-13,0,269
Vorst (Brussel-Hoofdstad),2020-05-14,3,272
Vorst (Brussel-Hoofdstad),2020-05-15,1,273
Vorst (Brussel-Hoofdstad),2020-05-16,1,274
Vorst (Brussel-Hoofdstad),2020-05-17,0,274
Vorst (Brussel-Hoofdstad),2020-05-18,0,274
Vorst (Brussel-Hoofdstad),2020-05-19,1,275
Vorst (Brussel-Hoofdstad),2020-05-20,0,275
Vorst (Brussel-Hoofdstad),2020-05-21,0,275
Vorst (Brussel-Hoofdstad),2020-05-22,0,275
Vorst (Brussel-Hoofdstad),2020-05-23,0,275
Vorst (Brussel-Hoofdstad),2020-05-24,1,276
Vorst (Brussel-Hoofdstad),2020-05-25,0,276
Vorst (Brussel-Hoofdstad),2020-05-26,0,276
Vorst (Brussel-Hoofdstad),2020-05-27,0,276
Vorst (Brussel-Hoofdstad),2020-05-28,5,281
Vorst (Brussel-Hoofdstad),2020-05-29,2,283
Vorst (Brussel-Hoofdstad),2020-05-30,1,284
Vorst (Brussel-Hoofdstad),2020-05-31,0,284
Vorst (Brussel-Hoofdstad),2020-06-01,0,284
Vorst (Brussel-Hoofdstad),2020-06-02,0,284
Vorst (Brussel-Hoofdstad),2020-06-03,0,284
Vorst (Brussel-Hoofdstad),2020-06-04,1,285
Vorst (Brussel-Hoofdstad),2020-06-05,1,286
Vorst (Brussel-Hoofdstad),2020-06-06,3,289
Vorst (Brussel-Hoofdstad),2020-06-07,1,290
Vorst (Brussel-Hoofdstad),2020-06-08,3,293
Vorst (Brussel-Hoofdstad),2020-06-09,0,293
Vorst (Brussel-Hoofdstad),2020-06-10,0,293
Vorst (Brussel-Hoofdstad),2020-06-11,0,293
Vorst (Brussel-Hoofdstad),2020-06-12,2,295
Vorst (Brussel-Hoofdstad),2020-06-13,0,295
Vorst (Brussel-Hoofdstad),2020-06-14,0,295
Vorst (Brussel-Hoofdstad),2020-06-15,0,295
Vorst (Brussel-Hoofdstad),2020-06-16,1,296
Vorst (Brussel-Hoofdstad),2020-06-17,0,296
Vorst (Brussel-Hoofdstad),2020-06-18,0,296
Vorst (Brussel-Hoofdstad),2020-06-19,0,296
Vorst (Brussel-Hoofdstad),2020-06-20,0,296
Vorst (Brussel-Hoofdstad),2020-06-23,2,298
Vorst (Brussel-Hoofdstad),2020-06-24,0,298
Vorst (Brussel-Hoofdstad),2020-06-25,0,298
Vorst (Brussel-Hoofdstad),2020-06-26,0,298
Vorst (Brussel-Hoofdstad),2020-06-27,0,298
Vorst (Brussel-Hoofdstad),2020-06-30,4,302
Vorst (Brussel-Hoofdstad),2020-07-01,0,302
Vorst (Brussel-Hoofdstad),2020-07-02,0,302
Vorst (Brussel-Hoofdstad),2020-07-03,0,302
Vorst (Brussel-Hoofdstad),2020-07-04,0,302
Vorst (Brussel-Hoofdstad),2020-07-07,1,303
Vorst (Brussel-Hoofdstad),2020-07-08,0,303
Vorst (Brussel-Hoofdstad),2020-07-09,0,303
Vorst (Brussel-Hoofdstad),2020-07-10,1,304
Vorst (Brussel-Hoofdstad),2020-07-11,0,304
Vorst (Brussel-Hoofdstad),2020-07-14,0,304
Vorst (Brussel-Hoofdstad),2020-07-15,0,304
Vorst (Brussel-Hoofdstad),2020-07-16,1,305
Vorst (Brussel-Hoofdstad),2020-07-17,2,307
Vorst (Brussel-Hoofdstad),2020-07-18,1,308
Vorst (Brussel-Hoofdstad),2020-07-20,2,310
Vorst (Brussel-Hoofdstad),2020-07-21,0,310
Vorst (Brussel-Hoofdstad),2020-07-22,0,310
Vorst (Brussel-Hoofdstad),2020-07-23,0,310
Vorst (Brussel-Hoofdstad),2020-07-24,2,312
Vorst (Brussel-Hoofdstad),2020-07-25,0,312
Vorst (Brussel-Hoofdstad),2020-07-26,1,313
Vorst (Brussel-Hoofdstad),2020-07-27,1,314
Vorst (Brussel-Hoofdstad),2020-07-28,0,314
Vorst (Brussel-Hoofdstad),2020-07-29,2,316
Vorst (Brussel-Hoofdstad),2020-07-30,7,323
Vorst (Brussel-Hoofdstad),2020-07-31,8,331
Ganshoren,2020-04-01,4,26
Ganshoren,2020-04-02,1,27
Ganshoren,2020-04-03,4,31
Ganshoren,2020-04-04,9,40
Ganshoren,2020-04-05,5,45
Ganshoren,2020-04-06,2,47
Ganshoren,2020-04-07,0,47
Ganshoren,2020-04-08,5,52
Ganshoren,2020-04-09,9,61
Ganshoren,2020-04-10,3,64
Ganshoren,2020-04-11,3,67
Ganshoren,2020-04-12,2,69
Ganshoren,2020-04-13,8,77
Ganshoren,2020-04-14,1,78
Ganshoren,2020-04-15,3,81
Ganshoren,2020-04-16,1,82
Ganshoren,2020-04-17,4,86
Ganshoren,2020-04-18,4,90
Ganshoren,2020-04-19,3,93
Ganshoren,2020-04-20,3,96
Ganshoren,2020-04-21,0,96
Ganshoren,2020-04-22,0,96
Ganshoren,2020-04-23,6,102
Ganshoren,2020-04-24,0,102
Ganshoren,2020-04-25,5,107
Ganshoren,2020-04-26,2,109
Ganshoren,2020-04-27,0,109
Ganshoren,2020-04-28,0,109
Ganshoren,2020-04-29,1,110
Ganshoren,2020-04-30,0,110
Ganshoren,2020-05-01,0,110
Ganshoren,2020-05-02,0,110
Ganshoren,2020-05-03,1,111
Ganshoren,2020-05-04,1,112
Ganshoren,2020-05-05,1,113
Ganshoren,2020-05-06,0,113
Ganshoren,2020-05-07,5,118
Ganshoren,2020-05-08,1,119
Ganshoren,2020-05-09,1,120
Ganshoren,2020-05-10,1,121
Ganshoren,2020-05-11,1,122
Ganshoren,2020-05-12,0,122
Ganshoren,2020-05-13,0,122
Ganshoren,2020-05-14,1,123
Ganshoren,2020-05-15,1,124
Ganshoren,2020-05-16,0,124
Ganshoren,2020-05-17,0,124
Ganshoren,2020-05-18,0,124
Ganshoren,2020-05-19,0,124
Ganshoren,2020-05-20,0,124
Ganshoren,2020-05-21,0,124
Ganshoren,2020-05-22,1,125
Ganshoren,2020-05-23,1,126
Ganshoren,2020-05-24,2,128
Ganshoren,2020-05-25,0,128
Ganshoren,2020-05-26,0,128
Ganshoren,2020-05-27,0,128
Ganshoren,2020-05-28,1,129
Ganshoren,2020-05-29,1,130
Ganshoren,2020-05-30,0,130
Ganshoren,2020-05-31,0,130
Ganshoren,2020-06-01,2,132
Ganshoren,2020-06-02,1,133
Ganshoren,2020-06-03,0,133
Ganshoren,2020-06-04,0,133
Ganshoren,2020-06-05,0,133
Ganshoren,2020-06-06,0,133
Ganshoren,2020-06-07,0,133
Ganshoren,2020-06-08,0,133
Ganshoren,2020-06-09,1,134
Ganshoren,2020-06-10,0,134
Ganshoren,2020-06-11,0,134
Ganshoren,2020-06-12,0,134
Ganshoren,2020-06-13,0,134
Ganshoren,2020-06-14,0,134
Ganshoren,2020-06-15,0,134
Ganshoren,2020-06-16,0,134
Ganshoren,2020-06-17,0,134
Ganshoren,2020-06-18,3,137
Ganshoren,2020-06-19,0,137
Ganshoren,2020-06-20,0,137
Ganshoren,2020-06-23,2,139
Ganshoren,2020-06-24,0,139
Ganshoren,2020-06-25,0,139
Ganshoren,2020-06-26,0,139
Ganshoren,2020-06-27,0,139
Ganshoren,2020-06-30,0,139
Ganshoren,2020-07-01,0,139
Ganshoren,2020-07-02,1,140
Ganshoren,2020-07-03,1,141
Ganshoren,2020-07-04,0,141
Ganshoren,2020-07-07,1,142
Ganshoren,2020-07-08,0,142
Ganshoren,2020-07-09,0,142
Ganshoren,2020-07-10,0,142
Ganshoren,2020-07-11,1,143
Ganshoren,2020-07-14,0,143
Ganshoren,2020-07-15,0,143
Ganshoren,2020-07-16,0,143
Ganshoren,2020-07-17,-1,142
Ganshoren,2020-07-18,1,143
Ganshoren,2020-07-20,1,144
Ganshoren,2020-07-21,1,145
Ganshoren,2020-07-22,0,145
Ganshoren,2020-07-23,0,145
Ganshoren,2020-07-24,0,145
Ganshoren,2020-07-25,3,148
Ganshoren,2020-07-26,4,152
Ganshoren,2020-07-27,2,154
Ganshoren,2020-07-28,1,155
Ganshoren,2020-07-29,0,155
Ganshoren,2020-07-30,0,155
Ganshoren,2020-07-31,1,156
Elsene,2020-04-01,12,108
Elsene,2020-04-02,5,113
Elsene,2020-04-03,9,122
Elsene,2020-04-04,19,141
Elsene,2020-04-05,5,146
Elsene,2020-04-06,7,153
Elsene,2020-04-07,4,157
Elsene,2020-04-08,6,163
Elsene,2020-04-09,13,176
Elsene,2020-04-10,12,188
Elsene,2020-04-11,8,196
Elsene,2020-04-12,10,206
Elsene,2020-04-13,11,217
Elsene,2020-04-14,2,219
Elsene,2020-04-15,9,228
Elsene,2020-04-16,7,235
Elsene,2020-04-17,21,256
Elsene,2020-04-18,4,260
Elsene,2020-04-19,7,267
Elsene,2020-04-20,7,274
Elsene,2020-04-21,1,275
Elsene,2020-04-22,2,277
Elsene,2020-04-23,28,305
Elsene,2020-04-24,4,309
Elsene,2020-04-25,10,319
Elsene,2020-04-26,2,321
Elsene,2020-04-27,1,322
Elsene,2020-04-28,3,325
Elsene,2020-04-29,2,327
Elsene,2020-04-30,3,330
Elsene,2020-05-01,3,333
Elsene,2020-05-02,3,336
Elsene,2020-05-03,2,338
Elsene,2020-05-04,0,338
Elsene,2020-05-05,0,338
Elsene,2020-05-06,0,338
Elsene,2020-05-07,3,341
Elsene,2020-05-08,4,345
Elsene,2020-05-09,9,354
Elsene,2020-05-10,1,355
Elsene,2020-05-11,1,356
Elsene,2020-05-12,1,357
Elsene,2020-05-13,2,359
Elsene,2020-05-14,1,360
Elsene,2020-05-15,0,360
Elsene,2020-05-16,4,364
Elsene,2020-05-17,5,369
Elsene,2020-05-18,2,371
Elsene,2020-05-19,2,373
Elsene,2020-05-20,4,377
Elsene,2020-05-21,1,378
Elsene,2020-05-22,3,381
Elsene,2020-05-23,1,382
Elsene,2020-05-24,2,384
Elsene,2020-05-25,1,385
Elsene,2020-05-26,1,386
Elsene,2020-05-27,0,386
Elsene,2020-05-28,2,388
Elsene,2020-05-29,1,389
Elsene,2020-05-30,0,389
Elsene,2020-05-31,2,391
Elsene,2020-06-01,2,393
Elsene,2020-06-02,0,393
Elsene,2020-06-03,0,393
Elsene,2020-06-04,0,393
Elsene,2020-06-05,0,393
Elsene,2020-06-06,0,393
Elsene,2020-06-07,1,394
Elsene,2020-06-08,1,395
Elsene,2020-06-09,0,395
Elsene,2020-06-10,3,398
Elsene,2020-06-11,2,400
Elsene,2020-06-12,-1,399
Elsene,2020-06-13,1,400
Elsene,2020-06-14,0,400
Elsene,2020-06-15,0,400
Elsene,2020-06-16,0,400
Elsene,2020-06-17,0,400
Elsene,2020-06-18,1,401
Elsene,2020-06-19,3,404
Elsene,2020-06-20,2,406
Elsene,2020-06-23,0,406
Elsene,2020-06-24,0,406
Elsene,2020-06-25,0,406
Elsene,2020-06-26,1,407
Elsene,2020-06-27,0,407
Elsene,2020-06-30,1,408
Elsene,2020-07-01,0,408
Elsene,2020-07-02,2,410
Elsene,2020-07-03,1,411
Elsene,2020-07-04,0,411
Elsene,2020-07-07,0,411
Elsene,2020-07-08,0,411
Elsene,2020-07-09,0,411
Elsene,2020-07-10,1,412
Elsene,2020-07-11,0,412
Elsene,2020-07-14,1,413
Elsene,2020-07-15,0,413
Elsene,2020-07-16,0,413
Elsene,2020-07-17,0,413
Elsene,2020-07-18,0,413
Elsene,2020-07-20,0,413
Elsene,2020-07-21,2,415
Elsene,2020-07-22,1,416
Elsene,2020-07-23,1,417
Elsene,2020-07-24,0,417
Elsene,2020-07-25,3,420
Elsene,2020-07-26,2,422
Elsene,2020-07-27,1,423
Elsene,2020-07-28,1,424
Elsene,2020-07-29,1,425
Elsene,2020-07-30,6,431
Elsene,2020-07-31,6,437
Jette,2020-04-01,5,49
Jette,2020-04-02,7,56
Jette,2020-04-03,8,64
Jette,2020-04-04,10,74
Jette,2020-04-05,12,86
Jette,2020-04-06,14,100
Jette,2020-04-07,2,102
Jette,2020-04-08,2,104
Jette,2020-04-09,2,106
Jette,2020-04-10,13,119
Jette,2020-04-11,2,121
Jette,2020-04-12,7,128
Jette,2020-04-13,6,134
Jette,2020-04-14,9,143
Jette,2020-04-15,5,148
Jette,2020-04-16,4,152
Jette,2020-04-17,7,159
Jette,2020-04-18,14,173
Jette,2020-04-19,5,178
Jette,2020-04-20,12,190
Jette,2020-04-21,1,191
Jette,2020-04-22,2,193
Jette,2020-04-23,2,195
Jette,2020-04-24,6,201
Jette,2020-04-25,17,218
Jette,2020-04-26,6,224
Jette,2020-04-27,5,229
Jette,2020-04-28,2,231
Jette,2020-04-29,4,235
Jette,2020-04-30,3,238
Jette,2020-05-01,1,239
Jette,2020-05-02,1,240
Jette,2020-05-03,5,245
Jette,2020-05-04,2,247
Jette,2020-05-05,1,248
Jette,2020-05-06,1,249
Jette,2020-05-07,2,251
Jette,2020-05-08,2,253
Jette,2020-05-09,3,256
Jette,2020-05-10,0,256
Jette,2020-05-11,5,261
Jette,2020-05-12,1,262
Jette,2020-05-13,0,262
Jette,2020-05-14,0,262
Jette,2020-05-15,1,263
Jette,2020-05-16,4,267
Jette,2020-05-17,1,268
Jette,2020-05-18,0,268
Jette,2020-05-19,0,268
Jette,2020-05-20,4,272
Jette,2020-05-21,0,272
Jette,2020-05-22,5,277
Jette,2020-05-23,1,278
Jette,2020-05-24,0,278
Jette,2020-05-25,1,279
Jette,2020-05-26,5,284
Jette,2020-05-27,0,284
Jette,2020-05-28,0,284
Jette,2020-05-29,0,284
Jette,2020-05-30,0,284
Jette,2020-05-31,0,284
Jette,2020-06-01,1,285
Jette,2020-06-02,0,285
Jette,2020-06-03,0,285
Jette,2020-06-04,0,285
Jette,2020-06-05,1,286
Jette,2020-06-06,1,287
Jette,2020-06-07,0,287
Jette,2020-06-08,0,287
Jette,2020-06-09,1,288
Jette,2020-06-10,0,288
Jette,2020-06-11,1,289
Jette,2020-06-12,0,289
Jette,2020-06-13,1,290
Jette,2020-06-14,3,293
Jette,2020-06-15,0,293
Jette,2020-06-16,0,293
Jette,2020-06-17,1,294
Jette,2020-06-18,3,297
Jette,2020-06-19,2,299
Jette,2020-06-20,0,299
Jette,2020-06-23,3,302
Jette,2020-06-24,0,302
Jette,2020-06-25,0,302
Jette,2020-06-26,0,302
Jette,2020-06-27,0,302
Jette,2020-06-30,3,305
Jette,2020-07-01,0,305
Jette,2020-07-02,0,305
Jette,2020-07-03,4,309
Jette,2020-07-04,2,311
Jette,2020-07-07,2,313
Jette,2020-07-08,0,313
Jette,2020-07-09,3,316
Jette,2020-07-10,2,318
Jette,2020-07-11,1,319
Jette,2020-07-14,5,324
Jette,2020-07-15,0,324
Jette,2020-07-16,4,328
Jette,2020-07-17,3,331
Jette,2020-07-18,0,331
Jette,2020-07-20,1,332
Jette,2020-07-21,0,332
Jette,2020-07-22,1,333
Jette,2020-07-23,1,334
Jette,2020-07-24,0,334
Jette,2020-07-25,0,334
Jette,2020-07-26,7,341
Jette,2020-07-27,0,341
Jette,2020-07-28,0,341
Jette,2020-07-29,1,342
Jette,2020-07-30,5,347
Jette,2020-07-31,6,353
Koekelberg,2020-04-01,3,30
Koekelberg,2020-04-02,2,32
Koekelberg,2020-04-03,4,36
Koekelberg,2020-04-04,2,38
Koekelberg,2020-04-05,2,40
Koekelberg,2020-04-06,4,44
Koekelberg,2020-04-07,1,45
Koekelberg,2020-04-08,2,47
Koekelberg,2020-04-09,1,48
Koekelberg,2020-04-10,3,51
Koekelberg,2020-04-11,2,53
Koekelberg,2020-04-12,0,53
Koekelberg,2020-04-13,3,56
Koekelberg,2020-04-14,0,56
Koekelberg,2020-04-15,6,62
Koekelberg,2020-04-16,1,63
Koekelberg,2020-04-17,3,66
Koekelberg,2020-04-18,2,68
Koekelberg,2020-04-19,2,70
Koekelberg,2020-04-20,3,73
Koekelberg,2020-04-21,2,75
Koekelberg,2020-04-22,0,75
Koekelberg,2020-04-23,2,77
Koekelberg,2020-04-24,4,81
Koekelberg,2020-04-25,4,85
Koekelberg,2020-04-26,2,87
Koekelberg,2020-04-27,0,87
Koekelberg,2020-04-28,0,87
Koekelberg,2020-04-29,2,89
Koekelberg,2020-04-30,1,90
Koekelberg,2020-05-01,0,90
Koekelberg,2020-05-02,0,90
Koekelberg,2020-05-03,1,91
Koekelberg,2020-05-04,0,91
Koekelberg,2020-05-05,1,92
Koekelberg,2020-05-06,0,92
Koekelberg,2020-05-07,2,94
Koekelberg,2020-05-08,1,95
Koekelberg,2020-05-09,1,96
Koekelberg,2020-05-10,1,97
Koekelberg,2020-05-11,0,97
Koekelberg,2020-05-12,0,97
Koekelberg,2020-05-13,0,97
Koekelberg,2020-05-14,0,97
Koekelberg,2020-05-15,0,97
Koekelberg,2020-05-16,0,97
Koekelberg,2020-05-17,0,97
Koekelberg,2020-05-18,1,98
Koekelberg,2020-05-19,0,98
Koekelberg,2020-05-20,2,100
Koekelberg,2020-05-21,0,100
Koekelberg,2020-05-22,0,100
Koekelberg,2020-05-23,0,100
Koekelberg,2020-05-24,1,101
Koekelberg,2020-05-25,0,101
Koekelberg,2020-05-26,0,101
Koekelberg,2020-05-27,1,102
Koekelberg,2020-05-28,0,102
Koekelberg,2020-05-29,0,102
Koekelberg,2020-05-30,0,102
Koekelberg,2020-05-31,0,102
Koekelberg,2020-06-01,0,102
Koekelberg,2020-06-02,0,102
Koekelberg,2020-06-03,0,102
Koekelberg,2020-06-04,0,102
Koekelberg,2020-06-05,0,102
Koekelberg,2020-06-06,0,102
Koekelberg,2020-06-07,0,102
Koekelberg,2020-06-08,0,102
Koekelberg,2020-06-09,0,102
Koekelberg,2020-06-10,0,102
Koekelberg,2020-06-11,0,102
Koekelberg,2020-06-12,0,102
Koekelberg,2020-06-13,0,102
Koekelberg,2020-06-14,1,103
Koekelberg,2020-06-15,0,103
Koekelberg,2020-06-16,0,103
Koekelberg,2020-06-17,0,103
Koekelberg,2020-06-18,0,103
Koekelberg,2020-06-19,0,103
Koekelberg,2020-06-20,0,103
Koekelberg,2020-06-23,0,103
Koekelberg,2020-06-24,0,103
Koekelberg,2020-06-25,0,103
Koekelberg,2020-06-26,0,103
Koekelberg,2020-06-27,0,103
Koekelberg,2020-06-30,0,103
Koekelberg,2020-07-01,0,103
Koekelberg,2020-07-02,2,105
Koekelberg,2020-07-03,3,108
Koekelberg,2020-07-04,0,108
Koekelberg,2020-07-07,2,110
Koekelberg,2020-07-08,0,110
Koekelberg,2020-07-09,0,110
Koekelberg,2020-07-10,0,110
Koekelberg,2020-07-11,0,110
Koekelberg,2020-07-14,2,112
Koekelberg,2020-07-15,0,112
Koekelberg,2020-07-16,1,113
Koekelberg,2020-07-17,3,116
Koekelberg,2020-07-18,0,116
Koekelberg,2020-07-20,2,118
Koekelberg,2020-07-21,0,118
Koekelberg,2020-07-22,0,118
Koekelberg,2020-07-23,0,118
Koekelberg,2020-07-24,0,118
Koekelberg,2020-07-25,0,118
Koekelberg,2020-07-26,2,120
Koekelberg,2020-07-27,1,121
Koekelberg,2020-07-28,0,121
Koekelberg,2020-07-29,0,121
Koekelberg,2020-07-30,0,121
Koekelberg,2020-07-31,1,122
Sint-Jans-Molenbeek,2020-04-01,9,162
Sint-Jans-Molenbeek,2020-04-02,10,172
Sint-Jans-Molenbeek,2020-04-03,19,191
Sint-Jans-Molenbeek,2020-04-04,11,202
Sint-Jans-Molenbeek,2020-04-05,13,215
Sint-Jans-Molenbeek,2020-04-06,11,226
Sint-Jans-Molenbeek,2020-04-07,2,228
Sint-Jans-Molenbeek,2020-04-08,8,236
Sint-Jans-Molenbeek,2020-04-09,8,244
Sint-Jans-Molenbeek,2020-04-10,23,267
Sint-Jans-Molenbeek,2020-04-11,21,288
Sint-Jans-Molenbeek,2020-04-12,5,293
Sint-Jans-Molenbeek,2020-04-13,7,300
Sint-Jans-Molenbeek,2020-04-14,1,301
Sint-Jans-Molenbeek,2020-04-15,10,311
Sint-Jans-Molenbeek,2020-04-16,4,315
Sint-Jans-Molenbeek,2020-04-17,16,331
Sint-Jans-Molenbeek,2020-04-18,16,347
Sint-Jans-Molenbeek,2020-04-19,15,362
Sint-Jans-Molenbeek,2020-04-20,4,366
Sint-Jans-Molenbeek,2020-04-21,2,368
Sint-Jans-Molenbeek,2020-04-22,2,370
Sint-Jans-Molenbeek,2020-04-23,3,373
Sint-Jans-Molenbeek,2020-04-24,12,385
Sint-Jans-Molenbeek,2020-04-25,12,397
Sint-Jans-Molenbeek,2020-04-26,3,400
Sint-Jans-Molenbeek,2020-04-27,7,407
Sint-Jans-Molenbeek,2020-04-28,6,413
Sint-Jans-Molenbeek,2020-04-29,10,423
Sint-Jans-Molenbeek,2020-04-30,10,433
Sint-Jans-Molenbeek,2020-05-01,8,441
Sint-Jans-Molenbeek,2020-05-02,12,453
Sint-Jans-Molenbeek,2020-05-03,9,462
Sint-Jans-Molenbeek,2020-05-04,6,468
Sint-Jans-Molenbeek,2020-05-05,1,469
Sint-Jans-Molenbeek,2020-05-06,0,469
Sint-Jans-Molenbeek,2020-05-07,9,478
Sint-Jans-Molenbeek,2020-05-08,4,482
Sint-Jans-Molenbeek,2020-05-09,8,490
Sint-Jans-Molenbeek,2020-05-10,3,493
Sint-Jans-Molenbeek,2020-05-11,3,496
Sint-Jans-Molenbeek,2020-05-12,3,499
Sint-Jans-Molenbeek,2020-05-13,1,500
Sint-Jans-Molenbeek,2020-05-14,2,502
Sint-Jans-Molenbeek,2020-05-15,4,506
Sint-Jans-Molenbeek,2020-05-16,2,508
Sint-Jans-Molenbeek,2020-05-17,3,511
Sint-Jans-Molenbeek,2020-05-18,5,516
Sint-Jans-Molenbeek,2020-05-19,1,517
Sint-Jans-Molenbeek,2020-05-20,2,519
Sint-Jans-Molenbeek,2020-05-21,3,522
Sint-Jans-Molenbeek,2020-05-22,2,524
Sint-Jans-Molenbeek,2020-05-23,2,526
Sint-Jans-Molenbeek,2020-05-24,2,528
Sint-Jans-Molenbeek,2020-05-25,4,532
Sint-Jans-Molenbeek,2020-05-26,2,534
Sint-Jans-Molenbeek,2020-05-27,3,537
Sint-Jans-Molenbeek,2020-05-28,2,539
Sint-Jans-Molenbeek,2020-05-29,1,540
Sint-Jans-Molenbeek,2020-05-30,1,541
Sint-Jans-Molenbeek,2020-05-31,1,542
Sint-Jans-Molenbeek,2020-06-01,3,545
Sint-Jans-Molenbeek,2020-06-02,4,549
Sint-Jans-Molenbeek,2020-06-03,1,550
Sint-Jans-Molenbeek,2020-06-04,0,550
Sint-Jans-Molenbeek,2020-06-05,7,557
Sint-Jans-Molenbeek,2020-06-06,1,558
Sint-Jans-Molenbeek,2020-06-07,2,560
Sint-Jans-Molenbeek,2020-06-08,1,561
Sint-Jans-Molenbeek,2020-06-09,0,561
Sint-Jans-Molenbeek,2020-06-10,2,563
Sint-Jans-Molenbeek,2020-06-11,3,566
Sint-Jans-Molenbeek,2020-06-12,3,569
Sint-Jans-Molenbeek,2020-06-13,3,572
Sint-Jans-Molenbeek,2020-06-14,0,572
Sint-Jans-Molenbeek,2020-06-15,3,575
Sint-Jans-Molenbeek,2020-06-16,0,575
Sint-Jans-Molenbeek,2020-06-17,0,575
Sint-Jans-Molenbeek,2020-06-18,0,575
Sint-Jans-Molenbeek,2020-06-19,1,576
Sint-Jans-Molenbeek,2020-06-20,2,578
Sint-Jans-Molenbeek,2020-06-23,5,583
Sint-Jans-Molenbeek,2020-06-24,1,584
Sint-Jans-Molenbeek,2020-06-25,2,586
Sint-Jans-Molenbeek,2020-06-26,2,588
Sint-Jans-Molenbeek,2020-06-27,0,588
Sint-Jans-Molenbeek,2020-06-30,4,592
Sint-Jans-Molenbeek,2020-07-01,2,594
Sint-Jans-Molenbeek,2020-07-02,2,596
Sint-Jans-Molenbeek,2020-07-03,7,603
Sint-Jans-Molenbeek,2020-07-04,2,605
Sint-Jans-Molenbeek,2020-07-07,2,607
Sint-Jans-Molenbeek,2020-07-08,0,607
Sint-Jans-Molenbeek,2020-07-09,2,609
Sint-Jans-Molenbeek,2020-07-10,1,610
Sint-Jans-Molenbeek,2020-07-11,1,611
Sint-Jans-Molenbeek,2020-07-14,3,614
Sint-Jans-Molenbeek,2020-07-15,0,614
Sint-Jans-Molenbeek,2020-07-16,5,619
Sint-Jans-Molenbeek,2020-07-17,0,619
Sint-Jans-Molenbeek,2020-07-18,3,622
Sint-Jans-Molenbeek,2020-07-20,1,623
Sint-Jans-Molenbeek,2020-07-21,2,625
Sint-Jans-Molenbeek,2020-07-22,0,625
Sint-Jans-Molenbeek,2020-07-23,3,628
Sint-Jans-Molenbeek,2020-07-24,1,629
Sint-Jans-Molenbeek,2020-07-25,1,630
Sint-Jans-Molenbeek,2020-07-26,4,634
Sint-Jans-Molenbeek,2020-07-27,2,636
Sint-Jans-Molenbeek,2020-07-28,3,639
Sint-Jans-Molenbeek,2020-07-29,1,640
Sint-Jans-Molenbeek,2020-07-30,8,648
Sint-Jans-Molenbeek,2020-07-31,3,651
Sint-Gillis,2020-04-01,5,69
Sint-Gillis,2020-04-02,6,75
Sint-Gillis,2020-04-03,11,86
Sint-Gillis,2020-04-04,2,88
Sint-Gillis,2020-04-05,5,93
Sint-Gillis,2020-04-06,5,98
Sint-Gillis,2020-04-07,1,99
Sint-Gillis,2020-04-08,2,101
Sint-Gillis,2020-04-09,5,106
Sint-Gillis,2020-04-10,4,110
Sint-Gillis,2020-04-11,2,112
Sint-Gillis,2020-04-12,2,114
Sint-Gillis,2020-04-13,6,120
Sint-Gillis,2020-04-14,2,122
Sint-Gillis,2020-04-15,11,133
Sint-Gillis,2020-04-16,0,133
Sint-Gillis,2020-04-17,4,137
Sint-Gillis,2020-04-18,4,141
Sint-Gillis,2020-04-19,1,142
Sint-Gillis,2020-04-20,6,148
Sint-Gillis,2020-04-21,0,148
Sint-Gillis,2020-04-22,2,150
Sint-Gillis,2020-04-23,4,154
Sint-Gillis,2020-04-24,8,162
Sint-Gillis,2020-04-25,5,167
Sint-Gillis,2020-04-26,1,168
Sint-Gillis,2020-04-27,9,177
Sint-Gillis,2020-04-28,5,182
Sint-Gillis,2020-04-29,1,183
Sint-Gillis,2020-04-30,1,184
Sint-Gillis,2020-05-01,1,185
Sint-Gillis,2020-05-02,2,187
Sint-Gillis,2020-05-03,6,193
Sint-Gillis,2020-05-04,0,193
Sint-Gillis,2020-05-05,1,194
Sint-Gillis,2020-05-06,1,195
Sint-Gillis,2020-05-07,3,198
Sint-Gillis,2020-05-08,1,199
Sint-Gillis,2020-05-09,2,201
Sint-Gillis,2020-05-10,0,201
Sint-Gillis,2020-05-11,2,203
Sint-Gillis,2020-05-12,2,205
Sint-Gillis,2020-05-13,1,206
Sint-Gillis,2020-05-14,2,208
Sint-Gillis,2020-05-15,2,210
Sint-Gillis,2020-05-16,3,213
Sint-Gillis,2020-05-17,6,219
Sint-Gillis,2020-05-18,0,219
Sint-Gillis,2020-05-19,0,219
Sint-Gillis,2020-05-20,0,219
Sint-Gillis,2020-05-21,0,219
Sint-Gillis,2020-05-22,3,222
Sint-Gillis,2020-05-23,3,225
Sint-Gillis,2020-05-24,1,226
Sint-Gillis,2020-05-25,2,228
Sint-Gillis,2020-05-26,0,228
Sint-Gillis,2020-05-27,0,228
Sint-Gillis,2020-05-28,2,230
Sint-Gillis,2020-05-29,2,232
Sint-Gillis,2020-05-30,0,232
Sint-Gillis,2020-05-31,2,234
Sint-Gillis,2020-06-01,2,236
Sint-Gillis,2020-06-02,0,236
Sint-Gillis,2020-06-03,2,238
Sint-Gillis,2020-06-04,1,239
Sint-Gillis,2020-06-05,3,242
Sint-Gillis,2020-06-06,0,242
Sint-Gillis,2020-06-07,1,243
Sint-Gillis,2020-06-08,0,243
Sint-Gillis,2020-06-09,1,244
Sint-Gillis,2020-06-10,1,245
Sint-Gillis,2020-06-11,3,248
Sint-Gillis,2020-06-12,0,248
Sint-Gillis,2020-06-13,2,250
Sint-Gillis,2020-06-14,0,250
Sint-Gillis,2020-06-15,1,251
Sint-Gillis,2020-06-16,0,251
Sint-Gillis,2020-06-17,0,251
Sint-Gillis,2020-06-18,0,251
Sint-Gillis,2020-06-19,0,251
Sint-Gillis,2020-06-20,0,251
Sint-Gillis,2020-06-23,0,251
Sint-Gillis,2020-06-24,0,251
Sint-Gillis,2020-06-25,0,251
Sint-Gillis,2020-06-26,0,251
Sint-Gillis,2020-06-27,0,251
Sint-Gillis,2020-06-30,1,252
Sint-Gillis,2020-07-01,0,252
Sint-Gillis,2020-07-02,0,252
Sint-Gillis,2020-07-03,1,253
Sint-Gillis,2020-07-04,0,253
Sint-Gillis,2020-07-07,1,254
Sint-Gillis,2020-07-08,1,255
Sint-Gillis,2020-07-09,1,256
Sint-Gillis,2020-07-10,1,257
Sint-Gillis,2020-07-11,0,257
Sint-Gillis,2020-07-14,0,257
Sint-Gillis,2020-07-15,0,257
Sint-Gillis,2020-07-16,1,258
Sint-Gillis,2020-07-17,1,259
Sint-Gillis,2020-07-18,1,260
Sint-Gillis,2020-07-20,2,262
Sint-Gillis,2020-07-21,0,262
Sint-Gillis,2020-07-22,2,264
Sint-Gillis,2020-07-23,1,265
Sint-Gillis,2020-07-24,4,269
Sint-Gillis,2020-07-25,2,271
Sint-Gillis,2020-07-26,4,275
Sint-Gillis,2020-07-27,1,276
Sint-Gillis,2020-07-28,0,276
Sint-Gillis,2020-07-29,0,276
Sint-Gillis,2020-07-30,19,295
Sint-Gillis,2020-07-31,3,298
Sint-Joost-ten-Node,2020-04-01,4,22
Sint-Joost-ten-Node,2020-04-02,2,24
Sint-Joost-ten-Node,2020-04-03,3,27
Sint-Joost-ten-Node,2020-04-04,3,30
Sint-Joost-ten-Node,2020-04-05,5,35
Sint-Joost-ten-Node,2020-04-06,4,39
Sint-Joost-ten-Node,2020-04-07,2,41
Sint-Joost-ten-Node,2020-04-08,0,41
Sint-Joost-ten-Node,2020-04-09,1,42
Sint-Joost-ten-Node,2020-04-10,4,46
Sint-Joost-ten-Node,2020-04-11,0,46
Sint-Joost-ten-Node,2020-04-12,0,46
Sint-Joost-ten-Node,2020-04-13,2,48
Sint-Joost-ten-Node,2020-04-14,1,49
Sint-Joost-ten-Node,2020-04-15,2,51
Sint-Joost-ten-Node,2020-04-16,0,51
Sint-Joost-ten-Node,2020-04-17,7,58
Sint-Joost-ten-Node,2020-04-18,4,62
Sint-Joost-ten-Node,2020-04-19,1,63
Sint-Joost-ten-Node,2020-04-20,0,63
Sint-Joost-ten-Node,2020-04-21,0,63
Sint-Joost-ten-Node,2020-04-22,0,63
Sint-Joost-ten-Node,2020-04-23,0,63
Sint-Joost-ten-Node,2020-04-24,2,65
Sint-Joost-ten-Node,2020-04-25,0,65
Sint-Joost-ten-Node,2020-04-26,0,65
Sint-Joost-ten-Node,2020-04-27,0,65
Sint-Joost-ten-Node,2020-04-28,1,66
Sint-Joost-ten-Node,2020-04-29,0,66
Sint-Joost-ten-Node,2020-04-30,0,66
Sint-Joost-ten-Node,2020-05-01,0,66
Sint-Joost-ten-Node,2020-05-02,0,66
Sint-Joost-ten-Node,2020-05-03,1,67
Sint-Joost-ten-Node,2020-05-04,0,67
Sint-Joost-ten-Node,2020-05-05,0,67
Sint-Joost-ten-Node,2020-05-06,0,67
Sint-Joost-ten-Node,2020-05-07,1,68
Sint-Joost-ten-Node,2020-05-08,1,69
Sint-Joost-ten-Node,2020-05-09,3,72
Sint-Joost-ten-Node,2020-05-10,0,72
Sint-Joost-ten-Node,2020-05-11,1,73
Sint-Joost-ten-Node,2020-05-12,2,75
Sint-Joost-ten-Node,2020-05-13,1,76
Sint-Joost-ten-Node,2020-05-14,1,77
Sint-Joost-ten-Node,2020-05-15,0,77
Sint-Joost-ten-Node,2020-05-16,1,78
Sint-Joost-ten-Node,2020-05-17,3,81
Sint-Joost-ten-Node,2020-05-18,2,83
Sint-Joost-ten-Node,2020-05-19,0,83
Sint-Joost-ten-Node,2020-05-20,0,83
Sint-Joost-ten-Node,2020-05-21,1,84
Sint-Joost-ten-Node,2020-05-22,2,86
Sint-Joost-ten-Node,2020-05-23,2,88
Sint-Joost-ten-Node,2020-05-24,1,89
Sint-Joost-ten-Node,2020-05-25,2,91
Sint-Joost-ten-Node,2020-05-26,0,91
Sint-Joost-ten-Node,2020-05-27,2,93
Sint-Joost-ten-Node,2020-05-28,0,93
Sint-Joost-ten-Node,2020-05-29,0,93
Sint-Joost-ten-Node,2020-05-30,0,93
Sint-Joost-ten-Node,2020-05-31,0,93
Sint-Joost-ten-Node,2020-06-01,0,93
Sint-Joost-ten-Node,2020-06-02,0,93
Sint-Joost-ten-Node,2020-06-03,0,93
Sint-Joost-ten-Node,2020-06-04,0,93
Sint-Joost-ten-Node,2020-06-05,1,94
Sint-Joost-ten-Node,2020-06-06,0,94
Sint-Joost-ten-Node,2020-06-07,2,96
Sint-Joost-ten-Node,2020-06-08,0,96
Sint-Joost-ten-Node,2020-06-09,0,96
Sint-Joost-ten-Node,2020-06-10,0,96
Sint-Joost-ten-Node,2020-06-11,2,98
Sint-Joost-ten-Node,2020-06-12,0,98
Sint-Joost-ten-Node,2020-06-13,0,98
Sint-Joost-ten-Node,2020-06-14,0,98
Sint-Joost-ten-Node,2020-06-15,0,98
Sint-Joost-ten-Node,2020-06-16,0,98
Sint-Joost-ten-Node,2020-06-17,0,98
Sint-Joost-ten-Node,2020-06-18,0,98
Sint-Joost-ten-Node,2020-06-19,0,98
Sint-Joost-ten-Node,2020-06-20,0,98
Sint-Joost-ten-Node,2020-06-23,1,99
Sint-Joost-ten-Node,2020-06-24,0,99
Sint-Joost-ten-Node,2020-06-25,0,99
Sint-Joost-ten-Node,2020-06-26,0,99
Sint-Joost-ten-Node,2020-06-27,0,99
Sint-Joost-ten-Node,2020-06-30,1,100
Sint-Joost-ten-Node,2020-07-01,1,101
Sint-Joost-ten-Node,2020-07-02,1,102
Sint-Joost-ten-Node,2020-07-03,0,102
Sint-Joost-ten-Node,2020-07-04,4,106
Sint-Joost-ten-Node,2020-07-07,0,106
Sint-Joost-ten-Node,2020-07-08,0,106
Sint-Joost-ten-Node,2020-07-09,0,106
Sint-Joost-ten-Node,2020-07-10,0,106
Sint-Joost-ten-Node,2020-07-11,0,106
Sint-Joost-ten-Node,2020-07-14,2,108
Sint-Joost-ten-Node,2020-07-15,0,108
Sint-Joost-ten-Node,2020-07-16,0,108
Sint-Joost-ten-Node,2020-07-17,0,108
Sint-Joost-ten-Node,2020-07-18,0,108
Sint-Joost-ten-Node,2020-07-20,0,108
Sint-Joost-ten-Node,2020-07-21,0,108
Sint-Joost-ten-Node,2020-07-22,1,109
Sint-Joost-ten-Node,2020-07-23,0,109
Sint-Joost-ten-Node,2020-07-24,1,110
Sint-Joost-ten-Node,2020-07-25,1,111
Sint-Joost-ten-Node,2020-07-26,1,112
Sint-Joost-ten-Node,2020-07-27,0,112
Sint-Joost-ten-Node,2020-07-28,0,112
Sint-Joost-ten-Node,2020-07-29,1,113
Sint-Joost-ten-Node,2020-07-30,0,113
Sint-Joost-ten-Node,2020-07-31,5,118
Schaarbeek,2020-04-01,8,145
Schaarbeek,2020-04-02,10,155
Schaarbeek,2020-04-03,19,174
Schaarbeek,2020-04-04,10,184
Schaarbeek,2020-04-05,13,197
Schaarbeek,2020-04-06,14,211
Schaarbeek,2020-04-07,9,220
Schaarbeek,2020-04-08,7,227
Schaarbeek,2020-04-09,16,243
Schaarbeek,2020-04-10,15,258
Schaarbeek,2020-04-11,15,273
Schaarbeek,2020-04-12,9,282
Schaarbeek,2020-04-13,6,288
Schaarbeek,2020-04-14,4,292
Schaarbeek,2020-04-15,3,295
Schaarbeek,2020-04-16,5,300
Schaarbeek,2020-04-17,9,309
Schaarbeek,2020-04-18,6,315
Schaarbeek,2020-04-19,18,333
Schaarbeek,2020-04-20,16,349
Schaarbeek,2020-04-21,4,353
Schaarbeek,2020-04-22,3,356
Schaarbeek,2020-04-23,7,363
Schaarbeek,2020-04-24,3,366
Schaarbeek,2020-04-25,7,373
Schaarbeek,2020-04-26,8,381
Schaarbeek,2020-04-27,4,385
Schaarbeek,2020-04-28,3,388
Schaarbeek,2020-04-29,2,390
Schaarbeek,2020-04-30,5,395
Schaarbeek,2020-05-01,7,402
Schaarbeek,2020-05-02,2,404
Schaarbeek,2020-05-03,5,409
Schaarbeek,2020-05-04,1,410
Schaarbeek,2020-05-05,1,411
Schaarbeek,2020-05-06,1,412
Schaarbeek,2020-05-07,7,419
Schaarbeek,2020-05-08,10,429
Schaarbeek,2020-05-09,1,430
Schaarbeek,2020-05-10,6,436
Schaarbeek,2020-05-11,5,441
Schaarbeek,2020-05-12,0,441
Schaarbeek,2020-05-13,1,442
Schaarbeek,2020-05-14,3,445
Schaarbeek,2020-05-15,4,449
Schaarbeek,2020-05-16,4,453
Schaarbeek,2020-05-17,6,459
Schaarbeek,2020-05-18,6,465
Schaarbeek,2020-05-19,1,466
Schaarbeek,2020-05-20,0,466
Schaarbeek,2020-05-21,2,468
Schaarbeek,2020-05-22,2,470
Schaarbeek,2020-05-23,4,474
Schaarbeek,2020-05-24,4,478
Schaarbeek,2020-05-25,5,483
Schaarbeek,2020-05-26,2,485
Schaarbeek,2020-05-27,2,487
Schaarbeek,2020-05-28,1,488
Schaarbeek,2020-05-29,4,492
Schaarbeek,2020-05-30,4,496
Schaarbeek,2020-05-31,0,496
Schaarbeek,2020-06-01,2,498
Schaarbeek,2020-06-02,4,502
Schaarbeek,2020-06-03,1,503
Schaarbeek,2020-06-04,1,504
Schaarbeek,2020-06-05,2,506
Schaarbeek,2020-06-06,3,509
Schaarbeek,2020-06-07,9,518
Schaarbeek,2020-06-08,1,519
Schaarbeek,2020-06-09,1,520
Schaarbeek,2020-06-10,2,522
Schaarbeek,2020-06-11,2,524
Schaarbeek,2020-06-12,0,524
Schaarbeek,2020-06-13,4,528
Schaarbeek,2020-06-14,1,529
Schaarbeek,2020-06-15,3,532
Schaarbeek,2020-06-16,1,533
Schaarbeek,2020-06-17,1,534
Schaarbeek,2020-06-18,2,536
Schaarbeek,2020-06-19,0,536
Schaarbeek,2020-06-20,0,536
Schaarbeek,2020-06-23,5,541
Schaarbeek,2020-06-24,0,541
Schaarbeek,2020-06-25,2,543
Schaarbeek,2020-06-26,3,546
Schaarbeek,2020-06-27,1,547
Schaarbeek,2020-06-30,1,548
Schaarbeek,2020-07-01,1,549
Schaarbeek,2020-07-02,2,551
Schaarbeek,2020-07-03,9,560
Schaarbeek,2020-07-04,1,561
Schaarbeek,2020-07-07,4,565
Schaarbeek,2020-07-08,1,566
Schaarbeek,2020-07-09,0,566
Schaarbeek,2020-07-10,5,571
Schaarbeek,2020-07-11,3,574
Schaarbeek,2020-07-14,13,587
Schaarbeek,2020-07-15,1,588
Schaarbeek,2020-07-16,3,591
Schaarbeek,2020-07-17,3,594
Schaarbeek,2020-07-18,2,596
Schaarbeek,2020-07-20,7,603
Schaarbeek,2020-07-21,0,603
Schaarbeek,2020-07-22,0,603
Schaarbeek,2020-07-23,3,606
Schaarbeek,2020-07-24,1,607
Schaarbeek,2020-07-25,4,611
Schaarbeek,2020-07-26,4,615
Schaarbeek,2020-07-27,3,618
Schaarbeek,2020-07-28,0,618
Schaarbeek,2020-07-29,1,619
Schaarbeek,2020-07-30,10,629
Schaarbeek,2020-07-31,11,640
Ukkel,2020-04-01,8,118
Ukkel,2020-04-02,6,124
Ukkel,2020-04-03,7,131
Ukkel,2020-04-04,9,140
Ukkel,2020-04-05,10,150
Ukkel,2020-04-06,3,153
Ukkel,2020-04-07,0,153
Ukkel,2020-04-08,8,161
Ukkel,2020-04-09,11,172
Ukkel,2020-04-10,13,185
Ukkel,2020-04-11,4,189
Ukkel,2020-04-12,8,197
Ukkel,2020-04-13,18,215
Ukkel,2020-04-14,5,220
Ukkel,2020-04-15,11,231
Ukkel,2020-04-16,3,234
Ukkel,2020-04-17,6,240
Ukkel,2020-04-18,5,245
Ukkel,2020-04-19,9,254
Ukkel,2020-04-20,7,261
Ukkel,2020-04-21,4,265
Ukkel,2020-04-22,3,268
Ukkel,2020-04-23,1,269
Ukkel,2020-04-24,18,287
Ukkel,2020-04-25,18,305
Ukkel,2020-04-26,2,307
Ukkel,2020-04-27,7,314
Ukkel,2020-04-28,0,314
Ukkel,2020-04-29,24,338
Ukkel,2020-04-30,2,340
Ukkel,2020-05-01,1,341
Ukkel,2020-05-02,4,345
Ukkel,2020-05-03,5,350
Ukkel,2020-05-04,0,350
Ukkel,2020-05-05,0,350
Ukkel,2020-05-06,1,351
Ukkel,2020-05-07,24,375
Ukkel,2020-05-08,0,375
Ukkel,2020-05-09,1,376
Ukkel,2020-05-10,2,378
Ukkel,2020-05-11,2,380
Ukkel,2020-05-12,1,381
Ukkel,2020-05-13,0,381
Ukkel,2020-05-14,1,382
Ukkel,2020-05-15,2,384
Ukkel,2020-05-16,1,385
Ukkel,2020-05-17,0,385
Ukkel,2020-05-18,0,385
Ukkel,2020-05-19,0,385
Ukkel,2020-05-20,0,385
Ukkel,2020-05-21,0,385
Ukkel,2020-05-22,1,386
Ukkel,2020-05-23,0,386
Ukkel,2020-05-24,0,386
Ukkel,2020-05-25,1,387
Ukkel,2020-05-26,0,387
Ukkel,2020-05-27,0,387
Ukkel,2020-05-28,0,387
Ukkel,2020-05-29,0,387
Ukkel,2020-05-30,0,387
Ukkel,2020-05-31,0,387
Ukkel,2020-06-01,2,389
Ukkel,2020-06-02,0,389
Ukkel,2020-06-03,0,389
Ukkel,2020-06-04,0,389
Ukkel,2020-06-05,0,389
Ukkel,2020-06-06,0,389
Ukkel,2020-06-07,1,390
Ukkel,2020-06-08,1,391
Ukkel,2020-06-09,1,392
Ukkel,2020-06-10,1,393
Ukkel,2020-06-11,1,394
Ukkel,2020-06-12,0,394
Ukkel,2020-06-13,1,395
Ukkel,2020-06-14,1,396
Ukkel,2020-06-15,0,396
Ukkel,2020-06-16,0,396
Ukkel,2020-06-17,0,396
Ukkel,2020-06-18,0,396
Ukkel,2020-06-19,1,397
Ukkel,2020-06-20,0,397
Ukkel,2020-06-23,0,397
Ukkel,2020-06-24,1,398
Ukkel,2020-06-25,0,398
Ukkel,2020-06-26,2,400
Ukkel,2020-06-27,0,400
Ukkel,2020-06-30,3,403
Ukkel,2020-07-01,1,404
Ukkel,2020-07-02,0,404
Ukkel,2020-07-03,4,408
Ukkel,2020-07-04,2,410
Ukkel,2020-07-07,2,412
Ukkel,2020-07-08,0,412
Ukkel,2020-07-09,1,413
Ukkel,2020-07-10,1,414
Ukkel,2020-07-11,0,414
Ukkel,2020-07-14,0,414
Ukkel,2020-07-15,0,414
Ukkel,2020-07-16,0,414
Ukkel,2020-07-17,2,416
Ukkel,2020-07-18,0,416
Ukkel,2020-07-20,3,419
Ukkel,2020-07-21,1,420
Ukkel,2020-07-22,0,420
Ukkel,2020-07-23,3,423
Ukkel,2020-07-24,1,424
Ukkel,2020-07-25,2,426
Ukkel,2020-07-26,1,427
Ukkel,2020-07-27,1,428
Ukkel,2020-07-28,0,428
Ukkel,2020-07-29,2,430
Ukkel,2020-07-30,12,442
Ukkel,2020-07-31,4,446
Watermaal-Bosvoorde,2020-04-01,2,43
Watermaal-Bosvoorde,2020-04-02,3,46
Watermaal-Bosvoorde,2020-04-03,3,49
Watermaal-Bosvoorde,2020-04-04,4,53
Watermaal-Bosvoorde,2020-04-05,2,55
Watermaal-Bosvoorde,2020-04-06,2,57
Watermaal-Bosvoorde,2020-04-07,1,58
Watermaal-Bosvoorde,2020-04-08,1,59
Watermaal-Bosvoorde,2020-04-09,3,62
Watermaal-Bosvoorde,2020-04-10,0,62
Watermaal-Bosvoorde,2020-04-11,1,63
Watermaal-Bosvoorde,2020-04-12,1,64
Watermaal-Bosvoorde,2020-04-13,2,66
Watermaal-Bosvoorde,2020-04-14,1,67
Watermaal-Bosvoorde,2020-04-15,0,67
Watermaal-Bosvoorde,2020-04-16,3,70
Watermaal-Bosvoorde,2020-04-17,1,71
Watermaal-Bosvoorde,2020-04-18,0,71
Watermaal-Bosvoorde,2020-04-19,2,73
Watermaal-Bosvoorde,2020-04-20,2,75
Watermaal-Bosvoorde,2020-04-21,3,78
Watermaal-Bosvoorde,2020-04-22,4,82
Watermaal-Bosvoorde,2020-04-23,5,87
Watermaal-Bosvoorde,2020-04-24,1,88
Watermaal-Bosvoorde,2020-04-25,0,88
Watermaal-Bosvoorde,2020-04-26,0,88
Watermaal-Bosvoorde,2020-04-27,1,89
Watermaal-Bosvoorde,2020-04-28,0,89
Watermaal-Bosvoorde,2020-04-29,2,91
Watermaal-Bosvoorde,2020-04-30,3,94
Watermaal-Bosvoorde,2020-05-01,0,94
Watermaal-Bosvoorde,2020-05-02,0,94
Watermaal-Bosvoorde,2020-05-03,2,96
Watermaal-Bosvoorde,2020-05-04,0,96
Watermaal-Bosvoorde,2020-05-05,0,96
Watermaal-Bosvoorde,2020-05-06,0,96
Watermaal-Bosvoorde,2020-05-07,2,98
Watermaal-Bosvoorde,2020-05-08,0,98
Watermaal-Bosvoorde,2020-05-09,0,98
Watermaal-Bosvoorde,2020-05-10,1,99
Watermaal-Bosvoorde,2020-05-11,0,99
Watermaal-Bosvoorde,2020-05-12,0,99
Watermaal-Bosvoorde,2020-05-13,2,101
Watermaal-Bosvoorde,2020-05-14,0,101
Watermaal-Bosvoorde,2020-05-15,0,101
Watermaal-Bosvoorde,2020-05-16,1,102
Watermaal-Bosvoorde,2020-05-17,2,104
Watermaal-Bosvoorde,2020-05-18,0,104
Watermaal-Bosvoorde,2020-05-19,0,104
Watermaal-Bosvoorde,2020-05-20,0,104
Watermaal-Bosvoorde,2020-05-21,0,104
Watermaal-Bosvoorde,2020-05-22,1,105
Watermaal-Bosvoorde,2020-05-23,0,105
Watermaal-Bosvoorde,2020-05-24,0,105
Watermaal-Bosvoorde,2020-05-25,0,105
Watermaal-Bosvoorde,2020-05-26,1,106
Watermaal-Bosvoorde,2020-05-27,0,106
Watermaal-Bosvoorde,2020-05-28,0,106
Watermaal-Bosvoorde,2020-05-29,1,107
Watermaal-Bosvoorde,2020-05-30,0,107
Watermaal-Bosvoorde,2020-05-31,0,107
Watermaal-Bosvoorde,2020-06-01,0,107
Watermaal-Bosvoorde,2020-06-02,0,107
Watermaal-Bosvoorde,2020-06-03,0,107
Watermaal-Bosvoorde,2020-06-04,0,107
Watermaal-Bosvoorde,2020-06-05,0,107
Watermaal-Bosvoorde,2020-06-06,0,107
Watermaal-Bosvoorde,2020-06-07,0,107
Watermaal-Bosvoorde,2020-06-08,1,108
Watermaal-Bosvoorde,2020-06-09,0,108
Watermaal-Bosvoorde,2020-06-10,0,108
Watermaal-Bosvoorde,2020-06-11,0,108
Watermaal-Bosvoorde,2020-06-12,0,108
Watermaal-Bosvoorde,2020-06-13,0,108
Watermaal-Bosvoorde,2020-06-14,0,108
Watermaal-Bosvoorde,2020-06-15,0,108
Watermaal-Bosvoorde,2020-06-16,0,108
Watermaal-Bosvoorde,2020-06-17,0,108
Watermaal-Bosvoorde,2020-06-18,1,109
Watermaal-Bosvoorde,2020-06-19,0,109
Watermaal-Bosvoorde,2020-06-20,1,110
Watermaal-Bosvoorde,2020-06-23,0,110
Watermaal-Bosvoorde,2020-06-24,0,110
Watermaal-Bosvoorde,2020-06-25,0,110
Watermaal-Bosvoorde,2020-06-26,0,110
Watermaal-Bosvoorde,2020-06-27,0,110
Watermaal-Bosvoorde,2020-06-30,0,110
Watermaal-Bosvoorde,2020-07-01,0,110
Watermaal-Bosvoorde,2020-07-02,0,110
Watermaal-Bosvoorde,2020-07-03,0,110
Watermaal-Bosvoorde,2020-07-04,0,110
Watermaal-Bosvoorde,2020-07-07,0,110
Watermaal-Bosvoorde,2020-07-08,0,110
Watermaal-Bosvoorde,2020-07-09,0,110
Watermaal-Bosvoorde,2020-07-10,0,110
Watermaal-Bosvoorde,2020-07-11,0,110
Watermaal-Bosvoorde,2020-07-14,0,110
Watermaal-Bosvoorde,2020-07-15,1,111
Watermaal-Bosvoorde,2020-07-16,0,111
Watermaal-Bosvoorde,2020-07-17,0,111
Watermaal-Bosvoorde,2020-07-18,11,122
Watermaal-Bosvoorde,2020-07-20,1,123
Watermaal-Bosvoorde,2020-07-21,0,123
Watermaal-Bosvoorde,2020-07-22,0,123
Watermaal-Bosvoorde,2020-07-23,0,123
Watermaal-Bosvoorde,2020-07-24,0,123
Watermaal-Bosvoorde,2020-07-25,0,123
Watermaal-Bosvoorde,2020-07-26,1,124
Watermaal-Bosvoorde,2020-07-27,3,127
Watermaal-Bosvoorde,2020-07-28,1,128
Watermaal-Bosvoorde,2020-07-29,0,128
Watermaal-Bosvoorde,2020-07-30,1,129
Watermaal-Bosvoorde,2020-07-31,0,129
Sint-Lambrechts-Woluwe,2020-04-01,4,91
Sint-Lambrechts-Woluwe,2020-04-02,2,93
Sint-Lambrechts-Woluwe,2020-04-03,2,95
Sint-Lambrechts-Woluwe,2020-04-04,6,101
Sint-Lambrechts-Woluwe,2020-04-05,10,111
Sint-Lambrechts-Woluwe,2020-04-06,6,117
Sint-Lambrechts-Woluwe,2020-04-07,4,121
Sint-Lambrechts-Woluwe,2020-04-08,4,125
Sint-Lambrechts-Woluwe,2020-04-09,10,135
Sint-Lambrechts-Woluwe,2020-04-10,4,139
Sint-Lambrechts-Woluwe,2020-04-11,5,144
Sint-Lambrechts-Woluwe,2020-04-12,3,147
Sint-Lambrechts-Woluwe,2020-04-13,3,150
Sint-Lambrechts-Woluwe,2020-04-14,0,150
Sint-Lambrechts-Woluwe,2020-04-15,3,153
Sint-Lambrechts-Woluwe,2020-04-16,1,154
Sint-Lambrechts-Woluwe,2020-04-17,5,159
Sint-Lambrechts-Woluwe,2020-04-18,1,160
Sint-Lambrechts-Woluwe,2020-04-19,9,169
Sint-Lambrechts-Woluwe,2020-04-20,24,193
Sint-Lambrechts-Woluwe,2020-04-21,5,198
Sint-Lambrechts-Woluwe,2020-04-22,2,200
Sint-Lambrechts-Woluwe,2020-04-23,14,214
Sint-Lambrechts-Woluwe,2020-04-24,3,217
Sint-Lambrechts-Woluwe,2020-04-25,3,220
Sint-Lambrechts-Woluwe,2020-04-26,0,220
Sint-Lambrechts-Woluwe,2020-04-27,3,223
Sint-Lambrechts-Woluwe,2020-04-28,-1,222
Sint-Lambrechts-Woluwe,2020-04-29,2,224
Sint-Lambrechts-Woluwe,2020-04-30,3,227
Sint-Lambrechts-Woluwe,2020-05-01,2,229
Sint-Lambrechts-Woluwe,2020-05-02,0,229
Sint-Lambrechts-Woluwe,2020-05-03,0,229
Sint-Lambrechts-Woluwe,2020-05-04,1,230
Sint-Lambrechts-Woluwe,2020-05-05,2,232
Sint-Lambrechts-Woluwe,2020-05-06,1,233
Sint-Lambrechts-Woluwe,2020-05-07,1,234
Sint-Lambrechts-Woluwe,2020-05-08,1,235
Sint-Lambrechts-Woluwe,2020-05-09,0,235
Sint-Lambrechts-Woluwe,2020-05-10,2,237
Sint-Lambrechts-Woluwe,2020-05-11,0,237
Sint-Lambrechts-Woluwe,2020-05-12,1,238
Sint-Lambrechts-Woluwe,2020-05-13,0,238
Sint-Lambrechts-Woluwe,2020-05-14,2,240
Sint-Lambrechts-Woluwe,2020-05-15,0,240
Sint-Lambrechts-Woluwe,2020-05-16,2,242
Sint-Lambrechts-Woluwe,2020-05-17,0,242
Sint-Lambrechts-Woluwe,2020-05-18,2,244
Sint-Lambrechts-Woluwe,2020-05-19,0,244
Sint-Lambrechts-Woluwe,2020-05-20,0,244
Sint-Lambrechts-Woluwe,2020-05-21,0,244
Sint-Lambrechts-Woluwe,2020-05-22,0,244
Sint-Lambrechts-Woluwe,2020-05-23,1,245
Sint-Lambrechts-Woluwe,2020-05-24,0,245
Sint-Lambrechts-Woluwe,2020-05-25,0,245
Sint-Lambrechts-Woluwe,2020-05-26,0,245
Sint-Lambrechts-Woluwe,2020-05-27,0,245
Sint-Lambrechts-Woluwe,2020-05-28,0,245
Sint-Lambrechts-Woluwe,2020-05-29,0,245
Sint-Lambrechts-Woluwe,2020-05-30,3,248
Sint-Lambrechts-Woluwe,2020-05-31,0,248
Sint-Lambrechts-Woluwe,2020-06-01,4,252
Sint-Lambrechts-Woluwe,2020-06-02,0,252
Sint-Lambrechts-Woluwe,2020-06-03,1,253
Sint-Lambrechts-Woluwe,2020-06-04,0,253
Sint-Lambrechts-Woluwe,2020-06-05,0,253
Sint-Lambrechts-Woluwe,2020-06-06,1,254
Sint-Lambrechts-Woluwe,2020-06-07,0,254
Sint-Lambrechts-Woluwe,2020-06-08,1,255
Sint-Lambrechts-Woluwe,2020-06-09,0,255
Sint-Lambrechts-Woluwe,2020-06-10,0,255
Sint-Lambrechts-Woluwe,2020-06-11,0,255
Sint-Lambrechts-Woluwe,2020-06-12,5,260
Sint-Lambrechts-Woluwe,2020-06-13,2,262
Sint-Lambrechts-Woluwe,2020-06-14,1,263
Sint-Lambrechts-Woluwe,2020-06-15,2,265
Sint-Lambrechts-Woluwe,2020-06-16,2,267
Sint-Lambrechts-Woluwe,2020-06-17,0,267
Sint-Lambrechts-Woluwe,2020-06-18,0,267
Sint-Lambrechts-Woluwe,2020-06-19,1,268
Sint-Lambrechts-Woluwe,2020-06-20,0,268
Sint-Lambrechts-Woluwe,2020-06-23,1,269
Sint-Lambrechts-Woluwe,2020-06-24,0,269
Sint-Lambrechts-Woluwe,2020-06-25,0,269
Sint-Lambrechts-Woluwe,2020-06-26,0,269
Sint-Lambrechts-Woluwe,2020-06-27,0,269
Sint-Lambrechts-Woluwe,2020-06-30,0,269
Sint-Lambrechts-Woluwe,2020-07-01,0,269
Sint-Lambrechts-Woluwe,2020-07-02,1,270
Sint-Lambrechts-Woluwe,2020-07-03,0,270
Sint-Lambrechts-Woluwe,2020-07-04,1,271
Sint-Lambrechts-Woluwe,2020-07-07,0,271
Sint-Lambrechts-Woluwe,2020-07-08,0,271
Sint-Lambrechts-Woluwe,2020-07-09,0,271
Sint-Lambrechts-Woluwe,2020-07-10,0,271
Sint-Lambrechts-Woluwe,2020-07-11,0,271
Sint-Lambrechts-Woluwe,2020-07-14,2,273
Sint-Lambrechts-Woluwe,2020-07-15,0,273
Sint-Lambrechts-Woluwe,2020-07-16,1,274
Sint-Lambrechts-Woluwe,2020-07-17,2,276
Sint-Lambrechts-Woluwe,2020-07-18,0,276
Sint-Lambrechts-Woluwe,2020-07-20,2,278
Sint-Lambrechts-Woluwe,2020-07-21,1,279
Sint-Lambrechts-Woluwe,2020-07-22,0,279
Sint-Lambrechts-Woluwe,2020-07-23,0,279
Sint-Lambrechts-Woluwe,2020-07-24,1,280
Sint-Lambrechts-Woluwe,2020-07-25,0,280
Sint-Lambrechts-Woluwe,2020-07-26,2,282
Sint-Lambrechts-Woluwe,2020-07-27,3,285
Sint-Lambrechts-Woluwe,2020-07-28,0,285
Sint-Lambrechts-Woluwe,2020-07-29,0,285
Sint-Lambrechts-Woluwe,2020-07-30,4,289
Sint-Lambrechts-Woluwe,2020-07-31,2,291
Sint-Pieters-Woluwe,2020-04-01,4,53
Sint-Pieters-Woluwe,2020-04-02,1,54
Sint-Pieters-Woluwe,2020-04-03,5,59
Sint-Pieters-Woluwe,2020-04-04,6,65
Sint-Pieters-Woluwe,2020-04-05,6,71
Sint-Pieters-Woluwe,2020-04-06,1,72
Sint-Pieters-Woluwe,2020-04-07,4,76
Sint-Pieters-Woluwe,2020-04-08,3,79
Sint-Pieters-Woluwe,2020-04-09,4,83
Sint-Pieters-Woluwe,2020-04-10,3,86
Sint-Pieters-Woluwe,2020-04-11,2,88
Sint-Pieters-Woluwe,2020-04-12,2,90
Sint-Pieters-Woluwe,2020-04-13,0,90
Sint-Pieters-Woluwe,2020-04-14,1,91
Sint-Pieters-Woluwe,2020-04-15,2,93
Sint-Pieters-Woluwe,2020-04-16,0,93
Sint-Pieters-Woluwe,2020-04-17,2,95
Sint-Pieters-Woluwe,2020-04-18,6,101
Sint-Pieters-Woluwe,2020-04-19,3,104
Sint-Pieters-Woluwe,2020-04-20,9,113
Sint-Pieters-Woluwe,2020-04-21,5,118
Sint-Pieters-Woluwe,2020-04-22,0,118
Sint-Pieters-Woluwe,2020-04-23,4,122
Sint-Pieters-Woluwe,2020-04-24,1,123
Sint-Pieters-Woluwe,2020-04-25,1,124
Sint-Pieters-Woluwe,2020-04-26,1,125
Sint-Pieters-Woluwe,2020-04-27,0,125
Sint-Pieters-Woluwe,2020-04-28,0,125
Sint-Pieters-Woluwe,2020-04-29,3,128
Sint-Pieters-Woluwe,2020-04-30,4,132
Sint-Pieters-Woluwe,2020-05-01,1,133
Sint-Pieters-Woluwe,2020-05-02,0,133
Sint-Pieters-Woluwe,2020-05-03,8,141
Sint-Pieters-Woluwe,2020-05-04,0,141
Sint-Pieters-Woluwe,2020-05-05,0,141
Sint-Pieters-Woluwe,2020-05-06,0,141
Sint-Pieters-Woluwe,2020-05-07,0,141
Sint-Pieters-Woluwe,2020-05-08,1,142
Sint-Pieters-Woluwe,2020-05-09,0,142
Sint-Pieters-Woluwe,2020-05-10,2,144
Sint-Pieters-Woluwe,2020-05-11,1,145
Sint-Pieters-Woluwe,2020-05-12,3,148
Sint-Pieters-Woluwe,2020-05-13,3,151
Sint-Pieters-Woluwe,2020-05-14,1,152
Sint-Pieters-Woluwe,2020-05-15,1,153
Sint-Pieters-Woluwe,2020-05-16,0,153
Sint-Pieters-Woluwe,2020-05-17,0,153
Sint-Pieters-Woluwe,2020-05-18,1,154
Sint-Pieters-Woluwe,2020-05-19,1,155
Sint-Pieters-Woluwe,2020-05-20,1,156
Sint-Pieters-Woluwe,2020-05-21,1,157
Sint-Pieters-Woluwe,2020-05-22,1,158
Sint-Pieters-Woluwe,2020-05-23,0,158
Sint-Pieters-Woluwe,2020-05-24,1,159
Sint-Pieters-Woluwe,2020-05-25,1,160
Sint-Pieters-Woluwe,2020-05-26,1,161
Sint-Pieters-Woluwe,2020-05-27,1,162
Sint-Pieters-Woluwe,2020-05-28,1,163
Sint-Pieters-Woluwe,2020-05-29,0,163
Sint-Pieters-Woluwe,2020-05-30,0,163
Sint-Pieters-Woluwe,2020-05-31,1,164
Sint-Pieters-Woluwe,2020-06-01,2,166
Sint-Pieters-Woluwe,2020-06-02,0,166
Sint-Pieters-Woluwe,2020-06-03,0,166
Sint-Pieters-Woluwe,2020-06-04,0,166
Sint-Pieters-Woluwe,2020-06-05,0,166
Sint-Pieters-Woluwe,2020-06-06,0,166
Sint-Pieters-Woluwe,2020-06-07,0,166
Sint-Pieters-Woluwe,2020-06-08,1,167
Sint-Pieters-Woluwe,2020-06-09,1,168
Sint-Pieters-Woluwe,2020-06-10,0,168
Sint-Pieters-Woluwe,2020-06-11,1,169
Sint-Pieters-Woluwe,2020-06-12,1,170
Sint-Pieters-Woluwe,2020-06-13,0,170
Sint-Pieters-Woluwe,2020-06-14,0,170
Sint-Pieters-Woluwe,2020-06-15,2,172
Sint-Pieters-Woluwe,2020-06-16,0,172
Sint-Pieters-Woluwe,2020-06-17,0,172
Sint-Pieters-Woluwe,2020-06-18,2,174
Sint-Pieters-Woluwe,2020-06-19,0,174
Sint-Pieters-Woluwe,2020-06-20,0,174
Sint-Pieters-Woluwe,2020-06-23,0,174
Sint-Pieters-Woluwe,2020-06-24,0,174
Sint-Pieters-Woluwe,2020-06-25,0,174
Sint-Pieters-Woluwe,2020-06-26,0,174
Sint-Pieters-Woluwe,2020-06-27,0,174
Sint-Pieters-Woluwe,2020-06-30,0,174
Sint-Pieters-Woluwe,2020-07-01,0,174
Sint-Pieters-Woluwe,2020-07-02,0,174
Sint-Pieters-Woluwe,2020-07-03,1,175
Sint-Pieters-Woluwe,2020-07-04,1,176
Sint-Pieters-Woluwe,2020-07-07,0,176
Sint-Pieters-Woluwe,2020-07-08,0,176
Sint-Pieters-Woluwe,2020-07-09,0,176
Sint-Pieters-Woluwe,2020-07-10,0,176
Sint-Pieters-Woluwe,2020-07-11,0,176
Sint-Pieters-Woluwe,2020-07-14,0,176
Sint-Pieters-Woluwe,2020-07-15,0,176
Sint-Pieters-Woluwe,2020-07-16,0,176
Sint-Pieters-Woluwe,2020-07-17,0,176
Sint-Pieters-Woluwe,2020-07-18,0,176
Sint-Pieters-Woluwe,2020-07-20,0,176
Sint-Pieters-Woluwe,2020-07-21,0,176
Sint-Pieters-Woluwe,2020-07-22,0,176
Sint-Pieters-Woluwe,2020-07-23,0,176
Sint-Pieters-Woluwe,2020-07-24,0,176
Sint-Pieters-Woluwe,2020-07-25,0,176
Sint-Pieters-Woluwe,2020-07-26,0,176
Sint-Pieters-Woluwe,2020-07-27,0,176
Sint-Pieters-Woluwe,2020-07-28,0,176
Sint-Pieters-Woluwe,2020-07-29,0,176
Sint-Pieters-Woluwe,2020-07-30,5,181
Sint-Pieters-Woluwe,2020-07-31,2,183
Asse,2020-04-01,2,48
Asse,2020-04-02,5,53
Asse,2020-04-03,9,62
Asse,2020-04-04,4,66
Asse,2020-04-05,5,71
Asse,2020-04-06,5,76
Asse,2020-04-07,2,78
Asse,2020-04-08,1,79
Asse,2020-04-09,2,81
Asse,2020-04-10,7,88
Asse,2020-04-11,7,95
Asse,2020-04-12,4,99
Asse,2020-04-13,22,121
Asse,2020-04-14,1,122
Asse,2020-04-15,0,122
Asse,2020-04-16,1,123
Asse,2020-04-17,3,126
Asse,2020-04-18,2,128
Asse,2020-04-19,1,129
Asse,2020-04-20,3,132
Asse,2020-04-21,0,132
Asse,2020-04-22,2,134
Asse,2020-04-23,0,134
Asse,2020-04-24,1,135
Asse,2020-04-25,1,136
Asse,2020-04-26,0,136
Asse,2020-04-27,3,139
Asse,2020-04-28,2,141
Asse,2020-04-29,1,142
Asse,2020-04-30,1,143
Asse,2020-05-01,0,143
Asse,2020-05-02,0,143
Asse,2020-05-03,3,146
Asse,2020-05-04,1,147
Asse,2020-05-05,1,148
Asse,2020-05-06,0,148
Asse,2020-05-07,2,150
Asse,2020-05-08,1,151
Asse,2020-05-09,0,151
Asse,2020-05-10,0,151
Asse,2020-05-11,1,152
Asse,2020-05-12,0,152
Asse,2020-05-13,0,152
Asse,2020-05-14,0,152
Asse,2020-05-15,1,153
Asse,2020-05-16,0,153
Asse,2020-05-17,0,153
Asse,2020-05-18,0,153
Asse,2020-05-19,0,153
Asse,2020-05-20,0,153
Asse,2020-05-21,0,153
Asse,2020-05-22,0,153
Asse,2020-05-23,0,153
Asse,2020-05-24,0,153
Asse,2020-05-25,0,153
Asse,2020-05-26,0,153
Asse,2020-05-27,2,155
Asse,2020-05-28,1,156
Asse,2020-05-29,0,156
Asse,2020-05-30,0,156
Asse,2020-05-31,1,157
Asse,2020-06-01,3,160
Asse,2020-06-02,1,161
Asse,2020-06-03,0,161
Asse,2020-06-04,0,161
Asse,2020-06-05,0,161
Asse,2020-06-06,0,161
Asse,2020-06-07,1,162
Asse,2020-06-08,1,163
Asse,2020-06-09,0,163
Asse,2020-06-10,0,163
Asse,2020-06-11,0,163
Asse,2020-06-12,1,164
Asse,2020-06-13,0,164
Asse,2020-06-14,1,165
Asse,2020-06-15,0,165
Asse,2020-06-16,0,165
Asse,2020-06-17,1,166
Asse,2020-06-18,0,166
Asse,2020-06-19,0,166
Asse,2020-06-20,0,166
Asse,2020-06-23,1,167
Asse,2020-06-24,0,167
Asse,2020-06-25,0,167
Asse,2020-06-26,0,167
Asse,2020-06-27,0,167
Asse,2020-06-30,0,167
Asse,2020-07-01,0,167
Asse,2020-07-02,1,168
Asse,2020-07-03,0,168
Asse,2020-07-04,0,168
Asse,2020-07-07,1,169
Asse,2020-07-08,1,170
Asse,2020-07-09,0,170
Asse,2020-07-10,0,170
Asse,2020-07-11,0,170
Asse,2020-07-14,1,171
Asse,2020-07-15,1,172
Asse,2020-07-16,1,173
Asse,2020-07-17,0,173
Asse,2020-07-18,0,173
Asse,2020-07-20,1,174
Asse,2020-07-21,0,174
Asse,2020-07-22,0,174
Asse,2020-07-23,0,174
Asse,2020-07-24,0,174
Asse,2020-07-25,1,175
Asse,2020-07-26,1,176
Asse,2020-07-27,0,176
Asse,2020-07-28,0,176
Asse,2020-07-29,0,176
Asse,2020-07-30,2,178
Asse,2020-07-31,2,180
Beersel,2020-04-01,2,49
Beersel,2020-04-02,2,51
Beersel,2020-04-03,1,52
Beersel,2020-04-04,7,59
Beersel,2020-04-05,0,59
Beersel,2020-04-06,2,61
Beersel,2020-04-07,1,62
Beersel,2020-04-08,1,63
Beersel,2020-04-09,1,64
Beersel,2020-04-10,4,68
Beersel,2020-04-11,2,70
Beersel,2020-04-12,0,70
Beersel,2020-04-13,1,71
Beersel,2020-04-14,0,71
Beersel,2020-04-15,3,74
Beersel,2020-04-16,1,75
Beersel,2020-04-17,2,77
Beersel,2020-04-18,1,78
Beersel,2020-04-19,2,80
Beersel,2020-04-20,0,80
Beersel,2020-04-21,0,80
Beersel,2020-04-22,1,81
Beersel,2020-04-23,0,81
Beersel,2020-04-24,1,82
Beersel,2020-04-25,1,83
Beersel,2020-04-26,1,84
Beersel,2020-04-27,1,85
Beersel,2020-04-28,3,88
Beersel,2020-04-29,0,88
Beersel,2020-04-30,1,89
Beersel,2020-05-01,0,89
Beersel,2020-05-02,0,89
Beersel,2020-05-03,0,89
Beersel,2020-05-04,0,89
Beersel,2020-05-05,0,89
Beersel,2020-05-06,0,89
Beersel,2020-05-07,0,89
Beersel,2020-05-08,0,89
Beersel,2020-05-09,0,89
Beersel,2020-05-10,0,89
Beersel,2020-05-11,0,89
Beersel,2020-05-12,0,89
Beersel,2020-05-13,3,92
Beersel,2020-05-14,0,92
Beersel,2020-05-15,0,92
Beersel,2020-05-16,0,92
Beersel,2020-05-17,1,93
Beersel,2020-05-18,0,93
Beersel,2020-05-19,0,93
Beersel,2020-05-20,0,93
Beersel,2020-05-21,0,93
Beersel,2020-05-22,1,94
Beersel,2020-05-23,0,94
Beersel,2020-05-24,0,94
Beersel,2020-05-25,0,94
Beersel,2020-05-26,0,94
Beersel,2020-05-27,0,94
Beersel,2020-05-28,0,94
Beersel,2020-05-29,0,94
Beersel,2020-05-30,0,94
Beersel,2020-05-31,0,94
Beersel,2020-06-01,0,94
Beersel,2020-06-02,0,94
Beersel,2020-06-03,0,94
Beersel,2020-06-04,0,94
Beersel,2020-06-05,0,94
Beersel,2020-06-06,0,94
Beersel,2020-06-07,0,94
Beersel,2020-06-08,1,95
Beersel,2020-06-09,0,95
Beersel,2020-06-10,1,96
Beersel,2020-06-11,1,97
Beersel,2020-06-12,-1,96
Beersel,2020-06-13,0,96
Beersel,2020-06-14,0,96
Beersel,2020-06-15,1,97
Beersel,2020-06-16,0,97
Beersel,2020-06-17,0,97
Beersel,2020-06-18,0,97
Beersel,2020-06-19,1,98
Beersel,2020-06-20,0,98
Beersel,2020-06-23,0,98
Beersel,2020-06-24,0,98
Beersel,2020-06-25,0,98
Beersel,2020-06-26,0,98
Beersel,2020-06-27,0,98
Beersel,2020-06-30,1,99
Beersel,2020-07-01,0,99
Beersel,2020-07-02,0,99
Beersel,2020-07-03,0,99
Beersel,2020-07-04,0,99
Beersel,2020-07-07,0,99
Beersel,2020-07-08,0,99
Beersel,2020-07-09,0,99
Beersel,2020-07-10,0,99
Beersel,2020-07-11,2,101
Beersel,2020-07-14,0,101
Beersel,2020-07-15,0,101
Beersel,2020-07-16,0,101
Beersel,2020-07-17,0,101
Beersel,2020-07-18,0,101
Beersel,2020-07-20,1,102
Beersel,2020-07-21,0,102
Beersel,2020-07-22,1,103
Beersel,2020-07-23,0,103
Beersel,2020-07-24,0,103
Beersel,2020-07-25,1,104
Beersel,2020-07-26,1,105
Beersel,2020-07-27,0,105
Beersel,2020-07-28,0,105
Beersel,2020-07-29,0,105
Beersel,2020-07-30,0,105
Beersel,2020-07-31,0,105
Dilbeek,2020-04-01,1,55
Dilbeek,2020-04-02,4,59
Dilbeek,2020-04-03,6,65
Dilbeek,2020-04-04,6,71
Dilbeek,2020-04-05,4,75
Dilbeek,2020-04-06,3,78
Dilbeek,2020-04-07,1,79
Dilbeek,2020-04-08,2,81
Dilbeek,2020-04-09,4,85
Dilbeek,2020-04-10,3,88
Dilbeek,2020-04-11,2,90
Dilbeek,2020-04-12,6,96
Dilbeek,2020-04-13,3,99
Dilbeek,2020-04-14,3,102
Dilbeek,2020-04-15,7,109
Dilbeek,2020-04-16,6,115
Dilbeek,2020-04-17,6,121
Dilbeek,2020-04-18,3,124
Dilbeek,2020-04-19,4,128
Dilbeek,2020-04-20,5,133
Dilbeek,2020-04-21,1,134
Dilbeek,2020-04-22,1,135
Dilbeek,2020-04-23,2,137
Dilbeek,2020-04-24,1,138
Dilbeek,2020-04-25,2,140
Dilbeek,2020-04-26,6,146
Dilbeek,2020-04-27,3,149
Dilbeek,2020-04-28,2,151
Dilbeek,2020-04-29,6,157
Dilbeek,2020-04-30,3,160
Dilbeek,2020-05-01,6,166
Dilbeek,2020-05-02,0,166
Dilbeek,2020-05-03,3,169
Dilbeek,2020-05-04,2,171
Dilbeek,2020-05-05,3,174
Dilbeek,2020-05-06,6,180
Dilbeek,2020-05-07,1,181
Dilbeek,2020-05-08,2,183
Dilbeek,2020-05-09,10,193
Dilbeek,2020-05-10,2,195
Dilbeek,2020-05-11,1,196
Dilbeek,2020-05-12,2,198
Dilbeek,2020-05-13,2,200
Dilbeek,2020-05-14,2,202
Dilbeek,2020-05-15,0,202
Dilbeek,2020-05-16,4,206
Dilbeek,2020-05-17,1,207
Dilbeek,2020-05-18,1,208
Dilbeek,2020-05-19,0,208
Dilbeek,2020-05-20,1,209
Dilbeek,2020-05-21,3,212
Dilbeek,2020-05-22,1,213
Dilbeek,2020-05-23,3,216
Dilbeek,2020-05-24,2,218
Dilbeek,2020-05-25,4,222
Dilbeek,2020-05-26,1,223
Dilbeek,2020-05-27,0,223
Dilbeek,2020-05-28,1,224
Dilbeek,2020-05-29,2,226
Dilbeek,2020-05-30,0,226
Dilbeek,2020-05-31,4,230
Dilbeek,2020-06-01,1,231
Dilbeek,2020-06-02,1,232
Dilbeek,2020-06-03,0,232
Dilbeek,2020-06-04,1,233
Dilbeek,2020-06-05,1,234
Dilbeek,2020-06-06,2,236
Dilbeek,2020-06-07,2,238
Dilbeek,2020-06-08,1,239
Dilbeek,2020-06-09,0,239
Dilbeek,2020-06-10,0,239
Dilbeek,2020-06-11,0,239
Dilbeek,2020-06-12,2,241
Dilbeek,2020-06-13,1,242
Dilbeek,2020-06-14,0,242
Dilbeek,2020-06-15,0,242
Dilbeek,2020-06-16,0,242
Dilbeek,2020-06-17,0,242
Dilbeek,2020-06-18,0,242
Dilbeek,2020-06-19,0,242
Dilbeek,2020-06-20,1,243
Dilbeek,2020-06-23,1,244
Dilbeek,2020-06-24,0,244
Dilbeek,2020-06-25,0,244
Dilbeek,2020-06-26,3,247
Dilbeek,2020-06-27,0,247
Dilbeek,2020-06-30,0,247
Dilbeek,2020-07-01,0,247
Dilbeek,2020-07-02,0,247
Dilbeek,2020-07-03,1,248
Dilbeek,2020-07-04,0,248
Dilbeek,2020-07-07,1,249
Dilbeek,2020-07-08,0,249
Dilbeek,2020-07-09,0,249
Dilbeek,2020-07-10,1,250
Dilbeek,2020-07-11,1,251
Dilbeek,2020-07-14,0,251
Dilbeek,2020-07-15,0,251
Dilbeek,2020-07-16,0,251
Dilbeek,2020-07-17,0,251
Dilbeek,2020-07-18,1,252
Dilbeek,2020-07-20,0,252
Dilbeek,2020-07-21,0,252
Dilbeek,2020-07-22,3,255
Dilbeek,2020-07-23,0,255
Dilbeek,2020-07-24,0,255
Dilbeek,2020-07-25,0,255
Dilbeek,2020-07-26,0,255
Dilbeek,2020-07-27,1,256
Dilbeek,2020-07-28,1,257
Dilbeek,2020-07-29,1,258
Dilbeek,2020-07-30,2,260
Dilbeek,2020-07-31,3,263
Galmaarden,2020-04-01,0,9
Galmaarden,2020-04-02,2,11
Galmaarden,2020-04-03,0,11
Galmaarden,2020-04-04,0,11
Galmaarden,2020-04-05,0,11
Galmaarden,2020-04-06,0,11
Galmaarden,2020-04-07,3,14
Galmaarden,2020-04-08,0,14
Galmaarden,2020-04-09,2,16
Galmaarden,2020-04-10,1,17
Galmaarden,2020-04-11,1,18
Galmaarden,2020-04-12,0,18
Galmaarden,2020-04-13,0,18
Galmaarden,2020-04-14,0,18
Galmaarden,2020-04-15,0,18
Galmaarden,2020-04-16,0,18
Galmaarden,2020-04-17,0,18
Galmaarden,2020-04-18,0,18
Galmaarden,2020-04-19,0,18
Galmaarden,2020-04-20,0,18
Galmaarden,2020-04-21,0,18
Galmaarden,2020-04-22,0,18
Galmaarden,2020-04-23,0,18
Galmaarden,2020-04-24,0,18
Galmaarden,2020-04-25,0,18
Galmaarden,2020-04-26,0,18
Galmaarden,2020-04-27,0,18
Galmaarden,2020-04-28,0,18
Galmaarden,2020-04-29,0,18
Galmaarden,2020-04-30,1,19
Galmaarden,2020-05-01,0,19
Galmaarden,2020-05-02,0,19
Galmaarden,2020-05-03,0,19
Galmaarden,2020-05-04,0,19
Galmaarden,2020-05-05,0,19
Galmaarden,2020-05-06,0,19
Galmaarden,2020-05-07,1,20
Galmaarden,2020-05-08,0,20
Galmaarden,2020-05-09,0,20
Galmaarden,2020-05-10,1,21
Galmaarden,2020-05-11,0,21
Galmaarden,2020-05-12,0,21
Galmaarden,2020-05-13,0,21
Galmaarden,2020-05-14,0,21
Galmaarden,2020-05-15,0,21
Galmaarden,2020-05-16,0,21
Galmaarden,2020-05-17,0,21
Galmaarden,2020-05-18,0,21
Galmaarden,2020-05-19,0,21
Galmaarden,2020-05-20,1,22
Galmaarden,2020-05-21,0,22
Galmaarden,2020-05-22,0,22
Galmaarden,2020-05-23,0,22
Galmaarden,2020-05-24,0,22
Galmaarden,2020-05-25,0,22
Galmaarden,2020-05-26,0,22
Galmaarden,2020-05-27,0,22
Galmaarden,2020-05-28,0,22
Galmaarden,2020-05-29,0,22
Galmaarden,2020-05-30,0,22
Galmaarden,2020-05-31,0,22
Galmaarden,2020-06-01,0,22
Galmaarden,2020-06-02,0,22
Galmaarden,2020-06-03,0,22
Galmaarden,2020-06-04,0,22
Galmaarden,2020-06-05,0,22
Galmaarden,2020-06-06,0,22
Galmaarden,2020-06-07,0,22
Galmaarden,2020-06-08,0,22
Galmaarden,2020-06-09,0,22
Galmaarden,2020-06-10,0,22
Galmaarden,2020-06-11,0,22
Galmaarden,2020-06-12,0,22
Galmaarden,2020-06-13,0,22
Galmaarden,2020-06-14,0,22
Galmaarden,2020-06-15,0,22
Galmaarden,2020-06-16,0,22
Galmaarden,2020-06-17,0,22
Galmaarden,2020-06-18,0,22
Galmaarden,2020-06-19,0,22
Galmaarden,2020-06-20,0,22
Galmaarden,2020-06-23,0,22
Galmaarden,2020-06-24,1,23
Galmaarden,2020-06-25,0,23
Galmaarden,2020-06-26,0,23
Galmaarden,2020-06-27,0,23
Galmaarden,2020-06-30,0,23
Galmaarden,2020-07-01,0,23
Galmaarden,2020-07-02,1,24
Galmaarden,2020-07-03,0,24
Galmaarden,2020-07-04,0,24
Galmaarden,2020-07-07,0,24
Galmaarden,2020-07-08,0,24
Galmaarden,2020-07-09,0,24
Galmaarden,2020-07-10,0,24
Galmaarden,2020-07-11,0,24
Galmaarden,2020-07-14,0,24
Galmaarden,2020-07-15,0,24
Galmaarden,2020-07-16,0,24
Galmaarden,2020-07-17,0,24
Galmaarden,2020-07-18,0,24
Galmaarden,2020-07-20,0,24
Galmaarden,2020-07-21,0,24
Galmaarden,2020-07-22,0,24
Galmaarden,2020-07-23,0,24
Galmaarden,2020-07-24,0,24
Galmaarden,2020-07-25,0,24
Galmaarden,2020-07-26,1,25
Galmaarden,2020-07-27,0,25
Galmaarden,2020-07-28,2,27
Galmaarden,2020-07-29,1,28
Galmaarden,2020-07-30,1,29
Galmaarden,2020-07-31,7,36
Gooik,2020-04-01,0,0
Gooik,2020-04-02,0,0
Gooik,2020-04-03,0,0
Gooik,2020-04-04,6,6
Gooik,2020-04-05,0,6
Gooik,2020-04-06,0,6
Gooik,2020-04-07,0,6
Gooik,2020-04-08,1,7
Gooik,2020-04-09,0,7
Gooik,2020-04-10,0,7
Gooik,2020-04-11,0,7
Gooik,2020-04-12,3,10
Gooik,2020-04-13,0,10
Gooik,2020-04-14,0,10
Gooik,2020-04-15,2,12
Gooik,2020-04-16,0,12
Gooik,2020-04-17,1,13
Gooik,2020-04-18,0,13
Gooik,2020-04-19,2,15
Gooik,2020-04-20,0,15
Gooik,2020-04-21,0,15
Gooik,2020-04-22,0,15
Gooik,2020-04-23,1,16
Gooik,2020-04-24,0,16
Gooik,2020-04-25,0,16
Gooik,2020-04-26,1,17
Gooik,2020-04-27,1,18
Gooik,2020-04-28,0,18
Gooik,2020-04-29,1,19
Gooik,2020-04-30,0,19
Gooik,2020-05-01,0,19
Gooik,2020-05-02,1,20
Gooik,2020-05-03,1,21
Gooik,2020-05-04,0,21
Gooik,2020-05-05,3,24
Gooik,2020-05-06,0,24
Gooik,2020-05-07,0,24
Gooik,2020-05-08,0,24
Gooik,2020-05-09,0,24
Gooik,2020-05-10,1,25
Gooik,2020-05-11,0,25
Gooik,2020-05-12,0,25
Gooik,2020-05-13,1,26
Gooik,2020-05-14,0,26
Gooik,2020-05-15,0,26
Gooik,2020-05-16,0,26
Gooik,2020-05-17,0,26
Gooik,2020-05-18,0,26
Gooik,2020-05-19,0,26
Gooik,2020-05-20,0,26
Gooik,2020-05-21,0,26
Gooik,2020-05-22,0,26
Gooik,2020-05-23,2,28
Gooik,2020-05-24,0,28
Gooik,2020-05-25,0,28
Gooik,2020-05-26,0,28
Gooik,2020-05-27,1,29
Gooik,2020-05-28,0,29
Gooik,2020-05-29,0,29
Gooik,2020-05-30,0,29
Gooik,2020-05-31,0,29
Gooik,2020-06-01,0,29
Gooik,2020-06-02,0,29
Gooik,2020-06-03,0,29
Gooik,2020-06-04,0,29
Gooik,2020-06-05,0,29
Gooik,2020-06-06,0,29
Gooik,2020-06-07,0,29
Gooik,2020-06-08,0,29
Gooik,2020-06-09,0,29
Gooik,2020-06-10,0,29
Gooik,2020-06-11,0,29
Gooik,2020-06-12,0,29
Gooik,2020-06-13,0,29
Gooik,2020-06-14,0,29
Gooik,2020-06-15,0,29
Gooik,2020-06-16,0,29
Gooik,2020-06-17,0,29
Gooik,2020-06-18,0,29
Gooik,2020-06-19,0,29
Gooik,2020-06-20,0,29
Gooik,2020-06-23,0,29
Gooik,2020-06-24,1,30
Gooik,2020-06-25,0,30
Gooik,2020-06-26,0,30
Gooik,2020-06-27,0,30
Gooik,2020-06-30,0,30
Gooik,2020-07-01,0,30
Gooik,2020-07-02,0,30
Gooik,2020-07-03,0,30
Gooik,2020-07-04,0,30
Gooik,2020-07-07,1,31
Gooik,2020-07-08,0,31
Gooik,2020-07-09,0,31
Gooik,2020-07-10,0,31
Gooik,2020-07-11,0,31
Gooik,2020-07-14,0,31
Gooik,2020-07-15,0,31
Gooik,2020-07-16,0,31
Gooik,2020-07-17,0,31
Gooik,2020-07-18,0,31
Gooik,2020-07-20,0,31
Gooik,2020-07-21,0,31
Gooik,2020-07-22,0,31
Gooik,2020-07-23,0,31
Gooik,2020-07-24,0,31
Gooik,2020-07-25,0,31
Gooik,2020-07-26,0,31
Gooik,2020-07-27,0,31
Gooik,2020-07-28,0,31
Gooik,2020-07-29,0,31
Gooik,2020-07-30,1,32
Gooik,2020-07-31,1,33
Grimbergen,2020-04-01,1,43
Grimbergen,2020-04-02,3,46
Grimbergen,2020-04-03,3,49
Grimbergen,2020-04-04,2,51
Grimbergen,2020-04-05,5,56
Grimbergen,2020-04-06,5,61
Grimbergen,2020-04-07,1,62
Grimbergen,2020-04-08,5,67
Grimbergen,2020-04-09,10,77
Grimbergen,2020-04-10,7,84
Grimbergen,2020-04-11,2,86
Grimbergen,2020-04-12,6,92
Grimbergen,2020-04-13,5,97
Grimbergen,2020-04-14,0,97
Grimbergen,2020-04-15,5,102
Grimbergen,2020-04-16,64,166
Grimbergen,2020-04-17,8,174
Grimbergen,2020-04-18,11,185
Grimbergen,2020-04-19,2,187
Grimbergen,2020-04-20,2,189
Grimbergen,2020-04-21,2,191
Grimbergen,2020-04-22,1,192
Grimbergen,2020-04-23,1,193
Grimbergen,2020-04-24,0,193
Grimbergen,2020-04-25,4,197
Grimbergen,2020-04-26,0,197
Grimbergen,2020-04-27,2,199
Grimbergen,2020-04-28,0,199
Grimbergen,2020-04-29,0,199
Grimbergen,2020-04-30,4,203
Grimbergen,2020-05-01,2,205
Grimbergen,2020-05-02,1,206
Grimbergen,2020-05-03,0,206
Grimbergen,2020-05-04,0,206
Grimbergen,2020-05-05,1,207
Grimbergen,2020-05-06,0,207
Grimbergen,2020-05-07,1,208
Grimbergen,2020-05-08,0,208
Grimbergen,2020-05-09,1,209
Grimbergen,2020-05-10,0,209
Grimbergen,2020-05-11,0,209
Grimbergen,2020-05-12,1,210
Grimbergen,2020-05-13,0,210
Grimbergen,2020-05-14,2,212
Grimbergen,2020-05-15,1,213
Grimbergen,2020-05-16,0,213
Grimbergen,2020-05-17,0,213
Grimbergen,2020-05-18,0,213
Grimbergen,2020-05-19,0,213
Grimbergen,2020-05-20,4,217
Grimbergen,2020-05-21,2,219
Grimbergen,2020-05-22,0,219
Grimbergen,2020-05-23,0,219
Grimbergen,2020-05-24,1,220
Grimbergen,2020-05-25,0,220
Grimbergen,2020-05-26,0,220
Grimbergen,2020-05-27,1,221
Grimbergen,2020-05-28,2,223
Grimbergen,2020-05-29,0,223
Grimbergen,2020-05-30,1,224
Grimbergen,2020-05-31,2,226
Grimbergen,2020-06-01,0,226
Grimbergen,2020-06-02,0,226
Grimbergen,2020-06-03,0,226
Grimbergen,2020-06-04,0,226
Grimbergen,2020-06-05,1,227
Grimbergen,2020-06-06,1,228
Grimbergen,2020-06-07,1,229
Grimbergen,2020-06-08,1,230
Grimbergen,2020-06-09,0,230
Grimbergen,2020-06-10,0,230
Grimbergen,2020-06-11,1,231
Grimbergen,2020-06-12,1,232
Grimbergen,2020-06-13,1,233
Grimbergen,2020-06-14,1,234
Grimbergen,2020-06-15,0,234
Grimbergen,2020-06-16,0,234
Grimbergen,2020-06-17,0,234
Grimbergen,2020-06-18,0,234
Grimbergen,2020-06-19,0,234
Grimbergen,2020-06-20,0,234
Grimbergen,2020-06-23,3,237
Grimbergen,2020-06-24,0,237
Grimbergen,2020-06-25,0,237
Grimbergen,2020-06-26,0,237
Grimbergen,2020-06-27,0,237
Grimbergen,2020-06-30,0,237
Grimbergen,2020-07-01,0,237
Grimbergen,2020-07-02,0,237
Grimbergen,2020-07-03,0,237
Grimbergen,2020-07-04,1,238
Grimbergen,2020-07-07,1,239
Grimbergen,2020-07-08,0,239
Grimbergen,2020-07-09,1,240
Grimbergen,2020-07-10,0,240
Grimbergen,2020-07-11,3,243
Grimbergen,2020-07-14,8,251
Grimbergen,2020-07-15,0,251
Grimbergen,2020-07-16,1,252
Grimbergen,2020-07-17,0,252
Grimbergen,2020-07-18,1,253
Grimbergen,2020-07-20,4,257
Grimbergen,2020-07-21,0,257
Grimbergen,2020-07-22,0,257
Grimbergen,2020-07-23,0,257
Grimbergen,2020-07-24,0,257
Grimbergen,2020-07-25,1,258
Grimbergen,2020-07-26,1,259
Grimbergen,2020-07-27,0,259
Grimbergen,2020-07-28,0,259
Grimbergen,2020-07-29,0,259
Grimbergen,2020-07-30,0,259
Grimbergen,2020-07-31,1,260
Halle (Halle-Vilvoorde),2020-04-01,2,51
Halle (Halle-Vilvoorde),2020-04-02,8,59
Halle (Halle-Vilvoorde),2020-04-03,7,66
Halle (Halle-Vilvoorde),2020-04-04,8,74
Halle (Halle-Vilvoorde),2020-04-05,6,80
Halle (Halle-Vilvoorde),2020-04-06,5,85
Halle (Halle-Vilvoorde),2020-04-07,0,85
Halle (Halle-Vilvoorde),2020-04-08,4,89
Halle (Halle-Vilvoorde),2020-04-09,2,91
Halle (Halle-Vilvoorde),2020-04-10,4,95
Halle (Halle-Vilvoorde),2020-04-11,3,98
Halle (Halle-Vilvoorde),2020-04-12,3,101
Halle (Halle-Vilvoorde),2020-04-13,3,104
Halle (Halle-Vilvoorde),2020-04-14,3,107
Halle (Halle-Vilvoorde),2020-04-15,5,112
Halle (Halle-Vilvoorde),2020-04-16,2,114
Halle (Halle-Vilvoorde),2020-04-17,9,123
Halle (Halle-Vilvoorde),2020-04-18,0,123
Halle (Halle-Vilvoorde),2020-04-19,5,128
Halle (Halle-Vilvoorde),2020-04-20,8,136
Halle (Halle-Vilvoorde),2020-04-21,20,156
Halle (Halle-Vilvoorde),2020-04-22,0,156
Halle (Halle-Vilvoorde),2020-04-23,0,156
Halle (Halle-Vilvoorde),2020-04-24,7,163
Halle (Halle-Vilvoorde),2020-04-25,0,163
Halle (Halle-Vilvoorde),2020-04-26,0,163
Halle (Halle-Vilvoorde),2020-04-27,0,163
Halle (Halle-Vilvoorde),2020-04-28,1,164
Halle (Halle-Vilvoorde),2020-04-29,0,164
Halle (Halle-Vilvoorde),2020-04-30,2,166
Halle (Halle-Vilvoorde),2020-05-01,0,166
Halle (Halle-Vilvoorde),2020-05-02,0,166
Halle (Halle-Vilvoorde),2020-05-03,2,168
Halle (Halle-Vilvoorde),2020-05-04,0,168
Halle (Halle-Vilvoorde),2020-05-05,1,169
Halle (Halle-Vilvoorde),2020-05-06,2,171
Halle (Halle-Vilvoorde),2020-05-07,6,177
Halle (Halle-Vilvoorde),2020-05-08,7,184
Halle (Halle-Vilvoorde),2020-05-09,1,185
Halle (Halle-Vilvoorde),2020-05-10,0,185
Halle (Halle-Vilvoorde),2020-05-11,1,186
Halle (Halle-Vilvoorde),2020-05-12,0,186
Halle (Halle-Vilvoorde),2020-05-13,1,187
Halle (Halle-Vilvoorde),2020-05-14,0,187
Halle (Halle-Vilvoorde),2020-05-15,0,187
Halle (Halle-Vilvoorde),2020-05-16,1,188
Halle (Halle-Vilvoorde),2020-05-17,0,188
Halle (Halle-Vilvoorde),2020-05-18,1,189
Halle (Halle-Vilvoorde),2020-05-19,0,189
Halle (Halle-Vilvoorde),2020-05-20,1,190
Halle (Halle-Vilvoorde),2020-05-21,1,191
Halle (Halle-Vilvoorde),2020-05-22,0,191
Halle (Halle-Vilvoorde),2020-05-23,0,191
Halle (Halle-Vilvoorde),2020-05-24,0,191
Halle (Halle-Vilvoorde),2020-05-25,0,191
Halle (Halle-Vilvoorde),2020-05-26,0,191
Halle (Halle-Vilvoorde),2020-05-27,1,192
Halle (Halle-Vilvoorde),2020-05-28,0,192
Halle (Halle-Vilvoorde),2020-05-29,0,192
Halle (Halle-Vilvoorde),2020-05-30,0,192
Halle (Halle-Vilvoorde),2020-05-31,1,193
Halle (Halle-Vilvoorde),2020-06-01,0,193
Halle (Halle-Vilvoorde),2020-06-02,0,193
Halle (Halle-Vilvoorde),2020-06-03,0,193
Halle (Halle-Vilvoorde),2020-06-04,0,193
Halle (Halle-Vilvoorde),2020-06-05,1,194
Halle (Halle-Vilvoorde),2020-06-06,0,194
Halle (Halle-Vilvoorde),2020-06-07,1,195
Halle (Halle-Vilvoorde),2020-06-08,0,195
Halle (Halle-Vilvoorde),2020-06-09,1,196
Halle (Halle-Vilvoorde),2020-06-10,0,196
Halle (Halle-Vilvoorde),2020-06-11,0,196
Halle (Halle-Vilvoorde),2020-06-12,0,196
Halle (Halle-Vilvoorde),2020-06-13,0,196
Halle (Halle-Vilvoorde),2020-06-14,0,196
Halle (Halle-Vilvoorde),2020-06-15,0,196
Halle (Halle-Vilvoorde),2020-06-16,0,196
Halle (Halle-Vilvoorde),2020-06-17,0,196
Halle (Halle-Vilvoorde),2020-06-18,0,196
Halle (Halle-Vilvoorde),2020-06-19,1,197
Halle (Halle-Vilvoorde),2020-06-20,0,197
Halle (Halle-Vilvoorde),2020-06-23,0,197
Halle (Halle-Vilvoorde),2020-06-24,0,197
Halle (Halle-Vilvoorde),2020-06-25,0,197
Halle (Halle-Vilvoorde),2020-06-26,0,197
Halle (Halle-Vilvoorde),2020-06-27,0,197
Halle (Halle-Vilvoorde),2020-06-30,0,197
Halle (Halle-Vilvoorde),2020-07-01,0,197
Halle (Halle-Vilvoorde),2020-07-02,0,197
Halle (Halle-Vilvoorde),2020-07-03,0,197
Halle (Halle-Vilvoorde),2020-07-04,0,197
Halle (Halle-Vilvoorde),2020-07-07,1,198
Halle (Halle-Vilvoorde),2020-07-08,0,198
Halle (Halle-Vilvoorde),2020-07-09,0,198
Halle (Halle-Vilvoorde),2020-07-10,0,198
Halle (Halle-Vilvoorde),2020-07-11,0,198
Halle (Halle-Vilvoorde),2020-07-14,0,198
Halle (Halle-Vilvoorde),2020-07-15,0,198
Halle (Halle-Vilvoorde),2020-07-16,0,198
Halle (Halle-Vilvoorde),2020-07-17,1,199
Halle (Halle-Vilvoorde),2020-07-18,1,200
Halle (Halle-Vilvoorde),2020-07-20,4,204
Halle (Halle-Vilvoorde),2020-07-21,0,204
Halle (Halle-Vilvoorde),2020-07-22,1,205
Halle (Halle-Vilvoorde),2020-07-23,0,205
Halle (Halle-Vilvoorde),2020-07-24,0,205
Halle (Halle-Vilvoorde),2020-07-25,0,205
Halle (Halle-Vilvoorde),2020-07-26,2,207
Halle (Halle-Vilvoorde),2020-07-27,0,207
Halle (Halle-Vilvoorde),2020-07-28,0,207
Halle (Halle-Vilvoorde),2020-07-29,0,207
Halle (Halle-Vilvoorde),2020-07-30,2,209
Halle (Halle-Vilvoorde),2020-07-31,1,210
Herne,2020-04-01,0,0
Herne,2020-04-02,0,0
Herne,2020-04-03,0,0
Herne,2020-04-04,0,0
Herne,2020-04-05,5,5
Herne,2020-04-06,0,5
Herne,2020-04-07,0,5
Herne,2020-04-08,0,5
Herne,2020-04-09,1,6
Herne,2020-04-10,1,7
Herne,2020-04-11,0,7
Herne,2020-04-12,0,7
Herne,2020-04-13,0,7
Herne,2020-04-14,0,7
Herne,2020-04-15,0,7
Herne,2020-04-16,0,7
Herne,2020-04-17,0,7
Herne,2020-04-18,1,8
Herne,2020-04-19,0,8
Herne,2020-04-20,0,8
Herne,2020-04-21,0,8
Herne,2020-04-22,0,8
Herne,2020-04-23,0,8
Herne,2020-04-24,0,8
Herne,2020-04-25,1,9
Herne,2020-04-26,0,9
Herne,2020-04-27,1,10
Herne,2020-04-28,0,10
Herne,2020-04-29,0,10
Herne,2020-04-30,0,10
Herne,2020-05-01,0,10
Herne,2020-05-02,0,10
Herne,2020-05-03,0,10
Herne,2020-05-04,0,10
Herne,2020-05-05,0,10
Herne,2020-05-06,0,10
Herne,2020-05-07,0,10
Herne,2020-05-08,1,11
Herne,2020-05-09,1,12
Herne,2020-05-10,0,12
Herne,2020-05-11,0,12
Herne,2020-05-12,0,12
Herne,2020-05-13,0,12
Herne,2020-05-14,0,12
Herne,2020-05-15,0,12
Herne,2020-05-16,0,12
Herne,2020-05-17,0,12
Herne,2020-05-18,0,12
Herne,2020-05-19,0,12
Herne,2020-05-20,1,13
Herne,2020-05-21,0,13
Herne,2020-05-22,0,13
Herne,2020-05-23,0,13
Herne,2020-05-24,0,13
Herne,2020-05-25,0,13
Herne,2020-05-26,0,13
Herne,2020-05-27,0,13
Herne,2020-05-28,1,14
Herne,2020-05-29,0,14
Herne,2020-05-30,0,14
Herne,2020-05-31,2,16
Herne,2020-06-01,0,16
Herne,2020-06-02,0,16
Herne,2020-06-03,0,16
Herne,2020-06-04,0,16
Herne,2020-06-05,0,16
Herne,2020-06-06,0,16
Herne,2020-06-07,0,16
Herne,2020-06-08,0,16
Herne,2020-06-09,0,16
Herne,2020-06-10,0,16
Herne,2020-06-11,0,16
Herne,2020-06-12,0,16
Herne,2020-06-13,0,16
Herne,2020-06-14,0,16
Herne,2020-06-15,0,16
Herne,2020-06-16,0,16
Herne,2020-06-17,0,16
Herne,2020-06-18,0,16
Herne,2020-06-19,0,16
Herne,2020-06-20,0,16
Herne,2020-06-23,0,16
Herne,2020-06-24,0,16
Herne,2020-06-25,0,16
Herne,2020-06-26,0,16
Herne,2020-06-27,0,16
Herne,2020-06-30,0,16
Herne,2020-07-01,0,16
Herne,2020-07-02,0,16
Herne,2020-07-03,0,16
Herne,2020-07-04,0,16
Herne,2020-07-07,0,16
Herne,2020-07-08,0,16
Herne,2020-07-09,0,16
Herne,2020-07-10,0,16
Herne,2020-07-11,0,16
Herne,2020-07-14,0,16
Herne,2020-07-15,0,16
Herne,2020-07-16,0,16
Herne,2020-07-17,0,16
Herne,2020-07-18,0,16
Herne,2020-07-20,0,16
Herne,2020-07-21,0,16
Herne,2020-07-22,0,16
Herne,2020-07-23,0,16
Herne,2020-07-24,0,16
Herne,2020-07-25,0,16
Herne,2020-07-26,0,16
Herne,2020-07-27,0,16
Herne,2020-07-28,0,16
Herne,2020-07-29,0,16
Herne,2020-07-30,0,16
Herne,2020-07-31,0,16
Hoeilaart,2020-04-01,0,14
Hoeilaart,2020-04-02,1,15
Hoeilaart,2020-04-03,0,15
Hoeilaart,2020-04-04,0,15
Hoeilaart,2020-04-05,2,17
Hoeilaart,2020-04-06,0,17
Hoeilaart,2020-04-07,0,17
Hoeilaart,2020-04-08,0,17
Hoeilaart,2020-04-09,1,18
Hoeilaart,2020-04-10,0,18
Hoeilaart,2020-04-11,0,18
Hoeilaart,2020-04-12,0,18
Hoeilaart,2020-04-13,1,19
Hoeilaart,2020-04-14,0,19
Hoeilaart,2020-04-15,1,20
Hoeilaart,2020-04-16,0,20
Hoeilaart,2020-04-17,1,21
Hoeilaart,2020-04-18,0,21
Hoeilaart,2020-04-19,0,21
Hoeilaart,2020-04-20,0,21
Hoeilaart,2020-04-21,0,21
Hoeilaart,2020-04-22,0,21
Hoeilaart,2020-04-23,0,21
Hoeilaart,2020-04-24,3,24
Hoeilaart,2020-04-25,1,25
Hoeilaart,2020-04-26,0,25
Hoeilaart,2020-04-27,0,25
Hoeilaart,2020-04-28,0,25
Hoeilaart,2020-04-29,0,25
Hoeilaart,2020-04-30,1,26
Hoeilaart,2020-05-01,0,26
Hoeilaart,2020-05-02,1,27
Hoeilaart,2020-05-03,0,27
Hoeilaart,2020-05-04,0,27
Hoeilaart,2020-05-05,0,27
Hoeilaart,2020-05-06,0,27
Hoeilaart,2020-05-07,0,27
Hoeilaart,2020-05-08,1,28
Hoeilaart,2020-05-09,0,28
Hoeilaart,2020-05-10,0,28
Hoeilaart,2020-05-11,0,28
Hoeilaart,2020-05-12,0,28
Hoeilaart,2020-05-13,0,28
Hoeilaart,2020-05-14,0,28
Hoeilaart,2020-05-15,0,28
Hoeilaart,2020-05-16,0,28
Hoeilaart,2020-05-17,0,28
Hoeilaart,2020-05-18,0,28
Hoeilaart,2020-05-19,0,28
Hoeilaart,2020-05-20,0,28
Hoeilaart,2020-05-21,0,28
Hoeilaart,2020-05-22,0,28
Hoeilaart,2020-05-23,0,28
Hoeilaart,2020-05-24,0,28
Hoeilaart,2020-05-25,0,28
Hoeilaart,2020-05-26,0,28
Hoeilaart,2020-05-27,0,28
Hoeilaart,2020-05-28,0,28
Hoeilaart,2020-05-29,0,28
Hoeilaart,2020-05-30,0,28
Hoeilaart,2020-05-31,0,28
Hoeilaart,2020-06-01,0,28
Hoeilaart,2020-06-02,0,28
Hoeilaart,2020-06-03,0,28
Hoeilaart,2020-06-04,0,28
Hoeilaart,2020-06-05,0,28
Hoeilaart,2020-06-06,0,28
Hoeilaart,2020-06-07,0,28
Hoeilaart,2020-06-08,0,28
Hoeilaart,2020-06-09,0,28
Hoeilaart,2020-06-10,0,28
Hoeilaart,2020-06-11,0,28
Hoeilaart,2020-06-12,1,29
Hoeilaart,2020-06-13,0,29
Hoeilaart,2020-06-14,0,29
Hoeilaart,2020-06-15,0,29
Hoeilaart,2020-06-16,0,29
Hoeilaart,2020-06-17,0,29
Hoeilaart,2020-06-18,0,29
Hoeilaart,2020-06-19,0,29
Hoeilaart,2020-06-20,0,29
Hoeilaart,2020-06-23,0,29
Hoeilaart,2020-06-24,0,29
Hoeilaart,2020-06-25,0,29
Hoeilaart,2020-06-26,0,29
Hoeilaart,2020-06-27,0,29
Hoeilaart,2020-06-30,1,30
Hoeilaart,2020-07-01,0,30
Hoeilaart,2020-07-02,0,30
Hoeilaart,2020-07-03,0,30
Hoeilaart,2020-07-04,0,30
Hoeilaart,2020-07-07,0,30
Hoeilaart,2020-07-08,0,30
Hoeilaart,2020-07-09,0,30
Hoeilaart,2020-07-10,0,30
Hoeilaart,2020-07-11,0,30
Hoeilaart,2020-07-14,0,30
Hoeilaart,2020-07-15,0,30
Hoeilaart,2020-07-16,0,30
Hoeilaart,2020-07-17,0,30
Hoeilaart,2020-07-18,0,30
Hoeilaart,2020-07-20,0,30
Hoeilaart,2020-07-21,0,30
Hoeilaart,2020-07-22,0,30
Hoeilaart,2020-07-23,0,30
Hoeilaart,2020-07-24,0,30
Hoeilaart,2020-07-25,1,31
Hoeilaart,2020-07-26,0,31
Hoeilaart,2020-07-27,0,31
Hoeilaart,2020-07-28,1,32
Hoeilaart,2020-07-29,0,32
Hoeilaart,2020-07-30,0,32
Hoeilaart,2020-07-31,0,32
Kampenhout,2020-04-01,2,20
Kampenhout,2020-04-02,1,21
Kampenhout,2020-04-03,2,23
Kampenhout,2020-04-04,1,24
Kampenhout,2020-04-05,2,26
Kampenhout,2020-04-06,2,28
Kampenhout,2020-04-07,0,28
Kampenhout,2020-04-08,1,29
Kampenhout,2020-04-09,1,30
Kampenhout,2020-04-10,1,31
Kampenhout,2020-04-11,3,34
Kampenhout,2020-04-12,2,36
Kampenhout,2020-04-13,3,39
Kampenhout,2020-04-14,0,39
Kampenhout,2020-04-15,0,39
Kampenhout,2020-04-16,0,39
Kampenhout,2020-04-17,0,39
Kampenhout,2020-04-18,2,41
Kampenhout,2020-04-19,0,41
Kampenhout,2020-04-20,4,45
Kampenhout,2020-04-21,0,45
Kampenhout,2020-04-22,1,46
Kampenhout,2020-04-23,0,46
Kampenhout,2020-04-24,1,47
Kampenhout,2020-04-25,1,48
Kampenhout,2020-04-26,0,48
Kampenhout,2020-04-27,1,49
Kampenhout,2020-04-28,0,49
Kampenhout,2020-04-29,0,49
Kampenhout,2020-04-30,1,50
Kampenhout,2020-05-01,0,50
Kampenhout,2020-05-02,0,50
Kampenhout,2020-05-03,0,50
Kampenhout,2020-05-04,0,50
Kampenhout,2020-05-05,0,50
Kampenhout,2020-05-06,0,50
Kampenhout,2020-05-07,1,51
Kampenhout,2020-05-08,0,51
Kampenhout,2020-05-09,0,51
Kampenhout,2020-05-10,0,51
Kampenhout,2020-05-11,0,51
Kampenhout,2020-05-12,0,51
Kampenhout,2020-05-13,1,52
Kampenhout,2020-05-14,0,52
Kampenhout,2020-05-15,1,53
Kampenhout,2020-05-16,0,53
Kampenhout,2020-05-17,0,53
Kampenhout,2020-05-18,0,53
Kampenhout,2020-05-19,0,53
Kampenhout,2020-05-20,0,53
Kampenhout,2020-05-21,0,53
Kampenhout,2020-05-22,0,53
Kampenhout,2020-05-23,0,53
Kampenhout,2020-05-24,0,53
Kampenhout,2020-05-25,0,53
Kampenhout,2020-05-26,0,53
Kampenhout,2020-05-27,0,53
Kampenhout,2020-05-28,0,53
Kampenhout,2020-05-29,0,53
Kampenhout,2020-05-30,0,53
Kampenhout,2020-05-31,0,53
Kampenhout,2020-06-01,0,53
Kampenhout,2020-06-02,0,53
Kampenhout,2020-06-03,0,53
Kampenhout,2020-06-04,0,53
Kampenhout,2020-06-05,0,53
Kampenhout,2020-06-06,0,53
Kampenhout,2020-06-07,0,53
Kampenhout,2020-06-08,0,53
Kampenhout,2020-06-09,0,53
Kampenhout,2020-06-10,0,53
Kampenhout,2020-06-11,0,53
Kampenhout,2020-06-12,0,53
Kampenhout,2020-06-13,0,53
Kampenhout,2020-06-14,0,53
Kampenhout,2020-06-15,0,53
Kampenhout,2020-06-16,0,53
Kampenhout,2020-06-17,0,53
Kampenhout,2020-06-18,0,53
Kampenhout,2020-06-19,0,53
Kampenhout,2020-06-20,0,53
Kampenhout,2020-06-23,0,53
Kampenhout,2020-06-24,0,53
Kampenhout,2020-06-25,0,53
Kampenhout,2020-06-26,0,53
Kampenhout,2020-06-27,0,53
Kampenhout,2020-06-30,0,53
Kampenhout,2020-07-01,0,53
Kampenhout,2020-07-02,0,53
Kampenhout,2020-07-03,0,53
Kampenhout,2020-07-04,0,53
Kampenhout,2020-07-07,0,53
Kampenhout,2020-07-08,0,53
Kampenhout,2020-07-09,0,53
Kampenhout,2020-07-10,0,53
Kampenhout,2020-07-11,0,53
Kampenhout,2020-07-14,0,53
Kampenhout,2020-07-15,0,53
Kampenhout,2020-07-16,0,53
Kampenhout,2020-07-17,0,53
Kampenhout,2020-07-18,0,53
Kampenhout,2020-07-20,0,53
Kampenhout,2020-07-21,0,53
Kampenhout,2020-07-22,0,53
Kampenhout,2020-07-23,0,53
Kampenhout,2020-07-24,0,53
Kampenhout,2020-07-25,1,54
Kampenhout,2020-07-26,0,54
Kampenhout,2020-07-27,0,54
Kampenhout,2020-07-28,1,55
Kampenhout,2020-07-29,0,55
Kampenhout,2020-07-30,0,55
Kampenhout,2020-07-31,0,55
Kapelle-op-den-Bos,2020-04-01,1,24
Kapelle-op-den-Bos,2020-04-02,1,25
Kapelle-op-den-Bos,2020-04-03,4,29
Kapelle-op-den-Bos,2020-04-04,2,31
Kapelle-op-den-Bos,2020-04-05,2,33
Kapelle-op-den-Bos,2020-04-06,1,34
Kapelle-op-den-Bos,2020-04-07,0,34
Kapelle-op-den-Bos,2020-04-08,1,35
Kapelle-op-den-Bos,2020-04-09,6,41
Kapelle-op-den-Bos,2020-04-10,0,41
Kapelle-op-den-Bos,2020-04-11,11,52
Kapelle-op-den-Bos,2020-04-12,16,68
Kapelle-op-den-Bos,2020-04-13,1,69
Kapelle-op-den-Bos,2020-04-14,2,71
Kapelle-op-den-Bos,2020-04-15,1,72
Kapelle-op-den-Bos,2020-04-16,6,78
Kapelle-op-den-Bos,2020-04-17,1,79
Kapelle-op-den-Bos,2020-04-18,24,103
Kapelle-op-den-Bos,2020-04-19,1,104
Kapelle-op-den-Bos,2020-04-20,0,104
Kapelle-op-den-Bos,2020-04-21,2,106
Kapelle-op-den-Bos,2020-04-22,1,107
Kapelle-op-den-Bos,2020-04-23,1,108
Kapelle-op-den-Bos,2020-04-24,1,109
Kapelle-op-den-Bos,2020-04-25,1,110
Kapelle-op-den-Bos,2020-04-26,2,112
Kapelle-op-den-Bos,2020-04-27,4,116
Kapelle-op-den-Bos,2020-04-28,0,116
Kapelle-op-den-Bos,2020-04-29,0,116
Kapelle-op-den-Bos,2020-04-30,2,118
Kapelle-op-den-Bos,2020-05-01,10,128
Kapelle-op-den-Bos,2020-05-02,1,129
Kapelle-op-den-Bos,2020-05-03,0,129
Kapelle-op-den-Bos,2020-05-04,0,129
Kapelle-op-den-Bos,2020-05-05,0,129
Kapelle-op-den-Bos,2020-05-06,0,129
Kapelle-op-den-Bos,2020-05-07,0,129
Kapelle-op-den-Bos,2020-05-08,0,129
Kapelle-op-den-Bos,2020-05-09,1,130
Kapelle-op-den-Bos,2020-05-10,0,130
Kapelle-op-den-Bos,2020-05-11,3,133
Kapelle-op-den-Bos,2020-05-12,0,133
Kapelle-op-den-Bos,2020-05-13,0,133
Kapelle-op-den-Bos,2020-05-14,0,133
Kapelle-op-den-Bos,2020-05-15,6,139
Kapelle-op-den-Bos,2020-05-16,0,139
Kapelle-op-den-Bos,2020-05-17,0,139
Kapelle-op-den-Bos,2020-05-18,0,139
Kapelle-op-den-Bos,2020-05-19,0,139
Kapelle-op-den-Bos,2020-05-20,0,139
Kapelle-op-den-Bos,2020-05-21,0,139
Kapelle-op-den-Bos,2020-05-22,0,139
Kapelle-op-den-Bos,2020-05-23,0,139
Kapelle-op-den-Bos,2020-05-24,0,139
Kapelle-op-den-Bos,2020-05-25,0,139
Kapelle-op-den-Bos,2020-05-26,0,139
Kapelle-op-den-Bos,2020-05-27,0,139
Kapelle-op-den-Bos,2020-05-28,0,139
Kapelle-op-den-Bos,2020-05-29,0,139
Kapelle-op-den-Bos,2020-05-30,0,139
Kapelle-op-den-Bos,2020-05-31,0,139
Kapelle-op-den-Bos,2020-06-01,0,139
Kapelle-op-den-Bos,2020-06-02,0,139
Kapelle-op-den-Bos,2020-06-03,0,139
Kapelle-op-den-Bos,2020-06-04,0,139
Kapelle-op-den-Bos,2020-06-05,0,139
Kapelle-op-den-Bos,2020-06-06,0,139
Kapelle-op-den-Bos,2020-06-07,0,139
Kapelle-op-den-Bos,2020-06-08,0,139
Kapelle-op-den-Bos,2020-06-09,0,139
Kapelle-op-den-Bos,2020-06-10,0,139
Kapelle-op-den-Bos,2020-06-11,0,139
Kapelle-op-den-Bos,2020-06-12,0,139
Kapelle-op-den-Bos,2020-06-13,0,139
Kapelle-op-den-Bos,2020-06-14,0,139
Kapelle-op-den-Bos,2020-06-15,0,139
Kapelle-op-den-Bos,2020-06-16,0,139
Kapelle-op-den-Bos,2020-06-17,0,139
Kapelle-op-den-Bos,2020-06-18,0,139
Kapelle-op-den-Bos,2020-06-19,0,139
Kapelle-op-den-Bos,2020-06-20,0,139
Kapelle-op-den-Bos,2020-06-23,0,139
Kapelle-op-den-Bos,2020-06-24,0,139
Kapelle-op-den-Bos,2020-06-25,0,139
Kapelle-op-den-Bos,2020-06-26,0,139
Kapelle-op-den-Bos,2020-06-27,0,139
Kapelle-op-den-Bos,2020-06-30,0,139
Kapelle-op-den-Bos,2020-07-01,0,139
Kapelle-op-den-Bos,2020-07-02,0,139
Kapelle-op-den-Bos,2020-07-03,0,139
Kapelle-op-den-Bos,2020-07-04,0,139
Kapelle-op-den-Bos,2020-07-07,0,139
Kapelle-op-den-Bos,2020-07-08,0,139
Kapelle-op-den-Bos,2020-07-09,0,139
Kapelle-op-den-Bos,2020-07-10,0,139
Kapelle-op-den-Bos,2020-07-11,0,139
Kapelle-op-den-Bos,2020-07-14,0,139
Kapelle-op-den-Bos,2020-07-15,0,139
Kapelle-op-den-Bos,2020-07-16,0,139
Kapelle-op-den-Bos,2020-07-17,0,139
Kapelle-op-den-Bos,2020-07-18,0,139
Kapelle-op-den-Bos,2020-07-20,0,139
Kapelle-op-den-Bos,2020-07-21,0,139
Kapelle-op-den-Bos,2020-07-22,0,139
Kapelle-op-den-Bos,2020-07-23,0,139
Kapelle-op-den-Bos,2020-07-24,0,139
Kapelle-op-den-Bos,2020-07-25,0,139
Kapelle-op-den-Bos,2020-07-26,0,139
Kapelle-op-den-Bos,2020-07-27,0,139
Kapelle-op-den-Bos,2020-07-28,0,139
Kapelle-op-den-Bos,2020-07-29,0,139
Kapelle-op-den-Bos,2020-07-30,0,139
Kapelle-op-den-Bos,2020-07-31,0,139
Liedekerke,2020-04-01,0,16
Liedekerke,2020-04-02,0,16
Liedekerke,2020-04-03,2,18
Liedekerke,2020-04-04,1,19
Liedekerke,2020-04-05,1,20
Liedekerke,2020-04-06,0,20
Liedekerke,2020-04-07,2,22
Liedekerke,2020-04-08,1,23
Liedekerke,2020-04-09,0,23
Liedekerke,2020-04-10,2,25
Liedekerke,2020-04-11,3,28
Liedekerke,2020-04-12,1,29
Liedekerke,2020-04-13,2,31
Liedekerke,2020-04-14,0,31
Liedekerke,2020-04-15,0,31
Liedekerke,2020-04-16,0,31
Liedekerke,2020-04-17,1,32
Liedekerke,2020-04-18,1,33
Liedekerke,2020-04-19,0,33
Liedekerke,2020-04-20,0,33
Liedekerke,2020-04-21,1,34
Liedekerke,2020-04-22,0,34
Liedekerke,2020-04-23,0,34
Liedekerke,2020-04-24,1,35
Liedekerke,2020-04-25,0,35
Liedekerke,2020-04-26,1,36
Liedekerke,2020-04-27,0,36
Liedekerke,2020-04-28,1,37
Liedekerke,2020-04-29,0,37
Liedekerke,2020-04-30,1,38
Liedekerke,2020-05-01,1,39
Liedekerke,2020-05-02,0,39
Liedekerke,2020-05-03,1,40
Liedekerke,2020-05-04,0,40
Liedekerke,2020-05-05,1,41
Liedekerke,2020-05-06,0,41
Liedekerke,2020-05-07,0,41
Liedekerke,2020-05-08,1,42
Liedekerke,2020-05-09,0,42
Liedekerke,2020-05-10,0,42
Liedekerke,2020-05-11,0,42
Liedekerke,2020-05-12,0,42
Liedekerke,2020-05-13,0,42
Liedekerke,2020-05-14,0,42
Liedekerke,2020-05-15,0,42
Liedekerke,2020-05-16,0,42
Liedekerke,2020-05-17,0,42
Liedekerke,2020-05-18,0,42
Liedekerke,2020-05-19,0,42
Liedekerke,2020-05-20,0,42
Liedekerke,2020-05-21,0,42
Liedekerke,2020-05-22,2,44
Liedekerke,2020-05-23,1,45
Liedekerke,2020-05-24,0,45
Liedekerke,2020-05-25,0,45
Liedekerke,2020-05-26,0,45
Liedekerke,2020-05-27,0,45
Liedekerke,2020-05-28,0,45
Liedekerke,2020-05-29,1,46
Liedekerke,2020-05-30,0,46
Liedekerke,2020-05-31,0,46
Liedekerke,2020-06-01,0,46
Liedekerke,2020-06-02,0,46
Liedekerke,2020-06-03,0,46
Liedekerke,2020-06-04,0,46
Liedekerke,2020-06-05,0,46
Liedekerke,2020-06-06,0,46
Liedekerke,2020-06-07,0,46
Liedekerke,2020-06-08,0,46
Liedekerke,2020-06-09,0,46
Liedekerke,2020-06-10,0,46
Liedekerke,2020-06-11,0,46
Liedekerke,2020-06-12,0,46
Liedekerke,2020-06-13,0,46
Liedekerke,2020-06-14,0,46
Liedekerke,2020-06-15,0,46
Liedekerke,2020-06-16,0,46
Liedekerke,2020-06-17,0,46
Liedekerke,2020-06-18,0,46
Liedekerke,2020-06-19,0,46
Liedekerke,2020-06-20,0,46
Liedekerke,2020-06-23,0,46
Liedekerke,2020-06-24,0,46
Liedekerke,2020-06-25,0,46
Liedekerke,2020-06-26,0,46
Liedekerke,2020-06-27,0,46
Liedekerke,2020-06-30,0,46
Liedekerke,2020-07-01,0,46
Liedekerke,2020-07-02,0,46
Liedekerke,2020-07-03,0,46
Liedekerke,2020-07-04,0,46
Liedekerke,2020-07-07,0,46
Liedekerke,2020-07-08,0,46
Liedekerke,2020-07-09,0,46
Liedekerke,2020-07-10,1,47
Liedekerke,2020-07-11,0,47
Liedekerke,2020-07-14,0,47
Liedekerke,2020-07-15,0,47
Liedekerke,2020-07-16,0,47
Liedekerke,2020-07-17,0,47
Liedekerke,2020-07-18,0,47
Liedekerke,2020-07-20,0,47
Liedekerke,2020-07-21,0,47
Liedekerke,2020-07-22,1,48
Liedekerke,2020-07-23,0,48
Liedekerke,2020-07-24,0,48
Liedekerke,2020-07-25,1,49
Liedekerke,2020-07-26,0,49
Liedekerke,2020-07-27,0,49
Liedekerke,2020-07-28,0,49
Liedekerke,2020-07-29,0,49
Liedekerke,2020-07-30,1,50
Liedekerke,2020-07-31,0,50
Londerzeel,2020-04-01,1,13
Londerzeel,2020-04-02,0,13
Londerzeel,2020-04-03,0,13
Londerzeel,2020-04-04,6,19
Londerzeel,2020-04-05,3,22
Londerzeel,2020-04-06,1,23
Londerzeel,2020-04-07,0,23
Londerzeel,2020-04-08,1,24
Londerzeel,2020-04-09,4,28
Londerzeel,2020-04-10,3,31
Londerzeel,2020-04-11,3,34
Londerzeel,2020-04-12,6,40
Londerzeel,2020-04-13,3,43
Londerzeel,2020-04-14,2,45
Londerzeel,2020-04-15,1,46
Londerzeel,2020-04-16,2,48
Londerzeel,2020-04-17,2,50
Londerzeel,2020-04-18,1,51
Londerzeel,2020-04-19,5,56
Londerzeel,2020-04-20,3,59
Londerzeel,2020-04-21,2,61
Londerzeel,2020-04-22,0,61
Londerzeel,2020-04-23,0,61
Londerzeel,2020-04-24,1,62
Londerzeel,2020-04-25,3,65
Londerzeel,2020-04-26,3,68
Londerzeel,2020-04-27,1,69
Londerzeel,2020-04-28,1,70
Londerzeel,2020-04-29,0,70
Londerzeel,2020-04-30,0,70
Londerzeel,2020-05-01,3,73
Londerzeel,2020-05-02,0,73
Londerzeel,2020-05-03,0,73
Londerzeel,2020-05-04,1,74
Londerzeel,2020-05-05,1,75
Londerzeel,2020-05-06,1,76
Londerzeel,2020-05-07,2,78
Londerzeel,2020-05-08,1,79
Londerzeel,2020-05-09,0,79
Londerzeel,2020-05-10,2,81
Londerzeel,2020-05-11,0,81
Londerzeel,2020-05-12,0,81
Londerzeel,2020-05-13,0,81
Londerzeel,2020-05-14,1,82
Londerzeel,2020-05-15,1,83
Londerzeel,2020-05-16,1,84
Londerzeel,2020-05-17,1,85
Londerzeel,2020-05-18,0,85
Londerzeel,2020-05-19,0,85
Londerzeel,2020-05-20,0,85
Londerzeel,2020-05-21,1,86
Londerzeel,2020-05-22,0,86
Londerzeel,2020-05-23,0,86
Londerzeel,2020-05-24,0,86
Londerzeel,2020-05-25,0,86
Londerzeel,2020-05-26,0,86
Londerzeel,2020-05-27,0,86
Londerzeel,2020-05-28,1,87
Londerzeel,2020-05-29,0,87
Londerzeel,2020-05-30,0,87
Londerzeel,2020-05-31,0,87
Londerzeel,2020-06-01,0,87
Londerzeel,2020-06-02,0,87
Londerzeel,2020-06-03,0,87
Londerzeel,2020-06-04,1,88
Londerzeel,2020-06-05,0,88
Londerzeel,2020-06-06,0,88
Londerzeel,2020-06-07,0,88
Londerzeel,2020-06-08,0,88
Londerzeel,2020-06-09,1,89
Londerzeel,2020-06-10,0,89
Londerzeel,2020-06-11,0,89
Londerzeel,2020-06-12,0,89
Londerzeel,2020-06-13,1,90
Londerzeel,2020-06-14,1,91
Londerzeel,2020-06-15,0,91
Londerzeel,2020-06-16,1,92
Londerzeel,2020-06-17,1,93
Londerzeel,2020-06-18,0,93
Londerzeel,2020-06-19,0,93
Londerzeel,2020-06-20,1,94
Londerzeel,2020-06-23,0,94
Londerzeel,2020-06-24,0,94
Londerzeel,2020-06-25,0,94
Londerzeel,2020-06-26,0,94
Londerzeel,2020-06-27,0,94
Londerzeel,2020-06-30,0,94
Londerzeel,2020-07-01,0,94
Londerzeel,2020-07-02,0,94
Londerzeel,2020-07-03,0,94
Londerzeel,2020-07-04,0,94
Londerzeel,2020-07-07,1,95
Londerzeel,2020-07-08,0,95
Londerzeel,2020-07-09,0,95
Londerzeel,2020-07-10,1,96
Londerzeel,2020-07-11,0,96
Londerzeel,2020-07-14,1,97
Londerzeel,2020-07-15,0,97
Londerzeel,2020-07-16,0,97
Londerzeel,2020-07-17,0,97
Londerzeel,2020-07-18,0,97
Londerzeel,2020-07-20,0,97
Londerzeel,2020-07-21,0,97
Londerzeel,2020-07-22,0,97
Londerzeel,2020-07-23,0,97
Londerzeel,2020-07-24,0,97
Londerzeel,2020-07-25,0,97
Londerzeel,2020-07-26,0,97
Londerzeel,2020-07-27,0,97
Londerzeel,2020-07-28,0,97
Londerzeel,2020-07-29,0,97
Londerzeel,2020-07-30,1,98
Londerzeel,2020-07-31,0,98
Machelen (Halle-Vilvoorde),2020-04-01,1,13
Machelen (Halle-Vilvoorde),2020-04-02,1,14
Machelen (Halle-Vilvoorde),2020-04-03,3,17
Machelen (Halle-Vilvoorde),2020-04-04,1,18
Machelen (Halle-Vilvoorde),2020-04-05,1,19
Machelen (Halle-Vilvoorde),2020-04-06,1,20
Machelen (Halle-Vilvoorde),2020-04-07,1,21
Machelen (Halle-Vilvoorde),2020-04-08,0,21
Machelen (Halle-Vilvoorde),2020-04-09,2,23
Machelen (Halle-Vilvoorde),2020-04-10,3,26
Machelen (Halle-Vilvoorde),2020-04-11,1,27
Machelen (Halle-Vilvoorde),2020-04-12,3,30
Machelen (Halle-Vilvoorde),2020-04-13,0,30
Machelen (Halle-Vilvoorde),2020-04-14,0,30
Machelen (Halle-Vilvoorde),2020-04-15,3,33
Machelen (Halle-Vilvoorde),2020-04-16,0,33
Machelen (Halle-Vilvoorde),2020-04-17,0,33
Machelen (Halle-Vilvoorde),2020-04-18,1,34
Machelen (Halle-Vilvoorde),2020-04-19,1,35
Machelen (Halle-Vilvoorde),2020-04-20,2,37
Machelen (Halle-Vilvoorde),2020-04-21,2,39
Machelen (Halle-Vilvoorde),2020-04-22,1,40
Machelen (Halle-Vilvoorde),2020-04-23,2,42
Machelen (Halle-Vilvoorde),2020-04-24,1,43
Machelen (Halle-Vilvoorde),2020-04-25,2,45
Machelen (Halle-Vilvoorde),2020-04-26,1,46
Machelen (Halle-Vilvoorde),2020-04-27,0,46
Machelen (Halle-Vilvoorde),2020-04-28,0,46
Machelen (Halle-Vilvoorde),2020-04-29,1,47
Machelen (Halle-Vilvoorde),2020-04-30,2,49
Machelen (Halle-Vilvoorde),2020-05-01,1,50
Machelen (Halle-Vilvoorde),2020-05-02,0,50
Machelen (Halle-Vilvoorde),2020-05-03,3,53
Machelen (Halle-Vilvoorde),2020-05-04,0,53
Machelen (Halle-Vilvoorde),2020-05-05,0,53
Machelen (Halle-Vilvoorde),2020-05-06,0,53
Machelen (Halle-Vilvoorde),2020-05-07,1,54
Machelen (Halle-Vilvoorde),2020-05-08,0,54
Machelen (Halle-Vilvoorde),2020-05-09,0,54
Machelen (Halle-Vilvoorde),2020-05-10,2,56
Machelen (Halle-Vilvoorde),2020-05-11,0,56
Machelen (Halle-Vilvoorde),2020-05-12,5,61
Machelen (Halle-Vilvoorde),2020-05-13,0,61
Machelen (Halle-Vilvoorde),2020-05-14,0,61
Machelen (Halle-Vilvoorde),2020-05-15,0,61
Machelen (Halle-Vilvoorde),2020-05-16,1,62
Machelen (Halle-Vilvoorde),2020-05-17,0,62
Machelen (Halle-Vilvoorde),2020-05-18,0,62
Machelen (Halle-Vilvoorde),2020-05-19,0,62
Machelen (Halle-Vilvoorde),2020-05-20,0,62
Machelen (Halle-Vilvoorde),2020-05-21,0,62
Machelen (Halle-Vilvoorde),2020-05-22,0,62
Machelen (Halle-Vilvoorde),2020-05-23,0,62
Machelen (Halle-Vilvoorde),2020-05-24,0,62
Machelen (Halle-Vilvoorde),2020-05-25,0,62
Machelen (Halle-Vilvoorde),2020-05-26,0,62
Machelen (Halle-Vilvoorde),2020-05-27,0,62
Machelen (Halle-Vilvoorde),2020-05-28,0,62
Machelen (Halle-Vilvoorde),2020-05-29,0,62
Machelen (Halle-Vilvoorde),2020-05-30,0,62
Machelen (Halle-Vilvoorde),2020-05-31,0,62
Machelen (Halle-Vilvoorde),2020-06-01,0,62
Machelen (Halle-Vilvoorde),2020-06-02,1,63
Machelen (Halle-Vilvoorde),2020-06-03,0,63
Machelen (Halle-Vilvoorde),2020-06-04,0,63
Machelen (Halle-Vilvoorde),2020-06-05,0,63
Machelen (Halle-Vilvoorde),2020-06-06,0,63
Machelen (Halle-Vilvoorde),2020-06-07,0,63
Machelen (Halle-Vilvoorde),2020-06-08,1,64
Machelen (Halle-Vilvoorde),2020-06-09,0,64
Machelen (Halle-Vilvoorde),2020-06-10,0,64
Machelen (Halle-Vilvoorde),2020-06-11,0,64
Machelen (Halle-Vilvoorde),2020-06-12,0,64
Machelen (Halle-Vilvoorde),2020-06-13,0,64
Machelen (Halle-Vilvoorde),2020-06-14,0,64
Machelen (Halle-Vilvoorde),2020-06-15,0,64
Machelen (Halle-Vilvoorde),2020-06-16,0,64
Machelen (Halle-Vilvoorde),2020-06-17,0,64
Machelen (Halle-Vilvoorde),2020-06-18,1,65
Machelen (Halle-Vilvoorde),2020-06-19,0,65
Machelen (Halle-Vilvoorde),2020-06-20,0,65
Machelen (Halle-Vilvoorde),2020-06-23,0,65
Machelen (Halle-Vilvoorde),2020-06-24,0,65
Machelen (Halle-Vilvoorde),2020-06-25,0,65
Machelen (Halle-Vilvoorde),2020-06-26,0,65
Machelen (Halle-Vilvoorde),2020-06-27,0,65
Machelen (Halle-Vilvoorde),2020-06-30,2,67
Machelen (Halle-Vilvoorde),2020-07-01,0,67
Machelen (Halle-Vilvoorde),2020-07-02,0,67
Machelen (Halle-Vilvoorde),2020-07-03,0,67
Machelen (Halle-Vilvoorde),2020-07-04,2,69
Machelen (Halle-Vilvoorde),2020-07-07,1,70
Machelen (Halle-Vilvoorde),2020-07-08,0,70
Machelen (Halle-Vilvoorde),2020-07-09,0,70
Machelen (Halle-Vilvoorde),2020-07-10,3,73
Machelen (Halle-Vilvoorde),2020-07-11,0,73
Machelen (Halle-Vilvoorde),2020-07-14,1,74
Machelen (Halle-Vilvoorde),2020-07-15,0,74
Machelen (Halle-Vilvoorde),2020-07-16,0,74
Machelen (Halle-Vilvoorde),2020-07-17,1,75
Machelen (Halle-Vilvoorde),2020-07-18,0,75
Machelen (Halle-Vilvoorde),2020-07-20,1,76
Machelen (Halle-Vilvoorde),2020-07-21,0,76
Machelen (Halle-Vilvoorde),2020-07-22,0,76
Machelen (Halle-Vilvoorde),2020-07-23,0,76
Machelen (Halle-Vilvoorde),2020-07-24,0,76
Machelen (Halle-Vilvoorde),2020-07-25,0,76
Machelen (Halle-Vilvoorde),2020-07-26,0,76
Machelen (Halle-Vilvoorde),2020-07-27,0,76
Machelen (Halle-Vilvoorde),2020-07-28,1,77
Machelen (Halle-Vilvoorde),2020-07-29,0,77
Machelen (Halle-Vilvoorde),2020-07-30,1,78
Machelen (Halle-Vilvoorde),2020-07-31,2,80
Meise,2020-04-01,0,13
Meise,2020-04-02,1,14
Meise,2020-04-03,5,19
Meise,2020-04-04,0,19
Meise,2020-04-05,3,22
Meise,2020-04-06,2,24
Meise,2020-04-07,1,25
Meise,2020-04-08,7,32
Meise,2020-04-09,2,34
Meise,2020-04-10,1,35
Meise,2020-04-11,1,36
Meise,2020-04-12,3,39
Meise,2020-04-13,4,43
Meise,2020-04-14,0,43
Meise,2020-04-15,1,44
Meise,2020-04-16,0,44
Meise,2020-04-17,2,46
Meise,2020-04-18,1,47
Meise,2020-04-19,0,47
Meise,2020-04-20,0,47
Meise,2020-04-21,0,47
Meise,2020-04-22,0,47
Meise,2020-04-23,1,48
Meise,2020-04-24,1,49
Meise,2020-04-25,1,50
Meise,2020-04-26,2,52
Meise,2020-04-27,2,54
Meise,2020-04-28,0,54
Meise,2020-04-29,3,57
Meise,2020-04-30,1,58
Meise,2020-05-01,1,59
Meise,2020-05-02,1,60
Meise,2020-05-03,0,60
Meise,2020-05-04,0,60
Meise,2020-05-05,0,60
Meise,2020-05-06,0,60
Meise,2020-05-07,2,62
Meise,2020-05-08,0,62
Meise,2020-05-09,0,62
Meise,2020-05-10,0,62
Meise,2020-05-11,1,63
Meise,2020-05-12,0,63
Meise,2020-05-13,0,63
Meise,2020-05-14,0,63
Meise,2020-05-15,0,63
Meise,2020-05-16,0,63
Meise,2020-05-17,0,63
Meise,2020-05-18,0,63
Meise,2020-05-19,0,63
Meise,2020-05-20,0,63
Meise,2020-05-21,0,63
Meise,2020-05-22,1,64
Meise,2020-05-23,0,64
Meise,2020-05-24,0,64
Meise,2020-05-25,0,64
Meise,2020-05-26,0,64
Meise,2020-05-27,0,64
Meise,2020-05-28,0,64
Meise,2020-05-29,0,64
Meise,2020-05-30,0,64
Meise,2020-05-31,0,64
Meise,2020-06-01,0,64
Meise,2020-06-02,0,64
Meise,2020-06-03,0,64
Meise,2020-06-04,0,64
Meise,2020-06-05,0,64
Meise,2020-06-06,0,64
Meise,2020-06-07,0,64
Meise,2020-06-08,0,64
Meise,2020-06-09,0,64
Meise,2020-06-10,0,64
Meise,2020-06-11,0,64
Meise,2020-06-12,0,64
Meise,2020-06-13,1,65
Meise,2020-06-14,0,65
Meise,2020-06-15,1,66
Meise,2020-06-16,0,66
Meise,2020-06-17,0,66
Meise,2020-06-18,0,66
Meise,2020-06-19,0,66
Meise,2020-06-20,0,66
Meise,2020-06-23,0,66
Meise,2020-06-24,0,66
Meise,2020-06-25,0,66
Meise,2020-06-26,0,66
Meise,2020-06-27,1,67
Meise,2020-06-30,0,67
Meise,2020-07-01,1,68
Meise,2020-07-02,0,68
Meise,2020-07-03,0,68
Meise,2020-07-04,0,68
Meise,2020-07-07,0,68
Meise,2020-07-08,1,69
Meise,2020-07-09,0,69
Meise,2020-07-10,1,70
Meise,2020-07-11,0,70
Meise,2020-07-14,0,70
Meise,2020-07-15,1,71
Meise,2020-07-16,0,71
Meise,2020-07-17,0,71
Meise,2020-07-18,1,72
Meise,2020-07-20,0,72
Meise,2020-07-21,0,72
Meise,2020-07-22,0,72
Meise,2020-07-23,2,74
Meise,2020-07-24,3,77
Meise,2020-07-25,0,77
Meise,2020-07-26,0,77
Meise,2020-07-27,0,77
Meise,2020-07-28,0,77
Meise,2020-07-29,0,77
Meise,2020-07-30,0,77
Meise,2020-07-31,0,77
Merchtem,2020-04-01,1,18
Merchtem,2020-04-02,3,21
Merchtem,2020-04-03,5,26
Merchtem,2020-04-04,2,28
Merchtem,2020-04-05,1,29
Merchtem,2020-04-06,2,31
Merchtem,2020-04-07,2,33
Merchtem,2020-04-08,1,34
Merchtem,2020-04-09,0,34
Merchtem,2020-04-10,0,34
Merchtem,2020-04-11,0,34
Merchtem,2020-04-12,1,35
Merchtem,2020-04-13,2,37
Merchtem,2020-04-14,0,37
Merchtem,2020-04-15,4,41
Merchtem,2020-04-16,1,42
Merchtem,2020-04-17,0,42
Merchtem,2020-04-18,0,42
Merchtem,2020-04-19,0,42
Merchtem,2020-04-20,2,44
Merchtem,2020-04-21,0,44
Merchtem,2020-04-22,1,45
Merchtem,2020-04-23,1,46
Merchtem,2020-04-24,0,46
Merchtem,2020-04-25,0,46
Merchtem,2020-04-26,0,46
Merchtem,2020-04-27,2,48
Merchtem,2020-04-28,0,48
Merchtem,2020-04-29,0,48
Merchtem,2020-04-30,1,49
Merchtem,2020-05-01,0,49
Merchtem,2020-05-02,1,50
Merchtem,2020-05-03,1,51
Merchtem,2020-05-04,0,51
Merchtem,2020-05-05,0,51
Merchtem,2020-05-06,0,51
Merchtem,2020-05-07,1,52
Merchtem,2020-05-08,0,52
Merchtem,2020-05-09,2,54
Merchtem,2020-05-10,0,54
Merchtem,2020-05-11,1,55
Merchtem,2020-05-12,1,56
Merchtem,2020-05-13,0,56
Merchtem,2020-05-14,0,56
Merchtem,2020-05-15,1,57
Merchtem,2020-05-16,0,57
Merchtem,2020-05-17,1,58
Merchtem,2020-05-18,0,58
Merchtem,2020-05-19,0,58
Merchtem,2020-05-20,1,59
Merchtem,2020-05-21,2,61
Merchtem,2020-05-22,0,61
Merchtem,2020-05-23,0,61
Merchtem,2020-05-24,0,61
Merchtem,2020-05-25,0,61
Merchtem,2020-05-26,0,61
Merchtem,2020-05-27,0,61
Merchtem,2020-05-28,0,61
Merchtem,2020-05-29,0,61
Merchtem,2020-05-30,0,61
Merchtem,2020-05-31,0,61
Merchtem,2020-06-01,0,61
Merchtem,2020-06-02,0,61
Merchtem,2020-06-03,0,61
Merchtem,2020-06-04,0,61
Merchtem,2020-06-05,0,61
Merchtem,2020-06-06,0,61
Merchtem,2020-06-07,0,61
Merchtem,2020-06-08,0,61
Merchtem,2020-06-09,0,61
Merchtem,2020-06-10,0,61
Merchtem,2020-06-11,0,61
Merchtem,2020-06-12,0,61
Merchtem,2020-06-13,0,61
Merchtem,2020-06-14,0,61
Merchtem,2020-06-15,0,61
Merchtem,2020-06-16,0,61
Merchtem,2020-06-17,0,61
Merchtem,2020-06-18,0,61
Merchtem,2020-06-19,0,61
Merchtem,2020-06-20,0,61
Merchtem,2020-06-23,1,62
Merchtem,2020-06-24,0,62
Merchtem,2020-06-25,0,62
Merchtem,2020-06-26,0,62
Merchtem,2020-06-27,0,62
Merchtem,2020-06-30,1,63
Merchtem,2020-07-01,0,63
Merchtem,2020-07-02,0,63
Merchtem,2020-07-03,0,63
Merchtem,2020-07-04,0,63
Merchtem,2020-07-07,0,63
Merchtem,2020-07-08,0,63
Merchtem,2020-07-09,0,63
Merchtem,2020-07-10,0,63
Merchtem,2020-07-11,0,63
Merchtem,2020-07-14,1,64
Merchtem,2020-07-15,0,64
Merchtem,2020-07-16,0,64
Merchtem,2020-07-17,0,64
Merchtem,2020-07-18,0,64
Merchtem,2020-07-20,0,64
Merchtem,2020-07-21,0,64
Merchtem,2020-07-22,0,64
Merchtem,2020-07-23,0,64
Merchtem,2020-07-24,0,64
Merchtem,2020-07-25,0,64
Merchtem,2020-07-26,1,65
Merchtem,2020-07-27,0,65
Merchtem,2020-07-28,0,65
Merchtem,2020-07-29,0,65
Merchtem,2020-07-30,0,65
Merchtem,2020-07-31,0,65
Opwijk,2020-04-01,1,12
Opwijk,2020-04-02,1,13
Opwijk,2020-04-03,2,15
Opwijk,2020-04-04,2,17
Opwijk,2020-04-05,0,17
Opwijk,2020-04-06,0,17
Opwijk,2020-04-07,0,17
Opwijk,2020-04-08,0,17
Opwijk,2020-04-09,0,17
Opwijk,2020-04-10,4,21
Opwijk,2020-04-11,1,22
Opwijk,2020-04-12,1,23
Opwijk,2020-04-13,0,23
Opwijk,2020-04-14,0,23
Opwijk,2020-04-15,3,26
Opwijk,2020-04-16,1,27
Opwijk,2020-04-17,1,28
Opwijk,2020-04-18,0,28
Opwijk,2020-04-19,2,30
Opwijk,2020-04-20,1,31
Opwijk,2020-04-21,0,31
Opwijk,2020-04-22,1,32
Opwijk,2020-04-23,2,34
Opwijk,2020-04-24,1,35
Opwijk,2020-04-25,1,36
Opwijk,2020-04-26,0,36
Opwijk,2020-04-27,0,36
Opwijk,2020-04-28,0,36
Opwijk,2020-04-29,0,36
Opwijk,2020-04-30,1,37
Opwijk,2020-05-01,0,37
Opwijk,2020-05-02,1,38
Opwijk,2020-05-03,0,38
Opwijk,2020-05-04,1,39
Opwijk,2020-05-05,0,39
Opwijk,2020-05-06,0,39
Opwijk,2020-05-07,1,40
Opwijk,2020-05-08,0,40
Opwijk,2020-05-09,2,42
Opwijk,2020-05-10,1,43
Opwijk,2020-05-11,1,44
Opwijk,2020-05-12,0,44
Opwijk,2020-05-13,2,46
Opwijk,2020-05-14,0,46
Opwijk,2020-05-15,0,46
Opwijk,2020-05-16,0,46
Opwijk,2020-05-17,1,47
Opwijk,2020-05-18,0,47
Opwijk,2020-05-19,0,47
Opwijk,2020-05-20,0,47
Opwijk,2020-05-21,4,51
Opwijk,2020-05-22,0,51
Opwijk,2020-05-23,0,51
Opwijk,2020-05-24,0,51
Opwijk,2020-05-25,0,51
Opwijk,2020-05-26,0,51
Opwijk,2020-05-27,0,51
Opwijk,2020-05-28,0,51
Opwijk,2020-05-29,0,51
Opwijk,2020-05-30,0,51
Opwijk,2020-05-31,0,51
Opwijk,2020-06-01,0,51
Opwijk,2020-06-02,0,51
Opwijk,2020-06-03,0,51
Opwijk,2020-06-04,0,51
Opwijk,2020-06-05,0,51
Opwijk,2020-06-06,0,51
Opwijk,2020-06-07,0,51
Opwijk,2020-06-08,2,53
Opwijk,2020-06-09,0,53
Opwijk,2020-06-10,0,53
Opwijk,2020-06-11,1,54
Opwijk,2020-06-12,0,54
Opwijk,2020-06-13,0,54
Opwijk,2020-06-14,0,54
Opwijk,2020-06-15,0,54
Opwijk,2020-06-16,0,54
Opwijk,2020-06-17,0,54
Opwijk,2020-06-18,0,54
Opwijk,2020-06-19,0,54
Opwijk,2020-06-20,0,54
Opwijk,2020-06-23,0,54
Opwijk,2020-06-24,0,54
Opwijk,2020-06-25,0,54
Opwijk,2020-06-26,0,54
Opwijk,2020-06-27,0,54
Opwijk,2020-06-30,1,55
Opwijk,2020-07-01,0,55
Opwijk,2020-07-02,0,55
Opwijk,2020-07-03,0,55
Opwijk,2020-07-04,0,55
Opwijk,2020-07-07,0,55
Opwijk,2020-07-08,0,55
Opwijk,2020-07-09,0,55
Opwijk,2020-07-10,1,56
Opwijk,2020-07-11,0,56
Opwijk,2020-07-14,0,56
Opwijk,2020-07-15,0,56
Opwijk,2020-07-16,1,57
Opwijk,2020-07-17,3,60
Opwijk,2020-07-18,2,62
Opwijk,2020-07-20,4,66
Opwijk,2020-07-21,0,66
Opwijk,2020-07-22,0,66
Opwijk,2020-07-23,0,66
Opwijk,2020-07-24,0,66
Opwijk,2020-07-25,0,66
Opwijk,2020-07-26,2,68
Opwijk,2020-07-27,0,68
Opwijk,2020-07-28,0,68
Opwijk,2020-07-29,0,68
Opwijk,2020-07-30,0,68
Opwijk,2020-07-31,0,68
Overijse,2020-04-01,3,33
Overijse,2020-04-02,1,34
Overijse,2020-04-03,1,35
Overijse,2020-04-04,3,38
Overijse,2020-04-05,1,39
Overijse,2020-04-06,4,43
Overijse,2020-04-07,0,43
Overijse,2020-04-08,1,44
Overijse,2020-04-09,8,52
Overijse,2020-04-10,2,54
Overijse,2020-04-11,2,56
Overijse,2020-04-12,6,62
Overijse,2020-04-13,2,64
Overijse,2020-04-14,0,64
Overijse,2020-04-15,2,66
Overijse,2020-04-16,1,67
Overijse,2020-04-17,2,69
Overijse,2020-04-18,3,72
Overijse,2020-04-19,12,84
Overijse,2020-04-20,2,86
Overijse,2020-04-21,1,87
Overijse,2020-04-22,0,87
Overijse,2020-04-23,0,87
Overijse,2020-04-24,1,88
Overijse,2020-04-25,3,91
Overijse,2020-04-26,0,91
Overijse,2020-04-27,0,91
Overijse,2020-04-28,0,91
Overijse,2020-04-29,1,92
Overijse,2020-04-30,1,93
Overijse,2020-05-01,1,94
Overijse,2020-05-02,0,94
Overijse,2020-05-03,0,94
Overijse,2020-05-04,0,94
Overijse,2020-05-05,0,94
Overijse,2020-05-06,0,94
Overijse,2020-05-07,1,95
Overijse,2020-05-08,1,96
Overijse,2020-05-09,1,97
Overijse,2020-05-10,0,97
Overijse,2020-05-11,4,101
Overijse,2020-05-12,0,101
Overijse,2020-05-13,2,103
Overijse,2020-05-14,0,103
Overijse,2020-05-15,0,103
Overijse,2020-05-16,1,104
Overijse,2020-05-17,0,104
Overijse,2020-05-18,0,104
Overijse,2020-05-19,0,104
Overijse,2020-05-20,0,104
Overijse,2020-05-21,1,105
Overijse,2020-05-22,1,106
Overijse,2020-05-23,0,106
Overijse,2020-05-24,1,107
Overijse,2020-05-25,0,107
Overijse,2020-05-26,0,107
Overijse,2020-05-27,0,107
Overijse,2020-05-28,0,107
Overijse,2020-05-29,1,108
Overijse,2020-05-30,0,108
Overijse,2020-05-31,0,108
Overijse,2020-06-01,0,108
Overijse,2020-06-02,0,108
Overijse,2020-06-03,0,108
Overijse,2020-06-04,0,108
Overijse,2020-06-05,0,108
Overijse,2020-06-06,4,112
Overijse,2020-06-07,0,112
Overijse,2020-06-08,0,112
Overijse,2020-06-09,1,113
Overijse,2020-06-10,0,113
Overijse,2020-06-11,0,113
Overijse,2020-06-12,2,115
Overijse,2020-06-13,1,116
Overijse,2020-06-14,0,116
Overijse,2020-06-15,0,116
Overijse,2020-06-16,0,116
Overijse,2020-06-17,0,116
Overijse,2020-06-18,0,116
Overijse,2020-06-19,0,116
Overijse,2020-06-20,1,117
Overijse,2020-06-23,0,117
Overijse,2020-06-24,0,117
Overijse,2020-06-25,0,117
Overijse,2020-06-26,0,117
Overijse,2020-06-27,0,117
Overijse,2020-06-30,0,117
Overijse,2020-07-01,0,117
Overijse,2020-07-02,0,117
Overijse,2020-07-03,0,117
Overijse,2020-07-04,0,117
Overijse,2020-07-07,0,117
Overijse,2020-07-08,0,117
Overijse,2020-07-09,0,117
Overijse,2020-07-10,0,117
Overijse,2020-07-11,0,117
Overijse,2020-07-14,2,119
Overijse,2020-07-15,0,119
Overijse,2020-07-16,1,120
Overijse,2020-07-17,0,120
Overijse,2020-07-18,0,120
Overijse,2020-07-20,1,121
Overijse,2020-07-21,1,122
Overijse,2020-07-22,0,122
Overijse,2020-07-23,0,122
Overijse,2020-07-24,0,122
Overijse,2020-07-25,0,122
Overijse,2020-07-26,1,123
Overijse,2020-07-27,0,123
Overijse,2020-07-28,0,123
Overijse,2020-07-29,0,123
Overijse,2020-07-30,1,124
Overijse,2020-07-31,2,126
Pepingen,2020-04-01,0,6
Pepingen,2020-04-02,0,6
Pepingen,2020-04-03,0,6
Pepingen,2020-04-04,0,6
Pepingen,2020-04-05,2,8
Pepingen,2020-04-06,4,12
Pepingen,2020-04-07,0,12
Pepingen,2020-04-08,0,12
Pepingen,2020-04-09,1,13
Pepingen,2020-04-10,1,14
Pepingen,2020-04-11,0,14
Pepingen,2020-04-12,0,14
Pepingen,2020-04-13,0,14
Pepingen,2020-04-14,0,14
Pepingen,2020-04-15,1,15
Pepingen,2020-04-16,1,16
Pepingen,2020-04-17,0,16
Pepingen,2020-04-18,0,16
Pepingen,2020-04-19,1,17
Pepingen,2020-04-20,0,17
Pepingen,2020-04-21,1,18
Pepingen,2020-04-22,0,18
Pepingen,2020-04-23,0,18
Pepingen,2020-04-24,0,18
Pepingen,2020-04-25,0,18
Pepingen,2020-04-26,0,18
Pepingen,2020-04-27,1,19
Pepingen,2020-04-28,0,19
Pepingen,2020-04-29,0,19
Pepingen,2020-04-30,1,20
Pepingen,2020-05-01,1,21
Pepingen,2020-05-02,0,21
Pepingen,2020-05-03,2,23
Pepingen,2020-05-04,0,23
Pepingen,2020-05-05,0,23
Pepingen,2020-05-06,0,23
Pepingen,2020-05-07,0,23
Pepingen,2020-05-08,0,23
Pepingen,2020-05-09,0,23
Pepingen,2020-05-10,0,23
Pepingen,2020-05-11,0,23
Pepingen,2020-05-12,0,23
Pepingen,2020-05-13,0,23
Pepingen,2020-05-14,0,23
Pepingen,2020-05-15,0,23
Pepingen,2020-05-16,0,23
Pepingen,2020-05-17,0,23
Pepingen,2020-05-18,0,23
Pepingen,2020-05-19,0,23
Pepingen,2020-05-20,0,23
Pepingen,2020-05-21,0,23
Pepingen,2020-05-22,0,23
Pepingen,2020-05-23,0,23
Pepingen,2020-05-24,1,24
Pepingen,2020-05-25,0,24
Pepingen,2020-05-26,0,24
Pepingen,2020-05-27,0,24
Pepingen,2020-05-28,0,24
Pepingen,2020-05-29,0,24
Pepingen,2020-05-30,0,24
Pepingen,2020-05-31,0,24
Pepingen,2020-06-01,0,24
Pepingen,2020-06-02,0,24
Pepingen,2020-06-03,0,24
Pepingen,2020-06-04,0,24
Pepingen,2020-06-05,0,24
Pepingen,2020-06-06,0,24
Pepingen,2020-06-07,0,24
Pepingen,2020-06-08,0,24
Pepingen,2020-06-09,0,24
Pepingen,2020-06-10,0,24
Pepingen,2020-06-11,0,24
Pepingen,2020-06-12,0,24
Pepingen,2020-06-13,0,24
Pepingen,2020-06-14,0,24
Pepingen,2020-06-15,0,24
Pepingen,2020-06-16,0,24
Pepingen,2020-06-17,0,24
Pepingen,2020-06-18,0,24
Pepingen,2020-06-19,0,24
Pepingen,2020-06-20,0,24
Pepingen,2020-06-23,0,24
Pepingen,2020-06-24,0,24
Pepingen,2020-06-25,0,24
Pepingen,2020-06-26,0,24
Pepingen,2020-06-27,0,24
Pepingen,2020-06-30,0,24
Pepingen,2020-07-01,0,24
Pepingen,2020-07-02,0,24
Pepingen,2020-07-03,0,24
Pepingen,2020-07-04,0,24
Pepingen,2020-07-07,0,24
Pepingen,2020-07-08,0,24
Pepingen,2020-07-09,0,24
Pepingen,2020-07-10,0,24
Pepingen,2020-07-11,0,24
Pepingen,2020-07-14,0,24
Pepingen,2020-07-15,0,24
Pepingen,2020-07-16,0,24
Pepingen,2020-07-17,0,24
Pepingen,2020-07-18,0,24
Pepingen,2020-07-20,0,24
Pepingen,2020-07-21,0,24
Pepingen,2020-07-22,0,24
Pepingen,2020-07-23,0,24
Pepingen,2020-07-24,0,24
Pepingen,2020-07-25,0,24
Pepingen,2020-07-26,0,24
Pepingen,2020-07-27,0,24
Pepingen,2020-07-28,0,24
Pepingen,2020-07-29,0,24
Pepingen,2020-07-30,0,24
Pepingen,2020-07-31,0,24
Sint-Pieters-Leeuw,2020-04-01,2,37
Sint-Pieters-Leeuw,2020-04-02,5,42
Sint-Pieters-Leeuw,2020-04-03,3,45
Sint-Pieters-Leeuw,2020-04-04,4,49
Sint-Pieters-Leeuw,2020-04-05,2,51
Sint-Pieters-Leeuw,2020-04-06,0,51
Sint-Pieters-Leeuw,2020-04-07,1,52
Sint-Pieters-Leeuw,2020-04-08,2,54
Sint-Pieters-Leeuw,2020-04-09,1,55
Sint-Pieters-Leeuw,2020-04-10,2,57
Sint-Pieters-Leeuw,2020-04-11,5,62
Sint-Pieters-Leeuw,2020-04-12,6,68
Sint-Pieters-Leeuw,2020-04-13,1,69
Sint-Pieters-Leeuw,2020-04-14,1,70
Sint-Pieters-Leeuw,2020-04-15,0,70
Sint-Pieters-Leeuw,2020-04-16,1,71
Sint-Pieters-Leeuw,2020-04-17,1,72
Sint-Pieters-Leeuw,2020-04-18,1,73
Sint-Pieters-Leeuw,2020-04-19,5,78
Sint-Pieters-Leeuw,2020-04-20,5,83
Sint-Pieters-Leeuw,2020-04-21,0,83
Sint-Pieters-Leeuw,2020-04-22,2,85
Sint-Pieters-Leeuw,2020-04-23,0,85
Sint-Pieters-Leeuw,2020-04-24,5,90
Sint-Pieters-Leeuw,2020-04-25,1,91
Sint-Pieters-Leeuw,2020-04-26,5,96
Sint-Pieters-Leeuw,2020-04-27,2,98
Sint-Pieters-Leeuw,2020-04-28,2,100
Sint-Pieters-Leeuw,2020-04-29,3,103
Sint-Pieters-Leeuw,2020-04-30,2,105
Sint-Pieters-Leeuw,2020-05-01,0,105
Sint-Pieters-Leeuw,2020-05-02,0,105
Sint-Pieters-Leeuw,2020-05-03,0,105
Sint-Pieters-Leeuw,2020-05-04,1,106
Sint-Pieters-Leeuw,2020-05-05,0,106
Sint-Pieters-Leeuw,2020-05-06,0,106
Sint-Pieters-Leeuw,2020-05-07,2,108
Sint-Pieters-Leeuw,2020-05-08,1,109
Sint-Pieters-Leeuw,2020-05-09,1,110
Sint-Pieters-Leeuw,2020-05-10,0,110
Sint-Pieters-Leeuw,2020-05-11,1,111
Sint-Pieters-Leeuw,2020-05-12,0,111
Sint-Pieters-Leeuw,2020-05-13,0,111
Sint-Pieters-Leeuw,2020-05-14,0,111
Sint-Pieters-Leeuw,2020-05-15,3,114
Sint-Pieters-Leeuw,2020-05-16,2,116
Sint-Pieters-Leeuw,2020-05-17,2,118
Sint-Pieters-Leeuw,2020-05-18,0,118
Sint-Pieters-Leeuw,2020-05-19,0,118
Sint-Pieters-Leeuw,2020-05-20,0,118
Sint-Pieters-Leeuw,2020-05-21,0,118
Sint-Pieters-Leeuw,2020-05-22,0,118
Sint-Pieters-Leeuw,2020-05-23,0,118
Sint-Pieters-Leeuw,2020-05-24,0,118
Sint-Pieters-Leeuw,2020-05-25,0,118
Sint-Pieters-Leeuw,2020-05-26,0,118
Sint-Pieters-Leeuw,2020-05-27,1,119
Sint-Pieters-Leeuw,2020-05-28,0,119
Sint-Pieters-Leeuw,2020-05-29,0,119
Sint-Pieters-Leeuw,2020-05-30,0,119
Sint-Pieters-Leeuw,2020-05-31,1,120
Sint-Pieters-Leeuw,2020-06-01,0,120
Sint-Pieters-Leeuw,2020-06-02,0,120
Sint-Pieters-Leeuw,2020-06-03,1,121
Sint-Pieters-Leeuw,2020-06-04,0,121
Sint-Pieters-Leeuw,2020-06-05,0,121
Sint-Pieters-Leeuw,2020-06-06,0,121
Sint-Pieters-Leeuw,2020-06-07,0,121
Sint-Pieters-Leeuw,2020-06-08,0,121
Sint-Pieters-Leeuw,2020-06-09,1,122
Sint-Pieters-Leeuw,2020-06-10,0,122
Sint-Pieters-Leeuw,2020-06-11,0,122
Sint-Pieters-Leeuw,2020-06-12,0,122
Sint-Pieters-Leeuw,2020-06-13,0,122
Sint-Pieters-Leeuw,2020-06-14,0,122
Sint-Pieters-Leeuw,2020-06-15,0,122
Sint-Pieters-Leeuw,2020-06-16,0,122
Sint-Pieters-Leeuw,2020-06-17,0,122
Sint-Pieters-Leeuw,2020-06-18,0,122
Sint-Pieters-Leeuw,2020-06-19,1,123
Sint-Pieters-Leeuw,2020-06-20,1,124
Sint-Pieters-Leeuw,2020-06-23,2,126
Sint-Pieters-Leeuw,2020-06-24,0,126
Sint-Pieters-Leeuw,2020-06-25,0,126
Sint-Pieters-Leeuw,2020-06-26,0,126
Sint-Pieters-Leeuw,2020-06-27,1,127
Sint-Pieters-Leeuw,2020-06-30,2,129
Sint-Pieters-Leeuw,2020-07-01,0,129
Sint-Pieters-Leeuw,2020-07-02,0,129
Sint-Pieters-Leeuw,2020-07-03,0,129
Sint-Pieters-Leeuw,2020-07-04,0,129
Sint-Pieters-Leeuw,2020-07-07,0,129
Sint-Pieters-Leeuw,2020-07-08,0,129
Sint-Pieters-Leeuw,2020-07-09,0,129
Sint-Pieters-Leeuw,2020-07-10,0,129
Sint-Pieters-Leeuw,2020-07-11,0,129
Sint-Pieters-Leeuw,2020-07-14,1,130
Sint-Pieters-Leeuw,2020-07-15,0,130
Sint-Pieters-Leeuw,2020-07-16,0,130
Sint-Pieters-Leeuw,2020-07-17,2,132
Sint-Pieters-Leeuw,2020-07-18,2,134
Sint-Pieters-Leeuw,2020-07-20,3,137
Sint-Pieters-Leeuw,2020-07-21,0,137
Sint-Pieters-Leeuw,2020-07-22,0,137
Sint-Pieters-Leeuw,2020-07-23,1,138
Sint-Pieters-Leeuw,2020-07-24,1,139
Sint-Pieters-Leeuw,2020-07-25,1,140
Sint-Pieters-Leeuw,2020-07-26,1,141
Sint-Pieters-Leeuw,2020-07-27,1,142
Sint-Pieters-Leeuw,2020-07-28,0,142
Sint-Pieters-Leeuw,2020-07-29,1,143
Sint-Pieters-Leeuw,2020-07-30,3,146
Sint-Pieters-Leeuw,2020-07-31,1,147
Steenokkerzeel,2020-04-01,2,17
Steenokkerzeel,2020-04-02,5,22
Steenokkerzeel,2020-04-03,0,22
Steenokkerzeel,2020-04-04,0,22
Steenokkerzeel,2020-04-05,0,22
Steenokkerzeel,2020-04-06,2,24
Steenokkerzeel,2020-04-07,0,24
Steenokkerzeel,2020-04-08,1,25
Steenokkerzeel,2020-04-09,2,27
Steenokkerzeel,2020-04-10,2,29
Steenokkerzeel,2020-04-11,1,30
Steenokkerzeel,2020-04-12,0,30
Steenokkerzeel,2020-04-13,1,31
Steenokkerzeel,2020-04-14,0,31
Steenokkerzeel,2020-04-15,2,33
Steenokkerzeel,2020-04-16,1,34
Steenokkerzeel,2020-04-17,0,34
Steenokkerzeel,2020-04-18,1,35
Steenokkerzeel,2020-04-19,9,44
Steenokkerzeel,2020-04-20,1,45
Steenokkerzeel,2020-04-21,1,46
Steenokkerzeel,2020-04-22,3,49
Steenokkerzeel,2020-04-23,0,49
Steenokkerzeel,2020-04-24,1,50
Steenokkerzeel,2020-04-25,0,50
Steenokkerzeel,2020-04-26,1,51
Steenokkerzeel,2020-04-27,0,51
Steenokkerzeel,2020-04-28,0,51
Steenokkerzeel,2020-04-29,0,51
Steenokkerzeel,2020-04-30,0,51
Steenokkerzeel,2020-05-01,0,51
Steenokkerzeel,2020-05-02,0,51
Steenokkerzeel,2020-05-03,1,52
Steenokkerzeel,2020-05-04,0,52
Steenokkerzeel,2020-05-05,0,52
Steenokkerzeel,2020-05-06,0,52
Steenokkerzeel,2020-05-07,1,53
Steenokkerzeel,2020-05-08,1,54
Steenokkerzeel,2020-05-09,0,54
Steenokkerzeel,2020-05-10,0,54
Steenokkerzeel,2020-05-11,0,54
Steenokkerzeel,2020-05-12,0,54
Steenokkerzeel,2020-05-13,0,54
Steenokkerzeel,2020-05-14,0,54
Steenokkerzeel,2020-05-15,0,54
Steenokkerzeel,2020-05-16,0,54
Steenokkerzeel,2020-05-17,0,54
Steenokkerzeel,2020-05-18,0,54
Steenokkerzeel,2020-05-19,0,54
Steenokkerzeel,2020-05-20,0,54
Steenokkerzeel,2020-05-21,0,54
Steenokkerzeel,2020-05-22,0,54
Steenokkerzeel,2020-05-23,0,54
Steenokkerzeel,2020-05-24,0,54
Steenokkerzeel,2020-05-25,0,54
Steenokkerzeel,2020-05-26,0,54
Steenokkerzeel,2020-05-27,0,54
Steenokkerzeel,2020-05-28,1,55
Steenokkerzeel,2020-05-29,0,55
Steenokkerzeel,2020-05-30,0,55
Steenokkerzeel,2020-05-31,0,55
Steenokkerzeel,2020-06-01,0,55
Steenokkerzeel,2020-06-02,0,55
Steenokkerzeel,2020-06-03,0,55
Steenokkerzeel,2020-06-04,0,55
Steenokkerzeel,2020-06-05,0,55
Steenokkerzeel,2020-06-06,0,55
Steenokkerzeel,2020-06-07,0,55
Steenokkerzeel,2020-06-08,0,55
Steenokkerzeel,2020-06-09,0,55
Steenokkerzeel,2020-06-10,0,55
Steenokkerzeel,2020-06-11,1,56
Steenokkerzeel,2020-06-12,0,56
Steenokkerzeel,2020-06-13,0,56
Steenokkerzeel,2020-06-14,1,57
Steenokkerzeel,2020-06-15,0,57
Steenokkerzeel,2020-06-16,0,57
Steenokkerzeel,2020-06-17,0,57
Steenokkerzeel,2020-06-18,0,57
Steenokkerzeel,2020-06-19,0,57
Steenokkerzeel,2020-06-20,0,57
Steenokkerzeel,2020-06-23,0,57
Steenokkerzeel,2020-06-24,0,57
Steenokkerzeel,2020-06-25,0,57
Steenokkerzeel,2020-06-26,1,58
Steenokkerzeel,2020-06-27,0,58
Steenokkerzeel,2020-06-30,0,58
Steenokkerzeel,2020-07-01,0,58
Steenokkerzeel,2020-07-02,0,58
Steenokkerzeel,2020-07-03,0,58
Steenokkerzeel,2020-07-04,0,58
Steenokkerzeel,2020-07-07,1,59
Steenokkerzeel,2020-07-08,0,59
Steenokkerzeel,2020-07-09,0,59
Steenokkerzeel,2020-07-10,0,59
Steenokkerzeel,2020-07-11,0,59
Steenokkerzeel,2020-07-14,0,59
Steenokkerzeel,2020-07-15,0,59
Steenokkerzeel,2020-07-16,0,59
Steenokkerzeel,2020-07-17,1,60
Steenokkerzeel,2020-07-18,1,61
Steenokkerzeel,2020-07-20,1,62
Steenokkerzeel,2020-07-21,0,62
Steenokkerzeel,2020-07-22,0,62
Steenokkerzeel,2020-07-23,1,63
Steenokkerzeel,2020-07-24,0,63
Steenokkerzeel,2020-07-25,0,63
Steenokkerzeel,2020-07-26,0,63
Steenokkerzeel,2020-07-27,0,63
Steenokkerzeel,2020-07-28,2,65
Steenokkerzeel,2020-07-29,0,65
Steenokkerzeel,2020-07-30,0,65
Steenokkerzeel,2020-07-31,3,68
Ternat,2020-04-01,2,21
Ternat,2020-04-02,0,21
Ternat,2020-04-03,1,22
Ternat,2020-04-04,1,23
Ternat,2020-04-05,1,24
Ternat,2020-04-06,0,24
Ternat,2020-04-07,0,24
Ternat,2020-04-08,2,26
Ternat,2020-04-09,1,27
Ternat,2020-04-10,3,30
Ternat,2020-04-11,1,31
Ternat,2020-04-12,0,31
Ternat,2020-04-13,0,31
Ternat,2020-04-14,0,31
Ternat,2020-04-15,0,31
Ternat,2020-04-16,0,31
Ternat,2020-04-17,0,31
Ternat,2020-04-18,0,31
Ternat,2020-04-19,0,31
Ternat,2020-04-20,2,33
Ternat,2020-04-21,1,34
Ternat,2020-04-22,0,34
Ternat,2020-04-23,1,35
Ternat,2020-04-24,2,37
Ternat,2020-04-25,0,37
Ternat,2020-04-26,0,37
Ternat,2020-04-27,0,37
Ternat,2020-04-28,0,37
Ternat,2020-04-29,1,38
Ternat,2020-04-30,1,39
Ternat,2020-05-01,0,39
Ternat,2020-05-02,0,39
Ternat,2020-05-03,0,39
Ternat,2020-05-04,0,39
Ternat,2020-05-05,1,40
Ternat,2020-05-06,0,40
Ternat,2020-05-07,0,40
Ternat,2020-05-08,1,41
Ternat,2020-05-09,0,41
Ternat,2020-05-10,0,41
Ternat,2020-05-11,0,41
Ternat,2020-05-12,0,41
Ternat,2020-05-13,0,41
Ternat,2020-05-14,2,43
Ternat,2020-05-15,0,43
Ternat,2020-05-16,0,43
Ternat,2020-05-17,0,43
Ternat,2020-05-18,0,43
Ternat,2020-05-19,0,43
Ternat,2020-05-20,0,43
Ternat,2020-05-21,0,43
Ternat,2020-05-22,0,43
Ternat,2020-05-23,0,43
Ternat,2020-05-24,0,43
Ternat,2020-05-25,0,43
Ternat,2020-05-26,0,43
Ternat,2020-05-27,0,43
Ternat,2020-05-28,0,43
Ternat,2020-05-29,0,43
Ternat,2020-05-30,0,43
Ternat,2020-05-31,0,43
Ternat,2020-06-01,1,44
Ternat,2020-06-02,1,45
Ternat,2020-06-03,0,45
Ternat,2020-06-04,0,45
Ternat,2020-06-05,0,45
Ternat,2020-06-06,0,45
Ternat,2020-06-07,0,45
Ternat,2020-06-08,0,45
Ternat,2020-06-09,0,45
Ternat,2020-06-10,0,45
Ternat,2020-06-11,0,45
Ternat,2020-06-12,1,46
Ternat,2020-06-13,0,46
Ternat,2020-06-14,0,46
Ternat,2020-06-15,0,46
Ternat,2020-06-16,0,46
Ternat,2020-06-17,0,46
Ternat,2020-06-18,0,46
Ternat,2020-06-19,0,46
Ternat,2020-06-20,0,46
Ternat,2020-06-23,0,46
Ternat,2020-06-24,0,46
Ternat,2020-06-25,0,46
Ternat,2020-06-26,0,46
Ternat,2020-06-27,0,46
Ternat,2020-06-30,0,46
Ternat,2020-07-01,0,46
Ternat,2020-07-02,0,46
Ternat,2020-07-03,0,46
Ternat,2020-07-04,0,46
Ternat,2020-07-07,0,46
Ternat,2020-07-08,0,46
Ternat,2020-07-09,0,46
Ternat,2020-07-10,0,46
Ternat,2020-07-11,1,47
Ternat,2020-07-14,0,47
Ternat,2020-07-15,0,47
Ternat,2020-07-16,0,47
Ternat,2020-07-17,0,47
Ternat,2020-07-18,0,47
Ternat,2020-07-20,0,47
Ternat,2020-07-21,0,47
Ternat,2020-07-22,0,47
Ternat,2020-07-23,1,48
Ternat,2020-07-24,0,48
Ternat,2020-07-25,1,49
Ternat,2020-07-26,0,49
Ternat,2020-07-27,0,49
Ternat,2020-07-28,0,49
Ternat,2020-07-29,0,49
Ternat,2020-07-30,0,49
Ternat,2020-07-31,0,49
Vilvoorde,2020-04-01,3,52
Vilvoorde,2020-04-02,8,60
Vilvoorde,2020-04-03,9,69
Vilvoorde,2020-04-04,6,75
Vilvoorde,2020-04-05,5,80
Vilvoorde,2020-04-06,3,83
Vilvoorde,2020-04-07,4,87
Vilvoorde,2020-04-08,2,89
Vilvoorde,2020-04-09,10,99
Vilvoorde,2020-04-10,3,102
Vilvoorde,2020-04-11,2,104
Vilvoorde,2020-04-12,2,106
Vilvoorde,2020-04-13,4,110
Vilvoorde,2020-04-14,0,110
Vilvoorde,2020-04-15,51,161
Vilvoorde,2020-04-16,3,164
Vilvoorde,2020-04-17,2,166
Vilvoorde,2020-04-18,6,172
Vilvoorde,2020-04-19,1,173
Vilvoorde,2020-04-20,6,179
Vilvoorde,2020-04-21,1,180
Vilvoorde,2020-04-22,0,180
Vilvoorde,2020-04-23,2,182
Vilvoorde,2020-04-24,2,184
Vilvoorde,2020-04-25,0,184
Vilvoorde,2020-04-26,1,185
Vilvoorde,2020-04-27,0,185
Vilvoorde,2020-04-28,1,186
Vilvoorde,2020-04-29,2,188
Vilvoorde,2020-04-30,2,190
Vilvoorde,2020-05-01,2,192
Vilvoorde,2020-05-02,3,195
Vilvoorde,2020-05-03,0,195
Vilvoorde,2020-05-04,5,200
Vilvoorde,2020-05-05,0,200
Vilvoorde,2020-05-06,0,200
Vilvoorde,2020-05-07,0,200
Vilvoorde,2020-05-08,1,201
Vilvoorde,2020-05-09,0,201
Vilvoorde,2020-05-10,0,201
Vilvoorde,2020-05-11,0,201
Vilvoorde,2020-05-12,2,203
Vilvoorde,2020-05-13,-1,202
Vilvoorde,2020-05-14,0,202
Vilvoorde,2020-05-15,0,202
Vilvoorde,2020-05-16,0,202
Vilvoorde,2020-05-17,0,202
Vilvoorde,2020-05-18,0,202
Vilvoorde,2020-05-19,0,202
Vilvoorde,2020-05-20,1,203
Vilvoorde,2020-05-21,0,203
Vilvoorde,2020-05-22,0,203
Vilvoorde,2020-05-23,0,203
Vilvoorde,2020-05-24,1,204
Vilvoorde,2020-05-25,2,206
Vilvoorde,2020-05-26,0,206
Vilvoorde,2020-05-27,0,206
Vilvoorde,2020-05-28,1,207
Vilvoorde,2020-05-29,0,207
Vilvoorde,2020-05-30,4,211
Vilvoorde,2020-05-31,0,211
Vilvoorde,2020-06-01,1,212
Vilvoorde,2020-06-02,0,212
Vilvoorde,2020-06-03,0,212
Vilvoorde,2020-06-04,0,212
Vilvoorde,2020-06-05,0,212
Vilvoorde,2020-06-06,0,212
Vilvoorde,2020-06-07,1,213
Vilvoorde,2020-06-08,0,213
Vilvoorde,2020-06-09,0,213
Vilvoorde,2020-06-10,0,213
Vilvoorde,2020-06-11,0,213
Vilvoorde,2020-06-12,0,213
Vilvoorde,2020-06-13,0,213
Vilvoorde,2020-06-14,0,213
Vilvoorde,2020-06-15,0,213
Vilvoorde,2020-06-16,0,213
Vilvoorde,2020-06-17,0,213
Vilvoorde,2020-06-18,1,214
Vilvoorde,2020-06-19,0,214
Vilvoorde,2020-06-20,0,214
Vilvoorde,2020-06-23,0,214
Vilvoorde,2020-06-24,0,214
Vilvoorde,2020-06-25,0,214
Vilvoorde,2020-06-26,0,214
Vilvoorde,2020-06-27,3,217
Vilvoorde,2020-06-30,1,218
Vilvoorde,2020-07-01,1,219
Vilvoorde,2020-07-02,1,220
Vilvoorde,2020-07-03,0,220
Vilvoorde,2020-07-04,1,221
Vilvoorde,2020-07-07,1,222
Vilvoorde,2020-07-08,0,222
Vilvoorde,2020-07-09,0,222
Vilvoorde,2020-07-10,0,222
Vilvoorde,2020-07-11,0,222
Vilvoorde,2020-07-14,0,222
Vilvoorde,2020-07-15,2,224
Vilvoorde,2020-07-16,0,224
Vilvoorde,2020-07-17,1,225
Vilvoorde,2020-07-18,0,225
Vilvoorde,2020-07-20,0,225
Vilvoorde,2020-07-21,0,225
Vilvoorde,2020-07-22,2,227
Vilvoorde,2020-07-23,0,227
Vilvoorde,2020-07-24,0,227
Vilvoorde,2020-07-25,0,227
Vilvoorde,2020-07-26,0,227
Vilvoorde,2020-07-27,1,228
Vilvoorde,2020-07-28,1,229
Vilvoorde,2020-07-29,1,230
Vilvoorde,2020-07-30,0,230
Vilvoorde,2020-07-31,2,232
Zaventem,2020-04-01,4,31
Zaventem,2020-04-02,1,32
Zaventem,2020-04-03,4,36
Zaventem,2020-04-04,5,41
Zaventem,2020-04-05,1,42
Zaventem,2020-04-06,6,48
Zaventem,2020-04-07,4,52
Zaventem,2020-04-08,5,57
Zaventem,2020-04-09,25,82
Zaventem,2020-04-10,8,90
Zaventem,2020-04-11,1,91
Zaventem,2020-04-12,5,96
Zaventem,2020-04-13,1,97
Zaventem,2020-04-14,2,99
Zaventem,2020-04-15,0,99
Zaventem,2020-04-16,1,100
Zaventem,2020-04-17,1,101
Zaventem,2020-04-18,0,101
Zaventem,2020-04-19,2,103
Zaventem,2020-04-20,6,109
Zaventem,2020-04-21,1,110
Zaventem,2020-04-22,1,111
Zaventem,2020-04-23,1,112
Zaventem,2020-04-24,5,117
Zaventem,2020-04-25,1,118
Zaventem,2020-04-26,0,118
Zaventem,2020-04-27,3,121
Zaventem,2020-04-28,0,121
Zaventem,2020-04-29,1,122
Zaventem,2020-04-30,2,124
Zaventem,2020-05-01,1,125
Zaventem,2020-05-02,0,125
Zaventem,2020-05-03,1,126
Zaventem,2020-05-04,1,127
Zaventem,2020-05-05,0,127
Zaventem,2020-05-06,0,127
Zaventem,2020-05-07,6,133
Zaventem,2020-05-08,0,133
Zaventem,2020-05-09,1,134
Zaventem,2020-05-10,2,136
Zaventem,2020-05-11,0,136
Zaventem,2020-05-12,0,136
Zaventem,2020-05-13,1,137
Zaventem,2020-05-14,2,139
Zaventem,2020-05-15,1,140
Zaventem,2020-05-16,0,140
Zaventem,2020-05-17,0,140
Zaventem,2020-05-18,2,142
Zaventem,2020-05-19,0,142
Zaventem,2020-05-20,1,143
Zaventem,2020-05-21,0,143
Zaventem,2020-05-22,1,144
Zaventem,2020-05-23,0,144
Zaventem,2020-05-24,0,144
Zaventem,2020-05-25,0,144
Zaventem,2020-05-26,0,144
Zaventem,2020-05-27,0,144
Zaventem,2020-05-28,0,144
Zaventem,2020-05-29,0,144
Zaventem,2020-05-30,0,144
Zaventem,2020-05-31,0,144
Zaventem,2020-06-01,0,144
Zaventem,2020-06-02,0,144
Zaventem,2020-06-03,0,144
Zaventem,2020-06-04,2,146
Zaventem,2020-06-05,0,146
Zaventem,2020-06-06,0,146
Zaventem,2020-06-07,2,148
Zaventem,2020-06-08,0,148
Zaventem,2020-06-09,0,148
Zaventem,2020-06-10,2,150
Zaventem,2020-06-11,0,150
Zaventem,2020-06-12,0,150
Zaventem,2020-06-13,1,151
Zaventem,2020-06-14,0,151
Zaventem,2020-06-15,0,151
Zaventem,2020-06-16,1,152
Zaventem,2020-06-17,0,152
Zaventem,2020-06-18,1,153
Zaventem,2020-06-19,0,153
Zaventem,2020-06-20,0,153
Zaventem,2020-06-23,0,153
Zaventem,2020-06-24,1,154
Zaventem,2020-06-25,0,154
Zaventem,2020-06-26,0,154
Zaventem,2020-06-27,0,154
Zaventem,2020-06-30,0,154
Zaventem,2020-07-01,0,154
Zaventem,2020-07-02,1,155
Zaventem,2020-07-03,1,156
Zaventem,2020-07-04,0,156
Zaventem,2020-07-07,1,157
Zaventem,2020-07-08,0,157
Zaventem,2020-07-09,0,157
Zaventem,2020-07-10,0,157
Zaventem,2020-07-11,0,157
Zaventem,2020-07-14,0,157
Zaventem,2020-07-15,0,157
Zaventem,2020-07-16,0,157
Zaventem,2020-07-17,1,158
Zaventem,2020-07-18,0,158
Zaventem,2020-07-20,0,158
Zaventem,2020-07-21,0,158
Zaventem,2020-07-22,0,158
Zaventem,2020-07-23,0,158
Zaventem,2020-07-24,0,158
Zaventem,2020-07-25,0,158
Zaventem,2020-07-26,0,158
Zaventem,2020-07-27,0,158
Zaventem,2020-07-28,0,158
Zaventem,2020-07-29,0,158
Zaventem,2020-07-30,2,160
Zaventem,2020-07-31,1,161
Zemst,2020-04-01,4,33
Zemst,2020-04-02,3,36
Zemst,2020-04-03,2,38
Zemst,2020-04-04,0,38
Zemst,2020-04-05,0,38
Zemst,2020-04-06,4,42
Zemst,2020-04-07,1,43
Zemst,2020-04-08,0,43
Zemst,2020-04-09,2,45
Zemst,2020-04-10,1,46
Zemst,2020-04-11,3,49
Zemst,2020-04-12,0,49
Zemst,2020-04-13,0,49
Zemst,2020-04-14,1,50
Zemst,2020-04-15,4,54
Zemst,2020-04-16,3,57
Zemst,2020-04-17,1,58
Zemst,2020-04-18,3,61
Zemst,2020-04-19,0,61
Zemst,2020-04-20,1,62
Zemst,2020-04-21,0,62
Zemst,2020-04-22,2,64
Zemst,2020-04-23,0,64
Zemst,2020-04-24,0,64
Zemst,2020-04-25,0,64
Zemst,2020-04-26,0,64
Zemst,2020-04-27,2,66
Zemst,2020-04-28,0,66
Zemst,2020-04-29,0,66
Zemst,2020-04-30,0,66
Zemst,2020-05-01,0,66
Zemst,2020-05-02,1,67
Zemst,2020-05-03,1,68
Zemst,2020-05-04,0,68
Zemst,2020-05-05,1,69
Zemst,2020-05-06,1,70
Zemst,2020-05-07,0,70
Zemst,2020-05-08,1,71
Zemst,2020-05-09,1,72
Zemst,2020-05-10,0,72
Zemst,2020-05-11,0,72
Zemst,2020-05-12,1,73
Zemst,2020-05-13,0,73
Zemst,2020-05-14,0,73
Zemst,2020-05-15,0,73
Zemst,2020-05-16,0,73
Zemst,2020-05-17,0,73
Zemst,2020-05-18,0,73
Zemst,2020-05-19,0,73
Zemst,2020-05-20,0,73
Zemst,2020-05-21,0,73
Zemst,2020-05-22,0,73
Zemst,2020-05-23,0,73
Zemst,2020-05-24,1,74
Zemst,2020-05-25,1,75
Zemst,2020-05-26,0,75
Zemst,2020-05-27,1,76
Zemst,2020-05-28,0,76
Zemst,2020-05-29,1,77
Zemst,2020-05-30,0,77
Zemst,2020-05-31,0,77
Zemst,2020-06-01,0,77
Zemst,2020-06-02,0,77
Zemst,2020-06-03,1,78
Zemst,2020-06-04,0,78
Zemst,2020-06-05,0,78
Zemst,2020-06-06,0,78
Zemst,2020-06-07,0,78
Zemst,2020-06-08,0,78
Zemst,2020-06-09,0,78
Zemst,2020-06-10,0,78
Zemst,2020-06-11,0,78
Zemst,2020-06-12,0,78
Zemst,2020-06-13,0,78
Zemst,2020-06-14,0,78
Zemst,2020-06-15,0,78
Zemst,2020-06-16,0,78
Zemst,2020-06-17,0,78
Zemst,2020-06-18,0,78
Zemst,2020-06-19,0,78
Zemst,2020-06-20,0,78
Zemst,2020-06-23,0,78
Zemst,2020-06-24,0,78
Zemst,2020-06-25,0,78
Zemst,2020-06-26,0,78
Zemst,2020-06-27,0,78
Zemst,2020-06-30,0,78
Zemst,2020-07-01,0,78
Zemst,2020-07-02,0,78
Zemst,2020-07-03,0,78
Zemst,2020-07-04,0,78
Zemst,2020-07-07,0,78
Zemst,2020-07-08,0,78
Zemst,2020-07-09,0,78
Zemst,2020-07-10,0,78
Zemst,2020-07-11,0,78
Zemst,2020-07-14,0,78
Zemst,2020-07-15,0,78
Zemst,2020-07-16,0,78
Zemst,2020-07-17,0,78
Zemst,2020-07-18,1,79
Zemst,2020-07-20,0,79
Zemst,2020-07-21,0,79
Zemst,2020-07-22,0,79
Zemst,2020-07-23,1,80
Zemst,2020-07-24,0,80
Zemst,2020-07-25,0,80
Zemst,2020-07-26,0,80
Zemst,2020-07-27,0,80
Zemst,2020-07-28,0,80
Zemst,2020-07-29,0,80
Zemst,2020-07-30,0,80
Zemst,2020-07-31,1,81
Roosdaal,2020-04-01,3,16
Roosdaal,2020-04-02,0,16
Roosdaal,2020-04-03,0,16
Roosdaal,2020-04-04,0,16
Roosdaal,2020-04-05,1,17
Roosdaal,2020-04-06,0,17
Roosdaal,2020-04-07,1,18
Roosdaal,2020-04-08,0,18
Roosdaal,2020-04-09,1,19
Roosdaal,2020-04-10,0,19
Roosdaal,2020-04-11,0,19
Roosdaal,2020-04-12,2,21
Roosdaal,2020-04-13,1,22
Roosdaal,2020-04-14,0,22
Roosdaal,2020-04-15,0,22
Roosdaal,2020-04-16,1,23
Roosdaal,2020-04-17,1,24
Roosdaal,2020-04-18,0,24
Roosdaal,2020-04-19,0,24
Roosdaal,2020-04-20,1,25
Roosdaal,2020-04-21,0,25
Roosdaal,2020-04-22,0,25
Roosdaal,2020-04-23,0,25
Roosdaal,2020-04-24,1,26
Roosdaal,2020-04-25,1,27
Roosdaal,2020-04-26,1,28
Roosdaal,2020-04-27,2,30
Roosdaal,2020-04-28,1,31
Roosdaal,2020-04-29,0,31
Roosdaal,2020-04-30,1,32
Roosdaal,2020-05-01,1,33
Roosdaal,2020-05-02,0,33
Roosdaal,2020-05-03,0,33
Roosdaal,2020-05-04,0,33
Roosdaal,2020-05-05,1,34
Roosdaal,2020-05-06,0,34
Roosdaal,2020-05-07,0,34
Roosdaal,2020-05-08,0,34
Roosdaal,2020-05-09,0,34
Roosdaal,2020-05-10,0,34
Roosdaal,2020-05-11,0,34
Roosdaal,2020-05-12,0,34
Roosdaal,2020-05-13,1,35
Roosdaal,2020-05-14,0,35
Roosdaal,2020-05-15,0,35
Roosdaal,2020-05-16,0,35
Roosdaal,2020-05-17,0,35
Roosdaal,2020-05-18,0,35
Roosdaal,2020-05-19,0,35
Roosdaal,2020-05-20,0,35
Roosdaal,2020-05-21,0,35
Roosdaal,2020-05-22,0,35
Roosdaal,2020-05-23,0,35
Roosdaal,2020-05-24,0,35
Roosdaal,2020-05-25,0,35
Roosdaal,2020-05-26,1,36
Roosdaal,2020-05-27,0,36
Roosdaal,2020-05-28,0,36
Roosdaal,2020-05-29,0,36
Roosdaal,2020-05-30,0,36
Roosdaal,2020-05-31,0,36
Roosdaal,2020-06-01,0,36
Roosdaal,2020-06-02,0,36
Roosdaal,2020-06-03,0,36
Roosdaal,2020-06-04,0,36
Roosdaal,2020-06-05,0,36
Roosdaal,2020-06-06,0,36
Roosdaal,2020-06-07,0,36
Roosdaal,2020-06-08,0,36
Roosdaal,2020-06-09,0,36
Roosdaal,2020-06-10,0,36
Roosdaal,2020-06-11,0,36
Roosdaal,2020-06-12,0,36
Roosdaal,2020-06-13,0,36
Roosdaal,2020-06-14,0,36
Roosdaal,2020-06-15,0,36
Roosdaal,2020-06-16,0,36
Roosdaal,2020-06-17,0,36
Roosdaal,2020-06-18,0,36
Roosdaal,2020-06-19,0,36
Roosdaal,2020-06-20,0,36
Roosdaal,2020-06-23,0,36
Roosdaal,2020-06-24,0,36
Roosdaal,2020-06-25,0,36
Roosdaal,2020-06-26,1,37
Roosdaal,2020-06-27,0,37
Roosdaal,2020-06-30,0,37
Roosdaal,2020-07-01,0,37
Roosdaal,2020-07-02,0,37
Roosdaal,2020-07-03,0,37
Roosdaal,2020-07-04,0,37
Roosdaal,2020-07-07,0,37
Roosdaal,2020-07-08,0,37
Roosdaal,2020-07-09,0,37
Roosdaal,2020-07-10,0,37
Roosdaal,2020-07-11,0,37
Roosdaal,2020-07-14,0,37
Roosdaal,2020-07-15,0,37
Roosdaal,2020-07-16,0,37
Roosdaal,2020-07-17,0,37
Roosdaal,2020-07-18,0,37
Roosdaal,2020-07-20,0,37
Roosdaal,2020-07-21,0,37
Roosdaal,2020-07-22,0,37
Roosdaal,2020-07-23,0,37
Roosdaal,2020-07-24,0,37
Roosdaal,2020-07-25,0,37
Roosdaal,2020-07-26,0,37
Roosdaal,2020-07-27,0,37
Roosdaal,2020-07-28,0,37
Roosdaal,2020-07-29,1,38
Roosdaal,2020-07-30,0,38
Roosdaal,2020-07-31,0,38
Drogenbos,2020-04-01,1,8
Drogenbos,2020-04-02,0,8
Drogenbos,2020-04-03,0,8
Drogenbos,2020-04-04,0,8
Drogenbos,2020-04-05,1,9
Drogenbos,2020-04-06,2,11
Drogenbos,2020-04-07,0,11
Drogenbos,2020-04-08,1,12
Drogenbos,2020-04-09,2,14
Drogenbos,2020-04-10,4,18
Drogenbos,2020-04-11,2,20
Drogenbos,2020-04-12,0,20
Drogenbos,2020-04-13,4,24
Drogenbos,2020-04-14,0,24
Drogenbos,2020-04-15,0,24
Drogenbos,2020-04-16,0,24
Drogenbos,2020-04-17,1,25
Drogenbos,2020-04-18,1,26
Drogenbos,2020-04-19,0,26
Drogenbos,2020-04-20,7,33
Drogenbos,2020-04-21,0,33
Drogenbos,2020-04-22,0,33
Drogenbos,2020-04-23,1,34
Drogenbos,2020-04-24,0,34
Drogenbos,2020-04-25,0,34
Drogenbos,2020-04-26,0,34
Drogenbos,2020-04-27,1,35
Drogenbos,2020-04-28,0,35
Drogenbos,2020-04-29,2,37
Drogenbos,2020-04-30,0,37
Drogenbos,2020-05-01,0,37
Drogenbos,2020-05-02,0,37
Drogenbos,2020-05-03,0,37
Drogenbos,2020-05-04,0,37
Drogenbos,2020-05-05,0,37
Drogenbos,2020-05-06,0,37
Drogenbos,2020-05-07,0,37
Drogenbos,2020-05-08,0,37
Drogenbos,2020-05-09,0,37
Drogenbos,2020-05-10,0,37
Drogenbos,2020-05-11,0,37
Drogenbos,2020-05-12,0,37
Drogenbos,2020-05-13,0,37
Drogenbos,2020-05-14,0,37
Drogenbos,2020-05-15,0,37
Drogenbos,2020-05-16,0,37
Drogenbos,2020-05-17,0,37
Drogenbos,2020-05-18,0,37
Drogenbos,2020-05-19,1,38
Drogenbos,2020-05-20,0,38
Drogenbos,2020-05-21,0,38
Drogenbos,2020-05-22,0,38
Drogenbos,2020-05-23,0,38
Drogenbos,2020-05-24,0,38
Drogenbos,2020-05-25,0,38
Drogenbos,2020-05-26,0,38
Drogenbos,2020-05-27,0,38
Drogenbos,2020-05-28,0,38
Drogenbos,2020-05-29,0,38
Drogenbos,2020-05-30,0,38
Drogenbos,2020-05-31,0,38
Drogenbos,2020-06-01,1,39
Drogenbos,2020-06-02,0,39
Drogenbos,2020-06-03,0,39
Drogenbos,2020-06-04,0,39
Drogenbos,2020-06-05,0,39
Drogenbos,2020-06-06,0,39
Drogenbos,2020-06-07,0,39
Drogenbos,2020-06-08,0,39
Drogenbos,2020-06-09,0,39
Drogenbos,2020-06-10,0,39
Drogenbos,2020-06-11,0,39
Drogenbos,2020-06-12,0,39
Drogenbos,2020-06-13,0,39
Drogenbos,2020-06-14,0,39
Drogenbos,2020-06-15,0,39
Drogenbos,2020-06-16,0,39
Drogenbos,2020-06-17,0,39
Drogenbos,2020-06-18,0,39
Drogenbos,2020-06-19,0,39
Drogenbos,2020-06-20,0,39
Drogenbos,2020-06-23,0,39
Drogenbos,2020-06-24,0,39
Drogenbos,2020-06-25,0,39
Drogenbos,2020-06-26,0,39
Drogenbos,2020-06-27,0,39
Drogenbos,2020-06-30,0,39
Drogenbos,2020-07-01,0,39
Drogenbos,2020-07-02,1,40
Drogenbos,2020-07-03,0,40
Drogenbos,2020-07-04,0,40
Drogenbos,2020-07-07,0,40
Drogenbos,2020-07-08,0,40
Drogenbos,2020-07-09,0,40
Drogenbos,2020-07-10,0,40
Drogenbos,2020-07-11,1,41
Drogenbos,2020-07-14,0,41
Drogenbos,2020-07-15,0,41
Drogenbos,2020-07-16,0,41
Drogenbos,2020-07-17,0,41
Drogenbos,2020-07-18,0,41
Drogenbos,2020-07-20,0,41
Drogenbos,2020-07-21,0,41
Drogenbos,2020-07-22,0,41
Drogenbos,2020-07-23,0,41
Drogenbos,2020-07-24,0,41
Drogenbos,2020-07-25,0,41
Drogenbos,2020-07-26,0,41
Drogenbos,2020-07-27,0,41
Drogenbos,2020-07-28,0,41
Drogenbos,2020-07-29,0,41
Drogenbos,2020-07-30,0,41
Drogenbos,2020-07-31,0,41
Kraainem,2020-04-01,3,31
Kraainem,2020-04-02,0,31
Kraainem,2020-04-03,1,32
Kraainem,2020-04-04,1,33
Kraainem,2020-04-05,4,37
Kraainem,2020-04-06,0,37
Kraainem,2020-04-07,0,37
Kraainem,2020-04-08,1,38
Kraainem,2020-04-09,20,58
Kraainem,2020-04-10,0,58
Kraainem,2020-04-11,2,60
Kraainem,2020-04-12,0,60
Kraainem,2020-04-13,0,60
Kraainem,2020-04-14,0,60
Kraainem,2020-04-15,1,61
Kraainem,2020-04-16,0,61
Kraainem,2020-04-17,0,61
Kraainem,2020-04-18,0,61
Kraainem,2020-04-19,1,62
Kraainem,2020-04-20,1,63
Kraainem,2020-04-21,0,63
Kraainem,2020-04-22,1,64
Kraainem,2020-04-23,1,65
Kraainem,2020-04-24,0,65
Kraainem,2020-04-25,0,65
Kraainem,2020-04-26,0,65
Kraainem,2020-04-27,1,66
Kraainem,2020-04-28,0,66
Kraainem,2020-04-29,1,67
Kraainem,2020-04-30,0,67
Kraainem,2020-05-01,0,67
Kraainem,2020-05-02,0,67
Kraainem,2020-05-03,0,67
Kraainem,2020-05-04,0,67
Kraainem,2020-05-05,0,67
Kraainem,2020-05-06,0,67
Kraainem,2020-05-07,0,67
Kraainem,2020-05-08,0,67
Kraainem,2020-05-09,0,67
Kraainem,2020-05-10,1,68
Kraainem,2020-05-11,1,69
Kraainem,2020-05-12,1,70
Kraainem,2020-05-13,1,71
Kraainem,2020-05-14,0,71
Kraainem,2020-05-15,0,71
Kraainem,2020-05-16,0,71
Kraainem,2020-05-17,0,71
Kraainem,2020-05-18,0,71
Kraainem,2020-05-19,0,71
Kraainem,2020-05-20,0,71
Kraainem,2020-05-21,1,72
Kraainem,2020-05-22,1,73
Kraainem,2020-05-23,0,73
Kraainem,2020-05-24,0,73
Kraainem,2020-05-25,0,73
Kraainem,2020-05-26,0,73
Kraainem,2020-05-27,0,73
Kraainem,2020-05-28,1,74
Kraainem,2020-05-29,0,74
Kraainem,2020-05-30,0,74
Kraainem,2020-05-31,0,74
Kraainem,2020-06-01,1,75
Kraainem,2020-06-02,0,75
Kraainem,2020-06-03,0,75
Kraainem,2020-06-04,0,75
Kraainem,2020-06-05,0,75
Kraainem,2020-06-06,1,76
Kraainem,2020-06-07,1,77
Kraainem,2020-06-08,0,77
Kraainem,2020-06-09,0,77
Kraainem,2020-06-10,1,78
Kraainem,2020-06-11,1,79
Kraainem,2020-06-12,-1,78
Kraainem,2020-06-13,0,78
Kraainem,2020-06-14,0,78
Kraainem,2020-06-15,0,78
Kraainem,2020-06-16,0,78
Kraainem,2020-06-17,0,78
Kraainem,2020-06-18,0,78
Kraainem,2020-06-19,0,78
Kraainem,2020-06-20,0,78
Kraainem,2020-06-23,0,78
Kraainem,2020-06-24,0,78
Kraainem,2020-06-25,0,78
Kraainem,2020-06-26,0,78
Kraainem,2020-06-27,0,78
Kraainem,2020-06-30,0,78
Kraainem,2020-07-01,0,78
Kraainem,2020-07-02,0,78
Kraainem,2020-07-03,1,79
Kraainem,2020-07-04,1,80
Kraainem,2020-07-07,0,80
Kraainem,2020-07-08,0,80
Kraainem,2020-07-09,0,80
Kraainem,2020-07-10,0,80
Kraainem,2020-07-11,0,80
Kraainem,2020-07-14,0,80
Kraainem,2020-07-15,0,80
Kraainem,2020-07-16,0,80
Kraainem,2020-07-17,0,80
Kraainem,2020-07-18,0,80
Kraainem,2020-07-20,0,80
Kraainem,2020-07-21,0,80
Kraainem,2020-07-22,0,80
Kraainem,2020-07-23,0,80
Kraainem,2020-07-24,0,80
Kraainem,2020-07-25,0,80
Kraainem,2020-07-26,0,80
Kraainem,2020-07-27,0,80
Kraainem,2020-07-28,0,80
Kraainem,2020-07-29,0,80
Kraainem,2020-07-30,1,81
Kraainem,2020-07-31,0,81
Linkebeek,2020-04-01,0,8
Linkebeek,2020-04-02,0,8
Linkebeek,2020-04-03,3,11
Linkebeek,2020-04-04,0,11
Linkebeek,2020-04-05,0,11
Linkebeek,2020-04-06,2,13
Linkebeek,2020-04-07,0,13
Linkebeek,2020-04-08,0,13
Linkebeek,2020-04-09,1,14
Linkebeek,2020-04-10,1,15
Linkebeek,2020-04-11,0,15
Linkebeek,2020-04-12,0,15
Linkebeek,2020-04-13,0,15
Linkebeek,2020-04-14,0,15
Linkebeek,2020-04-15,0,15
Linkebeek,2020-04-16,0,15
Linkebeek,2020-04-17,1,16
Linkebeek,2020-04-18,0,16
Linkebeek,2020-04-19,1,17
Linkebeek,2020-04-20,0,17
Linkebeek,2020-04-21,0,17
Linkebeek,2020-04-22,2,19
Linkebeek,2020-04-23,0,19
Linkebeek,2020-04-24,0,19
Linkebeek,2020-04-25,0,19
Linkebeek,2020-04-26,0,19
Linkebeek,2020-04-27,0,19
Linkebeek,2020-04-28,1,20
Linkebeek,2020-04-29,2,22
Linkebeek,2020-04-30,0,22
Linkebeek,2020-05-01,0,22
Linkebeek,2020-05-02,0,22
Linkebeek,2020-05-03,0,22
Linkebeek,2020-05-04,0,22
Linkebeek,2020-05-05,0,22
Linkebeek,2020-05-06,0,22
Linkebeek,2020-05-07,1,23
Linkebeek,2020-05-08,0,23
Linkebeek,2020-05-09,0,23
Linkebeek,2020-05-10,0,23
Linkebeek,2020-05-11,0,23
Linkebeek,2020-05-12,0,23
Linkebeek,2020-05-13,0,23
Linkebeek,2020-05-14,0,23
Linkebeek,2020-05-15,0,23
Linkebeek,2020-05-16,0,23
Linkebeek,2020-05-17,0,23
Linkebeek,2020-05-18,0,23
Linkebeek,2020-05-19,0,23
Linkebeek,2020-05-20,0,23
Linkebeek,2020-05-21,0,23
Linkebeek,2020-05-22,0,23
Linkebeek,2020-05-23,0,23
Linkebeek,2020-05-24,0,23
Linkebeek,2020-05-25,0,23
Linkebeek,2020-05-26,0,23
Linkebeek,2020-05-27,0,23
Linkebeek,2020-05-28,0,23
Linkebeek,2020-05-29,0,23
Linkebeek,2020-05-30,0,23
Linkebeek,2020-05-31,0,23
Linkebeek,2020-06-01,0,23
Linkebeek,2020-06-02,0,23
Linkebeek,2020-06-03,0,23
Linkebeek,2020-06-04,0,23
Linkebeek,2020-06-05,0,23
Linkebeek,2020-06-06,0,23
Linkebeek,2020-06-07,0,23
Linkebeek,2020-06-08,0,23
Linkebeek,2020-06-09,0,23
Linkebeek,2020-06-10,2,25
Linkebeek,2020-06-11,0,25
Linkebeek,2020-06-12,-2,23
Linkebeek,2020-06-13,0,23
Linkebeek,2020-06-14,1,24
Linkebeek,2020-06-15,0,24
Linkebeek,2020-06-16,0,24
Linkebeek,2020-06-17,0,24
Linkebeek,2020-06-18,0,24
Linkebeek,2020-06-19,0,24
Linkebeek,2020-06-20,0,24
Linkebeek,2020-06-23,0,24
Linkebeek,2020-06-24,0,24
Linkebeek,2020-06-25,0,24
Linkebeek,2020-06-26,0,24
Linkebeek,2020-06-27,0,24
Linkebeek,2020-06-30,0,24
Linkebeek,2020-07-01,0,24
Linkebeek,2020-07-02,0,24
Linkebeek,2020-07-03,0,24
Linkebeek,2020-07-04,0,24
Linkebeek,2020-07-07,0,24
Linkebeek,2020-07-08,0,24
Linkebeek,2020-07-09,0,24
Linkebeek,2020-07-10,0,24
Linkebeek,2020-07-11,0,24
Linkebeek,2020-07-14,2,26
Linkebeek,2020-07-15,0,26
Linkebeek,2020-07-16,0,26
Linkebeek,2020-07-17,1,27
Linkebeek,2020-07-18,1,28
Linkebeek,2020-07-20,1,29
Linkebeek,2020-07-21,0,29
Linkebeek,2020-07-22,0,29
Linkebeek,2020-07-23,0,29
Linkebeek,2020-07-24,0,29
Linkebeek,2020-07-25,1,30
Linkebeek,2020-07-26,0,30
Linkebeek,2020-07-27,0,30
Linkebeek,2020-07-28,0,30
Linkebeek,2020-07-29,0,30
Linkebeek,2020-07-30,0,30
Linkebeek,2020-07-31,0,30
Sint-Genesius-Rode,2020-04-01,1,38
Sint-Genesius-Rode,2020-04-02,0,38
Sint-Genesius-Rode,2020-04-03,2,40
Sint-Genesius-Rode,2020-04-04,3,43
Sint-Genesius-Rode,2020-04-05,2,45
Sint-Genesius-Rode,2020-04-06,0,45
Sint-Genesius-Rode,2020-04-07,0,45
Sint-Genesius-Rode,2020-04-08,2,47
Sint-Genesius-Rode,2020-04-09,1,48
Sint-Genesius-Rode,2020-04-10,1,49
Sint-Genesius-Rode,2020-04-11,0,49
Sint-Genesius-Rode,2020-04-12,1,50
Sint-Genesius-Rode,2020-04-13,1,51
Sint-Genesius-Rode,2020-04-14,0,51
Sint-Genesius-Rode,2020-04-15,0,51
Sint-Genesius-Rode,2020-04-16,0,51
Sint-Genesius-Rode,2020-04-17,0,51
Sint-Genesius-Rode,2020-04-18,1,52
Sint-Genesius-Rode,2020-04-19,0,52
Sint-Genesius-Rode,2020-04-20,0,52
Sint-Genesius-Rode,2020-04-21,1,53
Sint-Genesius-Rode,2020-04-22,0,53
Sint-Genesius-Rode,2020-04-23,0,53
Sint-Genesius-Rode,2020-04-24,4,57
Sint-Genesius-Rode,2020-04-25,1,58
Sint-Genesius-Rode,2020-04-26,1,59
Sint-Genesius-Rode,2020-04-27,0,59
Sint-Genesius-Rode,2020-04-28,0,59
Sint-Genesius-Rode,2020-04-29,0,59
Sint-Genesius-Rode,2020-04-30,1,60
Sint-Genesius-Rode,2020-05-01,1,61
Sint-Genesius-Rode,2020-05-02,0,61
Sint-Genesius-Rode,2020-05-03,0,61
Sint-Genesius-Rode,2020-05-04,0,61
Sint-Genesius-Rode,2020-05-05,1,62
Sint-Genesius-Rode,2020-05-06,1,63
Sint-Genesius-Rode,2020-05-07,2,65
Sint-Genesius-Rode,2020-05-08,0,65
Sint-Genesius-Rode,2020-05-09,0,65
Sint-Genesius-Rode,2020-05-10,0,65
Sint-Genesius-Rode,2020-05-11,0,65
Sint-Genesius-Rode,2020-05-12,0,65
Sint-Genesius-Rode,2020-05-13,0,65
Sint-Genesius-Rode,2020-05-14,0,65
Sint-Genesius-Rode,2020-05-15,0,65
Sint-Genesius-Rode,2020-05-16,2,67
Sint-Genesius-Rode,2020-05-17,0,67
Sint-Genesius-Rode,2020-05-18,0,67
Sint-Genesius-Rode,2020-05-19,0,67
Sint-Genesius-Rode,2020-05-20,0,67
Sint-Genesius-Rode,2020-05-21,0,67
Sint-Genesius-Rode,2020-05-22,0,67
Sint-Genesius-Rode,2020-05-23,0,67
Sint-Genesius-Rode,2020-05-24,0,67
Sint-Genesius-Rode,2020-05-25,0,67
Sint-Genesius-Rode,2020-05-26,0,67
Sint-Genesius-Rode,2020-05-27,0,67
Sint-Genesius-Rode,2020-05-28,0,67
Sint-Genesius-Rode,2020-05-29,0,67
Sint-Genesius-Rode,2020-05-30,0,67
Sint-Genesius-Rode,2020-05-31,0,67
Sint-Genesius-Rode,2020-06-01,0,67
Sint-Genesius-Rode,2020-06-02,0,67
Sint-Genesius-Rode,2020-06-03,0,67
Sint-Genesius-Rode,2020-06-04,0,67
Sint-Genesius-Rode,2020-06-05,0,67
Sint-Genesius-Rode,2020-06-06,2,69
Sint-Genesius-Rode,2020-06-07,0,69
Sint-Genesius-Rode,2020-06-08,0,69
Sint-Genesius-Rode,2020-06-09,0,69
Sint-Genesius-Rode,2020-06-10,0,69
Sint-Genesius-Rode,2020-06-11,0,69
Sint-Genesius-Rode,2020-06-12,0,69
Sint-Genesius-Rode,2020-06-13,0,69
Sint-Genesius-Rode,2020-06-14,0,69
Sint-Genesius-Rode,2020-06-15,0,69
Sint-Genesius-Rode,2020-06-16,0,69
Sint-Genesius-Rode,2020-06-17,0,69
Sint-Genesius-Rode,2020-06-18,0,69
Sint-Genesius-Rode,2020-06-19,0,69
Sint-Genesius-Rode,2020-06-20,0,69
Sint-Genesius-Rode,2020-06-23,1,70
Sint-Genesius-Rode,2020-06-24,0,70
Sint-Genesius-Rode,2020-06-25,0,70
Sint-Genesius-Rode,2020-06-26,0,70
Sint-Genesius-Rode,2020-06-27,0,70
Sint-Genesius-Rode,2020-06-30,0,70
Sint-Genesius-Rode,2020-07-01,0,70
Sint-Genesius-Rode,2020-07-02,0,70
Sint-Genesius-Rode,2020-07-03,0,70
Sint-Genesius-Rode,2020-07-04,0,70
Sint-Genesius-Rode,2020-07-07,0,70
Sint-Genesius-Rode,2020-07-08,0,70
Sint-Genesius-Rode,2020-07-09,0,70
Sint-Genesius-Rode,2020-07-10,0,70
Sint-Genesius-Rode,2020-07-11,0,70
Sint-Genesius-Rode,2020-07-14,0,70
Sint-Genesius-Rode,2020-07-15,0,70
Sint-Genesius-Rode,2020-07-16,0,70
Sint-Genesius-Rode,2020-07-17,0,70
Sint-Genesius-Rode,2020-07-18,0,70
Sint-Genesius-Rode,2020-07-20,0,70
Sint-Genesius-Rode,2020-07-21,0,70
Sint-Genesius-Rode,2020-07-22,0,70
Sint-Genesius-Rode,2020-07-23,1,71
Sint-Genesius-Rode,2020-07-24,1,72
Sint-Genesius-Rode,2020-07-25,1,73
Sint-Genesius-Rode,2020-07-26,0,73
Sint-Genesius-Rode,2020-07-27,2,75
Sint-Genesius-Rode,2020-07-28,3,78
Sint-Genesius-Rode,2020-07-29,0,78
Sint-Genesius-Rode,2020-07-30,0,78
Sint-Genesius-Rode,2020-07-31,0,78
Wemmel,2020-04-01,0,11
Wemmel,2020-04-02,0,11
Wemmel,2020-04-03,0,11
Wemmel,2020-04-04,2,13
Wemmel,2020-04-05,1,14
Wemmel,2020-04-06,2,16
Wemmel,2020-04-07,0,16
Wemmel,2020-04-08,0,16
Wemmel,2020-04-09,1,17
Wemmel,2020-04-10,2,19
Wemmel,2020-04-11,0,19
Wemmel,2020-04-12,2,21
Wemmel,2020-04-13,1,22
Wemmel,2020-04-14,0,22
Wemmel,2020-04-15,0,22
Wemmel,2020-04-16,0,22
Wemmel,2020-04-17,1,23
Wemmel,2020-04-18,2,25
Wemmel,2020-04-19,0,25
Wemmel,2020-04-20,1,26
Wemmel,2020-04-21,0,26
Wemmel,2020-04-22,0,26
Wemmel,2020-04-23,0,26
Wemmel,2020-04-24,1,27
Wemmel,2020-04-25,0,27
Wemmel,2020-04-26,1,28
Wemmel,2020-04-27,2,30
Wemmel,2020-04-28,1,31
Wemmel,2020-04-29,0,31
Wemmel,2020-04-30,0,31
Wemmel,2020-05-01,1,32
Wemmel,2020-05-02,0,32
Wemmel,2020-05-03,0,32
Wemmel,2020-05-04,0,32
Wemmel,2020-05-05,0,32
Wemmel,2020-05-06,0,32
Wemmel,2020-05-07,0,32
Wemmel,2020-05-08,0,32
Wemmel,2020-05-09,3,35
Wemmel,2020-05-10,1,36
Wemmel,2020-05-11,0,36
Wemmel,2020-05-12,0,36
Wemmel,2020-05-13,0,36
Wemmel,2020-05-14,0,36
Wemmel,2020-05-15,0,36
Wemmel,2020-05-16,0,36
Wemmel,2020-05-17,0,36
Wemmel,2020-05-18,0,36
Wemmel,2020-05-19,0,36
Wemmel,2020-05-20,1,37
Wemmel,2020-05-21,1,38
Wemmel,2020-05-22,0,38
Wemmel,2020-05-23,0,38
Wemmel,2020-05-24,0,38
Wemmel,2020-05-25,0,38
Wemmel,2020-05-26,0,38
Wemmel,2020-05-27,0,38
Wemmel,2020-05-28,0,38
Wemmel,2020-05-29,0,38
Wemmel,2020-05-30,0,38
Wemmel,2020-05-31,0,38
Wemmel,2020-06-01,0,38
Wemmel,2020-06-02,0,38
Wemmel,2020-06-03,0,38
Wemmel,2020-06-04,0,38
Wemmel,2020-06-05,0,38
Wemmel,2020-06-06,0,38
Wemmel,2020-06-07,0,38
Wemmel,2020-06-08,0,38
Wemmel,2020-06-09,0,38
Wemmel,2020-06-10,1,39
Wemmel,2020-06-11,0,39
Wemmel,2020-06-12,0,39
Wemmel,2020-06-13,0,39
Wemmel,2020-06-14,0,39
Wemmel,2020-06-15,0,39
Wemmel,2020-06-16,0,39
Wemmel,2020-06-17,0,39
Wemmel,2020-06-18,0,39
Wemmel,2020-06-19,0,39
Wemmel,2020-06-20,0,39
Wemmel,2020-06-23,0,39
Wemmel,2020-06-24,0,39
Wemmel,2020-06-25,0,39
Wemmel,2020-06-26,0,39
Wemmel,2020-06-27,0,39
Wemmel,2020-06-30,0,39
Wemmel,2020-07-01,0,39
Wemmel,2020-07-02,0,39
Wemmel,2020-07-03,0,39
Wemmel,2020-07-04,0,39
Wemmel,2020-07-07,0,39
Wemmel,2020-07-08,0,39
Wemmel,2020-07-09,0,39
Wemmel,2020-07-10,0,39
Wemmel,2020-07-11,0,39
Wemmel,2020-07-14,0,39
Wemmel,2020-07-15,0,39
Wemmel,2020-07-16,1,40
Wemmel,2020-07-17,0,40
Wemmel,2020-07-18,2,42
Wemmel,2020-07-20,0,42
Wemmel,2020-07-21,0,42
Wemmel,2020-07-22,0,42
Wemmel,2020-07-23,1,43
Wemmel,2020-07-24,0,43
Wemmel,2020-07-25,0,43
Wemmel,2020-07-26,1,44
Wemmel,2020-07-27,0,44
Wemmel,2020-07-28,0,44
Wemmel,2020-07-29,1,45
Wemmel,2020-07-30,0,45
Wemmel,2020-07-31,1,46
Wezembeek-Oppem,2020-04-01,1,22
Wezembeek-Oppem,2020-04-02,0,22
Wezembeek-Oppem,2020-04-03,2,24
Wezembeek-Oppem,2020-04-04,0,24
Wezembeek-Oppem,2020-04-05,0,24
Wezembeek-Oppem,2020-04-06,2,26
Wezembeek-Oppem,2020-04-07,0,26
Wezembeek-Oppem,2020-04-08,0,26
Wezembeek-Oppem,2020-04-09,3,29
Wezembeek-Oppem,2020-04-10,1,30
Wezembeek-Oppem,2020-04-11,2,32
Wezembeek-Oppem,2020-04-12,1,33
Wezembeek-Oppem,2020-04-13,1,34
Wezembeek-Oppem,2020-04-14,1,35
Wezembeek-Oppem,2020-04-15,1,36
Wezembeek-Oppem,2020-04-16,0,36
Wezembeek-Oppem,2020-04-17,0,36
Wezembeek-Oppem,2020-04-18,2,38
Wezembeek-Oppem,2020-04-19,0,38
Wezembeek-Oppem,2020-04-20,0,38
Wezembeek-Oppem,2020-04-21,1,39
Wezembeek-Oppem,2020-04-22,2,41
Wezembeek-Oppem,2020-04-23,1,42
Wezembeek-Oppem,2020-04-24,1,43
Wezembeek-Oppem,2020-04-25,-1,42
Wezembeek-Oppem,2020-04-26,0,42
Wezembeek-Oppem,2020-04-27,0,42
Wezembeek-Oppem,2020-04-28,1,43
Wezembeek-Oppem,2020-04-29,0,43
Wezembeek-Oppem,2020-04-30,1,44
Wezembeek-Oppem,2020-05-01,0,44
Wezembeek-Oppem,2020-05-02,0,44
Wezembeek-Oppem,2020-05-03,2,46
Wezembeek-Oppem,2020-05-04,0,46
Wezembeek-Oppem,2020-05-05,0,46
Wezembeek-Oppem,2020-05-06,2,48
Wezembeek-Oppem,2020-05-07,0,48
Wezembeek-Oppem,2020-05-08,1,49
Wezembeek-Oppem,2020-05-09,0,49
Wezembeek-Oppem,2020-05-10,0,49
Wezembeek-Oppem,2020-05-11,1,50
Wezembeek-Oppem,2020-05-12,0,50
Wezembeek-Oppem,2020-05-13,1,51
Wezembeek-Oppem,2020-05-14,0,51
Wezembeek-Oppem,2020-05-15,0,51
Wezembeek-Oppem,2020-05-16,0,51
Wezembeek-Oppem,2020-05-17,0,51
Wezembeek-Oppem,2020-05-18,0,51
Wezembeek-Oppem,2020-05-19,0,51
Wezembeek-Oppem,2020-05-20,0,51
Wezembeek-Oppem,2020-05-21,0,51
Wezembeek-Oppem,2020-05-22,0,51
Wezembeek-Oppem,2020-05-23,0,51
Wezembeek-Oppem,2020-05-24,1,52
Wezembeek-Oppem,2020-05-25,0,52
Wezembeek-Oppem,2020-05-26,0,52
Wezembeek-Oppem,2020-05-27,0,52
Wezembeek-Oppem,2020-05-28,1,53
Wezembeek-Oppem,2020-05-29,0,53
Wezembeek-Oppem,2020-05-30,0,53
Wezembeek-Oppem,2020-05-31,0,53
Wezembeek-Oppem,2020-06-01,0,53
Wezembeek-Oppem,2020-06-02,0,53
Wezembeek-Oppem,2020-06-03,0,53
Wezembeek-Oppem,2020-06-04,0,53
Wezembeek-Oppem,2020-06-05,0,53
Wezembeek-Oppem,2020-06-06,0,53
Wezembeek-Oppem,2020-06-07,6,59
Wezembeek-Oppem,2020-06-08,0,59
Wezembeek-Oppem,2020-06-09,0,59
Wezembeek-Oppem,2020-06-10,0,59
Wezembeek-Oppem,2020-06-11,2,61
Wezembeek-Oppem,2020-06-12,0,61
Wezembeek-Oppem,2020-06-13,0,61
Wezembeek-Oppem,2020-06-14,0,61
Wezembeek-Oppem,2020-06-15,0,61
Wezembeek-Oppem,2020-06-16,0,61
Wezembeek-Oppem,2020-06-17,0,61
Wezembeek-Oppem,2020-06-18,0,61
Wezembeek-Oppem,2020-06-19,0,61
Wezembeek-Oppem,2020-06-20,0,61
Wezembeek-Oppem,2020-06-23,0,61
Wezembeek-Oppem,2020-06-24,0,61
Wezembeek-Oppem,2020-06-25,0,61
Wezembeek-Oppem,2020-06-26,0,61
Wezembeek-Oppem,2020-06-27,0,61
Wezembeek-Oppem,2020-06-30,0,61
Wezembeek-Oppem,2020-07-01,1,62
Wezembeek-Oppem,2020-07-02,0,62
Wezembeek-Oppem,2020-07-03,0,62
Wezembeek-Oppem,2020-07-04,0,62
Wezembeek-Oppem,2020-07-07,0,62
Wezembeek-Oppem,2020-07-08,0,62
Wezembeek-Oppem,2020-07-09,0,62
Wezembeek-Oppem,2020-07-10,0,62
Wezembeek-Oppem,2020-07-11,0,62
Wezembeek-Oppem,2020-07-14,0,62
Wezembeek-Oppem,2020-07-15,1,63
Wezembeek-Oppem,2020-07-16,0,63
Wezembeek-Oppem,2020-07-17,0,63
Wezembeek-Oppem,2020-07-18,0,63
Wezembeek-Oppem,2020-07-20,0,63
Wezembeek-Oppem,2020-07-21,0,63
Wezembeek-Oppem,2020-07-22,0,63
Wezembeek-Oppem,2020-07-23,1,64
Wezembeek-Oppem,2020-07-24,0,64
Wezembeek-Oppem,2020-07-25,0,64
Wezembeek-Oppem,2020-07-26,0,64
Wezembeek-Oppem,2020-07-27,0,64
Wezembeek-Oppem,2020-07-28,0,64
Wezembeek-Oppem,2020-07-29,1,65
Wezembeek-Oppem,2020-07-30,0,65
Wezembeek-Oppem,2020-07-31,0,65
Lennik,2020-04-01,0,10
Lennik,2020-04-02,2,12
Lennik,2020-04-03,1,13
Lennik,2020-04-04,0,13
Lennik,2020-04-05,0,13
Lennik,2020-04-06,0,13
Lennik,2020-04-07,2,15
Lennik,2020-04-08,1,16
Lennik,2020-04-09,0,16
Lennik,2020-04-10,2,18
Lennik,2020-04-11,0,18
Lennik,2020-04-12,0,18
Lennik,2020-04-13,0,18
Lennik,2020-04-14,0,18
Lennik,2020-04-15,1,19
Lennik,2020-04-16,1,20
Lennik,2020-04-17,1,21
Lennik,2020-04-18,0,21
Lennik,2020-04-19,1,22
Lennik,2020-04-20,0,22
Lennik,2020-04-21,0,22
Lennik,2020-04-22,0,22
Lennik,2020-04-23,0,22
Lennik,2020-04-24,0,22
Lennik,2020-04-25,1,23
Lennik,2020-04-26,0,23
Lennik,2020-04-27,0,23
Lennik,2020-04-28,0,23
Lennik,2020-04-29,0,23
Lennik,2020-04-30,0,23
Lennik,2020-05-01,1,24
Lennik,2020-05-02,0,24
Lennik,2020-05-03,0,24
Lennik,2020-05-04,0,24
Lennik,2020-05-05,0,24
Lennik,2020-05-06,1,25
Lennik,2020-05-07,0,25
Lennik,2020-05-08,0,25
Lennik,2020-05-09,1,26
Lennik,2020-05-10,0,26
Lennik,2020-05-11,0,26
Lennik,2020-05-12,0,26
Lennik,2020-05-13,0,26
Lennik,2020-05-14,0,26
Lennik,2020-05-15,0,26
Lennik,2020-05-16,0,26
Lennik,2020-05-17,0,26
Lennik,2020-05-18,0,26
Lennik,2020-05-19,0,26
Lennik,2020-05-20,0,26
Lennik,2020-05-21,0,26
Lennik,2020-05-22,0,26
Lennik,2020-05-23,0,26
Lennik,2020-05-24,0,26
Lennik,2020-05-25,0,26
Lennik,2020-05-26,0,26
Lennik,2020-05-27,0,26
Lennik,2020-05-28,0,26
Lennik,2020-05-29,1,27
Lennik,2020-05-30,0,27
Lennik,2020-05-31,0,27
Lennik,2020-06-01,1,28
Lennik,2020-06-02,1,29
Lennik,2020-06-03,0,29
Lennik,2020-06-04,0,29
Lennik,2020-06-05,0,29
Lennik,2020-06-06,1,30
Lennik,2020-06-07,0,30
Lennik,2020-06-08,1,31
Lennik,2020-06-09,0,31
Lennik,2020-06-10,0,31
Lennik,2020-06-11,1,32
Lennik,2020-06-12,-1,31
Lennik,2020-06-13,0,31
Lennik,2020-06-14,0,31
Lennik,2020-06-15,0,31
Lennik,2020-06-16,0,31
Lennik,2020-06-17,0,31
Lennik,2020-06-18,0,31
Lennik,2020-06-19,0,31
Lennik,2020-06-20,0,31
Lennik,2020-06-23,0,31
Lennik,2020-06-24,0,31
Lennik,2020-06-25,0,31
Lennik,2020-06-26,0,31
Lennik,2020-06-27,0,31
Lennik,2020-06-30,0,31
Lennik,2020-07-01,0,31
Lennik,2020-07-02,0,31
Lennik,2020-07-03,0,31
Lennik,2020-07-04,0,31
Lennik,2020-07-07,0,31
Lennik,2020-07-08,0,31
Lennik,2020-07-09,0,31
Lennik,2020-07-10,0,31
Lennik,2020-07-11,0,31
Lennik,2020-07-14,0,31
Lennik,2020-07-15,0,31
Lennik,2020-07-16,0,31
Lennik,2020-07-17,0,31
Lennik,2020-07-18,0,31
Lennik,2020-07-20,0,31
Lennik,2020-07-21,0,31
Lennik,2020-07-22,0,31
Lennik,2020-07-23,0,31
Lennik,2020-07-24,0,31
Lennik,2020-07-25,0,31
Lennik,2020-07-26,0,31
Lennik,2020-07-27,0,31
Lennik,2020-07-28,0,31
Lennik,2020-07-29,0,31
Lennik,2020-07-30,0,31
Lennik,2020-07-31,0,31
Affligem,2020-04-01,1,20
Affligem,2020-04-02,1,21
Affligem,2020-04-03,1,22
Affligem,2020-04-04,1,23
Affligem,2020-04-05,2,25
Affligem,2020-04-06,3,28
Affligem,2020-04-07,0,28
Affligem,2020-04-08,1,29
Affligem,2020-04-09,1,30
Affligem,2020-04-10,1,31
Affligem,2020-04-11,0,31
Affligem,2020-04-12,2,33
Affligem,2020-04-13,1,34
Affligem,2020-04-14,1,35
Affligem,2020-04-15,1,36
Affligem,2020-04-16,0,36
Affligem,2020-04-17,1,37
Affligem,2020-04-18,0,37
Affligem,2020-04-19,2,39
Affligem,2020-04-20,0,39
Affligem,2020-04-21,0,39
Affligem,2020-04-22,0,39
Affligem,2020-04-23,2,41
Affligem,2020-04-24,2,43
Affligem,2020-04-25,0,43
Affligem,2020-04-26,0,43
Affligem,2020-04-27,0,43
Affligem,2020-04-28,1,44
Affligem,2020-04-29,0,44
Affligem,2020-04-30,0,44
Affligem,2020-05-01,0,44
Affligem,2020-05-02,1,45
Affligem,2020-05-03,0,45
Affligem,2020-05-04,1,46
Affligem,2020-05-05,1,47
Affligem,2020-05-06,0,47
Affligem,2020-05-07,1,48
Affligem,2020-05-08,0,48
Affligem,2020-05-09,1,49
Affligem,2020-05-10,0,49
Affligem,2020-05-11,0,49
Affligem,2020-05-12,1,50
Affligem,2020-05-13,0,50
Affligem,2020-05-14,0,50
Affligem,2020-05-15,0,50
Affligem,2020-05-16,0,50
Affligem,2020-05-17,0,50
Affligem,2020-05-18,1,51
Affligem,2020-05-19,0,51
Affligem,2020-05-20,0,51
Affligem,2020-05-21,2,53
Affligem,2020-05-22,0,53
Affligem,2020-05-23,0,53
Affligem,2020-05-24,0,53
Affligem,2020-05-25,0,53
Affligem,2020-05-26,0,53
Affligem,2020-05-27,0,53
Affligem,2020-05-28,0,53
Affligem,2020-05-29,0,53
Affligem,2020-05-30,0,53
Affligem,2020-05-31,0,53
Affligem,2020-06-01,0,53
Affligem,2020-06-02,0,53
Affligem,2020-06-03,0,53
Affligem,2020-06-04,0,53
Affligem,2020-06-05,0,53
Affligem,2020-06-06,0,53
Affligem,2020-06-07,0,53
Affligem,2020-06-08,0,53
Affligem,2020-06-09,1,54
Affligem,2020-06-10,0,54
Affligem,2020-06-11,0,54
Affligem,2020-06-12,1,55
Affligem,2020-06-13,0,55
Affligem,2020-06-14,0,55
Affligem,2020-06-15,1,56
Affligem,2020-06-16,0,56
Affligem,2020-06-17,0,56
Affligem,2020-06-18,0,56
Affligem,2020-06-19,0,56
Affligem,2020-06-20,0,56
Affligem,2020-06-23,0,56
Affligem,2020-06-24,0,56
Affligem,2020-06-25,0,56
Affligem,2020-06-26,0,56
Affligem,2020-06-27,0,56
Affligem,2020-06-30,0,56
Affligem,2020-07-01,0,56
Affligem,2020-07-02,0,56
Affligem,2020-07-03,0,56
Affligem,2020-07-04,0,56
Affligem,2020-07-07,0,56
Affligem,2020-07-08,0,56
Affligem,2020-07-09,0,56
Affligem,2020-07-10,0,56
Affligem,2020-07-11,0,56
Affligem,2020-07-14,0,56
Affligem,2020-07-15,0,56
Affligem,2020-07-16,0,56
Affligem,2020-07-17,0,56
Affligem,2020-07-18,0,56
Affligem,2020-07-20,0,56
Affligem,2020-07-21,0,56
Affligem,2020-07-22,0,56
Affligem,2020-07-23,0,56
Affligem,2020-07-24,0,56
Affligem,2020-07-25,0,56
Affligem,2020-07-26,0,56
Affligem,2020-07-27,0,56
Affligem,2020-07-28,0,56
Affligem,2020-07-29,0,56
Affligem,2020-07-30,0,56
Affligem,2020-07-31,0,56
Aarschot,2020-04-01,5,59
Aarschot,2020-04-02,3,62
Aarschot,2020-04-03,6,68
Aarschot,2020-04-04,3,71
Aarschot,2020-04-05,3,74
Aarschot,2020-04-06,6,80
Aarschot,2020-04-07,1,81
Aarschot,2020-04-08,4,85
Aarschot,2020-04-09,6,91
Aarschot,2020-04-10,6,97
Aarschot,2020-04-11,5,102
Aarschot,2020-04-12,3,105
Aarschot,2020-04-13,1,106
Aarschot,2020-04-14,1,107
Aarschot,2020-04-15,2,109
Aarschot,2020-04-16,2,111
Aarschot,2020-04-17,2,113
Aarschot,2020-04-18,3,116
Aarschot,2020-04-19,5,121
Aarschot,2020-04-20,0,121
Aarschot,2020-04-21,0,121
Aarschot,2020-04-22,2,123
Aarschot,2020-04-23,1,124
Aarschot,2020-04-24,5,129
Aarschot,2020-04-25,2,131
Aarschot,2020-04-26,1,132
Aarschot,2020-04-27,1,133
Aarschot,2020-04-28,0,133
Aarschot,2020-04-29,1,134
Aarschot,2020-04-30,4,138
Aarschot,2020-05-01,1,139
Aarschot,2020-05-02,2,141
Aarschot,2020-05-03,1,142
Aarschot,2020-05-04,0,142
Aarschot,2020-05-05,0,142
Aarschot,2020-05-06,1,143
Aarschot,2020-05-07,1,144
Aarschot,2020-05-08,0,144
Aarschot,2020-05-09,1,145
Aarschot,2020-05-10,1,146
Aarschot,2020-05-11,0,146
Aarschot,2020-05-12,0,146
Aarschot,2020-05-13,0,146
Aarschot,2020-05-14,0,146
Aarschot,2020-05-15,3,149
Aarschot,2020-05-16,1,150
Aarschot,2020-05-17,0,150
Aarschot,2020-05-18,0,150
Aarschot,2020-05-19,1,151
Aarschot,2020-05-20,0,151
Aarschot,2020-05-21,0,151
Aarschot,2020-05-22,0,151
Aarschot,2020-05-23,1,152
Aarschot,2020-05-24,0,152
Aarschot,2020-05-25,0,152
Aarschot,2020-05-26,0,152
Aarschot,2020-05-27,0,152
Aarschot,2020-05-28,1,153
Aarschot,2020-05-29,0,153
Aarschot,2020-05-30,0,153
Aarschot,2020-05-31,0,153
Aarschot,2020-06-01,0,153
Aarschot,2020-06-02,0,153
Aarschot,2020-06-03,0,153
Aarschot,2020-06-04,0,153
Aarschot,2020-06-05,0,153
Aarschot,2020-06-06,0,153
Aarschot,2020-06-07,0,153
Aarschot,2020-06-08,0,153
Aarschot,2020-06-09,0,153
Aarschot,2020-06-10,0,153
Aarschot,2020-06-11,0,153
Aarschot,2020-06-12,0,153
Aarschot,2020-06-13,0,153
Aarschot,2020-06-14,0,153
Aarschot,2020-06-15,0,153
Aarschot,2020-06-16,0,153
Aarschot,2020-06-17,0,153
Aarschot,2020-06-18,0,153
Aarschot,2020-06-19,0,153
Aarschot,2020-06-20,0,153
Aarschot,2020-06-23,0,153
Aarschot,2020-06-24,0,153
Aarschot,2020-06-25,0,153
Aarschot,2020-06-26,0,153
Aarschot,2020-06-27,0,153
Aarschot,2020-06-30,1,154
Aarschot,2020-07-01,0,154
Aarschot,2020-07-02,0,154
Aarschot,2020-07-03,0,154
Aarschot,2020-07-04,0,154
Aarschot,2020-07-07,1,155
Aarschot,2020-07-08,0,155
Aarschot,2020-07-09,0,155
Aarschot,2020-07-10,0,155
Aarschot,2020-07-11,0,155
Aarschot,2020-07-14,0,155
Aarschot,2020-07-15,0,155
Aarschot,2020-07-16,0,155
Aarschot,2020-07-17,0,155
Aarschot,2020-07-18,1,156
Aarschot,2020-07-20,0,156
Aarschot,2020-07-21,0,156
Aarschot,2020-07-22,0,156
Aarschot,2020-07-23,1,157
Aarschot,2020-07-24,0,157
Aarschot,2020-07-25,0,157
Aarschot,2020-07-26,0,157
Aarschot,2020-07-27,0,157
Aarschot,2020-07-28,0,157
Aarschot,2020-07-29,0,157
Aarschot,2020-07-30,0,157
Aarschot,2020-07-31,0,157
Begijnendijk,2020-04-01,0,12
Begijnendijk,2020-04-02,1,13
Begijnendijk,2020-04-03,2,15
Begijnendijk,2020-04-04,0,15
Begijnendijk,2020-04-05,0,15
Begijnendijk,2020-04-06,0,15
Begijnendijk,2020-04-07,0,15
Begijnendijk,2020-04-08,0,15
Begijnendijk,2020-04-09,4,19
Begijnendijk,2020-04-10,4,23
Begijnendijk,2020-04-11,3,26
Begijnendijk,2020-04-12,3,29
Begijnendijk,2020-04-13,3,32
Begijnendijk,2020-04-14,2,34
Begijnendijk,2020-04-15,0,34
Begijnendijk,2020-04-16,0,34
Begijnendijk,2020-04-17,3,37
Begijnendijk,2020-04-18,1,38
Begijnendijk,2020-04-19,0,38
Begijnendijk,2020-04-20,1,39
Begijnendijk,2020-04-21,1,40
Begijnendijk,2020-04-22,1,41
Begijnendijk,2020-04-23,0,41
Begijnendijk,2020-04-24,0,41
Begijnendijk,2020-04-25,1,42
Begijnendijk,2020-04-26,0,42
Begijnendijk,2020-04-27,0,42
Begijnendijk,2020-04-28,0,42
Begijnendijk,2020-04-29,0,42
Begijnendijk,2020-04-30,11,53
Begijnendijk,2020-05-01,1,54
Begijnendijk,2020-05-02,0,54
Begijnendijk,2020-05-03,0,54
Begijnendijk,2020-05-04,0,54
Begijnendijk,2020-05-05,0,54
Begijnendijk,2020-05-06,0,54
Begijnendijk,2020-05-07,0,54
Begijnendijk,2020-05-08,0,54
Begijnendijk,2020-05-09,0,54
Begijnendijk,2020-05-10,0,54
Begijnendijk,2020-05-11,0,54
Begijnendijk,2020-05-12,0,54
Begijnendijk,2020-05-13,0,54
Begijnendijk,2020-05-14,0,54
Begijnendijk,2020-05-15,0,54
Begijnendijk,2020-05-16,1,55
Begijnendijk,2020-05-17,0,55
Begijnendijk,2020-05-18,1,56
Begijnendijk,2020-05-19,0,56
Begijnendijk,2020-05-20,1,57
Begijnendijk,2020-05-21,0,57
Begijnendijk,2020-05-22,0,57
Begijnendijk,2020-05-23,0,57
Begijnendijk,2020-05-24,0,57
Begijnendijk,2020-05-25,0,57
Begijnendijk,2020-05-26,0,57
Begijnendijk,2020-05-27,0,57
Begijnendijk,2020-05-28,0,57
Begijnendijk,2020-05-29,0,57
Begijnendijk,2020-05-30,0,57
Begijnendijk,2020-05-31,0,57
Begijnendijk,2020-06-01,0,57
Begijnendijk,2020-06-02,0,57
Begijnendijk,2020-06-03,0,57
Begijnendijk,2020-06-04,0,57
Begijnendijk,2020-06-05,0,57
Begijnendijk,2020-06-06,0,57
Begijnendijk,2020-06-07,0,57
Begijnendijk,2020-06-08,0,57
Begijnendijk,2020-06-09,0,57
Begijnendijk,2020-06-10,0,57
Begijnendijk,2020-06-11,0,57
Begijnendijk,2020-06-12,0,57
Begijnendijk,2020-06-13,0,57
Begijnendijk,2020-06-14,0,57
Begijnendijk,2020-06-15,0,57
Begijnendijk,2020-06-16,0,57
Begijnendijk,2020-06-17,0,57
Begijnendijk,2020-06-18,1,58
Begijnendijk,2020-06-19,0,58
Begijnendijk,2020-06-20,0,58
Begijnendijk,2020-06-23,0,58
Begijnendijk,2020-06-24,0,58
Begijnendijk,2020-06-25,0,58
Begijnendijk,2020-06-26,0,58
Begijnendijk,2020-06-27,0,58
Begijnendijk,2020-06-30,0,58
Begijnendijk,2020-07-01,0,58
Begijnendijk,2020-07-02,0,58
Begijnendijk,2020-07-03,0,58
Begijnendijk,2020-07-04,0,58
Begijnendijk,2020-07-07,0,58
Begijnendijk,2020-07-08,0,58
Begijnendijk,2020-07-09,0,58
Begijnendijk,2020-07-10,0,58
Begijnendijk,2020-07-11,0,58
Begijnendijk,2020-07-14,0,58
Begijnendijk,2020-07-15,0,58
Begijnendijk,2020-07-16,0,58
Begijnendijk,2020-07-17,0,58
Begijnendijk,2020-07-18,0,58
Begijnendijk,2020-07-20,1,59
Begijnendijk,2020-07-21,0,59
Begijnendijk,2020-07-22,0,59
Begijnendijk,2020-07-23,1,60
Begijnendijk,2020-07-24,0,60
Begijnendijk,2020-07-25,0,60
Begijnendijk,2020-07-26,0,60
Begijnendijk,2020-07-27,0,60
Begijnendijk,2020-07-28,0,60
Begijnendijk,2020-07-29,1,61
Begijnendijk,2020-07-30,0,61
Begijnendijk,2020-07-31,0,61
Bekkevoort,2020-04-01,0,7
Bekkevoort,2020-04-02,0,7
Bekkevoort,2020-04-03,0,7
Bekkevoort,2020-04-04,0,7
Bekkevoort,2020-04-05,0,7
Bekkevoort,2020-04-06,2,9
Bekkevoort,2020-04-07,1,10
Bekkevoort,2020-04-08,3,13
Bekkevoort,2020-04-09,1,14
Bekkevoort,2020-04-10,2,16
Bekkevoort,2020-04-11,1,17
Bekkevoort,2020-04-12,8,25
Bekkevoort,2020-04-13,5,30
Bekkevoort,2020-04-14,2,32
Bekkevoort,2020-04-15,2,34
Bekkevoort,2020-04-16,1,35
Bekkevoort,2020-04-17,1,36
Bekkevoort,2020-04-18,0,36
Bekkevoort,2020-04-19,0,36
Bekkevoort,2020-04-20,0,36
Bekkevoort,2020-04-21,0,36
Bekkevoort,2020-04-22,0,36
Bekkevoort,2020-04-23,0,36
Bekkevoort,2020-04-24,0,36
Bekkevoort,2020-04-25,2,38
Bekkevoort,2020-04-26,0,38
Bekkevoort,2020-04-27,0,38
Bekkevoort,2020-04-28,0,38
Bekkevoort,2020-04-29,0,38
Bekkevoort,2020-04-30,1,39
Bekkevoort,2020-05-01,0,39
Bekkevoort,2020-05-02,0,39
Bekkevoort,2020-05-03,0,39
Bekkevoort,2020-05-04,0,39
Bekkevoort,2020-05-05,0,39
Bekkevoort,2020-05-06,1,40
Bekkevoort,2020-05-07,0,40
Bekkevoort,2020-05-08,0,40
Bekkevoort,2020-05-09,0,40
Bekkevoort,2020-05-10,0,40
Bekkevoort,2020-05-11,0,40
Bekkevoort,2020-05-12,0,40
Bekkevoort,2020-05-13,0,40
Bekkevoort,2020-05-14,0,40
Bekkevoort,2020-05-15,0,40
Bekkevoort,2020-05-16,0,40
Bekkevoort,2020-05-17,0,40
Bekkevoort,2020-05-18,0,40
Bekkevoort,2020-05-19,0,40
Bekkevoort,2020-05-20,0,40
Bekkevoort,2020-05-21,0,40
Bekkevoort,2020-05-22,0,40
Bekkevoort,2020-05-23,0,40
Bekkevoort,2020-05-24,0,40
Bekkevoort,2020-05-25,0,40
Bekkevoort,2020-05-26,0,40
Bekkevoort,2020-05-27,0,40
Bekkevoort,2020-05-28,0,40
Bekkevoort,2020-05-29,0,40
Bekkevoort,2020-05-30,0,40
Bekkevoort,2020-05-31,0,40
Bekkevoort,2020-06-01,0,40
Bekkevoort,2020-06-02,0,40
Bekkevoort,2020-06-03,0,40
Bekkevoort,2020-06-04,0,40
Bekkevoort,2020-06-05,1,41
Bekkevoort,2020-06-06,0,41
Bekkevoort,2020-06-07,0,41
Bekkevoort,2020-06-08,0,41
Bekkevoort,2020-06-09,0,41
Bekkevoort,2020-06-10,0,41
Bekkevoort,2020-06-11,0,41
Bekkevoort,2020-06-12,0,41
Bekkevoort,2020-06-13,0,41
Bekkevoort,2020-06-14,0,41
Bekkevoort,2020-06-15,0,41
Bekkevoort,2020-06-16,0,41
Bekkevoort,2020-06-17,0,41
Bekkevoort,2020-06-18,0,41
Bekkevoort,2020-06-19,0,41
Bekkevoort,2020-06-20,0,41
Bekkevoort,2020-06-23,0,41
Bekkevoort,2020-06-24,0,41
Bekkevoort,2020-06-25,0,41
Bekkevoort,2020-06-26,0,41
Bekkevoort,2020-06-27,0,41
Bekkevoort,2020-06-30,0,41
Bekkevoort,2020-07-01,0,41
Bekkevoort,2020-07-02,0,41
Bekkevoort,2020-07-03,0,41
Bekkevoort,2020-07-04,0,41
Bekkevoort,2020-07-07,0,41
Bekkevoort,2020-07-08,1,42
Bekkevoort,2020-07-09,1,43
Bekkevoort,2020-07-10,1,44
Bekkevoort,2020-07-11,0,44
Bekkevoort,2020-07-14,0,44
Bekkevoort,2020-07-15,0,44
Bekkevoort,2020-07-16,0,44
Bekkevoort,2020-07-17,0,44
Bekkevoort,2020-07-18,0,44
Bekkevoort,2020-07-20,0,44
Bekkevoort,2020-07-21,0,44
Bekkevoort,2020-07-22,0,44
Bekkevoort,2020-07-23,0,44
Bekkevoort,2020-07-24,0,44
Bekkevoort,2020-07-25,0,44
Bekkevoort,2020-07-26,0,44
Bekkevoort,2020-07-27,0,44
Bekkevoort,2020-07-28,0,44
Bekkevoort,2020-07-29,0,44
Bekkevoort,2020-07-30,0,44
Bekkevoort,2020-07-31,0,44
Bertem,2020-04-01,1,7
Bertem,2020-04-02,0,7
Bertem,2020-04-03,2,9
Bertem,2020-04-04,0,9
Bertem,2020-04-05,0,9
Bertem,2020-04-06,1,10
Bertem,2020-04-07,1,11
Bertem,2020-04-08,1,12
Bertem,2020-04-09,0,12
Bertem,2020-04-10,0,12
Bertem,2020-04-11,3,15
Bertem,2020-04-12,0,15
Bertem,2020-04-13,1,16
Bertem,2020-04-14,2,18
Bertem,2020-04-15,0,18
Bertem,2020-04-16,0,18
Bertem,2020-04-17,1,19
Bertem,2020-04-18,1,20
Bertem,2020-04-19,3,23
Bertem,2020-04-20,0,23
Bertem,2020-04-21,1,24
Bertem,2020-04-22,0,24
Bertem,2020-04-23,0,24
Bertem,2020-04-24,3,27
Bertem,2020-04-25,0,27
Bertem,2020-04-26,1,28
Bertem,2020-04-27,2,30
Bertem,2020-04-28,0,30
Bertem,2020-04-29,0,30
Bertem,2020-04-30,0,30
Bertem,2020-05-01,1,31
Bertem,2020-05-02,0,31
Bertem,2020-05-03,0,31
Bertem,2020-05-04,0,31
Bertem,2020-05-05,0,31
Bertem,2020-05-06,1,32
Bertem,2020-05-07,1,33
Bertem,2020-05-08,0,33
Bertem,2020-05-09,0,33
Bertem,2020-05-10,1,34
Bertem,2020-05-11,0,34
Bertem,2020-05-12,0,34
Bertem,2020-05-13,1,35
Bertem,2020-05-14,0,35
Bertem,2020-05-15,0,35
Bertem,2020-05-16,0,35
Bertem,2020-05-17,0,35
Bertem,2020-05-18,0,35
Bertem,2020-05-19,0,35
Bertem,2020-05-20,0,35
Bertem,2020-05-21,0,35
Bertem,2020-05-22,0,35
Bertem,2020-05-23,0,35
Bertem,2020-05-24,0,35
Bertem,2020-05-25,0,35
Bertem,2020-05-26,0,35
Bertem,2020-05-27,0,35
Bertem,2020-05-28,0,35
Bertem,2020-05-29,0,35
Bertem,2020-05-30,0,35
Bertem,2020-05-31,0,35
Bertem,2020-06-01,0,35
Bertem,2020-06-02,0,35
Bertem,2020-06-03,0,35
Bertem,2020-06-04,0,35
Bertem,2020-06-05,0,35
Bertem,2020-06-06,0,35
Bertem,2020-06-07,0,35
Bertem,2020-06-08,0,35
Bertem,2020-06-09,0,35
Bertem,2020-06-10,0,35
Bertem,2020-06-11,0,35
Bertem,2020-06-12,0,35
Bertem,2020-06-13,0,35
Bertem,2020-06-14,0,35
Bertem,2020-06-15,0,35
Bertem,2020-06-16,0,35
Bertem,2020-06-17,0,35
Bertem,2020-06-18,0,35
Bertem,2020-06-19,0,35
Bertem,2020-06-20,0,35
Bertem,2020-06-23,0,35
Bertem,2020-06-24,0,35
Bertem,2020-06-25,0,35
Bertem,2020-06-26,0,35
Bertem,2020-06-27,0,35
Bertem,2020-06-30,0,35
Bertem,2020-07-01,0,35
Bertem,2020-07-02,0,35
Bertem,2020-07-03,0,35
Bertem,2020-07-04,0,35
Bertem,2020-07-07,0,35
Bertem,2020-07-08,0,35
Bertem,2020-07-09,0,35
Bertem,2020-07-10,0,35
Bertem,2020-07-11,0,35
Bertem,2020-07-14,0,35
Bertem,2020-07-15,0,35
Bertem,2020-07-16,0,35
Bertem,2020-07-17,0,35
Bertem,2020-07-18,0,35
Bertem,2020-07-20,0,35
Bertem,2020-07-21,0,35
Bertem,2020-07-22,0,35
Bertem,2020-07-23,0,35
Bertem,2020-07-24,0,35
Bertem,2020-07-25,0,35
Bertem,2020-07-26,1,36
Bertem,2020-07-27,0,36
Bertem,2020-07-28,0,36
Bertem,2020-07-29,0,36
Bertem,2020-07-30,0,36
Bertem,2020-07-31,0,36
Bierbeek,2020-04-01,0,7
Bierbeek,2020-04-02,1,8
Bierbeek,2020-04-03,1,9
Bierbeek,2020-04-04,0,9
Bierbeek,2020-04-05,0,9
Bierbeek,2020-04-06,4,13
Bierbeek,2020-04-07,5,18
Bierbeek,2020-04-08,0,18
Bierbeek,2020-04-09,-9,9
Bierbeek,2020-04-10,0,9
Bierbeek,2020-04-11,0,9
Bierbeek,2020-04-12,0,9
Bierbeek,2020-04-13,0,9
Bierbeek,2020-04-14,0,9
Bierbeek,2020-04-15,0,9
Bierbeek,2020-04-16,2,11
Bierbeek,2020-04-17,0,11
Bierbeek,2020-04-18,0,11
Bierbeek,2020-04-19,0,11
Bierbeek,2020-04-20,0,11
Bierbeek,2020-04-21,0,11
Bierbeek,2020-04-22,0,11
Bierbeek,2020-04-23,0,11
Bierbeek,2020-04-24,0,11
Bierbeek,2020-04-25,0,11
Bierbeek,2020-04-26,0,11
Bierbeek,2020-04-27,0,11
Bierbeek,2020-04-28,0,11
Bierbeek,2020-04-29,0,11
Bierbeek,2020-04-30,2,13
Bierbeek,2020-05-01,1,14
Bierbeek,2020-05-02,0,14
Bierbeek,2020-05-03,0,14
Bierbeek,2020-05-04,0,14
Bierbeek,2020-05-05,1,15
Bierbeek,2020-05-06,1,16
Bierbeek,2020-05-07,0,16
Bierbeek,2020-05-08,0,16
Bierbeek,2020-05-09,0,16
Bierbeek,2020-05-10,0,16
Bierbeek,2020-05-11,0,16
Bierbeek,2020-05-12,0,16
Bierbeek,2020-05-13,0,16
Bierbeek,2020-05-14,0,16
Bierbeek,2020-05-15,0,16
Bierbeek,2020-05-16,0,16
Bierbeek,2020-05-17,0,16
Bierbeek,2020-05-18,0,16
Bierbeek,2020-05-19,0,16
Bierbeek,2020-05-20,0,16
Bierbeek,2020-05-21,0,16
Bierbeek,2020-05-22,0,16
Bierbeek,2020-05-23,0,16
Bierbeek,2020-05-24,0,16
Bierbeek,2020-05-25,0,16
Bierbeek,2020-05-26,0,16
Bierbeek,2020-05-27,0,16
Bierbeek,2020-05-28,0,16
Bierbeek,2020-05-29,0,16
Bierbeek,2020-05-30,0,16
Bierbeek,2020-05-31,0,16
Bierbeek,2020-06-01,0,16
Bierbeek,2020-06-02,0,16
Bierbeek,2020-06-03,0,16
Bierbeek,2020-06-04,0,16
Bierbeek,2020-06-05,0,16
Bierbeek,2020-06-06,0,16
Bierbeek,2020-06-07,0,16
Bierbeek,2020-06-08,0,16
Bierbeek,2020-06-09,0,16
Bierbeek,2020-06-10,1,17
Bierbeek,2020-06-11,0,17
Bierbeek,2020-06-12,0,17
Bierbeek,2020-06-13,0,17
Bierbeek,2020-06-14,0,17
Bierbeek,2020-06-15,0,17
Bierbeek,2020-06-16,0,17
Bierbeek,2020-06-17,0,17
Bierbeek,2020-06-18,0,17
Bierbeek,2020-06-19,0,17
Bierbeek,2020-06-20,0,17
Bierbeek,2020-06-23,0,17
Bierbeek,2020-06-24,0,17
Bierbeek,2020-06-25,0,17
Bierbeek,2020-06-26,0,17
Bierbeek,2020-06-27,0,17
Bierbeek,2020-06-30,0,17
Bierbeek,2020-07-01,0,17
Bierbeek,2020-07-02,0,17
Bierbeek,2020-07-03,0,17
Bierbeek,2020-07-04,0,17
Bierbeek,2020-07-07,1,18
Bierbeek,2020-07-08,1,19
Bierbeek,2020-07-09,-1,18
Bierbeek,2020-07-10,0,18
Bierbeek,2020-07-11,0,18
Bierbeek,2020-07-14,0,18
Bierbeek,2020-07-15,0,18
Bierbeek,2020-07-16,0,18
Bierbeek,2020-07-17,0,18
Bierbeek,2020-07-18,0,18
Bierbeek,2020-07-20,0,18
Bierbeek,2020-07-21,0,18
Bierbeek,2020-07-22,0,18
Bierbeek,2020-07-23,0,18
Bierbeek,2020-07-24,0,18
Bierbeek,2020-07-25,0,18
Bierbeek,2020-07-26,0,18
Bierbeek,2020-07-27,0,18
Bierbeek,2020-07-28,0,18
Bierbeek,2020-07-29,0,18
Bierbeek,2020-07-30,0,18
Bierbeek,2020-07-31,0,18
Boortmeerbeek,2020-04-01,0,18
Boortmeerbeek,2020-04-02,2,20
Boortmeerbeek,2020-04-03,0,20
Boortmeerbeek,2020-04-04,1,21
Boortmeerbeek,2020-04-05,0,21
Boortmeerbeek,2020-04-06,2,23
Boortmeerbeek,2020-04-07,0,23
Boortmeerbeek,2020-04-08,0,23
Boortmeerbeek,2020-04-09,0,23
Boortmeerbeek,2020-04-10,0,23
Boortmeerbeek,2020-04-11,1,24
Boortmeerbeek,2020-04-12,0,24
Boortmeerbeek,2020-04-13,0,24
Boortmeerbeek,2020-04-14,1,25
Boortmeerbeek,2020-04-15,0,25
Boortmeerbeek,2020-04-16,0,25
Boortmeerbeek,2020-04-17,1,26
Boortmeerbeek,2020-04-18,0,26
Boortmeerbeek,2020-04-19,0,26
Boortmeerbeek,2020-04-20,0,26
Boortmeerbeek,2020-04-21,0,26
Boortmeerbeek,2020-04-22,1,27
Boortmeerbeek,2020-04-23,1,28
Boortmeerbeek,2020-04-24,0,28
Boortmeerbeek,2020-04-25,0,28
Boortmeerbeek,2020-04-26,2,30
Boortmeerbeek,2020-04-27,2,32
Boortmeerbeek,2020-04-28,1,33
Boortmeerbeek,2020-04-29,1,34
Boortmeerbeek,2020-04-30,0,34
Boortmeerbeek,2020-05-01,1,35
Boortmeerbeek,2020-05-02,0,35
Boortmeerbeek,2020-05-03,1,36
Boortmeerbeek,2020-05-04,0,36
Boortmeerbeek,2020-05-05,1,37
Boortmeerbeek,2020-05-06,0,37
Boortmeerbeek,2020-05-07,0,37
Boortmeerbeek,2020-05-08,1,38
Boortmeerbeek,2020-05-09,3,41
Boortmeerbeek,2020-05-10,0,41
Boortmeerbeek,2020-05-11,1,42
Boortmeerbeek,2020-05-12,0,42
Boortmeerbeek,2020-05-13,1,43
Boortmeerbeek,2020-05-14,0,43
Boortmeerbeek,2020-05-15,1,44
Boortmeerbeek,2020-05-16,0,44
Boortmeerbeek,2020-05-17,0,44
Boortmeerbeek,2020-05-18,0,44
Boortmeerbeek,2020-05-19,0,44
Boortmeerbeek,2020-05-20,0,44
Boortmeerbeek,2020-05-21,0,44
Boortmeerbeek,2020-05-22,0,44
Boortmeerbeek,2020-05-23,0,44
Boortmeerbeek,2020-05-24,0,44
Boortmeerbeek,2020-05-25,0,44
Boortmeerbeek,2020-05-26,0,44
Boortmeerbeek,2020-05-27,0,44
Boortmeerbeek,2020-05-28,0,44
Boortmeerbeek,2020-05-29,0,44
Boortmeerbeek,2020-05-30,0,44
Boortmeerbeek,2020-05-31,0,44
Boortmeerbeek,2020-06-01,0,44
Boortmeerbeek,2020-06-02,0,44
Boortmeerbeek,2020-06-03,0,44
Boortmeerbeek,2020-06-04,0,44
Boortmeerbeek,2020-06-05,0,44
Boortmeerbeek,2020-06-06,0,44
Boortmeerbeek,2020-06-07,0,44
Boortmeerbeek,2020-06-08,0,44
Boortmeerbeek,2020-06-09,0,44
Boortmeerbeek,2020-06-10,0,44
Boortmeerbeek,2020-06-11,1,45
Boortmeerbeek,2020-06-12,0,45
Boortmeerbeek,2020-06-13,0,45
Boortmeerbeek,2020-06-14,0,45
Boortmeerbeek,2020-06-15,0,45
Boortmeerbeek,2020-06-16,0,45
Boortmeerbeek,2020-06-17,0,45
Boortmeerbeek,2020-06-18,0,45
Boortmeerbeek,2020-06-19,0,45
Boortmeerbeek,2020-06-20,0,45
Boortmeerbeek,2020-06-23,0,45
Boortmeerbeek,2020-06-24,0,45
Boortmeerbeek,2020-06-25,0,45
Boortmeerbeek,2020-06-26,0,45
Boortmeerbeek,2020-06-27,0,45
Boortmeerbeek,2020-06-30,0,45
Boortmeerbeek,2020-07-01,0,45
Boortmeerbeek,2020-07-02,0,45
Boortmeerbeek,2020-07-03,0,45
Boortmeerbeek,2020-07-04,0,45
Boortmeerbeek,2020-07-07,0,45
Boortmeerbeek,2020-07-08,0,45
Boortmeerbeek,2020-07-09,0,45
Boortmeerbeek,2020-07-10,0,45
Boortmeerbeek,2020-07-11,0,45
Boortmeerbeek,2020-07-14,0,45
Boortmeerbeek,2020-07-15,0,45
Boortmeerbeek,2020-07-16,0,45
Boortmeerbeek,2020-07-17,0,45
Boortmeerbeek,2020-07-18,0,45
Boortmeerbeek,2020-07-20,0,45
Boortmeerbeek,2020-07-21,0,45
Boortmeerbeek,2020-07-22,1,46
Boortmeerbeek,2020-07-23,0,46
Boortmeerbeek,2020-07-24,0,46
Boortmeerbeek,2020-07-25,0,46
Boortmeerbeek,2020-07-26,0,46
Boortmeerbeek,2020-07-27,0,46
Boortmeerbeek,2020-07-28,0,46
Boortmeerbeek,2020-07-29,0,46
Boortmeerbeek,2020-07-30,0,46
Boortmeerbeek,2020-07-31,0,46
Boutersem,2020-04-01,0,15
Boutersem,2020-04-02,3,18
Boutersem,2020-04-03,2,20
Boutersem,2020-04-04,0,20
Boutersem,2020-04-05,0,20
Boutersem,2020-04-06,0,20
Boutersem,2020-04-07,1,21
Boutersem,2020-04-08,5,26
Boutersem,2020-04-09,3,29
Boutersem,2020-04-10,1,30
Boutersem,2020-04-11,1,31
Boutersem,2020-04-12,1,32
Boutersem,2020-04-13,4,36
Boutersem,2020-04-14,3,39
Boutersem,2020-04-15,3,42
Boutersem,2020-04-16,0,42
Boutersem,2020-04-17,0,42
Boutersem,2020-04-18,2,44
Boutersem,2020-04-19,1,45
Boutersem,2020-04-20,0,45
Boutersem,2020-04-21,0,45
Boutersem,2020-04-22,0,45
Boutersem,2020-04-23,0,45
Boutersem,2020-04-24,0,45
Boutersem,2020-04-25,8,53
Boutersem,2020-04-26,0,53
Boutersem,2020-04-27,3,56
Boutersem,2020-04-28,0,56
Boutersem,2020-04-29,0,56
Boutersem,2020-04-30,1,57
Boutersem,2020-05-01,0,57
Boutersem,2020-05-02,0,57
Boutersem,2020-05-03,0,57
Boutersem,2020-05-04,0,57
Boutersem,2020-05-05,1,58
Boutersem,2020-05-06,0,58
Boutersem,2020-05-07,0,58
Boutersem,2020-05-08,0,58
Boutersem,2020-05-09,2,60
Boutersem,2020-05-10,1,61
Boutersem,2020-05-11,0,61
Boutersem,2020-05-12,0,61
Boutersem,2020-05-13,0,61
Boutersem,2020-05-14,0,61
Boutersem,2020-05-15,0,61
Boutersem,2020-05-16,1,62
Boutersem,2020-05-17,0,62
Boutersem,2020-05-18,0,62
Boutersem,2020-05-19,0,62
Boutersem,2020-05-20,0,62
Boutersem,2020-05-21,0,62
Boutersem,2020-05-22,0,62
Boutersem,2020-05-23,0,62
Boutersem,2020-05-24,0,62
Boutersem,2020-05-25,0,62
Boutersem,2020-05-26,0,62
Boutersem,2020-05-27,0,62
Boutersem,2020-05-28,0,62
Boutersem,2020-05-29,0,62
Boutersem,2020-05-30,0,62
Boutersem,2020-05-31,0,62
Boutersem,2020-06-01,0,62
Boutersem,2020-06-02,0,62
Boutersem,2020-06-03,0,62
Boutersem,2020-06-04,0,62
Boutersem,2020-06-05,0,62
Boutersem,2020-06-06,0,62
Boutersem,2020-06-07,0,62
Boutersem,2020-06-08,0,62
Boutersem,2020-06-09,0,62
Boutersem,2020-06-10,0,62
Boutersem,2020-06-11,0,62
Boutersem,2020-06-12,0,62
Boutersem,2020-06-13,0,62
Boutersem,2020-06-14,0,62
Boutersem,2020-06-15,0,62
Boutersem,2020-06-16,0,62
Boutersem,2020-06-17,0,62
Boutersem,2020-06-18,0,62
Boutersem,2020-06-19,0,62
Boutersem,2020-06-20,0,62
Boutersem,2020-06-23,0,62
Boutersem,2020-06-24,0,62
Boutersem,2020-06-25,0,62
Boutersem,2020-06-26,0,62
Boutersem,2020-06-27,0,62
Boutersem,2020-06-30,0,62
Boutersem,2020-07-01,0,62
Boutersem,2020-07-02,0,62
Boutersem,2020-07-03,0,62
Boutersem,2020-07-04,0,62
Boutersem,2020-07-07,0,62
Boutersem,2020-07-08,0,62
Boutersem,2020-07-09,0,62
Boutersem,2020-07-10,0,62
Boutersem,2020-07-11,0,62
Boutersem,2020-07-14,0,62
Boutersem,2020-07-15,0,62
Boutersem,2020-07-16,0,62
Boutersem,2020-07-17,0,62
Boutersem,2020-07-18,0,62
Boutersem,2020-07-20,0,62
Boutersem,2020-07-21,0,62
Boutersem,2020-07-22,0,62
Boutersem,2020-07-23,1,63
Boutersem,2020-07-24,0,63
Boutersem,2020-07-25,0,63
Boutersem,2020-07-26,0,63
Boutersem,2020-07-27,0,63
Boutersem,2020-07-28,0,63
Boutersem,2020-07-29,0,63
Boutersem,2020-07-30,0,63
Boutersem,2020-07-31,0,63
Diest,2020-04-01,7,40
Diest,2020-04-02,4,44
Diest,2020-04-03,3,47
Diest,2020-04-04,3,50
Diest,2020-04-05,6,56
Diest,2020-04-06,5,61
Diest,2020-04-07,1,62
Diest,2020-04-08,10,72
Diest,2020-04-09,1,73
Diest,2020-04-10,1,74
Diest,2020-04-11,3,77
Diest,2020-04-12,3,80
Diest,2020-04-13,3,83
Diest,2020-04-14,1,84
Diest,2020-04-15,6,90
Diest,2020-04-16,3,93
Diest,2020-04-17,2,95
Diest,2020-04-18,3,98
Diest,2020-04-19,5,103
Diest,2020-04-20,0,103
Diest,2020-04-21,0,103
Diest,2020-04-22,3,106
Diest,2020-04-23,0,106
Diest,2020-04-24,0,106
Diest,2020-04-25,0,106
Diest,2020-04-26,1,107
Diest,2020-04-27,0,107
Diest,2020-04-28,0,107
Diest,2020-04-29,1,108
Diest,2020-04-30,1,109
Diest,2020-05-01,0,109
Diest,2020-05-02,1,110
Diest,2020-05-03,0,110
Diest,2020-05-04,0,110
Diest,2020-05-05,1,111
Diest,2020-05-06,2,113
Diest,2020-05-07,6,119
Diest,2020-05-08,1,120
Diest,2020-05-09,1,121
Diest,2020-05-10,1,122
Diest,2020-05-11,0,122
Diest,2020-05-12,0,122
Diest,2020-05-13,0,122
Diest,2020-05-14,1,123
Diest,2020-05-15,0,123
Diest,2020-05-16,0,123
Diest,2020-05-17,1,124
Diest,2020-05-18,0,124
Diest,2020-05-19,1,125
Diest,2020-05-20,0,125
Diest,2020-05-21,0,125
Diest,2020-05-22,0,125
Diest,2020-05-23,0,125
Diest,2020-05-24,2,127
Diest,2020-05-25,0,127
Diest,2020-05-26,0,127
Diest,2020-05-27,1,128
Diest,2020-05-28,0,128
Diest,2020-05-29,0,128
Diest,2020-05-30,0,128
Diest,2020-05-31,1,129
Diest,2020-06-01,0,129
Diest,2020-06-02,0,129
Diest,2020-06-03,0,129
Diest,2020-06-04,0,129
Diest,2020-06-05,0,129
Diest,2020-06-06,0,129
Diest,2020-06-07,0,129
Diest,2020-06-08,0,129
Diest,2020-06-09,1,130
Diest,2020-06-10,0,130
Diest,2020-06-11,0,130
Diest,2020-06-12,0,130
Diest,2020-06-13,0,130
Diest,2020-06-14,0,130
Diest,2020-06-15,0,130
Diest,2020-06-16,0,130
Diest,2020-06-17,0,130
Diest,2020-06-18,0,130
Diest,2020-06-19,2,132
Diest,2020-06-20,0,132
Diest,2020-06-23,0,132
Diest,2020-06-24,0,132
Diest,2020-06-25,0,132
Diest,2020-06-26,1,133
Diest,2020-06-27,0,133
Diest,2020-06-30,0,133
Diest,2020-07-01,0,133
Diest,2020-07-02,0,133
Diest,2020-07-03,0,133
Diest,2020-07-04,0,133
Diest,2020-07-07,0,133
Diest,2020-07-08,0,133
Diest,2020-07-09,0,133
Diest,2020-07-10,1,134
Diest,2020-07-11,0,134
Diest,2020-07-14,1,135
Diest,2020-07-15,0,135
Diest,2020-07-16,0,135
Diest,2020-07-17,2,137
Diest,2020-07-18,0,137
Diest,2020-07-20,1,138
Diest,2020-07-21,0,138
Diest,2020-07-22,0,138
Diest,2020-07-23,0,138
Diest,2020-07-24,1,139
Diest,2020-07-25,0,139
Diest,2020-07-26,1,140
Diest,2020-07-27,2,142
Diest,2020-07-28,2,144
Diest,2020-07-29,0,144
Diest,2020-07-30,0,144
Diest,2020-07-31,1,145
Geetbets,2020-04-01,0,15
Geetbets,2020-04-02,7,22
Geetbets,2020-04-03,2,24
Geetbets,2020-04-04,6,30
Geetbets,2020-04-05,7,37
Geetbets,2020-04-06,5,42
Geetbets,2020-04-07,1,43
Geetbets,2020-04-08,0,43
Geetbets,2020-04-09,6,49
Geetbets,2020-04-10,4,53
Geetbets,2020-04-11,3,56
Geetbets,2020-04-12,4,60
Geetbets,2020-04-13,1,61
Geetbets,2020-04-14,1,62
Geetbets,2020-04-15,1,63
Geetbets,2020-04-16,0,63
Geetbets,2020-04-17,7,70
Geetbets,2020-04-18,4,74
Geetbets,2020-04-19,0,74
Geetbets,2020-04-20,1,75
Geetbets,2020-04-21,1,76
Geetbets,2020-04-22,2,78
Geetbets,2020-04-23,1,79
Geetbets,2020-04-24,0,79
Geetbets,2020-04-25,1,80
Geetbets,2020-04-26,1,81
Geetbets,2020-04-27,0,81
Geetbets,2020-04-28,0,81
Geetbets,2020-04-29,0,81
Geetbets,2020-04-30,0,81
Geetbets,2020-05-01,0,81
Geetbets,2020-05-02,0,81
Geetbets,2020-05-03,0,81
Geetbets,2020-05-04,0,81
Geetbets,2020-05-05,0,81
Geetbets,2020-05-06,0,81
Geetbets,2020-05-07,2,83
Geetbets,2020-05-08,0,83
Geetbets,2020-05-09,0,83
Geetbets,2020-05-10,0,83
Geetbets,2020-05-11,1,84
Geetbets,2020-05-12,1,85
Geetbets,2020-05-13,0,85
Geetbets,2020-05-14,0,85
Geetbets,2020-05-15,0,85
Geetbets,2020-05-16,0,85
Geetbets,2020-05-17,0,85
Geetbets,2020-05-18,0,85
Geetbets,2020-05-19,1,86
Geetbets,2020-05-20,0,86
Geetbets,2020-05-21,0,86
Geetbets,2020-05-22,0,86
Geetbets,2020-05-23,2,88
Geetbets,2020-05-24,0,88
Geetbets,2020-05-25,0,88
Geetbets,2020-05-26,-2,86
Geetbets,2020-05-27,0,86
Geetbets,2020-05-28,0,86
Geetbets,2020-05-29,0,86
Geetbets,2020-05-30,0,86
Geetbets,2020-05-31,1,87
Geetbets,2020-06-01,0,87
Geetbets,2020-06-02,0,87
Geetbets,2020-06-03,0,87
Geetbets,2020-06-04,0,87
Geetbets,2020-06-05,0,87
Geetbets,2020-06-06,0,87
Geetbets,2020-06-07,0,87
Geetbets,2020-06-08,0,87
Geetbets,2020-06-09,0,87
Geetbets,2020-06-10,0,87
Geetbets,2020-06-11,0,87
Geetbets,2020-06-12,0,87
Geetbets,2020-06-13,0,87
Geetbets,2020-06-14,0,87
Geetbets,2020-06-15,0,87
Geetbets,2020-06-16,0,87
Geetbets,2020-06-17,0,87
Geetbets,2020-06-18,0,87
Geetbets,2020-06-19,0,87
Geetbets,2020-06-20,0,87
Geetbets,2020-06-23,0,87
Geetbets,2020-06-24,0,87
Geetbets,2020-06-25,0,87
Geetbets,2020-06-26,0,87
Geetbets,2020-06-27,0,87
Geetbets,2020-06-30,0,87
Geetbets,2020-07-01,0,87
Geetbets,2020-07-02,0,87
Geetbets,2020-07-03,0,87
Geetbets,2020-07-04,0,87
Geetbets,2020-07-07,0,87
Geetbets,2020-07-08,0,87
Geetbets,2020-07-09,0,87
Geetbets,2020-07-10,0,87
Geetbets,2020-07-11,0,87
Geetbets,2020-07-14,0,87
Geetbets,2020-07-15,0,87
Geetbets,2020-07-16,0,87
Geetbets,2020-07-17,0,87
Geetbets,2020-07-18,0,87
Geetbets,2020-07-20,0,87
Geetbets,2020-07-21,0,87
Geetbets,2020-07-22,0,87
Geetbets,2020-07-23,0,87
Geetbets,2020-07-24,0,87
Geetbets,2020-07-25,0,87
Geetbets,2020-07-26,0,87
Geetbets,2020-07-27,0,87
Geetbets,2020-07-28,0,87
Geetbets,2020-07-29,0,87
Geetbets,2020-07-30,0,87
Geetbets,2020-07-31,0,87
Haacht,2020-04-01,2,9
Haacht,2020-04-02,1,10
Haacht,2020-04-03,0,10
Haacht,2020-04-04,0,10
Haacht,2020-04-05,0,10
Haacht,2020-04-06,1,11
Haacht,2020-04-07,0,11
Haacht,2020-04-08,1,12
Haacht,2020-04-09,1,13
Haacht,2020-04-10,0,13
Haacht,2020-04-11,1,14
Haacht,2020-04-12,2,16
Haacht,2020-04-13,0,16
Haacht,2020-04-14,0,16
Haacht,2020-04-15,0,16
Haacht,2020-04-16,0,16
Haacht,2020-04-17,0,16
Haacht,2020-04-18,0,16
Haacht,2020-04-19,0,16
Haacht,2020-04-20,1,17
Haacht,2020-04-21,1,18
Haacht,2020-04-22,0,18
Haacht,2020-04-23,0,18
Haacht,2020-04-24,0,18
Haacht,2020-04-25,1,19
Haacht,2020-04-26,2,21
Haacht,2020-04-27,0,21
Haacht,2020-04-28,0,21
Haacht,2020-04-29,0,21
Haacht,2020-04-30,0,21
Haacht,2020-05-01,0,21
Haacht,2020-05-02,0,21
Haacht,2020-05-03,0,21
Haacht,2020-05-04,0,21
Haacht,2020-05-05,0,21
Haacht,2020-05-06,1,22
Haacht,2020-05-07,0,22
Haacht,2020-05-08,0,22
Haacht,2020-05-09,1,23
Haacht,2020-05-10,0,23
Haacht,2020-05-11,1,24
Haacht,2020-05-12,0,24
Haacht,2020-05-13,0,24
Haacht,2020-05-14,0,24
Haacht,2020-05-15,0,24
Haacht,2020-05-16,0,24
Haacht,2020-05-17,0,24
Haacht,2020-05-18,0,24
Haacht,2020-05-19,0,24
Haacht,2020-05-20,0,24
Haacht,2020-05-21,0,24
Haacht,2020-05-22,0,24
Haacht,2020-05-23,1,25
Haacht,2020-05-24,1,26
Haacht,2020-05-25,0,26
Haacht,2020-05-26,0,26
Haacht,2020-05-27,0,26
Haacht,2020-05-28,1,27
Haacht,2020-05-29,0,27
Haacht,2020-05-30,0,27
Haacht,2020-05-31,0,27
Haacht,2020-06-01,0,27
Haacht,2020-06-02,1,28
Haacht,2020-06-03,0,28
Haacht,2020-06-04,0,28
Haacht,2020-06-05,0,28
Haacht,2020-06-06,1,29
Haacht,2020-06-07,0,29
Haacht,2020-06-08,0,29
Haacht,2020-06-09,1,30
Haacht,2020-06-10,0,30
Haacht,2020-06-11,0,30
Haacht,2020-06-12,0,30
Haacht,2020-06-13,0,30
Haacht,2020-06-14,0,30
Haacht,2020-06-15,0,30
Haacht,2020-06-16,0,30
Haacht,2020-06-17,0,30
Haacht,2020-06-18,0,30
Haacht,2020-06-19,0,30
Haacht,2020-06-20,0,30
Haacht,2020-06-23,0,30
Haacht,2020-06-24,0,30
Haacht,2020-06-25,0,30
Haacht,2020-06-26,0,30
Haacht,2020-06-27,0,30
Haacht,2020-06-30,0,30
Haacht,2020-07-01,0,30
Haacht,2020-07-02,0,30
Haacht,2020-07-03,0,30
Haacht,2020-07-04,0,30
Haacht,2020-07-07,0,30
Haacht,2020-07-08,0,30
Haacht,2020-07-09,0,30
Haacht,2020-07-10,0,30
Haacht,2020-07-11,0,30
Haacht,2020-07-14,0,30
Haacht,2020-07-15,0,30
Haacht,2020-07-16,0,30
Haacht,2020-07-17,0,30
Haacht,2020-07-18,0,30
Haacht,2020-07-20,0,30
Haacht,2020-07-21,0,30
Haacht,2020-07-22,0,30
Haacht,2020-07-23,0,30
Haacht,2020-07-24,0,30
Haacht,2020-07-25,0,30
Haacht,2020-07-26,0,30
Haacht,2020-07-27,0,30
Haacht,2020-07-28,0,30
Haacht,2020-07-29,0,30
Haacht,2020-07-30,0,30
Haacht,2020-07-31,0,30
Herent,2020-04-01,1,27
Herent,2020-04-02,6,33
Herent,2020-04-03,1,34
Herent,2020-04-04,1,35
Herent,2020-04-05,0,35
Herent,2020-04-06,2,37
Herent,2020-04-07,0,37
Herent,2020-04-08,5,42
Herent,2020-04-09,3,45
Herent,2020-04-10,2,47
Herent,2020-04-11,3,50
Herent,2020-04-12,2,52
Herent,2020-04-13,1,53
Herent,2020-04-14,0,53
Herent,2020-04-15,8,61
Herent,2020-04-16,1,62
Herent,2020-04-17,1,63
Herent,2020-04-18,3,66
Herent,2020-04-19,6,72
Herent,2020-04-20,1,73
Herent,2020-04-21,0,73
Herent,2020-04-22,2,75
Herent,2020-04-23,1,76
Herent,2020-04-24,0,76
Herent,2020-04-25,15,91
Herent,2020-04-26,43,134
Herent,2020-04-27,3,137
Herent,2020-04-28,1,138
Herent,2020-04-29,3,141
Herent,2020-04-30,0,141
Herent,2020-05-01,0,141
Herent,2020-05-02,0,141
Herent,2020-05-03,0,141
Herent,2020-05-04,0,141
Herent,2020-05-05,0,141
Herent,2020-05-06,0,141
Herent,2020-05-07,0,141
Herent,2020-05-08,0,141
Herent,2020-05-09,1,142
Herent,2020-05-10,2,144
Herent,2020-05-11,0,144
Herent,2020-05-12,0,144
Herent,2020-05-13,1,145
Herent,2020-05-14,1,146
Herent,2020-05-15,1,147
Herent,2020-05-16,0,147
Herent,2020-05-17,2,149
Herent,2020-05-18,0,149
Herent,2020-05-19,0,149
Herent,2020-05-20,0,149
Herent,2020-05-21,1,150
Herent,2020-05-22,0,150
Herent,2020-05-23,0,150
Herent,2020-05-24,3,153
Herent,2020-05-25,0,153
Herent,2020-05-26,0,153
Herent,2020-05-27,0,153
Herent,2020-05-28,0,153
Herent,2020-05-29,0,153
Herent,2020-05-30,1,154
Herent,2020-05-31,0,154
Herent,2020-06-01,0,154
Herent,2020-06-02,0,154
Herent,2020-06-03,0,154
Herent,2020-06-04,0,154
Herent,2020-06-05,0,154
Herent,2020-06-06,0,154
Herent,2020-06-07,0,154
Herent,2020-06-08,0,154
Herent,2020-06-09,0,154
Herent,2020-06-10,0,154
Herent,2020-06-11,0,154
Herent,2020-06-12,0,154
Herent,2020-06-13,1,155
Herent,2020-06-14,0,155
Herent,2020-06-15,0,155
Herent,2020-06-16,0,155
Herent,2020-06-17,0,155
Herent,2020-06-18,0,155
Herent,2020-06-19,2,157
Herent,2020-06-20,1,158
Herent,2020-06-23,0,158
Herent,2020-06-24,0,158
Herent,2020-06-25,0,158
Herent,2020-06-26,1,159
Herent,2020-06-27,0,159
Herent,2020-06-30,0,159
Herent,2020-07-01,0,159
Herent,2020-07-02,0,159
Herent,2020-07-03,0,159
Herent,2020-07-04,0,159
Herent,2020-07-07,0,159
Herent,2020-07-08,0,159
Herent,2020-07-09,0,159
Herent,2020-07-10,0,159
Herent,2020-07-11,0,159
Herent,2020-07-14,0,159
Herent,2020-07-15,0,159
Herent,2020-07-16,0,159
Herent,2020-07-17,0,159
Herent,2020-07-18,0,159
Herent,2020-07-20,2,161
Herent,2020-07-21,0,161
Herent,2020-07-22,0,161
Herent,2020-07-23,0,161
Herent,2020-07-24,0,161
Herent,2020-07-25,0,161
Herent,2020-07-26,0,161
Herent,2020-07-27,0,161
Herent,2020-07-28,1,162
Herent,2020-07-29,0,162
Herent,2020-07-30,0,162
Herent,2020-07-31,0,162
Hoegaarden,2020-04-01,0,13
Hoegaarden,2020-04-02,1,14
Hoegaarden,2020-04-03,1,15
Hoegaarden,2020-04-04,0,15
Hoegaarden,2020-04-05,1,16
Hoegaarden,2020-04-06,0,16
Hoegaarden,2020-04-07,0,16
Hoegaarden,2020-04-08,0,16
Hoegaarden,2020-04-09,0,16
Hoegaarden,2020-04-10,1,17
Hoegaarden,2020-04-11,1,18
Hoegaarden,2020-04-12,0,18
Hoegaarden,2020-04-13,0,18
Hoegaarden,2020-04-14,0,18
Hoegaarden,2020-04-15,1,19
Hoegaarden,2020-04-16,1,20
Hoegaarden,2020-04-17,1,21
Hoegaarden,2020-04-18,0,21
Hoegaarden,2020-04-19,2,23
Hoegaarden,2020-04-20,0,23
Hoegaarden,2020-04-21,0,23
Hoegaarden,2020-04-22,0,23
Hoegaarden,2020-04-23,0,23
Hoegaarden,2020-04-24,0,23
Hoegaarden,2020-04-25,0,23
Hoegaarden,2020-04-26,0,23
Hoegaarden,2020-04-27,0,23
Hoegaarden,2020-04-28,0,23
Hoegaarden,2020-04-29,0,23
Hoegaarden,2020-04-30,0,23
Hoegaarden,2020-05-01,0,23
Hoegaarden,2020-05-02,1,24
Hoegaarden,2020-05-03,0,24
Hoegaarden,2020-05-04,0,24
Hoegaarden,2020-05-05,0,24
Hoegaarden,2020-05-06,0,24
Hoegaarden,2020-05-07,0,24
Hoegaarden,2020-05-08,0,24
Hoegaarden,2020-05-09,0,24
Hoegaarden,2020-05-10,0,24
Hoegaarden,2020-05-11,0,24
Hoegaarden,2020-05-12,0,24
Hoegaarden,2020-05-13,0,24
Hoegaarden,2020-05-14,0,24
Hoegaarden,2020-05-15,0,24
Hoegaarden,2020-05-16,0,24
Hoegaarden,2020-05-17,0,24
Hoegaarden,2020-05-18,0,24
Hoegaarden,2020-05-19,0,24
Hoegaarden,2020-05-20,0,24
Hoegaarden,2020-05-21,0,24
Hoegaarden,2020-05-22,0,24
Hoegaarden,2020-05-23,0,24
Hoegaarden,2020-05-24,0,24
Hoegaarden,2020-05-25,0,24
Hoegaarden,2020-05-26,0,24
Hoegaarden,2020-05-27,0,24
Hoegaarden,2020-05-28,0,24
Hoegaarden,2020-05-29,0,24
Hoegaarden,2020-05-30,0,24
Hoegaarden,2020-05-31,0,24
Hoegaarden,2020-06-01,0,24
Hoegaarden,2020-06-02,0,24
Hoegaarden,2020-06-03,0,24
Hoegaarden,2020-06-04,0,24
Hoegaarden,2020-06-05,0,24
Hoegaarden,2020-06-06,0,24
Hoegaarden,2020-06-07,1,25
Hoegaarden,2020-06-08,0,25
Hoegaarden,2020-06-09,0,25
Hoegaarden,2020-06-10,0,25
Hoegaarden,2020-06-11,1,26
Hoegaarden,2020-06-12,-1,25
Hoegaarden,2020-06-13,0,25
Hoegaarden,2020-06-14,0,25
Hoegaarden,2020-06-15,0,25
Hoegaarden,2020-06-16,0,25
Hoegaarden,2020-06-17,0,25
Hoegaarden,2020-06-18,0,25
Hoegaarden,2020-06-19,0,25
Hoegaarden,2020-06-20,0,25
Hoegaarden,2020-06-23,0,25
Hoegaarden,2020-06-24,0,25
Hoegaarden,2020-06-25,0,25
Hoegaarden,2020-06-26,0,25
Hoegaarden,2020-06-27,0,25
Hoegaarden,2020-06-30,1,26
Hoegaarden,2020-07-01,0,26
Hoegaarden,2020-07-02,0,26
Hoegaarden,2020-07-03,0,26
Hoegaarden,2020-07-04,0,26
Hoegaarden,2020-07-07,0,26
Hoegaarden,2020-07-08,0,26
Hoegaarden,2020-07-09,0,26
Hoegaarden,2020-07-10,0,26
Hoegaarden,2020-07-11,0,26
Hoegaarden,2020-07-14,0,26
Hoegaarden,2020-07-15,0,26
Hoegaarden,2020-07-16,0,26
Hoegaarden,2020-07-17,0,26
Hoegaarden,2020-07-18,0,26
Hoegaarden,2020-07-20,0,26
Hoegaarden,2020-07-21,0,26
Hoegaarden,2020-07-22,0,26
Hoegaarden,2020-07-23,0,26
Hoegaarden,2020-07-24,0,26
Hoegaarden,2020-07-25,0,26
Hoegaarden,2020-07-26,0,26
Hoegaarden,2020-07-27,0,26
Hoegaarden,2020-07-28,0,26
Hoegaarden,2020-07-29,0,26
Hoegaarden,2020-07-30,0,26
Hoegaarden,2020-07-31,0,26
Holsbeek,2020-04-01,2,16
Holsbeek,2020-04-02,0,16
Holsbeek,2020-04-03,1,17
Holsbeek,2020-04-04,1,18
Holsbeek,2020-04-05,2,20
Holsbeek,2020-04-06,2,22
Holsbeek,2020-04-07,0,22
Holsbeek,2020-04-08,1,23
Holsbeek,2020-04-09,1,24
Holsbeek,2020-04-10,3,27
Holsbeek,2020-04-11,0,27
Holsbeek,2020-04-12,0,27
Holsbeek,2020-04-13,0,27
Holsbeek,2020-04-14,1,28
Holsbeek,2020-04-15,0,28
Holsbeek,2020-04-16,1,29
Holsbeek,2020-04-17,1,30
Holsbeek,2020-04-18,0,30
Holsbeek,2020-04-19,0,30
Holsbeek,2020-04-20,0,30
Holsbeek,2020-04-21,0,30
Holsbeek,2020-04-22,0,30
Holsbeek,2020-04-23,1,31
Holsbeek,2020-04-24,0,31
Holsbeek,2020-04-25,3,34
Holsbeek,2020-04-26,0,34
Holsbeek,2020-04-27,1,35
Holsbeek,2020-04-28,0,35
Holsbeek,2020-04-29,0,35
Holsbeek,2020-04-30,0,35
Holsbeek,2020-05-01,0,35
Holsbeek,2020-05-02,0,35
Holsbeek,2020-05-03,0,35
Holsbeek,2020-05-04,0,35
Holsbeek,2020-05-05,1,36
Holsbeek,2020-05-06,0,36
Holsbeek,2020-05-07,0,36
Holsbeek,2020-05-08,1,37
Holsbeek,2020-05-09,0,37
Holsbeek,2020-05-10,1,38
Holsbeek,2020-05-11,0,38
Holsbeek,2020-05-12,0,38
Holsbeek,2020-05-13,1,39
Holsbeek,2020-05-14,0,39
Holsbeek,2020-05-15,0,39
Holsbeek,2020-05-16,0,39
Holsbeek,2020-05-17,1,40
Holsbeek,2020-05-18,0,40
Holsbeek,2020-05-19,0,40
Holsbeek,2020-05-20,1,41
Holsbeek,2020-05-21,0,41
Holsbeek,2020-05-22,0,41
Holsbeek,2020-05-23,0,41
Holsbeek,2020-05-24,0,41
Holsbeek,2020-05-25,0,41
Holsbeek,2020-05-26,0,41
Holsbeek,2020-05-27,0,41
Holsbeek,2020-05-28,0,41
Holsbeek,2020-05-29,0,41
Holsbeek,2020-05-30,0,41
Holsbeek,2020-05-31,0,41
Holsbeek,2020-06-01,0,41
Holsbeek,2020-06-02,0,41
Holsbeek,2020-06-03,0,41
Holsbeek,2020-06-04,0,41
Holsbeek,2020-06-05,0,41
Holsbeek,2020-06-06,1,42
Holsbeek,2020-06-07,0,42
Holsbeek,2020-06-08,0,42
Holsbeek,2020-06-09,0,42
Holsbeek,2020-06-10,0,42
Holsbeek,2020-06-11,1,43
Holsbeek,2020-06-12,0,43
Holsbeek,2020-06-13,0,43
Holsbeek,2020-06-14,0,43
Holsbeek,2020-06-15,0,43
Holsbeek,2020-06-16,0,43
Holsbeek,2020-06-17,0,43
Holsbeek,2020-06-18,0,43
Holsbeek,2020-06-19,0,43
Holsbeek,2020-06-20,0,43
Holsbeek,2020-06-23,0,43
Holsbeek,2020-06-24,0,43
Holsbeek,2020-06-25,0,43
Holsbeek,2020-06-26,0,43
Holsbeek,2020-06-27,0,43
Holsbeek,2020-06-30,0,43
Holsbeek,2020-07-01,0,43
Holsbeek,2020-07-02,0,43
Holsbeek,2020-07-03,0,43
Holsbeek,2020-07-04,0,43
Holsbeek,2020-07-07,0,43
Holsbeek,2020-07-08,0,43
Holsbeek,2020-07-09,0,43
Holsbeek,2020-07-10,0,43
Holsbeek,2020-07-11,0,43
Holsbeek,2020-07-14,0,43
Holsbeek,2020-07-15,0,43
Holsbeek,2020-07-16,0,43
Holsbeek,2020-07-17,0,43
Holsbeek,2020-07-18,0,43
Holsbeek,2020-07-20,0,43
Holsbeek,2020-07-21,0,43
Holsbeek,2020-07-22,0,43
Holsbeek,2020-07-23,0,43
Holsbeek,2020-07-24,0,43
Holsbeek,2020-07-25,0,43
Holsbeek,2020-07-26,0,43
Holsbeek,2020-07-27,0,43
Holsbeek,2020-07-28,0,43
Holsbeek,2020-07-29,0,43
Holsbeek,2020-07-30,0,43
Holsbeek,2020-07-31,1,44
Huldenberg,2020-04-01,1,15
Huldenberg,2020-04-02,0,15
Huldenberg,2020-04-03,0,15
Huldenberg,2020-04-04,1,16
Huldenberg,2020-04-05,1,17
Huldenberg,2020-04-06,0,17
Huldenberg,2020-04-07,0,17
Huldenberg,2020-04-08,1,18
Huldenberg,2020-04-09,1,19
Huldenberg,2020-04-10,2,21
Huldenberg,2020-04-11,1,22
Huldenberg,2020-04-12,0,22
Huldenberg,2020-04-13,1,23
Huldenberg,2020-04-14,0,23
Huldenberg,2020-04-15,0,23
Huldenberg,2020-04-16,1,24
Huldenberg,2020-04-17,0,24
Huldenberg,2020-04-18,1,25
Huldenberg,2020-04-19,0,25
Huldenberg,2020-04-20,0,25
Huldenberg,2020-04-21,1,26
Huldenberg,2020-04-22,0,26
Huldenberg,2020-04-23,1,27
Huldenberg,2020-04-24,1,28
Huldenberg,2020-04-25,3,31
Huldenberg,2020-04-26,1,32
Huldenberg,2020-04-27,0,32
Huldenberg,2020-04-28,0,32
Huldenberg,2020-04-29,0,32
Huldenberg,2020-04-30,0,32
Huldenberg,2020-05-01,0,32
Huldenberg,2020-05-02,0,32
Huldenberg,2020-05-03,0,32
Huldenberg,2020-05-04,0,32
Huldenberg,2020-05-05,0,32
Huldenberg,2020-05-06,0,32
Huldenberg,2020-05-07,0,32
Huldenberg,2020-05-08,0,32
Huldenberg,2020-05-09,0,32
Huldenberg,2020-05-10,0,32
Huldenberg,2020-05-11,0,32
Huldenberg,2020-05-12,0,32
Huldenberg,2020-05-13,1,33
Huldenberg,2020-05-14,0,33
Huldenberg,2020-05-15,1,34
Huldenberg,2020-05-16,0,34
Huldenberg,2020-05-17,0,34
Huldenberg,2020-05-18,2,36
Huldenberg,2020-05-19,0,36
Huldenberg,2020-05-20,0,36
Huldenberg,2020-05-21,0,36
Huldenberg,2020-05-22,0,36
Huldenberg,2020-05-23,0,36
Huldenberg,2020-05-24,0,36
Huldenberg,2020-05-25,0,36
Huldenberg,2020-05-26,0,36
Huldenberg,2020-05-27,0,36
Huldenberg,2020-05-28,0,36
Huldenberg,2020-05-29,0,36
Huldenberg,2020-05-30,0,36
Huldenberg,2020-05-31,0,36
Huldenberg,2020-06-01,0,36
Huldenberg,2020-06-02,0,36
Huldenberg,2020-06-03,0,36
Huldenberg,2020-06-04,0,36
Huldenberg,2020-06-05,0,36
Huldenberg,2020-06-06,0,36
Huldenberg,2020-06-07,0,36
Huldenberg,2020-06-08,0,36
Huldenberg,2020-06-09,0,36
Huldenberg,2020-06-10,0,36
Huldenberg,2020-06-11,0,36
Huldenberg,2020-06-12,0,36
Huldenberg,2020-06-13,0,36
Huldenberg,2020-06-14,0,36
Huldenberg,2020-06-15,0,36
Huldenberg,2020-06-16,0,36
Huldenberg,2020-06-17,0,36
Huldenberg,2020-06-18,0,36
Huldenberg,2020-06-19,0,36
Huldenberg,2020-06-20,0,36
Huldenberg,2020-06-23,0,36
Huldenberg,2020-06-24,0,36
Huldenberg,2020-06-25,0,36
Huldenberg,2020-06-26,0,36
Huldenberg,2020-06-27,0,36
Huldenberg,2020-06-30,0,36
Huldenberg,2020-07-01,0,36
Huldenberg,2020-07-02,0,36
Huldenberg,2020-07-03,1,37
Huldenberg,2020-07-04,0,37
Huldenberg,2020-07-07,0,37
Huldenberg,2020-07-08,0,37
Huldenberg,2020-07-09,0,37
Huldenberg,2020-07-10,0,37
Huldenberg,2020-07-11,0,37
Huldenberg,2020-07-14,0,37
Huldenberg,2020-07-15,0,37
Huldenberg,2020-07-16,0,37
Huldenberg,2020-07-17,0,37
Huldenberg,2020-07-18,0,37
Huldenberg,2020-07-20,0,37
Huldenberg,2020-07-21,1,38
Huldenberg,2020-07-22,0,38
Huldenberg,2020-07-23,0,38
Huldenberg,2020-07-24,0,38
Huldenberg,2020-07-25,0,38
Huldenberg,2020-07-26,0,38
Huldenberg,2020-07-27,0,38
Huldenberg,2020-07-28,0,38
Huldenberg,2020-07-29,0,38
Huldenberg,2020-07-30,0,38
Huldenberg,2020-07-31,0,38
Keerbergen,2020-04-01,1,16
Keerbergen,2020-04-02,7,23
Keerbergen,2020-04-03,4,27
Keerbergen,2020-04-04,3,30
Keerbergen,2020-04-05,2,32
Keerbergen,2020-04-06,1,33
Keerbergen,2020-04-07,0,33
Keerbergen,2020-04-08,2,35
Keerbergen,2020-04-09,7,42
Keerbergen,2020-04-10,1,43
Keerbergen,2020-04-11,3,46
Keerbergen,2020-04-12,0,46
Keerbergen,2020-04-13,0,46
Keerbergen,2020-04-14,0,46
Keerbergen,2020-04-15,0,46
Keerbergen,2020-04-16,0,46
Keerbergen,2020-04-17,0,46
Keerbergen,2020-04-18,0,46
Keerbergen,2020-04-19,0,46
Keerbergen,2020-04-20,0,46
Keerbergen,2020-04-21,1,47
Keerbergen,2020-04-22,0,47
Keerbergen,2020-04-23,0,47
Keerbergen,2020-04-24,1,48
Keerbergen,2020-04-25,0,48
Keerbergen,2020-04-26,0,48
Keerbergen,2020-04-27,0,48
Keerbergen,2020-04-28,0,48
Keerbergen,2020-04-29,0,48
Keerbergen,2020-04-30,1,49
Keerbergen,2020-05-01,1,50
Keerbergen,2020-05-02,0,50
Keerbergen,2020-05-03,0,50
Keerbergen,2020-05-04,0,50
Keerbergen,2020-05-05,0,50
Keerbergen,2020-05-06,0,50
Keerbergen,2020-05-07,0,50
Keerbergen,2020-05-08,0,50
Keerbergen,2020-05-09,1,51
Keerbergen,2020-05-10,0,51
Keerbergen,2020-05-11,0,51
Keerbergen,2020-05-12,0,51
Keerbergen,2020-05-13,0,51
Keerbergen,2020-05-14,0,51
Keerbergen,2020-05-15,0,51
Keerbergen,2020-05-16,0,51
Keerbergen,2020-05-17,0,51
Keerbergen,2020-05-18,0,51
Keerbergen,2020-05-19,0,51
Keerbergen,2020-05-20,0,51
Keerbergen,2020-05-21,0,51
Keerbergen,2020-05-22,0,51
Keerbergen,2020-05-23,0,51
Keerbergen,2020-05-24,0,51
Keerbergen,2020-05-25,0,51
Keerbergen,2020-05-26,0,51
Keerbergen,2020-05-27,0,51
Keerbergen,2020-05-28,0,51
Keerbergen,2020-05-29,0,51
Keerbergen,2020-05-30,0,51
Keerbergen,2020-05-31,0,51
Keerbergen,2020-06-01,0,51
Keerbergen,2020-06-02,0,51
Keerbergen,2020-06-03,0,51
Keerbergen,2020-06-04,0,51
Keerbergen,2020-06-05,1,52
Keerbergen,2020-06-06,0,52
Keerbergen,2020-06-07,0,52
Keerbergen,2020-06-08,0,52
Keerbergen,2020-06-09,0,52
Keerbergen,2020-06-10,0,52
Keerbergen,2020-06-11,1,53
Keerbergen,2020-06-12,0,53
Keerbergen,2020-06-13,0,53
Keerbergen,2020-06-14,0,53
Keerbergen,2020-06-15,0,53
Keerbergen,2020-06-16,0,53
Keerbergen,2020-06-17,0,53
Keerbergen,2020-06-18,0,53
Keerbergen,2020-06-19,0,53
Keerbergen,2020-06-20,0,53
Keerbergen,2020-06-23,0,53
Keerbergen,2020-06-24,0,53
Keerbergen,2020-06-25,0,53
Keerbergen,2020-06-26,0,53
Keerbergen,2020-06-27,0,53
Keerbergen,2020-06-30,0,53
Keerbergen,2020-07-01,0,53
Keerbergen,2020-07-02,0,53
Keerbergen,2020-07-03,0,53
Keerbergen,2020-07-04,0,53
Keerbergen,2020-07-07,0,53
Keerbergen,2020-07-08,0,53
Keerbergen,2020-07-09,0,53
Keerbergen,2020-07-10,0,53
Keerbergen,2020-07-11,0,53
Keerbergen,2020-07-14,0,53
Keerbergen,2020-07-15,0,53
Keerbergen,2020-07-16,0,53
Keerbergen,2020-07-17,0,53
Keerbergen,2020-07-18,0,53
Keerbergen,2020-07-20,0,53
Keerbergen,2020-07-21,0,53
Keerbergen,2020-07-22,1,54
Keerbergen,2020-07-23,0,54
Keerbergen,2020-07-24,0,54
Keerbergen,2020-07-25,0,54
Keerbergen,2020-07-26,0,54
Keerbergen,2020-07-27,0,54
Keerbergen,2020-07-28,0,54
Keerbergen,2020-07-29,0,54
Keerbergen,2020-07-30,0,54
Keerbergen,2020-07-31,0,54
Kortenaken,2020-04-01,1,24
Kortenaken,2020-04-02,2,26
Kortenaken,2020-04-03,1,27
Kortenaken,2020-04-04,2,29
Kortenaken,2020-04-05,8,37
Kortenaken,2020-04-06,2,39
Kortenaken,2020-04-07,0,39
Kortenaken,2020-04-08,1,40
Kortenaken,2020-04-09,0,40
Kortenaken,2020-04-10,4,44
Kortenaken,2020-04-11,2,46
Kortenaken,2020-04-12,0,46
Kortenaken,2020-04-13,0,46
Kortenaken,2020-04-14,0,46
Kortenaken,2020-04-15,27,73
Kortenaken,2020-04-16,0,73
Kortenaken,2020-04-17,0,73
Kortenaken,2020-04-18,1,74
Kortenaken,2020-04-19,3,77
Kortenaken,2020-04-20,0,77
Kortenaken,2020-04-21,0,77
Kortenaken,2020-04-22,1,78
Kortenaken,2020-04-23,0,78
Kortenaken,2020-04-24,0,78
Kortenaken,2020-04-25,0,78
Kortenaken,2020-04-26,1,79
Kortenaken,2020-04-27,0,79
Kortenaken,2020-04-28,0,79
Kortenaken,2020-04-29,1,80
Kortenaken,2020-04-30,1,81
Kortenaken,2020-05-01,0,81
Kortenaken,2020-05-02,1,82
Kortenaken,2020-05-03,0,82
Kortenaken,2020-05-04,2,84
Kortenaken,2020-05-05,0,84
Kortenaken,2020-05-06,2,86
Kortenaken,2020-05-07,0,86
Kortenaken,2020-05-08,0,86
Kortenaken,2020-05-09,0,86
Kortenaken,2020-05-10,0,86
Kortenaken,2020-05-11,0,86
Kortenaken,2020-05-12,0,86
Kortenaken,2020-05-13,0,86
Kortenaken,2020-05-14,0,86
Kortenaken,2020-05-15,0,86
Kortenaken,2020-05-16,0,86
Kortenaken,2020-05-17,0,86
Kortenaken,2020-05-18,0,86
Kortenaken,2020-05-19,0,86
Kortenaken,2020-05-20,0,86
Kortenaken,2020-05-21,0,86
Kortenaken,2020-05-22,1,87
Kortenaken,2020-05-23,0,87
Kortenaken,2020-05-24,0,87
Kortenaken,2020-05-25,0,87
Kortenaken,2020-05-26,0,87
Kortenaken,2020-05-27,0,87
Kortenaken,2020-05-28,1,88
Kortenaken,2020-05-29,0,88
Kortenaken,2020-05-30,0,88
Kortenaken,2020-05-31,0,88
Kortenaken,2020-06-01,0,88
Kortenaken,2020-06-02,0,88
Kortenaken,2020-06-03,0,88
Kortenaken,2020-06-04,0,88
Kortenaken,2020-06-05,0,88
Kortenaken,2020-06-06,0,88
Kortenaken,2020-06-07,0,88
Kortenaken,2020-06-08,0,88
Kortenaken,2020-06-09,0,88
Kortenaken,2020-06-10,0,88
Kortenaken,2020-06-11,0,88
Kortenaken,2020-06-12,0,88
Kortenaken,2020-06-13,0,88
Kortenaken,2020-06-14,0,88
Kortenaken,2020-06-15,0,88
Kortenaken,2020-06-16,0,88
Kortenaken,2020-06-17,0,88
Kortenaken,2020-06-18,0,88
Kortenaken,2020-06-19,2,90
Kortenaken,2020-06-20,0,90
Kortenaken,2020-06-23,0,90
Kortenaken,2020-06-24,0,90
Kortenaken,2020-06-25,0,90
Kortenaken,2020-06-26,0,90
Kortenaken,2020-06-27,0,90
Kortenaken,2020-06-30,0,90
Kortenaken,2020-07-01,0,90
Kortenaken,2020-07-02,0,90
Kortenaken,2020-07-03,0,90
Kortenaken,2020-07-04,0,90
Kortenaken,2020-07-07,0,90
Kortenaken,2020-07-08,0,90
Kortenaken,2020-07-09,0,90
Kortenaken,2020-07-10,0,90
Kortenaken,2020-07-11,0,90
Kortenaken,2020-07-14,0,90
Kortenaken,2020-07-15,0,90
Kortenaken,2020-07-16,0,90
Kortenaken,2020-07-17,0,90
Kortenaken,2020-07-18,0,90
Kortenaken,2020-07-20,0,90
Kortenaken,2020-07-21,0,90
Kortenaken,2020-07-22,0,90
Kortenaken,2020-07-23,0,90
Kortenaken,2020-07-24,0,90
Kortenaken,2020-07-25,0,90
Kortenaken,2020-07-26,1,91
Kortenaken,2020-07-27,0,91
Kortenaken,2020-07-28,0,91
Kortenaken,2020-07-29,0,91
Kortenaken,2020-07-30,0,91
Kortenaken,2020-07-31,0,91
Kortenberg,2020-04-01,0,10
Kortenberg,2020-04-02,2,12
Kortenberg,2020-04-03,4,16
Kortenberg,2020-04-04,1,17
Kortenberg,2020-04-05,2,19
Kortenberg,2020-04-06,1,20
Kortenberg,2020-04-07,2,22
Kortenberg,2020-04-08,3,25
Kortenberg,2020-04-09,1,26
Kortenberg,2020-04-10,1,27
Kortenberg,2020-04-11,2,29
Kortenberg,2020-04-12,2,31
Kortenberg,2020-04-13,3,34
Kortenberg,2020-04-14,0,34
Kortenberg,2020-04-15,2,36
Kortenberg,2020-04-16,0,36
Kortenberg,2020-04-17,0,36
Kortenberg,2020-04-18,0,36
Kortenberg,2020-04-19,3,39
Kortenberg,2020-04-20,1,40
Kortenberg,2020-04-21,0,40
Kortenberg,2020-04-22,1,41
Kortenberg,2020-04-23,0,41
Kortenberg,2020-04-24,1,42
Kortenberg,2020-04-25,1,43
Kortenberg,2020-04-26,0,43
Kortenberg,2020-04-27,2,45
Kortenberg,2020-04-28,0,45
Kortenberg,2020-04-29,0,45
Kortenberg,2020-04-30,1,46
Kortenberg,2020-05-01,0,46
Kortenberg,2020-05-02,0,46
Kortenberg,2020-05-03,0,46
Kortenberg,2020-05-04,2,48
Kortenberg,2020-05-05,0,48
Kortenberg,2020-05-06,0,48
Kortenberg,2020-05-07,5,53
Kortenberg,2020-05-08,0,53
Kortenberg,2020-05-09,1,54
Kortenberg,2020-05-10,0,54
Kortenberg,2020-05-11,0,54
Kortenberg,2020-05-12,1,55
Kortenberg,2020-05-13,0,55
Kortenberg,2020-05-14,0,55
Kortenberg,2020-05-15,0,55
Kortenberg,2020-05-16,0,55
Kortenberg,2020-05-17,0,55
Kortenberg,2020-05-18,2,57
Kortenberg,2020-05-19,1,58
Kortenberg,2020-05-20,0,58
Kortenberg,2020-05-21,0,58
Kortenberg,2020-05-22,0,58
Kortenberg,2020-05-23,0,58
Kortenberg,2020-05-24,0,58
Kortenberg,2020-05-25,0,58
Kortenberg,2020-05-26,0,58
Kortenberg,2020-05-27,1,59
Kortenberg,2020-05-28,0,59
Kortenberg,2020-05-29,0,59
Kortenberg,2020-05-30,0,59
Kortenberg,2020-05-31,0,59
Kortenberg,2020-06-01,0,59
Kortenberg,2020-06-02,0,59
Kortenberg,2020-06-03,0,59
Kortenberg,2020-06-04,0,59
Kortenberg,2020-06-05,0,59
Kortenberg,2020-06-06,0,59
Kortenberg,2020-06-07,0,59
Kortenberg,2020-06-08,0,59
Kortenberg,2020-06-09,0,59
Kortenberg,2020-06-10,0,59
Kortenberg,2020-06-11,1,60
Kortenberg,2020-06-12,0,60
Kortenberg,2020-06-13,0,60
Kortenberg,2020-06-14,0,60
Kortenberg,2020-06-15,0,60
Kortenberg,2020-06-16,0,60
Kortenberg,2020-06-17,0,60
Kortenberg,2020-06-18,1,61
Kortenberg,2020-06-19,1,62
Kortenberg,2020-06-20,0,62
Kortenberg,2020-06-23,0,62
Kortenberg,2020-06-24,0,62
Kortenberg,2020-06-25,0,62
Kortenberg,2020-06-26,0,62
Kortenberg,2020-06-27,0,62
Kortenberg,2020-06-30,0,62
Kortenberg,2020-07-01,0,62
Kortenberg,2020-07-02,0,62
Kortenberg,2020-07-03,0,62
Kortenberg,2020-07-04,0,62
Kortenberg,2020-07-07,0,62
Kortenberg,2020-07-08,0,62
Kortenberg,2020-07-09,0,62
Kortenberg,2020-07-10,0,62
Kortenberg,2020-07-11,0,62
Kortenberg,2020-07-14,0,62
Kortenberg,2020-07-15,0,62
Kortenberg,2020-07-16,0,62
Kortenberg,2020-07-17,0,62
Kortenberg,2020-07-18,0,62
Kortenberg,2020-07-20,0,62
Kortenberg,2020-07-21,0,62
Kortenberg,2020-07-22,0,62
Kortenberg,2020-07-23,1,63
Kortenberg,2020-07-24,1,64
Kortenberg,2020-07-25,0,64
Kortenberg,2020-07-26,0,64
Kortenberg,2020-07-27,0,64
Kortenberg,2020-07-28,1,65
Kortenberg,2020-07-29,0,65
Kortenberg,2020-07-30,0,65
Kortenberg,2020-07-31,0,65
Landen,2020-04-01,4,36
Landen,2020-04-02,8,44
Landen,2020-04-03,4,48
Landen,2020-04-04,8,56
Landen,2020-04-05,5,61
Landen,2020-04-06,3,64
Landen,2020-04-07,0,64
Landen,2020-04-08,5,69
Landen,2020-04-09,5,74
Landen,2020-04-10,10,84
Landen,2020-04-11,6,90
Landen,2020-04-12,30,120
Landen,2020-04-13,11,131
Landen,2020-04-14,3,134
Landen,2020-04-15,7,141
Landen,2020-04-16,1,142
Landen,2020-04-17,3,145
Landen,2020-04-18,0,145
Landen,2020-04-19,0,145
Landen,2020-04-20,1,146
Landen,2020-04-21,2,148
Landen,2020-04-22,3,151
Landen,2020-04-23,1,152
Landen,2020-04-24,0,152
Landen,2020-04-25,1,153
Landen,2020-04-26,0,153
Landen,2020-04-27,0,153
Landen,2020-04-28,0,153
Landen,2020-04-29,1,154
Landen,2020-04-30,1,155
Landen,2020-05-01,0,155
Landen,2020-05-02,1,156
Landen,2020-05-03,0,156
Landen,2020-05-04,0,156
Landen,2020-05-05,1,157
Landen,2020-05-06,0,157
Landen,2020-05-07,0,157
Landen,2020-05-08,0,157
Landen,2020-05-09,0,157
Landen,2020-05-10,0,157
Landen,2020-05-11,0,157
Landen,2020-05-12,0,157
Landen,2020-05-13,0,157
Landen,2020-05-14,1,158
Landen,2020-05-15,0,158
Landen,2020-05-16,1,159
Landen,2020-05-17,0,159
Landen,2020-05-18,0,159
Landen,2020-05-19,0,159
Landen,2020-05-20,0,159
Landen,2020-05-21,0,159
Landen,2020-05-22,0,159
Landen,2020-05-23,2,161
Landen,2020-05-24,0,161
Landen,2020-05-25,0,161
Landen,2020-05-26,-2,159
Landen,2020-05-27,0,159
Landen,2020-05-28,0,159
Landen,2020-05-29,1,160
Landen,2020-05-30,0,160
Landen,2020-05-31,1,161
Landen,2020-06-01,0,161
Landen,2020-06-02,1,162
Landen,2020-06-03,0,162
Landen,2020-06-04,1,163
Landen,2020-06-05,0,163
Landen,2020-06-06,0,163
Landen,2020-06-07,1,164
Landen,2020-06-08,0,164
Landen,2020-06-09,0,164
Landen,2020-06-10,0,164
Landen,2020-06-11,0,164
Landen,2020-06-12,1,165
Landen,2020-06-13,0,165
Landen,2020-06-14,0,165
Landen,2020-06-15,1,166
Landen,2020-06-16,0,166
Landen,2020-06-17,0,166
Landen,2020-06-18,0,166
Landen,2020-06-19,0,166
Landen,2020-06-20,0,166
Landen,2020-06-23,0,166
Landen,2020-06-24,0,166
Landen,2020-06-25,0,166
Landen,2020-06-26,0,166
Landen,2020-06-27,0,166
Landen,2020-06-30,0,166
Landen,2020-07-01,0,166
Landen,2020-07-02,0,166
Landen,2020-07-03,0,166
Landen,2020-07-04,0,166
Landen,2020-07-07,0,166
Landen,2020-07-08,0,166
Landen,2020-07-09,0,166
Landen,2020-07-10,0,166
Landen,2020-07-11,0,166
Landen,2020-07-14,0,166
Landen,2020-07-15,0,166
Landen,2020-07-16,0,166
Landen,2020-07-17,0,166
Landen,2020-07-18,0,166
Landen,2020-07-20,0,166
Landen,2020-07-21,0,166
Landen,2020-07-22,0,166
Landen,2020-07-23,0,166
Landen,2020-07-24,1,167
Landen,2020-07-25,0,167
Landen,2020-07-26,0,167
Landen,2020-07-27,0,167
Landen,2020-07-28,0,167
Landen,2020-07-29,0,167
Landen,2020-07-30,0,167
Landen,2020-07-31,1,168
Leuven,2020-04-01,9,142
Leuven,2020-04-02,13,155
Leuven,2020-04-03,16,171
Leuven,2020-04-04,4,175
Leuven,2020-04-05,17,192
Leuven,2020-04-06,7,199
Leuven,2020-04-07,2,201
Leuven,2020-04-08,7,208
Leuven,2020-04-09,18,226
Leuven,2020-04-10,7,233
Leuven,2020-04-11,3,236
Leuven,2020-04-12,10,246
Leuven,2020-04-13,3,249
Leuven,2020-04-14,2,251
Leuven,2020-04-15,12,263
Leuven,2020-04-16,14,277
Leuven,2020-04-17,5,282
Leuven,2020-04-18,15,297
Leuven,2020-04-19,2,299
Leuven,2020-04-20,0,299
Leuven,2020-04-21,4,303
Leuven,2020-04-22,6,309
Leuven,2020-04-23,4,313
Leuven,2020-04-24,6,319
Leuven,2020-04-25,8,327
Leuven,2020-04-26,8,335
Leuven,2020-04-27,31,366
Leuven,2020-04-28,7,373
Leuven,2020-04-29,3,376
Leuven,2020-04-30,4,380
Leuven,2020-05-01,5,385
Leuven,2020-05-02,0,385
Leuven,2020-05-03,0,385
Leuven,2020-05-04,2,387
Leuven,2020-05-05,2,389
Leuven,2020-05-06,4,393
Leuven,2020-05-07,2,395
Leuven,2020-05-08,1,396
Leuven,2020-05-09,2,398
Leuven,2020-05-10,1,399
Leuven,2020-05-11,2,401
Leuven,2020-05-12,0,401
Leuven,2020-05-13,3,404
Leuven,2020-05-14,1,405
Leuven,2020-05-15,8,413
Leuven,2020-05-16,3,416
Leuven,2020-05-17,2,418
Leuven,2020-05-18,0,418
Leuven,2020-05-19,0,418
Leuven,2020-05-20,0,418
Leuven,2020-05-21,2,420
Leuven,2020-05-22,3,423
Leuven,2020-05-23,2,425
Leuven,2020-05-24,0,425
Leuven,2020-05-25,3,428
Leuven,2020-05-26,-1,427
Leuven,2020-05-27,0,427
Leuven,2020-05-28,2,429
Leuven,2020-05-29,0,429
Leuven,2020-05-30,1,430
Leuven,2020-05-31,0,430
Leuven,2020-06-01,0,430
Leuven,2020-06-02,0,430
Leuven,2020-06-03,0,430
Leuven,2020-06-04,0,430
Leuven,2020-06-05,2,432
Leuven,2020-06-06,2,434
Leuven,2020-06-07,1,435
Leuven,2020-06-08,1,436
Leuven,2020-06-09,0,436
Leuven,2020-06-10,0,436
Leuven,2020-06-11,1,437
Leuven,2020-06-12,2,439
Leuven,2020-06-13,2,441
Leuven,2020-06-14,2,443
Leuven,2020-06-15,2,445
Leuven,2020-06-16,0,445
Leuven,2020-06-17,2,447
Leuven,2020-06-18,4,451
Leuven,2020-06-19,2,453
Leuven,2020-06-20,1,454
Leuven,2020-06-23,1,455
Leuven,2020-06-24,2,457
Leuven,2020-06-25,0,457
Leuven,2020-06-26,0,457
Leuven,2020-06-27,0,457
Leuven,2020-06-30,0,457
Leuven,2020-07-01,0,457
Leuven,2020-07-02,1,458
Leuven,2020-07-03,0,458
Leuven,2020-07-04,2,460
Leuven,2020-07-07,0,460
Leuven,2020-07-08,0,460
Leuven,2020-07-09,0,460
Leuven,2020-07-10,0,460
Leuven,2020-07-11,1,461
Leuven,2020-07-14,4,465
Leuven,2020-07-15,1,466
Leuven,2020-07-16,1,467
Leuven,2020-07-17,0,467
Leuven,2020-07-18,1,468
Leuven,2020-07-20,1,469
Leuven,2020-07-21,0,469
Leuven,2020-07-22,0,469
Leuven,2020-07-23,3,472
Leuven,2020-07-24,1,473
Leuven,2020-07-25,0,473
Leuven,2020-07-26,4,477
Leuven,2020-07-27,0,477
Leuven,2020-07-28,0,477
Leuven,2020-07-29,1,478
Leuven,2020-07-30,0,478
Leuven,2020-07-31,3,481
Lubbeek,2020-04-01,3,30
Lubbeek,2020-04-02,1,31
Lubbeek,2020-04-03,2,33
Lubbeek,2020-04-04,4,37
Lubbeek,2020-04-05,4,41
Lubbeek,2020-04-06,10,51
Lubbeek,2020-04-07,5,56
Lubbeek,2020-04-08,8,64
Lubbeek,2020-04-09,7,71
Lubbeek,2020-04-10,7,78
Lubbeek,2020-04-11,23,101
Lubbeek,2020-04-12,0,101
Lubbeek,2020-04-13,0,101
Lubbeek,2020-04-14,0,101
Lubbeek,2020-04-15,0,101
Lubbeek,2020-04-16,0,101
Lubbeek,2020-04-17,0,101
Lubbeek,2020-04-18,0,101
Lubbeek,2020-04-19,2,103
Lubbeek,2020-04-20,0,103
Lubbeek,2020-04-21,2,105
Lubbeek,2020-04-22,0,105
Lubbeek,2020-04-23,2,107
Lubbeek,2020-04-24,0,107
Lubbeek,2020-04-25,0,107
Lubbeek,2020-04-26,1,108
Lubbeek,2020-04-27,1,109
Lubbeek,2020-04-28,0,109
Lubbeek,2020-04-29,0,109
Lubbeek,2020-04-30,0,109
Lubbeek,2020-05-01,0,109
Lubbeek,2020-05-02,0,109
Lubbeek,2020-05-03,0,109
Lubbeek,2020-05-04,0,109
Lubbeek,2020-05-05,0,109
Lubbeek,2020-05-06,0,109
Lubbeek,2020-05-07,0,109
Lubbeek,2020-05-08,0,109
Lubbeek,2020-05-09,0,109
Lubbeek,2020-05-10,0,109
Lubbeek,2020-05-11,0,109
Lubbeek,2020-05-12,0,109
Lubbeek,2020-05-13,0,109
Lubbeek,2020-05-14,0,109
Lubbeek,2020-05-15,0,109
Lubbeek,2020-05-16,1,110
Lubbeek,2020-05-17,1,111
Lubbeek,2020-05-18,0,111
Lubbeek,2020-05-19,0,111
Lubbeek,2020-05-20,0,111
Lubbeek,2020-05-21,0,111
Lubbeek,2020-05-22,0,111
Lubbeek,2020-05-23,0,111
Lubbeek,2020-05-24,1,112
Lubbeek,2020-05-25,0,112
Lubbeek,2020-05-26,0,112
Lubbeek,2020-05-27,0,112
Lubbeek,2020-05-28,0,112
Lubbeek,2020-05-29,0,112
Lubbeek,2020-05-30,0,112
Lubbeek,2020-05-31,0,112
Lubbeek,2020-06-01,0,112
Lubbeek,2020-06-02,0,112
Lubbeek,2020-06-03,0,112
Lubbeek,2020-06-04,0,112
Lubbeek,2020-06-05,0,112
Lubbeek,2020-06-06,0,112
Lubbeek,2020-06-07,0,112
Lubbeek,2020-06-08,0,112
Lubbeek,2020-06-09,0,112
Lubbeek,2020-06-10,0,112
Lubbeek,2020-06-11,0,112
Lubbeek,2020-06-12,1,113
Lubbeek,2020-06-13,0,113
Lubbeek,2020-06-14,0,113
Lubbeek,2020-06-15,0,113
Lubbeek,2020-06-16,0,113
Lubbeek,2020-06-17,0,113
Lubbeek,2020-06-18,0,113
Lubbeek,2020-06-19,0,113
Lubbeek,2020-06-20,0,113
Lubbeek,2020-06-23,0,113
Lubbeek,2020-06-24,0,113
Lubbeek,2020-06-25,0,113
Lubbeek,2020-06-26,0,113
Lubbeek,2020-06-27,0,113
Lubbeek,2020-06-30,0,113
Lubbeek,2020-07-01,0,113
Lubbeek,2020-07-02,0,113
Lubbeek,2020-07-03,0,113
Lubbeek,2020-07-04,0,113
Lubbeek,2020-07-07,0,113
Lubbeek,2020-07-08,0,113
Lubbeek,2020-07-09,0,113
Lubbeek,2020-07-10,0,113
Lubbeek,2020-07-11,0,113
Lubbeek,2020-07-14,0,113
Lubbeek,2020-07-15,0,113
Lubbeek,2020-07-16,0,113
Lubbeek,2020-07-17,0,113
Lubbeek,2020-07-18,0,113
Lubbeek,2020-07-20,0,113
Lubbeek,2020-07-21,0,113
Lubbeek,2020-07-22,0,113
Lubbeek,2020-07-23,0,113
Lubbeek,2020-07-24,0,113
Lubbeek,2020-07-25,0,113
Lubbeek,2020-07-26,0,113
Lubbeek,2020-07-27,0,113
Lubbeek,2020-07-28,0,113
Lubbeek,2020-07-29,0,113
Lubbeek,2020-07-30,0,113
Lubbeek,2020-07-31,0,113
Oud-Heverlee,2020-04-01,0,19
Oud-Heverlee,2020-04-02,1,20
Oud-Heverlee,2020-04-03,1,21
Oud-Heverlee,2020-04-04,1,22
Oud-Heverlee,2020-04-05,0,22
Oud-Heverlee,2020-04-06,1,23
Oud-Heverlee,2020-04-07,1,24
Oud-Heverlee,2020-04-08,0,24
Oud-Heverlee,2020-04-09,0,24
Oud-Heverlee,2020-04-10,1,25
Oud-Heverlee,2020-04-11,2,27
Oud-Heverlee,2020-04-12,2,29
Oud-Heverlee,2020-04-13,0,29
Oud-Heverlee,2020-04-14,1,30
Oud-Heverlee,2020-04-15,1,31
Oud-Heverlee,2020-04-16,1,32
Oud-Heverlee,2020-04-17,0,32
Oud-Heverlee,2020-04-18,0,32
Oud-Heverlee,2020-04-19,0,32
Oud-Heverlee,2020-04-20,0,32
Oud-Heverlee,2020-04-21,0,32
Oud-Heverlee,2020-04-22,0,32
Oud-Heverlee,2020-04-23,0,32
Oud-Heverlee,2020-04-24,0,32
Oud-Heverlee,2020-04-25,0,32
Oud-Heverlee,2020-04-26,1,33
Oud-Heverlee,2020-04-27,0,33
Oud-Heverlee,2020-04-28,0,33
Oud-Heverlee,2020-04-29,0,33
Oud-Heverlee,2020-04-30,0,33
Oud-Heverlee,2020-05-01,0,33
Oud-Heverlee,2020-05-02,0,33
Oud-Heverlee,2020-05-03,0,33
Oud-Heverlee,2020-05-04,0,33
Oud-Heverlee,2020-05-05,0,33
Oud-Heverlee,2020-05-06,0,33
Oud-Heverlee,2020-05-07,0,33
Oud-Heverlee,2020-05-08,1,34
Oud-Heverlee,2020-05-09,0,34
Oud-Heverlee,2020-05-10,0,34
Oud-Heverlee,2020-05-11,0,34
Oud-Heverlee,2020-05-12,0,34
Oud-Heverlee,2020-05-13,0,34
Oud-Heverlee,2020-05-14,0,34
Oud-Heverlee,2020-05-15,0,34
Oud-Heverlee,2020-05-16,0,34
Oud-Heverlee,2020-05-17,0,34
Oud-Heverlee,2020-05-18,0,34
Oud-Heverlee,2020-05-19,0,34
Oud-Heverlee,2020-05-20,0,34
Oud-Heverlee,2020-05-21,0,34
Oud-Heverlee,2020-05-22,0,34
Oud-Heverlee,2020-05-23,0,34
Oud-Heverlee,2020-05-24,0,34
Oud-Heverlee,2020-05-25,0,34
Oud-Heverlee,2020-05-26,1,35
Oud-Heverlee,2020-05-27,0,35
Oud-Heverlee,2020-05-28,0,35
Oud-Heverlee,2020-05-29,0,35
Oud-Heverlee,2020-05-30,0,35
Oud-Heverlee,2020-05-31,0,35
Oud-Heverlee,2020-06-01,0,35
Oud-Heverlee,2020-06-02,0,35
Oud-Heverlee,2020-06-03,0,35
Oud-Heverlee,2020-06-04,0,35
Oud-Heverlee,2020-06-05,0,35
Oud-Heverlee,2020-06-06,0,35
Oud-Heverlee,2020-06-07,0,35
Oud-Heverlee,2020-06-08,0,35
Oud-Heverlee,2020-06-09,0,35
Oud-Heverlee,2020-06-10,0,35
Oud-Heverlee,2020-06-11,0,35
Oud-Heverlee,2020-06-12,0,35
Oud-Heverlee,2020-06-13,0,35
Oud-Heverlee,2020-06-14,0,35
Oud-Heverlee,2020-06-15,0,35
Oud-Heverlee,2020-06-16,0,35
Oud-Heverlee,2020-06-17,0,35
Oud-Heverlee,2020-06-18,0,35
Oud-Heverlee,2020-06-19,0,35
Oud-Heverlee,2020-06-20,0,35
Oud-Heverlee,2020-06-23,0,35
Oud-Heverlee,2020-06-24,0,35
Oud-Heverlee,2020-06-25,0,35
Oud-Heverlee,2020-06-26,0,35
Oud-Heverlee,2020-06-27,0,35
Oud-Heverlee,2020-06-30,0,35
Oud-Heverlee,2020-07-01,0,35
Oud-Heverlee,2020-07-02,0,35
Oud-Heverlee,2020-07-03,0,35
Oud-Heverlee,2020-07-04,0,35
Oud-Heverlee,2020-07-07,0,35
Oud-Heverlee,2020-07-08,0,35
Oud-Heverlee,2020-07-09,0,35
Oud-Heverlee,2020-07-10,0,35
Oud-Heverlee,2020-07-11,0,35
Oud-Heverlee,2020-07-14,0,35
Oud-Heverlee,2020-07-15,0,35
Oud-Heverlee,2020-07-16,0,35
Oud-Heverlee,2020-07-17,0,35
Oud-Heverlee,2020-07-18,0,35
Oud-Heverlee,2020-07-20,0,35
Oud-Heverlee,2020-07-21,0,35
Oud-Heverlee,2020-07-22,0,35
Oud-Heverlee,2020-07-23,0,35
Oud-Heverlee,2020-07-24,0,35
Oud-Heverlee,2020-07-25,0,35
Oud-Heverlee,2020-07-26,1,36
Oud-Heverlee,2020-07-27,0,36
Oud-Heverlee,2020-07-28,2,38
Oud-Heverlee,2020-07-29,0,38
Oud-Heverlee,2020-07-30,0,38
Oud-Heverlee,2020-07-31,0,38
Rotselaar,2020-04-01,1,14
Rotselaar,2020-04-02,0,14
Rotselaar,2020-04-03,3,17
Rotselaar,2020-04-04,0,17
Rotselaar,2020-04-05,4,21
Rotselaar,2020-04-06,2,23
Rotselaar,2020-04-07,1,24
Rotselaar,2020-04-08,0,24
Rotselaar,2020-04-09,2,26
Rotselaar,2020-04-10,0,26
Rotselaar,2020-04-11,1,27
Rotselaar,2020-04-12,1,28
Rotselaar,2020-04-13,0,28
Rotselaar,2020-04-14,0,28
Rotselaar,2020-04-15,0,28
Rotselaar,2020-04-16,1,29
Rotselaar,2020-04-17,0,29
Rotselaar,2020-04-18,0,29
Rotselaar,2020-04-19,0,29
Rotselaar,2020-04-20,0,29
Rotselaar,2020-04-21,0,29
Rotselaar,2020-04-22,2,31
Rotselaar,2020-04-23,0,31
Rotselaar,2020-04-24,1,32
Rotselaar,2020-04-25,0,32
Rotselaar,2020-04-26,1,33
Rotselaar,2020-04-27,0,33
Rotselaar,2020-04-28,0,33
Rotselaar,2020-04-29,0,33
Rotselaar,2020-04-30,0,33
Rotselaar,2020-05-01,0,33
Rotselaar,2020-05-02,0,33
Rotselaar,2020-05-03,0,33
Rotselaar,2020-05-04,0,33
Rotselaar,2020-05-05,0,33
Rotselaar,2020-05-06,0,33
Rotselaar,2020-05-07,0,33
Rotselaar,2020-05-08,0,33
Rotselaar,2020-05-09,0,33
Rotselaar,2020-05-10,1,34
Rotselaar,2020-05-11,0,34
Rotselaar,2020-05-12,0,34
Rotselaar,2020-05-13,0,34
Rotselaar,2020-05-14,0,34
Rotselaar,2020-05-15,0,34
Rotselaar,2020-05-16,0,34
Rotselaar,2020-05-17,0,34
Rotselaar,2020-05-18,0,34
Rotselaar,2020-05-19,0,34
Rotselaar,2020-05-20,0,34
Rotselaar,2020-05-21,0,34
Rotselaar,2020-05-22,0,34
Rotselaar,2020-05-23,0,34
Rotselaar,2020-05-24,0,34
Rotselaar,2020-05-25,0,34
Rotselaar,2020-05-26,0,34
Rotselaar,2020-05-27,0,34
Rotselaar,2020-05-28,0,34
Rotselaar,2020-05-29,0,34
Rotselaar,2020-05-30,0,34
Rotselaar,2020-05-31,0,34
Rotselaar,2020-06-01,0,34
Rotselaar,2020-06-02,0,34
Rotselaar,2020-06-03,0,34
Rotselaar,2020-06-04,1,35
Rotselaar,2020-06-05,0,35
Rotselaar,2020-06-06,0,35
Rotselaar,2020-06-07,0,35
Rotselaar,2020-06-08,0,35
Rotselaar,2020-06-09,0,35
Rotselaar,2020-06-10,0,35
Rotselaar,2020-06-11,0,35
Rotselaar,2020-06-12,0,35
Rotselaar,2020-06-13,0,35
Rotselaar,2020-06-14,0,35
Rotselaar,2020-06-15,0,35
Rotselaar,2020-06-16,0,35
Rotselaar,2020-06-17,0,35
Rotselaar,2020-06-18,0,35
Rotselaar,2020-06-19,0,35
Rotselaar,2020-06-20,0,35
Rotselaar,2020-06-23,1,36
Rotselaar,2020-06-24,0,36
Rotselaar,2020-06-25,0,36
Rotselaar,2020-06-26,1,37
Rotselaar,2020-06-27,0,37
Rotselaar,2020-06-30,0,37
Rotselaar,2020-07-01,0,37
Rotselaar,2020-07-02,2,39
Rotselaar,2020-07-03,0,39
Rotselaar,2020-07-04,0,39
Rotselaar,2020-07-07,0,39
Rotselaar,2020-07-08,0,39
Rotselaar,2020-07-09,0,39
Rotselaar,2020-07-10,0,39
Rotselaar,2020-07-11,1,40
Rotselaar,2020-07-14,0,40
Rotselaar,2020-07-15,0,40
Rotselaar,2020-07-16,0,40
Rotselaar,2020-07-17,0,40
Rotselaar,2020-07-18,0,40
Rotselaar,2020-07-20,0,40
Rotselaar,2020-07-21,0,40
Rotselaar,2020-07-22,0,40
Rotselaar,2020-07-23,0,40
Rotselaar,2020-07-24,0,40
Rotselaar,2020-07-25,0,40
Rotselaar,2020-07-26,0,40
Rotselaar,2020-07-27,0,40
Rotselaar,2020-07-28,2,42
Rotselaar,2020-07-29,0,42
Rotselaar,2020-07-30,0,42
Rotselaar,2020-07-31,0,42
Tervuren,2020-04-01,4,21
Tervuren,2020-04-02,0,21
Tervuren,2020-04-03,1,22
Tervuren,2020-04-04,2,24
Tervuren,2020-04-05,3,27
Tervuren,2020-04-06,0,27
Tervuren,2020-04-07,0,27
Tervuren,2020-04-08,0,27
Tervuren,2020-04-09,4,31
Tervuren,2020-04-10,1,32
Tervuren,2020-04-11,4,36
Tervuren,2020-04-12,2,38
Tervuren,2020-04-13,1,39
Tervuren,2020-04-14,1,40
Tervuren,2020-04-15,2,42
Tervuren,2020-04-16,1,43
Tervuren,2020-04-17,4,47
Tervuren,2020-04-18,4,51
Tervuren,2020-04-19,14,65
Tervuren,2020-04-20,4,69
Tervuren,2020-04-21,1,70
Tervuren,2020-04-22,3,73
Tervuren,2020-04-23,0,73
Tervuren,2020-04-24,24,97
Tervuren,2020-04-25,0,97
Tervuren,2020-04-26,0,97
Tervuren,2020-04-27,0,97
Tervuren,2020-04-28,1,98
Tervuren,2020-04-29,0,98
Tervuren,2020-04-30,0,98
Tervuren,2020-05-01,0,98
Tervuren,2020-05-02,0,98
Tervuren,2020-05-03,0,98
Tervuren,2020-05-04,1,99
Tervuren,2020-05-05,0,99
Tervuren,2020-05-06,0,99
Tervuren,2020-05-07,1,100
Tervuren,2020-05-08,1,101
Tervuren,2020-05-09,0,101
Tervuren,2020-05-10,0,101
Tervuren,2020-05-11,2,103
Tervuren,2020-05-12,0,103
Tervuren,2020-05-13,0,103
Tervuren,2020-05-14,0,103
Tervuren,2020-05-15,2,105
Tervuren,2020-05-16,0,105
Tervuren,2020-05-17,0,105
Tervuren,2020-05-18,0,105
Tervuren,2020-05-19,1,106
Tervuren,2020-05-20,0,106
Tervuren,2020-05-21,1,107
Tervuren,2020-05-22,0,107
Tervuren,2020-05-23,0,107
Tervuren,2020-05-24,1,108
Tervuren,2020-05-25,0,108
Tervuren,2020-05-26,0,108
Tervuren,2020-05-27,0,108
Tervuren,2020-05-28,0,108
Tervuren,2020-05-29,0,108
Tervuren,2020-05-30,0,108
Tervuren,2020-05-31,0,108
Tervuren,2020-06-01,0,108
Tervuren,2020-06-02,1,109
Tervuren,2020-06-03,0,109
Tervuren,2020-06-04,0,109
Tervuren,2020-06-05,0,109
Tervuren,2020-06-06,0,109
Tervuren,2020-06-07,0,109
Tervuren,2020-06-08,0,109
Tervuren,2020-06-09,0,109
Tervuren,2020-06-10,0,109
Tervuren,2020-06-11,0,109
Tervuren,2020-06-12,0,109
Tervuren,2020-06-13,0,109
Tervuren,2020-06-14,0,109
Tervuren,2020-06-15,0,109
Tervuren,2020-06-16,0,109
Tervuren,2020-06-17,0,109
Tervuren,2020-06-18,0,109
Tervuren,2020-06-19,0,109
Tervuren,2020-06-20,0,109
Tervuren,2020-06-23,0,109
Tervuren,2020-06-24,0,109
Tervuren,2020-06-25,0,109
Tervuren,2020-06-26,0,109
Tervuren,2020-06-27,0,109
Tervuren,2020-06-30,0,109
Tervuren,2020-07-01,0,109
Tervuren,2020-07-02,0,109
Tervuren,2020-07-03,0,109
Tervuren,2020-07-04,0,109
Tervuren,2020-07-07,0,109
Tervuren,2020-07-08,0,109
Tervuren,2020-07-09,0,109
Tervuren,2020-07-10,0,109
Tervuren,2020-07-11,1,110
Tervuren,2020-07-14,0,110
Tervuren,2020-07-15,0,110
Tervuren,2020-07-16,0,110
Tervuren,2020-07-17,0,110
Tervuren,2020-07-18,0,110
Tervuren,2020-07-20,2,112
Tervuren,2020-07-21,0,112
Tervuren,2020-07-22,0,112
Tervuren,2020-07-23,0,112
Tervuren,2020-07-24,0,112
Tervuren,2020-07-25,0,112
Tervuren,2020-07-26,1,113
Tervuren,2020-07-27,0,113
Tervuren,2020-07-28,1,114
Tervuren,2020-07-29,0,114
Tervuren,2020-07-30,3,117
Tervuren,2020-07-31,1,118
Tienen,2020-04-01,5,44
Tienen,2020-04-02,6,50
Tienen,2020-04-03,8,58
Tienen,2020-04-04,7,65
Tienen,2020-04-05,6,71
Tienen,2020-04-06,8,79
Tienen,2020-04-07,4,83
Tienen,2020-04-08,7,90
Tienen,2020-04-09,5,95
Tienen,2020-04-10,5,100
Tienen,2020-04-11,13,113
Tienen,2020-04-12,10,123
Tienen,2020-04-13,10,133
Tienen,2020-04-14,25,158
Tienen,2020-04-15,22,180
Tienen,2020-04-16,13,193
Tienen,2020-04-17,1,194
Tienen,2020-04-18,1,195
Tienen,2020-04-19,2,197
Tienen,2020-04-20,3,200
Tienen,2020-04-21,1,201
Tienen,2020-04-22,1,202
Tienen,2020-04-23,0,202
Tienen,2020-04-24,2,204
Tienen,2020-04-25,5,209
Tienen,2020-04-26,2,211
Tienen,2020-04-27,4,215
Tienen,2020-04-28,0,215
Tienen,2020-04-29,0,215
Tienen,2020-04-30,0,215
Tienen,2020-05-01,0,215
Tienen,2020-05-02,2,217
Tienen,2020-05-03,0,217
Tienen,2020-05-04,1,218
Tienen,2020-05-05,3,221
Tienen,2020-05-06,2,223
Tienen,2020-05-07,2,225
Tienen,2020-05-08,0,225
Tienen,2020-05-09,2,227
Tienen,2020-05-10,2,229
Tienen,2020-05-11,0,229
Tienen,2020-05-12,0,229
Tienen,2020-05-13,0,229
Tienen,2020-05-14,0,229
Tienen,2020-05-15,0,229
Tienen,2020-05-16,8,237
Tienen,2020-05-17,0,237
Tienen,2020-05-18,0,237
Tienen,2020-05-19,0,237
Tienen,2020-05-20,0,237
Tienen,2020-05-21,0,237
Tienen,2020-05-22,1,238
Tienen,2020-05-23,1,239
Tienen,2020-05-24,0,239
Tienen,2020-05-25,0,239
Tienen,2020-05-26,-1,238
Tienen,2020-05-27,0,238
Tienen,2020-05-28,0,238
Tienen,2020-05-29,0,238
Tienen,2020-05-30,0,238
Tienen,2020-05-31,0,238
Tienen,2020-06-01,0,238
Tienen,2020-06-02,1,239
Tienen,2020-06-03,0,239
Tienen,2020-06-04,0,239
Tienen,2020-06-05,0,239
Tienen,2020-06-06,0,239
Tienen,2020-06-07,0,239
Tienen,2020-06-08,1,240
Tienen,2020-06-09,0,240
Tienen,2020-06-10,0,240
Tienen,2020-06-11,0,240
Tienen,2020-06-12,0,240
Tienen,2020-06-13,0,240
Tienen,2020-06-14,0,240
Tienen,2020-06-15,0,240
Tienen,2020-06-16,0,240
Tienen,2020-06-17,0,240
Tienen,2020-06-18,0,240
Tienen,2020-06-19,1,241
Tienen,2020-06-20,0,241
Tienen,2020-06-23,0,241
Tienen,2020-06-24,0,241
Tienen,2020-06-25,0,241
Tienen,2020-06-26,0,241
Tienen,2020-06-27,0,241
Tienen,2020-06-30,0,241
Tienen,2020-07-01,0,241
Tienen,2020-07-02,0,241
Tienen,2020-07-03,0,241
Tienen,2020-07-04,0,241
Tienen,2020-07-07,0,241
Tienen,2020-07-08,0,241
Tienen,2020-07-09,0,241
Tienen,2020-07-10,0,241
Tienen,2020-07-11,0,241
Tienen,2020-07-14,0,241
Tienen,2020-07-15,0,241
Tienen,2020-07-16,0,241
Tienen,2020-07-17,2,243
Tienen,2020-07-18,1,244
Tienen,2020-07-20,0,244
Tienen,2020-07-21,0,244
Tienen,2020-07-22,0,244
Tienen,2020-07-23,0,244
Tienen,2020-07-24,0,244
Tienen,2020-07-25,0,244
Tienen,2020-07-26,0,244
Tienen,2020-07-27,0,244
Tienen,2020-07-28,0,244
Tienen,2020-07-29,0,244
Tienen,2020-07-30,0,244
Tienen,2020-07-31,0,244
Tremelo,2020-04-01,0,17
Tremelo,2020-04-02,0,17
Tremelo,2020-04-03,1,18
Tremelo,2020-04-04,1,19
Tremelo,2020-04-05,2,21
Tremelo,2020-04-06,1,22
Tremelo,2020-04-07,2,24
Tremelo,2020-04-08,0,24
Tremelo,2020-04-09,1,25
Tremelo,2020-04-10,1,26
Tremelo,2020-04-11,0,26
Tremelo,2020-04-12,0,26
Tremelo,2020-04-13,0,26
Tremelo,2020-04-14,0,26
Tremelo,2020-04-15,1,27
Tremelo,2020-04-16,2,29
Tremelo,2020-04-17,2,31
Tremelo,2020-04-18,0,31
Tremelo,2020-04-19,0,31
Tremelo,2020-04-20,1,32
Tremelo,2020-04-21,1,33
Tremelo,2020-04-22,0,33
Tremelo,2020-04-23,0,33
Tremelo,2020-04-24,0,33
Tremelo,2020-04-25,0,33
Tremelo,2020-04-26,1,34
Tremelo,2020-04-27,1,35
Tremelo,2020-04-28,0,35
Tremelo,2020-04-29,1,36
Tremelo,2020-04-30,2,38
Tremelo,2020-05-01,2,40
Tremelo,2020-05-02,0,40
Tremelo,2020-05-03,0,40
Tremelo,2020-05-04,0,40
Tremelo,2020-05-05,0,40
Tremelo,2020-05-06,0,40
Tremelo,2020-05-07,0,40
Tremelo,2020-05-08,0,40
Tremelo,2020-05-09,1,41
Tremelo,2020-05-10,0,41
Tremelo,2020-05-11,0,41
Tremelo,2020-05-12,0,41
Tremelo,2020-05-13,0,41
Tremelo,2020-05-14,0,41
Tremelo,2020-05-15,0,41
Tremelo,2020-05-16,0,41
Tremelo,2020-05-17,0,41
Tremelo,2020-05-18,0,41
Tremelo,2020-05-19,0,41
Tremelo,2020-05-20,0,41
Tremelo,2020-05-21,0,41
Tremelo,2020-05-22,0,41
Tremelo,2020-05-23,0,41
Tremelo,2020-05-24,0,41
Tremelo,2020-05-25,0,41
Tremelo,2020-05-26,1,42
Tremelo,2020-05-27,0,42
Tremelo,2020-05-28,0,42
Tremelo,2020-05-29,0,42
Tremelo,2020-05-30,0,42
Tremelo,2020-05-31,0,42
Tremelo,2020-06-01,0,42
Tremelo,2020-06-02,0,42
Tremelo,2020-06-03,0,42
Tremelo,2020-06-04,0,42
Tremelo,2020-06-05,0,42
Tremelo,2020-06-06,0,42
Tremelo,2020-06-07,0,42
Tremelo,2020-06-08,0,42
Tremelo,2020-06-09,0,42
Tremelo,2020-06-10,0,42
Tremelo,2020-06-11,0,42
Tremelo,2020-06-12,0,42
Tremelo,2020-06-13,0,42
Tremelo,2020-06-14,0,42
Tremelo,2020-06-15,0,42
Tremelo,2020-06-16,0,42
Tremelo,2020-06-17,0,42
Tremelo,2020-06-18,0,42
Tremelo,2020-06-19,0,42
Tremelo,2020-06-20,0,42
Tremelo,2020-06-23,0,42
Tremelo,2020-06-24,0,42
Tremelo,2020-06-25,0,42
Tremelo,2020-06-26,0,42
Tremelo,2020-06-27,0,42
Tremelo,2020-06-30,0,42
Tremelo,2020-07-01,0,42
Tremelo,2020-07-02,0,42
Tremelo,2020-07-03,0,42
Tremelo,2020-07-04,0,42
Tremelo,2020-07-07,0,42
Tremelo,2020-07-08,0,42
Tremelo,2020-07-09,1,43
Tremelo,2020-07-10,0,43
Tremelo,2020-07-11,0,43
Tremelo,2020-07-14,0,43
Tremelo,2020-07-15,0,43
Tremelo,2020-07-16,0,43
Tremelo,2020-07-17,0,43
Tremelo,2020-07-18,0,43
Tremelo,2020-07-20,0,43
Tremelo,2020-07-21,0,43
Tremelo,2020-07-22,0,43
Tremelo,2020-07-23,0,43
Tremelo,2020-07-24,0,43
Tremelo,2020-07-25,1,44
Tremelo,2020-07-26,0,44
Tremelo,2020-07-27,0,44
Tremelo,2020-07-28,0,44
Tremelo,2020-07-29,0,44
Tremelo,2020-07-30,0,44
Tremelo,2020-07-31,0,44
Zoutleeuw,2020-04-01,1,20
Zoutleeuw,2020-04-02,2,22
Zoutleeuw,2020-04-03,1,23
Zoutleeuw,2020-04-04,5,28
Zoutleeuw,2020-04-05,5,33
Zoutleeuw,2020-04-06,3,36
Zoutleeuw,2020-04-07,3,39
Zoutleeuw,2020-04-08,1,40
Zoutleeuw,2020-04-09,1,41
Zoutleeuw,2020-04-10,3,44
Zoutleeuw,2020-04-11,1,45
Zoutleeuw,2020-04-12,2,47
Zoutleeuw,2020-04-13,4,51
Zoutleeuw,2020-04-14,2,53
Zoutleeuw,2020-04-15,2,55
Zoutleeuw,2020-04-16,2,57
Zoutleeuw,2020-04-17,2,59
Zoutleeuw,2020-04-18,1,60
Zoutleeuw,2020-04-19,0,60
Zoutleeuw,2020-04-20,1,61
Zoutleeuw,2020-04-21,0,61
Zoutleeuw,2020-04-22,0,61
Zoutleeuw,2020-04-23,0,61
Zoutleeuw,2020-04-24,0,61
Zoutleeuw,2020-04-25,2,63
Zoutleeuw,2020-04-26,0,63
Zoutleeuw,2020-04-27,0,63
Zoutleeuw,2020-04-28,0,63
Zoutleeuw,2020-04-29,2,65
Zoutleeuw,2020-04-30,1,66
Zoutleeuw,2020-05-01,0,66
Zoutleeuw,2020-05-02,2,68
Zoutleeuw,2020-05-03,0,68
Zoutleeuw,2020-05-04,0,68
Zoutleeuw,2020-05-05,2,70
Zoutleeuw,2020-05-06,0,70
Zoutleeuw,2020-05-07,0,70
Zoutleeuw,2020-05-08,0,70
Zoutleeuw,2020-05-09,0,70
Zoutleeuw,2020-05-10,0,70
Zoutleeuw,2020-05-11,0,70
Zoutleeuw,2020-05-12,0,70
Zoutleeuw,2020-05-13,0,70
Zoutleeuw,2020-05-14,0,70
Zoutleeuw,2020-05-15,0,70
Zoutleeuw,2020-05-16,0,70
Zoutleeuw,2020-05-17,0,70
Zoutleeuw,2020-05-18,0,70
Zoutleeuw,2020-05-19,0,70
Zoutleeuw,2020-05-20,0,70
Zoutleeuw,2020-05-21,0,70
Zoutleeuw,2020-05-22,0,70
Zoutleeuw,2020-05-23,2,72
Zoutleeuw,2020-05-24,0,72
Zoutleeuw,2020-05-25,0,72
Zoutleeuw,2020-05-26,-2,70
Zoutleeuw,2020-05-27,0,70
Zoutleeuw,2020-05-28,0,70
Zoutleeuw,2020-05-29,1,71
Zoutleeuw,2020-05-30,0,71
Zoutleeuw,2020-05-31,1,72
Zoutleeuw,2020-06-01,1,73
Zoutleeuw,2020-06-02,3,76
Zoutleeuw,2020-06-03,0,76
Zoutleeuw,2020-06-04,0,76
Zoutleeuw,2020-06-05,0,76
Zoutleeuw,2020-06-06,1,77
Zoutleeuw,2020-06-07,3,80
Zoutleeuw,2020-06-08,0,80
Zoutleeuw,2020-06-09,0,80
Zoutleeuw,2020-06-10,1,81
Zoutleeuw,2020-06-11,1,82
Zoutleeuw,2020-06-12,2,84
Zoutleeuw,2020-06-13,0,84
Zoutleeuw,2020-06-14,0,84
Zoutleeuw,2020-06-15,1,85
Zoutleeuw,2020-06-16,0,85
Zoutleeuw,2020-06-17,0,85
Zoutleeuw,2020-06-18,0,85
Zoutleeuw,2020-06-19,0,85
Zoutleeuw,2020-06-20,1,86
Zoutleeuw,2020-06-23,0,86
Zoutleeuw,2020-06-24,0,86
Zoutleeuw,2020-06-25,0,86
Zoutleeuw,2020-06-26,0,86
Zoutleeuw,2020-06-27,1,87
Zoutleeuw,2020-06-30,0,87
Zoutleeuw,2020-07-01,0,87
Zoutleeuw,2020-07-02,0,87
Zoutleeuw,2020-07-03,0,87
Zoutleeuw,2020-07-04,0,87
Zoutleeuw,2020-07-07,0,87
Zoutleeuw,2020-07-08,0,87
Zoutleeuw,2020-07-09,0,87
Zoutleeuw,2020-07-10,0,87
Zoutleeuw,2020-07-11,0,87
Zoutleeuw,2020-07-14,0,87
Zoutleeuw,2020-07-15,0,87
Zoutleeuw,2020-07-16,0,87
Zoutleeuw,2020-07-17,0,87
Zoutleeuw,2020-07-18,0,87
Zoutleeuw,2020-07-20,0,87
Zoutleeuw,2020-07-21,0,87
Zoutleeuw,2020-07-22,0,87
Zoutleeuw,2020-07-23,0,87
Zoutleeuw,2020-07-24,0,87
Zoutleeuw,2020-07-25,0,87
Zoutleeuw,2020-07-26,0,87
Zoutleeuw,2020-07-27,0,87
Zoutleeuw,2020-07-28,1,88
Zoutleeuw,2020-07-29,0,88
Zoutleeuw,2020-07-30,0,88
Zoutleeuw,2020-07-31,0,88
Linter,2020-04-01,0,8
Linter,2020-04-02,2,10
Linter,2020-04-03,1,11
Linter,2020-04-04,0,11
Linter,2020-04-05,3,14
Linter,2020-04-06,0,14
Linter,2020-04-07,0,14
Linter,2020-04-08,0,14
Linter,2020-04-09,3,17
Linter,2020-04-10,1,18
Linter,2020-04-11,1,19
Linter,2020-04-12,3,22
Linter,2020-04-13,0,22
Linter,2020-04-14,0,22
Linter,2020-04-15,1,23
Linter,2020-04-16,1,24
Linter,2020-04-17,1,25
Linter,2020-04-18,0,25
Linter,2020-04-19,0,25
Linter,2020-04-20,1,26
Linter,2020-04-21,0,26
Linter,2020-04-22,0,26
Linter,2020-04-23,0,26
Linter,2020-04-24,0,26
Linter,2020-04-25,0,26
Linter,2020-04-26,0,26
Linter,2020-04-27,0,26
Linter,2020-04-28,0,26
Linter,2020-04-29,0,26
Linter,2020-04-30,0,26
Linter,2020-05-01,0,26
Linter,2020-05-02,1,27
Linter,2020-05-03,0,27
Linter,2020-05-04,0,27
Linter,2020-05-05,0,27
Linter,2020-05-06,0,27
Linter,2020-05-07,1,28
Linter,2020-05-08,1,29
Linter,2020-05-09,0,29
Linter,2020-05-10,0,29
Linter,2020-05-11,0,29
Linter,2020-05-12,0,29
Linter,2020-05-13,-1,28
Linter,2020-05-14,0,28
Linter,2020-05-15,0,28
Linter,2020-05-16,1,29
Linter,2020-05-17,1,30
Linter,2020-05-18,0,30
Linter,2020-05-19,2,32
Linter,2020-05-20,0,32
Linter,2020-05-21,0,32
Linter,2020-05-22,0,32
Linter,2020-05-23,0,32
Linter,2020-05-24,0,32
Linter,2020-05-25,0,32
Linter,2020-05-26,0,32
Linter,2020-05-27,0,32
Linter,2020-05-28,1,33
Linter,2020-05-29,0,33
Linter,2020-05-30,0,33
Linter,2020-05-31,0,33
Linter,2020-06-01,0,33
Linter,2020-06-02,1,34
Linter,2020-06-03,0,34
Linter,2020-06-04,0,34
Linter,2020-06-05,0,34
Linter,2020-06-06,0,34
Linter,2020-06-07,0,34
Linter,2020-06-08,0,34
Linter,2020-06-09,0,34
Linter,2020-06-10,0,34
Linter,2020-06-11,0,34
Linter,2020-06-12,0,34
Linter,2020-06-13,0,34
Linter,2020-06-14,0,34
Linter,2020-06-15,0,34
Linter,2020-06-16,0,34
Linter,2020-06-17,0,34
Linter,2020-06-18,0,34
Linter,2020-06-19,0,34
Linter,2020-06-20,0,34
Linter,2020-06-23,0,34
Linter,2020-06-24,0,34
Linter,2020-06-25,1,35
Linter,2020-06-26,0,35
Linter,2020-06-27,0,35
Linter,2020-06-30,0,35
Linter,2020-07-01,0,35
Linter,2020-07-02,0,35
Linter,2020-07-03,0,35
Linter,2020-07-04,0,35
Linter,2020-07-07,0,35
Linter,2020-07-08,0,35
Linter,2020-07-09,0,35
Linter,2020-07-10,0,35
Linter,2020-07-11,0,35
Linter,2020-07-14,0,35
Linter,2020-07-15,0,35
Linter,2020-07-16,0,35
Linter,2020-07-17,0,35
Linter,2020-07-18,0,35
Linter,2020-07-20,0,35
Linter,2020-07-21,0,35
Linter,2020-07-22,0,35
Linter,2020-07-23,0,35
Linter,2020-07-24,0,35
Linter,2020-07-25,0,35
Linter,2020-07-26,0,35
Linter,2020-07-27,0,35
Linter,2020-07-28,0,35
Linter,2020-07-29,0,35
Linter,2020-07-30,0,35
Linter,2020-07-31,0,35
Scherpenheuvel-Zichem,2020-04-01,4,28
Scherpenheuvel-Zichem,2020-04-02,2,30
Scherpenheuvel-Zichem,2020-04-03,4,34
Scherpenheuvel-Zichem,2020-04-04,4,38
Scherpenheuvel-Zichem,2020-04-05,12,50
Scherpenheuvel-Zichem,2020-04-06,2,52
Scherpenheuvel-Zichem,2020-04-07,3,55
Scherpenheuvel-Zichem,2020-04-08,2,57
Scherpenheuvel-Zichem,2020-04-09,1,58
Scherpenheuvel-Zichem,2020-04-10,2,60
Scherpenheuvel-Zichem,2020-04-11,1,61
Scherpenheuvel-Zichem,2020-04-12,5,66
Scherpenheuvel-Zichem,2020-04-13,2,68
Scherpenheuvel-Zichem,2020-04-14,2,70
Scherpenheuvel-Zichem,2020-04-15,6,76
Scherpenheuvel-Zichem,2020-04-16,1,77
Scherpenheuvel-Zichem,2020-04-17,1,78
Scherpenheuvel-Zichem,2020-04-18,1,79
Scherpenheuvel-Zichem,2020-04-19,1,80
Scherpenheuvel-Zichem,2020-04-20,1,81
Scherpenheuvel-Zichem,2020-04-21,1,82
Scherpenheuvel-Zichem,2020-04-22,1,83
Scherpenheuvel-Zichem,2020-04-23,4,87
Scherpenheuvel-Zichem,2020-04-24,1,88
Scherpenheuvel-Zichem,2020-04-25,2,90
Scherpenheuvel-Zichem,2020-04-26,2,92
Scherpenheuvel-Zichem,2020-04-27,0,92
Scherpenheuvel-Zichem,2020-04-28,0,92
Scherpenheuvel-Zichem,2020-04-29,0,92
Scherpenheuvel-Zichem,2020-04-30,2,94
Scherpenheuvel-Zichem,2020-05-01,2,96
Scherpenheuvel-Zichem,2020-05-02,1,97
Scherpenheuvel-Zichem,2020-05-03,0,97
Scherpenheuvel-Zichem,2020-05-04,0,97
Scherpenheuvel-Zichem,2020-05-05,1,98
Scherpenheuvel-Zichem,2020-05-06,0,98
Scherpenheuvel-Zichem,2020-05-07,0,98
Scherpenheuvel-Zichem,2020-05-08,1,99
Scherpenheuvel-Zichem,2020-05-09,0,99
Scherpenheuvel-Zichem,2020-05-10,0,99
Scherpenheuvel-Zichem,2020-05-11,0,99
Scherpenheuvel-Zichem,2020-05-12,0,99
Scherpenheuvel-Zichem,2020-05-13,1,100
Scherpenheuvel-Zichem,2020-05-14,0,100
Scherpenheuvel-Zichem,2020-05-15,0,100
Scherpenheuvel-Zichem,2020-05-16,0,100
Scherpenheuvel-Zichem,2020-05-17,0,100
Scherpenheuvel-Zichem,2020-05-18,0,100
Scherpenheuvel-Zichem,2020-05-19,0,100
Scherpenheuvel-Zichem,2020-05-20,0,100
Scherpenheuvel-Zichem,2020-05-21,0,100
Scherpenheuvel-Zichem,2020-05-22,0,100
Scherpenheuvel-Zichem,2020-05-23,1,101
Scherpenheuvel-Zichem,2020-05-24,0,101
Scherpenheuvel-Zichem,2020-05-25,0,101
Scherpenheuvel-Zichem,2020-05-26,0,101
Scherpenheuvel-Zichem,2020-05-27,0,101
Scherpenheuvel-Zichem,2020-05-28,0,101
Scherpenheuvel-Zichem,2020-05-29,0,101
Scherpenheuvel-Zichem,2020-05-30,1,102
Scherpenheuvel-Zichem,2020-05-31,0,102
Scherpenheuvel-Zichem,2020-06-01,0,102
Scherpenheuvel-Zichem,2020-06-02,0,102
Scherpenheuvel-Zichem,2020-06-03,0,102
Scherpenheuvel-Zichem,2020-06-04,0,102
Scherpenheuvel-Zichem,2020-06-05,0,102
Scherpenheuvel-Zichem,2020-06-06,0,102
Scherpenheuvel-Zichem,2020-06-07,1,103
Scherpenheuvel-Zichem,2020-06-08,0,103
Scherpenheuvel-Zichem,2020-06-09,0,103
Scherpenheuvel-Zichem,2020-06-10,0,103
Scherpenheuvel-Zichem,2020-06-11,0,103
Scherpenheuvel-Zichem,2020-06-12,0,103
Scherpenheuvel-Zichem,2020-06-13,0,103
Scherpenheuvel-Zichem,2020-06-14,0,103
Scherpenheuvel-Zichem,2020-06-15,0,103
Scherpenheuvel-Zichem,2020-06-16,0,103
Scherpenheuvel-Zichem,2020-06-17,0,103
Scherpenheuvel-Zichem,2020-06-18,0,103
Scherpenheuvel-Zichem,2020-06-19,0,103
Scherpenheuvel-Zichem,2020-06-20,0,103
Scherpenheuvel-Zichem,2020-06-23,0,103
Scherpenheuvel-Zichem,2020-06-24,0,103
Scherpenheuvel-Zichem,2020-06-25,0,103
Scherpenheuvel-Zichem,2020-06-26,0,103
Scherpenheuvel-Zichem,2020-06-27,1,104
Scherpenheuvel-Zichem,2020-06-30,0,104
Scherpenheuvel-Zichem,2020-07-01,0,104
Scherpenheuvel-Zichem,2020-07-02,0,104
Scherpenheuvel-Zichem,2020-07-03,0,104
Scherpenheuvel-Zichem,2020-07-04,2,106
Scherpenheuvel-Zichem,2020-07-07,5,111
Scherpenheuvel-Zichem,2020-07-08,0,111
Scherpenheuvel-Zichem,2020-07-09,0,111
Scherpenheuvel-Zichem,2020-07-10,0,111
Scherpenheuvel-Zichem,2020-07-11,0,111
Scherpenheuvel-Zichem,2020-07-14,1,112
Scherpenheuvel-Zichem,2020-07-15,0,112
Scherpenheuvel-Zichem,2020-07-16,0,112
Scherpenheuvel-Zichem,2020-07-17,0,112
Scherpenheuvel-Zichem,2020-07-18,0,112
Scherpenheuvel-Zichem,2020-07-20,0,112
Scherpenheuvel-Zichem,2020-07-21,0,112
Scherpenheuvel-Zichem,2020-07-22,0,112
Scherpenheuvel-Zichem,2020-07-23,0,112
Scherpenheuvel-Zichem,2020-07-24,1,113
Scherpenheuvel-Zichem,2020-07-25,0,113
Scherpenheuvel-Zichem,2020-07-26,0,113
Scherpenheuvel-Zichem,2020-07-27,1,114
Scherpenheuvel-Zichem,2020-07-28,0,114
Scherpenheuvel-Zichem,2020-07-29,0,114
Scherpenheuvel-Zichem,2020-07-30,0,114
Scherpenheuvel-Zichem,2020-07-31,0,114
Tielt-Winge,2020-04-01,2,10
Tielt-Winge,2020-04-02,1,11
Tielt-Winge,2020-04-03,2,13
Tielt-Winge,2020-04-04,1,14
Tielt-Winge,2020-04-05,2,16
Tielt-Winge,2020-04-06,1,17
Tielt-Winge,2020-04-07,0,17
Tielt-Winge,2020-04-08,0,17
Tielt-Winge,2020-04-09,1,18
Tielt-Winge,2020-04-10,0,18
Tielt-Winge,2020-04-11,0,18
Tielt-Winge,2020-04-12,1,19
Tielt-Winge,2020-04-13,2,21
Tielt-Winge,2020-04-14,0,21
Tielt-Winge,2020-04-15,0,21
Tielt-Winge,2020-04-16,1,22
Tielt-Winge,2020-04-17,0,22
Tielt-Winge,2020-04-18,0,22
Tielt-Winge,2020-04-19,2,24
Tielt-Winge,2020-04-20,0,24
Tielt-Winge,2020-04-21,0,24
Tielt-Winge,2020-04-22,1,25
Tielt-Winge,2020-04-23,0,25
Tielt-Winge,2020-04-24,2,27
Tielt-Winge,2020-04-25,0,27
Tielt-Winge,2020-04-26,0,27
Tielt-Winge,2020-04-27,0,27
Tielt-Winge,2020-04-28,0,27
Tielt-Winge,2020-04-29,0,27
Tielt-Winge,2020-04-30,1,28
Tielt-Winge,2020-05-01,0,28
Tielt-Winge,2020-05-02,1,29
Tielt-Winge,2020-05-03,0,29
Tielt-Winge,2020-05-04,0,29
Tielt-Winge,2020-05-05,0,29
Tielt-Winge,2020-05-06,0,29
Tielt-Winge,2020-05-07,1,30
Tielt-Winge,2020-05-08,0,30
Tielt-Winge,2020-05-09,0,30
Tielt-Winge,2020-05-10,0,30
Tielt-Winge,2020-05-11,0,30
Tielt-Winge,2020-05-12,0,30
Tielt-Winge,2020-05-13,1,31
Tielt-Winge,2020-05-14,0,31
Tielt-Winge,2020-05-15,0,31
Tielt-Winge,2020-05-16,0,31
Tielt-Winge,2020-05-17,0,31
Tielt-Winge,2020-05-18,0,31
Tielt-Winge,2020-05-19,0,31
Tielt-Winge,2020-05-20,0,31
Tielt-Winge,2020-05-21,0,31
Tielt-Winge,2020-05-22,1,32
Tielt-Winge,2020-05-23,1,33
Tielt-Winge,2020-05-24,0,33
Tielt-Winge,2020-05-25,0,33
Tielt-Winge,2020-05-26,-1,32
Tielt-Winge,2020-05-27,0,32
Tielt-Winge,2020-05-28,0,32
Tielt-Winge,2020-05-29,0,32
Tielt-Winge,2020-05-30,0,32
Tielt-Winge,2020-05-31,0,32
Tielt-Winge,2020-06-01,0,32
Tielt-Winge,2020-06-02,0,32
Tielt-Winge,2020-06-03,0,32
Tielt-Winge,2020-06-04,0,32
Tielt-Winge,2020-06-05,0,32
Tielt-Winge,2020-06-06,0,32
Tielt-Winge,2020-06-07,0,32
Tielt-Winge,2020-06-08,0,32
Tielt-Winge,2020-06-09,0,32
Tielt-Winge,2020-06-10,0,32
Tielt-Winge,2020-06-11,0,32
Tielt-Winge,2020-06-12,0,32
Tielt-Winge,2020-06-13,0,32
Tielt-Winge,2020-06-14,0,32
Tielt-Winge,2020-06-15,1,33
Tielt-Winge,2020-06-16,0,33
Tielt-Winge,2020-06-17,0,33
Tielt-Winge,2020-06-18,0,33
Tielt-Winge,2020-06-19,0,33
Tielt-Winge,2020-06-20,0,33
Tielt-Winge,2020-06-23,0,33
Tielt-Winge,2020-06-24,0,33
Tielt-Winge,2020-06-25,0,33
Tielt-Winge,2020-06-26,0,33
Tielt-Winge,2020-06-27,0,33
Tielt-Winge,2020-06-30,0,33
Tielt-Winge,2020-07-01,0,33
Tielt-Winge,2020-07-02,0,33
Tielt-Winge,2020-07-03,0,33
Tielt-Winge,2020-07-04,0,33
Tielt-Winge,2020-07-07,0,33
Tielt-Winge,2020-07-08,0,33
Tielt-Winge,2020-07-09,0,33
Tielt-Winge,2020-07-10,0,33
Tielt-Winge,2020-07-11,0,33
Tielt-Winge,2020-07-14,0,33
Tielt-Winge,2020-07-15,0,33
Tielt-Winge,2020-07-16,0,33
Tielt-Winge,2020-07-17,0,33
Tielt-Winge,2020-07-18,0,33
Tielt-Winge,2020-07-20,0,33
Tielt-Winge,2020-07-21,0,33
Tielt-Winge,2020-07-22,0,33
Tielt-Winge,2020-07-23,0,33
Tielt-Winge,2020-07-24,0,33
Tielt-Winge,2020-07-25,0,33
Tielt-Winge,2020-07-26,0,33
Tielt-Winge,2020-07-27,0,33
Tielt-Winge,2020-07-28,0,33
Tielt-Winge,2020-07-29,0,33
Tielt-Winge,2020-07-30,0,33
Tielt-Winge,2020-07-31,0,33
Glabbeek,2020-04-01,0,10
Glabbeek,2020-04-02,0,10
Glabbeek,2020-04-03,2,12
Glabbeek,2020-04-04,1,13
Glabbeek,2020-04-05,3,16
Glabbeek,2020-04-06,2,18
Glabbeek,2020-04-07,0,18
Glabbeek,2020-04-08,0,18
Glabbeek,2020-04-09,0,18
Glabbeek,2020-04-10,0,18
Glabbeek,2020-04-11,0,18
Glabbeek,2020-04-12,1,19
Glabbeek,2020-04-13,0,19
Glabbeek,2020-04-14,2,21
Glabbeek,2020-04-15,3,24
Glabbeek,2020-04-16,0,24
Glabbeek,2020-04-17,0,24
Glabbeek,2020-04-18,0,24
Glabbeek,2020-04-19,0,24
Glabbeek,2020-04-20,0,24
Glabbeek,2020-04-21,0,24
Glabbeek,2020-04-22,0,24
Glabbeek,2020-04-23,0,24
Glabbeek,2020-04-24,0,24
Glabbeek,2020-04-25,0,24
Glabbeek,2020-04-26,0,24
Glabbeek,2020-04-27,0,24
Glabbeek,2020-04-28,1,25
Glabbeek,2020-04-29,0,25
Glabbeek,2020-04-30,0,25
Glabbeek,2020-05-01,0,25
Glabbeek,2020-05-02,0,25
Glabbeek,2020-05-03,0,25
Glabbeek,2020-05-04,0,25
Glabbeek,2020-05-05,0,25
Glabbeek,2020-05-06,1,26
Glabbeek,2020-05-07,0,26
Glabbeek,2020-05-08,0,26
Glabbeek,2020-05-09,0,26
Glabbeek,2020-05-10,0,26
Glabbeek,2020-05-11,0,26
Glabbeek,2020-05-12,0,26
Glabbeek,2020-05-13,0,26
Glabbeek,2020-05-14,2,28
Glabbeek,2020-05-15,0,28
Glabbeek,2020-05-16,0,28
Glabbeek,2020-05-17,0,28
Glabbeek,2020-05-18,0,28
Glabbeek,2020-05-19,0,28
Glabbeek,2020-05-20,0,28
Glabbeek,2020-05-21,0,28
Glabbeek,2020-05-22,1,29
Glabbeek,2020-05-23,0,29
Glabbeek,2020-05-24,0,29
Glabbeek,2020-05-25,0,29
Glabbeek,2020-05-26,0,29
Glabbeek,2020-05-27,0,29
Glabbeek,2020-05-28,0,29
Glabbeek,2020-05-29,0,29
Glabbeek,2020-05-30,0,29
Glabbeek,2020-05-31,0,29
Glabbeek,2020-06-01,0,29
Glabbeek,2020-06-02,0,29
Glabbeek,2020-06-03,0,29
Glabbeek,2020-06-04,0,29
Glabbeek,2020-06-05,0,29
Glabbeek,2020-06-06,0,29
Glabbeek,2020-06-07,0,29
Glabbeek,2020-06-08,0,29
Glabbeek,2020-06-09,0,29
Glabbeek,2020-06-10,0,29
Glabbeek,2020-06-11,0,29
Glabbeek,2020-06-12,0,29
Glabbeek,2020-06-13,0,29
Glabbeek,2020-06-14,0,29
Glabbeek,2020-06-15,0,29
Glabbeek,2020-06-16,0,29
Glabbeek,2020-06-17,0,29
Glabbeek,2020-06-18,0,29
Glabbeek,2020-06-19,0,29
Glabbeek,2020-06-20,0,29
Glabbeek,2020-06-23,0,29
Glabbeek,2020-06-24,0,29
Glabbeek,2020-06-25,0,29
Glabbeek,2020-06-26,0,29
Glabbeek,2020-06-27,0,29
Glabbeek,2020-06-30,0,29
Glabbeek,2020-07-01,0,29
Glabbeek,2020-07-02,0,29
Glabbeek,2020-07-03,1,30
Glabbeek,2020-07-04,0,30
Glabbeek,2020-07-07,0,30
Glabbeek,2020-07-08,0,30
Glabbeek,2020-07-09,0,30
Glabbeek,2020-07-10,0,30
Glabbeek,2020-07-11,0,30
Glabbeek,2020-07-14,0,30
Glabbeek,2020-07-15,0,30
Glabbeek,2020-07-16,0,30
Glabbeek,2020-07-17,0,30
Glabbeek,2020-07-18,0,30
Glabbeek,2020-07-20,0,30
Glabbeek,2020-07-21,0,30
Glabbeek,2020-07-22,0,30
Glabbeek,2020-07-23,0,30
Glabbeek,2020-07-24,0,30
Glabbeek,2020-07-25,0,30
Glabbeek,2020-07-26,0,30
Glabbeek,2020-07-27,0,30
Glabbeek,2020-07-28,0,30
Glabbeek,2020-07-29,0,30
Glabbeek,2020-07-30,0,30
Glabbeek,2020-07-31,0,30
Bevekom,2020-04-01,0,0
Bevekom,2020-04-02,0,0
Bevekom,2020-04-03,0,0
Bevekom,2020-04-04,0,0
Bevekom,2020-04-05,6,6
Bevekom,2020-04-06,0,6
Bevekom,2020-04-07,0,6
Bevekom,2020-04-08,0,6
Bevekom,2020-04-09,0,6
Bevekom,2020-04-10,1,7
Bevekom,2020-04-11,0,7
Bevekom,2020-04-12,0,7
Bevekom,2020-04-13,0,7
Bevekom,2020-04-14,0,7
Bevekom,2020-04-15,0,7
Bevekom,2020-04-16,0,7
Bevekom,2020-04-17,0,7
Bevekom,2020-04-18,0,7
Bevekom,2020-04-19,0,7
Bevekom,2020-04-20,0,7
Bevekom,2020-04-21,0,7
Bevekom,2020-04-22,2,9
Bevekom,2020-04-23,0,9
Bevekom,2020-04-24,0,9
Bevekom,2020-04-25,0,9
Bevekom,2020-04-26,0,9
Bevekom,2020-04-27,0,9
Bevekom,2020-04-28,0,9
Bevekom,2020-04-29,0,9
Bevekom,2020-04-30,0,9
Bevekom,2020-05-01,0,9
Bevekom,2020-05-02,0,9
Bevekom,2020-05-03,0,9
Bevekom,2020-05-04,0,9
Bevekom,2020-05-05,0,9
Bevekom,2020-05-06,0,9
Bevekom,2020-05-07,0,9
Bevekom,2020-05-08,0,9
Bevekom,2020-05-09,0,9
Bevekom,2020-05-10,0,9
Bevekom,2020-05-11,1,10
Bevekom,2020-05-12,0,10
Bevekom,2020-05-13,0,10
Bevekom,2020-05-14,0,10
Bevekom,2020-05-15,0,10
Bevekom,2020-05-16,0,10
Bevekom,2020-05-17,0,10
Bevekom,2020-05-18,0,10
Bevekom,2020-05-19,0,10
Bevekom,2020-05-20,0,10
Bevekom,2020-05-21,0,10
Bevekom,2020-05-22,0,10
Bevekom,2020-05-23,0,10
Bevekom,2020-05-24,0,10
Bevekom,2020-05-25,0,10
Bevekom,2020-05-26,0,10
Bevekom,2020-05-27,0,10
Bevekom,2020-05-28,0,10
Bevekom,2020-05-29,0,10
Bevekom,2020-05-30,0,10
Bevekom,2020-05-31,0,10
Bevekom,2020-06-01,0,10
Bevekom,2020-06-02,0,10
Bevekom,2020-06-03,0,10
Bevekom,2020-06-04,0,10
Bevekom,2020-06-05,0,10
Bevekom,2020-06-06,0,10
Bevekom,2020-06-07,1,11
Bevekom,2020-06-08,0,11
Bevekom,2020-06-09,0,11
Bevekom,2020-06-10,0,11
Bevekom,2020-06-11,0,11
Bevekom,2020-06-12,0,11
Bevekom,2020-06-13,0,11
Bevekom,2020-06-14,0,11
Bevekom,2020-06-15,0,11
Bevekom,2020-06-16,0,11
Bevekom,2020-06-17,0,11
Bevekom,2020-06-18,0,11
Bevekom,2020-06-19,0,11
Bevekom,2020-06-20,0,11
Bevekom,2020-06-23,0,11
Bevekom,2020-06-24,0,11
Bevekom,2020-06-25,0,11
Bevekom,2020-06-26,0,11
Bevekom,2020-06-27,0,11
Bevekom,2020-06-30,0,11
Bevekom,2020-07-01,0,11
Bevekom,2020-07-02,0,11
Bevekom,2020-07-03,0,11
Bevekom,2020-07-04,0,11
Bevekom,2020-07-07,0,11
Bevekom,2020-07-08,0,11
Bevekom,2020-07-09,0,11
Bevekom,2020-07-10,0,11
Bevekom,2020-07-11,0,11
Bevekom,2020-07-14,2,13
Bevekom,2020-07-15,0,13
Bevekom,2020-07-16,0,13
Bevekom,2020-07-17,0,13
Bevekom,2020-07-18,0,13
Bevekom,2020-07-20,0,13
Bevekom,2020-07-21,0,13
Bevekom,2020-07-22,0,13
Bevekom,2020-07-23,0,13
Bevekom,2020-07-24,0,13
Bevekom,2020-07-25,0,13
Bevekom,2020-07-26,0,13
Bevekom,2020-07-27,0,13
Bevekom,2020-07-28,0,13
Bevekom,2020-07-29,0,13
Bevekom,2020-07-30,0,13
Bevekom,2020-07-31,1,14
Eigenbrakel,2020-04-01,2,39
Eigenbrakel,2020-04-02,6,45
Eigenbrakel,2020-04-03,3,48
Eigenbrakel,2020-04-04,2,50
Eigenbrakel,2020-04-05,4,54
Eigenbrakel,2020-04-06,4,58
Eigenbrakel,2020-04-07,3,61
Eigenbrakel,2020-04-08,2,63
Eigenbrakel,2020-04-09,8,71
Eigenbrakel,2020-04-10,2,73
Eigenbrakel,2020-04-11,0,73
Eigenbrakel,2020-04-12,5,78
Eigenbrakel,2020-04-13,2,80
Eigenbrakel,2020-04-14,1,81
Eigenbrakel,2020-04-15,2,83
Eigenbrakel,2020-04-16,0,83
Eigenbrakel,2020-04-17,3,86
Eigenbrakel,2020-04-18,2,88
Eigenbrakel,2020-04-19,0,88
Eigenbrakel,2020-04-20,5,93
Eigenbrakel,2020-04-21,1,94
Eigenbrakel,2020-04-22,4,98
Eigenbrakel,2020-04-23,5,103
Eigenbrakel,2020-04-24,2,105
Eigenbrakel,2020-04-25,4,109
Eigenbrakel,2020-04-26,0,109
Eigenbrakel,2020-04-27,2,111
Eigenbrakel,2020-04-28,11,122
Eigenbrakel,2020-04-29,6,128
Eigenbrakel,2020-04-30,3,131
Eigenbrakel,2020-05-01,1,132
Eigenbrakel,2020-05-02,0,132
Eigenbrakel,2020-05-03,0,132
Eigenbrakel,2020-05-04,0,132
Eigenbrakel,2020-05-05,0,132
Eigenbrakel,2020-05-06,0,132
Eigenbrakel,2020-05-07,18,150
Eigenbrakel,2020-05-08,0,150
Eigenbrakel,2020-05-09,0,150
Eigenbrakel,2020-05-10,4,154
Eigenbrakel,2020-05-11,0,154
Eigenbrakel,2020-05-12,1,155
Eigenbrakel,2020-05-13,0,155
Eigenbrakel,2020-05-14,0,155
Eigenbrakel,2020-05-15,1,156
Eigenbrakel,2020-05-16,0,156
Eigenbrakel,2020-05-17,0,156
Eigenbrakel,2020-05-18,0,156
Eigenbrakel,2020-05-19,0,156
Eigenbrakel,2020-05-20,1,157
Eigenbrakel,2020-05-21,0,157
Eigenbrakel,2020-05-22,1,158
Eigenbrakel,2020-05-23,0,158
Eigenbrakel,2020-05-24,0,158
Eigenbrakel,2020-05-25,1,159
Eigenbrakel,2020-05-26,0,159
Eigenbrakel,2020-05-27,3,162
Eigenbrakel,2020-05-28,1,163
Eigenbrakel,2020-05-29,1,164
Eigenbrakel,2020-05-30,0,164
Eigenbrakel,2020-05-31,0,164
Eigenbrakel,2020-06-01,1,165
Eigenbrakel,2020-06-02,0,165
Eigenbrakel,2020-06-03,0,165
Eigenbrakel,2020-06-04,0,165
Eigenbrakel,2020-06-05,0,165
Eigenbrakel,2020-06-06,1,166
Eigenbrakel,2020-06-07,2,168
Eigenbrakel,2020-06-08,0,168
Eigenbrakel,2020-06-09,0,168
Eigenbrakel,2020-06-10,0,168
Eigenbrakel,2020-06-11,0,168
Eigenbrakel,2020-06-12,1,169
Eigenbrakel,2020-06-13,1,170
Eigenbrakel,2020-06-14,0,170
Eigenbrakel,2020-06-15,0,170
Eigenbrakel,2020-06-16,0,170
Eigenbrakel,2020-06-17,0,170
Eigenbrakel,2020-06-18,1,171
Eigenbrakel,2020-06-19,0,171
Eigenbrakel,2020-06-20,0,171
Eigenbrakel,2020-06-23,0,171
Eigenbrakel,2020-06-24,1,172
Eigenbrakel,2020-06-25,1,173
Eigenbrakel,2020-06-26,0,173
Eigenbrakel,2020-06-27,0,173
Eigenbrakel,2020-06-30,1,174
Eigenbrakel,2020-07-01,0,174
Eigenbrakel,2020-07-02,0,174
Eigenbrakel,2020-07-03,0,174
Eigenbrakel,2020-07-04,0,174
Eigenbrakel,2020-07-07,0,174
Eigenbrakel,2020-07-08,0,174
Eigenbrakel,2020-07-09,1,175
Eigenbrakel,2020-07-10,0,175
Eigenbrakel,2020-07-11,0,175
Eigenbrakel,2020-07-14,0,175
Eigenbrakel,2020-07-15,0,175
Eigenbrakel,2020-07-16,0,175
Eigenbrakel,2020-07-17,0,175
Eigenbrakel,2020-07-18,0,175
Eigenbrakel,2020-07-20,0,175
Eigenbrakel,2020-07-21,0,175
Eigenbrakel,2020-07-22,1,176
Eigenbrakel,2020-07-23,0,176
Eigenbrakel,2020-07-24,0,176
Eigenbrakel,2020-07-25,2,178
Eigenbrakel,2020-07-26,0,178
Eigenbrakel,2020-07-27,1,179
Eigenbrakel,2020-07-28,0,179
Eigenbrakel,2020-07-29,0,179
Eigenbrakel,2020-07-30,10,189
Eigenbrakel,2020-07-31,2,191
Kasteelbrakel,2020-04-01,1,8
Kasteelbrakel,2020-04-02,0,8
Kasteelbrakel,2020-04-03,1,9
Kasteelbrakel,2020-04-04,1,10
Kasteelbrakel,2020-04-05,1,11
Kasteelbrakel,2020-04-06,0,11
Kasteelbrakel,2020-04-07,0,11
Kasteelbrakel,2020-04-08,0,11
Kasteelbrakel,2020-04-09,0,11
Kasteelbrakel,2020-04-10,1,12
Kasteelbrakel,2020-04-11,1,13
Kasteelbrakel,2020-04-12,1,14
Kasteelbrakel,2020-04-13,1,15
Kasteelbrakel,2020-04-14,1,16
Kasteelbrakel,2020-04-15,0,16
Kasteelbrakel,2020-04-16,3,19
Kasteelbrakel,2020-04-17,0,19
Kasteelbrakel,2020-04-18,0,19
Kasteelbrakel,2020-04-19,0,19
Kasteelbrakel,2020-04-20,1,20
Kasteelbrakel,2020-04-21,0,20
Kasteelbrakel,2020-04-22,0,20
Kasteelbrakel,2020-04-23,1,21
Kasteelbrakel,2020-04-24,0,21
Kasteelbrakel,2020-04-25,0,21
Kasteelbrakel,2020-04-26,0,21
Kasteelbrakel,2020-04-27,0,21
Kasteelbrakel,2020-04-28,0,21
Kasteelbrakel,2020-04-29,0,21
Kasteelbrakel,2020-04-30,0,21
Kasteelbrakel,2020-05-01,0,21
Kasteelbrakel,2020-05-02,0,21
Kasteelbrakel,2020-05-03,0,21
Kasteelbrakel,2020-05-04,0,21
Kasteelbrakel,2020-05-05,0,21
Kasteelbrakel,2020-05-06,0,21
Kasteelbrakel,2020-05-07,0,21
Kasteelbrakel,2020-05-08,1,22
Kasteelbrakel,2020-05-09,0,22
Kasteelbrakel,2020-05-10,0,22
Kasteelbrakel,2020-05-11,1,23
Kasteelbrakel,2020-05-12,0,23
Kasteelbrakel,2020-05-13,0,23
Kasteelbrakel,2020-05-14,0,23
Kasteelbrakel,2020-05-15,0,23
Kasteelbrakel,2020-05-16,0,23
Kasteelbrakel,2020-05-17,0,23
Kasteelbrakel,2020-05-18,0,23
Kasteelbrakel,2020-05-19,1,24
Kasteelbrakel,2020-05-20,0,24
Kasteelbrakel,2020-05-21,0,24
Kasteelbrakel,2020-05-22,0,24
Kasteelbrakel,2020-05-23,0,24
Kasteelbrakel,2020-05-24,0,24
Kasteelbrakel,2020-05-25,1,25
Kasteelbrakel,2020-05-26,1,26
Kasteelbrakel,2020-05-27,0,26
Kasteelbrakel,2020-05-28,0,26
Kasteelbrakel,2020-05-29,0,26
Kasteelbrakel,2020-05-30,0,26
Kasteelbrakel,2020-05-31,0,26
Kasteelbrakel,2020-06-01,0,26
Kasteelbrakel,2020-06-02,0,26
Kasteelbrakel,2020-06-03,0,26
Kasteelbrakel,2020-06-04,0,26
Kasteelbrakel,2020-06-05,0,26
Kasteelbrakel,2020-06-06,0,26
Kasteelbrakel,2020-06-07,0,26
Kasteelbrakel,2020-06-08,0,26
Kasteelbrakel,2020-06-09,0,26
Kasteelbrakel,2020-06-10,0,26
Kasteelbrakel,2020-06-11,0,26
Kasteelbrakel,2020-06-12,0,26
Kasteelbrakel,2020-06-13,0,26
Kasteelbrakel,2020-06-14,0,26
Kasteelbrakel,2020-06-15,0,26
Kasteelbrakel,2020-06-16,0,26
Kasteelbrakel,2020-06-17,0,26
Kasteelbrakel,2020-06-18,0,26
Kasteelbrakel,2020-06-19,0,26
Kasteelbrakel,2020-06-20,0,26
Kasteelbrakel,2020-06-23,0,26
Kasteelbrakel,2020-06-24,0,26
Kasteelbrakel,2020-06-25,0,26
Kasteelbrakel,2020-06-26,0,26
Kasteelbrakel,2020-06-27,0,26
Kasteelbrakel,2020-06-30,0,26
Kasteelbrakel,2020-07-01,0,26
Kasteelbrakel,2020-07-02,0,26
Kasteelbrakel,2020-07-03,0,26
Kasteelbrakel,2020-07-04,0,26
Kasteelbrakel,2020-07-07,0,26
Kasteelbrakel,2020-07-08,0,26
Kasteelbrakel,2020-07-09,0,26
Kasteelbrakel,2020-07-10,0,26
Kasteelbrakel,2020-07-11,0,26
Kasteelbrakel,2020-07-14,0,26
Kasteelbrakel,2020-07-15,0,26
Kasteelbrakel,2020-07-16,0,26
Kasteelbrakel,2020-07-17,0,26
Kasteelbrakel,2020-07-18,0,26
Kasteelbrakel,2020-07-20,0,26
Kasteelbrakel,2020-07-21,0,26
Kasteelbrakel,2020-07-22,0,26
Kasteelbrakel,2020-07-23,0,26
Kasteelbrakel,2020-07-24,0,26
Kasteelbrakel,2020-07-25,0,26
Kasteelbrakel,2020-07-26,0,26
Kasteelbrakel,2020-07-27,1,27
Kasteelbrakel,2020-07-28,0,27
Kasteelbrakel,2020-07-29,0,27
Kasteelbrakel,2020-07-30,0,27
Kasteelbrakel,2020-07-31,0,27
Chaumont-Gistoux,2020-04-01,1,10
Chaumont-Gistoux,2020-04-02,0,10
Chaumont-Gistoux,2020-04-03,1,11
Chaumont-Gistoux,2020-04-04,2,13
Chaumont-Gistoux,2020-04-05,1,14
Chaumont-Gistoux,2020-04-06,2,16
Chaumont-Gistoux,2020-04-07,0,16
Chaumont-Gistoux,2020-04-08,1,17
Chaumont-Gistoux,2020-04-09,0,17
Chaumont-Gistoux,2020-04-10,1,18
Chaumont-Gistoux,2020-04-11,0,18
Chaumont-Gistoux,2020-04-12,1,19
Chaumont-Gistoux,2020-04-13,0,19
Chaumont-Gistoux,2020-04-14,0,19
Chaumont-Gistoux,2020-04-15,1,20
Chaumont-Gistoux,2020-04-16,0,20
Chaumont-Gistoux,2020-04-17,1,21
Chaumont-Gistoux,2020-04-18,1,22
Chaumont-Gistoux,2020-04-19,0,22
Chaumont-Gistoux,2020-04-20,0,22
Chaumont-Gistoux,2020-04-21,0,22
Chaumont-Gistoux,2020-04-22,0,22
Chaumont-Gistoux,2020-04-23,0,22
Chaumont-Gistoux,2020-04-24,0,22
Chaumont-Gistoux,2020-04-25,1,23
Chaumont-Gistoux,2020-04-26,1,24
Chaumont-Gistoux,2020-04-27,0,24
Chaumont-Gistoux,2020-04-28,0,24
Chaumont-Gistoux,2020-04-29,0,24
Chaumont-Gistoux,2020-04-30,1,25
Chaumont-Gistoux,2020-05-01,0,25
Chaumont-Gistoux,2020-05-02,0,25
Chaumont-Gistoux,2020-05-03,0,25
Chaumont-Gistoux,2020-05-04,0,25
Chaumont-Gistoux,2020-05-05,0,25
Chaumont-Gistoux,2020-05-06,0,25
Chaumont-Gistoux,2020-05-07,0,25
Chaumont-Gistoux,2020-05-08,0,25
Chaumont-Gistoux,2020-05-09,0,25
Chaumont-Gistoux,2020-05-10,0,25
Chaumont-Gistoux,2020-05-11,0,25
Chaumont-Gistoux,2020-05-12,0,25
Chaumont-Gistoux,2020-05-13,0,25
Chaumont-Gistoux,2020-05-14,0,25
Chaumont-Gistoux,2020-05-15,0,25
Chaumont-Gistoux,2020-05-16,0,25
Chaumont-Gistoux,2020-05-17,0,25
Chaumont-Gistoux,2020-05-18,0,25
Chaumont-Gistoux,2020-05-19,0,25
Chaumont-Gistoux,2020-05-20,0,25
Chaumont-Gistoux,2020-05-21,0,25
Chaumont-Gistoux,2020-05-22,0,25
Chaumont-Gistoux,2020-05-23,0,25
Chaumont-Gistoux,2020-05-24,0,25
Chaumont-Gistoux,2020-05-25,0,25
Chaumont-Gistoux,2020-05-26,1,26
Chaumont-Gistoux,2020-05-27,1,27
Chaumont-Gistoux,2020-05-28,0,27
Chaumont-Gistoux,2020-05-29,0,27
Chaumont-Gistoux,2020-05-30,0,27
Chaumont-Gistoux,2020-05-31,1,28
Chaumont-Gistoux,2020-06-01,1,29
Chaumont-Gistoux,2020-06-02,0,29
Chaumont-Gistoux,2020-06-03,0,29
Chaumont-Gistoux,2020-06-04,0,29
Chaumont-Gistoux,2020-06-05,0,29
Chaumont-Gistoux,2020-06-06,0,29
Chaumont-Gistoux,2020-06-07,0,29
Chaumont-Gistoux,2020-06-08,0,29
Chaumont-Gistoux,2020-06-09,0,29
Chaumont-Gistoux,2020-06-10,0,29
Chaumont-Gistoux,2020-06-11,1,30
Chaumont-Gistoux,2020-06-12,0,30
Chaumont-Gistoux,2020-06-13,0,30
Chaumont-Gistoux,2020-06-14,0,30
Chaumont-Gistoux,2020-06-15,0,30
Chaumont-Gistoux,2020-06-16,0,30
Chaumont-Gistoux,2020-06-17,0,30
Chaumont-Gistoux,2020-06-18,0,30
Chaumont-Gistoux,2020-06-19,0,30
Chaumont-Gistoux,2020-06-20,0,30
Chaumont-Gistoux,2020-06-23,1,31
Chaumont-Gistoux,2020-06-24,0,31
Chaumont-Gistoux,2020-06-25,0,31
Chaumont-Gistoux,2020-06-26,0,31
Chaumont-Gistoux,2020-06-27,0,31
Chaumont-Gistoux,2020-06-30,0,31
Chaumont-Gistoux,2020-07-01,0,31
Chaumont-Gistoux,2020-07-02,0,31
Chaumont-Gistoux,2020-07-03,0,31
Chaumont-Gistoux,2020-07-04,0,31
Chaumont-Gistoux,2020-07-07,0,31
Chaumont-Gistoux,2020-07-08,0,31
Chaumont-Gistoux,2020-07-09,0,31
Chaumont-Gistoux,2020-07-10,0,31
Chaumont-Gistoux,2020-07-11,0,31
Chaumont-Gistoux,2020-07-14,0,31
Chaumont-Gistoux,2020-07-15,0,31
Chaumont-Gistoux,2020-07-16,0,31
Chaumont-Gistoux,2020-07-17,0,31
Chaumont-Gistoux,2020-07-18,0,31
Chaumont-Gistoux,2020-07-20,0,31
Chaumont-Gistoux,2020-07-21,0,31
Chaumont-Gistoux,2020-07-22,0,31
Chaumont-Gistoux,2020-07-23,1,32
Chaumont-Gistoux,2020-07-24,0,32
Chaumont-Gistoux,2020-07-25,0,32
Chaumont-Gistoux,2020-07-26,0,32
Chaumont-Gistoux,2020-07-27,0,32
Chaumont-Gistoux,2020-07-28,0,32
Chaumont-Gistoux,2020-07-29,0,32
Chaumont-Gistoux,2020-07-30,0,32
Chaumont-Gistoux,2020-07-31,0,32
Court-Saint-Etienne,2020-04-01,0,8
Court-Saint-Etienne,2020-04-02,0,8
Court-Saint-Etienne,2020-04-03,0,8
Court-Saint-Etienne,2020-04-04,0,8
Court-Saint-Etienne,2020-04-05,0,8
Court-Saint-Etienne,2020-04-06,0,8
Court-Saint-Etienne,2020-04-07,0,8
Court-Saint-Etienne,2020-04-08,1,9
Court-Saint-Etienne,2020-04-09,0,9
Court-Saint-Etienne,2020-04-10,0,9
Court-Saint-Etienne,2020-04-11,0,9
Court-Saint-Etienne,2020-04-12,1,10
Court-Saint-Etienne,2020-04-13,0,10
Court-Saint-Etienne,2020-04-14,0,10
Court-Saint-Etienne,2020-04-15,0,10
Court-Saint-Etienne,2020-04-16,1,11
Court-Saint-Etienne,2020-04-17,1,12
Court-Saint-Etienne,2020-04-18,0,12
Court-Saint-Etienne,2020-04-19,0,12
Court-Saint-Etienne,2020-04-20,0,12
Court-Saint-Etienne,2020-04-21,2,14
Court-Saint-Etienne,2020-04-22,1,15
Court-Saint-Etienne,2020-04-23,0,15
Court-Saint-Etienne,2020-04-24,1,16
Court-Saint-Etienne,2020-04-25,2,18
Court-Saint-Etienne,2020-04-26,0,18
Court-Saint-Etienne,2020-04-27,0,18
Court-Saint-Etienne,2020-04-28,0,18
Court-Saint-Etienne,2020-04-29,0,18
Court-Saint-Etienne,2020-04-30,1,19
Court-Saint-Etienne,2020-05-01,0,19
Court-Saint-Etienne,2020-05-02,0,19
Court-Saint-Etienne,2020-05-03,0,19
Court-Saint-Etienne,2020-05-04,0,19
Court-Saint-Etienne,2020-05-05,0,19
Court-Saint-Etienne,2020-05-06,1,20
Court-Saint-Etienne,2020-05-07,0,20
Court-Saint-Etienne,2020-05-08,2,22
Court-Saint-Etienne,2020-05-09,0,22
Court-Saint-Etienne,2020-05-10,0,22
Court-Saint-Etienne,2020-05-11,1,23
Court-Saint-Etienne,2020-05-12,0,23
Court-Saint-Etienne,2020-05-13,0,23
Court-Saint-Etienne,2020-05-14,0,23
Court-Saint-Etienne,2020-05-15,0,23
Court-Saint-Etienne,2020-05-16,0,23
Court-Saint-Etienne,2020-05-17,0,23
Court-Saint-Etienne,2020-05-18,0,23
Court-Saint-Etienne,2020-05-19,0,23
Court-Saint-Etienne,2020-05-20,0,23
Court-Saint-Etienne,2020-05-21,0,23
Court-Saint-Etienne,2020-05-22,0,23
Court-Saint-Etienne,2020-05-23,2,25
Court-Saint-Etienne,2020-05-24,0,25
Court-Saint-Etienne,2020-05-25,0,25
Court-Saint-Etienne,2020-05-26,0,25
Court-Saint-Etienne,2020-05-27,0,25
Court-Saint-Etienne,2020-05-28,0,25
Court-Saint-Etienne,2020-05-29,0,25
Court-Saint-Etienne,2020-05-30,0,25
Court-Saint-Etienne,2020-05-31,0,25
Court-Saint-Etienne,2020-06-01,1,26
Court-Saint-Etienne,2020-06-02,0,26
Court-Saint-Etienne,2020-06-03,0,26
Court-Saint-Etienne,2020-06-04,0,26
Court-Saint-Etienne,2020-06-05,0,26
Court-Saint-Etienne,2020-06-06,0,26
Court-Saint-Etienne,2020-06-07,0,26
Court-Saint-Etienne,2020-06-08,0,26
Court-Saint-Etienne,2020-06-09,1,27
Court-Saint-Etienne,2020-06-10,0,27
Court-Saint-Etienne,2020-06-11,0,27
Court-Saint-Etienne,2020-06-12,0,27
Court-Saint-Etienne,2020-06-13,0,27
Court-Saint-Etienne,2020-06-14,0,27
Court-Saint-Etienne,2020-06-15,0,27
Court-Saint-Etienne,2020-06-16,0,27
Court-Saint-Etienne,2020-06-17,0,27
Court-Saint-Etienne,2020-06-18,0,27
Court-Saint-Etienne,2020-06-19,0,27
Court-Saint-Etienne,2020-06-20,0,27
Court-Saint-Etienne,2020-06-23,0,27
Court-Saint-Etienne,2020-06-24,0,27
Court-Saint-Etienne,2020-06-25,0,27
Court-Saint-Etienne,2020-06-26,0,27
Court-Saint-Etienne,2020-06-27,0,27
Court-Saint-Etienne,2020-06-30,0,27
Court-Saint-Etienne,2020-07-01,0,27
Court-Saint-Etienne,2020-07-02,0,27
Court-Saint-Etienne,2020-07-03,0,27
Court-Saint-Etienne,2020-07-04,0,27
Court-Saint-Etienne,2020-07-07,0,27
Court-Saint-Etienne,2020-07-08,0,27
Court-Saint-Etienne,2020-07-09,1,28
Court-Saint-Etienne,2020-07-10,0,28
Court-Saint-Etienne,2020-07-11,1,29
Court-Saint-Etienne,2020-07-14,0,29
Court-Saint-Etienne,2020-07-15,0,29
Court-Saint-Etienne,2020-07-16,0,29
Court-Saint-Etienne,2020-07-17,1,30
Court-Saint-Etienne,2020-07-18,0,30
Court-Saint-Etienne,2020-07-20,1,31
Court-Saint-Etienne,2020-07-21,0,31
Court-Saint-Etienne,2020-07-22,0,31
Court-Saint-Etienne,2020-07-23,0,31
Court-Saint-Etienne,2020-07-24,0,31
Court-Saint-Etienne,2020-07-25,0,31
Court-Saint-Etienne,2020-07-26,0,31
Court-Saint-Etienne,2020-07-27,0,31
Court-Saint-Etienne,2020-07-28,0,31
Court-Saint-Etienne,2020-07-29,0,31
Court-Saint-Etienne,2020-07-30,0,31
Court-Saint-Etienne,2020-07-31,1,32
Genepiën,2020-04-01,1,11
Genepiën,2020-04-02,1,12
Genepiën,2020-04-03,2,14
Genepiën,2020-04-04,2,16
Genepiën,2020-04-05,4,20
Genepiën,2020-04-06,3,23
Genepiën,2020-04-07,1,24
Genepiën,2020-04-08,1,25
Genepiën,2020-04-09,1,26
Genepiën,2020-04-10,0,26
Genepiën,2020-04-11,2,28
Genepiën,2020-04-12,1,29
Genepiën,2020-04-13,2,31
Genepiën,2020-04-14,0,31
Genepiën,2020-04-15,0,31
Genepiën,2020-04-16,0,31
Genepiën,2020-04-17,0,31
Genepiën,2020-04-18,0,31
Genepiën,2020-04-19,2,33
Genepiën,2020-04-20,1,34
Genepiën,2020-04-21,0,34
Genepiën,2020-04-22,0,34
Genepiën,2020-04-23,1,35
Genepiën,2020-04-24,8,43
Genepiën,2020-04-25,19,62
Genepiën,2020-04-26,1,63
Genepiën,2020-04-27,3,66
Genepiën,2020-04-28,0,66
Genepiën,2020-04-29,0,66
Genepiën,2020-04-30,0,66
Genepiën,2020-05-01,0,66
Genepiën,2020-05-02,1,67
Genepiën,2020-05-03,0,67
Genepiën,2020-05-04,1,68
Genepiën,2020-05-05,0,68
Genepiën,2020-05-06,2,70
Genepiën,2020-05-07,1,71
Genepiën,2020-05-08,0,71
Genepiën,2020-05-09,0,71
Genepiën,2020-05-10,1,72
Genepiën,2020-05-11,0,72
Genepiën,2020-05-12,2,74
Genepiën,2020-05-13,0,74
Genepiën,2020-05-14,0,74
Genepiën,2020-05-15,0,74
Genepiën,2020-05-16,0,74
Genepiën,2020-05-17,0,74
Genepiën,2020-05-18,1,75
Genepiën,2020-05-19,0,75
Genepiën,2020-05-20,0,75
Genepiën,2020-05-21,1,76
Genepiën,2020-05-22,0,76
Genepiën,2020-05-23,0,76
Genepiën,2020-05-24,0,76
Genepiën,2020-05-25,0,76
Genepiën,2020-05-26,0,76
Genepiën,2020-05-27,1,77
Genepiën,2020-05-28,0,77
Genepiën,2020-05-29,0,77
Genepiën,2020-05-30,0,77
Genepiën,2020-05-31,0,77
Genepiën,2020-06-01,0,77
Genepiën,2020-06-02,0,77
Genepiën,2020-06-03,1,78
Genepiën,2020-06-04,0,78
Genepiën,2020-06-05,0,78
Genepiën,2020-06-06,0,78
Genepiën,2020-06-07,0,78
Genepiën,2020-06-08,0,78
Genepiën,2020-06-09,0,78
Genepiën,2020-06-10,0,78
Genepiën,2020-06-11,0,78
Genepiën,2020-06-12,0,78
Genepiën,2020-06-13,1,79
Genepiën,2020-06-14,0,79
Genepiën,2020-06-15,0,79
Genepiën,2020-06-16,0,79
Genepiën,2020-06-17,0,79
Genepiën,2020-06-18,0,79
Genepiën,2020-06-19,0,79
Genepiën,2020-06-20,0,79
Genepiën,2020-06-23,0,79
Genepiën,2020-06-24,0,79
Genepiën,2020-06-25,0,79
Genepiën,2020-06-26,0,79
Genepiën,2020-06-27,0,79
Genepiën,2020-06-30,0,79
Genepiën,2020-07-01,0,79
Genepiën,2020-07-02,0,79
Genepiën,2020-07-03,0,79
Genepiën,2020-07-04,0,79
Genepiën,2020-07-07,0,79
Genepiën,2020-07-08,0,79
Genepiën,2020-07-09,0,79
Genepiën,2020-07-10,0,79
Genepiën,2020-07-11,0,79
Genepiën,2020-07-14,0,79
Genepiën,2020-07-15,0,79
Genepiën,2020-07-16,0,79
Genepiën,2020-07-17,0,79
Genepiën,2020-07-18,0,79
Genepiën,2020-07-20,0,79
Genepiën,2020-07-21,0,79
Genepiën,2020-07-22,1,80
Genepiën,2020-07-23,0,80
Genepiën,2020-07-24,1,81
Genepiën,2020-07-25,1,82
Genepiën,2020-07-26,1,83
Genepiën,2020-07-27,0,83
Genepiën,2020-07-28,1,84
Genepiën,2020-07-29,0,84
Genepiën,2020-07-30,1,85
Genepiën,2020-07-31,1,86
Graven,2020-04-01,0,17
Graven,2020-04-02,1,18
Graven,2020-04-03,2,20
Graven,2020-04-04,0,20
Graven,2020-04-05,0,20
Graven,2020-04-06,0,20
Graven,2020-04-07,1,21
Graven,2020-04-08,0,21
Graven,2020-04-09,0,21
Graven,2020-04-10,0,21
Graven,2020-04-11,1,22
Graven,2020-04-12,1,23
Graven,2020-04-13,1,24
Graven,2020-04-14,0,24
Graven,2020-04-15,0,24
Graven,2020-04-16,1,25
Graven,2020-04-17,1,26
Graven,2020-04-18,0,26
Graven,2020-04-19,0,26
Graven,2020-04-20,0,26
Graven,2020-04-21,0,26
Graven,2020-04-22,0,26
Graven,2020-04-23,0,26
Graven,2020-04-24,0,26
Graven,2020-04-25,0,26
Graven,2020-04-26,0,26
Graven,2020-04-27,0,26
Graven,2020-04-28,0,26
Graven,2020-04-29,0,26
Graven,2020-04-30,0,26
Graven,2020-05-01,0,26
Graven,2020-05-02,0,26
Graven,2020-05-03,1,27
Graven,2020-05-04,0,27
Graven,2020-05-05,0,27
Graven,2020-05-06,0,27
Graven,2020-05-07,0,27
Graven,2020-05-08,3,30
Graven,2020-05-09,0,30
Graven,2020-05-10,1,31
Graven,2020-05-11,1,32
Graven,2020-05-12,1,33
Graven,2020-05-13,0,33
Graven,2020-05-14,1,34
Graven,2020-05-15,0,34
Graven,2020-05-16,0,34
Graven,2020-05-17,0,34
Graven,2020-05-18,1,35
Graven,2020-05-19,0,35
Graven,2020-05-20,0,35
Graven,2020-05-21,0,35
Graven,2020-05-22,0,35
Graven,2020-05-23,1,36
Graven,2020-05-24,0,36
Graven,2020-05-25,0,36
Graven,2020-05-26,0,36
Graven,2020-05-27,0,36
Graven,2020-05-28,0,36
Graven,2020-05-29,0,36
Graven,2020-05-30,0,36
Graven,2020-05-31,0,36
Graven,2020-06-01,0,36
Graven,2020-06-02,0,36
Graven,2020-06-03,0,36
Graven,2020-06-04,1,37
Graven,2020-06-05,0,37
Graven,2020-06-06,1,38
Graven,2020-06-07,0,38
Graven,2020-06-08,0,38
Graven,2020-06-09,1,39
Graven,2020-06-10,0,39
Graven,2020-06-11,0,39
Graven,2020-06-12,0,39
Graven,2020-06-13,0,39
Graven,2020-06-14,0,39
Graven,2020-06-15,0,39
Graven,2020-06-16,0,39
Graven,2020-06-17,0,39
Graven,2020-06-18,0,39
Graven,2020-06-19,0,39
Graven,2020-06-20,0,39
Graven,2020-06-23,0,39
Graven,2020-06-24,0,39
Graven,2020-06-25,0,39
Graven,2020-06-26,0,39
Graven,2020-06-27,0,39
Graven,2020-06-30,0,39
Graven,2020-07-01,0,39
Graven,2020-07-02,0,39
Graven,2020-07-03,0,39
Graven,2020-07-04,0,39
Graven,2020-07-07,0,39
Graven,2020-07-08,0,39
Graven,2020-07-09,0,39
Graven,2020-07-10,0,39
Graven,2020-07-11,0,39
Graven,2020-07-14,0,39
Graven,2020-07-15,0,39
Graven,2020-07-16,0,39
Graven,2020-07-17,2,41
Graven,2020-07-18,0,41
Graven,2020-07-20,0,41
Graven,2020-07-21,1,42
Graven,2020-07-22,0,42
Graven,2020-07-23,0,42
Graven,2020-07-24,0,42
Graven,2020-07-25,0,42
Graven,2020-07-26,0,42
Graven,2020-07-27,0,42
Graven,2020-07-28,0,42
Graven,2020-07-29,0,42
Graven,2020-07-30,0,42
Graven,2020-07-31,1,43
Incourt,2020-04-01,0,9
Incourt,2020-04-02,1,10
Incourt,2020-04-03,1,11
Incourt,2020-04-04,0,11
Incourt,2020-04-05,0,11
Incourt,2020-04-06,0,11
Incourt,2020-04-07,0,11
Incourt,2020-04-08,0,11
Incourt,2020-04-09,0,11
Incourt,2020-04-10,1,12
Incourt,2020-04-11,0,12
Incourt,2020-04-12,3,15
Incourt,2020-04-13,1,16
Incourt,2020-04-14,0,16
Incourt,2020-04-15,1,17
Incourt,2020-04-16,0,17
Incourt,2020-04-17,0,17
Incourt,2020-04-18,0,17
Incourt,2020-04-19,0,17
Incourt,2020-04-20,0,17
Incourt,2020-04-21,0,17
Incourt,2020-04-22,0,17
Incourt,2020-04-23,0,17
Incourt,2020-04-24,0,17
Incourt,2020-04-25,0,17
Incourt,2020-04-26,0,17
Incourt,2020-04-27,1,18
Incourt,2020-04-28,0,18
Incourt,2020-04-29,0,18
Incourt,2020-04-30,0,18
Incourt,2020-05-01,0,18
Incourt,2020-05-02,0,18
Incourt,2020-05-03,0,18
Incourt,2020-05-04,0,18
Incourt,2020-05-05,0,18
Incourt,2020-05-06,0,18
Incourt,2020-05-07,0,18
Incourt,2020-05-08,0,18
Incourt,2020-05-09,0,18
Incourt,2020-05-10,0,18
Incourt,2020-05-11,0,18
Incourt,2020-05-12,0,18
Incourt,2020-05-13,0,18
Incourt,2020-05-14,0,18
Incourt,2020-05-15,0,18
Incourt,2020-05-16,0,18
Incourt,2020-05-17,0,18
Incourt,2020-05-18,0,18
Incourt,2020-05-19,0,18
Incourt,2020-05-20,0,18
Incourt,2020-05-21,0,18
Incourt,2020-05-22,0,18
Incourt,2020-05-23,0,18
Incourt,2020-05-24,0,18
Incourt,2020-05-25,0,18
Incourt,2020-05-26,0,18
Incourt,2020-05-27,0,18
Incourt,2020-05-28,0,18
Incourt,2020-05-29,0,18
Incourt,2020-05-30,0,18
Incourt,2020-05-31,0,18
Incourt,2020-06-01,0,18
Incourt,2020-06-02,0,18
Incourt,2020-06-03,0,18
Incourt,2020-06-04,0,18
Incourt,2020-06-05,0,18
Incourt,2020-06-06,0,18
Incourt,2020-06-07,0,18
Incourt,2020-06-08,0,18
Incourt,2020-06-09,0,18
Incourt,2020-06-10,0,18
Incourt,2020-06-11,0,18
Incourt,2020-06-12,0,18
Incourt,2020-06-13,0,18
Incourt,2020-06-14,0,18
Incourt,2020-06-15,0,18
Incourt,2020-06-16,0,18
Incourt,2020-06-17,0,18
Incourt,2020-06-18,0,18
Incourt,2020-06-19,0,18
Incourt,2020-06-20,0,18
Incourt,2020-06-23,0,18
Incourt,2020-06-24,0,18
Incourt,2020-06-25,0,18
Incourt,2020-06-26,0,18
Incourt,2020-06-27,1,19
Incourt,2020-06-30,0,19
Incourt,2020-07-01,0,19
Incourt,2020-07-02,0,19
Incourt,2020-07-03,0,19
Incourt,2020-07-04,0,19
Incourt,2020-07-07,0,19
Incourt,2020-07-08,0,19
Incourt,2020-07-09,0,19
Incourt,2020-07-10,0,19
Incourt,2020-07-11,0,19
Incourt,2020-07-14,0,19
Incourt,2020-07-15,0,19
Incourt,2020-07-16,0,19
Incourt,2020-07-17,0,19
Incourt,2020-07-18,0,19
Incourt,2020-07-20,0,19
Incourt,2020-07-21,0,19
Incourt,2020-07-22,0,19
Incourt,2020-07-23,0,19
Incourt,2020-07-24,0,19
Incourt,2020-07-25,0,19
Incourt,2020-07-26,0,19
Incourt,2020-07-27,1,20
Incourt,2020-07-28,0,20
Incourt,2020-07-29,0,20
Incourt,2020-07-30,0,20
Incourt,2020-07-31,0,20
Itter,2020-04-01,0,10
Itter,2020-04-02,0,10
Itter,2020-04-03,0,10
Itter,2020-04-04,0,10
Itter,2020-04-05,0,10
Itter,2020-04-06,0,10
Itter,2020-04-07,0,10
Itter,2020-04-08,0,10
Itter,2020-04-09,0,10
Itter,2020-04-10,0,10
Itter,2020-04-11,0,10
Itter,2020-04-12,0,10
Itter,2020-04-13,0,10
Itter,2020-04-14,0,10
Itter,2020-04-15,0,10
Itter,2020-04-16,0,10
Itter,2020-04-17,0,10
Itter,2020-04-18,1,11
Itter,2020-04-19,0,11
Itter,2020-04-20,11,22
Itter,2020-04-21,5,27
Itter,2020-04-22,0,27
Itter,2020-04-23,0,27
Itter,2020-04-24,0,27
Itter,2020-04-25,0,27
Itter,2020-04-26,0,27
Itter,2020-04-27,0,27
Itter,2020-04-28,1,28
Itter,2020-04-29,2,30
Itter,2020-04-30,0,30
Itter,2020-05-01,1,31
Itter,2020-05-02,1,32
Itter,2020-05-03,0,32
Itter,2020-05-04,0,32
Itter,2020-05-05,0,32
Itter,2020-05-06,0,32
Itter,2020-05-07,0,32
Itter,2020-05-08,0,32
Itter,2020-05-09,0,32
Itter,2020-05-10,0,32
Itter,2020-05-11,0,32
Itter,2020-05-12,0,32
Itter,2020-05-13,1,33
Itter,2020-05-14,0,33
Itter,2020-05-15,1,34
Itter,2020-05-16,0,34
Itter,2020-05-17,0,34
Itter,2020-05-18,1,35
Itter,2020-05-19,0,35
Itter,2020-05-20,0,35
Itter,2020-05-21,0,35
Itter,2020-05-22,0,35
Itter,2020-05-23,0,35
Itter,2020-05-24,0,35
Itter,2020-05-25,0,35
Itter,2020-05-26,0,35
Itter,2020-05-27,0,35
Itter,2020-05-28,0,35
Itter,2020-05-29,0,35
Itter,2020-05-30,0,35
Itter,2020-05-31,0,35
Itter,2020-06-01,0,35
Itter,2020-06-02,0,35
Itter,2020-06-03,0,35
Itter,2020-06-04,0,35
Itter,2020-06-05,1,36
Itter,2020-06-06,0,36
Itter,2020-06-07,0,36
Itter,2020-06-08,0,36
Itter,2020-06-09,0,36
Itter,2020-06-10,0,36
Itter,2020-06-11,0,36
Itter,2020-06-12,0,36
Itter,2020-06-13,0,36
Itter,2020-06-14,0,36
Itter,2020-06-15,0,36
Itter,2020-06-16,0,36
Itter,2020-06-17,0,36
Itter,2020-06-18,0,36
Itter,2020-06-19,0,36
Itter,2020-06-20,0,36
Itter,2020-06-23,0,36
Itter,2020-06-24,0,36
Itter,2020-06-25,0,36
Itter,2020-06-26,0,36
Itter,2020-06-27,0,36
Itter,2020-06-30,0,36
Itter,2020-07-01,0,36
Itter,2020-07-02,1,37
Itter,2020-07-03,0,37
Itter,2020-07-04,0,37
Itter,2020-07-07,1,38
Itter,2020-07-08,0,38
Itter,2020-07-09,0,38
Itter,2020-07-10,0,38
Itter,2020-07-11,0,38
Itter,2020-07-14,0,38
Itter,2020-07-15,0,38
Itter,2020-07-16,0,38
Itter,2020-07-17,0,38
Itter,2020-07-18,0,38
Itter,2020-07-20,0,38
Itter,2020-07-21,0,38
Itter,2020-07-22,0,38
Itter,2020-07-23,0,38
Itter,2020-07-24,0,38
Itter,2020-07-25,0,38
Itter,2020-07-26,0,38
Itter,2020-07-27,2,40
Itter,2020-07-28,0,40
Itter,2020-07-29,0,40
Itter,2020-07-30,7,47
Itter,2020-07-31,1,48
Geldenaken,2020-04-01,1,13
Geldenaken,2020-04-02,2,15
Geldenaken,2020-04-03,1,16
Geldenaken,2020-04-04,3,19
Geldenaken,2020-04-05,1,20
Geldenaken,2020-04-06,1,21
Geldenaken,2020-04-07,1,22
Geldenaken,2020-04-08,1,23
Geldenaken,2020-04-09,1,24
Geldenaken,2020-04-10,4,28
Geldenaken,2020-04-11,0,28
Geldenaken,2020-04-12,1,29
Geldenaken,2020-04-13,2,31
Geldenaken,2020-04-14,0,31
Geldenaken,2020-04-15,13,44
Geldenaken,2020-04-16,0,44
Geldenaken,2020-04-17,0,44
Geldenaken,2020-04-18,0,44
Geldenaken,2020-04-19,1,45
Geldenaken,2020-04-20,1,46
Geldenaken,2020-04-21,0,46
Geldenaken,2020-04-22,11,57
Geldenaken,2020-04-23,1,58
Geldenaken,2020-04-24,0,58
Geldenaken,2020-04-25,0,58
Geldenaken,2020-04-26,0,58
Geldenaken,2020-04-27,0,58
Geldenaken,2020-04-28,0,58
Geldenaken,2020-04-29,0,58
Geldenaken,2020-04-30,1,59
Geldenaken,2020-05-01,0,59
Geldenaken,2020-05-02,0,59
Geldenaken,2020-05-03,0,59
Geldenaken,2020-05-04,0,59
Geldenaken,2020-05-05,1,60
Geldenaken,2020-05-06,0,60
Geldenaken,2020-05-07,0,60
Geldenaken,2020-05-08,0,60
Geldenaken,2020-05-09,0,60
Geldenaken,2020-05-10,0,60
Geldenaken,2020-05-11,0,60
Geldenaken,2020-05-12,1,61
Geldenaken,2020-05-13,0,61
Geldenaken,2020-05-14,0,61
Geldenaken,2020-05-15,0,61
Geldenaken,2020-05-16,0,61
Geldenaken,2020-05-17,0,61
Geldenaken,2020-05-18,0,61
Geldenaken,2020-05-19,0,61
Geldenaken,2020-05-20,1,62
Geldenaken,2020-05-21,0,62
Geldenaken,2020-05-22,0,62
Geldenaken,2020-05-23,0,62
Geldenaken,2020-05-24,0,62
Geldenaken,2020-05-25,1,63
Geldenaken,2020-05-26,0,63
Geldenaken,2020-05-27,0,63
Geldenaken,2020-05-28,0,63
Geldenaken,2020-05-29,0,63
Geldenaken,2020-05-30,0,63
Geldenaken,2020-05-31,0,63
Geldenaken,2020-06-01,0,63
Geldenaken,2020-06-02,0,63
Geldenaken,2020-06-03,0,63
Geldenaken,2020-06-04,0,63
Geldenaken,2020-06-05,0,63
Geldenaken,2020-06-06,1,64
Geldenaken,2020-06-07,0,64
Geldenaken,2020-06-08,0,64
Geldenaken,2020-06-09,0,64
Geldenaken,2020-06-10,0,64
Geldenaken,2020-06-11,0,64
Geldenaken,2020-06-12,0,64
Geldenaken,2020-06-13,0,64
Geldenaken,2020-06-14,0,64
Geldenaken,2020-06-15,0,64
Geldenaken,2020-06-16,0,64
Geldenaken,2020-06-17,0,64
Geldenaken,2020-06-18,0,64
Geldenaken,2020-06-19,0,64
Geldenaken,2020-06-20,0,64
Geldenaken,2020-06-23,0,64
Geldenaken,2020-06-24,0,64
Geldenaken,2020-06-25,0,64
Geldenaken,2020-06-26,0,64
Geldenaken,2020-06-27,0,64
Geldenaken,2020-06-30,0,64
Geldenaken,2020-07-01,0,64
Geldenaken,2020-07-02,0,64
Geldenaken,2020-07-03,0,64
Geldenaken,2020-07-04,0,64
Geldenaken,2020-07-07,0,64
Geldenaken,2020-07-08,1,65
Geldenaken,2020-07-09,0,65
Geldenaken,2020-07-10,0,65
Geldenaken,2020-07-11,0,65
Geldenaken,2020-07-14,0,65
Geldenaken,2020-07-15,0,65
Geldenaken,2020-07-16,0,65
Geldenaken,2020-07-17,0,65
Geldenaken,2020-07-18,1,66
Geldenaken,2020-07-20,0,66
Geldenaken,2020-07-21,0,66
Geldenaken,2020-07-22,0,66
Geldenaken,2020-07-23,0,66
Geldenaken,2020-07-24,1,67
Geldenaken,2020-07-25,1,68
Geldenaken,2020-07-26,-1,67
Geldenaken,2020-07-27,0,67
Geldenaken,2020-07-28,0,67
Geldenaken,2020-07-29,0,67
Geldenaken,2020-07-30,0,67
Geldenaken,2020-07-31,0,67
Terhulpen,2020-04-01,1,15
Terhulpen,2020-04-02,0,15
Terhulpen,2020-04-03,0,15
Terhulpen,2020-04-04,2,17
Terhulpen,2020-04-05,1,18
Terhulpen,2020-04-06,0,18
Terhulpen,2020-04-07,0,18
Terhulpen,2020-04-08,1,19
Terhulpen,2020-04-09,1,20
Terhulpen,2020-04-10,1,21
Terhulpen,2020-04-11,0,21
Terhulpen,2020-04-12,1,22
Terhulpen,2020-04-13,1,23
Terhulpen,2020-04-14,0,23
Terhulpen,2020-04-15,0,23
Terhulpen,2020-04-16,0,23
Terhulpen,2020-04-17,0,23
Terhulpen,2020-04-18,0,23
Terhulpen,2020-04-19,0,23
Terhulpen,2020-04-20,0,23
Terhulpen,2020-04-21,0,23
Terhulpen,2020-04-22,1,24
Terhulpen,2020-04-23,0,24
Terhulpen,2020-04-24,2,26
Terhulpen,2020-04-25,1,27
Terhulpen,2020-04-26,0,27
Terhulpen,2020-04-27,0,27
Terhulpen,2020-04-28,1,28
Terhulpen,2020-04-29,0,28
Terhulpen,2020-04-30,0,28
Terhulpen,2020-05-01,0,28
Terhulpen,2020-05-02,0,28
Terhulpen,2020-05-03,1,29
Terhulpen,2020-05-04,0,29
Terhulpen,2020-05-05,0,29
Terhulpen,2020-05-06,0,29
Terhulpen,2020-05-07,0,29
Terhulpen,2020-05-08,0,29
Terhulpen,2020-05-09,0,29
Terhulpen,2020-05-10,0,29
Terhulpen,2020-05-11,0,29
Terhulpen,2020-05-12,0,29
Terhulpen,2020-05-13,0,29
Terhulpen,2020-05-14,0,29
Terhulpen,2020-05-15,0,29
Terhulpen,2020-05-16,0,29
Terhulpen,2020-05-17,0,29
Terhulpen,2020-05-18,0,29
Terhulpen,2020-05-19,0,29
Terhulpen,2020-05-20,0,29
Terhulpen,2020-05-21,0,29
Terhulpen,2020-05-22,1,30
Terhulpen,2020-05-23,0,30
Terhulpen,2020-05-24,0,30
Terhulpen,2020-05-25,0,30
Terhulpen,2020-05-26,0,30
Terhulpen,2020-05-27,0,30
Terhulpen,2020-05-28,0,30
Terhulpen,2020-05-29,0,30
Terhulpen,2020-05-30,0,30
Terhulpen,2020-05-31,0,30
Terhulpen,2020-06-01,0,30
Terhulpen,2020-06-02,0,30
Terhulpen,2020-06-03,0,30
Terhulpen,2020-06-04,0,30
Terhulpen,2020-06-05,0,30
Terhulpen,2020-06-06,0,30
Terhulpen,2020-06-07,0,30
Terhulpen,2020-06-08,0,30
Terhulpen,2020-06-09,0,30
Terhulpen,2020-06-10,0,30
Terhulpen,2020-06-11,0,30
Terhulpen,2020-06-12,0,30
Terhulpen,2020-06-13,0,30
Terhulpen,2020-06-14,0,30
Terhulpen,2020-06-15,0,30
Terhulpen,2020-06-16,0,30
Terhulpen,2020-06-17,0,30
Terhulpen,2020-06-18,0,30
Terhulpen,2020-06-19,0,30
Terhulpen,2020-06-20,0,30
Terhulpen,2020-06-23,0,30
Terhulpen,2020-06-24,0,30
Terhulpen,2020-06-25,0,30
Terhulpen,2020-06-26,0,30
Terhulpen,2020-06-27,0,30
Terhulpen,2020-06-30,0,30
Terhulpen,2020-07-01,0,30
Terhulpen,2020-07-02,0,30
Terhulpen,2020-07-03,0,30
Terhulpen,2020-07-04,0,30
Terhulpen,2020-07-07,0,30
Terhulpen,2020-07-08,0,30
Terhulpen,2020-07-09,0,30
Terhulpen,2020-07-10,0,30
Terhulpen,2020-07-11,0,30
Terhulpen,2020-07-14,0,30
Terhulpen,2020-07-15,0,30
Terhulpen,2020-07-16,0,30
Terhulpen,2020-07-17,0,30
Terhulpen,2020-07-18,0,30
Terhulpen,2020-07-20,0,30
Terhulpen,2020-07-21,0,30
Terhulpen,2020-07-22,0,30
Terhulpen,2020-07-23,0,30
Terhulpen,2020-07-24,0,30
Terhulpen,2020-07-25,0,30
Terhulpen,2020-07-26,0,30
Terhulpen,2020-07-27,0,30
Terhulpen,2020-07-28,0,30
Terhulpen,2020-07-29,0,30
Terhulpen,2020-07-30,1,31
Terhulpen,2020-07-31,0,31
Mont-Saint-Guibert,2020-04-01,0,10
Mont-Saint-Guibert,2020-04-02,1,11
Mont-Saint-Guibert,2020-04-03,1,12
Mont-Saint-Guibert,2020-04-04,0,12
Mont-Saint-Guibert,2020-04-05,0,12
Mont-Saint-Guibert,2020-04-06,0,12
Mont-Saint-Guibert,2020-04-07,0,12
Mont-Saint-Guibert,2020-04-08,1,13
Mont-Saint-Guibert,2020-04-09,0,13
Mont-Saint-Guibert,2020-04-10,0,13
Mont-Saint-Guibert,2020-04-11,0,13
Mont-Saint-Guibert,2020-04-12,0,13
Mont-Saint-Guibert,2020-04-13,0,13
Mont-Saint-Guibert,2020-04-14,0,13
Mont-Saint-Guibert,2020-04-15,0,13
Mont-Saint-Guibert,2020-04-16,0,13
Mont-Saint-Guibert,2020-04-17,0,13
Mont-Saint-Guibert,2020-04-18,0,13
Mont-Saint-Guibert,2020-04-19,1,14
Mont-Saint-Guibert,2020-04-20,0,14
Mont-Saint-Guibert,2020-04-21,0,14
Mont-Saint-Guibert,2020-04-22,0,14
Mont-Saint-Guibert,2020-04-23,1,15
Mont-Saint-Guibert,2020-04-24,0,15
Mont-Saint-Guibert,2020-04-25,1,16
Mont-Saint-Guibert,2020-04-26,0,16
Mont-Saint-Guibert,2020-04-27,2,18
Mont-Saint-Guibert,2020-04-28,0,18
Mont-Saint-Guibert,2020-04-29,0,18
Mont-Saint-Guibert,2020-04-30,0,18
Mont-Saint-Guibert,2020-05-01,0,18
Mont-Saint-Guibert,2020-05-02,0,18
Mont-Saint-Guibert,2020-05-03,1,19
Mont-Saint-Guibert,2020-05-04,0,19
Mont-Saint-Guibert,2020-05-05,0,19
Mont-Saint-Guibert,2020-05-06,0,19
Mont-Saint-Guibert,2020-05-07,0,19
Mont-Saint-Guibert,2020-05-08,0,19
Mont-Saint-Guibert,2020-05-09,1,20
Mont-Saint-Guibert,2020-05-10,0,20
Mont-Saint-Guibert,2020-05-11,0,20
Mont-Saint-Guibert,2020-05-12,0,20
Mont-Saint-Guibert,2020-05-13,3,23
Mont-Saint-Guibert,2020-05-14,0,23
Mont-Saint-Guibert,2020-05-15,0,23
Mont-Saint-Guibert,2020-05-16,0,23
Mont-Saint-Guibert,2020-05-17,0,23
Mont-Saint-Guibert,2020-05-18,0,23
Mont-Saint-Guibert,2020-05-19,0,23
Mont-Saint-Guibert,2020-05-20,0,23
Mont-Saint-Guibert,2020-05-21,0,23
Mont-Saint-Guibert,2020-05-22,0,23
Mont-Saint-Guibert,2020-05-23,0,23
Mont-Saint-Guibert,2020-05-24,0,23
Mont-Saint-Guibert,2020-05-25,0,23
Mont-Saint-Guibert,2020-05-26,0,23
Mont-Saint-Guibert,2020-05-27,0,23
Mont-Saint-Guibert,2020-05-28,0,23
Mont-Saint-Guibert,2020-05-29,0,23
Mont-Saint-Guibert,2020-05-30,0,23
Mont-Saint-Guibert,2020-05-31,0,23
Mont-Saint-Guibert,2020-06-01,0,23
Mont-Saint-Guibert,2020-06-02,0,23
Mont-Saint-Guibert,2020-06-03,0,23
Mont-Saint-Guibert,2020-06-04,0,23
Mont-Saint-Guibert,2020-06-05,0,23
Mont-Saint-Guibert,2020-06-06,0,23
Mont-Saint-Guibert,2020-06-07,0,23
Mont-Saint-Guibert,2020-06-08,0,23
Mont-Saint-Guibert,2020-06-09,0,23
Mont-Saint-Guibert,2020-06-10,0,23
Mont-Saint-Guibert,2020-06-11,0,23
Mont-Saint-Guibert,2020-06-12,0,23
Mont-Saint-Guibert,2020-06-13,0,23
Mont-Saint-Guibert,2020-06-14,0,23
Mont-Saint-Guibert,2020-06-15,0,23
Mont-Saint-Guibert,2020-06-16,0,23
Mont-Saint-Guibert,2020-06-17,0,23
Mont-Saint-Guibert,2020-06-18,0,23
Mont-Saint-Guibert,2020-06-19,0,23
Mont-Saint-Guibert,2020-06-20,0,23
Mont-Saint-Guibert,2020-06-23,0,23
Mont-Saint-Guibert,2020-06-24,0,23
Mont-Saint-Guibert,2020-06-25,0,23
Mont-Saint-Guibert,2020-06-26,0,23
Mont-Saint-Guibert,2020-06-27,0,23
Mont-Saint-Guibert,2020-06-30,0,23
Mont-Saint-Guibert,2020-07-01,0,23
Mont-Saint-Guibert,2020-07-02,1,24
Mont-Saint-Guibert,2020-07-03,0,24
Mont-Saint-Guibert,2020-07-04,0,24
Mont-Saint-Guibert,2020-07-07,0,24
Mont-Saint-Guibert,2020-07-08,0,24
Mont-Saint-Guibert,2020-07-09,0,24
Mont-Saint-Guibert,2020-07-10,0,24
Mont-Saint-Guibert,2020-07-11,0,24
Mont-Saint-Guibert,2020-07-14,0,24
Mont-Saint-Guibert,2020-07-15,0,24
Mont-Saint-Guibert,2020-07-16,0,24
Mont-Saint-Guibert,2020-07-17,0,24
Mont-Saint-Guibert,2020-07-18,0,24
Mont-Saint-Guibert,2020-07-20,0,24
Mont-Saint-Guibert,2020-07-21,0,24
Mont-Saint-Guibert,2020-07-22,0,24
Mont-Saint-Guibert,2020-07-23,0,24
Mont-Saint-Guibert,2020-07-24,0,24
Mont-Saint-Guibert,2020-07-25,0,24
Mont-Saint-Guibert,2020-07-26,1,25
Mont-Saint-Guibert,2020-07-27,0,25
Mont-Saint-Guibert,2020-07-28,0,25
Mont-Saint-Guibert,2020-07-29,0,25
Mont-Saint-Guibert,2020-07-30,0,25
Mont-Saint-Guibert,2020-07-31,0,25
Nijvel,2020-04-01,0,28
Nijvel,2020-04-02,1,29
Nijvel,2020-04-03,5,34
Nijvel,2020-04-04,4,38
Nijvel,2020-04-05,3,41
Nijvel,2020-04-06,1,42
Nijvel,2020-04-07,0,42
Nijvel,2020-04-08,0,42
Nijvel,2020-04-09,3,45
Nijvel,2020-04-10,3,48
Nijvel,2020-04-11,1,49
Nijvel,2020-04-12,1,50
Nijvel,2020-04-13,2,52
Nijvel,2020-04-14,0,52
Nijvel,2020-04-15,5,57
Nijvel,2020-04-16,1,58
Nijvel,2020-04-17,1,59
Nijvel,2020-04-18,2,61
Nijvel,2020-04-19,2,63
Nijvel,2020-04-20,6,69
Nijvel,2020-04-21,1,70
Nijvel,2020-04-22,1,71
Nijvel,2020-04-23,18,89
Nijvel,2020-04-24,5,94
Nijvel,2020-04-25,3,97
Nijvel,2020-04-26,2,99
Nijvel,2020-04-27,0,99
Nijvel,2020-04-28,2,101
Nijvel,2020-04-29,1,102
Nijvel,2020-04-30,1,103
Nijvel,2020-05-01,0,103
Nijvel,2020-05-02,2,105
Nijvel,2020-05-03,0,105
Nijvel,2020-05-04,0,105
Nijvel,2020-05-05,2,107
Nijvel,2020-05-06,0,107
Nijvel,2020-05-07,1,108
Nijvel,2020-05-08,1,109
Nijvel,2020-05-09,2,111
Nijvel,2020-05-10,0,111
Nijvel,2020-05-11,1,112
Nijvel,2020-05-12,2,114
Nijvel,2020-05-13,0,114
Nijvel,2020-05-14,0,114
Nijvel,2020-05-15,0,114
Nijvel,2020-05-16,0,114
Nijvel,2020-05-17,0,114
Nijvel,2020-05-18,0,114
Nijvel,2020-05-19,0,114
Nijvel,2020-05-20,0,114
Nijvel,2020-05-21,0,114
Nijvel,2020-05-22,0,114
Nijvel,2020-05-23,0,114
Nijvel,2020-05-24,0,114
Nijvel,2020-05-25,0,114
Nijvel,2020-05-26,2,116
Nijvel,2020-05-27,0,116
Nijvel,2020-05-28,1,117
Nijvel,2020-05-29,0,117
Nijvel,2020-05-30,0,117
Nijvel,2020-05-31,0,117
Nijvel,2020-06-01,0,117
Nijvel,2020-06-02,0,117
Nijvel,2020-06-03,0,117
Nijvel,2020-06-04,0,117
Nijvel,2020-06-05,1,118
Nijvel,2020-06-06,0,118
Nijvel,2020-06-07,0,118
Nijvel,2020-06-08,0,118
Nijvel,2020-06-09,0,118
Nijvel,2020-06-10,0,118
Nijvel,2020-06-11,0,118
Nijvel,2020-06-12,0,118
Nijvel,2020-06-13,0,118
Nijvel,2020-06-14,1,119
Nijvel,2020-06-15,0,119
Nijvel,2020-06-16,0,119
Nijvel,2020-06-17,0,119
Nijvel,2020-06-18,0,119
Nijvel,2020-06-19,0,119
Nijvel,2020-06-20,0,119
Nijvel,2020-06-23,2,121
Nijvel,2020-06-24,1,122
Nijvel,2020-06-25,0,122
Nijvel,2020-06-26,1,123
Nijvel,2020-06-27,0,123
Nijvel,2020-06-30,1,124
Nijvel,2020-07-01,0,124
Nijvel,2020-07-02,1,125
Nijvel,2020-07-03,0,125
Nijvel,2020-07-04,0,125
Nijvel,2020-07-07,1,126
Nijvel,2020-07-08,0,126
Nijvel,2020-07-09,0,126
Nijvel,2020-07-10,0,126
Nijvel,2020-07-11,2,128
Nijvel,2020-07-14,0,128
Nijvel,2020-07-15,2,130
Nijvel,2020-07-16,0,130
Nijvel,2020-07-17,0,130
Nijvel,2020-07-18,0,130
Nijvel,2020-07-20,0,130
Nijvel,2020-07-21,0,130
Nijvel,2020-07-22,1,131
Nijvel,2020-07-23,1,132
Nijvel,2020-07-24,0,132
Nijvel,2020-07-25,0,132
Nijvel,2020-07-26,1,133
Nijvel,2020-07-27,1,134
Nijvel,2020-07-28,1,135
Nijvel,2020-07-29,0,135
Nijvel,2020-07-30,6,141
Nijvel,2020-07-31,0,141
Perwijs (Nijvel),2020-04-01,1,6
Perwijs (Nijvel),2020-04-02,0,6
Perwijs (Nijvel),2020-04-03,0,6
Perwijs (Nijvel),2020-04-04,1,7
Perwijs (Nijvel),2020-04-05,1,8
Perwijs (Nijvel),2020-04-06,0,8
Perwijs (Nijvel),2020-04-07,0,8
Perwijs (Nijvel),2020-04-08,0,8
Perwijs (Nijvel),2020-04-09,1,9
Perwijs (Nijvel),2020-04-10,2,11
Perwijs (Nijvel),2020-04-11,0,11
Perwijs (Nijvel),2020-04-12,0,11
Perwijs (Nijvel),2020-04-13,1,12
Perwijs (Nijvel),2020-04-14,0,12
Perwijs (Nijvel),2020-04-15,0,12
Perwijs (Nijvel),2020-04-16,0,12
Perwijs (Nijvel),2020-04-17,0,12
Perwijs (Nijvel),2020-04-18,0,12
Perwijs (Nijvel),2020-04-19,0,12
Perwijs (Nijvel),2020-04-20,0,12
Perwijs (Nijvel),2020-04-21,0,12
Perwijs (Nijvel),2020-04-22,0,12
Perwijs (Nijvel),2020-04-23,0,12
Perwijs (Nijvel),2020-04-24,0,12
Perwijs (Nijvel),2020-04-25,0,12
Perwijs (Nijvel),2020-04-26,0,12
Perwijs (Nijvel),2020-04-27,0,12
Perwijs (Nijvel),2020-04-28,1,13
Perwijs (Nijvel),2020-04-29,0,13
Perwijs (Nijvel),2020-04-30,0,13
Perwijs (Nijvel),2020-05-01,0,13
Perwijs (Nijvel),2020-05-02,0,13
Perwijs (Nijvel),2020-05-03,0,13
Perwijs (Nijvel),2020-05-04,0,13
Perwijs (Nijvel),2020-05-05,0,13
Perwijs (Nijvel),2020-05-06,0,13
Perwijs (Nijvel),2020-05-07,0,13
Perwijs (Nijvel),2020-05-08,0,13
Perwijs (Nijvel),2020-05-09,1,14
Perwijs (Nijvel),2020-05-10,0,14
Perwijs (Nijvel),2020-05-11,0,14
Perwijs (Nijvel),2020-05-12,0,14
Perwijs (Nijvel),2020-05-13,0,14
Perwijs (Nijvel),2020-05-14,0,14
Perwijs (Nijvel),2020-05-15,0,14
Perwijs (Nijvel),2020-05-16,0,14
Perwijs (Nijvel),2020-05-17,0,14
Perwijs (Nijvel),2020-05-18,0,14
Perwijs (Nijvel),2020-05-19,0,14
Perwijs (Nijvel),2020-05-20,0,14
Perwijs (Nijvel),2020-05-21,0,14
Perwijs (Nijvel),2020-05-22,0,14
Perwijs (Nijvel),2020-05-23,0,14
Perwijs (Nijvel),2020-05-24,0,14
Perwijs (Nijvel),2020-05-25,0,14
Perwijs (Nijvel),2020-05-26,0,14
Perwijs (Nijvel),2020-05-27,1,15
Perwijs (Nijvel),2020-05-28,0,15
Perwijs (Nijvel),2020-05-29,0,15
Perwijs (Nijvel),2020-05-30,0,15
Perwijs (Nijvel),2020-05-31,0,15
Perwijs (Nijvel),2020-06-01,0,15
Perwijs (Nijvel),2020-06-02,0,15
Perwijs (Nijvel),2020-06-03,0,15
Perwijs (Nijvel),2020-06-04,0,15
Perwijs (Nijvel),2020-06-05,0,15
Perwijs (Nijvel),2020-06-06,0,15
Perwijs (Nijvel),2020-06-07,0,15
Perwijs (Nijvel),2020-06-08,0,15
Perwijs (Nijvel),2020-06-09,0,15
Perwijs (Nijvel),2020-06-10,0,15
Perwijs (Nijvel),2020-06-11,0,15
Perwijs (Nijvel),2020-06-12,0,15
Perwijs (Nijvel),2020-06-13,0,15
Perwijs (Nijvel),2020-06-14,1,16
Perwijs (Nijvel),2020-06-15,0,16
Perwijs (Nijvel),2020-06-16,0,16
Perwijs (Nijvel),2020-06-17,0,16
Perwijs (Nijvel),2020-06-18,0,16
Perwijs (Nijvel),2020-06-19,0,16
Perwijs (Nijvel),2020-06-20,0,16
Perwijs (Nijvel),2020-06-23,0,16
Perwijs (Nijvel),2020-06-24,0,16
Perwijs (Nijvel),2020-06-25,0,16
Perwijs (Nijvel),2020-06-26,0,16
Perwijs (Nijvel),2020-06-27,0,16
Perwijs (Nijvel),2020-06-30,0,16
Perwijs (Nijvel),2020-07-01,0,16
Perwijs (Nijvel),2020-07-02,0,16
Perwijs (Nijvel),2020-07-03,0,16
Perwijs (Nijvel),2020-07-04,0,16
Perwijs (Nijvel),2020-07-07,0,16
Perwijs (Nijvel),2020-07-08,0,16
Perwijs (Nijvel),2020-07-09,0,16
Perwijs (Nijvel),2020-07-10,0,16
Perwijs (Nijvel),2020-07-11,0,16
Perwijs (Nijvel),2020-07-14,0,16
Perwijs (Nijvel),2020-07-15,0,16
Perwijs (Nijvel),2020-07-16,1,17
Perwijs (Nijvel),2020-07-17,0,17
Perwijs (Nijvel),2020-07-18,0,17
Perwijs (Nijvel),2020-07-20,0,17
Perwijs (Nijvel),2020-07-21,0,17
Perwijs (Nijvel),2020-07-22,0,17
Perwijs (Nijvel),2020-07-23,0,17
Perwijs (Nijvel),2020-07-24,0,17
Perwijs (Nijvel),2020-07-25,0,17
Perwijs (Nijvel),2020-07-26,0,17
Perwijs (Nijvel),2020-07-27,0,17
Perwijs (Nijvel),2020-07-28,0,17
Perwijs (Nijvel),2020-07-29,0,17
Perwijs (Nijvel),2020-07-30,0,17
Perwijs (Nijvel),2020-07-31,0,17
Rixensart,2020-04-01,2,30
Rixensart,2020-04-02,1,31
Rixensart,2020-04-03,4,35
Rixensart,2020-04-04,1,36
Rixensart,2020-04-05,3,39
Rixensart,2020-04-06,4,43
Rixensart,2020-04-07,0,43
Rixensart,2020-04-08,1,44
Rixensart,2020-04-09,1,45
Rixensart,2020-04-10,2,47
Rixensart,2020-04-11,1,48
Rixensart,2020-04-12,5,53
Rixensart,2020-04-13,1,54
Rixensart,2020-04-14,0,54
Rixensart,2020-04-15,0,54
Rixensart,2020-04-16,1,55
Rixensart,2020-04-17,1,56
Rixensart,2020-04-18,3,59
Rixensart,2020-04-19,1,60
Rixensart,2020-04-20,1,61
Rixensart,2020-04-21,1,62
Rixensart,2020-04-22,4,66
Rixensart,2020-04-23,1,67
Rixensart,2020-04-24,0,67
Rixensart,2020-04-25,1,68
Rixensart,2020-04-26,1,69
Rixensart,2020-04-27,0,69
Rixensart,2020-04-28,4,73
Rixensart,2020-04-29,6,79
Rixensart,2020-04-30,1,80
Rixensart,2020-05-01,0,80
Rixensart,2020-05-02,0,80
Rixensart,2020-05-03,0,80
Rixensart,2020-05-04,0,80
Rixensart,2020-05-05,1,81
Rixensart,2020-05-06,0,81
Rixensart,2020-05-07,0,81
Rixensart,2020-05-08,0,81
Rixensart,2020-05-09,2,83
Rixensart,2020-05-10,0,83
Rixensart,2020-05-11,1,84
Rixensart,2020-05-12,2,86
Rixensart,2020-05-13,0,86
Rixensart,2020-05-14,0,86
Rixensart,2020-05-15,0,86
Rixensart,2020-05-16,1,87
Rixensart,2020-05-17,0,87
Rixensart,2020-05-18,0,87
Rixensart,2020-05-19,0,87
Rixensart,2020-05-20,1,88
Rixensart,2020-05-21,0,88
Rixensart,2020-05-22,0,88
Rixensart,2020-05-23,0,88
Rixensart,2020-05-24,0,88
Rixensart,2020-05-25,0,88
Rixensart,2020-05-26,0,88
Rixensart,2020-05-27,0,88
Rixensart,2020-05-28,0,88
Rixensart,2020-05-29,0,88
Rixensart,2020-05-30,0,88
Rixensart,2020-05-31,0,88
Rixensart,2020-06-01,0,88
Rixensart,2020-06-02,1,89
Rixensart,2020-06-03,0,89
Rixensart,2020-06-04,0,89
Rixensart,2020-06-05,0,89
Rixensart,2020-06-06,0,89
Rixensart,2020-06-07,0,89
Rixensart,2020-06-08,1,90
Rixensart,2020-06-09,1,91
Rixensart,2020-06-10,0,91
Rixensart,2020-06-11,0,91
Rixensart,2020-06-12,0,91
Rixensart,2020-06-13,0,91
Rixensart,2020-06-14,0,91
Rixensart,2020-06-15,2,93
Rixensart,2020-06-16,0,93
Rixensart,2020-06-17,0,93
Rixensart,2020-06-18,0,93
Rixensart,2020-06-19,0,93
Rixensart,2020-06-20,0,93
Rixensart,2020-06-23,0,93
Rixensart,2020-06-24,0,93
Rixensart,2020-06-25,0,93
Rixensart,2020-06-26,0,93
Rixensart,2020-06-27,0,93
Rixensart,2020-06-30,0,93
Rixensart,2020-07-01,0,93
Rixensart,2020-07-02,0,93
Rixensart,2020-07-03,0,93
Rixensart,2020-07-04,0,93
Rixensart,2020-07-07,0,93
Rixensart,2020-07-08,0,93
Rixensart,2020-07-09,0,93
Rixensart,2020-07-10,1,94
Rixensart,2020-07-11,0,94
Rixensart,2020-07-14,1,95
Rixensart,2020-07-15,0,95
Rixensart,2020-07-16,0,95
Rixensart,2020-07-17,0,95
Rixensart,2020-07-18,1,96
Rixensart,2020-07-20,0,96
Rixensart,2020-07-21,0,96
Rixensart,2020-07-22,0,96
Rixensart,2020-07-23,0,96
Rixensart,2020-07-24,0,96
Rixensart,2020-07-25,0,96
Rixensart,2020-07-26,0,96
Rixensart,2020-07-27,1,97
Rixensart,2020-07-28,1,98
Rixensart,2020-07-29,0,98
Rixensart,2020-07-30,3,101
Rixensart,2020-07-31,1,102
Tubeke,2020-04-01,4,43
Tubeke,2020-04-02,2,45
Tubeke,2020-04-03,4,49
Tubeke,2020-04-04,3,52
Tubeke,2020-04-05,3,55
Tubeke,2020-04-06,0,55
Tubeke,2020-04-07,1,56
Tubeke,2020-04-08,2,58
Tubeke,2020-04-09,4,62
Tubeke,2020-04-10,4,66
Tubeke,2020-04-11,3,69
Tubeke,2020-04-12,4,73
Tubeke,2020-04-13,0,73
Tubeke,2020-04-14,0,73
Tubeke,2020-04-15,3,76
Tubeke,2020-04-16,1,77
Tubeke,2020-04-17,40,117
Tubeke,2020-04-18,0,117
Tubeke,2020-04-19,1,118
Tubeke,2020-04-20,0,118
Tubeke,2020-04-21,0,118
Tubeke,2020-04-22,2,120
Tubeke,2020-04-23,1,121
Tubeke,2020-04-24,1,122
Tubeke,2020-04-25,1,123
Tubeke,2020-04-26,1,124
Tubeke,2020-04-27,0,124
Tubeke,2020-04-28,1,125
Tubeke,2020-04-29,2,127
Tubeke,2020-04-30,1,128
Tubeke,2020-05-01,1,129
Tubeke,2020-05-02,0,129
Tubeke,2020-05-03,0,129
Tubeke,2020-05-04,1,130
Tubeke,2020-05-05,1,131
Tubeke,2020-05-06,0,131
Tubeke,2020-05-07,3,134
Tubeke,2020-05-08,1,135
Tubeke,2020-05-09,1,136
Tubeke,2020-05-10,1,137
Tubeke,2020-05-11,1,138
Tubeke,2020-05-12,0,138
Tubeke,2020-05-13,0,138
Tubeke,2020-05-14,1,139
Tubeke,2020-05-15,2,141
Tubeke,2020-05-16,1,142
Tubeke,2020-05-17,0,142
Tubeke,2020-05-18,0,142
Tubeke,2020-05-19,0,142
Tubeke,2020-05-20,1,143
Tubeke,2020-05-21,0,143
Tubeke,2020-05-22,3,146
Tubeke,2020-05-23,0,146
Tubeke,2020-05-24,0,146
Tubeke,2020-05-25,0,146
Tubeke,2020-05-26,0,146
Tubeke,2020-05-27,2,148
Tubeke,2020-05-28,0,148
Tubeke,2020-05-29,1,149
Tubeke,2020-05-30,1,150
Tubeke,2020-05-31,0,150
Tubeke,2020-06-01,1,151
Tubeke,2020-06-02,0,151
Tubeke,2020-06-03,0,151
Tubeke,2020-06-04,0,151
Tubeke,2020-06-05,0,151
Tubeke,2020-06-06,0,151
Tubeke,2020-06-07,0,151
Tubeke,2020-06-08,0,151
Tubeke,2020-06-09,2,153
Tubeke,2020-06-10,0,153
Tubeke,2020-06-11,0,153
Tubeke,2020-06-12,0,153
Tubeke,2020-06-13,3,156
Tubeke,2020-06-14,0,156
Tubeke,2020-06-15,0,156
Tubeke,2020-06-16,1,157
Tubeke,2020-06-17,0,157
Tubeke,2020-06-18,0,157
Tubeke,2020-06-19,1,158
Tubeke,2020-06-20,1,159
Tubeke,2020-06-23,0,159
Tubeke,2020-06-24,2,161
Tubeke,2020-06-25,1,162
Tubeke,2020-06-26,1,163
Tubeke,2020-06-27,0,163
Tubeke,2020-06-30,0,163
Tubeke,2020-07-01,0,163
Tubeke,2020-07-02,0,163
Tubeke,2020-07-03,0,163
Tubeke,2020-07-04,0,163
Tubeke,2020-07-07,0,163
Tubeke,2020-07-08,0,163
Tubeke,2020-07-09,1,164
Tubeke,2020-07-10,0,164
Tubeke,2020-07-11,0,164
Tubeke,2020-07-14,1,165
Tubeke,2020-07-15,0,165
Tubeke,2020-07-16,0,165
Tubeke,2020-07-17,1,166
Tubeke,2020-07-18,0,166
Tubeke,2020-07-20,0,166
Tubeke,2020-07-21,0,166
Tubeke,2020-07-22,0,166
Tubeke,2020-07-23,1,167
Tubeke,2020-07-24,0,167
Tubeke,2020-07-25,1,168
Tubeke,2020-07-26,0,168
Tubeke,2020-07-27,0,168
Tubeke,2020-07-28,0,168
Tubeke,2020-07-29,0,168
Tubeke,2020-07-30,1,169
Tubeke,2020-07-31,0,169
Villers-la-Ville,2020-04-01,0,0
Villers-la-Ville,2020-04-02,0,0
Villers-la-Ville,2020-04-03,0,0
Villers-la-Ville,2020-04-04,0,0
Villers-la-Ville,2020-04-05,5,5
Villers-la-Ville,2020-04-06,1,6
Villers-la-Ville,2020-04-07,1,7
Villers-la-Ville,2020-04-08,0,7
Villers-la-Ville,2020-04-09,0,7
Villers-la-Ville,2020-04-10,3,10
Villers-la-Ville,2020-04-11,3,13
Villers-la-Ville,2020-04-12,0,13
Villers-la-Ville,2020-04-13,1,14
Villers-la-Ville,2020-04-14,0,14
Villers-la-Ville,2020-04-15,1,15
Villers-la-Ville,2020-04-16,0,15
Villers-la-Ville,2020-04-17,1,16
Villers-la-Ville,2020-04-18,1,17
Villers-la-Ville,2020-04-19,1,18
Villers-la-Ville,2020-04-20,1,19
Villers-la-Ville,2020-04-21,0,19
Villers-la-Ville,2020-04-22,0,19
Villers-la-Ville,2020-04-23,0,19
Villers-la-Ville,2020-04-24,0,19
Villers-la-Ville,2020-04-25,2,21
Villers-la-Ville,2020-04-26,0,21
Villers-la-Ville,2020-04-27,0,21
Villers-la-Ville,2020-04-28,0,21
Villers-la-Ville,2020-04-29,0,21
Villers-la-Ville,2020-04-30,0,21
Villers-la-Ville,2020-05-01,0,21
Villers-la-Ville,2020-05-02,0,21
Villers-la-Ville,2020-05-03,0,21
Villers-la-Ville,2020-05-04,0,21
Villers-la-Ville,2020-05-05,2,23
Villers-la-Ville,2020-05-06,0,23
Villers-la-Ville,2020-05-07,0,23
Villers-la-Ville,2020-05-08,0,23
Villers-la-Ville,2020-05-09,0,23
Villers-la-Ville,2020-05-10,0,23
Villers-la-Ville,2020-05-11,0,23
Villers-la-Ville,2020-05-12,1,24
Villers-la-Ville,2020-05-13,-1,23
Villers-la-Ville,2020-05-14,2,25
Villers-la-Ville,2020-05-15,0,25
Villers-la-Ville,2020-05-16,0,25
Villers-la-Ville,2020-05-17,1,26
Villers-la-Ville,2020-05-18,0,26
Villers-la-Ville,2020-05-19,0,26
Villers-la-Ville,2020-05-20,0,26
Villers-la-Ville,2020-05-21,0,26
Villers-la-Ville,2020-05-22,0,26
Villers-la-Ville,2020-05-23,0,26
Villers-la-Ville,2020-05-24,0,26
Villers-la-Ville,2020-05-25,0,26
Villers-la-Ville,2020-05-26,0,26
Villers-la-Ville,2020-05-27,0,26
Villers-la-Ville,2020-05-28,0,26
Villers-la-Ville,2020-05-29,0,26
Villers-la-Ville,2020-05-30,0,26
Villers-la-Ville,2020-05-31,0,26
Villers-la-Ville,2020-06-01,0,26
Villers-la-Ville,2020-06-02,0,26
Villers-la-Ville,2020-06-03,0,26
Villers-la-Ville,2020-06-04,0,26
Villers-la-Ville,2020-06-05,0,26
Villers-la-Ville,2020-06-06,0,26
Villers-la-Ville,2020-06-07,0,26
Villers-la-Ville,2020-06-08,0,26
Villers-la-Ville,2020-06-09,0,26
Villers-la-Ville,2020-06-10,0,26
Villers-la-Ville,2020-06-11,0,26
Villers-la-Ville,2020-06-12,0,26
Villers-la-Ville,2020-06-13,0,26
Villers-la-Ville,2020-06-14,0,26
Villers-la-Ville,2020-06-15,0,26
Villers-la-Ville,2020-06-16,0,26
Villers-la-Ville,2020-06-17,0,26
Villers-la-Ville,2020-06-18,0,26
Villers-la-Ville,2020-06-19,0,26
Villers-la-Ville,2020-06-20,0,26
Villers-la-Ville,2020-06-23,0,26
Villers-la-Ville,2020-06-24,0,26
Villers-la-Ville,2020-06-25,0,26
Villers-la-Ville,2020-06-26,0,26
Villers-la-Ville,2020-06-27,0,26
Villers-la-Ville,2020-06-30,0,26
Villers-la-Ville,2020-07-01,0,26
Villers-la-Ville,2020-07-02,0,26
Villers-la-Ville,2020-07-03,0,26
Villers-la-Ville,2020-07-04,1,27
Villers-la-Ville,2020-07-07,0,27
Villers-la-Ville,2020-07-08,0,27
Villers-la-Ville,2020-07-09,1,28
Villers-la-Ville,2020-07-10,0,28
Villers-la-Ville,2020-07-11,0,28
Villers-la-Ville,2020-07-14,0,28
Villers-la-Ville,2020-07-15,0,28
Villers-la-Ville,2020-07-16,0,28
Villers-la-Ville,2020-07-17,0,28
Villers-la-Ville,2020-07-18,0,28
Villers-la-Ville,2020-07-20,0,28
Villers-la-Ville,2020-07-21,0,28
Villers-la-Ville,2020-07-22,0,28
Villers-la-Ville,2020-07-23,2,30
Villers-la-Ville,2020-07-24,0,30
Villers-la-Ville,2020-07-25,0,30
Villers-la-Ville,2020-07-26,1,31
Villers-la-Ville,2020-07-27,0,31
Villers-la-Ville,2020-07-28,0,31
Villers-la-Ville,2020-07-29,0,31
Villers-la-Ville,2020-07-30,0,31
Villers-la-Ville,2020-07-31,1,32
Waterloo,2020-04-01,2,28
Waterloo,2020-04-02,2,30
Waterloo,2020-04-03,2,32
Waterloo,2020-04-04,6,38
Waterloo,2020-04-05,2,40
Waterloo,2020-04-06,1,41
Waterloo,2020-04-07,1,42
Waterloo,2020-04-08,2,44
Waterloo,2020-04-09,1,45
Waterloo,2020-04-10,0,45
Waterloo,2020-04-11,0,45
Waterloo,2020-04-12,0,45
Waterloo,2020-04-13,2,47
Waterloo,2020-04-14,1,48
Waterloo,2020-04-15,1,49
Waterloo,2020-04-16,0,49
Waterloo,2020-04-17,3,52
Waterloo,2020-04-18,0,52
Waterloo,2020-04-19,5,57
Waterloo,2020-04-20,1,58
Waterloo,2020-04-21,0,58
Waterloo,2020-04-22,1,59
Waterloo,2020-04-23,2,61
Waterloo,2020-04-24,1,62
Waterloo,2020-04-25,2,64
Waterloo,2020-04-26,4,68
Waterloo,2020-04-27,3,71
Waterloo,2020-04-28,4,75
Waterloo,2020-04-29,2,77
Waterloo,2020-04-30,0,77
Waterloo,2020-05-01,1,78
Waterloo,2020-05-02,3,81
Waterloo,2020-05-03,2,83
Waterloo,2020-05-04,0,83
Waterloo,2020-05-05,0,83
Waterloo,2020-05-06,0,83
Waterloo,2020-05-07,5,88
Waterloo,2020-05-08,0,88
Waterloo,2020-05-09,1,89
Waterloo,2020-05-10,0,89
Waterloo,2020-05-11,4,93
Waterloo,2020-05-12,2,95
Waterloo,2020-05-13,1,96
Waterloo,2020-05-14,0,96
Waterloo,2020-05-15,0,96
Waterloo,2020-05-16,0,96
Waterloo,2020-05-17,1,97
Waterloo,2020-05-18,0,97
Waterloo,2020-05-19,0,97
Waterloo,2020-05-20,0,97
Waterloo,2020-05-21,1,98
Waterloo,2020-05-22,0,98
Waterloo,2020-05-23,0,98
Waterloo,2020-05-24,1,99
Waterloo,2020-05-25,0,99
Waterloo,2020-05-26,0,99
Waterloo,2020-05-27,1,100
Waterloo,2020-05-28,0,100
Waterloo,2020-05-29,0,100
Waterloo,2020-05-30,0,100
Waterloo,2020-05-31,0,100
Waterloo,2020-06-01,0,100
Waterloo,2020-06-02,2,102
Waterloo,2020-06-03,0,102
Waterloo,2020-06-04,0,102
Waterloo,2020-06-05,0,102
Waterloo,2020-06-06,1,103
Waterloo,2020-06-07,1,104
Waterloo,2020-06-08,0,104
Waterloo,2020-06-09,0,104
Waterloo,2020-06-10,2,106
Waterloo,2020-06-11,0,106
Waterloo,2020-06-12,0,106
Waterloo,2020-06-13,1,107
Waterloo,2020-06-14,0,107
Waterloo,2020-06-15,1,108
Waterloo,2020-06-16,3,111
Waterloo,2020-06-17,1,112
Waterloo,2020-06-18,0,112
Waterloo,2020-06-19,0,112
Waterloo,2020-06-20,0,112
Waterloo,2020-06-23,1,113
Waterloo,2020-06-24,0,113
Waterloo,2020-06-25,0,113
Waterloo,2020-06-26,0,113
Waterloo,2020-06-27,0,113
Waterloo,2020-06-30,0,113
Waterloo,2020-07-01,0,113
Waterloo,2020-07-02,0,113
Waterloo,2020-07-03,1,114
Waterloo,2020-07-04,0,114
Waterloo,2020-07-07,1,115
Waterloo,2020-07-08,0,115
Waterloo,2020-07-09,0,115
Waterloo,2020-07-10,0,115
Waterloo,2020-07-11,0,115
Waterloo,2020-07-14,0,115
Waterloo,2020-07-15,0,115
Waterloo,2020-07-16,0,115
Waterloo,2020-07-17,0,115
Waterloo,2020-07-18,0,115
Waterloo,2020-07-20,0,115
Waterloo,2020-07-21,0,115
Waterloo,2020-07-22,0,115
Waterloo,2020-07-23,0,115
Waterloo,2020-07-24,0,115
Waterloo,2020-07-25,0,115
Waterloo,2020-07-26,1,116
Waterloo,2020-07-27,0,116
Waterloo,2020-07-28,0,116
Waterloo,2020-07-29,1,117
Waterloo,2020-07-30,1,118
Waterloo,2020-07-31,0,118
Waver,2020-04-01,2,27
Waver,2020-04-02,3,30
Waver,2020-04-03,2,32
Waver,2020-04-04,7,39
Waver,2020-04-05,4,43
Waver,2020-04-06,2,45
Waver,2020-04-07,0,45
Waver,2020-04-08,5,50
Waver,2020-04-09,4,54
Waver,2020-04-10,8,62
Waver,2020-04-11,1,63
Waver,2020-04-12,2,65
Waver,2020-04-13,4,69
Waver,2020-04-14,0,69
Waver,2020-04-15,1,70
Waver,2020-04-16,1,71
Waver,2020-04-17,2,73
Waver,2020-04-18,2,75
Waver,2020-04-19,17,92
Waver,2020-04-20,2,94
Waver,2020-04-21,0,94
Waver,2020-04-22,1,95
Waver,2020-04-23,4,99
Waver,2020-04-24,13,112
Waver,2020-04-25,2,114
Waver,2020-04-26,3,117
Waver,2020-04-27,0,117
Waver,2020-04-28,0,117
Waver,2020-04-29,0,117
Waver,2020-04-30,1,118
Waver,2020-05-01,0,118
Waver,2020-05-02,0,118
Waver,2020-05-03,0,118
Waver,2020-05-04,1,119
Waver,2020-05-05,0,119
Waver,2020-05-06,0,119
Waver,2020-05-07,0,119
Waver,2020-05-08,1,120
Waver,2020-05-09,0,120
Waver,2020-05-10,0,120
Waver,2020-05-11,0,120
Waver,2020-05-12,0,120
Waver,2020-05-13,0,120
Waver,2020-05-14,1,121
Waver,2020-05-15,0,121
Waver,2020-05-16,0,121
Waver,2020-05-17,0,121
Waver,2020-05-18,1,122
Waver,2020-05-19,0,122
Waver,2020-05-20,0,122
Waver,2020-05-21,0,122
Waver,2020-05-22,1,123
Waver,2020-05-23,1,124
Waver,2020-05-24,0,124
Waver,2020-05-25,0,124
Waver,2020-05-26,0,124
Waver,2020-05-27,0,124
Waver,2020-05-28,0,124
Waver,2020-05-29,0,124
Waver,2020-05-30,0,124
Waver,2020-05-31,0,124
Waver,2020-06-01,0,124
Waver,2020-06-02,0,124
Waver,2020-06-03,1,125
Waver,2020-06-04,0,125
Waver,2020-06-05,1,126
Waver,2020-06-06,0,126
Waver,2020-06-07,0,126
Waver,2020-06-08,0,126
Waver,2020-06-09,0,126
Waver,2020-06-10,0,126
Waver,2020-06-11,0,126
Waver,2020-06-12,0,126
Waver,2020-06-13,0,126
Waver,2020-06-14,0,126
Waver,2020-06-15,0,126
Waver,2020-06-16,0,126
Waver,2020-06-17,0,126
Waver,2020-06-18,1,127
Waver,2020-06-19,0,127
Waver,2020-06-20,1,128
Waver,2020-06-23,1,129
Waver,2020-06-24,0,129
Waver,2020-06-25,0,129
Waver,2020-06-26,2,131
Waver,2020-06-27,0,131
Waver,2020-06-30,0,131
Waver,2020-07-01,1,132
Waver,2020-07-02,0,132
Waver,2020-07-03,0,132
Waver,2020-07-04,0,132
Waver,2020-07-07,0,132
Waver,2020-07-08,1,133
Waver,2020-07-09,0,133
Waver,2020-07-10,0,133
Waver,2020-07-11,0,133
Waver,2020-07-14,1,134
Waver,2020-07-15,0,134
Waver,2020-07-16,0,134
Waver,2020-07-17,0,134
Waver,2020-07-18,0,134
Waver,2020-07-20,0,134
Waver,2020-07-21,0,134
Waver,2020-07-22,0,134
Waver,2020-07-23,0,134
Waver,2020-07-24,0,134
Waver,2020-07-25,0,134
Waver,2020-07-26,0,134
Waver,2020-07-27,0,134
Waver,2020-07-28,0,134
Waver,2020-07-29,0,134
Waver,2020-07-30,0,134
Waver,2020-07-31,0,134
Chastre,2020-04-01,1,6
Chastre,2020-04-02,0,6
Chastre,2020-04-03,0,6
Chastre,2020-04-04,0,6
Chastre,2020-04-05,0,6
Chastre,2020-04-06,0,6
Chastre,2020-04-07,0,6
Chastre,2020-04-08,0,6
Chastre,2020-04-09,0,6
Chastre,2020-04-10,3,9
Chastre,2020-04-11,0,9
Chastre,2020-04-12,0,9
Chastre,2020-04-13,1,10
Chastre,2020-04-14,0,10
Chastre,2020-04-15,0,10
Chastre,2020-04-16,0,10
Chastre,2020-04-17,0,10
Chastre,2020-04-18,2,12
Chastre,2020-04-19,0,12
Chastre,2020-04-20,0,12
Chastre,2020-04-21,0,12
Chastre,2020-04-22,0,12
Chastre,2020-04-23,1,13
Chastre,2020-04-24,0,13
Chastre,2020-04-25,0,13
Chastre,2020-04-26,1,14
Chastre,2020-04-27,0,14
Chastre,2020-04-28,0,14
Chastre,2020-04-29,0,14
Chastre,2020-04-30,0,14
Chastre,2020-05-01,0,14
Chastre,2020-05-02,0,14
Chastre,2020-05-03,0,14
Chastre,2020-05-04,0,14
Chastre,2020-05-05,0,14
Chastre,2020-05-06,0,14
Chastre,2020-05-07,0,14
Chastre,2020-05-08,0,14
Chastre,2020-05-09,0,14
Chastre,2020-05-10,0,14
Chastre,2020-05-11,0,14
Chastre,2020-05-12,0,14
Chastre,2020-05-13,0,14
Chastre,2020-05-14,0,14
Chastre,2020-05-15,0,14
Chastre,2020-05-16,0,14
Chastre,2020-05-17,0,14
Chastre,2020-05-18,0,14
Chastre,2020-05-19,0,14
Chastre,2020-05-20,0,14
Chastre,2020-05-21,0,14
Chastre,2020-05-22,0,14
Chastre,2020-05-23,0,14
Chastre,2020-05-24,0,14
Chastre,2020-05-25,0,14
Chastre,2020-05-26,0,14
Chastre,2020-05-27,0,14
Chastre,2020-05-28,0,14
Chastre,2020-05-29,0,14
Chastre,2020-05-30,0,14
Chastre,2020-05-31,0,14
Chastre,2020-06-01,0,14
Chastre,2020-06-02,0,14
Chastre,2020-06-03,0,14
Chastre,2020-06-04,0,14
Chastre,2020-06-05,0,14
Chastre,2020-06-06,0,14
Chastre,2020-06-07,0,14
Chastre,2020-06-08,0,14
Chastre,2020-06-09,1,15
Chastre,2020-06-10,0,15
Chastre,2020-06-11,0,15
Chastre,2020-06-12,0,15
Chastre,2020-06-13,0,15
Chastre,2020-06-14,0,15
Chastre,2020-06-15,0,15
Chastre,2020-06-16,0,15
Chastre,2020-06-17,0,15
Chastre,2020-06-18,0,15
Chastre,2020-06-19,0,15
Chastre,2020-06-20,0,15
Chastre,2020-06-23,0,15
Chastre,2020-06-24,0,15
Chastre,2020-06-25,0,15
Chastre,2020-06-26,0,15
Chastre,2020-06-27,0,15
Chastre,2020-06-30,0,15
Chastre,2020-07-01,0,15
Chastre,2020-07-02,0,15
Chastre,2020-07-03,0,15
Chastre,2020-07-04,0,15
Chastre,2020-07-07,0,15
Chastre,2020-07-08,0,15
Chastre,2020-07-09,0,15
Chastre,2020-07-10,0,15
Chastre,2020-07-11,0,15
Chastre,2020-07-14,0,15
Chastre,2020-07-15,0,15
Chastre,2020-07-16,0,15
Chastre,2020-07-17,0,15
Chastre,2020-07-18,0,15
Chastre,2020-07-20,0,15
Chastre,2020-07-21,0,15
Chastre,2020-07-22,0,15
Chastre,2020-07-23,0,15
Chastre,2020-07-24,0,15
Chastre,2020-07-25,0,15
Chastre,2020-07-26,0,15
Chastre,2020-07-27,0,15
Chastre,2020-07-28,0,15
Chastre,2020-07-29,0,15
Chastre,2020-07-30,0,15
Chastre,2020-07-31,0,15
Hélécine,2020-04-01,0,5
Hélécine,2020-04-02,1,6
Hélécine,2020-04-03,0,6
Hélécine,2020-04-04,1,7
Hélécine,2020-04-05,1,8
Hélécine,2020-04-06,1,9
Hélécine,2020-04-07,0,9
Hélécine,2020-04-08,0,9
Hélécine,2020-04-09,1,10
Hélécine,2020-04-10,1,11
Hélécine,2020-04-11,0,11
Hélécine,2020-04-12,1,12
Hélécine,2020-04-13,0,12
Hélécine,2020-04-14,0,12
Hélécine,2020-04-15,1,13
Hélécine,2020-04-16,0,13
Hélécine,2020-04-17,0,13
Hélécine,2020-04-18,0,13
Hélécine,2020-04-19,0,13
Hélécine,2020-04-20,1,14
Hélécine,2020-04-21,0,14
Hélécine,2020-04-22,0,14
Hélécine,2020-04-23,0,14
Hélécine,2020-04-24,0,14
Hélécine,2020-04-25,0,14
Hélécine,2020-04-26,0,14
Hélécine,2020-04-27,0,14
Hélécine,2020-04-28,0,14
Hélécine,2020-04-29,0,14
Hélécine,2020-04-30,0,14
Hélécine,2020-05-01,1,15
Hélécine,2020-05-02,1,16
Hélécine,2020-05-03,0,16
Hélécine,2020-05-04,0,16
Hélécine,2020-05-05,0,16
Hélécine,2020-05-06,0,16
Hélécine,2020-05-07,0,16
Hélécine,2020-05-08,0,16
Hélécine,2020-05-09,0,16
Hélécine,2020-05-10,0,16
Hélécine,2020-05-11,0,16
Hélécine,2020-05-12,0,16
Hélécine,2020-05-13,0,16
Hélécine,2020-05-14,0,16
Hélécine,2020-05-15,0,16
Hélécine,2020-05-16,1,17
Hélécine,2020-05-17,0,17
Hélécine,2020-05-18,0,17
Hélécine,2020-05-19,0,17
Hélécine,2020-05-20,0,17
Hélécine,2020-05-21,0,17
Hélécine,2020-05-22,0,17
Hélécine,2020-05-23,0,17
Hélécine,2020-05-24,0,17
Hélécine,2020-05-25,1,18
Hélécine,2020-05-26,0,18
Hélécine,2020-05-27,0,18
Hélécine,2020-05-28,0,18
Hélécine,2020-05-29,0,18
Hélécine,2020-05-30,0,18
Hélécine,2020-05-31,0,18
Hélécine,2020-06-01,0,18
Hélécine,2020-06-02,0,18
Hélécine,2020-06-03,0,18
Hélécine,2020-06-04,0,18
Hélécine,2020-06-05,0,18
Hélécine,2020-06-06,0,18
Hélécine,2020-06-07,0,18
Hélécine,2020-06-08,0,18
Hélécine,2020-06-09,0,18
Hélécine,2020-06-10,0,18
Hélécine,2020-06-11,0,18
Hélécine,2020-06-12,0,18
Hélécine,2020-06-13,0,18
Hélécine,2020-06-14,0,18
Hélécine,2020-06-15,0,18
Hélécine,2020-06-16,0,18
Hélécine,2020-06-17,0,18
Hélécine,2020-06-18,0,18
Hélécine,2020-06-19,0,18
Hélécine,2020-06-20,0,18
Hélécine,2020-06-23,0,18
Hélécine,2020-06-24,0,18
Hélécine,2020-06-25,0,18
Hélécine,2020-06-26,0,18
Hélécine,2020-06-27,0,18
Hélécine,2020-06-30,0,18
Hélécine,2020-07-01,0,18
Hélécine,2020-07-02,0,18
Hélécine,2020-07-03,0,18
Hélécine,2020-07-04,0,18
Hélécine,2020-07-07,1,19
Hélécine,2020-07-08,0,19
Hélécine,2020-07-09,0,19
Hélécine,2020-07-10,0,19
Hélécine,2020-07-11,0,19
Hélécine,2020-07-14,0,19
Hélécine,2020-07-15,0,19
Hélécine,2020-07-16,0,19
Hélécine,2020-07-17,0,19
Hélécine,2020-07-18,0,19
Hélécine,2020-07-20,0,19
Hélécine,2020-07-21,0,19
Hélécine,2020-07-22,0,19
Hélécine,2020-07-23,0,19
Hélécine,2020-07-24,0,19
Hélécine,2020-07-25,0,19
Hélécine,2020-07-26,0,19
Hélécine,2020-07-27,0,19
Hélécine,2020-07-28,0,19
Hélécine,2020-07-29,0,19
Hélécine,2020-07-30,0,19
Hélécine,2020-07-31,0,19
Lasne,2020-04-01,1,19
Lasne,2020-04-02,1,20
Lasne,2020-04-03,1,21
Lasne,2020-04-04,1,22
Lasne,2020-04-05,0,22
Lasne,2020-04-06,0,22
Lasne,2020-04-07,0,22
Lasne,2020-04-08,0,22
Lasne,2020-04-09,1,23
Lasne,2020-04-10,1,24
Lasne,2020-04-11,2,26
Lasne,2020-04-12,3,29
Lasne,2020-04-13,0,29
Lasne,2020-04-14,0,29
Lasne,2020-04-15,1,30
Lasne,2020-04-16,2,32
Lasne,2020-04-17,0,32
Lasne,2020-04-18,0,32
Lasne,2020-04-19,1,33
Lasne,2020-04-20,0,33
Lasne,2020-04-21,0,33
Lasne,2020-04-22,1,34
Lasne,2020-04-23,1,35
Lasne,2020-04-24,1,36
Lasne,2020-04-25,0,36
Lasne,2020-04-26,0,36
Lasne,2020-04-27,0,36
Lasne,2020-04-28,1,37
Lasne,2020-04-29,1,38
Lasne,2020-04-30,0,38
Lasne,2020-05-01,0,38
Lasne,2020-05-02,0,38
Lasne,2020-05-03,0,38
Lasne,2020-05-04,1,39
Lasne,2020-05-05,0,39
Lasne,2020-05-06,0,39
Lasne,2020-05-07,0,39
Lasne,2020-05-08,0,39
Lasne,2020-05-09,0,39
Lasne,2020-05-10,1,40
Lasne,2020-05-11,0,40
Lasne,2020-05-12,0,40
Lasne,2020-05-13,0,40
Lasne,2020-05-14,0,40
Lasne,2020-05-15,1,41
Lasne,2020-05-16,0,41
Lasne,2020-05-17,0,41
Lasne,2020-05-18,0,41
Lasne,2020-05-19,0,41
Lasne,2020-05-20,0,41
Lasne,2020-05-21,0,41
Lasne,2020-05-22,0,41
Lasne,2020-05-23,0,41
Lasne,2020-05-24,0,41
Lasne,2020-05-25,0,41
Lasne,2020-05-26,0,41
Lasne,2020-05-27,0,41
Lasne,2020-05-28,0,41
Lasne,2020-05-29,0,41
Lasne,2020-05-30,0,41
Lasne,2020-05-31,0,41
Lasne,2020-06-01,0,41
Lasne,2020-06-02,0,41
Lasne,2020-06-03,0,41
Lasne,2020-06-04,0,41
Lasne,2020-06-05,0,41
Lasne,2020-06-06,1,42
Lasne,2020-06-07,0,42
Lasne,2020-06-08,0,42
Lasne,2020-06-09,0,42
Lasne,2020-06-10,0,42
Lasne,2020-06-11,0,42
Lasne,2020-06-12,0,42
Lasne,2020-06-13,0,42
Lasne,2020-06-14,0,42
Lasne,2020-06-15,0,42
Lasne,2020-06-16,0,42
Lasne,2020-06-17,0,42
Lasne,2020-06-18,0,42
Lasne,2020-06-19,0,42
Lasne,2020-06-20,0,42
Lasne,2020-06-23,1,43
Lasne,2020-06-24,0,43
Lasne,2020-06-25,0,43
Lasne,2020-06-26,0,43
Lasne,2020-06-27,0,43
Lasne,2020-06-30,0,43
Lasne,2020-07-01,0,43
Lasne,2020-07-02,0,43
Lasne,2020-07-03,0,43
Lasne,2020-07-04,0,43
Lasne,2020-07-07,1,44
Lasne,2020-07-08,0,44
Lasne,2020-07-09,0,44
Lasne,2020-07-10,0,44
Lasne,2020-07-11,0,44
Lasne,2020-07-14,0,44
Lasne,2020-07-15,0,44
Lasne,2020-07-16,0,44
Lasne,2020-07-17,0,44
Lasne,2020-07-18,1,45
Lasne,2020-07-20,1,46
Lasne,2020-07-21,0,46
Lasne,2020-07-22,0,46
Lasne,2020-07-23,0,46
Lasne,2020-07-24,0,46
Lasne,2020-07-25,0,46
Lasne,2020-07-26,0,46
Lasne,2020-07-27,0,46
Lasne,2020-07-28,0,46
Lasne,2020-07-29,0,46
Lasne,2020-07-30,0,46
Lasne,2020-07-31,0,46
Orp-Jauche,2020-04-01,0,6
Orp-Jauche,2020-04-02,0,6
Orp-Jauche,2020-04-03,0,6
Orp-Jauche,2020-04-04,0,6
Orp-Jauche,2020-04-05,0,6
Orp-Jauche,2020-04-06,0,6
Orp-Jauche,2020-04-07,0,6
Orp-Jauche,2020-04-08,1,7
Orp-Jauche,2020-04-09,1,8
Orp-Jauche,2020-04-10,1,9
Orp-Jauche,2020-04-11,1,10
Orp-Jauche,2020-04-12,0,10
Orp-Jauche,2020-04-13,0,10
Orp-Jauche,2020-04-14,0,10
Orp-Jauche,2020-04-15,1,11
Orp-Jauche,2020-04-16,1,12
Orp-Jauche,2020-04-17,0,12
Orp-Jauche,2020-04-18,0,12
Orp-Jauche,2020-04-19,0,12
Orp-Jauche,2020-04-20,2,14
Orp-Jauche,2020-04-21,1,15
Orp-Jauche,2020-04-22,0,15
Orp-Jauche,2020-04-23,0,15
Orp-Jauche,2020-04-24,0,15
Orp-Jauche,2020-04-25,0,15
Orp-Jauche,2020-04-26,0,15
Orp-Jauche,2020-04-27,0,15
Orp-Jauche,2020-04-28,0,15
Orp-Jauche,2020-04-29,0,15
Orp-Jauche,2020-04-30,0,15
Orp-Jauche,2020-05-01,0,15
Orp-Jauche,2020-05-02,0,15
Orp-Jauche,2020-05-03,0,15
Orp-Jauche,2020-05-04,0,15
Orp-Jauche,2020-05-05,0,15
Orp-Jauche,2020-05-06,0,15
Orp-Jauche,2020-05-07,0,15
Orp-Jauche,2020-05-08,1,16
Orp-Jauche,2020-05-09,0,16
Orp-Jauche,2020-05-10,0,16
Orp-Jauche,2020-05-11,0,16
Orp-Jauche,2020-05-12,0,16
Orp-Jauche,2020-05-13,0,16
Orp-Jauche,2020-05-14,0,16
Orp-Jauche,2020-05-15,0,16
Orp-Jauche,2020-05-16,0,16
Orp-Jauche,2020-05-17,0,16
Orp-Jauche,2020-05-18,0,16
Orp-Jauche,2020-05-19,0,16
Orp-Jauche,2020-05-20,0,16
Orp-Jauche,2020-05-21,0,16
Orp-Jauche,2020-05-22,0,16
Orp-Jauche,2020-05-23,2,18
Orp-Jauche,2020-05-24,0,18
Orp-Jauche,2020-05-25,0,18
Orp-Jauche,2020-05-26,0,18
Orp-Jauche,2020-05-27,0,18
Orp-Jauche,2020-05-28,0,18
Orp-Jauche,2020-05-29,0,18
Orp-Jauche,2020-05-30,0,18
Orp-Jauche,2020-05-31,0,18
Orp-Jauche,2020-06-01,0,18
Orp-Jauche,2020-06-02,0,18
Orp-Jauche,2020-06-03,0,18
Orp-Jauche,2020-06-04,0,18
Orp-Jauche,2020-06-05,0,18
Orp-Jauche,2020-06-06,0,18
Orp-Jauche,2020-06-07,0,18
Orp-Jauche,2020-06-08,0,18
Orp-Jauche,2020-06-09,0,18
Orp-Jauche,2020-06-10,0,18
Orp-Jauche,2020-06-11,0,18
Orp-Jauche,2020-06-12,0,18
Orp-Jauche,2020-06-13,0,18
Orp-Jauche,2020-06-14,0,18
Orp-Jauche,2020-06-15,0,18
Orp-Jauche,2020-06-16,0,18
Orp-Jauche,2020-06-17,0,18
Orp-Jauche,2020-06-18,0,18
Orp-Jauche,2020-06-19,0,18
Orp-Jauche,2020-06-20,0,18
Orp-Jauche,2020-06-23,0,18
Orp-Jauche,2020-06-24,0,18
Orp-Jauche,2020-06-25,0,18
Orp-Jauche,2020-06-26,0,18
Orp-Jauche,2020-06-27,0,18
Orp-Jauche,2020-06-30,0,18
Orp-Jauche,2020-07-01,0,18
Orp-Jauche,2020-07-02,0,18
Orp-Jauche,2020-07-03,0,18
Orp-Jauche,2020-07-04,0,18
Orp-Jauche,2020-07-07,0,18
Orp-Jauche,2020-07-08,0,18
Orp-Jauche,2020-07-09,0,18
Orp-Jauche,2020-07-10,0,18
Orp-Jauche,2020-07-11,0,18
Orp-Jauche,2020-07-14,0,18
Orp-Jauche,2020-07-15,0,18
Orp-Jauche,2020-07-16,0,18
Orp-Jauche,2020-07-17,0,18
Orp-Jauche,2020-07-18,0,18
Orp-Jauche,2020-07-20,0,18
Orp-Jauche,2020-07-21,1,19
Orp-Jauche,2020-07-22,0,19
Orp-Jauche,2020-07-23,0,19
Orp-Jauche,2020-07-24,0,19
Orp-Jauche,2020-07-25,0,19
Orp-Jauche,2020-07-26,0,19
Orp-Jauche,2020-07-27,0,19
Orp-Jauche,2020-07-28,0,19
Orp-Jauche,2020-07-29,0,19
Orp-Jauche,2020-07-30,0,19
Orp-Jauche,2020-07-31,0,19
Ottignies-Louvain-la-Neuve,2020-04-01,1,21
Ottignies-Louvain-la-Neuve,2020-04-02,0,21
Ottignies-Louvain-la-Neuve,2020-04-03,0,21
Ottignies-Louvain-la-Neuve,2020-04-04,1,22
Ottignies-Louvain-la-Neuve,2020-04-05,3,25
Ottignies-Louvain-la-Neuve,2020-04-06,1,26
Ottignies-Louvain-la-Neuve,2020-04-07,1,27
Ottignies-Louvain-la-Neuve,2020-04-08,3,30
Ottignies-Louvain-la-Neuve,2020-04-09,3,33
Ottignies-Louvain-la-Neuve,2020-04-10,3,36
Ottignies-Louvain-la-Neuve,2020-04-11,1,37
Ottignies-Louvain-la-Neuve,2020-04-12,5,42
Ottignies-Louvain-la-Neuve,2020-04-13,2,44
Ottignies-Louvain-la-Neuve,2020-04-14,0,44
Ottignies-Louvain-la-Neuve,2020-04-15,1,45
Ottignies-Louvain-la-Neuve,2020-04-16,1,46
Ottignies-Louvain-la-Neuve,2020-04-17,2,48
Ottignies-Louvain-la-Neuve,2020-04-18,0,48
Ottignies-Louvain-la-Neuve,2020-04-19,0,48
Ottignies-Louvain-la-Neuve,2020-04-20,3,51
Ottignies-Louvain-la-Neuve,2020-04-21,1,52
Ottignies-Louvain-la-Neuve,2020-04-22,4,56
Ottignies-Louvain-la-Neuve,2020-04-23,4,60
Ottignies-Louvain-la-Neuve,2020-04-24,3,63
Ottignies-Louvain-la-Neuve,2020-04-25,11,74
Ottignies-Louvain-la-Neuve,2020-04-26,0,74
Ottignies-Louvain-la-Neuve,2020-04-27,1,75
Ottignies-Louvain-la-Neuve,2020-04-28,0,75
Ottignies-Louvain-la-Neuve,2020-04-29,3,78
Ottignies-Louvain-la-Neuve,2020-04-30,0,78
Ottignies-Louvain-la-Neuve,2020-05-01,1,79
Ottignies-Louvain-la-Neuve,2020-05-02,0,79
Ottignies-Louvain-la-Neuve,2020-05-03,0,79
Ottignies-Louvain-la-Neuve,2020-05-04,1,80
Ottignies-Louvain-la-Neuve,2020-05-05,0,80
Ottignies-Louvain-la-Neuve,2020-05-06,1,81
Ottignies-Louvain-la-Neuve,2020-05-07,1,82
Ottignies-Louvain-la-Neuve,2020-05-08,0,82
Ottignies-Louvain-la-Neuve,2020-05-09,1,83
Ottignies-Louvain-la-Neuve,2020-05-10,0,83
Ottignies-Louvain-la-Neuve,2020-05-11,0,83
Ottignies-Louvain-la-Neuve,2020-05-12,0,83
Ottignies-Louvain-la-Neuve,2020-05-13,1,84
Ottignies-Louvain-la-Neuve,2020-05-14,0,84
Ottignies-Louvain-la-Neuve,2020-05-15,2,86
Ottignies-Louvain-la-Neuve,2020-05-16,1,87
Ottignies-Louvain-la-Neuve,2020-05-17,0,87
Ottignies-Louvain-la-Neuve,2020-05-18,0,87
Ottignies-Louvain-la-Neuve,2020-05-19,0,87
Ottignies-Louvain-la-Neuve,2020-05-20,3,90
Ottignies-Louvain-la-Neuve,2020-05-21,4,94
Ottignies-Louvain-la-Neuve,2020-05-22,0,94
Ottignies-Louvain-la-Neuve,2020-05-23,1,95
Ottignies-Louvain-la-Neuve,2020-05-24,0,95
Ottignies-Louvain-la-Neuve,2020-05-25,1,96
Ottignies-Louvain-la-Neuve,2020-05-26,0,96
Ottignies-Louvain-la-Neuve,2020-05-27,1,97
Ottignies-Louvain-la-Neuve,2020-05-28,0,97
Ottignies-Louvain-la-Neuve,2020-05-29,1,98
Ottignies-Louvain-la-Neuve,2020-05-30,0,98
Ottignies-Louvain-la-Neuve,2020-05-31,0,98
Ottignies-Louvain-la-Neuve,2020-06-01,0,98
Ottignies-Louvain-la-Neuve,2020-06-02,0,98
Ottignies-Louvain-la-Neuve,2020-06-03,1,99
Ottignies-Louvain-la-Neuve,2020-06-04,0,99
Ottignies-Louvain-la-Neuve,2020-06-05,0,99
Ottignies-Louvain-la-Neuve,2020-06-06,0,99
Ottignies-Louvain-la-Neuve,2020-06-07,0,99
Ottignies-Louvain-la-Neuve,2020-06-08,1,100
Ottignies-Louvain-la-Neuve,2020-06-09,0,100
Ottignies-Louvain-la-Neuve,2020-06-10,0,100
Ottignies-Louvain-la-Neuve,2020-06-11,0,100
Ottignies-Louvain-la-Neuve,2020-06-12,1,101
Ottignies-Louvain-la-Neuve,2020-06-13,0,101
Ottignies-Louvain-la-Neuve,2020-06-14,0,101
Ottignies-Louvain-la-Neuve,2020-06-15,0,101
Ottignies-Louvain-la-Neuve,2020-06-16,0,101
Ottignies-Louvain-la-Neuve,2020-06-17,0,101
Ottignies-Louvain-la-Neuve,2020-06-18,0,101
Ottignies-Louvain-la-Neuve,2020-06-19,0,101
Ottignies-Louvain-la-Neuve,2020-06-20,1,102
Ottignies-Louvain-la-Neuve,2020-06-23,0,102
Ottignies-Louvain-la-Neuve,2020-06-24,0,102
Ottignies-Louvain-la-Neuve,2020-06-25,0,102
Ottignies-Louvain-la-Neuve,2020-06-26,0,102
Ottignies-Louvain-la-Neuve,2020-06-27,0,102
Ottignies-Louvain-la-Neuve,2020-06-30,2,104
Ottignies-Louvain-la-Neuve,2020-07-01,0,104
Ottignies-Louvain-la-Neuve,2020-07-02,0,104
Ottignies-Louvain-la-Neuve,2020-07-03,0,104
Ottignies-Louvain-la-Neuve,2020-07-04,0,104
Ottignies-Louvain-la-Neuve,2020-07-07,0,104
Ottignies-Louvain-la-Neuve,2020-07-08,0,104
Ottignies-Louvain-la-Neuve,2020-07-09,0,104
Ottignies-Louvain-la-Neuve,2020-07-10,0,104
Ottignies-Louvain-la-Neuve,2020-07-11,0,104
Ottignies-Louvain-la-Neuve,2020-07-14,1,105
Ottignies-Louvain-la-Neuve,2020-07-15,0,105
Ottignies-Louvain-la-Neuve,2020-07-16,0,105
Ottignies-Louvain-la-Neuve,2020-07-17,3,108
Ottignies-Louvain-la-Neuve,2020-07-18,0,108
Ottignies-Louvain-la-Neuve,2020-07-20,0,108
Ottignies-Louvain-la-Neuve,2020-07-21,0,108
Ottignies-Louvain-la-Neuve,2020-07-22,0,108
Ottignies-Louvain-la-Neuve,2020-07-23,0,108
Ottignies-Louvain-la-Neuve,2020-07-24,0,108
Ottignies-Louvain-la-Neuve,2020-07-25,0,108
Ottignies-Louvain-la-Neuve,2020-07-26,2,110
Ottignies-Louvain-la-Neuve,2020-07-27,1,111
Ottignies-Louvain-la-Neuve,2020-07-28,1,112
Ottignies-Louvain-la-Neuve,2020-07-29,0,112
Ottignies-Louvain-la-Neuve,2020-07-30,0,112
Ottignies-Louvain-la-Neuve,2020-07-31,2,114
Ramillies,2020-04-01,0,0
Ramillies,2020-04-02,0,0
Ramillies,2020-04-03,0,0
Ramillies,2020-04-04,0,0
Ramillies,2020-04-05,5,5
Ramillies,2020-04-06,0,5
Ramillies,2020-04-07,0,5
Ramillies,2020-04-08,0,5
Ramillies,2020-04-09,0,5
Ramillies,2020-04-10,0,5
Ramillies,2020-04-11,0,5
Ramillies,2020-04-12,1,6
Ramillies,2020-04-13,0,6
Ramillies,2020-04-14,0,6
Ramillies,2020-04-15,1,7
Ramillies,2020-04-16,0,7
Ramillies,2020-04-17,0,7
Ramillies,2020-04-18,0,7
Ramillies,2020-04-19,0,7
Ramillies,2020-04-20,0,7
Ramillies,2020-04-21,0,7
Ramillies,2020-04-22,0,7
Ramillies,2020-04-23,1,8
Ramillies,2020-04-24,0,8
Ramillies,2020-04-25,-1,7
Ramillies,2020-04-26,1,8
Ramillies,2020-04-27,0,8
Ramillies,2020-04-28,0,8
Ramillies,2020-04-29,0,8
Ramillies,2020-04-30,0,8
Ramillies,2020-05-01,0,8
Ramillies,2020-05-02,0,8
Ramillies,2020-05-03,0,8
Ramillies,2020-05-04,0,8
Ramillies,2020-05-05,0,8
Ramillies,2020-05-06,0,8
Ramillies,2020-05-07,0,8
Ramillies,2020-05-08,0,8
Ramillies,2020-05-09,0,8
Ramillies,2020-05-10,0,8
Ramillies,2020-05-11,0,8
Ramillies,2020-05-12,0,8
Ramillies,2020-05-13,0,8
Ramillies,2020-05-14,0,8
Ramillies,2020-05-15,0,8
Ramillies,2020-05-16,0,8
Ramillies,2020-05-17,0,8
Ramillies,2020-05-18,0,8
Ramillies,2020-05-19,0,8
Ramillies,2020-05-20,0,8
Ramillies,2020-05-21,0,8
Ramillies,2020-05-22,0,8
Ramillies,2020-05-23,0,8
Ramillies,2020-05-24,0,8
Ramillies,2020-05-25,0,8
Ramillies,2020-05-26,0,8
Ramillies,2020-05-27,0,8
Ramillies,2020-05-28,0,8
Ramillies,2020-05-29,0,8
Ramillies,2020-05-30,0,8
Ramillies,2020-05-31,0,8
Ramillies,2020-06-01,0,8
Ramillies,2020-06-02,0,8
Ramillies,2020-06-03,0,8
Ramillies,2020-06-04,0,8
Ramillies,2020-06-05,0,8
Ramillies,2020-06-06,0,8
Ramillies,2020-06-07,0,8
Ramillies,2020-06-08,0,8
Ramillies,2020-06-09,0,8
Ramillies,2020-06-10,0,8
Ramillies,2020-06-11,0,8
Ramillies,2020-06-12,0,8
Ramillies,2020-06-13,0,8
Ramillies,2020-06-14,0,8
Ramillies,2020-06-15,0,8
Ramillies,2020-06-16,0,8
Ramillies,2020-06-17,0,8
Ramillies,2020-06-18,0,8
Ramillies,2020-06-19,0,8
Ramillies,2020-06-20,0,8
Ramillies,2020-06-23,0,8
Ramillies,2020-06-24,0,8
Ramillies,2020-06-25,0,8
Ramillies,2020-06-26,0,8
Ramillies,2020-06-27,0,8
Ramillies,2020-06-30,0,8
Ramillies,2020-07-01,0,8
Ramillies,2020-07-02,0,8
Ramillies,2020-07-03,0,8
Ramillies,2020-07-04,0,8
Ramillies,2020-07-07,0,8
Ramillies,2020-07-08,0,8
Ramillies,2020-07-09,0,8
Ramillies,2020-07-10,0,8
Ramillies,2020-07-11,0,8
Ramillies,2020-07-14,0,8
Ramillies,2020-07-15,0,8
Ramillies,2020-07-16,0,8
Ramillies,2020-07-17,0,8
Ramillies,2020-07-18,0,8
Ramillies,2020-07-20,0,8
Ramillies,2020-07-21,0,8
Ramillies,2020-07-22,0,8
Ramillies,2020-07-23,0,8
Ramillies,2020-07-24,0,8
Ramillies,2020-07-25,0,8
Ramillies,2020-07-26,0,8
Ramillies,2020-07-27,0,8
Ramillies,2020-07-28,0,8
Ramillies,2020-07-29,0,8
Ramillies,2020-07-30,0,8
Ramillies,2020-07-31,0,8
Rebecq,2020-04-01,1,10
Rebecq,2020-04-02,3,13
Rebecq,2020-04-03,2,15
Rebecq,2020-04-04,2,17
Rebecq,2020-04-05,8,25
Rebecq,2020-04-06,3,28
Rebecq,2020-04-07,0,28
Rebecq,2020-04-08,2,30
Rebecq,2020-04-09,5,35
Rebecq,2020-04-10,2,37
Rebecq,2020-04-11,2,39
Rebecq,2020-04-12,0,39
Rebecq,2020-04-13,0,39
Rebecq,2020-04-14,0,39
Rebecq,2020-04-15,6,45
Rebecq,2020-04-16,1,46
Rebecq,2020-04-17,0,46
Rebecq,2020-04-18,0,46
Rebecq,2020-04-19,2,48
Rebecq,2020-04-20,0,48
Rebecq,2020-04-21,0,48
Rebecq,2020-04-22,1,49
Rebecq,2020-04-23,1,50
Rebecq,2020-04-24,0,50
Rebecq,2020-04-25,3,53
Rebecq,2020-04-26,1,54
Rebecq,2020-04-27,2,56
Rebecq,2020-04-28,1,57
Rebecq,2020-04-29,3,60
Rebecq,2020-04-30,1,61
Rebecq,2020-05-01,0,61
Rebecq,2020-05-02,0,61
Rebecq,2020-05-03,0,61
Rebecq,2020-05-04,0,61
Rebecq,2020-05-05,0,61
Rebecq,2020-05-06,0,61
Rebecq,2020-05-07,0,61
Rebecq,2020-05-08,0,61
Rebecq,2020-05-09,1,62
Rebecq,2020-05-10,0,62
Rebecq,2020-05-11,0,62
Rebecq,2020-05-12,0,62
Rebecq,2020-05-13,0,62
Rebecq,2020-05-14,1,63
Rebecq,2020-05-15,0,63
Rebecq,2020-05-16,1,64
Rebecq,2020-05-17,0,64
Rebecq,2020-05-18,0,64
Rebecq,2020-05-19,0,64
Rebecq,2020-05-20,0,64
Rebecq,2020-05-21,0,64
Rebecq,2020-05-22,0,64
Rebecq,2020-05-23,0,64
Rebecq,2020-05-24,0,64
Rebecq,2020-05-25,0,64
Rebecq,2020-05-26,1,65
Rebecq,2020-05-27,0,65
Rebecq,2020-05-28,0,65
Rebecq,2020-05-29,0,65
Rebecq,2020-05-30,0,65
Rebecq,2020-05-31,0,65
Rebecq,2020-06-01,0,65
Rebecq,2020-06-02,0,65
Rebecq,2020-06-03,0,65
Rebecq,2020-06-04,0,65
Rebecq,2020-06-05,2,67
Rebecq,2020-06-06,0,67
Rebecq,2020-06-07,0,67
Rebecq,2020-06-08,0,67
Rebecq,2020-06-09,0,67
Rebecq,2020-06-10,0,67
Rebecq,2020-06-11,0,67
Rebecq,2020-06-12,0,67
Rebecq,2020-06-13,0,67
Rebecq,2020-06-14,1,68
Rebecq,2020-06-15,0,68
Rebecq,2020-06-16,0,68
Rebecq,2020-06-17,0,68
Rebecq,2020-06-18,1,69
Rebecq,2020-06-19,1,70
Rebecq,2020-06-20,0,70
Rebecq,2020-06-23,0,70
Rebecq,2020-06-24,0,70
Rebecq,2020-06-25,0,70
Rebecq,2020-06-26,0,70
Rebecq,2020-06-27,0,70
Rebecq,2020-06-30,1,71
Rebecq,2020-07-01,0,71
Rebecq,2020-07-02,0,71
Rebecq,2020-07-03,0,71
Rebecq,2020-07-04,0,71
Rebecq,2020-07-07,0,71
Rebecq,2020-07-08,0,71
Rebecq,2020-07-09,0,71
Rebecq,2020-07-10,0,71
Rebecq,2020-07-11,1,72
Rebecq,2020-07-14,0,72
Rebecq,2020-07-15,0,72
Rebecq,2020-07-16,0,72
Rebecq,2020-07-17,0,72
Rebecq,2020-07-18,0,72
Rebecq,2020-07-20,0,72
Rebecq,2020-07-21,0,72
Rebecq,2020-07-22,0,72
Rebecq,2020-07-23,0,72
Rebecq,2020-07-24,0,72
Rebecq,2020-07-25,0,72
Rebecq,2020-07-26,0,72
Rebecq,2020-07-27,0,72
Rebecq,2020-07-28,1,73
Rebecq,2020-07-29,0,73
Rebecq,2020-07-30,0,73
Rebecq,2020-07-31,1,74
Walhain,2020-04-01,0,6
Walhain,2020-04-02,0,6
Walhain,2020-04-03,1,7
Walhain,2020-04-04,2,9
Walhain,2020-04-05,0,9
Walhain,2020-04-06,0,9
Walhain,2020-04-07,1,10
Walhain,2020-04-08,0,10
Walhain,2020-04-09,1,11
Walhain,2020-04-10,1,12
Walhain,2020-04-11,1,13
Walhain,2020-04-12,0,13
Walhain,2020-04-13,0,13
Walhain,2020-04-14,0,13
Walhain,2020-04-15,1,14
Walhain,2020-04-16,0,14
Walhain,2020-04-17,0,14
Walhain,2020-04-18,0,14
Walhain,2020-04-19,0,14
Walhain,2020-04-20,0,14
Walhain,2020-04-21,0,14
Walhain,2020-04-22,0,14
Walhain,2020-04-23,1,15
Walhain,2020-04-24,0,15
Walhain,2020-04-25,1,16
Walhain,2020-04-26,0,16
Walhain,2020-04-27,0,16
Walhain,2020-04-28,0,16
Walhain,2020-04-29,0,16
Walhain,2020-04-30,0,16
Walhain,2020-05-01,0,16
Walhain,2020-05-02,0,16
Walhain,2020-05-03,0,16
Walhain,2020-05-04,0,16
Walhain,2020-05-05,0,16
Walhain,2020-05-06,0,16
Walhain,2020-05-07,0,16
Walhain,2020-05-08,0,16
Walhain,2020-05-09,0,16
Walhain,2020-05-10,0,16
Walhain,2020-05-11,0,16
Walhain,2020-05-12,0,16
Walhain,2020-05-13,0,16
Walhain,2020-05-14,0,16
Walhain,2020-05-15,0,16
Walhain,2020-05-16,1,17
Walhain,2020-05-17,0,17
Walhain,2020-05-18,0,17
Walhain,2020-05-19,0,17
Walhain,2020-05-20,0,17
Walhain,2020-05-21,0,17
Walhain,2020-05-22,1,18
Walhain,2020-05-23,0,18
Walhain,2020-05-24,0,18
Walhain,2020-05-25,0,18
Walhain,2020-05-26,0,18
Walhain,2020-05-27,0,18
Walhain,2020-05-28,0,18
Walhain,2020-05-29,0,18
Walhain,2020-05-30,0,18
Walhain,2020-05-31,0,18
Walhain,2020-06-01,0,18
Walhain,2020-06-02,0,18
Walhain,2020-06-03,0,18
Walhain,2020-06-04,0,18
Walhain,2020-06-05,0,18
Walhain,2020-06-06,0,18
Walhain,2020-06-07,0,18
Walhain,2020-06-08,0,18
Walhain,2020-06-09,0,18
Walhain,2020-06-10,0,18
Walhain,2020-06-11,0,18
Walhain,2020-06-12,0,18
Walhain,2020-06-13,0,18
Walhain,2020-06-14,0,18
Walhain,2020-06-15,0,18
Walhain,2020-06-16,0,18
Walhain,2020-06-17,0,18
Walhain,2020-06-18,0,18
Walhain,2020-06-19,0,18
Walhain,2020-06-20,0,18
Walhain,2020-06-23,1,19
Walhain,2020-06-24,0,19
Walhain,2020-06-25,0,19
Walhain,2020-06-26,1,20
Walhain,2020-06-27,0,20
Walhain,2020-06-30,0,20
Walhain,2020-07-01,0,20
Walhain,2020-07-02,0,20
Walhain,2020-07-03,0,20
Walhain,2020-07-04,0,20
Walhain,2020-07-07,0,20
Walhain,2020-07-08,0,20
Walhain,2020-07-09,0,20
Walhain,2020-07-10,0,20
Walhain,2020-07-11,0,20
Walhain,2020-07-14,0,20
Walhain,2020-07-15,0,20
Walhain,2020-07-16,0,20
Walhain,2020-07-17,0,20
Walhain,2020-07-18,0,20
Walhain,2020-07-20,0,20
Walhain,2020-07-21,0,20
Walhain,2020-07-22,0,20
Walhain,2020-07-23,0,20
Walhain,2020-07-24,0,20
Walhain,2020-07-25,0,20
Walhain,2020-07-26,0,20
Walhain,2020-07-27,0,20
Walhain,2020-07-28,1,21
Walhain,2020-07-29,0,21
Walhain,2020-07-30,0,21
Walhain,2020-07-31,0,21
Beernem,2020-04-01,1,14
Beernem,2020-04-02,0,14
Beernem,2020-04-03,1,15
Beernem,2020-04-04,4,19
Beernem,2020-04-05,3,22
Beernem,2020-04-06,4,26
Beernem,2020-04-07,1,27
Beernem,2020-04-08,1,28
Beernem,2020-04-09,5,33
Beernem,2020-04-10,1,34
Beernem,2020-04-11,4,38
Beernem,2020-04-12,3,41
Beernem,2020-04-13,4,45
Beernem,2020-04-14,2,47
Beernem,2020-04-15,4,51
Beernem,2020-04-16,2,53
Beernem,2020-04-17,6,59
Beernem,2020-04-18,1,60
Beernem,2020-04-19,4,64
Beernem,2020-04-20,1,65
Beernem,2020-04-21,3,68
Beernem,2020-04-22,2,70
Beernem,2020-04-23,2,72
Beernem,2020-04-24,15,87
Beernem,2020-04-25,5,92
Beernem,2020-04-26,3,95
Beernem,2020-04-27,0,95
Beernem,2020-04-28,1,96
Beernem,2020-04-29,0,96
Beernem,2020-04-30,0,96
Beernem,2020-05-01,3,99
Beernem,2020-05-02,2,101
Beernem,2020-05-03,0,101
Beernem,2020-05-04,0,101
Beernem,2020-05-05,0,101
Beernem,2020-05-06,0,101
Beernem,2020-05-07,0,101
Beernem,2020-05-08,0,101
Beernem,2020-05-09,5,106
Beernem,2020-05-10,4,110
Beernem,2020-05-11,2,112
Beernem,2020-05-12,2,114
Beernem,2020-05-13,1,115
Beernem,2020-05-14,1,116
Beernem,2020-05-15,1,117
Beernem,2020-05-16,0,117
Beernem,2020-05-17,0,117
Beernem,2020-05-18,0,117
Beernem,2020-05-19,2,119
Beernem,2020-05-20,1,120
Beernem,2020-05-21,0,120
Beernem,2020-05-22,0,120
Beernem,2020-05-23,1,121
Beernem,2020-05-24,1,122
Beernem,2020-05-25,0,122
Beernem,2020-05-26,0,122
Beernem,2020-05-27,0,122
Beernem,2020-05-28,0,122
Beernem,2020-05-29,1,123
Beernem,2020-05-30,0,123
Beernem,2020-05-31,0,123
Beernem,2020-06-01,0,123
Beernem,2020-06-02,0,123
Beernem,2020-06-03,0,123
Beernem,2020-06-04,0,123
Beernem,2020-06-05,0,123
Beernem,2020-06-06,0,123
Beernem,2020-06-07,0,123
Beernem,2020-06-08,0,123
Beernem,2020-06-09,0,123
Beernem,2020-06-10,0,123
Beernem,2020-06-11,0,123
Beernem,2020-06-12,0,123
Beernem,2020-06-13,0,123
Beernem,2020-06-14,0,123
Beernem,2020-06-15,0,123
Beernem,2020-06-16,0,123
Beernem,2020-06-17,0,123
Beernem,2020-06-18,0,123
Beernem,2020-06-19,1,124
Beernem,2020-06-20,0,124
Beernem,2020-06-23,0,124
Beernem,2020-06-24,0,124
Beernem,2020-06-25,0,124
Beernem,2020-06-26,0,124
Beernem,2020-06-27,0,124
Beernem,2020-06-30,0,124
Beernem,2020-07-01,0,124
Beernem,2020-07-02,0,124
Beernem,2020-07-03,1,125
Beernem,2020-07-04,0,125
Beernem,2020-07-07,0,125
Beernem,2020-07-08,1,126
Beernem,2020-07-09,0,126
Beernem,2020-07-10,0,126
Beernem,2020-07-11,2,128
Beernem,2020-07-14,0,128
Beernem,2020-07-15,0,128
Beernem,2020-07-16,0,128
Beernem,2020-07-17,0,128
Beernem,2020-07-18,1,129
Beernem,2020-07-20,0,129
Beernem,2020-07-21,0,129
Beernem,2020-07-22,0,129
Beernem,2020-07-23,0,129
Beernem,2020-07-24,0,129
Beernem,2020-07-25,0,129
Beernem,2020-07-26,0,129
Beernem,2020-07-27,0,129
Beernem,2020-07-28,0,129
Beernem,2020-07-29,0,129
Beernem,2020-07-30,0,129
Beernem,2020-07-31,0,129
Blankenberge,2020-04-01,1,24
Blankenberge,2020-04-02,2,26
Blankenberge,2020-04-03,2,28
Blankenberge,2020-04-04,1,29
Blankenberge,2020-04-05,0,29
Blankenberge,2020-04-06,1,30
Blankenberge,2020-04-07,1,31
Blankenberge,2020-04-08,0,31
Blankenberge,2020-04-09,2,33
Blankenberge,2020-04-10,2,35
Blankenberge,2020-04-11,4,39
Blankenberge,2020-04-12,0,39
Blankenberge,2020-04-13,0,39
Blankenberge,2020-04-14,1,40
Blankenberge,2020-04-15,2,42
Blankenberge,2020-04-16,2,44
Blankenberge,2020-04-17,0,44
Blankenberge,2020-04-18,1,45
Blankenberge,2020-04-19,1,46
Blankenberge,2020-04-20,0,46
Blankenberge,2020-04-21,2,48
Blankenberge,2020-04-22,1,49
Blankenberge,2020-04-23,0,49
Blankenberge,2020-04-24,0,49
Blankenberge,2020-04-25,1,50
Blankenberge,2020-04-26,0,50
Blankenberge,2020-04-27,0,50
Blankenberge,2020-04-28,0,50
Blankenberge,2020-04-29,0,50
Blankenberge,2020-04-30,0,50
Blankenberge,2020-05-01,0,50
Blankenberge,2020-05-02,0,50
Blankenberge,2020-05-03,0,50
Blankenberge,2020-05-04,0,50
Blankenberge,2020-05-05,0,50
Blankenberge,2020-05-06,0,50
Blankenberge,2020-05-07,0,50
Blankenberge,2020-05-08,0,50
Blankenberge,2020-05-09,1,51
Blankenberge,2020-05-10,0,51
Blankenberge,2020-05-11,0,51
Blankenberge,2020-05-12,0,51
Blankenberge,2020-05-13,0,51
Blankenberge,2020-05-14,0,51
Blankenberge,2020-05-15,0,51
Blankenberge,2020-05-16,0,51
Blankenberge,2020-05-17,0,51
Blankenberge,2020-05-18,0,51
Blankenberge,2020-05-19,0,51
Blankenberge,2020-05-20,0,51
Blankenberge,2020-05-21,0,51
Blankenberge,2020-05-22,0,51
Blankenberge,2020-05-23,0,51
Blankenberge,2020-05-24,0,51
Blankenberge,2020-05-25,0,51
Blankenberge,2020-05-26,0,51
Blankenberge,2020-05-27,1,52
Blankenberge,2020-05-28,0,52
Blankenberge,2020-05-29,2,54
Blankenberge,2020-05-30,0,54
Blankenberge,2020-05-31,0,54
Blankenberge,2020-06-01,0,54
Blankenberge,2020-06-02,0,54
Blankenberge,2020-06-03,0,54
Blankenberge,2020-06-04,0,54
Blankenberge,2020-06-05,0,54
Blankenberge,2020-06-06,0,54
Blankenberge,2020-06-07,0,54
Blankenberge,2020-06-08,0,54
Blankenberge,2020-06-09,0,54
Blankenberge,2020-06-10,0,54
Blankenberge,2020-06-11,0,54
Blankenberge,2020-06-12,0,54
Blankenberge,2020-06-13,0,54
Blankenberge,2020-06-14,0,54
Blankenberge,2020-06-15,0,54
Blankenberge,2020-06-16,0,54
Blankenberge,2020-06-17,0,54
Blankenberge,2020-06-18,0,54
Blankenberge,2020-06-19,0,54
Blankenberge,2020-06-20,0,54
Blankenberge,2020-06-23,1,55
Blankenberge,2020-06-24,0,55
Blankenberge,2020-06-25,0,55
Blankenberge,2020-06-26,1,56
Blankenberge,2020-06-27,0,56
Blankenberge,2020-06-30,0,56
Blankenberge,2020-07-01,0,56
Blankenberge,2020-07-02,0,56
Blankenberge,2020-07-03,0,56
Blankenberge,2020-07-04,0,56
Blankenberge,2020-07-07,0,56
Blankenberge,2020-07-08,0,56
Blankenberge,2020-07-09,0,56
Blankenberge,2020-07-10,0,56
Blankenberge,2020-07-11,0,56
Blankenberge,2020-07-14,1,57
Blankenberge,2020-07-15,0,57
Blankenberge,2020-07-16,0,57
Blankenberge,2020-07-17,0,57
Blankenberge,2020-07-18,0,57
Blankenberge,2020-07-20,0,57
Blankenberge,2020-07-21,0,57
Blankenberge,2020-07-22,0,57
Blankenberge,2020-07-23,1,58
Blankenberge,2020-07-24,1,59
Blankenberge,2020-07-25,0,59
Blankenberge,2020-07-26,1,60
Blankenberge,2020-07-27,0,60
Blankenberge,2020-07-28,0,60
Blankenberge,2020-07-29,0,60
Blankenberge,2020-07-30,1,61
Blankenberge,2020-07-31,0,61
Brugge,2020-04-01,13,119
Brugge,2020-04-02,8,127
Brugge,2020-04-03,11,138
Brugge,2020-04-04,13,151
Brugge,2020-04-05,27,178
Brugge,2020-04-06,10,188
Brugge,2020-04-07,10,198
Brugge,2020-04-08,5,203
Brugge,2020-04-09,11,214
Brugge,2020-04-10,9,223
Brugge,2020-04-11,8,231
Brugge,2020-04-12,22,253
Brugge,2020-04-13,3,256
Brugge,2020-04-14,7,263
Brugge,2020-04-15,75,338
Brugge,2020-04-16,37,375
Brugge,2020-04-17,8,383
Brugge,2020-04-18,6,389
Brugge,2020-04-19,27,416
Brugge,2020-04-20,10,426
Brugge,2020-04-21,7,433
Brugge,2020-04-22,21,454
Brugge,2020-04-23,16,470
Brugge,2020-04-24,18,488
Brugge,2020-04-25,8,496
Brugge,2020-04-26,16,512
Brugge,2020-04-27,0,512
Brugge,2020-04-28,3,515
Brugge,2020-04-29,14,529
Brugge,2020-04-30,5,534
Brugge,2020-05-01,3,537
Brugge,2020-05-02,10,547
Brugge,2020-05-03,5,552
Brugge,2020-05-04,0,552
Brugge,2020-05-05,5,557
Brugge,2020-05-06,2,559
Brugge,2020-05-07,19,578
Brugge,2020-05-08,8,586
Brugge,2020-05-09,46,632
Brugge,2020-05-10,10,642
Brugge,2020-05-11,9,651
Brugge,2020-05-12,0,651
Brugge,2020-05-13,3,654
Brugge,2020-05-14,5,659
Brugge,2020-05-15,6,665
Brugge,2020-05-16,5,670
Brugge,2020-05-17,7,677
Brugge,2020-05-18,1,678
Brugge,2020-05-19,5,683
Brugge,2020-05-20,2,685
Brugge,2020-05-21,1,686
Brugge,2020-05-22,6,692
Brugge,2020-05-23,1,693
Brugge,2020-05-24,9,702
Brugge,2020-05-25,8,710
Brugge,2020-05-26,1,711
Brugge,2020-05-27,3,714
Brugge,2020-05-28,4,718
Brugge,2020-05-29,3,721
Brugge,2020-05-30,1,722
Brugge,2020-05-31,3,725
Brugge,2020-06-01,2,727
Brugge,2020-06-02,1,728
Brugge,2020-06-03,0,728
Brugge,2020-06-04,0,728
Brugge,2020-06-05,2,730
Brugge,2020-06-06,2,732
Brugge,2020-06-07,1,733
Brugge,2020-06-08,3,736
Brugge,2020-06-09,0,736
Brugge,2020-06-10,2,738
Brugge,2020-06-11,1,739
Brugge,2020-06-12,1,740
Brugge,2020-06-13,1,741
Brugge,2020-06-14,1,742
Brugge,2020-06-15,0,742
Brugge,2020-06-16,0,742
Brugge,2020-06-17,0,742
Brugge,2020-06-18,1,743
Brugge,2020-06-19,4,747
Brugge,2020-06-20,3,750
Brugge,2020-06-23,6,756
Brugge,2020-06-24,1,757
Brugge,2020-06-25,0,757
Brugge,2020-06-26,4,761
Brugge,2020-06-27,2,763
Brugge,2020-06-30,4,767
Brugge,2020-07-01,2,769
Brugge,2020-07-02,2,771
Brugge,2020-07-03,0,771
Brugge,2020-07-04,0,771
Brugge,2020-07-07,0,771
Brugge,2020-07-08,0,771
Brugge,2020-07-09,0,771
Brugge,2020-07-10,0,771
Brugge,2020-07-11,0,771
Brugge,2020-07-14,5,776
Brugge,2020-07-15,2,778
Brugge,2020-07-16,0,778
Brugge,2020-07-17,1,779
Brugge,2020-07-18,0,779
Brugge,2020-07-20,1,780
Brugge,2020-07-21,1,781
Brugge,2020-07-22,2,783
Brugge,2020-07-23,0,783
Brugge,2020-07-24,1,784
Brugge,2020-07-25,2,786
Brugge,2020-07-26,4,790
Brugge,2020-07-27,1,791
Brugge,2020-07-28,0,791
Brugge,2020-07-29,2,793
Brugge,2020-07-30,0,793
Brugge,2020-07-31,2,795
Damme,2020-04-01,1,25
Damme,2020-04-02,3,28
Damme,2020-04-03,4,32
Damme,2020-04-04,4,36
Damme,2020-04-05,2,38
Damme,2020-04-06,1,39
Damme,2020-04-07,0,39
Damme,2020-04-08,0,39
Damme,2020-04-09,1,40
Damme,2020-04-10,2,42
Damme,2020-04-11,3,45
Damme,2020-04-12,2,47
Damme,2020-04-13,0,47
Damme,2020-04-14,0,47
Damme,2020-04-15,3,50
Damme,2020-04-16,2,52
Damme,2020-04-17,0,52
Damme,2020-04-18,2,54
Damme,2020-04-19,11,65
Damme,2020-04-20,1,66
Damme,2020-04-21,1,67
Damme,2020-04-22,0,67
Damme,2020-04-23,2,69
Damme,2020-04-24,1,70
Damme,2020-04-25,0,70
Damme,2020-04-26,1,71
Damme,2020-04-27,0,71
Damme,2020-04-28,0,71
Damme,2020-04-29,1,72
Damme,2020-04-30,1,73
Damme,2020-05-01,1,74
Damme,2020-05-02,0,74
Damme,2020-05-03,0,74
Damme,2020-05-04,0,74
Damme,2020-05-05,0,74
Damme,2020-05-06,0,74
Damme,2020-05-07,2,76
Damme,2020-05-08,1,77
Damme,2020-05-09,0,77
Damme,2020-05-10,0,77
Damme,2020-05-11,0,77
Damme,2020-05-12,0,77
Damme,2020-05-13,0,77
Damme,2020-05-14,0,77
Damme,2020-05-15,0,77
Damme,2020-05-16,0,77
Damme,2020-05-17,0,77
Damme,2020-05-18,0,77
Damme,2020-05-19,1,78
Damme,2020-05-20,0,78
Damme,2020-05-21,0,78
Damme,2020-05-22,0,78
Damme,2020-05-23,0,78
Damme,2020-05-24,0,78
Damme,2020-05-25,0,78
Damme,2020-05-26,0,78
Damme,2020-05-27,0,78
Damme,2020-05-28,0,78
Damme,2020-05-29,0,78
Damme,2020-05-30,0,78
Damme,2020-05-31,0,78
Damme,2020-06-01,0,78
Damme,2020-06-02,0,78
Damme,2020-06-03,0,78
Damme,2020-06-04,0,78
Damme,2020-06-05,0,78
Damme,2020-06-06,1,79
Damme,2020-06-07,0,79
Damme,2020-06-08,0,79
Damme,2020-06-09,0,79
Damme,2020-06-10,0,79
Damme,2020-06-11,0,79
Damme,2020-06-12,0,79
Damme,2020-06-13,0,79
Damme,2020-06-14,0,79
Damme,2020-06-15,0,79
Damme,2020-06-16,0,79
Damme,2020-06-17,0,79
Damme,2020-06-18,0,79
Damme,2020-06-19,0,79
Damme,2020-06-20,0,79
Damme,2020-06-23,1,80
Damme,2020-06-24,0,80
Damme,2020-06-25,0,80
Damme,2020-06-26,1,81
Damme,2020-06-27,0,81
Damme,2020-06-30,0,81
Damme,2020-07-01,0,81
Damme,2020-07-02,0,81
Damme,2020-07-03,0,81
Damme,2020-07-04,0,81
Damme,2020-07-07,1,82
Damme,2020-07-08,0,82
Damme,2020-07-09,0,82
Damme,2020-07-10,0,82
Damme,2020-07-11,0,82
Damme,2020-07-14,1,83
Damme,2020-07-15,0,83
Damme,2020-07-16,0,83
Damme,2020-07-17,0,83
Damme,2020-07-18,0,83
Damme,2020-07-20,0,83
Damme,2020-07-21,0,83
Damme,2020-07-22,0,83
Damme,2020-07-23,0,83
Damme,2020-07-24,0,83
Damme,2020-07-25,0,83
Damme,2020-07-26,0,83
Damme,2020-07-27,0,83
Damme,2020-07-28,0,83
Damme,2020-07-29,0,83
Damme,2020-07-30,1,84
Damme,2020-07-31,0,84
Jabbeke,2020-04-01,0,15
Jabbeke,2020-04-02,1,16
Jabbeke,2020-04-03,0,16
Jabbeke,2020-04-04,1,17
Jabbeke,2020-04-05,1,18
Jabbeke,2020-04-06,0,18
Jabbeke,2020-04-07,3,21
Jabbeke,2020-04-08,1,22
Jabbeke,2020-04-09,0,22
Jabbeke,2020-04-10,1,23
Jabbeke,2020-04-11,0,23
Jabbeke,2020-04-12,2,25
Jabbeke,2020-04-13,1,26
Jabbeke,2020-04-14,0,26
Jabbeke,2020-04-15,2,28
Jabbeke,2020-04-16,2,30
Jabbeke,2020-04-17,0,30
Jabbeke,2020-04-18,0,30
Jabbeke,2020-04-19,0,30
Jabbeke,2020-04-20,1,31
Jabbeke,2020-04-21,0,31
Jabbeke,2020-04-22,1,32
Jabbeke,2020-04-23,0,32
Jabbeke,2020-04-24,0,32
Jabbeke,2020-04-25,0,32
Jabbeke,2020-04-26,0,32
Jabbeke,2020-04-27,0,32
Jabbeke,2020-04-28,1,33
Jabbeke,2020-04-29,1,34
Jabbeke,2020-04-30,1,35
Jabbeke,2020-05-01,0,35
Jabbeke,2020-05-02,3,38
Jabbeke,2020-05-03,0,38
Jabbeke,2020-05-04,0,38
Jabbeke,2020-05-05,0,38
Jabbeke,2020-05-06,1,39
Jabbeke,2020-05-07,0,39
Jabbeke,2020-05-08,0,39
Jabbeke,2020-05-09,3,42
Jabbeke,2020-05-10,1,43
Jabbeke,2020-05-11,0,43
Jabbeke,2020-05-12,0,43
Jabbeke,2020-05-13,0,43
Jabbeke,2020-05-14,1,44
Jabbeke,2020-05-15,0,44
Jabbeke,2020-05-16,1,45
Jabbeke,2020-05-17,0,45
Jabbeke,2020-05-18,1,46
Jabbeke,2020-05-19,1,47
Jabbeke,2020-05-20,0,47
Jabbeke,2020-05-21,0,47
Jabbeke,2020-05-22,0,47
Jabbeke,2020-05-23,0,47
Jabbeke,2020-05-24,0,47
Jabbeke,2020-05-25,1,48
Jabbeke,2020-05-26,0,48
Jabbeke,2020-05-27,0,48
Jabbeke,2020-05-28,1,49
Jabbeke,2020-05-29,0,49
Jabbeke,2020-05-30,0,49
Jabbeke,2020-05-31,1,50
Jabbeke,2020-06-01,0,50
Jabbeke,2020-06-02,0,50
Jabbeke,2020-06-03,0,50
Jabbeke,2020-06-04,0,50
Jabbeke,2020-06-05,0,50
Jabbeke,2020-06-06,0,50
Jabbeke,2020-06-07,0,50
Jabbeke,2020-06-08,0,50
Jabbeke,2020-06-09,0,50
Jabbeke,2020-06-10,0,50
Jabbeke,2020-06-11,1,51
Jabbeke,2020-06-12,0,51
Jabbeke,2020-06-13,0,51
Jabbeke,2020-06-14,0,51
Jabbeke,2020-06-15,0,51
Jabbeke,2020-06-16,0,51
Jabbeke,2020-06-17,0,51
Jabbeke,2020-06-18,0,51
Jabbeke,2020-06-19,0,51
Jabbeke,2020-06-20,1,52
Jabbeke,2020-06-23,0,52
Jabbeke,2020-06-24,1,53
Jabbeke,2020-06-25,0,53
Jabbeke,2020-06-26,0,53
Jabbeke,2020-06-27,0,53
Jabbeke,2020-06-30,0,53
Jabbeke,2020-07-01,0,53
Jabbeke,2020-07-02,0,53
Jabbeke,2020-07-03,0,53
Jabbeke,2020-07-04,0,53
Jabbeke,2020-07-07,0,53
Jabbeke,2020-07-08,0,53
Jabbeke,2020-07-09,1,54
Jabbeke,2020-07-10,0,54
Jabbeke,2020-07-11,0,54
Jabbeke,2020-07-14,0,54
Jabbeke,2020-07-15,0,54
Jabbeke,2020-07-16,0,54
Jabbeke,2020-07-17,0,54
Jabbeke,2020-07-18,0,54
Jabbeke,2020-07-20,0,54
Jabbeke,2020-07-21,0,54
Jabbeke,2020-07-22,0,54
Jabbeke,2020-07-23,0,54
Jabbeke,2020-07-24,0,54
Jabbeke,2020-07-25,0,54
Jabbeke,2020-07-26,1,55
Jabbeke,2020-07-27,0,55
Jabbeke,2020-07-28,0,55
Jabbeke,2020-07-29,0,55
Jabbeke,2020-07-30,2,57
Jabbeke,2020-07-31,1,58
Oostkamp,2020-04-01,2,21
Oostkamp,2020-04-02,3,24
Oostkamp,2020-04-03,5,29
Oostkamp,2020-04-04,3,32
Oostkamp,2020-04-05,11,43
Oostkamp,2020-04-06,2,45
Oostkamp,2020-04-07,6,51
Oostkamp,2020-04-08,0,51
Oostkamp,2020-04-09,3,54
Oostkamp,2020-04-10,1,55
Oostkamp,2020-04-11,1,56
Oostkamp,2020-04-12,13,69
Oostkamp,2020-04-13,1,70
Oostkamp,2020-04-14,0,70
Oostkamp,2020-04-15,4,74
Oostkamp,2020-04-16,36,110
Oostkamp,2020-04-17,4,114
Oostkamp,2020-04-18,1,115
Oostkamp,2020-04-19,3,118
Oostkamp,2020-04-20,2,120
Oostkamp,2020-04-21,0,120
Oostkamp,2020-04-22,3,123
Oostkamp,2020-04-23,1,124
Oostkamp,2020-04-24,1,125
Oostkamp,2020-04-25,1,126
Oostkamp,2020-04-26,2,128
Oostkamp,2020-04-27,0,128
Oostkamp,2020-04-28,1,129
Oostkamp,2020-04-29,2,131
Oostkamp,2020-04-30,0,131
Oostkamp,2020-05-01,0,131
Oostkamp,2020-05-02,6,137
Oostkamp,2020-05-03,0,137
Oostkamp,2020-05-04,0,137
Oostkamp,2020-05-05,0,137
Oostkamp,2020-05-06,0,137
Oostkamp,2020-05-07,0,137
Oostkamp,2020-05-08,5,142
Oostkamp,2020-05-09,5,147
Oostkamp,2020-05-10,2,149
Oostkamp,2020-05-11,2,151
Oostkamp,2020-05-12,5,156
Oostkamp,2020-05-13,0,156
Oostkamp,2020-05-14,1,157
Oostkamp,2020-05-15,1,158
Oostkamp,2020-05-16,0,158
Oostkamp,2020-05-17,0,158
Oostkamp,2020-05-18,0,158
Oostkamp,2020-05-19,0,158
Oostkamp,2020-05-20,0,158
Oostkamp,2020-05-21,0,158
Oostkamp,2020-05-22,0,158
Oostkamp,2020-05-23,0,158
Oostkamp,2020-05-24,5,163
Oostkamp,2020-05-25,0,163
Oostkamp,2020-05-26,1,164
Oostkamp,2020-05-27,1,165
Oostkamp,2020-05-28,0,165
Oostkamp,2020-05-29,1,166
Oostkamp,2020-05-30,1,167
Oostkamp,2020-05-31,1,168
Oostkamp,2020-06-01,0,168
Oostkamp,2020-06-02,0,168
Oostkamp,2020-06-03,0,168
Oostkamp,2020-06-04,0,168
Oostkamp,2020-06-05,0,168
Oostkamp,2020-06-06,0,168
Oostkamp,2020-06-07,0,168
Oostkamp,2020-06-08,0,168
Oostkamp,2020-06-09,0,168
Oostkamp,2020-06-10,1,169
Oostkamp,2020-06-11,2,171
Oostkamp,2020-06-12,1,172
Oostkamp,2020-06-13,0,172
Oostkamp,2020-06-14,0,172
Oostkamp,2020-06-15,0,172
Oostkamp,2020-06-16,0,172
Oostkamp,2020-06-17,0,172
Oostkamp,2020-06-18,0,172
Oostkamp,2020-06-19,0,172
Oostkamp,2020-06-20,0,172
Oostkamp,2020-06-23,0,172
Oostkamp,2020-06-24,0,172
Oostkamp,2020-06-25,0,172
Oostkamp,2020-06-26,0,172
Oostkamp,2020-06-27,0,172
Oostkamp,2020-06-30,0,172
Oostkamp,2020-07-01,0,172
Oostkamp,2020-07-02,0,172
Oostkamp,2020-07-03,0,172
Oostkamp,2020-07-04,1,173
Oostkamp,2020-07-07,0,173
Oostkamp,2020-07-08,0,173
Oostkamp,2020-07-09,0,173
Oostkamp,2020-07-10,0,173
Oostkamp,2020-07-11,0,173
Oostkamp,2020-07-14,1,174
Oostkamp,2020-07-15,0,174
Oostkamp,2020-07-16,3,177
Oostkamp,2020-07-17,1,178
Oostkamp,2020-07-18,2,180
Oostkamp,2020-07-20,0,180
Oostkamp,2020-07-21,1,181
Oostkamp,2020-07-22,0,181
Oostkamp,2020-07-23,0,181
Oostkamp,2020-07-24,0,181
Oostkamp,2020-07-25,0,181
Oostkamp,2020-07-26,0,181
Oostkamp,2020-07-27,0,181
Oostkamp,2020-07-28,0,181
Oostkamp,2020-07-29,0,181
Oostkamp,2020-07-30,0,181
Oostkamp,2020-07-31,0,181
Torhout,2020-04-01,2,32
Torhout,2020-04-02,2,34
Torhout,2020-04-03,1,35
Torhout,2020-04-04,4,39
Torhout,2020-04-05,0,39
Torhout,2020-04-06,0,39
Torhout,2020-04-07,1,40
Torhout,2020-04-08,0,40
Torhout,2020-04-09,4,44
Torhout,2020-04-10,1,45
Torhout,2020-04-11,8,53
Torhout,2020-04-12,3,56
Torhout,2020-04-13,1,57
Torhout,2020-04-14,1,58
Torhout,2020-04-15,1,59
Torhout,2020-04-16,2,61
Torhout,2020-04-17,1,62
Torhout,2020-04-18,0,62
Torhout,2020-04-19,1,63
Torhout,2020-04-20,1,64
Torhout,2020-04-21,2,66
Torhout,2020-04-22,5,71
Torhout,2020-04-23,0,71
Torhout,2020-04-24,3,74
Torhout,2020-04-25,1,75
Torhout,2020-04-26,0,75
Torhout,2020-04-27,0,75
Torhout,2020-04-28,0,75
Torhout,2020-04-29,0,75
Torhout,2020-04-30,1,76
Torhout,2020-05-01,0,76
Torhout,2020-05-02,1,77
Torhout,2020-05-03,1,78
Torhout,2020-05-04,0,78
Torhout,2020-05-05,0,78
Torhout,2020-05-06,1,79
Torhout,2020-05-07,0,79
Torhout,2020-05-08,0,79
Torhout,2020-05-09,1,80
Torhout,2020-05-10,1,81
Torhout,2020-05-11,1,82
Torhout,2020-05-12,1,83
Torhout,2020-05-13,2,85
Torhout,2020-05-14,3,88
Torhout,2020-05-15,0,88
Torhout,2020-05-16,11,99
Torhout,2020-05-17,2,101
Torhout,2020-05-18,1,102
Torhout,2020-05-19,3,105
Torhout,2020-05-20,0,105
Torhout,2020-05-21,1,106
Torhout,2020-05-22,3,109
Torhout,2020-05-23,1,110
Torhout,2020-05-24,0,110
Torhout,2020-05-25,2,112
Torhout,2020-05-26,0,112
Torhout,2020-05-27,2,114
Torhout,2020-05-28,2,116
Torhout,2020-05-29,0,116
Torhout,2020-05-30,3,119
Torhout,2020-05-31,0,119
Torhout,2020-06-01,0,119
Torhout,2020-06-02,1,120
Torhout,2020-06-03,0,120
Torhout,2020-06-04,1,121
Torhout,2020-06-05,0,121
Torhout,2020-06-06,1,122
Torhout,2020-06-07,0,122
Torhout,2020-06-08,0,122
Torhout,2020-06-09,0,122
Torhout,2020-06-10,0,122
Torhout,2020-06-11,1,123
Torhout,2020-06-12,0,123
Torhout,2020-06-13,0,123
Torhout,2020-06-14,0,123
Torhout,2020-06-15,0,123
Torhout,2020-06-16,0,123
Torhout,2020-06-17,1,124
Torhout,2020-06-18,0,124
Torhout,2020-06-19,0,124
Torhout,2020-06-20,0,124
Torhout,2020-06-23,0,124
Torhout,2020-06-24,1,125
Torhout,2020-06-25,0,125
Torhout,2020-06-26,0,125
Torhout,2020-06-27,0,125
Torhout,2020-06-30,3,128
Torhout,2020-07-01,0,128
Torhout,2020-07-02,0,128
Torhout,2020-07-03,0,128
Torhout,2020-07-04,1,129
Torhout,2020-07-07,0,129
Torhout,2020-07-08,0,129
Torhout,2020-07-09,0,129
Torhout,2020-07-10,1,130
Torhout,2020-07-11,0,130
Torhout,2020-07-14,1,131
Torhout,2020-07-15,1,132
Torhout,2020-07-16,1,133
Torhout,2020-07-17,4,137
Torhout,2020-07-18,4,141
Torhout,2020-07-20,0,141
Torhout,2020-07-21,7,148
Torhout,2020-07-22,0,148
Torhout,2020-07-23,0,148
Torhout,2020-07-24,4,152
Torhout,2020-07-25,1,153
Torhout,2020-07-26,0,153
Torhout,2020-07-27,0,153
Torhout,2020-07-28,3,156
Torhout,2020-07-29,0,156
Torhout,2020-07-30,1,157
Torhout,2020-07-31,1,158
Zedelgem,2020-04-01,5,19
Zedelgem,2020-04-02,5,24
Zedelgem,2020-04-03,3,27
Zedelgem,2020-04-04,6,33
Zedelgem,2020-04-05,2,35
Zedelgem,2020-04-06,0,35
Zedelgem,2020-04-07,2,37
Zedelgem,2020-04-08,0,37
Zedelgem,2020-04-09,2,39
Zedelgem,2020-04-10,1,40
Zedelgem,2020-04-11,1,41
Zedelgem,2020-04-12,4,45
Zedelgem,2020-04-13,1,46
Zedelgem,2020-04-14,0,46
Zedelgem,2020-04-15,2,48
Zedelgem,2020-04-16,2,50
Zedelgem,2020-04-17,2,52
Zedelgem,2020-04-18,4,56
Zedelgem,2020-04-19,0,56
Zedelgem,2020-04-20,0,56
Zedelgem,2020-04-21,1,57
Zedelgem,2020-04-22,8,65
Zedelgem,2020-04-23,1,66
Zedelgem,2020-04-24,4,70
Zedelgem,2020-04-25,1,71
Zedelgem,2020-04-26,4,75
Zedelgem,2020-04-27,0,75
Zedelgem,2020-04-28,0,75
Zedelgem,2020-04-29,1,76
Zedelgem,2020-04-30,0,76
Zedelgem,2020-05-01,0,76
Zedelgem,2020-05-02,1,77
Zedelgem,2020-05-03,0,77
Zedelgem,2020-05-04,0,77
Zedelgem,2020-05-05,1,78
Zedelgem,2020-05-06,0,78
Zedelgem,2020-05-07,1,79
Zedelgem,2020-05-08,0,79
Zedelgem,2020-05-09,6,85
Zedelgem,2020-05-10,3,88
Zedelgem,2020-05-11,1,89
Zedelgem,2020-05-12,0,89
Zedelgem,2020-05-13,0,89
Zedelgem,2020-05-14,0,89
Zedelgem,2020-05-15,2,91
Zedelgem,2020-05-16,2,93
Zedelgem,2020-05-17,0,93
Zedelgem,2020-05-18,0,93
Zedelgem,2020-05-19,2,95
Zedelgem,2020-05-20,1,96
Zedelgem,2020-05-21,2,98
Zedelgem,2020-05-22,0,98
Zedelgem,2020-05-23,1,99
Zedelgem,2020-05-24,0,99
Zedelgem,2020-05-25,3,102
Zedelgem,2020-05-26,0,102
Zedelgem,2020-05-27,0,102
Zedelgem,2020-05-28,3,105
Zedelgem,2020-05-29,1,106
Zedelgem,2020-05-30,0,106
Zedelgem,2020-05-31,0,106
Zedelgem,2020-06-01,0,106
Zedelgem,2020-06-02,0,106
Zedelgem,2020-06-03,0,106
Zedelgem,2020-06-04,0,106
Zedelgem,2020-06-05,0,106
Zedelgem,2020-06-06,2,108
Zedelgem,2020-06-07,0,108
Zedelgem,2020-06-08,0,108
Zedelgem,2020-06-09,0,108
Zedelgem,2020-06-10,0,108
Zedelgem,2020-06-11,2,110
Zedelgem,2020-06-12,0,110
Zedelgem,2020-06-13,0,110
Zedelgem,2020-06-14,0,110
Zedelgem,2020-06-15,0,110
Zedelgem,2020-06-16,0,110
Zedelgem,2020-06-17,0,110
Zedelgem,2020-06-18,0,110
Zedelgem,2020-06-19,0,110
Zedelgem,2020-06-20,1,111
Zedelgem,2020-06-23,0,111
Zedelgem,2020-06-24,1,112
Zedelgem,2020-06-25,0,112
Zedelgem,2020-06-26,0,112
Zedelgem,2020-06-27,1,113
Zedelgem,2020-06-30,3,116
Zedelgem,2020-07-01,2,118
Zedelgem,2020-07-02,0,118
Zedelgem,2020-07-03,1,119
Zedelgem,2020-07-04,1,120
Zedelgem,2020-07-07,0,120
Zedelgem,2020-07-08,0,120
Zedelgem,2020-07-09,0,120
Zedelgem,2020-07-10,0,120
Zedelgem,2020-07-11,0,120
Zedelgem,2020-07-14,0,120
Zedelgem,2020-07-15,0,120
Zedelgem,2020-07-16,0,120
Zedelgem,2020-07-17,1,121
Zedelgem,2020-07-18,3,124
Zedelgem,2020-07-20,0,124
Zedelgem,2020-07-21,1,125
Zedelgem,2020-07-22,0,125
Zedelgem,2020-07-23,0,125
Zedelgem,2020-07-24,0,125
Zedelgem,2020-07-25,2,127
Zedelgem,2020-07-26,0,127
Zedelgem,2020-07-27,0,127
Zedelgem,2020-07-28,1,128
Zedelgem,2020-07-29,1,129
Zedelgem,2020-07-30,0,129
Zedelgem,2020-07-31,1,130
Knokke-Heist,2020-04-01,2,60
Knokke-Heist,2020-04-02,4,64
Knokke-Heist,2020-04-03,5,69
Knokke-Heist,2020-04-04,6,75
Knokke-Heist,2020-04-05,1,76
Knokke-Heist,2020-04-06,3,79
Knokke-Heist,2020-04-07,0,79
Knokke-Heist,2020-04-08,0,79
Knokke-Heist,2020-04-09,9,88
Knokke-Heist,2020-04-10,11,99
Knokke-Heist,2020-04-11,3,102
Knokke-Heist,2020-04-12,6,108
Knokke-Heist,2020-04-13,5,113
Knokke-Heist,2020-04-14,6,119
Knokke-Heist,2020-04-15,15,134
Knokke-Heist,2020-04-16,4,138
Knokke-Heist,2020-04-17,0,138
Knokke-Heist,2020-04-18,0,138
Knokke-Heist,2020-04-19,1,139
Knokke-Heist,2020-04-20,1,140
Knokke-Heist,2020-04-21,1,141
Knokke-Heist,2020-04-22,1,142
Knokke-Heist,2020-04-23,0,142
Knokke-Heist,2020-04-24,4,146
Knokke-Heist,2020-04-25,0,146
Knokke-Heist,2020-04-26,1,147
Knokke-Heist,2020-04-27,0,147
Knokke-Heist,2020-04-28,0,147
Knokke-Heist,2020-04-29,-2,145
Knokke-Heist,2020-04-30,1,146
Knokke-Heist,2020-05-01,0,146
Knokke-Heist,2020-05-02,2,148
Knokke-Heist,2020-05-03,2,150
Knokke-Heist,2020-05-04,0,150
Knokke-Heist,2020-05-05,0,150
Knokke-Heist,2020-05-06,1,151
Knokke-Heist,2020-05-07,1,152
Knokke-Heist,2020-05-08,3,155
Knokke-Heist,2020-05-09,1,156
Knokke-Heist,2020-05-10,0,156
Knokke-Heist,2020-05-11,1,157
Knokke-Heist,2020-05-12,0,157
Knokke-Heist,2020-05-13,0,157
Knokke-Heist,2020-05-14,0,157
Knokke-Heist,2020-05-15,1,158
Knokke-Heist,2020-05-16,0,158
Knokke-Heist,2020-05-17,2,160
Knokke-Heist,2020-05-18,0,160
Knokke-Heist,2020-05-19,0,160
Knokke-Heist,2020-05-20,0,160
Knokke-Heist,2020-05-21,0,160
Knokke-Heist,2020-05-22,0,160
Knokke-Heist,2020-05-23,0,160
Knokke-Heist,2020-05-24,1,161
Knokke-Heist,2020-05-25,0,161
Knokke-Heist,2020-05-26,0,161
Knokke-Heist,2020-05-27,0,161
Knokke-Heist,2020-05-28,0,161
Knokke-Heist,2020-05-29,1,162
Knokke-Heist,2020-05-30,0,162
Knokke-Heist,2020-05-31,2,164
Knokke-Heist,2020-06-01,0,164
Knokke-Heist,2020-06-02,0,164
Knokke-Heist,2020-06-03,0,164
Knokke-Heist,2020-06-04,0,164
Knokke-Heist,2020-06-05,1,165
Knokke-Heist,2020-06-06,0,165
Knokke-Heist,2020-06-07,0,165
Knokke-Heist,2020-06-08,1,166
Knokke-Heist,2020-06-09,1,167
Knokke-Heist,2020-06-10,0,167
Knokke-Heist,2020-06-11,0,167
Knokke-Heist,2020-06-12,0,167
Knokke-Heist,2020-06-13,0,167
Knokke-Heist,2020-06-14,0,167
Knokke-Heist,2020-06-15,0,167
Knokke-Heist,2020-06-16,0,167
Knokke-Heist,2020-06-17,1,168
Knokke-Heist,2020-06-18,0,168
Knokke-Heist,2020-06-19,0,168
Knokke-Heist,2020-06-20,1,169
Knokke-Heist,2020-06-23,1,170
Knokke-Heist,2020-06-24,0,170
Knokke-Heist,2020-06-25,0,170
Knokke-Heist,2020-06-26,0,170
Knokke-Heist,2020-06-27,0,170
Knokke-Heist,2020-06-30,0,170
Knokke-Heist,2020-07-01,0,170
Knokke-Heist,2020-07-02,0,170
Knokke-Heist,2020-07-03,0,170
Knokke-Heist,2020-07-04,0,170
Knokke-Heist,2020-07-07,0,170
Knokke-Heist,2020-07-08,0,170
Knokke-Heist,2020-07-09,2,172
Knokke-Heist,2020-07-10,0,172
Knokke-Heist,2020-07-11,0,172
Knokke-Heist,2020-07-14,2,174
Knokke-Heist,2020-07-15,0,174
Knokke-Heist,2020-07-16,0,174
Knokke-Heist,2020-07-17,0,174
Knokke-Heist,2020-07-18,0,174
Knokke-Heist,2020-07-20,2,176
Knokke-Heist,2020-07-21,0,176
Knokke-Heist,2020-07-22,0,176
Knokke-Heist,2020-07-23,0,176
Knokke-Heist,2020-07-24,0,176
Knokke-Heist,2020-07-25,0,176
Knokke-Heist,2020-07-26,0,176
Knokke-Heist,2020-07-27,1,177
Knokke-Heist,2020-07-28,0,177
Knokke-Heist,2020-07-29,0,177
Knokke-Heist,2020-07-30,-3,174
Knokke-Heist,2020-07-31,1,175
Diksmuide,2020-04-01,2,18
Diksmuide,2020-04-02,0,18
Diksmuide,2020-04-03,0,18
Diksmuide,2020-04-04,2,20
Diksmuide,2020-04-05,1,21
Diksmuide,2020-04-06,0,21
Diksmuide,2020-04-07,0,21
Diksmuide,2020-04-08,0,21
Diksmuide,2020-04-09,1,22
Diksmuide,2020-04-10,0,22
Diksmuide,2020-04-11,0,22
Diksmuide,2020-04-12,0,22
Diksmuide,2020-04-13,1,23
Diksmuide,2020-04-14,1,24
Diksmuide,2020-04-15,2,26
Diksmuide,2020-04-16,0,26
Diksmuide,2020-04-17,1,27
Diksmuide,2020-04-18,1,28
Diksmuide,2020-04-19,1,29
Diksmuide,2020-04-20,0,29
Diksmuide,2020-04-21,0,29
Diksmuide,2020-04-22,1,30
Diksmuide,2020-04-23,0,30
Diksmuide,2020-04-24,0,30
Diksmuide,2020-04-25,0,30
Diksmuide,2020-04-26,1,31
Diksmuide,2020-04-27,0,31
Diksmuide,2020-04-28,0,31
Diksmuide,2020-04-29,0,31
Diksmuide,2020-04-30,1,32
Diksmuide,2020-05-01,2,34
Diksmuide,2020-05-02,1,35
Diksmuide,2020-05-03,0,35
Diksmuide,2020-05-04,0,35
Diksmuide,2020-05-05,0,35
Diksmuide,2020-05-06,0,35
Diksmuide,2020-05-07,0,35
Diksmuide,2020-05-08,0,35
Diksmuide,2020-05-09,0,35
Diksmuide,2020-05-10,0,35
Diksmuide,2020-05-11,0,35
Diksmuide,2020-05-12,0,35
Diksmuide,2020-05-13,7,42
Diksmuide,2020-05-14,2,44
Diksmuide,2020-05-15,0,44
Diksmuide,2020-05-16,1,45
Diksmuide,2020-05-17,0,45
Diksmuide,2020-05-18,1,46
Diksmuide,2020-05-19,1,47
Diksmuide,2020-05-20,1,48
Diksmuide,2020-05-21,0,48
Diksmuide,2020-05-22,0,48
Diksmuide,2020-05-23,0,48
Diksmuide,2020-05-24,0,48
Diksmuide,2020-05-25,1,49
Diksmuide,2020-05-26,0,49
Diksmuide,2020-05-27,0,49
Diksmuide,2020-05-28,0,49
Diksmuide,2020-05-29,0,49
Diksmuide,2020-05-30,0,49
Diksmuide,2020-05-31,0,49
Diksmuide,2020-06-01,0,49
Diksmuide,2020-06-02,0,49
Diksmuide,2020-06-03,0,49
Diksmuide,2020-06-04,0,49
Diksmuide,2020-06-05,0,49
Diksmuide,2020-06-06,0,49
Diksmuide,2020-06-07,0,49
Diksmuide,2020-06-08,0,49
Diksmuide,2020-06-09,0,49
Diksmuide,2020-06-10,0,49
Diksmuide,2020-06-11,1,50
Diksmuide,2020-06-12,1,51
Diksmuide,2020-06-13,0,51
Diksmuide,2020-06-14,0,51
Diksmuide,2020-06-15,0,51
Diksmuide,2020-06-16,0,51
Diksmuide,2020-06-17,0,51
Diksmuide,2020-06-18,0,51
Diksmuide,2020-06-19,0,51
Diksmuide,2020-06-20,0,51
Diksmuide,2020-06-23,0,51
Diksmuide,2020-06-24,0,51
Diksmuide,2020-06-25,0,51
Diksmuide,2020-06-26,0,51
Diksmuide,2020-06-27,0,51
Diksmuide,2020-06-30,0,51
Diksmuide,2020-07-01,2,53
Diksmuide,2020-07-02,0,53
Diksmuide,2020-07-03,0,53
Diksmuide,2020-07-04,0,53
Diksmuide,2020-07-07,0,53
Diksmuide,2020-07-08,0,53
Diksmuide,2020-07-09,0,53
Diksmuide,2020-07-10,0,53
Diksmuide,2020-07-11,1,54
Diksmuide,2020-07-14,1,55
Diksmuide,2020-07-15,0,55
Diksmuide,2020-07-16,0,55
Diksmuide,2020-07-17,1,56
Diksmuide,2020-07-18,0,56
Diksmuide,2020-07-20,0,56
Diksmuide,2020-07-21,0,56
Diksmuide,2020-07-22,0,56
Diksmuide,2020-07-23,0,56
Diksmuide,2020-07-24,0,56
Diksmuide,2020-07-25,0,56
Diksmuide,2020-07-26,0,56
Diksmuide,2020-07-27,0,56
Diksmuide,2020-07-28,0,56
Diksmuide,2020-07-29,0,56
Diksmuide,2020-07-30,0,56
Diksmuide,2020-07-31,0,56
Houthulst,2020-04-01,0,7
Houthulst,2020-04-02,2,9
Houthulst,2020-04-03,1,10
Houthulst,2020-04-04,5,15
Houthulst,2020-04-05,2,17
Houthulst,2020-04-06,2,19
Houthulst,2020-04-07,1,20
Houthulst,2020-04-08,0,20
Houthulst,2020-04-09,1,21
Houthulst,2020-04-10,2,23
Houthulst,2020-04-11,2,25
Houthulst,2020-04-12,2,27
Houthulst,2020-04-13,1,28
Houthulst,2020-04-14,0,28
Houthulst,2020-04-15,0,28
Houthulst,2020-04-16,1,29
Houthulst,2020-04-17,0,29
Houthulst,2020-04-18,2,31
Houthulst,2020-04-19,3,34
Houthulst,2020-04-20,1,35
Houthulst,2020-04-21,2,37
Houthulst,2020-04-22,1,38
Houthulst,2020-04-23,0,38
Houthulst,2020-04-24,1,39
Houthulst,2020-04-25,0,39
Houthulst,2020-04-26,0,39
Houthulst,2020-04-27,0,39
Houthulst,2020-04-28,1,40
Houthulst,2020-04-29,1,41
Houthulst,2020-04-30,1,42
Houthulst,2020-05-01,0,42
Houthulst,2020-05-02,3,45
Houthulst,2020-05-03,0,45
Houthulst,2020-05-04,0,45
Houthulst,2020-05-05,0,45
Houthulst,2020-05-06,1,46
Houthulst,2020-05-07,5,51
Houthulst,2020-05-08,0,51
Houthulst,2020-05-09,0,51
Houthulst,2020-05-10,0,51
Houthulst,2020-05-11,0,51
Houthulst,2020-05-12,0,51
Houthulst,2020-05-13,1,52
Houthulst,2020-05-14,1,53
Houthulst,2020-05-15,1,54
Houthulst,2020-05-16,0,54
Houthulst,2020-05-17,0,54
Houthulst,2020-05-18,2,56
Houthulst,2020-05-19,0,56
Houthulst,2020-05-20,0,56
Houthulst,2020-05-21,1,57
Houthulst,2020-05-22,0,57
Houthulst,2020-05-23,0,57
Houthulst,2020-05-24,0,57
Houthulst,2020-05-25,0,57
Houthulst,2020-05-26,0,57
Houthulst,2020-05-27,0,57
Houthulst,2020-05-28,0,57
Houthulst,2020-05-29,0,57
Houthulst,2020-05-30,0,57
Houthulst,2020-05-31,0,57
Houthulst,2020-06-01,0,57
Houthulst,2020-06-02,0,57
Houthulst,2020-06-03,0,57
Houthulst,2020-06-04,0,57
Houthulst,2020-06-05,0,57
Houthulst,2020-06-06,0,57
Houthulst,2020-06-07,0,57
Houthulst,2020-06-08,1,58
Houthulst,2020-06-09,0,58
Houthulst,2020-06-10,0,58
Houthulst,2020-06-11,0,58
Houthulst,2020-06-12,0,58
Houthulst,2020-06-13,0,58
Houthulst,2020-06-14,0,58
Houthulst,2020-06-15,0,58
Houthulst,2020-06-16,1,59
Houthulst,2020-06-17,0,59
Houthulst,2020-06-18,0,59
Houthulst,2020-06-19,0,59
Houthulst,2020-06-20,1,60
Houthulst,2020-06-23,1,61
Houthulst,2020-06-24,0,61
Houthulst,2020-06-25,1,62
Houthulst,2020-06-26,0,62
Houthulst,2020-06-27,0,62
Houthulst,2020-06-30,0,62
Houthulst,2020-07-01,0,62
Houthulst,2020-07-02,0,62
Houthulst,2020-07-03,0,62
Houthulst,2020-07-04,1,63
Houthulst,2020-07-07,0,63
Houthulst,2020-07-08,0,63
Houthulst,2020-07-09,0,63
Houthulst,2020-07-10,0,63
Houthulst,2020-07-11,0,63
Houthulst,2020-07-14,0,63
Houthulst,2020-07-15,0,63
Houthulst,2020-07-16,0,63
Houthulst,2020-07-17,0,63
Houthulst,2020-07-18,1,64
Houthulst,2020-07-20,0,64
Houthulst,2020-07-21,0,64
Houthulst,2020-07-22,0,64
Houthulst,2020-07-23,0,64
Houthulst,2020-07-24,1,65
Houthulst,2020-07-25,0,65
Houthulst,2020-07-26,0,65
Houthulst,2020-07-27,0,65
Houthulst,2020-07-28,0,65
Houthulst,2020-07-29,1,66
Houthulst,2020-07-30,0,66
Houthulst,2020-07-31,0,66
Koekelare,2020-04-01,0,0
Koekelare,2020-04-02,0,0
Koekelare,2020-04-03,0,0
Koekelare,2020-04-04,0,0
Koekelare,2020-04-05,0,0
Koekelare,2020-04-06,0,0
Koekelare,2020-04-07,5,5
Koekelare,2020-04-08,0,5
Koekelare,2020-04-09,0,5
Koekelare,2020-04-10,0,5
Koekelare,2020-04-11,0,5
Koekelare,2020-04-12,0,5
Koekelare,2020-04-13,0,5
Koekelare,2020-04-14,0,5
Koekelare,2020-04-15,0,5
Koekelare,2020-04-16,0,5
Koekelare,2020-04-17,2,7
Koekelare,2020-04-18,0,7
Koekelare,2020-04-19,2,9
Koekelare,2020-04-20,0,9
Koekelare,2020-04-21,0,9
Koekelare,2020-04-22,2,11
Koekelare,2020-04-23,-1,10
Koekelare,2020-04-24,0,10
Koekelare,2020-04-25,0,10
Koekelare,2020-04-26,0,10
Koekelare,2020-04-27,0,10
Koekelare,2020-04-28,0,10
Koekelare,2020-04-29,0,10
Koekelare,2020-04-30,0,10
Koekelare,2020-05-01,0,10
Koekelare,2020-05-02,1,11
Koekelare,2020-05-03,0,11
Koekelare,2020-05-04,0,11
Koekelare,2020-05-05,0,11
Koekelare,2020-05-06,0,11
Koekelare,2020-05-07,0,11
Koekelare,2020-05-08,2,13
Koekelare,2020-05-09,0,13
Koekelare,2020-05-10,0,13
Koekelare,2020-05-11,0,13
Koekelare,2020-05-12,0,13
Koekelare,2020-05-13,1,14
Koekelare,2020-05-14,3,17
Koekelare,2020-05-15,0,17
Koekelare,2020-05-16,3,20
Koekelare,2020-05-17,0,20
Koekelare,2020-05-18,0,20
Koekelare,2020-05-19,0,20
Koekelare,2020-05-20,0,20
Koekelare,2020-05-21,0,20
Koekelare,2020-05-22,0,20
Koekelare,2020-05-23,0,20
Koekelare,2020-05-24,0,20
Koekelare,2020-05-25,0,20
Koekelare,2020-05-26,1,21
Koekelare,2020-05-27,0,21
Koekelare,2020-05-28,0,21
Koekelare,2020-05-29,0,21
Koekelare,2020-05-30,1,22
Koekelare,2020-05-31,0,22
Koekelare,2020-06-01,0,22
Koekelare,2020-06-02,0,22
Koekelare,2020-06-03,0,22
Koekelare,2020-06-04,0,22
Koekelare,2020-06-05,0,22
Koekelare,2020-06-06,0,22
Koekelare,2020-06-07,0,22
Koekelare,2020-06-08,0,22
Koekelare,2020-06-09,0,22
Koekelare,2020-06-10,0,22
Koekelare,2020-06-11,0,22
Koekelare,2020-06-12,0,22
Koekelare,2020-06-13,0,22
Koekelare,2020-06-14,0,22
Koekelare,2020-06-15,0,22
Koekelare,2020-06-16,0,22
Koekelare,2020-06-17,0,22
Koekelare,2020-06-18,0,22
Koekelare,2020-06-19,0,22
Koekelare,2020-06-20,0,22
Koekelare,2020-06-23,0,22
Koekelare,2020-06-24,0,22
Koekelare,2020-06-25,2,24
Koekelare,2020-06-26,0,24
Koekelare,2020-06-27,0,24
Koekelare,2020-06-30,0,24
Koekelare,2020-07-01,0,24
Koekelare,2020-07-02,0,24
Koekelare,2020-07-03,0,24
Koekelare,2020-07-04,0,24
Koekelare,2020-07-07,1,25
Koekelare,2020-07-08,0,25
Koekelare,2020-07-09,0,25
Koekelare,2020-07-10,0,25
Koekelare,2020-07-11,1,26
Koekelare,2020-07-14,0,26
Koekelare,2020-07-15,0,26
Koekelare,2020-07-16,0,26
Koekelare,2020-07-17,1,27
Koekelare,2020-07-18,0,27
Koekelare,2020-07-20,0,27
Koekelare,2020-07-21,1,28
Koekelare,2020-07-22,0,28
Koekelare,2020-07-23,0,28
Koekelare,2020-07-24,0,28
Koekelare,2020-07-25,0,28
Koekelare,2020-07-26,0,28
Koekelare,2020-07-27,0,28
Koekelare,2020-07-28,1,29
Koekelare,2020-07-29,0,29
Koekelare,2020-07-30,0,29
Koekelare,2020-07-31,0,29
Kortemark,2020-04-01,0,11
Kortemark,2020-04-02,0,11
Kortemark,2020-04-03,1,12
Kortemark,2020-04-04,1,13
Kortemark,2020-04-05,0,13
Kortemark,2020-04-06,1,14
Kortemark,2020-04-07,0,14
Kortemark,2020-04-08,1,15
Kortemark,2020-04-09,2,17
Kortemark,2020-04-10,2,19
Kortemark,2020-04-11,2,21
Kortemark,2020-04-12,0,21
Kortemark,2020-04-13,1,22
Kortemark,2020-04-14,0,22
Kortemark,2020-04-15,0,22
Kortemark,2020-04-16,1,23
Kortemark,2020-04-17,0,23
Kortemark,2020-04-18,0,23
Kortemark,2020-04-19,0,23
Kortemark,2020-04-20,0,23
Kortemark,2020-04-21,0,23
Kortemark,2020-04-22,2,25
Kortemark,2020-04-23,-1,24
Kortemark,2020-04-24,0,24
Kortemark,2020-04-25,0,24
Kortemark,2020-04-26,2,26
Kortemark,2020-04-27,0,26
Kortemark,2020-04-28,0,26
Kortemark,2020-04-29,0,26
Kortemark,2020-04-30,1,27
Kortemark,2020-05-01,0,27
Kortemark,2020-05-02,0,27
Kortemark,2020-05-03,1,28
Kortemark,2020-05-04,0,28
Kortemark,2020-05-05,1,29
Kortemark,2020-05-06,0,29
Kortemark,2020-05-07,0,29
Kortemark,2020-05-08,2,31
Kortemark,2020-05-09,0,31
Kortemark,2020-05-10,0,31
Kortemark,2020-05-11,0,31
Kortemark,2020-05-12,0,31
Kortemark,2020-05-13,1,32
Kortemark,2020-05-14,0,32
Kortemark,2020-05-15,0,32
Kortemark,2020-05-16,3,35
Kortemark,2020-05-17,1,36
Kortemark,2020-05-18,0,36
Kortemark,2020-05-19,0,36
Kortemark,2020-05-20,0,36
Kortemark,2020-05-21,0,36
Kortemark,2020-05-22,0,36
Kortemark,2020-05-23,0,36
Kortemark,2020-05-24,0,36
Kortemark,2020-05-25,0,36
Kortemark,2020-05-26,0,36
Kortemark,2020-05-27,1,37
Kortemark,2020-05-28,0,37
Kortemark,2020-05-29,0,37
Kortemark,2020-05-30,0,37
Kortemark,2020-05-31,0,37
Kortemark,2020-06-01,0,37
Kortemark,2020-06-02,0,37
Kortemark,2020-06-03,0,37
Kortemark,2020-06-04,0,37
Kortemark,2020-06-05,0,37
Kortemark,2020-06-06,0,37
Kortemark,2020-06-07,0,37
Kortemark,2020-06-08,0,37
Kortemark,2020-06-09,0,37
Kortemark,2020-06-10,0,37
Kortemark,2020-06-11,0,37
Kortemark,2020-06-12,0,37
Kortemark,2020-06-13,0,37
Kortemark,2020-06-14,0,37
Kortemark,2020-06-15,0,37
Kortemark,2020-06-16,0,37
Kortemark,2020-06-17,0,37
Kortemark,2020-06-18,0,37
Kortemark,2020-06-19,0,37
Kortemark,2020-06-20,0,37
Kortemark,2020-06-23,0,37
Kortemark,2020-06-24,0,37
Kortemark,2020-06-25,1,38
Kortemark,2020-06-26,0,38
Kortemark,2020-06-27,0,38
Kortemark,2020-06-30,1,39
Kortemark,2020-07-01,1,40
Kortemark,2020-07-02,0,40
Kortemark,2020-07-03,0,40
Kortemark,2020-07-04,0,40
Kortemark,2020-07-07,0,40
Kortemark,2020-07-08,1,41
Kortemark,2020-07-09,0,41
Kortemark,2020-07-10,0,41
Kortemark,2020-07-11,0,41
Kortemark,2020-07-14,2,43
Kortemark,2020-07-15,0,43
Kortemark,2020-07-16,0,43
Kortemark,2020-07-17,2,45
Kortemark,2020-07-18,3,48
Kortemark,2020-07-20,0,48
Kortemark,2020-07-21,7,55
Kortemark,2020-07-22,0,55
Kortemark,2020-07-23,0,55
Kortemark,2020-07-24,0,55
Kortemark,2020-07-25,0,55
Kortemark,2020-07-26,0,55
Kortemark,2020-07-27,1,56
Kortemark,2020-07-28,1,57
Kortemark,2020-07-29,0,57
Kortemark,2020-07-30,0,57
Kortemark,2020-07-31,0,57
Lo-Reninge,2020-04-01,6,6
Lo-Reninge,2020-04-02,0,6
Lo-Reninge,2020-04-03,3,9
Lo-Reninge,2020-04-04,0,9
Lo-Reninge,2020-04-05,1,10
Lo-Reninge,2020-04-06,0,10
Lo-Reninge,2020-04-07,0,10
Lo-Reninge,2020-04-08,0,10
Lo-Reninge,2020-04-09,0,10
Lo-Reninge,2020-04-10,0,10
Lo-Reninge,2020-04-11,0,10
Lo-Reninge,2020-04-12,0,10
Lo-Reninge,2020-04-13,1,11
Lo-Reninge,2020-04-14,0,11
Lo-Reninge,2020-04-15,0,11
Lo-Reninge,2020-04-16,1,12
Lo-Reninge,2020-04-17,0,12
Lo-Reninge,2020-04-18,0,12
Lo-Reninge,2020-04-19,0,12
Lo-Reninge,2020-04-20,0,12
Lo-Reninge,2020-04-21,1,13
Lo-Reninge,2020-04-22,0,13
Lo-Reninge,2020-04-23,0,13
Lo-Reninge,2020-04-24,0,13
Lo-Reninge,2020-04-25,0,13
Lo-Reninge,2020-04-26,0,13
Lo-Reninge,2020-04-27,0,13
Lo-Reninge,2020-04-28,0,13
Lo-Reninge,2020-04-29,0,13
Lo-Reninge,2020-04-30,0,13
Lo-Reninge,2020-05-01,0,13
Lo-Reninge,2020-05-02,1,14
Lo-Reninge,2020-05-03,0,14
Lo-Reninge,2020-05-04,0,14
Lo-Reninge,2020-05-05,0,14
Lo-Reninge,2020-05-06,0,14
Lo-Reninge,2020-05-07,0,14
Lo-Reninge,2020-05-08,0,14
Lo-Reninge,2020-05-09,0,14
Lo-Reninge,2020-05-10,0,14
Lo-Reninge,2020-05-11,1,15
Lo-Reninge,2020-05-12,0,15
Lo-Reninge,2020-05-13,0,15
Lo-Reninge,2020-05-14,0,15
Lo-Reninge,2020-05-15,0,15
Lo-Reninge,2020-05-16,0,15
Lo-Reninge,2020-05-17,0,15
Lo-Reninge,2020-05-18,0,15
Lo-Reninge,2020-05-19,1,16
Lo-Reninge,2020-05-20,0,16
Lo-Reninge,2020-05-21,0,16
Lo-Reninge,2020-05-22,0,16
Lo-Reninge,2020-05-23,0,16
Lo-Reninge,2020-05-24,0,16
Lo-Reninge,2020-05-25,0,16
Lo-Reninge,2020-05-26,0,16
Lo-Reninge,2020-05-27,0,16
Lo-Reninge,2020-05-28,0,16
Lo-Reninge,2020-05-29,0,16
Lo-Reninge,2020-05-30,0,16
Lo-Reninge,2020-05-31,0,16
Lo-Reninge,2020-06-01,0,16
Lo-Reninge,2020-06-02,0,16
Lo-Reninge,2020-06-03,0,16
Lo-Reninge,2020-06-04,0,16
Lo-Reninge,2020-06-05,0,16
Lo-Reninge,2020-06-06,0,16
Lo-Reninge,2020-06-07,0,16
Lo-Reninge,2020-06-08,1,17
Lo-Reninge,2020-06-09,0,17
Lo-Reninge,2020-06-10,0,17
Lo-Reninge,2020-06-11,0,17
Lo-Reninge,2020-06-12,0,17
Lo-Reninge,2020-06-13,0,17
Lo-Reninge,2020-06-14,0,17
Lo-Reninge,2020-06-15,0,17
Lo-Reninge,2020-06-16,0,17
Lo-Reninge,2020-06-17,0,17
Lo-Reninge,2020-06-18,0,17
Lo-Reninge,2020-06-19,0,17
Lo-Reninge,2020-06-20,0,17
Lo-Reninge,2020-06-23,0,17
Lo-Reninge,2020-06-24,0,17
Lo-Reninge,2020-06-25,0,17
Lo-Reninge,2020-06-26,0,17
Lo-Reninge,2020-06-27,0,17
Lo-Reninge,2020-06-30,0,17
Lo-Reninge,2020-07-01,0,17
Lo-Reninge,2020-07-02,0,17
Lo-Reninge,2020-07-03,0,17
Lo-Reninge,2020-07-04,0,17
Lo-Reninge,2020-07-07,0,17
Lo-Reninge,2020-07-08,0,17
Lo-Reninge,2020-07-09,0,17
Lo-Reninge,2020-07-10,0,17
Lo-Reninge,2020-07-11,0,17
Lo-Reninge,2020-07-14,0,17
Lo-Reninge,2020-07-15,0,17
Lo-Reninge,2020-07-16,0,17
Lo-Reninge,2020-07-17,0,17
Lo-Reninge,2020-07-18,0,17
Lo-Reninge,2020-07-20,0,17
Lo-Reninge,2020-07-21,0,17
Lo-Reninge,2020-07-22,0,17
Lo-Reninge,2020-07-23,0,17
Lo-Reninge,2020-07-24,0,17
Lo-Reninge,2020-07-25,0,17
Lo-Reninge,2020-07-26,0,17
Lo-Reninge,2020-07-27,0,17
Lo-Reninge,2020-07-28,0,17
Lo-Reninge,2020-07-29,0,17
Lo-Reninge,2020-07-30,0,17
Lo-Reninge,2020-07-31,0,17
Ieper,2020-04-01,7,76
Ieper,2020-04-02,4,80
Ieper,2020-04-03,4,84
Ieper,2020-04-04,8,92
Ieper,2020-04-05,8,100
Ieper,2020-04-06,1,101
Ieper,2020-04-07,4,105
Ieper,2020-04-08,0,105
Ieper,2020-04-09,24,129
Ieper,2020-04-10,15,144
Ieper,2020-04-11,4,148
Ieper,2020-04-12,2,150
Ieper,2020-04-13,10,160
Ieper,2020-04-14,5,165
Ieper,2020-04-15,9,174
Ieper,2020-04-16,19,193
Ieper,2020-04-17,6,199
Ieper,2020-04-18,9,208
Ieper,2020-04-19,4,212
Ieper,2020-04-20,4,216
Ieper,2020-04-21,1,217
Ieper,2020-04-22,2,219
Ieper,2020-04-23,-1,218
Ieper,2020-04-24,2,220
Ieper,2020-04-25,0,220
Ieper,2020-04-26,6,226
Ieper,2020-04-27,0,226
Ieper,2020-04-28,0,226
Ieper,2020-04-29,1,227
Ieper,2020-04-30,7,234
Ieper,2020-05-01,2,236
Ieper,2020-05-02,2,238
Ieper,2020-05-03,0,238
Ieper,2020-05-04,0,238
Ieper,2020-05-05,1,239
Ieper,2020-05-06,2,241
Ieper,2020-05-07,0,241
Ieper,2020-05-08,4,245
Ieper,2020-05-09,1,246
Ieper,2020-05-10,3,249
Ieper,2020-05-11,1,250
Ieper,2020-05-12,2,252
Ieper,2020-05-13,1,253
Ieper,2020-05-14,0,253
Ieper,2020-05-15,5,258
Ieper,2020-05-16,1,259
Ieper,2020-05-17,2,261
Ieper,2020-05-18,1,262
Ieper,2020-05-19,3,265
Ieper,2020-05-20,2,267
Ieper,2020-05-21,1,268
Ieper,2020-05-22,0,268
Ieper,2020-05-23,1,269
Ieper,2020-05-24,0,269
Ieper,2020-05-25,3,272
Ieper,2020-05-26,0,272
Ieper,2020-05-27,1,273
Ieper,2020-05-28,0,273
Ieper,2020-05-29,2,275
Ieper,2020-05-30,0,275
Ieper,2020-05-31,0,275
Ieper,2020-06-01,0,275
Ieper,2020-06-02,0,275
Ieper,2020-06-03,0,275
Ieper,2020-06-04,0,275
Ieper,2020-06-05,0,275
Ieper,2020-06-06,0,275
Ieper,2020-06-07,0,275
Ieper,2020-06-08,0,275
Ieper,2020-06-09,0,275
Ieper,2020-06-10,0,275
Ieper,2020-06-11,0,275
Ieper,2020-06-12,0,275
Ieper,2020-06-13,0,275
Ieper,2020-06-14,0,275
Ieper,2020-06-15,0,275
Ieper,2020-06-16,0,275
Ieper,2020-06-17,0,275
Ieper,2020-06-18,0,275
Ieper,2020-06-19,0,275
Ieper,2020-06-20,0,275
Ieper,2020-06-23,1,276
Ieper,2020-06-24,0,276
Ieper,2020-06-25,0,276
Ieper,2020-06-26,0,276
Ieper,2020-06-27,0,276
Ieper,2020-06-30,0,276
Ieper,2020-07-01,1,277
Ieper,2020-07-02,0,277
Ieper,2020-07-03,0,277
Ieper,2020-07-04,0,277
Ieper,2020-07-07,3,280
Ieper,2020-07-08,0,280
Ieper,2020-07-09,0,280
Ieper,2020-07-10,0,280
Ieper,2020-07-11,0,280
Ieper,2020-07-14,1,281
Ieper,2020-07-15,0,281
Ieper,2020-07-16,0,281
Ieper,2020-07-17,0,281
Ieper,2020-07-18,1,282
Ieper,2020-07-20,1,283
Ieper,2020-07-21,0,283
Ieper,2020-07-22,0,283
Ieper,2020-07-23,0,283
Ieper,2020-07-24,0,283
Ieper,2020-07-25,0,283
Ieper,2020-07-26,0,283
Ieper,2020-07-27,0,283
Ieper,2020-07-28,0,283
Ieper,2020-07-29,0,283
Ieper,2020-07-30,0,283
Ieper,2020-07-31,2,285
Mesen,2020-04-01,0,0
Mesen,2020-04-02,0,0
Mesen,2020-04-03,0,0
Mesen,2020-04-04,0,0
Mesen,2020-04-05,0,0
Mesen,2020-04-06,0,0
Mesen,2020-04-07,0,0
Mesen,2020-04-08,0,0
Mesen,2020-04-09,5,5
Mesen,2020-04-10,0,5
Mesen,2020-04-11,0,5
Mesen,2020-04-12,0,5
Mesen,2020-04-13,1,6
Mesen,2020-04-14,0,6
Mesen,2020-04-15,0,6
Mesen,2020-04-16,0,6
Mesen,2020-04-17,0,6
Mesen,2020-04-18,0,6
Mesen,2020-04-19,0,6
Mesen,2020-04-20,0,6
Mesen,2020-04-21,0,6
Mesen,2020-04-22,0,6
Mesen,2020-04-23,0,6
Mesen,2020-04-24,0,6
Mesen,2020-04-25,0,6
Mesen,2020-04-26,0,6
Mesen,2020-04-27,0,6
Mesen,2020-04-28,0,6
Mesen,2020-04-29,0,6
Mesen,2020-04-30,0,6
Mesen,2020-05-01,0,6
Mesen,2020-05-02,0,6
Mesen,2020-05-03,0,6
Mesen,2020-05-04,0,6
Mesen,2020-05-05,0,6
Mesen,2020-05-06,0,6
Mesen,2020-05-07,0,6
Mesen,2020-05-08,0,6
Mesen,2020-05-09,0,6
Mesen,2020-05-10,0,6
Mesen,2020-05-11,0,6
Mesen,2020-05-12,0,6
Mesen,2020-05-13,0,6
Mesen,2020-05-14,0,6
Mesen,2020-05-15,0,6
Mesen,2020-05-16,0,6
Mesen,2020-05-17,0,6
Mesen,2020-05-18,0,6
Mesen,2020-05-19,0,6
Mesen,2020-05-20,1,7
Mesen,2020-05-21,0,7
Mesen,2020-05-22,0,7
Mesen,2020-05-23,0,7
Mesen,2020-05-24,0,7
Mesen,2020-05-25,0,7
Mesen,2020-05-26,0,7
Mesen,2020-05-27,0,7
Mesen,2020-05-28,0,7
Mesen,2020-05-29,0,7
Mesen,2020-05-30,0,7
Mesen,2020-05-31,0,7
Mesen,2020-06-01,0,7
Mesen,2020-06-02,0,7
Mesen,2020-06-03,0,7
Mesen,2020-06-04,0,7
Mesen,2020-06-05,0,7
Mesen,2020-06-06,0,7
Mesen,2020-06-07,0,7
Mesen,2020-06-08,0,7
Mesen,2020-06-09,0,7
Mesen,2020-06-10,0,7
Mesen,2020-06-11,0,7
Mesen,2020-06-12,0,7
Mesen,2020-06-13,0,7
Mesen,2020-06-14,0,7
Mesen,2020-06-15,0,7
Mesen,2020-06-16,0,7
Mesen,2020-06-17,0,7
Mesen,2020-06-18,0,7
Mesen,2020-06-19,0,7
Mesen,2020-06-20,0,7
Mesen,2020-06-23,0,7
Mesen,2020-06-24,0,7
Mesen,2020-06-25,0,7
Mesen,2020-06-26,0,7
Mesen,2020-06-27,0,7
Mesen,2020-06-30,0,7
Mesen,2020-07-01,0,7
Mesen,2020-07-02,0,7
Mesen,2020-07-03,0,7
Mesen,2020-07-04,0,7
Mesen,2020-07-07,0,7
Mesen,2020-07-08,0,7
Mesen,2020-07-09,0,7
Mesen,2020-07-10,0,7
Mesen,2020-07-11,0,7
Mesen,2020-07-14,0,7
Mesen,2020-07-15,0,7
Mesen,2020-07-16,0,7
Mesen,2020-07-17,0,7
Mesen,2020-07-18,0,7
Mesen,2020-07-20,0,7
Mesen,2020-07-21,0,7
Mesen,2020-07-22,0,7
Mesen,2020-07-23,0,7
Mesen,2020-07-24,0,7
Mesen,2020-07-25,0,7
Mesen,2020-07-26,0,7
Mesen,2020-07-27,0,7
Mesen,2020-07-28,0,7
Mesen,2020-07-29,0,7
Mesen,2020-07-30,0,7
Mesen,2020-07-31,0,7
Poperinge,2020-04-01,7,26
Poperinge,2020-04-02,2,28
Poperinge,2020-04-03,6,34
Poperinge,2020-04-04,3,37
Poperinge,2020-04-05,1,38
Poperinge,2020-04-06,0,38
Poperinge,2020-04-07,0,38
Poperinge,2020-04-08,1,39
Poperinge,2020-04-09,6,45
Poperinge,2020-04-10,1,46
Poperinge,2020-04-11,1,47
Poperinge,2020-04-12,0,47
Poperinge,2020-04-13,8,55
Poperinge,2020-04-14,0,55
Poperinge,2020-04-15,3,58
Poperinge,2020-04-16,3,61
Poperinge,2020-04-17,0,61
Poperinge,2020-04-18,4,65
Poperinge,2020-04-19,1,66
Poperinge,2020-04-20,0,66
Poperinge,2020-04-21,-1,65
Poperinge,2020-04-22,1,66
Poperinge,2020-04-23,1,67
Poperinge,2020-04-24,1,68
Poperinge,2020-04-25,1,69
Poperinge,2020-04-26,1,70
Poperinge,2020-04-27,0,70
Poperinge,2020-04-28,0,70
Poperinge,2020-04-29,0,70
Poperinge,2020-04-30,3,73
Poperinge,2020-05-01,0,73
Poperinge,2020-05-02,0,73
Poperinge,2020-05-03,1,74
Poperinge,2020-05-04,0,74
Poperinge,2020-05-05,0,74
Poperinge,2020-05-06,2,76
Poperinge,2020-05-07,1,77
Poperinge,2020-05-08,2,79
Poperinge,2020-05-09,0,79
Poperinge,2020-05-10,0,79
Poperinge,2020-05-11,1,80
Poperinge,2020-05-12,0,80
Poperinge,2020-05-13,0,80
Poperinge,2020-05-14,0,80
Poperinge,2020-05-15,5,85
Poperinge,2020-05-16,1,86
Poperinge,2020-05-17,1,87
Poperinge,2020-05-18,0,87
Poperinge,2020-05-19,1,88
Poperinge,2020-05-20,0,88
Poperinge,2020-05-21,1,89
Poperinge,2020-05-22,0,89
Poperinge,2020-05-23,0,89
Poperinge,2020-05-24,0,89
Poperinge,2020-05-25,1,90
Poperinge,2020-05-26,0,90
Poperinge,2020-05-27,0,90
Poperinge,2020-05-28,0,90
Poperinge,2020-05-29,0,90
Poperinge,2020-05-30,0,90
Poperinge,2020-05-31,0,90
Poperinge,2020-06-01,0,90
Poperinge,2020-06-02,0,90
Poperinge,2020-06-03,0,90
Poperinge,2020-06-04,0,90
Poperinge,2020-06-05,0,90
Poperinge,2020-06-06,0,90
Poperinge,2020-06-07,0,90
Poperinge,2020-06-08,0,90
Poperinge,2020-06-09,0,90
Poperinge,2020-06-10,0,90
Poperinge,2020-06-11,0,90
Poperinge,2020-06-12,0,90
Poperinge,2020-06-13,0,90
Poperinge,2020-06-14,0,90
Poperinge,2020-06-15,0,90
Poperinge,2020-06-16,0,90
Poperinge,2020-06-17,0,90
Poperinge,2020-06-18,0,90
Poperinge,2020-06-19,0,90
Poperinge,2020-06-20,0,90
Poperinge,2020-06-23,0,90
Poperinge,2020-06-24,0,90
Poperinge,2020-06-25,0,90
Poperinge,2020-06-26,0,90
Poperinge,2020-06-27,0,90
Poperinge,2020-06-30,0,90
Poperinge,2020-07-01,0,90
Poperinge,2020-07-02,0,90
Poperinge,2020-07-03,0,90
Poperinge,2020-07-04,0,90
Poperinge,2020-07-07,0,90
Poperinge,2020-07-08,0,90
Poperinge,2020-07-09,0,90
Poperinge,2020-07-10,0,90
Poperinge,2020-07-11,0,90
Poperinge,2020-07-14,0,90
Poperinge,2020-07-15,1,91
Poperinge,2020-07-16,0,91
Poperinge,2020-07-17,0,91
Poperinge,2020-07-18,0,91
Poperinge,2020-07-20,0,91
Poperinge,2020-07-21,0,91
Poperinge,2020-07-22,0,91
Poperinge,2020-07-23,0,91
Poperinge,2020-07-24,0,91
Poperinge,2020-07-25,0,91
Poperinge,2020-07-26,0,91
Poperinge,2020-07-27,1,92
Poperinge,2020-07-28,0,92
Poperinge,2020-07-29,1,93
Poperinge,2020-07-30,1,94
Poperinge,2020-07-31,1,95
Wervik,2020-04-01,3,37
Wervik,2020-04-02,4,41
Wervik,2020-04-03,3,44
Wervik,2020-04-04,3,47
Wervik,2020-04-05,1,48
Wervik,2020-04-06,1,49
Wervik,2020-04-07,3,52
Wervik,2020-04-08,0,52
Wervik,2020-04-09,8,60
Wervik,2020-04-10,3,63
Wervik,2020-04-11,2,65
Wervik,2020-04-12,2,67
Wervik,2020-04-13,1,68
Wervik,2020-04-14,0,68
Wervik,2020-04-15,2,70
Wervik,2020-04-16,1,71
Wervik,2020-04-17,2,73
Wervik,2020-04-18,0,73
Wervik,2020-04-19,1,74
Wervik,2020-04-20,1,75
Wervik,2020-04-21,3,78
Wervik,2020-04-22,4,82
Wervik,2020-04-23,2,84
Wervik,2020-04-24,1,85
Wervik,2020-04-25,1,86
Wervik,2020-04-26,2,88
Wervik,2020-04-27,1,89
Wervik,2020-04-28,0,89
Wervik,2020-04-29,2,91
Wervik,2020-04-30,0,91
Wervik,2020-05-01,1,92
Wervik,2020-05-02,2,94
Wervik,2020-05-03,0,94
Wervik,2020-05-04,0,94
Wervik,2020-05-05,0,94
Wervik,2020-05-06,4,98
Wervik,2020-05-07,5,103
Wervik,2020-05-08,2,105
Wervik,2020-05-09,3,108
Wervik,2020-05-10,2,110
Wervik,2020-05-11,1,111
Wervik,2020-05-12,0,111
Wervik,2020-05-13,0,111
Wervik,2020-05-14,3,114
Wervik,2020-05-15,3,117
Wervik,2020-05-16,5,122
Wervik,2020-05-17,5,127
Wervik,2020-05-18,3,130
Wervik,2020-05-19,3,133
Wervik,2020-05-20,0,133
Wervik,2020-05-21,0,133
Wervik,2020-05-22,0,133
Wervik,2020-05-23,0,133
Wervik,2020-05-24,0,133
Wervik,2020-05-25,1,134
Wervik,2020-05-26,0,134
Wervik,2020-05-27,0,134
Wervik,2020-05-28,1,135
Wervik,2020-05-29,0,135
Wervik,2020-05-30,1,136
Wervik,2020-05-31,1,137
Wervik,2020-06-01,0,137
Wervik,2020-06-02,0,137
Wervik,2020-06-03,0,137
Wervik,2020-06-04,0,137
Wervik,2020-06-05,0,137
Wervik,2020-06-06,0,137
Wervik,2020-06-07,1,138
Wervik,2020-06-08,0,138
Wervik,2020-06-09,0,138
Wervik,2020-06-10,0,138
Wervik,2020-06-11,0,138
Wervik,2020-06-12,1,139
Wervik,2020-06-13,0,139
Wervik,2020-06-14,0,139
Wervik,2020-06-15,0,139
Wervik,2020-06-16,0,139
Wervik,2020-06-17,0,139
Wervik,2020-06-18,0,139
Wervik,2020-06-19,0,139
Wervik,2020-06-20,0,139
Wervik,2020-06-23,0,139
Wervik,2020-06-24,0,139
Wervik,2020-06-25,0,139
Wervik,2020-06-26,0,139
Wervik,2020-06-27,0,139
Wervik,2020-06-30,0,139
Wervik,2020-07-01,0,139
Wervik,2020-07-02,0,139
Wervik,2020-07-03,0,139
Wervik,2020-07-04,0,139
Wervik,2020-07-07,0,139
Wervik,2020-07-08,0,139
Wervik,2020-07-09,0,139
Wervik,2020-07-10,1,140
Wervik,2020-07-11,1,141
Wervik,2020-07-14,1,142
Wervik,2020-07-15,1,143
Wervik,2020-07-16,0,143
Wervik,2020-07-17,0,143
Wervik,2020-07-18,2,145
Wervik,2020-07-20,2,147
Wervik,2020-07-21,1,148
Wervik,2020-07-22,0,148
Wervik,2020-07-23,0,148
Wervik,2020-07-24,1,149
Wervik,2020-07-25,0,149
Wervik,2020-07-26,0,149
Wervik,2020-07-27,0,149
Wervik,2020-07-28,0,149
Wervik,2020-07-29,0,149
Wervik,2020-07-30,0,149
Wervik,2020-07-31,1,150
Zonnebeke,2020-04-01,1,25
Zonnebeke,2020-04-02,1,26
Zonnebeke,2020-04-03,1,27
Zonnebeke,2020-04-04,1,28
Zonnebeke,2020-04-05,0,28
Zonnebeke,2020-04-06,0,28
Zonnebeke,2020-04-07,0,28
Zonnebeke,2020-04-08,0,28
Zonnebeke,2020-04-09,2,30
Zonnebeke,2020-04-10,0,30
Zonnebeke,2020-04-11,0,30
Zonnebeke,2020-04-12,1,31
Zonnebeke,2020-04-13,1,32
Zonnebeke,2020-04-14,0,32
Zonnebeke,2020-04-15,2,34
Zonnebeke,2020-04-16,0,34
Zonnebeke,2020-04-17,0,34
Zonnebeke,2020-04-18,0,34
Zonnebeke,2020-04-19,0,34
Zonnebeke,2020-04-20,0,34
Zonnebeke,2020-04-21,1,35
Zonnebeke,2020-04-22,0,35
Zonnebeke,2020-04-23,1,36
Zonnebeke,2020-04-24,0,36
Zonnebeke,2020-04-25,1,37
Zonnebeke,2020-04-26,1,38
Zonnebeke,2020-04-27,0,38
Zonnebeke,2020-04-28,0,38
Zonnebeke,2020-04-29,0,38
Zonnebeke,2020-04-30,1,39
Zonnebeke,2020-05-01,1,40
Zonnebeke,2020-05-02,0,40
Zonnebeke,2020-05-03,1,41
Zonnebeke,2020-05-04,0,41
Zonnebeke,2020-05-05,0,41
Zonnebeke,2020-05-06,0,41
Zonnebeke,2020-05-07,0,41
Zonnebeke,2020-05-08,1,42
Zonnebeke,2020-05-09,0,42
Zonnebeke,2020-05-10,0,42
Zonnebeke,2020-05-11,0,42
Zonnebeke,2020-05-12,0,42
Zonnebeke,2020-05-13,0,42
Zonnebeke,2020-05-14,0,42
Zonnebeke,2020-05-15,1,43
Zonnebeke,2020-05-16,0,43
Zonnebeke,2020-05-17,0,43
Zonnebeke,2020-05-18,2,45
Zonnebeke,2020-05-19,1,46
Zonnebeke,2020-05-20,1,47
Zonnebeke,2020-05-21,1,48
Zonnebeke,2020-05-22,0,48
Zonnebeke,2020-05-23,0,48
Zonnebeke,2020-05-24,0,48
Zonnebeke,2020-05-25,0,48
Zonnebeke,2020-05-26,0,48
Zonnebeke,2020-05-27,0,48
Zonnebeke,2020-05-28,0,48
Zonnebeke,2020-05-29,0,48
Zonnebeke,2020-05-30,0,48
Zonnebeke,2020-05-31,0,48
Zonnebeke,2020-06-01,0,48
Zonnebeke,2020-06-02,0,48
Zonnebeke,2020-06-03,0,48
Zonnebeke,2020-06-04,0,48
Zonnebeke,2020-06-05,0,48
Zonnebeke,2020-06-06,0,48
Zonnebeke,2020-06-07,0,48
Zonnebeke,2020-06-08,0,48
Zonnebeke,2020-06-09,0,48
Zonnebeke,2020-06-10,0,48
Zonnebeke,2020-06-11,0,48
Zonnebeke,2020-06-12,0,48
Zonnebeke,2020-06-13,0,48
Zonnebeke,2020-06-14,0,48
Zonnebeke,2020-06-15,0,48
Zonnebeke,2020-06-16,0,48
Zonnebeke,2020-06-17,0,48
Zonnebeke,2020-06-18,0,48
Zonnebeke,2020-06-19,0,48
Zonnebeke,2020-06-20,0,48
Zonnebeke,2020-06-23,1,49
Zonnebeke,2020-06-24,1,50
Zonnebeke,2020-06-25,0,50
Zonnebeke,2020-06-26,0,50
Zonnebeke,2020-06-27,0,50
Zonnebeke,2020-06-30,0,50
Zonnebeke,2020-07-01,0,50
Zonnebeke,2020-07-02,0,50
Zonnebeke,2020-07-03,0,50
Zonnebeke,2020-07-04,1,51
Zonnebeke,2020-07-07,2,53
Zonnebeke,2020-07-08,0,53
Zonnebeke,2020-07-09,0,53
Zonnebeke,2020-07-10,0,53
Zonnebeke,2020-07-11,0,53
Zonnebeke,2020-07-14,0,53
Zonnebeke,2020-07-15,1,54
Zonnebeke,2020-07-16,0,54
Zonnebeke,2020-07-17,0,54
Zonnebeke,2020-07-18,1,55
Zonnebeke,2020-07-20,0,55
Zonnebeke,2020-07-21,1,56
Zonnebeke,2020-07-22,0,56
Zonnebeke,2020-07-23,0,56
Zonnebeke,2020-07-24,1,57
Zonnebeke,2020-07-25,0,57
Zonnebeke,2020-07-26,1,58
Zonnebeke,2020-07-27,0,58
Zonnebeke,2020-07-28,0,58
Zonnebeke,2020-07-29,0,58
Zonnebeke,2020-07-30,0,58
Zonnebeke,2020-07-31,0,58
Heuvelland,2020-04-01,0,8
Heuvelland,2020-04-02,0,8
Heuvelland,2020-04-03,0,8
Heuvelland,2020-04-04,0,8
Heuvelland,2020-04-05,0,8
Heuvelland,2020-04-06,0,8
Heuvelland,2020-04-07,0,8
Heuvelland,2020-04-08,0,8
Heuvelland,2020-04-09,1,9
Heuvelland,2020-04-10,0,9
Heuvelland,2020-04-11,0,9
Heuvelland,2020-04-12,1,10
Heuvelland,2020-04-13,0,10
Heuvelland,2020-04-14,1,11
Heuvelland,2020-04-15,1,12
Heuvelland,2020-04-16,2,14
Heuvelland,2020-04-17,0,14
Heuvelland,2020-04-18,0,14
Heuvelland,2020-04-19,0,14
Heuvelland,2020-04-20,0,14
Heuvelland,2020-04-21,0,14
Heuvelland,2020-04-22,1,15
Heuvelland,2020-04-23,0,15
Heuvelland,2020-04-24,0,15
Heuvelland,2020-04-25,0,15
Heuvelland,2020-04-26,1,16
Heuvelland,2020-04-27,0,16
Heuvelland,2020-04-28,0,16
Heuvelland,2020-04-29,0,16
Heuvelland,2020-04-30,0,16
Heuvelland,2020-05-01,0,16
Heuvelland,2020-05-02,0,16
Heuvelland,2020-05-03,0,16
Heuvelland,2020-05-04,0,16
Heuvelland,2020-05-05,0,16
Heuvelland,2020-05-06,0,16
Heuvelland,2020-05-07,1,17
Heuvelland,2020-05-08,0,17
Heuvelland,2020-05-09,0,17
Heuvelland,2020-05-10,0,17
Heuvelland,2020-05-11,0,17
Heuvelland,2020-05-12,0,17
Heuvelland,2020-05-13,0,17
Heuvelland,2020-05-14,0,17
Heuvelland,2020-05-15,1,18
Heuvelland,2020-05-16,0,18
Heuvelland,2020-05-17,0,18
Heuvelland,2020-05-18,1,19
Heuvelland,2020-05-19,0,19
Heuvelland,2020-05-20,1,20
Heuvelland,2020-05-21,0,20
Heuvelland,2020-05-22,0,20
Heuvelland,2020-05-23,0,20
Heuvelland,2020-05-24,0,20
Heuvelland,2020-05-25,0,20
Heuvelland,2020-05-26,0,20
Heuvelland,2020-05-27,0,20
Heuvelland,2020-05-28,0,20
Heuvelland,2020-05-29,0,20
Heuvelland,2020-05-30,1,21
Heuvelland,2020-05-31,0,21
Heuvelland,2020-06-01,0,21
Heuvelland,2020-06-02,0,21
Heuvelland,2020-06-03,0,21
Heuvelland,2020-06-04,0,21
Heuvelland,2020-06-05,0,21
Heuvelland,2020-06-06,0,21
Heuvelland,2020-06-07,0,21
Heuvelland,2020-06-08,0,21
Heuvelland,2020-06-09,0,21
Heuvelland,2020-06-10,0,21
Heuvelland,2020-06-11,1,22
Heuvelland,2020-06-12,0,22
Heuvelland,2020-06-13,0,22
Heuvelland,2020-06-14,0,22
Heuvelland,2020-06-15,0,22
Heuvelland,2020-06-16,0,22
Heuvelland,2020-06-17,0,22
Heuvelland,2020-06-18,0,22
Heuvelland,2020-06-19,0,22
Heuvelland,2020-06-20,0,22
Heuvelland,2020-06-23,0,22
Heuvelland,2020-06-24,0,22
Heuvelland,2020-06-25,0,22
Heuvelland,2020-06-26,0,22
Heuvelland,2020-06-27,0,22
Heuvelland,2020-06-30,0,22
Heuvelland,2020-07-01,0,22
Heuvelland,2020-07-02,0,22
Heuvelland,2020-07-03,0,22
Heuvelland,2020-07-04,0,22
Heuvelland,2020-07-07,1,23
Heuvelland,2020-07-08,0,23
Heuvelland,2020-07-09,0,23
Heuvelland,2020-07-10,0,23
Heuvelland,2020-07-11,0,23
Heuvelland,2020-07-14,0,23
Heuvelland,2020-07-15,0,23
Heuvelland,2020-07-16,0,23
Heuvelland,2020-07-17,0,23
Heuvelland,2020-07-18,0,23
Heuvelland,2020-07-20,0,23
Heuvelland,2020-07-21,0,23
Heuvelland,2020-07-22,0,23
Heuvelland,2020-07-23,0,23
Heuvelland,2020-07-24,0,23
Heuvelland,2020-07-25,0,23
Heuvelland,2020-07-26,0,23
Heuvelland,2020-07-27,0,23
Heuvelland,2020-07-28,0,23
Heuvelland,2020-07-29,0,23
Heuvelland,2020-07-30,0,23
Heuvelland,2020-07-31,0,23
Langemark-Poelkapelle,2020-04-01,1,11
Langemark-Poelkapelle,2020-04-02,0,11
Langemark-Poelkapelle,2020-04-03,3,14
Langemark-Poelkapelle,2020-04-04,0,14
Langemark-Poelkapelle,2020-04-05,0,14
Langemark-Poelkapelle,2020-04-06,0,14
Langemark-Poelkapelle,2020-04-07,0,14
Langemark-Poelkapelle,2020-04-08,0,14
Langemark-Poelkapelle,2020-04-09,3,17
Langemark-Poelkapelle,2020-04-10,0,17
Langemark-Poelkapelle,2020-04-11,0,17
Langemark-Poelkapelle,2020-04-12,1,18
Langemark-Poelkapelle,2020-04-13,1,19
Langemark-Poelkapelle,2020-04-14,0,19
Langemark-Poelkapelle,2020-04-15,0,19
Langemark-Poelkapelle,2020-04-16,1,20
Langemark-Poelkapelle,2020-04-17,2,22
Langemark-Poelkapelle,2020-04-18,1,23
Langemark-Poelkapelle,2020-04-19,2,25
Langemark-Poelkapelle,2020-04-20,1,26
Langemark-Poelkapelle,2020-04-21,0,26
Langemark-Poelkapelle,2020-04-22,0,26
Langemark-Poelkapelle,2020-04-23,0,26
Langemark-Poelkapelle,2020-04-24,0,26
Langemark-Poelkapelle,2020-04-25,0,26
Langemark-Poelkapelle,2020-04-26,0,26
Langemark-Poelkapelle,2020-04-27,0,26
Langemark-Poelkapelle,2020-04-28,0,26
Langemark-Poelkapelle,2020-04-29,0,26
Langemark-Poelkapelle,2020-04-30,0,26
Langemark-Poelkapelle,2020-05-01,0,26
Langemark-Poelkapelle,2020-05-02,1,27
Langemark-Poelkapelle,2020-05-03,0,27
Langemark-Poelkapelle,2020-05-04,0,27
Langemark-Poelkapelle,2020-05-05,0,27
Langemark-Poelkapelle,2020-05-06,0,27
Langemark-Poelkapelle,2020-05-07,2,29
Langemark-Poelkapelle,2020-05-08,0,29
Langemark-Poelkapelle,2020-05-09,0,29
Langemark-Poelkapelle,2020-05-10,0,29
Langemark-Poelkapelle,2020-05-11,0,29
Langemark-Poelkapelle,2020-05-12,0,29
Langemark-Poelkapelle,2020-05-13,0,29
Langemark-Poelkapelle,2020-05-14,0,29
Langemark-Poelkapelle,2020-05-15,1,30
Langemark-Poelkapelle,2020-05-16,1,31
Langemark-Poelkapelle,2020-05-17,0,31
Langemark-Poelkapelle,2020-05-18,0,31
Langemark-Poelkapelle,2020-05-19,0,31
Langemark-Poelkapelle,2020-05-20,2,33
Langemark-Poelkapelle,2020-05-21,1,34
Langemark-Poelkapelle,2020-05-22,0,34
Langemark-Poelkapelle,2020-05-23,1,35
Langemark-Poelkapelle,2020-05-24,0,35
Langemark-Poelkapelle,2020-05-25,0,35
Langemark-Poelkapelle,2020-05-26,0,35
Langemark-Poelkapelle,2020-05-27,0,35
Langemark-Poelkapelle,2020-05-28,0,35
Langemark-Poelkapelle,2020-05-29,0,35
Langemark-Poelkapelle,2020-05-30,0,35
Langemark-Poelkapelle,2020-05-31,0,35
Langemark-Poelkapelle,2020-06-01,0,35
Langemark-Poelkapelle,2020-06-02,0,35
Langemark-Poelkapelle,2020-06-03,0,35
Langemark-Poelkapelle,2020-06-04,0,35
Langemark-Poelkapelle,2020-06-05,0,35
Langemark-Poelkapelle,2020-06-06,0,35
Langemark-Poelkapelle,2020-06-07,0,35
Langemark-Poelkapelle,2020-06-08,0,35
Langemark-Poelkapelle,2020-06-09,0,35
Langemark-Poelkapelle,2020-06-10,0,35
Langemark-Poelkapelle,2020-06-11,0,35
Langemark-Poelkapelle,2020-06-12,0,35
Langemark-Poelkapelle,2020-06-13,0,35
Langemark-Poelkapelle,2020-06-14,0,35
Langemark-Poelkapelle,2020-06-15,0,35
Langemark-Poelkapelle,2020-06-16,0,35
Langemark-Poelkapelle,2020-06-17,0,35
Langemark-Poelkapelle,2020-06-18,0,35
Langemark-Poelkapelle,2020-06-19,0,35
Langemark-Poelkapelle,2020-06-20,0,35
Langemark-Poelkapelle,2020-06-23,0,35
Langemark-Poelkapelle,2020-06-24,0,35
Langemark-Poelkapelle,2020-06-25,0,35
Langemark-Poelkapelle,2020-06-26,0,35
Langemark-Poelkapelle,2020-06-27,0,35
Langemark-Poelkapelle,2020-06-30,1,36
Langemark-Poelkapelle,2020-07-01,0,36
Langemark-Poelkapelle,2020-07-02,0,36
Langemark-Poelkapelle,2020-07-03,0,36
Langemark-Poelkapelle,2020-07-04,0,36
Langemark-Poelkapelle,2020-07-07,0,36
Langemark-Poelkapelle,2020-07-08,0,36
Langemark-Poelkapelle,2020-07-09,0,36
Langemark-Poelkapelle,2020-07-10,0,36
Langemark-Poelkapelle,2020-07-11,0,36
Langemark-Poelkapelle,2020-07-14,0,36
Langemark-Poelkapelle,2020-07-15,0,36
Langemark-Poelkapelle,2020-07-16,0,36
Langemark-Poelkapelle,2020-07-17,0,36
Langemark-Poelkapelle,2020-07-18,0,36
Langemark-Poelkapelle,2020-07-20,0,36
Langemark-Poelkapelle,2020-07-21,0,36
Langemark-Poelkapelle,2020-07-22,0,36
Langemark-Poelkapelle,2020-07-23,0,36
Langemark-Poelkapelle,2020-07-24,0,36
Langemark-Poelkapelle,2020-07-25,0,36
Langemark-Poelkapelle,2020-07-26,0,36
Langemark-Poelkapelle,2020-07-27,1,37
Langemark-Poelkapelle,2020-07-28,0,37
Langemark-Poelkapelle,2020-07-29,1,38
Langemark-Poelkapelle,2020-07-30,0,38
Langemark-Poelkapelle,2020-07-31,1,39
Vleteren,2020-04-01,0,0
Vleteren,2020-04-02,0,0
Vleteren,2020-04-03,0,0
Vleteren,2020-04-04,0,0
Vleteren,2020-04-05,0,0
Vleteren,2020-04-06,0,0
Vleteren,2020-04-07,0,0
Vleteren,2020-04-08,0,0
Vleteren,2020-04-09,0,0
Vleteren,2020-04-10,0,0
Vleteren,2020-04-11,0,0
Vleteren,2020-04-12,0,0
Vleteren,2020-04-13,0,0
Vleteren,2020-04-14,0,0
Vleteren,2020-04-15,0,0
Vleteren,2020-04-16,0,0
Vleteren,2020-04-17,0,0
Vleteren,2020-04-18,0,0
Vleteren,2020-04-19,0,0
Vleteren,2020-04-20,0,0
Vleteren,2020-04-21,0,0
Vleteren,2020-04-22,0,0
Vleteren,2020-04-23,0,0
Vleteren,2020-04-24,0,0
Vleteren,2020-04-25,0,0
Vleteren,2020-04-26,0,0
Vleteren,2020-04-27,0,0
Vleteren,2020-04-28,0,0
Vleteren,2020-04-29,0,0
Vleteren,2020-04-30,0,0
Vleteren,2020-05-01,0,0
Vleteren,2020-05-02,0,0
Vleteren,2020-05-03,0,0
Vleteren,2020-05-04,0,0
Vleteren,2020-05-05,0,0
Vleteren,2020-05-06,0,0
Vleteren,2020-05-07,0,0
Vleteren,2020-05-08,0,0
Vleteren,2020-05-09,0,0
Vleteren,2020-05-10,5,5
Vleteren,2020-05-11,0,5
Vleteren,2020-05-12,0,5
Vleteren,2020-05-13,0,5
Vleteren,2020-05-14,0,5
Vleteren,2020-05-15,0,5
Vleteren,2020-05-16,0,5
Vleteren,2020-05-17,0,5
Vleteren,2020-05-18,0,5
Vleteren,2020-05-19,0,5
Vleteren,2020-05-20,0,5
Vleteren,2020-05-21,0,5
Vleteren,2020-05-22,0,5
Vleteren,2020-05-23,1,6
Vleteren,2020-05-24,0,6
Vleteren,2020-05-25,0,6
Vleteren,2020-05-26,0,6
Vleteren,2020-05-27,0,6
Vleteren,2020-05-28,0,6
Vleteren,2020-05-29,0,6
Vleteren,2020-05-30,0,6
Vleteren,2020-05-31,0,6
Vleteren,2020-06-01,0,6
Vleteren,2020-06-02,0,6
Vleteren,2020-06-03,0,6
Vleteren,2020-06-04,0,6
Vleteren,2020-06-05,0,6
Vleteren,2020-06-06,0,6
Vleteren,2020-06-07,0,6
Vleteren,2020-06-08,0,6
Vleteren,2020-06-09,0,6
Vleteren,2020-06-10,0,6
Vleteren,2020-06-11,0,6
Vleteren,2020-06-12,0,6
Vleteren,2020-06-13,0,6
Vleteren,2020-06-14,0,6
Vleteren,2020-06-15,0,6
Vleteren,2020-06-16,0,6
Vleteren,2020-06-17,0,6
Vleteren,2020-06-18,0,6
Vleteren,2020-06-19,0,6
Vleteren,2020-06-20,0,6
Vleteren,2020-06-23,0,6
Vleteren,2020-06-24,0,6
Vleteren,2020-06-25,0,6
Vleteren,2020-06-26,0,6
Vleteren,2020-06-27,0,6
Vleteren,2020-06-30,0,6
Vleteren,2020-07-01,0,6
Vleteren,2020-07-02,0,6
Vleteren,2020-07-03,0,6
Vleteren,2020-07-04,0,6
Vleteren,2020-07-07,0,6
Vleteren,2020-07-08,0,6
Vleteren,2020-07-09,0,6
Vleteren,2020-07-10,0,6
Vleteren,2020-07-11,0,6
Vleteren,2020-07-14,0,6
Vleteren,2020-07-15,0,6
Vleteren,2020-07-16,0,6
Vleteren,2020-07-17,0,6
Vleteren,2020-07-18,0,6
Vleteren,2020-07-20,0,6
Vleteren,2020-07-21,0,6
Vleteren,2020-07-22,0,6
Vleteren,2020-07-23,0,6
Vleteren,2020-07-24,0,6
Vleteren,2020-07-25,0,6
Vleteren,2020-07-26,0,6
Vleteren,2020-07-27,1,7
Vleteren,2020-07-28,0,7
Vleteren,2020-07-29,0,7
Vleteren,2020-07-30,1,8
Vleteren,2020-07-31,0,8
Anzegem,2020-04-01,4,14
Anzegem,2020-04-02,2,16
Anzegem,2020-04-03,1,17
Anzegem,2020-04-04,1,18
Anzegem,2020-04-05,2,20
Anzegem,2020-04-06,1,21
Anzegem,2020-04-07,2,23
Anzegem,2020-04-08,1,24
Anzegem,2020-04-09,3,27
Anzegem,2020-04-10,7,34
Anzegem,2020-04-11,2,36
Anzegem,2020-04-12,2,38
Anzegem,2020-04-13,2,40
Anzegem,2020-04-14,2,42
Anzegem,2020-04-15,4,46
Anzegem,2020-04-16,9,55
Anzegem,2020-04-17,1,56
Anzegem,2020-04-18,0,56
Anzegem,2020-04-19,1,57
Anzegem,2020-04-20,6,63
Anzegem,2020-04-21,1,64
Anzegem,2020-04-22,0,64
Anzegem,2020-04-23,2,66
Anzegem,2020-04-24,4,70
Anzegem,2020-04-25,4,74
Anzegem,2020-04-26,0,74
Anzegem,2020-04-27,0,74
Anzegem,2020-04-28,1,75
Anzegem,2020-04-29,3,78
Anzegem,2020-04-30,0,78
Anzegem,2020-05-01,2,80
Anzegem,2020-05-02,1,81
Anzegem,2020-05-03,0,81
Anzegem,2020-05-04,2,83
Anzegem,2020-05-05,1,84
Anzegem,2020-05-06,0,84
Anzegem,2020-05-07,1,85
Anzegem,2020-05-08,1,86
Anzegem,2020-05-09,1,87
Anzegem,2020-05-10,3,90
Anzegem,2020-05-11,0,90
Anzegem,2020-05-12,0,90
Anzegem,2020-05-13,0,90
Anzegem,2020-05-14,0,90
Anzegem,2020-05-15,1,91
Anzegem,2020-05-16,0,91
Anzegem,2020-05-17,1,92
Anzegem,2020-05-18,0,92
Anzegem,2020-05-19,1,93
Anzegem,2020-05-20,0,93
Anzegem,2020-05-21,0,93
Anzegem,2020-05-22,1,94
Anzegem,2020-05-23,0,94
Anzegem,2020-05-24,0,94
Anzegem,2020-05-25,1,95
Anzegem,2020-05-26,0,95
Anzegem,2020-05-27,0,95
Anzegem,2020-05-28,0,95
Anzegem,2020-05-29,0,95
Anzegem,2020-05-30,0,95
Anzegem,2020-05-31,1,96
Anzegem,2020-06-01,0,96
Anzegem,2020-06-02,0,96
Anzegem,2020-06-03,0,96
Anzegem,2020-06-04,0,96
Anzegem,2020-06-05,0,96
Anzegem,2020-06-06,0,96
Anzegem,2020-06-07,0,96
Anzegem,2020-06-08,0,96
Anzegem,2020-06-09,0,96
Anzegem,2020-06-10,0,96
Anzegem,2020-06-11,0,96
Anzegem,2020-06-12,0,96
Anzegem,2020-06-13,0,96
Anzegem,2020-06-14,0,96
Anzegem,2020-06-15,0,96
Anzegem,2020-06-16,0,96
Anzegem,2020-06-17,0,96
Anzegem,2020-06-18,0,96
Anzegem,2020-06-19,0,96
Anzegem,2020-06-20,0,96
Anzegem,2020-06-23,1,97
Anzegem,2020-06-24,0,97
Anzegem,2020-06-25,0,97
Anzegem,2020-06-26,0,97
Anzegem,2020-06-27,0,97
Anzegem,2020-06-30,0,97
Anzegem,2020-07-01,0,97
Anzegem,2020-07-02,0,97
Anzegem,2020-07-03,0,97
Anzegem,2020-07-04,0,97
Anzegem,2020-07-07,0,97
Anzegem,2020-07-08,0,97
Anzegem,2020-07-09,1,98
Anzegem,2020-07-10,1,99
Anzegem,2020-07-11,0,99
Anzegem,2020-07-14,0,99
Anzegem,2020-07-15,1,100
Anzegem,2020-07-16,0,100
Anzegem,2020-07-17,0,100
Anzegem,2020-07-18,0,100
Anzegem,2020-07-20,0,100
Anzegem,2020-07-21,0,100
Anzegem,2020-07-22,0,100
Anzegem,2020-07-23,0,100
Anzegem,2020-07-24,0,100
Anzegem,2020-07-25,0,100
Anzegem,2020-07-26,0,100
Anzegem,2020-07-27,0,100
Anzegem,2020-07-28,0,100
Anzegem,2020-07-29,0,100
Anzegem,2020-07-30,0,100
Anzegem,2020-07-31,0,100
Avelgem,2020-04-01,1,11
Avelgem,2020-04-02,1,12
Avelgem,2020-04-03,1,13
Avelgem,2020-04-04,2,15
Avelgem,2020-04-05,1,16
Avelgem,2020-04-06,1,17
Avelgem,2020-04-07,0,17
Avelgem,2020-04-08,0,17
Avelgem,2020-04-09,0,17
Avelgem,2020-04-10,2,19
Avelgem,2020-04-11,1,20
Avelgem,2020-04-12,2,22
Avelgem,2020-04-13,3,25
Avelgem,2020-04-14,1,26
Avelgem,2020-04-15,2,28
Avelgem,2020-04-16,0,28
Avelgem,2020-04-17,2,30
Avelgem,2020-04-18,0,30
Avelgem,2020-04-19,4,34
Avelgem,2020-04-20,1,35
Avelgem,2020-04-21,1,36
Avelgem,2020-04-22,1,37
Avelgem,2020-04-23,1,38
Avelgem,2020-04-24,0,38
Avelgem,2020-04-25,1,39
Avelgem,2020-04-26,0,39
Avelgem,2020-04-27,0,39
Avelgem,2020-04-28,1,40
Avelgem,2020-04-29,1,41
Avelgem,2020-04-30,0,41
Avelgem,2020-05-01,1,42
Avelgem,2020-05-02,0,42
Avelgem,2020-05-03,0,42
Avelgem,2020-05-04,0,42
Avelgem,2020-05-05,0,42
Avelgem,2020-05-06,0,42
Avelgem,2020-05-07,1,43
Avelgem,2020-05-08,3,46
Avelgem,2020-05-09,1,47
Avelgem,2020-05-10,4,51
Avelgem,2020-05-11,0,51
Avelgem,2020-05-12,1,52
Avelgem,2020-05-13,2,54
Avelgem,2020-05-14,-1,53
Avelgem,2020-05-15,0,53
Avelgem,2020-05-16,2,55
Avelgem,2020-05-17,2,57
Avelgem,2020-05-18,1,58
Avelgem,2020-05-19,0,58
Avelgem,2020-05-20,1,59
Avelgem,2020-05-21,0,59
Avelgem,2020-05-22,1,60
Avelgem,2020-05-23,1,61
Avelgem,2020-05-24,0,61
Avelgem,2020-05-25,0,61
Avelgem,2020-05-26,0,61
Avelgem,2020-05-27,0,61
Avelgem,2020-05-28,0,61
Avelgem,2020-05-29,0,61
Avelgem,2020-05-30,0,61
Avelgem,2020-05-31,1,62
Avelgem,2020-06-01,0,62
Avelgem,2020-06-02,0,62
Avelgem,2020-06-03,0,62
Avelgem,2020-06-04,0,62
Avelgem,2020-06-05,0,62
Avelgem,2020-06-06,0,62
Avelgem,2020-06-07,0,62
Avelgem,2020-06-08,0,62
Avelgem,2020-06-09,0,62
Avelgem,2020-06-10,0,62
Avelgem,2020-06-11,0,62
Avelgem,2020-06-12,0,62
Avelgem,2020-06-13,0,62
Avelgem,2020-06-14,0,62
Avelgem,2020-06-15,0,62
Avelgem,2020-06-16,0,62
Avelgem,2020-06-17,0,62
Avelgem,2020-06-18,0,62
Avelgem,2020-06-19,0,62
Avelgem,2020-06-20,0,62
Avelgem,2020-06-23,0,62
Avelgem,2020-06-24,0,62
Avelgem,2020-06-25,0,62
Avelgem,2020-06-26,0,62
Avelgem,2020-06-27,0,62
Avelgem,2020-06-30,0,62
Avelgem,2020-07-01,0,62
Avelgem,2020-07-02,0,62
Avelgem,2020-07-03,0,62
Avelgem,2020-07-04,0,62
Avelgem,2020-07-07,0,62
Avelgem,2020-07-08,0,62
Avelgem,2020-07-09,0,62
Avelgem,2020-07-10,0,62
Avelgem,2020-07-11,0,62
Avelgem,2020-07-14,0,62
Avelgem,2020-07-15,0,62
Avelgem,2020-07-16,0,62
Avelgem,2020-07-17,0,62
Avelgem,2020-07-18,0,62
Avelgem,2020-07-20,0,62
Avelgem,2020-07-21,0,62
Avelgem,2020-07-22,0,62
Avelgem,2020-07-23,0,62
Avelgem,2020-07-24,0,62
Avelgem,2020-07-25,0,62
Avelgem,2020-07-26,0,62
Avelgem,2020-07-27,0,62
Avelgem,2020-07-28,0,62
Avelgem,2020-07-29,0,62
Avelgem,2020-07-30,0,62
Avelgem,2020-07-31,3,65
Deerlijk,2020-04-01,9,19
Deerlijk,2020-04-02,6,25
Deerlijk,2020-04-03,0,25
Deerlijk,2020-04-04,1,26
Deerlijk,2020-04-05,0,26
Deerlijk,2020-04-06,0,26
Deerlijk,2020-04-07,1,27
Deerlijk,2020-04-08,3,30
Deerlijk,2020-04-09,7,37
Deerlijk,2020-04-10,2,39
Deerlijk,2020-04-11,1,40
Deerlijk,2020-04-12,1,41
Deerlijk,2020-04-13,0,41
Deerlijk,2020-04-14,0,41
Deerlijk,2020-04-15,13,54
Deerlijk,2020-04-16,2,56
Deerlijk,2020-04-17,-1,55
Deerlijk,2020-04-18,2,57
Deerlijk,2020-04-19,1,58
Deerlijk,2020-04-20,0,58
Deerlijk,2020-04-21,2,60
Deerlijk,2020-04-22,1,61
Deerlijk,2020-04-23,1,62
Deerlijk,2020-04-24,1,63
Deerlijk,2020-04-25,2,65
Deerlijk,2020-04-26,0,65
Deerlijk,2020-04-27,0,65
Deerlijk,2020-04-28,1,66
Deerlijk,2020-04-29,0,66
Deerlijk,2020-04-30,0,66
Deerlijk,2020-05-01,1,67
Deerlijk,2020-05-02,0,67
Deerlijk,2020-05-03,0,67
Deerlijk,2020-05-04,0,67
Deerlijk,2020-05-05,0,67
Deerlijk,2020-05-06,0,67
Deerlijk,2020-05-07,1,68
Deerlijk,2020-05-08,0,68
Deerlijk,2020-05-09,1,69
Deerlijk,2020-05-10,0,69
Deerlijk,2020-05-11,0,69
Deerlijk,2020-05-12,0,69
Deerlijk,2020-05-13,0,69
Deerlijk,2020-05-14,1,70
Deerlijk,2020-05-15,0,70
Deerlijk,2020-05-16,0,70
Deerlijk,2020-05-17,1,71
Deerlijk,2020-05-18,0,71
Deerlijk,2020-05-19,0,71
Deerlijk,2020-05-20,0,71
Deerlijk,2020-05-21,1,72
Deerlijk,2020-05-22,0,72
Deerlijk,2020-05-23,0,72
Deerlijk,2020-05-24,0,72
Deerlijk,2020-05-25,1,73
Deerlijk,2020-05-26,0,73
Deerlijk,2020-05-27,0,73
Deerlijk,2020-05-28,0,73
Deerlijk,2020-05-29,0,73
Deerlijk,2020-05-30,0,73
Deerlijk,2020-05-31,1,74
Deerlijk,2020-06-01,0,74
Deerlijk,2020-06-02,0,74
Deerlijk,2020-06-03,0,74
Deerlijk,2020-06-04,0,74
Deerlijk,2020-06-05,0,74
Deerlijk,2020-06-06,0,74
Deerlijk,2020-06-07,0,74
Deerlijk,2020-06-08,0,74
Deerlijk,2020-06-09,0,74
Deerlijk,2020-06-10,0,74
Deerlijk,2020-06-11,0,74
Deerlijk,2020-06-12,0,74
Deerlijk,2020-06-13,0,74
Deerlijk,2020-06-14,0,74
Deerlijk,2020-06-15,0,74
Deerlijk,2020-06-16,0,74
Deerlijk,2020-06-17,0,74
Deerlijk,2020-06-18,1,75
Deerlijk,2020-06-19,0,75
Deerlijk,2020-06-20,0,75
Deerlijk,2020-06-23,1,76
Deerlijk,2020-06-24,1,77
Deerlijk,2020-06-25,1,78
Deerlijk,2020-06-26,0,78
Deerlijk,2020-06-27,0,78
Deerlijk,2020-06-30,0,78
Deerlijk,2020-07-01,0,78
Deerlijk,2020-07-02,1,79
Deerlijk,2020-07-03,0,79
Deerlijk,2020-07-04,0,79
Deerlijk,2020-07-07,0,79
Deerlijk,2020-07-08,0,79
Deerlijk,2020-07-09,0,79
Deerlijk,2020-07-10,0,79
Deerlijk,2020-07-11,0,79
Deerlijk,2020-07-14,0,79
Deerlijk,2020-07-15,0,79
Deerlijk,2020-07-16,0,79
Deerlijk,2020-07-17,0,79
Deerlijk,2020-07-18,0,79
Deerlijk,2020-07-20,0,79
Deerlijk,2020-07-21,0,79
Deerlijk,2020-07-22,0,79
Deerlijk,2020-07-23,0,79
Deerlijk,2020-07-24,1,80
Deerlijk,2020-07-25,0,80
Deerlijk,2020-07-26,0,80
Deerlijk,2020-07-27,0,80
Deerlijk,2020-07-28,0,80
Deerlijk,2020-07-29,2,82
Deerlijk,2020-07-30,1,83
Deerlijk,2020-07-31,5,88
Harelbeke,2020-04-01,3,51
Harelbeke,2020-04-02,10,61
Harelbeke,2020-04-03,9,70
Harelbeke,2020-04-04,8,78
Harelbeke,2020-04-05,4,82
Harelbeke,2020-04-06,5,87
Harelbeke,2020-04-07,9,96
Harelbeke,2020-04-08,3,99
Harelbeke,2020-04-09,12,111
Harelbeke,2020-04-10,10,121
Harelbeke,2020-04-11,7,128
Harelbeke,2020-04-12,9,137
Harelbeke,2020-04-13,4,141
Harelbeke,2020-04-14,0,141
Harelbeke,2020-04-15,1,142
Harelbeke,2020-04-16,5,147
Harelbeke,2020-04-17,6,153
Harelbeke,2020-04-18,3,156
Harelbeke,2020-04-19,3,159
Harelbeke,2020-04-20,6,165
Harelbeke,2020-04-21,6,171
Harelbeke,2020-04-22,3,174
Harelbeke,2020-04-23,1,175
Harelbeke,2020-04-24,1,176
Harelbeke,2020-04-25,4,180
Harelbeke,2020-04-26,5,185
Harelbeke,2020-04-27,1,186
Harelbeke,2020-04-28,1,187
Harelbeke,2020-04-29,2,189
Harelbeke,2020-04-30,1,190
Harelbeke,2020-05-01,0,190
Harelbeke,2020-05-02,1,191
Harelbeke,2020-05-03,2,193
Harelbeke,2020-05-04,3,196
Harelbeke,2020-05-05,0,196
Harelbeke,2020-05-06,0,196
Harelbeke,2020-05-07,2,198
Harelbeke,2020-05-08,4,202
Harelbeke,2020-05-09,1,203
Harelbeke,2020-05-10,6,209
Harelbeke,2020-05-11,1,210
Harelbeke,2020-05-12,0,210
Harelbeke,2020-05-13,1,211
Harelbeke,2020-05-14,0,211
Harelbeke,2020-05-15,4,215
Harelbeke,2020-05-16,8,223
Harelbeke,2020-05-17,3,226
Harelbeke,2020-05-18,1,227
Harelbeke,2020-05-19,3,230
Harelbeke,2020-05-20,0,230
Harelbeke,2020-05-21,2,232
Harelbeke,2020-05-22,9,241
Harelbeke,2020-05-23,2,243
Harelbeke,2020-05-24,1,244
Harelbeke,2020-05-25,0,244
Harelbeke,2020-05-26,1,245
Harelbeke,2020-05-27,0,245
Harelbeke,2020-05-28,1,246
Harelbeke,2020-05-29,2,248
Harelbeke,2020-05-30,0,248
Harelbeke,2020-05-31,0,248
Harelbeke,2020-06-01,0,248
Harelbeke,2020-06-02,0,248
Harelbeke,2020-06-03,0,248
Harelbeke,2020-06-04,1,249
Harelbeke,2020-06-05,0,249
Harelbeke,2020-06-06,0,249
Harelbeke,2020-06-07,2,251
Harelbeke,2020-06-08,0,251
Harelbeke,2020-06-09,0,251
Harelbeke,2020-06-10,0,251
Harelbeke,2020-06-11,0,251
Harelbeke,2020-06-12,0,251
Harelbeke,2020-06-13,0,251
Harelbeke,2020-06-14,0,251
Harelbeke,2020-06-15,0,251
Harelbeke,2020-06-16,5,256
Harelbeke,2020-06-17,0,256
Harelbeke,2020-06-18,5,261
Harelbeke,2020-06-19,6,267
Harelbeke,2020-06-20,1,268
Harelbeke,2020-06-23,3,271
Harelbeke,2020-06-24,0,271
Harelbeke,2020-06-25,0,271
Harelbeke,2020-06-26,0,271
Harelbeke,2020-06-27,0,271
Harelbeke,2020-06-30,0,271
Harelbeke,2020-07-01,4,275
Harelbeke,2020-07-02,0,275
Harelbeke,2020-07-03,0,275
Harelbeke,2020-07-04,1,276
Harelbeke,2020-07-07,1,277
Harelbeke,2020-07-08,1,278
Harelbeke,2020-07-09,0,278
Harelbeke,2020-07-10,1,279
Harelbeke,2020-07-11,0,279
Harelbeke,2020-07-14,0,279
Harelbeke,2020-07-15,0,279
Harelbeke,2020-07-16,0,279
Harelbeke,2020-07-17,0,279
Harelbeke,2020-07-18,0,279
Harelbeke,2020-07-20,0,279
Harelbeke,2020-07-21,1,280
Harelbeke,2020-07-22,0,280
Harelbeke,2020-07-23,0,280
Harelbeke,2020-07-24,2,282
Harelbeke,2020-07-25,0,282
Harelbeke,2020-07-26,1,283
Harelbeke,2020-07-27,0,283
Harelbeke,2020-07-28,0,283
Harelbeke,2020-07-29,0,283
Harelbeke,2020-07-30,0,283
Harelbeke,2020-07-31,4,287
Kortrijk,2020-04-01,9,121
Kortrijk,2020-04-02,17,138
Kortrijk,2020-04-03,8,146
Kortrijk,2020-04-04,9,155
Kortrijk,2020-04-05,3,158
Kortrijk,2020-04-06,15,173
Kortrijk,2020-04-07,8,181
Kortrijk,2020-04-08,12,193
Kortrijk,2020-04-09,22,215
Kortrijk,2020-04-10,23,238
Kortrijk,2020-04-11,6,244
Kortrijk,2020-04-12,49,293
Kortrijk,2020-04-13,13,306
Kortrijk,2020-04-14,17,323
Kortrijk,2020-04-15,0,323
Kortrijk,2020-04-16,3,326
Kortrijk,2020-04-17,16,342
Kortrijk,2020-04-18,5,347
Kortrijk,2020-04-19,19,366
Kortrijk,2020-04-20,29,395
Kortrijk,2020-04-21,31,426
Kortrijk,2020-04-22,4,430
Kortrijk,2020-04-23,8,438
Kortrijk,2020-04-24,8,446
Kortrijk,2020-04-25,0,446
Kortrijk,2020-04-26,4,450
Kortrijk,2020-04-27,0,450
Kortrijk,2020-04-28,3,453
Kortrijk,2020-04-29,1,454
Kortrijk,2020-04-30,6,460
Kortrijk,2020-05-01,2,462
Kortrijk,2020-05-02,3,465
Kortrijk,2020-05-03,1,466
Kortrijk,2020-05-04,1,467
Kortrijk,2020-05-05,0,467
Kortrijk,2020-05-06,1,468
Kortrijk,2020-05-07,16,484
Kortrijk,2020-05-08,1,485
Kortrijk,2020-05-09,3,488
Kortrijk,2020-05-10,4,492
Kortrijk,2020-05-11,0,492
Kortrijk,2020-05-12,0,492
Kortrijk,2020-05-13,3,495
Kortrijk,2020-05-14,1,496
Kortrijk,2020-05-15,14,510
Kortrijk,2020-05-16,7,517
Kortrijk,2020-05-17,1,518
Kortrijk,2020-05-18,2,520
Kortrijk,2020-05-19,1,521
Kortrijk,2020-05-20,0,521
Kortrijk,2020-05-21,2,523
Kortrijk,2020-05-22,2,525
Kortrijk,2020-05-23,1,526
Kortrijk,2020-05-24,2,528
Kortrijk,2020-05-25,0,528
Kortrijk,2020-05-26,1,529
Kortrijk,2020-05-27,2,531
Kortrijk,2020-05-28,0,531
Kortrijk,2020-05-29,6,537
Kortrijk,2020-05-30,0,537
Kortrijk,2020-05-31,1,538
Kortrijk,2020-06-01,0,538
Kortrijk,2020-06-02,0,538
Kortrijk,2020-06-03,2,540
Kortrijk,2020-06-04,2,542
Kortrijk,2020-06-05,1,543
Kortrijk,2020-06-06,3,546
Kortrijk,2020-06-07,2,548
Kortrijk,2020-06-08,1,549
Kortrijk,2020-06-09,0,549
Kortrijk,2020-06-10,1,550
Kortrijk,2020-06-11,2,552
Kortrijk,2020-06-12,1,553
Kortrijk,2020-06-13,0,553
Kortrijk,2020-06-14,0,553
Kortrijk,2020-06-15,0,553
Kortrijk,2020-06-16,0,553
Kortrijk,2020-06-17,0,553
Kortrijk,2020-06-18,1,554
Kortrijk,2020-06-19,0,554
Kortrijk,2020-06-20,0,554
Kortrijk,2020-06-23,3,557
Kortrijk,2020-06-24,1,558
Kortrijk,2020-06-25,2,560
Kortrijk,2020-06-26,0,560
Kortrijk,2020-06-27,0,560
Kortrijk,2020-06-30,0,560
Kortrijk,2020-07-01,2,562
Kortrijk,2020-07-02,0,562
Kortrijk,2020-07-03,1,563
Kortrijk,2020-07-04,5,568
Kortrijk,2020-07-07,0,568
Kortrijk,2020-07-08,3,571
Kortrijk,2020-07-09,0,571
Kortrijk,2020-07-10,1,572
Kortrijk,2020-07-11,0,572
Kortrijk,2020-07-14,9,581
Kortrijk,2020-07-15,2,583
Kortrijk,2020-07-16,2,585
Kortrijk,2020-07-17,2,587
Kortrijk,2020-07-18,6,593
Kortrijk,2020-07-20,0,593
Kortrijk,2020-07-21,0,593
Kortrijk,2020-07-22,0,593
Kortrijk,2020-07-23,1,594
Kortrijk,2020-07-24,2,596
Kortrijk,2020-07-25,1,597
Kortrijk,2020-07-26,0,597
Kortrijk,2020-07-27,0,597
Kortrijk,2020-07-28,0,597
Kortrijk,2020-07-29,2,599
Kortrijk,2020-07-30,2,601
Kortrijk,2020-07-31,23,624
Kuurne,2020-04-01,4,14
Kuurne,2020-04-02,5,19
Kuurne,2020-04-03,3,22
Kuurne,2020-04-04,2,24
Kuurne,2020-04-05,1,25
Kuurne,2020-04-06,3,28
Kuurne,2020-04-07,0,28
Kuurne,2020-04-08,2,30
Kuurne,2020-04-09,2,32
Kuurne,2020-04-10,5,37
Kuurne,2020-04-11,7,44
Kuurne,2020-04-12,3,47
Kuurne,2020-04-13,3,50
Kuurne,2020-04-14,2,52
Kuurne,2020-04-15,2,54
Kuurne,2020-04-16,2,56
Kuurne,2020-04-17,0,56
Kuurne,2020-04-18,3,59
Kuurne,2020-04-19,1,60
Kuurne,2020-04-20,1,61
Kuurne,2020-04-21,0,61
Kuurne,2020-04-22,2,63
Kuurne,2020-04-23,2,65
Kuurne,2020-04-24,0,65
Kuurne,2020-04-25,0,65
Kuurne,2020-04-26,2,67
Kuurne,2020-04-27,0,67
Kuurne,2020-04-28,0,67
Kuurne,2020-04-29,2,69
Kuurne,2020-04-30,0,69
Kuurne,2020-05-01,0,69
Kuurne,2020-05-02,1,70
Kuurne,2020-05-03,0,70
Kuurne,2020-05-04,0,70
Kuurne,2020-05-05,1,71
Kuurne,2020-05-06,0,71
Kuurne,2020-05-07,1,72
Kuurne,2020-05-08,0,72
Kuurne,2020-05-09,1,73
Kuurne,2020-05-10,2,75
Kuurne,2020-05-11,2,77
Kuurne,2020-05-12,0,77
Kuurne,2020-05-13,2,79
Kuurne,2020-05-14,0,79
Kuurne,2020-05-15,1,80
Kuurne,2020-05-16,1,81
Kuurne,2020-05-17,1,82
Kuurne,2020-05-18,0,82
Kuurne,2020-05-19,0,82
Kuurne,2020-05-20,1,83
Kuurne,2020-05-21,1,84
Kuurne,2020-05-22,0,84
Kuurne,2020-05-23,0,84
Kuurne,2020-05-24,0,84
Kuurne,2020-05-25,0,84
Kuurne,2020-05-26,1,85
Kuurne,2020-05-27,0,85
Kuurne,2020-05-28,1,86
Kuurne,2020-05-29,0,86
Kuurne,2020-05-30,0,86
Kuurne,2020-05-31,0,86
Kuurne,2020-06-01,0,86
Kuurne,2020-06-02,0,86
Kuurne,2020-06-03,1,87
Kuurne,2020-06-04,0,87
Kuurne,2020-06-05,0,87
Kuurne,2020-06-06,0,87
Kuurne,2020-06-07,0,87
Kuurne,2020-06-08,0,87
Kuurne,2020-06-09,0,87
Kuurne,2020-06-10,0,87
Kuurne,2020-06-11,0,87
Kuurne,2020-06-12,0,87
Kuurne,2020-06-13,0,87
Kuurne,2020-06-14,0,87
Kuurne,2020-06-15,0,87
Kuurne,2020-06-16,0,87
Kuurne,2020-06-17,0,87
Kuurne,2020-06-18,0,87
Kuurne,2020-06-19,0,87
Kuurne,2020-06-20,0,87
Kuurne,2020-06-23,0,87
Kuurne,2020-06-24,0,87
Kuurne,2020-06-25,0,87
Kuurne,2020-06-26,0,87
Kuurne,2020-06-27,0,87
Kuurne,2020-06-30,0,87
Kuurne,2020-07-01,2,89
Kuurne,2020-07-02,0,89
Kuurne,2020-07-03,0,89
Kuurne,2020-07-04,0,89
Kuurne,2020-07-07,0,89
Kuurne,2020-07-08,2,91
Kuurne,2020-07-09,1,92
Kuurne,2020-07-10,0,92
Kuurne,2020-07-11,0,92
Kuurne,2020-07-14,0,92
Kuurne,2020-07-15,1,93
Kuurne,2020-07-16,0,93
Kuurne,2020-07-17,1,94
Kuurne,2020-07-18,0,94
Kuurne,2020-07-20,0,94
Kuurne,2020-07-21,0,94
Kuurne,2020-07-22,0,94
Kuurne,2020-07-23,0,94
Kuurne,2020-07-24,0,94
Kuurne,2020-07-25,0,94
Kuurne,2020-07-26,0,94
Kuurne,2020-07-27,0,94
Kuurne,2020-07-28,1,95
Kuurne,2020-07-29,0,95
Kuurne,2020-07-30,0,95
Kuurne,2020-07-31,0,95
Lendelede,2020-04-01,0,0
Lendelede,2020-04-02,0,0
Lendelede,2020-04-03,0,0
Lendelede,2020-04-04,5,5
Lendelede,2020-04-05,1,6
Lendelede,2020-04-06,0,6
Lendelede,2020-04-07,1,7
Lendelede,2020-04-08,1,8
Lendelede,2020-04-09,0,8
Lendelede,2020-04-10,3,11
Lendelede,2020-04-11,5,16
Lendelede,2020-04-12,12,28
Lendelede,2020-04-13,0,28
Lendelede,2020-04-14,0,28
Lendelede,2020-04-15,0,28
Lendelede,2020-04-16,0,28
Lendelede,2020-04-17,1,29
Lendelede,2020-04-18,1,30
Lendelede,2020-04-19,0,30
Lendelede,2020-04-20,0,30
Lendelede,2020-04-21,-1,29
Lendelede,2020-04-22,0,29
Lendelede,2020-04-23,0,29
Lendelede,2020-04-24,0,29
Lendelede,2020-04-25,0,29
Lendelede,2020-04-26,0,29
Lendelede,2020-04-27,0,29
Lendelede,2020-04-28,0,29
Lendelede,2020-04-29,0,29
Lendelede,2020-04-30,0,29
Lendelede,2020-05-01,0,29
Lendelede,2020-05-02,0,29
Lendelede,2020-05-03,0,29
Lendelede,2020-05-04,0,29
Lendelede,2020-05-05,0,29
Lendelede,2020-05-06,0,29
Lendelede,2020-05-07,0,29
Lendelede,2020-05-08,0,29
Lendelede,2020-05-09,0,29
Lendelede,2020-05-10,0,29
Lendelede,2020-05-11,0,29
Lendelede,2020-05-12,0,29
Lendelede,2020-05-13,0,29
Lendelede,2020-05-14,0,29
Lendelede,2020-05-15,1,30
Lendelede,2020-05-16,0,30
Lendelede,2020-05-17,0,30
Lendelede,2020-05-18,0,30
Lendelede,2020-05-19,1,31
Lendelede,2020-05-20,0,31
Lendelede,2020-05-21,0,31
Lendelede,2020-05-22,0,31
Lendelede,2020-05-23,0,31
Lendelede,2020-05-24,0,31
Lendelede,2020-05-25,0,31
Lendelede,2020-05-26,0,31
Lendelede,2020-05-27,0,31
Lendelede,2020-05-28,0,31
Lendelede,2020-05-29,0,31
Lendelede,2020-05-30,0,31
Lendelede,2020-05-31,1,32
Lendelede,2020-06-01,0,32
Lendelede,2020-06-02,0,32
Lendelede,2020-06-03,0,32
Lendelede,2020-06-04,0,32
Lendelede,2020-06-05,0,32
Lendelede,2020-06-06,0,32
Lendelede,2020-06-07,0,32
Lendelede,2020-06-08,0,32
Lendelede,2020-06-09,0,32
Lendelede,2020-06-10,1,33
Lendelede,2020-06-11,0,33
Lendelede,2020-06-12,0,33
Lendelede,2020-06-13,0,33
Lendelede,2020-06-14,0,33
Lendelede,2020-06-15,0,33
Lendelede,2020-06-16,0,33
Lendelede,2020-06-17,0,33
Lendelede,2020-06-18,0,33
Lendelede,2020-06-19,0,33
Lendelede,2020-06-20,0,33
Lendelede,2020-06-23,0,33
Lendelede,2020-06-24,0,33
Lendelede,2020-06-25,0,33
Lendelede,2020-06-26,0,33
Lendelede,2020-06-27,0,33
Lendelede,2020-06-30,0,33
Lendelede,2020-07-01,0,33
Lendelede,2020-07-02,1,34
Lendelede,2020-07-03,0,34
Lendelede,2020-07-04,0,34
Lendelede,2020-07-07,0,34
Lendelede,2020-07-08,1,35
Lendelede,2020-07-09,0,35
Lendelede,2020-07-10,3,38
Lendelede,2020-07-11,0,38
Lendelede,2020-07-14,1,39
Lendelede,2020-07-15,0,39
Lendelede,2020-07-16,0,39
Lendelede,2020-07-17,0,39
Lendelede,2020-07-18,1,40
Lendelede,2020-07-20,0,40
Lendelede,2020-07-21,0,40
Lendelede,2020-07-22,0,40
Lendelede,2020-07-23,0,40
Lendelede,2020-07-24,1,41
Lendelede,2020-07-25,1,42
Lendelede,2020-07-26,0,42
Lendelede,2020-07-27,0,42
Lendelede,2020-07-28,0,42
Lendelede,2020-07-29,0,42
Lendelede,2020-07-30,0,42
Lendelede,2020-07-31,3,45
Menen,2020-04-01,6,60
Menen,2020-04-02,7,67
Menen,2020-04-03,5,72
Menen,2020-04-04,4,76
Menen,2020-04-05,3,79
Menen,2020-04-06,2,81
Menen,2020-04-07,6,87
Menen,2020-04-08,0,87
Menen,2020-04-09,12,99
Menen,2020-04-10,3,102
Menen,2020-04-11,4,106
Menen,2020-04-12,8,114
Menen,2020-04-13,15,129
Menen,2020-04-14,2,131
Menen,2020-04-15,4,135
Menen,2020-04-16,4,139
Menen,2020-04-17,15,154
Menen,2020-04-18,22,176
Menen,2020-04-19,1,177
Menen,2020-04-20,16,193
Menen,2020-04-21,2,195
Menen,2020-04-22,3,198
Menen,2020-04-23,-1,197
Menen,2020-04-24,5,202
Menen,2020-04-25,8,210
Menen,2020-04-26,5,215
Menen,2020-04-27,0,215
Menen,2020-04-28,1,216
Menen,2020-04-29,2,218
Menen,2020-04-30,2,220
Menen,2020-05-01,2,222
Menen,2020-05-02,1,223
Menen,2020-05-03,1,224
Menen,2020-05-04,0,224
Menen,2020-05-05,1,225
Menen,2020-05-06,1,226
Menen,2020-05-07,4,230
Menen,2020-05-08,2,232
Menen,2020-05-09,0,232
Menen,2020-05-10,1,233
Menen,2020-05-11,0,233
Menen,2020-05-12,0,233
Menen,2020-05-13,1,234
Menen,2020-05-14,2,236
Menen,2020-05-15,0,236
Menen,2020-05-16,2,238
Menen,2020-05-17,1,239
Menen,2020-05-18,3,242
Menen,2020-05-19,1,243
Menen,2020-05-20,9,252
Menen,2020-05-21,0,252
Menen,2020-05-22,1,253
Menen,2020-05-23,0,253
Menen,2020-05-24,0,253
Menen,2020-05-25,4,257
Menen,2020-05-26,3,260
Menen,2020-05-27,0,260
Menen,2020-05-28,2,262
Menen,2020-05-29,0,262
Menen,2020-05-30,0,262
Menen,2020-05-31,1,263
Menen,2020-06-01,0,263
Menen,2020-06-02,0,263
Menen,2020-06-03,0,263
Menen,2020-06-04,1,264
Menen,2020-06-05,0,264
Menen,2020-06-06,1,265
Menen,2020-06-07,0,265
Menen,2020-06-08,0,265
Menen,2020-06-09,0,265
Menen,2020-06-10,0,265
Menen,2020-06-11,0,265
Menen,2020-06-12,0,265
Menen,2020-06-13,0,265
Menen,2020-06-14,1,266
Menen,2020-06-15,0,266
Menen,2020-06-16,0,266
Menen,2020-06-17,0,266
Menen,2020-06-18,3,269
Menen,2020-06-19,0,269
Menen,2020-06-20,1,270
Menen,2020-06-23,2,272
Menen,2020-06-24,4,276
Menen,2020-06-25,1,277
Menen,2020-06-26,0,277
Menen,2020-06-27,0,277
Menen,2020-06-30,2,279
Menen,2020-07-01,2,281
Menen,2020-07-02,1,282
Menen,2020-07-03,0,282
Menen,2020-07-04,2,284
Menen,2020-07-07,0,284
Menen,2020-07-08,1,285
Menen,2020-07-09,1,286
Menen,2020-07-10,1,287
Menen,2020-07-11,0,287
Menen,2020-07-14,3,290
Menen,2020-07-15,1,291
Menen,2020-07-16,2,293
Menen,2020-07-17,0,293
Menen,2020-07-18,1,294
Menen,2020-07-20,0,294
Menen,2020-07-21,5,299
Menen,2020-07-22,2,301
Menen,2020-07-23,3,304
Menen,2020-07-24,1,305
Menen,2020-07-25,0,305
Menen,2020-07-26,0,305
Menen,2020-07-27,0,305
Menen,2020-07-28,0,305
Menen,2020-07-29,1,306
Menen,2020-07-30,0,306
Menen,2020-07-31,0,306
Waregem,2020-04-01,2,68
Waregem,2020-04-02,11,79
Waregem,2020-04-03,5,84
Waregem,2020-04-04,9,93
Waregem,2020-04-05,7,100
Waregem,2020-04-06,3,103
Waregem,2020-04-07,2,105
Waregem,2020-04-08,6,111
Waregem,2020-04-09,13,124
Waregem,2020-04-10,7,131
Waregem,2020-04-11,0,131
Waregem,2020-04-12,6,137
Waregem,2020-04-13,1,138
Waregem,2020-04-14,1,139
Waregem,2020-04-15,147,286
Waregem,2020-04-16,8,294
Waregem,2020-04-17,-9,285
Waregem,2020-04-18,13,298
Waregem,2020-04-19,2,300
Waregem,2020-04-20,3,303
Waregem,2020-04-21,0,303
Waregem,2020-04-22,1,304
Waregem,2020-04-23,3,307
Waregem,2020-04-24,2,309
Waregem,2020-04-25,1,310
Waregem,2020-04-26,1,311
Waregem,2020-04-27,3,314
Waregem,2020-04-28,0,314
Waregem,2020-04-29,2,316
Waregem,2020-04-30,0,316
Waregem,2020-05-01,1,317
Waregem,2020-05-02,0,317
Waregem,2020-05-03,0,317
Waregem,2020-05-04,0,317
Waregem,2020-05-05,1,318
Waregem,2020-05-06,0,318
Waregem,2020-05-07,4,322
Waregem,2020-05-08,3,325
Waregem,2020-05-09,0,325
Waregem,2020-05-10,5,330
Waregem,2020-05-11,2,332
Waregem,2020-05-12,2,334
Waregem,2020-05-13,2,336
Waregem,2020-05-14,1,337
Waregem,2020-05-15,1,338
Waregem,2020-05-16,0,338
Waregem,2020-05-17,0,338
Waregem,2020-05-18,0,338
Waregem,2020-05-19,0,338
Waregem,2020-05-20,0,338
Waregem,2020-05-21,2,340
Waregem,2020-05-22,0,340
Waregem,2020-05-23,0,340
Waregem,2020-05-24,0,340
Waregem,2020-05-25,4,344
Waregem,2020-05-26,1,345
Waregem,2020-05-27,0,345
Waregem,2020-05-28,0,345
Waregem,2020-05-29,0,345
Waregem,2020-05-30,0,345
Waregem,2020-05-31,0,345
Waregem,2020-06-01,2,347
Waregem,2020-06-02,0,347
Waregem,2020-06-03,0,347
Waregem,2020-06-04,0,347
Waregem,2020-06-05,0,347
Waregem,2020-06-06,0,347
Waregem,2020-06-07,0,347
Waregem,2020-06-08,0,347
Waregem,2020-06-09,0,347
Waregem,2020-06-10,0,347
Waregem,2020-06-11,0,347
Waregem,2020-06-12,0,347
Waregem,2020-06-13,0,347
Waregem,2020-06-14,0,347
Waregem,2020-06-15,0,347
Waregem,2020-06-16,0,347
Waregem,2020-06-17,0,347
Waregem,2020-06-18,1,348
Waregem,2020-06-19,5,353
Waregem,2020-06-20,0,353
Waregem,2020-06-23,0,353
Waregem,2020-06-24,2,355
Waregem,2020-06-25,1,356
Waregem,2020-06-26,0,356
Waregem,2020-06-27,0,356
Waregem,2020-06-30,0,356
Waregem,2020-07-01,0,356
Waregem,2020-07-02,0,356
Waregem,2020-07-03,0,356
Waregem,2020-07-04,0,356
Waregem,2020-07-07,1,357
Waregem,2020-07-08,0,357
Waregem,2020-07-09,0,357
Waregem,2020-07-10,0,357
Waregem,2020-07-11,2,359
Waregem,2020-07-14,0,359
Waregem,2020-07-15,0,359
Waregem,2020-07-16,1,360
Waregem,2020-07-17,1,361
Waregem,2020-07-18,0,361
Waregem,2020-07-20,2,363
Waregem,2020-07-21,0,363
Waregem,2020-07-22,1,364
Waregem,2020-07-23,0,364
Waregem,2020-07-24,0,364
Waregem,2020-07-25,2,366
Waregem,2020-07-26,0,366
Waregem,2020-07-27,1,367
Waregem,2020-07-28,0,367
Waregem,2020-07-29,1,368
Waregem,2020-07-30,1,369
Waregem,2020-07-31,1,370
Wevelgem,2020-04-01,4,52
Wevelgem,2020-04-02,5,57
Wevelgem,2020-04-03,4,61
Wevelgem,2020-04-04,3,64
Wevelgem,2020-04-05,0,64
Wevelgem,2020-04-06,7,71
Wevelgem,2020-04-07,4,75
Wevelgem,2020-04-08,0,75
Wevelgem,2020-04-09,6,81
Wevelgem,2020-04-10,4,85
Wevelgem,2020-04-11,1,86
Wevelgem,2020-04-12,1,87
Wevelgem,2020-04-13,1,88
Wevelgem,2020-04-14,0,88
Wevelgem,2020-04-15,0,88
Wevelgem,2020-04-16,2,90
Wevelgem,2020-04-17,2,92
Wevelgem,2020-04-18,1,93
Wevelgem,2020-04-19,0,93
Wevelgem,2020-04-20,10,103
Wevelgem,2020-04-21,4,107
Wevelgem,2020-04-22,4,111
Wevelgem,2020-04-23,2,113
Wevelgem,2020-04-24,3,116
Wevelgem,2020-04-25,0,116
Wevelgem,2020-04-26,4,120
Wevelgem,2020-04-27,0,120
Wevelgem,2020-04-28,4,124
Wevelgem,2020-04-29,0,124
Wevelgem,2020-04-30,3,127
Wevelgem,2020-05-01,0,127
Wevelgem,2020-05-02,1,128
Wevelgem,2020-05-03,3,131
Wevelgem,2020-05-04,0,131
Wevelgem,2020-05-05,1,132
Wevelgem,2020-05-06,2,134
Wevelgem,2020-05-07,2,136
Wevelgem,2020-05-08,4,140
Wevelgem,2020-05-09,4,144
Wevelgem,2020-05-10,3,147
Wevelgem,2020-05-11,0,147
Wevelgem,2020-05-12,0,147
Wevelgem,2020-05-13,2,149
Wevelgem,2020-05-14,2,151
Wevelgem,2020-05-15,2,153
Wevelgem,2020-05-16,2,155
Wevelgem,2020-05-17,0,155
Wevelgem,2020-05-18,3,158
Wevelgem,2020-05-19,1,159
Wevelgem,2020-05-20,0,159
Wevelgem,2020-05-21,0,159
Wevelgem,2020-05-22,0,159
Wevelgem,2020-05-23,0,159
Wevelgem,2020-05-24,0,159
Wevelgem,2020-05-25,0,159
Wevelgem,2020-05-26,0,159
Wevelgem,2020-05-27,0,159
Wevelgem,2020-05-28,0,159
Wevelgem,2020-05-29,2,161
Wevelgem,2020-05-30,0,161
Wevelgem,2020-05-31,1,162
Wevelgem,2020-06-01,0,162
Wevelgem,2020-06-02,0,162
Wevelgem,2020-06-03,0,162
Wevelgem,2020-06-04,0,162
Wevelgem,2020-06-05,0,162
Wevelgem,2020-06-06,1,163
Wevelgem,2020-06-07,0,163
Wevelgem,2020-06-08,0,163
Wevelgem,2020-06-09,0,163
Wevelgem,2020-06-10,1,164
Wevelgem,2020-06-11,1,165
Wevelgem,2020-06-12,0,165
Wevelgem,2020-06-13,0,165
Wevelgem,2020-06-14,0,165
Wevelgem,2020-06-15,0,165
Wevelgem,2020-06-16,0,165
Wevelgem,2020-06-17,0,165
Wevelgem,2020-06-18,1,166
Wevelgem,2020-06-19,2,168
Wevelgem,2020-06-20,1,169
Wevelgem,2020-06-23,0,169
Wevelgem,2020-06-24,3,172
Wevelgem,2020-06-25,3,175
Wevelgem,2020-06-26,0,175
Wevelgem,2020-06-27,4,179
Wevelgem,2020-06-30,1,180
Wevelgem,2020-07-01,4,184
Wevelgem,2020-07-02,5,189
Wevelgem,2020-07-03,0,189
Wevelgem,2020-07-04,6,195
Wevelgem,2020-07-07,7,202
Wevelgem,2020-07-08,0,202
Wevelgem,2020-07-09,0,202
Wevelgem,2020-07-10,2,204
Wevelgem,2020-07-11,1,205
Wevelgem,2020-07-14,8,213
Wevelgem,2020-07-15,0,213
Wevelgem,2020-07-16,0,213
Wevelgem,2020-07-17,1,214
Wevelgem,2020-07-18,2,216
Wevelgem,2020-07-20,4,220
Wevelgem,2020-07-21,0,220
Wevelgem,2020-07-22,0,220
Wevelgem,2020-07-23,0,220
Wevelgem,2020-07-24,0,220
Wevelgem,2020-07-25,1,221
Wevelgem,2020-07-26,1,222
Wevelgem,2020-07-27,0,222
Wevelgem,2020-07-28,0,222
Wevelgem,2020-07-29,1,223
Wevelgem,2020-07-30,0,223
Wevelgem,2020-07-31,2,225
Zwevegem,2020-04-01,2,32
Zwevegem,2020-04-02,4,36
Zwevegem,2020-04-03,5,41
Zwevegem,2020-04-04,3,44
Zwevegem,2020-04-05,1,45
Zwevegem,2020-04-06,1,46
Zwevegem,2020-04-07,4,50
Zwevegem,2020-04-08,4,54
Zwevegem,2020-04-09,2,56
Zwevegem,2020-04-10,6,62
Zwevegem,2020-04-11,3,65
Zwevegem,2020-04-12,6,71
Zwevegem,2020-04-13,2,73
Zwevegem,2020-04-14,2,75
Zwevegem,2020-04-15,0,75
Zwevegem,2020-04-16,5,80
Zwevegem,2020-04-17,7,87
Zwevegem,2020-04-18,-1,86
Zwevegem,2020-04-19,2,88
Zwevegem,2020-04-20,5,93
Zwevegem,2020-04-21,2,95
Zwevegem,2020-04-22,3,98
Zwevegem,2020-04-23,1,99
Zwevegem,2020-04-24,1,100
Zwevegem,2020-04-25,1,101
Zwevegem,2020-04-26,2,103
Zwevegem,2020-04-27,0,103
Zwevegem,2020-04-28,0,103
Zwevegem,2020-04-29,1,104
Zwevegem,2020-04-30,1,105
Zwevegem,2020-05-01,0,105
Zwevegem,2020-05-02,3,108
Zwevegem,2020-05-03,0,108
Zwevegem,2020-05-04,2,110
Zwevegem,2020-05-05,0,110
Zwevegem,2020-05-06,1,111
Zwevegem,2020-05-07,3,114
Zwevegem,2020-05-08,1,115
Zwevegem,2020-05-09,3,118
Zwevegem,2020-05-10,0,118
Zwevegem,2020-05-11,0,118
Zwevegem,2020-05-12,0,118
Zwevegem,2020-05-13,0,118
Zwevegem,2020-05-14,1,119
Zwevegem,2020-05-15,4,123
Zwevegem,2020-05-16,0,123
Zwevegem,2020-05-17,0,123
Zwevegem,2020-05-18,2,125
Zwevegem,2020-05-19,2,127
Zwevegem,2020-05-20,0,127
Zwevegem,2020-05-21,1,128
Zwevegem,2020-05-22,1,129
Zwevegem,2020-05-23,0,129
Zwevegem,2020-05-24,1,130
Zwevegem,2020-05-25,1,131
Zwevegem,2020-05-26,1,132
Zwevegem,2020-05-27,0,132
Zwevegem,2020-05-28,0,132
Zwevegem,2020-05-29,1,133
Zwevegem,2020-05-30,1,134
Zwevegem,2020-05-31,0,134
Zwevegem,2020-06-01,0,134
Zwevegem,2020-06-02,0,134
Zwevegem,2020-06-03,0,134
Zwevegem,2020-06-04,0,134
Zwevegem,2020-06-05,0,134
Zwevegem,2020-06-06,2,136
Zwevegem,2020-06-07,-1,135
Zwevegem,2020-06-08,0,135
Zwevegem,2020-06-09,0,135
Zwevegem,2020-06-10,0,135
Zwevegem,2020-06-11,0,135
Zwevegem,2020-06-12,0,135
Zwevegem,2020-06-13,0,135
Zwevegem,2020-06-14,0,135
Zwevegem,2020-06-15,0,135
Zwevegem,2020-06-16,1,136
Zwevegem,2020-06-17,0,136
Zwevegem,2020-06-18,0,136
Zwevegem,2020-06-19,0,136
Zwevegem,2020-06-20,0,136
Zwevegem,2020-06-23,0,136
Zwevegem,2020-06-24,0,136
Zwevegem,2020-06-25,0,136
Zwevegem,2020-06-26,0,136
Zwevegem,2020-06-27,0,136
Zwevegem,2020-06-30,0,136
Zwevegem,2020-07-01,1,137
Zwevegem,2020-07-02,0,137
Zwevegem,2020-07-03,0,137
Zwevegem,2020-07-04,0,137
Zwevegem,2020-07-07,0,137
Zwevegem,2020-07-08,0,137
Zwevegem,2020-07-09,0,137
Zwevegem,2020-07-10,0,137
Zwevegem,2020-07-11,0,137
Zwevegem,2020-07-14,0,137
Zwevegem,2020-07-15,0,137
Zwevegem,2020-07-16,0,137
Zwevegem,2020-07-17,0,137
Zwevegem,2020-07-18,2,139
Zwevegem,2020-07-20,0,139
Zwevegem,2020-07-21,0,139
Zwevegem,2020-07-22,1,140
Zwevegem,2020-07-23,0,140
Zwevegem,2020-07-24,2,142
Zwevegem,2020-07-25,0,142
Zwevegem,2020-07-26,1,143
Zwevegem,2020-07-27,0,143
Zwevegem,2020-07-28,0,143
Zwevegem,2020-07-29,0,143
Zwevegem,2020-07-30,1,144
Zwevegem,2020-07-31,3,147
Spiere-Helkijn,2020-04-01,0,0
Spiere-Helkijn,2020-04-02,0,0
Spiere-Helkijn,2020-04-03,0,0
Spiere-Helkijn,2020-04-04,0,0
Spiere-Helkijn,2020-04-05,0,0
Spiere-Helkijn,2020-04-06,0,0
Spiere-Helkijn,2020-04-07,0,0
Spiere-Helkijn,2020-04-08,0,0
Spiere-Helkijn,2020-04-09,0,0
Spiere-Helkijn,2020-04-10,0,0
Spiere-Helkijn,2020-04-11,0,0
Spiere-Helkijn,2020-04-12,0,0
Spiere-Helkijn,2020-04-13,5,5
Spiere-Helkijn,2020-04-14,0,5
Spiere-Helkijn,2020-04-15,0,5
Spiere-Helkijn,2020-04-16,0,5
Spiere-Helkijn,2020-04-17,0,5
Spiere-Helkijn,2020-04-18,0,5
Spiere-Helkijn,2020-04-19,0,5
Spiere-Helkijn,2020-04-20,1,6
Spiere-Helkijn,2020-04-21,0,6
Spiere-Helkijn,2020-04-22,1,7
Spiere-Helkijn,2020-04-23,0,7
Spiere-Helkijn,2020-04-24,0,7
Spiere-Helkijn,2020-04-25,0,7
Spiere-Helkijn,2020-04-26,0,7
Spiere-Helkijn,2020-04-27,0,7
Spiere-Helkijn,2020-04-28,0,7
Spiere-Helkijn,2020-04-29,0,7
Spiere-Helkijn,2020-04-30,1,8
Spiere-Helkijn,2020-05-01,0,8
Spiere-Helkijn,2020-05-02,0,8
Spiere-Helkijn,2020-05-03,0,8
Spiere-Helkijn,2020-05-04,0,8
Spiere-Helkijn,2020-05-05,0,8
Spiere-Helkijn,2020-05-06,0,8
Spiere-Helkijn,2020-05-07,0,8
Spiere-Helkijn,2020-05-08,0,8
Spiere-Helkijn,2020-05-09,0,8
Spiere-Helkijn,2020-05-10,0,8
Spiere-Helkijn,2020-05-11,0,8
Spiere-Helkijn,2020-05-12,0,8
Spiere-Helkijn,2020-05-13,0,8
Spiere-Helkijn,2020-05-14,0,8
Spiere-Helkijn,2020-05-15,0,8
Spiere-Helkijn,2020-05-16,0,8
Spiere-Helkijn,2020-05-17,0,8
Spiere-Helkijn,2020-05-18,0,8
Spiere-Helkijn,2020-05-19,0,8
Spiere-Helkijn,2020-05-20,0,8
Spiere-Helkijn,2020-05-21,0,8
Spiere-Helkijn,2020-05-22,0,8
Spiere-Helkijn,2020-05-23,0,8
Spiere-Helkijn,2020-05-24,1,9
Spiere-Helkijn,2020-05-25,0,9
Spiere-Helkijn,2020-05-26,0,9
Spiere-Helkijn,2020-05-27,0,9
Spiere-Helkijn,2020-05-28,0,9
Spiere-Helkijn,2020-05-29,0,9
Spiere-Helkijn,2020-05-30,0,9
Spiere-Helkijn,2020-05-31,0,9
Spiere-Helkijn,2020-06-01,0,9
Spiere-Helkijn,2020-06-02,0,9
Spiere-Helkijn,2020-06-03,0,9
Spiere-Helkijn,2020-06-04,0,9
Spiere-Helkijn,2020-06-05,0,9
Spiere-Helkijn,2020-06-06,0,9
Spiere-Helkijn,2020-06-07,0,9
Spiere-Helkijn,2020-06-08,0,9
Spiere-Helkijn,2020-06-09,0,9
Spiere-Helkijn,2020-06-10,0,9
Spiere-Helkijn,2020-06-11,0,9
Spiere-Helkijn,2020-06-12,0,9
Spiere-Helkijn,2020-06-13,0,9
Spiere-Helkijn,2020-06-14,0,9
Spiere-Helkijn,2020-06-15,0,9
Spiere-Helkijn,2020-06-16,0,9
Spiere-Helkijn,2020-06-17,0,9
Spiere-Helkijn,2020-06-18,0,9
Spiere-Helkijn,2020-06-19,0,9
Spiere-Helkijn,2020-06-20,0,9
Spiere-Helkijn,2020-06-23,0,9
Spiere-Helkijn,2020-06-24,0,9
Spiere-Helkijn,2020-06-25,0,9
Spiere-Helkijn,2020-06-26,0,9
Spiere-Helkijn,2020-06-27,0,9
Spiere-Helkijn,2020-06-30,0,9
Spiere-Helkijn,2020-07-01,0,9
Spiere-Helkijn,2020-07-02,0,9
Spiere-Helkijn,2020-07-03,1,10
Spiere-Helkijn,2020-07-04,0,10
Spiere-Helkijn,2020-07-07,0,10
Spiere-Helkijn,2020-07-08,1,11
Spiere-Helkijn,2020-07-09,0,11
Spiere-Helkijn,2020-07-10,0,11
Spiere-Helkijn,2020-07-11,0,11
Spiere-Helkijn,2020-07-14,0,11
Spiere-Helkijn,2020-07-15,0,11
Spiere-Helkijn,2020-07-16,0,11
Spiere-Helkijn,2020-07-17,0,11
Spiere-Helkijn,2020-07-18,0,11
Spiere-Helkijn,2020-07-20,0,11
Spiere-Helkijn,2020-07-21,0,11
Spiere-Helkijn,2020-07-22,0,11
Spiere-Helkijn,2020-07-23,0,11
Spiere-Helkijn,2020-07-24,0,11
Spiere-Helkijn,2020-07-25,0,11
Spiere-Helkijn,2020-07-26,0,11
Spiere-Helkijn,2020-07-27,0,11
Spiere-Helkijn,2020-07-28,0,11
Spiere-Helkijn,2020-07-29,0,11
Spiere-Helkijn,2020-07-30,0,11
Spiere-Helkijn,2020-07-31,0,11
Bredene,2020-04-01,1,15
Bredene,2020-04-02,3,18
Bredene,2020-04-03,2,20
Bredene,2020-04-04,3,23
Bredene,2020-04-05,2,25
Bredene,2020-04-06,0,25
Bredene,2020-04-07,0,25
Bredene,2020-04-08,1,26
Bredene,2020-04-09,0,26
Bredene,2020-04-10,0,26
Bredene,2020-04-11,0,26
Bredene,2020-04-12,2,28
Bredene,2020-04-13,1,29
Bredene,2020-04-14,3,32
Bredene,2020-04-15,5,37
Bredene,2020-04-16,5,42
Bredene,2020-04-17,1,43
Bredene,2020-04-18,0,43
Bredene,2020-04-19,0,43
Bredene,2020-04-20,1,44
Bredene,2020-04-21,0,44
Bredene,2020-04-22,2,46
Bredene,2020-04-23,0,46
Bredene,2020-04-24,2,48
Bredene,2020-04-25,0,48
Bredene,2020-04-26,1,49
Bredene,2020-04-27,0,49
Bredene,2020-04-28,0,49
Bredene,2020-04-29,0,49
Bredene,2020-04-30,1,50
Bredene,2020-05-01,3,53
Bredene,2020-05-02,0,53
Bredene,2020-05-03,0,53
Bredene,2020-05-04,1,54
Bredene,2020-05-05,0,54
Bredene,2020-05-06,0,54
Bredene,2020-05-07,0,54
Bredene,2020-05-08,1,55
Bredene,2020-05-09,3,58
Bredene,2020-05-10,0,58
Bredene,2020-05-11,0,58
Bredene,2020-05-12,0,58
Bredene,2020-05-13,0,58
Bredene,2020-05-14,0,58
Bredene,2020-05-15,0,58
Bredene,2020-05-16,0,58
Bredene,2020-05-17,0,58
Bredene,2020-05-18,0,58
Bredene,2020-05-19,1,59
Bredene,2020-05-20,0,59
Bredene,2020-05-21,0,59
Bredene,2020-05-22,0,59
Bredene,2020-05-23,0,59
Bredene,2020-05-24,0,59
Bredene,2020-05-25,0,59
Bredene,2020-05-26,0,59
Bredene,2020-05-27,0,59
Bredene,2020-05-28,0,59
Bredene,2020-05-29,0,59
Bredene,2020-05-30,1,60
Bredene,2020-05-31,1,61
Bredene,2020-06-01,0,61
Bredene,2020-06-02,0,61
Bredene,2020-06-03,0,61
Bredene,2020-06-04,0,61
Bredene,2020-06-05,0,61
Bredene,2020-06-06,0,61
Bredene,2020-06-07,0,61
Bredene,2020-06-08,0,61
Bredene,2020-06-09,0,61
Bredene,2020-06-10,0,61
Bredene,2020-06-11,0,61
Bredene,2020-06-12,0,61
Bredene,2020-06-13,0,61
Bredene,2020-06-14,0,61
Bredene,2020-06-15,0,61
Bredene,2020-06-16,0,61
Bredene,2020-06-17,1,62
Bredene,2020-06-18,0,62
Bredene,2020-06-19,1,63
Bredene,2020-06-20,1,64
Bredene,2020-06-23,0,64
Bredene,2020-06-24,0,64
Bredene,2020-06-25,3,67
Bredene,2020-06-26,0,67
Bredene,2020-06-27,0,67
Bredene,2020-06-30,1,68
Bredene,2020-07-01,0,68
Bredene,2020-07-02,0,68
Bredene,2020-07-03,0,68
Bredene,2020-07-04,0,68
Bredene,2020-07-07,1,69
Bredene,2020-07-08,0,69
Bredene,2020-07-09,0,69
Bredene,2020-07-10,0,69
Bredene,2020-07-11,0,69
Bredene,2020-07-14,0,69
Bredene,2020-07-15,0,69
Bredene,2020-07-16,0,69
Bredene,2020-07-17,1,70
Bredene,2020-07-18,0,70
Bredene,2020-07-20,0,70
Bredene,2020-07-21,0,70
Bredene,2020-07-22,0,70
Bredene,2020-07-23,1,71
Bredene,2020-07-24,0,71
Bredene,2020-07-25,0,71
Bredene,2020-07-26,0,71
Bredene,2020-07-27,0,71
Bredene,2020-07-28,0,71
Bredene,2020-07-29,0,71
Bredene,2020-07-30,1,72
Bredene,2020-07-31,0,72
Gistel,2020-04-01,3,14
Gistel,2020-04-02,0,14
Gistel,2020-04-03,0,14
Gistel,2020-04-04,2,16
Gistel,2020-04-05,3,19
Gistel,2020-04-06,0,19
Gistel,2020-04-07,0,19
Gistel,2020-04-08,2,21
Gistel,2020-04-09,0,21
Gistel,2020-04-10,0,21
Gistel,2020-04-11,0,21
Gistel,2020-04-12,2,23
Gistel,2020-04-13,0,23
Gistel,2020-04-14,0,23
Gistel,2020-04-15,1,24
Gistel,2020-04-16,3,27
Gistel,2020-04-17,0,27
Gistel,2020-04-18,0,27
Gistel,2020-04-19,2,29
Gistel,2020-04-20,0,29
Gistel,2020-04-21,0,29
Gistel,2020-04-22,0,29
Gistel,2020-04-23,0,29
Gistel,2020-04-24,1,30
Gistel,2020-04-25,0,30
Gistel,2020-04-26,0,30
Gistel,2020-04-27,0,30
Gistel,2020-04-28,1,31
Gistel,2020-04-29,0,31
Gistel,2020-04-30,1,32
Gistel,2020-05-01,0,32
Gistel,2020-05-02,0,32
Gistel,2020-05-03,0,32
Gistel,2020-05-04,0,32
Gistel,2020-05-05,0,32
Gistel,2020-05-06,1,33
Gistel,2020-05-07,3,36
Gistel,2020-05-08,1,37
Gistel,2020-05-09,3,40
Gistel,2020-05-10,0,40
Gistel,2020-05-11,0,40
Gistel,2020-05-12,0,40
Gistel,2020-05-13,0,40
Gistel,2020-05-14,0,40
Gistel,2020-05-15,0,40
Gistel,2020-05-16,0,40
Gistel,2020-05-17,1,41
Gistel,2020-05-18,0,41
Gistel,2020-05-19,0,41
Gistel,2020-05-20,0,41
Gistel,2020-05-21,0,41
Gistel,2020-05-22,1,42
Gistel,2020-05-23,0,42
Gistel,2020-05-24,0,42
Gistel,2020-05-25,0,42
Gistel,2020-05-26,0,42
Gistel,2020-05-27,0,42
Gistel,2020-05-28,0,42
Gistel,2020-05-29,0,42
Gistel,2020-05-30,0,42
Gistel,2020-05-31,0,42
Gistel,2020-06-01,0,42
Gistel,2020-06-02,0,42
Gistel,2020-06-03,0,42
Gistel,2020-06-04,0,42
Gistel,2020-06-05,0,42
Gistel,2020-06-06,0,42
Gistel,2020-06-07,0,42
Gistel,2020-06-08,0,42
Gistel,2020-06-09,0,42
Gistel,2020-06-10,0,42
Gistel,2020-06-11,0,42
Gistel,2020-06-12,1,43
Gistel,2020-06-13,0,43
Gistel,2020-06-14,1,44
Gistel,2020-06-15,0,44
Gistel,2020-06-16,1,45
Gistel,2020-06-17,0,45
Gistel,2020-06-18,0,45
Gistel,2020-06-19,0,45
Gistel,2020-06-20,0,45
Gistel,2020-06-23,2,47
Gistel,2020-06-24,1,48
Gistel,2020-06-25,1,49
Gistel,2020-06-26,0,49
Gistel,2020-06-27,1,50
Gistel,2020-06-30,0,50
Gistel,2020-07-01,0,50
Gistel,2020-07-02,0,50
Gistel,2020-07-03,0,50
Gistel,2020-07-04,0,50
Gistel,2020-07-07,0,50
Gistel,2020-07-08,0,50
Gistel,2020-07-09,0,50
Gistel,2020-07-10,0,50
Gistel,2020-07-11,0,50
Gistel,2020-07-14,1,51
Gistel,2020-07-15,0,51
Gistel,2020-07-16,0,51
Gistel,2020-07-17,0,51
Gistel,2020-07-18,0,51
Gistel,2020-07-20,1,52
Gistel,2020-07-21,2,54
Gistel,2020-07-22,0,54
Gistel,2020-07-23,0,54
Gistel,2020-07-24,0,54
Gistel,2020-07-25,1,55
Gistel,2020-07-26,0,55
Gistel,2020-07-27,0,55
Gistel,2020-07-28,0,55
Gistel,2020-07-29,7,62
Gistel,2020-07-30,1,63
Gistel,2020-07-31,0,63
Ichtegem,2020-04-01,4,14
Ichtegem,2020-04-02,1,15
Ichtegem,2020-04-03,1,16
Ichtegem,2020-04-04,0,16
Ichtegem,2020-04-05,0,16
Ichtegem,2020-04-06,0,16
Ichtegem,2020-04-07,1,17
Ichtegem,2020-04-08,0,17
Ichtegem,2020-04-09,1,18
Ichtegem,2020-04-10,3,21
Ichtegem,2020-04-11,1,22
Ichtegem,2020-04-12,1,23
Ichtegem,2020-04-13,1,24
Ichtegem,2020-04-14,0,24
Ichtegem,2020-04-15,3,27
Ichtegem,2020-04-16,1,28
Ichtegem,2020-04-17,2,30
Ichtegem,2020-04-18,2,32
Ichtegem,2020-04-19,0,32
Ichtegem,2020-04-20,0,32
Ichtegem,2020-04-21,0,32
Ichtegem,2020-04-22,1,33
Ichtegem,2020-04-23,0,33
Ichtegem,2020-04-24,0,33
Ichtegem,2020-04-25,3,36
Ichtegem,2020-04-26,0,36
Ichtegem,2020-04-27,1,37
Ichtegem,2020-04-28,0,37
Ichtegem,2020-04-29,0,37
Ichtegem,2020-04-30,0,37
Ichtegem,2020-05-01,0,37
Ichtegem,2020-05-02,0,37
Ichtegem,2020-05-03,1,38
Ichtegem,2020-05-04,0,38
Ichtegem,2020-05-05,0,38
Ichtegem,2020-05-06,1,39
Ichtegem,2020-05-07,1,40
Ichtegem,2020-05-08,1,41
Ichtegem,2020-05-09,0,41
Ichtegem,2020-05-10,1,42
Ichtegem,2020-05-11,1,43
Ichtegem,2020-05-12,0,43
Ichtegem,2020-05-13,0,43
Ichtegem,2020-05-14,1,44
Ichtegem,2020-05-15,0,44
Ichtegem,2020-05-16,5,49
Ichtegem,2020-05-17,0,49
Ichtegem,2020-05-18,0,49
Ichtegem,2020-05-19,4,53
Ichtegem,2020-05-20,1,54
Ichtegem,2020-05-21,1,55
Ichtegem,2020-05-22,1,56
Ichtegem,2020-05-23,0,56
Ichtegem,2020-05-24,0,56
Ichtegem,2020-05-25,1,57
Ichtegem,2020-05-26,0,57
Ichtegem,2020-05-27,0,57
Ichtegem,2020-05-28,2,59
Ichtegem,2020-05-29,1,60
Ichtegem,2020-05-30,1,61
Ichtegem,2020-05-31,1,62
Ichtegem,2020-06-01,1,63
Ichtegem,2020-06-02,2,65
Ichtegem,2020-06-03,0,65
Ichtegem,2020-06-04,0,65
Ichtegem,2020-06-05,1,66
Ichtegem,2020-06-06,1,67
Ichtegem,2020-06-07,0,67
Ichtegem,2020-06-08,0,67
Ichtegem,2020-06-09,0,67
Ichtegem,2020-06-10,0,67
Ichtegem,2020-06-11,0,67
Ichtegem,2020-06-12,0,67
Ichtegem,2020-06-13,0,67
Ichtegem,2020-06-14,0,67
Ichtegem,2020-06-15,0,67
Ichtegem,2020-06-16,0,67
Ichtegem,2020-06-17,0,67
Ichtegem,2020-06-18,0,67
Ichtegem,2020-06-19,0,67
Ichtegem,2020-06-20,0,67
Ichtegem,2020-06-23,1,68
Ichtegem,2020-06-24,0,68
Ichtegem,2020-06-25,0,68
Ichtegem,2020-06-26,0,68
Ichtegem,2020-06-27,0,68
Ichtegem,2020-06-30,0,68
Ichtegem,2020-07-01,0,68
Ichtegem,2020-07-02,0,68
Ichtegem,2020-07-03,0,68
Ichtegem,2020-07-04,0,68
Ichtegem,2020-07-07,0,68
Ichtegem,2020-07-08,0,68
Ichtegem,2020-07-09,0,68
Ichtegem,2020-07-10,1,69
Ichtegem,2020-07-11,0,69
Ichtegem,2020-07-14,1,70
Ichtegem,2020-07-15,1,71
Ichtegem,2020-07-16,0,71
Ichtegem,2020-07-17,0,71
Ichtegem,2020-07-18,1,72
Ichtegem,2020-07-20,1,73
Ichtegem,2020-07-21,3,76
Ichtegem,2020-07-22,0,76
Ichtegem,2020-07-23,0,76
Ichtegem,2020-07-24,0,76
Ichtegem,2020-07-25,0,76
Ichtegem,2020-07-26,0,76
Ichtegem,2020-07-27,0,76
Ichtegem,2020-07-28,0,76
Ichtegem,2020-07-29,0,76
Ichtegem,2020-07-30,0,76
Ichtegem,2020-07-31,1,77
Middelkerke,2020-04-01,1,20
Middelkerke,2020-04-02,0,20
Middelkerke,2020-04-03,1,21
Middelkerke,2020-04-04,1,22
Middelkerke,2020-04-05,0,22
Middelkerke,2020-04-06,1,23
Middelkerke,2020-04-07,0,23
Middelkerke,2020-04-08,2,25
Middelkerke,2020-04-09,0,25
Middelkerke,2020-04-10,1,26
Middelkerke,2020-04-11,0,26
Middelkerke,2020-04-12,2,28
Middelkerke,2020-04-13,0,28
Middelkerke,2020-04-14,1,29
Middelkerke,2020-04-15,2,31
Middelkerke,2020-04-16,0,31
Middelkerke,2020-04-17,3,34
Middelkerke,2020-04-18,1,35
Middelkerke,2020-04-19,2,37
Middelkerke,2020-04-20,0,37
Middelkerke,2020-04-21,1,38
Middelkerke,2020-04-22,1,39
Middelkerke,2020-04-23,0,39
Middelkerke,2020-04-24,0,39
Middelkerke,2020-04-25,0,39
Middelkerke,2020-04-26,1,40
Middelkerke,2020-04-27,0,40
Middelkerke,2020-04-28,0,40
Middelkerke,2020-04-29,0,40
Middelkerke,2020-04-30,1,41
Middelkerke,2020-05-01,1,42
Middelkerke,2020-05-02,0,42
Middelkerke,2020-05-03,0,42
Middelkerke,2020-05-04,0,42
Middelkerke,2020-05-05,1,43
Middelkerke,2020-05-06,0,43
Middelkerke,2020-05-07,0,43
Middelkerke,2020-05-08,0,43
Middelkerke,2020-05-09,6,49
Middelkerke,2020-05-10,0,49
Middelkerke,2020-05-11,1,50
Middelkerke,2020-05-12,0,50
Middelkerke,2020-05-13,1,51
Middelkerke,2020-05-14,1,52
Middelkerke,2020-05-15,2,54
Middelkerke,2020-05-16,1,55
Middelkerke,2020-05-17,0,55
Middelkerke,2020-05-18,0,55
Middelkerke,2020-05-19,0,55
Middelkerke,2020-05-20,0,55
Middelkerke,2020-05-21,0,55
Middelkerke,2020-05-22,1,56
Middelkerke,2020-05-23,0,56
Middelkerke,2020-05-24,1,57
Middelkerke,2020-05-25,0,57
Middelkerke,2020-05-26,0,57
Middelkerke,2020-05-27,0,57
Middelkerke,2020-05-28,2,59
Middelkerke,2020-05-29,0,59
Middelkerke,2020-05-30,0,59
Middelkerke,2020-05-31,0,59
Middelkerke,2020-06-01,0,59
Middelkerke,2020-06-02,0,59
Middelkerke,2020-06-03,0,59
Middelkerke,2020-06-04,0,59
Middelkerke,2020-06-05,0,59
Middelkerke,2020-06-06,0,59
Middelkerke,2020-06-07,0,59
Middelkerke,2020-06-08,1,60
Middelkerke,2020-06-09,0,60
Middelkerke,2020-06-10,0,60
Middelkerke,2020-06-11,0,60
Middelkerke,2020-06-12,0,60
Middelkerke,2020-06-13,1,61
Middelkerke,2020-06-14,0,61
Middelkerke,2020-06-15,1,62
Middelkerke,2020-06-16,0,62
Middelkerke,2020-06-17,0,62
Middelkerke,2020-06-18,0,62
Middelkerke,2020-06-19,1,63
Middelkerke,2020-06-20,0,63
Middelkerke,2020-06-23,0,63
Middelkerke,2020-06-24,0,63
Middelkerke,2020-06-25,0,63
Middelkerke,2020-06-26,0,63
Middelkerke,2020-06-27,0,63
Middelkerke,2020-06-30,0,63
Middelkerke,2020-07-01,0,63
Middelkerke,2020-07-02,0,63
Middelkerke,2020-07-03,0,63
Middelkerke,2020-07-04,0,63
Middelkerke,2020-07-07,0,63
Middelkerke,2020-07-08,0,63
Middelkerke,2020-07-09,0,63
Middelkerke,2020-07-10,0,63
Middelkerke,2020-07-11,0,63
Middelkerke,2020-07-14,0,63
Middelkerke,2020-07-15,0,63
Middelkerke,2020-07-16,0,63
Middelkerke,2020-07-17,0,63
Middelkerke,2020-07-18,0,63
Middelkerke,2020-07-20,0,63
Middelkerke,2020-07-21,0,63
Middelkerke,2020-07-22,0,63
Middelkerke,2020-07-23,1,64
Middelkerke,2020-07-24,0,64
Middelkerke,2020-07-25,0,64
Middelkerke,2020-07-26,0,64
Middelkerke,2020-07-27,0,64
Middelkerke,2020-07-28,0,64
Middelkerke,2020-07-29,0,64
Middelkerke,2020-07-30,0,64
Middelkerke,2020-07-31,0,64
Oostende,2020-04-01,4,62
Oostende,2020-04-02,10,72
Oostende,2020-04-03,2,74
Oostende,2020-04-04,8,82
Oostende,2020-04-05,10,92
Oostende,2020-04-06,3,95
Oostende,2020-04-07,0,95
Oostende,2020-04-08,3,98
Oostende,2020-04-09,0,98
Oostende,2020-04-10,7,105
Oostende,2020-04-11,5,110
Oostende,2020-04-12,5,115
Oostende,2020-04-13,2,117
Oostende,2020-04-14,2,119
Oostende,2020-04-15,20,139
Oostende,2020-04-16,5,144
Oostende,2020-04-17,2,146
Oostende,2020-04-18,6,152
Oostende,2020-04-19,20,172
Oostende,2020-04-20,5,177
Oostende,2020-04-21,0,177
Oostende,2020-04-22,2,179
Oostende,2020-04-23,0,179
Oostende,2020-04-24,3,182
Oostende,2020-04-25,3,185
Oostende,2020-04-26,3,188
Oostende,2020-04-27,5,193
Oostende,2020-04-28,3,196
Oostende,2020-04-29,1,197
Oostende,2020-04-30,3,200
Oostende,2020-05-01,1,201
Oostende,2020-05-02,3,204
Oostende,2020-05-03,1,205
Oostende,2020-05-04,1,206
Oostende,2020-05-05,5,211
Oostende,2020-05-06,2,213
Oostende,2020-05-07,2,215
Oostende,2020-05-08,4,219
Oostende,2020-05-09,22,241
Oostende,2020-05-10,7,248
Oostende,2020-05-11,0,248
Oostende,2020-05-12,10,258
Oostende,2020-05-13,2,260
Oostende,2020-05-14,10,270
Oostende,2020-05-15,3,273
Oostende,2020-05-16,6,279
Oostende,2020-05-17,10,289
Oostende,2020-05-18,1,290
Oostende,2020-05-19,1,291
Oostende,2020-05-20,1,292
Oostende,2020-05-21,0,292
Oostende,2020-05-22,5,297
Oostende,2020-05-23,4,301
Oostende,2020-05-24,7,308
Oostende,2020-05-25,4,312
Oostende,2020-05-26,2,314
Oostende,2020-05-27,1,315
Oostende,2020-05-28,1,316
Oostende,2020-05-29,7,323
Oostende,2020-05-30,6,329
Oostende,2020-05-31,7,336
Oostende,2020-06-01,3,339
Oostende,2020-06-02,0,339
Oostende,2020-06-03,1,340
Oostende,2020-06-04,0,340
Oostende,2020-06-05,5,345
Oostende,2020-06-06,9,354
Oostende,2020-06-07,0,354
Oostende,2020-06-08,2,356
Oostende,2020-06-09,0,356
Oostende,2020-06-10,2,358
Oostende,2020-06-11,1,359
Oostende,2020-06-12,0,359
Oostende,2020-06-13,1,360
Oostende,2020-06-14,5,365
Oostende,2020-06-15,-1,364
Oostende,2020-06-16,0,364
Oostende,2020-06-17,0,364
Oostende,2020-06-18,0,364
Oostende,2020-06-19,1,365
Oostende,2020-06-20,1,366
Oostende,2020-06-23,1,367
Oostende,2020-06-24,1,368
Oostende,2020-06-25,0,368
Oostende,2020-06-26,1,369
Oostende,2020-06-27,1,370
Oostende,2020-06-30,1,371
Oostende,2020-07-01,0,371
Oostende,2020-07-02,0,371
Oostende,2020-07-03,0,371
Oostende,2020-07-04,0,371
Oostende,2020-07-07,0,371
Oostende,2020-07-08,0,371
Oostende,2020-07-09,0,371
Oostende,2020-07-10,1,372
Oostende,2020-07-11,0,372
Oostende,2020-07-14,5,377
Oostende,2020-07-15,3,380
Oostende,2020-07-16,0,380
Oostende,2020-07-17,0,380
Oostende,2020-07-18,0,380
Oostende,2020-07-20,2,382
Oostende,2020-07-21,0,382
Oostende,2020-07-22,0,382
Oostende,2020-07-23,7,389
Oostende,2020-07-24,1,390
Oostende,2020-07-25,1,391
Oostende,2020-07-26,0,391
Oostende,2020-07-27,1,392
Oostende,2020-07-28,3,395
Oostende,2020-07-29,3,398
Oostende,2020-07-30,0,398
Oostende,2020-07-31,0,398
Oudenburg,2020-04-01,2,14
Oudenburg,2020-04-02,1,15
Oudenburg,2020-04-03,1,16
Oudenburg,2020-04-04,1,17
Oudenburg,2020-04-05,0,17
Oudenburg,2020-04-06,0,17
Oudenburg,2020-04-07,0,17
Oudenburg,2020-04-08,1,18
Oudenburg,2020-04-09,0,18
Oudenburg,2020-04-10,2,20
Oudenburg,2020-04-11,0,20
Oudenburg,2020-04-12,1,21
Oudenburg,2020-04-13,0,21
Oudenburg,2020-04-14,0,21
Oudenburg,2020-04-15,1,22
Oudenburg,2020-04-16,1,23
Oudenburg,2020-04-17,0,23
Oudenburg,2020-04-18,0,23
Oudenburg,2020-04-19,0,23
Oudenburg,2020-04-20,1,24
Oudenburg,2020-04-21,1,25
Oudenburg,2020-04-22,0,25
Oudenburg,2020-04-23,0,25
Oudenburg,2020-04-24,1,26
Oudenburg,2020-04-25,0,26
Oudenburg,2020-04-26,0,26
Oudenburg,2020-04-27,0,26
Oudenburg,2020-04-28,0,26
Oudenburg,2020-04-29,0,26
Oudenburg,2020-04-30,0,26
Oudenburg,2020-05-01,1,27
Oudenburg,2020-05-02,0,27
Oudenburg,2020-05-03,0,27
Oudenburg,2020-05-04,1,28
Oudenburg,2020-05-05,0,28
Oudenburg,2020-05-06,0,28
Oudenburg,2020-05-07,0,28
Oudenburg,2020-05-08,2,30
Oudenburg,2020-05-09,0,30
Oudenburg,2020-05-10,0,30
Oudenburg,2020-05-11,0,30
Oudenburg,2020-05-12,0,30
Oudenburg,2020-05-13,1,31
Oudenburg,2020-05-14,2,33
Oudenburg,2020-05-15,0,33
Oudenburg,2020-05-16,0,33
Oudenburg,2020-05-17,0,33
Oudenburg,2020-05-18,0,33
Oudenburg,2020-05-19,0,33
Oudenburg,2020-05-20,0,33
Oudenburg,2020-05-21,0,33
Oudenburg,2020-05-22,0,33
Oudenburg,2020-05-23,0,33
Oudenburg,2020-05-24,1,34
Oudenburg,2020-05-25,2,36
Oudenburg,2020-05-26,0,36
Oudenburg,2020-05-27,0,36
Oudenburg,2020-05-28,0,36
Oudenburg,2020-05-29,0,36
Oudenburg,2020-05-30,0,36
Oudenburg,2020-05-31,0,36
Oudenburg,2020-06-01,0,36
Oudenburg,2020-06-02,0,36
Oudenburg,2020-06-03,0,36
Oudenburg,2020-06-04,0,36
Oudenburg,2020-06-05,0,36
Oudenburg,2020-06-06,0,36
Oudenburg,2020-06-07,0,36
Oudenburg,2020-06-08,0,36
Oudenburg,2020-06-09,0,36
Oudenburg,2020-06-10,1,37
Oudenburg,2020-06-11,0,37
Oudenburg,2020-06-12,-1,36
Oudenburg,2020-06-13,0,36
Oudenburg,2020-06-14,0,36
Oudenburg,2020-06-15,0,36
Oudenburg,2020-06-16,0,36
Oudenburg,2020-06-17,0,36
Oudenburg,2020-06-18,0,36
Oudenburg,2020-06-19,0,36
Oudenburg,2020-06-20,0,36
Oudenburg,2020-06-23,1,37
Oudenburg,2020-06-24,0,37
Oudenburg,2020-06-25,0,37
Oudenburg,2020-06-26,1,38
Oudenburg,2020-06-27,0,38
Oudenburg,2020-06-30,1,39
Oudenburg,2020-07-01,0,39
Oudenburg,2020-07-02,0,39
Oudenburg,2020-07-03,0,39
Oudenburg,2020-07-04,0,39
Oudenburg,2020-07-07,0,39
Oudenburg,2020-07-08,0,39
Oudenburg,2020-07-09,0,39
Oudenburg,2020-07-10,0,39
Oudenburg,2020-07-11,0,39
Oudenburg,2020-07-14,0,39
Oudenburg,2020-07-15,0,39
Oudenburg,2020-07-16,0,39
Oudenburg,2020-07-17,0,39
Oudenburg,2020-07-18,0,39
Oudenburg,2020-07-20,0,39
Oudenburg,2020-07-21,0,39
Oudenburg,2020-07-22,0,39
Oudenburg,2020-07-23,0,39
Oudenburg,2020-07-24,1,40
Oudenburg,2020-07-25,0,40
Oudenburg,2020-07-26,0,40
Oudenburg,2020-07-27,0,40
Oudenburg,2020-07-28,3,43
Oudenburg,2020-07-29,0,43
Oudenburg,2020-07-30,0,43
Oudenburg,2020-07-31,0,43
De Haan,2020-04-01,1,16
De Haan,2020-04-02,2,18
De Haan,2020-04-03,3,21
De Haan,2020-04-04,2,23
De Haan,2020-04-05,2,25
De Haan,2020-04-06,0,25
De Haan,2020-04-07,1,26
De Haan,2020-04-08,1,27
De Haan,2020-04-09,1,28
De Haan,2020-04-10,3,31
De Haan,2020-04-11,0,31
De Haan,2020-04-12,0,31
De Haan,2020-04-13,0,31
De Haan,2020-04-14,3,34
De Haan,2020-04-15,13,47
De Haan,2020-04-16,6,53
De Haan,2020-04-17,1,54
De Haan,2020-04-18,1,55
De Haan,2020-04-19,0,55
De Haan,2020-04-20,2,57
De Haan,2020-04-21,1,58
De Haan,2020-04-22,0,58
De Haan,2020-04-23,1,59
De Haan,2020-04-24,0,59
De Haan,2020-04-25,0,59
De Haan,2020-04-26,0,59
De Haan,2020-04-27,1,60
De Haan,2020-04-28,0,60
De Haan,2020-04-29,0,60
De Haan,2020-04-30,0,60
De Haan,2020-05-01,1,61
De Haan,2020-05-02,0,61
De Haan,2020-05-03,0,61
De Haan,2020-05-04,0,61
De Haan,2020-05-05,0,61
De Haan,2020-05-06,0,61
De Haan,2020-05-07,0,61
De Haan,2020-05-08,0,61
De Haan,2020-05-09,3,64
De Haan,2020-05-10,1,65
De Haan,2020-05-11,0,65
De Haan,2020-05-12,0,65
De Haan,2020-05-13,0,65
De Haan,2020-05-14,1,66
De Haan,2020-05-15,1,67
De Haan,2020-05-16,0,67
De Haan,2020-05-17,0,67
De Haan,2020-05-18,0,67
De Haan,2020-05-19,0,67
De Haan,2020-05-20,0,67
De Haan,2020-05-21,0,67
De Haan,2020-05-22,0,67
De Haan,2020-05-23,0,67
De Haan,2020-05-24,0,67
De Haan,2020-05-25,0,67
De Haan,2020-05-26,0,67
De Haan,2020-05-27,0,67
De Haan,2020-05-28,0,67
De Haan,2020-05-29,0,67
De Haan,2020-05-30,0,67
De Haan,2020-05-31,0,67
De Haan,2020-06-01,0,67
De Haan,2020-06-02,0,67
De Haan,2020-06-03,0,67
De Haan,2020-06-04,0,67
De Haan,2020-06-05,0,67
De Haan,2020-06-06,0,67
De Haan,2020-06-07,0,67
De Haan,2020-06-08,0,67
De Haan,2020-06-09,0,67
De Haan,2020-06-10,0,67
De Haan,2020-06-11,0,67
De Haan,2020-06-12,0,67
De Haan,2020-06-13,0,67
De Haan,2020-06-14,0,67
De Haan,2020-06-15,0,67
De Haan,2020-06-16,0,67
De Haan,2020-06-17,0,67
De Haan,2020-06-18,1,68
De Haan,2020-06-19,0,68
De Haan,2020-06-20,0,68
De Haan,2020-06-23,0,68
De Haan,2020-06-24,0,68
De Haan,2020-06-25,1,69
De Haan,2020-06-26,0,69
De Haan,2020-06-27,0,69
De Haan,2020-06-30,0,69
De Haan,2020-07-01,0,69
De Haan,2020-07-02,0,69
De Haan,2020-07-03,0,69
De Haan,2020-07-04,0,69
De Haan,2020-07-07,0,69
De Haan,2020-07-08,0,69
De Haan,2020-07-09,0,69
De Haan,2020-07-10,0,69
De Haan,2020-07-11,0,69
De Haan,2020-07-14,1,70
De Haan,2020-07-15,0,70
De Haan,2020-07-16,0,70
De Haan,2020-07-17,0,70
De Haan,2020-07-18,0,70
De Haan,2020-07-20,0,70
De Haan,2020-07-21,0,70
De Haan,2020-07-22,0,70
De Haan,2020-07-23,0,70
De Haan,2020-07-24,0,70
De Haan,2020-07-25,0,70
De Haan,2020-07-26,0,70
De Haan,2020-07-27,0,70
De Haan,2020-07-28,0,70
De Haan,2020-07-29,0,70
De Haan,2020-07-30,0,70
De Haan,2020-07-31,0,70
Hooglede,2020-04-01,2,9
Hooglede,2020-04-02,1,10
Hooglede,2020-04-03,1,11
Hooglede,2020-04-04,0,11
Hooglede,2020-04-05,0,11
Hooglede,2020-04-06,0,11
Hooglede,2020-04-07,1,12
Hooglede,2020-04-08,0,12
Hooglede,2020-04-09,0,12
Hooglede,2020-04-10,0,12
Hooglede,2020-04-11,1,13
Hooglede,2020-04-12,0,13
Hooglede,2020-04-13,0,13
Hooglede,2020-04-14,1,14
Hooglede,2020-04-15,0,14
Hooglede,2020-04-16,0,14
Hooglede,2020-04-17,1,15
Hooglede,2020-04-18,1,16
Hooglede,2020-04-19,0,16
Hooglede,2020-04-20,1,17
Hooglede,2020-04-21,0,17
Hooglede,2020-04-22,3,20
Hooglede,2020-04-23,-1,19
Hooglede,2020-04-24,1,20
Hooglede,2020-04-25,10,30
Hooglede,2020-04-26,1,31
Hooglede,2020-04-27,0,31
Hooglede,2020-04-28,0,31
Hooglede,2020-04-29,0,31
Hooglede,2020-04-30,1,32
Hooglede,2020-05-01,0,32
Hooglede,2020-05-02,2,34
Hooglede,2020-05-03,0,34
Hooglede,2020-05-04,0,34
Hooglede,2020-05-05,0,34
Hooglede,2020-05-06,0,34
Hooglede,2020-05-07,1,35
Hooglede,2020-05-08,0,35
Hooglede,2020-05-09,0,35
Hooglede,2020-05-10,2,37
Hooglede,2020-05-11,0,37
Hooglede,2020-05-12,0,37
Hooglede,2020-05-13,0,37
Hooglede,2020-05-14,1,38
Hooglede,2020-05-15,0,38
Hooglede,2020-05-16,0,38
Hooglede,2020-05-17,0,38
Hooglede,2020-05-18,1,39
Hooglede,2020-05-19,1,40
Hooglede,2020-05-20,0,40
Hooglede,2020-05-21,2,42
Hooglede,2020-05-22,0,42
Hooglede,2020-05-23,0,42
Hooglede,2020-05-24,0,42
Hooglede,2020-05-25,0,42
Hooglede,2020-05-26,0,42
Hooglede,2020-05-27,1,43
Hooglede,2020-05-28,1,44
Hooglede,2020-05-29,0,44
Hooglede,2020-05-30,0,44
Hooglede,2020-05-31,0,44
Hooglede,2020-06-01,0,44
Hooglede,2020-06-02,1,45
Hooglede,2020-06-03,0,45
Hooglede,2020-06-04,-1,44
Hooglede,2020-06-05,0,44
Hooglede,2020-06-06,0,44
Hooglede,2020-06-07,0,44
Hooglede,2020-06-08,0,44
Hooglede,2020-06-09,0,44
Hooglede,2020-06-10,0,44
Hooglede,2020-06-11,0,44
Hooglede,2020-06-12,0,44
Hooglede,2020-06-13,0,44
Hooglede,2020-06-14,0,44
Hooglede,2020-06-15,0,44
Hooglede,2020-06-16,0,44
Hooglede,2020-06-17,0,44
Hooglede,2020-06-18,0,44
Hooglede,2020-06-19,0,44
Hooglede,2020-06-20,0,44
Hooglede,2020-06-23,0,44
Hooglede,2020-06-24,2,46
Hooglede,2020-06-25,0,46
Hooglede,2020-06-26,1,47
Hooglede,2020-06-27,0,47
Hooglede,2020-06-30,1,48
Hooglede,2020-07-01,0,48
Hooglede,2020-07-02,0,48
Hooglede,2020-07-03,0,48
Hooglede,2020-07-04,0,48
Hooglede,2020-07-07,1,49
Hooglede,2020-07-08,0,49
Hooglede,2020-07-09,0,49
Hooglede,2020-07-10,0,49
Hooglede,2020-07-11,0,49
Hooglede,2020-07-14,0,49
Hooglede,2020-07-15,0,49
Hooglede,2020-07-16,1,50
Hooglede,2020-07-17,1,51
Hooglede,2020-07-18,1,52
Hooglede,2020-07-20,0,52
Hooglede,2020-07-21,0,52
Hooglede,2020-07-22,0,52
Hooglede,2020-07-23,0,52
Hooglede,2020-07-24,0,52
Hooglede,2020-07-25,1,53
Hooglede,2020-07-26,0,53
Hooglede,2020-07-27,0,53
Hooglede,2020-07-28,1,54
Hooglede,2020-07-29,0,54
Hooglede,2020-07-30,0,54
Hooglede,2020-07-31,1,55
Ingelmunster,2020-04-01,0,6
Ingelmunster,2020-04-02,0,6
Ingelmunster,2020-04-03,2,8
Ingelmunster,2020-04-04,4,12
Ingelmunster,2020-04-05,0,12
Ingelmunster,2020-04-06,0,12
Ingelmunster,2020-04-07,1,13
Ingelmunster,2020-04-08,0,13
Ingelmunster,2020-04-09,2,15
Ingelmunster,2020-04-10,2,17
Ingelmunster,2020-04-11,4,21
Ingelmunster,2020-04-12,11,32
Ingelmunster,2020-04-13,3,35
Ingelmunster,2020-04-14,3,38
Ingelmunster,2020-04-15,0,38
Ingelmunster,2020-04-16,1,39
Ingelmunster,2020-04-17,2,41
Ingelmunster,2020-04-18,1,42
Ingelmunster,2020-04-19,4,46
Ingelmunster,2020-04-20,8,54
Ingelmunster,2020-04-21,-11,43
Ingelmunster,2020-04-22,6,49
Ingelmunster,2020-04-23,-1,48
Ingelmunster,2020-04-24,0,48
Ingelmunster,2020-04-25,2,50
Ingelmunster,2020-04-26,2,52
Ingelmunster,2020-04-27,0,52
Ingelmunster,2020-04-28,0,52
Ingelmunster,2020-04-29,0,52
Ingelmunster,2020-04-30,1,53
Ingelmunster,2020-05-01,0,53
Ingelmunster,2020-05-02,0,53
Ingelmunster,2020-05-03,1,54
Ingelmunster,2020-05-04,0,54
Ingelmunster,2020-05-05,4,58
Ingelmunster,2020-05-06,2,60
Ingelmunster,2020-05-07,2,62
Ingelmunster,2020-05-08,0,62
Ingelmunster,2020-05-09,0,62
Ingelmunster,2020-05-10,0,62
Ingelmunster,2020-05-11,0,62
Ingelmunster,2020-05-12,0,62
Ingelmunster,2020-05-13,0,62
Ingelmunster,2020-05-14,0,62
Ingelmunster,2020-05-15,0,62
Ingelmunster,2020-05-16,0,62
Ingelmunster,2020-05-17,0,62
Ingelmunster,2020-05-18,0,62
Ingelmunster,2020-05-19,3,65
Ingelmunster,2020-05-20,0,65
Ingelmunster,2020-05-21,3,68
Ingelmunster,2020-05-22,0,68
Ingelmunster,2020-05-23,0,68
Ingelmunster,2020-05-24,0,68
Ingelmunster,2020-05-25,0,68
Ingelmunster,2020-05-26,0,68
Ingelmunster,2020-05-27,0,68
Ingelmunster,2020-05-28,0,68
Ingelmunster,2020-05-29,0,68
Ingelmunster,2020-05-30,0,68
Ingelmunster,2020-05-31,0,68
Ingelmunster,2020-06-01,0,68
Ingelmunster,2020-06-02,1,69
Ingelmunster,2020-06-03,0,69
Ingelmunster,2020-06-04,0,69
Ingelmunster,2020-06-05,0,69
Ingelmunster,2020-06-06,1,70
Ingelmunster,2020-06-07,-1,69
Ingelmunster,2020-06-08,0,69
Ingelmunster,2020-06-09,0,69
Ingelmunster,2020-06-10,0,69
Ingelmunster,2020-06-11,0,69
Ingelmunster,2020-06-12,0,69
Ingelmunster,2020-06-13,0,69
Ingelmunster,2020-06-14,0,69
Ingelmunster,2020-06-15,0,69
Ingelmunster,2020-06-16,0,69
Ingelmunster,2020-06-17,0,69
Ingelmunster,2020-06-18,0,69
Ingelmunster,2020-06-19,0,69
Ingelmunster,2020-06-20,0,69
Ingelmunster,2020-06-23,1,70
Ingelmunster,2020-06-24,0,70
Ingelmunster,2020-06-25,0,70
Ingelmunster,2020-06-26,0,70
Ingelmunster,2020-06-27,0,70
Ingelmunster,2020-06-30,0,70
Ingelmunster,2020-07-01,0,70
Ingelmunster,2020-07-02,0,70
Ingelmunster,2020-07-03,0,70
Ingelmunster,2020-07-04,0,70
Ingelmunster,2020-07-07,0,70
Ingelmunster,2020-07-08,0,70
Ingelmunster,2020-07-09,0,70
Ingelmunster,2020-07-10,0,70
Ingelmunster,2020-07-11,0,70
Ingelmunster,2020-07-14,0,70
Ingelmunster,2020-07-15,0,70
Ingelmunster,2020-07-16,0,70
Ingelmunster,2020-07-17,0,70
Ingelmunster,2020-07-18,0,70
Ingelmunster,2020-07-20,0,70
Ingelmunster,2020-07-21,0,70
Ingelmunster,2020-07-22,0,70
Ingelmunster,2020-07-23,0,70
Ingelmunster,2020-07-24,0,70
Ingelmunster,2020-07-25,0,70
Ingelmunster,2020-07-26,0,70
Ingelmunster,2020-07-27,0,70
Ingelmunster,2020-07-28,0,70
Ingelmunster,2020-07-29,0,70
Ingelmunster,2020-07-30,0,70
Ingelmunster,2020-07-31,1,71
Izegem,2020-04-01,3,31
Izegem,2020-04-02,4,35
Izegem,2020-04-03,6,41
Izegem,2020-04-04,5,46
Izegem,2020-04-05,2,48
Izegem,2020-04-06,2,50
Izegem,2020-04-07,1,51
Izegem,2020-04-08,3,54
Izegem,2020-04-09,6,60
Izegem,2020-04-10,7,67
Izegem,2020-04-11,4,71
Izegem,2020-04-12,18,89
Izegem,2020-04-13,2,91
Izegem,2020-04-14,6,97
Izegem,2020-04-15,0,97
Izegem,2020-04-16,4,101
Izegem,2020-04-17,1,102
Izegem,2020-04-18,1,103
Izegem,2020-04-19,7,110
Izegem,2020-04-20,9,119
Izegem,2020-04-21,-17,102
Izegem,2020-04-22,2,104
Izegem,2020-04-23,1,105
Izegem,2020-04-24,3,108
Izegem,2020-04-25,3,111
Izegem,2020-04-26,3,114
Izegem,2020-04-27,1,115
Izegem,2020-04-28,2,117
Izegem,2020-04-29,1,118
Izegem,2020-04-30,2,120
Izegem,2020-05-01,1,121
Izegem,2020-05-02,0,121
Izegem,2020-05-03,1,122
Izegem,2020-05-04,0,122
Izegem,2020-05-05,0,122
Izegem,2020-05-06,2,124
Izegem,2020-05-07,4,128
Izegem,2020-05-08,1,129
Izegem,2020-05-09,4,133
Izegem,2020-05-10,1,134
Izegem,2020-05-11,1,135
Izegem,2020-05-12,0,135
Izegem,2020-05-13,1,136
Izegem,2020-05-14,0,136
Izegem,2020-05-15,1,137
Izegem,2020-05-16,1,138
Izegem,2020-05-17,0,138
Izegem,2020-05-18,1,139
Izegem,2020-05-19,0,139
Izegem,2020-05-20,0,139
Izegem,2020-05-21,0,139
Izegem,2020-05-22,1,140
Izegem,2020-05-23,1,141
Izegem,2020-05-24,0,141
Izegem,2020-05-25,0,141
Izegem,2020-05-26,3,144
Izegem,2020-05-27,1,145
Izegem,2020-05-28,0,145
Izegem,2020-05-29,2,147
Izegem,2020-05-30,1,148
Izegem,2020-05-31,1,149
Izegem,2020-06-01,0,149
Izegem,2020-06-02,0,149
Izegem,2020-06-03,0,149
Izegem,2020-06-04,0,149
Izegem,2020-06-05,0,149
Izegem,2020-06-06,1,150
Izegem,2020-06-07,0,150
Izegem,2020-06-08,0,150
Izegem,2020-06-09,1,151
Izegem,2020-06-10,0,151
Izegem,2020-06-11,1,152
Izegem,2020-06-12,0,152
Izegem,2020-06-13,0,152
Izegem,2020-06-14,0,152
Izegem,2020-06-15,0,152
Izegem,2020-06-16,1,153
Izegem,2020-06-17,0,153
Izegem,2020-06-18,0,153
Izegem,2020-06-19,0,153
Izegem,2020-06-20,0,153
Izegem,2020-06-23,2,155
Izegem,2020-06-24,0,155
Izegem,2020-06-25,0,155
Izegem,2020-06-26,0,155
Izegem,2020-06-27,0,155
Izegem,2020-06-30,0,155
Izegem,2020-07-01,1,156
Izegem,2020-07-02,1,157
Izegem,2020-07-03,0,157
Izegem,2020-07-04,0,157
Izegem,2020-07-07,0,157
Izegem,2020-07-08,0,157
Izegem,2020-07-09,1,158
Izegem,2020-07-10,0,158
Izegem,2020-07-11,1,159
Izegem,2020-07-14,2,161
Izegem,2020-07-15,0,161
Izegem,2020-07-16,0,161
Izegem,2020-07-17,1,162
Izegem,2020-07-18,0,162
Izegem,2020-07-20,1,163
Izegem,2020-07-21,0,163
Izegem,2020-07-22,0,163
Izegem,2020-07-23,0,163
Izegem,2020-07-24,1,164
Izegem,2020-07-25,1,165
Izegem,2020-07-26,1,166
Izegem,2020-07-27,0,166
Izegem,2020-07-28,0,166
Izegem,2020-07-29,2,168
Izegem,2020-07-30,1,169
Izegem,2020-07-31,2,171
Ledegem,2020-04-01,1,18
Ledegem,2020-04-02,1,19
Ledegem,2020-04-03,1,20
Ledegem,2020-04-04,1,21
Ledegem,2020-04-05,0,21
Ledegem,2020-04-06,2,23
Ledegem,2020-04-07,2,25
Ledegem,2020-04-08,0,25
Ledegem,2020-04-09,3,28
Ledegem,2020-04-10,1,29
Ledegem,2020-04-11,0,29
Ledegem,2020-04-12,2,31
Ledegem,2020-04-13,2,33
Ledegem,2020-04-14,1,34
Ledegem,2020-04-15,0,34
Ledegem,2020-04-16,3,37
Ledegem,2020-04-17,0,37
Ledegem,2020-04-18,0,37
Ledegem,2020-04-19,0,37
Ledegem,2020-04-20,0,37
Ledegem,2020-04-21,1,38
Ledegem,2020-04-22,0,38
Ledegem,2020-04-23,0,38
Ledegem,2020-04-24,1,39
Ledegem,2020-04-25,0,39
Ledegem,2020-04-26,0,39
Ledegem,2020-04-27,2,41
Ledegem,2020-04-28,0,41
Ledegem,2020-04-29,0,41
Ledegem,2020-04-30,0,41
Ledegem,2020-05-01,0,41
Ledegem,2020-05-02,2,43
Ledegem,2020-05-03,0,43
Ledegem,2020-05-04,0,43
Ledegem,2020-05-05,1,44
Ledegem,2020-05-06,0,44
Ledegem,2020-05-07,2,46
Ledegem,2020-05-08,0,46
Ledegem,2020-05-09,0,46
Ledegem,2020-05-10,1,47
Ledegem,2020-05-11,0,47
Ledegem,2020-05-12,0,47
Ledegem,2020-05-13,0,47
Ledegem,2020-05-14,0,47
Ledegem,2020-05-15,1,48
Ledegem,2020-05-16,0,48
Ledegem,2020-05-17,0,48
Ledegem,2020-05-18,0,48
Ledegem,2020-05-19,0,48
Ledegem,2020-05-20,0,48
Ledegem,2020-05-21,0,48
Ledegem,2020-05-22,0,48
Ledegem,2020-05-23,0,48
Ledegem,2020-05-24,0,48
Ledegem,2020-05-25,1,49
Ledegem,2020-05-26,0,49
Ledegem,2020-05-27,0,49
Ledegem,2020-05-28,0,49
Ledegem,2020-05-29,0,49
Ledegem,2020-05-30,0,49
Ledegem,2020-05-31,0,49
Ledegem,2020-06-01,0,49
Ledegem,2020-06-02,0,49
Ledegem,2020-06-03,0,49
Ledegem,2020-06-04,0,49
Ledegem,2020-06-05,0,49
Ledegem,2020-06-06,1,50
Ledegem,2020-06-07,0,50
Ledegem,2020-06-08,1,51
Ledegem,2020-06-09,0,51
Ledegem,2020-06-10,0,51
Ledegem,2020-06-11,0,51
Ledegem,2020-06-12,0,51
Ledegem,2020-06-13,0,51
Ledegem,2020-06-14,0,51
Ledegem,2020-06-15,0,51
Ledegem,2020-06-16,0,51
Ledegem,2020-06-17,0,51
Ledegem,2020-06-18,0,51
Ledegem,2020-06-19,1,52
Ledegem,2020-06-20,1,53
Ledegem,2020-06-23,0,53
Ledegem,2020-06-24,0,53
Ledegem,2020-06-25,0,53
Ledegem,2020-06-26,0,53
Ledegem,2020-06-27,0,53
Ledegem,2020-06-30,1,54
Ledegem,2020-07-01,0,54
Ledegem,2020-07-02,0,54
Ledegem,2020-07-03,0,54
Ledegem,2020-07-04,0,54
Ledegem,2020-07-07,0,54
Ledegem,2020-07-08,2,56
Ledegem,2020-07-09,1,57
Ledegem,2020-07-10,0,57
Ledegem,2020-07-11,1,58
Ledegem,2020-07-14,5,63
Ledegem,2020-07-15,4,67
Ledegem,2020-07-16,2,69
Ledegem,2020-07-17,3,72
Ledegem,2020-07-18,8,80
Ledegem,2020-07-20,0,80
Ledegem,2020-07-21,1,81
Ledegem,2020-07-22,0,81
Ledegem,2020-07-23,0,81
Ledegem,2020-07-24,2,83
Ledegem,2020-07-25,0,83
Ledegem,2020-07-26,1,84
Ledegem,2020-07-27,0,84
Ledegem,2020-07-28,0,84
Ledegem,2020-07-29,0,84
Ledegem,2020-07-30,0,84
Ledegem,2020-07-31,1,85
Lichtervelde,2020-04-01,0,11
Lichtervelde,2020-04-02,0,11
Lichtervelde,2020-04-03,0,11
Lichtervelde,2020-04-04,1,12
Lichtervelde,2020-04-05,0,12
Lichtervelde,2020-04-06,1,13
Lichtervelde,2020-04-07,1,14
Lichtervelde,2020-04-08,0,14
Lichtervelde,2020-04-09,0,14
Lichtervelde,2020-04-10,0,14
Lichtervelde,2020-04-11,2,16
Lichtervelde,2020-04-12,0,16
Lichtervelde,2020-04-13,0,16
Lichtervelde,2020-04-14,0,16
Lichtervelde,2020-04-15,0,16
Lichtervelde,2020-04-16,0,16
Lichtervelde,2020-04-17,0,16
Lichtervelde,2020-04-18,0,16
Lichtervelde,2020-04-19,0,16
Lichtervelde,2020-04-20,0,16
Lichtervelde,2020-04-21,1,17
Lichtervelde,2020-04-22,0,17
Lichtervelde,2020-04-23,0,17
Lichtervelde,2020-04-24,2,19
Lichtervelde,2020-04-25,0,19
Lichtervelde,2020-04-26,2,21
Lichtervelde,2020-04-27,0,21
Lichtervelde,2020-04-28,0,21
Lichtervelde,2020-04-29,0,21
Lichtervelde,2020-04-30,0,21
Lichtervelde,2020-05-01,0,21
Lichtervelde,2020-05-02,0,21
Lichtervelde,2020-05-03,0,21
Lichtervelde,2020-05-04,0,21
Lichtervelde,2020-05-05,1,22
Lichtervelde,2020-05-06,0,22
Lichtervelde,2020-05-07,1,23
Lichtervelde,2020-05-08,0,23
Lichtervelde,2020-05-09,0,23
Lichtervelde,2020-05-10,0,23
Lichtervelde,2020-05-11,0,23
Lichtervelde,2020-05-12,0,23
Lichtervelde,2020-05-13,0,23
Lichtervelde,2020-05-14,1,24
Lichtervelde,2020-05-15,1,25
Lichtervelde,2020-05-16,1,26
Lichtervelde,2020-05-17,1,27
Lichtervelde,2020-05-18,0,27
Lichtervelde,2020-05-19,0,27
Lichtervelde,2020-05-20,0,27
Lichtervelde,2020-05-21,0,27
Lichtervelde,2020-05-22,1,28
Lichtervelde,2020-05-23,2,30
Lichtervelde,2020-05-24,0,30
Lichtervelde,2020-05-25,2,32
Lichtervelde,2020-05-26,1,33
Lichtervelde,2020-05-27,0,33
Lichtervelde,2020-05-28,1,34
Lichtervelde,2020-05-29,0,34
Lichtervelde,2020-05-30,1,35
Lichtervelde,2020-05-31,0,35
Lichtervelde,2020-06-01,0,35
Lichtervelde,2020-06-02,1,36
Lichtervelde,2020-06-03,0,36
Lichtervelde,2020-06-04,0,36
Lichtervelde,2020-06-05,0,36
Lichtervelde,2020-06-06,0,36
Lichtervelde,2020-06-07,0,36
Lichtervelde,2020-06-08,0,36
Lichtervelde,2020-06-09,0,36
Lichtervelde,2020-06-10,0,36
Lichtervelde,2020-06-11,0,36
Lichtervelde,2020-06-12,2,38
Lichtervelde,2020-06-13,0,38
Lichtervelde,2020-06-14,0,38
Lichtervelde,2020-06-15,0,38
Lichtervelde,2020-06-16,0,38
Lichtervelde,2020-06-17,0,38
Lichtervelde,2020-06-18,0,38
Lichtervelde,2020-06-19,0,38
Lichtervelde,2020-06-20,0,38
Lichtervelde,2020-06-23,1,39
Lichtervelde,2020-06-24,0,39
Lichtervelde,2020-06-25,0,39
Lichtervelde,2020-06-26,1,40
Lichtervelde,2020-06-27,1,41
Lichtervelde,2020-06-30,0,41
Lichtervelde,2020-07-01,1,42
Lichtervelde,2020-07-02,0,42
Lichtervelde,2020-07-03,0,42
Lichtervelde,2020-07-04,1,43
Lichtervelde,2020-07-07,0,43
Lichtervelde,2020-07-08,0,43
Lichtervelde,2020-07-09,0,43
Lichtervelde,2020-07-10,0,43
Lichtervelde,2020-07-11,0,43
Lichtervelde,2020-07-14,1,44
Lichtervelde,2020-07-15,0,44
Lichtervelde,2020-07-16,0,44
Lichtervelde,2020-07-17,0,44
Lichtervelde,2020-07-18,0,44
Lichtervelde,2020-07-20,0,44
Lichtervelde,2020-07-21,1,45
Lichtervelde,2020-07-22,0,45
Lichtervelde,2020-07-23,0,45
Lichtervelde,2020-07-24,2,47
Lichtervelde,2020-07-25,2,49
Lichtervelde,2020-07-26,0,49
Lichtervelde,2020-07-27,0,49
Lichtervelde,2020-07-28,2,51
Lichtervelde,2020-07-29,0,51
Lichtervelde,2020-07-30,0,51
Lichtervelde,2020-07-31,1,52
Moorslede,2020-04-01,2,16
Moorslede,2020-04-02,3,19
Moorslede,2020-04-03,8,27
Moorslede,2020-04-04,2,29
Moorslede,2020-04-05,1,30
Moorslede,2020-04-06,3,33
Moorslede,2020-04-07,4,37
Moorslede,2020-04-08,0,37
Moorslede,2020-04-09,1,38
Moorslede,2020-04-10,2,40
Moorslede,2020-04-11,0,40
Moorslede,2020-04-12,1,41
Moorslede,2020-04-13,3,44
Moorslede,2020-04-14,0,44
Moorslede,2020-04-15,0,44
Moorslede,2020-04-16,0,44
Moorslede,2020-04-17,0,44
Moorslede,2020-04-18,0,44
Moorslede,2020-04-19,0,44
Moorslede,2020-04-20,3,47
Moorslede,2020-04-21,0,47
Moorslede,2020-04-22,1,48
Moorslede,2020-04-23,0,48
Moorslede,2020-04-24,2,50
Moorslede,2020-04-25,1,51
Moorslede,2020-04-26,1,52
Moorslede,2020-04-27,0,52
Moorslede,2020-04-28,0,52
Moorslede,2020-04-29,0,52
Moorslede,2020-04-30,2,54
Moorslede,2020-05-01,0,54
Moorslede,2020-05-02,1,55
Moorslede,2020-05-03,0,55
Moorslede,2020-05-04,0,55
Moorslede,2020-05-05,0,55
Moorslede,2020-05-06,0,55
Moorslede,2020-05-07,1,56
Moorslede,2020-05-08,7,63
Moorslede,2020-05-09,2,65
Moorslede,2020-05-10,0,65
Moorslede,2020-05-11,0,65
Moorslede,2020-05-12,0,65
Moorslede,2020-05-13,0,65
Moorslede,2020-05-14,1,66
Moorslede,2020-05-15,0,66
Moorslede,2020-05-16,2,68
Moorslede,2020-05-17,0,68
Moorslede,2020-05-18,1,69
Moorslede,2020-05-19,0,69
Moorslede,2020-05-20,0,69
Moorslede,2020-05-21,2,71
Moorslede,2020-05-22,0,71
Moorslede,2020-05-23,0,71
Moorslede,2020-05-24,0,71
Moorslede,2020-05-25,0,71
Moorslede,2020-05-26,0,71
Moorslede,2020-05-27,0,71
Moorslede,2020-05-28,0,71
Moorslede,2020-05-29,0,71
Moorslede,2020-05-30,0,71
Moorslede,2020-05-31,1,72
Moorslede,2020-06-01,0,72
Moorslede,2020-06-02,0,72
Moorslede,2020-06-03,0,72
Moorslede,2020-06-04,0,72
Moorslede,2020-06-05,0,72
Moorslede,2020-06-06,0,72
Moorslede,2020-06-07,0,72
Moorslede,2020-06-08,0,72
Moorslede,2020-06-09,0,72
Moorslede,2020-06-10,0,72
Moorslede,2020-06-11,0,72
Moorslede,2020-06-12,0,72
Moorslede,2020-06-13,0,72
Moorslede,2020-06-14,0,72
Moorslede,2020-06-15,0,72
Moorslede,2020-06-16,0,72
Moorslede,2020-06-17,0,72
Moorslede,2020-06-18,0,72
Moorslede,2020-06-19,1,73
Moorslede,2020-06-20,0,73
Moorslede,2020-06-23,0,73
Moorslede,2020-06-24,1,74
Moorslede,2020-06-25,0,74
Moorslede,2020-06-26,0,74
Moorslede,2020-06-27,0,74
Moorslede,2020-06-30,0,74
Moorslede,2020-07-01,0,74
Moorslede,2020-07-02,0,74
Moorslede,2020-07-03,0,74
Moorslede,2020-07-04,0,74
Moorslede,2020-07-07,0,74
Moorslede,2020-07-08,0,74
Moorslede,2020-07-09,0,74
Moorslede,2020-07-10,0,74
Moorslede,2020-07-11,0,74
Moorslede,2020-07-14,3,77
Moorslede,2020-07-15,0,77
Moorslede,2020-07-16,3,80
Moorslede,2020-07-17,1,81
Moorslede,2020-07-18,4,85
Moorslede,2020-07-20,0,85
Moorslede,2020-07-21,0,85
Moorslede,2020-07-22,0,85
Moorslede,2020-07-23,0,85
Moorslede,2020-07-24,1,86
Moorslede,2020-07-25,0,86
Moorslede,2020-07-26,0,86
Moorslede,2020-07-27,0,86
Moorslede,2020-07-28,0,86
Moorslede,2020-07-29,1,87
Moorslede,2020-07-30,0,87
Moorslede,2020-07-31,1,88
Roeselare,2020-04-01,11,118
Roeselare,2020-04-02,14,132
Roeselare,2020-04-03,12,144
Roeselare,2020-04-04,16,160
Roeselare,2020-04-05,1,161
Roeselare,2020-04-06,2,163
Roeselare,2020-04-07,3,166
Roeselare,2020-04-08,4,170
Roeselare,2020-04-09,14,184
Roeselare,2020-04-10,7,191
Roeselare,2020-04-11,7,198
Roeselare,2020-04-12,6,204
Roeselare,2020-04-13,14,218
Roeselare,2020-04-14,3,221
Roeselare,2020-04-15,1,222
Roeselare,2020-04-16,4,226
Roeselare,2020-04-17,2,228
Roeselare,2020-04-18,2,230
Roeselare,2020-04-19,3,233
Roeselare,2020-04-20,5,238
Roeselare,2020-04-21,-3,235
Roeselare,2020-04-22,12,247
Roeselare,2020-04-23,-4,243
Roeselare,2020-04-24,15,258
Roeselare,2020-04-25,2,260
Roeselare,2020-04-26,2,262
Roeselare,2020-04-27,4,266
Roeselare,2020-04-28,2,268
Roeselare,2020-04-29,4,272
Roeselare,2020-04-30,5,277
Roeselare,2020-05-01,5,282
Roeselare,2020-05-02,4,286
Roeselare,2020-05-03,4,290
Roeselare,2020-05-04,0,290
Roeselare,2020-05-05,1,291
Roeselare,2020-05-06,3,294
Roeselare,2020-05-07,6,300
Roeselare,2020-05-08,3,303
Roeselare,2020-05-09,3,306
Roeselare,2020-05-10,1,307
Roeselare,2020-05-11,2,309
Roeselare,2020-05-12,0,309
Roeselare,2020-05-13,2,311
Roeselare,2020-05-14,2,313
Roeselare,2020-05-15,2,315
Roeselare,2020-05-16,0,315
Roeselare,2020-05-17,0,315
Roeselare,2020-05-18,11,326
Roeselare,2020-05-19,7,333
Roeselare,2020-05-20,2,335
Roeselare,2020-05-21,4,339
Roeselare,2020-05-22,0,339
Roeselare,2020-05-23,2,341
Roeselare,2020-05-24,3,344
Roeselare,2020-05-25,2,346
Roeselare,2020-05-26,1,347
Roeselare,2020-05-27,0,347
Roeselare,2020-05-28,1,348
Roeselare,2020-05-29,2,350
Roeselare,2020-05-30,2,352
Roeselare,2020-05-31,1,353
Roeselare,2020-06-01,0,353
Roeselare,2020-06-02,1,354
Roeselare,2020-06-03,0,354
Roeselare,2020-06-04,0,354
Roeselare,2020-06-05,0,354
Roeselare,2020-06-06,3,357
Roeselare,2020-06-07,2,359
Roeselare,2020-06-08,0,359
Roeselare,2020-06-09,0,359
Roeselare,2020-06-10,0,359
Roeselare,2020-06-11,0,359
Roeselare,2020-06-12,0,359
Roeselare,2020-06-13,0,359
Roeselare,2020-06-14,0,359
Roeselare,2020-06-15,1,360
Roeselare,2020-06-16,0,360
Roeselare,2020-06-17,0,360
Roeselare,2020-06-18,1,361
Roeselare,2020-06-19,0,361
Roeselare,2020-06-20,0,361
Roeselare,2020-06-23,2,363
Roeselare,2020-06-24,7,370
Roeselare,2020-06-25,3,373
Roeselare,2020-06-26,0,373
Roeselare,2020-06-27,0,373
Roeselare,2020-06-30,4,377
Roeselare,2020-07-01,0,377
Roeselare,2020-07-02,0,377
Roeselare,2020-07-03,0,377
Roeselare,2020-07-04,1,378
Roeselare,2020-07-07,2,380
Roeselare,2020-07-08,0,380
Roeselare,2020-07-09,0,380
Roeselare,2020-07-10,6,386
Roeselare,2020-07-11,2,388
Roeselare,2020-07-14,2,390
Roeselare,2020-07-15,3,393
Roeselare,2020-07-16,1,394
Roeselare,2020-07-17,2,396
Roeselare,2020-07-18,1,397
Roeselare,2020-07-20,3,400
Roeselare,2020-07-21,3,403
Roeselare,2020-07-22,2,405
Roeselare,2020-07-23,1,406
Roeselare,2020-07-24,6,412
Roeselare,2020-07-25,6,418
Roeselare,2020-07-26,0,418
Roeselare,2020-07-27,1,419
Roeselare,2020-07-28,6,425
Roeselare,2020-07-29,1,426
Roeselare,2020-07-30,2,428
Roeselare,2020-07-31,4,432
Staden,2020-04-01,0,7
Staden,2020-04-02,2,9
Staden,2020-04-03,0,9
Staden,2020-04-04,1,10
Staden,2020-04-05,0,10
Staden,2020-04-06,0,10
Staden,2020-04-07,0,10
Staden,2020-04-08,0,10
Staden,2020-04-09,0,10
Staden,2020-04-10,0,10
Staden,2020-04-11,2,12
Staden,2020-04-12,1,13
Staden,2020-04-13,1,14
Staden,2020-04-14,2,16
Staden,2020-04-15,0,16
Staden,2020-04-16,0,16
Staden,2020-04-17,0,16
Staden,2020-04-18,1,17
Staden,2020-04-19,0,17
Staden,2020-04-20,1,18
Staden,2020-04-21,0,18
Staden,2020-04-22,0,18
Staden,2020-04-23,0,18
Staden,2020-04-24,0,18
Staden,2020-04-25,1,19
Staden,2020-04-26,1,20
Staden,2020-04-27,0,20
Staden,2020-04-28,0,20
Staden,2020-04-29,0,20
Staden,2020-04-30,0,20
Staden,2020-05-01,0,20
Staden,2020-05-02,0,20
Staden,2020-05-03,0,20
Staden,2020-05-04,0,20
Staden,2020-05-05,0,20
Staden,2020-05-06,0,20
Staden,2020-05-07,0,20
Staden,2020-05-08,0,20
Staden,2020-05-09,0,20
Staden,2020-05-10,0,20
Staden,2020-05-11,0,20
Staden,2020-05-12,0,20
Staden,2020-05-13,1,21
Staden,2020-05-14,0,21
Staden,2020-05-15,1,22
Staden,2020-05-16,3,25
Staden,2020-05-17,0,25
Staden,2020-05-18,1,26
Staden,2020-05-19,0,26
Staden,2020-05-20,0,26
Staden,2020-05-21,0,26
Staden,2020-05-22,1,27
Staden,2020-05-23,0,27
Staden,2020-05-24,0,27
Staden,2020-05-25,0,27
Staden,2020-05-26,0,27
Staden,2020-05-27,1,28
Staden,2020-05-28,0,28
Staden,2020-05-29,0,28
Staden,2020-05-30,2,30
Staden,2020-05-31,0,30
Staden,2020-06-01,0,30
Staden,2020-06-02,0,30
Staden,2020-06-03,0,30
Staden,2020-06-04,0,30
Staden,2020-06-05,0,30
Staden,2020-06-06,1,31
Staden,2020-06-07,0,31
Staden,2020-06-08,0,31
Staden,2020-06-09,0,31
Staden,2020-06-10,0,31
Staden,2020-06-11,0,31
Staden,2020-06-12,0,31
Staden,2020-06-13,0,31
Staden,2020-06-14,0,31
Staden,2020-06-15,0,31
Staden,2020-06-16,0,31
Staden,2020-06-17,0,31
Staden,2020-06-18,0,31
Staden,2020-06-19,0,31
Staden,2020-06-20,0,31
Staden,2020-06-23,0,31
Staden,2020-06-24,0,31
Staden,2020-06-25,1,32
Staden,2020-06-26,0,32
Staden,2020-06-27,3,35
Staden,2020-06-30,1,36
Staden,2020-07-01,0,36
Staden,2020-07-02,0,36
Staden,2020-07-03,0,36
Staden,2020-07-04,1,37
Staden,2020-07-07,4,41
Staden,2020-07-08,0,41
Staden,2020-07-09,0,41
Staden,2020-07-10,0,41
Staden,2020-07-11,1,42
Staden,2020-07-14,1,43
Staden,2020-07-15,0,43
Staden,2020-07-16,0,43
Staden,2020-07-17,0,43
Staden,2020-07-18,0,43
Staden,2020-07-20,0,43
Staden,2020-07-21,0,43
Staden,2020-07-22,0,43
Staden,2020-07-23,0,43
Staden,2020-07-24,0,43
Staden,2020-07-25,1,44
Staden,2020-07-26,0,44
Staden,2020-07-27,0,44
Staden,2020-07-28,1,45
Staden,2020-07-29,0,45
Staden,2020-07-30,0,45
Staden,2020-07-31,0,45
Dentergem,2020-04-01,1,16
Dentergem,2020-04-02,1,17
Dentergem,2020-04-03,2,19
Dentergem,2020-04-04,2,21
Dentergem,2020-04-05,1,22
Dentergem,2020-04-06,1,23
Dentergem,2020-04-07,1,24
Dentergem,2020-04-08,0,24
Dentergem,2020-04-09,0,24
Dentergem,2020-04-10,0,24
Dentergem,2020-04-11,3,27
Dentergem,2020-04-12,1,28
Dentergem,2020-04-13,0,28
Dentergem,2020-04-14,0,28
Dentergem,2020-04-15,1,29
Dentergem,2020-04-16,0,29
Dentergem,2020-04-17,0,29
Dentergem,2020-04-18,2,31
Dentergem,2020-04-19,0,31
Dentergem,2020-04-20,0,31
Dentergem,2020-04-21,0,31
Dentergem,2020-04-22,0,31
Dentergem,2020-04-23,0,31
Dentergem,2020-04-24,0,31
Dentergem,2020-04-25,0,31
Dentergem,2020-04-26,0,31
Dentergem,2020-04-27,0,31
Dentergem,2020-04-28,0,31
Dentergem,2020-04-29,0,31
Dentergem,2020-04-30,0,31
Dentergem,2020-05-01,0,31
Dentergem,2020-05-02,0,31
Dentergem,2020-05-03,0,31
Dentergem,2020-05-04,0,31
Dentergem,2020-05-05,0,31
Dentergem,2020-05-06,0,31
Dentergem,2020-05-07,0,31
Dentergem,2020-05-08,1,32
Dentergem,2020-05-09,0,32
Dentergem,2020-05-10,1,33
Dentergem,2020-05-11,0,33
Dentergem,2020-05-12,0,33
Dentergem,2020-05-13,0,33
Dentergem,2020-05-14,0,33
Dentergem,2020-05-15,0,33
Dentergem,2020-05-16,1,34
Dentergem,2020-05-17,0,34
Dentergem,2020-05-18,0,34
Dentergem,2020-05-19,1,35
Dentergem,2020-05-20,0,35
Dentergem,2020-05-21,0,35
Dentergem,2020-05-22,0,35
Dentergem,2020-05-23,0,35
Dentergem,2020-05-24,1,36
Dentergem,2020-05-25,3,39
Dentergem,2020-05-26,1,40
Dentergem,2020-05-27,0,40
Dentergem,2020-05-28,0,40
Dentergem,2020-05-29,0,40
Dentergem,2020-05-30,0,40
Dentergem,2020-05-31,0,40
Dentergem,2020-06-01,0,40
Dentergem,2020-06-02,0,40
Dentergem,2020-06-03,0,40
Dentergem,2020-06-04,0,40
Dentergem,2020-06-05,0,40
Dentergem,2020-06-06,0,40
Dentergem,2020-06-07,0,40
Dentergem,2020-06-08,0,40
Dentergem,2020-06-09,0,40
Dentergem,2020-06-10,0,40
Dentergem,2020-06-11,0,40
Dentergem,2020-06-12,0,40
Dentergem,2020-06-13,0,40
Dentergem,2020-06-14,0,40
Dentergem,2020-06-15,0,40
Dentergem,2020-06-16,0,40
Dentergem,2020-06-17,1,41
Dentergem,2020-06-18,0,41
Dentergem,2020-06-19,0,41
Dentergem,2020-06-20,0,41
Dentergem,2020-06-23,2,43
Dentergem,2020-06-24,1,44
Dentergem,2020-06-25,0,44
Dentergem,2020-06-26,0,44
Dentergem,2020-06-27,0,44
Dentergem,2020-06-30,0,44
Dentergem,2020-07-01,0,44
Dentergem,2020-07-02,0,44
Dentergem,2020-07-03,0,44
Dentergem,2020-07-04,0,44
Dentergem,2020-07-07,0,44
Dentergem,2020-07-08,0,44
Dentergem,2020-07-09,0,44
Dentergem,2020-07-10,0,44
Dentergem,2020-07-11,0,44
Dentergem,2020-07-14,0,44
Dentergem,2020-07-15,0,44
Dentergem,2020-07-16,0,44
Dentergem,2020-07-17,0,44
Dentergem,2020-07-18,0,44
Dentergem,2020-07-20,0,44
Dentergem,2020-07-21,0,44
Dentergem,2020-07-22,0,44
Dentergem,2020-07-23,0,44
Dentergem,2020-07-24,1,45
Dentergem,2020-07-25,0,45
Dentergem,2020-07-26,0,45
Dentergem,2020-07-27,0,45
Dentergem,2020-07-28,0,45
Dentergem,2020-07-29,0,45
Dentergem,2020-07-30,0,45
Dentergem,2020-07-31,0,45
Meulebeke,2020-04-01,0,9
Meulebeke,2020-04-02,5,14
Meulebeke,2020-04-03,0,14
Meulebeke,2020-04-04,0,14
Meulebeke,2020-04-05,1,15
Meulebeke,2020-04-06,0,15
Meulebeke,2020-04-07,1,16
Meulebeke,2020-04-08,0,16
Meulebeke,2020-04-09,0,16
Meulebeke,2020-04-10,0,16
Meulebeke,2020-04-11,0,16
Meulebeke,2020-04-12,4,20
Meulebeke,2020-04-13,0,20
Meulebeke,2020-04-14,0,20
Meulebeke,2020-04-15,0,20
Meulebeke,2020-04-16,0,20
Meulebeke,2020-04-17,0,20
Meulebeke,2020-04-18,0,20
Meulebeke,2020-04-19,1,21
Meulebeke,2020-04-20,1,22
Meulebeke,2020-04-21,-3,19
Meulebeke,2020-04-22,2,21
Meulebeke,2020-04-23,-1,20
Meulebeke,2020-04-24,2,22
Meulebeke,2020-04-25,0,22
Meulebeke,2020-04-26,1,23
Meulebeke,2020-04-27,0,23
Meulebeke,2020-04-28,0,23
Meulebeke,2020-04-29,0,23
Meulebeke,2020-04-30,1,24
Meulebeke,2020-05-01,0,24
Meulebeke,2020-05-02,1,25
Meulebeke,2020-05-03,1,26
Meulebeke,2020-05-04,0,26
Meulebeke,2020-05-05,0,26
Meulebeke,2020-05-06,0,26
Meulebeke,2020-05-07,0,26
Meulebeke,2020-05-08,1,27
Meulebeke,2020-05-09,0,27
Meulebeke,2020-05-10,1,28
Meulebeke,2020-05-11,1,29
Meulebeke,2020-05-12,0,29
Meulebeke,2020-05-13,0,29
Meulebeke,2020-05-14,1,30
Meulebeke,2020-05-15,1,31
Meulebeke,2020-05-16,0,31
Meulebeke,2020-05-17,0,31
Meulebeke,2020-05-18,1,32
Meulebeke,2020-05-19,1,33
Meulebeke,2020-05-20,0,33
Meulebeke,2020-05-21,0,33
Meulebeke,2020-05-22,0,33
Meulebeke,2020-05-23,0,33
Meulebeke,2020-05-24,0,33
Meulebeke,2020-05-25,0,33
Meulebeke,2020-05-26,0,33
Meulebeke,2020-05-27,0,33
Meulebeke,2020-05-28,1,34
Meulebeke,2020-05-29,0,34
Meulebeke,2020-05-30,0,34
Meulebeke,2020-05-31,2,36
Meulebeke,2020-06-01,0,36
Meulebeke,2020-06-02,0,36
Meulebeke,2020-06-03,0,36
Meulebeke,2020-06-04,0,36
Meulebeke,2020-06-05,0,36
Meulebeke,2020-06-06,0,36
Meulebeke,2020-06-07,0,36
Meulebeke,2020-06-08,0,36
Meulebeke,2020-06-09,0,36
Meulebeke,2020-06-10,0,36
Meulebeke,2020-06-11,0,36
Meulebeke,2020-06-12,0,36
Meulebeke,2020-06-13,0,36
Meulebeke,2020-06-14,0,36
Meulebeke,2020-06-15,0,36
Meulebeke,2020-06-16,0,36
Meulebeke,2020-06-17,0,36
Meulebeke,2020-06-18,0,36
Meulebeke,2020-06-19,0,36
Meulebeke,2020-06-20,0,36
Meulebeke,2020-06-23,0,36
Meulebeke,2020-06-24,1,37
Meulebeke,2020-06-25,0,37
Meulebeke,2020-06-26,0,37
Meulebeke,2020-06-27,0,37
Meulebeke,2020-06-30,0,37
Meulebeke,2020-07-01,0,37
Meulebeke,2020-07-02,0,37
Meulebeke,2020-07-03,0,37
Meulebeke,2020-07-04,0,37
Meulebeke,2020-07-07,1,38
Meulebeke,2020-07-08,1,39
Meulebeke,2020-07-09,0,39
Meulebeke,2020-07-10,1,40
Meulebeke,2020-07-11,0,40
Meulebeke,2020-07-14,0,40
Meulebeke,2020-07-15,1,41
Meulebeke,2020-07-16,0,41
Meulebeke,2020-07-17,0,41
Meulebeke,2020-07-18,0,41
Meulebeke,2020-07-20,0,41
Meulebeke,2020-07-21,0,41
Meulebeke,2020-07-22,1,42
Meulebeke,2020-07-23,1,43
Meulebeke,2020-07-24,3,46
Meulebeke,2020-07-25,0,46
Meulebeke,2020-07-26,0,46
Meulebeke,2020-07-27,0,46
Meulebeke,2020-07-28,0,46
Meulebeke,2020-07-29,0,46
Meulebeke,2020-07-30,0,46
Meulebeke,2020-07-31,0,46
Oostrozebeke,2020-04-01,1,7
Oostrozebeke,2020-04-02,0,7
Oostrozebeke,2020-04-03,2,9
Oostrozebeke,2020-04-04,0,9
Oostrozebeke,2020-04-05,0,9
Oostrozebeke,2020-04-06,1,10
Oostrozebeke,2020-04-07,1,11
Oostrozebeke,2020-04-08,1,12
Oostrozebeke,2020-04-09,1,13
Oostrozebeke,2020-04-10,2,15
Oostrozebeke,2020-04-11,0,15
Oostrozebeke,2020-04-12,1,16
Oostrozebeke,2020-04-13,1,17
Oostrozebeke,2020-04-14,0,17
Oostrozebeke,2020-04-15,1,18
Oostrozebeke,2020-04-16,2,20
Oostrozebeke,2020-04-17,1,21
Oostrozebeke,2020-04-18,0,21
Oostrozebeke,2020-04-19,0,21
Oostrozebeke,2020-04-20,0,21
Oostrozebeke,2020-04-21,0,21
Oostrozebeke,2020-04-22,0,21
Oostrozebeke,2020-04-23,0,21
Oostrozebeke,2020-04-24,3,24
Oostrozebeke,2020-04-25,0,24
Oostrozebeke,2020-04-26,2,26
Oostrozebeke,2020-04-27,0,26
Oostrozebeke,2020-04-28,0,26
Oostrozebeke,2020-04-29,0,26
Oostrozebeke,2020-04-30,0,26
Oostrozebeke,2020-05-01,0,26
Oostrozebeke,2020-05-02,0,26
Oostrozebeke,2020-05-03,0,26
Oostrozebeke,2020-05-04,0,26
Oostrozebeke,2020-05-05,0,26
Oostrozebeke,2020-05-06,0,26
Oostrozebeke,2020-05-07,1,27
Oostrozebeke,2020-05-08,1,28
Oostrozebeke,2020-05-09,1,29
Oostrozebeke,2020-05-10,0,29
Oostrozebeke,2020-05-11,0,29
Oostrozebeke,2020-05-12,1,30
Oostrozebeke,2020-05-13,1,31
Oostrozebeke,2020-05-14,0,31
Oostrozebeke,2020-05-15,0,31
Oostrozebeke,2020-05-16,2,33
Oostrozebeke,2020-05-17,0,33
Oostrozebeke,2020-05-18,0,33
Oostrozebeke,2020-05-19,0,33
Oostrozebeke,2020-05-20,0,33
Oostrozebeke,2020-05-21,0,33
Oostrozebeke,2020-05-22,0,33
Oostrozebeke,2020-05-23,0,33
Oostrozebeke,2020-05-24,0,33
Oostrozebeke,2020-05-25,2,35
Oostrozebeke,2020-05-26,0,35
Oostrozebeke,2020-05-27,0,35
Oostrozebeke,2020-05-28,0,35
Oostrozebeke,2020-05-29,0,35
Oostrozebeke,2020-05-30,0,35
Oostrozebeke,2020-05-31,0,35
Oostrozebeke,2020-06-01,0,35
Oostrozebeke,2020-06-02,0,35
Oostrozebeke,2020-06-03,0,35
Oostrozebeke,2020-06-04,0,35
Oostrozebeke,2020-06-05,0,35
Oostrozebeke,2020-06-06,0,35
Oostrozebeke,2020-06-07,0,35
Oostrozebeke,2020-06-08,0,35
Oostrozebeke,2020-06-09,0,35
Oostrozebeke,2020-06-10,0,35
Oostrozebeke,2020-06-11,0,35
Oostrozebeke,2020-06-12,0,35
Oostrozebeke,2020-06-13,0,35
Oostrozebeke,2020-06-14,0,35
Oostrozebeke,2020-06-15,0,35
Oostrozebeke,2020-06-16,0,35
Oostrozebeke,2020-06-17,0,35
Oostrozebeke,2020-06-18,0,35
Oostrozebeke,2020-06-19,0,35
Oostrozebeke,2020-06-20,0,35
Oostrozebeke,2020-06-23,0,35
Oostrozebeke,2020-06-24,0,35
Oostrozebeke,2020-06-25,0,35
Oostrozebeke,2020-06-26,0,35
Oostrozebeke,2020-06-27,0,35
Oostrozebeke,2020-06-30,0,35
Oostrozebeke,2020-07-01,0,35
Oostrozebeke,2020-07-02,0,35
Oostrozebeke,2020-07-03,0,35
Oostrozebeke,2020-07-04,0,35
Oostrozebeke,2020-07-07,1,36
Oostrozebeke,2020-07-08,0,36
Oostrozebeke,2020-07-09,0,36
Oostrozebeke,2020-07-10,0,36
Oostrozebeke,2020-07-11,0,36
Oostrozebeke,2020-07-14,1,37
Oostrozebeke,2020-07-15,1,38
Oostrozebeke,2020-07-16,0,38
Oostrozebeke,2020-07-17,0,38
Oostrozebeke,2020-07-18,2,40
Oostrozebeke,2020-07-20,0,40
Oostrozebeke,2020-07-21,0,40
Oostrozebeke,2020-07-22,0,40
Oostrozebeke,2020-07-23,0,40
Oostrozebeke,2020-07-24,0,40
Oostrozebeke,2020-07-25,0,40
Oostrozebeke,2020-07-26,0,40
Oostrozebeke,2020-07-27,0,40
Oostrozebeke,2020-07-28,0,40
Oostrozebeke,2020-07-29,0,40
Oostrozebeke,2020-07-30,0,40
Oostrozebeke,2020-07-31,0,40
Pittem,2020-04-01,1,10
Pittem,2020-04-02,0,10
Pittem,2020-04-03,1,11
Pittem,2020-04-04,1,12
Pittem,2020-04-05,0,12
Pittem,2020-04-06,0,12
Pittem,2020-04-07,0,12
Pittem,2020-04-08,0,12
Pittem,2020-04-09,3,15
Pittem,2020-04-10,0,15
Pittem,2020-04-11,1,16
Pittem,2020-04-12,1,17
Pittem,2020-04-13,0,17
Pittem,2020-04-14,0,17
Pittem,2020-04-15,0,17
Pittem,2020-04-16,1,18
Pittem,2020-04-17,0,18
Pittem,2020-04-18,0,18
Pittem,2020-04-19,0,18
Pittem,2020-04-20,2,20
Pittem,2020-04-21,0,20
Pittem,2020-04-22,0,20
Pittem,2020-04-23,0,20
Pittem,2020-04-24,2,22
Pittem,2020-04-25,0,22
Pittem,2020-04-26,0,22
Pittem,2020-04-27,0,22
Pittem,2020-04-28,0,22
Pittem,2020-04-29,1,23
Pittem,2020-04-30,0,23
Pittem,2020-05-01,0,23
Pittem,2020-05-02,0,23
Pittem,2020-05-03,0,23
Pittem,2020-05-04,0,23
Pittem,2020-05-05,0,23
Pittem,2020-05-06,0,23
Pittem,2020-05-07,1,24
Pittem,2020-05-08,1,25
Pittem,2020-05-09,0,25
Pittem,2020-05-10,2,27
Pittem,2020-05-11,0,27
Pittem,2020-05-12,0,27
Pittem,2020-05-13,1,28
Pittem,2020-05-14,1,29
Pittem,2020-05-15,0,29
Pittem,2020-05-16,0,29
Pittem,2020-05-17,1,30
Pittem,2020-05-18,0,30
Pittem,2020-05-19,0,30
Pittem,2020-05-20,0,30
Pittem,2020-05-21,0,30
Pittem,2020-05-22,0,30
Pittem,2020-05-23,0,30
Pittem,2020-05-24,0,30
Pittem,2020-05-25,0,30
Pittem,2020-05-26,0,30
Pittem,2020-05-27,0,30
Pittem,2020-05-28,0,30
Pittem,2020-05-29,0,30
Pittem,2020-05-30,0,30
Pittem,2020-05-31,0,30
Pittem,2020-06-01,0,30
Pittem,2020-06-02,0,30
Pittem,2020-06-03,0,30
Pittem,2020-06-04,0,30
Pittem,2020-06-05,0,30
Pittem,2020-06-06,0,30
Pittem,2020-06-07,0,30
Pittem,2020-06-08,0,30
Pittem,2020-06-09,0,30
Pittem,2020-06-10,0,30
Pittem,2020-06-11,0,30
Pittem,2020-06-12,0,30
Pittem,2020-06-13,0,30
Pittem,2020-06-14,0,30
Pittem,2020-06-15,0,30
Pittem,2020-06-16,0,30
Pittem,2020-06-17,0,30
Pittem,2020-06-18,0,30
Pittem,2020-06-19,0,30
Pittem,2020-06-20,0,30
Pittem,2020-06-23,0,30
Pittem,2020-06-24,1,31
Pittem,2020-06-25,0,31
Pittem,2020-06-26,0,31
Pittem,2020-06-27,0,31
Pittem,2020-06-30,0,31
Pittem,2020-07-01,0,31
Pittem,2020-07-02,0,31
Pittem,2020-07-03,0,31
Pittem,2020-07-04,0,31
Pittem,2020-07-07,0,31
Pittem,2020-07-08,0,31
Pittem,2020-07-09,0,31
Pittem,2020-07-10,0,31
Pittem,2020-07-11,0,31
Pittem,2020-07-14,0,31
Pittem,2020-07-15,0,31
Pittem,2020-07-16,0,31
Pittem,2020-07-17,0,31
Pittem,2020-07-18,1,32
Pittem,2020-07-20,0,32
Pittem,2020-07-21,1,33
Pittem,2020-07-22,0,33
Pittem,2020-07-23,0,33
Pittem,2020-07-24,1,34
Pittem,2020-07-25,0,34
Pittem,2020-07-26,0,34
Pittem,2020-07-27,0,34
Pittem,2020-07-28,0,34
Pittem,2020-07-29,0,34
Pittem,2020-07-30,0,34
Pittem,2020-07-31,1,35
Ruiselede,2020-04-01,1,10
Ruiselede,2020-04-02,1,11
Ruiselede,2020-04-03,2,13
Ruiselede,2020-04-04,2,15
Ruiselede,2020-04-05,0,15
Ruiselede,2020-04-06,0,15
Ruiselede,2020-04-07,1,16
Ruiselede,2020-04-08,0,16
Ruiselede,2020-04-09,1,17
Ruiselede,2020-04-10,0,17
Ruiselede,2020-04-11,0,17
Ruiselede,2020-04-12,0,17
Ruiselede,2020-04-13,1,18
Ruiselede,2020-04-14,0,18
Ruiselede,2020-04-15,1,19
Ruiselede,2020-04-16,1,20
Ruiselede,2020-04-17,0,20
Ruiselede,2020-04-18,0,20
Ruiselede,2020-04-19,0,20
Ruiselede,2020-04-20,0,20
Ruiselede,2020-04-21,0,20
Ruiselede,2020-04-22,0,20
Ruiselede,2020-04-23,0,20
Ruiselede,2020-04-24,1,21
Ruiselede,2020-04-25,0,21
Ruiselede,2020-04-26,1,22
Ruiselede,2020-04-27,0,22
Ruiselede,2020-04-28,0,22
Ruiselede,2020-04-29,0,22
Ruiselede,2020-04-30,1,23
Ruiselede,2020-05-01,1,24
Ruiselede,2020-05-02,3,27
Ruiselede,2020-05-03,0,27
Ruiselede,2020-05-04,0,27
Ruiselede,2020-05-05,0,27
Ruiselede,2020-05-06,0,27
Ruiselede,2020-05-07,0,27
Ruiselede,2020-05-08,0,27
Ruiselede,2020-05-09,0,27
Ruiselede,2020-05-10,0,27
Ruiselede,2020-05-11,0,27
Ruiselede,2020-05-12,0,27
Ruiselede,2020-05-13,0,27
Ruiselede,2020-05-14,0,27
Ruiselede,2020-05-15,0,27
Ruiselede,2020-05-16,0,27
Ruiselede,2020-05-17,0,27
Ruiselede,2020-05-18,0,27
Ruiselede,2020-05-19,0,27
Ruiselede,2020-05-20,0,27
Ruiselede,2020-05-21,0,27
Ruiselede,2020-05-22,1,28
Ruiselede,2020-05-23,0,28
Ruiselede,2020-05-24,0,28
Ruiselede,2020-05-25,0,28
Ruiselede,2020-05-26,0,28
Ruiselede,2020-05-27,0,28
Ruiselede,2020-05-28,0,28
Ruiselede,2020-05-29,0,28
Ruiselede,2020-05-30,1,29
Ruiselede,2020-05-31,0,29
Ruiselede,2020-06-01,0,29
Ruiselede,2020-06-02,0,29
Ruiselede,2020-06-03,1,30
Ruiselede,2020-06-04,0,30
Ruiselede,2020-06-05,0,30
Ruiselede,2020-06-06,0,30
Ruiselede,2020-06-07,0,30
Ruiselede,2020-06-08,0,30
Ruiselede,2020-06-09,0,30
Ruiselede,2020-06-10,0,30
Ruiselede,2020-06-11,1,31
Ruiselede,2020-06-12,0,31
Ruiselede,2020-06-13,0,31
Ruiselede,2020-06-14,0,31
Ruiselede,2020-06-15,0,31
Ruiselede,2020-06-16,0,31
Ruiselede,2020-06-17,0,31
Ruiselede,2020-06-18,0,31
Ruiselede,2020-06-19,0,31
Ruiselede,2020-06-20,0,31
Ruiselede,2020-06-23,0,31
Ruiselede,2020-06-24,0,31
Ruiselede,2020-06-25,0,31
Ruiselede,2020-06-26,0,31
Ruiselede,2020-06-27,0,31
Ruiselede,2020-06-30,0,31
Ruiselede,2020-07-01,0,31
Ruiselede,2020-07-02,0,31
Ruiselede,2020-07-03,0,31
Ruiselede,2020-07-04,0,31
Ruiselede,2020-07-07,0,31
Ruiselede,2020-07-08,0,31
Ruiselede,2020-07-09,0,31
Ruiselede,2020-07-10,0,31
Ruiselede,2020-07-11,0,31
Ruiselede,2020-07-14,0,31
Ruiselede,2020-07-15,0,31
Ruiselede,2020-07-16,0,31
Ruiselede,2020-07-17,0,31
Ruiselede,2020-07-18,0,31
Ruiselede,2020-07-20,0,31
Ruiselede,2020-07-21,0,31
Ruiselede,2020-07-22,0,31
Ruiselede,2020-07-23,0,31
Ruiselede,2020-07-24,0,31
Ruiselede,2020-07-25,0,31
Ruiselede,2020-07-26,0,31
Ruiselede,2020-07-27,0,31
Ruiselede,2020-07-28,0,31
Ruiselede,2020-07-29,0,31
Ruiselede,2020-07-30,0,31
Ruiselede,2020-07-31,0,31
Tielt (Tielt),2020-04-01,2,36
Tielt (Tielt),2020-04-02,3,39
Tielt (Tielt),2020-04-03,6,45
Tielt (Tielt),2020-04-04,2,47
Tielt (Tielt),2020-04-05,0,47
Tielt (Tielt),2020-04-06,2,49
Tielt (Tielt),2020-04-07,1,50
Tielt (Tielt),2020-04-08,0,50
Tielt (Tielt),2020-04-09,2,52
Tielt (Tielt),2020-04-10,1,53
Tielt (Tielt),2020-04-11,2,55
Tielt (Tielt),2020-04-12,1,56
Tielt (Tielt),2020-04-13,1,57
Tielt (Tielt),2020-04-14,0,57
Tielt (Tielt),2020-04-15,1,58
Tielt (Tielt),2020-04-16,2,60
Tielt (Tielt),2020-04-17,2,62
Tielt (Tielt),2020-04-18,1,63
Tielt (Tielt),2020-04-19,1,64
Tielt (Tielt),2020-04-20,3,67
Tielt (Tielt),2020-04-21,0,67
Tielt (Tielt),2020-04-22,2,69
Tielt (Tielt),2020-04-23,1,70
Tielt (Tielt),2020-04-24,2,72
Tielt (Tielt),2020-04-25,1,73
Tielt (Tielt),2020-04-26,0,73
Tielt (Tielt),2020-04-27,0,73
Tielt (Tielt),2020-04-28,0,73
Tielt (Tielt),2020-04-29,1,74
Tielt (Tielt),2020-04-30,1,75
Tielt (Tielt),2020-05-01,1,76
Tielt (Tielt),2020-05-02,0,76
Tielt (Tielt),2020-05-03,0,76
Tielt (Tielt),2020-05-04,0,76
Tielt (Tielt),2020-05-05,1,77
Tielt (Tielt),2020-05-06,2,79
Tielt (Tielt),2020-05-07,0,79
Tielt (Tielt),2020-05-08,0,79
Tielt (Tielt),2020-05-09,2,81
Tielt (Tielt),2020-05-10,0,81
Tielt (Tielt),2020-05-11,2,83
Tielt (Tielt),2020-05-12,0,83
Tielt (Tielt),2020-05-13,1,84
Tielt (Tielt),2020-05-14,2,86
Tielt (Tielt),2020-05-15,0,86
Tielt (Tielt),2020-05-16,3,89
Tielt (Tielt),2020-05-17,0,89
Tielt (Tielt),2020-05-18,0,89
Tielt (Tielt),2020-05-19,1,90
Tielt (Tielt),2020-05-20,1,91
Tielt (Tielt),2020-05-21,0,91
Tielt (Tielt),2020-05-22,0,91
Tielt (Tielt),2020-05-23,0,91
Tielt (Tielt),2020-05-24,0,91
Tielt (Tielt),2020-05-25,4,95
Tielt (Tielt),2020-05-26,0,95
Tielt (Tielt),2020-05-27,0,95
Tielt (Tielt),2020-05-28,0,95
Tielt (Tielt),2020-05-29,1,96
Tielt (Tielt),2020-05-30,0,96
Tielt (Tielt),2020-05-31,0,96
Tielt (Tielt),2020-06-01,0,96
Tielt (Tielt),2020-06-02,0,96
Tielt (Tielt),2020-06-03,0,96
Tielt (Tielt),2020-06-04,0,96
Tielt (Tielt),2020-06-05,0,96
Tielt (Tielt),2020-06-06,2,98
Tielt (Tielt),2020-06-07,0,98
Tielt (Tielt),2020-06-08,0,98
Tielt (Tielt),2020-06-09,0,98
Tielt (Tielt),2020-06-10,0,98
Tielt (Tielt),2020-06-11,1,99
Tielt (Tielt),2020-06-12,0,99
Tielt (Tielt),2020-06-13,0,99
Tielt (Tielt),2020-06-14,1,100
Tielt (Tielt),2020-06-15,0,100
Tielt (Tielt),2020-06-16,0,100
Tielt (Tielt),2020-06-17,1,101
Tielt (Tielt),2020-06-18,0,101
Tielt (Tielt),2020-06-19,0,101
Tielt (Tielt),2020-06-20,0,101
Tielt (Tielt),2020-06-23,0,101
Tielt (Tielt),2020-06-24,0,101
Tielt (Tielt),2020-06-25,1,102
Tielt (Tielt),2020-06-26,0,102
Tielt (Tielt),2020-06-27,0,102
Tielt (Tielt),2020-06-30,0,102
Tielt (Tielt),2020-07-01,0,102
Tielt (Tielt),2020-07-02,0,102
Tielt (Tielt),2020-07-03,0,102
Tielt (Tielt),2020-07-04,0,102
Tielt (Tielt),2020-07-07,0,102
Tielt (Tielt),2020-07-08,0,102
Tielt (Tielt),2020-07-09,0,102
Tielt (Tielt),2020-07-10,0,102
Tielt (Tielt),2020-07-11,0,102
Tielt (Tielt),2020-07-14,0,102
Tielt (Tielt),2020-07-15,2,104
Tielt (Tielt),2020-07-16,0,104
Tielt (Tielt),2020-07-17,2,106
Tielt (Tielt),2020-07-18,0,106
Tielt (Tielt),2020-07-20,0,106
Tielt (Tielt),2020-07-21,2,108
Tielt (Tielt),2020-07-22,0,108
Tielt (Tielt),2020-07-23,0,108
Tielt (Tielt),2020-07-24,0,108
Tielt (Tielt),2020-07-25,0,108
Tielt (Tielt),2020-07-26,0,108
Tielt (Tielt),2020-07-27,0,108
Tielt (Tielt),2020-07-28,1,109
Tielt (Tielt),2020-07-29,1,110
Tielt (Tielt),2020-07-30,0,110
Tielt (Tielt),2020-07-31,0,110
Wielsbeke,2020-04-01,2,14
Wielsbeke,2020-04-02,1,15
Wielsbeke,2020-04-03,2,17
Wielsbeke,2020-04-04,0,17
Wielsbeke,2020-04-05,0,17
Wielsbeke,2020-04-06,0,17
Wielsbeke,2020-04-07,2,19
Wielsbeke,2020-04-08,1,20
Wielsbeke,2020-04-09,0,20
Wielsbeke,2020-04-10,0,20
Wielsbeke,2020-04-11,0,20
Wielsbeke,2020-04-12,0,20
Wielsbeke,2020-04-13,0,20
Wielsbeke,2020-04-14,0,20
Wielsbeke,2020-04-15,4,24
Wielsbeke,2020-04-16,1,25
Wielsbeke,2020-04-17,1,26
Wielsbeke,2020-04-18,1,27
Wielsbeke,2020-04-19,1,28
Wielsbeke,2020-04-20,0,28
Wielsbeke,2020-04-21,0,28
Wielsbeke,2020-04-22,3,31
Wielsbeke,2020-04-23,0,31
Wielsbeke,2020-04-24,0,31
Wielsbeke,2020-04-25,1,32
Wielsbeke,2020-04-26,0,32
Wielsbeke,2020-04-27,0,32
Wielsbeke,2020-04-28,0,32
Wielsbeke,2020-04-29,1,33
Wielsbeke,2020-04-30,0,33
Wielsbeke,2020-05-01,0,33
Wielsbeke,2020-05-02,0,33
Wielsbeke,2020-05-03,0,33
Wielsbeke,2020-05-04,1,34
Wielsbeke,2020-05-05,0,34
Wielsbeke,2020-05-06,0,34
Wielsbeke,2020-05-07,0,34
Wielsbeke,2020-05-08,0,34
Wielsbeke,2020-05-09,1,35
Wielsbeke,2020-05-10,1,36
Wielsbeke,2020-05-11,0,36
Wielsbeke,2020-05-12,0,36
Wielsbeke,2020-05-13,0,36
Wielsbeke,2020-05-14,0,36
Wielsbeke,2020-05-15,0,36
Wielsbeke,2020-05-16,0,36
Wielsbeke,2020-05-17,0,36
Wielsbeke,2020-05-18,0,36
Wielsbeke,2020-05-19,0,36
Wielsbeke,2020-05-20,0,36
Wielsbeke,2020-05-21,0,36
Wielsbeke,2020-05-22,0,36
Wielsbeke,2020-05-23,0,36
Wielsbeke,2020-05-24,0,36
Wielsbeke,2020-05-25,0,36
Wielsbeke,2020-05-26,0,36
Wielsbeke,2020-05-27,0,36
Wielsbeke,2020-05-28,0,36
Wielsbeke,2020-05-29,1,37
Wielsbeke,2020-05-30,0,37
Wielsbeke,2020-05-31,0,37
Wielsbeke,2020-06-01,0,37
Wielsbeke,2020-06-02,0,37
Wielsbeke,2020-06-03,1,38
Wielsbeke,2020-06-04,0,38
Wielsbeke,2020-06-05,0,38
Wielsbeke,2020-06-06,0,38
Wielsbeke,2020-06-07,0,38
Wielsbeke,2020-06-08,0,38
Wielsbeke,2020-06-09,0,38
Wielsbeke,2020-06-10,0,38
Wielsbeke,2020-06-11,1,39
Wielsbeke,2020-06-12,0,39
Wielsbeke,2020-06-13,0,39
Wielsbeke,2020-06-14,0,39
Wielsbeke,2020-06-15,0,39
Wielsbeke,2020-06-16,0,39
Wielsbeke,2020-06-17,0,39
Wielsbeke,2020-06-18,0,39
Wielsbeke,2020-06-19,0,39
Wielsbeke,2020-06-20,0,39
Wielsbeke,2020-06-23,0,39
Wielsbeke,2020-06-24,0,39
Wielsbeke,2020-06-25,0,39
Wielsbeke,2020-06-26,0,39
Wielsbeke,2020-06-27,0,39
Wielsbeke,2020-06-30,1,40
Wielsbeke,2020-07-01,0,40
Wielsbeke,2020-07-02,0,40
Wielsbeke,2020-07-03,0,40
Wielsbeke,2020-07-04,0,40
Wielsbeke,2020-07-07,0,40
Wielsbeke,2020-07-08,0,40
Wielsbeke,2020-07-09,0,40
Wielsbeke,2020-07-10,0,40
Wielsbeke,2020-07-11,0,40
Wielsbeke,2020-07-14,0,40
Wielsbeke,2020-07-15,0,40
Wielsbeke,2020-07-16,0,40
Wielsbeke,2020-07-17,0,40
Wielsbeke,2020-07-18,0,40
Wielsbeke,2020-07-20,0,40
Wielsbeke,2020-07-21,0,40
Wielsbeke,2020-07-22,1,41
Wielsbeke,2020-07-23,1,42
Wielsbeke,2020-07-24,0,42
Wielsbeke,2020-07-25,0,42
Wielsbeke,2020-07-26,1,43
Wielsbeke,2020-07-27,0,43
Wielsbeke,2020-07-28,0,43
Wielsbeke,2020-07-29,0,43
Wielsbeke,2020-07-30,0,43
Wielsbeke,2020-07-31,3,46
Wingene,2020-04-01,3,36
Wingene,2020-04-02,9,45
Wingene,2020-04-03,0,45
Wingene,2020-04-04,7,52
Wingene,2020-04-05,3,55
Wingene,2020-04-06,3,58
Wingene,2020-04-07,5,63
Wingene,2020-04-08,0,63
Wingene,2020-04-09,7,70
Wingene,2020-04-10,4,74
Wingene,2020-04-11,8,82
Wingene,2020-04-12,5,87
Wingene,2020-04-13,3,90
Wingene,2020-04-14,0,90
Wingene,2020-04-15,2,92
Wingene,2020-04-16,2,94
Wingene,2020-04-17,1,95
Wingene,2020-04-18,2,97
Wingene,2020-04-19,0,97
Wingene,2020-04-20,4,101
Wingene,2020-04-21,3,104
Wingene,2020-04-22,1,105
Wingene,2020-04-23,0,105
Wingene,2020-04-24,4,109
Wingene,2020-04-25,1,110
Wingene,2020-04-26,1,111
Wingene,2020-04-27,0,111
Wingene,2020-04-28,1,112
Wingene,2020-04-29,2,114
Wingene,2020-04-30,0,114
Wingene,2020-05-01,1,115
Wingene,2020-05-02,0,115
Wingene,2020-05-03,0,115
Wingene,2020-05-04,0,115
Wingene,2020-05-05,0,115
Wingene,2020-05-06,0,115
Wingene,2020-05-07,3,118
Wingene,2020-05-08,2,120
Wingene,2020-05-09,1,121
Wingene,2020-05-10,1,122
Wingene,2020-05-11,1,123
Wingene,2020-05-12,0,123
Wingene,2020-05-13,1,124
Wingene,2020-05-14,0,124
Wingene,2020-05-15,0,124
Wingene,2020-05-16,0,124
Wingene,2020-05-17,0,124
Wingene,2020-05-18,0,124
Wingene,2020-05-19,1,125
Wingene,2020-05-20,0,125
Wingene,2020-05-21,0,125
Wingene,2020-05-22,1,126
Wingene,2020-05-23,0,126
Wingene,2020-05-24,1,127
Wingene,2020-05-25,0,127
Wingene,2020-05-26,0,127
Wingene,2020-05-27,0,127
Wingene,2020-05-28,1,128
Wingene,2020-05-29,0,128
Wingene,2020-05-30,1,129
Wingene,2020-05-31,0,129
Wingene,2020-06-01,0,129
Wingene,2020-06-02,0,129
Wingene,2020-06-03,0,129
Wingene,2020-06-04,1,130
Wingene,2020-06-05,0,130
Wingene,2020-06-06,0,130
Wingene,2020-06-07,0,130
Wingene,2020-06-08,0,130
Wingene,2020-06-09,0,130
Wingene,2020-06-10,0,130
Wingene,2020-06-11,0,130
Wingene,2020-06-12,0,130
Wingene,2020-06-13,0,130
Wingene,2020-06-14,0,130
Wingene,2020-06-15,0,130
Wingene,2020-06-16,0,130
Wingene,2020-06-17,0,130
Wingene,2020-06-18,0,130
Wingene,2020-06-19,0,130
Wingene,2020-06-20,0,130
Wingene,2020-06-23,0,130
Wingene,2020-06-24,1,131
Wingene,2020-06-25,1,132
Wingene,2020-06-26,0,132
Wingene,2020-06-27,0,132
Wingene,2020-06-30,0,132
Wingene,2020-07-01,2,134
Wingene,2020-07-02,0,134
Wingene,2020-07-03,0,134
Wingene,2020-07-04,1,135
Wingene,2020-07-07,0,135
Wingene,2020-07-08,0,135
Wingene,2020-07-09,0,135
Wingene,2020-07-10,0,135
Wingene,2020-07-11,0,135
Wingene,2020-07-14,0,135
Wingene,2020-07-15,0,135
Wingene,2020-07-16,0,135
Wingene,2020-07-17,0,135
Wingene,2020-07-18,2,137
Wingene,2020-07-20,0,137
Wingene,2020-07-21,0,137
Wingene,2020-07-22,0,137
Wingene,2020-07-23,1,138
Wingene,2020-07-24,1,139
Wingene,2020-07-25,1,140
Wingene,2020-07-26,0,140
Wingene,2020-07-27,0,140
Wingene,2020-07-28,0,140
Wingene,2020-07-29,1,141
Wingene,2020-07-30,0,141
Wingene,2020-07-31,0,141
Ardooie,2020-04-01,0,20
Ardooie,2020-04-02,1,21
Ardooie,2020-04-03,3,24
Ardooie,2020-04-04,1,25
Ardooie,2020-04-05,0,25
Ardooie,2020-04-06,0,25
Ardooie,2020-04-07,0,25
Ardooie,2020-04-08,0,25
Ardooie,2020-04-09,1,26
Ardooie,2020-04-10,1,27
Ardooie,2020-04-11,0,27
Ardooie,2020-04-12,0,27
Ardooie,2020-04-13,0,27
Ardooie,2020-04-14,0,27
Ardooie,2020-04-15,0,27
Ardooie,2020-04-16,0,27
Ardooie,2020-04-17,0,27
Ardooie,2020-04-18,0,27
Ardooie,2020-04-19,2,29
Ardooie,2020-04-20,0,29
Ardooie,2020-04-21,-2,27
Ardooie,2020-04-22,1,28
Ardooie,2020-04-23,-1,27
Ardooie,2020-04-24,0,27
Ardooie,2020-04-25,0,27
Ardooie,2020-04-26,0,27
Ardooie,2020-04-27,0,27
Ardooie,2020-04-28,0,27
Ardooie,2020-04-29,0,27
Ardooie,2020-04-30,0,27
Ardooie,2020-05-01,0,27
Ardooie,2020-05-02,0,27
Ardooie,2020-05-03,0,27
Ardooie,2020-05-04,0,27
Ardooie,2020-05-05,0,27
Ardooie,2020-05-06,0,27
Ardooie,2020-05-07,0,27
Ardooie,2020-05-08,1,28
Ardooie,2020-05-09,0,28
Ardooie,2020-05-10,0,28
Ardooie,2020-05-11,0,28
Ardooie,2020-05-12,0,28
Ardooie,2020-05-13,2,30
Ardooie,2020-05-14,0,30
Ardooie,2020-05-15,0,30
Ardooie,2020-05-16,0,30
Ardooie,2020-05-17,0,30
Ardooie,2020-05-18,0,30
Ardooie,2020-05-19,0,30
Ardooie,2020-05-20,0,30
Ardooie,2020-05-21,0,30
Ardooie,2020-05-22,0,30
Ardooie,2020-05-23,0,30
Ardooie,2020-05-24,0,30
Ardooie,2020-05-25,0,30
Ardooie,2020-05-26,0,30
Ardooie,2020-05-27,0,30
Ardooie,2020-05-28,0,30
Ardooie,2020-05-29,0,30
Ardooie,2020-05-30,0,30
Ardooie,2020-05-31,0,30
Ardooie,2020-06-01,0,30
Ardooie,2020-06-02,0,30
Ardooie,2020-06-03,0,30
Ardooie,2020-06-04,0,30
Ardooie,2020-06-05,0,30
Ardooie,2020-06-06,0,30
Ardooie,2020-06-07,0,30
Ardooie,2020-06-08,3,33
Ardooie,2020-06-09,0,33
Ardooie,2020-06-10,3,36
Ardooie,2020-06-11,0,36
Ardooie,2020-06-12,0,36
Ardooie,2020-06-13,0,36
Ardooie,2020-06-14,0,36
Ardooie,2020-06-15,0,36
Ardooie,2020-06-16,0,36
Ardooie,2020-06-17,0,36
Ardooie,2020-06-18,0,36
Ardooie,2020-06-19,0,36
Ardooie,2020-06-20,0,36
Ardooie,2020-06-23,0,36
Ardooie,2020-06-24,0,36
Ardooie,2020-06-25,0,36
Ardooie,2020-06-26,0,36
Ardooie,2020-06-27,0,36
Ardooie,2020-06-30,0,36
Ardooie,2020-07-01,0,36
Ardooie,2020-07-02,0,36
Ardooie,2020-07-03,0,36
Ardooie,2020-07-04,0,36
Ardooie,2020-07-07,0,36
Ardooie,2020-07-08,0,36
Ardooie,2020-07-09,0,36
Ardooie,2020-07-10,0,36
Ardooie,2020-07-11,0,36
Ardooie,2020-07-14,0,36
Ardooie,2020-07-15,0,36
Ardooie,2020-07-16,0,36
Ardooie,2020-07-17,2,38
Ardooie,2020-07-18,0,38
Ardooie,2020-07-20,0,38
Ardooie,2020-07-21,0,38
Ardooie,2020-07-22,0,38
Ardooie,2020-07-23,0,38
Ardooie,2020-07-24,0,38
Ardooie,2020-07-25,0,38
Ardooie,2020-07-26,0,38
Ardooie,2020-07-27,0,38
Ardooie,2020-07-28,0,38
Ardooie,2020-07-29,0,38
Ardooie,2020-07-30,1,39
Ardooie,2020-07-31,0,39
Alveringem,2020-04-01,1,6
Alveringem,2020-04-02,1,7
Alveringem,2020-04-03,1,8
Alveringem,2020-04-04,0,8
Alveringem,2020-04-05,0,8
Alveringem,2020-04-06,0,8
Alveringem,2020-04-07,0,8
Alveringem,2020-04-08,1,9
Alveringem,2020-04-09,1,10
Alveringem,2020-04-10,1,11
Alveringem,2020-04-11,0,11
Alveringem,2020-04-12,0,11
Alveringem,2020-04-13,3,14
Alveringem,2020-04-14,1,15
Alveringem,2020-04-15,0,15
Alveringem,2020-04-16,0,15
Alveringem,2020-04-17,0,15
Alveringem,2020-04-18,0,15
Alveringem,2020-04-19,0,15
Alveringem,2020-04-20,1,16
Alveringem,2020-04-21,0,16
Alveringem,2020-04-22,0,16
Alveringem,2020-04-23,0,16
Alveringem,2020-04-24,0,16
Alveringem,2020-04-25,0,16
Alveringem,2020-04-26,0,16
Alveringem,2020-04-27,0,16
Alveringem,2020-04-28,0,16
Alveringem,2020-04-29,0,16
Alveringem,2020-04-30,0,16
Alveringem,2020-05-01,0,16
Alveringem,2020-05-02,1,17
Alveringem,2020-05-03,0,17
Alveringem,2020-05-04,0,17
Alveringem,2020-05-05,0,17
Alveringem,2020-05-06,0,17
Alveringem,2020-05-07,0,17
Alveringem,2020-05-08,0,17
Alveringem,2020-05-09,1,18
Alveringem,2020-05-10,0,18
Alveringem,2020-05-11,0,18
Alveringem,2020-05-12,0,18
Alveringem,2020-05-13,0,18
Alveringem,2020-05-14,0,18
Alveringem,2020-05-15,0,18
Alveringem,2020-05-16,0,18
Alveringem,2020-05-17,0,18
Alveringem,2020-05-18,0,18
Alveringem,2020-05-19,0,18
Alveringem,2020-05-20,0,18
Alveringem,2020-05-21,1,19
Alveringem,2020-05-22,0,19
Alveringem,2020-05-23,0,19
Alveringem,2020-05-24,0,19
Alveringem,2020-05-25,0,19
Alveringem,2020-05-26,0,19
Alveringem,2020-05-27,0,19
Alveringem,2020-05-28,0,19
Alveringem,2020-05-29,0,19
Alveringem,2020-05-30,0,19
Alveringem,2020-05-31,0,19
Alveringem,2020-06-01,0,19
Alveringem,2020-06-02,0,19
Alveringem,2020-06-03,0,19
Alveringem,2020-06-04,0,19
Alveringem,2020-06-05,0,19
Alveringem,2020-06-06,0,19
Alveringem,2020-06-07,0,19
Alveringem,2020-06-08,0,19
Alveringem,2020-06-09,0,19
Alveringem,2020-06-10,0,19
Alveringem,2020-06-11,0,19
Alveringem,2020-06-12,0,19
Alveringem,2020-06-13,0,19
Alveringem,2020-06-14,0,19
Alveringem,2020-06-15,0,19
Alveringem,2020-06-16,0,19
Alveringem,2020-06-17,0,19
Alveringem,2020-06-18,0,19
Alveringem,2020-06-19,0,19
Alveringem,2020-06-20,0,19
Alveringem,2020-06-23,0,19
Alveringem,2020-06-24,0,19
Alveringem,2020-06-25,0,19
Alveringem,2020-06-26,0,19
Alveringem,2020-06-27,0,19
Alveringem,2020-06-30,0,19
Alveringem,2020-07-01,0,19
Alveringem,2020-07-02,0,19
Alveringem,2020-07-03,0,19
Alveringem,2020-07-04,0,19
Alveringem,2020-07-07,1,20
Alveringem,2020-07-08,1,21
Alveringem,2020-07-09,-1,20
Alveringem,2020-07-10,0,20
Alveringem,2020-07-11,0,20
Alveringem,2020-07-14,0,20
Alveringem,2020-07-15,0,20
Alveringem,2020-07-16,0,20
Alveringem,2020-07-17,0,20
Alveringem,2020-07-18,0,20
Alveringem,2020-07-20,0,20
Alveringem,2020-07-21,0,20
Alveringem,2020-07-22,0,20
Alveringem,2020-07-23,0,20
Alveringem,2020-07-24,0,20
Alveringem,2020-07-25,0,20
Alveringem,2020-07-26,0,20
Alveringem,2020-07-27,0,20
Alveringem,2020-07-28,0,20
Alveringem,2020-07-29,0,20
Alveringem,2020-07-30,0,20
Alveringem,2020-07-31,0,20
De Panne,2020-04-01,1,7
De Panne,2020-04-02,2,9
De Panne,2020-04-03,1,10
De Panne,2020-04-04,2,12
De Panne,2020-04-05,3,15
De Panne,2020-04-06,1,16
De Panne,2020-04-07,0,16
De Panne,2020-04-08,0,16
De Panne,2020-04-09,3,19
De Panne,2020-04-10,0,19
De Panne,2020-04-11,1,20
De Panne,2020-04-12,0,20
De Panne,2020-04-13,1,21
De Panne,2020-04-14,1,22
De Panne,2020-04-15,0,22
De Panne,2020-04-16,0,22
De Panne,2020-04-17,2,24
De Panne,2020-04-18,1,25
De Panne,2020-04-19,1,26
De Panne,2020-04-20,1,27
De Panne,2020-04-21,0,27
De Panne,2020-04-22,0,27
De Panne,2020-04-23,0,27
De Panne,2020-04-24,0,27
De Panne,2020-04-25,0,27
De Panne,2020-04-26,0,27
De Panne,2020-04-27,0,27
De Panne,2020-04-28,1,28
De Panne,2020-04-29,1,29
De Panne,2020-04-30,1,30
De Panne,2020-05-01,0,30
De Panne,2020-05-02,0,30
De Panne,2020-05-03,0,30
De Panne,2020-05-04,0,30
De Panne,2020-05-05,0,30
De Panne,2020-05-06,0,30
De Panne,2020-05-07,0,30
De Panne,2020-05-08,0,30
De Panne,2020-05-09,1,31
De Panne,2020-05-10,2,33
De Panne,2020-05-11,0,33
De Panne,2020-05-12,1,34
De Panne,2020-05-13,0,34
De Panne,2020-05-14,0,34
De Panne,2020-05-15,0,34
De Panne,2020-05-16,0,34
De Panne,2020-05-17,1,35
De Panne,2020-05-18,0,35
De Panne,2020-05-19,0,35
De Panne,2020-05-20,0,35
De Panne,2020-05-21,0,35
De Panne,2020-05-22,0,35
De Panne,2020-05-23,0,35
De Panne,2020-05-24,0,35
De Panne,2020-05-25,0,35
De Panne,2020-05-26,0,35
De Panne,2020-05-27,0,35
De Panne,2020-05-28,0,35
De Panne,2020-05-29,0,35
De Panne,2020-05-30,0,35
De Panne,2020-05-31,0,35
De Panne,2020-06-01,0,35
De Panne,2020-06-02,0,35
De Panne,2020-06-03,0,35
De Panne,2020-06-04,0,35
De Panne,2020-06-05,0,35
De Panne,2020-06-06,0,35
De Panne,2020-06-07,0,35
De Panne,2020-06-08,0,35
De Panne,2020-06-09,0,35
De Panne,2020-06-10,0,35
De Panne,2020-06-11,0,35
De Panne,2020-06-12,0,35
De Panne,2020-06-13,0,35
De Panne,2020-06-14,0,35
De Panne,2020-06-15,0,35
De Panne,2020-06-16,0,35
De Panne,2020-06-17,0,35
De Panne,2020-06-18,0,35
De Panne,2020-06-19,0,35
De Panne,2020-06-20,0,35
De Panne,2020-06-23,0,35
De Panne,2020-06-24,0,35
De Panne,2020-06-25,0,35
De Panne,2020-06-26,0,35
De Panne,2020-06-27,0,35
De Panne,2020-06-30,0,35
De Panne,2020-07-01,0,35
De Panne,2020-07-02,0,35
De Panne,2020-07-03,0,35
De Panne,2020-07-04,0,35
De Panne,2020-07-07,0,35
De Panne,2020-07-08,0,35
De Panne,2020-07-09,0,35
De Panne,2020-07-10,0,35
De Panne,2020-07-11,0,35
De Panne,2020-07-14,0,35
De Panne,2020-07-15,0,35
De Panne,2020-07-16,0,35
De Panne,2020-07-17,0,35
De Panne,2020-07-18,0,35
De Panne,2020-07-20,0,35
De Panne,2020-07-21,0,35
De Panne,2020-07-22,0,35
De Panne,2020-07-23,0,35
De Panne,2020-07-24,0,35
De Panne,2020-07-25,0,35
De Panne,2020-07-26,0,35
De Panne,2020-07-27,0,35
De Panne,2020-07-28,0,35
De Panne,2020-07-29,0,35
De Panne,2020-07-30,0,35
De Panne,2020-07-31,0,35
Koksijde,2020-04-01,2,20
Koksijde,2020-04-02,3,23
Koksijde,2020-04-03,0,23
Koksijde,2020-04-04,3,26
Koksijde,2020-04-05,1,27
Koksijde,2020-04-06,2,29
Koksijde,2020-04-07,0,29
Koksijde,2020-04-08,3,32
Koksijde,2020-04-09,6,38
Koksijde,2020-04-10,4,42
Koksijde,2020-04-11,3,45
Koksijde,2020-04-12,2,47
Koksijde,2020-04-13,3,50
Koksijde,2020-04-14,2,52
Koksijde,2020-04-15,0,52
Koksijde,2020-04-16,2,54
Koksijde,2020-04-17,1,55
Koksijde,2020-04-18,6,61
Koksijde,2020-04-19,0,61
Koksijde,2020-04-20,1,62
Koksijde,2020-04-21,0,62
Koksijde,2020-04-22,0,62
Koksijde,2020-04-23,0,62
Koksijde,2020-04-24,1,63
Koksijde,2020-04-25,0,63
Koksijde,2020-04-26,0,63
Koksijde,2020-04-27,0,63
Koksijde,2020-04-28,2,65
Koksijde,2020-04-29,1,66
Koksijde,2020-04-30,3,69
Koksijde,2020-05-01,0,69
Koksijde,2020-05-02,0,69
Koksijde,2020-05-03,0,69
Koksijde,2020-05-04,1,70
Koksijde,2020-05-05,1,71
Koksijde,2020-05-06,1,72
Koksijde,2020-05-07,1,73
Koksijde,2020-05-08,0,73
Koksijde,2020-05-09,1,74
Koksijde,2020-05-10,1,75
Koksijde,2020-05-11,1,76
Koksijde,2020-05-12,0,76
Koksijde,2020-05-13,0,76
Koksijde,2020-05-14,0,76
Koksijde,2020-05-15,0,76
Koksijde,2020-05-16,0,76
Koksijde,2020-05-17,0,76
Koksijde,2020-05-18,0,76
Koksijde,2020-05-19,0,76
Koksijde,2020-05-20,1,77
Koksijde,2020-05-21,1,78
Koksijde,2020-05-22,0,78
Koksijde,2020-05-23,2,80
Koksijde,2020-05-24,0,80
Koksijde,2020-05-25,2,82
Koksijde,2020-05-26,0,82
Koksijde,2020-05-27,0,82
Koksijde,2020-05-28,0,82
Koksijde,2020-05-29,1,83
Koksijde,2020-05-30,0,83
Koksijde,2020-05-31,0,83
Koksijde,2020-06-01,1,84
Koksijde,2020-06-02,0,84
Koksijde,2020-06-03,0,84
Koksijde,2020-06-04,0,84
Koksijde,2020-06-05,0,84
Koksijde,2020-06-06,0,84
Koksijde,2020-06-07,0,84
Koksijde,2020-06-08,0,84
Koksijde,2020-06-09,0,84
Koksijde,2020-06-10,0,84
Koksijde,2020-06-11,0,84
Koksijde,2020-06-12,0,84
Koksijde,2020-06-13,0,84
Koksijde,2020-06-14,0,84
Koksijde,2020-06-15,1,85
Koksijde,2020-06-16,0,85
Koksijde,2020-06-17,0,85
Koksijde,2020-06-18,0,85
Koksijde,2020-06-19,0,85
Koksijde,2020-06-20,0,85
Koksijde,2020-06-23,0,85
Koksijde,2020-06-24,0,85
Koksijde,2020-06-25,1,86
Koksijde,2020-06-26,0,86
Koksijde,2020-06-27,0,86
Koksijde,2020-06-30,0,86
Koksijde,2020-07-01,0,86
Koksijde,2020-07-02,0,86
Koksijde,2020-07-03,0,86
Koksijde,2020-07-04,0,86
Koksijde,2020-07-07,0,86
Koksijde,2020-07-08,0,86
Koksijde,2020-07-09,0,86
Koksijde,2020-07-10,1,87
Koksijde,2020-07-11,0,87
Koksijde,2020-07-14,0,87
Koksijde,2020-07-15,0,87
Koksijde,2020-07-16,0,87
Koksijde,2020-07-17,0,87
Koksijde,2020-07-18,0,87
Koksijde,2020-07-20,0,87
Koksijde,2020-07-21,0,87
Koksijde,2020-07-22,0,87
Koksijde,2020-07-23,0,87
Koksijde,2020-07-24,1,88
Koksijde,2020-07-25,0,88
Koksijde,2020-07-26,0,88
Koksijde,2020-07-27,0,88
Koksijde,2020-07-28,1,89
Koksijde,2020-07-29,0,89
Koksijde,2020-07-30,0,89
Koksijde,2020-07-31,0,89
Nieuwpoort,2020-04-01,5,5
Nieuwpoort,2020-04-02,2,7
Nieuwpoort,2020-04-03,0,7
Nieuwpoort,2020-04-04,0,7
Nieuwpoort,2020-04-05,1,8
Nieuwpoort,2020-04-06,1,9
Nieuwpoort,2020-04-07,0,9
Nieuwpoort,2020-04-08,1,10
Nieuwpoort,2020-04-09,1,11
Nieuwpoort,2020-04-10,0,11
Nieuwpoort,2020-04-11,1,12
Nieuwpoort,2020-04-12,1,13
Nieuwpoort,2020-04-13,2,15
Nieuwpoort,2020-04-14,0,15
Nieuwpoort,2020-04-15,0,15
Nieuwpoort,2020-04-16,1,16
Nieuwpoort,2020-04-17,0,16
Nieuwpoort,2020-04-18,1,17
Nieuwpoort,2020-04-19,4,21
Nieuwpoort,2020-04-20,0,21
Nieuwpoort,2020-04-21,2,23
Nieuwpoort,2020-04-22,0,23
Nieuwpoort,2020-04-23,0,23
Nieuwpoort,2020-04-24,1,24
Nieuwpoort,2020-04-25,1,25
Nieuwpoort,2020-04-26,1,26
Nieuwpoort,2020-04-27,0,26
Nieuwpoort,2020-04-28,3,29
Nieuwpoort,2020-04-29,0,29
Nieuwpoort,2020-04-30,2,31
Nieuwpoort,2020-05-01,0,31
Nieuwpoort,2020-05-02,4,35
Nieuwpoort,2020-05-03,0,35
Nieuwpoort,2020-05-04,0,35
Nieuwpoort,2020-05-05,0,35
Nieuwpoort,2020-05-06,0,35
Nieuwpoort,2020-05-07,0,35
Nieuwpoort,2020-05-08,0,35
Nieuwpoort,2020-05-09,0,35
Nieuwpoort,2020-05-10,0,35
Nieuwpoort,2020-05-11,2,37
Nieuwpoort,2020-05-12,0,37
Nieuwpoort,2020-05-13,0,37
Nieuwpoort,2020-05-14,0,37
Nieuwpoort,2020-05-15,0,37
Nieuwpoort,2020-05-16,1,38
Nieuwpoort,2020-05-17,0,38
Nieuwpoort,2020-05-18,0,38
Nieuwpoort,2020-05-19,0,38
Nieuwpoort,2020-05-20,0,38
Nieuwpoort,2020-05-21,0,38
Nieuwpoort,2020-05-22,0,38
Nieuwpoort,2020-05-23,0,38
Nieuwpoort,2020-05-24,0,38
Nieuwpoort,2020-05-25,0,38
Nieuwpoort,2020-05-26,0,38
Nieuwpoort,2020-05-27,0,38
Nieuwpoort,2020-05-28,0,38
Nieuwpoort,2020-05-29,0,38
Nieuwpoort,2020-05-30,0,38
Nieuwpoort,2020-05-31,0,38
Nieuwpoort,2020-06-01,0,38
Nieuwpoort,2020-06-02,0,38
Nieuwpoort,2020-06-03,1,39
Nieuwpoort,2020-06-04,0,39
Nieuwpoort,2020-06-05,1,40
Nieuwpoort,2020-06-06,0,40
Nieuwpoort,2020-06-07,0,40
Nieuwpoort,2020-06-08,0,40
Nieuwpoort,2020-06-09,0,40
Nieuwpoort,2020-06-10,0,40
Nieuwpoort,2020-06-11,0,40
Nieuwpoort,2020-06-12,0,40
Nieuwpoort,2020-06-13,0,40
Nieuwpoort,2020-06-14,0,40
Nieuwpoort,2020-06-15,0,40
Nieuwpoort,2020-06-16,0,40
Nieuwpoort,2020-06-17,0,40
Nieuwpoort,2020-06-18,0,40
Nieuwpoort,2020-06-19,0,40
Nieuwpoort,2020-06-20,0,40
Nieuwpoort,2020-06-23,1,41
Nieuwpoort,2020-06-24,0,41
Nieuwpoort,2020-06-25,0,41
Nieuwpoort,2020-06-26,0,41
Nieuwpoort,2020-06-27,0,41
Nieuwpoort,2020-06-30,0,41
Nieuwpoort,2020-07-01,0,41
Nieuwpoort,2020-07-02,0,41
Nieuwpoort,2020-07-03,0,41
Nieuwpoort,2020-07-04,0,41
Nieuwpoort,2020-07-07,1,42
Nieuwpoort,2020-07-08,0,42
Nieuwpoort,2020-07-09,0,42
Nieuwpoort,2020-07-10,0,42
Nieuwpoort,2020-07-11,0,42
Nieuwpoort,2020-07-14,0,42
Nieuwpoort,2020-07-15,0,42
Nieuwpoort,2020-07-16,0,42
Nieuwpoort,2020-07-17,0,42
Nieuwpoort,2020-07-18,0,42
Nieuwpoort,2020-07-20,0,42
Nieuwpoort,2020-07-21,0,42
Nieuwpoort,2020-07-22,0,42
Nieuwpoort,2020-07-23,0,42
Nieuwpoort,2020-07-24,0,42
Nieuwpoort,2020-07-25,0,42
Nieuwpoort,2020-07-26,0,42
Nieuwpoort,2020-07-27,0,42
Nieuwpoort,2020-07-28,0,42
Nieuwpoort,2020-07-29,0,42
Nieuwpoort,2020-07-30,0,42
Nieuwpoort,2020-07-31,0,42
Veurne,2020-04-01,0,7
Veurne,2020-04-02,1,8
Veurne,2020-04-03,1,9
Veurne,2020-04-04,0,9
Veurne,2020-04-05,1,10
Veurne,2020-04-06,2,12
Veurne,2020-04-07,0,12
Veurne,2020-04-08,0,12
Veurne,2020-04-09,2,14
Veurne,2020-04-10,2,16
Veurne,2020-04-11,0,16
Veurne,2020-04-12,0,16
Veurne,2020-04-13,3,19
Veurne,2020-04-14,1,20
Veurne,2020-04-15,0,20
Veurne,2020-04-16,0,20
Veurne,2020-04-17,0,20
Veurne,2020-04-18,8,28
Veurne,2020-04-19,3,31
Veurne,2020-04-20,0,31
Veurne,2020-04-21,0,31
Veurne,2020-04-22,0,31
Veurne,2020-04-23,0,31
Veurne,2020-04-24,1,32
Veurne,2020-04-25,0,32
Veurne,2020-04-26,1,33
Veurne,2020-04-27,0,33
Veurne,2020-04-28,1,34
Veurne,2020-04-29,0,34
Veurne,2020-04-30,0,34
Veurne,2020-05-01,0,34
Veurne,2020-05-02,0,34
Veurne,2020-05-03,0,34
Veurne,2020-05-04,0,34
Veurne,2020-05-05,0,34
Veurne,2020-05-06,0,34
Veurne,2020-05-07,0,34
Veurne,2020-05-08,0,34
Veurne,2020-05-09,2,36
Veurne,2020-05-10,1,37
Veurne,2020-05-11,0,37
Veurne,2020-05-12,0,37
Veurne,2020-05-13,1,38
Veurne,2020-05-14,0,38
Veurne,2020-05-15,0,38
Veurne,2020-05-16,0,38
Veurne,2020-05-17,0,38
Veurne,2020-05-18,0,38
Veurne,2020-05-19,0,38
Veurne,2020-05-20,0,38
Veurne,2020-05-21,0,38
Veurne,2020-05-22,0,38
Veurne,2020-05-23,1,39
Veurne,2020-05-24,0,39
Veurne,2020-05-25,0,39
Veurne,2020-05-26,0,39
Veurne,2020-05-27,0,39
Veurne,2020-05-28,0,39
Veurne,2020-05-29,0,39
Veurne,2020-05-30,0,39
Veurne,2020-05-31,0,39
Veurne,2020-06-01,0,39
Veurne,2020-06-02,0,39
Veurne,2020-06-03,0,39
Veurne,2020-06-04,0,39
Veurne,2020-06-05,0,39
Veurne,2020-06-06,0,39
Veurne,2020-06-07,0,39
Veurne,2020-06-08,0,39
Veurne,2020-06-09,0,39
Veurne,2020-06-10,0,39
Veurne,2020-06-11,0,39
Veurne,2020-06-12,0,39
Veurne,2020-06-13,0,39
Veurne,2020-06-14,0,39
Veurne,2020-06-15,0,39
Veurne,2020-06-16,0,39
Veurne,2020-06-17,0,39
Veurne,2020-06-18,0,39
Veurne,2020-06-19,0,39
Veurne,2020-06-20,0,39
Veurne,2020-06-23,0,39
Veurne,2020-06-24,0,39
Veurne,2020-06-25,0,39
Veurne,2020-06-26,0,39
Veurne,2020-06-27,0,39
Veurne,2020-06-30,0,39
Veurne,2020-07-01,0,39
Veurne,2020-07-02,0,39
Veurne,2020-07-03,0,39
Veurne,2020-07-04,0,39
Veurne,2020-07-07,0,39
Veurne,2020-07-08,0,39
Veurne,2020-07-09,0,39
Veurne,2020-07-10,0,39
Veurne,2020-07-11,0,39
Veurne,2020-07-14,0,39
Veurne,2020-07-15,0,39
Veurne,2020-07-16,0,39
Veurne,2020-07-17,0,39
Veurne,2020-07-18,0,39
Veurne,2020-07-20,0,39
Veurne,2020-07-21,0,39
Veurne,2020-07-22,0,39
Veurne,2020-07-23,0,39
Veurne,2020-07-24,0,39
Veurne,2020-07-25,0,39
Veurne,2020-07-26,1,40
Veurne,2020-07-27,0,40
Veurne,2020-07-28,0,40
Veurne,2020-07-29,0,40
Veurne,2020-07-30,0,40
Veurne,2020-07-31,0,40
Aalst (Aalst),2020-04-01,1,90
Aalst (Aalst),2020-04-02,20,110
Aalst (Aalst),2020-04-03,13,123
Aalst (Aalst),2020-04-04,5,128
Aalst (Aalst),2020-04-05,9,137
Aalst (Aalst),2020-04-06,8,145
Aalst (Aalst),2020-04-07,22,167
Aalst (Aalst),2020-04-08,20,187
Aalst (Aalst),2020-04-09,14,201
Aalst (Aalst),2020-04-10,15,216
Aalst (Aalst),2020-04-11,9,225
Aalst (Aalst),2020-04-12,38,263
Aalst (Aalst),2020-04-13,12,275
Aalst (Aalst),2020-04-14,3,278
Aalst (Aalst),2020-04-15,24,302
Aalst (Aalst),2020-04-16,7,309
Aalst (Aalst),2020-04-17,31,340
Aalst (Aalst),2020-04-18,8,348
Aalst (Aalst),2020-04-19,18,366
Aalst (Aalst),2020-04-20,28,394
Aalst (Aalst),2020-04-21,14,408
Aalst (Aalst),2020-04-22,3,411
Aalst (Aalst),2020-04-23,9,420
Aalst (Aalst),2020-04-24,21,441
Aalst (Aalst),2020-04-25,4,445
Aalst (Aalst),2020-04-26,12,457
Aalst (Aalst),2020-04-27,9,466
Aalst (Aalst),2020-04-28,2,468
Aalst (Aalst),2020-04-29,2,470
Aalst (Aalst),2020-04-30,3,473
Aalst (Aalst),2020-05-01,5,478
Aalst (Aalst),2020-05-02,0,478
Aalst (Aalst),2020-05-03,2,480
Aalst (Aalst),2020-05-04,2,482
Aalst (Aalst),2020-05-05,3,485
Aalst (Aalst),2020-05-06,0,485
Aalst (Aalst),2020-05-07,4,489
Aalst (Aalst),2020-05-08,4,493
Aalst (Aalst),2020-05-09,1,494
Aalst (Aalst),2020-05-10,5,499
Aalst (Aalst),2020-05-11,2,501
Aalst (Aalst),2020-05-12,1,502
Aalst (Aalst),2020-05-13,0,502
Aalst (Aalst),2020-05-14,0,502
Aalst (Aalst),2020-05-15,1,503
Aalst (Aalst),2020-05-16,2,505
Aalst (Aalst),2020-05-17,0,505
Aalst (Aalst),2020-05-18,3,508
Aalst (Aalst),2020-05-19,0,508
Aalst (Aalst),2020-05-20,0,508
Aalst (Aalst),2020-05-21,0,508
Aalst (Aalst),2020-05-22,1,509
Aalst (Aalst),2020-05-23,1,510
Aalst (Aalst),2020-05-24,2,512
Aalst (Aalst),2020-05-25,0,512
Aalst (Aalst),2020-05-26,1,513
Aalst (Aalst),2020-05-27,0,513
Aalst (Aalst),2020-05-28,1,514
Aalst (Aalst),2020-05-29,1,515
Aalst (Aalst),2020-05-30,0,515
Aalst (Aalst),2020-05-31,2,517
Aalst (Aalst),2020-06-01,0,517
Aalst (Aalst),2020-06-02,0,517
Aalst (Aalst),2020-06-03,0,517
Aalst (Aalst),2020-06-04,1,518
Aalst (Aalst),2020-06-05,1,519
Aalst (Aalst),2020-06-06,0,519
Aalst (Aalst),2020-06-07,1,520
Aalst (Aalst),2020-06-08,0,520
Aalst (Aalst),2020-06-09,0,520
Aalst (Aalst),2020-06-10,1,521
Aalst (Aalst),2020-06-11,1,522
Aalst (Aalst),2020-06-12,0,522
Aalst (Aalst),2020-06-13,0,522
Aalst (Aalst),2020-06-14,1,523
Aalst (Aalst),2020-06-15,2,525
Aalst (Aalst),2020-06-16,1,526
Aalst (Aalst),2020-06-17,1,527
Aalst (Aalst),2020-06-18,0,527
Aalst (Aalst),2020-06-19,2,529
Aalst (Aalst),2020-06-20,0,529
Aalst (Aalst),2020-06-23,0,529
Aalst (Aalst),2020-06-24,0,529
Aalst (Aalst),2020-06-25,1,530
Aalst (Aalst),2020-06-26,1,531
Aalst (Aalst),2020-06-27,1,532
Aalst (Aalst),2020-06-30,1,533
Aalst (Aalst),2020-07-01,0,533
Aalst (Aalst),2020-07-02,1,534
Aalst (Aalst),2020-07-03,1,535
Aalst (Aalst),2020-07-04,0,535
Aalst (Aalst),2020-07-07,0,535
Aalst (Aalst),2020-07-08,0,535
Aalst (Aalst),2020-07-09,0,535
Aalst (Aalst),2020-07-10,1,536
Aalst (Aalst),2020-07-11,0,536
Aalst (Aalst),2020-07-14,0,536
Aalst (Aalst),2020-07-15,0,536
Aalst (Aalst),2020-07-16,0,536
Aalst (Aalst),2020-07-17,0,536
Aalst (Aalst),2020-07-18,2,538
Aalst (Aalst),2020-07-20,1,539
Aalst (Aalst),2020-07-21,1,540
Aalst (Aalst),2020-07-22,1,541
Aalst (Aalst),2020-07-23,2,543
Aalst (Aalst),2020-07-24,1,544
Aalst (Aalst),2020-07-25,0,544
Aalst (Aalst),2020-07-26,1,545
Aalst (Aalst),2020-07-27,0,545
Aalst (Aalst),2020-07-28,1,546
Aalst (Aalst),2020-07-29,1,547
Aalst (Aalst),2020-07-30,3,550
Aalst (Aalst),2020-07-31,1,551
Denderleeuw,2020-04-01,0,27
Denderleeuw,2020-04-02,4,31
Denderleeuw,2020-04-03,2,33
Denderleeuw,2020-04-04,0,33
Denderleeuw,2020-04-05,1,34
Denderleeuw,2020-04-06,2,36
Denderleeuw,2020-04-07,1,37
Denderleeuw,2020-04-08,4,41
Denderleeuw,2020-04-09,2,43
Denderleeuw,2020-04-10,1,44
Denderleeuw,2020-04-11,2,46
Denderleeuw,2020-04-12,2,48
Denderleeuw,2020-04-13,0,48
Denderleeuw,2020-04-14,2,50
Denderleeuw,2020-04-15,8,58
Denderleeuw,2020-04-16,2,60
Denderleeuw,2020-04-17,5,65
Denderleeuw,2020-04-18,3,68
Denderleeuw,2020-04-19,6,74
Denderleeuw,2020-04-20,5,79
Denderleeuw,2020-04-21,4,83
Denderleeuw,2020-04-22,0,83
Denderleeuw,2020-04-23,5,88
Denderleeuw,2020-04-24,3,91
Denderleeuw,2020-04-25,2,93
Denderleeuw,2020-04-26,0,93
Denderleeuw,2020-04-27,2,95
Denderleeuw,2020-04-28,0,95
Denderleeuw,2020-04-29,0,95
Denderleeuw,2020-04-30,0,95
Denderleeuw,2020-05-01,1,96
Denderleeuw,2020-05-02,1,97
Denderleeuw,2020-05-03,0,97
Denderleeuw,2020-05-04,0,97
Denderleeuw,2020-05-05,1,98
Denderleeuw,2020-05-06,0,98
Denderleeuw,2020-05-07,0,98
Denderleeuw,2020-05-08,0,98
Denderleeuw,2020-05-09,1,99
Denderleeuw,2020-05-10,2,101
Denderleeuw,2020-05-11,0,101
Denderleeuw,2020-05-12,0,101
Denderleeuw,2020-05-13,0,101
Denderleeuw,2020-05-14,0,101
Denderleeuw,2020-05-15,0,101
Denderleeuw,2020-05-16,0,101
Denderleeuw,2020-05-17,0,101
Denderleeuw,2020-05-18,0,101
Denderleeuw,2020-05-19,0,101
Denderleeuw,2020-05-20,0,101
Denderleeuw,2020-05-21,1,102
Denderleeuw,2020-05-22,1,103
Denderleeuw,2020-05-23,0,103
Denderleeuw,2020-05-24,0,103
Denderleeuw,2020-05-25,0,103
Denderleeuw,2020-05-26,1,104
Denderleeuw,2020-05-27,0,104
Denderleeuw,2020-05-28,0,104
Denderleeuw,2020-05-29,0,104
Denderleeuw,2020-05-30,0,104
Denderleeuw,2020-05-31,0,104
Denderleeuw,2020-06-01,0,104
Denderleeuw,2020-06-02,0,104
Denderleeuw,2020-06-03,0,104
Denderleeuw,2020-06-04,0,104
Denderleeuw,2020-06-05,0,104
Denderleeuw,2020-06-06,0,104
Denderleeuw,2020-06-07,0,104
Denderleeuw,2020-06-08,0,104
Denderleeuw,2020-06-09,0,104
Denderleeuw,2020-06-10,1,105
Denderleeuw,2020-06-11,0,105
Denderleeuw,2020-06-12,0,105
Denderleeuw,2020-06-13,0,105
Denderleeuw,2020-06-14,0,105
Denderleeuw,2020-06-15,0,105
Denderleeuw,2020-06-16,0,105
Denderleeuw,2020-06-17,0,105
Denderleeuw,2020-06-18,0,105
Denderleeuw,2020-06-19,0,105
Denderleeuw,2020-06-20,0,105
Denderleeuw,2020-06-23,0,105
Denderleeuw,2020-06-24,0,105
Denderleeuw,2020-06-25,0,105
Denderleeuw,2020-06-26,0,105
Denderleeuw,2020-06-27,0,105
Denderleeuw,2020-06-30,0,105
Denderleeuw,2020-07-01,0,105
Denderleeuw,2020-07-02,0,105
Denderleeuw,2020-07-03,1,106
Denderleeuw,2020-07-04,0,106
Denderleeuw,2020-07-07,0,106
Denderleeuw,2020-07-08,0,106
Denderleeuw,2020-07-09,0,106
Denderleeuw,2020-07-10,0,106
Denderleeuw,2020-07-11,0,106
Denderleeuw,2020-07-14,0,106
Denderleeuw,2020-07-15,0,106
Denderleeuw,2020-07-16,1,107
Denderleeuw,2020-07-17,0,107
Denderleeuw,2020-07-18,0,107
Denderleeuw,2020-07-20,0,107
Denderleeuw,2020-07-21,0,107
Denderleeuw,2020-07-22,1,108
Denderleeuw,2020-07-23,0,108
Denderleeuw,2020-07-24,0,108
Denderleeuw,2020-07-25,0,108
Denderleeuw,2020-07-26,1,109
Denderleeuw,2020-07-27,0,109
Denderleeuw,2020-07-28,0,109
Denderleeuw,2020-07-29,0,109
Denderleeuw,2020-07-30,1,110
Denderleeuw,2020-07-31,0,110
Geraardsbergen,2020-04-01,0,36
Geraardsbergen,2020-04-02,4,40
Geraardsbergen,2020-04-03,5,45
Geraardsbergen,2020-04-04,0,45
Geraardsbergen,2020-04-05,1,46
Geraardsbergen,2020-04-06,0,46
Geraardsbergen,2020-04-07,9,55
Geraardsbergen,2020-04-08,4,59
Geraardsbergen,2020-04-09,0,59
Geraardsbergen,2020-04-10,3,62
Geraardsbergen,2020-04-11,0,62
Geraardsbergen,2020-04-12,2,64
Geraardsbergen,2020-04-13,3,67
Geraardsbergen,2020-04-14,0,67
Geraardsbergen,2020-04-15,2,69
Geraardsbergen,2020-04-16,4,73
Geraardsbergen,2020-04-17,4,77
Geraardsbergen,2020-04-18,0,77
Geraardsbergen,2020-04-19,3,80
Geraardsbergen,2020-04-20,2,82
Geraardsbergen,2020-04-21,2,84
Geraardsbergen,2020-04-22,1,85
Geraardsbergen,2020-04-23,0,85
Geraardsbergen,2020-04-24,0,85
Geraardsbergen,2020-04-25,1,86
Geraardsbergen,2020-04-26,0,86
Geraardsbergen,2020-04-27,2,88
Geraardsbergen,2020-04-28,0,88
Geraardsbergen,2020-04-29,0,88
Geraardsbergen,2020-04-30,1,89
Geraardsbergen,2020-05-01,1,90
Geraardsbergen,2020-05-02,1,91
Geraardsbergen,2020-05-03,1,92
Geraardsbergen,2020-05-04,0,92
Geraardsbergen,2020-05-05,0,92
Geraardsbergen,2020-05-06,1,93
Geraardsbergen,2020-05-07,3,96
Geraardsbergen,2020-05-08,3,99
Geraardsbergen,2020-05-09,0,99
Geraardsbergen,2020-05-10,0,99
Geraardsbergen,2020-05-11,1,100
Geraardsbergen,2020-05-12,1,101
Geraardsbergen,2020-05-13,0,101
Geraardsbergen,2020-05-14,0,101
Geraardsbergen,2020-05-15,0,101
Geraardsbergen,2020-05-16,0,101
Geraardsbergen,2020-05-17,1,102
Geraardsbergen,2020-05-18,0,102
Geraardsbergen,2020-05-19,0,102
Geraardsbergen,2020-05-20,0,102
Geraardsbergen,2020-05-21,0,102
Geraardsbergen,2020-05-22,0,102
Geraardsbergen,2020-05-23,0,102
Geraardsbergen,2020-05-24,0,102
Geraardsbergen,2020-05-25,0,102
Geraardsbergen,2020-05-26,0,102
Geraardsbergen,2020-05-27,0,102
Geraardsbergen,2020-05-28,2,104
Geraardsbergen,2020-05-29,0,104
Geraardsbergen,2020-05-30,2,106
Geraardsbergen,2020-05-31,1,107
Geraardsbergen,2020-06-01,0,107
Geraardsbergen,2020-06-02,0,107
Geraardsbergen,2020-06-03,0,107
Geraardsbergen,2020-06-04,0,107
Geraardsbergen,2020-06-05,0,107
Geraardsbergen,2020-06-06,1,108
Geraardsbergen,2020-06-07,0,108
Geraardsbergen,2020-06-08,0,108
Geraardsbergen,2020-06-09,0,108
Geraardsbergen,2020-06-10,0,108
Geraardsbergen,2020-06-11,1,109
Geraardsbergen,2020-06-12,0,109
Geraardsbergen,2020-06-13,0,109
Geraardsbergen,2020-06-14,0,109
Geraardsbergen,2020-06-15,0,109
Geraardsbergen,2020-06-16,0,109
Geraardsbergen,2020-06-17,0,109
Geraardsbergen,2020-06-18,0,109
Geraardsbergen,2020-06-19,0,109
Geraardsbergen,2020-06-20,0,109
Geraardsbergen,2020-06-23,0,109
Geraardsbergen,2020-06-24,0,109
Geraardsbergen,2020-06-25,1,110
Geraardsbergen,2020-06-26,1,111
Geraardsbergen,2020-06-27,0,111
Geraardsbergen,2020-06-30,0,111
Geraardsbergen,2020-07-01,0,111
Geraardsbergen,2020-07-02,0,111
Geraardsbergen,2020-07-03,0,111
Geraardsbergen,2020-07-04,0,111
Geraardsbergen,2020-07-07,0,111
Geraardsbergen,2020-07-08,0,111
Geraardsbergen,2020-07-09,0,111
Geraardsbergen,2020-07-10,0,111
Geraardsbergen,2020-07-11,0,111
Geraardsbergen,2020-07-14,0,111
Geraardsbergen,2020-07-15,0,111
Geraardsbergen,2020-07-16,0,111
Geraardsbergen,2020-07-17,0,111
Geraardsbergen,2020-07-18,1,112
Geraardsbergen,2020-07-20,0,112
Geraardsbergen,2020-07-21,0,112
Geraardsbergen,2020-07-22,0,112
Geraardsbergen,2020-07-23,0,112
Geraardsbergen,2020-07-24,1,113
Geraardsbergen,2020-07-25,0,113
Geraardsbergen,2020-07-26,0,113
Geraardsbergen,2020-07-27,0,113
Geraardsbergen,2020-07-28,0,113
Geraardsbergen,2020-07-29,1,114
Geraardsbergen,2020-07-30,0,114
Geraardsbergen,2020-07-31,0,114
Haaltert,2020-04-01,1,31
Haaltert,2020-04-02,4,35
Haaltert,2020-04-03,9,44
Haaltert,2020-04-04,1,45
Haaltert,2020-04-05,3,48
Haaltert,2020-04-06,1,49
Haaltert,2020-04-07,10,59
Haaltert,2020-04-08,8,67
Haaltert,2020-04-09,1,68
Haaltert,2020-04-10,6,74
Haaltert,2020-04-11,2,76
Haaltert,2020-04-12,9,85
Haaltert,2020-04-13,3,88
Haaltert,2020-04-14,2,90
Haaltert,2020-04-15,42,132
Haaltert,2020-04-16,0,132
Haaltert,2020-04-17,1,133
Haaltert,2020-04-18,3,136
Haaltert,2020-04-19,4,140
Haaltert,2020-04-20,6,146
Haaltert,2020-04-21,0,146
Haaltert,2020-04-22,1,147
Haaltert,2020-04-23,2,149
Haaltert,2020-04-24,3,152
Haaltert,2020-04-25,0,152
Haaltert,2020-04-26,1,153
Haaltert,2020-04-27,0,153
Haaltert,2020-04-28,1,154
Haaltert,2020-04-29,1,155
Haaltert,2020-04-30,12,167
Haaltert,2020-05-01,1,168
Haaltert,2020-05-02,1,169
Haaltert,2020-05-03,0,169
Haaltert,2020-05-04,0,169
Haaltert,2020-05-05,0,169
Haaltert,2020-05-06,1,170
Haaltert,2020-05-07,0,170
Haaltert,2020-05-08,0,170
Haaltert,2020-05-09,0,170
Haaltert,2020-05-10,1,171
Haaltert,2020-05-11,0,171
Haaltert,2020-05-12,0,171
Haaltert,2020-05-13,0,171
Haaltert,2020-05-14,0,171
Haaltert,2020-05-15,0,171
Haaltert,2020-05-16,1,172
Haaltert,2020-05-17,0,172
Haaltert,2020-05-18,0,172
Haaltert,2020-05-19,0,172
Haaltert,2020-05-20,0,172
Haaltert,2020-05-21,0,172
Haaltert,2020-05-22,0,172
Haaltert,2020-05-23,0,172
Haaltert,2020-05-24,2,174
Haaltert,2020-05-25,0,174
Haaltert,2020-05-26,0,174
Haaltert,2020-05-27,0,174
Haaltert,2020-05-28,0,174
Haaltert,2020-05-29,0,174
Haaltert,2020-05-30,0,174
Haaltert,2020-05-31,0,174
Haaltert,2020-06-01,0,174
Haaltert,2020-06-02,0,174
Haaltert,2020-06-03,0,174
Haaltert,2020-06-04,0,174
Haaltert,2020-06-05,0,174
Haaltert,2020-06-06,0,174
Haaltert,2020-06-07,0,174
Haaltert,2020-06-08,0,174
Haaltert,2020-06-09,0,174
Haaltert,2020-06-10,0,174
Haaltert,2020-06-11,0,174
Haaltert,2020-06-12,0,174
Haaltert,2020-06-13,0,174
Haaltert,2020-06-14,0,174
Haaltert,2020-06-15,0,174
Haaltert,2020-06-16,0,174
Haaltert,2020-06-17,0,174
Haaltert,2020-06-18,0,174
Haaltert,2020-06-19,0,174
Haaltert,2020-06-20,0,174
Haaltert,2020-06-23,2,176
Haaltert,2020-06-24,0,176
Haaltert,2020-06-25,1,177
Haaltert,2020-06-26,0,177
Haaltert,2020-06-27,0,177
Haaltert,2020-06-30,0,177
Haaltert,2020-07-01,0,177
Haaltert,2020-07-02,0,177
Haaltert,2020-07-03,0,177
Haaltert,2020-07-04,0,177
Haaltert,2020-07-07,0,177
Haaltert,2020-07-08,0,177
Haaltert,2020-07-09,0,177
Haaltert,2020-07-10,0,177
Haaltert,2020-07-11,0,177
Haaltert,2020-07-14,0,177
Haaltert,2020-07-15,1,178
Haaltert,2020-07-16,0,178
Haaltert,2020-07-17,0,178
Haaltert,2020-07-18,0,178
Haaltert,2020-07-20,0,178
Haaltert,2020-07-21,0,178
Haaltert,2020-07-22,0,178
Haaltert,2020-07-23,0,178
Haaltert,2020-07-24,0,178
Haaltert,2020-07-25,0,178
Haaltert,2020-07-26,0,178
Haaltert,2020-07-27,0,178
Haaltert,2020-07-28,0,178
Haaltert,2020-07-29,0,178
Haaltert,2020-07-30,0,178
Haaltert,2020-07-31,0,178
Herzele,2020-04-01,0,14
Herzele,2020-04-02,2,16
Herzele,2020-04-03,0,16
Herzele,2020-04-04,1,17
Herzele,2020-04-05,1,18
Herzele,2020-04-06,0,18
Herzele,2020-04-07,1,19
Herzele,2020-04-08,3,22
Herzele,2020-04-09,1,23
Herzele,2020-04-10,5,28
Herzele,2020-04-11,1,29
Herzele,2020-04-12,1,30
Herzele,2020-04-13,1,31
Herzele,2020-04-14,0,31
Herzele,2020-04-15,2,33
Herzele,2020-04-16,0,33
Herzele,2020-04-17,1,34
Herzele,2020-04-18,2,36
Herzele,2020-04-19,2,38
Herzele,2020-04-20,5,43
Herzele,2020-04-21,0,43
Herzele,2020-04-22,0,43
Herzele,2020-04-23,0,43
Herzele,2020-04-24,4,47
Herzele,2020-04-25,1,48
Herzele,2020-04-26,2,50
Herzele,2020-04-27,2,52
Herzele,2020-04-28,1,53
Herzele,2020-04-29,2,55
Herzele,2020-04-30,1,56
Herzele,2020-05-01,0,56
Herzele,2020-05-02,3,59
Herzele,2020-05-03,0,59
Herzele,2020-05-04,0,59
Herzele,2020-05-05,1,60
Herzele,2020-05-06,0,60
Herzele,2020-05-07,2,62
Herzele,2020-05-08,0,62
Herzele,2020-05-09,0,62
Herzele,2020-05-10,0,62
Herzele,2020-05-11,1,63
Herzele,2020-05-12,0,63
Herzele,2020-05-13,0,63
Herzele,2020-05-14,0,63
Herzele,2020-05-15,1,64
Herzele,2020-05-16,5,69
Herzele,2020-05-17,0,69
Herzele,2020-05-18,0,69
Herzele,2020-05-19,0,69
Herzele,2020-05-20,0,69
Herzele,2020-05-21,1,70
Herzele,2020-05-22,2,72
Herzele,2020-05-23,0,72
Herzele,2020-05-24,1,73
Herzele,2020-05-25,0,73
Herzele,2020-05-26,0,73
Herzele,2020-05-27,2,75
Herzele,2020-05-28,1,76
Herzele,2020-05-29,0,76
Herzele,2020-05-30,0,76
Herzele,2020-05-31,0,76
Herzele,2020-06-01,0,76
Herzele,2020-06-02,0,76
Herzele,2020-06-03,0,76
Herzele,2020-06-04,0,76
Herzele,2020-06-05,0,76
Herzele,2020-06-06,0,76
Herzele,2020-06-07,0,76
Herzele,2020-06-08,0,76
Herzele,2020-06-09,0,76
Herzele,2020-06-10,0,76
Herzele,2020-06-11,0,76
Herzele,2020-06-12,0,76
Herzele,2020-06-13,0,76
Herzele,2020-06-14,0,76
Herzele,2020-06-15,0,76
Herzele,2020-06-16,0,76
Herzele,2020-06-17,0,76
Herzele,2020-06-18,1,77
Herzele,2020-06-19,0,77
Herzele,2020-06-20,0,77
Herzele,2020-06-23,0,77
Herzele,2020-06-24,0,77
Herzele,2020-06-25,0,77
Herzele,2020-06-26,0,77
Herzele,2020-06-27,0,77
Herzele,2020-06-30,0,77
Herzele,2020-07-01,0,77
Herzele,2020-07-02,0,77
Herzele,2020-07-03,0,77
Herzele,2020-07-04,0,77
Herzele,2020-07-07,2,79
Herzele,2020-07-08,0,79
Herzele,2020-07-09,0,79
Herzele,2020-07-10,0,79
Herzele,2020-07-11,0,79
Herzele,2020-07-14,0,79
Herzele,2020-07-15,1,80
Herzele,2020-07-16,0,80
Herzele,2020-07-17,0,80
Herzele,2020-07-18,0,80
Herzele,2020-07-20,0,80
Herzele,2020-07-21,0,80
Herzele,2020-07-22,1,81
Herzele,2020-07-23,2,83
Herzele,2020-07-24,0,83
Herzele,2020-07-25,1,84
Herzele,2020-07-26,1,85
Herzele,2020-07-27,0,85
Herzele,2020-07-28,1,86
Herzele,2020-07-29,0,86
Herzele,2020-07-30,0,86
Herzele,2020-07-31,0,86
Lede,2020-04-01,0,18
Lede,2020-04-02,2,20
Lede,2020-04-03,4,24
Lede,2020-04-04,0,24
Lede,2020-04-05,0,24
Lede,2020-04-06,1,25
Lede,2020-04-07,9,34
Lede,2020-04-08,1,35
Lede,2020-04-09,4,39
Lede,2020-04-10,1,40
Lede,2020-04-11,2,42
Lede,2020-04-12,2,44
Lede,2020-04-13,1,45
Lede,2020-04-14,1,46
Lede,2020-04-15,4,50
Lede,2020-04-16,2,52
Lede,2020-04-17,3,55
Lede,2020-04-18,1,56
Lede,2020-04-19,1,57
Lede,2020-04-20,2,59
Lede,2020-04-21,1,60
Lede,2020-04-22,1,61
Lede,2020-04-23,1,62
Lede,2020-04-24,0,62
Lede,2020-04-25,0,62
Lede,2020-04-26,0,62
Lede,2020-04-27,1,63
Lede,2020-04-28,0,63
Lede,2020-04-29,2,65
Lede,2020-04-30,0,65
Lede,2020-05-01,3,68
Lede,2020-05-02,1,69
Lede,2020-05-03,0,69
Lede,2020-05-04,0,69
Lede,2020-05-05,0,69
Lede,2020-05-06,0,69
Lede,2020-05-07,0,69
Lede,2020-05-08,0,69
Lede,2020-05-09,0,69
Lede,2020-05-10,0,69
Lede,2020-05-11,0,69
Lede,2020-05-12,1,70
Lede,2020-05-13,0,70
Lede,2020-05-14,0,70
Lede,2020-05-15,0,70
Lede,2020-05-16,0,70
Lede,2020-05-17,1,71
Lede,2020-05-18,0,71
Lede,2020-05-19,1,72
Lede,2020-05-20,0,72
Lede,2020-05-21,0,72
Lede,2020-05-22,0,72
Lede,2020-05-23,0,72
Lede,2020-05-24,2,74
Lede,2020-05-25,0,74
Lede,2020-05-26,0,74
Lede,2020-05-27,1,75
Lede,2020-05-28,1,76
Lede,2020-05-29,1,77
Lede,2020-05-30,0,77
Lede,2020-05-31,0,77
Lede,2020-06-01,0,77
Lede,2020-06-02,0,77
Lede,2020-06-03,0,77
Lede,2020-06-04,0,77
Lede,2020-06-05,0,77
Lede,2020-06-06,0,77
Lede,2020-06-07,0,77
Lede,2020-06-08,0,77
Lede,2020-06-09,0,77
Lede,2020-06-10,0,77
Lede,2020-06-11,0,77
Lede,2020-06-12,0,77
Lede,2020-06-13,0,77
Lede,2020-06-14,0,77
Lede,2020-06-15,0,77
Lede,2020-06-16,0,77
Lede,2020-06-17,0,77
Lede,2020-06-18,0,77
Lede,2020-06-19,0,77
Lede,2020-06-20,0,77
Lede,2020-06-23,0,77
Lede,2020-06-24,0,77
Lede,2020-06-25,0,77
Lede,2020-06-26,0,77
Lede,2020-06-27,0,77
Lede,2020-06-30,0,77
Lede,2020-07-01,0,77
Lede,2020-07-02,0,77
Lede,2020-07-03,0,77
Lede,2020-07-04,0,77
Lede,2020-07-07,0,77
Lede,2020-07-08,0,77
Lede,2020-07-09,0,77
Lede,2020-07-10,0,77
Lede,2020-07-11,0,77
Lede,2020-07-14,2,79
Lede,2020-07-15,0,79
Lede,2020-07-16,0,79
Lede,2020-07-17,0,79
Lede,2020-07-18,0,79
Lede,2020-07-20,0,79
Lede,2020-07-21,0,79
Lede,2020-07-22,2,81
Lede,2020-07-23,1,82
Lede,2020-07-24,0,82
Lede,2020-07-25,1,83
Lede,2020-07-26,1,84
Lede,2020-07-27,0,84
Lede,2020-07-28,0,84
Lede,2020-07-29,0,84
Lede,2020-07-30,0,84
Lede,2020-07-31,0,84
Ninove,2020-04-01,1,65
Ninove,2020-04-02,1,66
Ninove,2020-04-03,8,74
Ninove,2020-04-04,2,76
Ninove,2020-04-05,5,81
Ninove,2020-04-06,3,84
Ninove,2020-04-07,11,95
Ninove,2020-04-08,7,102
Ninove,2020-04-09,4,106
Ninove,2020-04-10,5,111
Ninove,2020-04-11,4,115
Ninove,2020-04-12,9,124
Ninove,2020-04-13,5,129
Ninove,2020-04-14,4,133
Ninove,2020-04-15,8,141
Ninove,2020-04-16,1,142
Ninove,2020-04-17,10,152
Ninove,2020-04-18,2,154
Ninove,2020-04-19,4,158
Ninove,2020-04-20,4,162
Ninove,2020-04-21,1,163
Ninove,2020-04-22,1,164
Ninove,2020-04-23,2,166
Ninove,2020-04-24,2,168
Ninove,2020-04-25,4,172
Ninove,2020-04-26,1,173
Ninove,2020-04-27,3,176
Ninove,2020-04-28,1,177
Ninove,2020-04-29,0,177
Ninove,2020-04-30,1,178
Ninove,2020-05-01,2,180
Ninove,2020-05-02,1,181
Ninove,2020-05-03,4,185
Ninove,2020-05-04,2,187
Ninove,2020-05-05,0,187
Ninove,2020-05-06,1,188
Ninove,2020-05-07,0,188
Ninove,2020-05-08,2,190
Ninove,2020-05-09,2,192
Ninove,2020-05-10,1,193
Ninove,2020-05-11,1,194
Ninove,2020-05-12,0,194
Ninove,2020-05-13,0,194
Ninove,2020-05-14,1,195
Ninove,2020-05-15,0,195
Ninove,2020-05-16,0,195
Ninove,2020-05-17,1,196
Ninove,2020-05-18,0,196
Ninove,2020-05-19,0,196
Ninove,2020-05-20,0,196
Ninove,2020-05-21,0,196
Ninove,2020-05-22,0,196
Ninove,2020-05-23,0,196
Ninove,2020-05-24,0,196
Ninove,2020-05-25,0,196
Ninove,2020-05-26,0,196
Ninove,2020-05-27,0,196
Ninove,2020-05-28,1,197
Ninove,2020-05-29,1,198
Ninove,2020-05-30,0,198
Ninove,2020-05-31,0,198
Ninove,2020-06-01,0,198
Ninove,2020-06-02,0,198
Ninove,2020-06-03,0,198
Ninove,2020-06-04,0,198
Ninove,2020-06-05,0,198
Ninove,2020-06-06,0,198
Ninove,2020-06-07,0,198
Ninove,2020-06-08,0,198
Ninove,2020-06-09,0,198
Ninove,2020-06-10,0,198
Ninove,2020-06-11,0,198
Ninove,2020-06-12,0,198
Ninove,2020-06-13,0,198
Ninove,2020-06-14,0,198
Ninove,2020-06-15,0,198
Ninove,2020-06-16,0,198
Ninove,2020-06-17,0,198
Ninove,2020-06-18,0,198
Ninove,2020-06-19,0,198
Ninove,2020-06-20,0,198
Ninove,2020-06-23,0,198
Ninove,2020-06-24,0,198
Ninove,2020-06-25,0,198
Ninove,2020-06-26,0,198
Ninove,2020-06-27,0,198
Ninove,2020-06-30,0,198
Ninove,2020-07-01,1,199
Ninove,2020-07-02,0,199
Ninove,2020-07-03,1,200
Ninove,2020-07-04,0,200
Ninove,2020-07-07,2,202
Ninove,2020-07-08,0,202
Ninove,2020-07-09,0,202
Ninove,2020-07-10,0,202
Ninove,2020-07-11,0,202
Ninove,2020-07-14,0,202
Ninove,2020-07-15,0,202
Ninove,2020-07-16,0,202
Ninove,2020-07-17,1,203
Ninove,2020-07-18,1,204
Ninove,2020-07-20,0,204
Ninove,2020-07-21,0,204
Ninove,2020-07-22,0,204
Ninove,2020-07-23,0,204
Ninove,2020-07-24,1,205
Ninove,2020-07-25,1,206
Ninove,2020-07-26,4,210
Ninove,2020-07-27,1,211
Ninove,2020-07-28,1,212
Ninove,2020-07-29,1,213
Ninove,2020-07-30,0,213
Ninove,2020-07-31,2,215
Sint-Lievens-Houtem,2020-04-01,0,11
Sint-Lievens-Houtem,2020-04-02,0,11
Sint-Lievens-Houtem,2020-04-03,0,11
Sint-Lievens-Houtem,2020-04-04,0,11
Sint-Lievens-Houtem,2020-04-05,0,11
Sint-Lievens-Houtem,2020-04-06,0,11
Sint-Lievens-Houtem,2020-04-07,0,11
Sint-Lievens-Houtem,2020-04-08,0,11
Sint-Lievens-Houtem,2020-04-09,1,12
Sint-Lievens-Houtem,2020-04-10,1,13
Sint-Lievens-Houtem,2020-04-11,0,13
Sint-Lievens-Houtem,2020-04-12,3,16
Sint-Lievens-Houtem,2020-04-13,1,17
Sint-Lievens-Houtem,2020-04-14,0,17
Sint-Lievens-Houtem,2020-04-15,1,18
Sint-Lievens-Houtem,2020-04-16,1,19
Sint-Lievens-Houtem,2020-04-17,0,19
Sint-Lievens-Houtem,2020-04-18,0,19
Sint-Lievens-Houtem,2020-04-19,1,20
Sint-Lievens-Houtem,2020-04-20,2,22
Sint-Lievens-Houtem,2020-04-21,0,22
Sint-Lievens-Houtem,2020-04-22,0,22
Sint-Lievens-Houtem,2020-04-23,0,22
Sint-Lievens-Houtem,2020-04-24,0,22
Sint-Lievens-Houtem,2020-04-25,1,23
Sint-Lievens-Houtem,2020-04-26,0,23
Sint-Lievens-Houtem,2020-04-27,2,25
Sint-Lievens-Houtem,2020-04-28,0,25
Sint-Lievens-Houtem,2020-04-29,0,25
Sint-Lievens-Houtem,2020-04-30,1,26
Sint-Lievens-Houtem,2020-05-01,0,26
Sint-Lievens-Houtem,2020-05-02,0,26
Sint-Lievens-Houtem,2020-05-03,0,26
Sint-Lievens-Houtem,2020-05-04,0,26
Sint-Lievens-Houtem,2020-05-05,0,26
Sint-Lievens-Houtem,2020-05-06,0,26
Sint-Lievens-Houtem,2020-05-07,0,26
Sint-Lievens-Houtem,2020-05-08,0,26
Sint-Lievens-Houtem,2020-05-09,0,26
Sint-Lievens-Houtem,2020-05-10,0,26
Sint-Lievens-Houtem,2020-05-11,1,27
Sint-Lievens-Houtem,2020-05-12,0,27
Sint-Lievens-Houtem,2020-05-13,0,27
Sint-Lievens-Houtem,2020-05-14,0,27
Sint-Lievens-Houtem,2020-05-15,0,27
Sint-Lievens-Houtem,2020-05-16,0,27
Sint-Lievens-Houtem,2020-05-17,0,27
Sint-Lievens-Houtem,2020-05-18,0,27
Sint-Lievens-Houtem,2020-05-19,0,27
Sint-Lievens-Houtem,2020-05-20,0,27
Sint-Lievens-Houtem,2020-05-21,0,27
Sint-Lievens-Houtem,2020-05-22,0,27
Sint-Lievens-Houtem,2020-05-23,0,27
Sint-Lievens-Houtem,2020-05-24,0,27
Sint-Lievens-Houtem,2020-05-25,0,27
Sint-Lievens-Houtem,2020-05-26,0,27
Sint-Lievens-Houtem,2020-05-27,0,27
Sint-Lievens-Houtem,2020-05-28,0,27
Sint-Lievens-Houtem,2020-05-29,0,27
Sint-Lievens-Houtem,2020-05-30,0,27
Sint-Lievens-Houtem,2020-05-31,0,27
Sint-Lievens-Houtem,2020-06-01,0,27
Sint-Lievens-Houtem,2020-06-02,0,27
Sint-Lievens-Houtem,2020-06-03,0,27
Sint-Lievens-Houtem,2020-06-04,0,27
Sint-Lievens-Houtem,2020-06-05,0,27
Sint-Lievens-Houtem,2020-06-06,0,27
Sint-Lievens-Houtem,2020-06-07,0,27
Sint-Lievens-Houtem,2020-06-08,0,27
Sint-Lievens-Houtem,2020-06-09,1,28
Sint-Lievens-Houtem,2020-06-10,0,28
Sint-Lievens-Houtem,2020-06-11,0,28
Sint-Lievens-Houtem,2020-06-12,0,28
Sint-Lievens-Houtem,2020-06-13,0,28
Sint-Lievens-Houtem,2020-06-14,0,28
Sint-Lievens-Houtem,2020-06-15,0,28
Sint-Lievens-Houtem,2020-06-16,0,28
Sint-Lievens-Houtem,2020-06-17,0,28
Sint-Lievens-Houtem,2020-06-18,0,28
Sint-Lievens-Houtem,2020-06-19,0,28
Sint-Lievens-Houtem,2020-06-20,0,28
Sint-Lievens-Houtem,2020-06-23,0,28
Sint-Lievens-Houtem,2020-06-24,0,28
Sint-Lievens-Houtem,2020-06-25,0,28
Sint-Lievens-Houtem,2020-06-26,0,28
Sint-Lievens-Houtem,2020-06-27,0,28
Sint-Lievens-Houtem,2020-06-30,0,28
Sint-Lievens-Houtem,2020-07-01,0,28
Sint-Lievens-Houtem,2020-07-02,0,28
Sint-Lievens-Houtem,2020-07-03,0,28
Sint-Lievens-Houtem,2020-07-04,0,28
Sint-Lievens-Houtem,2020-07-07,0,28
Sint-Lievens-Houtem,2020-07-08,0,28
Sint-Lievens-Houtem,2020-07-09,0,28
Sint-Lievens-Houtem,2020-07-10,0,28
Sint-Lievens-Houtem,2020-07-11,0,28
Sint-Lievens-Houtem,2020-07-14,0,28
Sint-Lievens-Houtem,2020-07-15,0,28
Sint-Lievens-Houtem,2020-07-16,0,28
Sint-Lievens-Houtem,2020-07-17,0,28
Sint-Lievens-Houtem,2020-07-18,1,29
Sint-Lievens-Houtem,2020-07-20,0,29
Sint-Lievens-Houtem,2020-07-21,0,29
Sint-Lievens-Houtem,2020-07-22,1,30
Sint-Lievens-Houtem,2020-07-23,1,31
Sint-Lievens-Houtem,2020-07-24,0,31
Sint-Lievens-Houtem,2020-07-25,0,31
Sint-Lievens-Houtem,2020-07-26,0,31
Sint-Lievens-Houtem,2020-07-27,0,31
Sint-Lievens-Houtem,2020-07-28,0,31
Sint-Lievens-Houtem,2020-07-29,0,31
Sint-Lievens-Houtem,2020-07-30,0,31
Sint-Lievens-Houtem,2020-07-31,0,31
Zottegem,2020-04-01,1,27
Zottegem,2020-04-02,3,30
Zottegem,2020-04-03,1,31
Zottegem,2020-04-04,4,35
Zottegem,2020-04-05,2,37
Zottegem,2020-04-06,0,37
Zottegem,2020-04-07,0,37
Zottegem,2020-04-08,3,40
Zottegem,2020-04-09,0,40
Zottegem,2020-04-10,6,46
Zottegem,2020-04-11,2,48
Zottegem,2020-04-12,0,48
Zottegem,2020-04-13,1,49
Zottegem,2020-04-14,0,49
Zottegem,2020-04-15,1,50
Zottegem,2020-04-16,0,50
Zottegem,2020-04-17,2,52
Zottegem,2020-04-18,0,52
Zottegem,2020-04-19,1,53
Zottegem,2020-04-20,1,54
Zottegem,2020-04-21,0,54
Zottegem,2020-04-22,0,54
Zottegem,2020-04-23,0,54
Zottegem,2020-04-24,1,55
Zottegem,2020-04-25,1,56
Zottegem,2020-04-26,1,57
Zottegem,2020-04-27,3,60
Zottegem,2020-04-28,1,61
Zottegem,2020-04-29,0,61
Zottegem,2020-04-30,0,61
Zottegem,2020-05-01,0,61
Zottegem,2020-05-02,0,61
Zottegem,2020-05-03,2,63
Zottegem,2020-05-04,2,65
Zottegem,2020-05-05,0,65
Zottegem,2020-05-06,0,65
Zottegem,2020-05-07,2,67
Zottegem,2020-05-08,0,67
Zottegem,2020-05-09,0,67
Zottegem,2020-05-10,1,68
Zottegem,2020-05-11,1,69
Zottegem,2020-05-12,1,70
Zottegem,2020-05-13,0,70
Zottegem,2020-05-14,0,70
Zottegem,2020-05-15,0,70
Zottegem,2020-05-16,0,70
Zottegem,2020-05-17,0,70
Zottegem,2020-05-18,0,70
Zottegem,2020-05-19,0,70
Zottegem,2020-05-20,0,70
Zottegem,2020-05-21,0,70
Zottegem,2020-05-22,0,70
Zottegem,2020-05-23,0,70
Zottegem,2020-05-24,0,70
Zottegem,2020-05-25,0,70
Zottegem,2020-05-26,0,70
Zottegem,2020-05-27,0,70
Zottegem,2020-05-28,0,70
Zottegem,2020-05-29,0,70
Zottegem,2020-05-30,0,70
Zottegem,2020-05-31,0,70
Zottegem,2020-06-01,0,70
Zottegem,2020-06-02,0,70
Zottegem,2020-06-03,0,70
Zottegem,2020-06-04,2,72
Zottegem,2020-06-05,2,74
Zottegem,2020-06-06,2,76
Zottegem,2020-06-07,0,76
Zottegem,2020-06-08,0,76
Zottegem,2020-06-09,0,76
Zottegem,2020-06-10,0,76
Zottegem,2020-06-11,0,76
Zottegem,2020-06-12,0,76
Zottegem,2020-06-13,0,76
Zottegem,2020-06-14,0,76
Zottegem,2020-06-15,0,76
Zottegem,2020-06-16,0,76
Zottegem,2020-06-17,0,76
Zottegem,2020-06-18,0,76
Zottegem,2020-06-19,0,76
Zottegem,2020-06-20,0,76
Zottegem,2020-06-23,0,76
Zottegem,2020-06-24,0,76
Zottegem,2020-06-25,0,76
Zottegem,2020-06-26,0,76
Zottegem,2020-06-27,0,76
Zottegem,2020-06-30,0,76
Zottegem,2020-07-01,0,76
Zottegem,2020-07-02,0,76
Zottegem,2020-07-03,0,76
Zottegem,2020-07-04,0,76
Zottegem,2020-07-07,2,78
Zottegem,2020-07-08,0,78
Zottegem,2020-07-09,0,78
Zottegem,2020-07-10,0,78
Zottegem,2020-07-11,0,78
Zottegem,2020-07-14,0,78
Zottegem,2020-07-15,0,78
Zottegem,2020-07-16,0,78
Zottegem,2020-07-17,0,78
Zottegem,2020-07-18,0,78
Zottegem,2020-07-20,0,78
Zottegem,2020-07-21,0,78
Zottegem,2020-07-22,0,78
Zottegem,2020-07-23,0,78
Zottegem,2020-07-24,0,78
Zottegem,2020-07-25,1,79
Zottegem,2020-07-26,0,79
Zottegem,2020-07-27,0,79
Zottegem,2020-07-28,0,79
Zottegem,2020-07-29,1,80
Zottegem,2020-07-30,2,82
Zottegem,2020-07-31,1,83
Erpe-Mere,2020-04-01,0,16
Erpe-Mere,2020-04-02,2,18
Erpe-Mere,2020-04-03,4,22
Erpe-Mere,2020-04-04,2,24
Erpe-Mere,2020-04-05,2,26
Erpe-Mere,2020-04-06,0,26
Erpe-Mere,2020-04-07,12,38
Erpe-Mere,2020-04-08,3,41
Erpe-Mere,2020-04-09,3,44
Erpe-Mere,2020-04-10,3,47
Erpe-Mere,2020-04-11,5,52
Erpe-Mere,2020-04-12,16,68
Erpe-Mere,2020-04-13,13,81
Erpe-Mere,2020-04-14,2,83
Erpe-Mere,2020-04-15,10,93
Erpe-Mere,2020-04-16,1,94
Erpe-Mere,2020-04-17,4,98
Erpe-Mere,2020-04-18,2,100
Erpe-Mere,2020-04-19,2,102
Erpe-Mere,2020-04-20,13,115
Erpe-Mere,2020-04-21,1,116
Erpe-Mere,2020-04-22,2,118
Erpe-Mere,2020-04-23,2,120
Erpe-Mere,2020-04-24,0,120
Erpe-Mere,2020-04-25,0,120
Erpe-Mere,2020-04-26,0,120
Erpe-Mere,2020-04-27,1,121
Erpe-Mere,2020-04-28,0,121
Erpe-Mere,2020-04-29,0,121
Erpe-Mere,2020-04-30,0,121
Erpe-Mere,2020-05-01,2,123
Erpe-Mere,2020-05-02,1,124
Erpe-Mere,2020-05-03,0,124
Erpe-Mere,2020-05-04,0,124
Erpe-Mere,2020-05-05,0,124
Erpe-Mere,2020-05-06,0,124
Erpe-Mere,2020-05-07,1,125
Erpe-Mere,2020-05-08,1,126
Erpe-Mere,2020-05-09,0,126
Erpe-Mere,2020-05-10,0,126
Erpe-Mere,2020-05-11,1,127
Erpe-Mere,2020-05-12,3,130
Erpe-Mere,2020-05-13,0,130
Erpe-Mere,2020-05-14,1,131
Erpe-Mere,2020-05-15,0,131
Erpe-Mere,2020-05-16,0,131
Erpe-Mere,2020-05-17,0,131
Erpe-Mere,2020-05-18,0,131
Erpe-Mere,2020-05-19,0,131
Erpe-Mere,2020-05-20,0,131
Erpe-Mere,2020-05-21,1,132
Erpe-Mere,2020-05-22,0,132
Erpe-Mere,2020-05-23,0,132
Erpe-Mere,2020-05-24,0,132
Erpe-Mere,2020-05-25,1,133
Erpe-Mere,2020-05-26,1,134
Erpe-Mere,2020-05-27,0,134
Erpe-Mere,2020-05-28,0,134
Erpe-Mere,2020-05-29,1,135
Erpe-Mere,2020-05-30,0,135
Erpe-Mere,2020-05-31,0,135
Erpe-Mere,2020-06-01,0,135
Erpe-Mere,2020-06-02,0,135
Erpe-Mere,2020-06-03,0,135
Erpe-Mere,2020-06-04,0,135
Erpe-Mere,2020-06-05,0,135
Erpe-Mere,2020-06-06,0,135
Erpe-Mere,2020-06-07,0,135
Erpe-Mere,2020-06-08,0,135
Erpe-Mere,2020-06-09,0,135
Erpe-Mere,2020-06-10,0,135
Erpe-Mere,2020-06-11,0,135
Erpe-Mere,2020-06-12,0,135
Erpe-Mere,2020-06-13,0,135
Erpe-Mere,2020-06-14,0,135
Erpe-Mere,2020-06-15,0,135
Erpe-Mere,2020-06-16,0,135
Erpe-Mere,2020-06-17,0,135
Erpe-Mere,2020-06-18,0,135
Erpe-Mere,2020-06-19,0,135
Erpe-Mere,2020-06-20,0,135
Erpe-Mere,2020-06-23,1,136
Erpe-Mere,2020-06-24,0,136
Erpe-Mere,2020-06-25,0,136
Erpe-Mere,2020-06-26,0,136
Erpe-Mere,2020-06-27,0,136
Erpe-Mere,2020-06-30,1,137
Erpe-Mere,2020-07-01,0,137
Erpe-Mere,2020-07-02,0,137
Erpe-Mere,2020-07-03,0,137
Erpe-Mere,2020-07-04,0,137
Erpe-Mere,2020-07-07,0,137
Erpe-Mere,2020-07-08,0,137
Erpe-Mere,2020-07-09,0,137
Erpe-Mere,2020-07-10,0,137
Erpe-Mere,2020-07-11,0,137
Erpe-Mere,2020-07-14,0,137
Erpe-Mere,2020-07-15,0,137
Erpe-Mere,2020-07-16,0,137
Erpe-Mere,2020-07-17,0,137
Erpe-Mere,2020-07-18,0,137
Erpe-Mere,2020-07-20,0,137
Erpe-Mere,2020-07-21,1,138
Erpe-Mere,2020-07-22,0,138
Erpe-Mere,2020-07-23,1,139
Erpe-Mere,2020-07-24,0,139
Erpe-Mere,2020-07-25,0,139
Erpe-Mere,2020-07-26,0,139
Erpe-Mere,2020-07-27,0,139
Erpe-Mere,2020-07-28,0,139
Erpe-Mere,2020-07-29,0,139
Erpe-Mere,2020-07-30,0,139
Erpe-Mere,2020-07-31,0,139
Berlare,2020-04-01,0,12
Berlare,2020-04-02,0,12
Berlare,2020-04-03,2,14
Berlare,2020-04-04,1,15
Berlare,2020-04-05,1,16
Berlare,2020-04-06,2,18
Berlare,2020-04-07,4,22
Berlare,2020-04-08,5,27
Berlare,2020-04-09,1,28
Berlare,2020-04-10,4,32
Berlare,2020-04-11,1,33
Berlare,2020-04-12,2,35
Berlare,2020-04-13,1,36
Berlare,2020-04-14,0,36
Berlare,2020-04-15,1,37
Berlare,2020-04-16,1,38
Berlare,2020-04-17,3,41
Berlare,2020-04-18,1,42
Berlare,2020-04-19,1,43
Berlare,2020-04-20,0,43
Berlare,2020-04-21,2,45
Berlare,2020-04-22,0,45
Berlare,2020-04-23,1,46
Berlare,2020-04-24,1,47
Berlare,2020-04-25,2,49
Berlare,2020-04-26,0,49
Berlare,2020-04-27,0,49
Berlare,2020-04-28,0,49
Berlare,2020-04-29,0,49
Berlare,2020-04-30,0,49
Berlare,2020-05-01,1,50
Berlare,2020-05-02,0,50
Berlare,2020-05-03,0,50
Berlare,2020-05-04,0,50
Berlare,2020-05-05,2,52
Berlare,2020-05-06,0,52
Berlare,2020-05-07,0,52
Berlare,2020-05-08,1,53
Berlare,2020-05-09,0,53
Berlare,2020-05-10,0,53
Berlare,2020-05-11,0,53
Berlare,2020-05-12,0,53
Berlare,2020-05-13,0,53
Berlare,2020-05-14,0,53
Berlare,2020-05-15,0,53
Berlare,2020-05-16,0,53
Berlare,2020-05-17,0,53
Berlare,2020-05-18,0,53
Berlare,2020-05-19,0,53
Berlare,2020-05-20,0,53
Berlare,2020-05-21,0,53
Berlare,2020-05-22,0,53
Berlare,2020-05-23,0,53
Berlare,2020-05-24,0,53
Berlare,2020-05-25,2,55
Berlare,2020-05-26,0,55
Berlare,2020-05-27,0,55
Berlare,2020-05-28,0,55
Berlare,2020-05-29,1,56
Berlare,2020-05-30,0,56
Berlare,2020-05-31,0,56
Berlare,2020-06-01,0,56
Berlare,2020-06-02,0,56
Berlare,2020-06-03,1,57
Berlare,2020-06-04,0,57
Berlare,2020-06-05,0,57
Berlare,2020-06-06,0,57
Berlare,2020-06-07,0,57
Berlare,2020-06-08,0,57
Berlare,2020-06-09,0,57
Berlare,2020-06-10,0,57
Berlare,2020-06-11,0,57
Berlare,2020-06-12,0,57
Berlare,2020-06-13,0,57
Berlare,2020-06-14,0,57
Berlare,2020-06-15,0,57
Berlare,2020-06-16,0,57
Berlare,2020-06-17,0,57
Berlare,2020-06-18,1,58
Berlare,2020-06-19,0,58
Berlare,2020-06-20,0,58
Berlare,2020-06-23,0,58
Berlare,2020-06-24,0,58
Berlare,2020-06-25,0,58
Berlare,2020-06-26,0,58
Berlare,2020-06-27,0,58
Berlare,2020-06-30,2,60
Berlare,2020-07-01,0,60
Berlare,2020-07-02,0,60
Berlare,2020-07-03,0,60
Berlare,2020-07-04,0,60
Berlare,2020-07-07,0,60
Berlare,2020-07-08,0,60
Berlare,2020-07-09,0,60
Berlare,2020-07-10,1,61
Berlare,2020-07-11,0,61
Berlare,2020-07-14,0,61
Berlare,2020-07-15,0,61
Berlare,2020-07-16,0,61
Berlare,2020-07-17,0,61
Berlare,2020-07-18,0,61
Berlare,2020-07-20,0,61
Berlare,2020-07-21,0,61
Berlare,2020-07-22,0,61
Berlare,2020-07-23,0,61
Berlare,2020-07-24,0,61
Berlare,2020-07-25,0,61
Berlare,2020-07-26,0,61
Berlare,2020-07-27,0,61
Berlare,2020-07-28,0,61
Berlare,2020-07-29,0,61
Berlare,2020-07-30,0,61
Berlare,2020-07-31,0,61
Buggenhout,2020-04-01,1,9
Buggenhout,2020-04-02,1,10
Buggenhout,2020-04-03,1,11
Buggenhout,2020-04-04,1,12
Buggenhout,2020-04-05,1,13
Buggenhout,2020-04-06,2,15
Buggenhout,2020-04-07,0,15
Buggenhout,2020-04-08,5,20
Buggenhout,2020-04-09,3,23
Buggenhout,2020-04-10,0,23
Buggenhout,2020-04-11,3,26
Buggenhout,2020-04-12,4,30
Buggenhout,2020-04-13,2,32
Buggenhout,2020-04-14,1,33
Buggenhout,2020-04-15,6,39
Buggenhout,2020-04-16,4,43
Buggenhout,2020-04-17,6,49
Buggenhout,2020-04-18,2,51
Buggenhout,2020-04-19,1,52
Buggenhout,2020-04-20,7,59
Buggenhout,2020-04-21,3,62
Buggenhout,2020-04-22,14,76
Buggenhout,2020-04-23,4,80
Buggenhout,2020-04-24,2,82
Buggenhout,2020-04-25,1,83
Buggenhout,2020-04-26,3,86
Buggenhout,2020-04-27,0,86
Buggenhout,2020-04-28,0,86
Buggenhout,2020-04-29,0,86
Buggenhout,2020-04-30,0,86
Buggenhout,2020-05-01,0,86
Buggenhout,2020-05-02,0,86
Buggenhout,2020-05-03,0,86
Buggenhout,2020-05-04,0,86
Buggenhout,2020-05-05,0,86
Buggenhout,2020-05-06,0,86
Buggenhout,2020-05-07,1,87
Buggenhout,2020-05-08,1,88
Buggenhout,2020-05-09,0,88
Buggenhout,2020-05-10,0,88
Buggenhout,2020-05-11,4,92
Buggenhout,2020-05-12,0,92
Buggenhout,2020-05-13,1,93
Buggenhout,2020-05-14,0,93
Buggenhout,2020-05-15,0,93
Buggenhout,2020-05-16,0,93
Buggenhout,2020-05-17,0,93
Buggenhout,2020-05-18,0,93
Buggenhout,2020-05-19,0,93
Buggenhout,2020-05-20,0,93
Buggenhout,2020-05-21,2,95
Buggenhout,2020-05-22,0,95
Buggenhout,2020-05-23,0,95
Buggenhout,2020-05-24,0,95
Buggenhout,2020-05-25,0,95
Buggenhout,2020-05-26,0,95
Buggenhout,2020-05-27,0,95
Buggenhout,2020-05-28,0,95
Buggenhout,2020-05-29,0,95
Buggenhout,2020-05-30,0,95
Buggenhout,2020-05-31,0,95
Buggenhout,2020-06-01,1,96
Buggenhout,2020-06-02,0,96
Buggenhout,2020-06-03,0,96
Buggenhout,2020-06-04,0,96
Buggenhout,2020-06-05,0,96
Buggenhout,2020-06-06,0,96
Buggenhout,2020-06-07,0,96
Buggenhout,2020-06-08,2,98
Buggenhout,2020-06-09,0,98
Buggenhout,2020-06-10,0,98
Buggenhout,2020-06-11,0,98
Buggenhout,2020-06-12,0,98
Buggenhout,2020-06-13,0,98
Buggenhout,2020-06-14,0,98
Buggenhout,2020-06-15,0,98
Buggenhout,2020-06-16,0,98
Buggenhout,2020-06-17,0,98
Buggenhout,2020-06-18,0,98
Buggenhout,2020-06-19,0,98
Buggenhout,2020-06-20,0,98
Buggenhout,2020-06-23,0,98
Buggenhout,2020-06-24,0,98
Buggenhout,2020-06-25,1,99
Buggenhout,2020-06-26,0,99
Buggenhout,2020-06-27,0,99
Buggenhout,2020-06-30,0,99
Buggenhout,2020-07-01,1,100
Buggenhout,2020-07-02,0,100
Buggenhout,2020-07-03,0,100
Buggenhout,2020-07-04,0,100
Buggenhout,2020-07-07,0,100
Buggenhout,2020-07-08,0,100
Buggenhout,2020-07-09,0,100
Buggenhout,2020-07-10,1,101
Buggenhout,2020-07-11,0,101
Buggenhout,2020-07-14,1,102
Buggenhout,2020-07-15,0,102
Buggenhout,2020-07-16,0,102
Buggenhout,2020-07-17,0,102
Buggenhout,2020-07-18,0,102
Buggenhout,2020-07-20,0,102
Buggenhout,2020-07-21,0,102
Buggenhout,2020-07-22,0,102
Buggenhout,2020-07-23,0,102
Buggenhout,2020-07-24,1,103
Buggenhout,2020-07-25,0,103
Buggenhout,2020-07-26,2,105
Buggenhout,2020-07-27,0,105
Buggenhout,2020-07-28,0,105
Buggenhout,2020-07-29,0,105
Buggenhout,2020-07-30,0,105
Buggenhout,2020-07-31,0,105
Dendermonde,2020-04-01,5,50
Dendermonde,2020-04-02,4,54
Dendermonde,2020-04-03,4,58
Dendermonde,2020-04-04,6,64
Dendermonde,2020-04-05,1,65
Dendermonde,2020-04-06,8,73
Dendermonde,2020-04-07,2,75
Dendermonde,2020-04-08,13,88
Dendermonde,2020-04-09,4,92
Dendermonde,2020-04-10,9,101
Dendermonde,2020-04-11,9,110
Dendermonde,2020-04-12,6,116
Dendermonde,2020-04-13,5,121
Dendermonde,2020-04-14,2,123
Dendermonde,2020-04-15,7,130
Dendermonde,2020-04-16,42,172
Dendermonde,2020-04-17,9,181
Dendermonde,2020-04-18,2,183
Dendermonde,2020-04-19,1,184
Dendermonde,2020-04-20,5,189
Dendermonde,2020-04-21,1,190
Dendermonde,2020-04-22,4,194
Dendermonde,2020-04-23,3,197
Dendermonde,2020-04-24,7,204
Dendermonde,2020-04-25,1,205
Dendermonde,2020-04-26,1,206
Dendermonde,2020-04-27,3,209
Dendermonde,2020-04-28,1,210
Dendermonde,2020-04-29,0,210
Dendermonde,2020-04-30,3,213
Dendermonde,2020-05-01,1,214
Dendermonde,2020-05-02,0,214
Dendermonde,2020-05-03,1,215
Dendermonde,2020-05-04,0,215
Dendermonde,2020-05-05,1,216
Dendermonde,2020-05-06,3,219
Dendermonde,2020-05-07,4,223
Dendermonde,2020-05-08,1,224
Dendermonde,2020-05-09,0,224
Dendermonde,2020-05-10,1,225
Dendermonde,2020-05-11,0,225
Dendermonde,2020-05-12,0,225
Dendermonde,2020-05-13,0,225
Dendermonde,2020-05-14,1,226
Dendermonde,2020-05-15,1,227
Dendermonde,2020-05-16,0,227
Dendermonde,2020-05-17,1,228
Dendermonde,2020-05-18,1,229
Dendermonde,2020-05-19,1,230
Dendermonde,2020-05-20,1,231
Dendermonde,2020-05-21,2,233
Dendermonde,2020-05-22,0,233
Dendermonde,2020-05-23,0,233
Dendermonde,2020-05-24,0,233
Dendermonde,2020-05-25,0,233
Dendermonde,2020-05-26,0,233
Dendermonde,2020-05-27,0,233
Dendermonde,2020-05-28,2,235
Dendermonde,2020-05-29,0,235
Dendermonde,2020-05-30,1,236
Dendermonde,2020-05-31,1,237
Dendermonde,2020-06-01,0,237
Dendermonde,2020-06-02,0,237
Dendermonde,2020-06-03,2,239
Dendermonde,2020-06-04,1,240
Dendermonde,2020-06-05,1,241
Dendermonde,2020-06-06,1,242
Dendermonde,2020-06-07,0,242
Dendermonde,2020-06-08,0,242
Dendermonde,2020-06-09,0,242
Dendermonde,2020-06-10,0,242
Dendermonde,2020-06-11,0,242
Dendermonde,2020-06-12,1,243
Dendermonde,2020-06-13,0,243
Dendermonde,2020-06-14,0,243
Dendermonde,2020-06-15,0,243
Dendermonde,2020-06-16,0,243
Dendermonde,2020-06-17,0,243
Dendermonde,2020-06-18,0,243
Dendermonde,2020-06-19,0,243
Dendermonde,2020-06-20,0,243
Dendermonde,2020-06-23,1,244
Dendermonde,2020-06-24,0,244
Dendermonde,2020-06-25,0,244
Dendermonde,2020-06-26,0,244
Dendermonde,2020-06-27,0,244
Dendermonde,2020-06-30,2,246
Dendermonde,2020-07-01,1,247
Dendermonde,2020-07-02,0,247
Dendermonde,2020-07-03,1,248
Dendermonde,2020-07-04,0,248
Dendermonde,2020-07-07,0,248
Dendermonde,2020-07-08,0,248
Dendermonde,2020-07-09,0,248
Dendermonde,2020-07-10,3,251
Dendermonde,2020-07-11,0,251
Dendermonde,2020-07-14,0,251
Dendermonde,2020-07-15,0,251
Dendermonde,2020-07-16,0,251
Dendermonde,2020-07-17,2,253
Dendermonde,2020-07-18,1,254
Dendermonde,2020-07-20,2,256
Dendermonde,2020-07-21,0,256
Dendermonde,2020-07-22,0,256
Dendermonde,2020-07-23,0,256
Dendermonde,2020-07-24,0,256
Dendermonde,2020-07-25,0,256
Dendermonde,2020-07-26,5,261
Dendermonde,2020-07-27,1,262
Dendermonde,2020-07-28,4,266
Dendermonde,2020-07-29,0,266
Dendermonde,2020-07-30,4,270
Dendermonde,2020-07-31,5,275
Hamme (Dendermonde),2020-04-01,1,21
Hamme (Dendermonde),2020-04-02,5,26
Hamme (Dendermonde),2020-04-03,4,30
Hamme (Dendermonde),2020-04-04,0,30
Hamme (Dendermonde),2020-04-05,4,34
Hamme (Dendermonde),2020-04-06,1,35
Hamme (Dendermonde),2020-04-07,0,35
Hamme (Dendermonde),2020-04-08,3,38
Hamme (Dendermonde),2020-04-09,5,43
Hamme (Dendermonde),2020-04-10,2,45
Hamme (Dendermonde),2020-04-11,3,48
Hamme (Dendermonde),2020-04-12,1,49
Hamme (Dendermonde),2020-04-13,0,49
Hamme (Dendermonde),2020-04-14,1,50
Hamme (Dendermonde),2020-04-15,2,52
Hamme (Dendermonde),2020-04-16,3,55
Hamme (Dendermonde),2020-04-17,1,56
Hamme (Dendermonde),2020-04-18,4,60
Hamme (Dendermonde),2020-04-19,0,60
Hamme (Dendermonde),2020-04-20,5,65
Hamme (Dendermonde),2020-04-21,1,66
Hamme (Dendermonde),2020-04-22,0,66
Hamme (Dendermonde),2020-04-23,12,78
Hamme (Dendermonde),2020-04-24,0,78
Hamme (Dendermonde),2020-04-25,2,80
Hamme (Dendermonde),2020-04-26,1,81
Hamme (Dendermonde),2020-04-27,0,81
Hamme (Dendermonde),2020-04-28,5,86
Hamme (Dendermonde),2020-04-29,2,88
Hamme (Dendermonde),2020-04-30,0,88
Hamme (Dendermonde),2020-05-01,0,88
Hamme (Dendermonde),2020-05-02,0,88
Hamme (Dendermonde),2020-05-03,0,88
Hamme (Dendermonde),2020-05-04,1,89
Hamme (Dendermonde),2020-05-05,0,89
Hamme (Dendermonde),2020-05-06,0,89
Hamme (Dendermonde),2020-05-07,1,90
Hamme (Dendermonde),2020-05-08,0,90
Hamme (Dendermonde),2020-05-09,2,92
Hamme (Dendermonde),2020-05-10,2,94
Hamme (Dendermonde),2020-05-11,2,96
Hamme (Dendermonde),2020-05-12,0,96
Hamme (Dendermonde),2020-05-13,2,98
Hamme (Dendermonde),2020-05-14,0,98
Hamme (Dendermonde),2020-05-15,0,98
Hamme (Dendermonde),2020-05-16,4,102
Hamme (Dendermonde),2020-05-17,1,103
Hamme (Dendermonde),2020-05-18,1,104
Hamme (Dendermonde),2020-05-19,1,105
Hamme (Dendermonde),2020-05-20,4,109
Hamme (Dendermonde),2020-05-21,3,112
Hamme (Dendermonde),2020-05-22,2,114
Hamme (Dendermonde),2020-05-23,3,117
Hamme (Dendermonde),2020-05-24,0,117
Hamme (Dendermonde),2020-05-25,17,134
Hamme (Dendermonde),2020-05-26,0,134
Hamme (Dendermonde),2020-05-27,0,134
Hamme (Dendermonde),2020-05-28,0,134
Hamme (Dendermonde),2020-05-29,2,136
Hamme (Dendermonde),2020-05-30,3,139
Hamme (Dendermonde),2020-05-31,1,140
Hamme (Dendermonde),2020-06-01,4,144
Hamme (Dendermonde),2020-06-02,1,145
Hamme (Dendermonde),2020-06-03,0,145
Hamme (Dendermonde),2020-06-04,2,147
Hamme (Dendermonde),2020-06-05,1,148
Hamme (Dendermonde),2020-06-06,0,148
Hamme (Dendermonde),2020-06-07,2,150
Hamme (Dendermonde),2020-06-08,1,151
Hamme (Dendermonde),2020-06-09,2,153
Hamme (Dendermonde),2020-06-10,3,156
Hamme (Dendermonde),2020-06-11,0,156
Hamme (Dendermonde),2020-06-12,0,156
Hamme (Dendermonde),2020-06-13,8,164
Hamme (Dendermonde),2020-06-14,1,165
Hamme (Dendermonde),2020-06-15,1,166
Hamme (Dendermonde),2020-06-16,1,167
Hamme (Dendermonde),2020-06-17,1,168
Hamme (Dendermonde),2020-06-18,0,168
Hamme (Dendermonde),2020-06-19,1,169
Hamme (Dendermonde),2020-06-20,0,169
Hamme (Dendermonde),2020-06-23,1,170
Hamme (Dendermonde),2020-06-24,0,170
Hamme (Dendermonde),2020-06-25,0,170
Hamme (Dendermonde),2020-06-26,0,170
Hamme (Dendermonde),2020-06-27,0,170
Hamme (Dendermonde),2020-06-30,0,170
Hamme (Dendermonde),2020-07-01,0,170
Hamme (Dendermonde),2020-07-02,0,170
Hamme (Dendermonde),2020-07-03,0,170
Hamme (Dendermonde),2020-07-04,0,170
Hamme (Dendermonde),2020-07-07,0,170
Hamme (Dendermonde),2020-07-08,0,170
Hamme (Dendermonde),2020-07-09,0,170
Hamme (Dendermonde),2020-07-10,2,172
Hamme (Dendermonde),2020-07-11,0,172
Hamme (Dendermonde),2020-07-14,1,173
Hamme (Dendermonde),2020-07-15,1,174
Hamme (Dendermonde),2020-07-16,0,174
Hamme (Dendermonde),2020-07-17,0,174
Hamme (Dendermonde),2020-07-18,0,174
Hamme (Dendermonde),2020-07-20,0,174
Hamme (Dendermonde),2020-07-21,0,174
Hamme (Dendermonde),2020-07-22,0,174
Hamme (Dendermonde),2020-07-23,0,174
Hamme (Dendermonde),2020-07-24,0,174
Hamme (Dendermonde),2020-07-25,1,175
Hamme (Dendermonde),2020-07-26,0,175
Hamme (Dendermonde),2020-07-27,0,175
Hamme (Dendermonde),2020-07-28,0,175
Hamme (Dendermonde),2020-07-29,0,175
Hamme (Dendermonde),2020-07-30,0,175
Hamme (Dendermonde),2020-07-31,0,175
Laarne,2020-04-01,2,13
Laarne,2020-04-02,0,13
Laarne,2020-04-03,2,15
Laarne,2020-04-04,1,16
Laarne,2020-04-05,0,16
Laarne,2020-04-06,1,17
Laarne,2020-04-07,0,17
Laarne,2020-04-08,1,18
Laarne,2020-04-09,1,19
Laarne,2020-04-10,1,20
Laarne,2020-04-11,0,20
Laarne,2020-04-12,3,23
Laarne,2020-04-13,1,24
Laarne,2020-04-14,0,24
Laarne,2020-04-15,1,25
Laarne,2020-04-16,0,25
Laarne,2020-04-17,1,26
Laarne,2020-04-18,0,26
Laarne,2020-04-19,1,27
Laarne,2020-04-20,1,28
Laarne,2020-04-21,1,29
Laarne,2020-04-22,0,29
Laarne,2020-04-23,0,29
Laarne,2020-04-24,0,29
Laarne,2020-04-25,0,29
Laarne,2020-04-26,0,29
Laarne,2020-04-27,0,29
Laarne,2020-04-28,0,29
Laarne,2020-04-29,0,29
Laarne,2020-04-30,0,29
Laarne,2020-05-01,0,29
Laarne,2020-05-02,0,29
Laarne,2020-05-03,1,30
Laarne,2020-05-04,0,30
Laarne,2020-05-05,0,30
Laarne,2020-05-06,1,31
Laarne,2020-05-07,0,31
Laarne,2020-05-08,0,31
Laarne,2020-05-09,0,31
Laarne,2020-05-10,0,31
Laarne,2020-05-11,0,31
Laarne,2020-05-12,0,31
Laarne,2020-05-13,0,31
Laarne,2020-05-14,0,31
Laarne,2020-05-15,0,31
Laarne,2020-05-16,0,31
Laarne,2020-05-17,0,31
Laarne,2020-05-18,0,31
Laarne,2020-05-19,0,31
Laarne,2020-05-20,0,31
Laarne,2020-05-21,0,31
Laarne,2020-05-22,0,31
Laarne,2020-05-23,0,31
Laarne,2020-05-24,0,31
Laarne,2020-05-25,0,31
Laarne,2020-05-26,0,31
Laarne,2020-05-27,0,31
Laarne,2020-05-28,0,31
Laarne,2020-05-29,0,31
Laarne,2020-05-30,0,31
Laarne,2020-05-31,0,31
Laarne,2020-06-01,0,31
Laarne,2020-06-02,0,31
Laarne,2020-06-03,0,31
Laarne,2020-06-04,0,31
Laarne,2020-06-05,0,31
Laarne,2020-06-06,0,31
Laarne,2020-06-07,0,31
Laarne,2020-06-08,0,31
Laarne,2020-06-09,0,31
Laarne,2020-06-10,0,31
Laarne,2020-06-11,0,31
Laarne,2020-06-12,0,31
Laarne,2020-06-13,0,31
Laarne,2020-06-14,0,31
Laarne,2020-06-15,0,31
Laarne,2020-06-16,0,31
Laarne,2020-06-17,0,31
Laarne,2020-06-18,0,31
Laarne,2020-06-19,0,31
Laarne,2020-06-20,0,31
Laarne,2020-06-23,0,31
Laarne,2020-06-24,0,31
Laarne,2020-06-25,0,31
Laarne,2020-06-26,0,31
Laarne,2020-06-27,0,31
Laarne,2020-06-30,0,31
Laarne,2020-07-01,0,31
Laarne,2020-07-02,0,31
Laarne,2020-07-03,0,31
Laarne,2020-07-04,0,31
Laarne,2020-07-07,0,31
Laarne,2020-07-08,0,31
Laarne,2020-07-09,0,31
Laarne,2020-07-10,0,31
Laarne,2020-07-11,0,31
Laarne,2020-07-14,0,31
Laarne,2020-07-15,0,31
Laarne,2020-07-16,0,31
Laarne,2020-07-17,0,31
Laarne,2020-07-18,0,31
Laarne,2020-07-20,0,31
Laarne,2020-07-21,0,31
Laarne,2020-07-22,0,31
Laarne,2020-07-23,0,31
Laarne,2020-07-24,0,31
Laarne,2020-07-25,0,31
Laarne,2020-07-26,0,31
Laarne,2020-07-27,0,31
Laarne,2020-07-28,0,31
Laarne,2020-07-29,0,31
Laarne,2020-07-30,0,31
Laarne,2020-07-31,0,31
Lebbeke,2020-04-01,0,19
Lebbeke,2020-04-02,4,23
Lebbeke,2020-04-03,1,24
Lebbeke,2020-04-04,5,29
Lebbeke,2020-04-05,3,32
Lebbeke,2020-04-06,2,34
Lebbeke,2020-04-07,0,34
Lebbeke,2020-04-08,1,35
Lebbeke,2020-04-09,2,37
Lebbeke,2020-04-10,2,39
Lebbeke,2020-04-11,0,39
Lebbeke,2020-04-12,7,46
Lebbeke,2020-04-13,1,47
Lebbeke,2020-04-14,0,47
Lebbeke,2020-04-15,2,49
Lebbeke,2020-04-16,1,50
Lebbeke,2020-04-17,6,56
Lebbeke,2020-04-18,0,56
Lebbeke,2020-04-19,5,61
Lebbeke,2020-04-20,6,67
Lebbeke,2020-04-21,0,67
Lebbeke,2020-04-22,2,69
Lebbeke,2020-04-23,3,72
Lebbeke,2020-04-24,3,75
Lebbeke,2020-04-25,0,75
Lebbeke,2020-04-26,1,76
Lebbeke,2020-04-27,1,77
Lebbeke,2020-04-28,0,77
Lebbeke,2020-04-29,0,77
Lebbeke,2020-04-30,0,77
Lebbeke,2020-05-01,0,77
Lebbeke,2020-05-02,0,77
Lebbeke,2020-05-03,1,78
Lebbeke,2020-05-04,0,78
Lebbeke,2020-05-05,1,79
Lebbeke,2020-05-06,1,80
Lebbeke,2020-05-07,1,81
Lebbeke,2020-05-08,1,82
Lebbeke,2020-05-09,2,84
Lebbeke,2020-05-10,1,85
Lebbeke,2020-05-11,0,85
Lebbeke,2020-05-12,1,86
Lebbeke,2020-05-13,-1,85
Lebbeke,2020-05-14,0,85
Lebbeke,2020-05-15,2,87
Lebbeke,2020-05-16,0,87
Lebbeke,2020-05-17,0,87
Lebbeke,2020-05-18,0,87
Lebbeke,2020-05-19,0,87
Lebbeke,2020-05-20,0,87
Lebbeke,2020-05-21,1,88
Lebbeke,2020-05-22,0,88
Lebbeke,2020-05-23,0,88
Lebbeke,2020-05-24,0,88
Lebbeke,2020-05-25,0,88
Lebbeke,2020-05-26,0,88
Lebbeke,2020-05-27,0,88
Lebbeke,2020-05-28,0,88
Lebbeke,2020-05-29,0,88
Lebbeke,2020-05-30,0,88
Lebbeke,2020-05-31,0,88
Lebbeke,2020-06-01,0,88
Lebbeke,2020-06-02,0,88
Lebbeke,2020-06-03,1,89
Lebbeke,2020-06-04,0,89
Lebbeke,2020-06-05,0,89
Lebbeke,2020-06-06,0,89
Lebbeke,2020-06-07,0,89
Lebbeke,2020-06-08,0,89
Lebbeke,2020-06-09,1,90
Lebbeke,2020-06-10,0,90
Lebbeke,2020-06-11,0,90
Lebbeke,2020-06-12,0,90
Lebbeke,2020-06-13,0,90
Lebbeke,2020-06-14,0,90
Lebbeke,2020-06-15,0,90
Lebbeke,2020-06-16,0,90
Lebbeke,2020-06-17,0,90
Lebbeke,2020-06-18,0,90
Lebbeke,2020-06-19,0,90
Lebbeke,2020-06-20,0,90
Lebbeke,2020-06-23,0,90
Lebbeke,2020-06-24,0,90
Lebbeke,2020-06-25,0,90
Lebbeke,2020-06-26,0,90
Lebbeke,2020-06-27,0,90
Lebbeke,2020-06-30,0,90
Lebbeke,2020-07-01,0,90
Lebbeke,2020-07-02,0,90
Lebbeke,2020-07-03,0,90
Lebbeke,2020-07-04,0,90
Lebbeke,2020-07-07,1,91
Lebbeke,2020-07-08,0,91
Lebbeke,2020-07-09,0,91
Lebbeke,2020-07-10,1,92
Lebbeke,2020-07-11,0,92
Lebbeke,2020-07-14,0,92
Lebbeke,2020-07-15,0,92
Lebbeke,2020-07-16,0,92
Lebbeke,2020-07-17,0,92
Lebbeke,2020-07-18,0,92
Lebbeke,2020-07-20,0,92
Lebbeke,2020-07-21,0,92
Lebbeke,2020-07-22,0,92
Lebbeke,2020-07-23,0,92
Lebbeke,2020-07-24,0,92
Lebbeke,2020-07-25,1,93
Lebbeke,2020-07-26,4,97
Lebbeke,2020-07-27,1,98
Lebbeke,2020-07-28,0,98
Lebbeke,2020-07-29,0,98
Lebbeke,2020-07-30,1,99
Lebbeke,2020-07-31,0,99
Waasmunster,2020-04-01,2,18
Waasmunster,2020-04-02,1,19
Waasmunster,2020-04-03,1,20
Waasmunster,2020-04-04,1,21
Waasmunster,2020-04-05,1,22
Waasmunster,2020-04-06,0,22
Waasmunster,2020-04-07,0,22
Waasmunster,2020-04-08,0,22
Waasmunster,2020-04-09,0,22
Waasmunster,2020-04-10,2,24
Waasmunster,2020-04-11,2,26
Waasmunster,2020-04-12,4,30
Waasmunster,2020-04-13,0,30
Waasmunster,2020-04-14,0,30
Waasmunster,2020-04-15,1,31
Waasmunster,2020-04-16,3,34
Waasmunster,2020-04-17,1,35
Waasmunster,2020-04-18,0,35
Waasmunster,2020-04-19,0,35
Waasmunster,2020-04-20,0,35
Waasmunster,2020-04-21,1,36
Waasmunster,2020-04-22,4,40
Waasmunster,2020-04-23,1,41
Waasmunster,2020-04-24,3,44
Waasmunster,2020-04-25,1,45
Waasmunster,2020-04-26,0,45
Waasmunster,2020-04-27,0,45
Waasmunster,2020-04-28,0,45
Waasmunster,2020-04-29,0,45
Waasmunster,2020-04-30,7,52
Waasmunster,2020-05-01,1,53
Waasmunster,2020-05-02,0,53
Waasmunster,2020-05-03,0,53
Waasmunster,2020-05-04,0,53
Waasmunster,2020-05-05,1,54
Waasmunster,2020-05-06,1,55
Waasmunster,2020-05-07,0,55
Waasmunster,2020-05-08,1,56
Waasmunster,2020-05-09,0,56
Waasmunster,2020-05-10,1,57
Waasmunster,2020-05-11,0,57
Waasmunster,2020-05-12,0,57
Waasmunster,2020-05-13,0,57
Waasmunster,2020-05-14,0,57
Waasmunster,2020-05-15,0,57
Waasmunster,2020-05-16,0,57
Waasmunster,2020-05-17,0,57
Waasmunster,2020-05-18,0,57
Waasmunster,2020-05-19,0,57
Waasmunster,2020-05-20,0,57
Waasmunster,2020-05-21,1,58
Waasmunster,2020-05-22,0,58
Waasmunster,2020-05-23,2,60
Waasmunster,2020-05-24,1,61
Waasmunster,2020-05-25,0,61
Waasmunster,2020-05-26,0,61
Waasmunster,2020-05-27,0,61
Waasmunster,2020-05-28,1,62
Waasmunster,2020-05-29,0,62
Waasmunster,2020-05-30,0,62
Waasmunster,2020-05-31,0,62
Waasmunster,2020-06-01,1,63
Waasmunster,2020-06-02,0,63
Waasmunster,2020-06-03,0,63
Waasmunster,2020-06-04,0,63
Waasmunster,2020-06-05,0,63
Waasmunster,2020-06-06,0,63
Waasmunster,2020-06-07,1,64
Waasmunster,2020-06-08,0,64
Waasmunster,2020-06-09,0,64
Waasmunster,2020-06-10,0,64
Waasmunster,2020-06-11,0,64
Waasmunster,2020-06-12,0,64
Waasmunster,2020-06-13,0,64
Waasmunster,2020-06-14,0,64
Waasmunster,2020-06-15,0,64
Waasmunster,2020-06-16,0,64
Waasmunster,2020-06-17,0,64
Waasmunster,2020-06-18,0,64
Waasmunster,2020-06-19,0,64
Waasmunster,2020-06-20,0,64
Waasmunster,2020-06-23,0,64
Waasmunster,2020-06-24,0,64
Waasmunster,2020-06-25,0,64
Waasmunster,2020-06-26,0,64
Waasmunster,2020-06-27,0,64
Waasmunster,2020-06-30,0,64
Waasmunster,2020-07-01,0,64
Waasmunster,2020-07-02,0,64
Waasmunster,2020-07-03,0,64
Waasmunster,2020-07-04,0,64
Waasmunster,2020-07-07,0,64
Waasmunster,2020-07-08,0,64
Waasmunster,2020-07-09,0,64
Waasmunster,2020-07-10,0,64
Waasmunster,2020-07-11,0,64
Waasmunster,2020-07-14,0,64
Waasmunster,2020-07-15,0,64
Waasmunster,2020-07-16,0,64
Waasmunster,2020-07-17,0,64
Waasmunster,2020-07-18,0,64
Waasmunster,2020-07-20,0,64
Waasmunster,2020-07-21,0,64
Waasmunster,2020-07-22,0,64
Waasmunster,2020-07-23,0,64
Waasmunster,2020-07-24,0,64
Waasmunster,2020-07-25,0,64
Waasmunster,2020-07-26,1,65
Waasmunster,2020-07-27,0,65
Waasmunster,2020-07-28,0,65
Waasmunster,2020-07-29,0,65
Waasmunster,2020-07-30,0,65
Waasmunster,2020-07-31,0,65
Wetteren,2020-04-01,2,48
Wetteren,2020-04-02,4,52
Wetteren,2020-04-03,8,60
Wetteren,2020-04-04,2,62
Wetteren,2020-04-05,6,68
Wetteren,2020-04-06,1,69
Wetteren,2020-04-07,9,78
Wetteren,2020-04-08,6,84
Wetteren,2020-04-09,3,87
Wetteren,2020-04-10,3,90
Wetteren,2020-04-11,0,90
Wetteren,2020-04-12,4,94
Wetteren,2020-04-13,0,94
Wetteren,2020-04-14,0,94
Wetteren,2020-04-15,20,114
Wetteren,2020-04-16,2,116
Wetteren,2020-04-17,4,120
Wetteren,2020-04-18,0,120
Wetteren,2020-04-19,2,122
Wetteren,2020-04-20,1,123
Wetteren,2020-04-21,4,127
Wetteren,2020-04-22,0,127
Wetteren,2020-04-23,0,127
Wetteren,2020-04-24,0,127
Wetteren,2020-04-25,0,127
Wetteren,2020-04-26,1,128
Wetteren,2020-04-27,2,130
Wetteren,2020-04-28,0,130
Wetteren,2020-04-29,0,130
Wetteren,2020-04-30,0,130
Wetteren,2020-05-01,1,131
Wetteren,2020-05-02,0,131
Wetteren,2020-05-03,0,131
Wetteren,2020-05-04,1,132
Wetteren,2020-05-05,0,132
Wetteren,2020-05-06,0,132
Wetteren,2020-05-07,0,132
Wetteren,2020-05-08,1,133
Wetteren,2020-05-09,0,133
Wetteren,2020-05-10,0,133
Wetteren,2020-05-11,0,133
Wetteren,2020-05-12,0,133
Wetteren,2020-05-13,0,133
Wetteren,2020-05-14,0,133
Wetteren,2020-05-15,0,133
Wetteren,2020-05-16,0,133
Wetteren,2020-05-17,0,133
Wetteren,2020-05-18,0,133
Wetteren,2020-05-19,0,133
Wetteren,2020-05-20,0,133
Wetteren,2020-05-21,0,133
Wetteren,2020-05-22,0,133
Wetteren,2020-05-23,1,134
Wetteren,2020-05-24,0,134
Wetteren,2020-05-25,0,134
Wetteren,2020-05-26,0,134
Wetteren,2020-05-27,1,135
Wetteren,2020-05-28,0,135
Wetteren,2020-05-29,0,135
Wetteren,2020-05-30,1,136
Wetteren,2020-05-31,1,137
Wetteren,2020-06-01,0,137
Wetteren,2020-06-02,0,137
Wetteren,2020-06-03,0,137
Wetteren,2020-06-04,0,137
Wetteren,2020-06-05,0,137
Wetteren,2020-06-06,1,138
Wetteren,2020-06-07,0,138
Wetteren,2020-06-08,1,139
Wetteren,2020-06-09,0,139
Wetteren,2020-06-10,0,139
Wetteren,2020-06-11,0,139
Wetteren,2020-06-12,0,139
Wetteren,2020-06-13,0,139
Wetteren,2020-06-14,0,139
Wetteren,2020-06-15,0,139
Wetteren,2020-06-16,0,139
Wetteren,2020-06-17,0,139
Wetteren,2020-06-18,0,139
Wetteren,2020-06-19,0,139
Wetteren,2020-06-20,0,139
Wetteren,2020-06-23,0,139
Wetteren,2020-06-24,0,139
Wetteren,2020-06-25,0,139
Wetteren,2020-06-26,0,139
Wetteren,2020-06-27,0,139
Wetteren,2020-06-30,0,139
Wetteren,2020-07-01,0,139
Wetteren,2020-07-02,0,139
Wetteren,2020-07-03,0,139
Wetteren,2020-07-04,0,139
Wetteren,2020-07-07,1,140
Wetteren,2020-07-08,0,140
Wetteren,2020-07-09,0,140
Wetteren,2020-07-10,0,140
Wetteren,2020-07-11,0,140
Wetteren,2020-07-14,0,140
Wetteren,2020-07-15,0,140
Wetteren,2020-07-16,0,140
Wetteren,2020-07-17,0,140
Wetteren,2020-07-18,0,140
Wetteren,2020-07-20,0,140
Wetteren,2020-07-21,0,140
Wetteren,2020-07-22,1,141
Wetteren,2020-07-23,0,141
Wetteren,2020-07-24,0,141
Wetteren,2020-07-25,1,142
Wetteren,2020-07-26,0,142
Wetteren,2020-07-27,0,142
Wetteren,2020-07-28,1,143
Wetteren,2020-07-29,0,143
Wetteren,2020-07-30,1,144
Wetteren,2020-07-31,1,145
Wichelen,2020-04-01,6,47
Wichelen,2020-04-02,5,52
Wichelen,2020-04-03,4,56
Wichelen,2020-04-04,3,59
Wichelen,2020-04-05,0,59
Wichelen,2020-04-06,3,62
Wichelen,2020-04-07,2,64
Wichelen,2020-04-08,1,65
Wichelen,2020-04-09,5,70
Wichelen,2020-04-10,2,72
Wichelen,2020-04-11,1,73
Wichelen,2020-04-12,1,74
Wichelen,2020-04-13,1,75
Wichelen,2020-04-14,0,75
Wichelen,2020-04-15,5,80
Wichelen,2020-04-16,7,87
Wichelen,2020-04-17,1,88
Wichelen,2020-04-18,1,89
Wichelen,2020-04-19,1,90
Wichelen,2020-04-20,0,90
Wichelen,2020-04-21,0,90
Wichelen,2020-04-22,0,90
Wichelen,2020-04-23,1,91
Wichelen,2020-04-24,1,92
Wichelen,2020-04-25,1,93
Wichelen,2020-04-26,0,93
Wichelen,2020-04-27,2,95
Wichelen,2020-04-28,0,95
Wichelen,2020-04-29,1,96
Wichelen,2020-04-30,1,97
Wichelen,2020-05-01,0,97
Wichelen,2020-05-02,0,97
Wichelen,2020-05-03,0,97
Wichelen,2020-05-04,0,97
Wichelen,2020-05-05,0,97
Wichelen,2020-05-06,0,97
Wichelen,2020-05-07,0,97
Wichelen,2020-05-08,0,97
Wichelen,2020-05-09,0,97
Wichelen,2020-05-10,0,97
Wichelen,2020-05-11,0,97
Wichelen,2020-05-12,0,97
Wichelen,2020-05-13,0,97
Wichelen,2020-05-14,0,97
Wichelen,2020-05-15,0,97
Wichelen,2020-05-16,0,97
Wichelen,2020-05-17,0,97
Wichelen,2020-05-18,0,97
Wichelen,2020-05-19,0,97
Wichelen,2020-05-20,0,97
Wichelen,2020-05-21,1,98
Wichelen,2020-05-22,0,98
Wichelen,2020-05-23,0,98
Wichelen,2020-05-24,1,99
Wichelen,2020-05-25,0,99
Wichelen,2020-05-26,0,99
Wichelen,2020-05-27,0,99
Wichelen,2020-05-28,1,100
Wichelen,2020-05-29,0,100
Wichelen,2020-05-30,0,100
Wichelen,2020-05-31,0,100
Wichelen,2020-06-01,0,100
Wichelen,2020-06-02,0,100
Wichelen,2020-06-03,0,100
Wichelen,2020-06-04,0,100
Wichelen,2020-06-05,0,100
Wichelen,2020-06-06,0,100
Wichelen,2020-06-07,0,100
Wichelen,2020-06-08,0,100
Wichelen,2020-06-09,0,100
Wichelen,2020-06-10,0,100
Wichelen,2020-06-11,0,100
Wichelen,2020-06-12,0,100
Wichelen,2020-06-13,0,100
Wichelen,2020-06-14,0,100
Wichelen,2020-06-15,0,100
Wichelen,2020-06-16,0,100
Wichelen,2020-06-17,0,100
Wichelen,2020-06-18,0,100
Wichelen,2020-06-19,0,100
Wichelen,2020-06-20,0,100
Wichelen,2020-06-23,0,100
Wichelen,2020-06-24,0,100
Wichelen,2020-06-25,0,100
Wichelen,2020-06-26,0,100
Wichelen,2020-06-27,0,100
Wichelen,2020-06-30,0,100
Wichelen,2020-07-01,0,100
Wichelen,2020-07-02,0,100
Wichelen,2020-07-03,0,100
Wichelen,2020-07-04,0,100
Wichelen,2020-07-07,0,100
Wichelen,2020-07-08,0,100
Wichelen,2020-07-09,0,100
Wichelen,2020-07-10,1,101
Wichelen,2020-07-11,0,101
Wichelen,2020-07-14,0,101
Wichelen,2020-07-15,0,101
Wichelen,2020-07-16,0,101
Wichelen,2020-07-17,0,101
Wichelen,2020-07-18,0,101
Wichelen,2020-07-20,0,101
Wichelen,2020-07-21,0,101
Wichelen,2020-07-22,0,101
Wichelen,2020-07-23,2,103
Wichelen,2020-07-24,0,103
Wichelen,2020-07-25,0,103
Wichelen,2020-07-26,0,103
Wichelen,2020-07-27,0,103
Wichelen,2020-07-28,0,103
Wichelen,2020-07-29,0,103
Wichelen,2020-07-30,0,103
Wichelen,2020-07-31,0,103
Zele,2020-04-01,0,11
Zele,2020-04-02,2,13
Zele,2020-04-03,2,15
Zele,2020-04-04,3,18
Zele,2020-04-05,3,21
Zele,2020-04-06,6,27
Zele,2020-04-07,2,29
Zele,2020-04-08,2,31
Zele,2020-04-09,6,37
Zele,2020-04-10,3,40
Zele,2020-04-11,16,56
Zele,2020-04-12,4,60
Zele,2020-04-13,2,62
Zele,2020-04-14,0,62
Zele,2020-04-15,2,64
Zele,2020-04-16,2,66
Zele,2020-04-17,0,66
Zele,2020-04-18,1,67
Zele,2020-04-19,1,68
Zele,2020-04-20,3,71
Zele,2020-04-21,0,71
Zele,2020-04-22,1,72
Zele,2020-04-23,3,75
Zele,2020-04-24,1,76
Zele,2020-04-25,0,76
Zele,2020-04-26,3,79
Zele,2020-04-27,6,85
Zele,2020-04-28,0,85
Zele,2020-04-29,1,86
Zele,2020-04-30,4,90
Zele,2020-05-01,0,90
Zele,2020-05-02,4,94
Zele,2020-05-03,1,95
Zele,2020-05-04,0,95
Zele,2020-05-05,0,95
Zele,2020-05-06,1,96
Zele,2020-05-07,0,96
Zele,2020-05-08,2,98
Zele,2020-05-09,4,102
Zele,2020-05-10,0,102
Zele,2020-05-11,0,102
Zele,2020-05-12,0,102
Zele,2020-05-13,0,102
Zele,2020-05-14,4,106
Zele,2020-05-15,0,106
Zele,2020-05-16,3,109
Zele,2020-05-17,3,112
Zele,2020-05-18,1,113
Zele,2020-05-19,1,114
Zele,2020-05-20,1,115
Zele,2020-05-21,0,115
Zele,2020-05-22,2,117
Zele,2020-05-23,5,122
Zele,2020-05-24,0,122
Zele,2020-05-25,0,122
Zele,2020-05-26,0,122
Zele,2020-05-27,0,122
Zele,2020-05-28,0,122
Zele,2020-05-29,0,122
Zele,2020-05-30,1,123
Zele,2020-05-31,1,124
Zele,2020-06-01,1,125
Zele,2020-06-02,0,125
Zele,2020-06-03,1,126
Zele,2020-06-04,0,126
Zele,2020-06-05,1,127
Zele,2020-06-06,0,127
Zele,2020-06-07,0,127
Zele,2020-06-08,1,128
Zele,2020-06-09,0,128
Zele,2020-06-10,0,128
Zele,2020-06-11,0,128
Zele,2020-06-12,0,128
Zele,2020-06-13,0,128
Zele,2020-06-14,0,128
Zele,2020-06-15,1,129
Zele,2020-06-16,0,129
Zele,2020-06-17,0,129
Zele,2020-06-18,0,129
Zele,2020-06-19,0,129
Zele,2020-06-20,0,129
Zele,2020-06-23,0,129
Zele,2020-06-24,0,129
Zele,2020-06-25,0,129
Zele,2020-06-26,0,129
Zele,2020-06-27,0,129
Zele,2020-06-30,1,130
Zele,2020-07-01,0,130
Zele,2020-07-02,0,130
Zele,2020-07-03,0,130
Zele,2020-07-04,1,131
Zele,2020-07-07,0,131
Zele,2020-07-08,0,131
Zele,2020-07-09,0,131
Zele,2020-07-10,1,132
Zele,2020-07-11,0,132
Zele,2020-07-14,0,132
Zele,2020-07-15,0,132
Zele,2020-07-16,0,132
Zele,2020-07-17,0,132
Zele,2020-07-18,0,132
Zele,2020-07-20,0,132
Zele,2020-07-21,0,132
Zele,2020-07-22,0,132
Zele,2020-07-23,1,133
Zele,2020-07-24,0,133
Zele,2020-07-25,0,133
Zele,2020-07-26,0,133
Zele,2020-07-27,1,134
Zele,2020-07-28,0,134
Zele,2020-07-29,0,134
Zele,2020-07-30,1,135
Zele,2020-07-31,3,138
Assenede,2020-04-01,0,9
Assenede,2020-04-02,7,16
Assenede,2020-04-03,7,23
Assenede,2020-04-04,0,23
Assenede,2020-04-05,0,23
Assenede,2020-04-06,0,23
Assenede,2020-04-07,2,25
Assenede,2020-04-08,2,27
Assenede,2020-04-09,5,32
Assenede,2020-04-10,3,35
Assenede,2020-04-11,4,39
Assenede,2020-04-12,4,43
Assenede,2020-04-13,2,45
Assenede,2020-04-14,3,48
Assenede,2020-04-15,2,50
Assenede,2020-04-16,0,50
Assenede,2020-04-17,2,52
Assenede,2020-04-18,2,54
Assenede,2020-04-19,11,65
Assenede,2020-04-20,6,71
Assenede,2020-04-21,0,71
Assenede,2020-04-22,0,71
Assenede,2020-04-23,1,72
Assenede,2020-04-24,2,74
Assenede,2020-04-25,2,76
Assenede,2020-04-26,0,76
Assenede,2020-04-27,0,76
Assenede,2020-04-28,0,76
Assenede,2020-04-29,0,76
Assenede,2020-04-30,1,77
Assenede,2020-05-01,0,77
Assenede,2020-05-02,0,77
Assenede,2020-05-03,0,77
Assenede,2020-05-04,0,77
Assenede,2020-05-05,0,77
Assenede,2020-05-06,0,77
Assenede,2020-05-07,0,77
Assenede,2020-05-08,2,79
Assenede,2020-05-09,2,81
Assenede,2020-05-10,1,82
Assenede,2020-05-11,0,82
Assenede,2020-05-12,0,82
Assenede,2020-05-13,0,82
Assenede,2020-05-14,0,82
Assenede,2020-05-15,0,82
Assenede,2020-05-16,0,82
Assenede,2020-05-17,0,82
Assenede,2020-05-18,0,82
Assenede,2020-05-19,0,82
Assenede,2020-05-20,0,82
Assenede,2020-05-21,0,82
Assenede,2020-05-22,0,82
Assenede,2020-05-23,0,82
Assenede,2020-05-24,0,82
Assenede,2020-05-25,0,82
Assenede,2020-05-26,0,82
Assenede,2020-05-27,0,82
Assenede,2020-05-28,0,82
Assenede,2020-05-29,1,83
Assenede,2020-05-30,1,84
Assenede,2020-05-31,1,85
Assenede,2020-06-01,0,85
Assenede,2020-06-02,0,85
Assenede,2020-06-03,0,85
Assenede,2020-06-04,0,85
Assenede,2020-06-05,1,86
Assenede,2020-06-06,1,87
Assenede,2020-06-07,0,87
Assenede,2020-06-08,0,87
Assenede,2020-06-09,0,87
Assenede,2020-06-10,0,87
Assenede,2020-06-11,0,87
Assenede,2020-06-12,0,87
Assenede,2020-06-13,0,87
Assenede,2020-06-14,0,87
Assenede,2020-06-15,0,87
Assenede,2020-06-16,0,87
Assenede,2020-06-17,0,87
Assenede,2020-06-18,0,87
Assenede,2020-06-19,0,87
Assenede,2020-06-20,0,87
Assenede,2020-06-23,0,87
Assenede,2020-06-24,0,87
Assenede,2020-06-25,0,87
Assenede,2020-06-26,0,87
Assenede,2020-06-27,0,87
Assenede,2020-06-30,0,87
Assenede,2020-07-01,0,87
Assenede,2020-07-02,0,87
Assenede,2020-07-03,0,87
Assenede,2020-07-04,0,87
Assenede,2020-07-07,0,87
Assenede,2020-07-08,0,87
Assenede,2020-07-09,0,87
Assenede,2020-07-10,0,87
Assenede,2020-07-11,0,87
Assenede,2020-07-14,0,87
Assenede,2020-07-15,0,87
Assenede,2020-07-16,0,87
Assenede,2020-07-17,0,87
Assenede,2020-07-18,0,87
Assenede,2020-07-20,0,87
Assenede,2020-07-21,0,87
Assenede,2020-07-22,0,87
Assenede,2020-07-23,2,89
Assenede,2020-07-24,0,89
Assenede,2020-07-25,0,89
Assenede,2020-07-26,0,89
Assenede,2020-07-27,0,89
Assenede,2020-07-28,1,90
Assenede,2020-07-29,1,91
Assenede,2020-07-30,1,92
Assenede,2020-07-31,0,92
Eeklo,2020-04-01,0,15
Eeklo,2020-04-02,1,16
Eeklo,2020-04-03,1,17
Eeklo,2020-04-04,3,20
Eeklo,2020-04-05,3,23
Eeklo,2020-04-06,2,25
Eeklo,2020-04-07,1,26
Eeklo,2020-04-08,0,26
Eeklo,2020-04-09,2,28
Eeklo,2020-04-10,3,31
Eeklo,2020-04-11,1,32
Eeklo,2020-04-12,0,32
Eeklo,2020-04-13,3,35
Eeklo,2020-04-14,3,38
Eeklo,2020-04-15,3,41
Eeklo,2020-04-16,0,41
Eeklo,2020-04-17,1,42
Eeklo,2020-04-18,1,43
Eeklo,2020-04-19,0,43
Eeklo,2020-04-20,1,44
Eeklo,2020-04-21,0,44
Eeklo,2020-04-22,0,44
Eeklo,2020-04-23,0,44
Eeklo,2020-04-24,0,44
Eeklo,2020-04-25,1,45
Eeklo,2020-04-26,0,45
Eeklo,2020-04-27,0,45
Eeklo,2020-04-28,0,45
Eeklo,2020-04-29,0,45
Eeklo,2020-04-30,0,45
Eeklo,2020-05-01,0,45
Eeklo,2020-05-02,0,45
Eeklo,2020-05-03,1,46
Eeklo,2020-05-04,1,47
Eeklo,2020-05-05,0,47
Eeklo,2020-05-06,0,47
Eeklo,2020-05-07,1,48
Eeklo,2020-05-08,1,49
Eeklo,2020-05-09,5,54
Eeklo,2020-05-10,2,56
Eeklo,2020-05-11,1,57
Eeklo,2020-05-12,3,60
Eeklo,2020-05-13,0,60
Eeklo,2020-05-14,9,69
Eeklo,2020-05-15,4,73
Eeklo,2020-05-16,0,73
Eeklo,2020-05-17,0,73
Eeklo,2020-05-18,0,73
Eeklo,2020-05-19,0,73
Eeklo,2020-05-20,2,75
Eeklo,2020-05-21,2,77
Eeklo,2020-05-22,2,79
Eeklo,2020-05-23,0,79
Eeklo,2020-05-24,0,79
Eeklo,2020-05-25,1,80
Eeklo,2020-05-26,0,80
Eeklo,2020-05-27,0,80
Eeklo,2020-05-28,0,80
Eeklo,2020-05-29,0,80
Eeklo,2020-05-30,0,80
Eeklo,2020-05-31,1,81
Eeklo,2020-06-01,0,81
Eeklo,2020-06-02,0,81
Eeklo,2020-06-03,1,82
Eeklo,2020-06-04,0,82
Eeklo,2020-06-05,0,82
Eeklo,2020-06-06,0,82
Eeklo,2020-06-07,0,82
Eeklo,2020-06-08,0,82
Eeklo,2020-06-09,0,82
Eeklo,2020-06-10,0,82
Eeklo,2020-06-11,0,82
Eeklo,2020-06-12,0,82
Eeklo,2020-06-13,0,82
Eeklo,2020-06-14,1,83
Eeklo,2020-06-15,0,83
Eeklo,2020-06-16,0,83
Eeklo,2020-06-17,0,83
Eeklo,2020-06-18,0,83
Eeklo,2020-06-19,0,83
Eeklo,2020-06-20,0,83
Eeklo,2020-06-23,0,83
Eeklo,2020-06-24,0,83
Eeklo,2020-06-25,0,83
Eeklo,2020-06-26,0,83
Eeklo,2020-06-27,0,83
Eeklo,2020-06-30,0,83
Eeklo,2020-07-01,0,83
Eeklo,2020-07-02,0,83
Eeklo,2020-07-03,0,83
Eeklo,2020-07-04,0,83
Eeklo,2020-07-07,0,83
Eeklo,2020-07-08,0,83
Eeklo,2020-07-09,0,83
Eeklo,2020-07-10,0,83
Eeklo,2020-07-11,0,83
Eeklo,2020-07-14,0,83
Eeklo,2020-07-15,0,83
Eeklo,2020-07-16,0,83
Eeklo,2020-07-17,0,83
Eeklo,2020-07-18,0,83
Eeklo,2020-07-20,0,83
Eeklo,2020-07-21,0,83
Eeklo,2020-07-22,0,83
Eeklo,2020-07-23,1,84
Eeklo,2020-07-24,0,84
Eeklo,2020-07-25,1,85
Eeklo,2020-07-26,0,85
Eeklo,2020-07-27,0,85
Eeklo,2020-07-28,0,85
Eeklo,2020-07-29,1,86
Eeklo,2020-07-30,0,86
Eeklo,2020-07-31,0,86
Kaprijke,2020-04-01,0,0
Kaprijke,2020-04-02,7,7
Kaprijke,2020-04-03,1,8
Kaprijke,2020-04-04,1,9
Kaprijke,2020-04-05,0,9
Kaprijke,2020-04-06,0,9
Kaprijke,2020-04-07,1,10
Kaprijke,2020-04-08,1,11
Kaprijke,2020-04-09,0,11
Kaprijke,2020-04-10,2,13
Kaprijke,2020-04-11,0,13
Kaprijke,2020-04-12,0,13
Kaprijke,2020-04-13,1,14
Kaprijke,2020-04-14,1,15
Kaprijke,2020-04-15,14,29
Kaprijke,2020-04-16,0,29
Kaprijke,2020-04-17,1,30
Kaprijke,2020-04-18,1,31
Kaprijke,2020-04-19,1,32
Kaprijke,2020-04-20,1,33
Kaprijke,2020-04-21,0,33
Kaprijke,2020-04-22,0,33
Kaprijke,2020-04-23,0,33
Kaprijke,2020-04-24,0,33
Kaprijke,2020-04-25,0,33
Kaprijke,2020-04-26,0,33
Kaprijke,2020-04-27,0,33
Kaprijke,2020-04-28,0,33
Kaprijke,2020-04-29,0,33
Kaprijke,2020-04-30,0,33
Kaprijke,2020-05-01,0,33
Kaprijke,2020-05-02,0,33
Kaprijke,2020-05-03,0,33
Kaprijke,2020-05-04,0,33
Kaprijke,2020-05-05,0,33
Kaprijke,2020-05-06,0,33
Kaprijke,2020-05-07,0,33
Kaprijke,2020-05-08,0,33
Kaprijke,2020-05-09,1,34
Kaprijke,2020-05-10,1,35
Kaprijke,2020-05-11,0,35
Kaprijke,2020-05-12,2,37
Kaprijke,2020-05-13,0,37
Kaprijke,2020-05-14,0,37
Kaprijke,2020-05-15,0,37
Kaprijke,2020-05-16,0,37
Kaprijke,2020-05-17,0,37
Kaprijke,2020-05-18,0,37
Kaprijke,2020-05-19,0,37
Kaprijke,2020-05-20,0,37
Kaprijke,2020-05-21,0,37
Kaprijke,2020-05-22,0,37
Kaprijke,2020-05-23,0,37
Kaprijke,2020-05-24,0,37
Kaprijke,2020-05-25,0,37
Kaprijke,2020-05-26,0,37
Kaprijke,2020-05-27,0,37
Kaprijke,2020-05-28,1,38
Kaprijke,2020-05-29,0,38
Kaprijke,2020-05-30,0,38
Kaprijke,2020-05-31,0,38
Kaprijke,2020-06-01,0,38
Kaprijke,2020-06-02,0,38
Kaprijke,2020-06-03,0,38
Kaprijke,2020-06-04,0,38
Kaprijke,2020-06-05,0,38
Kaprijke,2020-06-06,0,38
Kaprijke,2020-06-07,0,38
Kaprijke,2020-06-08,0,38
Kaprijke,2020-06-09,0,38
Kaprijke,2020-06-10,0,38
Kaprijke,2020-06-11,0,38
Kaprijke,2020-06-12,0,38
Kaprijke,2020-06-13,0,38
Kaprijke,2020-06-14,0,38
Kaprijke,2020-06-15,0,38
Kaprijke,2020-06-16,0,38
Kaprijke,2020-06-17,0,38
Kaprijke,2020-06-18,0,38
Kaprijke,2020-06-19,0,38
Kaprijke,2020-06-20,0,38
Kaprijke,2020-06-23,0,38
Kaprijke,2020-06-24,0,38
Kaprijke,2020-06-25,0,38
Kaprijke,2020-06-26,0,38
Kaprijke,2020-06-27,0,38
Kaprijke,2020-06-30,0,38
Kaprijke,2020-07-01,0,38
Kaprijke,2020-07-02,0,38
Kaprijke,2020-07-03,0,38
Kaprijke,2020-07-04,0,38
Kaprijke,2020-07-07,0,38
Kaprijke,2020-07-08,0,38
Kaprijke,2020-07-09,0,38
Kaprijke,2020-07-10,0,38
Kaprijke,2020-07-11,0,38
Kaprijke,2020-07-14,0,38
Kaprijke,2020-07-15,0,38
Kaprijke,2020-07-16,0,38
Kaprijke,2020-07-17,0,38
Kaprijke,2020-07-18,0,38
Kaprijke,2020-07-20,0,38
Kaprijke,2020-07-21,0,38
Kaprijke,2020-07-22,0,38
Kaprijke,2020-07-23,0,38
Kaprijke,2020-07-24,0,38
Kaprijke,2020-07-25,0,38
Kaprijke,2020-07-26,1,39
Kaprijke,2020-07-27,0,39
Kaprijke,2020-07-28,0,39
Kaprijke,2020-07-29,0,39
Kaprijke,2020-07-30,0,39
Kaprijke,2020-07-31,0,39
Maldegem,2020-04-01,0,11
Maldegem,2020-04-02,3,14
Maldegem,2020-04-03,0,14
Maldegem,2020-04-04,1,15
Maldegem,2020-04-05,2,17
Maldegem,2020-04-06,3,20
Maldegem,2020-04-07,3,23
Maldegem,2020-04-08,0,23
Maldegem,2020-04-09,2,25
Maldegem,2020-04-10,2,27
Maldegem,2020-04-11,1,28
Maldegem,2020-04-12,3,31
Maldegem,2020-04-13,1,32
Maldegem,2020-04-14,0,32
Maldegem,2020-04-15,5,37
Maldegem,2020-04-16,3,40
Maldegem,2020-04-17,0,40
Maldegem,2020-04-18,1,41
Maldegem,2020-04-19,8,49
Maldegem,2020-04-20,1,50
Maldegem,2020-04-21,1,51
Maldegem,2020-04-22,1,52
Maldegem,2020-04-23,0,52
Maldegem,2020-04-24,0,52
Maldegem,2020-04-25,2,54
Maldegem,2020-04-26,2,56
Maldegem,2020-04-27,0,56
Maldegem,2020-04-28,0,56
Maldegem,2020-04-29,0,56
Maldegem,2020-04-30,3,59
Maldegem,2020-05-01,2,61
Maldegem,2020-05-02,0,61
Maldegem,2020-05-03,0,61
Maldegem,2020-05-04,0,61
Maldegem,2020-05-05,0,61
Maldegem,2020-05-06,1,62
Maldegem,2020-05-07,0,62
Maldegem,2020-05-08,0,62
Maldegem,2020-05-09,2,64
Maldegem,2020-05-10,0,64
Maldegem,2020-05-11,1,65
Maldegem,2020-05-12,0,65
Maldegem,2020-05-13,0,65
Maldegem,2020-05-14,1,66
Maldegem,2020-05-15,0,66
Maldegem,2020-05-16,0,66
Maldegem,2020-05-17,0,66
Maldegem,2020-05-18,0,66
Maldegem,2020-05-19,1,67
Maldegem,2020-05-20,1,68
Maldegem,2020-05-21,0,68
Maldegem,2020-05-22,0,68
Maldegem,2020-05-23,0,68
Maldegem,2020-05-24,0,68
Maldegem,2020-05-25,0,68
Maldegem,2020-05-26,0,68
Maldegem,2020-05-27,0,68
Maldegem,2020-05-28,1,69
Maldegem,2020-05-29,0,69
Maldegem,2020-05-30,0,69
Maldegem,2020-05-31,1,70
Maldegem,2020-06-01,0,70
Maldegem,2020-06-02,0,70
Maldegem,2020-06-03,1,71
Maldegem,2020-06-04,0,71
Maldegem,2020-06-05,0,71
Maldegem,2020-06-06,1,72
Maldegem,2020-06-07,0,72
Maldegem,2020-06-08,0,72
Maldegem,2020-06-09,0,72
Maldegem,2020-06-10,0,72
Maldegem,2020-06-11,0,72
Maldegem,2020-06-12,0,72
Maldegem,2020-06-13,0,72
Maldegem,2020-06-14,0,72
Maldegem,2020-06-15,0,72
Maldegem,2020-06-16,0,72
Maldegem,2020-06-17,0,72
Maldegem,2020-06-18,0,72
Maldegem,2020-06-19,0,72
Maldegem,2020-06-20,0,72
Maldegem,2020-06-23,0,72
Maldegem,2020-06-24,0,72
Maldegem,2020-06-25,0,72
Maldegem,2020-06-26,0,72
Maldegem,2020-06-27,0,72
Maldegem,2020-06-30,0,72
Maldegem,2020-07-01,0,72
Maldegem,2020-07-02,0,72
Maldegem,2020-07-03,0,72
Maldegem,2020-07-04,0,72
Maldegem,2020-07-07,1,73
Maldegem,2020-07-08,0,73
Maldegem,2020-07-09,0,73
Maldegem,2020-07-10,0,73
Maldegem,2020-07-11,0,73
Maldegem,2020-07-14,1,74
Maldegem,2020-07-15,0,74
Maldegem,2020-07-16,0,74
Maldegem,2020-07-17,0,74
Maldegem,2020-07-18,0,74
Maldegem,2020-07-20,0,74
Maldegem,2020-07-21,0,74
Maldegem,2020-07-22,2,76
Maldegem,2020-07-23,0,76
Maldegem,2020-07-24,0,76
Maldegem,2020-07-25,0,76
Maldegem,2020-07-26,0,76
Maldegem,2020-07-27,1,77
Maldegem,2020-07-28,0,77
Maldegem,2020-07-29,1,78
Maldegem,2020-07-30,0,78
Maldegem,2020-07-31,0,78
Sint-Laureins,2020-04-01,0,0
Sint-Laureins,2020-04-02,0,0
Sint-Laureins,2020-04-03,0,0
Sint-Laureins,2020-04-04,0,0
Sint-Laureins,2020-04-05,0,0
Sint-Laureins,2020-04-06,0,0
Sint-Laureins,2020-04-07,0,0
Sint-Laureins,2020-04-08,6,6
Sint-Laureins,2020-04-09,0,6
Sint-Laureins,2020-04-10,0,6
Sint-Laureins,2020-04-11,0,6
Sint-Laureins,2020-04-12,0,6
Sint-Laureins,2020-04-13,1,7
Sint-Laureins,2020-04-14,0,7
Sint-Laureins,2020-04-15,0,7
Sint-Laureins,2020-04-16,0,7
Sint-Laureins,2020-04-17,0,7
Sint-Laureins,2020-04-18,0,7
Sint-Laureins,2020-04-19,0,7
Sint-Laureins,2020-04-20,0,7
Sint-Laureins,2020-04-21,0,7
Sint-Laureins,2020-04-22,0,7
Sint-Laureins,2020-04-23,0,7
Sint-Laureins,2020-04-24,0,7
Sint-Laureins,2020-04-25,0,7
Sint-Laureins,2020-04-26,0,7
Sint-Laureins,2020-04-27,0,7
Sint-Laureins,2020-04-28,0,7
Sint-Laureins,2020-04-29,0,7
Sint-Laureins,2020-04-30,0,7
Sint-Laureins,2020-05-01,0,7
Sint-Laureins,2020-05-02,0,7
Sint-Laureins,2020-05-03,0,7
Sint-Laureins,2020-05-04,0,7
Sint-Laureins,2020-05-05,0,7
Sint-Laureins,2020-05-06,0,7
Sint-Laureins,2020-05-07,0,7
Sint-Laureins,2020-05-08,0,7
Sint-Laureins,2020-05-09,0,7
Sint-Laureins,2020-05-10,1,8
Sint-Laureins,2020-05-11,0,8
Sint-Laureins,2020-05-12,0,8
Sint-Laureins,2020-05-13,0,8
Sint-Laureins,2020-05-14,0,8
Sint-Laureins,2020-05-15,1,9
Sint-Laureins,2020-05-16,0,9
Sint-Laureins,2020-05-17,2,11
Sint-Laureins,2020-05-18,2,13
Sint-Laureins,2020-05-19,1,14
Sint-Laureins,2020-05-20,0,14
Sint-Laureins,2020-05-21,0,14
Sint-Laureins,2020-05-22,1,15
Sint-Laureins,2020-05-23,0,15
Sint-Laureins,2020-05-24,0,15
Sint-Laureins,2020-05-25,1,16
Sint-Laureins,2020-05-26,0,16
Sint-Laureins,2020-05-27,0,16
Sint-Laureins,2020-05-28,0,16
Sint-Laureins,2020-05-29,1,17
Sint-Laureins,2020-05-30,0,17
Sint-Laureins,2020-05-31,1,18
Sint-Laureins,2020-06-01,0,18
Sint-Laureins,2020-06-02,0,18
Sint-Laureins,2020-06-03,1,19
Sint-Laureins,2020-06-04,0,19
Sint-Laureins,2020-06-05,0,19
Sint-Laureins,2020-06-06,0,19
Sint-Laureins,2020-06-07,0,19
Sint-Laureins,2020-06-08,0,19
Sint-Laureins,2020-06-09,0,19
Sint-Laureins,2020-06-10,0,19
Sint-Laureins,2020-06-11,0,19
Sint-Laureins,2020-06-12,0,19
Sint-Laureins,2020-06-13,0,19
Sint-Laureins,2020-06-14,0,19
Sint-Laureins,2020-06-15,0,19
Sint-Laureins,2020-06-16,0,19
Sint-Laureins,2020-06-17,0,19
Sint-Laureins,2020-06-18,0,19
Sint-Laureins,2020-06-19,0,19
Sint-Laureins,2020-06-20,0,19
Sint-Laureins,2020-06-23,0,19
Sint-Laureins,2020-06-24,0,19
Sint-Laureins,2020-06-25,0,19
Sint-Laureins,2020-06-26,0,19
Sint-Laureins,2020-06-27,0,19
Sint-Laureins,2020-06-30,0,19
Sint-Laureins,2020-07-01,0,19
Sint-Laureins,2020-07-02,0,19
Sint-Laureins,2020-07-03,0,19
Sint-Laureins,2020-07-04,0,19
Sint-Laureins,2020-07-07,0,19
Sint-Laureins,2020-07-08,0,19
Sint-Laureins,2020-07-09,0,19
Sint-Laureins,2020-07-10,0,19
Sint-Laureins,2020-07-11,0,19
Sint-Laureins,2020-07-14,0,19
Sint-Laureins,2020-07-15,0,19
Sint-Laureins,2020-07-16,0,19
Sint-Laureins,2020-07-17,0,19
Sint-Laureins,2020-07-18,0,19
Sint-Laureins,2020-07-20,0,19
Sint-Laureins,2020-07-21,0,19
Sint-Laureins,2020-07-22,0,19
Sint-Laureins,2020-07-23,0,19
Sint-Laureins,2020-07-24,0,19
Sint-Laureins,2020-07-25,0,19
Sint-Laureins,2020-07-26,0,19
Sint-Laureins,2020-07-27,0,19
Sint-Laureins,2020-07-28,0,19
Sint-Laureins,2020-07-29,0,19
Sint-Laureins,2020-07-30,0,19
Sint-Laureins,2020-07-31,0,19
Zelzate,2020-04-01,0,0
Zelzate,2020-04-02,0,0
Zelzate,2020-04-03,6,6
Zelzate,2020-04-04,1,7
Zelzate,2020-04-05,0,7
Zelzate,2020-04-06,0,7
Zelzate,2020-04-07,0,7
Zelzate,2020-04-08,1,8
Zelzate,2020-04-09,1,9
Zelzate,2020-04-10,2,11
Zelzate,2020-04-11,0,11
Zelzate,2020-04-12,0,11
Zelzate,2020-04-13,0,11
Zelzate,2020-04-14,1,12
Zelzate,2020-04-15,1,13
Zelzate,2020-04-16,0,13
Zelzate,2020-04-17,0,13
Zelzate,2020-04-18,0,13
Zelzate,2020-04-19,5,18
Zelzate,2020-04-20,0,18
Zelzate,2020-04-21,0,18
Zelzate,2020-04-22,0,18
Zelzate,2020-04-23,0,18
Zelzate,2020-04-24,0,18
Zelzate,2020-04-25,0,18
Zelzate,2020-04-26,0,18
Zelzate,2020-04-27,0,18
Zelzate,2020-04-28,0,18
Zelzate,2020-04-29,0,18
Zelzate,2020-04-30,0,18
Zelzate,2020-05-01,0,18
Zelzate,2020-05-02,0,18
Zelzate,2020-05-03,1,19
Zelzate,2020-05-04,0,19
Zelzate,2020-05-05,0,19
Zelzate,2020-05-06,0,19
Zelzate,2020-05-07,0,19
Zelzate,2020-05-08,1,20
Zelzate,2020-05-09,1,21
Zelzate,2020-05-10,1,22
Zelzate,2020-05-11,0,22
Zelzate,2020-05-12,0,22
Zelzate,2020-05-13,0,22
Zelzate,2020-05-14,0,22
Zelzate,2020-05-15,1,23
Zelzate,2020-05-16,0,23
Zelzate,2020-05-17,0,23
Zelzate,2020-05-18,0,23
Zelzate,2020-05-19,0,23
Zelzate,2020-05-20,1,24
Zelzate,2020-05-21,0,24
Zelzate,2020-05-22,0,24
Zelzate,2020-05-23,0,24
Zelzate,2020-05-24,0,24
Zelzate,2020-05-25,0,24
Zelzate,2020-05-26,0,24
Zelzate,2020-05-27,0,24
Zelzate,2020-05-28,0,24
Zelzate,2020-05-29,0,24
Zelzate,2020-05-30,0,24
Zelzate,2020-05-31,0,24
Zelzate,2020-06-01,0,24
Zelzate,2020-06-02,0,24
Zelzate,2020-06-03,0,24
Zelzate,2020-06-04,0,24
Zelzate,2020-06-05,0,24
Zelzate,2020-06-06,0,24
Zelzate,2020-06-07,0,24
Zelzate,2020-06-08,0,24
Zelzate,2020-06-09,0,24
Zelzate,2020-06-10,0,24
Zelzate,2020-06-11,0,24
Zelzate,2020-06-12,0,24
Zelzate,2020-06-13,0,24
Zelzate,2020-06-14,0,24
Zelzate,2020-06-15,0,24
Zelzate,2020-06-16,0,24
Zelzate,2020-06-17,0,24
Zelzate,2020-06-18,0,24
Zelzate,2020-06-19,0,24
Zelzate,2020-06-20,0,24
Zelzate,2020-06-23,0,24
Zelzate,2020-06-24,0,24
Zelzate,2020-06-25,0,24
Zelzate,2020-06-26,0,24
Zelzate,2020-06-27,1,25
Zelzate,2020-06-30,1,26
Zelzate,2020-07-01,0,26
Zelzate,2020-07-02,0,26
Zelzate,2020-07-03,0,26
Zelzate,2020-07-04,0,26
Zelzate,2020-07-07,0,26
Zelzate,2020-07-08,0,26
Zelzate,2020-07-09,0,26
Zelzate,2020-07-10,0,26
Zelzate,2020-07-11,0,26
Zelzate,2020-07-14,0,26
Zelzate,2020-07-15,0,26
Zelzate,2020-07-16,0,26
Zelzate,2020-07-17,0,26
Zelzate,2020-07-18,0,26
Zelzate,2020-07-20,0,26
Zelzate,2020-07-21,0,26
Zelzate,2020-07-22,1,27
Zelzate,2020-07-23,0,27
Zelzate,2020-07-24,0,27
Zelzate,2020-07-25,0,27
Zelzate,2020-07-26,1,28
Zelzate,2020-07-27,0,28
Zelzate,2020-07-28,1,29
Zelzate,2020-07-29,0,29
Zelzate,2020-07-30,0,29
Zelzate,2020-07-31,1,30
De Pinte,2020-04-01,0,8
De Pinte,2020-04-02,0,8
De Pinte,2020-04-03,0,8
De Pinte,2020-04-04,0,8
De Pinte,2020-04-05,2,10
De Pinte,2020-04-06,0,10
De Pinte,2020-04-07,1,11
De Pinte,2020-04-08,0,11
De Pinte,2020-04-09,0,11
De Pinte,2020-04-10,1,12
De Pinte,2020-04-11,0,12
De Pinte,2020-04-12,1,13
De Pinte,2020-04-13,0,13
De Pinte,2020-04-14,0,13
De Pinte,2020-04-15,2,15
De Pinte,2020-04-16,0,15
De Pinte,2020-04-17,0,15
De Pinte,2020-04-18,1,16
De Pinte,2020-04-19,0,16
De Pinte,2020-04-20,0,16
De Pinte,2020-04-21,1,17
De Pinte,2020-04-22,0,17
De Pinte,2020-04-23,0,17
De Pinte,2020-04-24,0,17
De Pinte,2020-04-25,5,22
De Pinte,2020-04-26,0,22
De Pinte,2020-04-27,0,22
De Pinte,2020-04-28,0,22
De Pinte,2020-04-29,0,22
De Pinte,2020-04-30,1,23
De Pinte,2020-05-01,0,23
De Pinte,2020-05-02,0,23
De Pinte,2020-05-03,1,24
De Pinte,2020-05-04,0,24
De Pinte,2020-05-05,0,24
De Pinte,2020-05-06,0,24
De Pinte,2020-05-07,0,24
De Pinte,2020-05-08,0,24
De Pinte,2020-05-09,0,24
De Pinte,2020-05-10,0,24
De Pinte,2020-05-11,0,24
De Pinte,2020-05-12,0,24
De Pinte,2020-05-13,0,24
De Pinte,2020-05-14,0,24
De Pinte,2020-05-15,1,25
De Pinte,2020-05-16,0,25
De Pinte,2020-05-17,0,25
De Pinte,2020-05-18,0,25
De Pinte,2020-05-19,0,25
De Pinte,2020-05-20,0,25
De Pinte,2020-05-21,0,25
De Pinte,2020-05-22,0,25
De Pinte,2020-05-23,0,25
De Pinte,2020-05-24,0,25
De Pinte,2020-05-25,0,25
De Pinte,2020-05-26,0,25
De Pinte,2020-05-27,0,25
De Pinte,2020-05-28,0,25
De Pinte,2020-05-29,0,25
De Pinte,2020-05-30,0,25
De Pinte,2020-05-31,0,25
De Pinte,2020-06-01,0,25
De Pinte,2020-06-02,0,25
De Pinte,2020-06-03,0,25
De Pinte,2020-06-04,0,25
De Pinte,2020-06-05,0,25
De Pinte,2020-06-06,0,25
De Pinte,2020-06-07,0,25
De Pinte,2020-06-08,0,25
De Pinte,2020-06-09,0,25
De Pinte,2020-06-10,0,25
De Pinte,2020-06-11,0,25
De Pinte,2020-06-12,0,25
De Pinte,2020-06-13,0,25
De Pinte,2020-06-14,0,25
De Pinte,2020-06-15,0,25
De Pinte,2020-06-16,0,25
De Pinte,2020-06-17,0,25
De Pinte,2020-06-18,0,25
De Pinte,2020-06-19,0,25
De Pinte,2020-06-20,0,25
De Pinte,2020-06-23,0,25
De Pinte,2020-06-24,0,25
De Pinte,2020-06-25,0,25
De Pinte,2020-06-26,0,25
De Pinte,2020-06-27,0,25
De Pinte,2020-06-30,0,25
De Pinte,2020-07-01,0,25
De Pinte,2020-07-02,0,25
De Pinte,2020-07-03,0,25
De Pinte,2020-07-04,0,25
De Pinte,2020-07-07,0,25
De Pinte,2020-07-08,0,25
De Pinte,2020-07-09,0,25
De Pinte,2020-07-10,0,25
De Pinte,2020-07-11,0,25
De Pinte,2020-07-14,0,25
De Pinte,2020-07-15,0,25
De Pinte,2020-07-16,0,25
De Pinte,2020-07-17,0,25
De Pinte,2020-07-18,0,25
De Pinte,2020-07-20,0,25
De Pinte,2020-07-21,0,25
De Pinte,2020-07-22,0,25
De Pinte,2020-07-23,0,25
De Pinte,2020-07-24,0,25
De Pinte,2020-07-25,0,25
De Pinte,2020-07-26,0,25
De Pinte,2020-07-27,0,25
De Pinte,2020-07-28,0,25
De Pinte,2020-07-29,0,25
De Pinte,2020-07-30,0,25
De Pinte,2020-07-31,0,25
Destelbergen,2020-04-01,2,22
Destelbergen,2020-04-02,1,23
Destelbergen,2020-04-03,2,25
Destelbergen,2020-04-04,2,27
Destelbergen,2020-04-05,2,29
Destelbergen,2020-04-06,1,30
Destelbergen,2020-04-07,4,34
Destelbergen,2020-04-08,2,36
Destelbergen,2020-04-09,0,36
Destelbergen,2020-04-10,1,37
Destelbergen,2020-04-11,0,37
Destelbergen,2020-04-12,3,40
Destelbergen,2020-04-13,0,40
Destelbergen,2020-04-14,1,41
Destelbergen,2020-04-15,1,42
Destelbergen,2020-04-16,1,43
Destelbergen,2020-04-17,0,43
Destelbergen,2020-04-18,0,43
Destelbergen,2020-04-19,0,43
Destelbergen,2020-04-20,3,46
Destelbergen,2020-04-21,0,46
Destelbergen,2020-04-22,0,46
Destelbergen,2020-04-23,7,53
Destelbergen,2020-04-24,6,59
Destelbergen,2020-04-25,3,62
Destelbergen,2020-04-26,1,63
Destelbergen,2020-04-27,0,63
Destelbergen,2020-04-28,0,63
Destelbergen,2020-04-29,0,63
Destelbergen,2020-04-30,0,63
Destelbergen,2020-05-01,1,64
Destelbergen,2020-05-02,1,65
Destelbergen,2020-05-03,0,65
Destelbergen,2020-05-04,0,65
Destelbergen,2020-05-05,0,65
Destelbergen,2020-05-06,0,65
Destelbergen,2020-05-07,0,65
Destelbergen,2020-05-08,0,65
Destelbergen,2020-05-09,0,65
Destelbergen,2020-05-10,0,65
Destelbergen,2020-05-11,0,65
Destelbergen,2020-05-12,0,65
Destelbergen,2020-05-13,0,65
Destelbergen,2020-05-14,0,65
Destelbergen,2020-05-15,0,65
Destelbergen,2020-05-16,0,65
Destelbergen,2020-05-17,0,65
Destelbergen,2020-05-18,0,65
Destelbergen,2020-05-19,0,65
Destelbergen,2020-05-20,0,65
Destelbergen,2020-05-21,0,65
Destelbergen,2020-05-22,0,65
Destelbergen,2020-05-23,1,66
Destelbergen,2020-05-24,0,66
Destelbergen,2020-05-25,0,66
Destelbergen,2020-05-26,0,66
Destelbergen,2020-05-27,1,67
Destelbergen,2020-05-28,1,68
Destelbergen,2020-05-29,0,68
Destelbergen,2020-05-30,0,68
Destelbergen,2020-05-31,1,69
Destelbergen,2020-06-01,0,69
Destelbergen,2020-06-02,0,69
Destelbergen,2020-06-03,0,69
Destelbergen,2020-06-04,0,69
Destelbergen,2020-06-05,0,69
Destelbergen,2020-06-06,1,70
Destelbergen,2020-06-07,0,70
Destelbergen,2020-06-08,0,70
Destelbergen,2020-06-09,0,70
Destelbergen,2020-06-10,0,70
Destelbergen,2020-06-11,0,70
Destelbergen,2020-06-12,0,70
Destelbergen,2020-06-13,0,70
Destelbergen,2020-06-14,0,70
Destelbergen,2020-06-15,0,70
Destelbergen,2020-06-16,0,70
Destelbergen,2020-06-17,0,70
Destelbergen,2020-06-18,0,70
Destelbergen,2020-06-19,1,71
Destelbergen,2020-06-20,0,71
Destelbergen,2020-06-23,0,71
Destelbergen,2020-06-24,0,71
Destelbergen,2020-06-25,0,71
Destelbergen,2020-06-26,0,71
Destelbergen,2020-06-27,0,71
Destelbergen,2020-06-30,0,71
Destelbergen,2020-07-01,0,71
Destelbergen,2020-07-02,0,71
Destelbergen,2020-07-03,1,72
Destelbergen,2020-07-04,0,72
Destelbergen,2020-07-07,0,72
Destelbergen,2020-07-08,0,72
Destelbergen,2020-07-09,0,72
Destelbergen,2020-07-10,0,72
Destelbergen,2020-07-11,0,72
Destelbergen,2020-07-14,0,72
Destelbergen,2020-07-15,0,72
Destelbergen,2020-07-16,0,72
Destelbergen,2020-07-17,0,72
Destelbergen,2020-07-18,0,72
Destelbergen,2020-07-20,0,72
Destelbergen,2020-07-21,0,72
Destelbergen,2020-07-22,0,72
Destelbergen,2020-07-23,0,72
Destelbergen,2020-07-24,0,72
Destelbergen,2020-07-25,0,72
Destelbergen,2020-07-26,0,72
Destelbergen,2020-07-27,0,72
Destelbergen,2020-07-28,0,72
Destelbergen,2020-07-29,0,72
Destelbergen,2020-07-30,0,72
Destelbergen,2020-07-31,0,72
Evergem,2020-04-01,1,26
Evergem,2020-04-02,4,30
Evergem,2020-04-03,10,40
Evergem,2020-04-04,5,45
Evergem,2020-04-05,1,46
Evergem,2020-04-06,6,52
Evergem,2020-04-07,4,56
Evergem,2020-04-08,1,57
Evergem,2020-04-09,4,61
Evergem,2020-04-10,1,62
Evergem,2020-04-11,4,66
Evergem,2020-04-12,4,70
Evergem,2020-04-13,1,71
Evergem,2020-04-14,0,71
Evergem,2020-04-15,12,83
Evergem,2020-04-16,7,90
Evergem,2020-04-17,8,98
Evergem,2020-04-18,2,100
Evergem,2020-04-19,2,102
Evergem,2020-04-20,1,103
Evergem,2020-04-21,1,104
Evergem,2020-04-22,2,106
Evergem,2020-04-23,3,109
Evergem,2020-04-24,1,110
Evergem,2020-04-25,11,121
Evergem,2020-04-26,4,125
Evergem,2020-04-27,4,129
Evergem,2020-04-28,0,129
Evergem,2020-04-29,0,129
Evergem,2020-04-30,0,129
Evergem,2020-05-01,32,161
Evergem,2020-05-02,4,165
Evergem,2020-05-03,2,167
Evergem,2020-05-04,1,168
Evergem,2020-05-05,1,169
Evergem,2020-05-06,2,171
Evergem,2020-05-07,0,171
Evergem,2020-05-08,3,174
Evergem,2020-05-09,10,184
Evergem,2020-05-10,2,186
Evergem,2020-05-11,1,187
Evergem,2020-05-12,2,189
Evergem,2020-05-13,4,193
Evergem,2020-05-14,0,193
Evergem,2020-05-15,1,194
Evergem,2020-05-16,1,195
Evergem,2020-05-17,1,196
Evergem,2020-05-18,0,196
Evergem,2020-05-19,0,196
Evergem,2020-05-20,2,198
Evergem,2020-05-21,0,198
Evergem,2020-05-22,0,198
Evergem,2020-05-23,0,198
Evergem,2020-05-24,3,201
Evergem,2020-05-25,2,203
Evergem,2020-05-26,0,203
Evergem,2020-05-27,1,204
Evergem,2020-05-28,0,204
Evergem,2020-05-29,0,204
Evergem,2020-05-30,2,206
Evergem,2020-05-31,2,208
Evergem,2020-06-01,1,209
Evergem,2020-06-02,0,209
Evergem,2020-06-03,1,210
Evergem,2020-06-04,0,210
Evergem,2020-06-05,0,210
Evergem,2020-06-06,1,211
Evergem,2020-06-07,1,212
Evergem,2020-06-08,2,214
Evergem,2020-06-09,0,214
Evergem,2020-06-10,1,215
Evergem,2020-06-11,0,215
Evergem,2020-06-12,1,216
Evergem,2020-06-13,0,216
Evergem,2020-06-14,0,216
Evergem,2020-06-15,0,216
Evergem,2020-06-16,0,216
Evergem,2020-06-17,0,216
Evergem,2020-06-18,1,217
Evergem,2020-06-19,1,218
Evergem,2020-06-20,0,218
Evergem,2020-06-23,0,218
Evergem,2020-06-24,0,218
Evergem,2020-06-25,0,218
Evergem,2020-06-26,0,218
Evergem,2020-06-27,0,218
Evergem,2020-06-30,2,220
Evergem,2020-07-01,2,222
Evergem,2020-07-02,0,222
Evergem,2020-07-03,0,222
Evergem,2020-07-04,0,222
Evergem,2020-07-07,0,222
Evergem,2020-07-08,0,222
Evergem,2020-07-09,0,222
Evergem,2020-07-10,0,222
Evergem,2020-07-11,0,222
Evergem,2020-07-14,0,222
Evergem,2020-07-15,0,222
Evergem,2020-07-16,0,222
Evergem,2020-07-17,0,222
Evergem,2020-07-18,0,222
Evergem,2020-07-20,0,222
Evergem,2020-07-21,0,222
Evergem,2020-07-22,0,222
Evergem,2020-07-23,0,222
Evergem,2020-07-24,0,222
Evergem,2020-07-25,1,223
Evergem,2020-07-26,1,224
Evergem,2020-07-27,0,224
Evergem,2020-07-28,1,225
Evergem,2020-07-29,0,225
Evergem,2020-07-30,1,226
Evergem,2020-07-31,0,226
Gavere,2020-04-01,0,12
Gavere,2020-04-02,4,16
Gavere,2020-04-03,1,17
Gavere,2020-04-04,2,19
Gavere,2020-04-05,1,20
Gavere,2020-04-06,0,20
Gavere,2020-04-07,4,24
Gavere,2020-04-08,4,28
Gavere,2020-04-09,2,30
Gavere,2020-04-10,4,34
Gavere,2020-04-11,0,34
Gavere,2020-04-12,5,39
Gavere,2020-04-13,0,39
Gavere,2020-04-14,0,39
Gavere,2020-04-15,0,39
Gavere,2020-04-16,0,39
Gavere,2020-04-17,0,39
Gavere,2020-04-18,0,39
Gavere,2020-04-19,0,39
Gavere,2020-04-20,0,39
Gavere,2020-04-21,0,39
Gavere,2020-04-22,0,39
Gavere,2020-04-23,1,40
Gavere,2020-04-24,0,40
Gavere,2020-04-25,0,40
Gavere,2020-04-26,0,40
Gavere,2020-04-27,1,41
Gavere,2020-04-28,0,41
Gavere,2020-04-29,0,41
Gavere,2020-04-30,0,41
Gavere,2020-05-01,1,42
Gavere,2020-05-02,0,42
Gavere,2020-05-03,2,44
Gavere,2020-05-04,0,44
Gavere,2020-05-05,0,44
Gavere,2020-05-06,0,44
Gavere,2020-05-07,0,44
Gavere,2020-05-08,0,44
Gavere,2020-05-09,0,44
Gavere,2020-05-10,1,45
Gavere,2020-05-11,0,45
Gavere,2020-05-12,0,45
Gavere,2020-05-13,0,45
Gavere,2020-05-14,0,45
Gavere,2020-05-15,0,45
Gavere,2020-05-16,0,45
Gavere,2020-05-17,0,45
Gavere,2020-05-18,0,45
Gavere,2020-05-19,0,45
Gavere,2020-05-20,0,45
Gavere,2020-05-21,0,45
Gavere,2020-05-22,0,45
Gavere,2020-05-23,0,45
Gavere,2020-05-24,0,45
Gavere,2020-05-25,0,45
Gavere,2020-05-26,1,46
Gavere,2020-05-27,0,46
Gavere,2020-05-28,0,46
Gavere,2020-05-29,0,46
Gavere,2020-05-30,0,46
Gavere,2020-05-31,1,47
Gavere,2020-06-01,0,47
Gavere,2020-06-02,0,47
Gavere,2020-06-03,0,47
Gavere,2020-06-04,0,47
Gavere,2020-06-05,0,47
Gavere,2020-06-06,0,47
Gavere,2020-06-07,0,47
Gavere,2020-06-08,0,47
Gavere,2020-06-09,0,47
Gavere,2020-06-10,0,47
Gavere,2020-06-11,0,47
Gavere,2020-06-12,0,47
Gavere,2020-06-13,0,47
Gavere,2020-06-14,0,47
Gavere,2020-06-15,0,47
Gavere,2020-06-16,0,47
Gavere,2020-06-17,0,47
Gavere,2020-06-18,0,47
Gavere,2020-06-19,0,47
Gavere,2020-06-20,0,47
Gavere,2020-06-23,0,47
Gavere,2020-06-24,0,47
Gavere,2020-06-25,0,47
Gavere,2020-06-26,0,47
Gavere,2020-06-27,0,47
Gavere,2020-06-30,0,47
Gavere,2020-07-01,0,47
Gavere,2020-07-02,0,47
Gavere,2020-07-03,0,47
Gavere,2020-07-04,0,47
Gavere,2020-07-07,0,47
Gavere,2020-07-08,0,47
Gavere,2020-07-09,0,47
Gavere,2020-07-10,0,47
Gavere,2020-07-11,0,47
Gavere,2020-07-14,0,47
Gavere,2020-07-15,0,47
Gavere,2020-07-16,0,47
Gavere,2020-07-17,0,47
Gavere,2020-07-18,0,47
Gavere,2020-07-20,0,47
Gavere,2020-07-21,0,47
Gavere,2020-07-22,1,48
Gavere,2020-07-23,1,49
Gavere,2020-07-24,0,49
Gavere,2020-07-25,0,49
Gavere,2020-07-26,2,51
Gavere,2020-07-27,0,51
Gavere,2020-07-28,0,51
Gavere,2020-07-29,0,51
Gavere,2020-07-30,0,51
Gavere,2020-07-31,0,51
Gent,2020-04-01,18,226
Gent,2020-04-02,13,239
Gent,2020-04-03,32,271
Gent,2020-04-04,19,290
Gent,2020-04-05,22,312
Gent,2020-04-06,15,327
Gent,2020-04-07,18,345
Gent,2020-04-08,15,360
Gent,2020-04-09,8,368
Gent,2020-04-10,18,386
Gent,2020-04-11,9,395
Gent,2020-04-12,11,406
Gent,2020-04-13,10,416
Gent,2020-04-14,5,421
Gent,2020-04-15,80,501
Gent,2020-04-16,15,516
Gent,2020-04-17,6,522
Gent,2020-04-18,16,538
Gent,2020-04-19,13,551
Gent,2020-04-20,5,556
Gent,2020-04-21,5,561
Gent,2020-04-22,11,572
Gent,2020-04-23,5,577
Gent,2020-04-24,2,579
Gent,2020-04-25,27,606
Gent,2020-04-26,7,613
Gent,2020-04-27,5,618
Gent,2020-04-28,2,620
Gent,2020-04-29,9,629
Gent,2020-04-30,10,639
Gent,2020-05-01,13,652
Gent,2020-05-02,5,657
Gent,2020-05-03,9,666
Gent,2020-05-04,0,666
Gent,2020-05-05,1,667
Gent,2020-05-06,4,671
Gent,2020-05-07,5,676
Gent,2020-05-08,4,680
Gent,2020-05-09,5,685
Gent,2020-05-10,10,695
Gent,2020-05-11,4,699
Gent,2020-05-12,2,701
Gent,2020-05-13,8,709
Gent,2020-05-14,2,711
Gent,2020-05-15,4,715
Gent,2020-05-16,3,718
Gent,2020-05-17,2,720
Gent,2020-05-18,1,721
Gent,2020-05-19,2,723
Gent,2020-05-20,4,727
Gent,2020-05-21,2,729
Gent,2020-05-22,4,733
Gent,2020-05-23,4,737
Gent,2020-05-24,4,741
Gent,2020-05-25,2,743
Gent,2020-05-26,1,744
Gent,2020-05-27,3,747
Gent,2020-05-28,3,750
Gent,2020-05-29,3,753
Gent,2020-05-30,0,753
Gent,2020-05-31,4,757
Gent,2020-06-01,1,758
Gent,2020-06-02,1,759
Gent,2020-06-03,1,760
Gent,2020-06-04,1,761
Gent,2020-06-05,1,762
Gent,2020-06-06,2,764
Gent,2020-06-07,1,765
Gent,2020-06-08,0,765
Gent,2020-06-09,1,766
Gent,2020-06-10,1,767
Gent,2020-06-11,2,769
Gent,2020-06-12,5,774
Gent,2020-06-13,5,779
Gent,2020-06-14,1,780
Gent,2020-06-15,0,780
Gent,2020-06-16,1,781
Gent,2020-06-17,0,781
Gent,2020-06-18,0,781
Gent,2020-06-19,2,783
Gent,2020-06-20,0,783
Gent,2020-06-23,3,786
Gent,2020-06-24,2,788
Gent,2020-06-25,2,790
Gent,2020-06-26,1,791
Gent,2020-06-27,0,791
Gent,2020-06-30,1,792
Gent,2020-07-01,1,793
Gent,2020-07-02,0,793
Gent,2020-07-03,4,797
Gent,2020-07-04,2,799
Gent,2020-07-07,5,804
Gent,2020-07-08,2,806
Gent,2020-07-09,0,806
Gent,2020-07-10,5,811
Gent,2020-07-11,8,819
Gent,2020-07-14,8,827
Gent,2020-07-15,0,827
Gent,2020-07-16,0,827
Gent,2020-07-17,7,834
Gent,2020-07-18,3,837
Gent,2020-07-20,3,840
Gent,2020-07-21,3,843
Gent,2020-07-22,0,843
Gent,2020-07-23,8,851
Gent,2020-07-24,1,852
Gent,2020-07-25,3,855
Gent,2020-07-26,5,860
Gent,2020-07-27,6,866
Gent,2020-07-28,1,867
Gent,2020-07-29,8,875
Gent,2020-07-30,3,878
Gent,2020-07-31,8,886
Lochristi,2020-04-01,1,20
Lochristi,2020-04-02,2,22
Lochristi,2020-04-03,4,26
Lochristi,2020-04-04,3,29
Lochristi,2020-04-05,1,30
Lochristi,2020-04-06,0,30
Lochristi,2020-04-07,0,30
Lochristi,2020-04-08,2,32
Lochristi,2020-04-09,3,35
Lochristi,2020-04-10,1,36
Lochristi,2020-04-11,1,37
Lochristi,2020-04-12,4,41
Lochristi,2020-04-13,1,42
Lochristi,2020-04-14,2,44
Lochristi,2020-04-15,3,47
Lochristi,2020-04-16,2,49
Lochristi,2020-04-17,1,50
Lochristi,2020-04-18,3,53
Lochristi,2020-04-19,5,58
Lochristi,2020-04-20,3,61
Lochristi,2020-04-21,0,61
Lochristi,2020-04-22,0,61
Lochristi,2020-04-23,0,61
Lochristi,2020-04-24,1,62
Lochristi,2020-04-25,1,63
Lochristi,2020-04-26,1,64
Lochristi,2020-04-27,2,66
Lochristi,2020-04-28,0,66
Lochristi,2020-04-29,3,69
Lochristi,2020-04-30,1,70
Lochristi,2020-05-01,0,70
Lochristi,2020-05-02,2,72
Lochristi,2020-05-03,1,73
Lochristi,2020-05-04,0,73
Lochristi,2020-05-05,1,74
Lochristi,2020-05-06,0,74
Lochristi,2020-05-07,0,74
Lochristi,2020-05-08,2,76
Lochristi,2020-05-09,3,79
Lochristi,2020-05-10,2,81
Lochristi,2020-05-11,0,81
Lochristi,2020-05-12,0,81
Lochristi,2020-05-13,0,81
Lochristi,2020-05-14,0,81
Lochristi,2020-05-15,0,81
Lochristi,2020-05-16,0,81
Lochristi,2020-05-17,0,81
Lochristi,2020-05-18,0,81
Lochristi,2020-05-19,0,81
Lochristi,2020-05-20,0,81
Lochristi,2020-05-21,0,81
Lochristi,2020-05-22,0,81
Lochristi,2020-05-23,0,81
Lochristi,2020-05-24,0,81
Lochristi,2020-05-25,0,81
Lochristi,2020-05-26,0,81
Lochristi,2020-05-27,2,83
Lochristi,2020-05-28,0,83
Lochristi,2020-05-29,0,83
Lochristi,2020-05-30,1,84
Lochristi,2020-05-31,0,84
Lochristi,2020-06-01,0,84
Lochristi,2020-06-02,0,84
Lochristi,2020-06-03,0,84
Lochristi,2020-06-04,0,84
Lochristi,2020-06-05,0,84
Lochristi,2020-06-06,0,84
Lochristi,2020-06-07,0,84
Lochristi,2020-06-08,0,84
Lochristi,2020-06-09,0,84
Lochristi,2020-06-10,0,84
Lochristi,2020-06-11,0,84
Lochristi,2020-06-12,0,84
Lochristi,2020-06-13,0,84
Lochristi,2020-06-14,0,84
Lochristi,2020-06-15,0,84
Lochristi,2020-06-16,0,84
Lochristi,2020-06-17,0,84
Lochristi,2020-06-18,0,84
Lochristi,2020-06-19,0,84
Lochristi,2020-06-20,0,84
Lochristi,2020-06-23,1,85
Lochristi,2020-06-24,0,85
Lochristi,2020-06-25,0,85
Lochristi,2020-06-26,0,85
Lochristi,2020-06-27,0,85
Lochristi,2020-06-30,0,85
Lochristi,2020-07-01,0,85
Lochristi,2020-07-02,0,85
Lochristi,2020-07-03,0,85
Lochristi,2020-07-04,0,85
Lochristi,2020-07-07,1,86
Lochristi,2020-07-08,0,86
Lochristi,2020-07-09,1,87
Lochristi,2020-07-10,0,87
Lochristi,2020-07-11,0,87
Lochristi,2020-07-14,0,87
Lochristi,2020-07-15,0,87
Lochristi,2020-07-16,0,87
Lochristi,2020-07-17,0,87
Lochristi,2020-07-18,0,87
Lochristi,2020-07-20,0,87
Lochristi,2020-07-21,0,87
Lochristi,2020-07-22,0,87
Lochristi,2020-07-23,0,87
Lochristi,2020-07-24,0,87
Lochristi,2020-07-25,0,87
Lochristi,2020-07-26,0,87
Lochristi,2020-07-27,0,87
Lochristi,2020-07-28,1,88
Lochristi,2020-07-29,0,88
Lochristi,2020-07-30,0,88
Lochristi,2020-07-31,1,89
Melle,2020-04-01,2,19
Melle,2020-04-02,0,19
Melle,2020-04-03,1,20
Melle,2020-04-04,0,20
Melle,2020-04-05,2,22
Melle,2020-04-06,0,22
Melle,2020-04-07,1,23
Melle,2020-04-08,0,23
Melle,2020-04-09,1,24
Melle,2020-04-10,0,24
Melle,2020-04-11,1,25
Melle,2020-04-12,0,25
Melle,2020-04-13,1,26
Melle,2020-04-14,0,26
Melle,2020-04-15,1,27
Melle,2020-04-16,0,27
Melle,2020-04-17,1,28
Melle,2020-04-18,0,28
Melle,2020-04-19,0,28
Melle,2020-04-20,1,29
Melle,2020-04-21,0,29
Melle,2020-04-22,0,29
Melle,2020-04-23,1,30
Melle,2020-04-24,1,31
Melle,2020-04-25,0,31
Melle,2020-04-26,0,31
Melle,2020-04-27,0,31
Melle,2020-04-28,0,31
Melle,2020-04-29,0,31
Melle,2020-04-30,1,32
Melle,2020-05-01,0,32
Melle,2020-05-02,0,32
Melle,2020-05-03,0,32
Melle,2020-05-04,0,32
Melle,2020-05-05,0,32
Melle,2020-05-06,0,32
Melle,2020-05-07,0,32
Melle,2020-05-08,1,33
Melle,2020-05-09,0,33
Melle,2020-05-10,0,33
Melle,2020-05-11,0,33
Melle,2020-05-12,0,33
Melle,2020-05-13,0,33
Melle,2020-05-14,0,33
Melle,2020-05-15,0,33
Melle,2020-05-16,0,33
Melle,2020-05-17,0,33
Melle,2020-05-18,0,33
Melle,2020-05-19,0,33
Melle,2020-05-20,0,33
Melle,2020-05-21,0,33
Melle,2020-05-22,0,33
Melle,2020-05-23,0,33
Melle,2020-05-24,1,34
Melle,2020-05-25,0,34
Melle,2020-05-26,0,34
Melle,2020-05-27,0,34
Melle,2020-05-28,0,34
Melle,2020-05-29,0,34
Melle,2020-05-30,0,34
Melle,2020-05-31,1,35
Melle,2020-06-01,1,36
Melle,2020-06-02,0,36
Melle,2020-06-03,0,36
Melle,2020-06-04,0,36
Melle,2020-06-05,0,36
Melle,2020-06-06,0,36
Melle,2020-06-07,0,36
Melle,2020-06-08,0,36
Melle,2020-06-09,0,36
Melle,2020-06-10,0,36
Melle,2020-06-11,0,36
Melle,2020-06-12,0,36
Melle,2020-06-13,0,36
Melle,2020-06-14,0,36
Melle,2020-06-15,0,36
Melle,2020-06-16,0,36
Melle,2020-06-17,0,36
Melle,2020-06-18,0,36
Melle,2020-06-19,0,36
Melle,2020-06-20,0,36
Melle,2020-06-23,0,36
Melle,2020-06-24,0,36
Melle,2020-06-25,0,36
Melle,2020-06-26,0,36
Melle,2020-06-27,0,36
Melle,2020-06-30,0,36
Melle,2020-07-01,0,36
Melle,2020-07-02,0,36
Melle,2020-07-03,0,36
Melle,2020-07-04,0,36
Melle,2020-07-07,0,36
Melle,2020-07-08,0,36
Melle,2020-07-09,0,36
Melle,2020-07-10,0,36
Melle,2020-07-11,0,36
Melle,2020-07-14,0,36
Melle,2020-07-15,0,36
Melle,2020-07-16,1,37
Melle,2020-07-17,0,37
Melle,2020-07-18,0,37
Melle,2020-07-20,0,37
Melle,2020-07-21,0,37
Melle,2020-07-22,0,37
Melle,2020-07-23,0,37
Melle,2020-07-24,0,37
Melle,2020-07-25,1,38
Melle,2020-07-26,0,38
Melle,2020-07-27,0,38
Melle,2020-07-28,0,38
Melle,2020-07-29,0,38
Melle,2020-07-30,0,38
Melle,2020-07-31,0,38
Merelbeke,2020-04-01,3,29
Merelbeke,2020-04-02,1,30
Merelbeke,2020-04-03,3,33
Merelbeke,2020-04-04,4,37
Merelbeke,2020-04-05,2,39
Merelbeke,2020-04-06,1,40
Merelbeke,2020-04-07,0,40
Merelbeke,2020-04-08,1,41
Merelbeke,2020-04-09,2,43
Merelbeke,2020-04-10,1,44
Merelbeke,2020-04-11,1,45
Merelbeke,2020-04-12,4,49
Merelbeke,2020-04-13,4,53
Merelbeke,2020-04-14,1,54
Merelbeke,2020-04-15,6,60
Merelbeke,2020-04-16,0,60
Merelbeke,2020-04-17,3,63
Merelbeke,2020-04-18,2,65
Merelbeke,2020-04-19,0,65
Merelbeke,2020-04-20,0,65
Merelbeke,2020-04-21,0,65
Merelbeke,2020-04-22,3,68
Merelbeke,2020-04-23,2,70
Merelbeke,2020-04-24,0,70
Merelbeke,2020-04-25,2,72
Merelbeke,2020-04-26,0,72
Merelbeke,2020-04-27,3,75
Merelbeke,2020-04-28,0,75
Merelbeke,2020-04-29,0,75
Merelbeke,2020-04-30,1,76
Merelbeke,2020-05-01,0,76
Merelbeke,2020-05-02,1,77
Merelbeke,2020-05-03,0,77
Merelbeke,2020-05-04,0,77
Merelbeke,2020-05-05,0,77
Merelbeke,2020-05-06,0,77
Merelbeke,2020-05-07,0,77
Merelbeke,2020-05-08,0,77
Merelbeke,2020-05-09,0,77
Merelbeke,2020-05-10,1,78
Merelbeke,2020-05-11,0,78
Merelbeke,2020-05-12,0,78
Merelbeke,2020-05-13,0,78
Merelbeke,2020-05-14,0,78
Merelbeke,2020-05-15,0,78
Merelbeke,2020-05-16,0,78
Merelbeke,2020-05-17,0,78
Merelbeke,2020-05-18,0,78
Merelbeke,2020-05-19,0,78
Merelbeke,2020-05-20,0,78
Merelbeke,2020-05-21,0,78
Merelbeke,2020-05-22,0,78
Merelbeke,2020-05-23,0,78
Merelbeke,2020-05-24,0,78
Merelbeke,2020-05-25,0,78
Merelbeke,2020-05-26,0,78
Merelbeke,2020-05-27,0,78
Merelbeke,2020-05-28,0,78
Merelbeke,2020-05-29,1,79
Merelbeke,2020-05-30,0,79
Merelbeke,2020-05-31,0,79
Merelbeke,2020-06-01,0,79
Merelbeke,2020-06-02,0,79
Merelbeke,2020-06-03,0,79
Merelbeke,2020-06-04,0,79
Merelbeke,2020-06-05,0,79
Merelbeke,2020-06-06,0,79
Merelbeke,2020-06-07,0,79
Merelbeke,2020-06-08,0,79
Merelbeke,2020-06-09,0,79
Merelbeke,2020-06-10,0,79
Merelbeke,2020-06-11,0,79
Merelbeke,2020-06-12,0,79
Merelbeke,2020-06-13,1,80
Merelbeke,2020-06-14,0,80
Merelbeke,2020-06-15,0,80
Merelbeke,2020-06-16,0,80
Merelbeke,2020-06-17,0,80
Merelbeke,2020-06-18,0,80
Merelbeke,2020-06-19,1,81
Merelbeke,2020-06-20,0,81
Merelbeke,2020-06-23,0,81
Merelbeke,2020-06-24,0,81
Merelbeke,2020-06-25,0,81
Merelbeke,2020-06-26,0,81
Merelbeke,2020-06-27,0,81
Merelbeke,2020-06-30,0,81
Merelbeke,2020-07-01,0,81
Merelbeke,2020-07-02,0,81
Merelbeke,2020-07-03,0,81
Merelbeke,2020-07-04,0,81
Merelbeke,2020-07-07,0,81
Merelbeke,2020-07-08,0,81
Merelbeke,2020-07-09,0,81
Merelbeke,2020-07-10,1,82
Merelbeke,2020-07-11,1,83
Merelbeke,2020-07-14,0,83
Merelbeke,2020-07-15,0,83
Merelbeke,2020-07-16,0,83
Merelbeke,2020-07-17,1,84
Merelbeke,2020-07-18,1,85
Merelbeke,2020-07-20,0,85
Merelbeke,2020-07-21,0,85
Merelbeke,2020-07-22,0,85
Merelbeke,2020-07-23,0,85
Merelbeke,2020-07-24,0,85
Merelbeke,2020-07-25,1,86
Merelbeke,2020-07-26,0,86
Merelbeke,2020-07-27,0,86
Merelbeke,2020-07-28,1,87
Merelbeke,2020-07-29,1,88
Merelbeke,2020-07-30,0,88
Merelbeke,2020-07-31,1,89
Moerbeke (Gent),2020-04-01,1,10
Moerbeke (Gent),2020-04-02,0,10
Moerbeke (Gent),2020-04-03,1,11
Moerbeke (Gent),2020-04-04,0,11
Moerbeke (Gent),2020-04-05,0,11
Moerbeke (Gent),2020-04-06,0,11
Moerbeke (Gent),2020-04-07,1,12
Moerbeke (Gent),2020-04-08,0,12
Moerbeke (Gent),2020-04-09,1,13
Moerbeke (Gent),2020-04-10,1,14
Moerbeke (Gent),2020-04-11,0,14
Moerbeke (Gent),2020-04-12,1,15
Moerbeke (Gent),2020-04-13,0,15
Moerbeke (Gent),2020-04-14,0,15
Moerbeke (Gent),2020-04-15,3,18
Moerbeke (Gent),2020-04-16,0,18
Moerbeke (Gent),2020-04-17,0,18
Moerbeke (Gent),2020-04-18,0,18
Moerbeke (Gent),2020-04-19,0,18
Moerbeke (Gent),2020-04-20,0,18
Moerbeke (Gent),2020-04-21,0,18
Moerbeke (Gent),2020-04-22,0,18
Moerbeke (Gent),2020-04-23,0,18
Moerbeke (Gent),2020-04-24,0,18
Moerbeke (Gent),2020-04-25,1,19
Moerbeke (Gent),2020-04-26,0,19
Moerbeke (Gent),2020-04-27,0,19
Moerbeke (Gent),2020-04-28,0,19
Moerbeke (Gent),2020-04-29,0,19
Moerbeke (Gent),2020-04-30,0,19
Moerbeke (Gent),2020-05-01,0,19
Moerbeke (Gent),2020-05-02,0,19
Moerbeke (Gent),2020-05-03,0,19
Moerbeke (Gent),2020-05-04,0,19
Moerbeke (Gent),2020-05-05,0,19
Moerbeke (Gent),2020-05-06,0,19
Moerbeke (Gent),2020-05-07,0,19
Moerbeke (Gent),2020-05-08,0,19
Moerbeke (Gent),2020-05-09,0,19
Moerbeke (Gent),2020-05-10,0,19
Moerbeke (Gent),2020-05-11,2,21
Moerbeke (Gent),2020-05-12,0,21
Moerbeke (Gent),2020-05-13,0,21
Moerbeke (Gent),2020-05-14,0,21
Moerbeke (Gent),2020-05-15,0,21
Moerbeke (Gent),2020-05-16,0,21
Moerbeke (Gent),2020-05-17,0,21
Moerbeke (Gent),2020-05-18,0,21
Moerbeke (Gent),2020-05-19,0,21
Moerbeke (Gent),2020-05-20,0,21
Moerbeke (Gent),2020-05-21,0,21
Moerbeke (Gent),2020-05-22,0,21
Moerbeke (Gent),2020-05-23,0,21
Moerbeke (Gent),2020-05-24,0,21
Moerbeke (Gent),2020-05-25,1,22
Moerbeke (Gent),2020-05-26,0,22
Moerbeke (Gent),2020-05-27,0,22
Moerbeke (Gent),2020-05-28,0,22
Moerbeke (Gent),2020-05-29,0,22
Moerbeke (Gent),2020-05-30,0,22
Moerbeke (Gent),2020-05-31,0,22
Moerbeke (Gent),2020-06-01,0,22
Moerbeke (Gent),2020-06-02,0,22
Moerbeke (Gent),2020-06-03,0,22
Moerbeke (Gent),2020-06-04,0,22
Moerbeke (Gent),2020-06-05,0,22
Moerbeke (Gent),2020-06-06,1,23
Moerbeke (Gent),2020-06-07,0,23
Moerbeke (Gent),2020-06-08,1,24
Moerbeke (Gent),2020-06-09,0,24
Moerbeke (Gent),2020-06-10,0,24
Moerbeke (Gent),2020-06-11,0,24
Moerbeke (Gent),2020-06-12,0,24
Moerbeke (Gent),2020-06-13,0,24
Moerbeke (Gent),2020-06-14,0,24
Moerbeke (Gent),2020-06-15,0,24
Moerbeke (Gent),2020-06-16,0,24
Moerbeke (Gent),2020-06-17,0,24
Moerbeke (Gent),2020-06-18,0,24
Moerbeke (Gent),2020-06-19,0,24
Moerbeke (Gent),2020-06-20,0,24
Moerbeke (Gent),2020-06-23,0,24
Moerbeke (Gent),2020-06-24,0,24
Moerbeke (Gent),2020-06-25,0,24
Moerbeke (Gent),2020-06-26,0,24
Moerbeke (Gent),2020-06-27,0,24
Moerbeke (Gent),2020-06-30,0,24
Moerbeke (Gent),2020-07-01,0,24
Moerbeke (Gent),2020-07-02,0,24
Moerbeke (Gent),2020-07-03,0,24
Moerbeke (Gent),2020-07-04,0,24
Moerbeke (Gent),2020-07-07,0,24
Moerbeke (Gent),2020-07-08,0,24
Moerbeke (Gent),2020-07-09,0,24
Moerbeke (Gent),2020-07-10,0,24
Moerbeke (Gent),2020-07-11,0,24
Moerbeke (Gent),2020-07-14,0,24
Moerbeke (Gent),2020-07-15,0,24
Moerbeke (Gent),2020-07-16,0,24
Moerbeke (Gent),2020-07-17,0,24
Moerbeke (Gent),2020-07-18,0,24
Moerbeke (Gent),2020-07-20,0,24
Moerbeke (Gent),2020-07-21,0,24
Moerbeke (Gent),2020-07-22,0,24
Moerbeke (Gent),2020-07-23,4,28
Moerbeke (Gent),2020-07-24,0,28
Moerbeke (Gent),2020-07-25,0,28
Moerbeke (Gent),2020-07-26,0,28
Moerbeke (Gent),2020-07-27,0,28
Moerbeke (Gent),2020-07-28,0,28
Moerbeke (Gent),2020-07-29,0,28
Moerbeke (Gent),2020-07-30,1,29
Moerbeke (Gent),2020-07-31,1,30
Nazareth,2020-04-01,0,5
Nazareth,2020-04-02,1,6
Nazareth,2020-04-03,0,6
Nazareth,2020-04-04,1,7
Nazareth,2020-04-05,0,7
Nazareth,2020-04-06,2,9
Nazareth,2020-04-07,0,9
Nazareth,2020-04-08,0,9
Nazareth,2020-04-09,1,10
Nazareth,2020-04-10,1,11
Nazareth,2020-04-11,0,11
Nazareth,2020-04-12,1,12
Nazareth,2020-04-13,1,13
Nazareth,2020-04-14,0,13
Nazareth,2020-04-15,0,13
Nazareth,2020-04-16,0,13
Nazareth,2020-04-17,0,13
Nazareth,2020-04-18,1,14
Nazareth,2020-04-19,0,14
Nazareth,2020-04-20,0,14
Nazareth,2020-04-21,0,14
Nazareth,2020-04-22,0,14
Nazareth,2020-04-23,1,15
Nazareth,2020-04-24,0,15
Nazareth,2020-04-25,0,15
Nazareth,2020-04-26,0,15
Nazareth,2020-04-27,0,15
Nazareth,2020-04-28,0,15
Nazareth,2020-04-29,3,18
Nazareth,2020-04-30,1,19
Nazareth,2020-05-01,0,19
Nazareth,2020-05-02,1,20
Nazareth,2020-05-03,1,21
Nazareth,2020-05-04,0,21
Nazareth,2020-05-05,0,21
Nazareth,2020-05-06,0,21
Nazareth,2020-05-07,0,21
Nazareth,2020-05-08,0,21
Nazareth,2020-05-09,0,21
Nazareth,2020-05-10,0,21
Nazareth,2020-05-11,0,21
Nazareth,2020-05-12,0,21
Nazareth,2020-05-13,0,21
Nazareth,2020-05-14,0,21
Nazareth,2020-05-15,0,21
Nazareth,2020-05-16,0,21
Nazareth,2020-05-17,0,21
Nazareth,2020-05-18,0,21
Nazareth,2020-05-19,0,21
Nazareth,2020-05-20,0,21
Nazareth,2020-05-21,0,21
Nazareth,2020-05-22,0,21
Nazareth,2020-05-23,0,21
Nazareth,2020-05-24,0,21
Nazareth,2020-05-25,0,21
Nazareth,2020-05-26,0,21
Nazareth,2020-05-27,0,21
Nazareth,2020-05-28,0,21
Nazareth,2020-05-29,0,21
Nazareth,2020-05-30,0,21
Nazareth,2020-05-31,0,21
Nazareth,2020-06-01,0,21
Nazareth,2020-06-02,0,21
Nazareth,2020-06-03,0,21
Nazareth,2020-06-04,0,21
Nazareth,2020-06-05,0,21
Nazareth,2020-06-06,0,21
Nazareth,2020-06-07,0,21
Nazareth,2020-06-08,0,21
Nazareth,2020-06-09,0,21
Nazareth,2020-06-10,0,21
Nazareth,2020-06-11,0,21
Nazareth,2020-06-12,0,21
Nazareth,2020-06-13,0,21
Nazareth,2020-06-14,0,21
Nazareth,2020-06-15,0,21
Nazareth,2020-06-16,0,21
Nazareth,2020-06-17,0,21
Nazareth,2020-06-18,0,21
Nazareth,2020-06-19,0,21
Nazareth,2020-06-20,0,21
Nazareth,2020-06-23,0,21
Nazareth,2020-06-24,0,21
Nazareth,2020-06-25,0,21
Nazareth,2020-06-26,0,21
Nazareth,2020-06-27,0,21
Nazareth,2020-06-30,0,21
Nazareth,2020-07-01,0,21
Nazareth,2020-07-02,0,21
Nazareth,2020-07-03,0,21
Nazareth,2020-07-04,0,21
Nazareth,2020-07-07,0,21
Nazareth,2020-07-08,0,21
Nazareth,2020-07-09,0,21
Nazareth,2020-07-10,0,21
Nazareth,2020-07-11,0,21
Nazareth,2020-07-14,0,21
Nazareth,2020-07-15,0,21
Nazareth,2020-07-16,0,21
Nazareth,2020-07-17,0,21
Nazareth,2020-07-18,0,21
Nazareth,2020-07-20,0,21
Nazareth,2020-07-21,0,21
Nazareth,2020-07-22,0,21
Nazareth,2020-07-23,0,21
Nazareth,2020-07-24,0,21
Nazareth,2020-07-25,0,21
Nazareth,2020-07-26,0,21
Nazareth,2020-07-27,0,21
Nazareth,2020-07-28,0,21
Nazareth,2020-07-29,1,22
Nazareth,2020-07-30,0,22
Nazareth,2020-07-31,0,22
Oosterzele,2020-04-01,1,13
Oosterzele,2020-04-02,2,15
Oosterzele,2020-04-03,1,16
Oosterzele,2020-04-04,1,17
Oosterzele,2020-04-05,0,17
Oosterzele,2020-04-06,0,17
Oosterzele,2020-04-07,0,17
Oosterzele,2020-04-08,0,17
Oosterzele,2020-04-09,1,18
Oosterzele,2020-04-10,1,19
Oosterzele,2020-04-11,1,20
Oosterzele,2020-04-12,0,20
Oosterzele,2020-04-13,1,21
Oosterzele,2020-04-14,0,21
Oosterzele,2020-04-15,2,23
Oosterzele,2020-04-16,0,23
Oosterzele,2020-04-17,2,25
Oosterzele,2020-04-18,0,25
Oosterzele,2020-04-19,0,25
Oosterzele,2020-04-20,1,26
Oosterzele,2020-04-21,0,26
Oosterzele,2020-04-22,0,26
Oosterzele,2020-04-23,0,26
Oosterzele,2020-04-24,0,26
Oosterzele,2020-04-25,1,27
Oosterzele,2020-04-26,0,27
Oosterzele,2020-04-27,0,27
Oosterzele,2020-04-28,0,27
Oosterzele,2020-04-29,0,27
Oosterzele,2020-04-30,0,27
Oosterzele,2020-05-01,0,27
Oosterzele,2020-05-02,0,27
Oosterzele,2020-05-03,0,27
Oosterzele,2020-05-04,0,27
Oosterzele,2020-05-05,0,27
Oosterzele,2020-05-06,0,27
Oosterzele,2020-05-07,0,27
Oosterzele,2020-05-08,0,27
Oosterzele,2020-05-09,0,27
Oosterzele,2020-05-10,0,27
Oosterzele,2020-05-11,0,27
Oosterzele,2020-05-12,0,27
Oosterzele,2020-05-13,0,27
Oosterzele,2020-05-14,0,27
Oosterzele,2020-05-15,0,27
Oosterzele,2020-05-16,0,27
Oosterzele,2020-05-17,0,27
Oosterzele,2020-05-18,0,27
Oosterzele,2020-05-19,0,27
Oosterzele,2020-05-20,0,27
Oosterzele,2020-05-21,0,27
Oosterzele,2020-05-22,0,27
Oosterzele,2020-05-23,1,28
Oosterzele,2020-05-24,0,28
Oosterzele,2020-05-25,0,28
Oosterzele,2020-05-26,0,28
Oosterzele,2020-05-27,1,29
Oosterzele,2020-05-28,0,29
Oosterzele,2020-05-29,0,29
Oosterzele,2020-05-30,0,29
Oosterzele,2020-05-31,0,29
Oosterzele,2020-06-01,0,29
Oosterzele,2020-06-02,0,29
Oosterzele,2020-06-03,0,29
Oosterzele,2020-06-04,0,29
Oosterzele,2020-06-05,0,29
Oosterzele,2020-06-06,0,29
Oosterzele,2020-06-07,1,30
Oosterzele,2020-06-08,0,30
Oosterzele,2020-06-09,1,31
Oosterzele,2020-06-10,0,31
Oosterzele,2020-06-11,0,31
Oosterzele,2020-06-12,0,31
Oosterzele,2020-06-13,0,31
Oosterzele,2020-06-14,0,31
Oosterzele,2020-06-15,0,31
Oosterzele,2020-06-16,0,31
Oosterzele,2020-06-17,0,31
Oosterzele,2020-06-18,0,31
Oosterzele,2020-06-19,0,31
Oosterzele,2020-06-20,0,31
Oosterzele,2020-06-23,0,31
Oosterzele,2020-06-24,0,31
Oosterzele,2020-06-25,0,31
Oosterzele,2020-06-26,0,31
Oosterzele,2020-06-27,0,31
Oosterzele,2020-06-30,0,31
Oosterzele,2020-07-01,0,31
Oosterzele,2020-07-02,0,31
Oosterzele,2020-07-03,0,31
Oosterzele,2020-07-04,0,31
Oosterzele,2020-07-07,0,31
Oosterzele,2020-07-08,0,31
Oosterzele,2020-07-09,0,31
Oosterzele,2020-07-10,0,31
Oosterzele,2020-07-11,0,31
Oosterzele,2020-07-14,0,31
Oosterzele,2020-07-15,0,31
Oosterzele,2020-07-16,0,31
Oosterzele,2020-07-17,0,31
Oosterzele,2020-07-18,0,31
Oosterzele,2020-07-20,0,31
Oosterzele,2020-07-21,0,31
Oosterzele,2020-07-22,0,31
Oosterzele,2020-07-23,0,31
Oosterzele,2020-07-24,0,31
Oosterzele,2020-07-25,0,31
Oosterzele,2020-07-26,0,31
Oosterzele,2020-07-27,0,31
Oosterzele,2020-07-28,0,31
Oosterzele,2020-07-29,2,33
Oosterzele,2020-07-30,0,33
Oosterzele,2020-07-31,1,34
Sint-Martens-Latem,2020-04-01,1,20
Sint-Martens-Latem,2020-04-02,1,21
Sint-Martens-Latem,2020-04-03,1,22
Sint-Martens-Latem,2020-04-04,0,22
Sint-Martens-Latem,2020-04-05,0,22
Sint-Martens-Latem,2020-04-06,0,22
Sint-Martens-Latem,2020-04-07,0,22
Sint-Martens-Latem,2020-04-08,0,22
Sint-Martens-Latem,2020-04-09,0,22
Sint-Martens-Latem,2020-04-10,0,22
Sint-Martens-Latem,2020-04-11,0,22
Sint-Martens-Latem,2020-04-12,0,22
Sint-Martens-Latem,2020-04-13,2,24
Sint-Martens-Latem,2020-04-14,3,27
Sint-Martens-Latem,2020-04-15,1,28
Sint-Martens-Latem,2020-04-16,1,29
Sint-Martens-Latem,2020-04-17,-1,28
Sint-Martens-Latem,2020-04-18,1,29
Sint-Martens-Latem,2020-04-19,1,30
Sint-Martens-Latem,2020-04-20,0,30
Sint-Martens-Latem,2020-04-21,1,31
Sint-Martens-Latem,2020-04-22,0,31
Sint-Martens-Latem,2020-04-23,0,31
Sint-Martens-Latem,2020-04-24,1,32
Sint-Martens-Latem,2020-04-25,1,33
Sint-Martens-Latem,2020-04-26,0,33
Sint-Martens-Latem,2020-04-27,3,36
Sint-Martens-Latem,2020-04-28,0,36
Sint-Martens-Latem,2020-04-29,0,36
Sint-Martens-Latem,2020-04-30,0,36
Sint-Martens-Latem,2020-05-01,3,39
Sint-Martens-Latem,2020-05-02,1,40
Sint-Martens-Latem,2020-05-03,0,40
Sint-Martens-Latem,2020-05-04,0,40
Sint-Martens-Latem,2020-05-05,2,42
Sint-Martens-Latem,2020-05-06,1,43
Sint-Martens-Latem,2020-05-07,3,46
Sint-Martens-Latem,2020-05-08,0,46
Sint-Martens-Latem,2020-05-09,0,46
Sint-Martens-Latem,2020-05-10,2,48
Sint-Martens-Latem,2020-05-11,1,49
Sint-Martens-Latem,2020-05-12,0,49
Sint-Martens-Latem,2020-05-13,0,49
Sint-Martens-Latem,2020-05-14,0,49
Sint-Martens-Latem,2020-05-15,0,49
Sint-Martens-Latem,2020-05-16,0,49
Sint-Martens-Latem,2020-05-17,0,49
Sint-Martens-Latem,2020-05-18,0,49
Sint-Martens-Latem,2020-05-19,0,49
Sint-Martens-Latem,2020-05-20,0,49
Sint-Martens-Latem,2020-05-21,0,49
Sint-Martens-Latem,2020-05-22,0,49
Sint-Martens-Latem,2020-05-23,0,49
Sint-Martens-Latem,2020-05-24,0,49
Sint-Martens-Latem,2020-05-25,0,49
Sint-Martens-Latem,2020-05-26,0,49
Sint-Martens-Latem,2020-05-27,0,49
Sint-Martens-Latem,2020-05-28,0,49
Sint-Martens-Latem,2020-05-29,0,49
Sint-Martens-Latem,2020-05-30,0,49
Sint-Martens-Latem,2020-05-31,0,49
Sint-Martens-Latem,2020-06-01,0,49
Sint-Martens-Latem,2020-06-02,0,49
Sint-Martens-Latem,2020-06-03,0,49
Sint-Martens-Latem,2020-06-04,0,49
Sint-Martens-Latem,2020-06-05,0,49
Sint-Martens-Latem,2020-06-06,0,49
Sint-Martens-Latem,2020-06-07,0,49
Sint-Martens-Latem,2020-06-08,0,49
Sint-Martens-Latem,2020-06-09,0,49
Sint-Martens-Latem,2020-06-10,0,49
Sint-Martens-Latem,2020-06-11,0,49
Sint-Martens-Latem,2020-06-12,0,49
Sint-Martens-Latem,2020-06-13,0,49
Sint-Martens-Latem,2020-06-14,0,49
Sint-Martens-Latem,2020-06-15,0,49
Sint-Martens-Latem,2020-06-16,0,49
Sint-Martens-Latem,2020-06-17,0,49
Sint-Martens-Latem,2020-06-18,0,49
Sint-Martens-Latem,2020-06-19,0,49
Sint-Martens-Latem,2020-06-20,0,49
Sint-Martens-Latem,2020-06-23,0,49
Sint-Martens-Latem,2020-06-24,0,49
Sint-Martens-Latem,2020-06-25,0,49
Sint-Martens-Latem,2020-06-26,0,49
Sint-Martens-Latem,2020-06-27,0,49
Sint-Martens-Latem,2020-06-30,0,49
Sint-Martens-Latem,2020-07-01,0,49
Sint-Martens-Latem,2020-07-02,0,49
Sint-Martens-Latem,2020-07-03,0,49
Sint-Martens-Latem,2020-07-04,0,49
Sint-Martens-Latem,2020-07-07,0,49
Sint-Martens-Latem,2020-07-08,0,49
Sint-Martens-Latem,2020-07-09,0,49
Sint-Martens-Latem,2020-07-10,0,49
Sint-Martens-Latem,2020-07-11,0,49
Sint-Martens-Latem,2020-07-14,1,50
Sint-Martens-Latem,2020-07-15,0,50
Sint-Martens-Latem,2020-07-16,0,50
Sint-Martens-Latem,2020-07-17,0,50
Sint-Martens-Latem,2020-07-18,1,51
Sint-Martens-Latem,2020-07-20,0,51
Sint-Martens-Latem,2020-07-21,0,51
Sint-Martens-Latem,2020-07-22,0,51
Sint-Martens-Latem,2020-07-23,1,52
Sint-Martens-Latem,2020-07-24,1,53
Sint-Martens-Latem,2020-07-25,0,53
Sint-Martens-Latem,2020-07-26,0,53
Sint-Martens-Latem,2020-07-27,1,54
Sint-Martens-Latem,2020-07-28,0,54
Sint-Martens-Latem,2020-07-29,1,55
Sint-Martens-Latem,2020-07-30,0,55
Sint-Martens-Latem,2020-07-31,0,55
Wachtebeke,2020-04-01,2,14
Wachtebeke,2020-04-02,7,21
Wachtebeke,2020-04-03,2,23
Wachtebeke,2020-04-04,4,27
Wachtebeke,2020-04-05,2,29
Wachtebeke,2020-04-06,1,30
Wachtebeke,2020-04-07,2,32
Wachtebeke,2020-04-08,2,34
Wachtebeke,2020-04-09,2,36
Wachtebeke,2020-04-10,0,36
Wachtebeke,2020-04-11,1,37
Wachtebeke,2020-04-12,2,39
Wachtebeke,2020-04-13,0,39
Wachtebeke,2020-04-14,0,39
Wachtebeke,2020-04-15,48,87
Wachtebeke,2020-04-16,2,89
Wachtebeke,2020-04-17,0,89
Wachtebeke,2020-04-18,0,89
Wachtebeke,2020-04-19,1,90
Wachtebeke,2020-04-20,0,90
Wachtebeke,2020-04-21,0,90
Wachtebeke,2020-04-22,0,90
Wachtebeke,2020-04-23,0,90
Wachtebeke,2020-04-24,0,90
Wachtebeke,2020-04-25,0,90
Wachtebeke,2020-04-26,0,90
Wachtebeke,2020-04-27,0,90
Wachtebeke,2020-04-28,0,90
Wachtebeke,2020-04-29,1,91
Wachtebeke,2020-04-30,0,91
Wachtebeke,2020-05-01,1,92
Wachtebeke,2020-05-02,1,93
Wachtebeke,2020-05-03,0,93
Wachtebeke,2020-05-04,0,93
Wachtebeke,2020-05-05,0,93
Wachtebeke,2020-05-06,0,93
Wachtebeke,2020-05-07,0,93
Wachtebeke,2020-05-08,0,93
Wachtebeke,2020-05-09,0,93
Wachtebeke,2020-05-10,0,93
Wachtebeke,2020-05-11,0,93
Wachtebeke,2020-05-12,0,93
Wachtebeke,2020-05-13,0,93
Wachtebeke,2020-05-14,0,93
Wachtebeke,2020-05-15,0,93
Wachtebeke,2020-05-16,0,93
Wachtebeke,2020-05-17,0,93
Wachtebeke,2020-05-18,0,93
Wachtebeke,2020-05-19,0,93
Wachtebeke,2020-05-20,0,93
Wachtebeke,2020-05-21,0,93
Wachtebeke,2020-05-22,0,93
Wachtebeke,2020-05-23,0,93
Wachtebeke,2020-05-24,0,93
Wachtebeke,2020-05-25,0,93
Wachtebeke,2020-05-26,0,93
Wachtebeke,2020-05-27,0,93
Wachtebeke,2020-05-28,1,94
Wachtebeke,2020-05-29,0,94
Wachtebeke,2020-05-30,0,94
Wachtebeke,2020-05-31,0,94
Wachtebeke,2020-06-01,0,94
Wachtebeke,2020-06-02,0,94
Wachtebeke,2020-06-03,0,94
Wachtebeke,2020-06-04,0,94
Wachtebeke,2020-06-05,0,94
Wachtebeke,2020-06-06,0,94
Wachtebeke,2020-06-07,1,95
Wachtebeke,2020-06-08,0,95
Wachtebeke,2020-06-09,0,95
Wachtebeke,2020-06-10,0,95
Wachtebeke,2020-06-11,0,95
Wachtebeke,2020-06-12,0,95
Wachtebeke,2020-06-13,0,95
Wachtebeke,2020-06-14,0,95
Wachtebeke,2020-06-15,0,95
Wachtebeke,2020-06-16,0,95
Wachtebeke,2020-06-17,0,95
Wachtebeke,2020-06-18,0,95
Wachtebeke,2020-06-19,0,95
Wachtebeke,2020-06-20,0,95
Wachtebeke,2020-06-23,0,95
Wachtebeke,2020-06-24,0,95
Wachtebeke,2020-06-25,0,95
Wachtebeke,2020-06-26,1,96
Wachtebeke,2020-06-27,0,96
Wachtebeke,2020-06-30,0,96
Wachtebeke,2020-07-01,0,96
Wachtebeke,2020-07-02,0,96
Wachtebeke,2020-07-03,0,96
Wachtebeke,2020-07-04,0,96
Wachtebeke,2020-07-07,0,96
Wachtebeke,2020-07-08,0,96
Wachtebeke,2020-07-09,0,96
Wachtebeke,2020-07-10,0,96
Wachtebeke,2020-07-11,0,96
Wachtebeke,2020-07-14,0,96
Wachtebeke,2020-07-15,0,96
Wachtebeke,2020-07-16,0,96
Wachtebeke,2020-07-17,0,96
Wachtebeke,2020-07-18,0,96
Wachtebeke,2020-07-20,0,96
Wachtebeke,2020-07-21,0,96
Wachtebeke,2020-07-22,0,96
Wachtebeke,2020-07-23,0,96
Wachtebeke,2020-07-24,0,96
Wachtebeke,2020-07-25,0,96
Wachtebeke,2020-07-26,0,96
Wachtebeke,2020-07-27,0,96
Wachtebeke,2020-07-28,0,96
Wachtebeke,2020-07-29,0,96
Wachtebeke,2020-07-30,0,96
Wachtebeke,2020-07-31,0,96
Zulte,2020-04-01,2,21
Zulte,2020-04-02,2,23
Zulte,2020-04-03,0,23
Zulte,2020-04-04,1,24
Zulte,2020-04-05,0,24
Zulte,2020-04-06,0,24
Zulte,2020-04-07,0,24
Zulte,2020-04-08,1,25
Zulte,2020-04-09,1,26
Zulte,2020-04-10,2,28
Zulte,2020-04-11,0,28
Zulte,2020-04-12,1,29
Zulte,2020-04-13,0,29
Zulte,2020-04-14,1,30
Zulte,2020-04-15,1,31
Zulte,2020-04-16,1,32
Zulte,2020-04-17,0,32
Zulte,2020-04-18,2,34
Zulte,2020-04-19,4,38
Zulte,2020-04-20,0,38
Zulte,2020-04-21,0,38
Zulte,2020-04-22,0,38
Zulte,2020-04-23,0,38
Zulte,2020-04-24,1,39
Zulte,2020-04-25,0,39
Zulte,2020-04-26,1,40
Zulte,2020-04-27,0,40
Zulte,2020-04-28,0,40
Zulte,2020-04-29,1,41
Zulte,2020-04-30,1,42
Zulte,2020-05-01,1,43
Zulte,2020-05-02,0,43
Zulte,2020-05-03,0,43
Zulte,2020-05-04,1,44
Zulte,2020-05-05,0,44
Zulte,2020-05-06,0,44
Zulte,2020-05-07,3,47
Zulte,2020-05-08,2,49
Zulte,2020-05-09,0,49
Zulte,2020-05-10,0,49
Zulte,2020-05-11,0,49
Zulte,2020-05-12,1,50
Zulte,2020-05-13,0,50
Zulte,2020-05-14,0,50
Zulte,2020-05-15,0,50
Zulte,2020-05-16,1,51
Zulte,2020-05-17,1,52
Zulte,2020-05-18,1,53
Zulte,2020-05-19,0,53
Zulte,2020-05-20,0,53
Zulte,2020-05-21,0,53
Zulte,2020-05-22,0,53
Zulte,2020-05-23,0,53
Zulte,2020-05-24,0,53
Zulte,2020-05-25,0,53
Zulte,2020-05-26,0,53
Zulte,2020-05-27,0,53
Zulte,2020-05-28,0,53
Zulte,2020-05-29,0,53
Zulte,2020-05-30,0,53
Zulte,2020-05-31,0,53
Zulte,2020-06-01,0,53
Zulte,2020-06-02,1,54
Zulte,2020-06-03,0,54
Zulte,2020-06-04,0,54
Zulte,2020-06-05,0,54
Zulte,2020-06-06,0,54
Zulte,2020-06-07,0,54
Zulte,2020-06-08,0,54
Zulte,2020-06-09,0,54
Zulte,2020-06-10,0,54
Zulte,2020-06-11,0,54
Zulte,2020-06-12,0,54
Zulte,2020-06-13,0,54
Zulte,2020-06-14,0,54
Zulte,2020-06-15,0,54
Zulte,2020-06-16,0,54
Zulte,2020-06-17,0,54
Zulte,2020-06-18,1,55
Zulte,2020-06-19,0,55
Zulte,2020-06-20,0,55
Zulte,2020-06-23,0,55
Zulte,2020-06-24,0,55
Zulte,2020-06-25,0,55
Zulte,2020-06-26,0,55
Zulte,2020-06-27,0,55
Zulte,2020-06-30,1,56
Zulte,2020-07-01,0,56
Zulte,2020-07-02,0,56
Zulte,2020-07-03,0,56
Zulte,2020-07-04,0,56
Zulte,2020-07-07,0,56
Zulte,2020-07-08,0,56
Zulte,2020-07-09,0,56
Zulte,2020-07-10,0,56
Zulte,2020-07-11,0,56
Zulte,2020-07-14,0,56
Zulte,2020-07-15,0,56
Zulte,2020-07-16,0,56
Zulte,2020-07-17,1,57
Zulte,2020-07-18,0,57
Zulte,2020-07-20,1,58
Zulte,2020-07-21,0,58
Zulte,2020-07-22,0,58
Zulte,2020-07-23,0,58
Zulte,2020-07-24,0,58
Zulte,2020-07-25,0,58
Zulte,2020-07-26,0,58
Zulte,2020-07-27,1,59
Zulte,2020-07-28,0,59
Zulte,2020-07-29,0,59
Zulte,2020-07-30,2,61
Zulte,2020-07-31,0,61
Deinze,2020-04-01,1,27
Deinze,2020-04-02,7,34
Deinze,2020-04-03,1,35
Deinze,2020-04-04,6,41
Deinze,2020-04-05,3,44
Deinze,2020-04-06,2,46
Deinze,2020-04-07,3,49
Deinze,2020-04-08,1,50
Deinze,2020-04-09,4,54
Deinze,2020-04-10,3,57
Deinze,2020-04-11,0,57
Deinze,2020-04-12,1,58
Deinze,2020-04-13,1,59
Deinze,2020-04-14,1,60
Deinze,2020-04-15,2,62
Deinze,2020-04-16,1,63
Deinze,2020-04-17,2,65
Deinze,2020-04-18,2,67
Deinze,2020-04-19,3,70
Deinze,2020-04-20,0,70
Deinze,2020-04-21,3,73
Deinze,2020-04-22,0,73
Deinze,2020-04-23,1,74
Deinze,2020-04-24,0,74
Deinze,2020-04-25,4,78
Deinze,2020-04-26,5,83
Deinze,2020-04-27,1,84
Deinze,2020-04-28,1,85
Deinze,2020-04-29,0,85
Deinze,2020-04-30,0,85
Deinze,2020-05-01,0,85
Deinze,2020-05-02,1,86
Deinze,2020-05-03,0,86
Deinze,2020-05-04,1,87
Deinze,2020-05-05,1,88
Deinze,2020-05-06,0,88
Deinze,2020-05-07,1,89
Deinze,2020-05-08,0,89
Deinze,2020-05-09,8,97
Deinze,2020-05-10,0,97
Deinze,2020-05-11,3,100
Deinze,2020-05-12,1,101
Deinze,2020-05-13,0,101
Deinze,2020-05-14,0,101
Deinze,2020-05-15,0,101
Deinze,2020-05-16,1,102
Deinze,2020-05-17,0,102
Deinze,2020-05-18,0,102
Deinze,2020-05-19,0,102
Deinze,2020-05-20,0,102
Deinze,2020-05-21,1,103
Deinze,2020-05-22,0,103
Deinze,2020-05-23,0,103
Deinze,2020-05-24,0,103
Deinze,2020-05-25,1,104
Deinze,2020-05-26,1,105
Deinze,2020-05-27,0,105
Deinze,2020-05-28,0,105
Deinze,2020-05-29,0,105
Deinze,2020-05-30,0,105
Deinze,2020-05-31,0,105
Deinze,2020-06-01,0,105
Deinze,2020-06-02,0,105
Deinze,2020-06-03,0,105
Deinze,2020-06-04,0,105
Deinze,2020-06-05,0,105
Deinze,2020-06-06,0,105
Deinze,2020-06-07,0,105
Deinze,2020-06-08,0,105
Deinze,2020-06-09,0,105
Deinze,2020-06-10,0,105
Deinze,2020-06-11,0,105
Deinze,2020-06-12,1,106
Deinze,2020-06-13,0,106
Deinze,2020-06-14,0,106
Deinze,2020-06-15,0,106
Deinze,2020-06-16,0,106
Deinze,2020-06-17,0,106
Deinze,2020-06-18,0,106
Deinze,2020-06-19,0,106
Deinze,2020-06-20,1,107
Deinze,2020-06-23,2,109
Deinze,2020-06-24,0,109
Deinze,2020-06-25,0,109
Deinze,2020-06-26,0,109
Deinze,2020-06-27,0,109
Deinze,2020-06-30,0,109
Deinze,2020-07-01,0,109
Deinze,2020-07-02,0,109
Deinze,2020-07-03,0,109
Deinze,2020-07-04,0,109
Deinze,2020-07-07,1,110
Deinze,2020-07-08,0,110
Deinze,2020-07-09,1,111
Deinze,2020-07-10,0,111
Deinze,2020-07-11,0,111
Deinze,2020-07-14,0,111
Deinze,2020-07-15,1,112
Deinze,2020-07-16,0,112
Deinze,2020-07-17,1,113
Deinze,2020-07-18,2,115
Deinze,2020-07-20,3,118
Deinze,2020-07-21,0,118
Deinze,2020-07-22,1,119
Deinze,2020-07-23,0,119
Deinze,2020-07-24,1,120
Deinze,2020-07-25,2,122
Deinze,2020-07-26,0,122
Deinze,2020-07-27,0,122
Deinze,2020-07-28,1,123
Deinze,2020-07-29,0,123
Deinze,2020-07-30,1,124
Deinze,2020-07-31,0,124
Aalter,2020-04-01,2,30
Aalter,2020-04-02,3,33
Aalter,2020-04-03,4,37
Aalter,2020-04-04,3,40
Aalter,2020-04-05,1,41
Aalter,2020-04-06,3,44
Aalter,2020-04-07,5,49
Aalter,2020-04-08,1,50
Aalter,2020-04-09,1,51
Aalter,2020-04-10,3,54
Aalter,2020-04-11,1,55
Aalter,2020-04-12,3,58
Aalter,2020-04-13,4,62
Aalter,2020-04-14,2,64
Aalter,2020-04-15,2,66
Aalter,2020-04-16,4,70
Aalter,2020-04-17,2,72
Aalter,2020-04-18,5,77
Aalter,2020-04-19,2,79
Aalter,2020-04-20,0,79
Aalter,2020-04-21,0,79
Aalter,2020-04-22,0,79
Aalter,2020-04-23,2,81
Aalter,2020-04-24,1,82
Aalter,2020-04-25,1,83
Aalter,2020-04-26,1,84
Aalter,2020-04-27,0,84
Aalter,2020-04-28,0,84
Aalter,2020-04-29,1,85
Aalter,2020-04-30,2,87
Aalter,2020-05-01,0,87
Aalter,2020-05-02,0,87
Aalter,2020-05-03,0,87
Aalter,2020-05-04,0,87
Aalter,2020-05-05,0,87
Aalter,2020-05-06,2,89
Aalter,2020-05-07,0,89
Aalter,2020-05-08,3,92
Aalter,2020-05-09,0,92
Aalter,2020-05-10,0,92
Aalter,2020-05-11,0,92
Aalter,2020-05-12,0,92
Aalter,2020-05-13,0,92
Aalter,2020-05-14,0,92
Aalter,2020-05-15,1,93
Aalter,2020-05-16,1,94
Aalter,2020-05-17,0,94
Aalter,2020-05-18,3,97
Aalter,2020-05-19,3,100
Aalter,2020-05-20,2,102
Aalter,2020-05-21,1,103
Aalter,2020-05-22,1,104
Aalter,2020-05-23,0,104
Aalter,2020-05-24,3,107
Aalter,2020-05-25,1,108
Aalter,2020-05-26,1,109
Aalter,2020-05-27,0,109
Aalter,2020-05-28,1,110
Aalter,2020-05-29,0,110
Aalter,2020-05-30,0,110
Aalter,2020-05-31,0,110
Aalter,2020-06-01,2,112
Aalter,2020-06-02,0,112
Aalter,2020-06-03,0,112
Aalter,2020-06-04,0,112
Aalter,2020-06-05,0,112
Aalter,2020-06-06,0,112
Aalter,2020-06-07,0,112
Aalter,2020-06-08,0,112
Aalter,2020-06-09,0,112
Aalter,2020-06-10,0,112
Aalter,2020-06-11,0,112
Aalter,2020-06-12,0,112
Aalter,2020-06-13,0,112
Aalter,2020-06-14,0,112
Aalter,2020-06-15,0,112
Aalter,2020-06-16,0,112
Aalter,2020-06-17,0,112
Aalter,2020-06-18,0,112
Aalter,2020-06-19,0,112
Aalter,2020-06-20,0,112
Aalter,2020-06-23,0,112
Aalter,2020-06-24,1,113
Aalter,2020-06-25,0,113
Aalter,2020-06-26,0,113
Aalter,2020-06-27,0,113
Aalter,2020-06-30,1,114
Aalter,2020-07-01,0,114
Aalter,2020-07-02,0,114
Aalter,2020-07-03,0,114
Aalter,2020-07-04,0,114
Aalter,2020-07-07,0,114
Aalter,2020-07-08,0,114
Aalter,2020-07-09,0,114
Aalter,2020-07-10,0,114
Aalter,2020-07-11,1,115
Aalter,2020-07-14,0,115
Aalter,2020-07-15,0,115
Aalter,2020-07-16,0,115
Aalter,2020-07-17,1,116
Aalter,2020-07-18,0,116
Aalter,2020-07-20,1,117
Aalter,2020-07-21,1,118
Aalter,2020-07-22,1,119
Aalter,2020-07-23,0,119
Aalter,2020-07-24,0,119
Aalter,2020-07-25,1,120
Aalter,2020-07-26,2,122
Aalter,2020-07-27,0,122
Aalter,2020-07-28,0,122
Aalter,2020-07-29,0,122
Aalter,2020-07-30,0,122
Aalter,2020-07-31,0,122
Lievegem,2020-04-01,3,39
Lievegem,2020-04-02,5,44
Lievegem,2020-04-03,4,48
Lievegem,2020-04-04,5,53
Lievegem,2020-04-05,6,59
Lievegem,2020-04-06,1,60
Lievegem,2020-04-07,6,66
Lievegem,2020-04-08,1,67
Lievegem,2020-04-09,4,71
Lievegem,2020-04-10,6,77
Lievegem,2020-04-11,6,83
Lievegem,2020-04-12,1,84
Lievegem,2020-04-13,2,86
Lievegem,2020-04-14,2,88
Lievegem,2020-04-15,4,92
Lievegem,2020-04-16,0,92
Lievegem,2020-04-17,2,94
Lievegem,2020-04-18,2,96
Lievegem,2020-04-19,2,98
Lievegem,2020-04-20,1,99
Lievegem,2020-04-21,1,100
Lievegem,2020-04-22,1,101
Lievegem,2020-04-23,6,107
Lievegem,2020-04-24,3,110
Lievegem,2020-04-25,11,121
Lievegem,2020-04-26,1,122
Lievegem,2020-04-27,0,122
Lievegem,2020-04-28,1,123
Lievegem,2020-04-29,3,126
Lievegem,2020-04-30,2,128
Lievegem,2020-05-01,2,130
Lievegem,2020-05-02,1,131
Lievegem,2020-05-03,1,132
Lievegem,2020-05-04,0,132
Lievegem,2020-05-05,0,132
Lievegem,2020-05-06,2,134
Lievegem,2020-05-07,0,134
Lievegem,2020-05-08,2,136
Lievegem,2020-05-09,2,138
Lievegem,2020-05-10,1,139
Lievegem,2020-05-11,1,140
Lievegem,2020-05-12,2,142
Lievegem,2020-05-13,0,142
Lievegem,2020-05-14,1,143
Lievegem,2020-05-15,0,143
Lievegem,2020-05-16,0,143
Lievegem,2020-05-17,1,144
Lievegem,2020-05-18,1,145
Lievegem,2020-05-19,2,147
Lievegem,2020-05-20,1,148
Lievegem,2020-05-21,1,149
Lievegem,2020-05-22,1,150
Lievegem,2020-05-23,1,151
Lievegem,2020-05-24,0,151
Lievegem,2020-05-25,2,153
Lievegem,2020-05-26,0,153
Lievegem,2020-05-27,0,153
Lievegem,2020-05-28,0,153
Lievegem,2020-05-29,3,156
Lievegem,2020-05-30,0,156
Lievegem,2020-05-31,1,157
Lievegem,2020-06-01,0,157
Lievegem,2020-06-02,0,157
Lievegem,2020-06-03,0,157
Lievegem,2020-06-04,1,158
Lievegem,2020-06-05,0,158
Lievegem,2020-06-06,0,158
Lievegem,2020-06-07,0,158
Lievegem,2020-06-08,1,159
Lievegem,2020-06-09,0,159
Lievegem,2020-06-10,0,159
Lievegem,2020-06-11,0,159
Lievegem,2020-06-12,0,159
Lievegem,2020-06-13,0,159
Lievegem,2020-06-14,1,160
Lievegem,2020-06-15,0,160
Lievegem,2020-06-16,0,160
Lievegem,2020-06-17,1,161
Lievegem,2020-06-18,0,161
Lievegem,2020-06-19,0,161
Lievegem,2020-06-20,0,161
Lievegem,2020-06-23,2,163
Lievegem,2020-06-24,0,163
Lievegem,2020-06-25,0,163
Lievegem,2020-06-26,0,163
Lievegem,2020-06-27,1,164
Lievegem,2020-06-30,1,165
Lievegem,2020-07-01,0,165
Lievegem,2020-07-02,0,165
Lievegem,2020-07-03,0,165
Lievegem,2020-07-04,0,165
Lievegem,2020-07-07,0,165
Lievegem,2020-07-08,0,165
Lievegem,2020-07-09,0,165
Lievegem,2020-07-10,0,165
Lievegem,2020-07-11,-1,164
Lievegem,2020-07-14,0,164
Lievegem,2020-07-15,0,164
Lievegem,2020-07-16,0,164
Lievegem,2020-07-17,0,164
Lievegem,2020-07-18,0,164
Lievegem,2020-07-20,0,164
Lievegem,2020-07-21,0,164
Lievegem,2020-07-22,1,165
Lievegem,2020-07-23,0,165
Lievegem,2020-07-24,1,166
Lievegem,2020-07-25,3,169
Lievegem,2020-07-26,0,169
Lievegem,2020-07-27,0,169
Lievegem,2020-07-28,0,169
Lievegem,2020-07-29,0,169
Lievegem,2020-07-30,0,169
Lievegem,2020-07-31,0,169
Oudenaarde,2020-04-01,5,39
Oudenaarde,2020-04-02,1,40
Oudenaarde,2020-04-03,1,41
Oudenaarde,2020-04-04,1,42
Oudenaarde,2020-04-05,0,42
Oudenaarde,2020-04-06,0,42
Oudenaarde,2020-04-07,17,59
Oudenaarde,2020-04-08,4,63
Oudenaarde,2020-04-09,5,68
Oudenaarde,2020-04-10,6,74
Oudenaarde,2020-04-11,0,74
Oudenaarde,2020-04-12,9,83
Oudenaarde,2020-04-13,4,87
Oudenaarde,2020-04-14,2,89
Oudenaarde,2020-04-15,4,93
Oudenaarde,2020-04-16,4,97
Oudenaarde,2020-04-17,4,101
Oudenaarde,2020-04-18,11,112
Oudenaarde,2020-04-19,7,119
Oudenaarde,2020-04-20,0,119
Oudenaarde,2020-04-21,2,121
Oudenaarde,2020-04-22,2,123
Oudenaarde,2020-04-23,5,128
Oudenaarde,2020-04-24,2,130
Oudenaarde,2020-04-25,0,130
Oudenaarde,2020-04-26,1,131
Oudenaarde,2020-04-27,2,133
Oudenaarde,2020-04-28,7,140
Oudenaarde,2020-04-29,3,143
Oudenaarde,2020-04-30,3,146
Oudenaarde,2020-05-01,3,149
Oudenaarde,2020-05-02,1,150
Oudenaarde,2020-05-03,2,152
Oudenaarde,2020-05-04,0,152
Oudenaarde,2020-05-05,1,153
Oudenaarde,2020-05-06,0,153
Oudenaarde,2020-05-07,3,156
Oudenaarde,2020-05-08,1,157
Oudenaarde,2020-05-09,0,157
Oudenaarde,2020-05-10,0,157
Oudenaarde,2020-05-11,1,158
Oudenaarde,2020-05-12,1,159
Oudenaarde,2020-05-13,0,159
Oudenaarde,2020-05-14,2,161
Oudenaarde,2020-05-15,2,163
Oudenaarde,2020-05-16,0,163
Oudenaarde,2020-05-17,1,164
Oudenaarde,2020-05-18,1,165
Oudenaarde,2020-05-19,0,165
Oudenaarde,2020-05-20,1,166
Oudenaarde,2020-05-21,0,166
Oudenaarde,2020-05-22,1,167
Oudenaarde,2020-05-23,1,168
Oudenaarde,2020-05-24,2,170
Oudenaarde,2020-05-25,3,173
Oudenaarde,2020-05-26,0,173
Oudenaarde,2020-05-27,1,174
Oudenaarde,2020-05-28,1,175
Oudenaarde,2020-05-29,0,175
Oudenaarde,2020-05-30,0,175
Oudenaarde,2020-05-31,0,175
Oudenaarde,2020-06-01,0,175
Oudenaarde,2020-06-02,1,176
Oudenaarde,2020-06-03,1,177
Oudenaarde,2020-06-04,0,177
Oudenaarde,2020-06-05,1,178
Oudenaarde,2020-06-06,0,178
Oudenaarde,2020-06-07,0,178
Oudenaarde,2020-06-08,0,178
Oudenaarde,2020-06-09,1,179
Oudenaarde,2020-06-10,1,180
Oudenaarde,2020-06-11,0,180
Oudenaarde,2020-06-12,0,180
Oudenaarde,2020-06-13,0,180
Oudenaarde,2020-06-14,0,180
Oudenaarde,2020-06-15,1,181
Oudenaarde,2020-06-16,0,181
Oudenaarde,2020-06-17,1,182
Oudenaarde,2020-06-18,1,183
Oudenaarde,2020-06-19,1,184
Oudenaarde,2020-06-20,1,185
Oudenaarde,2020-06-23,0,185
Oudenaarde,2020-06-24,0,185
Oudenaarde,2020-06-25,1,186
Oudenaarde,2020-06-26,0,186
Oudenaarde,2020-06-27,0,186
Oudenaarde,2020-06-30,0,186
Oudenaarde,2020-07-01,0,186
Oudenaarde,2020-07-02,1,187
Oudenaarde,2020-07-03,0,187
Oudenaarde,2020-07-04,0,187
Oudenaarde,2020-07-07,0,187
Oudenaarde,2020-07-08,0,187
Oudenaarde,2020-07-09,0,187
Oudenaarde,2020-07-10,0,187
Oudenaarde,2020-07-11,0,187
Oudenaarde,2020-07-14,0,187
Oudenaarde,2020-07-15,0,187
Oudenaarde,2020-07-16,0,187
Oudenaarde,2020-07-17,0,187
Oudenaarde,2020-07-18,0,187
Oudenaarde,2020-07-20,0,187
Oudenaarde,2020-07-21,0,187
Oudenaarde,2020-07-22,0,187
Oudenaarde,2020-07-23,0,187
Oudenaarde,2020-07-24,0,187
Oudenaarde,2020-07-25,1,188
Oudenaarde,2020-07-26,0,188
Oudenaarde,2020-07-27,0,188
Oudenaarde,2020-07-28,2,190
Oudenaarde,2020-07-29,0,190
Oudenaarde,2020-07-30,0,190
Oudenaarde,2020-07-31,0,190
Ronse,2020-04-01,22,65
Ronse,2020-04-02,1,66
Ronse,2020-04-03,4,70
Ronse,2020-04-04,15,85
Ronse,2020-04-05,0,85
Ronse,2020-04-06,1,86
Ronse,2020-04-07,24,110
Ronse,2020-04-08,3,113
Ronse,2020-04-09,10,123
Ronse,2020-04-10,10,133
Ronse,2020-04-11,0,133
Ronse,2020-04-12,2,135
Ronse,2020-04-13,0,135
Ronse,2020-04-14,1,136
Ronse,2020-04-15,12,148
Ronse,2020-04-16,29,177
Ronse,2020-04-17,3,180
Ronse,2020-04-18,0,180
Ronse,2020-04-19,2,182
Ronse,2020-04-20,0,182
Ronse,2020-04-21,29,211
Ronse,2020-04-22,5,216
Ronse,2020-04-23,3,219
Ronse,2020-04-24,0,219
Ronse,2020-04-25,0,219
Ronse,2020-04-26,0,219
Ronse,2020-04-27,0,219
Ronse,2020-04-28,3,222
Ronse,2020-04-29,3,225
Ronse,2020-04-30,1,226
Ronse,2020-05-01,0,226
Ronse,2020-05-02,0,226
Ronse,2020-05-03,0,226
Ronse,2020-05-04,0,226
Ronse,2020-05-05,0,226
Ronse,2020-05-06,1,227
Ronse,2020-05-07,0,227
Ronse,2020-05-08,0,227
Ronse,2020-05-09,0,227
Ronse,2020-05-10,0,227
Ronse,2020-05-11,0,227
Ronse,2020-05-12,0,227
Ronse,2020-05-13,0,227
Ronse,2020-05-14,0,227
Ronse,2020-05-15,1,228
Ronse,2020-05-16,0,228
Ronse,2020-05-17,1,229
Ronse,2020-05-18,0,229
Ronse,2020-05-19,0,229
Ronse,2020-05-20,4,233
Ronse,2020-05-21,0,233
Ronse,2020-05-22,0,233
Ronse,2020-05-23,1,234
Ronse,2020-05-24,0,234
Ronse,2020-05-25,2,236
Ronse,2020-05-26,0,236
Ronse,2020-05-27,0,236
Ronse,2020-05-28,0,236
Ronse,2020-05-29,0,236
Ronse,2020-05-30,0,236
Ronse,2020-05-31,0,236
Ronse,2020-06-01,0,236
Ronse,2020-06-02,0,236
Ronse,2020-06-03,0,236
Ronse,2020-06-04,0,236
Ronse,2020-06-05,1,237
Ronse,2020-06-06,0,237
Ronse,2020-06-07,0,237
Ronse,2020-06-08,0,237
Ronse,2020-06-09,0,237
Ronse,2020-06-10,0,237
Ronse,2020-06-11,0,237
Ronse,2020-06-12,0,237
Ronse,2020-06-13,0,237
Ronse,2020-06-14,0,237
Ronse,2020-06-15,0,237
Ronse,2020-06-16,0,237
Ronse,2020-06-17,1,238
Ronse,2020-06-18,0,238
Ronse,2020-06-19,0,238
Ronse,2020-06-20,0,238
Ronse,2020-06-23,0,238
Ronse,2020-06-24,0,238
Ronse,2020-06-25,1,239
Ronse,2020-06-26,0,239
Ronse,2020-06-27,0,239
Ronse,2020-06-30,0,239
Ronse,2020-07-01,0,239
Ronse,2020-07-02,0,239
Ronse,2020-07-03,0,239
Ronse,2020-07-04,0,239
Ronse,2020-07-07,0,239
Ronse,2020-07-08,0,239
Ronse,2020-07-09,0,239
Ronse,2020-07-10,1,240
Ronse,2020-07-11,0,240
Ronse,2020-07-14,0,240
Ronse,2020-07-15,0,240
Ronse,2020-07-16,0,240
Ronse,2020-07-17,-1,239
Ronse,2020-07-18,0,239
Ronse,2020-07-20,0,239
Ronse,2020-07-21,0,239
Ronse,2020-07-22,0,239
Ronse,2020-07-23,0,239
Ronse,2020-07-24,0,239
Ronse,2020-07-25,0,239
Ronse,2020-07-26,0,239
Ronse,2020-07-27,0,239
Ronse,2020-07-28,1,240
Ronse,2020-07-29,0,240
Ronse,2020-07-30,0,240
Ronse,2020-07-31,0,240
Brakel,2020-04-01,2,13
Brakel,2020-04-02,0,13
Brakel,2020-04-03,1,14
Brakel,2020-04-04,0,14
Brakel,2020-04-05,0,14
Brakel,2020-04-06,1,15
Brakel,2020-04-07,4,19
Brakel,2020-04-08,1,20
Brakel,2020-04-09,0,20
Brakel,2020-04-10,0,20
Brakel,2020-04-11,0,20
Brakel,2020-04-12,0,20
Brakel,2020-04-13,0,20
Brakel,2020-04-14,0,20
Brakel,2020-04-15,1,21
Brakel,2020-04-16,1,22
Brakel,2020-04-17,0,22
Brakel,2020-04-18,2,24
Brakel,2020-04-19,1,25
Brakel,2020-04-20,3,28
Brakel,2020-04-21,1,29
Brakel,2020-04-22,0,29
Brakel,2020-04-23,0,29
Brakel,2020-04-24,1,30
Brakel,2020-04-25,1,31
Brakel,2020-04-26,0,31
Brakel,2020-04-27,0,31
Brakel,2020-04-28,2,33
Brakel,2020-04-29,0,33
Brakel,2020-04-30,2,35
Brakel,2020-05-01,0,35
Brakel,2020-05-02,0,35
Brakel,2020-05-03,0,35
Brakel,2020-05-04,0,35
Brakel,2020-05-05,0,35
Brakel,2020-05-06,0,35
Brakel,2020-05-07,0,35
Brakel,2020-05-08,2,37
Brakel,2020-05-09,1,38
Brakel,2020-05-10,0,38
Brakel,2020-05-11,0,38
Brakel,2020-05-12,1,39
Brakel,2020-05-13,0,39
Brakel,2020-05-14,0,39
Brakel,2020-05-15,0,39
Brakel,2020-05-16,0,39
Brakel,2020-05-17,0,39
Brakel,2020-05-18,0,39
Brakel,2020-05-19,0,39
Brakel,2020-05-20,0,39
Brakel,2020-05-21,0,39
Brakel,2020-05-22,0,39
Brakel,2020-05-23,0,39
Brakel,2020-05-24,0,39
Brakel,2020-05-25,0,39
Brakel,2020-05-26,0,39
Brakel,2020-05-27,1,40
Brakel,2020-05-28,0,40
Brakel,2020-05-29,0,40
Brakel,2020-05-30,0,40
Brakel,2020-05-31,0,40
Brakel,2020-06-01,0,40
Brakel,2020-06-02,0,40
Brakel,2020-06-03,0,40
Brakel,2020-06-04,0,40
Brakel,2020-06-05,0,40
Brakel,2020-06-06,0,40
Brakel,2020-06-07,0,40
Brakel,2020-06-08,0,40
Brakel,2020-06-09,0,40
Brakel,2020-06-10,0,40
Brakel,2020-06-11,0,40
Brakel,2020-06-12,0,40
Brakel,2020-06-13,0,40
Brakel,2020-06-14,0,40
Brakel,2020-06-15,0,40
Brakel,2020-06-16,0,40
Brakel,2020-06-17,0,40
Brakel,2020-06-18,0,40
Brakel,2020-06-19,0,40
Brakel,2020-06-20,0,40
Brakel,2020-06-23,0,40
Brakel,2020-06-24,0,40
Brakel,2020-06-25,0,40
Brakel,2020-06-26,0,40
Brakel,2020-06-27,0,40
Brakel,2020-06-30,0,40
Brakel,2020-07-01,0,40
Brakel,2020-07-02,0,40
Brakel,2020-07-03,0,40
Brakel,2020-07-04,0,40
Brakel,2020-07-07,0,40
Brakel,2020-07-08,0,40
Brakel,2020-07-09,0,40
Brakel,2020-07-10,0,40
Brakel,2020-07-11,0,40
Brakel,2020-07-14,1,41
Brakel,2020-07-15,0,41
Brakel,2020-07-16,0,41
Brakel,2020-07-17,0,41
Brakel,2020-07-18,1,42
Brakel,2020-07-20,0,42
Brakel,2020-07-21,2,44
Brakel,2020-07-22,0,44
Brakel,2020-07-23,1,45
Brakel,2020-07-24,0,45
Brakel,2020-07-25,0,45
Brakel,2020-07-26,1,46
Brakel,2020-07-27,0,46
Brakel,2020-07-28,3,49
Brakel,2020-07-29,1,50
Brakel,2020-07-30,4,54
Brakel,2020-07-31,8,62
Kluisbergen,2020-04-01,5,5
Kluisbergen,2020-04-02,1,6
Kluisbergen,2020-04-03,1,7
Kluisbergen,2020-04-04,1,8
Kluisbergen,2020-04-05,0,8
Kluisbergen,2020-04-06,0,8
Kluisbergen,2020-04-07,1,9
Kluisbergen,2020-04-08,0,9
Kluisbergen,2020-04-09,0,9
Kluisbergen,2020-04-10,0,9
Kluisbergen,2020-04-11,0,9
Kluisbergen,2020-04-12,0,9
Kluisbergen,2020-04-13,0,9
Kluisbergen,2020-04-14,1,10
Kluisbergen,2020-04-15,0,10
Kluisbergen,2020-04-16,1,11
Kluisbergen,2020-04-17,1,12
Kluisbergen,2020-04-18,0,12
Kluisbergen,2020-04-19,1,13
Kluisbergen,2020-04-20,1,14
Kluisbergen,2020-04-21,0,14
Kluisbergen,2020-04-22,0,14
Kluisbergen,2020-04-23,0,14
Kluisbergen,2020-04-24,0,14
Kluisbergen,2020-04-25,0,14
Kluisbergen,2020-04-26,0,14
Kluisbergen,2020-04-27,1,15
Kluisbergen,2020-04-28,0,15
Kluisbergen,2020-04-29,2,17
Kluisbergen,2020-04-30,0,17
Kluisbergen,2020-05-01,1,18
Kluisbergen,2020-05-02,1,19
Kluisbergen,2020-05-03,0,19
Kluisbergen,2020-05-04,1,20
Kluisbergen,2020-05-05,0,20
Kluisbergen,2020-05-06,0,20
Kluisbergen,2020-05-07,0,20
Kluisbergen,2020-05-08,1,21
Kluisbergen,2020-05-09,0,21
Kluisbergen,2020-05-10,0,21
Kluisbergen,2020-05-11,1,22
Kluisbergen,2020-05-12,0,22
Kluisbergen,2020-05-13,0,22
Kluisbergen,2020-05-14,2,24
Kluisbergen,2020-05-15,0,24
Kluisbergen,2020-05-16,0,24
Kluisbergen,2020-05-17,0,24
Kluisbergen,2020-05-18,0,24
Kluisbergen,2020-05-19,0,24
Kluisbergen,2020-05-20,0,24
Kluisbergen,2020-05-21,0,24
Kluisbergen,2020-05-22,0,24
Kluisbergen,2020-05-23,0,24
Kluisbergen,2020-05-24,0,24
Kluisbergen,2020-05-25,1,25
Kluisbergen,2020-05-26,0,25
Kluisbergen,2020-05-27,0,25
Kluisbergen,2020-05-28,0,25
Kluisbergen,2020-05-29,1,26
Kluisbergen,2020-05-30,0,26
Kluisbergen,2020-05-31,0,26
Kluisbergen,2020-06-01,0,26
Kluisbergen,2020-06-02,0,26
Kluisbergen,2020-06-03,0,26
Kluisbergen,2020-06-04,0,26
Kluisbergen,2020-06-05,0,26
Kluisbergen,2020-06-06,0,26
Kluisbergen,2020-06-07,0,26
Kluisbergen,2020-06-08,0,26
Kluisbergen,2020-06-09,0,26
Kluisbergen,2020-06-10,0,26
Kluisbergen,2020-06-11,0,26
Kluisbergen,2020-06-12,0,26
Kluisbergen,2020-06-13,0,26
Kluisbergen,2020-06-14,0,26
Kluisbergen,2020-06-15,0,26
Kluisbergen,2020-06-16,0,26
Kluisbergen,2020-06-17,0,26
Kluisbergen,2020-06-18,0,26
Kluisbergen,2020-06-19,0,26
Kluisbergen,2020-06-20,0,26
Kluisbergen,2020-06-23,0,26
Kluisbergen,2020-06-24,0,26
Kluisbergen,2020-06-25,0,26
Kluisbergen,2020-06-26,0,26
Kluisbergen,2020-06-27,0,26
Kluisbergen,2020-06-30,0,26
Kluisbergen,2020-07-01,0,26
Kluisbergen,2020-07-02,0,26
Kluisbergen,2020-07-03,0,26
Kluisbergen,2020-07-04,0,26
Kluisbergen,2020-07-07,0,26
Kluisbergen,2020-07-08,0,26
Kluisbergen,2020-07-09,0,26
Kluisbergen,2020-07-10,0,26
Kluisbergen,2020-07-11,0,26
Kluisbergen,2020-07-14,0,26
Kluisbergen,2020-07-15,0,26
Kluisbergen,2020-07-16,0,26
Kluisbergen,2020-07-17,0,26
Kluisbergen,2020-07-18,0,26
Kluisbergen,2020-07-20,1,27
Kluisbergen,2020-07-21,0,27
Kluisbergen,2020-07-22,0,27
Kluisbergen,2020-07-23,0,27
Kluisbergen,2020-07-24,0,27
Kluisbergen,2020-07-25,0,27
Kluisbergen,2020-07-26,0,27
Kluisbergen,2020-07-27,0,27
Kluisbergen,2020-07-28,0,27
Kluisbergen,2020-07-29,0,27
Kluisbergen,2020-07-30,0,27
Kluisbergen,2020-07-31,0,27
Horebeke,2020-04-01,0,5
Horebeke,2020-04-02,0,5
Horebeke,2020-04-03,1,6
Horebeke,2020-04-04,1,7
Horebeke,2020-04-05,0,7
Horebeke,2020-04-06,0,7
Horebeke,2020-04-07,2,9
Horebeke,2020-04-08,0,9
Horebeke,2020-04-09,0,9
Horebeke,2020-04-10,0,9
Horebeke,2020-04-11,0,9
Horebeke,2020-04-12,0,9
Horebeke,2020-04-13,0,9
Horebeke,2020-04-14,0,9
Horebeke,2020-04-15,4,13
Horebeke,2020-04-16,1,14
Horebeke,2020-04-17,0,14
Horebeke,2020-04-18,0,14
Horebeke,2020-04-19,0,14
Horebeke,2020-04-20,0,14
Horebeke,2020-04-21,0,14
Horebeke,2020-04-22,0,14
Horebeke,2020-04-23,0,14
Horebeke,2020-04-24,0,14
Horebeke,2020-04-25,0,14
Horebeke,2020-04-26,0,14
Horebeke,2020-04-27,0,14
Horebeke,2020-04-28,0,14
Horebeke,2020-04-29,0,14
Horebeke,2020-04-30,1,15
Horebeke,2020-05-01,0,15
Horebeke,2020-05-02,0,15
Horebeke,2020-05-03,0,15
Horebeke,2020-05-04,0,15
Horebeke,2020-05-05,0,15
Horebeke,2020-05-06,0,15
Horebeke,2020-05-07,0,15
Horebeke,2020-05-08,0,15
Horebeke,2020-05-09,0,15
Horebeke,2020-05-10,1,16
Horebeke,2020-05-11,0,16
Horebeke,2020-05-12,0,16
Horebeke,2020-05-13,0,16
Horebeke,2020-05-14,2,18
Horebeke,2020-05-15,1,19
Horebeke,2020-05-16,0,19
Horebeke,2020-05-17,0,19
Horebeke,2020-05-18,0,19
Horebeke,2020-05-19,0,19
Horebeke,2020-05-20,0,19
Horebeke,2020-05-21,0,19
Horebeke,2020-05-22,0,19
Horebeke,2020-05-23,1,20
Horebeke,2020-05-24,0,20
Horebeke,2020-05-25,0,20
Horebeke,2020-05-26,0,20
Horebeke,2020-05-27,0,20
Horebeke,2020-05-28,0,20
Horebeke,2020-05-29,0,20
Horebeke,2020-05-30,0,20
Horebeke,2020-05-31,0,20
Horebeke,2020-06-01,0,20
Horebeke,2020-06-02,0,20
Horebeke,2020-06-03,0,20
Horebeke,2020-06-04,0,20
Horebeke,2020-06-05,0,20
Horebeke,2020-06-06,0,20
Horebeke,2020-06-07,0,20
Horebeke,2020-06-08,0,20
Horebeke,2020-06-09,0,20
Horebeke,2020-06-10,0,20
Horebeke,2020-06-11,0,20
Horebeke,2020-06-12,0,20
Horebeke,2020-06-13,0,20
Horebeke,2020-06-14,0,20
Horebeke,2020-06-15,0,20
Horebeke,2020-06-16,0,20
Horebeke,2020-06-17,0,20
Horebeke,2020-06-18,0,20
Horebeke,2020-06-19,0,20
Horebeke,2020-06-20,0,20
Horebeke,2020-06-23,0,20
Horebeke,2020-06-24,0,20
Horebeke,2020-06-25,0,20
Horebeke,2020-06-26,0,20
Horebeke,2020-06-27,0,20
Horebeke,2020-06-30,0,20
Horebeke,2020-07-01,0,20
Horebeke,2020-07-02,0,20
Horebeke,2020-07-03,0,20
Horebeke,2020-07-04,0,20
Horebeke,2020-07-07,0,20
Horebeke,2020-07-08,0,20
Horebeke,2020-07-09,0,20
Horebeke,2020-07-10,0,20
Horebeke,2020-07-11,0,20
Horebeke,2020-07-14,0,20
Horebeke,2020-07-15,0,20
Horebeke,2020-07-16,0,20
Horebeke,2020-07-17,0,20
Horebeke,2020-07-18,0,20
Horebeke,2020-07-20,0,20
Horebeke,2020-07-21,0,20
Horebeke,2020-07-22,0,20
Horebeke,2020-07-23,0,20
Horebeke,2020-07-24,0,20
Horebeke,2020-07-25,0,20
Horebeke,2020-07-26,0,20
Horebeke,2020-07-27,0,20
Horebeke,2020-07-28,0,20
Horebeke,2020-07-29,0,20
Horebeke,2020-07-30,0,20
Horebeke,2020-07-31,1,21
Lierde,2020-04-01,0,6
Lierde,2020-04-02,1,7
Lierde,2020-04-03,1,8
Lierde,2020-04-04,0,8
Lierde,2020-04-05,0,8
Lierde,2020-04-06,0,8
Lierde,2020-04-07,0,8
Lierde,2020-04-08,0,8
Lierde,2020-04-09,0,8
Lierde,2020-04-10,0,8
Lierde,2020-04-11,1,9
Lierde,2020-04-12,0,9
Lierde,2020-04-13,0,9
Lierde,2020-04-14,0,9
Lierde,2020-04-15,0,9
Lierde,2020-04-16,0,9
Lierde,2020-04-17,0,9
Lierde,2020-04-18,0,9
Lierde,2020-04-19,0,9
Lierde,2020-04-20,1,10
Lierde,2020-04-21,0,10
Lierde,2020-04-22,0,10
Lierde,2020-04-23,0,10
Lierde,2020-04-24,0,10
Lierde,2020-04-25,0,10
Lierde,2020-04-26,0,10
Lierde,2020-04-27,0,10
Lierde,2020-04-28,0,10
Lierde,2020-04-29,0,10
Lierde,2020-04-30,0,10
Lierde,2020-05-01,0,10
Lierde,2020-05-02,0,10
Lierde,2020-05-03,0,10
Lierde,2020-05-04,0,10
Lierde,2020-05-05,0,10
Lierde,2020-05-06,0,10
Lierde,2020-05-07,0,10
Lierde,2020-05-08,0,10
Lierde,2020-05-09,0,10
Lierde,2020-05-10,0,10
Lierde,2020-05-11,0,10
Lierde,2020-05-12,0,10
Lierde,2020-05-13,0,10
Lierde,2020-05-14,0,10
Lierde,2020-05-15,1,11
Lierde,2020-05-16,0,11
Lierde,2020-05-17,0,11
Lierde,2020-05-18,0,11
Lierde,2020-05-19,0,11
Lierde,2020-05-20,0,11
Lierde,2020-05-21,0,11
Lierde,2020-05-22,0,11
Lierde,2020-05-23,0,11
Lierde,2020-05-24,0,11
Lierde,2020-05-25,0,11
Lierde,2020-05-26,0,11
Lierde,2020-05-27,0,11
Lierde,2020-05-28,0,11
Lierde,2020-05-29,1,12
Lierde,2020-05-30,0,12
Lierde,2020-05-31,1,13
Lierde,2020-06-01,0,13
Lierde,2020-06-02,0,13
Lierde,2020-06-03,0,13
Lierde,2020-06-04,0,13
Lierde,2020-06-05,0,13
Lierde,2020-06-06,0,13
Lierde,2020-06-07,0,13
Lierde,2020-06-08,0,13
Lierde,2020-06-09,0,13
Lierde,2020-06-10,0,13
Lierde,2020-06-11,0,13
Lierde,2020-06-12,0,13
Lierde,2020-06-13,0,13
Lierde,2020-06-14,0,13
Lierde,2020-06-15,0,13
Lierde,2020-06-16,0,13
Lierde,2020-06-17,0,13
Lierde,2020-06-18,0,13
Lierde,2020-06-19,0,13
Lierde,2020-06-20,0,13
Lierde,2020-06-23,0,13
Lierde,2020-06-24,0,13
Lierde,2020-06-25,0,13
Lierde,2020-06-26,0,13
Lierde,2020-06-27,0,13
Lierde,2020-06-30,0,13
Lierde,2020-07-01,0,13
Lierde,2020-07-02,0,13
Lierde,2020-07-03,0,13
Lierde,2020-07-04,0,13
Lierde,2020-07-07,0,13
Lierde,2020-07-08,0,13
Lierde,2020-07-09,0,13
Lierde,2020-07-10,0,13
Lierde,2020-07-11,0,13
Lierde,2020-07-14,0,13
Lierde,2020-07-15,0,13
Lierde,2020-07-16,0,13
Lierde,2020-07-17,0,13
Lierde,2020-07-18,0,13
Lierde,2020-07-20,0,13
Lierde,2020-07-21,0,13
Lierde,2020-07-22,0,13
Lierde,2020-07-23,0,13
Lierde,2020-07-24,0,13
Lierde,2020-07-25,0,13
Lierde,2020-07-26,0,13
Lierde,2020-07-27,0,13
Lierde,2020-07-28,0,13
Lierde,2020-07-29,0,13
Lierde,2020-07-30,0,13
Lierde,2020-07-31,0,13
Maarkedal,2020-04-01,1,7
Maarkedal,2020-04-02,2,9
Maarkedal,2020-04-03,0,9
Maarkedal,2020-04-04,2,11
Maarkedal,2020-04-05,0,11
Maarkedal,2020-04-06,1,12
Maarkedal,2020-04-07,5,17
Maarkedal,2020-04-08,0,17
Maarkedal,2020-04-09,0,17
Maarkedal,2020-04-10,0,17
Maarkedal,2020-04-11,0,17
Maarkedal,2020-04-12,0,17
Maarkedal,2020-04-13,0,17
Maarkedal,2020-04-14,0,17
Maarkedal,2020-04-15,1,18
Maarkedal,2020-04-16,1,19
Maarkedal,2020-04-17,1,20
Maarkedal,2020-04-18,0,20
Maarkedal,2020-04-19,2,22
Maarkedal,2020-04-20,0,22
Maarkedal,2020-04-21,1,23
Maarkedal,2020-04-22,0,23
Maarkedal,2020-04-23,0,23
Maarkedal,2020-04-24,0,23
Maarkedal,2020-04-25,0,23
Maarkedal,2020-04-26,0,23
Maarkedal,2020-04-27,0,23
Maarkedal,2020-04-28,0,23
Maarkedal,2020-04-29,0,23
Maarkedal,2020-04-30,0,23
Maarkedal,2020-05-01,0,23
Maarkedal,2020-05-02,1,24
Maarkedal,2020-05-03,0,24
Maarkedal,2020-05-04,0,24
Maarkedal,2020-05-05,0,24
Maarkedal,2020-05-06,0,24
Maarkedal,2020-05-07,0,24
Maarkedal,2020-05-08,0,24
Maarkedal,2020-05-09,0,24
Maarkedal,2020-05-10,1,25
Maarkedal,2020-05-11,0,25
Maarkedal,2020-05-12,0,25
Maarkedal,2020-05-13,1,26
Maarkedal,2020-05-14,1,27
Maarkedal,2020-05-15,1,28
Maarkedal,2020-05-16,0,28
Maarkedal,2020-05-17,1,29
Maarkedal,2020-05-18,0,29
Maarkedal,2020-05-19,1,30
Maarkedal,2020-05-20,0,30
Maarkedal,2020-05-21,0,30
Maarkedal,2020-05-22,1,31
Maarkedal,2020-05-23,0,31
Maarkedal,2020-05-24,1,32
Maarkedal,2020-05-25,9,41
Maarkedal,2020-05-26,0,41
Maarkedal,2020-05-27,0,41
Maarkedal,2020-05-28,0,41
Maarkedal,2020-05-29,0,41
Maarkedal,2020-05-30,1,42
Maarkedal,2020-05-31,0,42
Maarkedal,2020-06-01,0,42
Maarkedal,2020-06-02,0,42
Maarkedal,2020-06-03,0,42
Maarkedal,2020-06-04,0,42
Maarkedal,2020-06-05,0,42
Maarkedal,2020-06-06,0,42
Maarkedal,2020-06-07,0,42
Maarkedal,2020-06-08,0,42
Maarkedal,2020-06-09,0,42
Maarkedal,2020-06-10,0,42
Maarkedal,2020-06-11,0,42
Maarkedal,2020-06-12,0,42
Maarkedal,2020-06-13,0,42
Maarkedal,2020-06-14,0,42
Maarkedal,2020-06-15,0,42
Maarkedal,2020-06-16,0,42
Maarkedal,2020-06-17,0,42
Maarkedal,2020-06-18,0,42
Maarkedal,2020-06-19,0,42
Maarkedal,2020-06-20,0,42
Maarkedal,2020-06-23,0,42
Maarkedal,2020-06-24,0,42
Maarkedal,2020-06-25,0,42
Maarkedal,2020-06-26,0,42
Maarkedal,2020-06-27,0,42
Maarkedal,2020-06-30,0,42
Maarkedal,2020-07-01,0,42
Maarkedal,2020-07-02,0,42
Maarkedal,2020-07-03,0,42
Maarkedal,2020-07-04,0,42
Maarkedal,2020-07-07,0,42
Maarkedal,2020-07-08,0,42
Maarkedal,2020-07-09,0,42
Maarkedal,2020-07-10,0,42
Maarkedal,2020-07-11,0,42
Maarkedal,2020-07-14,0,42
Maarkedal,2020-07-15,0,42
Maarkedal,2020-07-16,0,42
Maarkedal,2020-07-17,0,42
Maarkedal,2020-07-18,0,42
Maarkedal,2020-07-20,0,42
Maarkedal,2020-07-21,0,42
Maarkedal,2020-07-22,0,42
Maarkedal,2020-07-23,1,43
Maarkedal,2020-07-24,0,43
Maarkedal,2020-07-25,0,43
Maarkedal,2020-07-26,0,43
Maarkedal,2020-07-27,0,43
Maarkedal,2020-07-28,0,43
Maarkedal,2020-07-29,0,43
Maarkedal,2020-07-30,0,43
Maarkedal,2020-07-31,1,44
Zwalm,2020-04-01,0,7
Zwalm,2020-04-02,0,7
Zwalm,2020-04-03,0,7
Zwalm,2020-04-04,0,7
Zwalm,2020-04-05,1,8
Zwalm,2020-04-06,1,9
Zwalm,2020-04-07,1,10
Zwalm,2020-04-08,0,10
Zwalm,2020-04-09,0,10
Zwalm,2020-04-10,0,10
Zwalm,2020-04-11,2,12
Zwalm,2020-04-12,0,12
Zwalm,2020-04-13,0,12
Zwalm,2020-04-14,0,12
Zwalm,2020-04-15,1,13
Zwalm,2020-04-16,0,13
Zwalm,2020-04-17,0,13
Zwalm,2020-04-18,0,13
Zwalm,2020-04-19,0,13
Zwalm,2020-04-20,0,13
Zwalm,2020-04-21,0,13
Zwalm,2020-04-22,0,13
Zwalm,2020-04-23,0,13
Zwalm,2020-04-24,0,13
Zwalm,2020-04-25,0,13
Zwalm,2020-04-26,0,13
Zwalm,2020-04-27,2,15
Zwalm,2020-04-28,0,15
Zwalm,2020-04-29,0,15
Zwalm,2020-04-30,0,15
Zwalm,2020-05-01,0,15
Zwalm,2020-05-02,0,15
Zwalm,2020-05-03,0,15
Zwalm,2020-05-04,0,15
Zwalm,2020-05-05,0,15
Zwalm,2020-05-06,0,15
Zwalm,2020-05-07,0,15
Zwalm,2020-05-08,0,15
Zwalm,2020-05-09,0,15
Zwalm,2020-05-10,0,15
Zwalm,2020-05-11,0,15
Zwalm,2020-05-12,0,15
Zwalm,2020-05-13,0,15
Zwalm,2020-05-14,0,15
Zwalm,2020-05-15,0,15
Zwalm,2020-05-16,0,15
Zwalm,2020-05-17,0,15
Zwalm,2020-05-18,0,15
Zwalm,2020-05-19,0,15
Zwalm,2020-05-20,0,15
Zwalm,2020-05-21,0,15
Zwalm,2020-05-22,0,15
Zwalm,2020-05-23,0,15
Zwalm,2020-05-24,0,15
Zwalm,2020-05-25,0,15
Zwalm,2020-05-26,0,15
Zwalm,2020-05-27,0,15
Zwalm,2020-05-28,0,15
Zwalm,2020-05-29,0,15
Zwalm,2020-05-30,0,15
Zwalm,2020-05-31,0,15
Zwalm,2020-06-01,0,15
Zwalm,2020-06-02,0,15
Zwalm,2020-06-03,0,15
Zwalm,2020-06-04,0,15
Zwalm,2020-06-05,0,15
Zwalm,2020-06-06,0,15
Zwalm,2020-06-07,0,15
Zwalm,2020-06-08,0,15
Zwalm,2020-06-09,0,15
Zwalm,2020-06-10,0,15
Zwalm,2020-06-11,0,15
Zwalm,2020-06-12,0,15
Zwalm,2020-06-13,0,15
Zwalm,2020-06-14,0,15
Zwalm,2020-06-15,0,15
Zwalm,2020-06-16,0,15
Zwalm,2020-06-17,0,15
Zwalm,2020-06-18,1,16
Zwalm,2020-06-19,0,16
Zwalm,2020-06-20,0,16
Zwalm,2020-06-23,0,16
Zwalm,2020-06-24,0,16
Zwalm,2020-06-25,0,16
Zwalm,2020-06-26,0,16
Zwalm,2020-06-27,0,16
Zwalm,2020-06-30,0,16
Zwalm,2020-07-01,0,16
Zwalm,2020-07-02,0,16
Zwalm,2020-07-03,0,16
Zwalm,2020-07-04,0,16
Zwalm,2020-07-07,0,16
Zwalm,2020-07-08,0,16
Zwalm,2020-07-09,0,16
Zwalm,2020-07-10,0,16
Zwalm,2020-07-11,0,16
Zwalm,2020-07-14,0,16
Zwalm,2020-07-15,0,16
Zwalm,2020-07-16,0,16
Zwalm,2020-07-17,0,16
Zwalm,2020-07-18,0,16
Zwalm,2020-07-20,0,16
Zwalm,2020-07-21,0,16
Zwalm,2020-07-22,0,16
Zwalm,2020-07-23,0,16
Zwalm,2020-07-24,0,16
Zwalm,2020-07-25,0,16
Zwalm,2020-07-26,0,16
Zwalm,2020-07-27,2,18
Zwalm,2020-07-28,1,19
Zwalm,2020-07-29,0,19
Zwalm,2020-07-30,0,19
Zwalm,2020-07-31,1,20
Kruisem,2020-04-01,0,10
Kruisem,2020-04-02,1,11
Kruisem,2020-04-03,1,12
Kruisem,2020-04-04,0,12
Kruisem,2020-04-05,0,12
Kruisem,2020-04-06,2,14
Kruisem,2020-04-07,6,20
Kruisem,2020-04-08,1,21
Kruisem,2020-04-09,0,21
Kruisem,2020-04-10,0,21
Kruisem,2020-04-11,1,22
Kruisem,2020-04-12,0,22
Kruisem,2020-04-13,0,22
Kruisem,2020-04-14,0,22
Kruisem,2020-04-15,0,22
Kruisem,2020-04-16,0,22
Kruisem,2020-04-17,0,22
Kruisem,2020-04-18,2,24
Kruisem,2020-04-19,0,24
Kruisem,2020-04-20,0,24
Kruisem,2020-04-21,2,26
Kruisem,2020-04-22,0,26
Kruisem,2020-04-23,1,27
Kruisem,2020-04-24,0,27
Kruisem,2020-04-25,1,28
Kruisem,2020-04-26,0,28
Kruisem,2020-04-27,0,28
Kruisem,2020-04-28,1,29
Kruisem,2020-04-29,0,29
Kruisem,2020-04-30,0,29
Kruisem,2020-05-01,1,30
Kruisem,2020-05-02,0,30
Kruisem,2020-05-03,0,30
Kruisem,2020-05-04,0,30
Kruisem,2020-05-05,0,30
Kruisem,2020-05-06,1,31
Kruisem,2020-05-07,1,32
Kruisem,2020-05-08,0,32
Kruisem,2020-05-09,1,33
Kruisem,2020-05-10,0,33
Kruisem,2020-05-11,0,33
Kruisem,2020-05-12,0,33
Kruisem,2020-05-13,0,33
Kruisem,2020-05-14,0,33
Kruisem,2020-05-15,0,33
Kruisem,2020-05-16,0,33
Kruisem,2020-05-17,0,33
Kruisem,2020-05-18,0,33
Kruisem,2020-05-19,0,33
Kruisem,2020-05-20,0,33
Kruisem,2020-05-21,1,34
Kruisem,2020-05-22,0,34
Kruisem,2020-05-23,0,34
Kruisem,2020-05-24,0,34
Kruisem,2020-05-25,1,35
Kruisem,2020-05-26,1,36
Kruisem,2020-05-27,0,36
Kruisem,2020-05-28,1,37
Kruisem,2020-05-29,0,37
Kruisem,2020-05-30,1,38
Kruisem,2020-05-31,0,38
Kruisem,2020-06-01,0,38
Kruisem,2020-06-02,0,38
Kruisem,2020-06-03,1,39
Kruisem,2020-06-04,0,39
Kruisem,2020-06-05,0,39
Kruisem,2020-06-06,0,39
Kruisem,2020-06-07,0,39
Kruisem,2020-06-08,0,39
Kruisem,2020-06-09,0,39
Kruisem,2020-06-10,0,39
Kruisem,2020-06-11,0,39
Kruisem,2020-06-12,0,39
Kruisem,2020-06-13,0,39
Kruisem,2020-06-14,0,39
Kruisem,2020-06-15,0,39
Kruisem,2020-06-16,0,39
Kruisem,2020-06-17,0,39
Kruisem,2020-06-18,0,39
Kruisem,2020-06-19,0,39
Kruisem,2020-06-20,0,39
Kruisem,2020-06-23,0,39
Kruisem,2020-06-24,0,39
Kruisem,2020-06-25,0,39
Kruisem,2020-06-26,0,39
Kruisem,2020-06-27,0,39
Kruisem,2020-06-30,0,39
Kruisem,2020-07-01,0,39
Kruisem,2020-07-02,0,39
Kruisem,2020-07-03,0,39
Kruisem,2020-07-04,0,39
Kruisem,2020-07-07,0,39
Kruisem,2020-07-08,0,39
Kruisem,2020-07-09,0,39
Kruisem,2020-07-10,0,39
Kruisem,2020-07-11,0,39
Kruisem,2020-07-14,0,39
Kruisem,2020-07-15,0,39
Kruisem,2020-07-16,0,39
Kruisem,2020-07-17,0,39
Kruisem,2020-07-18,1,40
Kruisem,2020-07-20,0,40
Kruisem,2020-07-21,0,40
Kruisem,2020-07-22,0,40
Kruisem,2020-07-23,0,40
Kruisem,2020-07-24,1,41
Kruisem,2020-07-25,0,41
Kruisem,2020-07-26,1,42
Kruisem,2020-07-27,1,43
Kruisem,2020-07-28,0,43
Kruisem,2020-07-29,0,43
Kruisem,2020-07-30,0,43
Kruisem,2020-07-31,0,43
Beveren (Sint-Niklaas),2020-04-01,3,29
Beveren (Sint-Niklaas),2020-04-02,6,35
Beveren (Sint-Niklaas),2020-04-03,6,41
Beveren (Sint-Niklaas),2020-04-04,4,45
Beveren (Sint-Niklaas),2020-04-05,2,47
Beveren (Sint-Niklaas),2020-04-06,7,54
Beveren (Sint-Niklaas),2020-04-07,0,54
Beveren (Sint-Niklaas),2020-04-08,1,55
Beveren (Sint-Niklaas),2020-04-09,4,59
Beveren (Sint-Niklaas),2020-04-10,4,63
Beveren (Sint-Niklaas),2020-04-11,1,64
Beveren (Sint-Niklaas),2020-04-12,2,66
Beveren (Sint-Niklaas),2020-04-13,0,66
Beveren (Sint-Niklaas),2020-04-14,1,67
Beveren (Sint-Niklaas),2020-04-15,8,75
Beveren (Sint-Niklaas),2020-04-16,2,77
Beveren (Sint-Niklaas),2020-04-17,2,79
Beveren (Sint-Niklaas),2020-04-18,2,81
Beveren (Sint-Niklaas),2020-04-19,1,82
Beveren (Sint-Niklaas),2020-04-20,1,83
Beveren (Sint-Niklaas),2020-04-21,0,83
Beveren (Sint-Niklaas),2020-04-22,1,84
Beveren (Sint-Niklaas),2020-04-23,1,85
Beveren (Sint-Niklaas),2020-04-24,3,88
Beveren (Sint-Niklaas),2020-04-25,1,89
Beveren (Sint-Niklaas),2020-04-26,1,90
Beveren (Sint-Niklaas),2020-04-27,2,92
Beveren (Sint-Niklaas),2020-04-28,0,92
Beveren (Sint-Niklaas),2020-04-29,1,93
Beveren (Sint-Niklaas),2020-04-30,2,95
Beveren (Sint-Niklaas),2020-05-01,1,96
Beveren (Sint-Niklaas),2020-05-02,1,97
Beveren (Sint-Niklaas),2020-05-03,0,97
Beveren (Sint-Niklaas),2020-05-04,2,99
Beveren (Sint-Niklaas),2020-05-05,0,99
Beveren (Sint-Niklaas),2020-05-06,0,99
Beveren (Sint-Niklaas),2020-05-07,0,99
Beveren (Sint-Niklaas),2020-05-08,0,99
Beveren (Sint-Niklaas),2020-05-09,2,101
Beveren (Sint-Niklaas),2020-05-10,2,103
Beveren (Sint-Niklaas),2020-05-11,0,103
Beveren (Sint-Niklaas),2020-05-12,1,104
Beveren (Sint-Niklaas),2020-05-13,0,104
Beveren (Sint-Niklaas),2020-05-14,0,104
Beveren (Sint-Niklaas),2020-05-15,1,105
Beveren (Sint-Niklaas),2020-05-16,1,106
Beveren (Sint-Niklaas),2020-05-17,0,106
Beveren (Sint-Niklaas),2020-05-18,3,109
Beveren (Sint-Niklaas),2020-05-19,0,109
Beveren (Sint-Niklaas),2020-05-20,2,111
Beveren (Sint-Niklaas),2020-05-21,1,112
Beveren (Sint-Niklaas),2020-05-22,1,113
Beveren (Sint-Niklaas),2020-05-23,5,118
Beveren (Sint-Niklaas),2020-05-24,4,122
Beveren (Sint-Niklaas),2020-05-25,1,123
Beveren (Sint-Niklaas),2020-05-26,0,123
Beveren (Sint-Niklaas),2020-05-27,0,123
Beveren (Sint-Niklaas),2020-05-28,19,142
Beveren (Sint-Niklaas),2020-05-29,1,143
Beveren (Sint-Niklaas),2020-05-30,1,144
Beveren (Sint-Niklaas),2020-05-31,1,145
Beveren (Sint-Niklaas),2020-06-01,1,146
Beveren (Sint-Niklaas),2020-06-02,0,146
Beveren (Sint-Niklaas),2020-06-03,2,148
Beveren (Sint-Niklaas),2020-06-04,0,148
Beveren (Sint-Niklaas),2020-06-05,0,148
Beveren (Sint-Niklaas),2020-06-06,0,148
Beveren (Sint-Niklaas),2020-06-07,1,149
Beveren (Sint-Niklaas),2020-06-08,0,149
Beveren (Sint-Niklaas),2020-06-09,0,149
Beveren (Sint-Niklaas),2020-06-10,0,149
Beveren (Sint-Niklaas),2020-06-11,0,149
Beveren (Sint-Niklaas),2020-06-12,0,149
Beveren (Sint-Niklaas),2020-06-13,0,149
Beveren (Sint-Niklaas),2020-06-14,0,149
Beveren (Sint-Niklaas),2020-06-15,0,149
Beveren (Sint-Niklaas),2020-06-16,0,149
Beveren (Sint-Niklaas),2020-06-17,0,149
Beveren (Sint-Niklaas),2020-06-18,0,149
Beveren (Sint-Niklaas),2020-06-19,0,149
Beveren (Sint-Niklaas),2020-06-20,0,149
Beveren (Sint-Niklaas),2020-06-23,0,149
Beveren (Sint-Niklaas),2020-06-24,0,149
Beveren (Sint-Niklaas),2020-06-25,1,150
Beveren (Sint-Niklaas),2020-06-26,0,150
Beveren (Sint-Niklaas),2020-06-27,1,151
Beveren (Sint-Niklaas),2020-06-30,1,152
Beveren (Sint-Niklaas),2020-07-01,0,152
Beveren (Sint-Niklaas),2020-07-02,0,152
Beveren (Sint-Niklaas),2020-07-03,1,153
Beveren (Sint-Niklaas),2020-07-04,2,155
Beveren (Sint-Niklaas),2020-07-07,1,156
Beveren (Sint-Niklaas),2020-07-08,0,156
Beveren (Sint-Niklaas),2020-07-09,0,156
Beveren (Sint-Niklaas),2020-07-10,0,156
Beveren (Sint-Niklaas),2020-07-11,2,158
Beveren (Sint-Niklaas),2020-07-14,0,158
Beveren (Sint-Niklaas),2020-07-15,0,158
Beveren (Sint-Niklaas),2020-07-16,2,160
Beveren (Sint-Niklaas),2020-07-17,0,160
Beveren (Sint-Niklaas),2020-07-18,1,161
Beveren (Sint-Niklaas),2020-07-20,1,162
Beveren (Sint-Niklaas),2020-07-21,0,162
Beveren (Sint-Niklaas),2020-07-22,0,162
Beveren (Sint-Niklaas),2020-07-23,1,163
Beveren (Sint-Niklaas),2020-07-24,0,163
Beveren (Sint-Niklaas),2020-07-25,2,165
Beveren (Sint-Niklaas),2020-07-26,2,167
Beveren (Sint-Niklaas),2020-07-27,0,167
Beveren (Sint-Niklaas),2020-07-28,1,168
Beveren (Sint-Niklaas),2020-07-29,0,168
Beveren (Sint-Niklaas),2020-07-30,2,170
Beveren (Sint-Niklaas),2020-07-31,3,173
Kruibeke,2020-04-01,1,17
Kruibeke,2020-04-02,3,20
Kruibeke,2020-04-03,3,23
Kruibeke,2020-04-04,0,23
Kruibeke,2020-04-05,4,27
Kruibeke,2020-04-06,0,27
Kruibeke,2020-04-07,1,28
Kruibeke,2020-04-08,0,28
Kruibeke,2020-04-09,1,29
Kruibeke,2020-04-10,1,30
Kruibeke,2020-04-11,0,30
Kruibeke,2020-04-12,0,30
Kruibeke,2020-04-13,2,32
Kruibeke,2020-04-14,0,32
Kruibeke,2020-04-15,2,34
Kruibeke,2020-04-16,0,34
Kruibeke,2020-04-17,0,34
Kruibeke,2020-04-18,2,36
Kruibeke,2020-04-19,1,37
Kruibeke,2020-04-20,1,38
Kruibeke,2020-04-21,0,38
Kruibeke,2020-04-22,1,39
Kruibeke,2020-04-23,0,39
Kruibeke,2020-04-24,1,40
Kruibeke,2020-04-25,0,40
Kruibeke,2020-04-26,2,42
Kruibeke,2020-04-27,0,42
Kruibeke,2020-04-28,0,42
Kruibeke,2020-04-29,1,43
Kruibeke,2020-04-30,0,43
Kruibeke,2020-05-01,0,43
Kruibeke,2020-05-02,0,43
Kruibeke,2020-05-03,0,43
Kruibeke,2020-05-04,0,43
Kruibeke,2020-05-05,0,43
Kruibeke,2020-05-06,0,43
Kruibeke,2020-05-07,1,44
Kruibeke,2020-05-08,1,45
Kruibeke,2020-05-09,0,45
Kruibeke,2020-05-10,0,45
Kruibeke,2020-05-11,1,46
Kruibeke,2020-05-12,0,46
Kruibeke,2020-05-13,0,46
Kruibeke,2020-05-14,0,46
Kruibeke,2020-05-15,0,46
Kruibeke,2020-05-16,0,46
Kruibeke,2020-05-17,0,46
Kruibeke,2020-05-18,0,46
Kruibeke,2020-05-19,1,47
Kruibeke,2020-05-20,0,47
Kruibeke,2020-05-21,0,47
Kruibeke,2020-05-22,0,47
Kruibeke,2020-05-23,2,49
Kruibeke,2020-05-24,0,49
Kruibeke,2020-05-25,0,49
Kruibeke,2020-05-26,0,49
Kruibeke,2020-05-27,0,49
Kruibeke,2020-05-28,1,50
Kruibeke,2020-05-29,0,50
Kruibeke,2020-05-30,0,50
Kruibeke,2020-05-31,0,50
Kruibeke,2020-06-01,1,51
Kruibeke,2020-06-02,0,51
Kruibeke,2020-06-03,0,51
Kruibeke,2020-06-04,0,51
Kruibeke,2020-06-05,0,51
Kruibeke,2020-06-06,0,51
Kruibeke,2020-06-07,1,52
Kruibeke,2020-06-08,0,52
Kruibeke,2020-06-09,1,53
Kruibeke,2020-06-10,0,53
Kruibeke,2020-06-11,1,54
Kruibeke,2020-06-12,0,54
Kruibeke,2020-06-13,0,54
Kruibeke,2020-06-14,0,54
Kruibeke,2020-06-15,0,54
Kruibeke,2020-06-16,0,54
Kruibeke,2020-06-17,0,54
Kruibeke,2020-06-18,0,54
Kruibeke,2020-06-19,1,55
Kruibeke,2020-06-20,1,56
Kruibeke,2020-06-23,0,56
Kruibeke,2020-06-24,0,56
Kruibeke,2020-06-25,0,56
Kruibeke,2020-06-26,0,56
Kruibeke,2020-06-27,1,57
Kruibeke,2020-06-30,1,58
Kruibeke,2020-07-01,0,58
Kruibeke,2020-07-02,0,58
Kruibeke,2020-07-03,1,59
Kruibeke,2020-07-04,0,59
Kruibeke,2020-07-07,1,60
Kruibeke,2020-07-08,0,60
Kruibeke,2020-07-09,0,60
Kruibeke,2020-07-10,0,60
Kruibeke,2020-07-11,0,60
Kruibeke,2020-07-14,0,60
Kruibeke,2020-07-15,0,60
Kruibeke,2020-07-16,1,61
Kruibeke,2020-07-17,1,62
Kruibeke,2020-07-18,0,62
Kruibeke,2020-07-20,1,63
Kruibeke,2020-07-21,0,63
Kruibeke,2020-07-22,0,63
Kruibeke,2020-07-23,1,64
Kruibeke,2020-07-24,0,64
Kruibeke,2020-07-25,0,64
Kruibeke,2020-07-26,1,65
Kruibeke,2020-07-27,0,65
Kruibeke,2020-07-28,0,65
Kruibeke,2020-07-29,0,65
Kruibeke,2020-07-30,0,65
Kruibeke,2020-07-31,0,65
Lokeren,2020-04-01,1,55
Lokeren,2020-04-02,10,65
Lokeren,2020-04-03,6,71
Lokeren,2020-04-04,4,75
Lokeren,2020-04-05,10,85
Lokeren,2020-04-06,6,91
Lokeren,2020-04-07,4,95
Lokeren,2020-04-08,1,96
Lokeren,2020-04-09,22,118
Lokeren,2020-04-10,9,127
Lokeren,2020-04-11,2,129
Lokeren,2020-04-12,6,135
Lokeren,2020-04-13,5,140
Lokeren,2020-04-14,1,141
Lokeren,2020-04-15,6,147
Lokeren,2020-04-16,0,147
Lokeren,2020-04-17,8,155
Lokeren,2020-04-18,4,159
Lokeren,2020-04-19,9,168
Lokeren,2020-04-20,6,174
Lokeren,2020-04-21,22,196
Lokeren,2020-04-22,16,212
Lokeren,2020-04-23,3,215
Lokeren,2020-04-24,4,219
Lokeren,2020-04-25,3,222
Lokeren,2020-04-26,1,223
Lokeren,2020-04-27,1,224
Lokeren,2020-04-28,1,225
Lokeren,2020-04-29,2,227
Lokeren,2020-04-30,1,228
Lokeren,2020-05-01,3,231
Lokeren,2020-05-02,3,234
Lokeren,2020-05-03,0,234
Lokeren,2020-05-04,0,234
Lokeren,2020-05-05,0,234
Lokeren,2020-05-06,2,236
Lokeren,2020-05-07,0,236
Lokeren,2020-05-08,4,240
Lokeren,2020-05-09,4,244
Lokeren,2020-05-10,3,247
Lokeren,2020-05-11,3,250
Lokeren,2020-05-12,2,252
Lokeren,2020-05-13,1,253
Lokeren,2020-05-14,0,253
Lokeren,2020-05-15,0,253
Lokeren,2020-05-16,2,255
Lokeren,2020-05-17,2,257
Lokeren,2020-05-18,2,259
Lokeren,2020-05-19,1,260
Lokeren,2020-05-20,0,260
Lokeren,2020-05-21,0,260
Lokeren,2020-05-22,2,262
Lokeren,2020-05-23,7,269
Lokeren,2020-05-24,2,271
Lokeren,2020-05-25,0,271
Lokeren,2020-05-26,0,271
Lokeren,2020-05-27,0,271
Lokeren,2020-05-28,5,276
Lokeren,2020-05-29,1,277
Lokeren,2020-05-30,0,277
Lokeren,2020-05-31,0,277
Lokeren,2020-06-01,2,279
Lokeren,2020-06-02,1,280
Lokeren,2020-06-03,0,280
Lokeren,2020-06-04,1,281
Lokeren,2020-06-05,0,281
Lokeren,2020-06-06,1,282
Lokeren,2020-06-07,6,288
Lokeren,2020-06-08,2,290
Lokeren,2020-06-09,0,290
Lokeren,2020-06-10,1,291
Lokeren,2020-06-11,0,291
Lokeren,2020-06-12,1,292
Lokeren,2020-06-13,2,294
Lokeren,2020-06-14,0,294
Lokeren,2020-06-15,0,294
Lokeren,2020-06-16,0,294
Lokeren,2020-06-17,0,294
Lokeren,2020-06-18,0,294
Lokeren,2020-06-19,0,294
Lokeren,2020-06-20,0,294
Lokeren,2020-06-23,0,294
Lokeren,2020-06-24,0,294
Lokeren,2020-06-25,1,295
Lokeren,2020-06-26,0,295
Lokeren,2020-06-27,0,295
Lokeren,2020-06-30,0,295
Lokeren,2020-07-01,0,295
Lokeren,2020-07-02,0,295
Lokeren,2020-07-03,0,295
Lokeren,2020-07-04,1,296
Lokeren,2020-07-07,0,296
Lokeren,2020-07-08,1,297
Lokeren,2020-07-09,0,297
Lokeren,2020-07-10,0,297
Lokeren,2020-07-11,1,298
Lokeren,2020-07-14,0,298
Lokeren,2020-07-15,0,298
Lokeren,2020-07-16,0,298
Lokeren,2020-07-17,1,299
Lokeren,2020-07-18,0,299
Lokeren,2020-07-20,0,299
Lokeren,2020-07-21,1,300
Lokeren,2020-07-22,0,300
Lokeren,2020-07-23,0,300
Lokeren,2020-07-24,1,301
Lokeren,2020-07-25,0,301
Lokeren,2020-07-26,5,306
Lokeren,2020-07-27,4,310
Lokeren,2020-07-28,1,311
Lokeren,2020-07-29,3,314
Lokeren,2020-07-30,6,320
Lokeren,2020-07-31,4,324
Sint-Gillis-Waas,2020-04-01,2,26
Sint-Gillis-Waas,2020-04-02,1,27
Sint-Gillis-Waas,2020-04-03,1,28
Sint-Gillis-Waas,2020-04-04,4,32
Sint-Gillis-Waas,2020-04-05,6,38
Sint-Gillis-Waas,2020-04-06,6,44
Sint-Gillis-Waas,2020-04-07,1,45
Sint-Gillis-Waas,2020-04-08,3,48
Sint-Gillis-Waas,2020-04-09,0,48
Sint-Gillis-Waas,2020-04-10,3,51
Sint-Gillis-Waas,2020-04-11,1,52
Sint-Gillis-Waas,2020-04-12,2,54
Sint-Gillis-Waas,2020-04-13,0,54
Sint-Gillis-Waas,2020-04-14,0,54
Sint-Gillis-Waas,2020-04-15,8,62
Sint-Gillis-Waas,2020-04-16,31,93
Sint-Gillis-Waas,2020-04-17,3,96
Sint-Gillis-Waas,2020-04-18,0,96
Sint-Gillis-Waas,2020-04-19,0,96
Sint-Gillis-Waas,2020-04-20,0,96
Sint-Gillis-Waas,2020-04-21,0,96
Sint-Gillis-Waas,2020-04-22,2,98
Sint-Gillis-Waas,2020-04-23,1,99
Sint-Gillis-Waas,2020-04-24,2,101
Sint-Gillis-Waas,2020-04-25,1,102
Sint-Gillis-Waas,2020-04-26,2,104
Sint-Gillis-Waas,2020-04-27,0,104
Sint-Gillis-Waas,2020-04-28,1,105
Sint-Gillis-Waas,2020-04-29,1,106
Sint-Gillis-Waas,2020-04-30,0,106
Sint-Gillis-Waas,2020-05-01,0,106
Sint-Gillis-Waas,2020-05-02,1,107
Sint-Gillis-Waas,2020-05-03,1,108
Sint-Gillis-Waas,2020-05-04,0,108
Sint-Gillis-Waas,2020-05-05,0,108
Sint-Gillis-Waas,2020-05-06,0,108
Sint-Gillis-Waas,2020-05-07,0,108
Sint-Gillis-Waas,2020-05-08,0,108
Sint-Gillis-Waas,2020-05-09,0,108
Sint-Gillis-Waas,2020-05-10,0,108
Sint-Gillis-Waas,2020-05-11,0,108
Sint-Gillis-Waas,2020-05-12,2,110
Sint-Gillis-Waas,2020-05-13,0,110
Sint-Gillis-Waas,2020-05-14,0,110
Sint-Gillis-Waas,2020-05-15,0,110
Sint-Gillis-Waas,2020-05-16,1,111
Sint-Gillis-Waas,2020-05-17,1,112
Sint-Gillis-Waas,2020-05-18,0,112
Sint-Gillis-Waas,2020-05-19,0,112
Sint-Gillis-Waas,2020-05-20,0,112
Sint-Gillis-Waas,2020-05-21,0,112
Sint-Gillis-Waas,2020-05-22,0,112
Sint-Gillis-Waas,2020-05-23,2,114
Sint-Gillis-Waas,2020-05-24,1,115
Sint-Gillis-Waas,2020-05-25,0,115
Sint-Gillis-Waas,2020-05-26,0,115
Sint-Gillis-Waas,2020-05-27,0,115
Sint-Gillis-Waas,2020-05-28,1,116
Sint-Gillis-Waas,2020-05-29,0,116
Sint-Gillis-Waas,2020-05-30,0,116
Sint-Gillis-Waas,2020-05-31,0,116
Sint-Gillis-Waas,2020-06-01,0,116
Sint-Gillis-Waas,2020-06-02,0,116
Sint-Gillis-Waas,2020-06-03,0,116
Sint-Gillis-Waas,2020-06-04,0,116
Sint-Gillis-Waas,2020-06-05,0,116
Sint-Gillis-Waas,2020-06-06,0,116
Sint-Gillis-Waas,2020-06-07,1,117
Sint-Gillis-Waas,2020-06-08,0,117
Sint-Gillis-Waas,2020-06-09,0,117
Sint-Gillis-Waas,2020-06-10,0,117
Sint-Gillis-Waas,2020-06-11,0,117
Sint-Gillis-Waas,2020-06-12,0,117
Sint-Gillis-Waas,2020-06-13,0,117
Sint-Gillis-Waas,2020-06-14,0,117
Sint-Gillis-Waas,2020-06-15,0,117
Sint-Gillis-Waas,2020-06-16,0,117
Sint-Gillis-Waas,2020-06-17,0,117
Sint-Gillis-Waas,2020-06-18,0,117
Sint-Gillis-Waas,2020-06-19,0,117
Sint-Gillis-Waas,2020-06-20,0,117
Sint-Gillis-Waas,2020-06-23,0,117
Sint-Gillis-Waas,2020-06-24,0,117
Sint-Gillis-Waas,2020-06-25,0,117
Sint-Gillis-Waas,2020-06-26,0,117
Sint-Gillis-Waas,2020-06-27,0,117
Sint-Gillis-Waas,2020-06-30,0,117
Sint-Gillis-Waas,2020-07-01,0,117
Sint-Gillis-Waas,2020-07-02,0,117
Sint-Gillis-Waas,2020-07-03,1,118
Sint-Gillis-Waas,2020-07-04,0,118
Sint-Gillis-Waas,2020-07-07,1,119
Sint-Gillis-Waas,2020-07-08,0,119
Sint-Gillis-Waas,2020-07-09,0,119
Sint-Gillis-Waas,2020-07-10,0,119
Sint-Gillis-Waas,2020-07-11,1,120
Sint-Gillis-Waas,2020-07-14,0,120
Sint-Gillis-Waas,2020-07-15,1,121
Sint-Gillis-Waas,2020-07-16,0,121
Sint-Gillis-Waas,2020-07-17,0,121
Sint-Gillis-Waas,2020-07-18,0,121
Sint-Gillis-Waas,2020-07-20,0,121
Sint-Gillis-Waas,2020-07-21,0,121
Sint-Gillis-Waas,2020-07-22,0,121
Sint-Gillis-Waas,2020-07-23,0,121
Sint-Gillis-Waas,2020-07-24,0,121
Sint-Gillis-Waas,2020-07-25,2,123
Sint-Gillis-Waas,2020-07-26,1,124
Sint-Gillis-Waas,2020-07-27,0,124
Sint-Gillis-Waas,2020-07-28,0,124
Sint-Gillis-Waas,2020-07-29,0,124
Sint-Gillis-Waas,2020-07-30,0,124
Sint-Gillis-Waas,2020-07-31,1,125
Sint-Niklaas (Sint-Niklaas),2020-04-01,12,86
Sint-Niklaas (Sint-Niklaas),2020-04-02,9,95
Sint-Niklaas (Sint-Niklaas),2020-04-03,16,111
Sint-Niklaas (Sint-Niklaas),2020-04-04,5,116
Sint-Niklaas (Sint-Niklaas),2020-04-05,7,123
Sint-Niklaas (Sint-Niklaas),2020-04-06,9,132
Sint-Niklaas (Sint-Niklaas),2020-04-07,0,132
Sint-Niklaas (Sint-Niklaas),2020-04-08,1,133
Sint-Niklaas (Sint-Niklaas),2020-04-09,6,139
Sint-Niklaas (Sint-Niklaas),2020-04-10,9,148
Sint-Niklaas (Sint-Niklaas),2020-04-11,4,152
Sint-Niklaas (Sint-Niklaas),2020-04-12,12,164
Sint-Niklaas (Sint-Niklaas),2020-04-13,6,170
Sint-Niklaas (Sint-Niklaas),2020-04-14,4,174
Sint-Niklaas (Sint-Niklaas),2020-04-15,29,203
Sint-Niklaas (Sint-Niklaas),2020-04-16,10,213
Sint-Niklaas (Sint-Niklaas),2020-04-17,3,216
Sint-Niklaas (Sint-Niklaas),2020-04-18,5,221
Sint-Niklaas (Sint-Niklaas),2020-04-19,4,225
Sint-Niklaas (Sint-Niklaas),2020-04-20,2,227
Sint-Niklaas (Sint-Niklaas),2020-04-21,4,231
Sint-Niklaas (Sint-Niklaas),2020-04-22,1,232
Sint-Niklaas (Sint-Niklaas),2020-04-23,2,234
Sint-Niklaas (Sint-Niklaas),2020-04-24,3,237
Sint-Niklaas (Sint-Niklaas),2020-04-25,2,239
Sint-Niklaas (Sint-Niklaas),2020-04-26,1,240
Sint-Niklaas (Sint-Niklaas),2020-04-27,2,242
Sint-Niklaas (Sint-Niklaas),2020-04-28,2,244
Sint-Niklaas (Sint-Niklaas),2020-04-29,2,246
Sint-Niklaas (Sint-Niklaas),2020-04-30,4,250
Sint-Niklaas (Sint-Niklaas),2020-05-01,2,252
Sint-Niklaas (Sint-Niklaas),2020-05-02,1,253
Sint-Niklaas (Sint-Niklaas),2020-05-03,1,254
Sint-Niklaas (Sint-Niklaas),2020-05-04,0,254
Sint-Niklaas (Sint-Niklaas),2020-05-05,0,254
Sint-Niklaas (Sint-Niklaas),2020-05-06,1,255
Sint-Niklaas (Sint-Niklaas),2020-05-07,0,255
Sint-Niklaas (Sint-Niklaas),2020-05-08,2,257
Sint-Niklaas (Sint-Niklaas),2020-05-09,0,257
Sint-Niklaas (Sint-Niklaas),2020-05-10,2,259
Sint-Niklaas (Sint-Niklaas),2020-05-11,0,259
Sint-Niklaas (Sint-Niklaas),2020-05-12,0,259
Sint-Niklaas (Sint-Niklaas),2020-05-13,-1,258
Sint-Niklaas (Sint-Niklaas),2020-05-14,0,258
Sint-Niklaas (Sint-Niklaas),2020-05-15,1,259
Sint-Niklaas (Sint-Niklaas),2020-05-16,1,260
Sint-Niklaas (Sint-Niklaas),2020-05-17,1,261
Sint-Niklaas (Sint-Niklaas),2020-05-18,6,267
Sint-Niklaas (Sint-Niklaas),2020-05-19,1,268
Sint-Niklaas (Sint-Niklaas),2020-05-20,3,271
Sint-Niklaas (Sint-Niklaas),2020-05-21,0,271
Sint-Niklaas (Sint-Niklaas),2020-05-22,3,274
Sint-Niklaas (Sint-Niklaas),2020-05-23,7,281
Sint-Niklaas (Sint-Niklaas),2020-05-24,2,283
Sint-Niklaas (Sint-Niklaas),2020-05-25,0,283
Sint-Niklaas (Sint-Niklaas),2020-05-26,0,283
Sint-Niklaas (Sint-Niklaas),2020-05-27,0,283
Sint-Niklaas (Sint-Niklaas),2020-05-28,6,289
Sint-Niklaas (Sint-Niklaas),2020-05-29,0,289
Sint-Niklaas (Sint-Niklaas),2020-05-30,1,290
Sint-Niklaas (Sint-Niklaas),2020-05-31,1,291
Sint-Niklaas (Sint-Niklaas),2020-06-01,0,291
Sint-Niklaas (Sint-Niklaas),2020-06-02,0,291
Sint-Niklaas (Sint-Niklaas),2020-06-03,1,292
Sint-Niklaas (Sint-Niklaas),2020-06-04,0,292
Sint-Niklaas (Sint-Niklaas),2020-06-05,2,294
Sint-Niklaas (Sint-Niklaas),2020-06-06,0,294
Sint-Niklaas (Sint-Niklaas),2020-06-07,3,297
Sint-Niklaas (Sint-Niklaas),2020-06-08,0,297
Sint-Niklaas (Sint-Niklaas),2020-06-09,1,298
Sint-Niklaas (Sint-Niklaas),2020-06-10,0,298
Sint-Niklaas (Sint-Niklaas),2020-06-11,0,298
Sint-Niklaas (Sint-Niklaas),2020-06-12,0,298
Sint-Niklaas (Sint-Niklaas),2020-06-13,0,298
Sint-Niklaas (Sint-Niklaas),2020-06-14,0,298
Sint-Niklaas (Sint-Niklaas),2020-06-15,1,299
Sint-Niklaas (Sint-Niklaas),2020-06-16,1,300
Sint-Niklaas (Sint-Niklaas),2020-06-17,0,300
Sint-Niklaas (Sint-Niklaas),2020-06-18,0,300
Sint-Niklaas (Sint-Niklaas),2020-06-19,3,303
Sint-Niklaas (Sint-Niklaas),2020-06-20,0,303
Sint-Niklaas (Sint-Niklaas),2020-06-23,2,305
Sint-Niklaas (Sint-Niklaas),2020-06-24,0,305
Sint-Niklaas (Sint-Niklaas),2020-06-25,1,306
Sint-Niklaas (Sint-Niklaas),2020-06-26,0,306
Sint-Niklaas (Sint-Niklaas),2020-06-27,1,307
Sint-Niklaas (Sint-Niklaas),2020-06-30,1,308
Sint-Niklaas (Sint-Niklaas),2020-07-01,5,313
Sint-Niklaas (Sint-Niklaas),2020-07-02,1,314
Sint-Niklaas (Sint-Niklaas),2020-07-03,0,314
Sint-Niklaas (Sint-Niklaas),2020-07-04,1,315
Sint-Niklaas (Sint-Niklaas),2020-07-07,2,317
Sint-Niklaas (Sint-Niklaas),2020-07-08,0,317
Sint-Niklaas (Sint-Niklaas),2020-07-09,0,317
Sint-Niklaas (Sint-Niklaas),2020-07-10,1,318
Sint-Niklaas (Sint-Niklaas),2020-07-11,0,318
Sint-Niklaas (Sint-Niklaas),2020-07-14,0,318
Sint-Niklaas (Sint-Niklaas),2020-07-15,0,318
Sint-Niklaas (Sint-Niklaas),2020-07-16,0,318
Sint-Niklaas (Sint-Niklaas),2020-07-17,2,320
Sint-Niklaas (Sint-Niklaas),2020-07-18,1,321
Sint-Niklaas (Sint-Niklaas),2020-07-20,1,322
Sint-Niklaas (Sint-Niklaas),2020-07-21,0,322
Sint-Niklaas (Sint-Niklaas),2020-07-22,0,322
Sint-Niklaas (Sint-Niklaas),2020-07-23,2,324
Sint-Niklaas (Sint-Niklaas),2020-07-24,1,325
Sint-Niklaas (Sint-Niklaas),2020-07-25,5,330
Sint-Niklaas (Sint-Niklaas),2020-07-26,2,332
Sint-Niklaas (Sint-Niklaas),2020-07-27,1,333
Sint-Niklaas (Sint-Niklaas),2020-07-28,2,335
Sint-Niklaas (Sint-Niklaas),2020-07-29,2,337
Sint-Niklaas (Sint-Niklaas),2020-07-30,6,343
Sint-Niklaas (Sint-Niklaas),2020-07-31,6,349
Stekene,2020-04-01,0,22
Stekene,2020-04-02,6,28
Stekene,2020-04-03,2,30
Stekene,2020-04-04,4,34
Stekene,2020-04-05,1,35
Stekene,2020-04-06,3,38
Stekene,2020-04-07,0,38
Stekene,2020-04-08,0,38
Stekene,2020-04-09,2,40
Stekene,2020-04-10,4,44
Stekene,2020-04-11,2,46
Stekene,2020-04-12,0,46
Stekene,2020-04-13,1,47
Stekene,2020-04-14,0,47
Stekene,2020-04-15,1,48
Stekene,2020-04-16,2,50
Stekene,2020-04-17,3,53
Stekene,2020-04-18,0,53
Stekene,2020-04-19,0,53
Stekene,2020-04-20,0,53
Stekene,2020-04-21,0,53
Stekene,2020-04-22,0,53
Stekene,2020-04-23,1,54
Stekene,2020-04-24,0,54
Stekene,2020-04-25,0,54
Stekene,2020-04-26,0,54
Stekene,2020-04-27,2,56
Stekene,2020-04-28,0,56
Stekene,2020-04-29,0,56
Stekene,2020-04-30,0,56
Stekene,2020-05-01,0,56
Stekene,2020-05-02,1,57
Stekene,2020-05-03,0,57
Stekene,2020-05-04,0,57
Stekene,2020-05-05,1,58
Stekene,2020-05-06,0,58
Stekene,2020-05-07,0,58
Stekene,2020-05-08,0,58
Stekene,2020-05-09,0,58
Stekene,2020-05-10,0,58
Stekene,2020-05-11,1,59
Stekene,2020-05-12,1,60
Stekene,2020-05-13,0,60
Stekene,2020-05-14,0,60
Stekene,2020-05-15,0,60
Stekene,2020-05-16,0,60
Stekene,2020-05-17,0,60
Stekene,2020-05-18,0,60
Stekene,2020-05-19,0,60
Stekene,2020-05-20,0,60
Stekene,2020-05-21,0,60
Stekene,2020-05-22,0,60
Stekene,2020-05-23,0,60
Stekene,2020-05-24,2,62
Stekene,2020-05-25,1,63
Stekene,2020-05-26,1,64
Stekene,2020-05-27,0,64
Stekene,2020-05-28,0,64
Stekene,2020-05-29,0,64
Stekene,2020-05-30,0,64
Stekene,2020-05-31,0,64
Stekene,2020-06-01,0,64
Stekene,2020-06-02,0,64
Stekene,2020-06-03,0,64
Stekene,2020-06-04,0,64
Stekene,2020-06-05,0,64
Stekene,2020-06-06,0,64
Stekene,2020-06-07,1,65
Stekene,2020-06-08,0,65
Stekene,2020-06-09,0,65
Stekene,2020-06-10,0,65
Stekene,2020-06-11,0,65
Stekene,2020-06-12,0,65
Stekene,2020-06-13,0,65
Stekene,2020-06-14,0,65
Stekene,2020-06-15,0,65
Stekene,2020-06-16,0,65
Stekene,2020-06-17,0,65
Stekene,2020-06-18,0,65
Stekene,2020-06-19,0,65
Stekene,2020-06-20,0,65
Stekene,2020-06-23,0,65
Stekene,2020-06-24,0,65
Stekene,2020-06-25,0,65
Stekene,2020-06-26,0,65
Stekene,2020-06-27,0,65
Stekene,2020-06-30,0,65
Stekene,2020-07-01,0,65
Stekene,2020-07-02,1,66
Stekene,2020-07-03,0,66
Stekene,2020-07-04,0,66
Stekene,2020-07-07,0,66
Stekene,2020-07-08,0,66
Stekene,2020-07-09,0,66
Stekene,2020-07-10,1,67
Stekene,2020-07-11,0,67
Stekene,2020-07-14,0,67
Stekene,2020-07-15,0,67
Stekene,2020-07-16,1,68
Stekene,2020-07-17,0,68
Stekene,2020-07-18,0,68
Stekene,2020-07-20,0,68
Stekene,2020-07-21,0,68
Stekene,2020-07-22,0,68
Stekene,2020-07-23,0,68
Stekene,2020-07-24,0,68
Stekene,2020-07-25,0,68
Stekene,2020-07-26,0,68
Stekene,2020-07-27,0,68
Stekene,2020-07-28,0,68
Stekene,2020-07-29,0,68
Stekene,2020-07-30,0,68
Stekene,2020-07-31,0,68
Temse,2020-04-01,4,31
Temse,2020-04-02,5,36
Temse,2020-04-03,18,54
Temse,2020-04-04,20,74
Temse,2020-04-05,4,78
Temse,2020-04-06,6,84
Temse,2020-04-07,21,105
Temse,2020-04-08,3,108
Temse,2020-04-09,1,109
Temse,2020-04-10,8,117
Temse,2020-04-11,1,118
Temse,2020-04-12,18,136
Temse,2020-04-13,3,139
Temse,2020-04-14,0,139
Temse,2020-04-15,1,140
Temse,2020-04-16,1,141
Temse,2020-04-17,2,143
Temse,2020-04-18,6,149
Temse,2020-04-19,21,170
Temse,2020-04-20,0,170
Temse,2020-04-21,4,174
Temse,2020-04-22,0,174
Temse,2020-04-23,0,174
Temse,2020-04-24,0,174
Temse,2020-04-25,2,176
Temse,2020-04-26,1,177
Temse,2020-04-27,0,177
Temse,2020-04-28,0,177
Temse,2020-04-29,0,177
Temse,2020-04-30,1,178
Temse,2020-05-01,0,178
Temse,2020-05-02,2,180
Temse,2020-05-03,0,180
Temse,2020-05-04,0,180
Temse,2020-05-05,0,180
Temse,2020-05-06,3,183
Temse,2020-05-07,1,184
Temse,2020-05-08,4,188
Temse,2020-05-09,2,190
Temse,2020-05-10,0,190
Temse,2020-05-11,0,190
Temse,2020-05-12,0,190
Temse,2020-05-13,2,192
Temse,2020-05-14,2,194
Temse,2020-05-15,2,196
Temse,2020-05-16,1,197
Temse,2020-05-17,0,197
Temse,2020-05-18,2,199
Temse,2020-05-19,0,199
Temse,2020-05-20,1,200
Temse,2020-05-21,2,202
Temse,2020-05-22,0,202
Temse,2020-05-23,3,205
Temse,2020-05-24,2,207
Temse,2020-05-25,1,208
Temse,2020-05-26,0,208
Temse,2020-05-27,0,208
Temse,2020-05-28,1,209
Temse,2020-05-29,0,209
Temse,2020-05-30,0,209
Temse,2020-05-31,0,209
Temse,2020-06-01,0,209
Temse,2020-06-02,0,209
Temse,2020-06-03,1,210
Temse,2020-06-04,0,210
Temse,2020-06-05,0,210
Temse,2020-06-06,0,210
Temse,2020-06-07,0,210
Temse,2020-06-08,0,210
Temse,2020-06-09,0,210
Temse,2020-06-10,0,210
Temse,2020-06-11,0,210
Temse,2020-06-12,0,210
Temse,2020-06-13,1,211
Temse,2020-06-14,0,211
Temse,2020-06-15,0,211
Temse,2020-06-16,0,211
Temse,2020-06-17,0,211
Temse,2020-06-18,1,212
Temse,2020-06-19,1,213
Temse,2020-06-20,1,214
Temse,2020-06-23,0,214
Temse,2020-06-24,0,214
Temse,2020-06-25,0,214
Temse,2020-06-26,0,214
Temse,2020-06-27,0,214
Temse,2020-06-30,0,214
Temse,2020-07-01,0,214
Temse,2020-07-02,0,214
Temse,2020-07-03,0,214
Temse,2020-07-04,0,214
Temse,2020-07-07,0,214
Temse,2020-07-08,2,216
Temse,2020-07-09,1,217
Temse,2020-07-10,1,218
Temse,2020-07-11,0,218
Temse,2020-07-14,0,218
Temse,2020-07-15,1,219
Temse,2020-07-16,1,220
Temse,2020-07-17,3,223
Temse,2020-07-18,1,224
Temse,2020-07-20,0,224
Temse,2020-07-21,1,225
Temse,2020-07-22,0,225
Temse,2020-07-23,0,225
Temse,2020-07-24,0,225
Temse,2020-07-25,0,225
Temse,2020-07-26,1,226
Temse,2020-07-27,1,227
Temse,2020-07-28,1,228
Temse,2020-07-29,0,228
Temse,2020-07-30,8,236
Temse,2020-07-31,2,238
Aat,2020-04-01,2,28
Aat,2020-04-02,2,30
Aat,2020-04-03,3,33
Aat,2020-04-04,6,39
Aat,2020-04-05,2,41
Aat,2020-04-06,5,46
Aat,2020-04-07,3,49
Aat,2020-04-08,3,52
Aat,2020-04-09,1,53
Aat,2020-04-10,1,54
Aat,2020-04-11,0,54
Aat,2020-04-12,2,56
Aat,2020-04-13,1,57
Aat,2020-04-14,0,57
Aat,2020-04-15,18,75
Aat,2020-04-16,3,78
Aat,2020-04-17,1,79
Aat,2020-04-18,1,80
Aat,2020-04-19,1,81
Aat,2020-04-20,3,84
Aat,2020-04-21,21,105
Aat,2020-04-22,1,106
Aat,2020-04-23,2,108
Aat,2020-04-24,0,108
Aat,2020-04-25,2,110
Aat,2020-04-26,2,112
Aat,2020-04-27,0,112
Aat,2020-04-28,0,112
Aat,2020-04-29,0,112
Aat,2020-04-30,0,112
Aat,2020-05-01,0,112
Aat,2020-05-02,0,112
Aat,2020-05-03,0,112
Aat,2020-05-04,0,112
Aat,2020-05-05,0,112
Aat,2020-05-06,0,112
Aat,2020-05-07,0,112
Aat,2020-05-08,0,112
Aat,2020-05-09,0,112
Aat,2020-05-10,0,112
Aat,2020-05-11,1,113
Aat,2020-05-12,0,113
Aat,2020-05-13,0,113
Aat,2020-05-14,0,113
Aat,2020-05-15,1,114
Aat,2020-05-16,0,114
Aat,2020-05-17,1,115
Aat,2020-05-18,0,115
Aat,2020-05-19,0,115
Aat,2020-05-20,1,116
Aat,2020-05-21,0,116
Aat,2020-05-22,1,117
Aat,2020-05-23,0,117
Aat,2020-05-24,1,118
Aat,2020-05-25,0,118
Aat,2020-05-26,0,118
Aat,2020-05-27,0,118
Aat,2020-05-28,0,118
Aat,2020-05-29,0,118
Aat,2020-05-30,0,118
Aat,2020-05-31,0,118
Aat,2020-06-01,0,118
Aat,2020-06-02,0,118
Aat,2020-06-03,0,118
Aat,2020-06-04,0,118
Aat,2020-06-05,0,118
Aat,2020-06-06,0,118
Aat,2020-06-07,0,118
Aat,2020-06-08,0,118
Aat,2020-06-09,0,118
Aat,2020-06-10,0,118
Aat,2020-06-11,0,118
Aat,2020-06-12,0,118
Aat,2020-06-13,0,118
Aat,2020-06-14,0,118
Aat,2020-06-15,0,118
Aat,2020-06-16,0,118
Aat,2020-06-17,0,118
Aat,2020-06-18,0,118
Aat,2020-06-19,1,119
Aat,2020-06-20,0,119
Aat,2020-06-23,0,119
Aat,2020-06-24,0,119
Aat,2020-06-25,0,119
Aat,2020-06-26,0,119
Aat,2020-06-27,0,119
Aat,2020-06-30,0,119
Aat,2020-07-01,0,119
Aat,2020-07-02,0,119
Aat,2020-07-03,0,119
Aat,2020-07-04,0,119
Aat,2020-07-07,0,119
Aat,2020-07-08,0,119
Aat,2020-07-09,0,119
Aat,2020-07-10,0,119
Aat,2020-07-11,0,119
Aat,2020-07-14,0,119
Aat,2020-07-15,0,119
Aat,2020-07-16,1,120
Aat,2020-07-17,1,121
Aat,2020-07-18,0,121
Aat,2020-07-20,1,122
Aat,2020-07-21,0,122
Aat,2020-07-22,0,122
Aat,2020-07-23,0,122
Aat,2020-07-24,0,122
Aat,2020-07-25,0,122
Aat,2020-07-26,0,122
Aat,2020-07-27,0,122
Aat,2020-07-28,0,122
Aat,2020-07-29,0,122
Aat,2020-07-30,0,122
Aat,2020-07-31,1,123
Beloeil,2020-04-01,0,14
Beloeil,2020-04-02,2,16
Beloeil,2020-04-03,1,17
Beloeil,2020-04-04,0,17
Beloeil,2020-04-05,1,18
Beloeil,2020-04-06,1,19
Beloeil,2020-04-07,0,19
Beloeil,2020-04-08,1,20
Beloeil,2020-04-09,2,22
Beloeil,2020-04-10,1,23
Beloeil,2020-04-11,1,24
Beloeil,2020-04-12,0,24
Beloeil,2020-04-13,0,24
Beloeil,2020-04-14,0,24
Beloeil,2020-04-15,1,25
Beloeil,2020-04-16,2,27
Beloeil,2020-04-17,1,28
Beloeil,2020-04-18,0,28
Beloeil,2020-04-19,0,28
Beloeil,2020-04-20,0,28
Beloeil,2020-04-21,0,28
Beloeil,2020-04-22,1,29
Beloeil,2020-04-23,1,30
Beloeil,2020-04-24,1,31
Beloeil,2020-04-25,0,31
Beloeil,2020-04-26,0,31
Beloeil,2020-04-27,0,31
Beloeil,2020-04-28,1,32
Beloeil,2020-04-29,0,32
Beloeil,2020-04-30,0,32
Beloeil,2020-05-01,1,33
Beloeil,2020-05-02,0,33
Beloeil,2020-05-03,0,33
Beloeil,2020-05-04,1,34
Beloeil,2020-05-05,0,34
Beloeil,2020-05-06,0,34
Beloeil,2020-05-07,0,34
Beloeil,2020-05-08,3,37
Beloeil,2020-05-09,1,38
Beloeil,2020-05-10,1,39
Beloeil,2020-05-11,0,39
Beloeil,2020-05-12,0,39
Beloeil,2020-05-13,0,39
Beloeil,2020-05-14,0,39
Beloeil,2020-05-15,0,39
Beloeil,2020-05-16,0,39
Beloeil,2020-05-17,0,39
Beloeil,2020-05-18,0,39
Beloeil,2020-05-19,0,39
Beloeil,2020-05-20,1,40
Beloeil,2020-05-21,0,40
Beloeil,2020-05-22,1,41
Beloeil,2020-05-23,0,41
Beloeil,2020-05-24,0,41
Beloeil,2020-05-25,0,41
Beloeil,2020-05-26,0,41
Beloeil,2020-05-27,0,41
Beloeil,2020-05-28,0,41
Beloeil,2020-05-29,0,41
Beloeil,2020-05-30,0,41
Beloeil,2020-05-31,0,41
Beloeil,2020-06-01,0,41
Beloeil,2020-06-02,0,41
Beloeil,2020-06-03,0,41
Beloeil,2020-06-04,0,41
Beloeil,2020-06-05,0,41
Beloeil,2020-06-06,0,41
Beloeil,2020-06-07,0,41
Beloeil,2020-06-08,0,41
Beloeil,2020-06-09,0,41
Beloeil,2020-06-10,0,41
Beloeil,2020-06-11,0,41
Beloeil,2020-06-12,0,41
Beloeil,2020-06-13,0,41
Beloeil,2020-06-14,0,41
Beloeil,2020-06-15,0,41
Beloeil,2020-06-16,0,41
Beloeil,2020-06-17,0,41
Beloeil,2020-06-18,0,41
Beloeil,2020-06-19,0,41
Beloeil,2020-06-20,0,41
Beloeil,2020-06-23,0,41
Beloeil,2020-06-24,0,41
Beloeil,2020-06-25,0,41
Beloeil,2020-06-26,0,41
Beloeil,2020-06-27,0,41
Beloeil,2020-06-30,1,42
Beloeil,2020-07-01,0,42
Beloeil,2020-07-02,1,43
Beloeil,2020-07-03,0,43
Beloeil,2020-07-04,0,43
Beloeil,2020-07-07,0,43
Beloeil,2020-07-08,0,43
Beloeil,2020-07-09,0,43
Beloeil,2020-07-10,0,43
Beloeil,2020-07-11,0,43
Beloeil,2020-07-14,1,44
Beloeil,2020-07-15,0,44
Beloeil,2020-07-16,0,44
Beloeil,2020-07-17,1,45
Beloeil,2020-07-18,0,45
Beloeil,2020-07-20,0,45
Beloeil,2020-07-21,1,46
Beloeil,2020-07-22,0,46
Beloeil,2020-07-23,0,46
Beloeil,2020-07-24,0,46
Beloeil,2020-07-25,0,46
Beloeil,2020-07-26,0,46
Beloeil,2020-07-27,0,46
Beloeil,2020-07-28,3,49
Beloeil,2020-07-29,0,49
Beloeil,2020-07-30,0,49
Beloeil,2020-07-31,2,51
Bernissart,2020-04-01,1,7
Bernissart,2020-04-02,1,8
Bernissart,2020-04-03,2,10
Bernissart,2020-04-04,0,10
Bernissart,2020-04-05,2,12
Bernissart,2020-04-06,1,13
Bernissart,2020-04-07,0,13
Bernissart,2020-04-08,0,13
Bernissart,2020-04-09,1,14
Bernissart,2020-04-10,0,14
Bernissart,2020-04-11,0,14
Bernissart,2020-04-12,1,15
Bernissart,2020-04-13,0,15
Bernissart,2020-04-14,0,15
Bernissart,2020-04-15,3,18
Bernissart,2020-04-16,1,19
Bernissart,2020-04-17,2,21
Bernissart,2020-04-18,0,21
Bernissart,2020-04-19,0,21
Bernissart,2020-04-20,1,22
Bernissart,2020-04-21,1,23
Bernissart,2020-04-22,2,25
Bernissart,2020-04-23,1,26
Bernissart,2020-04-24,1,27
Bernissart,2020-04-25,3,30
Bernissart,2020-04-26,2,32
Bernissart,2020-04-27,1,33
Bernissart,2020-04-28,0,33
Bernissart,2020-04-29,5,38
Bernissart,2020-04-30,1,39
Bernissart,2020-05-01,0,39
Bernissart,2020-05-02,0,39
Bernissart,2020-05-03,1,40
Bernissart,2020-05-04,0,40
Bernissart,2020-05-05,0,40
Bernissart,2020-05-06,0,40
Bernissart,2020-05-07,0,40
Bernissart,2020-05-08,0,40
Bernissart,2020-05-09,1,41
Bernissart,2020-05-10,0,41
Bernissart,2020-05-11,0,41
Bernissart,2020-05-12,1,42
Bernissart,2020-05-13,0,42
Bernissart,2020-05-14,0,42
Bernissart,2020-05-15,0,42
Bernissart,2020-05-16,2,44
Bernissart,2020-05-17,0,44
Bernissart,2020-05-18,0,44
Bernissart,2020-05-19,0,44
Bernissart,2020-05-20,0,44
Bernissart,2020-05-21,0,44
Bernissart,2020-05-22,0,44
Bernissart,2020-05-23,0,44
Bernissart,2020-05-24,0,44
Bernissart,2020-05-25,0,44
Bernissart,2020-05-26,0,44
Bernissart,2020-05-27,0,44
Bernissart,2020-05-28,0,44
Bernissart,2020-05-29,0,44
Bernissart,2020-05-30,0,44
Bernissart,2020-05-31,0,44
Bernissart,2020-06-01,0,44
Bernissart,2020-06-02,0,44
Bernissart,2020-06-03,0,44
Bernissart,2020-06-04,0,44
Bernissart,2020-06-05,0,44
Bernissart,2020-06-06,0,44
Bernissart,2020-06-07,0,44
Bernissart,2020-06-08,0,44
Bernissart,2020-06-09,0,44
Bernissart,2020-06-10,0,44
Bernissart,2020-06-11,0,44
Bernissart,2020-06-12,0,44
Bernissart,2020-06-13,0,44
Bernissart,2020-06-14,0,44
Bernissart,2020-06-15,0,44
Bernissart,2020-06-16,0,44
Bernissart,2020-06-17,0,44
Bernissart,2020-06-18,0,44
Bernissart,2020-06-19,0,44
Bernissart,2020-06-20,0,44
Bernissart,2020-06-23,0,44
Bernissart,2020-06-24,0,44
Bernissart,2020-06-25,0,44
Bernissart,2020-06-26,0,44
Bernissart,2020-06-27,0,44
Bernissart,2020-06-30,0,44
Bernissart,2020-07-01,0,44
Bernissart,2020-07-02,0,44
Bernissart,2020-07-03,0,44
Bernissart,2020-07-04,0,44
Bernissart,2020-07-07,0,44
Bernissart,2020-07-08,0,44
Bernissart,2020-07-09,0,44
Bernissart,2020-07-10,0,44
Bernissart,2020-07-11,0,44
Bernissart,2020-07-14,0,44
Bernissart,2020-07-15,0,44
Bernissart,2020-07-16,0,44
Bernissart,2020-07-17,0,44
Bernissart,2020-07-18,0,44
Bernissart,2020-07-20,0,44
Bernissart,2020-07-21,0,44
Bernissart,2020-07-22,0,44
Bernissart,2020-07-23,0,44
Bernissart,2020-07-24,0,44
Bernissart,2020-07-25,0,44
Bernissart,2020-07-26,0,44
Bernissart,2020-07-27,0,44
Bernissart,2020-07-28,0,44
Bernissart,2020-07-29,0,44
Bernissart,2020-07-30,0,44
Bernissart,2020-07-31,1,45
Brugelette,2020-04-01,1,9
Brugelette,2020-04-02,0,9
Brugelette,2020-04-03,1,10
Brugelette,2020-04-04,0,10
Brugelette,2020-04-05,0,10
Brugelette,2020-04-06,0,10
Brugelette,2020-04-07,0,10
Brugelette,2020-04-08,0,10
Brugelette,2020-04-09,0,10
Brugelette,2020-04-10,2,12
Brugelette,2020-04-11,0,12
Brugelette,2020-04-12,0,12
Brugelette,2020-04-13,0,12
Brugelette,2020-04-14,0,12
Brugelette,2020-04-15,0,12
Brugelette,2020-04-16,0,12
Brugelette,2020-04-17,2,14
Brugelette,2020-04-18,0,14
Brugelette,2020-04-19,0,14
Brugelette,2020-04-20,0,14
Brugelette,2020-04-21,0,14
Brugelette,2020-04-22,0,14
Brugelette,2020-04-23,0,14
Brugelette,2020-04-24,0,14
Brugelette,2020-04-25,0,14
Brugelette,2020-04-26,0,14
Brugelette,2020-04-27,0,14
Brugelette,2020-04-28,0,14
Brugelette,2020-04-29,0,14
Brugelette,2020-04-30,0,14
Brugelette,2020-05-01,0,14
Brugelette,2020-05-02,0,14
Brugelette,2020-05-03,0,14
Brugelette,2020-05-04,0,14
Brugelette,2020-05-05,0,14
Brugelette,2020-05-06,1,15
Brugelette,2020-05-07,0,15
Brugelette,2020-05-08,0,15
Brugelette,2020-05-09,0,15
Brugelette,2020-05-10,1,16
Brugelette,2020-05-11,0,16
Brugelette,2020-05-12,1,17
Brugelette,2020-05-13,-1,16
Brugelette,2020-05-14,0,16
Brugelette,2020-05-15,0,16
Brugelette,2020-05-16,0,16
Brugelette,2020-05-17,0,16
Brugelette,2020-05-18,0,16
Brugelette,2020-05-19,0,16
Brugelette,2020-05-20,0,16
Brugelette,2020-05-21,0,16
Brugelette,2020-05-22,0,16
Brugelette,2020-05-23,0,16
Brugelette,2020-05-24,0,16
Brugelette,2020-05-25,0,16
Brugelette,2020-05-26,0,16
Brugelette,2020-05-27,0,16
Brugelette,2020-05-28,0,16
Brugelette,2020-05-29,0,16
Brugelette,2020-05-30,0,16
Brugelette,2020-05-31,0,16
Brugelette,2020-06-01,0,16
Brugelette,2020-06-02,0,16
Brugelette,2020-06-03,0,16
Brugelette,2020-06-04,0,16
Brugelette,2020-06-05,0,16
Brugelette,2020-06-06,0,16
Brugelette,2020-06-07,0,16
Brugelette,2020-06-08,0,16
Brugelette,2020-06-09,0,16
Brugelette,2020-06-10,0,16
Brugelette,2020-06-11,0,16
Brugelette,2020-06-12,0,16
Brugelette,2020-06-13,0,16
Brugelette,2020-06-14,0,16
Brugelette,2020-06-15,0,16
Brugelette,2020-06-16,0,16
Brugelette,2020-06-17,0,16
Brugelette,2020-06-18,0,16
Brugelette,2020-06-19,1,17
Brugelette,2020-06-20,0,17
Brugelette,2020-06-23,0,17
Brugelette,2020-06-24,0,17
Brugelette,2020-06-25,0,17
Brugelette,2020-06-26,0,17
Brugelette,2020-06-27,0,17
Brugelette,2020-06-30,0,17
Brugelette,2020-07-01,0,17
Brugelette,2020-07-02,0,17
Brugelette,2020-07-03,1,18
Brugelette,2020-07-04,0,18
Brugelette,2020-07-07,0,18
Brugelette,2020-07-08,0,18
Brugelette,2020-07-09,0,18
Brugelette,2020-07-10,0,18
Brugelette,2020-07-11,0,18
Brugelette,2020-07-14,0,18
Brugelette,2020-07-15,0,18
Brugelette,2020-07-16,0,18
Brugelette,2020-07-17,0,18
Brugelette,2020-07-18,0,18
Brugelette,2020-07-20,0,18
Brugelette,2020-07-21,0,18
Brugelette,2020-07-22,0,18
Brugelette,2020-07-23,0,18
Brugelette,2020-07-24,0,18
Brugelette,2020-07-25,0,18
Brugelette,2020-07-26,0,18
Brugelette,2020-07-27,0,18
Brugelette,2020-07-28,0,18
Brugelette,2020-07-29,0,18
Brugelette,2020-07-30,0,18
Brugelette,2020-07-31,1,19
Chièvres,2020-04-01,0,0
Chièvres,2020-04-02,0,0
Chièvres,2020-04-03,6,6
Chièvres,2020-04-04,1,7
Chièvres,2020-04-05,1,8
Chièvres,2020-04-06,0,8
Chièvres,2020-04-07,0,8
Chièvres,2020-04-08,1,9
Chièvres,2020-04-09,0,9
Chièvres,2020-04-10,1,10
Chièvres,2020-04-11,1,11
Chièvres,2020-04-12,0,11
Chièvres,2020-04-13,0,11
Chièvres,2020-04-14,0,11
Chièvres,2020-04-15,3,14
Chièvres,2020-04-16,0,14
Chièvres,2020-04-17,1,15
Chièvres,2020-04-18,0,15
Chièvres,2020-04-19,0,15
Chièvres,2020-04-20,0,15
Chièvres,2020-04-21,1,16
Chièvres,2020-04-22,0,16
Chièvres,2020-04-23,0,16
Chièvres,2020-04-24,0,16
Chièvres,2020-04-25,0,16
Chièvres,2020-04-26,1,17
Chièvres,2020-04-27,0,17
Chièvres,2020-04-28,1,18
Chièvres,2020-04-29,0,18
Chièvres,2020-04-30,0,18
Chièvres,2020-05-01,0,18
Chièvres,2020-05-02,0,18
Chièvres,2020-05-03,0,18
Chièvres,2020-05-04,0,18
Chièvres,2020-05-05,0,18
Chièvres,2020-05-06,0,18
Chièvres,2020-05-07,0,18
Chièvres,2020-05-08,0,18
Chièvres,2020-05-09,0,18
Chièvres,2020-05-10,0,18
Chièvres,2020-05-11,0,18
Chièvres,2020-05-12,0,18
Chièvres,2020-05-13,0,18
Chièvres,2020-05-14,0,18
Chièvres,2020-05-15,1,19
Chièvres,2020-05-16,0,19
Chièvres,2020-05-17,0,19
Chièvres,2020-05-18,0,19
Chièvres,2020-05-19,0,19
Chièvres,2020-05-20,0,19
Chièvres,2020-05-21,0,19
Chièvres,2020-05-22,0,19
Chièvres,2020-05-23,0,19
Chièvres,2020-05-24,0,19
Chièvres,2020-05-25,0,19
Chièvres,2020-05-26,0,19
Chièvres,2020-05-27,0,19
Chièvres,2020-05-28,0,19
Chièvres,2020-05-29,0,19
Chièvres,2020-05-30,0,19
Chièvres,2020-05-31,0,19
Chièvres,2020-06-01,0,19
Chièvres,2020-06-02,0,19
Chièvres,2020-06-03,0,19
Chièvres,2020-06-04,0,19
Chièvres,2020-06-05,0,19
Chièvres,2020-06-06,0,19
Chièvres,2020-06-07,0,19
Chièvres,2020-06-08,0,19
Chièvres,2020-06-09,0,19
Chièvres,2020-06-10,0,19
Chièvres,2020-06-11,0,19
Chièvres,2020-06-12,0,19
Chièvres,2020-06-13,0,19
Chièvres,2020-06-14,0,19
Chièvres,2020-06-15,0,19
Chièvres,2020-06-16,0,19
Chièvres,2020-06-17,0,19
Chièvres,2020-06-18,0,19
Chièvres,2020-06-19,0,19
Chièvres,2020-06-20,0,19
Chièvres,2020-06-23,0,19
Chièvres,2020-06-24,0,19
Chièvres,2020-06-25,0,19
Chièvres,2020-06-26,0,19
Chièvres,2020-06-27,0,19
Chièvres,2020-06-30,0,19
Chièvres,2020-07-01,0,19
Chièvres,2020-07-02,0,19
Chièvres,2020-07-03,0,19
Chièvres,2020-07-04,0,19
Chièvres,2020-07-07,0,19
Chièvres,2020-07-08,0,19
Chièvres,2020-07-09,0,19
Chièvres,2020-07-10,0,19
Chièvres,2020-07-11,0,19
Chièvres,2020-07-14,0,19
Chièvres,2020-07-15,0,19
Chièvres,2020-07-16,0,19
Chièvres,2020-07-17,0,19
Chièvres,2020-07-18,0,19
Chièvres,2020-07-20,0,19
Chièvres,2020-07-21,0,19
Chièvres,2020-07-22,0,19
Chièvres,2020-07-23,0,19
Chièvres,2020-07-24,0,19
Chièvres,2020-07-25,0,19
Chièvres,2020-07-26,0,19
Chièvres,2020-07-27,0,19
Chièvres,2020-07-28,1,20
Chièvres,2020-07-29,1,21
Chièvres,2020-07-30,0,21
Chièvres,2020-07-31,1,22
Elzele,2020-04-01,0,8
Elzele,2020-04-02,0,8
Elzele,2020-04-03,0,8
Elzele,2020-04-04,1,9
Elzele,2020-04-05,0,9
Elzele,2020-04-06,0,9
Elzele,2020-04-07,0,9
Elzele,2020-04-08,0,9
Elzele,2020-04-09,0,9
Elzele,2020-04-10,0,9
Elzele,2020-04-11,0,9
Elzele,2020-04-12,0,9
Elzele,2020-04-13,0,9
Elzele,2020-04-14,0,9
Elzele,2020-04-15,1,10
Elzele,2020-04-16,2,12
Elzele,2020-04-17,0,12
Elzele,2020-04-18,0,12
Elzele,2020-04-19,0,12
Elzele,2020-04-20,0,12
Elzele,2020-04-21,1,13
Elzele,2020-04-22,0,13
Elzele,2020-04-23,0,13
Elzele,2020-04-24,0,13
Elzele,2020-04-25,1,14
Elzele,2020-04-26,0,14
Elzele,2020-04-27,0,14
Elzele,2020-04-28,1,15
Elzele,2020-04-29,0,15
Elzele,2020-04-30,1,16
Elzele,2020-05-01,0,16
Elzele,2020-05-02,0,16
Elzele,2020-05-03,0,16
Elzele,2020-05-04,0,16
Elzele,2020-05-05,0,16
Elzele,2020-05-06,1,17
Elzele,2020-05-07,0,17
Elzele,2020-05-08,0,17
Elzele,2020-05-09,0,17
Elzele,2020-05-10,0,17
Elzele,2020-05-11,1,18
Elzele,2020-05-12,1,19
Elzele,2020-05-13,0,19
Elzele,2020-05-14,0,19
Elzele,2020-05-15,0,19
Elzele,2020-05-16,0,19
Elzele,2020-05-17,0,19
Elzele,2020-05-18,0,19
Elzele,2020-05-19,0,19
Elzele,2020-05-20,0,19
Elzele,2020-05-21,0,19
Elzele,2020-05-22,0,19
Elzele,2020-05-23,0,19
Elzele,2020-05-24,0,19
Elzele,2020-05-25,1,20
Elzele,2020-05-26,0,20
Elzele,2020-05-27,0,20
Elzele,2020-05-28,0,20
Elzele,2020-05-29,0,20
Elzele,2020-05-30,0,20
Elzele,2020-05-31,0,20
Elzele,2020-06-01,0,20
Elzele,2020-06-02,0,20
Elzele,2020-06-03,0,20
Elzele,2020-06-04,0,20
Elzele,2020-06-05,0,20
Elzele,2020-06-06,0,20
Elzele,2020-06-07,0,20
Elzele,2020-06-08,0,20
Elzele,2020-06-09,0,20
Elzele,2020-06-10,0,20
Elzele,2020-06-11,0,20
Elzele,2020-06-12,0,20
Elzele,2020-06-13,0,20
Elzele,2020-06-14,0,20
Elzele,2020-06-15,0,20
Elzele,2020-06-16,0,20
Elzele,2020-06-17,0,20
Elzele,2020-06-18,0,20
Elzele,2020-06-19,0,20
Elzele,2020-06-20,0,20
Elzele,2020-06-23,0,20
Elzele,2020-06-24,0,20
Elzele,2020-06-25,0,20
Elzele,2020-06-26,0,20
Elzele,2020-06-27,0,20
Elzele,2020-06-30,0,20
Elzele,2020-07-01,0,20
Elzele,2020-07-02,0,20
Elzele,2020-07-03,0,20
Elzele,2020-07-04,0,20
Elzele,2020-07-07,0,20
Elzele,2020-07-08,0,20
Elzele,2020-07-09,0,20
Elzele,2020-07-10,0,20
Elzele,2020-07-11,0,20
Elzele,2020-07-14,0,20
Elzele,2020-07-15,0,20
Elzele,2020-07-16,0,20
Elzele,2020-07-17,0,20
Elzele,2020-07-18,0,20
Elzele,2020-07-20,0,20
Elzele,2020-07-21,0,20
Elzele,2020-07-22,0,20
Elzele,2020-07-23,0,20
Elzele,2020-07-24,0,20
Elzele,2020-07-25,0,20
Elzele,2020-07-26,0,20
Elzele,2020-07-27,0,20
Elzele,2020-07-28,0,20
Elzele,2020-07-29,0,20
Elzele,2020-07-30,0,20
Elzele,2020-07-31,0,20
Vloesberg,2020-04-01,2,9
Vloesberg,2020-04-02,0,9
Vloesberg,2020-04-03,0,9
Vloesberg,2020-04-04,2,11
Vloesberg,2020-04-05,0,11
Vloesberg,2020-04-06,1,12
Vloesberg,2020-04-07,5,17
Vloesberg,2020-04-08,0,17
Vloesberg,2020-04-09,2,19
Vloesberg,2020-04-10,4,23
Vloesberg,2020-04-11,0,23
Vloesberg,2020-04-12,0,23
Vloesberg,2020-04-13,0,23
Vloesberg,2020-04-14,0,23
Vloesberg,2020-04-15,0,23
Vloesberg,2020-04-16,2,25
Vloesberg,2020-04-17,0,25
Vloesberg,2020-04-18,0,25
Vloesberg,2020-04-19,1,26
Vloesberg,2020-04-20,0,26
Vloesberg,2020-04-21,0,26
Vloesberg,2020-04-22,0,26
Vloesberg,2020-04-23,1,27
Vloesberg,2020-04-24,0,27
Vloesberg,2020-04-25,0,27
Vloesberg,2020-04-26,0,27
Vloesberg,2020-04-27,0,27
Vloesberg,2020-04-28,0,27
Vloesberg,2020-04-29,0,27
Vloesberg,2020-04-30,0,27
Vloesberg,2020-05-01,0,27
Vloesberg,2020-05-02,0,27
Vloesberg,2020-05-03,0,27
Vloesberg,2020-05-04,0,27
Vloesberg,2020-05-05,0,27
Vloesberg,2020-05-06,1,28
Vloesberg,2020-05-07,0,28
Vloesberg,2020-05-08,0,28
Vloesberg,2020-05-09,0,28
Vloesberg,2020-05-10,0,28
Vloesberg,2020-05-11,0,28
Vloesberg,2020-05-12,0,28
Vloesberg,2020-05-13,0,28
Vloesberg,2020-05-14,0,28
Vloesberg,2020-05-15,0,28
Vloesberg,2020-05-16,0,28
Vloesberg,2020-05-17,0,28
Vloesberg,2020-05-18,0,28
Vloesberg,2020-05-19,0,28
Vloesberg,2020-05-20,0,28
Vloesberg,2020-05-21,0,28
Vloesberg,2020-05-22,1,29
Vloesberg,2020-05-23,0,29
Vloesberg,2020-05-24,0,29
Vloesberg,2020-05-25,0,29
Vloesberg,2020-05-26,0,29
Vloesberg,2020-05-27,0,29
Vloesberg,2020-05-28,0,29
Vloesberg,2020-05-29,0,29
Vloesberg,2020-05-30,0,29
Vloesberg,2020-05-31,0,29
Vloesberg,2020-06-01,0,29
Vloesberg,2020-06-02,0,29
Vloesberg,2020-06-03,0,29
Vloesberg,2020-06-04,0,29
Vloesberg,2020-06-05,0,29
Vloesberg,2020-06-06,0,29
Vloesberg,2020-06-07,0,29
Vloesberg,2020-06-08,0,29
Vloesberg,2020-06-09,0,29
Vloesberg,2020-06-10,0,29
Vloesberg,2020-06-11,0,29
Vloesberg,2020-06-12,0,29
Vloesberg,2020-06-13,0,29
Vloesberg,2020-06-14,0,29
Vloesberg,2020-06-15,0,29
Vloesberg,2020-06-16,0,29
Vloesberg,2020-06-17,0,29
Vloesberg,2020-06-18,0,29
Vloesberg,2020-06-19,0,29
Vloesberg,2020-06-20,0,29
Vloesberg,2020-06-23,0,29
Vloesberg,2020-06-24,0,29
Vloesberg,2020-06-25,0,29
Vloesberg,2020-06-26,0,29
Vloesberg,2020-06-27,0,29
Vloesberg,2020-06-30,0,29
Vloesberg,2020-07-01,0,29
Vloesberg,2020-07-02,0,29
Vloesberg,2020-07-03,0,29
Vloesberg,2020-07-04,0,29
Vloesberg,2020-07-07,0,29
Vloesberg,2020-07-08,0,29
Vloesberg,2020-07-09,0,29
Vloesberg,2020-07-10,0,29
Vloesberg,2020-07-11,0,29
Vloesberg,2020-07-14,0,29
Vloesberg,2020-07-15,0,29
Vloesberg,2020-07-16,0,29
Vloesberg,2020-07-17,0,29
Vloesberg,2020-07-18,0,29
Vloesberg,2020-07-20,0,29
Vloesberg,2020-07-21,0,29
Vloesberg,2020-07-22,0,29
Vloesberg,2020-07-23,0,29
Vloesberg,2020-07-24,0,29
Vloesberg,2020-07-25,0,29
Vloesberg,2020-07-26,0,29
Vloesberg,2020-07-27,0,29
Vloesberg,2020-07-28,0,29
Vloesberg,2020-07-29,0,29
Vloesberg,2020-07-30,0,29
Vloesberg,2020-07-31,0,29
Frasnes-lez-Anvaing,2020-04-01,3,9
Frasnes-lez-Anvaing,2020-04-02,0,9
Frasnes-lez-Anvaing,2020-04-03,1,10
Frasnes-lez-Anvaing,2020-04-04,5,15
Frasnes-lez-Anvaing,2020-04-05,1,16
Frasnes-lez-Anvaing,2020-04-06,0,16
Frasnes-lez-Anvaing,2020-04-07,3,19
Frasnes-lez-Anvaing,2020-04-08,0,19
Frasnes-lez-Anvaing,2020-04-09,2,21
Frasnes-lez-Anvaing,2020-04-10,0,21
Frasnes-lez-Anvaing,2020-04-11,1,22
Frasnes-lez-Anvaing,2020-04-12,0,22
Frasnes-lez-Anvaing,2020-04-13,0,22
Frasnes-lez-Anvaing,2020-04-14,0,22
Frasnes-lez-Anvaing,2020-04-15,2,24
Frasnes-lez-Anvaing,2020-04-16,2,26
Frasnes-lez-Anvaing,2020-04-17,1,27
Frasnes-lez-Anvaing,2020-04-18,0,27
Frasnes-lez-Anvaing,2020-04-19,1,28
Frasnes-lez-Anvaing,2020-04-20,0,28
Frasnes-lez-Anvaing,2020-04-21,2,30
Frasnes-lez-Anvaing,2020-04-22,0,30
Frasnes-lez-Anvaing,2020-04-23,0,30
Frasnes-lez-Anvaing,2020-04-24,0,30
Frasnes-lez-Anvaing,2020-04-25,0,30
Frasnes-lez-Anvaing,2020-04-26,0,30
Frasnes-lez-Anvaing,2020-04-27,0,30
Frasnes-lez-Anvaing,2020-04-28,0,30
Frasnes-lez-Anvaing,2020-04-29,1,31
Frasnes-lez-Anvaing,2020-04-30,1,32
Frasnes-lez-Anvaing,2020-05-01,0,32
Frasnes-lez-Anvaing,2020-05-02,0,32
Frasnes-lez-Anvaing,2020-05-03,0,32
Frasnes-lez-Anvaing,2020-05-04,0,32
Frasnes-lez-Anvaing,2020-05-05,0,32
Frasnes-lez-Anvaing,2020-05-06,0,32
Frasnes-lez-Anvaing,2020-05-07,0,32
Frasnes-lez-Anvaing,2020-05-08,1,33
Frasnes-lez-Anvaing,2020-05-09,1,34
Frasnes-lez-Anvaing,2020-05-10,0,34
Frasnes-lez-Anvaing,2020-05-11,0,34
Frasnes-lez-Anvaing,2020-05-12,0,34
Frasnes-lez-Anvaing,2020-05-13,0,34
Frasnes-lez-Anvaing,2020-05-14,0,34
Frasnes-lez-Anvaing,2020-05-15,0,34
Frasnes-lez-Anvaing,2020-05-16,0,34
Frasnes-lez-Anvaing,2020-05-17,0,34
Frasnes-lez-Anvaing,2020-05-18,0,34
Frasnes-lez-Anvaing,2020-05-19,0,34
Frasnes-lez-Anvaing,2020-05-20,2,36
Frasnes-lez-Anvaing,2020-05-21,0,36
Frasnes-lez-Anvaing,2020-05-22,1,37
Frasnes-lez-Anvaing,2020-05-23,0,37
Frasnes-lez-Anvaing,2020-05-24,0,37
Frasnes-lez-Anvaing,2020-05-25,0,37
Frasnes-lez-Anvaing,2020-05-26,0,37
Frasnes-lez-Anvaing,2020-05-27,0,37
Frasnes-lez-Anvaing,2020-05-28,0,37
Frasnes-lez-Anvaing,2020-05-29,0,37
Frasnes-lez-Anvaing,2020-05-30,0,37
Frasnes-lez-Anvaing,2020-05-31,0,37
Frasnes-lez-Anvaing,2020-06-01,0,37
Frasnes-lez-Anvaing,2020-06-02,0,37
Frasnes-lez-Anvaing,2020-06-03,0,37
Frasnes-lez-Anvaing,2020-06-04,1,38
Frasnes-lez-Anvaing,2020-06-05,0,38
Frasnes-lez-Anvaing,2020-06-06,0,38
Frasnes-lez-Anvaing,2020-06-07,0,38
Frasnes-lez-Anvaing,2020-06-08,0,38
Frasnes-lez-Anvaing,2020-06-09,0,38
Frasnes-lez-Anvaing,2020-06-10,0,38
Frasnes-lez-Anvaing,2020-06-11,0,38
Frasnes-lez-Anvaing,2020-06-12,0,38
Frasnes-lez-Anvaing,2020-06-13,0,38
Frasnes-lez-Anvaing,2020-06-14,0,38
Frasnes-lez-Anvaing,2020-06-15,1,39
Frasnes-lez-Anvaing,2020-06-16,0,39
Frasnes-lez-Anvaing,2020-06-17,0,39
Frasnes-lez-Anvaing,2020-06-18,0,39
Frasnes-lez-Anvaing,2020-06-19,0,39
Frasnes-lez-Anvaing,2020-06-20,0,39
Frasnes-lez-Anvaing,2020-06-23,0,39
Frasnes-lez-Anvaing,2020-06-24,0,39
Frasnes-lez-Anvaing,2020-06-25,0,39
Frasnes-lez-Anvaing,2020-06-26,0,39
Frasnes-lez-Anvaing,2020-06-27,0,39
Frasnes-lez-Anvaing,2020-06-30,0,39
Frasnes-lez-Anvaing,2020-07-01,0,39
Frasnes-lez-Anvaing,2020-07-02,0,39
Frasnes-lez-Anvaing,2020-07-03,0,39
Frasnes-lez-Anvaing,2020-07-04,0,39
Frasnes-lez-Anvaing,2020-07-07,0,39
Frasnes-lez-Anvaing,2020-07-08,0,39
Frasnes-lez-Anvaing,2020-07-09,0,39
Frasnes-lez-Anvaing,2020-07-10,1,40
Frasnes-lez-Anvaing,2020-07-11,0,40
Frasnes-lez-Anvaing,2020-07-14,0,40
Frasnes-lez-Anvaing,2020-07-15,0,40
Frasnes-lez-Anvaing,2020-07-16,0,40
Frasnes-lez-Anvaing,2020-07-17,2,42
Frasnes-lez-Anvaing,2020-07-18,0,42
Frasnes-lez-Anvaing,2020-07-20,0,42
Frasnes-lez-Anvaing,2020-07-21,0,42
Frasnes-lez-Anvaing,2020-07-22,0,42
Frasnes-lez-Anvaing,2020-07-23,0,42
Frasnes-lez-Anvaing,2020-07-24,0,42
Frasnes-lez-Anvaing,2020-07-25,1,43
Frasnes-lez-Anvaing,2020-07-26,0,43
Frasnes-lez-Anvaing,2020-07-27,0,43
Frasnes-lez-Anvaing,2020-07-28,0,43
Frasnes-lez-Anvaing,2020-07-29,1,44
Frasnes-lez-Anvaing,2020-07-30,0,44
Frasnes-lez-Anvaing,2020-07-31,0,44
Edingen,2020-04-01,3,13
Edingen,2020-04-02,0,13
Edingen,2020-04-03,1,14
Edingen,2020-04-04,2,16
Edingen,2020-04-05,2,18
Edingen,2020-04-06,0,18
Edingen,2020-04-07,1,19
Edingen,2020-04-08,0,19
Edingen,2020-04-09,0,19
Edingen,2020-04-10,0,19
Edingen,2020-04-11,2,21
Edingen,2020-04-12,1,22
Edingen,2020-04-13,2,24
Edingen,2020-04-14,0,24
Edingen,2020-04-15,3,27
Edingen,2020-04-16,1,28
Edingen,2020-04-17,0,28
Edingen,2020-04-18,0,28
Edingen,2020-04-19,1,29
Edingen,2020-04-20,1,30
Edingen,2020-04-21,0,30
Edingen,2020-04-22,0,30
Edingen,2020-04-23,2,32
Edingen,2020-04-24,0,32
Edingen,2020-04-25,1,33
Edingen,2020-04-26,14,47
Edingen,2020-04-27,7,54
Edingen,2020-04-28,0,54
Edingen,2020-04-29,1,55
Edingen,2020-04-30,0,55
Edingen,2020-05-01,0,55
Edingen,2020-05-02,0,55
Edingen,2020-05-03,0,55
Edingen,2020-05-04,0,55
Edingen,2020-05-05,0,55
Edingen,2020-05-06,0,55
Edingen,2020-05-07,0,55
Edingen,2020-05-08,0,55
Edingen,2020-05-09,0,55
Edingen,2020-05-10,0,55
Edingen,2020-05-11,0,55
Edingen,2020-05-12,0,55
Edingen,2020-05-13,2,57
Edingen,2020-05-14,1,58
Edingen,2020-05-15,0,58
Edingen,2020-05-16,1,59
Edingen,2020-05-17,0,59
Edingen,2020-05-18,0,59
Edingen,2020-05-19,0,59
Edingen,2020-05-20,0,59
Edingen,2020-05-21,0,59
Edingen,2020-05-22,0,59
Edingen,2020-05-23,0,59
Edingen,2020-05-24,0,59
Edingen,2020-05-25,0,59
Edingen,2020-05-26,0,59
Edingen,2020-05-27,0,59
Edingen,2020-05-28,0,59
Edingen,2020-05-29,0,59
Edingen,2020-05-30,0,59
Edingen,2020-05-31,0,59
Edingen,2020-06-01,0,59
Edingen,2020-06-02,0,59
Edingen,2020-06-03,0,59
Edingen,2020-06-04,0,59
Edingen,2020-06-05,0,59
Edingen,2020-06-06,0,59
Edingen,2020-06-07,0,59
Edingen,2020-06-08,0,59
Edingen,2020-06-09,0,59
Edingen,2020-06-10,0,59
Edingen,2020-06-11,0,59
Edingen,2020-06-12,0,59
Edingen,2020-06-13,1,60
Edingen,2020-06-14,0,60
Edingen,2020-06-15,0,60
Edingen,2020-06-16,0,60
Edingen,2020-06-17,0,60
Edingen,2020-06-18,0,60
Edingen,2020-06-19,0,60
Edingen,2020-06-20,0,60
Edingen,2020-06-23,0,60
Edingen,2020-06-24,1,61
Edingen,2020-06-25,0,61
Edingen,2020-06-26,0,61
Edingen,2020-06-27,1,62
Edingen,2020-06-30,0,62
Edingen,2020-07-01,0,62
Edingen,2020-07-02,0,62
Edingen,2020-07-03,0,62
Edingen,2020-07-04,0,62
Edingen,2020-07-07,0,62
Edingen,2020-07-08,0,62
Edingen,2020-07-09,0,62
Edingen,2020-07-10,0,62
Edingen,2020-07-11,0,62
Edingen,2020-07-14,0,62
Edingen,2020-07-15,0,62
Edingen,2020-07-16,0,62
Edingen,2020-07-17,0,62
Edingen,2020-07-18,0,62
Edingen,2020-07-20,0,62
Edingen,2020-07-21,0,62
Edingen,2020-07-22,0,62
Edingen,2020-07-23,0,62
Edingen,2020-07-24,0,62
Edingen,2020-07-25,0,62
Edingen,2020-07-26,0,62
Edingen,2020-07-27,0,62
Edingen,2020-07-28,1,63
Edingen,2020-07-29,0,63
Edingen,2020-07-30,1,64
Edingen,2020-07-31,0,64
Opzullik,2020-04-01,0,6
Opzullik,2020-04-02,0,6
Opzullik,2020-04-03,1,7
Opzullik,2020-04-04,0,7
Opzullik,2020-04-05,0,7
Opzullik,2020-04-06,0,7
Opzullik,2020-04-07,1,8
Opzullik,2020-04-08,1,9
Opzullik,2020-04-09,3,12
Opzullik,2020-04-10,1,13
Opzullik,2020-04-11,0,13
Opzullik,2020-04-12,0,13
Opzullik,2020-04-13,0,13
Opzullik,2020-04-14,2,15
Opzullik,2020-04-15,0,15
Opzullik,2020-04-16,1,16
Opzullik,2020-04-17,1,17
Opzullik,2020-04-18,1,18
Opzullik,2020-04-19,2,20
Opzullik,2020-04-20,0,20
Opzullik,2020-04-21,0,20
Opzullik,2020-04-22,0,20
Opzullik,2020-04-23,0,20
Opzullik,2020-04-24,0,20
Opzullik,2020-04-25,0,20
Opzullik,2020-04-26,0,20
Opzullik,2020-04-27,1,21
Opzullik,2020-04-28,0,21
Opzullik,2020-04-29,1,22
Opzullik,2020-04-30,0,22
Opzullik,2020-05-01,0,22
Opzullik,2020-05-02,0,22
Opzullik,2020-05-03,0,22
Opzullik,2020-05-04,0,22
Opzullik,2020-05-05,0,22
Opzullik,2020-05-06,0,22
Opzullik,2020-05-07,0,22
Opzullik,2020-05-08,0,22
Opzullik,2020-05-09,0,22
Opzullik,2020-05-10,0,22
Opzullik,2020-05-11,0,22
Opzullik,2020-05-12,0,22
Opzullik,2020-05-13,0,22
Opzullik,2020-05-14,0,22
Opzullik,2020-05-15,0,22
Opzullik,2020-05-16,0,22
Opzullik,2020-05-17,0,22
Opzullik,2020-05-18,0,22
Opzullik,2020-05-19,0,22
Opzullik,2020-05-20,0,22
Opzullik,2020-05-21,0,22
Opzullik,2020-05-22,0,22
Opzullik,2020-05-23,0,22
Opzullik,2020-05-24,1,23
Opzullik,2020-05-25,0,23
Opzullik,2020-05-26,0,23
Opzullik,2020-05-27,0,23
Opzullik,2020-05-28,0,23
Opzullik,2020-05-29,0,23
Opzullik,2020-05-30,0,23
Opzullik,2020-05-31,0,23
Opzullik,2020-06-01,0,23
Opzullik,2020-06-02,0,23
Opzullik,2020-06-03,0,23
Opzullik,2020-06-04,0,23
Opzullik,2020-06-05,0,23
Opzullik,2020-06-06,0,23
Opzullik,2020-06-07,0,23
Opzullik,2020-06-08,1,24
Opzullik,2020-06-09,0,24
Opzullik,2020-06-10,0,24
Opzullik,2020-06-11,0,24
Opzullik,2020-06-12,0,24
Opzullik,2020-06-13,0,24
Opzullik,2020-06-14,0,24
Opzullik,2020-06-15,0,24
Opzullik,2020-06-16,0,24
Opzullik,2020-06-17,0,24
Opzullik,2020-06-18,0,24
Opzullik,2020-06-19,0,24
Opzullik,2020-06-20,0,24
Opzullik,2020-06-23,0,24
Opzullik,2020-06-24,0,24
Opzullik,2020-06-25,0,24
Opzullik,2020-06-26,0,24
Opzullik,2020-06-27,0,24
Opzullik,2020-06-30,0,24
Opzullik,2020-07-01,0,24
Opzullik,2020-07-02,0,24
Opzullik,2020-07-03,0,24
Opzullik,2020-07-04,0,24
Opzullik,2020-07-07,0,24
Opzullik,2020-07-08,0,24
Opzullik,2020-07-09,0,24
Opzullik,2020-07-10,0,24
Opzullik,2020-07-11,0,24
Opzullik,2020-07-14,0,24
Opzullik,2020-07-15,0,24
Opzullik,2020-07-16,0,24
Opzullik,2020-07-17,0,24
Opzullik,2020-07-18,0,24
Opzullik,2020-07-20,0,24
Opzullik,2020-07-21,0,24
Opzullik,2020-07-22,0,24
Opzullik,2020-07-23,0,24
Opzullik,2020-07-24,0,24
Opzullik,2020-07-25,0,24
Opzullik,2020-07-26,0,24
Opzullik,2020-07-27,0,24
Opzullik,2020-07-28,0,24
Opzullik,2020-07-29,0,24
Opzullik,2020-07-30,0,24
Opzullik,2020-07-31,0,24
Lessen,2020-04-01,2,16
Lessen,2020-04-02,1,17
Lessen,2020-04-03,1,18
Lessen,2020-04-04,0,18
Lessen,2020-04-05,0,18
Lessen,2020-04-06,2,20
Lessen,2020-04-07,3,23
Lessen,2020-04-08,0,23
Lessen,2020-04-09,0,23
Lessen,2020-04-10,0,23
Lessen,2020-04-11,0,23
Lessen,2020-04-12,2,25
Lessen,2020-04-13,0,25
Lessen,2020-04-14,0,25
Lessen,2020-04-15,4,29
Lessen,2020-04-16,2,31
Lessen,2020-04-17,1,32
Lessen,2020-04-18,1,33
Lessen,2020-04-19,1,34
Lessen,2020-04-20,0,34
Lessen,2020-04-21,1,35
Lessen,2020-04-22,0,35
Lessen,2020-04-23,1,36
Lessen,2020-04-24,0,36
Lessen,2020-04-25,1,37
Lessen,2020-04-26,15,52
Lessen,2020-04-27,0,52
Lessen,2020-04-28,0,52
Lessen,2020-04-29,0,52
Lessen,2020-04-30,0,52
Lessen,2020-05-01,0,52
Lessen,2020-05-02,0,52
Lessen,2020-05-03,0,52
Lessen,2020-05-04,0,52
Lessen,2020-05-05,0,52
Lessen,2020-05-06,0,52
Lessen,2020-05-07,2,54
Lessen,2020-05-08,1,55
Lessen,2020-05-09,0,55
Lessen,2020-05-10,0,55
Lessen,2020-05-11,1,56
Lessen,2020-05-12,0,56
Lessen,2020-05-13,0,56
Lessen,2020-05-14,0,56
Lessen,2020-05-15,0,56
Lessen,2020-05-16,1,57
Lessen,2020-05-17,0,57
Lessen,2020-05-18,0,57
Lessen,2020-05-19,0,57
Lessen,2020-05-20,0,57
Lessen,2020-05-21,1,58
Lessen,2020-05-22,1,59
Lessen,2020-05-23,0,59
Lessen,2020-05-24,0,59
Lessen,2020-05-25,0,59
Lessen,2020-05-26,0,59
Lessen,2020-05-27,0,59
Lessen,2020-05-28,0,59
Lessen,2020-05-29,0,59
Lessen,2020-05-30,0,59
Lessen,2020-05-31,0,59
Lessen,2020-06-01,0,59
Lessen,2020-06-02,0,59
Lessen,2020-06-03,0,59
Lessen,2020-06-04,0,59
Lessen,2020-06-05,0,59
Lessen,2020-06-06,0,59
Lessen,2020-06-07,0,59
Lessen,2020-06-08,0,59
Lessen,2020-06-09,0,59
Lessen,2020-06-10,0,59
Lessen,2020-06-11,0,59
Lessen,2020-06-12,0,59
Lessen,2020-06-13,0,59
Lessen,2020-06-14,0,59
Lessen,2020-06-15,0,59
Lessen,2020-06-16,1,60
Lessen,2020-06-17,0,60
Lessen,2020-06-18,0,60
Lessen,2020-06-19,0,60
Lessen,2020-06-20,0,60
Lessen,2020-06-23,0,60
Lessen,2020-06-24,0,60
Lessen,2020-06-25,0,60
Lessen,2020-06-26,0,60
Lessen,2020-06-27,0,60
Lessen,2020-06-30,0,60
Lessen,2020-07-01,1,61
Lessen,2020-07-02,0,61
Lessen,2020-07-03,0,61
Lessen,2020-07-04,0,61
Lessen,2020-07-07,0,61
Lessen,2020-07-08,0,61
Lessen,2020-07-09,0,61
Lessen,2020-07-10,0,61
Lessen,2020-07-11,0,61
Lessen,2020-07-14,0,61
Lessen,2020-07-15,0,61
Lessen,2020-07-16,1,62
Lessen,2020-07-17,0,62
Lessen,2020-07-18,0,62
Lessen,2020-07-20,1,63
Lessen,2020-07-21,0,63
Lessen,2020-07-22,0,63
Lessen,2020-07-23,0,63
Lessen,2020-07-24,0,63
Lessen,2020-07-25,0,63
Lessen,2020-07-26,0,63
Lessen,2020-07-27,0,63
Lessen,2020-07-28,0,63
Lessen,2020-07-29,1,64
Lessen,2020-07-30,0,64
Lessen,2020-07-31,0,64
Chapelle-lez-Herlaimont,2020-04-01,3,9
Chapelle-lez-Herlaimont,2020-04-02,1,10
Chapelle-lez-Herlaimont,2020-04-03,0,10
Chapelle-lez-Herlaimont,2020-04-04,2,12
Chapelle-lez-Herlaimont,2020-04-05,1,13
Chapelle-lez-Herlaimont,2020-04-06,0,13
Chapelle-lez-Herlaimont,2020-04-07,0,13
Chapelle-lez-Herlaimont,2020-04-08,4,17
Chapelle-lez-Herlaimont,2020-04-09,0,17
Chapelle-lez-Herlaimont,2020-04-10,4,21
Chapelle-lez-Herlaimont,2020-04-11,2,23
Chapelle-lez-Herlaimont,2020-04-12,2,25
Chapelle-lez-Herlaimont,2020-04-13,0,25
Chapelle-lez-Herlaimont,2020-04-14,0,25
Chapelle-lez-Herlaimont,2020-04-15,3,28
Chapelle-lez-Herlaimont,2020-04-16,0,28
Chapelle-lez-Herlaimont,2020-04-17,0,28
Chapelle-lez-Herlaimont,2020-04-18,3,31
Chapelle-lez-Herlaimont,2020-04-19,1,32
Chapelle-lez-Herlaimont,2020-04-20,5,37
Chapelle-lez-Herlaimont,2020-04-21,5,42
Chapelle-lez-Herlaimont,2020-04-22,1,43
Chapelle-lez-Herlaimont,2020-04-23,0,43
Chapelle-lez-Herlaimont,2020-04-24,34,77
Chapelle-lez-Herlaimont,2020-04-25,2,79
Chapelle-lez-Herlaimont,2020-04-26,2,81
Chapelle-lez-Herlaimont,2020-04-27,1,82
Chapelle-lez-Herlaimont,2020-04-28,1,83
Chapelle-lez-Herlaimont,2020-04-29,0,83
Chapelle-lez-Herlaimont,2020-04-30,0,83
Chapelle-lez-Herlaimont,2020-05-01,0,83
Chapelle-lez-Herlaimont,2020-05-02,0,83
Chapelle-lez-Herlaimont,2020-05-03,1,84
Chapelle-lez-Herlaimont,2020-05-04,16,100
Chapelle-lez-Herlaimont,2020-05-05,0,100
Chapelle-lez-Herlaimont,2020-05-06,0,100
Chapelle-lez-Herlaimont,2020-05-07,0,100
Chapelle-lez-Herlaimont,2020-05-08,0,100
Chapelle-lez-Herlaimont,2020-05-09,1,101
Chapelle-lez-Herlaimont,2020-05-10,0,101
Chapelle-lez-Herlaimont,2020-05-11,0,101
Chapelle-lez-Herlaimont,2020-05-12,0,101
Chapelle-lez-Herlaimont,2020-05-13,0,101
Chapelle-lez-Herlaimont,2020-05-14,0,101
Chapelle-lez-Herlaimont,2020-05-15,0,101
Chapelle-lez-Herlaimont,2020-05-16,0,101
Chapelle-lez-Herlaimont,2020-05-17,0,101
Chapelle-lez-Herlaimont,2020-05-18,0,101
Chapelle-lez-Herlaimont,2020-05-19,0,101
Chapelle-lez-Herlaimont,2020-05-20,1,102
Chapelle-lez-Herlaimont,2020-05-21,0,102
Chapelle-lez-Herlaimont,2020-05-22,0,102
Chapelle-lez-Herlaimont,2020-05-23,0,102
Chapelle-lez-Herlaimont,2020-05-24,0,102
Chapelle-lez-Herlaimont,2020-05-25,0,102
Chapelle-lez-Herlaimont,2020-05-26,0,102
Chapelle-lez-Herlaimont,2020-05-27,0,102
Chapelle-lez-Herlaimont,2020-05-28,0,102
Chapelle-lez-Herlaimont,2020-05-29,2,104
Chapelle-lez-Herlaimont,2020-05-30,0,104
Chapelle-lez-Herlaimont,2020-05-31,0,104
Chapelle-lez-Herlaimont,2020-06-01,0,104
Chapelle-lez-Herlaimont,2020-06-02,0,104
Chapelle-lez-Herlaimont,2020-06-03,0,104
Chapelle-lez-Herlaimont,2020-06-04,0,104
Chapelle-lez-Herlaimont,2020-06-05,0,104
Chapelle-lez-Herlaimont,2020-06-06,0,104
Chapelle-lez-Herlaimont,2020-06-07,0,104
Chapelle-lez-Herlaimont,2020-06-08,0,104
Chapelle-lez-Herlaimont,2020-06-09,0,104
Chapelle-lez-Herlaimont,2020-06-10,0,104
Chapelle-lez-Herlaimont,2020-06-11,0,104
Chapelle-lez-Herlaimont,2020-06-12,0,104
Chapelle-lez-Herlaimont,2020-06-13,0,104
Chapelle-lez-Herlaimont,2020-06-14,0,104
Chapelle-lez-Herlaimont,2020-06-15,0,104
Chapelle-lez-Herlaimont,2020-06-16,0,104
Chapelle-lez-Herlaimont,2020-06-17,0,104
Chapelle-lez-Herlaimont,2020-06-18,0,104
Chapelle-lez-Herlaimont,2020-06-19,0,104
Chapelle-lez-Herlaimont,2020-06-20,0,104
Chapelle-lez-Herlaimont,2020-06-23,0,104
Chapelle-lez-Herlaimont,2020-06-24,0,104
Chapelle-lez-Herlaimont,2020-06-25,0,104
Chapelle-lez-Herlaimont,2020-06-26,0,104
Chapelle-lez-Herlaimont,2020-06-27,0,104
Chapelle-lez-Herlaimont,2020-06-30,0,104
Chapelle-lez-Herlaimont,2020-07-01,0,104
Chapelle-lez-Herlaimont,2020-07-02,0,104
Chapelle-lez-Herlaimont,2020-07-03,0,104
Chapelle-lez-Herlaimont,2020-07-04,0,104
Chapelle-lez-Herlaimont,2020-07-07,1,105
Chapelle-lez-Herlaimont,2020-07-08,0,105
Chapelle-lez-Herlaimont,2020-07-09,0,105
Chapelle-lez-Herlaimont,2020-07-10,0,105
Chapelle-lez-Herlaimont,2020-07-11,0,105
Chapelle-lez-Herlaimont,2020-07-14,0,105
Chapelle-lez-Herlaimont,2020-07-15,0,105
Chapelle-lez-Herlaimont,2020-07-16,0,105
Chapelle-lez-Herlaimont,2020-07-17,0,105
Chapelle-lez-Herlaimont,2020-07-18,0,105
Chapelle-lez-Herlaimont,2020-07-20,1,106
Chapelle-lez-Herlaimont,2020-07-21,0,106
Chapelle-lez-Herlaimont,2020-07-22,0,106
Chapelle-lez-Herlaimont,2020-07-23,0,106
Chapelle-lez-Herlaimont,2020-07-24,0,106
Chapelle-lez-Herlaimont,2020-07-25,0,106
Chapelle-lez-Herlaimont,2020-07-26,0,106
Chapelle-lez-Herlaimont,2020-07-27,0,106
Chapelle-lez-Herlaimont,2020-07-28,0,106
Chapelle-lez-Herlaimont,2020-07-29,0,106
Chapelle-lez-Herlaimont,2020-07-30,1,107
Chapelle-lez-Herlaimont,2020-07-31,0,107
Charleroi,2020-04-01,3,79
Charleroi,2020-04-02,4,83
Charleroi,2020-04-03,11,94
Charleroi,2020-04-04,53,147
Charleroi,2020-04-05,1,148
Charleroi,2020-04-06,37,185
Charleroi,2020-04-07,8,193
Charleroi,2020-04-08,16,209
Charleroi,2020-04-09,24,233
Charleroi,2020-04-10,14,247
Charleroi,2020-04-11,20,267
Charleroi,2020-04-12,28,295
Charleroi,2020-04-13,8,303
Charleroi,2020-04-14,6,309
Charleroi,2020-04-15,32,341
Charleroi,2020-04-16,19,360
Charleroi,2020-04-17,13,373
Charleroi,2020-04-18,8,381
Charleroi,2020-04-19,38,419
Charleroi,2020-04-20,20,439
Charleroi,2020-04-21,10,449
Charleroi,2020-04-22,44,493
Charleroi,2020-04-23,60,553
Charleroi,2020-04-24,73,626
Charleroi,2020-04-25,12,638
Charleroi,2020-04-26,10,648
Charleroi,2020-04-27,33,681
Charleroi,2020-04-28,6,687
Charleroi,2020-04-29,7,694
Charleroi,2020-04-30,9,703
Charleroi,2020-05-01,5,708
Charleroi,2020-05-02,8,716
Charleroi,2020-05-03,3,719
Charleroi,2020-05-04,2,721
Charleroi,2020-05-05,1,722
Charleroi,2020-05-06,2,724
Charleroi,2020-05-07,5,729
Charleroi,2020-05-08,5,734
Charleroi,2020-05-09,12,746
Charleroi,2020-05-10,9,755
Charleroi,2020-05-11,0,755
Charleroi,2020-05-12,5,760
Charleroi,2020-05-13,8,768
Charleroi,2020-05-14,5,773
Charleroi,2020-05-15,5,778
Charleroi,2020-05-16,2,780
Charleroi,2020-05-17,4,784
Charleroi,2020-05-18,6,790
Charleroi,2020-05-19,3,793
Charleroi,2020-05-20,2,795
Charleroi,2020-05-21,3,798
Charleroi,2020-05-22,4,802
Charleroi,2020-05-23,6,808
Charleroi,2020-05-24,8,816
Charleroi,2020-05-25,2,818
Charleroi,2020-05-26,1,819
Charleroi,2020-05-27,2,821
Charleroi,2020-05-28,3,824
Charleroi,2020-05-29,0,824
Charleroi,2020-05-30,8,832
Charleroi,2020-05-31,1,833
Charleroi,2020-06-01,2,835
Charleroi,2020-06-02,2,837
Charleroi,2020-06-03,1,838
Charleroi,2020-06-04,0,838
Charleroi,2020-06-05,1,839
Charleroi,2020-06-06,1,840
Charleroi,2020-06-07,0,840
Charleroi,2020-06-08,2,842
Charleroi,2020-06-09,2,844
Charleroi,2020-06-10,2,846
Charleroi,2020-06-11,5,851
Charleroi,2020-06-12,1,852
Charleroi,2020-06-13,1,853
Charleroi,2020-06-14,2,855
Charleroi,2020-06-15,2,857
Charleroi,2020-06-16,2,859
Charleroi,2020-06-17,0,859
Charleroi,2020-06-18,0,859
Charleroi,2020-06-19,1,860
Charleroi,2020-06-20,1,861
Charleroi,2020-06-23,0,861
Charleroi,2020-06-24,1,862
Charleroi,2020-06-25,1,863
Charleroi,2020-06-26,2,865
Charleroi,2020-06-27,2,867
Charleroi,2020-06-30,2,869
Charleroi,2020-07-01,1,870
Charleroi,2020-07-02,0,870
Charleroi,2020-07-03,0,870
Charleroi,2020-07-04,0,870
Charleroi,2020-07-07,1,871
Charleroi,2020-07-08,0,871
Charleroi,2020-07-09,0,871
Charleroi,2020-07-10,0,871
Charleroi,2020-07-11,1,872
Charleroi,2020-07-14,1,873
Charleroi,2020-07-15,1,874
Charleroi,2020-07-16,3,877
Charleroi,2020-07-17,2,879
Charleroi,2020-07-18,3,882
Charleroi,2020-07-20,9,891
Charleroi,2020-07-21,6,897
Charleroi,2020-07-22,5,902
Charleroi,2020-07-23,11,913
Charleroi,2020-07-24,1,914
Charleroi,2020-07-25,16,930
Charleroi,2020-07-26,1,931
Charleroi,2020-07-27,2,933
Charleroi,2020-07-28,8,941
Charleroi,2020-07-29,2,943
Charleroi,2020-07-30,8,951
Charleroi,2020-07-31,9,960
Châtelet,2020-04-01,1,19
Châtelet,2020-04-02,0,19
Châtelet,2020-04-03,0,19
Châtelet,2020-04-04,4,23
Châtelet,2020-04-05,1,24
Châtelet,2020-04-06,9,33
Châtelet,2020-04-07,1,34
Châtelet,2020-04-08,4,38
Châtelet,2020-04-09,4,42
Châtelet,2020-04-10,4,46
Châtelet,2020-04-11,1,47
Châtelet,2020-04-12,10,57
Châtelet,2020-04-13,4,61
Châtelet,2020-04-14,0,61
Châtelet,2020-04-15,3,64
Châtelet,2020-04-16,4,68
Châtelet,2020-04-17,3,71
Châtelet,2020-04-18,8,79
Châtelet,2020-04-19,12,91
Châtelet,2020-04-20,10,101
Châtelet,2020-04-21,0,101
Châtelet,2020-04-22,15,116
Châtelet,2020-04-23,4,120
Châtelet,2020-04-24,5,125
Châtelet,2020-04-25,1,126
Châtelet,2020-04-26,0,126
Châtelet,2020-04-27,0,126
Châtelet,2020-04-28,2,128
Châtelet,2020-04-29,0,128
Châtelet,2020-04-30,0,128
Châtelet,2020-05-01,1,129
Châtelet,2020-05-02,1,130
Châtelet,2020-05-03,1,131
Châtelet,2020-05-04,0,131
Châtelet,2020-05-05,0,131
Châtelet,2020-05-06,1,132
Châtelet,2020-05-07,0,132
Châtelet,2020-05-08,0,132
Châtelet,2020-05-09,1,133
Châtelet,2020-05-10,1,134
Châtelet,2020-05-11,0,134
Châtelet,2020-05-12,1,135
Châtelet,2020-05-13,-1,134
Châtelet,2020-05-14,2,136
Châtelet,2020-05-15,1,137
Châtelet,2020-05-16,0,137
Châtelet,2020-05-17,1,138
Châtelet,2020-05-18,0,138
Châtelet,2020-05-19,0,138
Châtelet,2020-05-20,0,138
Châtelet,2020-05-21,1,139
Châtelet,2020-05-22,0,139
Châtelet,2020-05-23,0,139
Châtelet,2020-05-24,0,139
Châtelet,2020-05-25,1,140
Châtelet,2020-05-26,0,140
Châtelet,2020-05-27,2,142
Châtelet,2020-05-28,2,144
Châtelet,2020-05-29,0,144
Châtelet,2020-05-30,1,145
Châtelet,2020-05-31,0,145
Châtelet,2020-06-01,0,145
Châtelet,2020-06-02,0,145
Châtelet,2020-06-03,0,145
Châtelet,2020-06-04,0,145
Châtelet,2020-06-05,1,146
Châtelet,2020-06-06,0,146
Châtelet,2020-06-07,0,146
Châtelet,2020-06-08,0,146
Châtelet,2020-06-09,0,146
Châtelet,2020-06-10,0,146
Châtelet,2020-06-11,0,146
Châtelet,2020-06-12,0,146
Châtelet,2020-06-13,0,146
Châtelet,2020-06-14,0,146
Châtelet,2020-06-15,0,146
Châtelet,2020-06-16,0,146
Châtelet,2020-06-17,0,146
Châtelet,2020-06-18,0,146
Châtelet,2020-06-19,2,148
Châtelet,2020-06-20,0,148
Châtelet,2020-06-23,0,148
Châtelet,2020-06-24,0,148
Châtelet,2020-06-25,0,148
Châtelet,2020-06-26,0,148
Châtelet,2020-06-27,0,148
Châtelet,2020-06-30,0,148
Châtelet,2020-07-01,0,148
Châtelet,2020-07-02,0,148
Châtelet,2020-07-03,0,148
Châtelet,2020-07-04,0,148
Châtelet,2020-07-07,0,148
Châtelet,2020-07-08,0,148
Châtelet,2020-07-09,0,148
Châtelet,2020-07-10,0,148
Châtelet,2020-07-11,0,148
Châtelet,2020-07-14,1,149
Châtelet,2020-07-15,0,149
Châtelet,2020-07-16,0,149
Châtelet,2020-07-17,0,149
Châtelet,2020-07-18,0,149
Châtelet,2020-07-20,0,149
Châtelet,2020-07-21,1,150
Châtelet,2020-07-22,0,150
Châtelet,2020-07-23,2,152
Châtelet,2020-07-24,0,152
Châtelet,2020-07-25,0,152
Châtelet,2020-07-26,0,152
Châtelet,2020-07-27,0,152
Châtelet,2020-07-28,0,152
Châtelet,2020-07-29,0,152
Châtelet,2020-07-30,0,152
Châtelet,2020-07-31,1,153
Courcelles,2020-04-01,0,25
Courcelles,2020-04-02,1,26
Courcelles,2020-04-03,2,28
Courcelles,2020-04-04,5,33
Courcelles,2020-04-05,0,33
Courcelles,2020-04-06,2,35
Courcelles,2020-04-07,1,36
Courcelles,2020-04-08,0,36
Courcelles,2020-04-09,5,41
Courcelles,2020-04-10,2,43
Courcelles,2020-04-11,3,46
Courcelles,2020-04-12,6,52
Courcelles,2020-04-13,1,53
Courcelles,2020-04-14,0,53
Courcelles,2020-04-15,7,60
Courcelles,2020-04-16,3,63
Courcelles,2020-04-17,0,63
Courcelles,2020-04-18,1,64
Courcelles,2020-04-19,0,64
Courcelles,2020-04-20,1,65
Courcelles,2020-04-21,1,66
Courcelles,2020-04-22,1,67
Courcelles,2020-04-23,3,70
Courcelles,2020-04-24,4,74
Courcelles,2020-04-25,2,76
Courcelles,2020-04-26,1,77
Courcelles,2020-04-27,0,77
Courcelles,2020-04-28,2,79
Courcelles,2020-04-29,1,80
Courcelles,2020-04-30,0,80
Courcelles,2020-05-01,0,80
Courcelles,2020-05-02,1,81
Courcelles,2020-05-03,0,81
Courcelles,2020-05-04,2,83
Courcelles,2020-05-05,0,83
Courcelles,2020-05-06,0,83
Courcelles,2020-05-07,0,83
Courcelles,2020-05-08,0,83
Courcelles,2020-05-09,0,83
Courcelles,2020-05-10,2,85
Courcelles,2020-05-11,0,85
Courcelles,2020-05-12,1,86
Courcelles,2020-05-13,0,86
Courcelles,2020-05-14,0,86
Courcelles,2020-05-15,1,87
Courcelles,2020-05-16,1,88
Courcelles,2020-05-17,0,88
Courcelles,2020-05-18,0,88
Courcelles,2020-05-19,0,88
Courcelles,2020-05-20,0,88
Courcelles,2020-05-21,1,89
Courcelles,2020-05-22,0,89
Courcelles,2020-05-23,0,89
Courcelles,2020-05-24,1,90
Courcelles,2020-05-25,0,90
Courcelles,2020-05-26,0,90
Courcelles,2020-05-27,0,90
Courcelles,2020-05-28,0,90
Courcelles,2020-05-29,0,90
Courcelles,2020-05-30,0,90
Courcelles,2020-05-31,0,90
Courcelles,2020-06-01,0,90
Courcelles,2020-06-02,0,90
Courcelles,2020-06-03,0,90
Courcelles,2020-06-04,1,91
Courcelles,2020-06-05,0,91
Courcelles,2020-06-06,0,91
Courcelles,2020-06-07,1,92
Courcelles,2020-06-08,0,92
Courcelles,2020-06-09,0,92
Courcelles,2020-06-10,0,92
Courcelles,2020-06-11,0,92
Courcelles,2020-06-12,0,92
Courcelles,2020-06-13,0,92
Courcelles,2020-06-14,0,92
Courcelles,2020-06-15,0,92
Courcelles,2020-06-16,0,92
Courcelles,2020-06-17,0,92
Courcelles,2020-06-18,0,92
Courcelles,2020-06-19,0,92
Courcelles,2020-06-20,0,92
Courcelles,2020-06-23,1,93
Courcelles,2020-06-24,0,93
Courcelles,2020-06-25,0,93
Courcelles,2020-06-26,0,93
Courcelles,2020-06-27,0,93
Courcelles,2020-06-30,1,94
Courcelles,2020-07-01,0,94
Courcelles,2020-07-02,0,94
Courcelles,2020-07-03,0,94
Courcelles,2020-07-04,0,94
Courcelles,2020-07-07,2,96
Courcelles,2020-07-08,0,96
Courcelles,2020-07-09,0,96
Courcelles,2020-07-10,0,96
Courcelles,2020-07-11,0,96
Courcelles,2020-07-14,0,96
Courcelles,2020-07-15,0,96
Courcelles,2020-07-16,0,96
Courcelles,2020-07-17,0,96
Courcelles,2020-07-18,0,96
Courcelles,2020-07-20,1,97
Courcelles,2020-07-21,0,97
Courcelles,2020-07-22,0,97
Courcelles,2020-07-23,1,98
Courcelles,2020-07-24,0,98
Courcelles,2020-07-25,0,98
Courcelles,2020-07-26,0,98
Courcelles,2020-07-27,0,98
Courcelles,2020-07-28,0,98
Courcelles,2020-07-29,0,98
Courcelles,2020-07-30,0,98
Courcelles,2020-07-31,0,98
Farciennes,2020-04-01,0,0
Farciennes,2020-04-02,0,0
Farciennes,2020-04-03,0,0
Farciennes,2020-04-04,0,0
Farciennes,2020-04-05,0,0
Farciennes,2020-04-06,5,5
Farciennes,2020-04-07,1,6
Farciennes,2020-04-08,1,7
Farciennes,2020-04-09,0,7
Farciennes,2020-04-10,1,8
Farciennes,2020-04-11,1,9
Farciennes,2020-04-12,2,11
Farciennes,2020-04-13,1,12
Farciennes,2020-04-14,0,12
Farciennes,2020-04-15,2,14
Farciennes,2020-04-16,0,14
Farciennes,2020-04-17,0,14
Farciennes,2020-04-18,1,15
Farciennes,2020-04-19,1,16
Farciennes,2020-04-20,1,17
Farciennes,2020-04-21,1,18
Farciennes,2020-04-22,2,20
Farciennes,2020-04-23,1,21
Farciennes,2020-04-24,1,22
Farciennes,2020-04-25,2,24
Farciennes,2020-04-26,9,33
Farciennes,2020-04-27,0,33
Farciennes,2020-04-28,0,33
Farciennes,2020-04-29,0,33
Farciennes,2020-04-30,0,33
Farciennes,2020-05-01,0,33
Farciennes,2020-05-02,0,33
Farciennes,2020-05-03,0,33
Farciennes,2020-05-04,0,33
Farciennes,2020-05-05,0,33
Farciennes,2020-05-06,0,33
Farciennes,2020-05-07,0,33
Farciennes,2020-05-08,0,33
Farciennes,2020-05-09,0,33
Farciennes,2020-05-10,0,33
Farciennes,2020-05-11,1,34
Farciennes,2020-05-12,0,34
Farciennes,2020-05-13,1,35
Farciennes,2020-05-14,0,35
Farciennes,2020-05-15,1,36
Farciennes,2020-05-16,0,36
Farciennes,2020-05-17,0,36
Farciennes,2020-05-18,1,37
Farciennes,2020-05-19,0,37
Farciennes,2020-05-20,0,37
Farciennes,2020-05-21,0,37
Farciennes,2020-05-22,0,37
Farciennes,2020-05-23,0,37
Farciennes,2020-05-24,0,37
Farciennes,2020-05-25,0,37
Farciennes,2020-05-26,0,37
Farciennes,2020-05-27,0,37
Farciennes,2020-05-28,0,37
Farciennes,2020-05-29,0,37
Farciennes,2020-05-30,0,37
Farciennes,2020-05-31,0,37
Farciennes,2020-06-01,0,37
Farciennes,2020-06-02,0,37
Farciennes,2020-06-03,0,37
Farciennes,2020-06-04,0,37
Farciennes,2020-06-05,0,37
Farciennes,2020-06-06,0,37
Farciennes,2020-06-07,0,37
Farciennes,2020-06-08,0,37
Farciennes,2020-06-09,0,37
Farciennes,2020-06-10,0,37
Farciennes,2020-06-11,1,38
Farciennes,2020-06-12,0,38
Farciennes,2020-06-13,0,38
Farciennes,2020-06-14,0,38
Farciennes,2020-06-15,0,38
Farciennes,2020-06-16,0,38
Farciennes,2020-06-17,0,38
Farciennes,2020-06-18,0,38
Farciennes,2020-06-19,1,39
Farciennes,2020-06-20,0,39
Farciennes,2020-06-23,0,39
Farciennes,2020-06-24,0,39
Farciennes,2020-06-25,0,39
Farciennes,2020-06-26,0,39
Farciennes,2020-06-27,0,39
Farciennes,2020-06-30,1,40
Farciennes,2020-07-01,0,40
Farciennes,2020-07-02,0,40
Farciennes,2020-07-03,0,40
Farciennes,2020-07-04,0,40
Farciennes,2020-07-07,0,40
Farciennes,2020-07-08,0,40
Farciennes,2020-07-09,0,40
Farciennes,2020-07-10,0,40
Farciennes,2020-07-11,0,40
Farciennes,2020-07-14,0,40
Farciennes,2020-07-15,0,40
Farciennes,2020-07-16,0,40
Farciennes,2020-07-17,1,41
Farciennes,2020-07-18,0,41
Farciennes,2020-07-20,1,42
Farciennes,2020-07-21,0,42
Farciennes,2020-07-22,0,42
Farciennes,2020-07-23,0,42
Farciennes,2020-07-24,0,42
Farciennes,2020-07-25,0,42
Farciennes,2020-07-26,0,42
Farciennes,2020-07-27,0,42
Farciennes,2020-07-28,1,43
Farciennes,2020-07-29,0,43
Farciennes,2020-07-30,0,43
Farciennes,2020-07-31,2,45
Fleurus,2020-04-01,0,11
Fleurus,2020-04-02,3,14
Fleurus,2020-04-03,2,16
Fleurus,2020-04-04,5,21
Fleurus,2020-04-05,0,21
Fleurus,2020-04-06,4,25
Fleurus,2020-04-07,0,25
Fleurus,2020-04-08,1,26
Fleurus,2020-04-09,1,27
Fleurus,2020-04-10,6,33
Fleurus,2020-04-11,1,34
Fleurus,2020-04-12,3,37
Fleurus,2020-04-13,1,38
Fleurus,2020-04-14,1,39
Fleurus,2020-04-15,3,42
Fleurus,2020-04-16,5,47
Fleurus,2020-04-17,1,48
Fleurus,2020-04-18,5,53
Fleurus,2020-04-19,1,54
Fleurus,2020-04-20,9,63
Fleurus,2020-04-21,33,96
Fleurus,2020-04-22,3,99
Fleurus,2020-04-23,1,100
Fleurus,2020-04-24,1,101
Fleurus,2020-04-25,0,101
Fleurus,2020-04-26,1,102
Fleurus,2020-04-27,1,103
Fleurus,2020-04-28,1,104
Fleurus,2020-04-29,1,105
Fleurus,2020-04-30,1,106
Fleurus,2020-05-01,1,107
Fleurus,2020-05-02,2,109
Fleurus,2020-05-03,0,109
Fleurus,2020-05-04,1,110
Fleurus,2020-05-05,0,110
Fleurus,2020-05-06,1,111
Fleurus,2020-05-07,0,111
Fleurus,2020-05-08,2,113
Fleurus,2020-05-09,0,113
Fleurus,2020-05-10,0,113
Fleurus,2020-05-11,0,113
Fleurus,2020-05-12,0,113
Fleurus,2020-05-13,3,116
Fleurus,2020-05-14,0,116
Fleurus,2020-05-15,0,116
Fleurus,2020-05-16,0,116
Fleurus,2020-05-17,0,116
Fleurus,2020-05-18,1,117
Fleurus,2020-05-19,1,118
Fleurus,2020-05-20,0,118
Fleurus,2020-05-21,0,118
Fleurus,2020-05-22,0,118
Fleurus,2020-05-23,0,118
Fleurus,2020-05-24,0,118
Fleurus,2020-05-25,0,118
Fleurus,2020-05-26,0,118
Fleurus,2020-05-27,0,118
Fleurus,2020-05-28,0,118
Fleurus,2020-05-29,0,118
Fleurus,2020-05-30,0,118
Fleurus,2020-05-31,0,118
Fleurus,2020-06-01,0,118
Fleurus,2020-06-02,0,118
Fleurus,2020-06-03,0,118
Fleurus,2020-06-04,2,120
Fleurus,2020-06-05,1,121
Fleurus,2020-06-06,1,122
Fleurus,2020-06-07,0,122
Fleurus,2020-06-08,2,124
Fleurus,2020-06-09,0,124
Fleurus,2020-06-10,0,124
Fleurus,2020-06-11,1,125
Fleurus,2020-06-12,0,125
Fleurus,2020-06-13,0,125
Fleurus,2020-06-14,0,125
Fleurus,2020-06-15,0,125
Fleurus,2020-06-16,0,125
Fleurus,2020-06-17,0,125
Fleurus,2020-06-18,0,125
Fleurus,2020-06-19,0,125
Fleurus,2020-06-20,0,125
Fleurus,2020-06-23,0,125
Fleurus,2020-06-24,0,125
Fleurus,2020-06-25,0,125
Fleurus,2020-06-26,1,126
Fleurus,2020-06-27,0,126
Fleurus,2020-06-30,0,126
Fleurus,2020-07-01,0,126
Fleurus,2020-07-02,0,126
Fleurus,2020-07-03,0,126
Fleurus,2020-07-04,0,126
Fleurus,2020-07-07,1,127
Fleurus,2020-07-08,0,127
Fleurus,2020-07-09,0,127
Fleurus,2020-07-10,1,128
Fleurus,2020-07-11,0,128
Fleurus,2020-07-14,1,129
Fleurus,2020-07-15,0,129
Fleurus,2020-07-16,0,129
Fleurus,2020-07-17,0,129
Fleurus,2020-07-18,0,129
Fleurus,2020-07-20,0,129
Fleurus,2020-07-21,0,129
Fleurus,2020-07-22,0,129
Fleurus,2020-07-23,0,129
Fleurus,2020-07-24,0,129
Fleurus,2020-07-25,0,129
Fleurus,2020-07-26,0,129
Fleurus,2020-07-27,1,130
Fleurus,2020-07-28,0,130
Fleurus,2020-07-29,0,130
Fleurus,2020-07-30,1,131
Fleurus,2020-07-31,2,133
Fontaine-l’Evêque,2020-04-01,1,15
Fontaine-l’Evêque,2020-04-02,1,16
Fontaine-l’Evêque,2020-04-03,1,17
Fontaine-l’Evêque,2020-04-04,6,23
Fontaine-l’Evêque,2020-04-05,0,23
Fontaine-l’Evêque,2020-04-06,2,25
Fontaine-l’Evêque,2020-04-07,0,25
Fontaine-l’Evêque,2020-04-08,0,25
Fontaine-l’Evêque,2020-04-09,0,25
Fontaine-l’Evêque,2020-04-10,1,26
Fontaine-l’Evêque,2020-04-11,1,27
Fontaine-l’Evêque,2020-04-12,0,27
Fontaine-l’Evêque,2020-04-13,2,29
Fontaine-l’Evêque,2020-04-14,0,29
Fontaine-l’Evêque,2020-04-15,3,32
Fontaine-l’Evêque,2020-04-16,0,32
Fontaine-l’Evêque,2020-04-17,1,33
Fontaine-l’Evêque,2020-04-18,0,33
Fontaine-l’Evêque,2020-04-19,1,34
Fontaine-l’Evêque,2020-04-20,0,34
Fontaine-l’Evêque,2020-04-21,2,36
Fontaine-l’Evêque,2020-04-22,1,37
Fontaine-l’Evêque,2020-04-23,0,37
Fontaine-l’Evêque,2020-04-24,2,39
Fontaine-l’Evêque,2020-04-25,0,39
Fontaine-l’Evêque,2020-04-26,0,39
Fontaine-l’Evêque,2020-04-27,0,39
Fontaine-l’Evêque,2020-04-28,0,39
Fontaine-l’Evêque,2020-04-29,0,39
Fontaine-l’Evêque,2020-04-30,0,39
Fontaine-l’Evêque,2020-05-01,0,39
Fontaine-l’Evêque,2020-05-02,0,39
Fontaine-l’Evêque,2020-05-03,1,40
Fontaine-l’Evêque,2020-05-04,0,40
Fontaine-l’Evêque,2020-05-05,0,40
Fontaine-l’Evêque,2020-05-06,0,40
Fontaine-l’Evêque,2020-05-07,0,40
Fontaine-l’Evêque,2020-05-08,0,40
Fontaine-l’Evêque,2020-05-09,1,41
Fontaine-l’Evêque,2020-05-10,0,41
Fontaine-l’Evêque,2020-05-11,0,41
Fontaine-l’Evêque,2020-05-12,0,41
Fontaine-l’Evêque,2020-05-13,0,41
Fontaine-l’Evêque,2020-05-14,0,41
Fontaine-l’Evêque,2020-05-15,0,41
Fontaine-l’Evêque,2020-05-16,0,41
Fontaine-l’Evêque,2020-05-17,0,41
Fontaine-l’Evêque,2020-05-18,1,42
Fontaine-l’Evêque,2020-05-19,0,42
Fontaine-l’Evêque,2020-05-20,0,42
Fontaine-l’Evêque,2020-05-21,0,42
Fontaine-l’Evêque,2020-05-22,0,42
Fontaine-l’Evêque,2020-05-23,0,42
Fontaine-l’Evêque,2020-05-24,0,42
Fontaine-l’Evêque,2020-05-25,0,42
Fontaine-l’Evêque,2020-05-26,0,42
Fontaine-l’Evêque,2020-05-27,1,43
Fontaine-l’Evêque,2020-05-28,0,43
Fontaine-l’Evêque,2020-05-29,3,46
Fontaine-l’Evêque,2020-05-30,0,46
Fontaine-l’Evêque,2020-05-31,0,46
Fontaine-l’Evêque,2020-06-01,0,46
Fontaine-l’Evêque,2020-06-02,0,46
Fontaine-l’Evêque,2020-06-03,0,46
Fontaine-l’Evêque,2020-06-04,0,46
Fontaine-l’Evêque,2020-06-05,0,46
Fontaine-l’Evêque,2020-06-06,0,46
Fontaine-l’Evêque,2020-06-07,0,46
Fontaine-l’Evêque,2020-06-08,0,46
Fontaine-l’Evêque,2020-06-09,0,46
Fontaine-l’Evêque,2020-06-10,0,46
Fontaine-l’Evêque,2020-06-11,1,47
Fontaine-l’Evêque,2020-06-12,0,47
Fontaine-l’Evêque,2020-06-13,0,47
Fontaine-l’Evêque,2020-06-14,0,47
Fontaine-l’Evêque,2020-06-15,0,47
Fontaine-l’Evêque,2020-06-16,1,48
Fontaine-l’Evêque,2020-06-17,0,48
Fontaine-l’Evêque,2020-06-18,0,48
Fontaine-l’Evêque,2020-06-19,0,48
Fontaine-l’Evêque,2020-06-20,0,48
Fontaine-l’Evêque,2020-06-23,0,48
Fontaine-l’Evêque,2020-06-24,0,48
Fontaine-l’Evêque,2020-06-25,0,48
Fontaine-l’Evêque,2020-06-26,0,48
Fontaine-l’Evêque,2020-06-27,0,48
Fontaine-l’Evêque,2020-06-30,0,48
Fontaine-l’Evêque,2020-07-01,0,48
Fontaine-l’Evêque,2020-07-02,1,49
Fontaine-l’Evêque,2020-07-03,0,49
Fontaine-l’Evêque,2020-07-04,0,49
Fontaine-l’Evêque,2020-07-07,0,49
Fontaine-l’Evêque,2020-07-08,0,49
Fontaine-l’Evêque,2020-07-09,0,49
Fontaine-l’Evêque,2020-07-10,0,49
Fontaine-l’Evêque,2020-07-11,0,49
Fontaine-l’Evêque,2020-07-14,0,49
Fontaine-l’Evêque,2020-07-15,0,49
Fontaine-l’Evêque,2020-07-16,0,49
Fontaine-l’Evêque,2020-07-17,0,49
Fontaine-l’Evêque,2020-07-18,0,49
Fontaine-l’Evêque,2020-07-20,0,49
Fontaine-l’Evêque,2020-07-21,0,49
Fontaine-l’Evêque,2020-07-22,0,49
Fontaine-l’Evêque,2020-07-23,0,49
Fontaine-l’Evêque,2020-07-24,0,49
Fontaine-l’Evêque,2020-07-25,0,49
Fontaine-l’Evêque,2020-07-26,0,49
Fontaine-l’Evêque,2020-07-27,0,49
Fontaine-l’Evêque,2020-07-28,0,49
Fontaine-l’Evêque,2020-07-29,0,49
Fontaine-l’Evêque,2020-07-30,0,49
Fontaine-l’Evêque,2020-07-31,1,50
Gerpinnes,2020-04-01,1,9
Gerpinnes,2020-04-02,1,10
Gerpinnes,2020-04-03,0,10
Gerpinnes,2020-04-04,3,13
Gerpinnes,2020-04-05,0,13
Gerpinnes,2020-04-06,5,18
Gerpinnes,2020-04-07,0,18
Gerpinnes,2020-04-08,3,21
Gerpinnes,2020-04-09,1,22
Gerpinnes,2020-04-10,0,22
Gerpinnes,2020-04-11,2,24
Gerpinnes,2020-04-12,2,26
Gerpinnes,2020-04-13,3,29
Gerpinnes,2020-04-14,0,29
Gerpinnes,2020-04-15,1,30
Gerpinnes,2020-04-16,2,32
Gerpinnes,2020-04-17,0,32
Gerpinnes,2020-04-18,3,35
Gerpinnes,2020-04-19,1,36
Gerpinnes,2020-04-20,2,38
Gerpinnes,2020-04-21,0,38
Gerpinnes,2020-04-22,2,40
Gerpinnes,2020-04-23,1,41
Gerpinnes,2020-04-24,1,42
Gerpinnes,2020-04-25,0,42
Gerpinnes,2020-04-26,0,42
Gerpinnes,2020-04-27,2,44
Gerpinnes,2020-04-28,0,44
Gerpinnes,2020-04-29,0,44
Gerpinnes,2020-04-30,0,44
Gerpinnes,2020-05-01,0,44
Gerpinnes,2020-05-02,0,44
Gerpinnes,2020-05-03,0,44
Gerpinnes,2020-05-04,0,44
Gerpinnes,2020-05-05,0,44
Gerpinnes,2020-05-06,0,44
Gerpinnes,2020-05-07,0,44
Gerpinnes,2020-05-08,0,44
Gerpinnes,2020-05-09,1,45
Gerpinnes,2020-05-10,0,45
Gerpinnes,2020-05-11,0,45
Gerpinnes,2020-05-12,0,45
Gerpinnes,2020-05-13,-1,44
Gerpinnes,2020-05-14,0,44
Gerpinnes,2020-05-15,1,45
Gerpinnes,2020-05-16,0,45
Gerpinnes,2020-05-17,0,45
Gerpinnes,2020-05-18,0,45
Gerpinnes,2020-05-19,1,46
Gerpinnes,2020-05-20,0,46
Gerpinnes,2020-05-21,0,46
Gerpinnes,2020-05-22,0,46
Gerpinnes,2020-05-23,0,46
Gerpinnes,2020-05-24,0,46
Gerpinnes,2020-05-25,0,46
Gerpinnes,2020-05-26,1,47
Gerpinnes,2020-05-27,0,47
Gerpinnes,2020-05-28,0,47
Gerpinnes,2020-05-29,0,47
Gerpinnes,2020-05-30,0,47
Gerpinnes,2020-05-31,0,47
Gerpinnes,2020-06-01,0,47
Gerpinnes,2020-06-02,0,47
Gerpinnes,2020-06-03,0,47
Gerpinnes,2020-06-04,0,47
Gerpinnes,2020-06-05,0,47
Gerpinnes,2020-06-06,0,47
Gerpinnes,2020-06-07,1,48
Gerpinnes,2020-06-08,0,48
Gerpinnes,2020-06-09,0,48
Gerpinnes,2020-06-10,0,48
Gerpinnes,2020-06-11,0,48
Gerpinnes,2020-06-12,0,48
Gerpinnes,2020-06-13,0,48
Gerpinnes,2020-06-14,0,48
Gerpinnes,2020-06-15,0,48
Gerpinnes,2020-06-16,0,48
Gerpinnes,2020-06-17,0,48
Gerpinnes,2020-06-18,0,48
Gerpinnes,2020-06-19,0,48
Gerpinnes,2020-06-20,0,48
Gerpinnes,2020-06-23,0,48
Gerpinnes,2020-06-24,0,48
Gerpinnes,2020-06-25,0,48
Gerpinnes,2020-06-26,0,48
Gerpinnes,2020-06-27,0,48
Gerpinnes,2020-06-30,0,48
Gerpinnes,2020-07-01,0,48
Gerpinnes,2020-07-02,0,48
Gerpinnes,2020-07-03,0,48
Gerpinnes,2020-07-04,0,48
Gerpinnes,2020-07-07,0,48
Gerpinnes,2020-07-08,0,48
Gerpinnes,2020-07-09,0,48
Gerpinnes,2020-07-10,0,48
Gerpinnes,2020-07-11,0,48
Gerpinnes,2020-07-14,0,48
Gerpinnes,2020-07-15,0,48
Gerpinnes,2020-07-16,0,48
Gerpinnes,2020-07-17,1,49
Gerpinnes,2020-07-18,0,49
Gerpinnes,2020-07-20,0,49
Gerpinnes,2020-07-21,1,50
Gerpinnes,2020-07-22,0,50
Gerpinnes,2020-07-23,1,51
Gerpinnes,2020-07-24,0,51
Gerpinnes,2020-07-25,1,52
Gerpinnes,2020-07-26,0,52
Gerpinnes,2020-07-27,0,52
Gerpinnes,2020-07-28,0,52
Gerpinnes,2020-07-29,1,53
Gerpinnes,2020-07-30,0,53
Gerpinnes,2020-07-31,0,53
Montigny-le-Tilleul,2020-04-01,1,6
Montigny-le-Tilleul,2020-04-02,0,6
Montigny-le-Tilleul,2020-04-03,0,6
Montigny-le-Tilleul,2020-04-04,6,12
Montigny-le-Tilleul,2020-04-05,0,12
Montigny-le-Tilleul,2020-04-06,2,14
Montigny-le-Tilleul,2020-04-07,0,14
Montigny-le-Tilleul,2020-04-08,1,15
Montigny-le-Tilleul,2020-04-09,0,15
Montigny-le-Tilleul,2020-04-10,0,15
Montigny-le-Tilleul,2020-04-11,0,15
Montigny-le-Tilleul,2020-04-12,1,16
Montigny-le-Tilleul,2020-04-13,0,16
Montigny-le-Tilleul,2020-04-14,0,16
Montigny-le-Tilleul,2020-04-15,2,18
Montigny-le-Tilleul,2020-04-16,0,18
Montigny-le-Tilleul,2020-04-17,2,20
Montigny-le-Tilleul,2020-04-18,3,23
Montigny-le-Tilleul,2020-04-19,0,23
Montigny-le-Tilleul,2020-04-20,0,23
Montigny-le-Tilleul,2020-04-21,0,23
Montigny-le-Tilleul,2020-04-22,2,25
Montigny-le-Tilleul,2020-04-23,0,25
Montigny-le-Tilleul,2020-04-24,0,25
Montigny-le-Tilleul,2020-04-25,0,25
Montigny-le-Tilleul,2020-04-26,1,26
Montigny-le-Tilleul,2020-04-27,2,28
Montigny-le-Tilleul,2020-04-28,2,30
Montigny-le-Tilleul,2020-04-29,1,31
Montigny-le-Tilleul,2020-04-30,0,31
Montigny-le-Tilleul,2020-05-01,3,34
Montigny-le-Tilleul,2020-05-02,0,34
Montigny-le-Tilleul,2020-05-03,0,34
Montigny-le-Tilleul,2020-05-04,0,34
Montigny-le-Tilleul,2020-05-05,0,34
Montigny-le-Tilleul,2020-05-06,0,34
Montigny-le-Tilleul,2020-05-07,0,34
Montigny-le-Tilleul,2020-05-08,0,34
Montigny-le-Tilleul,2020-05-09,1,35
Montigny-le-Tilleul,2020-05-10,0,35
Montigny-le-Tilleul,2020-05-11,1,36
Montigny-le-Tilleul,2020-05-12,2,38
Montigny-le-Tilleul,2020-05-13,0,38
Montigny-le-Tilleul,2020-05-14,1,39
Montigny-le-Tilleul,2020-05-15,1,40
Montigny-le-Tilleul,2020-05-16,0,40
Montigny-le-Tilleul,2020-05-17,0,40
Montigny-le-Tilleul,2020-05-18,0,40
Montigny-le-Tilleul,2020-05-19,0,40
Montigny-le-Tilleul,2020-05-20,0,40
Montigny-le-Tilleul,2020-05-21,0,40
Montigny-le-Tilleul,2020-05-22,0,40
Montigny-le-Tilleul,2020-05-23,0,40
Montigny-le-Tilleul,2020-05-24,1,41
Montigny-le-Tilleul,2020-05-25,0,41
Montigny-le-Tilleul,2020-05-26,0,41
Montigny-le-Tilleul,2020-05-27,1,42
Montigny-le-Tilleul,2020-05-28,0,42
Montigny-le-Tilleul,2020-05-29,1,43
Montigny-le-Tilleul,2020-05-30,0,43
Montigny-le-Tilleul,2020-05-31,0,43
Montigny-le-Tilleul,2020-06-01,0,43
Montigny-le-Tilleul,2020-06-02,0,43
Montigny-le-Tilleul,2020-06-03,0,43
Montigny-le-Tilleul,2020-06-04,0,43
Montigny-le-Tilleul,2020-06-05,0,43
Montigny-le-Tilleul,2020-06-06,0,43
Montigny-le-Tilleul,2020-06-07,0,43
Montigny-le-Tilleul,2020-06-08,0,43
Montigny-le-Tilleul,2020-06-09,0,43
Montigny-le-Tilleul,2020-06-10,0,43
Montigny-le-Tilleul,2020-06-11,0,43
Montigny-le-Tilleul,2020-06-12,0,43
Montigny-le-Tilleul,2020-06-13,0,43
Montigny-le-Tilleul,2020-06-14,0,43
Montigny-le-Tilleul,2020-06-15,0,43
Montigny-le-Tilleul,2020-06-16,0,43
Montigny-le-Tilleul,2020-06-17,0,43
Montigny-le-Tilleul,2020-06-18,0,43
Montigny-le-Tilleul,2020-06-19,0,43
Montigny-le-Tilleul,2020-06-20,0,43
Montigny-le-Tilleul,2020-06-23,0,43
Montigny-le-Tilleul,2020-06-24,0,43
Montigny-le-Tilleul,2020-06-25,0,43
Montigny-le-Tilleul,2020-06-26,0,43
Montigny-le-Tilleul,2020-06-27,0,43
Montigny-le-Tilleul,2020-06-30,0,43
Montigny-le-Tilleul,2020-07-01,0,43
Montigny-le-Tilleul,2020-07-02,0,43
Montigny-le-Tilleul,2020-07-03,0,43
Montigny-le-Tilleul,2020-07-04,0,43
Montigny-le-Tilleul,2020-07-07,0,43
Montigny-le-Tilleul,2020-07-08,0,43
Montigny-le-Tilleul,2020-07-09,0,43
Montigny-le-Tilleul,2020-07-10,0,43
Montigny-le-Tilleul,2020-07-11,0,43
Montigny-le-Tilleul,2020-07-14,0,43
Montigny-le-Tilleul,2020-07-15,0,43
Montigny-le-Tilleul,2020-07-16,0,43
Montigny-le-Tilleul,2020-07-17,0,43
Montigny-le-Tilleul,2020-07-18,0,43
Montigny-le-Tilleul,2020-07-20,0,43
Montigny-le-Tilleul,2020-07-21,0,43
Montigny-le-Tilleul,2020-07-22,0,43
Montigny-le-Tilleul,2020-07-23,0,43
Montigny-le-Tilleul,2020-07-24,0,43
Montigny-le-Tilleul,2020-07-25,1,44
Montigny-le-Tilleul,2020-07-26,0,44
Montigny-le-Tilleul,2020-07-27,0,44
Montigny-le-Tilleul,2020-07-28,1,45
Montigny-le-Tilleul,2020-07-29,0,45
Montigny-le-Tilleul,2020-07-30,0,45
Montigny-le-Tilleul,2020-07-31,3,48
Pont-à-Celles,2020-04-01,1,20
Pont-à-Celles,2020-04-02,2,22
Pont-à-Celles,2020-04-03,0,22
Pont-à-Celles,2020-04-04,4,26
Pont-à-Celles,2020-04-05,3,29
Pont-à-Celles,2020-04-06,1,30
Pont-à-Celles,2020-04-07,1,31
Pont-à-Celles,2020-04-08,0,31
Pont-à-Celles,2020-04-09,2,33
Pont-à-Celles,2020-04-10,1,34
Pont-à-Celles,2020-04-11,1,35
Pont-à-Celles,2020-04-12,3,38
Pont-à-Celles,2020-04-13,0,38
Pont-à-Celles,2020-04-14,0,38
Pont-à-Celles,2020-04-15,3,41
Pont-à-Celles,2020-04-16,-1,40
Pont-à-Celles,2020-04-17,0,40
Pont-à-Celles,2020-04-18,1,41
Pont-à-Celles,2020-04-19,1,42
Pont-à-Celles,2020-04-20,0,42
Pont-à-Celles,2020-04-21,0,42
Pont-à-Celles,2020-04-22,0,42
Pont-à-Celles,2020-04-23,1,43
Pont-à-Celles,2020-04-24,6,49
Pont-à-Celles,2020-04-25,0,49
Pont-à-Celles,2020-04-26,0,49
Pont-à-Celles,2020-04-27,0,49
Pont-à-Celles,2020-04-28,0,49
Pont-à-Celles,2020-04-29,2,51
Pont-à-Celles,2020-04-30,1,52
Pont-à-Celles,2020-05-01,0,52
Pont-à-Celles,2020-05-02,2,54
Pont-à-Celles,2020-05-03,0,54
Pont-à-Celles,2020-05-04,0,54
Pont-à-Celles,2020-05-05,0,54
Pont-à-Celles,2020-05-06,0,54
Pont-à-Celles,2020-05-07,0,54
Pont-à-Celles,2020-05-08,0,54
Pont-à-Celles,2020-05-09,1,55
Pont-à-Celles,2020-05-10,0,55
Pont-à-Celles,2020-05-11,0,55
Pont-à-Celles,2020-05-12,0,55
Pont-à-Celles,2020-05-13,0,55
Pont-à-Celles,2020-05-14,1,56
Pont-à-Celles,2020-05-15,0,56
Pont-à-Celles,2020-05-16,0,56
Pont-à-Celles,2020-05-17,0,56
Pont-à-Celles,2020-05-18,0,56
Pont-à-Celles,2020-05-19,1,57
Pont-à-Celles,2020-05-20,0,57
Pont-à-Celles,2020-05-21,0,57
Pont-à-Celles,2020-05-22,0,57
Pont-à-Celles,2020-05-23,0,57
Pont-à-Celles,2020-05-24,0,57
Pont-à-Celles,2020-05-25,0,57
Pont-à-Celles,2020-05-26,0,57
Pont-à-Celles,2020-05-27,0,57
Pont-à-Celles,2020-05-28,0,57
Pont-à-Celles,2020-05-29,0,57
Pont-à-Celles,2020-05-30,0,57
Pont-à-Celles,2020-05-31,0,57
Pont-à-Celles,2020-06-01,0,57
Pont-à-Celles,2020-06-02,0,57
Pont-à-Celles,2020-06-03,1,58
Pont-à-Celles,2020-06-04,0,58
Pont-à-Celles,2020-06-05,0,58
Pont-à-Celles,2020-06-06,1,59
Pont-à-Celles,2020-06-07,1,60
Pont-à-Celles,2020-06-08,0,60
Pont-à-Celles,2020-06-09,2,62
Pont-à-Celles,2020-06-10,0,62
Pont-à-Celles,2020-06-11,1,63
Pont-à-Celles,2020-06-12,1,64
Pont-à-Celles,2020-06-13,0,64
Pont-à-Celles,2020-06-14,1,65
Pont-à-Celles,2020-06-15,0,65
Pont-à-Celles,2020-06-16,0,65
Pont-à-Celles,2020-06-17,1,66
Pont-à-Celles,2020-06-18,0,66
Pont-à-Celles,2020-06-19,0,66
Pont-à-Celles,2020-06-20,0,66
Pont-à-Celles,2020-06-23,0,66
Pont-à-Celles,2020-06-24,0,66
Pont-à-Celles,2020-06-25,0,66
Pont-à-Celles,2020-06-26,0,66
Pont-à-Celles,2020-06-27,0,66
Pont-à-Celles,2020-06-30,0,66
Pont-à-Celles,2020-07-01,0,66
Pont-à-Celles,2020-07-02,0,66
Pont-à-Celles,2020-07-03,0,66
Pont-à-Celles,2020-07-04,0,66
Pont-à-Celles,2020-07-07,0,66
Pont-à-Celles,2020-07-08,0,66
Pont-à-Celles,2020-07-09,0,66
Pont-à-Celles,2020-07-10,0,66
Pont-à-Celles,2020-07-11,0,66
Pont-à-Celles,2020-07-14,0,66
Pont-à-Celles,2020-07-15,1,67
Pont-à-Celles,2020-07-16,0,67
Pont-à-Celles,2020-07-17,0,67
Pont-à-Celles,2020-07-18,1,68
Pont-à-Celles,2020-07-20,0,68
Pont-à-Celles,2020-07-21,0,68
Pont-à-Celles,2020-07-22,0,68
Pont-à-Celles,2020-07-23,0,68
Pont-à-Celles,2020-07-24,1,69
Pont-à-Celles,2020-07-25,0,69
Pont-à-Celles,2020-07-26,0,69
Pont-à-Celles,2020-07-27,0,69
Pont-à-Celles,2020-07-28,0,69
Pont-à-Celles,2020-07-29,0,69
Pont-à-Celles,2020-07-30,2,71
Pont-à-Celles,2020-07-31,1,72
Aiseau-Presles,2020-04-01,1,6
Aiseau-Presles,2020-04-02,1,7
Aiseau-Presles,2020-04-03,0,7
Aiseau-Presles,2020-04-04,0,7
Aiseau-Presles,2020-04-05,0,7
Aiseau-Presles,2020-04-06,2,9
Aiseau-Presles,2020-04-07,0,9
Aiseau-Presles,2020-04-08,0,9
Aiseau-Presles,2020-04-09,0,9
Aiseau-Presles,2020-04-10,1,10
Aiseau-Presles,2020-04-11,0,10
Aiseau-Presles,2020-04-12,2,12
Aiseau-Presles,2020-04-13,0,12
Aiseau-Presles,2020-04-14,0,12
Aiseau-Presles,2020-04-15,0,12
Aiseau-Presles,2020-04-16,3,15
Aiseau-Presles,2020-04-17,0,15
Aiseau-Presles,2020-04-18,2,17
Aiseau-Presles,2020-04-19,2,19
Aiseau-Presles,2020-04-20,0,19
Aiseau-Presles,2020-04-21,1,20
Aiseau-Presles,2020-04-22,3,23
Aiseau-Presles,2020-04-23,1,24
Aiseau-Presles,2020-04-24,0,24
Aiseau-Presles,2020-04-25,1,25
Aiseau-Presles,2020-04-26,0,25
Aiseau-Presles,2020-04-27,0,25
Aiseau-Presles,2020-04-28,1,26
Aiseau-Presles,2020-04-29,1,27
Aiseau-Presles,2020-04-30,0,27
Aiseau-Presles,2020-05-01,0,27
Aiseau-Presles,2020-05-02,0,27
Aiseau-Presles,2020-05-03,0,27
Aiseau-Presles,2020-05-04,1,28
Aiseau-Presles,2020-05-05,0,28
Aiseau-Presles,2020-05-06,0,28
Aiseau-Presles,2020-05-07,1,29
Aiseau-Presles,2020-05-08,0,29
Aiseau-Presles,2020-05-09,0,29
Aiseau-Presles,2020-05-10,1,30
Aiseau-Presles,2020-05-11,0,30
Aiseau-Presles,2020-05-12,1,31
Aiseau-Presles,2020-05-13,-1,30
Aiseau-Presles,2020-05-14,0,30
Aiseau-Presles,2020-05-15,1,31
Aiseau-Presles,2020-05-16,0,31
Aiseau-Presles,2020-05-17,0,31
Aiseau-Presles,2020-05-18,0,31
Aiseau-Presles,2020-05-19,1,32
Aiseau-Presles,2020-05-20,1,33
Aiseau-Presles,2020-05-21,1,34
Aiseau-Presles,2020-05-22,1,35
Aiseau-Presles,2020-05-23,0,35
Aiseau-Presles,2020-05-24,0,35
Aiseau-Presles,2020-05-25,0,35
Aiseau-Presles,2020-05-26,0,35
Aiseau-Presles,2020-05-27,0,35
Aiseau-Presles,2020-05-28,1,36
Aiseau-Presles,2020-05-29,0,36
Aiseau-Presles,2020-05-30,0,36
Aiseau-Presles,2020-05-31,0,36
Aiseau-Presles,2020-06-01,0,36
Aiseau-Presles,2020-06-02,0,36
Aiseau-Presles,2020-06-03,0,36
Aiseau-Presles,2020-06-04,1,37
Aiseau-Presles,2020-06-05,0,37
Aiseau-Presles,2020-06-06,1,38
Aiseau-Presles,2020-06-07,0,38
Aiseau-Presles,2020-06-08,0,38
Aiseau-Presles,2020-06-09,0,38
Aiseau-Presles,2020-06-10,0,38
Aiseau-Presles,2020-06-11,1,39
Aiseau-Presles,2020-06-12,0,39
Aiseau-Presles,2020-06-13,0,39
Aiseau-Presles,2020-06-14,0,39
Aiseau-Presles,2020-06-15,0,39
Aiseau-Presles,2020-06-16,0,39
Aiseau-Presles,2020-06-17,0,39
Aiseau-Presles,2020-06-18,0,39
Aiseau-Presles,2020-06-19,0,39
Aiseau-Presles,2020-06-20,0,39
Aiseau-Presles,2020-06-23,0,39
Aiseau-Presles,2020-06-24,0,39
Aiseau-Presles,2020-06-25,0,39
Aiseau-Presles,2020-06-26,0,39
Aiseau-Presles,2020-06-27,0,39
Aiseau-Presles,2020-06-30,0,39
Aiseau-Presles,2020-07-01,0,39
Aiseau-Presles,2020-07-02,0,39
Aiseau-Presles,2020-07-03,0,39
Aiseau-Presles,2020-07-04,0,39
Aiseau-Presles,2020-07-07,0,39
Aiseau-Presles,2020-07-08,0,39
Aiseau-Presles,2020-07-09,0,39
Aiseau-Presles,2020-07-10,0,39
Aiseau-Presles,2020-07-11,0,39
Aiseau-Presles,2020-07-14,0,39
Aiseau-Presles,2020-07-15,0,39
Aiseau-Presles,2020-07-16,0,39
Aiseau-Presles,2020-07-17,0,39
Aiseau-Presles,2020-07-18,0,39
Aiseau-Presles,2020-07-20,1,40
Aiseau-Presles,2020-07-21,0,40
Aiseau-Presles,2020-07-22,0,40
Aiseau-Presles,2020-07-23,0,40
Aiseau-Presles,2020-07-24,0,40
Aiseau-Presles,2020-07-25,0,40
Aiseau-Presles,2020-07-26,0,40
Aiseau-Presles,2020-07-27,0,40
Aiseau-Presles,2020-07-28,1,41
Aiseau-Presles,2020-07-29,0,41
Aiseau-Presles,2020-07-30,1,42
Aiseau-Presles,2020-07-31,0,42
Les Bons Villers,2020-04-01,2,7
Les Bons Villers,2020-04-02,2,9
Les Bons Villers,2020-04-03,0,9
Les Bons Villers,2020-04-04,3,12
Les Bons Villers,2020-04-05,0,12
Les Bons Villers,2020-04-06,1,13
Les Bons Villers,2020-04-07,1,14
Les Bons Villers,2020-04-08,2,16
Les Bons Villers,2020-04-09,1,17
Les Bons Villers,2020-04-10,3,20
Les Bons Villers,2020-04-11,4,24
Les Bons Villers,2020-04-12,0,24
Les Bons Villers,2020-04-13,3,27
Les Bons Villers,2020-04-14,5,32
Les Bons Villers,2020-04-15,2,34
Les Bons Villers,2020-04-16,1,35
Les Bons Villers,2020-04-17,3,38
Les Bons Villers,2020-04-18,3,41
Les Bons Villers,2020-04-19,20,61
Les Bons Villers,2020-04-20,2,63
Les Bons Villers,2020-04-21,1,64
Les Bons Villers,2020-04-22,15,79
Les Bons Villers,2020-04-23,8,87
Les Bons Villers,2020-04-24,1,88
Les Bons Villers,2020-04-25,0,88
Les Bons Villers,2020-04-26,0,88
Les Bons Villers,2020-04-27,0,88
Les Bons Villers,2020-04-28,0,88
Les Bons Villers,2020-04-29,0,88
Les Bons Villers,2020-04-30,0,88
Les Bons Villers,2020-05-01,0,88
Les Bons Villers,2020-05-02,0,88
Les Bons Villers,2020-05-03,1,89
Les Bons Villers,2020-05-04,0,89
Les Bons Villers,2020-05-05,0,89
Les Bons Villers,2020-05-06,0,89
Les Bons Villers,2020-05-07,0,89
Les Bons Villers,2020-05-08,0,89
Les Bons Villers,2020-05-09,0,89
Les Bons Villers,2020-05-10,1,90
Les Bons Villers,2020-05-11,0,90
Les Bons Villers,2020-05-12,0,90
Les Bons Villers,2020-05-13,2,92
Les Bons Villers,2020-05-14,0,92
Les Bons Villers,2020-05-15,1,93
Les Bons Villers,2020-05-16,0,93
Les Bons Villers,2020-05-17,0,93
Les Bons Villers,2020-05-18,0,93
Les Bons Villers,2020-05-19,0,93
Les Bons Villers,2020-05-20,0,93
Les Bons Villers,2020-05-21,0,93
Les Bons Villers,2020-05-22,1,94
Les Bons Villers,2020-05-23,0,94
Les Bons Villers,2020-05-24,0,94
Les Bons Villers,2020-05-25,0,94
Les Bons Villers,2020-05-26,0,94
Les Bons Villers,2020-05-27,0,94
Les Bons Villers,2020-05-28,0,94
Les Bons Villers,2020-05-29,0,94
Les Bons Villers,2020-05-30,0,94
Les Bons Villers,2020-05-31,0,94
Les Bons Villers,2020-06-01,0,94
Les Bons Villers,2020-06-02,0,94
Les Bons Villers,2020-06-03,0,94
Les Bons Villers,2020-06-04,0,94
Les Bons Villers,2020-06-05,0,94
Les Bons Villers,2020-06-06,0,94
Les Bons Villers,2020-06-07,0,94
Les Bons Villers,2020-06-08,0,94
Les Bons Villers,2020-06-09,0,94
Les Bons Villers,2020-06-10,0,94
Les Bons Villers,2020-06-11,0,94
Les Bons Villers,2020-06-12,0,94
Les Bons Villers,2020-06-13,0,94
Les Bons Villers,2020-06-14,0,94
Les Bons Villers,2020-06-15,0,94
Les Bons Villers,2020-06-16,0,94
Les Bons Villers,2020-06-17,0,94
Les Bons Villers,2020-06-18,0,94
Les Bons Villers,2020-06-19,0,94
Les Bons Villers,2020-06-20,0,94
Les Bons Villers,2020-06-23,0,94
Les Bons Villers,2020-06-24,0,94
Les Bons Villers,2020-06-25,0,94
Les Bons Villers,2020-06-26,0,94
Les Bons Villers,2020-06-27,0,94
Les Bons Villers,2020-06-30,0,94
Les Bons Villers,2020-07-01,0,94
Les Bons Villers,2020-07-02,0,94
Les Bons Villers,2020-07-03,0,94
Les Bons Villers,2020-07-04,0,94
Les Bons Villers,2020-07-07,0,94
Les Bons Villers,2020-07-08,0,94
Les Bons Villers,2020-07-09,0,94
Les Bons Villers,2020-07-10,0,94
Les Bons Villers,2020-07-11,0,94
Les Bons Villers,2020-07-14,0,94
Les Bons Villers,2020-07-15,0,94
Les Bons Villers,2020-07-16,0,94
Les Bons Villers,2020-07-17,0,94
Les Bons Villers,2020-07-18,0,94
Les Bons Villers,2020-07-20,0,94
Les Bons Villers,2020-07-21,0,94
Les Bons Villers,2020-07-22,0,94
Les Bons Villers,2020-07-23,0,94
Les Bons Villers,2020-07-24,0,94
Les Bons Villers,2020-07-25,0,94
Les Bons Villers,2020-07-26,0,94
Les Bons Villers,2020-07-27,1,95
Les Bons Villers,2020-07-28,2,97
Les Bons Villers,2020-07-29,0,97
Les Bons Villers,2020-07-30,1,98
Les Bons Villers,2020-07-31,0,98
Boussu,2020-04-01,0,52
Boussu,2020-04-02,6,58
Boussu,2020-04-03,3,61
Boussu,2020-04-04,2,63
Boussu,2020-04-05,2,65
Boussu,2020-04-06,0,65
Boussu,2020-04-07,1,66
Boussu,2020-04-08,4,70
Boussu,2020-04-09,2,72
Boussu,2020-04-10,2,74
Boussu,2020-04-11,1,75
Boussu,2020-04-12,1,76
Boussu,2020-04-13,0,76
Boussu,2020-04-14,1,77
Boussu,2020-04-15,5,82
Boussu,2020-04-16,1,83
Boussu,2020-04-17,5,88
Boussu,2020-04-18,0,88
Boussu,2020-04-19,0,88
Boussu,2020-04-20,3,91
Boussu,2020-04-21,7,98
Boussu,2020-04-22,0,98
Boussu,2020-04-23,0,98
Boussu,2020-04-24,1,99
Boussu,2020-04-25,1,100
Boussu,2020-04-26,0,100
Boussu,2020-04-27,0,100
Boussu,2020-04-28,2,102
Boussu,2020-04-29,2,104
Boussu,2020-04-30,1,105
Boussu,2020-05-01,3,108
Boussu,2020-05-02,0,108
Boussu,2020-05-03,1,109
Boussu,2020-05-04,0,109
Boussu,2020-05-05,0,109
Boussu,2020-05-06,0,109
Boussu,2020-05-07,0,109
Boussu,2020-05-08,0,109
Boussu,2020-05-09,0,109
Boussu,2020-05-10,0,109
Boussu,2020-05-11,2,111
Boussu,2020-05-12,0,111
Boussu,2020-05-13,0,111
Boussu,2020-05-14,0,111
Boussu,2020-05-15,0,111
Boussu,2020-05-16,1,112
Boussu,2020-05-17,1,113
Boussu,2020-05-18,0,113
Boussu,2020-05-19,0,113
Boussu,2020-05-20,1,114
Boussu,2020-05-21,0,114
Boussu,2020-05-22,1,115
Boussu,2020-05-23,0,115
Boussu,2020-05-24,0,115
Boussu,2020-05-25,0,115
Boussu,2020-05-26,0,115
Boussu,2020-05-27,0,115
Boussu,2020-05-28,0,115
Boussu,2020-05-29,0,115
Boussu,2020-05-30,0,115
Boussu,2020-05-31,0,115
Boussu,2020-06-01,2,117
Boussu,2020-06-02,0,117
Boussu,2020-06-03,0,117
Boussu,2020-06-04,0,117
Boussu,2020-06-05,0,117
Boussu,2020-06-06,0,117
Boussu,2020-06-07,1,118
Boussu,2020-06-08,0,118
Boussu,2020-06-09,0,118
Boussu,2020-06-10,0,118
Boussu,2020-06-11,0,118
Boussu,2020-06-12,0,118
Boussu,2020-06-13,0,118
Boussu,2020-06-14,0,118
Boussu,2020-06-15,0,118
Boussu,2020-06-16,0,118
Boussu,2020-06-17,0,118
Boussu,2020-06-18,0,118
Boussu,2020-06-19,0,118
Boussu,2020-06-20,0,118
Boussu,2020-06-23,1,119
Boussu,2020-06-24,0,119
Boussu,2020-06-25,0,119
Boussu,2020-06-26,0,119
Boussu,2020-06-27,0,119
Boussu,2020-06-30,1,120
Boussu,2020-07-01,0,120
Boussu,2020-07-02,1,121
Boussu,2020-07-03,1,122
Boussu,2020-07-04,0,122
Boussu,2020-07-07,1,123
Boussu,2020-07-08,0,123
Boussu,2020-07-09,0,123
Boussu,2020-07-10,0,123
Boussu,2020-07-11,0,123
Boussu,2020-07-14,1,124
Boussu,2020-07-15,0,124
Boussu,2020-07-16,0,124
Boussu,2020-07-17,0,124
Boussu,2020-07-18,1,125
Boussu,2020-07-20,0,125
Boussu,2020-07-21,0,125
Boussu,2020-07-22,0,125
Boussu,2020-07-23,0,125
Boussu,2020-07-24,0,125
Boussu,2020-07-25,0,125
Boussu,2020-07-26,0,125
Boussu,2020-07-27,0,125
Boussu,2020-07-28,0,125
Boussu,2020-07-29,1,126
Boussu,2020-07-30,1,127
Boussu,2020-07-31,1,128
Dour,2020-04-01,3,47
Dour,2020-04-02,3,50
Dour,2020-04-03,6,56
Dour,2020-04-04,4,60
Dour,2020-04-05,5,65
Dour,2020-04-06,3,68
Dour,2020-04-07,1,69
Dour,2020-04-08,4,73
Dour,2020-04-09,1,74
Dour,2020-04-10,1,75
Dour,2020-04-11,1,76
Dour,2020-04-12,3,79
Dour,2020-04-13,1,80
Dour,2020-04-14,0,80
Dour,2020-04-15,7,87
Dour,2020-04-16,0,87
Dour,2020-04-17,5,92
Dour,2020-04-18,0,92
Dour,2020-04-19,6,98
Dour,2020-04-20,4,102
Dour,2020-04-21,2,104
Dour,2020-04-22,3,107
Dour,2020-04-23,1,108
Dour,2020-04-24,11,119
Dour,2020-04-25,2,121
Dour,2020-04-26,7,128
Dour,2020-04-27,0,128
Dour,2020-04-28,3,131
Dour,2020-04-29,0,131
Dour,2020-04-30,2,133
Dour,2020-05-01,0,133
Dour,2020-05-02,1,134
Dour,2020-05-03,0,134
Dour,2020-05-04,0,134
Dour,2020-05-05,0,134
Dour,2020-05-06,1,135
Dour,2020-05-07,1,136
Dour,2020-05-08,0,136
Dour,2020-05-09,5,141
Dour,2020-05-10,2,143
Dour,2020-05-11,1,144
Dour,2020-05-12,0,144
Dour,2020-05-13,0,144
Dour,2020-05-14,1,145
Dour,2020-05-15,1,146
Dour,2020-05-16,1,147
Dour,2020-05-17,0,147
Dour,2020-05-18,0,147
Dour,2020-05-19,0,147
Dour,2020-05-20,0,147
Dour,2020-05-21,0,147
Dour,2020-05-22,0,147
Dour,2020-05-23,0,147
Dour,2020-05-24,0,147
Dour,2020-05-25,0,147
Dour,2020-05-26,0,147
Dour,2020-05-27,0,147
Dour,2020-05-28,1,148
Dour,2020-05-29,0,148
Dour,2020-05-30,0,148
Dour,2020-05-31,0,148
Dour,2020-06-01,0,148
Dour,2020-06-02,0,148
Dour,2020-06-03,0,148
Dour,2020-06-04,0,148
Dour,2020-06-05,0,148
Dour,2020-06-06,0,148
Dour,2020-06-07,0,148
Dour,2020-06-08,0,148
Dour,2020-06-09,0,148
Dour,2020-06-10,0,148
Dour,2020-06-11,0,148
Dour,2020-06-12,0,148
Dour,2020-06-13,0,148
Dour,2020-06-14,0,148
Dour,2020-06-15,0,148
Dour,2020-06-16,0,148
Dour,2020-06-17,0,148
Dour,2020-06-18,0,148
Dour,2020-06-19,0,148
Dour,2020-06-20,0,148
Dour,2020-06-23,0,148
Dour,2020-06-24,0,148
Dour,2020-06-25,1,149
Dour,2020-06-26,1,150
Dour,2020-06-27,1,151
Dour,2020-06-30,0,151
Dour,2020-07-01,0,151
Dour,2020-07-02,0,151
Dour,2020-07-03,0,151
Dour,2020-07-04,0,151
Dour,2020-07-07,0,151
Dour,2020-07-08,0,151
Dour,2020-07-09,0,151
Dour,2020-07-10,0,151
Dour,2020-07-11,0,151
Dour,2020-07-14,2,153
Dour,2020-07-15,0,153
Dour,2020-07-16,2,155
Dour,2020-07-17,1,156
Dour,2020-07-18,0,156
Dour,2020-07-20,2,158
Dour,2020-07-21,0,158
Dour,2020-07-22,0,158
Dour,2020-07-23,0,158
Dour,2020-07-24,0,158
Dour,2020-07-25,3,161
Dour,2020-07-26,0,161
Dour,2020-07-27,0,161
Dour,2020-07-28,0,161
Dour,2020-07-29,0,161
Dour,2020-07-30,0,161
Dour,2020-07-31,1,162
Frameries,2020-04-01,8,56
Frameries,2020-04-02,4,60
Frameries,2020-04-03,4,64
Frameries,2020-04-04,3,67
Frameries,2020-04-05,4,71
Frameries,2020-04-06,4,75
Frameries,2020-04-07,0,75
Frameries,2020-04-08,3,78
Frameries,2020-04-09,2,80
Frameries,2020-04-10,2,82
Frameries,2020-04-11,1,83
Frameries,2020-04-12,15,98
Frameries,2020-04-13,3,101
Frameries,2020-04-14,0,101
Frameries,2020-04-15,11,112
Frameries,2020-04-16,0,112
Frameries,2020-04-17,5,117
Frameries,2020-04-18,0,117
Frameries,2020-04-19,6,123
Frameries,2020-04-20,5,128
Frameries,2020-04-21,4,132
Frameries,2020-04-22,0,132
Frameries,2020-04-23,2,134
Frameries,2020-04-24,51,185
Frameries,2020-04-25,2,187
Frameries,2020-04-26,2,189
Frameries,2020-04-27,1,190
Frameries,2020-04-28,2,192
Frameries,2020-04-29,0,192
Frameries,2020-04-30,0,192
Frameries,2020-05-01,0,192
Frameries,2020-05-02,0,192
Frameries,2020-05-03,0,192
Frameries,2020-05-04,0,192
Frameries,2020-05-05,0,192
Frameries,2020-05-06,0,192
Frameries,2020-05-07,0,192
Frameries,2020-05-08,1,193
Frameries,2020-05-09,0,193
Frameries,2020-05-10,0,193
Frameries,2020-05-11,1,194
Frameries,2020-05-12,0,194
Frameries,2020-05-13,0,194
Frameries,2020-05-14,0,194
Frameries,2020-05-15,0,194
Frameries,2020-05-16,0,194
Frameries,2020-05-17,0,194
Frameries,2020-05-18,2,196
Frameries,2020-05-19,0,196
Frameries,2020-05-20,0,196
Frameries,2020-05-21,0,196
Frameries,2020-05-22,0,196
Frameries,2020-05-23,0,196
Frameries,2020-05-24,0,196
Frameries,2020-05-25,0,196
Frameries,2020-05-26,0,196
Frameries,2020-05-27,0,196
Frameries,2020-05-28,1,197
Frameries,2020-05-29,0,197
Frameries,2020-05-30,0,197
Frameries,2020-05-31,1,198
Frameries,2020-06-01,0,198
Frameries,2020-06-02,0,198
Frameries,2020-06-03,0,198
Frameries,2020-06-04,0,198
Frameries,2020-06-05,0,198
Frameries,2020-06-06,0,198
Frameries,2020-06-07,0,198
Frameries,2020-06-08,0,198
Frameries,2020-06-09,0,198
Frameries,2020-06-10,0,198
Frameries,2020-06-11,0,198
Frameries,2020-06-12,0,198
Frameries,2020-06-13,0,198
Frameries,2020-06-14,0,198
Frameries,2020-06-15,0,198
Frameries,2020-06-16,0,198
Frameries,2020-06-17,0,198
Frameries,2020-06-18,1,199
Frameries,2020-06-19,0,199
Frameries,2020-06-20,0,199
Frameries,2020-06-23,0,199
Frameries,2020-06-24,0,199
Frameries,2020-06-25,0,199
Frameries,2020-06-26,0,199
Frameries,2020-06-27,0,199
Frameries,2020-06-30,0,199
Frameries,2020-07-01,1,200
Frameries,2020-07-02,0,200
Frameries,2020-07-03,1,201
Frameries,2020-07-04,0,201
Frameries,2020-07-07,1,202
Frameries,2020-07-08,0,202
Frameries,2020-07-09,0,202
Frameries,2020-07-10,0,202
Frameries,2020-07-11,0,202
Frameries,2020-07-14,0,202
Frameries,2020-07-15,0,202
Frameries,2020-07-16,0,202
Frameries,2020-07-17,0,202
Frameries,2020-07-18,0,202
Frameries,2020-07-20,0,202
Frameries,2020-07-21,1,203
Frameries,2020-07-22,0,203
Frameries,2020-07-23,0,203
Frameries,2020-07-24,0,203
Frameries,2020-07-25,0,203
Frameries,2020-07-26,0,203
Frameries,2020-07-27,0,203
Frameries,2020-07-28,2,205
Frameries,2020-07-29,0,205
Frameries,2020-07-30,1,206
Frameries,2020-07-31,0,206
Hensies,2020-04-01,1,16
Hensies,2020-04-02,3,19
Hensies,2020-04-03,2,21
Hensies,2020-04-04,0,21
Hensies,2020-04-05,3,24
Hensies,2020-04-06,1,25
Hensies,2020-04-07,0,25
Hensies,2020-04-08,1,26
Hensies,2020-04-09,1,27
Hensies,2020-04-10,0,27
Hensies,2020-04-11,0,27
Hensies,2020-04-12,0,27
Hensies,2020-04-13,0,27
Hensies,2020-04-14,1,28
Hensies,2020-04-15,3,31
Hensies,2020-04-16,0,31
Hensies,2020-04-17,0,31
Hensies,2020-04-18,0,31
Hensies,2020-04-19,0,31
Hensies,2020-04-20,1,32
Hensies,2020-04-21,2,34
Hensies,2020-04-22,0,34
Hensies,2020-04-23,0,34
Hensies,2020-04-24,1,35
Hensies,2020-04-25,1,36
Hensies,2020-04-26,1,37
Hensies,2020-04-27,0,37
Hensies,2020-04-28,0,37
Hensies,2020-04-29,0,37
Hensies,2020-04-30,1,38
Hensies,2020-05-01,0,38
Hensies,2020-05-02,0,38
Hensies,2020-05-03,0,38
Hensies,2020-05-04,0,38
Hensies,2020-05-05,0,38
Hensies,2020-05-06,0,38
Hensies,2020-05-07,0,38
Hensies,2020-05-08,1,39
Hensies,2020-05-09,0,39
Hensies,2020-05-10,0,39
Hensies,2020-05-11,0,39
Hensies,2020-05-12,0,39
Hensies,2020-05-13,0,39
Hensies,2020-05-14,0,39
Hensies,2020-05-15,0,39
Hensies,2020-05-16,2,41
Hensies,2020-05-17,2,43
Hensies,2020-05-18,2,45
Hensies,2020-05-19,0,45
Hensies,2020-05-20,0,45
Hensies,2020-05-21,1,46
Hensies,2020-05-22,0,46
Hensies,2020-05-23,0,46
Hensies,2020-05-24,0,46
Hensies,2020-05-25,0,46
Hensies,2020-05-26,0,46
Hensies,2020-05-27,1,47
Hensies,2020-05-28,4,51
Hensies,2020-05-29,0,51
Hensies,2020-05-30,0,51
Hensies,2020-05-31,1,52
Hensies,2020-06-01,0,52
Hensies,2020-06-02,0,52
Hensies,2020-06-03,0,52
Hensies,2020-06-04,0,52
Hensies,2020-06-05,0,52
Hensies,2020-06-06,0,52
Hensies,2020-06-07,0,52
Hensies,2020-06-08,0,52
Hensies,2020-06-09,0,52
Hensies,2020-06-10,0,52
Hensies,2020-06-11,0,52
Hensies,2020-06-12,0,52
Hensies,2020-06-13,0,52
Hensies,2020-06-14,0,52
Hensies,2020-06-15,0,52
Hensies,2020-06-16,0,52
Hensies,2020-06-17,0,52
Hensies,2020-06-18,1,53
Hensies,2020-06-19,0,53
Hensies,2020-06-20,0,53
Hensies,2020-06-23,0,53
Hensies,2020-06-24,0,53
Hensies,2020-06-25,0,53
Hensies,2020-06-26,0,53
Hensies,2020-06-27,0,53
Hensies,2020-06-30,0,53
Hensies,2020-07-01,0,53
Hensies,2020-07-02,0,53
Hensies,2020-07-03,0,53
Hensies,2020-07-04,1,54
Hensies,2020-07-07,1,55
Hensies,2020-07-08,0,55
Hensies,2020-07-09,0,55
Hensies,2020-07-10,0,55
Hensies,2020-07-11,0,55
Hensies,2020-07-14,0,55
Hensies,2020-07-15,0,55
Hensies,2020-07-16,0,55
Hensies,2020-07-17,1,56
Hensies,2020-07-18,0,56
Hensies,2020-07-20,0,56
Hensies,2020-07-21,0,56
Hensies,2020-07-22,0,56
Hensies,2020-07-23,0,56
Hensies,2020-07-24,0,56
Hensies,2020-07-25,0,56
Hensies,2020-07-26,0,56
Hensies,2020-07-27,0,56
Hensies,2020-07-28,0,56
Hensies,2020-07-29,0,56
Hensies,2020-07-30,0,56
Hensies,2020-07-31,0,56
Jurbeke,2020-04-01,0,19
Jurbeke,2020-04-02,0,19
Jurbeke,2020-04-03,3,22
Jurbeke,2020-04-04,1,23
Jurbeke,2020-04-05,1,24
Jurbeke,2020-04-06,0,24
Jurbeke,2020-04-07,0,24
Jurbeke,2020-04-08,3,27
Jurbeke,2020-04-09,1,28
Jurbeke,2020-04-10,0,28
Jurbeke,2020-04-11,1,29
Jurbeke,2020-04-12,0,29
Jurbeke,2020-04-13,0,29
Jurbeke,2020-04-14,0,29
Jurbeke,2020-04-15,1,30
Jurbeke,2020-04-16,0,30
Jurbeke,2020-04-17,2,32
Jurbeke,2020-04-18,0,32
Jurbeke,2020-04-19,0,32
Jurbeke,2020-04-20,1,33
Jurbeke,2020-04-21,1,34
Jurbeke,2020-04-22,0,34
Jurbeke,2020-04-23,0,34
Jurbeke,2020-04-24,0,34
Jurbeke,2020-04-25,2,36
Jurbeke,2020-04-26,0,36
Jurbeke,2020-04-27,0,36
Jurbeke,2020-04-28,0,36
Jurbeke,2020-04-29,1,37
Jurbeke,2020-04-30,0,37
Jurbeke,2020-05-01,0,37
Jurbeke,2020-05-02,0,37
Jurbeke,2020-05-03,0,37
Jurbeke,2020-05-04,0,37
Jurbeke,2020-05-05,0,37
Jurbeke,2020-05-06,0,37
Jurbeke,2020-05-07,0,37
Jurbeke,2020-05-08,0,37
Jurbeke,2020-05-09,0,37
Jurbeke,2020-05-10,1,38
Jurbeke,2020-05-11,0,38
Jurbeke,2020-05-12,1,39
Jurbeke,2020-05-13,0,39
Jurbeke,2020-05-14,0,39
Jurbeke,2020-05-15,0,39
Jurbeke,2020-05-16,0,39
Jurbeke,2020-05-17,0,39
Jurbeke,2020-05-18,1,40
Jurbeke,2020-05-19,0,40
Jurbeke,2020-05-20,0,40
Jurbeke,2020-05-21,0,40
Jurbeke,2020-05-22,0,40
Jurbeke,2020-05-23,0,40
Jurbeke,2020-05-24,0,40
Jurbeke,2020-05-25,0,40
Jurbeke,2020-05-26,1,41
Jurbeke,2020-05-27,0,41
Jurbeke,2020-05-28,0,41
Jurbeke,2020-05-29,1,42
Jurbeke,2020-05-30,0,42
Jurbeke,2020-05-31,0,42
Jurbeke,2020-06-01,0,42
Jurbeke,2020-06-02,0,42
Jurbeke,2020-06-03,0,42
Jurbeke,2020-06-04,0,42
Jurbeke,2020-06-05,0,42
Jurbeke,2020-06-06,1,43
Jurbeke,2020-06-07,0,43
Jurbeke,2020-06-08,1,44
Jurbeke,2020-06-09,0,44
Jurbeke,2020-06-10,0,44
Jurbeke,2020-06-11,0,44
Jurbeke,2020-06-12,0,44
Jurbeke,2020-06-13,0,44
Jurbeke,2020-06-14,0,44
Jurbeke,2020-06-15,0,44
Jurbeke,2020-06-16,0,44
Jurbeke,2020-06-17,0,44
Jurbeke,2020-06-18,0,44
Jurbeke,2020-06-19,0,44
Jurbeke,2020-06-20,0,44
Jurbeke,2020-06-23,0,44
Jurbeke,2020-06-24,0,44
Jurbeke,2020-06-25,0,44
Jurbeke,2020-06-26,0,44
Jurbeke,2020-06-27,0,44
Jurbeke,2020-06-30,0,44
Jurbeke,2020-07-01,0,44
Jurbeke,2020-07-02,0,44
Jurbeke,2020-07-03,0,44
Jurbeke,2020-07-04,0,44
Jurbeke,2020-07-07,0,44
Jurbeke,2020-07-08,0,44
Jurbeke,2020-07-09,0,44
Jurbeke,2020-07-10,0,44
Jurbeke,2020-07-11,0,44
Jurbeke,2020-07-14,0,44
Jurbeke,2020-07-15,0,44
Jurbeke,2020-07-16,0,44
Jurbeke,2020-07-17,0,44
Jurbeke,2020-07-18,0,44
Jurbeke,2020-07-20,0,44
Jurbeke,2020-07-21,0,44
Jurbeke,2020-07-22,0,44
Jurbeke,2020-07-23,0,44
Jurbeke,2020-07-24,0,44
Jurbeke,2020-07-25,0,44
Jurbeke,2020-07-26,0,44
Jurbeke,2020-07-27,0,44
Jurbeke,2020-07-28,0,44
Jurbeke,2020-07-29,0,44
Jurbeke,2020-07-30,1,45
Jurbeke,2020-07-31,0,45
Lens,2020-04-01,1,7
Lens,2020-04-02,1,8
Lens,2020-04-03,0,8
Lens,2020-04-04,0,8
Lens,2020-04-05,1,9
Lens,2020-04-06,0,9
Lens,2020-04-07,0,9
Lens,2020-04-08,0,9
Lens,2020-04-09,0,9
Lens,2020-04-10,0,9
Lens,2020-04-11,0,9
Lens,2020-04-12,0,9
Lens,2020-04-13,0,9
Lens,2020-04-14,0,9
Lens,2020-04-15,1,10
Lens,2020-04-16,1,11
Lens,2020-04-17,1,12
Lens,2020-04-18,1,13
Lens,2020-04-19,0,13
Lens,2020-04-20,1,14
Lens,2020-04-21,1,15
Lens,2020-04-22,0,15
Lens,2020-04-23,0,15
Lens,2020-04-24,0,15
Lens,2020-04-25,1,16
Lens,2020-04-26,0,16
Lens,2020-04-27,0,16
Lens,2020-04-28,0,16
Lens,2020-04-29,0,16
Lens,2020-04-30,0,16
Lens,2020-05-01,0,16
Lens,2020-05-02,0,16
Lens,2020-05-03,0,16
Lens,2020-05-04,0,16
Lens,2020-05-05,0,16
Lens,2020-05-06,0,16
Lens,2020-05-07,0,16
Lens,2020-05-08,0,16
Lens,2020-05-09,0,16
Lens,2020-05-10,0,16
Lens,2020-05-11,0,16
Lens,2020-05-12,0,16
Lens,2020-05-13,0,16
Lens,2020-05-14,0,16
Lens,2020-05-15,0,16
Lens,2020-05-16,0,16
Lens,2020-05-17,0,16
Lens,2020-05-18,0,16
Lens,2020-05-19,0,16
Lens,2020-05-20,0,16
Lens,2020-05-21,0,16
Lens,2020-05-22,0,16
Lens,2020-05-23,0,16
Lens,2020-05-24,0,16
Lens,2020-05-25,0,16
Lens,2020-05-26,0,16
Lens,2020-05-27,0,16
Lens,2020-05-28,0,16
Lens,2020-05-29,0,16
Lens,2020-05-30,0,16
Lens,2020-05-31,0,16
Lens,2020-06-01,0,16
Lens,2020-06-02,0,16
Lens,2020-06-03,0,16
Lens,2020-06-04,0,16
Lens,2020-06-05,0,16
Lens,2020-06-06,0,16
Lens,2020-06-07,0,16
Lens,2020-06-08,0,16
Lens,2020-06-09,0,16
Lens,2020-06-10,0,16
Lens,2020-06-11,0,16
Lens,2020-06-12,0,16
Lens,2020-06-13,0,16
Lens,2020-06-14,0,16
Lens,2020-06-15,0,16
Lens,2020-06-16,0,16
Lens,2020-06-17,0,16
Lens,2020-06-18,0,16
Lens,2020-06-19,0,16
Lens,2020-06-20,0,16
Lens,2020-06-23,0,16
Lens,2020-06-24,0,16
Lens,2020-06-25,0,16
Lens,2020-06-26,0,16
Lens,2020-06-27,0,16
Lens,2020-06-30,0,16
Lens,2020-07-01,0,16
Lens,2020-07-02,0,16
Lens,2020-07-03,0,16
Lens,2020-07-04,0,16
Lens,2020-07-07,0,16
Lens,2020-07-08,0,16
Lens,2020-07-09,0,16
Lens,2020-07-10,0,16
Lens,2020-07-11,0,16
Lens,2020-07-14,0,16
Lens,2020-07-15,0,16
Lens,2020-07-16,0,16
Lens,2020-07-17,0,16
Lens,2020-07-18,0,16
Lens,2020-07-20,0,16
Lens,2020-07-21,0,16
Lens,2020-07-22,0,16
Lens,2020-07-23,0,16
Lens,2020-07-24,0,16
Lens,2020-07-25,0,16
Lens,2020-07-26,0,16
Lens,2020-07-27,0,16
Lens,2020-07-28,0,16
Lens,2020-07-29,0,16
Lens,2020-07-30,0,16
Lens,2020-07-31,0,16
Bergen,2020-04-01,17,272
Bergen,2020-04-02,12,284
Bergen,2020-04-03,11,295
Bergen,2020-04-04,11,306
Bergen,2020-04-05,20,326
Bergen,2020-04-06,5,331
Bergen,2020-04-07,1,332
Bergen,2020-04-08,94,426
Bergen,2020-04-09,2,428
Bergen,2020-04-10,4,432
Bergen,2020-04-11,6,438
Bergen,2020-04-12,5,443
Bergen,2020-04-13,0,443
Bergen,2020-04-14,2,445
Bergen,2020-04-15,36,481
Bergen,2020-04-16,-1,480
Bergen,2020-04-17,28,508
Bergen,2020-04-18,5,513
Bergen,2020-04-19,8,521
Bergen,2020-04-20,11,532
Bergen,2020-04-21,20,552
Bergen,2020-04-22,32,584
Bergen,2020-04-23,3,587
Bergen,2020-04-24,55,642
Bergen,2020-04-25,24,666
Bergen,2020-04-26,3,669
Bergen,2020-04-27,1,670
Bergen,2020-04-28,6,676
Bergen,2020-04-29,1,677
Bergen,2020-04-30,4,681
Bergen,2020-05-01,6,687
Bergen,2020-05-02,1,688
Bergen,2020-05-03,8,696
Bergen,2020-05-04,2,698
Bergen,2020-05-05,3,701
Bergen,2020-05-06,7,708
Bergen,2020-05-07,6,714
Bergen,2020-05-08,2,716
Bergen,2020-05-09,2,718
Bergen,2020-05-10,7,725
Bergen,2020-05-11,7,732
Bergen,2020-05-12,0,732
Bergen,2020-05-13,0,732
Bergen,2020-05-14,1,733
Bergen,2020-05-15,2,735
Bergen,2020-05-16,0,735
Bergen,2020-05-17,2,737
Bergen,2020-05-18,2,739
Bergen,2020-05-19,0,739
Bergen,2020-05-20,0,739
Bergen,2020-05-21,4,743
Bergen,2020-05-22,1,744
Bergen,2020-05-23,5,749
Bergen,2020-05-24,0,749
Bergen,2020-05-25,2,751
Bergen,2020-05-26,18,769
Bergen,2020-05-27,0,769
Bergen,2020-05-28,4,773
Bergen,2020-05-29,1,774
Bergen,2020-05-30,1,775
Bergen,2020-05-31,2,777
Bergen,2020-06-01,3,780
Bergen,2020-06-02,0,780
Bergen,2020-06-03,0,780
Bergen,2020-06-04,0,780
Bergen,2020-06-05,1,781
Bergen,2020-06-06,0,781
Bergen,2020-06-07,1,782
Bergen,2020-06-08,1,783
Bergen,2020-06-09,2,785
Bergen,2020-06-10,0,785
Bergen,2020-06-11,0,785
Bergen,2020-06-12,-1,784
Bergen,2020-06-13,2,786
Bergen,2020-06-14,1,787
Bergen,2020-06-15,0,787
Bergen,2020-06-16,0,787
Bergen,2020-06-17,2,789
Bergen,2020-06-18,0,789
Bergen,2020-06-19,0,789
Bergen,2020-06-20,0,789
Bergen,2020-06-23,0,789
Bergen,2020-06-24,0,789
Bergen,2020-06-25,0,789
Bergen,2020-06-26,0,789
Bergen,2020-06-27,1,790
Bergen,2020-06-30,1,791
Bergen,2020-07-01,0,791
Bergen,2020-07-02,1,792
Bergen,2020-07-03,0,792
Bergen,2020-07-04,1,793
Bergen,2020-07-07,5,798
Bergen,2020-07-08,0,798
Bergen,2020-07-09,1,799
Bergen,2020-07-10,1,800
Bergen,2020-07-11,0,800
Bergen,2020-07-14,2,802
Bergen,2020-07-15,0,802
Bergen,2020-07-16,1,803
Bergen,2020-07-17,2,805
Bergen,2020-07-18,1,806
Bergen,2020-07-20,0,806
Bergen,2020-07-21,0,806
Bergen,2020-07-22,0,806
Bergen,2020-07-23,7,813
Bergen,2020-07-24,0,813
Bergen,2020-07-25,2,815
Bergen,2020-07-26,1,816
Bergen,2020-07-27,2,818
Bergen,2020-07-28,2,820
Bergen,2020-07-29,0,820
Bergen,2020-07-30,0,820
Bergen,2020-07-31,0,820
Quaregnon,2020-04-01,6,58
Quaregnon,2020-04-02,4,62
Quaregnon,2020-04-03,1,63
Quaregnon,2020-04-04,1,64
Quaregnon,2020-04-05,4,68
Quaregnon,2020-04-06,1,69
Quaregnon,2020-04-07,0,69
Quaregnon,2020-04-08,2,71
Quaregnon,2020-04-09,0,71
Quaregnon,2020-04-10,0,71
Quaregnon,2020-04-11,0,71
Quaregnon,2020-04-12,0,71
Quaregnon,2020-04-13,2,73
Quaregnon,2020-04-14,0,73
Quaregnon,2020-04-15,9,82
Quaregnon,2020-04-16,1,83
Quaregnon,2020-04-17,5,88
Quaregnon,2020-04-18,0,88
Quaregnon,2020-04-19,1,89
Quaregnon,2020-04-20,2,91
Quaregnon,2020-04-21,8,99
Quaregnon,2020-04-22,0,99
Quaregnon,2020-04-23,0,99
Quaregnon,2020-04-24,1,100
Quaregnon,2020-04-25,1,101
Quaregnon,2020-04-26,1,102
Quaregnon,2020-04-27,0,102
Quaregnon,2020-04-28,5,107
Quaregnon,2020-04-29,4,111
Quaregnon,2020-04-30,0,111
Quaregnon,2020-05-01,0,111
Quaregnon,2020-05-02,0,111
Quaregnon,2020-05-03,1,112
Quaregnon,2020-05-04,1,113
Quaregnon,2020-05-05,0,113
Quaregnon,2020-05-06,0,113
Quaregnon,2020-05-07,0,113
Quaregnon,2020-05-08,0,113
Quaregnon,2020-05-09,0,113
Quaregnon,2020-05-10,0,113
Quaregnon,2020-05-11,0,113
Quaregnon,2020-05-12,7,120
Quaregnon,2020-05-13,0,120
Quaregnon,2020-05-14,0,120
Quaregnon,2020-05-15,0,120
Quaregnon,2020-05-16,1,121
Quaregnon,2020-05-17,1,122
Quaregnon,2020-05-18,0,122
Quaregnon,2020-05-19,0,122
Quaregnon,2020-05-20,0,122
Quaregnon,2020-05-21,2,124
Quaregnon,2020-05-22,0,124
Quaregnon,2020-05-23,1,125
Quaregnon,2020-05-24,0,125
Quaregnon,2020-05-25,1,126
Quaregnon,2020-05-26,1,127
Quaregnon,2020-05-27,1,128
Quaregnon,2020-05-28,0,128
Quaregnon,2020-05-29,0,128
Quaregnon,2020-05-30,0,128
Quaregnon,2020-05-31,0,128
Quaregnon,2020-06-01,0,128
Quaregnon,2020-06-02,0,128
Quaregnon,2020-06-03,1,129
Quaregnon,2020-06-04,0,129
Quaregnon,2020-06-05,0,129
Quaregnon,2020-06-06,0,129
Quaregnon,2020-06-07,0,129
Quaregnon,2020-06-08,0,129
Quaregnon,2020-06-09,0,129
Quaregnon,2020-06-10,0,129
Quaregnon,2020-06-11,0,129
Quaregnon,2020-06-12,0,129
Quaregnon,2020-06-13,0,129
Quaregnon,2020-06-14,0,129
Quaregnon,2020-06-15,1,130
Quaregnon,2020-06-16,0,130
Quaregnon,2020-06-17,3,133
Quaregnon,2020-06-18,-2,131
Quaregnon,2020-06-19,0,131
Quaregnon,2020-06-20,0,131
Quaregnon,2020-06-23,0,131
Quaregnon,2020-06-24,0,131
Quaregnon,2020-06-25,0,131
Quaregnon,2020-06-26,1,132
Quaregnon,2020-06-27,0,132
Quaregnon,2020-06-30,0,132
Quaregnon,2020-07-01,0,132
Quaregnon,2020-07-02,0,132
Quaregnon,2020-07-03,0,132
Quaregnon,2020-07-04,0,132
Quaregnon,2020-07-07,0,132
Quaregnon,2020-07-08,0,132
Quaregnon,2020-07-09,0,132
Quaregnon,2020-07-10,0,132
Quaregnon,2020-07-11,1,133
Quaregnon,2020-07-14,0,133
Quaregnon,2020-07-15,0,133
Quaregnon,2020-07-16,0,133
Quaregnon,2020-07-17,0,133
Quaregnon,2020-07-18,2,135
Quaregnon,2020-07-20,0,135
Quaregnon,2020-07-21,0,135
Quaregnon,2020-07-22,0,135
Quaregnon,2020-07-23,1,136
Quaregnon,2020-07-24,0,136
Quaregnon,2020-07-25,0,136
Quaregnon,2020-07-26,0,136
Quaregnon,2020-07-27,0,136
Quaregnon,2020-07-28,4,140
Quaregnon,2020-07-29,0,140
Quaregnon,2020-07-30,0,140
Quaregnon,2020-07-31,0,140
Quiévrain,2020-04-01,1,12
Quiévrain,2020-04-02,3,15
Quiévrain,2020-04-03,1,16
Quiévrain,2020-04-04,0,16
Quiévrain,2020-04-05,0,16
Quiévrain,2020-04-06,0,16
Quiévrain,2020-04-07,0,16
Quiévrain,2020-04-08,0,16
Quiévrain,2020-04-09,1,17
Quiévrain,2020-04-10,0,17
Quiévrain,2020-04-11,0,17
Quiévrain,2020-04-12,0,17
Quiévrain,2020-04-13,0,17
Quiévrain,2020-04-14,0,17
Quiévrain,2020-04-15,4,21
Quiévrain,2020-04-16,0,21
Quiévrain,2020-04-17,0,21
Quiévrain,2020-04-18,0,21
Quiévrain,2020-04-19,0,21
Quiévrain,2020-04-20,1,22
Quiévrain,2020-04-21,1,23
Quiévrain,2020-04-22,0,23
Quiévrain,2020-04-23,0,23
Quiévrain,2020-04-24,3,26
Quiévrain,2020-04-25,1,27
Quiévrain,2020-04-26,0,27
Quiévrain,2020-04-27,0,27
Quiévrain,2020-04-28,3,30
Quiévrain,2020-04-29,0,30
Quiévrain,2020-04-30,0,30
Quiévrain,2020-05-01,1,31
Quiévrain,2020-05-02,0,31
Quiévrain,2020-05-03,0,31
Quiévrain,2020-05-04,1,32
Quiévrain,2020-05-05,0,32
Quiévrain,2020-05-06,0,32
Quiévrain,2020-05-07,1,33
Quiévrain,2020-05-08,0,33
Quiévrain,2020-05-09,1,34
Quiévrain,2020-05-10,0,34
Quiévrain,2020-05-11,2,36
Quiévrain,2020-05-12,0,36
Quiévrain,2020-05-13,1,37
Quiévrain,2020-05-14,0,37
Quiévrain,2020-05-15,0,37
Quiévrain,2020-05-16,0,37
Quiévrain,2020-05-17,0,37
Quiévrain,2020-05-18,0,37
Quiévrain,2020-05-19,0,37
Quiévrain,2020-05-20,0,37
Quiévrain,2020-05-21,0,37
Quiévrain,2020-05-22,0,37
Quiévrain,2020-05-23,0,37
Quiévrain,2020-05-24,0,37
Quiévrain,2020-05-25,0,37
Quiévrain,2020-05-26,0,37
Quiévrain,2020-05-27,0,37
Quiévrain,2020-05-28,0,37
Quiévrain,2020-05-29,0,37
Quiévrain,2020-05-30,0,37
Quiévrain,2020-05-31,1,38
Quiévrain,2020-06-01,0,38
Quiévrain,2020-06-02,0,38
Quiévrain,2020-06-03,0,38
Quiévrain,2020-06-04,0,38
Quiévrain,2020-06-05,0,38
Quiévrain,2020-06-06,0,38
Quiévrain,2020-06-07,0,38
Quiévrain,2020-06-08,0,38
Quiévrain,2020-06-09,0,38
Quiévrain,2020-06-10,0,38
Quiévrain,2020-06-11,0,38
Quiévrain,2020-06-12,0,38
Quiévrain,2020-06-13,0,38
Quiévrain,2020-06-14,0,38
Quiévrain,2020-06-15,0,38
Quiévrain,2020-06-16,0,38
Quiévrain,2020-06-17,0,38
Quiévrain,2020-06-18,0,38
Quiévrain,2020-06-19,0,38
Quiévrain,2020-06-20,0,38
Quiévrain,2020-06-23,0,38
Quiévrain,2020-06-24,0,38
Quiévrain,2020-06-25,0,38
Quiévrain,2020-06-26,0,38
Quiévrain,2020-06-27,0,38
Quiévrain,2020-06-30,1,39
Quiévrain,2020-07-01,0,39
Quiévrain,2020-07-02,0,39
Quiévrain,2020-07-03,0,39
Quiévrain,2020-07-04,0,39
Quiévrain,2020-07-07,0,39
Quiévrain,2020-07-08,0,39
Quiévrain,2020-07-09,0,39
Quiévrain,2020-07-10,0,39
Quiévrain,2020-07-11,0,39
Quiévrain,2020-07-14,0,39
Quiévrain,2020-07-15,0,39
Quiévrain,2020-07-16,0,39
Quiévrain,2020-07-17,0,39
Quiévrain,2020-07-18,0,39
Quiévrain,2020-07-20,0,39
Quiévrain,2020-07-21,0,39
Quiévrain,2020-07-22,0,39
Quiévrain,2020-07-23,0,39
Quiévrain,2020-07-24,0,39
Quiévrain,2020-07-25,1,40
Quiévrain,2020-07-26,0,40
Quiévrain,2020-07-27,0,40
Quiévrain,2020-07-28,0,40
Quiévrain,2020-07-29,0,40
Quiévrain,2020-07-30,0,40
Quiévrain,2020-07-31,0,40
Saint-Ghislain,2020-04-01,7,47
Saint-Ghislain,2020-04-02,8,55
Saint-Ghislain,2020-04-03,4,59
Saint-Ghislain,2020-04-04,3,62
Saint-Ghislain,2020-04-05,2,64
Saint-Ghislain,2020-04-06,2,66
Saint-Ghislain,2020-04-07,2,68
Saint-Ghislain,2020-04-08,7,75
Saint-Ghislain,2020-04-09,0,75
Saint-Ghislain,2020-04-10,2,77
Saint-Ghislain,2020-04-11,2,79
Saint-Ghislain,2020-04-12,0,79
Saint-Ghislain,2020-04-13,0,79
Saint-Ghislain,2020-04-14,0,79
Saint-Ghislain,2020-04-15,1,80
Saint-Ghislain,2020-04-16,0,80
Saint-Ghislain,2020-04-17,2,82
Saint-Ghislain,2020-04-18,0,82
Saint-Ghislain,2020-04-19,13,95
Saint-Ghislain,2020-04-20,11,106
Saint-Ghislain,2020-04-21,6,112
Saint-Ghislain,2020-04-22,2,114
Saint-Ghislain,2020-04-23,1,115
Saint-Ghislain,2020-04-24,0,115
Saint-Ghislain,2020-04-25,2,117
Saint-Ghislain,2020-04-26,2,119
Saint-Ghislain,2020-04-27,1,120
Saint-Ghislain,2020-04-28,1,121
Saint-Ghislain,2020-04-29,3,124
Saint-Ghislain,2020-04-30,0,124
Saint-Ghislain,2020-05-01,0,124
Saint-Ghislain,2020-05-02,0,124
Saint-Ghislain,2020-05-03,0,124
Saint-Ghislain,2020-05-04,0,124
Saint-Ghislain,2020-05-05,1,125
Saint-Ghislain,2020-05-06,0,125
Saint-Ghislain,2020-05-07,0,125
Saint-Ghislain,2020-05-08,0,125
Saint-Ghislain,2020-05-09,1,126
Saint-Ghislain,2020-05-10,1,127
Saint-Ghislain,2020-05-11,0,127
Saint-Ghislain,2020-05-12,0,127
Saint-Ghislain,2020-05-13,0,127
Saint-Ghislain,2020-05-14,0,127
Saint-Ghislain,2020-05-15,0,127
Saint-Ghislain,2020-05-16,1,128
Saint-Ghislain,2020-05-17,0,128
Saint-Ghislain,2020-05-18,0,128
Saint-Ghislain,2020-05-19,0,128
Saint-Ghislain,2020-05-20,0,128
Saint-Ghislain,2020-05-21,0,128
Saint-Ghislain,2020-05-22,0,128
Saint-Ghislain,2020-05-23,1,129
Saint-Ghislain,2020-05-24,2,131
Saint-Ghislain,2020-05-25,0,131
Saint-Ghislain,2020-05-26,1,132
Saint-Ghislain,2020-05-27,0,132
Saint-Ghislain,2020-05-28,0,132
Saint-Ghislain,2020-05-29,1,133
Saint-Ghislain,2020-05-30,0,133
Saint-Ghislain,2020-05-31,0,133
Saint-Ghislain,2020-06-01,0,133
Saint-Ghislain,2020-06-02,0,133
Saint-Ghislain,2020-06-03,0,133
Saint-Ghislain,2020-06-04,0,133
Saint-Ghislain,2020-06-05,0,133
Saint-Ghislain,2020-06-06,1,134
Saint-Ghislain,2020-06-07,1,135
Saint-Ghislain,2020-06-08,0,135
Saint-Ghislain,2020-06-09,0,135
Saint-Ghislain,2020-06-10,0,135
Saint-Ghislain,2020-06-11,0,135
Saint-Ghislain,2020-06-12,0,135
Saint-Ghislain,2020-06-13,0,135
Saint-Ghislain,2020-06-14,0,135
Saint-Ghislain,2020-06-15,0,135
Saint-Ghislain,2020-06-16,0,135
Saint-Ghislain,2020-06-17,0,135
Saint-Ghislain,2020-06-18,1,136
Saint-Ghislain,2020-06-19,0,136
Saint-Ghislain,2020-06-20,0,136
Saint-Ghislain,2020-06-23,0,136
Saint-Ghislain,2020-06-24,1,137
Saint-Ghislain,2020-06-25,0,137
Saint-Ghislain,2020-06-26,0,137
Saint-Ghislain,2020-06-27,0,137
Saint-Ghislain,2020-06-30,1,138
Saint-Ghislain,2020-07-01,0,138
Saint-Ghislain,2020-07-02,0,138
Saint-Ghislain,2020-07-03,0,138
Saint-Ghislain,2020-07-04,0,138
Saint-Ghislain,2020-07-07,1,139
Saint-Ghislain,2020-07-08,0,139
Saint-Ghislain,2020-07-09,0,139
Saint-Ghislain,2020-07-10,0,139
Saint-Ghislain,2020-07-11,0,139
Saint-Ghislain,2020-07-14,0,139
Saint-Ghislain,2020-07-15,1,140
Saint-Ghislain,2020-07-16,0,140
Saint-Ghislain,2020-07-17,0,140
Saint-Ghislain,2020-07-18,0,140
Saint-Ghislain,2020-07-20,0,140
Saint-Ghislain,2020-07-21,0,140
Saint-Ghislain,2020-07-22,0,140
Saint-Ghislain,2020-07-23,0,140
Saint-Ghislain,2020-07-24,0,140
Saint-Ghislain,2020-07-25,0,140
Saint-Ghislain,2020-07-26,0,140
Saint-Ghislain,2020-07-27,1,141
Saint-Ghislain,2020-07-28,0,141
Saint-Ghislain,2020-07-29,0,141
Saint-Ghislain,2020-07-30,0,141
Saint-Ghislain,2020-07-31,0,141
Colfontaine,2020-04-01,2,56
Colfontaine,2020-04-02,3,59
Colfontaine,2020-04-03,5,64
Colfontaine,2020-04-04,2,66
Colfontaine,2020-04-05,4,70
Colfontaine,2020-04-06,1,71
Colfontaine,2020-04-07,1,72
Colfontaine,2020-04-08,5,77
Colfontaine,2020-04-09,0,77
Colfontaine,2020-04-10,0,77
Colfontaine,2020-04-11,1,78
Colfontaine,2020-04-12,2,80
Colfontaine,2020-04-13,0,80
Colfontaine,2020-04-14,0,80
Colfontaine,2020-04-15,2,82
Colfontaine,2020-04-16,0,82
Colfontaine,2020-04-17,2,84
Colfontaine,2020-04-18,0,84
Colfontaine,2020-04-19,5,89
Colfontaine,2020-04-20,3,92
Colfontaine,2020-04-21,6,98
Colfontaine,2020-04-22,1,99
Colfontaine,2020-04-23,1,100
Colfontaine,2020-04-24,1,101
Colfontaine,2020-04-25,0,101
Colfontaine,2020-04-26,2,103
Colfontaine,2020-04-27,0,103
Colfontaine,2020-04-28,3,106
Colfontaine,2020-04-29,2,108
Colfontaine,2020-04-30,2,110
Colfontaine,2020-05-01,2,112
Colfontaine,2020-05-02,1,113
Colfontaine,2020-05-03,1,114
Colfontaine,2020-05-04,4,118
Colfontaine,2020-05-05,0,118
Colfontaine,2020-05-06,0,118
Colfontaine,2020-05-07,0,118
Colfontaine,2020-05-08,0,118
Colfontaine,2020-05-09,2,120
Colfontaine,2020-05-10,0,120
Colfontaine,2020-05-11,1,121
Colfontaine,2020-05-12,0,121
Colfontaine,2020-05-13,1,122
Colfontaine,2020-05-14,0,122
Colfontaine,2020-05-15,0,122
Colfontaine,2020-05-16,0,122
Colfontaine,2020-05-17,1,123
Colfontaine,2020-05-18,2,125
Colfontaine,2020-05-19,0,125
Colfontaine,2020-05-20,1,126
Colfontaine,2020-05-21,1,127
Colfontaine,2020-05-22,0,127
Colfontaine,2020-05-23,0,127
Colfontaine,2020-05-24,0,127
Colfontaine,2020-05-25,0,127
Colfontaine,2020-05-26,2,129
Colfontaine,2020-05-27,0,129
Colfontaine,2020-05-28,0,129
Colfontaine,2020-05-29,0,129
Colfontaine,2020-05-30,0,129
Colfontaine,2020-05-31,0,129
Colfontaine,2020-06-01,0,129
Colfontaine,2020-06-02,0,129
Colfontaine,2020-06-03,0,129
Colfontaine,2020-06-04,0,129
Colfontaine,2020-06-05,0,129
Colfontaine,2020-06-06,0,129
Colfontaine,2020-06-07,0,129
Colfontaine,2020-06-08,0,129
Colfontaine,2020-06-09,0,129
Colfontaine,2020-06-10,0,129
Colfontaine,2020-06-11,0,129
Colfontaine,2020-06-12,0,129
Colfontaine,2020-06-13,0,129
Colfontaine,2020-06-14,0,129
Colfontaine,2020-06-15,0,129
Colfontaine,2020-06-16,0,129
Colfontaine,2020-06-17,0,129
Colfontaine,2020-06-18,0,129
Colfontaine,2020-06-19,0,129
Colfontaine,2020-06-20,0,129
Colfontaine,2020-06-23,0,129
Colfontaine,2020-06-24,0,129
Colfontaine,2020-06-25,0,129
Colfontaine,2020-06-26,0,129
Colfontaine,2020-06-27,0,129
Colfontaine,2020-06-30,0,129
Colfontaine,2020-07-01,0,129
Colfontaine,2020-07-02,0,129
Colfontaine,2020-07-03,0,129
Colfontaine,2020-07-04,0,129
Colfontaine,2020-07-07,0,129
Colfontaine,2020-07-08,0,129
Colfontaine,2020-07-09,0,129
Colfontaine,2020-07-10,0,129
Colfontaine,2020-07-11,0,129
Colfontaine,2020-07-14,0,129
Colfontaine,2020-07-15,0,129
Colfontaine,2020-07-16,1,130
Colfontaine,2020-07-17,1,131
Colfontaine,2020-07-18,0,131
Colfontaine,2020-07-20,0,131
Colfontaine,2020-07-21,0,131
Colfontaine,2020-07-22,0,131
Colfontaine,2020-07-23,1,132
Colfontaine,2020-07-24,0,132
Colfontaine,2020-07-25,0,132
Colfontaine,2020-07-26,0,132
Colfontaine,2020-07-27,0,132
Colfontaine,2020-07-28,0,132
Colfontaine,2020-07-29,0,132
Colfontaine,2020-07-30,0,132
Colfontaine,2020-07-31,0,132
Honnelles,2020-04-01,1,13
Honnelles,2020-04-02,1,14
Honnelles,2020-04-03,3,17
Honnelles,2020-04-04,1,18
Honnelles,2020-04-05,0,18
Honnelles,2020-04-06,0,18
Honnelles,2020-04-07,0,18
Honnelles,2020-04-08,0,18
Honnelles,2020-04-09,0,18
Honnelles,2020-04-10,0,18
Honnelles,2020-04-11,0,18
Honnelles,2020-04-12,0,18
Honnelles,2020-04-13,0,18
Honnelles,2020-04-14,0,18
Honnelles,2020-04-15,4,22
Honnelles,2020-04-16,1,23
Honnelles,2020-04-17,0,23
Honnelles,2020-04-18,0,23
Honnelles,2020-04-19,0,23
Honnelles,2020-04-20,2,25
Honnelles,2020-04-21,0,25
Honnelles,2020-04-22,1,26
Honnelles,2020-04-23,1,27
Honnelles,2020-04-24,0,27
Honnelles,2020-04-25,0,27
Honnelles,2020-04-26,0,27
Honnelles,2020-04-27,0,27
Honnelles,2020-04-28,3,30
Honnelles,2020-04-29,0,30
Honnelles,2020-04-30,0,30
Honnelles,2020-05-01,0,30
Honnelles,2020-05-02,0,30
Honnelles,2020-05-03,0,30
Honnelles,2020-05-04,0,30
Honnelles,2020-05-05,0,30
Honnelles,2020-05-06,0,30
Honnelles,2020-05-07,0,30
Honnelles,2020-05-08,0,30
Honnelles,2020-05-09,0,30
Honnelles,2020-05-10,0,30
Honnelles,2020-05-11,0,30
Honnelles,2020-05-12,0,30
Honnelles,2020-05-13,0,30
Honnelles,2020-05-14,0,30
Honnelles,2020-05-15,0,30
Honnelles,2020-05-16,0,30
Honnelles,2020-05-17,0,30
Honnelles,2020-05-18,0,30
Honnelles,2020-05-19,0,30
Honnelles,2020-05-20,0,30
Honnelles,2020-05-21,0,30
Honnelles,2020-05-22,0,30
Honnelles,2020-05-23,0,30
Honnelles,2020-05-24,0,30
Honnelles,2020-05-25,0,30
Honnelles,2020-05-26,0,30
Honnelles,2020-05-27,0,30
Honnelles,2020-05-28,0,30
Honnelles,2020-05-29,0,30
Honnelles,2020-05-30,0,30
Honnelles,2020-05-31,0,30
Honnelles,2020-06-01,0,30
Honnelles,2020-06-02,0,30
Honnelles,2020-06-03,0,30
Honnelles,2020-06-04,0,30
Honnelles,2020-06-05,0,30
Honnelles,2020-06-06,0,30
Honnelles,2020-06-07,0,30
Honnelles,2020-06-08,0,30
Honnelles,2020-06-09,0,30
Honnelles,2020-06-10,0,30
Honnelles,2020-06-11,0,30
Honnelles,2020-06-12,0,30
Honnelles,2020-06-13,0,30
Honnelles,2020-06-14,0,30
Honnelles,2020-06-15,0,30
Honnelles,2020-06-16,0,30
Honnelles,2020-06-17,0,30
Honnelles,2020-06-18,0,30
Honnelles,2020-06-19,0,30
Honnelles,2020-06-20,0,30
Honnelles,2020-06-23,0,30
Honnelles,2020-06-24,0,30
Honnelles,2020-06-25,0,30
Honnelles,2020-06-26,0,30
Honnelles,2020-06-27,0,30
Honnelles,2020-06-30,0,30
Honnelles,2020-07-01,0,30
Honnelles,2020-07-02,0,30
Honnelles,2020-07-03,0,30
Honnelles,2020-07-04,0,30
Honnelles,2020-07-07,0,30
Honnelles,2020-07-08,0,30
Honnelles,2020-07-09,0,30
Honnelles,2020-07-10,0,30
Honnelles,2020-07-11,0,30
Honnelles,2020-07-14,0,30
Honnelles,2020-07-15,0,30
Honnelles,2020-07-16,0,30
Honnelles,2020-07-17,1,31
Honnelles,2020-07-18,0,31
Honnelles,2020-07-20,0,31
Honnelles,2020-07-21,0,31
Honnelles,2020-07-22,0,31
Honnelles,2020-07-23,0,31
Honnelles,2020-07-24,0,31
Honnelles,2020-07-25,0,31
Honnelles,2020-07-26,0,31
Honnelles,2020-07-27,0,31
Honnelles,2020-07-28,0,31
Honnelles,2020-07-29,0,31
Honnelles,2020-07-30,0,31
Honnelles,2020-07-31,0,31
Quévy,2020-04-01,3,31
Quévy,2020-04-02,2,33
Quévy,2020-04-03,1,34
Quévy,2020-04-04,1,35
Quévy,2020-04-05,1,36
Quévy,2020-04-06,0,36
Quévy,2020-04-07,0,36
Quévy,2020-04-08,3,39
Quévy,2020-04-09,1,40
Quévy,2020-04-10,1,41
Quévy,2020-04-11,0,41
Quévy,2020-04-12,0,41
Quévy,2020-04-13,0,41
Quévy,2020-04-14,0,41
Quévy,2020-04-15,1,42
Quévy,2020-04-16,0,42
Quévy,2020-04-17,1,43
Quévy,2020-04-18,0,43
Quévy,2020-04-19,1,44
Quévy,2020-04-20,5,49
Quévy,2020-04-21,0,49
Quévy,2020-04-22,1,50
Quévy,2020-04-23,0,50
Quévy,2020-04-24,0,50
Quévy,2020-04-25,1,51
Quévy,2020-04-26,1,52
Quévy,2020-04-27,0,52
Quévy,2020-04-28,2,54
Quévy,2020-04-29,1,55
Quévy,2020-04-30,0,55
Quévy,2020-05-01,1,56
Quévy,2020-05-02,0,56
Quévy,2020-05-03,0,56
Quévy,2020-05-04,0,56
Quévy,2020-05-05,0,56
Quévy,2020-05-06,0,56
Quévy,2020-05-07,0,56
Quévy,2020-05-08,0,56
Quévy,2020-05-09,0,56
Quévy,2020-05-10,0,56
Quévy,2020-05-11,3,59
Quévy,2020-05-12,0,59
Quévy,2020-05-13,0,59
Quévy,2020-05-14,0,59
Quévy,2020-05-15,1,60
Quévy,2020-05-16,0,60
Quévy,2020-05-17,1,61
Quévy,2020-05-18,0,61
Quévy,2020-05-19,0,61
Quévy,2020-05-20,0,61
Quévy,2020-05-21,0,61
Quévy,2020-05-22,0,61
Quévy,2020-05-23,0,61
Quévy,2020-05-24,0,61
Quévy,2020-05-25,0,61
Quévy,2020-05-26,2,63
Quévy,2020-05-27,0,63
Quévy,2020-05-28,0,63
Quévy,2020-05-29,0,63
Quévy,2020-05-30,0,63
Quévy,2020-05-31,0,63
Quévy,2020-06-01,0,63
Quévy,2020-06-02,0,63
Quévy,2020-06-03,0,63
Quévy,2020-06-04,0,63
Quévy,2020-06-05,0,63
Quévy,2020-06-06,0,63
Quévy,2020-06-07,0,63
Quévy,2020-06-08,0,63
Quévy,2020-06-09,0,63
Quévy,2020-06-10,0,63
Quévy,2020-06-11,0,63
Quévy,2020-06-12,0,63
Quévy,2020-06-13,0,63
Quévy,2020-06-14,0,63
Quévy,2020-06-15,0,63
Quévy,2020-06-16,0,63
Quévy,2020-06-17,0,63
Quévy,2020-06-18,0,63
Quévy,2020-06-19,0,63
Quévy,2020-06-20,0,63
Quévy,2020-06-23,0,63
Quévy,2020-06-24,0,63
Quévy,2020-06-25,0,63
Quévy,2020-06-26,0,63
Quévy,2020-06-27,0,63
Quévy,2020-06-30,0,63
Quévy,2020-07-01,0,63
Quévy,2020-07-02,0,63
Quévy,2020-07-03,0,63
Quévy,2020-07-04,0,63
Quévy,2020-07-07,0,63
Quévy,2020-07-08,0,63
Quévy,2020-07-09,0,63
Quévy,2020-07-10,0,63
Quévy,2020-07-11,0,63
Quévy,2020-07-14,0,63
Quévy,2020-07-15,0,63
Quévy,2020-07-16,2,65
Quévy,2020-07-17,0,65
Quévy,2020-07-18,0,65
Quévy,2020-07-20,1,66
Quévy,2020-07-21,0,66
Quévy,2020-07-22,0,66
Quévy,2020-07-23,0,66
Quévy,2020-07-24,0,66
Quévy,2020-07-25,0,66
Quévy,2020-07-26,0,66
Quévy,2020-07-27,1,67
Quévy,2020-07-28,0,67
Quévy,2020-07-29,0,67
Quévy,2020-07-30,0,67
Quévy,2020-07-31,0,67
’s Gravenbrakel,2020-04-01,4,15
’s Gravenbrakel,2020-04-02,2,17
’s Gravenbrakel,2020-04-03,1,18
’s Gravenbrakel,2020-04-04,1,19
’s Gravenbrakel,2020-04-05,2,21
’s Gravenbrakel,2020-04-06,1,22
’s Gravenbrakel,2020-04-07,0,22
’s Gravenbrakel,2020-04-08,3,25
’s Gravenbrakel,2020-04-09,0,25
’s Gravenbrakel,2020-04-10,2,27
’s Gravenbrakel,2020-04-11,4,31
’s Gravenbrakel,2020-04-12,0,31
’s Gravenbrakel,2020-04-13,2,33
’s Gravenbrakel,2020-04-14,0,33
’s Gravenbrakel,2020-04-15,1,34
’s Gravenbrakel,2020-04-16,1,35
’s Gravenbrakel,2020-04-17,4,39
’s Gravenbrakel,2020-04-18,0,39
’s Gravenbrakel,2020-04-19,0,39
’s Gravenbrakel,2020-04-20,0,39
’s Gravenbrakel,2020-04-21,0,39
’s Gravenbrakel,2020-04-22,2,41
’s Gravenbrakel,2020-04-23,0,41
’s Gravenbrakel,2020-04-24,3,44
’s Gravenbrakel,2020-04-25,0,44
’s Gravenbrakel,2020-04-26,0,44
’s Gravenbrakel,2020-04-27,1,45
’s Gravenbrakel,2020-04-28,0,45
’s Gravenbrakel,2020-04-29,3,48
’s Gravenbrakel,2020-04-30,0,48
’s Gravenbrakel,2020-05-01,0,48
’s Gravenbrakel,2020-05-02,1,49
’s Gravenbrakel,2020-05-03,0,49
’s Gravenbrakel,2020-05-04,1,50
’s Gravenbrakel,2020-05-05,0,50
’s Gravenbrakel,2020-05-06,0,50
’s Gravenbrakel,2020-05-07,1,51
’s Gravenbrakel,2020-05-08,0,51
’s Gravenbrakel,2020-05-09,1,52
’s Gravenbrakel,2020-05-10,0,52
’s Gravenbrakel,2020-05-11,0,52
’s Gravenbrakel,2020-05-12,0,52
’s Gravenbrakel,2020-05-13,0,52
’s Gravenbrakel,2020-05-14,0,52
’s Gravenbrakel,2020-05-15,1,53
’s Gravenbrakel,2020-05-16,0,53
’s Gravenbrakel,2020-05-17,0,53
’s Gravenbrakel,2020-05-18,0,53
’s Gravenbrakel,2020-05-19,2,55
’s Gravenbrakel,2020-05-20,0,55
’s Gravenbrakel,2020-05-21,1,56
’s Gravenbrakel,2020-05-22,1,57
’s Gravenbrakel,2020-05-23,0,57
’s Gravenbrakel,2020-05-24,0,57
’s Gravenbrakel,2020-05-25,0,57
’s Gravenbrakel,2020-05-26,0,57
’s Gravenbrakel,2020-05-27,0,57
’s Gravenbrakel,2020-05-28,0,57
’s Gravenbrakel,2020-05-29,0,57
’s Gravenbrakel,2020-05-30,0,57
’s Gravenbrakel,2020-05-31,0,57
’s Gravenbrakel,2020-06-01,0,57
’s Gravenbrakel,2020-06-02,1,58
’s Gravenbrakel,2020-06-03,2,60
’s Gravenbrakel,2020-06-04,0,60
’s Gravenbrakel,2020-06-05,0,60
’s Gravenbrakel,2020-06-06,0,60
’s Gravenbrakel,2020-06-07,0,60
’s Gravenbrakel,2020-06-08,0,60
’s Gravenbrakel,2020-06-09,0,60
’s Gravenbrakel,2020-06-10,0,60
’s Gravenbrakel,2020-06-11,0,60
’s Gravenbrakel,2020-06-12,0,60
’s Gravenbrakel,2020-06-13,0,60
’s Gravenbrakel,2020-06-14,0,60
’s Gravenbrakel,2020-06-15,0,60
’s Gravenbrakel,2020-06-16,0,60
’s Gravenbrakel,2020-06-17,1,61
’s Gravenbrakel,2020-06-18,3,64
’s Gravenbrakel,2020-06-19,0,64
’s Gravenbrakel,2020-06-20,1,65
’s Gravenbrakel,2020-06-23,1,66
’s Gravenbrakel,2020-06-24,0,66
’s Gravenbrakel,2020-06-25,0,66
’s Gravenbrakel,2020-06-26,0,66
’s Gravenbrakel,2020-06-27,0,66
’s Gravenbrakel,2020-06-30,0,66
’s Gravenbrakel,2020-07-01,0,66
’s Gravenbrakel,2020-07-02,0,66
’s Gravenbrakel,2020-07-03,0,66
’s Gravenbrakel,2020-07-04,0,66
’s Gravenbrakel,2020-07-07,1,67
’s Gravenbrakel,2020-07-08,0,67
’s Gravenbrakel,2020-07-09,0,67
’s Gravenbrakel,2020-07-10,0,67
’s Gravenbrakel,2020-07-11,0,67
’s Gravenbrakel,2020-07-14,2,69
’s Gravenbrakel,2020-07-15,0,69
’s Gravenbrakel,2020-07-16,0,69
’s Gravenbrakel,2020-07-17,0,69
’s Gravenbrakel,2020-07-18,0,69
’s Gravenbrakel,2020-07-20,0,69
’s Gravenbrakel,2020-07-21,0,69
’s Gravenbrakel,2020-07-22,0,69
’s Gravenbrakel,2020-07-23,0,69
’s Gravenbrakel,2020-07-24,0,69
’s Gravenbrakel,2020-07-25,1,70
’s Gravenbrakel,2020-07-26,2,72
’s Gravenbrakel,2020-07-27,0,72
’s Gravenbrakel,2020-07-28,3,75
’s Gravenbrakel,2020-07-29,1,76
’s Gravenbrakel,2020-07-30,2,78
’s Gravenbrakel,2020-07-31,1,79
Le Roeulx,2020-04-01,1,13
Le Roeulx,2020-04-02,0,13
Le Roeulx,2020-04-03,1,14
Le Roeulx,2020-04-04,1,15
Le Roeulx,2020-04-05,1,16
Le Roeulx,2020-04-06,1,17
Le Roeulx,2020-04-07,2,19
Le Roeulx,2020-04-08,5,24
Le Roeulx,2020-04-09,3,27
Le Roeulx,2020-04-10,5,32
Le Roeulx,2020-04-11,1,33
Le Roeulx,2020-04-12,2,35
Le Roeulx,2020-04-13,0,35
Le Roeulx,2020-04-14,1,36
Le Roeulx,2020-04-15,11,47
Le Roeulx,2020-04-16,0,47
Le Roeulx,2020-04-17,3,50
Le Roeulx,2020-04-18,0,50
Le Roeulx,2020-04-19,0,50
Le Roeulx,2020-04-20,0,50
Le Roeulx,2020-04-21,0,50
Le Roeulx,2020-04-22,17,67
Le Roeulx,2020-04-23,0,67
Le Roeulx,2020-04-24,0,67
Le Roeulx,2020-04-25,0,67
Le Roeulx,2020-04-26,0,67
Le Roeulx,2020-04-27,0,67
Le Roeulx,2020-04-28,0,67
Le Roeulx,2020-04-29,0,67
Le Roeulx,2020-04-30,0,67
Le Roeulx,2020-05-01,0,67
Le Roeulx,2020-05-02,0,67
Le Roeulx,2020-05-03,0,67
Le Roeulx,2020-05-04,0,67
Le Roeulx,2020-05-05,0,67
Le Roeulx,2020-05-06,0,67
Le Roeulx,2020-05-07,0,67
Le Roeulx,2020-05-08,0,67
Le Roeulx,2020-05-09,0,67
Le Roeulx,2020-05-10,0,67
Le Roeulx,2020-05-11,0,67
Le Roeulx,2020-05-12,0,67
Le Roeulx,2020-05-13,0,67
Le Roeulx,2020-05-14,0,67
Le Roeulx,2020-05-15,0,67
Le Roeulx,2020-05-16,0,67
Le Roeulx,2020-05-17,1,68
Le Roeulx,2020-05-18,0,68
Le Roeulx,2020-05-19,1,69
Le Roeulx,2020-05-20,0,69
Le Roeulx,2020-05-21,0,69
Le Roeulx,2020-05-22,0,69
Le Roeulx,2020-05-23,1,70
Le Roeulx,2020-05-24,0,70
Le Roeulx,2020-05-25,0,70
Le Roeulx,2020-05-26,0,70
Le Roeulx,2020-05-27,0,70
Le Roeulx,2020-05-28,0,70
Le Roeulx,2020-05-29,0,70
Le Roeulx,2020-05-30,0,70
Le Roeulx,2020-05-31,2,72
Le Roeulx,2020-06-01,0,72
Le Roeulx,2020-06-02,0,72
Le Roeulx,2020-06-03,0,72
Le Roeulx,2020-06-04,0,72
Le Roeulx,2020-06-05,1,73
Le Roeulx,2020-06-06,0,73
Le Roeulx,2020-06-07,0,73
Le Roeulx,2020-06-08,0,73
Le Roeulx,2020-06-09,0,73
Le Roeulx,2020-06-10,0,73
Le Roeulx,2020-06-11,0,73
Le Roeulx,2020-06-12,0,73
Le Roeulx,2020-06-13,0,73
Le Roeulx,2020-06-14,0,73
Le Roeulx,2020-06-15,0,73
Le Roeulx,2020-06-16,0,73
Le Roeulx,2020-06-17,1,74
Le Roeulx,2020-06-18,1,75
Le Roeulx,2020-06-19,0,75
Le Roeulx,2020-06-20,0,75
Le Roeulx,2020-06-23,0,75
Le Roeulx,2020-06-24,1,76
Le Roeulx,2020-06-25,0,76
Le Roeulx,2020-06-26,0,76
Le Roeulx,2020-06-27,0,76
Le Roeulx,2020-06-30,0,76
Le Roeulx,2020-07-01,0,76
Le Roeulx,2020-07-02,0,76
Le Roeulx,2020-07-03,0,76
Le Roeulx,2020-07-04,0,76
Le Roeulx,2020-07-07,0,76
Le Roeulx,2020-07-08,0,76
Le Roeulx,2020-07-09,0,76
Le Roeulx,2020-07-10,0,76
Le Roeulx,2020-07-11,1,77
Le Roeulx,2020-07-14,0,77
Le Roeulx,2020-07-15,0,77
Le Roeulx,2020-07-16,1,78
Le Roeulx,2020-07-17,0,78
Le Roeulx,2020-07-18,0,78
Le Roeulx,2020-07-20,1,79
Le Roeulx,2020-07-21,0,79
Le Roeulx,2020-07-22,0,79
Le Roeulx,2020-07-23,0,79
Le Roeulx,2020-07-24,0,79
Le Roeulx,2020-07-25,1,80
Le Roeulx,2020-07-26,1,81
Le Roeulx,2020-07-27,0,81
Le Roeulx,2020-07-28,0,81
Le Roeulx,2020-07-29,0,81
Le Roeulx,2020-07-30,0,81
Le Roeulx,2020-07-31,0,81
Zinnik,2020-04-01,5,43
Zinnik,2020-04-02,1,44
Zinnik,2020-04-03,12,56
Zinnik,2020-04-04,2,58
Zinnik,2020-04-05,5,63
Zinnik,2020-04-06,3,66
Zinnik,2020-04-07,2,68
Zinnik,2020-04-08,2,70
Zinnik,2020-04-09,8,78
Zinnik,2020-04-10,6,84
Zinnik,2020-04-11,3,87
Zinnik,2020-04-12,5,92
Zinnik,2020-04-13,5,97
Zinnik,2020-04-14,1,98
Zinnik,2020-04-15,7,105
Zinnik,2020-04-16,3,108
Zinnik,2020-04-17,1,109
Zinnik,2020-04-18,2,111
Zinnik,2020-04-19,10,121
Zinnik,2020-04-20,4,125
Zinnik,2020-04-21,0,125
Zinnik,2020-04-22,1,126
Zinnik,2020-04-23,0,126
Zinnik,2020-04-24,16,142
Zinnik,2020-04-25,11,153
Zinnik,2020-04-26,1,154
Zinnik,2020-04-27,2,156
Zinnik,2020-04-28,0,156
Zinnik,2020-04-29,18,174
Zinnik,2020-04-30,1,175
Zinnik,2020-05-01,0,175
Zinnik,2020-05-02,0,175
Zinnik,2020-05-03,0,175
Zinnik,2020-05-04,1,176
Zinnik,2020-05-05,0,176
Zinnik,2020-05-06,0,176
Zinnik,2020-05-07,0,176
Zinnik,2020-05-08,1,177
Zinnik,2020-05-09,2,179
Zinnik,2020-05-10,1,180
Zinnik,2020-05-11,1,181
Zinnik,2020-05-12,0,181
Zinnik,2020-05-13,0,181
Zinnik,2020-05-14,0,181
Zinnik,2020-05-15,0,181
Zinnik,2020-05-16,1,182
Zinnik,2020-05-17,0,182
Zinnik,2020-05-18,0,182
Zinnik,2020-05-19,0,182
Zinnik,2020-05-20,0,182
Zinnik,2020-05-21,0,182
Zinnik,2020-05-22,1,183
Zinnik,2020-05-23,0,183
Zinnik,2020-05-24,0,183
Zinnik,2020-05-25,0,183
Zinnik,2020-05-26,0,183
Zinnik,2020-05-27,0,183
Zinnik,2020-05-28,1,184
Zinnik,2020-05-29,0,184
Zinnik,2020-05-30,0,184
Zinnik,2020-05-31,1,185
Zinnik,2020-06-01,1,186
Zinnik,2020-06-02,0,186
Zinnik,2020-06-03,0,186
Zinnik,2020-06-04,0,186
Zinnik,2020-06-05,0,186
Zinnik,2020-06-06,0,186
Zinnik,2020-06-07,0,186
Zinnik,2020-06-08,0,186
Zinnik,2020-06-09,0,186
Zinnik,2020-06-10,0,186
Zinnik,2020-06-11,0,186
Zinnik,2020-06-12,0,186
Zinnik,2020-06-13,0,186
Zinnik,2020-06-14,0,186
Zinnik,2020-06-15,0,186
Zinnik,2020-06-16,0,186
Zinnik,2020-06-17,7,193
Zinnik,2020-06-18,-1,192
Zinnik,2020-06-19,0,192
Zinnik,2020-06-20,0,192
Zinnik,2020-06-23,0,192
Zinnik,2020-06-24,0,192
Zinnik,2020-06-25,0,192
Zinnik,2020-06-26,1,193
Zinnik,2020-06-27,0,193
Zinnik,2020-06-30,0,193
Zinnik,2020-07-01,1,194
Zinnik,2020-07-02,0,194
Zinnik,2020-07-03,0,194
Zinnik,2020-07-04,0,194
Zinnik,2020-07-07,0,194
Zinnik,2020-07-08,0,194
Zinnik,2020-07-09,0,194
Zinnik,2020-07-10,0,194
Zinnik,2020-07-11,0,194
Zinnik,2020-07-14,0,194
Zinnik,2020-07-15,0,194
Zinnik,2020-07-16,1,195
Zinnik,2020-07-17,0,195
Zinnik,2020-07-18,1,196
Zinnik,2020-07-20,2,198
Zinnik,2020-07-21,0,198
Zinnik,2020-07-22,0,198
Zinnik,2020-07-23,0,198
Zinnik,2020-07-24,0,198
Zinnik,2020-07-25,1,199
Zinnik,2020-07-26,1,200
Zinnik,2020-07-27,0,200
Zinnik,2020-07-28,0,200
Zinnik,2020-07-29,0,200
Zinnik,2020-07-30,1,201
Zinnik,2020-07-31,1,202
Ecaussinnes,2020-04-01,0,5
Ecaussinnes,2020-04-02,3,8
Ecaussinnes,2020-04-03,1,9
Ecaussinnes,2020-04-04,0,9
Ecaussinnes,2020-04-05,1,10
Ecaussinnes,2020-04-06,1,11
Ecaussinnes,2020-04-07,0,11
Ecaussinnes,2020-04-08,6,17
Ecaussinnes,2020-04-09,0,17
Ecaussinnes,2020-04-10,1,18
Ecaussinnes,2020-04-11,2,20
Ecaussinnes,2020-04-12,0,20
Ecaussinnes,2020-04-13,0,20
Ecaussinnes,2020-04-14,1,21
Ecaussinnes,2020-04-15,3,24
Ecaussinnes,2020-04-16,1,25
Ecaussinnes,2020-04-17,2,27
Ecaussinnes,2020-04-18,2,29
Ecaussinnes,2020-04-19,1,30
Ecaussinnes,2020-04-20,2,32
Ecaussinnes,2020-04-21,0,32
Ecaussinnes,2020-04-22,1,33
Ecaussinnes,2020-04-23,0,33
Ecaussinnes,2020-04-24,1,34
Ecaussinnes,2020-04-25,1,35
Ecaussinnes,2020-04-26,1,36
Ecaussinnes,2020-04-27,0,36
Ecaussinnes,2020-04-28,0,36
Ecaussinnes,2020-04-29,1,37
Ecaussinnes,2020-04-30,0,37
Ecaussinnes,2020-05-01,1,38
Ecaussinnes,2020-05-02,0,38
Ecaussinnes,2020-05-03,0,38
Ecaussinnes,2020-05-04,1,39
Ecaussinnes,2020-05-05,0,39
Ecaussinnes,2020-05-06,0,39
Ecaussinnes,2020-05-07,0,39
Ecaussinnes,2020-05-08,0,39
Ecaussinnes,2020-05-09,0,39
Ecaussinnes,2020-05-10,0,39
Ecaussinnes,2020-05-11,0,39
Ecaussinnes,2020-05-12,0,39
Ecaussinnes,2020-05-13,0,39
Ecaussinnes,2020-05-14,0,39
Ecaussinnes,2020-05-15,0,39
Ecaussinnes,2020-05-16,0,39
Ecaussinnes,2020-05-17,0,39
Ecaussinnes,2020-05-18,0,39
Ecaussinnes,2020-05-19,0,39
Ecaussinnes,2020-05-20,0,39
Ecaussinnes,2020-05-21,0,39
Ecaussinnes,2020-05-22,0,39
Ecaussinnes,2020-05-23,0,39
Ecaussinnes,2020-05-24,0,39
Ecaussinnes,2020-05-25,0,39
Ecaussinnes,2020-05-26,0,39
Ecaussinnes,2020-05-27,0,39
Ecaussinnes,2020-05-28,0,39
Ecaussinnes,2020-05-29,0,39
Ecaussinnes,2020-05-30,0,39
Ecaussinnes,2020-05-31,0,39
Ecaussinnes,2020-06-01,0,39
Ecaussinnes,2020-06-02,0,39
Ecaussinnes,2020-06-03,0,39
Ecaussinnes,2020-06-04,0,39
Ecaussinnes,2020-06-05,0,39
Ecaussinnes,2020-06-06,0,39
Ecaussinnes,2020-06-07,0,39
Ecaussinnes,2020-06-08,0,39
Ecaussinnes,2020-06-09,0,39
Ecaussinnes,2020-06-10,0,39
Ecaussinnes,2020-06-11,1,40
Ecaussinnes,2020-06-12,0,40
Ecaussinnes,2020-06-13,1,41
Ecaussinnes,2020-06-14,0,41
Ecaussinnes,2020-06-15,0,41
Ecaussinnes,2020-06-16,0,41
Ecaussinnes,2020-06-17,0,41
Ecaussinnes,2020-06-18,1,42
Ecaussinnes,2020-06-19,0,42
Ecaussinnes,2020-06-20,0,42
Ecaussinnes,2020-06-23,0,42
Ecaussinnes,2020-06-24,0,42
Ecaussinnes,2020-06-25,0,42
Ecaussinnes,2020-06-26,0,42
Ecaussinnes,2020-06-27,0,42
Ecaussinnes,2020-06-30,0,42
Ecaussinnes,2020-07-01,0,42
Ecaussinnes,2020-07-02,0,42
Ecaussinnes,2020-07-03,0,42
Ecaussinnes,2020-07-04,0,42
Ecaussinnes,2020-07-07,0,42
Ecaussinnes,2020-07-08,0,42
Ecaussinnes,2020-07-09,0,42
Ecaussinnes,2020-07-10,0,42
Ecaussinnes,2020-07-11,0,42
Ecaussinnes,2020-07-14,0,42
Ecaussinnes,2020-07-15,0,42
Ecaussinnes,2020-07-16,0,42
Ecaussinnes,2020-07-17,0,42
Ecaussinnes,2020-07-18,0,42
Ecaussinnes,2020-07-20,0,42
Ecaussinnes,2020-07-21,0,42
Ecaussinnes,2020-07-22,0,42
Ecaussinnes,2020-07-23,0,42
Ecaussinnes,2020-07-24,0,42
Ecaussinnes,2020-07-25,0,42
Ecaussinnes,2020-07-26,0,42
Ecaussinnes,2020-07-27,0,42
Ecaussinnes,2020-07-28,0,42
Ecaussinnes,2020-07-29,0,42
Ecaussinnes,2020-07-30,0,42
Ecaussinnes,2020-07-31,0,42
Seneffe,2020-04-01,5,5
Seneffe,2020-04-02,2,7
Seneffe,2020-04-03,0,7
Seneffe,2020-04-04,1,8
Seneffe,2020-04-05,1,9
Seneffe,2020-04-06,2,11
Seneffe,2020-04-07,0,11
Seneffe,2020-04-08,4,15
Seneffe,2020-04-09,0,15
Seneffe,2020-04-10,1,16
Seneffe,2020-04-11,3,19
Seneffe,2020-04-12,1,20
Seneffe,2020-04-13,0,20
Seneffe,2020-04-14,0,20
Seneffe,2020-04-15,0,20
Seneffe,2020-04-16,1,21
Seneffe,2020-04-17,1,22
Seneffe,2020-04-18,0,22
Seneffe,2020-04-19,0,22
Seneffe,2020-04-20,0,22
Seneffe,2020-04-21,0,22
Seneffe,2020-04-22,1,23
Seneffe,2020-04-23,0,23
Seneffe,2020-04-24,1,24
Seneffe,2020-04-25,1,25
Seneffe,2020-04-26,4,29
Seneffe,2020-04-27,0,29
Seneffe,2020-04-28,0,29
Seneffe,2020-04-29,1,30
Seneffe,2020-04-30,0,30
Seneffe,2020-05-01,0,30
Seneffe,2020-05-02,0,30
Seneffe,2020-05-03,11,41
Seneffe,2020-05-04,0,41
Seneffe,2020-05-05,0,41
Seneffe,2020-05-06,0,41
Seneffe,2020-05-07,0,41
Seneffe,2020-05-08,0,41
Seneffe,2020-05-09,0,41
Seneffe,2020-05-10,0,41
Seneffe,2020-05-11,0,41
Seneffe,2020-05-12,0,41
Seneffe,2020-05-13,0,41
Seneffe,2020-05-14,0,41
Seneffe,2020-05-15,0,41
Seneffe,2020-05-16,0,41
Seneffe,2020-05-17,0,41
Seneffe,2020-05-18,0,41
Seneffe,2020-05-19,0,41
Seneffe,2020-05-20,0,41
Seneffe,2020-05-21,0,41
Seneffe,2020-05-22,0,41
Seneffe,2020-05-23,0,41
Seneffe,2020-05-24,0,41
Seneffe,2020-05-25,0,41
Seneffe,2020-05-26,1,42
Seneffe,2020-05-27,0,42
Seneffe,2020-05-28,0,42
Seneffe,2020-05-29,1,43
Seneffe,2020-05-30,0,43
Seneffe,2020-05-31,0,43
Seneffe,2020-06-01,0,43
Seneffe,2020-06-02,0,43
Seneffe,2020-06-03,0,43
Seneffe,2020-06-04,0,43
Seneffe,2020-06-05,0,43
Seneffe,2020-06-06,0,43
Seneffe,2020-06-07,0,43
Seneffe,2020-06-08,0,43
Seneffe,2020-06-09,1,44
Seneffe,2020-06-10,1,45
Seneffe,2020-06-11,0,45
Seneffe,2020-06-12,0,45
Seneffe,2020-06-13,0,45
Seneffe,2020-06-14,0,45
Seneffe,2020-06-15,0,45
Seneffe,2020-06-16,0,45
Seneffe,2020-06-17,0,45
Seneffe,2020-06-18,0,45
Seneffe,2020-06-19,0,45
Seneffe,2020-06-20,0,45
Seneffe,2020-06-23,0,45
Seneffe,2020-06-24,0,45
Seneffe,2020-06-25,0,45
Seneffe,2020-06-26,0,45
Seneffe,2020-06-27,0,45
Seneffe,2020-06-30,0,45
Seneffe,2020-07-01,0,45
Seneffe,2020-07-02,0,45
Seneffe,2020-07-03,0,45
Seneffe,2020-07-04,0,45
Seneffe,2020-07-07,0,45
Seneffe,2020-07-08,0,45
Seneffe,2020-07-09,0,45
Seneffe,2020-07-10,0,45
Seneffe,2020-07-11,0,45
Seneffe,2020-07-14,0,45
Seneffe,2020-07-15,0,45
Seneffe,2020-07-16,0,45
Seneffe,2020-07-17,0,45
Seneffe,2020-07-18,0,45
Seneffe,2020-07-20,0,45
Seneffe,2020-07-21,0,45
Seneffe,2020-07-22,0,45
Seneffe,2020-07-23,0,45
Seneffe,2020-07-24,0,45
Seneffe,2020-07-25,0,45
Seneffe,2020-07-26,0,45
Seneffe,2020-07-27,0,45
Seneffe,2020-07-28,0,45
Seneffe,2020-07-29,0,45
Seneffe,2020-07-30,0,45
Seneffe,2020-07-31,0,45
Manage,2020-04-01,5,25
Manage,2020-04-02,0,25
Manage,2020-04-03,0,25
Manage,2020-04-04,3,28
Manage,2020-04-05,1,29
Manage,2020-04-06,1,30
Manage,2020-04-07,1,31
Manage,2020-04-08,5,36
Manage,2020-04-09,1,37
Manage,2020-04-10,2,39
Manage,2020-04-11,0,39
Manage,2020-04-12,3,42
Manage,2020-04-13,1,43
Manage,2020-04-14,2,45
Manage,2020-04-15,3,48
Manage,2020-04-16,1,49
Manage,2020-04-17,1,50
Manage,2020-04-18,0,50
Manage,2020-04-19,1,51
Manage,2020-04-20,0,51
Manage,2020-04-21,3,54
Manage,2020-04-22,1,55
Manage,2020-04-23,1,56
Manage,2020-04-24,3,59
Manage,2020-04-25,3,62
Manage,2020-04-26,0,62
Manage,2020-04-27,2,64
Manage,2020-04-28,1,65
Manage,2020-04-29,0,65
Manage,2020-04-30,1,66
Manage,2020-05-01,0,66
Manage,2020-05-02,0,66
Manage,2020-05-03,2,68
Manage,2020-05-04,1,69
Manage,2020-05-05,0,69
Manage,2020-05-06,0,69
Manage,2020-05-07,1,70
Manage,2020-05-08,1,71
Manage,2020-05-09,0,71
Manage,2020-05-10,0,71
Manage,2020-05-11,0,71
Manage,2020-05-12,0,71
Manage,2020-05-13,0,71
Manage,2020-05-14,0,71
Manage,2020-05-15,0,71
Manage,2020-05-16,0,71
Manage,2020-05-17,0,71
Manage,2020-05-18,0,71
Manage,2020-05-19,0,71
Manage,2020-05-20,0,71
Manage,2020-05-21,1,72
Manage,2020-05-22,0,72
Manage,2020-05-23,0,72
Manage,2020-05-24,0,72
Manage,2020-05-25,0,72
Manage,2020-05-26,1,73
Manage,2020-05-27,0,73
Manage,2020-05-28,1,74
Manage,2020-05-29,1,75
Manage,2020-05-30,1,76
Manage,2020-05-31,0,76
Manage,2020-06-01,0,76
Manage,2020-06-02,0,76
Manage,2020-06-03,0,76
Manage,2020-06-04,0,76
Manage,2020-06-05,1,77
Manage,2020-06-06,0,77
Manage,2020-06-07,0,77
Manage,2020-06-08,1,78
Manage,2020-06-09,0,78
Manage,2020-06-10,0,78
Manage,2020-06-11,0,78
Manage,2020-06-12,0,78
Manage,2020-06-13,0,78
Manage,2020-06-14,0,78
Manage,2020-06-15,0,78
Manage,2020-06-16,0,78
Manage,2020-06-17,2,80
Manage,2020-06-18,0,80
Manage,2020-06-19,1,81
Manage,2020-06-20,0,81
Manage,2020-06-23,0,81
Manage,2020-06-24,0,81
Manage,2020-06-25,0,81
Manage,2020-06-26,1,82
Manage,2020-06-27,1,83
Manage,2020-06-30,0,83
Manage,2020-07-01,0,83
Manage,2020-07-02,0,83
Manage,2020-07-03,0,83
Manage,2020-07-04,0,83
Manage,2020-07-07,1,84
Manage,2020-07-08,0,84
Manage,2020-07-09,0,84
Manage,2020-07-10,0,84
Manage,2020-07-11,0,84
Manage,2020-07-14,0,84
Manage,2020-07-15,2,86
Manage,2020-07-16,0,86
Manage,2020-07-17,0,86
Manage,2020-07-18,0,86
Manage,2020-07-20,1,87
Manage,2020-07-21,0,87
Manage,2020-07-22,0,87
Manage,2020-07-23,1,88
Manage,2020-07-24,0,88
Manage,2020-07-25,0,88
Manage,2020-07-26,0,88
Manage,2020-07-27,1,89
Manage,2020-07-28,0,89
Manage,2020-07-29,0,89
Manage,2020-07-30,1,90
Manage,2020-07-31,0,90
Anderlues,2020-04-01,2,8
Anderlues,2020-04-02,0,8
Anderlues,2020-04-03,0,8
Anderlues,2020-04-04,3,11
Anderlues,2020-04-05,0,11
Anderlues,2020-04-06,0,11
Anderlues,2020-04-07,0,11
Anderlues,2020-04-08,2,13
Anderlues,2020-04-09,1,14
Anderlues,2020-04-10,0,14
Anderlues,2020-04-11,2,16
Anderlues,2020-04-12,1,17
Anderlues,2020-04-13,0,17
Anderlues,2020-04-14,2,19
Anderlues,2020-04-15,4,23
Anderlues,2020-04-16,0,23
Anderlues,2020-04-17,0,23
Anderlues,2020-04-18,1,24
Anderlues,2020-04-19,0,24
Anderlues,2020-04-20,0,24
Anderlues,2020-04-21,1,25
Anderlues,2020-04-22,0,25
Anderlues,2020-04-23,0,25
Anderlues,2020-04-24,1,26
Anderlues,2020-04-25,1,27
Anderlues,2020-04-26,1,28
Anderlues,2020-04-27,0,28
Anderlues,2020-04-28,0,28
Anderlues,2020-04-29,0,28
Anderlues,2020-04-30,0,28
Anderlues,2020-05-01,1,29
Anderlues,2020-05-02,1,30
Anderlues,2020-05-03,0,30
Anderlues,2020-05-04,0,30
Anderlues,2020-05-05,2,32
Anderlues,2020-05-06,1,33
Anderlues,2020-05-07,0,33
Anderlues,2020-05-08,0,33
Anderlues,2020-05-09,0,33
Anderlues,2020-05-10,1,34
Anderlues,2020-05-11,0,34
Anderlues,2020-05-12,0,34
Anderlues,2020-05-13,0,34
Anderlues,2020-05-14,0,34
Anderlues,2020-05-15,0,34
Anderlues,2020-05-16,0,34
Anderlues,2020-05-17,0,34
Anderlues,2020-05-18,0,34
Anderlues,2020-05-19,0,34
Anderlues,2020-05-20,0,34
Anderlues,2020-05-21,0,34
Anderlues,2020-05-22,3,37
Anderlues,2020-05-23,1,38
Anderlues,2020-05-24,0,38
Anderlues,2020-05-25,0,38
Anderlues,2020-05-26,0,38
Anderlues,2020-05-27,0,38
Anderlues,2020-05-28,0,38
Anderlues,2020-05-29,2,40
Anderlues,2020-05-30,1,41
Anderlues,2020-05-31,0,41
Anderlues,2020-06-01,0,41
Anderlues,2020-06-02,0,41
Anderlues,2020-06-03,0,41
Anderlues,2020-06-04,0,41
Anderlues,2020-06-05,0,41
Anderlues,2020-06-06,0,41
Anderlues,2020-06-07,0,41
Anderlues,2020-06-08,0,41
Anderlues,2020-06-09,0,41
Anderlues,2020-06-10,1,42
Anderlues,2020-06-11,0,42
Anderlues,2020-06-12,0,42
Anderlues,2020-06-13,0,42
Anderlues,2020-06-14,1,43
Anderlues,2020-06-15,0,43
Anderlues,2020-06-16,0,43
Anderlues,2020-06-17,0,43
Anderlues,2020-06-18,0,43
Anderlues,2020-06-19,0,43
Anderlues,2020-06-20,0,43
Anderlues,2020-06-23,0,43
Anderlues,2020-06-24,0,43
Anderlues,2020-06-25,0,43
Anderlues,2020-06-26,0,43
Anderlues,2020-06-27,0,43
Anderlues,2020-06-30,0,43
Anderlues,2020-07-01,0,43
Anderlues,2020-07-02,0,43
Anderlues,2020-07-03,0,43
Anderlues,2020-07-04,0,43
Anderlues,2020-07-07,1,44
Anderlues,2020-07-08,0,44
Anderlues,2020-07-09,0,44
Anderlues,2020-07-10,0,44
Anderlues,2020-07-11,0,44
Anderlues,2020-07-14,0,44
Anderlues,2020-07-15,1,45
Anderlues,2020-07-16,0,45
Anderlues,2020-07-17,0,45
Anderlues,2020-07-18,1,46
Anderlues,2020-07-20,0,46
Anderlues,2020-07-21,0,46
Anderlues,2020-07-22,0,46
Anderlues,2020-07-23,1,47
Anderlues,2020-07-24,0,47
Anderlues,2020-07-25,0,47
Anderlues,2020-07-26,0,47
Anderlues,2020-07-27,0,47
Anderlues,2020-07-28,0,47
Anderlues,2020-07-29,2,49
Anderlues,2020-07-30,0,49
Anderlues,2020-07-31,0,49
Beaumont,2020-04-01,0,0
Beaumont,2020-04-02,0,0
Beaumont,2020-04-03,0,0
Beaumont,2020-04-04,6,6
Beaumont,2020-04-05,0,6
Beaumont,2020-04-06,1,7
Beaumont,2020-04-07,0,7
Beaumont,2020-04-08,1,8
Beaumont,2020-04-09,0,8
Beaumont,2020-04-10,0,8
Beaumont,2020-04-11,0,8
Beaumont,2020-04-12,0,8
Beaumont,2020-04-13,0,8
Beaumont,2020-04-14,0,8
Beaumont,2020-04-15,2,10
Beaumont,2020-04-16,2,12
Beaumont,2020-04-17,1,13
Beaumont,2020-04-18,0,13
Beaumont,2020-04-19,0,13
Beaumont,2020-04-20,0,13
Beaumont,2020-04-21,0,13
Beaumont,2020-04-22,2,15
Beaumont,2020-04-23,1,16
Beaumont,2020-04-24,1,17
Beaumont,2020-04-25,0,17
Beaumont,2020-04-26,0,17
Beaumont,2020-04-27,1,18
Beaumont,2020-04-28,1,19
Beaumont,2020-04-29,0,19
Beaumont,2020-04-30,0,19
Beaumont,2020-05-01,0,19
Beaumont,2020-05-02,0,19
Beaumont,2020-05-03,0,19
Beaumont,2020-05-04,0,19
Beaumont,2020-05-05,0,19
Beaumont,2020-05-06,0,19
Beaumont,2020-05-07,0,19
Beaumont,2020-05-08,1,20
Beaumont,2020-05-09,0,20
Beaumont,2020-05-10,0,20
Beaumont,2020-05-11,0,20
Beaumont,2020-05-12,0,20
Beaumont,2020-05-13,0,20
Beaumont,2020-05-14,0,20
Beaumont,2020-05-15,0,20
Beaumont,2020-05-16,0,20
Beaumont,2020-05-17,0,20
Beaumont,2020-05-18,2,22
Beaumont,2020-05-19,0,22
Beaumont,2020-05-20,0,22
Beaumont,2020-05-21,0,22
Beaumont,2020-05-22,0,22
Beaumont,2020-05-23,0,22
Beaumont,2020-05-24,0,22
Beaumont,2020-05-25,1,23
Beaumont,2020-05-26,2,25
Beaumont,2020-05-27,0,25
Beaumont,2020-05-28,0,25
Beaumont,2020-05-29,0,25
Beaumont,2020-05-30,0,25
Beaumont,2020-05-31,0,25
Beaumont,2020-06-01,0,25
Beaumont,2020-06-02,0,25
Beaumont,2020-06-03,0,25
Beaumont,2020-06-04,0,25
Beaumont,2020-06-05,0,25
Beaumont,2020-06-06,0,25
Beaumont,2020-06-07,0,25
Beaumont,2020-06-08,0,25
Beaumont,2020-06-09,0,25
Beaumont,2020-06-10,1,26
Beaumont,2020-06-11,0,26
Beaumont,2020-06-12,0,26
Beaumont,2020-06-13,0,26
Beaumont,2020-06-14,0,26
Beaumont,2020-06-15,0,26
Beaumont,2020-06-16,0,26
Beaumont,2020-06-17,0,26
Beaumont,2020-06-18,0,26
Beaumont,2020-06-19,0,26
Beaumont,2020-06-20,0,26
Beaumont,2020-06-23,0,26
Beaumont,2020-06-24,0,26
Beaumont,2020-06-25,1,27
Beaumont,2020-06-26,1,28
Beaumont,2020-06-27,0,28
Beaumont,2020-06-30,0,28
Beaumont,2020-07-01,0,28
Beaumont,2020-07-02,0,28
Beaumont,2020-07-03,0,28
Beaumont,2020-07-04,0,28
Beaumont,2020-07-07,0,28
Beaumont,2020-07-08,0,28
Beaumont,2020-07-09,0,28
Beaumont,2020-07-10,0,28
Beaumont,2020-07-11,0,28
Beaumont,2020-07-14,0,28
Beaumont,2020-07-15,0,28
Beaumont,2020-07-16,0,28
Beaumont,2020-07-17,0,28
Beaumont,2020-07-18,0,28
Beaumont,2020-07-20,0,28
Beaumont,2020-07-21,0,28
Beaumont,2020-07-22,0,28
Beaumont,2020-07-23,0,28
Beaumont,2020-07-24,0,28
Beaumont,2020-07-25,0,28
Beaumont,2020-07-26,0,28
Beaumont,2020-07-27,0,28
Beaumont,2020-07-28,0,28
Beaumont,2020-07-29,1,29
Beaumont,2020-07-30,0,29
Beaumont,2020-07-31,0,29
Chimay,2020-04-01,0,10
Chimay,2020-04-02,2,12
Chimay,2020-04-03,0,12
Chimay,2020-04-04,1,13
Chimay,2020-04-05,0,13
Chimay,2020-04-06,6,19
Chimay,2020-04-07,0,19
Chimay,2020-04-08,1,20
Chimay,2020-04-09,0,20
Chimay,2020-04-10,0,20
Chimay,2020-04-11,0,20
Chimay,2020-04-12,0,20
Chimay,2020-04-13,0,20
Chimay,2020-04-14,0,20
Chimay,2020-04-15,0,20
Chimay,2020-04-16,2,22
Chimay,2020-04-17,0,22
Chimay,2020-04-18,0,22
Chimay,2020-04-19,0,22
Chimay,2020-04-20,0,22
Chimay,2020-04-21,0,22
Chimay,2020-04-22,0,22
Chimay,2020-04-23,0,22
Chimay,2020-04-24,0,22
Chimay,2020-04-25,0,22
Chimay,2020-04-26,0,22
Chimay,2020-04-27,0,22
Chimay,2020-04-28,1,23
Chimay,2020-04-29,0,23
Chimay,2020-04-30,0,23
Chimay,2020-05-01,0,23
Chimay,2020-05-02,1,24
Chimay,2020-05-03,0,24
Chimay,2020-05-04,0,24
Chimay,2020-05-05,0,24
Chimay,2020-05-06,0,24
Chimay,2020-05-07,1,25
Chimay,2020-05-08,0,25
Chimay,2020-05-09,0,25
Chimay,2020-05-10,0,25
Chimay,2020-05-11,0,25
Chimay,2020-05-12,1,26
Chimay,2020-05-13,-1,25
Chimay,2020-05-14,0,25
Chimay,2020-05-15,0,25
Chimay,2020-05-16,0,25
Chimay,2020-05-17,0,25
Chimay,2020-05-18,0,25
Chimay,2020-05-19,0,25
Chimay,2020-05-20,0,25
Chimay,2020-05-21,0,25
Chimay,2020-05-22,0,25
Chimay,2020-05-23,0,25
Chimay,2020-05-24,0,25
Chimay,2020-05-25,0,25
Chimay,2020-05-26,1,26
Chimay,2020-05-27,0,26
Chimay,2020-05-28,0,26
Chimay,2020-05-29,0,26
Chimay,2020-05-30,0,26
Chimay,2020-05-31,0,26
Chimay,2020-06-01,0,26
Chimay,2020-06-02,0,26
Chimay,2020-06-03,0,26
Chimay,2020-06-04,0,26
Chimay,2020-06-05,0,26
Chimay,2020-06-06,0,26
Chimay,2020-06-07,0,26
Chimay,2020-06-08,0,26
Chimay,2020-06-09,0,26
Chimay,2020-06-10,0,26
Chimay,2020-06-11,0,26
Chimay,2020-06-12,0,26
Chimay,2020-06-13,0,26
Chimay,2020-06-14,0,26
Chimay,2020-06-15,0,26
Chimay,2020-06-16,0,26
Chimay,2020-06-17,0,26
Chimay,2020-06-18,0,26
Chimay,2020-06-19,0,26
Chimay,2020-06-20,0,26
Chimay,2020-06-23,0,26
Chimay,2020-06-24,0,26
Chimay,2020-06-25,0,26
Chimay,2020-06-26,0,26
Chimay,2020-06-27,0,26
Chimay,2020-06-30,0,26
Chimay,2020-07-01,0,26
Chimay,2020-07-02,0,26
Chimay,2020-07-03,0,26
Chimay,2020-07-04,0,26
Chimay,2020-07-07,0,26
Chimay,2020-07-08,0,26
Chimay,2020-07-09,0,26
Chimay,2020-07-10,0,26
Chimay,2020-07-11,0,26
Chimay,2020-07-14,0,26
Chimay,2020-07-15,0,26
Chimay,2020-07-16,0,26
Chimay,2020-07-17,0,26
Chimay,2020-07-18,0,26
Chimay,2020-07-20,0,26
Chimay,2020-07-21,0,26
Chimay,2020-07-22,0,26
Chimay,2020-07-23,0,26
Chimay,2020-07-24,0,26
Chimay,2020-07-25,0,26
Chimay,2020-07-26,0,26
Chimay,2020-07-27,0,26
Chimay,2020-07-28,0,26
Chimay,2020-07-29,0,26
Chimay,2020-07-30,0,26
Chimay,2020-07-31,0,26
Erquelinnes,2020-04-01,0,6
Erquelinnes,2020-04-02,1,7
Erquelinnes,2020-04-03,3,10
Erquelinnes,2020-04-04,0,10
Erquelinnes,2020-04-05,0,10
Erquelinnes,2020-04-06,2,12
Erquelinnes,2020-04-07,0,12
Erquelinnes,2020-04-08,1,13
Erquelinnes,2020-04-09,0,13
Erquelinnes,2020-04-10,1,14
Erquelinnes,2020-04-11,0,14
Erquelinnes,2020-04-12,0,14
Erquelinnes,2020-04-13,1,15
Erquelinnes,2020-04-14,0,15
Erquelinnes,2020-04-15,5,20
Erquelinnes,2020-04-16,0,20
Erquelinnes,2020-04-17,3,23
Erquelinnes,2020-04-18,0,23
Erquelinnes,2020-04-19,1,24
Erquelinnes,2020-04-20,0,24
Erquelinnes,2020-04-21,3,27
Erquelinnes,2020-04-22,2,29
Erquelinnes,2020-04-23,0,29
Erquelinnes,2020-04-24,2,31
Erquelinnes,2020-04-25,0,31
Erquelinnes,2020-04-26,0,31
Erquelinnes,2020-04-27,0,31
Erquelinnes,2020-04-28,0,31
Erquelinnes,2020-04-29,0,31
Erquelinnes,2020-04-30,0,31
Erquelinnes,2020-05-01,1,32
Erquelinnes,2020-05-02,1,33
Erquelinnes,2020-05-03,0,33
Erquelinnes,2020-05-04,0,33
Erquelinnes,2020-05-05,0,33
Erquelinnes,2020-05-06,0,33
Erquelinnes,2020-05-07,1,34
Erquelinnes,2020-05-08,1,35
Erquelinnes,2020-05-09,0,35
Erquelinnes,2020-05-10,0,35
Erquelinnes,2020-05-11,0,35
Erquelinnes,2020-05-12,0,35
Erquelinnes,2020-05-13,0,35
Erquelinnes,2020-05-14,0,35
Erquelinnes,2020-05-15,2,37
Erquelinnes,2020-05-16,0,37
Erquelinnes,2020-05-17,1,38
Erquelinnes,2020-05-18,0,38
Erquelinnes,2020-05-19,0,38
Erquelinnes,2020-05-20,0,38
Erquelinnes,2020-05-21,0,38
Erquelinnes,2020-05-22,0,38
Erquelinnes,2020-05-23,0,38
Erquelinnes,2020-05-24,0,38
Erquelinnes,2020-05-25,1,39
Erquelinnes,2020-05-26,1,40
Erquelinnes,2020-05-27,0,40
Erquelinnes,2020-05-28,1,41
Erquelinnes,2020-05-29,0,41
Erquelinnes,2020-05-30,1,42
Erquelinnes,2020-05-31,0,42
Erquelinnes,2020-06-01,0,42
Erquelinnes,2020-06-02,0,42
Erquelinnes,2020-06-03,0,42
Erquelinnes,2020-06-04,0,42
Erquelinnes,2020-06-05,0,42
Erquelinnes,2020-06-06,0,42
Erquelinnes,2020-06-07,0,42
Erquelinnes,2020-06-08,0,42
Erquelinnes,2020-06-09,0,42
Erquelinnes,2020-06-10,0,42
Erquelinnes,2020-06-11,0,42
Erquelinnes,2020-06-12,0,42
Erquelinnes,2020-06-13,0,42
Erquelinnes,2020-06-14,0,42
Erquelinnes,2020-06-15,0,42
Erquelinnes,2020-06-16,0,42
Erquelinnes,2020-06-17,0,42
Erquelinnes,2020-06-18,0,42
Erquelinnes,2020-06-19,0,42
Erquelinnes,2020-06-20,0,42
Erquelinnes,2020-06-23,0,42
Erquelinnes,2020-06-24,0,42
Erquelinnes,2020-06-25,0,42
Erquelinnes,2020-06-26,0,42
Erquelinnes,2020-06-27,0,42
Erquelinnes,2020-06-30,0,42
Erquelinnes,2020-07-01,0,42
Erquelinnes,2020-07-02,0,42
Erquelinnes,2020-07-03,0,42
Erquelinnes,2020-07-04,0,42
Erquelinnes,2020-07-07,0,42
Erquelinnes,2020-07-08,0,42
Erquelinnes,2020-07-09,0,42
Erquelinnes,2020-07-10,0,42
Erquelinnes,2020-07-11,0,42
Erquelinnes,2020-07-14,0,42
Erquelinnes,2020-07-15,0,42
Erquelinnes,2020-07-16,0,42
Erquelinnes,2020-07-17,0,42
Erquelinnes,2020-07-18,0,42
Erquelinnes,2020-07-20,0,42
Erquelinnes,2020-07-21,0,42
Erquelinnes,2020-07-22,0,42
Erquelinnes,2020-07-23,0,42
Erquelinnes,2020-07-24,0,42
Erquelinnes,2020-07-25,0,42
Erquelinnes,2020-07-26,0,42
Erquelinnes,2020-07-27,0,42
Erquelinnes,2020-07-28,0,42
Erquelinnes,2020-07-29,0,42
Erquelinnes,2020-07-30,0,42
Erquelinnes,2020-07-31,0,42
Froidchapelle,2020-04-01,0,0
Froidchapelle,2020-04-02,0,0
Froidchapelle,2020-04-03,0,0
Froidchapelle,2020-04-04,0,0
Froidchapelle,2020-04-05,0,0
Froidchapelle,2020-04-06,0,0
Froidchapelle,2020-04-07,0,0
Froidchapelle,2020-04-08,0,0
Froidchapelle,2020-04-09,0,0
Froidchapelle,2020-04-10,0,0
Froidchapelle,2020-04-11,0,0
Froidchapelle,2020-04-12,0,0
Froidchapelle,2020-04-13,0,0
Froidchapelle,2020-04-14,0,0
Froidchapelle,2020-04-15,0,0
Froidchapelle,2020-04-16,0,0
Froidchapelle,2020-04-17,0,0
Froidchapelle,2020-04-18,0,0
Froidchapelle,2020-04-19,0,0
Froidchapelle,2020-04-20,0,0
Froidchapelle,2020-04-21,0,0
Froidchapelle,2020-04-22,0,0
Froidchapelle,2020-04-23,0,0
Froidchapelle,2020-04-24,0,0
Froidchapelle,2020-04-25,0,0
Froidchapelle,2020-04-26,0,0
Froidchapelle,2020-04-27,0,0
Froidchapelle,2020-04-28,0,0
Froidchapelle,2020-04-29,0,0
Froidchapelle,2020-04-30,0,0
Froidchapelle,2020-05-01,0,0
Froidchapelle,2020-05-02,0,0
Froidchapelle,2020-05-03,0,0
Froidchapelle,2020-05-04,0,0
Froidchapelle,2020-05-05,0,0
Froidchapelle,2020-05-06,0,0
Froidchapelle,2020-05-07,0,0
Froidchapelle,2020-05-08,0,0
Froidchapelle,2020-05-09,0,0
Froidchapelle,2020-05-10,0,0
Froidchapelle,2020-05-11,0,0
Froidchapelle,2020-05-12,0,0
Froidchapelle,2020-05-13,0,0
Froidchapelle,2020-05-14,0,0
Froidchapelle,2020-05-15,0,0
Froidchapelle,2020-05-16,0,0
Froidchapelle,2020-05-17,0,0
Froidchapelle,2020-05-18,0,0
Froidchapelle,2020-05-19,0,0
Froidchapelle,2020-05-20,0,0
Froidchapelle,2020-05-21,0,0
Froidchapelle,2020-05-22,0,0
Froidchapelle,2020-05-23,0,0
Froidchapelle,2020-05-24,0,0
Froidchapelle,2020-05-25,5,5
Froidchapelle,2020-05-26,0,5
Froidchapelle,2020-05-27,0,5
Froidchapelle,2020-05-28,0,5
Froidchapelle,2020-05-29,0,5
Froidchapelle,2020-05-30,0,5
Froidchapelle,2020-05-31,0,5
Froidchapelle,2020-06-01,0,5
Froidchapelle,2020-06-02,0,5
Froidchapelle,2020-06-03,0,5
Froidchapelle,2020-06-04,0,5
Froidchapelle,2020-06-05,0,5
Froidchapelle,2020-06-06,0,5
Froidchapelle,2020-06-07,0,5
Froidchapelle,2020-06-08,0,5
Froidchapelle,2020-06-09,0,5
Froidchapelle,2020-06-10,0,5
Froidchapelle,2020-06-11,0,5
Froidchapelle,2020-06-12,0,5
Froidchapelle,2020-06-13,0,5
Froidchapelle,2020-06-14,0,5
Froidchapelle,2020-06-15,0,5
Froidchapelle,2020-06-16,0,5
Froidchapelle,2020-06-17,0,5
Froidchapelle,2020-06-18,0,5
Froidchapelle,2020-06-19,0,5
Froidchapelle,2020-06-20,0,5
Froidchapelle,2020-06-23,0,5
Froidchapelle,2020-06-24,0,5
Froidchapelle,2020-06-25,0,5
Froidchapelle,2020-06-26,0,5
Froidchapelle,2020-06-27,0,5
Froidchapelle,2020-06-30,0,5
Froidchapelle,2020-07-01,0,5
Froidchapelle,2020-07-02,0,5
Froidchapelle,2020-07-03,1,6
Froidchapelle,2020-07-04,0,6
Froidchapelle,2020-07-07,0,6
Froidchapelle,2020-07-08,0,6
Froidchapelle,2020-07-09,0,6
Froidchapelle,2020-07-10,0,6
Froidchapelle,2020-07-11,0,6
Froidchapelle,2020-07-14,0,6
Froidchapelle,2020-07-15,0,6
Froidchapelle,2020-07-16,0,6
Froidchapelle,2020-07-17,0,6
Froidchapelle,2020-07-18,0,6
Froidchapelle,2020-07-20,0,6
Froidchapelle,2020-07-21,0,6
Froidchapelle,2020-07-22,0,6
Froidchapelle,2020-07-23,0,6
Froidchapelle,2020-07-24,0,6
Froidchapelle,2020-07-25,0,6
Froidchapelle,2020-07-26,0,6
Froidchapelle,2020-07-27,0,6
Froidchapelle,2020-07-28,0,6
Froidchapelle,2020-07-29,0,6
Froidchapelle,2020-07-30,0,6
Froidchapelle,2020-07-31,0,6
Lobbes,2020-04-01,1,10
Lobbes,2020-04-02,0,10
Lobbes,2020-04-03,0,10
Lobbes,2020-04-04,2,12
Lobbes,2020-04-05,1,13
Lobbes,2020-04-06,2,15
Lobbes,2020-04-07,1,16
Lobbes,2020-04-08,0,16
Lobbes,2020-04-09,0,16
Lobbes,2020-04-10,0,16
Lobbes,2020-04-11,0,16
Lobbes,2020-04-12,0,16
Lobbes,2020-04-13,0,16
Lobbes,2020-04-14,0,16
Lobbes,2020-04-15,1,17
Lobbes,2020-04-16,0,17
Lobbes,2020-04-17,0,17
Lobbes,2020-04-18,1,18
Lobbes,2020-04-19,0,18
Lobbes,2020-04-20,0,18
Lobbes,2020-04-21,0,18
Lobbes,2020-04-22,3,21
Lobbes,2020-04-23,0,21
Lobbes,2020-04-24,1,22
Lobbes,2020-04-25,0,22
Lobbes,2020-04-26,0,22
Lobbes,2020-04-27,0,22
Lobbes,2020-04-28,0,22
Lobbes,2020-04-29,0,22
Lobbes,2020-04-30,0,22
Lobbes,2020-05-01,0,22
Lobbes,2020-05-02,0,22
Lobbes,2020-05-03,0,22
Lobbes,2020-05-04,0,22
Lobbes,2020-05-05,0,22
Lobbes,2020-05-06,0,22
Lobbes,2020-05-07,0,22
Lobbes,2020-05-08,0,22
Lobbes,2020-05-09,0,22
Lobbes,2020-05-10,0,22
Lobbes,2020-05-11,0,22
Lobbes,2020-05-12,0,22
Lobbes,2020-05-13,0,22
Lobbes,2020-05-14,0,22
Lobbes,2020-05-15,0,22
Lobbes,2020-05-16,0,22
Lobbes,2020-05-17,0,22
Lobbes,2020-05-18,1,23
Lobbes,2020-05-19,0,23
Lobbes,2020-05-20,0,23
Lobbes,2020-05-21,0,23
Lobbes,2020-05-22,0,23
Lobbes,2020-05-23,0,23
Lobbes,2020-05-24,0,23
Lobbes,2020-05-25,0,23
Lobbes,2020-05-26,0,23
Lobbes,2020-05-27,0,23
Lobbes,2020-05-28,0,23
Lobbes,2020-05-29,0,23
Lobbes,2020-05-30,0,23
Lobbes,2020-05-31,0,23
Lobbes,2020-06-01,0,23
Lobbes,2020-06-02,0,23
Lobbes,2020-06-03,0,23
Lobbes,2020-06-04,1,24
Lobbes,2020-06-05,0,24
Lobbes,2020-06-06,0,24
Lobbes,2020-06-07,0,24
Lobbes,2020-06-08,0,24
Lobbes,2020-06-09,0,24
Lobbes,2020-06-10,0,24
Lobbes,2020-06-11,0,24
Lobbes,2020-06-12,0,24
Lobbes,2020-06-13,0,24
Lobbes,2020-06-14,0,24
Lobbes,2020-06-15,0,24
Lobbes,2020-06-16,0,24
Lobbes,2020-06-17,0,24
Lobbes,2020-06-18,0,24
Lobbes,2020-06-19,0,24
Lobbes,2020-06-20,0,24
Lobbes,2020-06-23,1,25
Lobbes,2020-06-24,0,25
Lobbes,2020-06-25,0,25
Lobbes,2020-06-26,0,25
Lobbes,2020-06-27,0,25
Lobbes,2020-06-30,1,26
Lobbes,2020-07-01,0,26
Lobbes,2020-07-02,0,26
Lobbes,2020-07-03,0,26
Lobbes,2020-07-04,0,26
Lobbes,2020-07-07,0,26
Lobbes,2020-07-08,0,26
Lobbes,2020-07-09,0,26
Lobbes,2020-07-10,0,26
Lobbes,2020-07-11,0,26
Lobbes,2020-07-14,0,26
Lobbes,2020-07-15,0,26
Lobbes,2020-07-16,0,26
Lobbes,2020-07-17,0,26
Lobbes,2020-07-18,0,26
Lobbes,2020-07-20,0,26
Lobbes,2020-07-21,0,26
Lobbes,2020-07-22,0,26
Lobbes,2020-07-23,0,26
Lobbes,2020-07-24,0,26
Lobbes,2020-07-25,0,26
Lobbes,2020-07-26,0,26
Lobbes,2020-07-27,0,26
Lobbes,2020-07-28,0,26
Lobbes,2020-07-29,0,26
Lobbes,2020-07-30,0,26
Lobbes,2020-07-31,1,27
Merbes-le-Château,2020-04-01,0,0
Merbes-le-Château,2020-04-02,0,0
Merbes-le-Château,2020-04-03,0,0
Merbes-le-Château,2020-04-04,6,6
Merbes-le-Château,2020-04-05,1,7
Merbes-le-Château,2020-04-06,0,7
Merbes-le-Château,2020-04-07,1,8
Merbes-le-Château,2020-04-08,0,8
Merbes-le-Château,2020-04-09,0,8
Merbes-le-Château,2020-04-10,0,8
Merbes-le-Château,2020-04-11,0,8
Merbes-le-Château,2020-04-12,1,9
Merbes-le-Château,2020-04-13,0,9
Merbes-le-Château,2020-04-14,0,9
Merbes-le-Château,2020-04-15,1,10
Merbes-le-Château,2020-04-16,-1,9
Merbes-le-Château,2020-04-17,1,10
Merbes-le-Château,2020-04-18,0,10
Merbes-le-Château,2020-04-19,0,10
Merbes-le-Château,2020-04-20,0,10
Merbes-le-Château,2020-04-21,0,10
Merbes-le-Château,2020-04-22,1,11
Merbes-le-Château,2020-04-23,0,11
Merbes-le-Château,2020-04-24,0,11
Merbes-le-Château,2020-04-25,0,11
Merbes-le-Château,2020-04-26,0,11
Merbes-le-Château,2020-04-27,0,11
Merbes-le-Château,2020-04-28,0,11
Merbes-le-Château,2020-04-29,0,11
Merbes-le-Château,2020-04-30,1,12
Merbes-le-Château,2020-05-01,0,12
Merbes-le-Château,2020-05-02,0,12
Merbes-le-Château,2020-05-03,0,12
Merbes-le-Château,2020-05-04,0,12
Merbes-le-Château,2020-05-05,0,12
Merbes-le-Château,2020-05-06,0,12
Merbes-le-Château,2020-05-07,1,13
Merbes-le-Château,2020-05-08,0,13
Merbes-le-Château,2020-05-09,0,13
Merbes-le-Château,2020-05-10,0,13
Merbes-le-Château,2020-05-11,0,13
Merbes-le-Château,2020-05-12,0,13
Merbes-le-Château,2020-05-13,0,13
Merbes-le-Château,2020-05-14,0,13
Merbes-le-Château,2020-05-15,0,13
Merbes-le-Château,2020-05-16,0,13
Merbes-le-Château,2020-05-17,0,13
Merbes-le-Château,2020-05-18,0,13
Merbes-le-Château,2020-05-19,0,13
Merbes-le-Château,2020-05-20,0,13
Merbes-le-Château,2020-05-21,0,13
Merbes-le-Château,2020-05-22,0,13
Merbes-le-Château,2020-05-23,0,13
Merbes-le-Château,2020-05-24,0,13
Merbes-le-Château,2020-05-25,0,13
Merbes-le-Château,2020-05-26,0,13
Merbes-le-Château,2020-05-27,0,13
Merbes-le-Château,2020-05-28,0,13
Merbes-le-Château,2020-05-29,0,13
Merbes-le-Château,2020-05-30,0,13
Merbes-le-Château,2020-05-31,0,13
Merbes-le-Château,2020-06-01,0,13
Merbes-le-Château,2020-06-02,0,13
Merbes-le-Château,2020-06-03,0,13
Merbes-le-Château,2020-06-04,0,13
Merbes-le-Château,2020-06-05,0,13
Merbes-le-Château,2020-06-06,0,13
Merbes-le-Château,2020-06-07,0,13
Merbes-le-Château,2020-06-08,0,13
Merbes-le-Château,2020-06-09,0,13
Merbes-le-Château,2020-06-10,0,13
Merbes-le-Château,2020-06-11,0,13
Merbes-le-Château,2020-06-12,1,14
Merbes-le-Château,2020-06-13,0,14
Merbes-le-Château,2020-06-14,0,14
Merbes-le-Château,2020-06-15,0,14
Merbes-le-Château,2020-06-16,0,14
Merbes-le-Château,2020-06-17,0,14
Merbes-le-Château,2020-06-18,0,14
Merbes-le-Château,2020-06-19,0,14
Merbes-le-Château,2020-06-20,0,14
Merbes-le-Château,2020-06-23,0,14
Merbes-le-Château,2020-06-24,0,14
Merbes-le-Château,2020-06-25,0,14
Merbes-le-Château,2020-06-26,0,14
Merbes-le-Château,2020-06-27,0,14
Merbes-le-Château,2020-06-30,0,14
Merbes-le-Château,2020-07-01,0,14
Merbes-le-Château,2020-07-02,0,14
Merbes-le-Château,2020-07-03,0,14
Merbes-le-Château,2020-07-04,0,14
Merbes-le-Château,2020-07-07,0,14
Merbes-le-Château,2020-07-08,0,14
Merbes-le-Château,2020-07-09,0,14
Merbes-le-Château,2020-07-10,0,14
Merbes-le-Château,2020-07-11,0,14
Merbes-le-Château,2020-07-14,0,14
Merbes-le-Château,2020-07-15,0,14
Merbes-le-Château,2020-07-16,0,14
Merbes-le-Château,2020-07-17,0,14
Merbes-le-Château,2020-07-18,0,14
Merbes-le-Château,2020-07-20,0,14
Merbes-le-Château,2020-07-21,0,14
Merbes-le-Château,2020-07-22,0,14
Merbes-le-Château,2020-07-23,0,14
Merbes-le-Château,2020-07-24,0,14
Merbes-le-Château,2020-07-25,0,14
Merbes-le-Château,2020-07-26,0,14
Merbes-le-Château,2020-07-27,0,14
Merbes-le-Château,2020-07-28,0,14
Merbes-le-Château,2020-07-29,0,14
Merbes-le-Château,2020-07-30,0,14
Merbes-le-Château,2020-07-31,0,14
Momignies,2020-04-01,0,6
Momignies,2020-04-02,0,6
Momignies,2020-04-03,0,6
Momignies,2020-04-04,0,6
Momignies,2020-04-05,0,6
Momignies,2020-04-06,0,6
Momignies,2020-04-07,0,6
Momignies,2020-04-08,0,6
Momignies,2020-04-09,0,6
Momignies,2020-04-10,1,7
Momignies,2020-04-11,0,7
Momignies,2020-04-12,1,8
Momignies,2020-04-13,0,8
Momignies,2020-04-14,0,8
Momignies,2020-04-15,0,8
Momignies,2020-04-16,0,8
Momignies,2020-04-17,0,8
Momignies,2020-04-18,0,8
Momignies,2020-04-19,0,8
Momignies,2020-04-20,1,9
Momignies,2020-04-21,0,9
Momignies,2020-04-22,0,9
Momignies,2020-04-23,0,9
Momignies,2020-04-24,0,9
Momignies,2020-04-25,0,9
Momignies,2020-04-26,0,9
Momignies,2020-04-27,0,9
Momignies,2020-04-28,0,9
Momignies,2020-04-29,0,9
Momignies,2020-04-30,0,9
Momignies,2020-05-01,0,9
Momignies,2020-05-02,0,9
Momignies,2020-05-03,0,9
Momignies,2020-05-04,0,9
Momignies,2020-05-05,0,9
Momignies,2020-05-06,0,9
Momignies,2020-05-07,0,9
Momignies,2020-05-08,0,9
Momignies,2020-05-09,0,9
Momignies,2020-05-10,0,9
Momignies,2020-05-11,1,10
Momignies,2020-05-12,0,10
Momignies,2020-05-13,0,10
Momignies,2020-05-14,0,10
Momignies,2020-05-15,0,10
Momignies,2020-05-16,0,10
Momignies,2020-05-17,0,10
Momignies,2020-05-18,0,10
Momignies,2020-05-19,0,10
Momignies,2020-05-20,1,11
Momignies,2020-05-21,0,11
Momignies,2020-05-22,0,11
Momignies,2020-05-23,0,11
Momignies,2020-05-24,0,11
Momignies,2020-05-25,0,11
Momignies,2020-05-26,0,11
Momignies,2020-05-27,0,11
Momignies,2020-05-28,0,11
Momignies,2020-05-29,0,11
Momignies,2020-05-30,0,11
Momignies,2020-05-31,0,11
Momignies,2020-06-01,0,11
Momignies,2020-06-02,0,11
Momignies,2020-06-03,0,11
Momignies,2020-06-04,0,11
Momignies,2020-06-05,0,11
Momignies,2020-06-06,0,11
Momignies,2020-06-07,0,11
Momignies,2020-06-08,0,11
Momignies,2020-06-09,0,11
Momignies,2020-06-10,0,11
Momignies,2020-06-11,0,11
Momignies,2020-06-12,0,11
Momignies,2020-06-13,0,11
Momignies,2020-06-14,0,11
Momignies,2020-06-15,0,11
Momignies,2020-06-16,0,11
Momignies,2020-06-17,0,11
Momignies,2020-06-18,0,11
Momignies,2020-06-19,0,11
Momignies,2020-06-20,0,11
Momignies,2020-06-23,0,11
Momignies,2020-06-24,0,11
Momignies,2020-06-25,0,11
Momignies,2020-06-26,0,11
Momignies,2020-06-27,0,11
Momignies,2020-06-30,0,11
Momignies,2020-07-01,0,11
Momignies,2020-07-02,0,11
Momignies,2020-07-03,0,11
Momignies,2020-07-04,0,11
Momignies,2020-07-07,0,11
Momignies,2020-07-08,0,11
Momignies,2020-07-09,0,11
Momignies,2020-07-10,0,11
Momignies,2020-07-11,0,11
Momignies,2020-07-14,0,11
Momignies,2020-07-15,0,11
Momignies,2020-07-16,0,11
Momignies,2020-07-17,0,11
Momignies,2020-07-18,0,11
Momignies,2020-07-20,0,11
Momignies,2020-07-21,0,11
Momignies,2020-07-22,0,11
Momignies,2020-07-23,0,11
Momignies,2020-07-24,0,11
Momignies,2020-07-25,0,11
Momignies,2020-07-26,0,11
Momignies,2020-07-27,0,11
Momignies,2020-07-28,0,11
Momignies,2020-07-29,0,11
Momignies,2020-07-30,0,11
Momignies,2020-07-31,0,11
Thuin,2020-04-01,0,11
Thuin,2020-04-02,1,12
Thuin,2020-04-03,1,13
Thuin,2020-04-04,1,14
Thuin,2020-04-05,0,14
Thuin,2020-04-06,1,15
Thuin,2020-04-07,2,17
Thuin,2020-04-08,1,18
Thuin,2020-04-09,0,18
Thuin,2020-04-10,0,18
Thuin,2020-04-11,2,20
Thuin,2020-04-12,0,20
Thuin,2020-04-13,0,20
Thuin,2020-04-14,0,20
Thuin,2020-04-15,3,23
Thuin,2020-04-16,-1,22
Thuin,2020-04-17,0,22
Thuin,2020-04-18,0,22
Thuin,2020-04-19,0,22
Thuin,2020-04-20,0,22
Thuin,2020-04-21,2,24
Thuin,2020-04-22,4,28
Thuin,2020-04-23,0,28
Thuin,2020-04-24,0,28
Thuin,2020-04-25,0,28
Thuin,2020-04-26,1,29
Thuin,2020-04-27,0,29
Thuin,2020-04-28,0,29
Thuin,2020-04-29,0,29
Thuin,2020-04-30,0,29
Thuin,2020-05-01,1,30
Thuin,2020-05-02,0,30
Thuin,2020-05-03,0,30
Thuin,2020-05-04,0,30
Thuin,2020-05-05,0,30
Thuin,2020-05-06,0,30
Thuin,2020-05-07,0,30
Thuin,2020-05-08,0,30
Thuin,2020-05-09,0,30
Thuin,2020-05-10,0,30
Thuin,2020-05-11,0,30
Thuin,2020-05-12,0,30
Thuin,2020-05-13,0,30
Thuin,2020-05-14,0,30
Thuin,2020-05-15,0,30
Thuin,2020-05-16,1,31
Thuin,2020-05-17,1,32
Thuin,2020-05-18,0,32
Thuin,2020-05-19,0,32
Thuin,2020-05-20,2,34
Thuin,2020-05-21,0,34
Thuin,2020-05-22,0,34
Thuin,2020-05-23,0,34
Thuin,2020-05-24,1,35
Thuin,2020-05-25,0,35
Thuin,2020-05-26,0,35
Thuin,2020-05-27,0,35
Thuin,2020-05-28,1,36
Thuin,2020-05-29,0,36
Thuin,2020-05-30,1,37
Thuin,2020-05-31,0,37
Thuin,2020-06-01,0,37
Thuin,2020-06-02,0,37
Thuin,2020-06-03,0,37
Thuin,2020-06-04,0,37
Thuin,2020-06-05,0,37
Thuin,2020-06-06,0,37
Thuin,2020-06-07,1,38
Thuin,2020-06-08,0,38
Thuin,2020-06-09,0,38
Thuin,2020-06-10,0,38
Thuin,2020-06-11,0,38
Thuin,2020-06-12,0,38
Thuin,2020-06-13,0,38
Thuin,2020-06-14,1,39
Thuin,2020-06-15,0,39
Thuin,2020-06-16,0,39
Thuin,2020-06-17,0,39
Thuin,2020-06-18,0,39
Thuin,2020-06-19,0,39
Thuin,2020-06-20,0,39
Thuin,2020-06-23,0,39
Thuin,2020-06-24,1,40
Thuin,2020-06-25,0,40
Thuin,2020-06-26,0,40
Thuin,2020-06-27,1,41
Thuin,2020-06-30,1,42
Thuin,2020-07-01,0,42
Thuin,2020-07-02,0,42
Thuin,2020-07-03,0,42
Thuin,2020-07-04,0,42
Thuin,2020-07-07,0,42
Thuin,2020-07-08,0,42
Thuin,2020-07-09,0,42
Thuin,2020-07-10,0,42
Thuin,2020-07-11,0,42
Thuin,2020-07-14,0,42
Thuin,2020-07-15,0,42
Thuin,2020-07-16,0,42
Thuin,2020-07-17,0,42
Thuin,2020-07-18,0,42
Thuin,2020-07-20,0,42
Thuin,2020-07-21,0,42
Thuin,2020-07-22,0,42
Thuin,2020-07-23,0,42
Thuin,2020-07-24,0,42
Thuin,2020-07-25,0,42
Thuin,2020-07-26,0,42
Thuin,2020-07-27,0,42
Thuin,2020-07-28,0,42
Thuin,2020-07-29,0,42
Thuin,2020-07-30,1,43
Thuin,2020-07-31,0,43
Ham-sur-Heure-Nalinnes,2020-04-01,0,0
Ham-sur-Heure-Nalinnes,2020-04-02,0,0
Ham-sur-Heure-Nalinnes,2020-04-03,0,0
Ham-sur-Heure-Nalinnes,2020-04-04,9,9
Ham-sur-Heure-Nalinnes,2020-04-05,0,9
Ham-sur-Heure-Nalinnes,2020-04-06,4,13
Ham-sur-Heure-Nalinnes,2020-04-07,2,15
Ham-sur-Heure-Nalinnes,2020-04-08,1,16
Ham-sur-Heure-Nalinnes,2020-04-09,1,17
Ham-sur-Heure-Nalinnes,2020-04-10,2,19
Ham-sur-Heure-Nalinnes,2020-04-11,0,19
Ham-sur-Heure-Nalinnes,2020-04-12,1,20
Ham-sur-Heure-Nalinnes,2020-04-13,0,20
Ham-sur-Heure-Nalinnes,2020-04-14,0,20
Ham-sur-Heure-Nalinnes,2020-04-15,1,21
Ham-sur-Heure-Nalinnes,2020-04-16,0,21
Ham-sur-Heure-Nalinnes,2020-04-17,0,21
Ham-sur-Heure-Nalinnes,2020-04-18,0,21
Ham-sur-Heure-Nalinnes,2020-04-19,0,21
Ham-sur-Heure-Nalinnes,2020-04-20,0,21
Ham-sur-Heure-Nalinnes,2020-04-21,0,21
Ham-sur-Heure-Nalinnes,2020-04-22,0,21
Ham-sur-Heure-Nalinnes,2020-04-23,1,22
Ham-sur-Heure-Nalinnes,2020-04-24,2,24
Ham-sur-Heure-Nalinnes,2020-04-25,0,24
Ham-sur-Heure-Nalinnes,2020-04-26,3,27
Ham-sur-Heure-Nalinnes,2020-04-27,3,30
Ham-sur-Heure-Nalinnes,2020-04-28,0,30
Ham-sur-Heure-Nalinnes,2020-04-29,0,30
Ham-sur-Heure-Nalinnes,2020-04-30,0,30
Ham-sur-Heure-Nalinnes,2020-05-01,1,31
Ham-sur-Heure-Nalinnes,2020-05-02,2,33
Ham-sur-Heure-Nalinnes,2020-05-03,0,33
Ham-sur-Heure-Nalinnes,2020-05-04,0,33
Ham-sur-Heure-Nalinnes,2020-05-05,0,33
Ham-sur-Heure-Nalinnes,2020-05-06,0,33
Ham-sur-Heure-Nalinnes,2020-05-07,1,34
Ham-sur-Heure-Nalinnes,2020-05-08,0,34
Ham-sur-Heure-Nalinnes,2020-05-09,0,34
Ham-sur-Heure-Nalinnes,2020-05-10,0,34
Ham-sur-Heure-Nalinnes,2020-05-11,0,34
Ham-sur-Heure-Nalinnes,2020-05-12,0,34
Ham-sur-Heure-Nalinnes,2020-05-13,0,34
Ham-sur-Heure-Nalinnes,2020-05-14,1,35
Ham-sur-Heure-Nalinnes,2020-05-15,0,35
Ham-sur-Heure-Nalinnes,2020-05-16,0,35
Ham-sur-Heure-Nalinnes,2020-05-17,0,35
Ham-sur-Heure-Nalinnes,2020-05-18,0,35
Ham-sur-Heure-Nalinnes,2020-05-19,0,35
Ham-sur-Heure-Nalinnes,2020-05-20,0,35
Ham-sur-Heure-Nalinnes,2020-05-21,0,35
Ham-sur-Heure-Nalinnes,2020-05-22,0,35
Ham-sur-Heure-Nalinnes,2020-05-23,0,35
Ham-sur-Heure-Nalinnes,2020-05-24,0,35
Ham-sur-Heure-Nalinnes,2020-05-25,0,35
Ham-sur-Heure-Nalinnes,2020-05-26,1,36
Ham-sur-Heure-Nalinnes,2020-05-27,0,36
Ham-sur-Heure-Nalinnes,2020-05-28,0,36
Ham-sur-Heure-Nalinnes,2020-05-29,0,36
Ham-sur-Heure-Nalinnes,2020-05-30,0,36
Ham-sur-Heure-Nalinnes,2020-05-31,0,36
Ham-sur-Heure-Nalinnes,2020-06-01,0,36
Ham-sur-Heure-Nalinnes,2020-06-02,0,36
Ham-sur-Heure-Nalinnes,2020-06-03,0,36
Ham-sur-Heure-Nalinnes,2020-06-04,0,36
Ham-sur-Heure-Nalinnes,2020-06-05,0,36
Ham-sur-Heure-Nalinnes,2020-06-06,0,36
Ham-sur-Heure-Nalinnes,2020-06-07,0,36
Ham-sur-Heure-Nalinnes,2020-06-08,0,36
Ham-sur-Heure-Nalinnes,2020-06-09,0,36
Ham-sur-Heure-Nalinnes,2020-06-10,0,36
Ham-sur-Heure-Nalinnes,2020-06-11,0,36
Ham-sur-Heure-Nalinnes,2020-06-12,0,36
Ham-sur-Heure-Nalinnes,2020-06-13,0,36
Ham-sur-Heure-Nalinnes,2020-06-14,0,36
Ham-sur-Heure-Nalinnes,2020-06-15,0,36
Ham-sur-Heure-Nalinnes,2020-06-16,0,36
Ham-sur-Heure-Nalinnes,2020-06-17,0,36
Ham-sur-Heure-Nalinnes,2020-06-18,0,36
Ham-sur-Heure-Nalinnes,2020-06-19,0,36
Ham-sur-Heure-Nalinnes,2020-06-20,0,36
Ham-sur-Heure-Nalinnes,2020-06-23,0,36
Ham-sur-Heure-Nalinnes,2020-06-24,0,36
Ham-sur-Heure-Nalinnes,2020-06-25,0,36
Ham-sur-Heure-Nalinnes,2020-06-26,0,36
Ham-sur-Heure-Nalinnes,2020-06-27,0,36
Ham-sur-Heure-Nalinnes,2020-06-30,0,36
Ham-sur-Heure-Nalinnes,2020-07-01,0,36
Ham-sur-Heure-Nalinnes,2020-07-02,0,36
Ham-sur-Heure-Nalinnes,2020-07-03,0,36
Ham-sur-Heure-Nalinnes,2020-07-04,0,36
Ham-sur-Heure-Nalinnes,2020-07-07,0,36
Ham-sur-Heure-Nalinnes,2020-07-08,0,36
Ham-sur-Heure-Nalinnes,2020-07-09,0,36
Ham-sur-Heure-Nalinnes,2020-07-10,0,36
Ham-sur-Heure-Nalinnes,2020-07-11,0,36
Ham-sur-Heure-Nalinnes,2020-07-14,0,36
Ham-sur-Heure-Nalinnes,2020-07-15,0,36
Ham-sur-Heure-Nalinnes,2020-07-16,0,36
Ham-sur-Heure-Nalinnes,2020-07-17,0,36
Ham-sur-Heure-Nalinnes,2020-07-18,0,36
Ham-sur-Heure-Nalinnes,2020-07-20,0,36
Ham-sur-Heure-Nalinnes,2020-07-21,0,36
Ham-sur-Heure-Nalinnes,2020-07-22,0,36
Ham-sur-Heure-Nalinnes,2020-07-23,0,36
Ham-sur-Heure-Nalinnes,2020-07-24,0,36
Ham-sur-Heure-Nalinnes,2020-07-25,2,38
Ham-sur-Heure-Nalinnes,2020-07-26,0,38
Ham-sur-Heure-Nalinnes,2020-07-27,1,39
Ham-sur-Heure-Nalinnes,2020-07-28,1,40
Ham-sur-Heure-Nalinnes,2020-07-29,0,40
Ham-sur-Heure-Nalinnes,2020-07-30,0,40
Ham-sur-Heure-Nalinnes,2020-07-31,0,40
Celles (Doornik),2020-04-01,0,0
Celles (Doornik),2020-04-02,0,0
Celles (Doornik),2020-04-03,0,0
Celles (Doornik),2020-04-04,0,0
Celles (Doornik),2020-04-05,0,0
Celles (Doornik),2020-04-06,0,0
Celles (Doornik),2020-04-07,0,0
Celles (Doornik),2020-04-08,0,0
Celles (Doornik),2020-04-09,0,0
Celles (Doornik),2020-04-10,0,0
Celles (Doornik),2020-04-11,0,0
Celles (Doornik),2020-04-12,5,5
Celles (Doornik),2020-04-13,0,5
Celles (Doornik),2020-04-14,1,6
Celles (Doornik),2020-04-15,0,6
Celles (Doornik),2020-04-16,1,7
Celles (Doornik),2020-04-17,0,7
Celles (Doornik),2020-04-18,0,7
Celles (Doornik),2020-04-19,1,8
Celles (Doornik),2020-04-20,0,8
Celles (Doornik),2020-04-21,0,8
Celles (Doornik),2020-04-22,0,8
Celles (Doornik),2020-04-23,1,9
Celles (Doornik),2020-04-24,1,10
Celles (Doornik),2020-04-25,0,10
Celles (Doornik),2020-04-26,1,11
Celles (Doornik),2020-04-27,0,11
Celles (Doornik),2020-04-28,1,12
Celles (Doornik),2020-04-29,0,12
Celles (Doornik),2020-04-30,0,12
Celles (Doornik),2020-05-01,0,12
Celles (Doornik),2020-05-02,0,12
Celles (Doornik),2020-05-03,0,12
Celles (Doornik),2020-05-04,0,12
Celles (Doornik),2020-05-05,0,12
Celles (Doornik),2020-05-06,0,12
Celles (Doornik),2020-05-07,0,12
Celles (Doornik),2020-05-08,0,12
Celles (Doornik),2020-05-09,0,12
Celles (Doornik),2020-05-10,0,12
Celles (Doornik),2020-05-11,0,12
Celles (Doornik),2020-05-12,0,12
Celles (Doornik),2020-05-13,0,12
Celles (Doornik),2020-05-14,0,12
Celles (Doornik),2020-05-15,0,12
Celles (Doornik),2020-05-16,0,12
Celles (Doornik),2020-05-17,1,13
Celles (Doornik),2020-05-18,0,13
Celles (Doornik),2020-05-19,0,13
Celles (Doornik),2020-05-20,0,13
Celles (Doornik),2020-05-21,0,13
Celles (Doornik),2020-05-22,0,13
Celles (Doornik),2020-05-23,0,13
Celles (Doornik),2020-05-24,0,13
Celles (Doornik),2020-05-25,0,13
Celles (Doornik),2020-05-26,0,13
Celles (Doornik),2020-05-27,0,13
Celles (Doornik),2020-05-28,0,13
Celles (Doornik),2020-05-29,0,13
Celles (Doornik),2020-05-30,1,14
Celles (Doornik),2020-05-31,0,14
Celles (Doornik),2020-06-01,0,14
Celles (Doornik),2020-06-02,0,14
Celles (Doornik),2020-06-03,0,14
Celles (Doornik),2020-06-04,0,14
Celles (Doornik),2020-06-05,0,14
Celles (Doornik),2020-06-06,0,14
Celles (Doornik),2020-06-07,0,14
Celles (Doornik),2020-06-08,0,14
Celles (Doornik),2020-06-09,0,14
Celles (Doornik),2020-06-10,0,14
Celles (Doornik),2020-06-11,0,14
Celles (Doornik),2020-06-12,0,14
Celles (Doornik),2020-06-13,0,14
Celles (Doornik),2020-06-14,0,14
Celles (Doornik),2020-06-15,0,14
Celles (Doornik),2020-06-16,0,14
Celles (Doornik),2020-06-17,0,14
Celles (Doornik),2020-06-18,0,14
Celles (Doornik),2020-06-19,0,14
Celles (Doornik),2020-06-20,0,14
Celles (Doornik),2020-06-23,0,14
Celles (Doornik),2020-06-24,0,14
Celles (Doornik),2020-06-25,0,14
Celles (Doornik),2020-06-26,0,14
Celles (Doornik),2020-06-27,0,14
Celles (Doornik),2020-06-30,0,14
Celles (Doornik),2020-07-01,0,14
Celles (Doornik),2020-07-02,0,14
Celles (Doornik),2020-07-03,0,14
Celles (Doornik),2020-07-04,0,14
Celles (Doornik),2020-07-07,0,14
Celles (Doornik),2020-07-08,0,14
Celles (Doornik),2020-07-09,0,14
Celles (Doornik),2020-07-10,0,14
Celles (Doornik),2020-07-11,0,14
Celles (Doornik),2020-07-14,0,14
Celles (Doornik),2020-07-15,1,15
Celles (Doornik),2020-07-16,0,15
Celles (Doornik),2020-07-17,0,15
Celles (Doornik),2020-07-18,0,15
Celles (Doornik),2020-07-20,0,15
Celles (Doornik),2020-07-21,0,15
Celles (Doornik),2020-07-22,0,15
Celles (Doornik),2020-07-23,0,15
Celles (Doornik),2020-07-24,0,15
Celles (Doornik),2020-07-25,0,15
Celles (Doornik),2020-07-26,0,15
Celles (Doornik),2020-07-27,0,15
Celles (Doornik),2020-07-28,0,15
Celles (Doornik),2020-07-29,0,15
Celles (Doornik),2020-07-30,0,15
Celles (Doornik),2020-07-31,0,15
Estaimpuis,2020-04-01,0,0
Estaimpuis,2020-04-02,0,0
Estaimpuis,2020-04-03,0,0
Estaimpuis,2020-04-04,0,0
Estaimpuis,2020-04-05,5,5
Estaimpuis,2020-04-06,1,6
Estaimpuis,2020-04-07,0,6
Estaimpuis,2020-04-08,0,6
Estaimpuis,2020-04-09,1,7
Estaimpuis,2020-04-10,0,7
Estaimpuis,2020-04-11,1,8
Estaimpuis,2020-04-12,0,8
Estaimpuis,2020-04-13,0,8
Estaimpuis,2020-04-14,0,8
Estaimpuis,2020-04-15,0,8
Estaimpuis,2020-04-16,0,8
Estaimpuis,2020-04-17,2,10
Estaimpuis,2020-04-18,0,10
Estaimpuis,2020-04-19,0,10
Estaimpuis,2020-04-20,0,10
Estaimpuis,2020-04-21,0,10
Estaimpuis,2020-04-22,0,10
Estaimpuis,2020-04-23,0,10
Estaimpuis,2020-04-24,0,10
Estaimpuis,2020-04-25,0,10
Estaimpuis,2020-04-26,0,10
Estaimpuis,2020-04-27,0,10
Estaimpuis,2020-04-28,1,11
Estaimpuis,2020-04-29,0,11
Estaimpuis,2020-04-30,3,14
Estaimpuis,2020-05-01,1,15
Estaimpuis,2020-05-02,0,15
Estaimpuis,2020-05-03,0,15
Estaimpuis,2020-05-04,0,15
Estaimpuis,2020-05-05,0,15
Estaimpuis,2020-05-06,2,17
Estaimpuis,2020-05-07,0,17
Estaimpuis,2020-05-08,1,18
Estaimpuis,2020-05-09,1,19
Estaimpuis,2020-05-10,1,20
Estaimpuis,2020-05-11,1,21
Estaimpuis,2020-05-12,0,21
Estaimpuis,2020-05-13,0,21
Estaimpuis,2020-05-14,0,21
Estaimpuis,2020-05-15,0,21
Estaimpuis,2020-05-16,0,21
Estaimpuis,2020-05-17,0,21
Estaimpuis,2020-05-18,0,21
Estaimpuis,2020-05-19,0,21
Estaimpuis,2020-05-20,0,21
Estaimpuis,2020-05-21,0,21
Estaimpuis,2020-05-22,0,21
Estaimpuis,2020-05-23,1,22
Estaimpuis,2020-05-24,0,22
Estaimpuis,2020-05-25,0,22
Estaimpuis,2020-05-26,0,22
Estaimpuis,2020-05-27,0,22
Estaimpuis,2020-05-28,0,22
Estaimpuis,2020-05-29,0,22
Estaimpuis,2020-05-30,0,22
Estaimpuis,2020-05-31,0,22
Estaimpuis,2020-06-01,0,22
Estaimpuis,2020-06-02,0,22
Estaimpuis,2020-06-03,0,22
Estaimpuis,2020-06-04,1,23
Estaimpuis,2020-06-05,0,23
Estaimpuis,2020-06-06,0,23
Estaimpuis,2020-06-07,0,23
Estaimpuis,2020-06-08,0,23
Estaimpuis,2020-06-09,0,23
Estaimpuis,2020-06-10,0,23
Estaimpuis,2020-06-11,0,23
Estaimpuis,2020-06-12,1,24
Estaimpuis,2020-06-13,1,25
Estaimpuis,2020-06-14,0,25
Estaimpuis,2020-06-15,0,25
Estaimpuis,2020-06-16,1,26
Estaimpuis,2020-06-17,0,26
Estaimpuis,2020-06-18,0,26
Estaimpuis,2020-06-19,1,27
Estaimpuis,2020-06-20,0,27
Estaimpuis,2020-06-23,2,29
Estaimpuis,2020-06-24,1,30
Estaimpuis,2020-06-25,0,30
Estaimpuis,2020-06-26,0,30
Estaimpuis,2020-06-27,16,46
Estaimpuis,2020-06-30,0,46
Estaimpuis,2020-07-01,0,46
Estaimpuis,2020-07-02,0,46
Estaimpuis,2020-07-03,0,46
Estaimpuis,2020-07-04,0,46
Estaimpuis,2020-07-07,1,47
Estaimpuis,2020-07-08,1,48
Estaimpuis,2020-07-09,1,49
Estaimpuis,2020-07-10,0,49
Estaimpuis,2020-07-11,0,49
Estaimpuis,2020-07-14,3,52
Estaimpuis,2020-07-15,0,52
Estaimpuis,2020-07-16,0,52
Estaimpuis,2020-07-17,0,52
Estaimpuis,2020-07-18,0,52
Estaimpuis,2020-07-20,1,53
Estaimpuis,2020-07-21,1,54
Estaimpuis,2020-07-22,0,54
Estaimpuis,2020-07-23,0,54
Estaimpuis,2020-07-24,0,54
Estaimpuis,2020-07-25,0,54
Estaimpuis,2020-07-26,0,54
Estaimpuis,2020-07-27,0,54
Estaimpuis,2020-07-28,0,54
Estaimpuis,2020-07-29,0,54
Estaimpuis,2020-07-30,0,54
Estaimpuis,2020-07-31,0,54
Pecq,2020-04-01,0,0
Pecq,2020-04-02,0,0
Pecq,2020-04-03,0,0
Pecq,2020-04-04,0,0
Pecq,2020-04-05,0,0
Pecq,2020-04-06,0,0
Pecq,2020-04-07,0,0
Pecq,2020-04-08,0,0
Pecq,2020-04-09,0,0
Pecq,2020-04-10,0,0
Pecq,2020-04-11,0,0
Pecq,2020-04-12,0,0
Pecq,2020-04-13,0,0
Pecq,2020-04-14,0,0
Pecq,2020-04-15,6,6
Pecq,2020-04-16,0,6
Pecq,2020-04-17,0,6
Pecq,2020-04-18,0,6
Pecq,2020-04-19,1,7
Pecq,2020-04-20,1,8
Pecq,2020-04-21,0,8
Pecq,2020-04-22,0,8
Pecq,2020-04-23,0,8
Pecq,2020-04-24,1,9
Pecq,2020-04-25,0,9
Pecq,2020-04-26,2,11
Pecq,2020-04-27,0,11
Pecq,2020-04-28,0,11
Pecq,2020-04-29,0,11
Pecq,2020-04-30,0,11
Pecq,2020-05-01,0,11
Pecq,2020-05-02,0,11
Pecq,2020-05-03,1,12
Pecq,2020-05-04,0,12
Pecq,2020-05-05,0,12
Pecq,2020-05-06,0,12
Pecq,2020-05-07,0,12
Pecq,2020-05-08,0,12
Pecq,2020-05-09,3,15
Pecq,2020-05-10,1,16
Pecq,2020-05-11,1,17
Pecq,2020-05-12,0,17
Pecq,2020-05-13,0,17
Pecq,2020-05-14,0,17
Pecq,2020-05-15,0,17
Pecq,2020-05-16,1,18
Pecq,2020-05-17,0,18
Pecq,2020-05-18,1,19
Pecq,2020-05-19,0,19
Pecq,2020-05-20,0,19
Pecq,2020-05-21,0,19
Pecq,2020-05-22,0,19
Pecq,2020-05-23,0,19
Pecq,2020-05-24,0,19
Pecq,2020-05-25,1,20
Pecq,2020-05-26,0,20
Pecq,2020-05-27,0,20
Pecq,2020-05-28,0,20
Pecq,2020-05-29,0,20
Pecq,2020-05-30,0,20
Pecq,2020-05-31,0,20
Pecq,2020-06-01,0,20
Pecq,2020-06-02,0,20
Pecq,2020-06-03,0,20
Pecq,2020-06-04,0,20
Pecq,2020-06-05,0,20
Pecq,2020-06-06,0,20
Pecq,2020-06-07,0,20
Pecq,2020-06-08,0,20
Pecq,2020-06-09,0,20
Pecq,2020-06-10,0,20
Pecq,2020-06-11,0,20
Pecq,2020-06-12,0,20
Pecq,2020-06-13,0,20
Pecq,2020-06-14,0,20
Pecq,2020-06-15,0,20
Pecq,2020-06-16,0,20
Pecq,2020-06-17,0,20
Pecq,2020-06-18,0,20
Pecq,2020-06-19,0,20
Pecq,2020-06-20,0,20
Pecq,2020-06-23,0,20
Pecq,2020-06-24,0,20
Pecq,2020-06-25,1,21
Pecq,2020-06-26,0,21
Pecq,2020-06-27,0,21
Pecq,2020-06-30,0,21
Pecq,2020-07-01,0,21
Pecq,2020-07-02,0,21
Pecq,2020-07-03,1,22
Pecq,2020-07-04,0,22
Pecq,2020-07-07,0,22
Pecq,2020-07-08,0,22
Pecq,2020-07-09,0,22
Pecq,2020-07-10,0,22
Pecq,2020-07-11,0,22
Pecq,2020-07-14,0,22
Pecq,2020-07-15,0,22
Pecq,2020-07-16,0,22
Pecq,2020-07-17,0,22
Pecq,2020-07-18,0,22
Pecq,2020-07-20,0,22
Pecq,2020-07-21,0,22
Pecq,2020-07-22,0,22
Pecq,2020-07-23,0,22
Pecq,2020-07-24,0,22
Pecq,2020-07-25,0,22
Pecq,2020-07-26,0,22
Pecq,2020-07-27,0,22
Pecq,2020-07-28,0,22
Pecq,2020-07-29,0,22
Pecq,2020-07-30,0,22
Pecq,2020-07-31,0,22
Péruwelz,2020-04-01,4,12
Péruwelz,2020-04-02,1,13
Péruwelz,2020-04-03,0,13
Péruwelz,2020-04-04,2,15
Péruwelz,2020-04-05,1,16
Péruwelz,2020-04-06,0,16
Péruwelz,2020-04-07,1,17
Péruwelz,2020-04-08,1,18
Péruwelz,2020-04-09,0,18
Péruwelz,2020-04-10,1,19
Péruwelz,2020-04-11,2,21
Péruwelz,2020-04-12,2,23
Péruwelz,2020-04-13,1,24
Péruwelz,2020-04-14,1,25
Péruwelz,2020-04-15,2,27
Péruwelz,2020-04-16,2,29
Péruwelz,2020-04-17,1,30
Péruwelz,2020-04-18,0,30
Péruwelz,2020-04-19,1,31
Péruwelz,2020-04-20,1,32
Péruwelz,2020-04-21,1,33
Péruwelz,2020-04-22,0,33
Péruwelz,2020-04-23,0,33
Péruwelz,2020-04-24,1,34
Péruwelz,2020-04-25,1,35
Péruwelz,2020-04-26,1,36
Péruwelz,2020-04-27,0,36
Péruwelz,2020-04-28,0,36
Péruwelz,2020-04-29,3,39
Péruwelz,2020-04-30,1,40
Péruwelz,2020-05-01,0,40
Péruwelz,2020-05-02,2,42
Péruwelz,2020-05-03,8,50
Péruwelz,2020-05-04,4,54
Péruwelz,2020-05-05,0,54
Péruwelz,2020-05-06,0,54
Péruwelz,2020-05-07,1,55
Péruwelz,2020-05-08,1,56
Péruwelz,2020-05-09,0,56
Péruwelz,2020-05-10,1,57
Péruwelz,2020-05-11,4,61
Péruwelz,2020-05-12,2,63
Péruwelz,2020-05-13,0,63
Péruwelz,2020-05-14,0,63
Péruwelz,2020-05-15,1,64
Péruwelz,2020-05-16,0,64
Péruwelz,2020-05-17,0,64
Péruwelz,2020-05-18,0,64
Péruwelz,2020-05-19,0,64
Péruwelz,2020-05-20,0,64
Péruwelz,2020-05-21,0,64
Péruwelz,2020-05-22,0,64
Péruwelz,2020-05-23,1,65
Péruwelz,2020-05-24,1,66
Péruwelz,2020-05-25,0,66
Péruwelz,2020-05-26,0,66
Péruwelz,2020-05-27,0,66
Péruwelz,2020-05-28,0,66
Péruwelz,2020-05-29,2,68
Péruwelz,2020-05-30,0,68
Péruwelz,2020-05-31,0,68
Péruwelz,2020-06-01,0,68
Péruwelz,2020-06-02,0,68
Péruwelz,2020-06-03,0,68
Péruwelz,2020-06-04,0,68
Péruwelz,2020-06-05,2,70
Péruwelz,2020-06-06,0,70
Péruwelz,2020-06-07,0,70
Péruwelz,2020-06-08,2,72
Péruwelz,2020-06-09,0,72
Péruwelz,2020-06-10,0,72
Péruwelz,2020-06-11,0,72
Péruwelz,2020-06-12,0,72
Péruwelz,2020-06-13,0,72
Péruwelz,2020-06-14,0,72
Péruwelz,2020-06-15,0,72
Péruwelz,2020-06-16,0,72
Péruwelz,2020-06-17,0,72
Péruwelz,2020-06-18,0,72
Péruwelz,2020-06-19,0,72
Péruwelz,2020-06-20,0,72
Péruwelz,2020-06-23,0,72
Péruwelz,2020-06-24,0,72
Péruwelz,2020-06-25,0,72
Péruwelz,2020-06-26,0,72
Péruwelz,2020-06-27,0,72
Péruwelz,2020-06-30,0,72
Péruwelz,2020-07-01,0,72
Péruwelz,2020-07-02,0,72
Péruwelz,2020-07-03,1,73
Péruwelz,2020-07-04,0,73
Péruwelz,2020-07-07,0,73
Péruwelz,2020-07-08,0,73
Péruwelz,2020-07-09,0,73
Péruwelz,2020-07-10,0,73
Péruwelz,2020-07-11,0,73
Péruwelz,2020-07-14,0,73
Péruwelz,2020-07-15,0,73
Péruwelz,2020-07-16,1,74
Péruwelz,2020-07-17,0,74
Péruwelz,2020-07-18,1,75
Péruwelz,2020-07-20,0,75
Péruwelz,2020-07-21,0,75
Péruwelz,2020-07-22,0,75
Péruwelz,2020-07-23,0,75
Péruwelz,2020-07-24,0,75
Péruwelz,2020-07-25,0,75
Péruwelz,2020-07-26,0,75
Péruwelz,2020-07-27,0,75
Péruwelz,2020-07-28,0,75
Péruwelz,2020-07-29,0,75
Péruwelz,2020-07-30,0,75
Péruwelz,2020-07-31,1,76
Rumes,2020-04-01,0,0
Rumes,2020-04-02,0,0
Rumes,2020-04-03,5,5
Rumes,2020-04-04,0,5
Rumes,2020-04-05,0,5
Rumes,2020-04-06,0,5
Rumes,2020-04-07,0,5
Rumes,2020-04-08,2,7
Rumes,2020-04-09,0,7
Rumes,2020-04-10,0,7
Rumes,2020-04-11,0,7
Rumes,2020-04-12,0,7
Rumes,2020-04-13,0,7
Rumes,2020-04-14,0,7
Rumes,2020-04-15,0,7
Rumes,2020-04-16,0,7
Rumes,2020-04-17,0,7
Rumes,2020-04-18,1,8
Rumes,2020-04-19,1,9
Rumes,2020-04-20,1,10
Rumes,2020-04-21,0,10
Rumes,2020-04-22,0,10
Rumes,2020-04-23,0,10
Rumes,2020-04-24,0,10
Rumes,2020-04-25,0,10
Rumes,2020-04-26,0,10
Rumes,2020-04-27,0,10
Rumes,2020-04-28,1,11
Rumes,2020-04-29,0,11
Rumes,2020-04-30,0,11
Rumes,2020-05-01,0,11
Rumes,2020-05-02,0,11
Rumes,2020-05-03,0,11
Rumes,2020-05-04,0,11
Rumes,2020-05-05,0,11
Rumes,2020-05-06,1,12
Rumes,2020-05-07,0,12
Rumes,2020-05-08,0,12
Rumes,2020-05-09,0,12
Rumes,2020-05-10,0,12
Rumes,2020-05-11,0,12
Rumes,2020-05-12,0,12
Rumes,2020-05-13,0,12
Rumes,2020-05-14,0,12
Rumes,2020-05-15,0,12
Rumes,2020-05-16,0,12
Rumes,2020-05-17,0,12
Rumes,2020-05-18,0,12
Rumes,2020-05-19,0,12
Rumes,2020-05-20,0,12
Rumes,2020-05-21,0,12
Rumes,2020-05-22,0,12
Rumes,2020-05-23,0,12
Rumes,2020-05-24,0,12
Rumes,2020-05-25,2,14
Rumes,2020-05-26,0,14
Rumes,2020-05-27,0,14
Rumes,2020-05-28,0,14
Rumes,2020-05-29,0,14
Rumes,2020-05-30,0,14
Rumes,2020-05-31,0,14
Rumes,2020-06-01,0,14
Rumes,2020-06-02,0,14
Rumes,2020-06-03,0,14
Rumes,2020-06-04,0,14
Rumes,2020-06-05,0,14
Rumes,2020-06-06,0,14
Rumes,2020-06-07,0,14
Rumes,2020-06-08,0,14
Rumes,2020-06-09,0,14
Rumes,2020-06-10,0,14
Rumes,2020-06-11,0,14
Rumes,2020-06-12,0,14
Rumes,2020-06-13,0,14
Rumes,2020-06-14,0,14
Rumes,2020-06-15,0,14
Rumes,2020-06-16,0,14
Rumes,2020-06-17,0,14
Rumes,2020-06-18,0,14
Rumes,2020-06-19,0,14
Rumes,2020-06-20,0,14
Rumes,2020-06-23,0,14
Rumes,2020-06-24,0,14
Rumes,2020-06-25,0,14
Rumes,2020-06-26,0,14
Rumes,2020-06-27,0,14
Rumes,2020-06-30,0,14
Rumes,2020-07-01,0,14
Rumes,2020-07-02,0,14
Rumes,2020-07-03,0,14
Rumes,2020-07-04,0,14
Rumes,2020-07-07,0,14
Rumes,2020-07-08,0,14
Rumes,2020-07-09,0,14
Rumes,2020-07-10,0,14
Rumes,2020-07-11,0,14
Rumes,2020-07-14,0,14
Rumes,2020-07-15,0,14
Rumes,2020-07-16,0,14
Rumes,2020-07-17,0,14
Rumes,2020-07-18,0,14
Rumes,2020-07-20,0,14
Rumes,2020-07-21,0,14
Rumes,2020-07-22,0,14
Rumes,2020-07-23,0,14
Rumes,2020-07-24,0,14
Rumes,2020-07-25,0,14
Rumes,2020-07-26,0,14
Rumes,2020-07-27,0,14
Rumes,2020-07-28,0,14
Rumes,2020-07-29,0,14
Rumes,2020-07-30,0,14
Rumes,2020-07-31,0,14
Doornik,2020-04-01,4,48
Doornik,2020-04-02,6,54
Doornik,2020-04-03,12,66
Doornik,2020-04-04,7,73
Doornik,2020-04-05,9,82
Doornik,2020-04-06,3,85
Doornik,2020-04-07,2,87
Doornik,2020-04-08,7,94
Doornik,2020-04-09,6,100
Doornik,2020-04-10,4,104
Doornik,2020-04-11,0,104
Doornik,2020-04-12,6,110
Doornik,2020-04-13,4,114
Doornik,2020-04-14,2,116
Doornik,2020-04-15,2,118
Doornik,2020-04-16,2,120
Doornik,2020-04-17,4,124
Doornik,2020-04-18,6,130
Doornik,2020-04-19,2,132
Doornik,2020-04-20,4,136
Doornik,2020-04-21,1,137
Doornik,2020-04-22,6,143
Doornik,2020-04-23,5,148
Doornik,2020-04-24,2,150
Doornik,2020-04-25,1,151
Doornik,2020-04-26,11,162
Doornik,2020-04-27,4,166
Doornik,2020-04-28,4,170
Doornik,2020-04-29,9,179
Doornik,2020-04-30,7,186
Doornik,2020-05-01,1,187
Doornik,2020-05-02,2,189
Doornik,2020-05-03,1,190
Doornik,2020-05-04,2,192
Doornik,2020-05-05,0,192
Doornik,2020-05-06,2,194
Doornik,2020-05-07,0,194
Doornik,2020-05-08,5,199
Doornik,2020-05-09,3,202
Doornik,2020-05-10,2,204
Doornik,2020-05-11,1,205
Doornik,2020-05-12,0,205
Doornik,2020-05-13,-1,204
Doornik,2020-05-14,0,204
Doornik,2020-05-15,4,208
Doornik,2020-05-16,3,211
Doornik,2020-05-17,0,211
Doornik,2020-05-18,2,213
Doornik,2020-05-19,1,214
Doornik,2020-05-20,1,215
Doornik,2020-05-21,0,215
Doornik,2020-05-22,1,216
Doornik,2020-05-23,3,219
Doornik,2020-05-24,0,219
Doornik,2020-05-25,1,220
Doornik,2020-05-26,0,220
Doornik,2020-05-27,0,220
Doornik,2020-05-28,0,220
Doornik,2020-05-29,1,221
Doornik,2020-05-30,2,223
Doornik,2020-05-31,0,223
Doornik,2020-06-01,0,223
Doornik,2020-06-02,0,223
Doornik,2020-06-03,0,223
Doornik,2020-06-04,0,223
Doornik,2020-06-05,0,223
Doornik,2020-06-06,4,227
Doornik,2020-06-07,1,228
Doornik,2020-06-08,0,228
Doornik,2020-06-09,0,228
Doornik,2020-06-10,0,228
Doornik,2020-06-11,1,229
Doornik,2020-06-12,0,229
Doornik,2020-06-13,1,230
Doornik,2020-06-14,0,230
Doornik,2020-06-15,0,230
Doornik,2020-06-16,0,230
Doornik,2020-06-17,0,230
Doornik,2020-06-18,0,230
Doornik,2020-06-19,2,232
Doornik,2020-06-20,0,232
Doornik,2020-06-23,1,233
Doornik,2020-06-24,0,233
Doornik,2020-06-25,1,234
Doornik,2020-06-26,1,235
Doornik,2020-06-27,0,235
Doornik,2020-06-30,4,239
Doornik,2020-07-01,0,239
Doornik,2020-07-02,2,241
Doornik,2020-07-03,0,241
Doornik,2020-07-04,2,243
Doornik,2020-07-07,3,246
Doornik,2020-07-08,2,248
Doornik,2020-07-09,2,250
Doornik,2020-07-10,0,250
Doornik,2020-07-11,0,250
Doornik,2020-07-14,2,252
Doornik,2020-07-15,0,252
Doornik,2020-07-16,1,253
Doornik,2020-07-17,0,253
Doornik,2020-07-18,0,253
Doornik,2020-07-20,4,257
Doornik,2020-07-21,0,257
Doornik,2020-07-22,0,257
Doornik,2020-07-23,0,257
Doornik,2020-07-24,0,257
Doornik,2020-07-25,3,260
Doornik,2020-07-26,1,261
Doornik,2020-07-27,0,261
Doornik,2020-07-28,0,261
Doornik,2020-07-29,0,261
Doornik,2020-07-30,1,262
Doornik,2020-07-31,3,265
Leuze-en-Hainaut,2020-04-01,2,10
Leuze-en-Hainaut,2020-04-02,1,11
Leuze-en-Hainaut,2020-04-03,0,11
Leuze-en-Hainaut,2020-04-04,0,11
Leuze-en-Hainaut,2020-04-05,0,11
Leuze-en-Hainaut,2020-04-06,1,12
Leuze-en-Hainaut,2020-04-07,1,13
Leuze-en-Hainaut,2020-04-08,0,13
Leuze-en-Hainaut,2020-04-09,0,13
Leuze-en-Hainaut,2020-04-10,0,13
Leuze-en-Hainaut,2020-04-11,0,13
Leuze-en-Hainaut,2020-04-12,1,14
Leuze-en-Hainaut,2020-04-13,0,14
Leuze-en-Hainaut,2020-04-14,1,15
Leuze-en-Hainaut,2020-04-15,3,18
Leuze-en-Hainaut,2020-04-16,1,19
Leuze-en-Hainaut,2020-04-17,1,20
Leuze-en-Hainaut,2020-04-18,0,20
Leuze-en-Hainaut,2020-04-19,2,22
Leuze-en-Hainaut,2020-04-20,2,24
Leuze-en-Hainaut,2020-04-21,1,25
Leuze-en-Hainaut,2020-04-22,0,25
Leuze-en-Hainaut,2020-04-23,1,26
Leuze-en-Hainaut,2020-04-24,1,27
Leuze-en-Hainaut,2020-04-25,0,27
Leuze-en-Hainaut,2020-04-26,2,29
Leuze-en-Hainaut,2020-04-27,2,31
Leuze-en-Hainaut,2020-04-28,5,36
Leuze-en-Hainaut,2020-04-29,0,36
Leuze-en-Hainaut,2020-04-30,0,36
Leuze-en-Hainaut,2020-05-01,1,37
Leuze-en-Hainaut,2020-05-02,1,38
Leuze-en-Hainaut,2020-05-03,1,39
Leuze-en-Hainaut,2020-05-04,0,39
Leuze-en-Hainaut,2020-05-05,0,39
Leuze-en-Hainaut,2020-05-06,0,39
Leuze-en-Hainaut,2020-05-07,0,39
Leuze-en-Hainaut,2020-05-08,0,39
Leuze-en-Hainaut,2020-05-09,3,42
Leuze-en-Hainaut,2020-05-10,0,42
Leuze-en-Hainaut,2020-05-11,1,43
Leuze-en-Hainaut,2020-05-12,4,47
Leuze-en-Hainaut,2020-05-13,0,47
Leuze-en-Hainaut,2020-05-14,0,47
Leuze-en-Hainaut,2020-05-15,0,47
Leuze-en-Hainaut,2020-05-16,0,47
Leuze-en-Hainaut,2020-05-17,0,47
Leuze-en-Hainaut,2020-05-18,0,47
Leuze-en-Hainaut,2020-05-19,0,47
Leuze-en-Hainaut,2020-05-20,0,47
Leuze-en-Hainaut,2020-05-21,0,47
Leuze-en-Hainaut,2020-05-22,0,47
Leuze-en-Hainaut,2020-05-23,0,47
Leuze-en-Hainaut,2020-05-24,0,47
Leuze-en-Hainaut,2020-05-25,0,47
Leuze-en-Hainaut,2020-05-26,0,47
Leuze-en-Hainaut,2020-05-27,0,47
Leuze-en-Hainaut,2020-05-28,0,47
Leuze-en-Hainaut,2020-05-29,0,47
Leuze-en-Hainaut,2020-05-30,0,47
Leuze-en-Hainaut,2020-05-31,1,48
Leuze-en-Hainaut,2020-06-01,0,48
Leuze-en-Hainaut,2020-06-02,0,48
Leuze-en-Hainaut,2020-06-03,0,48
Leuze-en-Hainaut,2020-06-04,0,48
Leuze-en-Hainaut,2020-06-05,0,48
Leuze-en-Hainaut,2020-06-06,0,48
Leuze-en-Hainaut,2020-06-07,1,49
Leuze-en-Hainaut,2020-06-08,0,49
Leuze-en-Hainaut,2020-06-09,0,49
Leuze-en-Hainaut,2020-06-10,0,49
Leuze-en-Hainaut,2020-06-11,0,49
Leuze-en-Hainaut,2020-06-12,0,49
Leuze-en-Hainaut,2020-06-13,0,49
Leuze-en-Hainaut,2020-06-14,0,49
Leuze-en-Hainaut,2020-06-15,0,49
Leuze-en-Hainaut,2020-06-16,0,49
Leuze-en-Hainaut,2020-06-17,0,49
Leuze-en-Hainaut,2020-06-18,0,49
Leuze-en-Hainaut,2020-06-19,0,49
Leuze-en-Hainaut,2020-06-20,0,49
Leuze-en-Hainaut,2020-06-23,0,49
Leuze-en-Hainaut,2020-06-24,0,49
Leuze-en-Hainaut,2020-06-25,0,49
Leuze-en-Hainaut,2020-06-26,0,49
Leuze-en-Hainaut,2020-06-27,0,49
Leuze-en-Hainaut,2020-06-30,0,49
Leuze-en-Hainaut,2020-07-01,0,49
Leuze-en-Hainaut,2020-07-02,1,50
Leuze-en-Hainaut,2020-07-03,0,50
Leuze-en-Hainaut,2020-07-04,0,50
Leuze-en-Hainaut,2020-07-07,0,50
Leuze-en-Hainaut,2020-07-08,0,50
Leuze-en-Hainaut,2020-07-09,0,50
Leuze-en-Hainaut,2020-07-10,0,50
Leuze-en-Hainaut,2020-07-11,0,50
Leuze-en-Hainaut,2020-07-14,0,50
Leuze-en-Hainaut,2020-07-15,0,50
Leuze-en-Hainaut,2020-07-16,0,50
Leuze-en-Hainaut,2020-07-17,0,50
Leuze-en-Hainaut,2020-07-18,0,50
Leuze-en-Hainaut,2020-07-20,0,50
Leuze-en-Hainaut,2020-07-21,0,50
Leuze-en-Hainaut,2020-07-22,0,50
Leuze-en-Hainaut,2020-07-23,0,50
Leuze-en-Hainaut,2020-07-24,0,50
Leuze-en-Hainaut,2020-07-25,1,51
Leuze-en-Hainaut,2020-07-26,0,51
Leuze-en-Hainaut,2020-07-27,0,51
Leuze-en-Hainaut,2020-07-28,6,57
Leuze-en-Hainaut,2020-07-29,2,59
Leuze-en-Hainaut,2020-07-30,1,60
Leuze-en-Hainaut,2020-07-31,2,62
Moeskroen,2020-04-01,6,48
Moeskroen,2020-04-02,2,50
Moeskroen,2020-04-03,4,54
Moeskroen,2020-04-04,2,56
Moeskroen,2020-04-05,4,60
Moeskroen,2020-04-06,4,64
Moeskroen,2020-04-07,1,65
Moeskroen,2020-04-08,5,70
Moeskroen,2020-04-09,9,79
Moeskroen,2020-04-10,6,85
Moeskroen,2020-04-11,8,93
Moeskroen,2020-04-12,5,98
Moeskroen,2020-04-13,4,102
Moeskroen,2020-04-14,3,105
Moeskroen,2020-04-15,14,119
Moeskroen,2020-04-16,3,122
Moeskroen,2020-04-17,7,129
Moeskroen,2020-04-18,10,139
Moeskroen,2020-04-19,14,153
Moeskroen,2020-04-20,7,160
Moeskroen,2020-04-21,5,165
Moeskroen,2020-04-22,4,169
Moeskroen,2020-04-23,6,175
Moeskroen,2020-04-24,19,194
Moeskroen,2020-04-25,10,204
Moeskroen,2020-04-26,9,213
Moeskroen,2020-04-27,3,216
Moeskroen,2020-04-28,5,221
Moeskroen,2020-04-29,1,222
Moeskroen,2020-04-30,11,233
Moeskroen,2020-05-01,4,237
Moeskroen,2020-05-02,5,242
Moeskroen,2020-05-03,2,244
Moeskroen,2020-05-04,0,244
Moeskroen,2020-05-05,4,248
Moeskroen,2020-05-06,5,253
Moeskroen,2020-05-07,21,274
Moeskroen,2020-05-08,2,276
Moeskroen,2020-05-09,5,281
Moeskroen,2020-05-10,3,284
Moeskroen,2020-05-11,2,286
Moeskroen,2020-05-12,3,289
Moeskroen,2020-05-13,0,289
Moeskroen,2020-05-14,1,290
Moeskroen,2020-05-15,4,294
Moeskroen,2020-05-16,17,311
Moeskroen,2020-05-17,3,314
Moeskroen,2020-05-18,9,323
Moeskroen,2020-05-19,3,326
Moeskroen,2020-05-20,3,329
Moeskroen,2020-05-21,4,333
Moeskroen,2020-05-22,2,335
Moeskroen,2020-05-23,4,339
Moeskroen,2020-05-24,8,347
Moeskroen,2020-05-25,4,351
Moeskroen,2020-05-26,0,351
Moeskroen,2020-05-27,0,351
Moeskroen,2020-05-28,39,390
Moeskroen,2020-05-29,0,390
Moeskroen,2020-05-30,2,392
Moeskroen,2020-05-31,2,394
Moeskroen,2020-06-01,1,395
Moeskroen,2020-06-02,0,395
Moeskroen,2020-06-03,0,395
Moeskroen,2020-06-04,5,400
Moeskroen,2020-06-05,0,400
Moeskroen,2020-06-06,4,404
Moeskroen,2020-06-07,1,405
Moeskroen,2020-06-08,0,405
Moeskroen,2020-06-09,1,406
Moeskroen,2020-06-10,0,406
Moeskroen,2020-06-11,1,407
Moeskroen,2020-06-12,3,410
Moeskroen,2020-06-13,1,411
Moeskroen,2020-06-14,1,412
Moeskroen,2020-06-15,0,412
Moeskroen,2020-06-16,1,413
Moeskroen,2020-06-17,10,423
Moeskroen,2020-06-18,0,423
Moeskroen,2020-06-19,0,423
Moeskroen,2020-06-20,2,425
Moeskroen,2020-06-23,17,442
Moeskroen,2020-06-24,9,451
Moeskroen,2020-06-25,0,451
Moeskroen,2020-06-26,0,451
Moeskroen,2020-06-27,3,454
Moeskroen,2020-06-30,14,468
Moeskroen,2020-07-01,0,468
Moeskroen,2020-07-02,0,468
Moeskroen,2020-07-03,4,472
Moeskroen,2020-07-04,0,472
Moeskroen,2020-07-07,6,478
Moeskroen,2020-07-08,0,478
Moeskroen,2020-07-09,1,479
Moeskroen,2020-07-10,2,481
Moeskroen,2020-07-11,1,482
Moeskroen,2020-07-14,5,487
Moeskroen,2020-07-15,1,488
Moeskroen,2020-07-16,3,491
Moeskroen,2020-07-17,2,493
Moeskroen,2020-07-18,3,496
Moeskroen,2020-07-20,1,497
Moeskroen,2020-07-21,5,502
Moeskroen,2020-07-22,0,502
Moeskroen,2020-07-23,2,504
Moeskroen,2020-07-24,0,504
Moeskroen,2020-07-25,0,504
Moeskroen,2020-07-26,1,505
Moeskroen,2020-07-27,0,505
Moeskroen,2020-07-28,0,505
Moeskroen,2020-07-29,0,505
Moeskroen,2020-07-30,1,506
Moeskroen,2020-07-31,1,507
Komen-Waasten,2020-04-01,2,36
Komen-Waasten,2020-04-02,7,43
Komen-Waasten,2020-04-03,6,49
Komen-Waasten,2020-04-04,0,49
Komen-Waasten,2020-04-05,1,50
Komen-Waasten,2020-04-06,0,50
Komen-Waasten,2020-04-07,2,52
Komen-Waasten,2020-04-08,1,53
Komen-Waasten,2020-04-09,3,56
Komen-Waasten,2020-04-10,2,58
Komen-Waasten,2020-04-11,1,59
Komen-Waasten,2020-04-12,1,60
Komen-Waasten,2020-04-13,2,62
Komen-Waasten,2020-04-14,0,62
Komen-Waasten,2020-04-15,0,62
Komen-Waasten,2020-04-16,1,63
Komen-Waasten,2020-04-17,1,64
Komen-Waasten,2020-04-18,3,67
Komen-Waasten,2020-04-19,1,68
Komen-Waasten,2020-04-20,0,68
Komen-Waasten,2020-04-21,4,72
Komen-Waasten,2020-04-22,2,74
Komen-Waasten,2020-04-23,2,76
Komen-Waasten,2020-04-24,0,76
Komen-Waasten,2020-04-25,1,77
Komen-Waasten,2020-04-26,0,77
Komen-Waasten,2020-04-27,0,77
Komen-Waasten,2020-04-28,1,78
Komen-Waasten,2020-04-29,1,79
Komen-Waasten,2020-04-30,2,81
Komen-Waasten,2020-05-01,0,81
Komen-Waasten,2020-05-02,0,81
Komen-Waasten,2020-05-03,1,82
Komen-Waasten,2020-05-04,0,82
Komen-Waasten,2020-05-05,0,82
Komen-Waasten,2020-05-06,3,85
Komen-Waasten,2020-05-07,5,90
Komen-Waasten,2020-05-08,0,90
Komen-Waasten,2020-05-09,0,90
Komen-Waasten,2020-05-10,0,90
Komen-Waasten,2020-05-11,0,90
Komen-Waasten,2020-05-12,0,90
Komen-Waasten,2020-05-13,0,90
Komen-Waasten,2020-05-14,0,90
Komen-Waasten,2020-05-15,0,90
Komen-Waasten,2020-05-16,0,90
Komen-Waasten,2020-05-17,0,90
Komen-Waasten,2020-05-18,3,93
Komen-Waasten,2020-05-19,0,93
Komen-Waasten,2020-05-20,2,95
Komen-Waasten,2020-05-21,0,95
Komen-Waasten,2020-05-22,0,95
Komen-Waasten,2020-05-23,0,95
Komen-Waasten,2020-05-24,0,95
Komen-Waasten,2020-05-25,0,95
Komen-Waasten,2020-05-26,0,95
Komen-Waasten,2020-05-27,0,95
Komen-Waasten,2020-05-28,0,95
Komen-Waasten,2020-05-29,0,95
Komen-Waasten,2020-05-30,1,96
Komen-Waasten,2020-05-31,0,96
Komen-Waasten,2020-06-01,0,96
Komen-Waasten,2020-06-02,0,96
Komen-Waasten,2020-06-03,0,96
Komen-Waasten,2020-06-04,0,96
Komen-Waasten,2020-06-05,0,96
Komen-Waasten,2020-06-06,0,96
Komen-Waasten,2020-06-07,0,96
Komen-Waasten,2020-06-08,0,96
Komen-Waasten,2020-06-09,0,96
Komen-Waasten,2020-06-10,0,96
Komen-Waasten,2020-06-11,0,96
Komen-Waasten,2020-06-12,0,96
Komen-Waasten,2020-06-13,0,96
Komen-Waasten,2020-06-14,0,96
Komen-Waasten,2020-06-15,1,97
Komen-Waasten,2020-06-16,0,97
Komen-Waasten,2020-06-17,0,97
Komen-Waasten,2020-06-18,0,97
Komen-Waasten,2020-06-19,0,97
Komen-Waasten,2020-06-20,0,97
Komen-Waasten,2020-06-23,1,98
Komen-Waasten,2020-06-24,1,99
Komen-Waasten,2020-06-25,0,99
Komen-Waasten,2020-06-26,0,99
Komen-Waasten,2020-06-27,0,99
Komen-Waasten,2020-06-30,0,99
Komen-Waasten,2020-07-01,0,99
Komen-Waasten,2020-07-02,0,99
Komen-Waasten,2020-07-03,0,99
Komen-Waasten,2020-07-04,0,99
Komen-Waasten,2020-07-07,0,99
Komen-Waasten,2020-07-08,0,99
Komen-Waasten,2020-07-09,0,99
Komen-Waasten,2020-07-10,0,99
Komen-Waasten,2020-07-11,0,99
Komen-Waasten,2020-07-14,0,99
Komen-Waasten,2020-07-15,0,99
Komen-Waasten,2020-07-16,0,99
Komen-Waasten,2020-07-17,0,99
Komen-Waasten,2020-07-18,0,99
Komen-Waasten,2020-07-20,0,99
Komen-Waasten,2020-07-21,0,99
Komen-Waasten,2020-07-22,0,99
Komen-Waasten,2020-07-23,0,99
Komen-Waasten,2020-07-24,0,99
Komen-Waasten,2020-07-25,0,99
Komen-Waasten,2020-07-26,0,99
Komen-Waasten,2020-07-27,0,99
Komen-Waasten,2020-07-28,0,99
Komen-Waasten,2020-07-29,0,99
Komen-Waasten,2020-07-30,1,100
Komen-Waasten,2020-07-31,0,100
La Louvière,2020-04-01,11,92
La Louvière,2020-04-02,16,108
La Louvière,2020-04-03,3,111
La Louvière,2020-04-04,5,116
La Louvière,2020-04-05,7,123
La Louvière,2020-04-06,4,127
La Louvière,2020-04-07,7,134
La Louvière,2020-04-08,40,174
La Louvière,2020-04-09,6,180
La Louvière,2020-04-10,59,239
La Louvière,2020-04-11,19,258
La Louvière,2020-04-12,18,276
La Louvière,2020-04-13,7,283
La Louvière,2020-04-14,1,284
La Louvière,2020-04-15,18,302
La Louvière,2020-04-16,2,304
La Louvière,2020-04-17,13,317
La Louvière,2020-04-18,9,326
La Louvière,2020-04-19,6,332
La Louvière,2020-04-20,7,339
La Louvière,2020-04-21,24,363
La Louvière,2020-04-22,3,366
La Louvière,2020-04-23,4,370
La Louvière,2020-04-24,3,373
La Louvière,2020-04-25,4,377
La Louvière,2020-04-26,22,399
La Louvière,2020-04-27,5,404
La Louvière,2020-04-28,1,405
La Louvière,2020-04-29,9,414
La Louvière,2020-04-30,2,416
La Louvière,2020-05-01,4,420
La Louvière,2020-05-02,3,423
La Louvière,2020-05-03,3,426
La Louvière,2020-05-04,2,428
La Louvière,2020-05-05,1,429
La Louvière,2020-05-06,1,430
La Louvière,2020-05-07,1,431
La Louvière,2020-05-08,1,432
La Louvière,2020-05-09,3,435
La Louvière,2020-05-10,1,436
La Louvière,2020-05-11,5,441
La Louvière,2020-05-12,5,446
La Louvière,2020-05-13,2,448
La Louvière,2020-05-14,1,449
La Louvière,2020-05-15,3,452
La Louvière,2020-05-16,3,455
La Louvière,2020-05-17,1,456
La Louvière,2020-05-18,3,459
La Louvière,2020-05-19,2,461
La Louvière,2020-05-20,0,461
La Louvière,2020-05-21,0,461
La Louvière,2020-05-22,3,464
La Louvière,2020-05-23,4,468
La Louvière,2020-05-24,1,469
La Louvière,2020-05-25,0,469
La Louvière,2020-05-26,1,470
La Louvière,2020-05-27,0,470
La Louvière,2020-05-28,7,477
La Louvière,2020-05-29,3,480
La Louvière,2020-05-30,0,480
La Louvière,2020-05-31,9,489
La Louvière,2020-06-01,0,489
La Louvière,2020-06-02,0,489
La Louvière,2020-06-03,0,489
La Louvière,2020-06-04,0,489
La Louvière,2020-06-05,2,491
La Louvière,2020-06-06,0,491
La Louvière,2020-06-07,1,492
La Louvière,2020-06-08,1,493
La Louvière,2020-06-09,1,494
La Louvière,2020-06-10,1,495
La Louvière,2020-06-11,0,495
La Louvière,2020-06-12,1,496
La Louvière,2020-06-13,1,497
La Louvière,2020-06-14,2,499
La Louvière,2020-06-15,0,499
La Louvière,2020-06-16,0,499
La Louvière,2020-06-17,3,502
La Louvière,2020-06-18,0,502
La Louvière,2020-06-19,0,502
La Louvière,2020-06-20,1,503
La Louvière,2020-06-23,3,506
La Louvière,2020-06-24,1,507
La Louvière,2020-06-25,1,508
La Louvière,2020-06-26,2,510
La Louvière,2020-06-27,1,511
La Louvière,2020-06-30,2,513
La Louvière,2020-07-01,0,513
La Louvière,2020-07-02,0,513
La Louvière,2020-07-03,1,514
La Louvière,2020-07-04,2,516
La Louvière,2020-07-07,2,518
La Louvière,2020-07-08,0,518
La Louvière,2020-07-09,1,519
La Louvière,2020-07-10,0,519
La Louvière,2020-07-11,0,519
La Louvière,2020-07-14,1,520
La Louvière,2020-07-15,0,520
La Louvière,2020-07-16,0,520
La Louvière,2020-07-17,1,521
La Louvière,2020-07-18,0,521
La Louvière,2020-07-20,0,521
La Louvière,2020-07-21,1,522
La Louvière,2020-07-22,2,524
La Louvière,2020-07-23,2,526
La Louvière,2020-07-24,1,527
La Louvière,2020-07-25,2,529
La Louvière,2020-07-26,0,529
La Louvière,2020-07-27,2,531
La Louvière,2020-07-28,1,532
La Louvière,2020-07-29,0,532
La Louvière,2020-07-30,4,536
La Louvière,2020-07-31,1,537
Binche,2020-04-01,2,28
Binche,2020-04-02,3,31
Binche,2020-04-03,1,32
Binche,2020-04-04,3,35
Binche,2020-04-05,2,37
Binche,2020-04-06,2,39
Binche,2020-04-07,1,40
Binche,2020-04-08,6,46
Binche,2020-04-09,1,47
Binche,2020-04-10,13,60
Binche,2020-04-11,5,65
Binche,2020-04-12,10,75
Binche,2020-04-13,3,78
Binche,2020-04-14,1,79
Binche,2020-04-15,10,89
Binche,2020-04-16,1,90
Binche,2020-04-17,2,92
Binche,2020-04-18,6,98
Binche,2020-04-19,7,105
Binche,2020-04-20,2,107
Binche,2020-04-21,17,124
Binche,2020-04-22,4,128
Binche,2020-04-23,1,129
Binche,2020-04-24,49,178
Binche,2020-04-25,4,182
Binche,2020-04-26,0,182
Binche,2020-04-27,1,183
Binche,2020-04-28,0,183
Binche,2020-04-29,0,183
Binche,2020-04-30,2,185
Binche,2020-05-01,1,186
Binche,2020-05-02,0,186
Binche,2020-05-03,0,186
Binche,2020-05-04,2,188
Binche,2020-05-05,2,190
Binche,2020-05-06,0,190
Binche,2020-05-07,1,191
Binche,2020-05-08,1,192
Binche,2020-05-09,1,193
Binche,2020-05-10,1,194
Binche,2020-05-11,4,198
Binche,2020-05-12,1,199
Binche,2020-05-13,3,202
Binche,2020-05-14,0,202
Binche,2020-05-15,2,204
Binche,2020-05-16,1,205
Binche,2020-05-17,2,207
Binche,2020-05-18,1,208
Binche,2020-05-19,1,209
Binche,2020-05-20,1,210
Binche,2020-05-21,0,210
Binche,2020-05-22,1,211
Binche,2020-05-23,0,211
Binche,2020-05-24,2,213
Binche,2020-05-25,1,214
Binche,2020-05-26,0,214
Binche,2020-05-27,1,215
Binche,2020-05-28,0,215
Binche,2020-05-29,6,221
Binche,2020-05-30,0,221
Binche,2020-05-31,1,222
Binche,2020-06-01,0,222
Binche,2020-06-02,1,223
Binche,2020-06-03,0,223
Binche,2020-06-04,0,223
Binche,2020-06-05,1,224
Binche,2020-06-06,0,224
Binche,2020-06-07,3,227
Binche,2020-06-08,0,227
Binche,2020-06-09,1,228
Binche,2020-06-10,2,230
Binche,2020-06-11,0,230
Binche,2020-06-12,0,230
Binche,2020-06-13,0,230
Binche,2020-06-14,1,231
Binche,2020-06-15,0,231
Binche,2020-06-16,0,231
Binche,2020-06-17,0,231
Binche,2020-06-18,0,231
Binche,2020-06-19,0,231
Binche,2020-06-20,1,232
Binche,2020-06-23,0,232
Binche,2020-06-24,0,232
Binche,2020-06-25,0,232
Binche,2020-06-26,0,232
Binche,2020-06-27,0,232
Binche,2020-06-30,0,232
Binche,2020-07-01,0,232
Binche,2020-07-02,0,232
Binche,2020-07-03,0,232
Binche,2020-07-04,0,232
Binche,2020-07-07,0,232
Binche,2020-07-08,0,232
Binche,2020-07-09,0,232
Binche,2020-07-10,0,232
Binche,2020-07-11,0,232
Binche,2020-07-14,1,233
Binche,2020-07-15,0,233
Binche,2020-07-16,0,233
Binche,2020-07-17,0,233
Binche,2020-07-18,0,233
Binche,2020-07-20,0,233
Binche,2020-07-21,0,233
Binche,2020-07-22,0,233
Binche,2020-07-23,1,234
Binche,2020-07-24,0,234
Binche,2020-07-25,0,234
Binche,2020-07-26,0,234
Binche,2020-07-27,0,234
Binche,2020-07-28,0,234
Binche,2020-07-29,0,234
Binche,2020-07-30,2,236
Binche,2020-07-31,0,236
Estinnes,2020-04-01,0,15
Estinnes,2020-04-02,0,15
Estinnes,2020-04-03,2,17
Estinnes,2020-04-04,0,17
Estinnes,2020-04-05,1,18
Estinnes,2020-04-06,0,18
Estinnes,2020-04-07,1,19
Estinnes,2020-04-08,0,19
Estinnes,2020-04-09,0,19
Estinnes,2020-04-10,2,21
Estinnes,2020-04-11,0,21
Estinnes,2020-04-12,1,22
Estinnes,2020-04-13,0,22
Estinnes,2020-04-14,0,22
Estinnes,2020-04-15,0,22
Estinnes,2020-04-16,0,22
Estinnes,2020-04-17,1,23
Estinnes,2020-04-18,0,23
Estinnes,2020-04-19,1,24
Estinnes,2020-04-20,0,24
Estinnes,2020-04-21,1,25
Estinnes,2020-04-22,1,26
Estinnes,2020-04-23,0,26
Estinnes,2020-04-24,2,28
Estinnes,2020-04-25,1,29
Estinnes,2020-04-26,0,29
Estinnes,2020-04-27,0,29
Estinnes,2020-04-28,0,29
Estinnes,2020-04-29,0,29
Estinnes,2020-04-30,0,29
Estinnes,2020-05-01,0,29
Estinnes,2020-05-02,0,29
Estinnes,2020-05-03,0,29
Estinnes,2020-05-04,0,29
Estinnes,2020-05-05,0,29
Estinnes,2020-05-06,0,29
Estinnes,2020-05-07,0,29
Estinnes,2020-05-08,0,29
Estinnes,2020-05-09,0,29
Estinnes,2020-05-10,0,29
Estinnes,2020-05-11,0,29
Estinnes,2020-05-12,0,29
Estinnes,2020-05-13,0,29
Estinnes,2020-05-14,0,29
Estinnes,2020-05-15,0,29
Estinnes,2020-05-16,0,29
Estinnes,2020-05-17,0,29
Estinnes,2020-05-18,0,29
Estinnes,2020-05-19,0,29
Estinnes,2020-05-20,0,29
Estinnes,2020-05-21,0,29
Estinnes,2020-05-22,0,29
Estinnes,2020-05-23,0,29
Estinnes,2020-05-24,0,29
Estinnes,2020-05-25,0,29
Estinnes,2020-05-26,0,29
Estinnes,2020-05-27,0,29
Estinnes,2020-05-28,1,30
Estinnes,2020-05-29,0,30
Estinnes,2020-05-30,0,30
Estinnes,2020-05-31,1,31
Estinnes,2020-06-01,0,31
Estinnes,2020-06-02,0,31
Estinnes,2020-06-03,0,31
Estinnes,2020-06-04,0,31
Estinnes,2020-06-05,0,31
Estinnes,2020-06-06,0,31
Estinnes,2020-06-07,0,31
Estinnes,2020-06-08,1,32
Estinnes,2020-06-09,0,32
Estinnes,2020-06-10,0,32
Estinnes,2020-06-11,0,32
Estinnes,2020-06-12,0,32
Estinnes,2020-06-13,0,32
Estinnes,2020-06-14,0,32
Estinnes,2020-06-15,0,32
Estinnes,2020-06-16,0,32
Estinnes,2020-06-17,0,32
Estinnes,2020-06-18,1,33
Estinnes,2020-06-19,0,33
Estinnes,2020-06-20,0,33
Estinnes,2020-06-23,0,33
Estinnes,2020-06-24,0,33
Estinnes,2020-06-25,0,33
Estinnes,2020-06-26,0,33
Estinnes,2020-06-27,0,33
Estinnes,2020-06-30,0,33
Estinnes,2020-07-01,0,33
Estinnes,2020-07-02,0,33
Estinnes,2020-07-03,1,34
Estinnes,2020-07-04,0,34
Estinnes,2020-07-07,0,34
Estinnes,2020-07-08,0,34
Estinnes,2020-07-09,0,34
Estinnes,2020-07-10,0,34
Estinnes,2020-07-11,0,34
Estinnes,2020-07-14,0,34
Estinnes,2020-07-15,0,34
Estinnes,2020-07-16,0,34
Estinnes,2020-07-17,0,34
Estinnes,2020-07-18,1,35
Estinnes,2020-07-20,0,35
Estinnes,2020-07-21,0,35
Estinnes,2020-07-22,0,35
Estinnes,2020-07-23,0,35
Estinnes,2020-07-24,0,35
Estinnes,2020-07-25,1,36
Estinnes,2020-07-26,0,36
Estinnes,2020-07-27,1,37
Estinnes,2020-07-28,0,37
Estinnes,2020-07-29,0,37
Estinnes,2020-07-30,0,37
Estinnes,2020-07-31,0,37
Morlanwelz,2020-04-01,6,20
Morlanwelz,2020-04-02,0,20
Morlanwelz,2020-04-03,1,21
Morlanwelz,2020-04-04,2,23
Morlanwelz,2020-04-05,2,25
Morlanwelz,2020-04-06,1,26
Morlanwelz,2020-04-07,0,26
Morlanwelz,2020-04-08,1,27
Morlanwelz,2020-04-09,0,27
Morlanwelz,2020-04-10,3,30
Morlanwelz,2020-04-11,2,32
Morlanwelz,2020-04-12,6,38
Morlanwelz,2020-04-13,0,38
Morlanwelz,2020-04-14,2,40
Morlanwelz,2020-04-15,4,44
Morlanwelz,2020-04-16,1,45
Morlanwelz,2020-04-17,2,47
Morlanwelz,2020-04-18,4,51
Morlanwelz,2020-04-19,3,54
Morlanwelz,2020-04-20,0,54
Morlanwelz,2020-04-21,41,95
Morlanwelz,2020-04-22,10,105
Morlanwelz,2020-04-23,1,106
Morlanwelz,2020-04-24,6,112
Morlanwelz,2020-04-25,2,114
Morlanwelz,2020-04-26,1,115
Morlanwelz,2020-04-27,0,115
Morlanwelz,2020-04-28,1,116
Morlanwelz,2020-04-29,1,117
Morlanwelz,2020-04-30,1,118
Morlanwelz,2020-05-01,0,118
Morlanwelz,2020-05-02,0,118
Morlanwelz,2020-05-03,0,118
Morlanwelz,2020-05-04,0,118
Morlanwelz,2020-05-05,0,118
Morlanwelz,2020-05-06,0,118
Morlanwelz,2020-05-07,0,118
Morlanwelz,2020-05-08,1,119
Morlanwelz,2020-05-09,0,119
Morlanwelz,2020-05-10,0,119
Morlanwelz,2020-05-11,0,119
Morlanwelz,2020-05-12,0,119
Morlanwelz,2020-05-13,0,119
Morlanwelz,2020-05-14,1,120
Morlanwelz,2020-05-15,1,121
Morlanwelz,2020-05-16,0,121
Morlanwelz,2020-05-17,0,121
Morlanwelz,2020-05-18,0,121
Morlanwelz,2020-05-19,0,121
Morlanwelz,2020-05-20,0,121
Morlanwelz,2020-05-21,0,121
Morlanwelz,2020-05-22,0,121
Morlanwelz,2020-05-23,0,121
Morlanwelz,2020-05-24,1,122
Morlanwelz,2020-05-25,0,122
Morlanwelz,2020-05-26,0,122
Morlanwelz,2020-05-27,0,122
Morlanwelz,2020-05-28,0,122
Morlanwelz,2020-05-29,3,125
Morlanwelz,2020-05-30,0,125
Morlanwelz,2020-05-31,0,125
Morlanwelz,2020-06-01,0,125
Morlanwelz,2020-06-02,0,125
Morlanwelz,2020-06-03,0,125
Morlanwelz,2020-06-04,0,125
Morlanwelz,2020-06-05,1,126
Morlanwelz,2020-06-06,0,126
Morlanwelz,2020-06-07,0,126
Morlanwelz,2020-06-08,0,126
Morlanwelz,2020-06-09,1,127
Morlanwelz,2020-06-10,0,127
Morlanwelz,2020-06-11,2,129
Morlanwelz,2020-06-12,1,130
Morlanwelz,2020-06-13,0,130
Morlanwelz,2020-06-14,0,130
Morlanwelz,2020-06-15,0,130
Morlanwelz,2020-06-16,0,130
Morlanwelz,2020-06-17,0,130
Morlanwelz,2020-06-18,0,130
Morlanwelz,2020-06-19,1,131
Morlanwelz,2020-06-20,0,131
Morlanwelz,2020-06-23,1,132
Morlanwelz,2020-06-24,0,132
Morlanwelz,2020-06-25,0,132
Morlanwelz,2020-06-26,0,132
Morlanwelz,2020-06-27,0,132
Morlanwelz,2020-06-30,0,132
Morlanwelz,2020-07-01,0,132
Morlanwelz,2020-07-02,1,133
Morlanwelz,2020-07-03,0,133
Morlanwelz,2020-07-04,0,133
Morlanwelz,2020-07-07,1,134
Morlanwelz,2020-07-08,0,134
Morlanwelz,2020-07-09,1,135
Morlanwelz,2020-07-10,0,135
Morlanwelz,2020-07-11,0,135
Morlanwelz,2020-07-14,0,135
Morlanwelz,2020-07-15,0,135
Morlanwelz,2020-07-16,0,135
Morlanwelz,2020-07-17,0,135
Morlanwelz,2020-07-18,0,135
Morlanwelz,2020-07-20,0,135
Morlanwelz,2020-07-21,0,135
Morlanwelz,2020-07-22,0,135
Morlanwelz,2020-07-23,0,135
Morlanwelz,2020-07-24,0,135
Morlanwelz,2020-07-25,0,135
Morlanwelz,2020-07-26,1,136
Morlanwelz,2020-07-27,0,136
Morlanwelz,2020-07-28,0,136
Morlanwelz,2020-07-29,0,136
Morlanwelz,2020-07-30,0,136
Morlanwelz,2020-07-31,2,138
Amay,2020-04-01,0,12
Amay,2020-04-02,0,12
Amay,2020-04-03,0,12
Amay,2020-04-04,3,15
Amay,2020-04-05,2,17
Amay,2020-04-06,0,17
Amay,2020-04-07,3,20
Amay,2020-04-08,1,21
Amay,2020-04-09,0,21
Amay,2020-04-10,1,22
Amay,2020-04-11,1,23
Amay,2020-04-12,1,24
Amay,2020-04-13,1,25
Amay,2020-04-14,1,26
Amay,2020-04-15,2,28
Amay,2020-04-16,1,29
Amay,2020-04-17,2,31
Amay,2020-04-18,1,32
Amay,2020-04-19,0,32
Amay,2020-04-20,3,35
Amay,2020-04-21,0,35
Amay,2020-04-22,0,35
Amay,2020-04-23,0,35
Amay,2020-04-24,0,35
Amay,2020-04-25,2,37
Amay,2020-04-26,0,37
Amay,2020-04-27,0,37
Amay,2020-04-28,3,40
Amay,2020-04-29,1,41
Amay,2020-04-30,1,42
Amay,2020-05-01,1,43
Amay,2020-05-02,0,43
Amay,2020-05-03,0,43
Amay,2020-05-04,0,43
Amay,2020-05-05,0,43
Amay,2020-05-06,2,45
Amay,2020-05-07,0,45
Amay,2020-05-08,0,45
Amay,2020-05-09,0,45
Amay,2020-05-10,0,45
Amay,2020-05-11,0,45
Amay,2020-05-12,5,50
Amay,2020-05-13,-2,48
Amay,2020-05-14,1,49
Amay,2020-05-15,0,49
Amay,2020-05-16,1,50
Amay,2020-05-17,0,50
Amay,2020-05-18,0,50
Amay,2020-05-19,0,50
Amay,2020-05-20,0,50
Amay,2020-05-21,0,50
Amay,2020-05-22,0,50
Amay,2020-05-23,0,50
Amay,2020-05-24,0,50
Amay,2020-05-25,0,50
Amay,2020-05-26,1,51
Amay,2020-05-27,0,51
Amay,2020-05-28,0,51
Amay,2020-05-29,0,51
Amay,2020-05-30,0,51
Amay,2020-05-31,0,51
Amay,2020-06-01,0,51
Amay,2020-06-02,0,51
Amay,2020-06-03,0,51
Amay,2020-06-04,0,51
Amay,2020-06-05,0,51
Amay,2020-06-06,0,51
Amay,2020-06-07,0,51
Amay,2020-06-08,0,51
Amay,2020-06-09,0,51
Amay,2020-06-10,0,51
Amay,2020-06-11,0,51
Amay,2020-06-12,0,51
Amay,2020-06-13,0,51
Amay,2020-06-14,0,51
Amay,2020-06-15,0,51
Amay,2020-06-16,0,51
Amay,2020-06-17,0,51
Amay,2020-06-18,0,51
Amay,2020-06-19,0,51
Amay,2020-06-20,0,51
Amay,2020-06-23,0,51
Amay,2020-06-24,0,51
Amay,2020-06-25,0,51
Amay,2020-06-26,0,51
Amay,2020-06-27,0,51
Amay,2020-06-30,0,51
Amay,2020-07-01,0,51
Amay,2020-07-02,0,51
Amay,2020-07-03,0,51
Amay,2020-07-04,0,51
Amay,2020-07-07,0,51
Amay,2020-07-08,0,51
Amay,2020-07-09,0,51
Amay,2020-07-10,0,51
Amay,2020-07-11,0,51
Amay,2020-07-14,0,51
Amay,2020-07-15,0,51
Amay,2020-07-16,0,51
Amay,2020-07-17,0,51
Amay,2020-07-18,0,51
Amay,2020-07-20,2,53
Amay,2020-07-21,0,53
Amay,2020-07-22,0,53
Amay,2020-07-23,0,53
Amay,2020-07-24,0,53
Amay,2020-07-25,0,53
Amay,2020-07-26,0,53
Amay,2020-07-27,0,53
Amay,2020-07-28,0,53
Amay,2020-07-29,0,53
Amay,2020-07-30,0,53
Amay,2020-07-31,0,53
Burdinne,2020-04-01,0,0
Burdinne,2020-04-02,0,0
Burdinne,2020-04-03,0,0
Burdinne,2020-04-04,0,0
Burdinne,2020-04-05,0,0
Burdinne,2020-04-06,0,0
Burdinne,2020-04-07,0,0
Burdinne,2020-04-08,0,0
Burdinne,2020-04-09,6,6
Burdinne,2020-04-10,0,6
Burdinne,2020-04-11,0,6
Burdinne,2020-04-12,0,6
Burdinne,2020-04-13,0,6
Burdinne,2020-04-14,0,6
Burdinne,2020-04-15,0,6
Burdinne,2020-04-16,1,7
Burdinne,2020-04-17,1,8
Burdinne,2020-04-18,0,8
Burdinne,2020-04-19,0,8
Burdinne,2020-04-20,1,9
Burdinne,2020-04-21,0,9
Burdinne,2020-04-22,0,9
Burdinne,2020-04-23,0,9
Burdinne,2020-04-24,0,9
Burdinne,2020-04-25,0,9
Burdinne,2020-04-26,0,9
Burdinne,2020-04-27,0,9
Burdinne,2020-04-28,0,9
Burdinne,2020-04-29,0,9
Burdinne,2020-04-30,1,10
Burdinne,2020-05-01,1,11
Burdinne,2020-05-02,0,11
Burdinne,2020-05-03,0,11
Burdinne,2020-05-04,0,11
Burdinne,2020-05-05,0,11
Burdinne,2020-05-06,0,11
Burdinne,2020-05-07,0,11
Burdinne,2020-05-08,0,11
Burdinne,2020-05-09,0,11
Burdinne,2020-05-10,0,11
Burdinne,2020-05-11,0,11
Burdinne,2020-05-12,0,11
Burdinne,2020-05-13,0,11
Burdinne,2020-05-14,0,11
Burdinne,2020-05-15,0,11
Burdinne,2020-05-16,0,11
Burdinne,2020-05-17,0,11
Burdinne,2020-05-18,0,11
Burdinne,2020-05-19,0,11
Burdinne,2020-05-20,0,11
Burdinne,2020-05-21,0,11
Burdinne,2020-05-22,0,11
Burdinne,2020-05-23,0,11
Burdinne,2020-05-24,0,11
Burdinne,2020-05-25,0,11
Burdinne,2020-05-26,0,11
Burdinne,2020-05-27,0,11
Burdinne,2020-05-28,0,11
Burdinne,2020-05-29,0,11
Burdinne,2020-05-30,0,11
Burdinne,2020-05-31,0,11
Burdinne,2020-06-01,0,11
Burdinne,2020-06-02,0,11
Burdinne,2020-06-03,0,11
Burdinne,2020-06-04,0,11
Burdinne,2020-06-05,0,11
Burdinne,2020-06-06,0,11
Burdinne,2020-06-07,0,11
Burdinne,2020-06-08,0,11
Burdinne,2020-06-09,0,11
Burdinne,2020-06-10,0,11
Burdinne,2020-06-11,0,11
Burdinne,2020-06-12,0,11
Burdinne,2020-06-13,0,11
Burdinne,2020-06-14,0,11
Burdinne,2020-06-15,0,11
Burdinne,2020-06-16,0,11
Burdinne,2020-06-17,0,11
Burdinne,2020-06-18,0,11
Burdinne,2020-06-19,0,11
Burdinne,2020-06-20,0,11
Burdinne,2020-06-23,0,11
Burdinne,2020-06-24,0,11
Burdinne,2020-06-25,0,11
Burdinne,2020-06-26,0,11
Burdinne,2020-06-27,0,11
Burdinne,2020-06-30,0,11
Burdinne,2020-07-01,0,11
Burdinne,2020-07-02,0,11
Burdinne,2020-07-03,0,11
Burdinne,2020-07-04,0,11
Burdinne,2020-07-07,0,11
Burdinne,2020-07-08,0,11
Burdinne,2020-07-09,0,11
Burdinne,2020-07-10,0,11
Burdinne,2020-07-11,0,11
Burdinne,2020-07-14,0,11
Burdinne,2020-07-15,0,11
Burdinne,2020-07-16,0,11
Burdinne,2020-07-17,0,11
Burdinne,2020-07-18,0,11
Burdinne,2020-07-20,0,11
Burdinne,2020-07-21,0,11
Burdinne,2020-07-22,0,11
Burdinne,2020-07-23,0,11
Burdinne,2020-07-24,0,11
Burdinne,2020-07-25,0,11
Burdinne,2020-07-26,0,11
Burdinne,2020-07-27,0,11
Burdinne,2020-07-28,0,11
Burdinne,2020-07-29,0,11
Burdinne,2020-07-30,0,11
Burdinne,2020-07-31,0,11
Clavier,2020-04-01,5,5
Clavier,2020-04-02,1,6
Clavier,2020-04-03,0,6
Clavier,2020-04-04,1,7
Clavier,2020-04-05,0,7
Clavier,2020-04-06,1,8
Clavier,2020-04-07,1,9
Clavier,2020-04-08,0,9
Clavier,2020-04-09,0,9
Clavier,2020-04-10,0,9
Clavier,2020-04-11,1,10
Clavier,2020-04-12,0,10
Clavier,2020-04-13,0,10
Clavier,2020-04-14,0,10
Clavier,2020-04-15,0,10
Clavier,2020-04-16,1,11
Clavier,2020-04-17,1,12
Clavier,2020-04-18,0,12
Clavier,2020-04-19,0,12
Clavier,2020-04-20,1,13
Clavier,2020-04-21,0,13
Clavier,2020-04-22,0,13
Clavier,2020-04-23,0,13
Clavier,2020-04-24,0,13
Clavier,2020-04-25,0,13
Clavier,2020-04-26,0,13
Clavier,2020-04-27,1,14
Clavier,2020-04-28,1,15
Clavier,2020-04-29,0,15
Clavier,2020-04-30,0,15
Clavier,2020-05-01,0,15
Clavier,2020-05-02,0,15
Clavier,2020-05-03,0,15
Clavier,2020-05-04,0,15
Clavier,2020-05-05,0,15
Clavier,2020-05-06,0,15
Clavier,2020-05-07,0,15
Clavier,2020-05-08,0,15
Clavier,2020-05-09,0,15
Clavier,2020-05-10,0,15
Clavier,2020-05-11,1,16
Clavier,2020-05-12,0,16
Clavier,2020-05-13,0,16
Clavier,2020-05-14,0,16
Clavier,2020-05-15,0,16
Clavier,2020-05-16,0,16
Clavier,2020-05-17,0,16
Clavier,2020-05-18,0,16
Clavier,2020-05-19,0,16
Clavier,2020-05-20,0,16
Clavier,2020-05-21,0,16
Clavier,2020-05-22,0,16
Clavier,2020-05-23,0,16
Clavier,2020-05-24,0,16
Clavier,2020-05-25,0,16
Clavier,2020-05-26,0,16
Clavier,2020-05-27,0,16
Clavier,2020-05-28,0,16
Clavier,2020-05-29,0,16
Clavier,2020-05-30,0,16
Clavier,2020-05-31,0,16
Clavier,2020-06-01,0,16
Clavier,2020-06-02,0,16
Clavier,2020-06-03,0,16
Clavier,2020-06-04,0,16
Clavier,2020-06-05,0,16
Clavier,2020-06-06,0,16
Clavier,2020-06-07,0,16
Clavier,2020-06-08,0,16
Clavier,2020-06-09,0,16
Clavier,2020-06-10,0,16
Clavier,2020-06-11,0,16
Clavier,2020-06-12,0,16
Clavier,2020-06-13,0,16
Clavier,2020-06-14,0,16
Clavier,2020-06-15,0,16
Clavier,2020-06-16,0,16
Clavier,2020-06-17,0,16
Clavier,2020-06-18,0,16
Clavier,2020-06-19,0,16
Clavier,2020-06-20,0,16
Clavier,2020-06-23,0,16
Clavier,2020-06-24,0,16
Clavier,2020-06-25,0,16
Clavier,2020-06-26,0,16
Clavier,2020-06-27,0,16
Clavier,2020-06-30,0,16
Clavier,2020-07-01,0,16
Clavier,2020-07-02,0,16
Clavier,2020-07-03,0,16
Clavier,2020-07-04,0,16
Clavier,2020-07-07,0,16
Clavier,2020-07-08,0,16
Clavier,2020-07-09,0,16
Clavier,2020-07-10,0,16
Clavier,2020-07-11,0,16
Clavier,2020-07-14,0,16
Clavier,2020-07-15,0,16
Clavier,2020-07-16,0,16
Clavier,2020-07-17,0,16
Clavier,2020-07-18,0,16
Clavier,2020-07-20,0,16
Clavier,2020-07-21,0,16
Clavier,2020-07-22,0,16
Clavier,2020-07-23,1,17
Clavier,2020-07-24,0,17
Clavier,2020-07-25,0,17
Clavier,2020-07-26,0,17
Clavier,2020-07-27,0,17
Clavier,2020-07-28,1,18
Clavier,2020-07-29,0,18
Clavier,2020-07-30,0,18
Clavier,2020-07-31,0,18
Ferrières,2020-04-01,0,8
Ferrières,2020-04-02,0,8
Ferrières,2020-04-03,1,9
Ferrières,2020-04-04,0,9
Ferrières,2020-04-05,0,9
Ferrières,2020-04-06,0,9
Ferrières,2020-04-07,2,11
Ferrières,2020-04-08,0,11
Ferrières,2020-04-09,1,12
Ferrières,2020-04-10,1,13
Ferrières,2020-04-11,0,13
Ferrières,2020-04-12,2,15
Ferrières,2020-04-13,0,15
Ferrières,2020-04-14,0,15
Ferrières,2020-04-15,1,16
Ferrières,2020-04-16,2,18
Ferrières,2020-04-17,2,20
Ferrières,2020-04-18,1,21
Ferrières,2020-04-19,0,21
Ferrières,2020-04-20,1,22
Ferrières,2020-04-21,0,22
Ferrières,2020-04-22,0,22
Ferrières,2020-04-23,0,22
Ferrières,2020-04-24,0,22
Ferrières,2020-04-25,0,22
Ferrières,2020-04-26,0,22
Ferrières,2020-04-27,0,22
Ferrières,2020-04-28,0,22
Ferrières,2020-04-29,2,24
Ferrières,2020-04-30,1,25
Ferrières,2020-05-01,0,25
Ferrières,2020-05-02,0,25
Ferrières,2020-05-03,0,25
Ferrières,2020-05-04,0,25
Ferrières,2020-05-05,0,25
Ferrières,2020-05-06,0,25
Ferrières,2020-05-07,0,25
Ferrières,2020-05-08,0,25
Ferrières,2020-05-09,0,25
Ferrières,2020-05-10,0,25
Ferrières,2020-05-11,0,25
Ferrières,2020-05-12,0,25
Ferrières,2020-05-13,0,25
Ferrières,2020-05-14,1,26
Ferrières,2020-05-15,0,26
Ferrières,2020-05-16,0,26
Ferrières,2020-05-17,0,26
Ferrières,2020-05-18,1,27
Ferrières,2020-05-19,0,27
Ferrières,2020-05-20,0,27
Ferrières,2020-05-21,0,27
Ferrières,2020-05-22,0,27
Ferrières,2020-05-23,0,27
Ferrières,2020-05-24,0,27
Ferrières,2020-05-25,0,27
Ferrières,2020-05-26,0,27
Ferrières,2020-05-27,0,27
Ferrières,2020-05-28,0,27
Ferrières,2020-05-29,0,27
Ferrières,2020-05-30,0,27
Ferrières,2020-05-31,0,27
Ferrières,2020-06-01,0,27
Ferrières,2020-06-02,0,27
Ferrières,2020-06-03,0,27
Ferrières,2020-06-04,0,27
Ferrières,2020-06-05,0,27
Ferrières,2020-06-06,0,27
Ferrières,2020-06-07,0,27
Ferrières,2020-06-08,0,27
Ferrières,2020-06-09,0,27
Ferrières,2020-06-10,0,27
Ferrières,2020-06-11,0,27
Ferrières,2020-06-12,0,27
Ferrières,2020-06-13,0,27
Ferrières,2020-06-14,0,27
Ferrières,2020-06-15,0,27
Ferrières,2020-06-16,0,27
Ferrières,2020-06-17,0,27
Ferrières,2020-06-18,0,27
Ferrières,2020-06-19,0,27
Ferrières,2020-06-20,0,27
Ferrières,2020-06-23,0,27
Ferrières,2020-06-24,0,27
Ferrières,2020-06-25,0,27
Ferrières,2020-06-26,0,27
Ferrières,2020-06-27,0,27
Ferrières,2020-06-30,0,27
Ferrières,2020-07-01,0,27
Ferrières,2020-07-02,0,27
Ferrières,2020-07-03,0,27
Ferrières,2020-07-04,0,27
Ferrières,2020-07-07,0,27
Ferrières,2020-07-08,0,27
Ferrières,2020-07-09,0,27
Ferrières,2020-07-10,0,27
Ferrières,2020-07-11,0,27
Ferrières,2020-07-14,0,27
Ferrières,2020-07-15,0,27
Ferrières,2020-07-16,0,27
Ferrières,2020-07-17,0,27
Ferrières,2020-07-18,0,27
Ferrières,2020-07-20,0,27
Ferrières,2020-07-21,0,27
Ferrières,2020-07-22,0,27
Ferrières,2020-07-23,0,27
Ferrières,2020-07-24,0,27
Ferrières,2020-07-25,0,27
Ferrières,2020-07-26,0,27
Ferrières,2020-07-27,0,27
Ferrières,2020-07-28,1,28
Ferrières,2020-07-29,0,28
Ferrières,2020-07-30,0,28
Ferrières,2020-07-31,0,28
Hamoir,2020-04-01,0,0
Hamoir,2020-04-02,0,0
Hamoir,2020-04-03,0,0
Hamoir,2020-04-04,0,0
Hamoir,2020-04-05,0,0
Hamoir,2020-04-06,0,0
Hamoir,2020-04-07,0,0
Hamoir,2020-04-08,0,0
Hamoir,2020-04-09,0,0
Hamoir,2020-04-10,5,5
Hamoir,2020-04-11,0,5
Hamoir,2020-04-12,1,6
Hamoir,2020-04-13,0,6
Hamoir,2020-04-14,0,6
Hamoir,2020-04-15,0,6
Hamoir,2020-04-16,0,6
Hamoir,2020-04-17,0,6
Hamoir,2020-04-18,0,6
Hamoir,2020-04-19,1,7
Hamoir,2020-04-20,0,7
Hamoir,2020-04-21,1,8
Hamoir,2020-04-22,0,8
Hamoir,2020-04-23,0,8
Hamoir,2020-04-24,0,8
Hamoir,2020-04-25,0,8
Hamoir,2020-04-26,0,8
Hamoir,2020-04-27,0,8
Hamoir,2020-04-28,0,8
Hamoir,2020-04-29,0,8
Hamoir,2020-04-30,0,8
Hamoir,2020-05-01,0,8
Hamoir,2020-05-02,0,8
Hamoir,2020-05-03,0,8
Hamoir,2020-05-04,0,8
Hamoir,2020-05-05,0,8
Hamoir,2020-05-06,0,8
Hamoir,2020-05-07,0,8
Hamoir,2020-05-08,0,8
Hamoir,2020-05-09,0,8
Hamoir,2020-05-10,1,9
Hamoir,2020-05-11,0,9
Hamoir,2020-05-12,0,9
Hamoir,2020-05-13,0,9
Hamoir,2020-05-14,0,9
Hamoir,2020-05-15,0,9
Hamoir,2020-05-16,0,9
Hamoir,2020-05-17,0,9
Hamoir,2020-05-18,0,9
Hamoir,2020-05-19,0,9
Hamoir,2020-05-20,0,9
Hamoir,2020-05-21,0,9
Hamoir,2020-05-22,0,9
Hamoir,2020-05-23,0,9
Hamoir,2020-05-24,0,9
Hamoir,2020-05-25,0,9
Hamoir,2020-05-26,0,9
Hamoir,2020-05-27,0,9
Hamoir,2020-05-28,0,9
Hamoir,2020-05-29,0,9
Hamoir,2020-05-30,0,9
Hamoir,2020-05-31,0,9
Hamoir,2020-06-01,0,9
Hamoir,2020-06-02,0,9
Hamoir,2020-06-03,0,9
Hamoir,2020-06-04,0,9
Hamoir,2020-06-05,0,9
Hamoir,2020-06-06,0,9
Hamoir,2020-06-07,0,9
Hamoir,2020-06-08,0,9
Hamoir,2020-06-09,0,9
Hamoir,2020-06-10,0,9
Hamoir,2020-06-11,1,10
Hamoir,2020-06-12,-1,9
Hamoir,2020-06-13,0,9
Hamoir,2020-06-14,0,9
Hamoir,2020-06-15,0,9
Hamoir,2020-06-16,0,9
Hamoir,2020-06-17,0,9
Hamoir,2020-06-18,0,9
Hamoir,2020-06-19,0,9
Hamoir,2020-06-20,0,9
Hamoir,2020-06-23,0,9
Hamoir,2020-06-24,1,10
Hamoir,2020-06-25,0,10
Hamoir,2020-06-26,0,10
Hamoir,2020-06-27,0,10
Hamoir,2020-06-30,0,10
Hamoir,2020-07-01,0,10
Hamoir,2020-07-02,1,11
Hamoir,2020-07-03,1,12
Hamoir,2020-07-04,0,12
Hamoir,2020-07-07,0,12
Hamoir,2020-07-08,0,12
Hamoir,2020-07-09,0,12
Hamoir,2020-07-10,0,12
Hamoir,2020-07-11,0,12
Hamoir,2020-07-14,0,12
Hamoir,2020-07-15,0,12
Hamoir,2020-07-16,0,12
Hamoir,2020-07-17,0,12
Hamoir,2020-07-18,0,12
Hamoir,2020-07-20,0,12
Hamoir,2020-07-21,0,12
Hamoir,2020-07-22,0,12
Hamoir,2020-07-23,0,12
Hamoir,2020-07-24,0,12
Hamoir,2020-07-25,0,12
Hamoir,2020-07-26,0,12
Hamoir,2020-07-27,0,12
Hamoir,2020-07-28,0,12
Hamoir,2020-07-29,0,12
Hamoir,2020-07-30,0,12
Hamoir,2020-07-31,0,12
Héron,2020-04-01,0,5
Héron,2020-04-02,1,6
Héron,2020-04-03,0,6
Héron,2020-04-04,0,6
Héron,2020-04-05,0,6
Héron,2020-04-06,1,7
Héron,2020-04-07,1,8
Héron,2020-04-08,0,8
Héron,2020-04-09,0,8
Héron,2020-04-10,1,9
Héron,2020-04-11,0,9
Héron,2020-04-12,1,10
Héron,2020-04-13,0,10
Héron,2020-04-14,0,10
Héron,2020-04-15,0,10
Héron,2020-04-16,0,10
Héron,2020-04-17,2,12
Héron,2020-04-18,0,12
Héron,2020-04-19,0,12
Héron,2020-04-20,3,15
Héron,2020-04-21,0,15
Héron,2020-04-22,0,15
Héron,2020-04-23,0,15
Héron,2020-04-24,0,15
Héron,2020-04-25,0,15
Héron,2020-04-26,0,15
Héron,2020-04-27,0,15
Héron,2020-04-28,0,15
Héron,2020-04-29,0,15
Héron,2020-04-30,0,15
Héron,2020-05-01,0,15
Héron,2020-05-02,0,15
Héron,2020-05-03,0,15
Héron,2020-05-04,0,15
Héron,2020-05-05,0,15
Héron,2020-05-06,0,15
Héron,2020-05-07,1,16
Héron,2020-05-08,0,16
Héron,2020-05-09,0,16
Héron,2020-05-10,1,17
Héron,2020-05-11,0,17
Héron,2020-05-12,0,17
Héron,2020-05-13,0,17
Héron,2020-05-14,0,17
Héron,2020-05-15,0,17
Héron,2020-05-16,0,17
Héron,2020-05-17,0,17
Héron,2020-05-18,0,17
Héron,2020-05-19,0,17
Héron,2020-05-20,0,17
Héron,2020-05-21,0,17
Héron,2020-05-22,0,17
Héron,2020-05-23,0,17
Héron,2020-05-24,0,17
Héron,2020-05-25,0,17
Héron,2020-05-26,0,17
Héron,2020-05-27,0,17
Héron,2020-05-28,0,17
Héron,2020-05-29,0,17
Héron,2020-05-30,0,17
Héron,2020-05-31,0,17
Héron,2020-06-01,0,17
Héron,2020-06-02,0,17
Héron,2020-06-03,0,17
Héron,2020-06-04,0,17
Héron,2020-06-05,0,17
Héron,2020-06-06,0,17
Héron,2020-06-07,0,17
Héron,2020-06-08,0,17
Héron,2020-06-09,0,17
Héron,2020-06-10,0,17
Héron,2020-06-11,0,17
Héron,2020-06-12,0,17
Héron,2020-06-13,0,17
Héron,2020-06-14,0,17
Héron,2020-06-15,0,17
Héron,2020-06-16,0,17
Héron,2020-06-17,0,17
Héron,2020-06-18,0,17
Héron,2020-06-19,0,17
Héron,2020-06-20,0,17
Héron,2020-06-23,0,17
Héron,2020-06-24,0,17
Héron,2020-06-25,0,17
Héron,2020-06-26,0,17
Héron,2020-06-27,0,17
Héron,2020-06-30,1,18
Héron,2020-07-01,0,18
Héron,2020-07-02,0,18
Héron,2020-07-03,0,18
Héron,2020-07-04,0,18
Héron,2020-07-07,0,18
Héron,2020-07-08,0,18
Héron,2020-07-09,0,18
Héron,2020-07-10,0,18
Héron,2020-07-11,0,18
Héron,2020-07-14,0,18
Héron,2020-07-15,0,18
Héron,2020-07-16,0,18
Héron,2020-07-17,0,18
Héron,2020-07-18,0,18
Héron,2020-07-20,0,18
Héron,2020-07-21,0,18
Héron,2020-07-22,0,18
Héron,2020-07-23,0,18
Héron,2020-07-24,0,18
Héron,2020-07-25,0,18
Héron,2020-07-26,0,18
Héron,2020-07-27,0,18
Héron,2020-07-28,0,18
Héron,2020-07-29,0,18
Héron,2020-07-30,0,18
Héron,2020-07-31,0,18
Hoei,2020-04-01,1,34
Hoei,2020-04-02,0,34
Hoei,2020-04-03,1,35
Hoei,2020-04-04,5,40
Hoei,2020-04-05,3,43
Hoei,2020-04-06,4,47
Hoei,2020-04-07,5,52
Hoei,2020-04-08,0,52
Hoei,2020-04-09,0,52
Hoei,2020-04-10,8,60
Hoei,2020-04-11,0,60
Hoei,2020-04-12,5,65
Hoei,2020-04-13,3,68
Hoei,2020-04-14,0,68
Hoei,2020-04-15,2,70
Hoei,2020-04-16,4,74
Hoei,2020-04-17,22,96
Hoei,2020-04-18,5,101
Hoei,2020-04-19,1,102
Hoei,2020-04-20,19,121
Hoei,2020-04-21,1,122
Hoei,2020-04-22,5,127
Hoei,2020-04-23,0,127
Hoei,2020-04-24,3,130
Hoei,2020-04-25,0,130
Hoei,2020-04-26,4,134
Hoei,2020-04-27,0,134
Hoei,2020-04-28,1,135
Hoei,2020-04-29,0,135
Hoei,2020-04-30,3,138
Hoei,2020-05-01,0,138
Hoei,2020-05-02,6,144
Hoei,2020-05-03,0,144
Hoei,2020-05-04,2,146
Hoei,2020-05-05,3,149
Hoei,2020-05-06,0,149
Hoei,2020-05-07,4,153
Hoei,2020-05-08,0,153
Hoei,2020-05-09,0,153
Hoei,2020-05-10,1,154
Hoei,2020-05-11,0,154
Hoei,2020-05-12,4,158
Hoei,2020-05-13,-2,156
Hoei,2020-05-14,2,158
Hoei,2020-05-15,0,158
Hoei,2020-05-16,0,158
Hoei,2020-05-17,1,159
Hoei,2020-05-18,3,162
Hoei,2020-05-19,0,162
Hoei,2020-05-20,0,162
Hoei,2020-05-21,0,162
Hoei,2020-05-22,0,162
Hoei,2020-05-23,0,162
Hoei,2020-05-24,0,162
Hoei,2020-05-25,0,162
Hoei,2020-05-26,0,162
Hoei,2020-05-27,0,162
Hoei,2020-05-28,0,162
Hoei,2020-05-29,0,162
Hoei,2020-05-30,0,162
Hoei,2020-05-31,0,162
Hoei,2020-06-01,0,162
Hoei,2020-06-02,0,162
Hoei,2020-06-03,0,162
Hoei,2020-06-04,0,162
Hoei,2020-06-05,0,162
Hoei,2020-06-06,0,162
Hoei,2020-06-07,0,162
Hoei,2020-06-08,0,162
Hoei,2020-06-09,0,162
Hoei,2020-06-10,0,162
Hoei,2020-06-11,1,163
Hoei,2020-06-12,0,163
Hoei,2020-06-13,0,163
Hoei,2020-06-14,0,163
Hoei,2020-06-15,0,163
Hoei,2020-06-16,0,163
Hoei,2020-06-17,0,163
Hoei,2020-06-18,0,163
Hoei,2020-06-19,0,163
Hoei,2020-06-20,0,163
Hoei,2020-06-23,0,163
Hoei,2020-06-24,0,163
Hoei,2020-06-25,0,163
Hoei,2020-06-26,0,163
Hoei,2020-06-27,0,163
Hoei,2020-06-30,0,163
Hoei,2020-07-01,0,163
Hoei,2020-07-02,0,163
Hoei,2020-07-03,0,163
Hoei,2020-07-04,0,163
Hoei,2020-07-07,0,163
Hoei,2020-07-08,0,163
Hoei,2020-07-09,0,163
Hoei,2020-07-10,0,163
Hoei,2020-07-11,0,163
Hoei,2020-07-14,0,163
Hoei,2020-07-15,0,163
Hoei,2020-07-16,1,164
Hoei,2020-07-17,0,164
Hoei,2020-07-18,0,164
Hoei,2020-07-20,1,165
Hoei,2020-07-21,0,165
Hoei,2020-07-22,0,165
Hoei,2020-07-23,0,165
Hoei,2020-07-24,0,165
Hoei,2020-07-25,0,165
Hoei,2020-07-26,0,165
Hoei,2020-07-27,0,165
Hoei,2020-07-28,0,165
Hoei,2020-07-29,0,165
Hoei,2020-07-30,0,165
Hoei,2020-07-31,1,166
Marchin,2020-04-01,1,13
Marchin,2020-04-02,0,13
Marchin,2020-04-03,0,13
Marchin,2020-04-04,2,15
Marchin,2020-04-05,0,15
Marchin,2020-04-06,0,15
Marchin,2020-04-07,0,15
Marchin,2020-04-08,0,15
Marchin,2020-04-09,0,15
Marchin,2020-04-10,1,16
Marchin,2020-04-11,1,17
Marchin,2020-04-12,2,19
Marchin,2020-04-13,0,19
Marchin,2020-04-14,0,19
Marchin,2020-04-15,1,20
Marchin,2020-04-16,2,22
Marchin,2020-04-17,2,24
Marchin,2020-04-18,0,24
Marchin,2020-04-19,0,24
Marchin,2020-04-20,2,26
Marchin,2020-04-21,0,26
Marchin,2020-04-22,0,26
Marchin,2020-04-23,1,27
Marchin,2020-04-24,0,27
Marchin,2020-04-25,-1,26
Marchin,2020-04-26,0,26
Marchin,2020-04-27,1,27
Marchin,2020-04-28,1,28
Marchin,2020-04-29,0,28
Marchin,2020-04-30,0,28
Marchin,2020-05-01,0,28
Marchin,2020-05-02,0,28
Marchin,2020-05-03,0,28
Marchin,2020-05-04,0,28
Marchin,2020-05-05,0,28
Marchin,2020-05-06,0,28
Marchin,2020-05-07,1,29
Marchin,2020-05-08,0,29
Marchin,2020-05-09,1,30
Marchin,2020-05-10,0,30
Marchin,2020-05-11,0,30
Marchin,2020-05-12,0,30
Marchin,2020-05-13,0,30
Marchin,2020-05-14,0,30
Marchin,2020-05-15,0,30
Marchin,2020-05-16,0,30
Marchin,2020-05-17,0,30
Marchin,2020-05-18,0,30
Marchin,2020-05-19,0,30
Marchin,2020-05-20,0,30
Marchin,2020-05-21,0,30
Marchin,2020-05-22,0,30
Marchin,2020-05-23,0,30
Marchin,2020-05-24,0,30
Marchin,2020-05-25,0,30
Marchin,2020-05-26,0,30
Marchin,2020-05-27,0,30
Marchin,2020-05-28,0,30
Marchin,2020-05-29,0,30
Marchin,2020-05-30,0,30
Marchin,2020-05-31,0,30
Marchin,2020-06-01,0,30
Marchin,2020-06-02,0,30
Marchin,2020-06-03,0,30
Marchin,2020-06-04,0,30
Marchin,2020-06-05,0,30
Marchin,2020-06-06,0,30
Marchin,2020-06-07,0,30
Marchin,2020-06-08,0,30
Marchin,2020-06-09,0,30
Marchin,2020-06-10,0,30
Marchin,2020-06-11,0,30
Marchin,2020-06-12,0,30
Marchin,2020-06-13,0,30
Marchin,2020-06-14,0,30
Marchin,2020-06-15,0,30
Marchin,2020-06-16,0,30
Marchin,2020-06-17,0,30
Marchin,2020-06-18,0,30
Marchin,2020-06-19,0,30
Marchin,2020-06-20,0,30
Marchin,2020-06-23,0,30
Marchin,2020-06-24,0,30
Marchin,2020-06-25,0,30
Marchin,2020-06-26,0,30
Marchin,2020-06-27,0,30
Marchin,2020-06-30,0,30
Marchin,2020-07-01,0,30
Marchin,2020-07-02,0,30
Marchin,2020-07-03,0,30
Marchin,2020-07-04,0,30
Marchin,2020-07-07,0,30
Marchin,2020-07-08,0,30
Marchin,2020-07-09,0,30
Marchin,2020-07-10,0,30
Marchin,2020-07-11,0,30
Marchin,2020-07-14,0,30
Marchin,2020-07-15,0,30
Marchin,2020-07-16,0,30
Marchin,2020-07-17,0,30
Marchin,2020-07-18,0,30
Marchin,2020-07-20,0,30
Marchin,2020-07-21,0,30
Marchin,2020-07-22,0,30
Marchin,2020-07-23,0,30
Marchin,2020-07-24,0,30
Marchin,2020-07-25,0,30
Marchin,2020-07-26,0,30
Marchin,2020-07-27,0,30
Marchin,2020-07-28,0,30
Marchin,2020-07-29,0,30
Marchin,2020-07-30,0,30
Marchin,2020-07-31,0,30
Modave,2020-04-01,0,0
Modave,2020-04-02,0,0
Modave,2020-04-03,0,0
Modave,2020-04-04,0,0
Modave,2020-04-05,0,0
Modave,2020-04-06,0,0
Modave,2020-04-07,5,5
Modave,2020-04-08,0,5
Modave,2020-04-09,0,5
Modave,2020-04-10,1,6
Modave,2020-04-11,1,7
Modave,2020-04-12,0,7
Modave,2020-04-13,0,7
Modave,2020-04-14,1,8
Modave,2020-04-15,0,8
Modave,2020-04-16,0,8
Modave,2020-04-17,1,9
Modave,2020-04-18,1,10
Modave,2020-04-19,0,10
Modave,2020-04-20,1,11
Modave,2020-04-21,0,11
Modave,2020-04-22,0,11
Modave,2020-04-23,0,11
Modave,2020-04-24,1,12
Modave,2020-04-25,1,13
Modave,2020-04-26,0,13
Modave,2020-04-27,0,13
Modave,2020-04-28,0,13
Modave,2020-04-29,0,13
Modave,2020-04-30,0,13
Modave,2020-05-01,0,13
Modave,2020-05-02,0,13
Modave,2020-05-03,0,13
Modave,2020-05-04,0,13
Modave,2020-05-05,0,13
Modave,2020-05-06,0,13
Modave,2020-05-07,0,13
Modave,2020-05-08,0,13
Modave,2020-05-09,0,13
Modave,2020-05-10,0,13
Modave,2020-05-11,0,13
Modave,2020-05-12,0,13
Modave,2020-05-13,0,13
Modave,2020-05-14,0,13
Modave,2020-05-15,0,13
Modave,2020-05-16,0,13
Modave,2020-05-17,0,13
Modave,2020-05-18,0,13
Modave,2020-05-19,0,13
Modave,2020-05-20,0,13
Modave,2020-05-21,0,13
Modave,2020-05-22,0,13
Modave,2020-05-23,0,13
Modave,2020-05-24,0,13
Modave,2020-05-25,0,13
Modave,2020-05-26,0,13
Modave,2020-05-27,0,13
Modave,2020-05-28,0,13
Modave,2020-05-29,0,13
Modave,2020-05-30,0,13
Modave,2020-05-31,0,13
Modave,2020-06-01,0,13
Modave,2020-06-02,0,13
Modave,2020-06-03,0,13
Modave,2020-06-04,0,13
Modave,2020-06-05,0,13
Modave,2020-06-06,0,13
Modave,2020-06-07,0,13
Modave,2020-06-08,0,13
Modave,2020-06-09,0,13
Modave,2020-06-10,0,13
Modave,2020-06-11,0,13
Modave,2020-06-12,0,13
Modave,2020-06-13,0,13
Modave,2020-06-14,0,13
Modave,2020-06-15,0,13
Modave,2020-06-16,0,13
Modave,2020-06-17,0,13
Modave,2020-06-18,0,13
Modave,2020-06-19,0,13
Modave,2020-06-20,0,13
Modave,2020-06-23,0,13
Modave,2020-06-24,0,13
Modave,2020-06-25,0,13
Modave,2020-06-26,0,13
Modave,2020-06-27,0,13
Modave,2020-06-30,0,13
Modave,2020-07-01,0,13
Modave,2020-07-02,0,13
Modave,2020-07-03,0,13
Modave,2020-07-04,0,13
Modave,2020-07-07,0,13
Modave,2020-07-08,0,13
Modave,2020-07-09,0,13
Modave,2020-07-10,0,13
Modave,2020-07-11,0,13
Modave,2020-07-14,0,13
Modave,2020-07-15,0,13
Modave,2020-07-16,0,13
Modave,2020-07-17,0,13
Modave,2020-07-18,0,13
Modave,2020-07-20,0,13
Modave,2020-07-21,0,13
Modave,2020-07-22,0,13
Modave,2020-07-23,0,13
Modave,2020-07-24,0,13
Modave,2020-07-25,0,13
Modave,2020-07-26,0,13
Modave,2020-07-27,0,13
Modave,2020-07-28,0,13
Modave,2020-07-29,0,13
Modave,2020-07-30,0,13
Modave,2020-07-31,0,13
Nandrin,2020-04-01,4,16
Nandrin,2020-04-02,1,17
Nandrin,2020-04-03,0,17
Nandrin,2020-04-04,1,18
Nandrin,2020-04-05,0,18
Nandrin,2020-04-06,0,18
Nandrin,2020-04-07,5,23
Nandrin,2020-04-08,0,23
Nandrin,2020-04-09,3,26
Nandrin,2020-04-10,0,26
Nandrin,2020-04-11,1,27
Nandrin,2020-04-12,0,27
Nandrin,2020-04-13,2,29
Nandrin,2020-04-14,1,30
Nandrin,2020-04-15,0,30
Nandrin,2020-04-16,1,31
Nandrin,2020-04-17,1,32
Nandrin,2020-04-18,0,32
Nandrin,2020-04-19,0,32
Nandrin,2020-04-20,0,32
Nandrin,2020-04-21,0,32
Nandrin,2020-04-22,0,32
Nandrin,2020-04-23,0,32
Nandrin,2020-04-24,0,32
Nandrin,2020-04-25,3,35
Nandrin,2020-04-26,0,35
Nandrin,2020-04-27,0,35
Nandrin,2020-04-28,0,35
Nandrin,2020-04-29,0,35
Nandrin,2020-04-30,1,36
Nandrin,2020-05-01,0,36
Nandrin,2020-05-02,0,36
Nandrin,2020-05-03,0,36
Nandrin,2020-05-04,0,36
Nandrin,2020-05-05,0,36
Nandrin,2020-05-06,0,36
Nandrin,2020-05-07,0,36
Nandrin,2020-05-08,0,36
Nandrin,2020-05-09,0,36
Nandrin,2020-05-10,0,36
Nandrin,2020-05-11,0,36
Nandrin,2020-05-12,0,36
Nandrin,2020-05-13,0,36
Nandrin,2020-05-14,0,36
Nandrin,2020-05-15,0,36
Nandrin,2020-05-16,0,36
Nandrin,2020-05-17,0,36
Nandrin,2020-05-18,2,38
Nandrin,2020-05-19,0,38
Nandrin,2020-05-20,0,38
Nandrin,2020-05-21,0,38
Nandrin,2020-05-22,0,38
Nandrin,2020-05-23,0,38
Nandrin,2020-05-24,0,38
Nandrin,2020-05-25,0,38
Nandrin,2020-05-26,0,38
Nandrin,2020-05-27,0,38
Nandrin,2020-05-28,0,38
Nandrin,2020-05-29,0,38
Nandrin,2020-05-30,0,38
Nandrin,2020-05-31,0,38
Nandrin,2020-06-01,0,38
Nandrin,2020-06-02,0,38
Nandrin,2020-06-03,0,38
Nandrin,2020-06-04,0,38
Nandrin,2020-06-05,0,38
Nandrin,2020-06-06,0,38
Nandrin,2020-06-07,0,38
Nandrin,2020-06-08,0,38
Nandrin,2020-06-09,0,38
Nandrin,2020-06-10,0,38
Nandrin,2020-06-11,0,38
Nandrin,2020-06-12,0,38
Nandrin,2020-06-13,0,38
Nandrin,2020-06-14,0,38
Nandrin,2020-06-15,0,38
Nandrin,2020-06-16,0,38
Nandrin,2020-06-17,0,38
Nandrin,2020-06-18,0,38
Nandrin,2020-06-19,0,38
Nandrin,2020-06-20,0,38
Nandrin,2020-06-23,0,38
Nandrin,2020-06-24,0,38
Nandrin,2020-06-25,0,38
Nandrin,2020-06-26,0,38
Nandrin,2020-06-27,0,38
Nandrin,2020-06-30,0,38
Nandrin,2020-07-01,0,38
Nandrin,2020-07-02,0,38
Nandrin,2020-07-03,0,38
Nandrin,2020-07-04,0,38
Nandrin,2020-07-07,0,38
Nandrin,2020-07-08,0,38
Nandrin,2020-07-09,0,38
Nandrin,2020-07-10,0,38
Nandrin,2020-07-11,0,38
Nandrin,2020-07-14,0,38
Nandrin,2020-07-15,0,38
Nandrin,2020-07-16,0,38
Nandrin,2020-07-17,0,38
Nandrin,2020-07-18,1,39
Nandrin,2020-07-20,0,39
Nandrin,2020-07-21,0,39
Nandrin,2020-07-22,0,39
Nandrin,2020-07-23,0,39
Nandrin,2020-07-24,0,39
Nandrin,2020-07-25,0,39
Nandrin,2020-07-26,0,39
Nandrin,2020-07-27,0,39
Nandrin,2020-07-28,0,39
Nandrin,2020-07-29,0,39
Nandrin,2020-07-30,0,39
Nandrin,2020-07-31,0,39
Ouffet,2020-04-01,0,0
Ouffet,2020-04-02,5,5
Ouffet,2020-04-03,0,5
Ouffet,2020-04-04,0,5
Ouffet,2020-04-05,0,5
Ouffet,2020-04-06,0,5
Ouffet,2020-04-07,0,5
Ouffet,2020-04-08,0,5
Ouffet,2020-04-09,0,5
Ouffet,2020-04-10,0,5
Ouffet,2020-04-11,0,5
Ouffet,2020-04-12,0,5
Ouffet,2020-04-13,0,5
Ouffet,2020-04-14,0,5
Ouffet,2020-04-15,0,5
Ouffet,2020-04-16,0,5
Ouffet,2020-04-17,0,5
Ouffet,2020-04-18,1,6
Ouffet,2020-04-19,0,6
Ouffet,2020-04-20,0,6
Ouffet,2020-04-21,0,6
Ouffet,2020-04-22,0,6
Ouffet,2020-04-23,0,6
Ouffet,2020-04-24,0,6
Ouffet,2020-04-25,0,6
Ouffet,2020-04-26,0,6
Ouffet,2020-04-27,0,6
Ouffet,2020-04-28,0,6
Ouffet,2020-04-29,0,6
Ouffet,2020-04-30,0,6
Ouffet,2020-05-01,0,6
Ouffet,2020-05-02,0,6
Ouffet,2020-05-03,0,6
Ouffet,2020-05-04,0,6
Ouffet,2020-05-05,0,6
Ouffet,2020-05-06,0,6
Ouffet,2020-05-07,0,6
Ouffet,2020-05-08,0,6
Ouffet,2020-05-09,0,6
Ouffet,2020-05-10,0,6
Ouffet,2020-05-11,0,6
Ouffet,2020-05-12,1,7
Ouffet,2020-05-13,0,7
Ouffet,2020-05-14,1,8
Ouffet,2020-05-15,0,8
Ouffet,2020-05-16,0,8
Ouffet,2020-05-17,0,8
Ouffet,2020-05-18,1,9
Ouffet,2020-05-19,0,9
Ouffet,2020-05-20,0,9
Ouffet,2020-05-21,0,9
Ouffet,2020-05-22,0,9
Ouffet,2020-05-23,0,9
Ouffet,2020-05-24,0,9
Ouffet,2020-05-25,0,9
Ouffet,2020-05-26,0,9
Ouffet,2020-05-27,0,9
Ouffet,2020-05-28,0,9
Ouffet,2020-05-29,0,9
Ouffet,2020-05-30,0,9
Ouffet,2020-05-31,0,9
Ouffet,2020-06-01,0,9
Ouffet,2020-06-02,0,9
Ouffet,2020-06-03,0,9
Ouffet,2020-06-04,0,9
Ouffet,2020-06-05,0,9
Ouffet,2020-06-06,0,9
Ouffet,2020-06-07,0,9
Ouffet,2020-06-08,0,9
Ouffet,2020-06-09,0,9
Ouffet,2020-06-10,0,9
Ouffet,2020-06-11,0,9
Ouffet,2020-06-12,0,9
Ouffet,2020-06-13,0,9
Ouffet,2020-06-14,0,9
Ouffet,2020-06-15,0,9
Ouffet,2020-06-16,0,9
Ouffet,2020-06-17,0,9
Ouffet,2020-06-18,0,9
Ouffet,2020-06-19,0,9
Ouffet,2020-06-20,0,9
Ouffet,2020-06-23,2,11
Ouffet,2020-06-24,0,11
Ouffet,2020-06-25,0,11
Ouffet,2020-06-26,0,11
Ouffet,2020-06-27,0,11
Ouffet,2020-06-30,0,11
Ouffet,2020-07-01,0,11
Ouffet,2020-07-02,0,11
Ouffet,2020-07-03,0,11
Ouffet,2020-07-04,0,11
Ouffet,2020-07-07,0,11
Ouffet,2020-07-08,0,11
Ouffet,2020-07-09,0,11
Ouffet,2020-07-10,0,11
Ouffet,2020-07-11,0,11
Ouffet,2020-07-14,0,11
Ouffet,2020-07-15,0,11
Ouffet,2020-07-16,0,11
Ouffet,2020-07-17,0,11
Ouffet,2020-07-18,0,11
Ouffet,2020-07-20,0,11
Ouffet,2020-07-21,0,11
Ouffet,2020-07-22,0,11
Ouffet,2020-07-23,0,11
Ouffet,2020-07-24,0,11
Ouffet,2020-07-25,0,11
Ouffet,2020-07-26,0,11
Ouffet,2020-07-27,0,11
Ouffet,2020-07-28,0,11
Ouffet,2020-07-29,0,11
Ouffet,2020-07-30,0,11
Ouffet,2020-07-31,0,11
Verlaine,2020-04-01,5,5
Verlaine,2020-04-02,0,5
Verlaine,2020-04-03,0,5
Verlaine,2020-04-04,0,5
Verlaine,2020-04-05,0,5
Verlaine,2020-04-06,0,5
Verlaine,2020-04-07,1,6
Verlaine,2020-04-08,0,6
Verlaine,2020-04-09,0,6
Verlaine,2020-04-10,0,6
Verlaine,2020-04-11,1,7
Verlaine,2020-04-12,0,7
Verlaine,2020-04-13,0,7
Verlaine,2020-04-14,0,7
Verlaine,2020-04-15,0,7
Verlaine,2020-04-16,0,7
Verlaine,2020-04-17,0,7
Verlaine,2020-04-18,0,7
Verlaine,2020-04-19,0,7
Verlaine,2020-04-20,0,7
Verlaine,2020-04-21,0,7
Verlaine,2020-04-22,0,7
Verlaine,2020-04-23,0,7
Verlaine,2020-04-24,0,7
Verlaine,2020-04-25,0,7
Verlaine,2020-04-26,0,7
Verlaine,2020-04-27,0,7
Verlaine,2020-04-28,0,7
Verlaine,2020-04-29,0,7
Verlaine,2020-04-30,0,7
Verlaine,2020-05-01,0,7
Verlaine,2020-05-02,0,7
Verlaine,2020-05-03,0,7
Verlaine,2020-05-04,0,7
Verlaine,2020-05-05,1,8
Verlaine,2020-05-06,0,8
Verlaine,2020-05-07,0,8
Verlaine,2020-05-08,0,8
Verlaine,2020-05-09,0,8
Verlaine,2020-05-10,0,8
Verlaine,2020-05-11,0,8
Verlaine,2020-05-12,2,10
Verlaine,2020-05-13,-1,9
Verlaine,2020-05-14,0,9
Verlaine,2020-05-15,0,9
Verlaine,2020-05-16,0,9
Verlaine,2020-05-17,0,9
Verlaine,2020-05-18,0,9
Verlaine,2020-05-19,0,9
Verlaine,2020-05-20,0,9
Verlaine,2020-05-21,0,9
Verlaine,2020-05-22,1,10
Verlaine,2020-05-23,0,10
Verlaine,2020-05-24,0,10
Verlaine,2020-05-25,0,10
Verlaine,2020-05-26,0,10
Verlaine,2020-05-27,0,10
Verlaine,2020-05-28,0,10
Verlaine,2020-05-29,0,10
Verlaine,2020-05-30,0,10
Verlaine,2020-05-31,0,10
Verlaine,2020-06-01,0,10
Verlaine,2020-06-02,0,10
Verlaine,2020-06-03,0,10
Verlaine,2020-06-04,0,10
Verlaine,2020-06-05,0,10
Verlaine,2020-06-06,0,10
Verlaine,2020-06-07,0,10
Verlaine,2020-06-08,0,10
Verlaine,2020-06-09,0,10
Verlaine,2020-06-10,0,10
Verlaine,2020-06-11,0,10
Verlaine,2020-06-12,0,10
Verlaine,2020-06-13,0,10
Verlaine,2020-06-14,0,10
Verlaine,2020-06-15,0,10
Verlaine,2020-06-16,0,10
Verlaine,2020-06-17,0,10
Verlaine,2020-06-18,0,10
Verlaine,2020-06-19,0,10
Verlaine,2020-06-20,0,10
Verlaine,2020-06-23,0,10
Verlaine,2020-06-24,0,10
Verlaine,2020-06-25,0,10
Verlaine,2020-06-26,0,10
Verlaine,2020-06-27,0,10
Verlaine,2020-06-30,0,10
Verlaine,2020-07-01,0,10
Verlaine,2020-07-02,0,10
Verlaine,2020-07-03,0,10
Verlaine,2020-07-04,0,10
Verlaine,2020-07-07,0,10
Verlaine,2020-07-08,0,10
Verlaine,2020-07-09,0,10
Verlaine,2020-07-10,0,10
Verlaine,2020-07-11,0,10
Verlaine,2020-07-14,0,10
Verlaine,2020-07-15,0,10
Verlaine,2020-07-16,0,10
Verlaine,2020-07-17,0,10
Verlaine,2020-07-18,0,10
Verlaine,2020-07-20,0,10
Verlaine,2020-07-21,0,10
Verlaine,2020-07-22,0,10
Verlaine,2020-07-23,0,10
Verlaine,2020-07-24,0,10
Verlaine,2020-07-25,0,10
Verlaine,2020-07-26,0,10
Verlaine,2020-07-27,0,10
Verlaine,2020-07-28,0,10
Verlaine,2020-07-29,0,10
Verlaine,2020-07-30,0,10
Verlaine,2020-07-31,0,10
Villers-Le-Bouillet,2020-04-01,0,5
Villers-Le-Bouillet,2020-04-02,0,5
Villers-Le-Bouillet,2020-04-03,1,6
Villers-Le-Bouillet,2020-04-04,0,6
Villers-Le-Bouillet,2020-04-05,0,6
Villers-Le-Bouillet,2020-04-06,1,7
Villers-Le-Bouillet,2020-04-07,1,8
Villers-Le-Bouillet,2020-04-08,0,8
Villers-Le-Bouillet,2020-04-09,0,8
Villers-Le-Bouillet,2020-04-10,1,9
Villers-Le-Bouillet,2020-04-11,1,10
Villers-Le-Bouillet,2020-04-12,0,10
Villers-Le-Bouillet,2020-04-13,0,10
Villers-Le-Bouillet,2020-04-14,0,10
Villers-Le-Bouillet,2020-04-15,1,11
Villers-Le-Bouillet,2020-04-16,1,12
Villers-Le-Bouillet,2020-04-17,2,14
Villers-Le-Bouillet,2020-04-18,1,15
Villers-Le-Bouillet,2020-04-19,0,15
Villers-Le-Bouillet,2020-04-20,1,16
Villers-Le-Bouillet,2020-04-21,0,16
Villers-Le-Bouillet,2020-04-22,0,16
Villers-Le-Bouillet,2020-04-23,0,16
Villers-Le-Bouillet,2020-04-24,0,16
Villers-Le-Bouillet,2020-04-25,0,16
Villers-Le-Bouillet,2020-04-26,0,16
Villers-Le-Bouillet,2020-04-27,0,16
Villers-Le-Bouillet,2020-04-28,1,17
Villers-Le-Bouillet,2020-04-29,0,17
Villers-Le-Bouillet,2020-04-30,0,17
Villers-Le-Bouillet,2020-05-01,0,17
Villers-Le-Bouillet,2020-05-02,0,17
Villers-Le-Bouillet,2020-05-03,0,17
Villers-Le-Bouillet,2020-05-04,0,17
Villers-Le-Bouillet,2020-05-05,0,17
Villers-Le-Bouillet,2020-05-06,0,17
Villers-Le-Bouillet,2020-05-07,0,17
Villers-Le-Bouillet,2020-05-08,0,17
Villers-Le-Bouillet,2020-05-09,0,17
Villers-Le-Bouillet,2020-05-10,0,17
Villers-Le-Bouillet,2020-05-11,0,17
Villers-Le-Bouillet,2020-05-12,0,17
Villers-Le-Bouillet,2020-05-13,0,17
Villers-Le-Bouillet,2020-05-14,0,17
Villers-Le-Bouillet,2020-05-15,0,17
Villers-Le-Bouillet,2020-05-16,0,17
Villers-Le-Bouillet,2020-05-17,0,17
Villers-Le-Bouillet,2020-05-18,1,18
Villers-Le-Bouillet,2020-05-19,0,18
Villers-Le-Bouillet,2020-05-20,0,18
Villers-Le-Bouillet,2020-05-21,0,18
Villers-Le-Bouillet,2020-05-22,0,18
Villers-Le-Bouillet,2020-05-23,0,18
Villers-Le-Bouillet,2020-05-24,0,18
Villers-Le-Bouillet,2020-05-25,0,18
Villers-Le-Bouillet,2020-05-26,0,18
Villers-Le-Bouillet,2020-05-27,0,18
Villers-Le-Bouillet,2020-05-28,0,18
Villers-Le-Bouillet,2020-05-29,0,18
Villers-Le-Bouillet,2020-05-30,0,18
Villers-Le-Bouillet,2020-05-31,0,18
Villers-Le-Bouillet,2020-06-01,0,18
Villers-Le-Bouillet,2020-06-02,0,18
Villers-Le-Bouillet,2020-06-03,0,18
Villers-Le-Bouillet,2020-06-04,0,18
Villers-Le-Bouillet,2020-06-05,0,18
Villers-Le-Bouillet,2020-06-06,0,18
Villers-Le-Bouillet,2020-06-07,0,18
Villers-Le-Bouillet,2020-06-08,0,18
Villers-Le-Bouillet,2020-06-09,0,18
Villers-Le-Bouillet,2020-06-10,0,18
Villers-Le-Bouillet,2020-06-11,0,18
Villers-Le-Bouillet,2020-06-12,0,18
Villers-Le-Bouillet,2020-06-13,1,19
Villers-Le-Bouillet,2020-06-14,0,19
Villers-Le-Bouillet,2020-06-15,0,19
Villers-Le-Bouillet,2020-06-16,0,19
Villers-Le-Bouillet,2020-06-17,0,19
Villers-Le-Bouillet,2020-06-18,0,19
Villers-Le-Bouillet,2020-06-19,0,19
Villers-Le-Bouillet,2020-06-20,0,19
Villers-Le-Bouillet,2020-06-23,0,19
Villers-Le-Bouillet,2020-06-24,0,19
Villers-Le-Bouillet,2020-06-25,0,19
Villers-Le-Bouillet,2020-06-26,0,19
Villers-Le-Bouillet,2020-06-27,0,19
Villers-Le-Bouillet,2020-06-30,0,19
Villers-Le-Bouillet,2020-07-01,0,19
Villers-Le-Bouillet,2020-07-02,0,19
Villers-Le-Bouillet,2020-07-03,0,19
Villers-Le-Bouillet,2020-07-04,0,19
Villers-Le-Bouillet,2020-07-07,0,19
Villers-Le-Bouillet,2020-07-08,0,19
Villers-Le-Bouillet,2020-07-09,0,19
Villers-Le-Bouillet,2020-07-10,0,19
Villers-Le-Bouillet,2020-07-11,0,19
Villers-Le-Bouillet,2020-07-14,0,19
Villers-Le-Bouillet,2020-07-15,1,20
Villers-Le-Bouillet,2020-07-16,0,20
Villers-Le-Bouillet,2020-07-17,0,20
Villers-Le-Bouillet,2020-07-18,0,20
Villers-Le-Bouillet,2020-07-20,0,20
Villers-Le-Bouillet,2020-07-21,1,21
Villers-Le-Bouillet,2020-07-22,0,21
Villers-Le-Bouillet,2020-07-23,1,22
Villers-Le-Bouillet,2020-07-24,0,22
Villers-Le-Bouillet,2020-07-25,1,23
Villers-Le-Bouillet,2020-07-26,0,23
Villers-Le-Bouillet,2020-07-27,0,23
Villers-Le-Bouillet,2020-07-28,1,24
Villers-Le-Bouillet,2020-07-29,0,24
Villers-Le-Bouillet,2020-07-30,0,24
Villers-Le-Bouillet,2020-07-31,0,24
Wanze,2020-04-01,2,13
Wanze,2020-04-02,3,16
Wanze,2020-04-03,0,16
Wanze,2020-04-04,3,19
Wanze,2020-04-05,2,21
Wanze,2020-04-06,2,23
Wanze,2020-04-07,0,23
Wanze,2020-04-08,1,24
Wanze,2020-04-09,0,24
Wanze,2020-04-10,4,28
Wanze,2020-04-11,3,31
Wanze,2020-04-12,0,31
Wanze,2020-04-13,0,31
Wanze,2020-04-14,0,31
Wanze,2020-04-15,0,31
Wanze,2020-04-16,2,33
Wanze,2020-04-17,5,38
Wanze,2020-04-18,4,42
Wanze,2020-04-19,1,43
Wanze,2020-04-20,3,46
Wanze,2020-04-21,0,46
Wanze,2020-04-22,2,48
Wanze,2020-04-23,1,49
Wanze,2020-04-24,2,51
Wanze,2020-04-25,1,52
Wanze,2020-04-26,1,53
Wanze,2020-04-27,1,54
Wanze,2020-04-28,1,55
Wanze,2020-04-29,0,55
Wanze,2020-04-30,1,56
Wanze,2020-05-01,0,56
Wanze,2020-05-02,0,56
Wanze,2020-05-03,0,56
Wanze,2020-05-04,1,57
Wanze,2020-05-05,0,57
Wanze,2020-05-06,0,57
Wanze,2020-05-07,0,57
Wanze,2020-05-08,2,59
Wanze,2020-05-09,0,59
Wanze,2020-05-10,3,62
Wanze,2020-05-11,0,62
Wanze,2020-05-12,0,62
Wanze,2020-05-13,0,62
Wanze,2020-05-14,0,62
Wanze,2020-05-15,0,62
Wanze,2020-05-16,0,62
Wanze,2020-05-17,0,62
Wanze,2020-05-18,0,62
Wanze,2020-05-19,0,62
Wanze,2020-05-20,0,62
Wanze,2020-05-21,0,62
Wanze,2020-05-22,0,62
Wanze,2020-05-23,0,62
Wanze,2020-05-24,0,62
Wanze,2020-05-25,0,62
Wanze,2020-05-26,0,62
Wanze,2020-05-27,0,62
Wanze,2020-05-28,1,63
Wanze,2020-05-29,0,63
Wanze,2020-05-30,0,63
Wanze,2020-05-31,0,63
Wanze,2020-06-01,0,63
Wanze,2020-06-02,0,63
Wanze,2020-06-03,0,63
Wanze,2020-06-04,0,63
Wanze,2020-06-05,0,63
Wanze,2020-06-06,0,63
Wanze,2020-06-07,0,63
Wanze,2020-06-08,0,63
Wanze,2020-06-09,0,63
Wanze,2020-06-10,0,63
Wanze,2020-06-11,0,63
Wanze,2020-06-12,0,63
Wanze,2020-06-13,0,63
Wanze,2020-06-14,0,63
Wanze,2020-06-15,0,63
Wanze,2020-06-16,0,63
Wanze,2020-06-17,0,63
Wanze,2020-06-18,0,63
Wanze,2020-06-19,0,63
Wanze,2020-06-20,0,63
Wanze,2020-06-23,0,63
Wanze,2020-06-24,0,63
Wanze,2020-06-25,0,63
Wanze,2020-06-26,0,63
Wanze,2020-06-27,0,63
Wanze,2020-06-30,0,63
Wanze,2020-07-01,0,63
Wanze,2020-07-02,0,63
Wanze,2020-07-03,0,63
Wanze,2020-07-04,0,63
Wanze,2020-07-07,0,63
Wanze,2020-07-08,0,63
Wanze,2020-07-09,0,63
Wanze,2020-07-10,0,63
Wanze,2020-07-11,0,63
Wanze,2020-07-14,0,63
Wanze,2020-07-15,0,63
Wanze,2020-07-16,0,63
Wanze,2020-07-17,0,63
Wanze,2020-07-18,0,63
Wanze,2020-07-20,0,63
Wanze,2020-07-21,0,63
Wanze,2020-07-22,0,63
Wanze,2020-07-23,2,65
Wanze,2020-07-24,0,65
Wanze,2020-07-25,0,65
Wanze,2020-07-26,0,65
Wanze,2020-07-27,0,65
Wanze,2020-07-28,0,65
Wanze,2020-07-29,1,66
Wanze,2020-07-30,0,66
Wanze,2020-07-31,0,66
Anthisnes,2020-04-01,1,7
Anthisnes,2020-04-02,0,7
Anthisnes,2020-04-03,0,7
Anthisnes,2020-04-04,1,8
Anthisnes,2020-04-05,0,8
Anthisnes,2020-04-06,0,8
Anthisnes,2020-04-07,3,11
Anthisnes,2020-04-08,1,12
Anthisnes,2020-04-09,1,13
Anthisnes,2020-04-10,0,13
Anthisnes,2020-04-11,1,14
Anthisnes,2020-04-12,0,14
Anthisnes,2020-04-13,0,14
Anthisnes,2020-04-14,0,14
Anthisnes,2020-04-15,2,16
Anthisnes,2020-04-16,0,16
Anthisnes,2020-04-17,0,16
Anthisnes,2020-04-18,0,16
Anthisnes,2020-04-19,0,16
Anthisnes,2020-04-20,1,17
Anthisnes,2020-04-21,1,18
Anthisnes,2020-04-22,0,18
Anthisnes,2020-04-23,0,18
Anthisnes,2020-04-24,0,18
Anthisnes,2020-04-25,0,18
Anthisnes,2020-04-26,0,18
Anthisnes,2020-04-27,0,18
Anthisnes,2020-04-28,0,18
Anthisnes,2020-04-29,0,18
Anthisnes,2020-04-30,1,19
Anthisnes,2020-05-01,0,19
Anthisnes,2020-05-02,1,20
Anthisnes,2020-05-03,0,20
Anthisnes,2020-05-04,0,20
Anthisnes,2020-05-05,0,20
Anthisnes,2020-05-06,0,20
Anthisnes,2020-05-07,1,21
Anthisnes,2020-05-08,0,21
Anthisnes,2020-05-09,1,22
Anthisnes,2020-05-10,0,22
Anthisnes,2020-05-11,0,22
Anthisnes,2020-05-12,0,22
Anthisnes,2020-05-13,0,22
Anthisnes,2020-05-14,0,22
Anthisnes,2020-05-15,0,22
Anthisnes,2020-05-16,0,22
Anthisnes,2020-05-17,0,22
Anthisnes,2020-05-18,1,23
Anthisnes,2020-05-19,0,23
Anthisnes,2020-05-20,0,23
Anthisnes,2020-05-21,0,23
Anthisnes,2020-05-22,0,23
Anthisnes,2020-05-23,0,23
Anthisnes,2020-05-24,0,23
Anthisnes,2020-05-25,0,23
Anthisnes,2020-05-26,0,23
Anthisnes,2020-05-27,0,23
Anthisnes,2020-05-28,0,23
Anthisnes,2020-05-29,0,23
Anthisnes,2020-05-30,0,23
Anthisnes,2020-05-31,0,23
Anthisnes,2020-06-01,0,23
Anthisnes,2020-06-02,0,23
Anthisnes,2020-06-03,0,23
Anthisnes,2020-06-04,0,23
Anthisnes,2020-06-05,0,23
Anthisnes,2020-06-06,0,23
Anthisnes,2020-06-07,0,23
Anthisnes,2020-06-08,0,23
Anthisnes,2020-06-09,0,23
Anthisnes,2020-06-10,0,23
Anthisnes,2020-06-11,0,23
Anthisnes,2020-06-12,0,23
Anthisnes,2020-06-13,0,23
Anthisnes,2020-06-14,0,23
Anthisnes,2020-06-15,0,23
Anthisnes,2020-06-16,0,23
Anthisnes,2020-06-17,0,23
Anthisnes,2020-06-18,0,23
Anthisnes,2020-06-19,0,23
Anthisnes,2020-06-20,0,23
Anthisnes,2020-06-23,0,23
Anthisnes,2020-06-24,0,23
Anthisnes,2020-06-25,0,23
Anthisnes,2020-06-26,0,23
Anthisnes,2020-06-27,0,23
Anthisnes,2020-06-30,0,23
Anthisnes,2020-07-01,0,23
Anthisnes,2020-07-02,0,23
Anthisnes,2020-07-03,0,23
Anthisnes,2020-07-04,0,23
Anthisnes,2020-07-07,0,23
Anthisnes,2020-07-08,0,23
Anthisnes,2020-07-09,0,23
Anthisnes,2020-07-10,0,23
Anthisnes,2020-07-11,0,23
Anthisnes,2020-07-14,0,23
Anthisnes,2020-07-15,0,23
Anthisnes,2020-07-16,0,23
Anthisnes,2020-07-17,0,23
Anthisnes,2020-07-18,0,23
Anthisnes,2020-07-20,0,23
Anthisnes,2020-07-21,0,23
Anthisnes,2020-07-22,0,23
Anthisnes,2020-07-23,0,23
Anthisnes,2020-07-24,0,23
Anthisnes,2020-07-25,0,23
Anthisnes,2020-07-26,0,23
Anthisnes,2020-07-27,0,23
Anthisnes,2020-07-28,0,23
Anthisnes,2020-07-29,0,23
Anthisnes,2020-07-30,0,23
Anthisnes,2020-07-31,0,23
Engis,2020-04-01,2,9
Engis,2020-04-02,0,9
Engis,2020-04-03,1,10
Engis,2020-04-04,2,12
Engis,2020-04-05,0,12
Engis,2020-04-06,0,12
Engis,2020-04-07,4,16
Engis,2020-04-08,1,17
Engis,2020-04-09,0,17
Engis,2020-04-10,1,18
Engis,2020-04-11,0,18
Engis,2020-04-12,0,18
Engis,2020-04-13,0,18
Engis,2020-04-14,0,18
Engis,2020-04-15,4,22
Engis,2020-04-16,0,22
Engis,2020-04-17,3,25
Engis,2020-04-18,1,26
Engis,2020-04-19,0,26
Engis,2020-04-20,1,27
Engis,2020-04-21,0,27
Engis,2020-04-22,0,27
Engis,2020-04-23,0,27
Engis,2020-04-24,0,27
Engis,2020-04-25,0,27
Engis,2020-04-26,1,28
Engis,2020-04-27,1,29
Engis,2020-04-28,1,30
Engis,2020-04-29,0,30
Engis,2020-04-30,0,30
Engis,2020-05-01,0,30
Engis,2020-05-02,0,30
Engis,2020-05-03,1,31
Engis,2020-05-04,0,31
Engis,2020-05-05,0,31
Engis,2020-05-06,0,31
Engis,2020-05-07,0,31
Engis,2020-05-08,0,31
Engis,2020-05-09,0,31
Engis,2020-05-10,0,31
Engis,2020-05-11,0,31
Engis,2020-05-12,0,31
Engis,2020-05-13,0,31
Engis,2020-05-14,0,31
Engis,2020-05-15,0,31
Engis,2020-05-16,0,31
Engis,2020-05-17,0,31
Engis,2020-05-18,1,32
Engis,2020-05-19,0,32
Engis,2020-05-20,0,32
Engis,2020-05-21,0,32
Engis,2020-05-22,0,32
Engis,2020-05-23,0,32
Engis,2020-05-24,0,32
Engis,2020-05-25,1,33
Engis,2020-05-26,0,33
Engis,2020-05-27,0,33
Engis,2020-05-28,0,33
Engis,2020-05-29,3,36
Engis,2020-05-30,0,36
Engis,2020-05-31,0,36
Engis,2020-06-01,0,36
Engis,2020-06-02,0,36
Engis,2020-06-03,1,37
Engis,2020-06-04,1,38
Engis,2020-06-05,0,38
Engis,2020-06-06,0,38
Engis,2020-06-07,0,38
Engis,2020-06-08,0,38
Engis,2020-06-09,0,38
Engis,2020-06-10,0,38
Engis,2020-06-11,0,38
Engis,2020-06-12,0,38
Engis,2020-06-13,0,38
Engis,2020-06-14,0,38
Engis,2020-06-15,0,38
Engis,2020-06-16,1,39
Engis,2020-06-17,0,39
Engis,2020-06-18,0,39
Engis,2020-06-19,0,39
Engis,2020-06-20,0,39
Engis,2020-06-23,0,39
Engis,2020-06-24,0,39
Engis,2020-06-25,0,39
Engis,2020-06-26,0,39
Engis,2020-06-27,0,39
Engis,2020-06-30,0,39
Engis,2020-07-01,0,39
Engis,2020-07-02,0,39
Engis,2020-07-03,0,39
Engis,2020-07-04,0,39
Engis,2020-07-07,0,39
Engis,2020-07-08,0,39
Engis,2020-07-09,0,39
Engis,2020-07-10,0,39
Engis,2020-07-11,0,39
Engis,2020-07-14,0,39
Engis,2020-07-15,0,39
Engis,2020-07-16,0,39
Engis,2020-07-17,0,39
Engis,2020-07-18,1,40
Engis,2020-07-20,0,40
Engis,2020-07-21,0,40
Engis,2020-07-22,0,40
Engis,2020-07-23,0,40
Engis,2020-07-24,0,40
Engis,2020-07-25,0,40
Engis,2020-07-26,0,40
Engis,2020-07-27,0,40
Engis,2020-07-28,1,41
Engis,2020-07-29,1,42
Engis,2020-07-30,0,42
Engis,2020-07-31,0,42
Tinlot,2020-04-01,0,5
Tinlot,2020-04-02,0,5
Tinlot,2020-04-03,0,5
Tinlot,2020-04-04,0,5
Tinlot,2020-04-05,0,5
Tinlot,2020-04-06,0,5
Tinlot,2020-04-07,2,7
Tinlot,2020-04-08,1,8
Tinlot,2020-04-09,0,8
Tinlot,2020-04-10,0,8
Tinlot,2020-04-11,0,8
Tinlot,2020-04-12,0,8
Tinlot,2020-04-13,0,8
Tinlot,2020-04-14,0,8
Tinlot,2020-04-15,1,9
Tinlot,2020-04-16,1,10
Tinlot,2020-04-17,1,11
Tinlot,2020-04-18,0,11
Tinlot,2020-04-19,0,11
Tinlot,2020-04-20,0,11
Tinlot,2020-04-21,0,11
Tinlot,2020-04-22,0,11
Tinlot,2020-04-23,0,11
Tinlot,2020-04-24,0,11
Tinlot,2020-04-25,0,11
Tinlot,2020-04-26,0,11
Tinlot,2020-04-27,0,11
Tinlot,2020-04-28,0,11
Tinlot,2020-04-29,0,11
Tinlot,2020-04-30,0,11
Tinlot,2020-05-01,0,11
Tinlot,2020-05-02,0,11
Tinlot,2020-05-03,0,11
Tinlot,2020-05-04,0,11
Tinlot,2020-05-05,0,11
Tinlot,2020-05-06,0,11
Tinlot,2020-05-07,0,11
Tinlot,2020-05-08,0,11
Tinlot,2020-05-09,0,11
Tinlot,2020-05-10,0,11
Tinlot,2020-05-11,0,11
Tinlot,2020-05-12,0,11
Tinlot,2020-05-13,0,11
Tinlot,2020-05-14,0,11
Tinlot,2020-05-15,0,11
Tinlot,2020-05-16,0,11
Tinlot,2020-05-17,0,11
Tinlot,2020-05-18,0,11
Tinlot,2020-05-19,0,11
Tinlot,2020-05-20,0,11
Tinlot,2020-05-21,0,11
Tinlot,2020-05-22,0,11
Tinlot,2020-05-23,0,11
Tinlot,2020-05-24,0,11
Tinlot,2020-05-25,0,11
Tinlot,2020-05-26,0,11
Tinlot,2020-05-27,0,11
Tinlot,2020-05-28,0,11
Tinlot,2020-05-29,0,11
Tinlot,2020-05-30,0,11
Tinlot,2020-05-31,0,11
Tinlot,2020-06-01,0,11
Tinlot,2020-06-02,0,11
Tinlot,2020-06-03,0,11
Tinlot,2020-06-04,0,11
Tinlot,2020-06-05,0,11
Tinlot,2020-06-06,0,11
Tinlot,2020-06-07,0,11
Tinlot,2020-06-08,0,11
Tinlot,2020-06-09,0,11
Tinlot,2020-06-10,0,11
Tinlot,2020-06-11,0,11
Tinlot,2020-06-12,0,11
Tinlot,2020-06-13,0,11
Tinlot,2020-06-14,0,11
Tinlot,2020-06-15,0,11
Tinlot,2020-06-16,0,11
Tinlot,2020-06-17,0,11
Tinlot,2020-06-18,0,11
Tinlot,2020-06-19,0,11
Tinlot,2020-06-20,0,11
Tinlot,2020-06-23,0,11
Tinlot,2020-06-24,0,11
Tinlot,2020-06-25,0,11
Tinlot,2020-06-26,0,11
Tinlot,2020-06-27,0,11
Tinlot,2020-06-30,0,11
Tinlot,2020-07-01,0,11
Tinlot,2020-07-02,0,11
Tinlot,2020-07-03,0,11
Tinlot,2020-07-04,0,11
Tinlot,2020-07-07,0,11
Tinlot,2020-07-08,0,11
Tinlot,2020-07-09,0,11
Tinlot,2020-07-10,0,11
Tinlot,2020-07-11,0,11
Tinlot,2020-07-14,0,11
Tinlot,2020-07-15,0,11
Tinlot,2020-07-16,0,11
Tinlot,2020-07-17,0,11
Tinlot,2020-07-18,0,11
Tinlot,2020-07-20,0,11
Tinlot,2020-07-21,0,11
Tinlot,2020-07-22,0,11
Tinlot,2020-07-23,0,11
Tinlot,2020-07-24,0,11
Tinlot,2020-07-25,0,11
Tinlot,2020-07-26,0,11
Tinlot,2020-07-27,0,11
Tinlot,2020-07-28,0,11
Tinlot,2020-07-29,0,11
Tinlot,2020-07-30,0,11
Tinlot,2020-07-31,0,11
Ans,2020-04-01,0,20
Ans,2020-04-02,1,21
Ans,2020-04-03,1,22
Ans,2020-04-04,9,31
Ans,2020-04-05,1,32
Ans,2020-04-06,0,32
Ans,2020-04-07,15,47
Ans,2020-04-08,5,52
Ans,2020-04-09,2,54
Ans,2020-04-10,1,55
Ans,2020-04-11,11,66
Ans,2020-04-12,5,71
Ans,2020-04-13,0,71
Ans,2020-04-14,1,72
Ans,2020-04-15,6,78
Ans,2020-04-16,1,79
Ans,2020-04-17,5,84
Ans,2020-04-18,2,86
Ans,2020-04-19,3,89
Ans,2020-04-20,6,95
Ans,2020-04-21,3,98
Ans,2020-04-22,3,101
Ans,2020-04-23,0,101
Ans,2020-04-24,3,104
Ans,2020-04-25,1,105
Ans,2020-04-26,4,109
Ans,2020-04-27,4,113
Ans,2020-04-28,3,116
Ans,2020-04-29,0,116
Ans,2020-04-30,3,119
Ans,2020-05-01,0,119
Ans,2020-05-02,1,120
Ans,2020-05-03,0,120
Ans,2020-05-04,0,120
Ans,2020-05-05,1,121
Ans,2020-05-06,0,121
Ans,2020-05-07,1,122
Ans,2020-05-08,1,123
Ans,2020-05-09,0,123
Ans,2020-05-10,4,127
Ans,2020-05-11,0,127
Ans,2020-05-12,1,128
Ans,2020-05-13,1,129
Ans,2020-05-14,1,130
Ans,2020-05-15,0,130
Ans,2020-05-16,0,130
Ans,2020-05-17,0,130
Ans,2020-05-18,0,130
Ans,2020-05-19,0,130
Ans,2020-05-20,0,130
Ans,2020-05-21,0,130
Ans,2020-05-22,0,130
Ans,2020-05-23,1,131
Ans,2020-05-24,0,131
Ans,2020-05-25,0,131
Ans,2020-05-26,0,131
Ans,2020-05-27,0,131
Ans,2020-05-28,0,131
Ans,2020-05-29,0,131
Ans,2020-05-30,2,133
Ans,2020-05-31,0,133
Ans,2020-06-01,1,134
Ans,2020-06-02,0,134
Ans,2020-06-03,1,135
Ans,2020-06-04,0,135
Ans,2020-06-05,0,135
Ans,2020-06-06,0,135
Ans,2020-06-07,1,136
Ans,2020-06-08,0,136
Ans,2020-06-09,3,139
Ans,2020-06-10,2,141
Ans,2020-06-11,1,142
Ans,2020-06-12,0,142
Ans,2020-06-13,0,142
Ans,2020-06-14,0,142
Ans,2020-06-15,0,142
Ans,2020-06-16,0,142
Ans,2020-06-17,1,143
Ans,2020-06-18,0,143
Ans,2020-06-19,0,143
Ans,2020-06-20,0,143
Ans,2020-06-23,2,145
Ans,2020-06-24,0,145
Ans,2020-06-25,0,145
Ans,2020-06-26,0,145
Ans,2020-06-27,1,146
Ans,2020-06-30,0,146
Ans,2020-07-01,0,146
Ans,2020-07-02,0,146
Ans,2020-07-03,0,146
Ans,2020-07-04,0,146
Ans,2020-07-07,0,146
Ans,2020-07-08,0,146
Ans,2020-07-09,0,146
Ans,2020-07-10,1,147
Ans,2020-07-11,0,147
Ans,2020-07-14,0,147
Ans,2020-07-15,0,147
Ans,2020-07-16,0,147
Ans,2020-07-17,0,147
Ans,2020-07-18,0,147
Ans,2020-07-20,1,148
Ans,2020-07-21,0,148
Ans,2020-07-22,0,148
Ans,2020-07-23,3,151
Ans,2020-07-24,1,152
Ans,2020-07-25,0,152
Ans,2020-07-26,0,152
Ans,2020-07-27,0,152
Ans,2020-07-28,3,155
Ans,2020-07-29,0,155
Ans,2020-07-30,2,157
Ans,2020-07-31,0,157
Awans,2020-04-01,1,13
Awans,2020-04-02,0,13
Awans,2020-04-03,2,15
Awans,2020-04-04,3,18
Awans,2020-04-05,0,18
Awans,2020-04-06,0,18
Awans,2020-04-07,3,21
Awans,2020-04-08,2,23
Awans,2020-04-09,1,24
Awans,2020-04-10,1,25
Awans,2020-04-11,3,28
Awans,2020-04-12,3,31
Awans,2020-04-13,1,32
Awans,2020-04-14,0,32
Awans,2020-04-15,3,35
Awans,2020-04-16,0,35
Awans,2020-04-17,0,35
Awans,2020-04-18,2,37
Awans,2020-04-19,1,38
Awans,2020-04-20,11,49
Awans,2020-04-21,3,52
Awans,2020-04-22,0,52
Awans,2020-04-23,0,52
Awans,2020-04-24,5,57
Awans,2020-04-25,1,58
Awans,2020-04-26,2,60
Awans,2020-04-27,2,62
Awans,2020-04-28,1,63
Awans,2020-04-29,0,63
Awans,2020-04-30,0,63
Awans,2020-05-01,1,64
Awans,2020-05-02,0,64
Awans,2020-05-03,0,64
Awans,2020-05-04,0,64
Awans,2020-05-05,0,64
Awans,2020-05-06,1,65
Awans,2020-05-07,1,66
Awans,2020-05-08,0,66
Awans,2020-05-09,0,66
Awans,2020-05-10,3,69
Awans,2020-05-11,2,71
Awans,2020-05-12,0,71
Awans,2020-05-13,0,71
Awans,2020-05-14,0,71
Awans,2020-05-15,0,71
Awans,2020-05-16,0,71
Awans,2020-05-17,0,71
Awans,2020-05-18,0,71
Awans,2020-05-19,1,72
Awans,2020-05-20,1,73
Awans,2020-05-21,0,73
Awans,2020-05-22,2,75
Awans,2020-05-23,0,75
Awans,2020-05-24,2,77
Awans,2020-05-25,5,82
Awans,2020-05-26,0,82
Awans,2020-05-27,1,83
Awans,2020-05-28,0,83
Awans,2020-05-29,0,83
Awans,2020-05-30,0,83
Awans,2020-05-31,1,84
Awans,2020-06-01,0,84
Awans,2020-06-02,1,85
Awans,2020-06-03,0,85
Awans,2020-06-04,0,85
Awans,2020-06-05,0,85
Awans,2020-06-06,2,87
Awans,2020-06-07,0,87
Awans,2020-06-08,0,87
Awans,2020-06-09,0,87
Awans,2020-06-10,0,87
Awans,2020-06-11,0,87
Awans,2020-06-12,0,87
Awans,2020-06-13,0,87
Awans,2020-06-14,0,87
Awans,2020-06-15,0,87
Awans,2020-06-16,1,88
Awans,2020-06-17,0,88
Awans,2020-06-18,0,88
Awans,2020-06-19,0,88
Awans,2020-06-20,0,88
Awans,2020-06-23,0,88
Awans,2020-06-24,0,88
Awans,2020-06-25,1,89
Awans,2020-06-26,0,89
Awans,2020-06-27,0,89
Awans,2020-06-30,0,89
Awans,2020-07-01,0,89
Awans,2020-07-02,0,89
Awans,2020-07-03,0,89
Awans,2020-07-04,0,89
Awans,2020-07-07,2,91
Awans,2020-07-08,0,91
Awans,2020-07-09,1,92
Awans,2020-07-10,0,92
Awans,2020-07-11,0,92
Awans,2020-07-14,0,92
Awans,2020-07-15,0,92
Awans,2020-07-16,0,92
Awans,2020-07-17,0,92
Awans,2020-07-18,0,92
Awans,2020-07-20,0,92
Awans,2020-07-21,0,92
Awans,2020-07-22,0,92
Awans,2020-07-23,0,92
Awans,2020-07-24,0,92
Awans,2020-07-25,0,92
Awans,2020-07-26,0,92
Awans,2020-07-27,0,92
Awans,2020-07-28,0,92
Awans,2020-07-29,0,92
Awans,2020-07-30,0,92
Awans,2020-07-31,0,92
Aywaille,2020-04-01,1,13
Aywaille,2020-04-02,0,13
Aywaille,2020-04-03,0,13
Aywaille,2020-04-04,1,14
Aywaille,2020-04-05,1,15
Aywaille,2020-04-06,0,15
Aywaille,2020-04-07,6,21
Aywaille,2020-04-08,1,22
Aywaille,2020-04-09,2,24
Aywaille,2020-04-10,2,26
Aywaille,2020-04-11,4,30
Aywaille,2020-04-12,0,30
Aywaille,2020-04-13,5,35
Aywaille,2020-04-14,0,35
Aywaille,2020-04-15,2,37
Aywaille,2020-04-16,3,40
Aywaille,2020-04-17,1,41
Aywaille,2020-04-18,2,43
Aywaille,2020-04-19,3,46
Aywaille,2020-04-20,4,50
Aywaille,2020-04-21,0,50
Aywaille,2020-04-22,1,51
Aywaille,2020-04-23,0,51
Aywaille,2020-04-24,0,51
Aywaille,2020-04-25,0,51
Aywaille,2020-04-26,2,53
Aywaille,2020-04-27,0,53
Aywaille,2020-04-28,5,58
Aywaille,2020-04-29,0,58
Aywaille,2020-04-30,1,59
Aywaille,2020-05-01,0,59
Aywaille,2020-05-02,1,60
Aywaille,2020-05-03,0,60
Aywaille,2020-05-04,0,60
Aywaille,2020-05-05,0,60
Aywaille,2020-05-06,0,60
Aywaille,2020-05-07,0,60
Aywaille,2020-05-08,0,60
Aywaille,2020-05-09,0,60
Aywaille,2020-05-10,0,60
Aywaille,2020-05-11,1,61
Aywaille,2020-05-12,1,62
Aywaille,2020-05-13,0,62
Aywaille,2020-05-14,2,64
Aywaille,2020-05-15,0,64
Aywaille,2020-05-16,0,64
Aywaille,2020-05-17,0,64
Aywaille,2020-05-18,0,64
Aywaille,2020-05-19,0,64
Aywaille,2020-05-20,0,64
Aywaille,2020-05-21,0,64
Aywaille,2020-05-22,0,64
Aywaille,2020-05-23,0,64
Aywaille,2020-05-24,0,64
Aywaille,2020-05-25,0,64
Aywaille,2020-05-26,1,65
Aywaille,2020-05-27,0,65
Aywaille,2020-05-28,0,65
Aywaille,2020-05-29,0,65
Aywaille,2020-05-30,0,65
Aywaille,2020-05-31,0,65
Aywaille,2020-06-01,0,65
Aywaille,2020-06-02,0,65
Aywaille,2020-06-03,0,65
Aywaille,2020-06-04,0,65
Aywaille,2020-06-05,0,65
Aywaille,2020-06-06,0,65
Aywaille,2020-06-07,0,65
Aywaille,2020-06-08,0,65
Aywaille,2020-06-09,0,65
Aywaille,2020-06-10,0,65
Aywaille,2020-06-11,0,65
Aywaille,2020-06-12,0,65
Aywaille,2020-06-13,0,65
Aywaille,2020-06-14,0,65
Aywaille,2020-06-15,0,65
Aywaille,2020-06-16,0,65
Aywaille,2020-06-17,0,65
Aywaille,2020-06-18,0,65
Aywaille,2020-06-19,0,65
Aywaille,2020-06-20,0,65
Aywaille,2020-06-23,0,65
Aywaille,2020-06-24,0,65
Aywaille,2020-06-25,2,67
Aywaille,2020-06-26,0,67
Aywaille,2020-06-27,0,67
Aywaille,2020-06-30,0,67
Aywaille,2020-07-01,0,67
Aywaille,2020-07-02,0,67
Aywaille,2020-07-03,0,67
Aywaille,2020-07-04,0,67
Aywaille,2020-07-07,1,68
Aywaille,2020-07-08,0,68
Aywaille,2020-07-09,0,68
Aywaille,2020-07-10,1,69
Aywaille,2020-07-11,0,69
Aywaille,2020-07-14,0,69
Aywaille,2020-07-15,0,69
Aywaille,2020-07-16,0,69
Aywaille,2020-07-17,0,69
Aywaille,2020-07-18,0,69
Aywaille,2020-07-20,0,69
Aywaille,2020-07-21,0,69
Aywaille,2020-07-22,0,69
Aywaille,2020-07-23,0,69
Aywaille,2020-07-24,0,69
Aywaille,2020-07-25,0,69
Aywaille,2020-07-26,0,69
Aywaille,2020-07-27,0,69
Aywaille,2020-07-28,0,69
Aywaille,2020-07-29,1,70
Aywaille,2020-07-30,0,70
Aywaille,2020-07-31,0,70
Bitsingen,2020-04-01,0,7
Bitsingen,2020-04-02,0,7
Bitsingen,2020-04-03,0,7
Bitsingen,2020-04-04,4,11
Bitsingen,2020-04-05,1,12
Bitsingen,2020-04-06,0,12
Bitsingen,2020-04-07,5,17
Bitsingen,2020-04-08,1,18
Bitsingen,2020-04-09,2,20
Bitsingen,2020-04-10,0,20
Bitsingen,2020-04-11,8,28
Bitsingen,2020-04-12,7,35
Bitsingen,2020-04-13,0,35
Bitsingen,2020-04-14,0,35
Bitsingen,2020-04-15,9,44
Bitsingen,2020-04-16,1,45
Bitsingen,2020-04-17,20,65
Bitsingen,2020-04-18,3,68
Bitsingen,2020-04-19,1,69
Bitsingen,2020-04-20,1,70
Bitsingen,2020-04-21,0,70
Bitsingen,2020-04-22,0,70
Bitsingen,2020-04-23,1,71
Bitsingen,2020-04-24,3,74
Bitsingen,2020-04-25,0,74
Bitsingen,2020-04-26,0,74
Bitsingen,2020-04-27,1,75
Bitsingen,2020-04-28,1,76
Bitsingen,2020-04-29,0,76
Bitsingen,2020-04-30,0,76
Bitsingen,2020-05-01,1,77
Bitsingen,2020-05-02,0,77
Bitsingen,2020-05-03,1,78
Bitsingen,2020-05-04,0,78
Bitsingen,2020-05-05,0,78
Bitsingen,2020-05-06,0,78
Bitsingen,2020-05-07,0,78
Bitsingen,2020-05-08,0,78
Bitsingen,2020-05-09,0,78
Bitsingen,2020-05-10,0,78
Bitsingen,2020-05-11,1,79
Bitsingen,2020-05-12,0,79
Bitsingen,2020-05-13,0,79
Bitsingen,2020-05-14,0,79
Bitsingen,2020-05-15,0,79
Bitsingen,2020-05-16,0,79
Bitsingen,2020-05-17,0,79
Bitsingen,2020-05-18,0,79
Bitsingen,2020-05-19,0,79
Bitsingen,2020-05-20,0,79
Bitsingen,2020-05-21,0,79
Bitsingen,2020-05-22,2,81
Bitsingen,2020-05-23,1,82
Bitsingen,2020-05-24,0,82
Bitsingen,2020-05-25,0,82
Bitsingen,2020-05-26,0,82
Bitsingen,2020-05-27,0,82
Bitsingen,2020-05-28,1,83
Bitsingen,2020-05-29,1,84
Bitsingen,2020-05-30,0,84
Bitsingen,2020-05-31,0,84
Bitsingen,2020-06-01,0,84
Bitsingen,2020-06-02,0,84
Bitsingen,2020-06-03,0,84
Bitsingen,2020-06-04,0,84
Bitsingen,2020-06-05,1,85
Bitsingen,2020-06-06,0,85
Bitsingen,2020-06-07,0,85
Bitsingen,2020-06-08,0,85
Bitsingen,2020-06-09,0,85
Bitsingen,2020-06-10,0,85
Bitsingen,2020-06-11,0,85
Bitsingen,2020-06-12,0,85
Bitsingen,2020-06-13,0,85
Bitsingen,2020-06-14,0,85
Bitsingen,2020-06-15,0,85
Bitsingen,2020-06-16,0,85
Bitsingen,2020-06-17,0,85
Bitsingen,2020-06-18,0,85
Bitsingen,2020-06-19,0,85
Bitsingen,2020-06-20,0,85
Bitsingen,2020-06-23,0,85
Bitsingen,2020-06-24,0,85
Bitsingen,2020-06-25,0,85
Bitsingen,2020-06-26,0,85
Bitsingen,2020-06-27,0,85
Bitsingen,2020-06-30,0,85
Bitsingen,2020-07-01,0,85
Bitsingen,2020-07-02,0,85
Bitsingen,2020-07-03,0,85
Bitsingen,2020-07-04,0,85
Bitsingen,2020-07-07,0,85
Bitsingen,2020-07-08,0,85
Bitsingen,2020-07-09,0,85
Bitsingen,2020-07-10,0,85
Bitsingen,2020-07-11,0,85
Bitsingen,2020-07-14,0,85
Bitsingen,2020-07-15,0,85
Bitsingen,2020-07-16,0,85
Bitsingen,2020-07-17,0,85
Bitsingen,2020-07-18,0,85
Bitsingen,2020-07-20,0,85
Bitsingen,2020-07-21,0,85
Bitsingen,2020-07-22,0,85
Bitsingen,2020-07-23,0,85
Bitsingen,2020-07-24,0,85
Bitsingen,2020-07-25,0,85
Bitsingen,2020-07-26,0,85
Bitsingen,2020-07-27,0,85
Bitsingen,2020-07-28,0,85
Bitsingen,2020-07-29,0,85
Bitsingen,2020-07-30,0,85
Bitsingen,2020-07-31,0,85
Beyne-Heusay,2020-04-01,8,22
Beyne-Heusay,2020-04-02,0,22
Beyne-Heusay,2020-04-03,1,23
Beyne-Heusay,2020-04-04,8,31
Beyne-Heusay,2020-04-05,0,31
Beyne-Heusay,2020-04-06,1,32
Beyne-Heusay,2020-04-07,12,44
Beyne-Heusay,2020-04-08,2,46
Beyne-Heusay,2020-04-09,1,47
Beyne-Heusay,2020-04-10,2,49
Beyne-Heusay,2020-04-11,4,53
Beyne-Heusay,2020-04-12,2,55
Beyne-Heusay,2020-04-13,0,55
Beyne-Heusay,2020-04-14,0,55
Beyne-Heusay,2020-04-15,3,58
Beyne-Heusay,2020-04-16,0,58
Beyne-Heusay,2020-04-17,3,61
Beyne-Heusay,2020-04-18,1,62
Beyne-Heusay,2020-04-19,2,64
Beyne-Heusay,2020-04-20,3,67
Beyne-Heusay,2020-04-21,0,67
Beyne-Heusay,2020-04-22,2,69
Beyne-Heusay,2020-04-23,0,69
Beyne-Heusay,2020-04-24,5,74
Beyne-Heusay,2020-04-25,2,76
Beyne-Heusay,2020-04-26,1,77
Beyne-Heusay,2020-04-27,2,79
Beyne-Heusay,2020-04-28,2,81
Beyne-Heusay,2020-04-29,2,83
Beyne-Heusay,2020-04-30,1,84
Beyne-Heusay,2020-05-01,2,86
Beyne-Heusay,2020-05-02,0,86
Beyne-Heusay,2020-05-03,0,86
Beyne-Heusay,2020-05-04,0,86
Beyne-Heusay,2020-05-05,0,86
Beyne-Heusay,2020-05-06,0,86
Beyne-Heusay,2020-05-07,0,86
Beyne-Heusay,2020-05-08,0,86
Beyne-Heusay,2020-05-09,0,86
Beyne-Heusay,2020-05-10,0,86
Beyne-Heusay,2020-05-11,1,87
Beyne-Heusay,2020-05-12,1,88
Beyne-Heusay,2020-05-13,0,88
Beyne-Heusay,2020-05-14,0,88
Beyne-Heusay,2020-05-15,0,88
Beyne-Heusay,2020-05-16,0,88
Beyne-Heusay,2020-05-17,0,88
Beyne-Heusay,2020-05-18,0,88
Beyne-Heusay,2020-05-19,0,88
Beyne-Heusay,2020-05-20,0,88
Beyne-Heusay,2020-05-21,0,88
Beyne-Heusay,2020-05-22,0,88
Beyne-Heusay,2020-05-23,0,88
Beyne-Heusay,2020-05-24,1,89
Beyne-Heusay,2020-05-25,0,89
Beyne-Heusay,2020-05-26,0,89
Beyne-Heusay,2020-05-27,0,89
Beyne-Heusay,2020-05-28,0,89
Beyne-Heusay,2020-05-29,1,90
Beyne-Heusay,2020-05-30,0,90
Beyne-Heusay,2020-05-31,1,91
Beyne-Heusay,2020-06-01,0,91
Beyne-Heusay,2020-06-02,0,91
Beyne-Heusay,2020-06-03,0,91
Beyne-Heusay,2020-06-04,0,91
Beyne-Heusay,2020-06-05,0,91
Beyne-Heusay,2020-06-06,0,91
Beyne-Heusay,2020-06-07,1,92
Beyne-Heusay,2020-06-08,0,92
Beyne-Heusay,2020-06-09,0,92
Beyne-Heusay,2020-06-10,0,92
Beyne-Heusay,2020-06-11,0,92
Beyne-Heusay,2020-06-12,0,92
Beyne-Heusay,2020-06-13,0,92
Beyne-Heusay,2020-06-14,0,92
Beyne-Heusay,2020-06-15,0,92
Beyne-Heusay,2020-06-16,0,92
Beyne-Heusay,2020-06-17,1,93
Beyne-Heusay,2020-06-18,0,93
Beyne-Heusay,2020-06-19,0,93
Beyne-Heusay,2020-06-20,0,93
Beyne-Heusay,2020-06-23,0,93
Beyne-Heusay,2020-06-24,0,93
Beyne-Heusay,2020-06-25,0,93
Beyne-Heusay,2020-06-26,0,93
Beyne-Heusay,2020-06-27,0,93
Beyne-Heusay,2020-06-30,1,94
Beyne-Heusay,2020-07-01,0,94
Beyne-Heusay,2020-07-02,0,94
Beyne-Heusay,2020-07-03,0,94
Beyne-Heusay,2020-07-04,0,94
Beyne-Heusay,2020-07-07,0,94
Beyne-Heusay,2020-07-08,0,94
Beyne-Heusay,2020-07-09,0,94
Beyne-Heusay,2020-07-10,0,94
Beyne-Heusay,2020-07-11,0,94
Beyne-Heusay,2020-07-14,0,94
Beyne-Heusay,2020-07-15,0,94
Beyne-Heusay,2020-07-16,0,94
Beyne-Heusay,2020-07-17,0,94
Beyne-Heusay,2020-07-18,0,94
Beyne-Heusay,2020-07-20,1,95
Beyne-Heusay,2020-07-21,0,95
Beyne-Heusay,2020-07-22,2,97
Beyne-Heusay,2020-07-23,0,97
Beyne-Heusay,2020-07-24,0,97
Beyne-Heusay,2020-07-25,0,97
Beyne-Heusay,2020-07-26,2,99
Beyne-Heusay,2020-07-27,3,102
Beyne-Heusay,2020-07-28,0,102
Beyne-Heusay,2020-07-29,1,103
Beyne-Heusay,2020-07-30,0,103
Beyne-Heusay,2020-07-31,1,104
Chaudfontaine,2020-04-01,2,50
Chaudfontaine,2020-04-02,1,51
Chaudfontaine,2020-04-03,0,51
Chaudfontaine,2020-04-04,6,57
Chaudfontaine,2020-04-05,0,57
Chaudfontaine,2020-04-06,0,57
Chaudfontaine,2020-04-07,15,72
Chaudfontaine,2020-04-08,3,75
Chaudfontaine,2020-04-09,3,78
Chaudfontaine,2020-04-10,4,82
Chaudfontaine,2020-04-11,3,85
Chaudfontaine,2020-04-12,7,92
Chaudfontaine,2020-04-13,1,93
Chaudfontaine,2020-04-14,5,98
Chaudfontaine,2020-04-15,7,105
Chaudfontaine,2020-04-16,0,105
Chaudfontaine,2020-04-17,3,108
Chaudfontaine,2020-04-18,1,109
Chaudfontaine,2020-04-19,0,109
Chaudfontaine,2020-04-20,5,114
Chaudfontaine,2020-04-21,4,118
Chaudfontaine,2020-04-22,3,121
Chaudfontaine,2020-04-23,1,122
Chaudfontaine,2020-04-24,2,124
Chaudfontaine,2020-04-25,0,124
Chaudfontaine,2020-04-26,0,124
Chaudfontaine,2020-04-27,1,125
Chaudfontaine,2020-04-28,1,126
Chaudfontaine,2020-04-29,0,126
Chaudfontaine,2020-04-30,1,127
Chaudfontaine,2020-05-01,0,127
Chaudfontaine,2020-05-02,0,127
Chaudfontaine,2020-05-03,0,127
Chaudfontaine,2020-05-04,1,128
Chaudfontaine,2020-05-05,0,128
Chaudfontaine,2020-05-06,0,128
Chaudfontaine,2020-05-07,0,128
Chaudfontaine,2020-05-08,0,128
Chaudfontaine,2020-05-09,1,129
Chaudfontaine,2020-05-10,0,129
Chaudfontaine,2020-05-11,1,130
Chaudfontaine,2020-05-12,1,131
Chaudfontaine,2020-05-13,0,131
Chaudfontaine,2020-05-14,3,134
Chaudfontaine,2020-05-15,0,134
Chaudfontaine,2020-05-16,0,134
Chaudfontaine,2020-05-17,1,135
Chaudfontaine,2020-05-18,0,135
Chaudfontaine,2020-05-19,1,136
Chaudfontaine,2020-05-20,1,137
Chaudfontaine,2020-05-21,1,138
Chaudfontaine,2020-05-22,0,138
Chaudfontaine,2020-05-23,0,138
Chaudfontaine,2020-05-24,1,139
Chaudfontaine,2020-05-25,1,140
Chaudfontaine,2020-05-26,1,141
Chaudfontaine,2020-05-27,0,141
Chaudfontaine,2020-05-28,0,141
Chaudfontaine,2020-05-29,0,141
Chaudfontaine,2020-05-30,0,141
Chaudfontaine,2020-05-31,0,141
Chaudfontaine,2020-06-01,0,141
Chaudfontaine,2020-06-02,0,141
Chaudfontaine,2020-06-03,0,141
Chaudfontaine,2020-06-04,0,141
Chaudfontaine,2020-06-05,0,141
Chaudfontaine,2020-06-06,0,141
Chaudfontaine,2020-06-07,0,141
Chaudfontaine,2020-06-08,0,141
Chaudfontaine,2020-06-09,0,141
Chaudfontaine,2020-06-10,1,142
Chaudfontaine,2020-06-11,0,142
Chaudfontaine,2020-06-12,0,142
Chaudfontaine,2020-06-13,0,142
Chaudfontaine,2020-06-14,0,142
Chaudfontaine,2020-06-15,0,142
Chaudfontaine,2020-06-16,0,142
Chaudfontaine,2020-06-17,0,142
Chaudfontaine,2020-06-18,0,142
Chaudfontaine,2020-06-19,0,142
Chaudfontaine,2020-06-20,0,142
Chaudfontaine,2020-06-23,0,142
Chaudfontaine,2020-06-24,0,142
Chaudfontaine,2020-06-25,0,142
Chaudfontaine,2020-06-26,0,142
Chaudfontaine,2020-06-27,0,142
Chaudfontaine,2020-06-30,0,142
Chaudfontaine,2020-07-01,0,142
Chaudfontaine,2020-07-02,0,142
Chaudfontaine,2020-07-03,0,142
Chaudfontaine,2020-07-04,0,142
Chaudfontaine,2020-07-07,0,142
Chaudfontaine,2020-07-08,0,142
Chaudfontaine,2020-07-09,0,142
Chaudfontaine,2020-07-10,0,142
Chaudfontaine,2020-07-11,0,142
Chaudfontaine,2020-07-14,1,143
Chaudfontaine,2020-07-15,0,143
Chaudfontaine,2020-07-16,0,143
Chaudfontaine,2020-07-17,0,143
Chaudfontaine,2020-07-18,0,143
Chaudfontaine,2020-07-20,1,144
Chaudfontaine,2020-07-21,0,144
Chaudfontaine,2020-07-22,1,145
Chaudfontaine,2020-07-23,0,145
Chaudfontaine,2020-07-24,1,146
Chaudfontaine,2020-07-25,0,146
Chaudfontaine,2020-07-26,0,146
Chaudfontaine,2020-07-27,0,146
Chaudfontaine,2020-07-28,1,147
Chaudfontaine,2020-07-29,0,147
Chaudfontaine,2020-07-30,0,147
Chaudfontaine,2020-07-31,0,147
Comblain-au-Pont,2020-04-01,2,13
Comblain-au-Pont,2020-04-02,0,13
Comblain-au-Pont,2020-04-03,0,13
Comblain-au-Pont,2020-04-04,2,15
Comblain-au-Pont,2020-04-05,0,15
Comblain-au-Pont,2020-04-06,1,16
Comblain-au-Pont,2020-04-07,10,26
Comblain-au-Pont,2020-04-08,8,34
Comblain-au-Pont,2020-04-09,0,34
Comblain-au-Pont,2020-04-10,3,37
Comblain-au-Pont,2020-04-11,3,40
Comblain-au-Pont,2020-04-12,1,41
Comblain-au-Pont,2020-04-13,0,41
Comblain-au-Pont,2020-04-14,1,42
Comblain-au-Pont,2020-04-15,0,42
Comblain-au-Pont,2020-04-16,0,42
Comblain-au-Pont,2020-04-17,0,42
Comblain-au-Pont,2020-04-18,0,42
Comblain-au-Pont,2020-04-19,1,43
Comblain-au-Pont,2020-04-20,0,43
Comblain-au-Pont,2020-04-21,11,54
Comblain-au-Pont,2020-04-22,1,55
Comblain-au-Pont,2020-04-23,0,55
Comblain-au-Pont,2020-04-24,0,55
Comblain-au-Pont,2020-04-25,0,55
Comblain-au-Pont,2020-04-26,2,57
Comblain-au-Pont,2020-04-27,1,58
Comblain-au-Pont,2020-04-28,1,59
Comblain-au-Pont,2020-04-29,1,60
Comblain-au-Pont,2020-04-30,0,60
Comblain-au-Pont,2020-05-01,0,60
Comblain-au-Pont,2020-05-02,2,62
Comblain-au-Pont,2020-05-03,0,62
Comblain-au-Pont,2020-05-04,0,62
Comblain-au-Pont,2020-05-05,0,62
Comblain-au-Pont,2020-05-06,0,62
Comblain-au-Pont,2020-05-07,0,62
Comblain-au-Pont,2020-05-08,0,62
Comblain-au-Pont,2020-05-09,0,62
Comblain-au-Pont,2020-05-10,0,62
Comblain-au-Pont,2020-05-11,0,62
Comblain-au-Pont,2020-05-12,1,63
Comblain-au-Pont,2020-05-13,0,63
Comblain-au-Pont,2020-05-14,0,63
Comblain-au-Pont,2020-05-15,0,63
Comblain-au-Pont,2020-05-16,0,63
Comblain-au-Pont,2020-05-17,0,63
Comblain-au-Pont,2020-05-18,1,64
Comblain-au-Pont,2020-05-19,0,64
Comblain-au-Pont,2020-05-20,0,64
Comblain-au-Pont,2020-05-21,0,64
Comblain-au-Pont,2020-05-22,0,64
Comblain-au-Pont,2020-05-23,1,65
Comblain-au-Pont,2020-05-24,0,65
Comblain-au-Pont,2020-05-25,1,66
Comblain-au-Pont,2020-05-26,0,66
Comblain-au-Pont,2020-05-27,0,66
Comblain-au-Pont,2020-05-28,0,66
Comblain-au-Pont,2020-05-29,0,66
Comblain-au-Pont,2020-05-30,1,67
Comblain-au-Pont,2020-05-31,0,67
Comblain-au-Pont,2020-06-01,0,67
Comblain-au-Pont,2020-06-02,0,67
Comblain-au-Pont,2020-06-03,0,67
Comblain-au-Pont,2020-06-04,0,67
Comblain-au-Pont,2020-06-05,0,67
Comblain-au-Pont,2020-06-06,0,67
Comblain-au-Pont,2020-06-07,0,67
Comblain-au-Pont,2020-06-08,0,67
Comblain-au-Pont,2020-06-09,0,67
Comblain-au-Pont,2020-06-10,0,67
Comblain-au-Pont,2020-06-11,0,67
Comblain-au-Pont,2020-06-12,0,67
Comblain-au-Pont,2020-06-13,0,67
Comblain-au-Pont,2020-06-14,0,67
Comblain-au-Pont,2020-06-15,0,67
Comblain-au-Pont,2020-06-16,0,67
Comblain-au-Pont,2020-06-17,0,67
Comblain-au-Pont,2020-06-18,0,67
Comblain-au-Pont,2020-06-19,0,67
Comblain-au-Pont,2020-06-20,0,67
Comblain-au-Pont,2020-06-23,0,67
Comblain-au-Pont,2020-06-24,0,67
Comblain-au-Pont,2020-06-25,0,67
Comblain-au-Pont,2020-06-26,0,67
Comblain-au-Pont,2020-06-27,0,67
Comblain-au-Pont,2020-06-30,0,67
Comblain-au-Pont,2020-07-01,1,68
Comblain-au-Pont,2020-07-02,0,68
Comblain-au-Pont,2020-07-03,0,68
Comblain-au-Pont,2020-07-04,0,68
Comblain-au-Pont,2020-07-07,0,68
Comblain-au-Pont,2020-07-08,0,68
Comblain-au-Pont,2020-07-09,0,68
Comblain-au-Pont,2020-07-10,0,68
Comblain-au-Pont,2020-07-11,0,68
Comblain-au-Pont,2020-07-14,0,68
Comblain-au-Pont,2020-07-15,0,68
Comblain-au-Pont,2020-07-16,0,68
Comblain-au-Pont,2020-07-17,0,68
Comblain-au-Pont,2020-07-18,0,68
Comblain-au-Pont,2020-07-20,0,68
Comblain-au-Pont,2020-07-21,0,68
Comblain-au-Pont,2020-07-22,0,68
Comblain-au-Pont,2020-07-23,0,68
Comblain-au-Pont,2020-07-24,0,68
Comblain-au-Pont,2020-07-25,0,68
Comblain-au-Pont,2020-07-26,0,68
Comblain-au-Pont,2020-07-27,0,68
Comblain-au-Pont,2020-07-28,0,68
Comblain-au-Pont,2020-07-29,0,68
Comblain-au-Pont,2020-07-30,0,68
Comblain-au-Pont,2020-07-31,1,69
Dalhem,2020-04-01,0,5
Dalhem,2020-04-02,0,5
Dalhem,2020-04-03,0,5
Dalhem,2020-04-04,2,7
Dalhem,2020-04-05,0,7
Dalhem,2020-04-06,0,7
Dalhem,2020-04-07,1,8
Dalhem,2020-04-08,0,8
Dalhem,2020-04-09,1,9
Dalhem,2020-04-10,0,9
Dalhem,2020-04-11,4,13
Dalhem,2020-04-12,1,14
Dalhem,2020-04-13,0,14
Dalhem,2020-04-14,0,14
Dalhem,2020-04-15,5,19
Dalhem,2020-04-16,0,19
Dalhem,2020-04-17,2,21
Dalhem,2020-04-18,0,21
Dalhem,2020-04-19,4,25
Dalhem,2020-04-20,4,29
Dalhem,2020-04-21,2,31
Dalhem,2020-04-22,0,31
Dalhem,2020-04-23,0,31
Dalhem,2020-04-24,1,32
Dalhem,2020-04-25,0,32
Dalhem,2020-04-26,0,32
Dalhem,2020-04-27,1,33
Dalhem,2020-04-28,0,33
Dalhem,2020-04-29,0,33
Dalhem,2020-04-30,0,33
Dalhem,2020-05-01,0,33
Dalhem,2020-05-02,0,33
Dalhem,2020-05-03,0,33
Dalhem,2020-05-04,0,33
Dalhem,2020-05-05,0,33
Dalhem,2020-05-06,1,34
Dalhem,2020-05-07,0,34
Dalhem,2020-05-08,0,34
Dalhem,2020-05-09,0,34
Dalhem,2020-05-10,0,34
Dalhem,2020-05-11,1,35
Dalhem,2020-05-12,0,35
Dalhem,2020-05-13,0,35
Dalhem,2020-05-14,0,35
Dalhem,2020-05-15,0,35
Dalhem,2020-05-16,0,35
Dalhem,2020-05-17,1,36
Dalhem,2020-05-18,0,36
Dalhem,2020-05-19,1,37
Dalhem,2020-05-20,0,37
Dalhem,2020-05-21,0,37
Dalhem,2020-05-22,0,37
Dalhem,2020-05-23,0,37
Dalhem,2020-05-24,0,37
Dalhem,2020-05-25,0,37
Dalhem,2020-05-26,0,37
Dalhem,2020-05-27,1,38
Dalhem,2020-05-28,0,38
Dalhem,2020-05-29,0,38
Dalhem,2020-05-30,0,38
Dalhem,2020-05-31,0,38
Dalhem,2020-06-01,0,38
Dalhem,2020-06-02,0,38
Dalhem,2020-06-03,1,39
Dalhem,2020-06-04,0,39
Dalhem,2020-06-05,0,39
Dalhem,2020-06-06,0,39
Dalhem,2020-06-07,0,39
Dalhem,2020-06-08,0,39
Dalhem,2020-06-09,0,39
Dalhem,2020-06-10,0,39
Dalhem,2020-06-11,0,39
Dalhem,2020-06-12,0,39
Dalhem,2020-06-13,0,39
Dalhem,2020-06-14,0,39
Dalhem,2020-06-15,0,39
Dalhem,2020-06-16,0,39
Dalhem,2020-06-17,0,39
Dalhem,2020-06-18,0,39
Dalhem,2020-06-19,0,39
Dalhem,2020-06-20,0,39
Dalhem,2020-06-23,0,39
Dalhem,2020-06-24,0,39
Dalhem,2020-06-25,0,39
Dalhem,2020-06-26,0,39
Dalhem,2020-06-27,0,39
Dalhem,2020-06-30,0,39
Dalhem,2020-07-01,0,39
Dalhem,2020-07-02,0,39
Dalhem,2020-07-03,0,39
Dalhem,2020-07-04,0,39
Dalhem,2020-07-07,0,39
Dalhem,2020-07-08,0,39
Dalhem,2020-07-09,0,39
Dalhem,2020-07-10,0,39
Dalhem,2020-07-11,0,39
Dalhem,2020-07-14,1,40
Dalhem,2020-07-15,0,40
Dalhem,2020-07-16,0,40
Dalhem,2020-07-17,0,40
Dalhem,2020-07-18,0,40
Dalhem,2020-07-20,0,40
Dalhem,2020-07-21,0,40
Dalhem,2020-07-22,0,40
Dalhem,2020-07-23,0,40
Dalhem,2020-07-24,1,41
Dalhem,2020-07-25,0,41
Dalhem,2020-07-26,0,41
Dalhem,2020-07-27,5,46
Dalhem,2020-07-28,0,46
Dalhem,2020-07-29,0,46
Dalhem,2020-07-30,0,46
Dalhem,2020-07-31,0,46
Esneux,2020-04-01,9,23
Esneux,2020-04-02,0,23
Esneux,2020-04-03,6,29
Esneux,2020-04-04,4,33
Esneux,2020-04-05,0,33
Esneux,2020-04-06,1,34
Esneux,2020-04-07,15,49
Esneux,2020-04-08,3,52
Esneux,2020-04-09,2,54
Esneux,2020-04-10,9,63
Esneux,2020-04-11,1,64
Esneux,2020-04-12,2,66
Esneux,2020-04-13,0,66
Esneux,2020-04-14,0,66
Esneux,2020-04-15,9,75
Esneux,2020-04-16,0,75
Esneux,2020-04-17,3,78
Esneux,2020-04-18,0,78
Esneux,2020-04-19,1,79
Esneux,2020-04-20,1,80
Esneux,2020-04-21,5,85
Esneux,2020-04-22,14,99
Esneux,2020-04-23,0,99
Esneux,2020-04-24,2,101
Esneux,2020-04-25,1,102
Esneux,2020-04-26,1,103
Esneux,2020-04-27,1,104
Esneux,2020-04-28,0,104
Esneux,2020-04-29,0,104
Esneux,2020-04-30,2,106
Esneux,2020-05-01,0,106
Esneux,2020-05-02,0,106
Esneux,2020-05-03,0,106
Esneux,2020-05-04,0,106
Esneux,2020-05-05,3,109
Esneux,2020-05-06,0,109
Esneux,2020-05-07,0,109
Esneux,2020-05-08,0,109
Esneux,2020-05-09,0,109
Esneux,2020-05-10,1,110
Esneux,2020-05-11,1,111
Esneux,2020-05-12,2,113
Esneux,2020-05-13,0,113
Esneux,2020-05-14,0,113
Esneux,2020-05-15,0,113
Esneux,2020-05-16,0,113
Esneux,2020-05-17,1,114
Esneux,2020-05-18,0,114
Esneux,2020-05-19,0,114
Esneux,2020-05-20,0,114
Esneux,2020-05-21,1,115
Esneux,2020-05-22,0,115
Esneux,2020-05-23,0,115
Esneux,2020-05-24,0,115
Esneux,2020-05-25,0,115
Esneux,2020-05-26,0,115
Esneux,2020-05-27,0,115
Esneux,2020-05-28,0,115
Esneux,2020-05-29,1,116
Esneux,2020-05-30,0,116
Esneux,2020-05-31,0,116
Esneux,2020-06-01,0,116
Esneux,2020-06-02,0,116
Esneux,2020-06-03,0,116
Esneux,2020-06-04,0,116
Esneux,2020-06-05,0,116
Esneux,2020-06-06,0,116
Esneux,2020-06-07,0,116
Esneux,2020-06-08,0,116
Esneux,2020-06-09,0,116
Esneux,2020-06-10,0,116
Esneux,2020-06-11,0,116
Esneux,2020-06-12,0,116
Esneux,2020-06-13,0,116
Esneux,2020-06-14,0,116
Esneux,2020-06-15,0,116
Esneux,2020-06-16,0,116
Esneux,2020-06-17,0,116
Esneux,2020-06-18,0,116
Esneux,2020-06-19,0,116
Esneux,2020-06-20,0,116
Esneux,2020-06-23,0,116
Esneux,2020-06-24,0,116
Esneux,2020-06-25,0,116
Esneux,2020-06-26,0,116
Esneux,2020-06-27,0,116
Esneux,2020-06-30,0,116
Esneux,2020-07-01,0,116
Esneux,2020-07-02,0,116
Esneux,2020-07-03,0,116
Esneux,2020-07-04,0,116
Esneux,2020-07-07,0,116
Esneux,2020-07-08,0,116
Esneux,2020-07-09,0,116
Esneux,2020-07-10,0,116
Esneux,2020-07-11,0,116
Esneux,2020-07-14,0,116
Esneux,2020-07-15,0,116
Esneux,2020-07-16,0,116
Esneux,2020-07-17,0,116
Esneux,2020-07-18,0,116
Esneux,2020-07-20,0,116
Esneux,2020-07-21,0,116
Esneux,2020-07-22,0,116
Esneux,2020-07-23,0,116
Esneux,2020-07-24,1,117
Esneux,2020-07-25,0,117
Esneux,2020-07-26,0,117
Esneux,2020-07-27,0,117
Esneux,2020-07-28,0,117
Esneux,2020-07-29,0,117
Esneux,2020-07-30,0,117
Esneux,2020-07-31,1,118
Fléron,2020-04-01,10,20
Fléron,2020-04-02,0,20
Fléron,2020-04-03,2,22
Fléron,2020-04-04,6,28
Fléron,2020-04-05,0,28
Fléron,2020-04-06,0,28
Fléron,2020-04-07,9,37
Fléron,2020-04-08,4,41
Fléron,2020-04-09,3,44
Fléron,2020-04-10,5,49
Fléron,2020-04-11,6,55
Fléron,2020-04-12,5,60
Fléron,2020-04-13,0,60
Fléron,2020-04-14,2,62
Fléron,2020-04-15,1,63
Fléron,2020-04-16,5,68
Fléron,2020-04-17,5,73
Fléron,2020-04-18,0,73
Fléron,2020-04-19,2,75
Fléron,2020-04-20,2,77
Fléron,2020-04-21,2,79
Fléron,2020-04-22,2,81
Fléron,2020-04-23,0,81
Fléron,2020-04-24,6,87
Fléron,2020-04-25,45,132
Fléron,2020-04-26,8,140
Fléron,2020-04-27,1,141
Fléron,2020-04-28,0,141
Fléron,2020-04-29,0,141
Fléron,2020-04-30,1,142
Fléron,2020-05-01,2,144
Fléron,2020-05-02,1,145
Fléron,2020-05-03,0,145
Fléron,2020-05-04,0,145
Fléron,2020-05-05,0,145
Fléron,2020-05-06,0,145
Fléron,2020-05-07,0,145
Fléron,2020-05-08,1,146
Fléron,2020-05-09,2,148
Fléron,2020-05-10,0,148
Fléron,2020-05-11,0,148
Fléron,2020-05-12,0,148
Fléron,2020-05-13,0,148
Fléron,2020-05-14,0,148
Fléron,2020-05-15,0,148
Fléron,2020-05-16,1,149
Fléron,2020-05-17,0,149
Fléron,2020-05-18,0,149
Fléron,2020-05-19,1,150
Fléron,2020-05-20,0,150
Fléron,2020-05-21,0,150
Fléron,2020-05-22,1,151
Fléron,2020-05-23,0,151
Fléron,2020-05-24,0,151
Fléron,2020-05-25,0,151
Fléron,2020-05-26,0,151
Fléron,2020-05-27,0,151
Fléron,2020-05-28,0,151
Fléron,2020-05-29,0,151
Fléron,2020-05-30,0,151
Fléron,2020-05-31,0,151
Fléron,2020-06-01,1,152
Fléron,2020-06-02,0,152
Fléron,2020-06-03,0,152
Fléron,2020-06-04,0,152
Fléron,2020-06-05,0,152
Fléron,2020-06-06,0,152
Fléron,2020-06-07,0,152
Fléron,2020-06-08,0,152
Fléron,2020-06-09,0,152
Fléron,2020-06-10,0,152
Fléron,2020-06-11,0,152
Fléron,2020-06-12,0,152
Fléron,2020-06-13,0,152
Fléron,2020-06-14,0,152
Fléron,2020-06-15,0,152
Fléron,2020-06-16,0,152
Fléron,2020-06-17,0,152
Fléron,2020-06-18,0,152
Fléron,2020-06-19,0,152
Fléron,2020-06-20,0,152
Fléron,2020-06-23,0,152
Fléron,2020-06-24,0,152
Fléron,2020-06-25,0,152
Fléron,2020-06-26,0,152
Fléron,2020-06-27,1,153
Fléron,2020-06-30,1,154
Fléron,2020-07-01,0,154
Fléron,2020-07-02,4,158
Fléron,2020-07-03,0,158
Fléron,2020-07-04,0,158
Fléron,2020-07-07,0,158
Fléron,2020-07-08,0,158
Fléron,2020-07-09,0,158
Fléron,2020-07-10,0,158
Fléron,2020-07-11,0,158
Fléron,2020-07-14,0,158
Fléron,2020-07-15,0,158
Fléron,2020-07-16,0,158
Fléron,2020-07-17,1,159
Fléron,2020-07-18,0,159
Fléron,2020-07-20,0,159
Fléron,2020-07-21,0,159
Fléron,2020-07-22,0,159
Fléron,2020-07-23,1,160
Fléron,2020-07-24,0,160
Fléron,2020-07-25,0,160
Fléron,2020-07-26,1,161
Fléron,2020-07-27,0,161
Fléron,2020-07-28,0,161
Fléron,2020-07-29,1,162
Fléron,2020-07-30,1,163
Fléron,2020-07-31,0,163
Herstal,2020-04-01,1,51
Herstal,2020-04-02,0,51
Herstal,2020-04-03,9,60
Herstal,2020-04-04,15,75
Herstal,2020-04-05,1,76
Herstal,2020-04-06,1,77
Herstal,2020-04-07,43,120
Herstal,2020-04-08,10,130
Herstal,2020-04-09,2,132
Herstal,2020-04-10,3,135
Herstal,2020-04-11,9,144
Herstal,2020-04-12,8,152
Herstal,2020-04-13,0,152
Herstal,2020-04-14,0,152
Herstal,2020-04-15,24,176
Herstal,2020-04-16,20,196
Herstal,2020-04-17,14,210
Herstal,2020-04-18,6,216
Herstal,2020-04-19,3,219
Herstal,2020-04-20,31,250
Herstal,2020-04-21,3,253
Herstal,2020-04-22,22,275
Herstal,2020-04-23,1,276
Herstal,2020-04-24,2,278
Herstal,2020-04-25,-1,277
Herstal,2020-04-26,11,288
Herstal,2020-04-27,3,291
Herstal,2020-04-28,14,305
Herstal,2020-04-29,1,306
Herstal,2020-04-30,3,309
Herstal,2020-05-01,2,311
Herstal,2020-05-02,3,314
Herstal,2020-05-03,3,317
Herstal,2020-05-04,0,317
Herstal,2020-05-05,1,318
Herstal,2020-05-06,0,318
Herstal,2020-05-07,3,321
Herstal,2020-05-08,2,323
Herstal,2020-05-09,3,326
Herstal,2020-05-10,2,328
Herstal,2020-05-11,2,330
Herstal,2020-05-12,1,331
Herstal,2020-05-13,0,331
Herstal,2020-05-14,0,331
Herstal,2020-05-15,0,331
Herstal,2020-05-16,1,332
Herstal,2020-05-17,3,335
Herstal,2020-05-18,5,340
Herstal,2020-05-19,1,341
Herstal,2020-05-20,3,344
Herstal,2020-05-21,0,344
Herstal,2020-05-22,1,345
Herstal,2020-05-23,0,345
Herstal,2020-05-24,2,347
Herstal,2020-05-25,0,347
Herstal,2020-05-26,1,348
Herstal,2020-05-27,1,349
Herstal,2020-05-28,0,349
Herstal,2020-05-29,2,351
Herstal,2020-05-30,0,351
Herstal,2020-05-31,2,353
Herstal,2020-06-01,0,353
Herstal,2020-06-02,1,354
Herstal,2020-06-03,0,354
Herstal,2020-06-04,0,354
Herstal,2020-06-05,0,354
Herstal,2020-06-06,0,354
Herstal,2020-06-07,0,354
Herstal,2020-06-08,0,354
Herstal,2020-06-09,0,354
Herstal,2020-06-10,2,356
Herstal,2020-06-11,3,359
Herstal,2020-06-12,2,361
Herstal,2020-06-13,0,361
Herstal,2020-06-14,3,364
Herstal,2020-06-15,0,364
Herstal,2020-06-16,0,364
Herstal,2020-06-17,0,364
Herstal,2020-06-18,0,364
Herstal,2020-06-19,2,366
Herstal,2020-06-20,0,366
Herstal,2020-06-23,0,366
Herstal,2020-06-24,0,366
Herstal,2020-06-25,0,366
Herstal,2020-06-26,0,366
Herstal,2020-06-27,0,366
Herstal,2020-06-30,0,366
Herstal,2020-07-01,0,366
Herstal,2020-07-02,0,366
Herstal,2020-07-03,0,366
Herstal,2020-07-04,0,366
Herstal,2020-07-07,1,367
Herstal,2020-07-08,0,367
Herstal,2020-07-09,0,367
Herstal,2020-07-10,0,367
Herstal,2020-07-11,0,367
Herstal,2020-07-14,0,367
Herstal,2020-07-15,0,367
Herstal,2020-07-16,0,367
Herstal,2020-07-17,0,367
Herstal,2020-07-18,0,367
Herstal,2020-07-20,0,367
Herstal,2020-07-21,0,367
Herstal,2020-07-22,0,367
Herstal,2020-07-23,0,367
Herstal,2020-07-24,0,367
Herstal,2020-07-25,0,367
Herstal,2020-07-26,1,368
Herstal,2020-07-27,0,368
Herstal,2020-07-28,2,370
Herstal,2020-07-29,1,371
Herstal,2020-07-30,0,371
Herstal,2020-07-31,1,372
Juprelle,2020-04-01,2,7
Juprelle,2020-04-02,0,7
Juprelle,2020-04-03,4,11
Juprelle,2020-04-04,2,13
Juprelle,2020-04-05,0,13
Juprelle,2020-04-06,0,13
Juprelle,2020-04-07,1,14
Juprelle,2020-04-08,1,15
Juprelle,2020-04-09,0,15
Juprelle,2020-04-10,1,16
Juprelle,2020-04-11,2,18
Juprelle,2020-04-12,2,20
Juprelle,2020-04-13,1,21
Juprelle,2020-04-14,0,21
Juprelle,2020-04-15,4,25
Juprelle,2020-04-16,0,25
Juprelle,2020-04-17,1,26
Juprelle,2020-04-18,0,26
Juprelle,2020-04-19,3,29
Juprelle,2020-04-20,0,29
Juprelle,2020-04-21,0,29
Juprelle,2020-04-22,0,29
Juprelle,2020-04-23,0,29
Juprelle,2020-04-24,0,29
Juprelle,2020-04-25,0,29
Juprelle,2020-04-26,0,29
Juprelle,2020-04-27,0,29
Juprelle,2020-04-28,1,30
Juprelle,2020-04-29,0,30
Juprelle,2020-04-30,0,30
Juprelle,2020-05-01,1,31
Juprelle,2020-05-02,-1,30
Juprelle,2020-05-03,0,30
Juprelle,2020-05-04,0,30
Juprelle,2020-05-05,7,37
Juprelle,2020-05-06,0,37
Juprelle,2020-05-07,0,37
Juprelle,2020-05-08,2,39
Juprelle,2020-05-09,1,40
Juprelle,2020-05-10,0,40
Juprelle,2020-05-11,2,42
Juprelle,2020-05-12,0,42
Juprelle,2020-05-13,0,42
Juprelle,2020-05-14,0,42
Juprelle,2020-05-15,2,44
Juprelle,2020-05-16,1,45
Juprelle,2020-05-17,1,46
Juprelle,2020-05-18,0,46
Juprelle,2020-05-19,0,46
Juprelle,2020-05-20,0,46
Juprelle,2020-05-21,0,46
Juprelle,2020-05-22,0,46
Juprelle,2020-05-23,0,46
Juprelle,2020-05-24,1,47
Juprelle,2020-05-25,0,47
Juprelle,2020-05-26,0,47
Juprelle,2020-05-27,0,47
Juprelle,2020-05-28,0,47
Juprelle,2020-05-29,0,47
Juprelle,2020-05-30,0,47
Juprelle,2020-05-31,0,47
Juprelle,2020-06-01,0,47
Juprelle,2020-06-02,0,47
Juprelle,2020-06-03,0,47
Juprelle,2020-06-04,0,47
Juprelle,2020-06-05,0,47
Juprelle,2020-06-06,0,47
Juprelle,2020-06-07,0,47
Juprelle,2020-06-08,0,47
Juprelle,2020-06-09,1,48
Juprelle,2020-06-10,0,48
Juprelle,2020-06-11,0,48
Juprelle,2020-06-12,0,48
Juprelle,2020-06-13,0,48
Juprelle,2020-06-14,0,48
Juprelle,2020-06-15,0,48
Juprelle,2020-06-16,0,48
Juprelle,2020-06-17,0,48
Juprelle,2020-06-18,0,48
Juprelle,2020-06-19,0,48
Juprelle,2020-06-20,0,48
Juprelle,2020-06-23,0,48
Juprelle,2020-06-24,0,48
Juprelle,2020-06-25,0,48
Juprelle,2020-06-26,0,48
Juprelle,2020-06-27,0,48
Juprelle,2020-06-30,0,48
Juprelle,2020-07-01,0,48
Juprelle,2020-07-02,0,48
Juprelle,2020-07-03,0,48
Juprelle,2020-07-04,0,48
Juprelle,2020-07-07,0,48
Juprelle,2020-07-08,0,48
Juprelle,2020-07-09,0,48
Juprelle,2020-07-10,0,48
Juprelle,2020-07-11,0,48
Juprelle,2020-07-14,0,48
Juprelle,2020-07-15,0,48
Juprelle,2020-07-16,0,48
Juprelle,2020-07-17,0,48
Juprelle,2020-07-18,0,48
Juprelle,2020-07-20,0,48
Juprelle,2020-07-21,0,48
Juprelle,2020-07-22,0,48
Juprelle,2020-07-23,0,48
Juprelle,2020-07-24,0,48
Juprelle,2020-07-25,0,48
Juprelle,2020-07-26,0,48
Juprelle,2020-07-27,0,48
Juprelle,2020-07-28,0,48
Juprelle,2020-07-29,0,48
Juprelle,2020-07-30,0,48
Juprelle,2020-07-31,0,48
Luik,2020-04-01,15,253
Luik,2020-04-02,4,257
Luik,2020-04-03,47,304
Luik,2020-04-04,63,367
Luik,2020-04-05,2,369
Luik,2020-04-06,1,370
Luik,2020-04-07,114,484
Luik,2020-04-08,42,526
Luik,2020-04-09,15,541
Luik,2020-04-10,19,560
Luik,2020-04-11,33,593
Luik,2020-04-12,53,646
Luik,2020-04-13,13,659
Luik,2020-04-14,3,662
Luik,2020-04-15,48,710
Luik,2020-04-16,36,746
Luik,2020-04-17,65,811
Luik,2020-04-18,15,826
Luik,2020-04-19,28,854
Luik,2020-04-20,100,954
Luik,2020-04-21,19,973
Luik,2020-04-22,11,984
Luik,2020-04-23,13,997
Luik,2020-04-24,33,1030
Luik,2020-04-25,16,1046
Luik,2020-04-26,44,1090
Luik,2020-04-27,15,1105
Luik,2020-04-28,12,1117
Luik,2020-04-29,7,1124
Luik,2020-04-30,8,1132
Luik,2020-05-01,6,1138
Luik,2020-05-02,7,1145
Luik,2020-05-03,6,1151
Luik,2020-05-04,1,1152
Luik,2020-05-05,0,1152
Luik,2020-05-06,1,1153
Luik,2020-05-07,3,1156
Luik,2020-05-08,6,1162
Luik,2020-05-09,8,1170
Luik,2020-05-10,4,1174
Luik,2020-05-11,10,1184
Luik,2020-05-12,7,1191
Luik,2020-05-13,0,1191
Luik,2020-05-14,4,1195
Luik,2020-05-15,1,1196
Luik,2020-05-16,6,1202
Luik,2020-05-17,7,1209
Luik,2020-05-18,3,1212
Luik,2020-05-19,5,1217
Luik,2020-05-20,2,1219
Luik,2020-05-21,2,1221
Luik,2020-05-22,0,1221
Luik,2020-05-23,3,1224
Luik,2020-05-24,1,1225
Luik,2020-05-25,2,1227
Luik,2020-05-26,1,1228
Luik,2020-05-27,2,1230
Luik,2020-05-28,0,1230
Luik,2020-05-29,7,1237
Luik,2020-05-30,0,1237
Luik,2020-05-31,4,1241
Luik,2020-06-01,1,1242
Luik,2020-06-02,1,1243
Luik,2020-06-03,1,1244
Luik,2020-06-04,0,1244
Luik,2020-06-05,2,1246
Luik,2020-06-06,0,1246
Luik,2020-06-07,1,1247
Luik,2020-06-08,4,1251
Luik,2020-06-09,0,1251
Luik,2020-06-10,6,1257
Luik,2020-06-11,0,1257
Luik,2020-06-12,3,1260
Luik,2020-06-13,2,1262
Luik,2020-06-14,2,1264
Luik,2020-06-15,1,1265
Luik,2020-06-16,1,1266
Luik,2020-06-17,1,1267
Luik,2020-06-18,1,1268
Luik,2020-06-19,0,1268
Luik,2020-06-20,0,1268
Luik,2020-06-23,7,1275
Luik,2020-06-24,4,1279
Luik,2020-06-25,3,1282
Luik,2020-06-26,1,1283
Luik,2020-06-27,0,1283
Luik,2020-06-30,5,1288
Luik,2020-07-01,0,1288
Luik,2020-07-02,0,1288
Luik,2020-07-03,0,1288
Luik,2020-07-04,0,1288
Luik,2020-07-07,0,1288
Luik,2020-07-08,1,1289
Luik,2020-07-09,2,1291
Luik,2020-07-10,1,1292
Luik,2020-07-11,0,1292
Luik,2020-07-14,4,1296
Luik,2020-07-15,0,1296
Luik,2020-07-16,1,1297
Luik,2020-07-17,0,1297
Luik,2020-07-18,4,1301
Luik,2020-07-20,2,1303
Luik,2020-07-21,3,1306
Luik,2020-07-22,1,1307
Luik,2020-07-23,8,1315
Luik,2020-07-24,8,1323
Luik,2020-07-25,2,1325
Luik,2020-07-26,8,1333
Luik,2020-07-27,14,1347
Luik,2020-07-28,3,1350
Luik,2020-07-29,1,1351
Luik,2020-07-30,10,1361
Luik,2020-07-31,6,1367
Oupeye,2020-04-01,2,21
Oupeye,2020-04-02,0,21
Oupeye,2020-04-03,4,25
Oupeye,2020-04-04,4,29
Oupeye,2020-04-05,0,29
Oupeye,2020-04-06,0,29
Oupeye,2020-04-07,10,39
Oupeye,2020-04-08,2,41
Oupeye,2020-04-09,2,43
Oupeye,2020-04-10,1,44
Oupeye,2020-04-11,16,60
Oupeye,2020-04-12,6,66
Oupeye,2020-04-13,2,68
Oupeye,2020-04-14,0,68
Oupeye,2020-04-15,7,75
Oupeye,2020-04-16,5,80
Oupeye,2020-04-17,11,91
Oupeye,2020-04-18,1,92
Oupeye,2020-04-19,2,94
Oupeye,2020-04-20,6,100
Oupeye,2020-04-21,2,102
Oupeye,2020-04-22,1,103
Oupeye,2020-04-23,2,105
Oupeye,2020-04-24,7,112
Oupeye,2020-04-25,0,112
Oupeye,2020-04-26,1,113
Oupeye,2020-04-27,3,116
Oupeye,2020-04-28,1,117
Oupeye,2020-04-29,4,121
Oupeye,2020-04-30,3,124
Oupeye,2020-05-01,1,125
Oupeye,2020-05-02,1,126
Oupeye,2020-05-03,1,127
Oupeye,2020-05-04,1,128
Oupeye,2020-05-05,1,129
Oupeye,2020-05-06,0,129
Oupeye,2020-05-07,0,129
Oupeye,2020-05-08,0,129
Oupeye,2020-05-09,0,129
Oupeye,2020-05-10,0,129
Oupeye,2020-05-11,1,130
Oupeye,2020-05-12,2,132
Oupeye,2020-05-13,0,132
Oupeye,2020-05-14,1,133
Oupeye,2020-05-15,0,133
Oupeye,2020-05-16,0,133
Oupeye,2020-05-17,1,134
Oupeye,2020-05-18,0,134
Oupeye,2020-05-19,2,136
Oupeye,2020-05-20,1,137
Oupeye,2020-05-21,2,139
Oupeye,2020-05-22,0,139
Oupeye,2020-05-23,0,139
Oupeye,2020-05-24,1,140
Oupeye,2020-05-25,0,140
Oupeye,2020-05-26,2,142
Oupeye,2020-05-27,1,143
Oupeye,2020-05-28,1,144
Oupeye,2020-05-29,2,146
Oupeye,2020-05-30,0,146
Oupeye,2020-05-31,0,146
Oupeye,2020-06-01,0,146
Oupeye,2020-06-02,0,146
Oupeye,2020-06-03,0,146
Oupeye,2020-06-04,0,146
Oupeye,2020-06-05,0,146
Oupeye,2020-06-06,0,146
Oupeye,2020-06-07,0,146
Oupeye,2020-06-08,0,146
Oupeye,2020-06-09,2,148
Oupeye,2020-06-10,1,149
Oupeye,2020-06-11,1,150
Oupeye,2020-06-12,0,150
Oupeye,2020-06-13,0,150
Oupeye,2020-06-14,0,150
Oupeye,2020-06-15,0,150
Oupeye,2020-06-16,0,150
Oupeye,2020-06-17,0,150
Oupeye,2020-06-18,0,150
Oupeye,2020-06-19,0,150
Oupeye,2020-06-20,0,150
Oupeye,2020-06-23,1,151
Oupeye,2020-06-24,0,151
Oupeye,2020-06-25,0,151
Oupeye,2020-06-26,0,151
Oupeye,2020-06-27,0,151
Oupeye,2020-06-30,0,151
Oupeye,2020-07-01,0,151
Oupeye,2020-07-02,0,151
Oupeye,2020-07-03,0,151
Oupeye,2020-07-04,0,151
Oupeye,2020-07-07,0,151
Oupeye,2020-07-08,0,151
Oupeye,2020-07-09,1,152
Oupeye,2020-07-10,1,153
Oupeye,2020-07-11,0,153
Oupeye,2020-07-14,0,153
Oupeye,2020-07-15,0,153
Oupeye,2020-07-16,0,153
Oupeye,2020-07-17,0,153
Oupeye,2020-07-18,0,153
Oupeye,2020-07-20,0,153
Oupeye,2020-07-21,0,153
Oupeye,2020-07-22,0,153
Oupeye,2020-07-23,0,153
Oupeye,2020-07-24,1,154
Oupeye,2020-07-25,0,154
Oupeye,2020-07-26,0,154
Oupeye,2020-07-27,3,157
Oupeye,2020-07-28,0,157
Oupeye,2020-07-29,0,157
Oupeye,2020-07-30,0,157
Oupeye,2020-07-31,2,159
Saint-Nicolas (Luik),2020-04-01,1,22
Saint-Nicolas (Luik),2020-04-02,0,22
Saint-Nicolas (Luik),2020-04-03,2,24
Saint-Nicolas (Luik),2020-04-04,4,28
Saint-Nicolas (Luik),2020-04-05,0,28
Saint-Nicolas (Luik),2020-04-06,0,28
Saint-Nicolas (Luik),2020-04-07,12,40
Saint-Nicolas (Luik),2020-04-08,0,40
Saint-Nicolas (Luik),2020-04-09,3,43
Saint-Nicolas (Luik),2020-04-10,2,45
Saint-Nicolas (Luik),2020-04-11,9,54
Saint-Nicolas (Luik),2020-04-12,3,57
Saint-Nicolas (Luik),2020-04-13,11,68
Saint-Nicolas (Luik),2020-04-14,1,69
Saint-Nicolas (Luik),2020-04-15,19,88
Saint-Nicolas (Luik),2020-04-16,1,89
Saint-Nicolas (Luik),2020-04-17,15,104
Saint-Nicolas (Luik),2020-04-18,4,108
Saint-Nicolas (Luik),2020-04-19,3,111
Saint-Nicolas (Luik),2020-04-20,4,115
Saint-Nicolas (Luik),2020-04-21,31,146
Saint-Nicolas (Luik),2020-04-22,1,147
Saint-Nicolas (Luik),2020-04-23,1,148
Saint-Nicolas (Luik),2020-04-24,3,151
Saint-Nicolas (Luik),2020-04-25,1,152
Saint-Nicolas (Luik),2020-04-26,1,153
Saint-Nicolas (Luik),2020-04-27,1,154
Saint-Nicolas (Luik),2020-04-28,1,155
Saint-Nicolas (Luik),2020-04-29,2,157
Saint-Nicolas (Luik),2020-04-30,0,157
Saint-Nicolas (Luik),2020-05-01,0,157
Saint-Nicolas (Luik),2020-05-02,1,158
Saint-Nicolas (Luik),2020-05-03,1,159
Saint-Nicolas (Luik),2020-05-04,0,159
Saint-Nicolas (Luik),2020-05-05,0,159
Saint-Nicolas (Luik),2020-05-06,1,160
Saint-Nicolas (Luik),2020-05-07,0,160
Saint-Nicolas (Luik),2020-05-08,1,161
Saint-Nicolas (Luik),2020-05-09,1,162
Saint-Nicolas (Luik),2020-05-10,1,163
Saint-Nicolas (Luik),2020-05-11,1,164
Saint-Nicolas (Luik),2020-05-12,1,165
Saint-Nicolas (Luik),2020-05-13,0,165
Saint-Nicolas (Luik),2020-05-14,0,165
Saint-Nicolas (Luik),2020-05-15,1,166
Saint-Nicolas (Luik),2020-05-16,0,166
Saint-Nicolas (Luik),2020-05-17,1,167
Saint-Nicolas (Luik),2020-05-18,1,168
Saint-Nicolas (Luik),2020-05-19,0,168
Saint-Nicolas (Luik),2020-05-20,0,168
Saint-Nicolas (Luik),2020-05-21,0,168
Saint-Nicolas (Luik),2020-05-22,0,168
Saint-Nicolas (Luik),2020-05-23,0,168
Saint-Nicolas (Luik),2020-05-24,0,168
Saint-Nicolas (Luik),2020-05-25,1,169
Saint-Nicolas (Luik),2020-05-26,2,171
Saint-Nicolas (Luik),2020-05-27,0,171
Saint-Nicolas (Luik),2020-05-28,1,172
Saint-Nicolas (Luik),2020-05-29,0,172
Saint-Nicolas (Luik),2020-05-30,0,172
Saint-Nicolas (Luik),2020-05-31,0,172
Saint-Nicolas (Luik),2020-06-01,0,172
Saint-Nicolas (Luik),2020-06-02,0,172
Saint-Nicolas (Luik),2020-06-03,0,172
Saint-Nicolas (Luik),2020-06-04,0,172
Saint-Nicolas (Luik),2020-06-05,0,172
Saint-Nicolas (Luik),2020-06-06,0,172
Saint-Nicolas (Luik),2020-06-07,0,172
Saint-Nicolas (Luik),2020-06-08,0,172
Saint-Nicolas (Luik),2020-06-09,0,172
Saint-Nicolas (Luik),2020-06-10,1,173
Saint-Nicolas (Luik),2020-06-11,1,174
Saint-Nicolas (Luik),2020-06-12,1,175
Saint-Nicolas (Luik),2020-06-13,0,175
Saint-Nicolas (Luik),2020-06-14,0,175
Saint-Nicolas (Luik),2020-06-15,0,175
Saint-Nicolas (Luik),2020-06-16,0,175
Saint-Nicolas (Luik),2020-06-17,1,176
Saint-Nicolas (Luik),2020-06-18,0,176
Saint-Nicolas (Luik),2020-06-19,1,177
Saint-Nicolas (Luik),2020-06-20,0,177
Saint-Nicolas (Luik),2020-06-23,2,179
Saint-Nicolas (Luik),2020-06-24,0,179
Saint-Nicolas (Luik),2020-06-25,0,179
Saint-Nicolas (Luik),2020-06-26,1,180
Saint-Nicolas (Luik),2020-06-27,0,180
Saint-Nicolas (Luik),2020-06-30,0,180
Saint-Nicolas (Luik),2020-07-01,0,180
Saint-Nicolas (Luik),2020-07-02,0,180
Saint-Nicolas (Luik),2020-07-03,0,180
Saint-Nicolas (Luik),2020-07-04,0,180
Saint-Nicolas (Luik),2020-07-07,0,180
Saint-Nicolas (Luik),2020-07-08,0,180
Saint-Nicolas (Luik),2020-07-09,0,180
Saint-Nicolas (Luik),2020-07-10,1,181
Saint-Nicolas (Luik),2020-07-11,0,181
Saint-Nicolas (Luik),2020-07-14,0,181
Saint-Nicolas (Luik),2020-07-15,0,181
Saint-Nicolas (Luik),2020-07-16,0,181
Saint-Nicolas (Luik),2020-07-17,0,181
Saint-Nicolas (Luik),2020-07-18,0,181
Saint-Nicolas (Luik),2020-07-20,0,181
Saint-Nicolas (Luik),2020-07-21,2,183
Saint-Nicolas (Luik),2020-07-22,0,183
Saint-Nicolas (Luik),2020-07-23,0,183
Saint-Nicolas (Luik),2020-07-24,2,185
Saint-Nicolas (Luik),2020-07-25,3,188
Saint-Nicolas (Luik),2020-07-26,1,189
Saint-Nicolas (Luik),2020-07-27,2,191
Saint-Nicolas (Luik),2020-07-28,0,191
Saint-Nicolas (Luik),2020-07-29,4,195
Saint-Nicolas (Luik),2020-07-30,2,197
Saint-Nicolas (Luik),2020-07-31,0,197
Seraing,2020-04-01,13,124
Seraing,2020-04-02,0,124
Seraing,2020-04-03,3,127
Seraing,2020-04-04,7,134
Seraing,2020-04-05,0,134
Seraing,2020-04-06,0,134
Seraing,2020-04-07,79,213
Seraing,2020-04-08,14,227
Seraing,2020-04-09,20,247
Seraing,2020-04-10,16,263
Seraing,2020-04-11,12,275
Seraing,2020-04-12,6,281
Seraing,2020-04-13,8,289
Seraing,2020-04-14,0,289
Seraing,2020-04-15,11,300
Seraing,2020-04-16,7,307
Seraing,2020-04-17,14,321
Seraing,2020-04-18,7,328
Seraing,2020-04-19,8,336
Seraing,2020-04-20,21,357
Seraing,2020-04-21,5,362
Seraing,2020-04-22,4,366
Seraing,2020-04-23,1,367
Seraing,2020-04-24,2,369
Seraing,2020-04-25,2,371
Seraing,2020-04-26,2,373
Seraing,2020-04-27,2,375
Seraing,2020-04-28,4,379
Seraing,2020-04-29,2,381
Seraing,2020-04-30,2,383
Seraing,2020-05-01,3,386
Seraing,2020-05-02,1,387
Seraing,2020-05-03,4,391
Seraing,2020-05-04,2,393
Seraing,2020-05-05,2,395
Seraing,2020-05-06,0,395
Seraing,2020-05-07,2,397
Seraing,2020-05-08,4,401
Seraing,2020-05-09,2,403
Seraing,2020-05-10,1,404
Seraing,2020-05-11,2,406
Seraing,2020-05-12,4,410
Seraing,2020-05-13,1,411
Seraing,2020-05-14,0,411
Seraing,2020-05-15,0,411
Seraing,2020-05-16,0,411
Seraing,2020-05-17,3,414
Seraing,2020-05-18,9,423
Seraing,2020-05-19,0,423
Seraing,2020-05-20,0,423
Seraing,2020-05-21,1,424
Seraing,2020-05-22,3,427
Seraing,2020-05-23,0,427
Seraing,2020-05-24,0,427
Seraing,2020-05-25,1,428
Seraing,2020-05-26,0,428
Seraing,2020-05-27,0,428
Seraing,2020-05-28,0,428
Seraing,2020-05-29,2,430
Seraing,2020-05-30,0,430
Seraing,2020-05-31,1,431
Seraing,2020-06-01,0,431
Seraing,2020-06-02,1,432
Seraing,2020-06-03,1,433
Seraing,2020-06-04,0,433
Seraing,2020-06-05,1,434
Seraing,2020-06-06,0,434
Seraing,2020-06-07,0,434
Seraing,2020-06-08,0,434
Seraing,2020-06-09,2,436
Seraing,2020-06-10,0,436
Seraing,2020-06-11,2,438
Seraing,2020-06-12,0,438
Seraing,2020-06-13,1,439
Seraing,2020-06-14,0,439
Seraing,2020-06-15,0,439
Seraing,2020-06-16,1,440
Seraing,2020-06-17,1,441
Seraing,2020-06-18,0,441
Seraing,2020-06-19,1,442
Seraing,2020-06-20,0,442
Seraing,2020-06-23,1,443
Seraing,2020-06-24,0,443
Seraing,2020-06-25,0,443
Seraing,2020-06-26,0,443
Seraing,2020-06-27,0,443
Seraing,2020-06-30,0,443
Seraing,2020-07-01,0,443
Seraing,2020-07-02,0,443
Seraing,2020-07-03,0,443
Seraing,2020-07-04,0,443
Seraing,2020-07-07,0,443
Seraing,2020-07-08,0,443
Seraing,2020-07-09,0,443
Seraing,2020-07-10,2,445
Seraing,2020-07-11,0,445
Seraing,2020-07-14,0,445
Seraing,2020-07-15,0,445
Seraing,2020-07-16,2,447
Seraing,2020-07-17,1,448
Seraing,2020-07-18,1,449
Seraing,2020-07-20,1,450
Seraing,2020-07-21,1,451
Seraing,2020-07-22,1,452
Seraing,2020-07-23,0,452
Seraing,2020-07-24,2,454
Seraing,2020-07-25,2,456
Seraing,2020-07-26,1,457
Seraing,2020-07-27,0,457
Seraing,2020-07-28,1,458
Seraing,2020-07-29,0,458
Seraing,2020-07-30,3,461
Seraing,2020-07-31,6,467
Soumagne,2020-04-01,3,26
Soumagne,2020-04-02,0,26
Soumagne,2020-04-03,1,27
Soumagne,2020-04-04,1,28
Soumagne,2020-04-05,1,29
Soumagne,2020-04-06,0,29
Soumagne,2020-04-07,16,45
Soumagne,2020-04-08,3,48
Soumagne,2020-04-09,0,48
Soumagne,2020-04-10,1,49
Soumagne,2020-04-11,3,52
Soumagne,2020-04-12,1,53
Soumagne,2020-04-13,0,53
Soumagne,2020-04-14,1,54
Soumagne,2020-04-15,3,57
Soumagne,2020-04-16,6,63
Soumagne,2020-04-17,7,70
Soumagne,2020-04-18,3,73
Soumagne,2020-04-19,1,74
Soumagne,2020-04-20,3,77
Soumagne,2020-04-21,0,77
Soumagne,2020-04-22,7,84
Soumagne,2020-04-23,1,85
Soumagne,2020-04-24,5,90
Soumagne,2020-04-25,5,95
Soumagne,2020-04-26,5,100
Soumagne,2020-04-27,3,103
Soumagne,2020-04-28,3,106
Soumagne,2020-04-29,0,106
Soumagne,2020-04-30,2,108
Soumagne,2020-05-01,0,108
Soumagne,2020-05-02,1,109
Soumagne,2020-05-03,0,109
Soumagne,2020-05-04,0,109
Soumagne,2020-05-05,0,109
Soumagne,2020-05-06,0,109
Soumagne,2020-05-07,1,110
Soumagne,2020-05-08,0,110
Soumagne,2020-05-09,2,112
Soumagne,2020-05-10,1,113
Soumagne,2020-05-11,0,113
Soumagne,2020-05-12,3,116
Soumagne,2020-05-13,0,116
Soumagne,2020-05-14,0,116
Soumagne,2020-05-15,0,116
Soumagne,2020-05-16,0,116
Soumagne,2020-05-17,0,116
Soumagne,2020-05-18,0,116
Soumagne,2020-05-19,0,116
Soumagne,2020-05-20,0,116
Soumagne,2020-05-21,1,117
Soumagne,2020-05-22,0,117
Soumagne,2020-05-23,0,117
Soumagne,2020-05-24,0,117
Soumagne,2020-05-25,2,119
Soumagne,2020-05-26,0,119
Soumagne,2020-05-27,0,119
Soumagne,2020-05-28,0,119
Soumagne,2020-05-29,1,120
Soumagne,2020-05-30,0,120
Soumagne,2020-05-31,0,120
Soumagne,2020-06-01,0,120
Soumagne,2020-06-02,0,120
Soumagne,2020-06-03,0,120
Soumagne,2020-06-04,0,120
Soumagne,2020-06-05,0,120
Soumagne,2020-06-06,0,120
Soumagne,2020-06-07,0,120
Soumagne,2020-06-08,0,120
Soumagne,2020-06-09,0,120
Soumagne,2020-06-10,0,120
Soumagne,2020-06-11,0,120
Soumagne,2020-06-12,0,120
Soumagne,2020-06-13,0,120
Soumagne,2020-06-14,0,120
Soumagne,2020-06-15,0,120
Soumagne,2020-06-16,0,120
Soumagne,2020-06-17,0,120
Soumagne,2020-06-18,0,120
Soumagne,2020-06-19,0,120
Soumagne,2020-06-20,0,120
Soumagne,2020-06-23,0,120
Soumagne,2020-06-24,0,120
Soumagne,2020-06-25,1,121
Soumagne,2020-06-26,0,121
Soumagne,2020-06-27,0,121
Soumagne,2020-06-30,0,121
Soumagne,2020-07-01,0,121
Soumagne,2020-07-02,0,121
Soumagne,2020-07-03,0,121
Soumagne,2020-07-04,0,121
Soumagne,2020-07-07,0,121
Soumagne,2020-07-08,0,121
Soumagne,2020-07-09,0,121
Soumagne,2020-07-10,0,121
Soumagne,2020-07-11,0,121
Soumagne,2020-07-14,0,121
Soumagne,2020-07-15,0,121
Soumagne,2020-07-16,0,121
Soumagne,2020-07-17,0,121
Soumagne,2020-07-18,0,121
Soumagne,2020-07-20,0,121
Soumagne,2020-07-21,0,121
Soumagne,2020-07-22,0,121
Soumagne,2020-07-23,0,121
Soumagne,2020-07-24,0,121
Soumagne,2020-07-25,0,121
Soumagne,2020-07-26,0,121
Soumagne,2020-07-27,1,122
Soumagne,2020-07-28,0,122
Soumagne,2020-07-29,0,122
Soumagne,2020-07-30,0,122
Soumagne,2020-07-31,0,122
Sprimont,2020-04-01,2,23
Sprimont,2020-04-02,0,23
Sprimont,2020-04-03,2,25
Sprimont,2020-04-04,5,30
Sprimont,2020-04-05,1,31
Sprimont,2020-04-06,0,31
Sprimont,2020-04-07,4,35
Sprimont,2020-04-08,2,37
Sprimont,2020-04-09,3,40
Sprimont,2020-04-10,1,41
Sprimont,2020-04-11,1,42
Sprimont,2020-04-12,4,46
Sprimont,2020-04-13,2,48
Sprimont,2020-04-14,0,48
Sprimont,2020-04-15,2,50
Sprimont,2020-04-16,2,52
Sprimont,2020-04-17,6,58
Sprimont,2020-04-18,2,60
Sprimont,2020-04-19,1,61
Sprimont,2020-04-20,3,64
Sprimont,2020-04-21,2,66
Sprimont,2020-04-22,1,67
Sprimont,2020-04-23,0,67
Sprimont,2020-04-24,1,68
Sprimont,2020-04-25,0,68
Sprimont,2020-04-26,1,69
Sprimont,2020-04-27,1,70
Sprimont,2020-04-28,10,80
Sprimont,2020-04-29,1,81
Sprimont,2020-04-30,1,82
Sprimont,2020-05-01,0,82
Sprimont,2020-05-02,0,82
Sprimont,2020-05-03,1,83
Sprimont,2020-05-04,0,83
Sprimont,2020-05-05,1,84
Sprimont,2020-05-06,0,84
Sprimont,2020-05-07,0,84
Sprimont,2020-05-08,1,85
Sprimont,2020-05-09,2,87
Sprimont,2020-05-10,0,87
Sprimont,2020-05-11,0,87
Sprimont,2020-05-12,0,87
Sprimont,2020-05-13,0,87
Sprimont,2020-05-14,1,88
Sprimont,2020-05-15,0,88
Sprimont,2020-05-16,0,88
Sprimont,2020-05-17,1,89
Sprimont,2020-05-18,1,90
Sprimont,2020-05-19,0,90
Sprimont,2020-05-20,0,90
Sprimont,2020-05-21,0,90
Sprimont,2020-05-22,0,90
Sprimont,2020-05-23,0,90
Sprimont,2020-05-24,0,90
Sprimont,2020-05-25,0,90
Sprimont,2020-05-26,0,90
Sprimont,2020-05-27,0,90
Sprimont,2020-05-28,0,90
Sprimont,2020-05-29,0,90
Sprimont,2020-05-30,0,90
Sprimont,2020-05-31,0,90
Sprimont,2020-06-01,0,90
Sprimont,2020-06-02,0,90
Sprimont,2020-06-03,0,90
Sprimont,2020-06-04,0,90
Sprimont,2020-06-05,0,90
Sprimont,2020-06-06,0,90
Sprimont,2020-06-07,0,90
Sprimont,2020-06-08,0,90
Sprimont,2020-06-09,0,90
Sprimont,2020-06-10,0,90
Sprimont,2020-06-11,0,90
Sprimont,2020-06-12,0,90
Sprimont,2020-06-13,0,90
Sprimont,2020-06-14,0,90
Sprimont,2020-06-15,0,90
Sprimont,2020-06-16,0,90
Sprimont,2020-06-17,1,91
Sprimont,2020-06-18,0,91
Sprimont,2020-06-19,0,91
Sprimont,2020-06-20,0,91
Sprimont,2020-06-23,0,91
Sprimont,2020-06-24,0,91
Sprimont,2020-06-25,0,91
Sprimont,2020-06-26,0,91
Sprimont,2020-06-27,0,91
Sprimont,2020-06-30,2,93
Sprimont,2020-07-01,0,93
Sprimont,2020-07-02,0,93
Sprimont,2020-07-03,0,93
Sprimont,2020-07-04,0,93
Sprimont,2020-07-07,0,93
Sprimont,2020-07-08,0,93
Sprimont,2020-07-09,0,93
Sprimont,2020-07-10,0,93
Sprimont,2020-07-11,0,93
Sprimont,2020-07-14,1,94
Sprimont,2020-07-15,0,94
Sprimont,2020-07-16,0,94
Sprimont,2020-07-17,0,94
Sprimont,2020-07-18,0,94
Sprimont,2020-07-20,0,94
Sprimont,2020-07-21,0,94
Sprimont,2020-07-22,0,94
Sprimont,2020-07-23,0,94
Sprimont,2020-07-24,0,94
Sprimont,2020-07-25,0,94
Sprimont,2020-07-26,0,94
Sprimont,2020-07-27,0,94
Sprimont,2020-07-28,0,94
Sprimont,2020-07-29,1,95
Sprimont,2020-07-30,0,95
Sprimont,2020-07-31,2,97
Wezet,2020-04-01,2,25
Wezet,2020-04-02,0,25
Wezet,2020-04-03,2,27
Wezet,2020-04-04,0,27
Wezet,2020-04-05,0,27
Wezet,2020-04-06,0,27
Wezet,2020-04-07,11,38
Wezet,2020-04-08,2,40
Wezet,2020-04-09,2,42
Wezet,2020-04-10,1,43
Wezet,2020-04-11,7,50
Wezet,2020-04-12,3,53
Wezet,2020-04-13,0,53
Wezet,2020-04-14,0,53
Wezet,2020-04-15,5,58
Wezet,2020-04-16,1,59
Wezet,2020-04-17,5,64
Wezet,2020-04-18,1,65
Wezet,2020-04-19,2,67
Wezet,2020-04-20,4,71
Wezet,2020-04-21,0,71
Wezet,2020-04-22,1,72
Wezet,2020-04-23,2,74
Wezet,2020-04-24,2,76
Wezet,2020-04-25,0,76
Wezet,2020-04-26,4,80
Wezet,2020-04-27,2,82
Wezet,2020-04-28,2,84
Wezet,2020-04-29,0,84
Wezet,2020-04-30,1,85
Wezet,2020-05-01,1,86
Wezet,2020-05-02,2,88
Wezet,2020-05-03,0,88
Wezet,2020-05-04,0,88
Wezet,2020-05-05,1,89
Wezet,2020-05-06,1,90
Wezet,2020-05-07,0,90
Wezet,2020-05-08,0,90
Wezet,2020-05-09,0,90
Wezet,2020-05-10,0,90
Wezet,2020-05-11,1,91
Wezet,2020-05-12,2,93
Wezet,2020-05-13,0,93
Wezet,2020-05-14,0,93
Wezet,2020-05-15,0,93
Wezet,2020-05-16,1,94
Wezet,2020-05-17,2,96
Wezet,2020-05-18,0,96
Wezet,2020-05-19,0,96
Wezet,2020-05-20,0,96
Wezet,2020-05-21,1,97
Wezet,2020-05-22,0,97
Wezet,2020-05-23,0,97
Wezet,2020-05-24,0,97
Wezet,2020-05-25,0,97
Wezet,2020-05-26,1,98
Wezet,2020-05-27,0,98
Wezet,2020-05-28,0,98
Wezet,2020-05-29,0,98
Wezet,2020-05-30,0,98
Wezet,2020-05-31,0,98
Wezet,2020-06-01,0,98
Wezet,2020-06-02,1,99
Wezet,2020-06-03,0,99
Wezet,2020-06-04,0,99
Wezet,2020-06-05,0,99
Wezet,2020-06-06,0,99
Wezet,2020-06-07,1,100
Wezet,2020-06-08,0,100
Wezet,2020-06-09,0,100
Wezet,2020-06-10,0,100
Wezet,2020-06-11,0,100
Wezet,2020-06-12,0,100
Wezet,2020-06-13,0,100
Wezet,2020-06-14,0,100
Wezet,2020-06-15,0,100
Wezet,2020-06-16,0,100
Wezet,2020-06-17,0,100
Wezet,2020-06-18,0,100
Wezet,2020-06-19,0,100
Wezet,2020-06-20,0,100
Wezet,2020-06-23,0,100
Wezet,2020-06-24,0,100
Wezet,2020-06-25,0,100
Wezet,2020-06-26,0,100
Wezet,2020-06-27,0,100
Wezet,2020-06-30,1,101
Wezet,2020-07-01,0,101
Wezet,2020-07-02,0,101
Wezet,2020-07-03,0,101
Wezet,2020-07-04,0,101
Wezet,2020-07-07,0,101
Wezet,2020-07-08,0,101
Wezet,2020-07-09,0,101
Wezet,2020-07-10,1,102
Wezet,2020-07-11,0,102
Wezet,2020-07-14,0,102
Wezet,2020-07-15,0,102
Wezet,2020-07-16,0,102
Wezet,2020-07-17,0,102
Wezet,2020-07-18,0,102
Wezet,2020-07-20,0,102
Wezet,2020-07-21,0,102
Wezet,2020-07-22,0,102
Wezet,2020-07-23,0,102
Wezet,2020-07-24,0,102
Wezet,2020-07-25,2,104
Wezet,2020-07-26,0,104
Wezet,2020-07-27,0,104
Wezet,2020-07-28,0,104
Wezet,2020-07-29,0,104
Wezet,2020-07-30,0,104
Wezet,2020-07-31,0,104
Grâce-Hollogne,2020-04-01,2,40
Grâce-Hollogne,2020-04-02,0,40
Grâce-Hollogne,2020-04-03,2,42
Grâce-Hollogne,2020-04-04,2,44
Grâce-Hollogne,2020-04-05,0,44
Grâce-Hollogne,2020-04-06,0,44
Grâce-Hollogne,2020-04-07,9,53
Grâce-Hollogne,2020-04-08,0,53
Grâce-Hollogne,2020-04-09,3,56
Grâce-Hollogne,2020-04-10,2,58
Grâce-Hollogne,2020-04-11,5,63
Grâce-Hollogne,2020-04-12,4,67
Grâce-Hollogne,2020-04-13,3,70
Grâce-Hollogne,2020-04-14,0,70
Grâce-Hollogne,2020-04-15,7,77
Grâce-Hollogne,2020-04-16,4,81
Grâce-Hollogne,2020-04-17,1,82
Grâce-Hollogne,2020-04-18,0,82
Grâce-Hollogne,2020-04-19,3,85
Grâce-Hollogne,2020-04-20,6,91
Grâce-Hollogne,2020-04-21,2,93
Grâce-Hollogne,2020-04-22,1,94
Grâce-Hollogne,2020-04-23,3,97
Grâce-Hollogne,2020-04-24,6,103
Grâce-Hollogne,2020-04-25,0,103
Grâce-Hollogne,2020-04-26,2,105
Grâce-Hollogne,2020-04-27,1,106
Grâce-Hollogne,2020-04-28,2,108
Grâce-Hollogne,2020-04-29,0,108
Grâce-Hollogne,2020-04-30,3,111
Grâce-Hollogne,2020-05-01,1,112
Grâce-Hollogne,2020-05-02,1,113
Grâce-Hollogne,2020-05-03,1,114
Grâce-Hollogne,2020-05-04,1,115
Grâce-Hollogne,2020-05-05,0,115
Grâce-Hollogne,2020-05-06,0,115
Grâce-Hollogne,2020-05-07,0,115
Grâce-Hollogne,2020-05-08,0,115
Grâce-Hollogne,2020-05-09,0,115
Grâce-Hollogne,2020-05-10,2,117
Grâce-Hollogne,2020-05-11,0,117
Grâce-Hollogne,2020-05-12,3,120
Grâce-Hollogne,2020-05-13,0,120
Grâce-Hollogne,2020-05-14,0,120
Grâce-Hollogne,2020-05-15,0,120
Grâce-Hollogne,2020-05-16,0,120
Grâce-Hollogne,2020-05-17,1,121
Grâce-Hollogne,2020-05-18,2,123
Grâce-Hollogne,2020-05-19,0,123
Grâce-Hollogne,2020-05-20,1,124
Grâce-Hollogne,2020-05-21,0,124
Grâce-Hollogne,2020-05-22,0,124
Grâce-Hollogne,2020-05-23,1,125
Grâce-Hollogne,2020-05-24,1,126
Grâce-Hollogne,2020-05-25,0,126
Grâce-Hollogne,2020-05-26,0,126
Grâce-Hollogne,2020-05-27,0,126
Grâce-Hollogne,2020-05-28,0,126
Grâce-Hollogne,2020-05-29,1,127
Grâce-Hollogne,2020-05-30,0,127
Grâce-Hollogne,2020-05-31,0,127
Grâce-Hollogne,2020-06-01,0,127
Grâce-Hollogne,2020-06-02,2,129
Grâce-Hollogne,2020-06-03,1,130
Grâce-Hollogne,2020-06-04,0,130
Grâce-Hollogne,2020-06-05,0,130
Grâce-Hollogne,2020-06-06,0,130
Grâce-Hollogne,2020-06-07,1,131
Grâce-Hollogne,2020-06-08,0,131
Grâce-Hollogne,2020-06-09,0,131
Grâce-Hollogne,2020-06-10,1,132
Grâce-Hollogne,2020-06-11,0,132
Grâce-Hollogne,2020-06-12,0,132
Grâce-Hollogne,2020-06-13,0,132
Grâce-Hollogne,2020-06-14,0,132
Grâce-Hollogne,2020-06-15,1,133
Grâce-Hollogne,2020-06-16,0,133
Grâce-Hollogne,2020-06-17,0,133
Grâce-Hollogne,2020-06-18,0,133
Grâce-Hollogne,2020-06-19,1,134
Grâce-Hollogne,2020-06-20,0,134
Grâce-Hollogne,2020-06-23,0,134
Grâce-Hollogne,2020-06-24,1,135
Grâce-Hollogne,2020-06-25,0,135
Grâce-Hollogne,2020-06-26,0,135
Grâce-Hollogne,2020-06-27,1,136
Grâce-Hollogne,2020-06-30,0,136
Grâce-Hollogne,2020-07-01,0,136
Grâce-Hollogne,2020-07-02,0,136
Grâce-Hollogne,2020-07-03,0,136
Grâce-Hollogne,2020-07-04,1,137
Grâce-Hollogne,2020-07-07,0,137
Grâce-Hollogne,2020-07-08,0,137
Grâce-Hollogne,2020-07-09,0,137
Grâce-Hollogne,2020-07-10,1,138
Grâce-Hollogne,2020-07-11,0,138
Grâce-Hollogne,2020-07-14,0,138
Grâce-Hollogne,2020-07-15,0,138
Grâce-Hollogne,2020-07-16,0,138
Grâce-Hollogne,2020-07-17,0,138
Grâce-Hollogne,2020-07-18,0,138
Grâce-Hollogne,2020-07-20,0,138
Grâce-Hollogne,2020-07-21,1,139
Grâce-Hollogne,2020-07-22,0,139
Grâce-Hollogne,2020-07-23,1,140
Grâce-Hollogne,2020-07-24,0,140
Grâce-Hollogne,2020-07-25,0,140
Grâce-Hollogne,2020-07-26,0,140
Grâce-Hollogne,2020-07-27,0,140
Grâce-Hollogne,2020-07-28,0,140
Grâce-Hollogne,2020-07-29,0,140
Grâce-Hollogne,2020-07-30,2,142
Grâce-Hollogne,2020-07-31,0,142
Blegny,2020-04-01,2,21
Blegny,2020-04-02,0,21
Blegny,2020-04-03,1,22
Blegny,2020-04-04,0,22
Blegny,2020-04-05,0,22
Blegny,2020-04-06,0,22
Blegny,2020-04-07,6,28
Blegny,2020-04-08,1,29
Blegny,2020-04-09,4,33
Blegny,2020-04-10,1,34
Blegny,2020-04-11,3,37
Blegny,2020-04-12,2,39
Blegny,2020-04-13,1,40
Blegny,2020-04-14,0,40
Blegny,2020-04-15,1,41
Blegny,2020-04-16,4,45
Blegny,2020-04-17,12,57
Blegny,2020-04-18,5,62
Blegny,2020-04-19,24,86
Blegny,2020-04-20,14,100
Blegny,2020-04-21,0,100
Blegny,2020-04-22,1,101
Blegny,2020-04-23,0,101
Blegny,2020-04-24,2,103
Blegny,2020-04-25,3,106
Blegny,2020-04-26,1,107
Blegny,2020-04-27,1,108
Blegny,2020-04-28,2,110
Blegny,2020-04-29,0,110
Blegny,2020-04-30,2,112
Blegny,2020-05-01,2,114
Blegny,2020-05-02,-1,113
Blegny,2020-05-03,1,114
Blegny,2020-05-04,0,114
Blegny,2020-05-05,0,114
Blegny,2020-05-06,0,114
Blegny,2020-05-07,0,114
Blegny,2020-05-08,2,116
Blegny,2020-05-09,0,116
Blegny,2020-05-10,0,116
Blegny,2020-05-11,0,116
Blegny,2020-05-12,0,116
Blegny,2020-05-13,0,116
Blegny,2020-05-14,0,116
Blegny,2020-05-15,0,116
Blegny,2020-05-16,0,116
Blegny,2020-05-17,0,116
Blegny,2020-05-18,0,116
Blegny,2020-05-19,0,116
Blegny,2020-05-20,1,117
Blegny,2020-05-21,0,117
Blegny,2020-05-22,0,117
Blegny,2020-05-23,1,118
Blegny,2020-05-24,1,119
Blegny,2020-05-25,0,119
Blegny,2020-05-26,0,119
Blegny,2020-05-27,0,119
Blegny,2020-05-28,1,120
Blegny,2020-05-29,1,121
Blegny,2020-05-30,0,121
Blegny,2020-05-31,0,121
Blegny,2020-06-01,1,122
Blegny,2020-06-02,0,122
Blegny,2020-06-03,1,123
Blegny,2020-06-04,0,123
Blegny,2020-06-05,1,124
Blegny,2020-06-06,0,124
Blegny,2020-06-07,0,124
Blegny,2020-06-08,0,124
Blegny,2020-06-09,1,125
Blegny,2020-06-10,0,125
Blegny,2020-06-11,0,125
Blegny,2020-06-12,0,125
Blegny,2020-06-13,0,125
Blegny,2020-06-14,0,125
Blegny,2020-06-15,0,125
Blegny,2020-06-16,0,125
Blegny,2020-06-17,0,125
Blegny,2020-06-18,0,125
Blegny,2020-06-19,0,125
Blegny,2020-06-20,0,125
Blegny,2020-06-23,1,126
Blegny,2020-06-24,0,126
Blegny,2020-06-25,0,126
Blegny,2020-06-26,0,126
Blegny,2020-06-27,0,126
Blegny,2020-06-30,0,126
Blegny,2020-07-01,0,126
Blegny,2020-07-02,0,126
Blegny,2020-07-03,0,126
Blegny,2020-07-04,0,126
Blegny,2020-07-07,0,126
Blegny,2020-07-08,0,126
Blegny,2020-07-09,0,126
Blegny,2020-07-10,0,126
Blegny,2020-07-11,0,126
Blegny,2020-07-14,0,126
Blegny,2020-07-15,0,126
Blegny,2020-07-16,0,126
Blegny,2020-07-17,0,126
Blegny,2020-07-18,0,126
Blegny,2020-07-20,0,126
Blegny,2020-07-21,0,126
Blegny,2020-07-22,0,126
Blegny,2020-07-23,1,127
Blegny,2020-07-24,0,127
Blegny,2020-07-25,0,127
Blegny,2020-07-26,0,127
Blegny,2020-07-27,0,127
Blegny,2020-07-28,0,127
Blegny,2020-07-29,0,127
Blegny,2020-07-30,0,127
Blegny,2020-07-31,0,127
Flémalle,2020-04-01,12,65
Flémalle,2020-04-02,1,66
Flémalle,2020-04-03,2,68
Flémalle,2020-04-04,6,74
Flémalle,2020-04-05,0,74
Flémalle,2020-04-06,0,74
Flémalle,2020-04-07,20,94
Flémalle,2020-04-08,6,100
Flémalle,2020-04-09,4,104
Flémalle,2020-04-10,2,106
Flémalle,2020-04-11,5,111
Flémalle,2020-04-12,2,113
Flémalle,2020-04-13,1,114
Flémalle,2020-04-14,1,115
Flémalle,2020-04-15,13,128
Flémalle,2020-04-16,2,130
Flémalle,2020-04-17,4,134
Flémalle,2020-04-18,2,136
Flémalle,2020-04-19,21,157
Flémalle,2020-04-20,12,169
Flémalle,2020-04-21,1,170
Flémalle,2020-04-22,1,171
Flémalle,2020-04-23,2,173
Flémalle,2020-04-24,1,174
Flémalle,2020-04-25,0,174
Flémalle,2020-04-26,1,175
Flémalle,2020-04-27,2,177
Flémalle,2020-04-28,2,179
Flémalle,2020-04-29,0,179
Flémalle,2020-04-30,1,180
Flémalle,2020-05-01,0,180
Flémalle,2020-05-02,0,180
Flémalle,2020-05-03,1,181
Flémalle,2020-05-04,0,181
Flémalle,2020-05-05,0,181
Flémalle,2020-05-06,0,181
Flémalle,2020-05-07,0,181
Flémalle,2020-05-08,1,182
Flémalle,2020-05-09,1,183
Flémalle,2020-05-10,0,183
Flémalle,2020-05-11,2,185
Flémalle,2020-05-12,1,186
Flémalle,2020-05-13,0,186
Flémalle,2020-05-14,1,187
Flémalle,2020-05-15,0,187
Flémalle,2020-05-16,0,187
Flémalle,2020-05-17,0,187
Flémalle,2020-05-18,8,195
Flémalle,2020-05-19,0,195
Flémalle,2020-05-20,1,196
Flémalle,2020-05-21,0,196
Flémalle,2020-05-22,1,197
Flémalle,2020-05-23,1,198
Flémalle,2020-05-24,0,198
Flémalle,2020-05-25,0,198
Flémalle,2020-05-26,0,198
Flémalle,2020-05-27,0,198
Flémalle,2020-05-28,0,198
Flémalle,2020-05-29,0,198
Flémalle,2020-05-30,0,198
Flémalle,2020-05-31,0,198
Flémalle,2020-06-01,0,198
Flémalle,2020-06-02,0,198
Flémalle,2020-06-03,0,198
Flémalle,2020-06-04,0,198
Flémalle,2020-06-05,0,198
Flémalle,2020-06-06,0,198
Flémalle,2020-06-07,0,198
Flémalle,2020-06-08,0,198
Flémalle,2020-06-09,0,198
Flémalle,2020-06-10,0,198
Flémalle,2020-06-11,0,198
Flémalle,2020-06-12,0,198
Flémalle,2020-06-13,0,198
Flémalle,2020-06-14,0,198
Flémalle,2020-06-15,0,198
Flémalle,2020-06-16,0,198
Flémalle,2020-06-17,0,198
Flémalle,2020-06-18,0,198
Flémalle,2020-06-19,0,198
Flémalle,2020-06-20,0,198
Flémalle,2020-06-23,2,200
Flémalle,2020-06-24,0,200
Flémalle,2020-06-25,0,200
Flémalle,2020-06-26,0,200
Flémalle,2020-06-27,2,202
Flémalle,2020-06-30,2,204
Flémalle,2020-07-01,0,204
Flémalle,2020-07-02,0,204
Flémalle,2020-07-03,0,204
Flémalle,2020-07-04,0,204
Flémalle,2020-07-07,1,205
Flémalle,2020-07-08,0,205
Flémalle,2020-07-09,0,205
Flémalle,2020-07-10,0,205
Flémalle,2020-07-11,0,205
Flémalle,2020-07-14,0,205
Flémalle,2020-07-15,0,205
Flémalle,2020-07-16,0,205
Flémalle,2020-07-17,0,205
Flémalle,2020-07-18,0,205
Flémalle,2020-07-20,0,205
Flémalle,2020-07-21,3,208
Flémalle,2020-07-22,0,208
Flémalle,2020-07-23,1,209
Flémalle,2020-07-24,1,210
Flémalle,2020-07-25,0,210
Flémalle,2020-07-26,2,212
Flémalle,2020-07-27,0,212
Flémalle,2020-07-28,3,215
Flémalle,2020-07-29,0,215
Flémalle,2020-07-30,0,215
Flémalle,2020-07-31,0,215
Neupré,2020-04-01,3,17
Neupré,2020-04-02,0,17
Neupré,2020-04-03,0,17
Neupré,2020-04-04,2,19
Neupré,2020-04-05,0,19
Neupré,2020-04-06,0,19
Neupré,2020-04-07,15,34
Neupré,2020-04-08,2,36
Neupré,2020-04-09,3,39
Neupré,2020-04-10,3,42
Neupré,2020-04-11,2,44
Neupré,2020-04-12,2,46
Neupré,2020-04-13,0,46
Neupré,2020-04-14,1,47
Neupré,2020-04-15,6,53
Neupré,2020-04-16,1,54
Neupré,2020-04-17,1,55
Neupré,2020-04-18,1,56
Neupré,2020-04-19,2,58
Neupré,2020-04-20,4,62
Neupré,2020-04-21,3,65
Neupré,2020-04-22,2,67
Neupré,2020-04-23,0,67
Neupré,2020-04-24,3,70
Neupré,2020-04-25,1,71
Neupré,2020-04-26,3,74
Neupré,2020-04-27,0,74
Neupré,2020-04-28,0,74
Neupré,2020-04-29,1,75
Neupré,2020-04-30,0,75
Neupré,2020-05-01,0,75
Neupré,2020-05-02,0,75
Neupré,2020-05-03,0,75
Neupré,2020-05-04,0,75
Neupré,2020-05-05,0,75
Neupré,2020-05-06,0,75
Neupré,2020-05-07,0,75
Neupré,2020-05-08,1,76
Neupré,2020-05-09,0,76
Neupré,2020-05-10,1,77
Neupré,2020-05-11,1,78
Neupré,2020-05-12,0,78
Neupré,2020-05-13,0,78
Neupré,2020-05-14,2,80
Neupré,2020-05-15,0,80
Neupré,2020-05-16,0,80
Neupré,2020-05-17,0,80
Neupré,2020-05-18,1,81
Neupré,2020-05-19,0,81
Neupré,2020-05-20,0,81
Neupré,2020-05-21,0,81
Neupré,2020-05-22,0,81
Neupré,2020-05-23,0,81
Neupré,2020-05-24,0,81
Neupré,2020-05-25,0,81
Neupré,2020-05-26,0,81
Neupré,2020-05-27,0,81
Neupré,2020-05-28,0,81
Neupré,2020-05-29,1,82
Neupré,2020-05-30,0,82
Neupré,2020-05-31,0,82
Neupré,2020-06-01,0,82
Neupré,2020-06-02,0,82
Neupré,2020-06-03,0,82
Neupré,2020-06-04,0,82
Neupré,2020-06-05,0,82
Neupré,2020-06-06,0,82
Neupré,2020-06-07,0,82
Neupré,2020-06-08,0,82
Neupré,2020-06-09,0,82
Neupré,2020-06-10,0,82
Neupré,2020-06-11,0,82
Neupré,2020-06-12,0,82
Neupré,2020-06-13,0,82
Neupré,2020-06-14,0,82
Neupré,2020-06-15,0,82
Neupré,2020-06-16,0,82
Neupré,2020-06-17,0,82
Neupré,2020-06-18,0,82
Neupré,2020-06-19,0,82
Neupré,2020-06-20,0,82
Neupré,2020-06-23,0,82
Neupré,2020-06-24,0,82
Neupré,2020-06-25,0,82
Neupré,2020-06-26,0,82
Neupré,2020-06-27,0,82
Neupré,2020-06-30,0,82
Neupré,2020-07-01,0,82
Neupré,2020-07-02,0,82
Neupré,2020-07-03,0,82
Neupré,2020-07-04,0,82
Neupré,2020-07-07,0,82
Neupré,2020-07-08,0,82
Neupré,2020-07-09,0,82
Neupré,2020-07-10,0,82
Neupré,2020-07-11,0,82
Neupré,2020-07-14,0,82
Neupré,2020-07-15,0,82
Neupré,2020-07-16,0,82
Neupré,2020-07-17,0,82
Neupré,2020-07-18,1,83
Neupré,2020-07-20,0,83
Neupré,2020-07-21,0,83
Neupré,2020-07-22,0,83
Neupré,2020-07-23,0,83
Neupré,2020-07-24,0,83
Neupré,2020-07-25,0,83
Neupré,2020-07-26,0,83
Neupré,2020-07-27,0,83
Neupré,2020-07-28,0,83
Neupré,2020-07-29,0,83
Neupré,2020-07-30,0,83
Neupré,2020-07-31,0,83
Trooz,2020-04-01,4,11
Trooz,2020-04-02,0,11
Trooz,2020-04-03,0,11
Trooz,2020-04-04,3,14
Trooz,2020-04-05,0,14
Trooz,2020-04-06,0,14
Trooz,2020-04-07,5,19
Trooz,2020-04-08,0,19
Trooz,2020-04-09,0,19
Trooz,2020-04-10,1,20
Trooz,2020-04-11,1,21
Trooz,2020-04-12,0,21
Trooz,2020-04-13,0,21
Trooz,2020-04-14,1,22
Trooz,2020-04-15,1,23
Trooz,2020-04-16,0,23
Trooz,2020-04-17,4,27
Trooz,2020-04-18,1,28
Trooz,2020-04-19,0,28
Trooz,2020-04-20,1,29
Trooz,2020-04-21,0,29
Trooz,2020-04-22,2,31
Trooz,2020-04-23,0,31
Trooz,2020-04-24,1,32
Trooz,2020-04-25,1,33
Trooz,2020-04-26,0,33
Trooz,2020-04-27,1,34
Trooz,2020-04-28,1,35
Trooz,2020-04-29,0,35
Trooz,2020-04-30,1,36
Trooz,2020-05-01,0,36
Trooz,2020-05-02,0,36
Trooz,2020-05-03,0,36
Trooz,2020-05-04,0,36
Trooz,2020-05-05,0,36
Trooz,2020-05-06,0,36
Trooz,2020-05-07,0,36
Trooz,2020-05-08,0,36
Trooz,2020-05-09,0,36
Trooz,2020-05-10,0,36
Trooz,2020-05-11,0,36
Trooz,2020-05-12,0,36
Trooz,2020-05-13,0,36
Trooz,2020-05-14,0,36
Trooz,2020-05-15,0,36
Trooz,2020-05-16,0,36
Trooz,2020-05-17,0,36
Trooz,2020-05-18,0,36
Trooz,2020-05-19,0,36
Trooz,2020-05-20,0,36
Trooz,2020-05-21,0,36
Trooz,2020-05-22,0,36
Trooz,2020-05-23,0,36
Trooz,2020-05-24,0,36
Trooz,2020-05-25,0,36
Trooz,2020-05-26,0,36
Trooz,2020-05-27,0,36
Trooz,2020-05-28,0,36
Trooz,2020-05-29,0,36
Trooz,2020-05-30,0,36
Trooz,2020-05-31,2,38
Trooz,2020-06-01,0,38
Trooz,2020-06-02,0,38
Trooz,2020-06-03,0,38
Trooz,2020-06-04,0,38
Trooz,2020-06-05,1,39
Trooz,2020-06-06,0,39
Trooz,2020-06-07,0,39
Trooz,2020-06-08,0,39
Trooz,2020-06-09,0,39
Trooz,2020-06-10,0,39
Trooz,2020-06-11,0,39
Trooz,2020-06-12,0,39
Trooz,2020-06-13,0,39
Trooz,2020-06-14,0,39
Trooz,2020-06-15,0,39
Trooz,2020-06-16,0,39
Trooz,2020-06-17,0,39
Trooz,2020-06-18,0,39
Trooz,2020-06-19,0,39
Trooz,2020-06-20,0,39
Trooz,2020-06-23,0,39
Trooz,2020-06-24,0,39
Trooz,2020-06-25,0,39
Trooz,2020-06-26,0,39
Trooz,2020-06-27,0,39
Trooz,2020-06-30,0,39
Trooz,2020-07-01,0,39
Trooz,2020-07-02,0,39
Trooz,2020-07-03,0,39
Trooz,2020-07-04,0,39
Trooz,2020-07-07,0,39
Trooz,2020-07-08,0,39
Trooz,2020-07-09,0,39
Trooz,2020-07-10,0,39
Trooz,2020-07-11,0,39
Trooz,2020-07-14,1,40
Trooz,2020-07-15,0,40
Trooz,2020-07-16,0,40
Trooz,2020-07-17,0,40
Trooz,2020-07-18,0,40
Trooz,2020-07-20,1,41
Trooz,2020-07-21,0,41
Trooz,2020-07-22,0,41
Trooz,2020-07-23,0,41
Trooz,2020-07-24,0,41
Trooz,2020-07-25,0,41
Trooz,2020-07-26,0,41
Trooz,2020-07-27,0,41
Trooz,2020-07-28,0,41
Trooz,2020-07-29,0,41
Trooz,2020-07-30,0,41
Trooz,2020-07-31,0,41
Amel,2020-04-01,1,7
Amel,2020-04-02,0,7
Amel,2020-04-03,1,8
Amel,2020-04-04,0,8
Amel,2020-04-05,0,8
Amel,2020-04-06,0,8
Amel,2020-04-07,0,8
Amel,2020-04-08,0,8
Amel,2020-04-09,0,8
Amel,2020-04-10,0,8
Amel,2020-04-11,3,11
Amel,2020-04-12,0,11
Amel,2020-04-13,1,12
Amel,2020-04-14,0,12
Amel,2020-04-15,0,12
Amel,2020-04-16,0,12
Amel,2020-04-17,0,12
Amel,2020-04-18,0,12
Amel,2020-04-19,1,13
Amel,2020-04-20,0,13
Amel,2020-04-21,0,13
Amel,2020-04-22,0,13
Amel,2020-04-23,0,13
Amel,2020-04-24,0,13
Amel,2020-04-25,1,14
Amel,2020-04-26,0,14
Amel,2020-04-27,0,14
Amel,2020-04-28,0,14
Amel,2020-04-29,0,14
Amel,2020-04-30,0,14
Amel,2020-05-01,0,14
Amel,2020-05-02,0,14
Amel,2020-05-03,0,14
Amel,2020-05-04,0,14
Amel,2020-05-05,0,14
Amel,2020-05-06,0,14
Amel,2020-05-07,0,14
Amel,2020-05-08,0,14
Amel,2020-05-09,0,14
Amel,2020-05-10,0,14
Amel,2020-05-11,0,14
Amel,2020-05-12,1,15
Amel,2020-05-13,0,15
Amel,2020-05-14,0,15
Amel,2020-05-15,0,15
Amel,2020-05-16,0,15
Amel,2020-05-17,1,16
Amel,2020-05-18,0,16
Amel,2020-05-19,0,16
Amel,2020-05-20,1,17
Amel,2020-05-21,0,17
Amel,2020-05-22,0,17
Amel,2020-05-23,0,17
Amel,2020-05-24,0,17
Amel,2020-05-25,0,17
Amel,2020-05-26,0,17
Amel,2020-05-27,0,17
Amel,2020-05-28,0,17
Amel,2020-05-29,0,17
Amel,2020-05-30,0,17
Amel,2020-05-31,0,17
Amel,2020-06-01,0,17
Amel,2020-06-02,1,18
Amel,2020-06-03,0,18
Amel,2020-06-04,0,18
Amel,2020-06-05,0,18
Amel,2020-06-06,0,18
Amel,2020-06-07,0,18
Amel,2020-06-08,0,18
Amel,2020-06-09,0,18
Amel,2020-06-10,1,19
Amel,2020-06-11,0,19
Amel,2020-06-12,0,19
Amel,2020-06-13,0,19
Amel,2020-06-14,0,19
Amel,2020-06-15,0,19
Amel,2020-06-16,0,19
Amel,2020-06-17,0,19
Amel,2020-06-18,0,19
Amel,2020-06-19,0,19
Amel,2020-06-20,0,19
Amel,2020-06-23,0,19
Amel,2020-06-24,0,19
Amel,2020-06-25,0,19
Amel,2020-06-26,0,19
Amel,2020-06-27,0,19
Amel,2020-06-30,0,19
Amel,2020-07-01,0,19
Amel,2020-07-02,0,19
Amel,2020-07-03,0,19
Amel,2020-07-04,0,19
Amel,2020-07-07,0,19
Amel,2020-07-08,0,19
Amel,2020-07-09,0,19
Amel,2020-07-10,0,19
Amel,2020-07-11,0,19
Amel,2020-07-14,0,19
Amel,2020-07-15,0,19
Amel,2020-07-16,0,19
Amel,2020-07-17,0,19
Amel,2020-07-18,0,19
Amel,2020-07-20,0,19
Amel,2020-07-21,0,19
Amel,2020-07-22,0,19
Amel,2020-07-23,0,19
Amel,2020-07-24,0,19
Amel,2020-07-25,0,19
Amel,2020-07-26,0,19
Amel,2020-07-27,0,19
Amel,2020-07-28,0,19
Amel,2020-07-29,0,19
Amel,2020-07-30,0,19
Amel,2020-07-31,0,19
Aubel,2020-04-01,0,0
Aubel,2020-04-02,0,0
Aubel,2020-04-03,0,0
Aubel,2020-04-04,0,0
Aubel,2020-04-05,0,0
Aubel,2020-04-06,0,0
Aubel,2020-04-07,5,5
Aubel,2020-04-08,0,5
Aubel,2020-04-09,1,6
Aubel,2020-04-10,2,8
Aubel,2020-04-11,1,9
Aubel,2020-04-12,1,10
Aubel,2020-04-13,2,12
Aubel,2020-04-14,0,12
Aubel,2020-04-15,3,15
Aubel,2020-04-16,0,15
Aubel,2020-04-17,3,18
Aubel,2020-04-18,1,19
Aubel,2020-04-19,2,21
Aubel,2020-04-20,1,22
Aubel,2020-04-21,2,24
Aubel,2020-04-22,0,24
Aubel,2020-04-23,2,26
Aubel,2020-04-24,1,27
Aubel,2020-04-25,1,28
Aubel,2020-04-26,1,29
Aubel,2020-04-27,0,29
Aubel,2020-04-28,0,29
Aubel,2020-04-29,1,30
Aubel,2020-04-30,2,32
Aubel,2020-05-01,0,32
Aubel,2020-05-02,0,32
Aubel,2020-05-03,0,32
Aubel,2020-05-04,0,32
Aubel,2020-05-05,0,32
Aubel,2020-05-06,0,32
Aubel,2020-05-07,1,33
Aubel,2020-05-08,0,33
Aubel,2020-05-09,0,33
Aubel,2020-05-10,2,35
Aubel,2020-05-11,2,37
Aubel,2020-05-12,1,38
Aubel,2020-05-13,0,38
Aubel,2020-05-14,0,38
Aubel,2020-05-15,0,38
Aubel,2020-05-16,0,38
Aubel,2020-05-17,0,38
Aubel,2020-05-18,0,38
Aubel,2020-05-19,0,38
Aubel,2020-05-20,0,38
Aubel,2020-05-21,0,38
Aubel,2020-05-22,0,38
Aubel,2020-05-23,0,38
Aubel,2020-05-24,0,38
Aubel,2020-05-25,0,38
Aubel,2020-05-26,0,38
Aubel,2020-05-27,0,38
Aubel,2020-05-28,0,38
Aubel,2020-05-29,0,38
Aubel,2020-05-30,0,38
Aubel,2020-05-31,0,38
Aubel,2020-06-01,1,39
Aubel,2020-06-02,0,39
Aubel,2020-06-03,0,39
Aubel,2020-06-04,0,39
Aubel,2020-06-05,0,39
Aubel,2020-06-06,0,39
Aubel,2020-06-07,0,39
Aubel,2020-06-08,0,39
Aubel,2020-06-09,0,39
Aubel,2020-06-10,0,39
Aubel,2020-06-11,0,39
Aubel,2020-06-12,0,39
Aubel,2020-06-13,0,39
Aubel,2020-06-14,0,39
Aubel,2020-06-15,0,39
Aubel,2020-06-16,0,39
Aubel,2020-06-17,0,39
Aubel,2020-06-18,0,39
Aubel,2020-06-19,0,39
Aubel,2020-06-20,0,39
Aubel,2020-06-23,0,39
Aubel,2020-06-24,0,39
Aubel,2020-06-25,2,41
Aubel,2020-06-26,0,41
Aubel,2020-06-27,0,41
Aubel,2020-06-30,0,41
Aubel,2020-07-01,0,41
Aubel,2020-07-02,0,41
Aubel,2020-07-03,0,41
Aubel,2020-07-04,0,41
Aubel,2020-07-07,0,41
Aubel,2020-07-08,0,41
Aubel,2020-07-09,0,41
Aubel,2020-07-10,0,41
Aubel,2020-07-11,0,41
Aubel,2020-07-14,0,41
Aubel,2020-07-15,0,41
Aubel,2020-07-16,0,41
Aubel,2020-07-17,0,41
Aubel,2020-07-18,0,41
Aubel,2020-07-20,0,41
Aubel,2020-07-21,0,41
Aubel,2020-07-22,0,41
Aubel,2020-07-23,0,41
Aubel,2020-07-24,0,41
Aubel,2020-07-25,2,43
Aubel,2020-07-26,0,43
Aubel,2020-07-27,0,43
Aubel,2020-07-28,0,43
Aubel,2020-07-29,0,43
Aubel,2020-07-30,0,43
Aubel,2020-07-31,0,43
Baelen,2020-04-01,0,6
Baelen,2020-04-02,0,6
Baelen,2020-04-03,0,6
Baelen,2020-04-04,0,6
Baelen,2020-04-05,0,6
Baelen,2020-04-06,0,6
Baelen,2020-04-07,0,6
Baelen,2020-04-08,1,7
Baelen,2020-04-09,0,7
Baelen,2020-04-10,0,7
Baelen,2020-04-11,0,7
Baelen,2020-04-12,0,7
Baelen,2020-04-13,0,7
Baelen,2020-04-14,0,7
Baelen,2020-04-15,2,9
Baelen,2020-04-16,3,12
Baelen,2020-04-17,1,13
Baelen,2020-04-18,0,13
Baelen,2020-04-19,1,14
Baelen,2020-04-20,0,14
Baelen,2020-04-21,0,14
Baelen,2020-04-22,0,14
Baelen,2020-04-23,2,16
Baelen,2020-04-24,0,16
Baelen,2020-04-25,3,19
Baelen,2020-04-26,0,19
Baelen,2020-04-27,0,19
Baelen,2020-04-28,0,19
Baelen,2020-04-29,0,19
Baelen,2020-04-30,0,19
Baelen,2020-05-01,0,19
Baelen,2020-05-02,0,19
Baelen,2020-05-03,0,19
Baelen,2020-05-04,0,19
Baelen,2020-05-05,0,19
Baelen,2020-05-06,0,19
Baelen,2020-05-07,0,19
Baelen,2020-05-08,0,19
Baelen,2020-05-09,0,19
Baelen,2020-05-10,1,20
Baelen,2020-05-11,0,20
Baelen,2020-05-12,2,22
Baelen,2020-05-13,0,22
Baelen,2020-05-14,0,22
Baelen,2020-05-15,0,22
Baelen,2020-05-16,0,22
Baelen,2020-05-17,0,22
Baelen,2020-05-18,0,22
Baelen,2020-05-19,0,22
Baelen,2020-05-20,0,22
Baelen,2020-05-21,0,22
Baelen,2020-05-22,0,22
Baelen,2020-05-23,0,22
Baelen,2020-05-24,0,22
Baelen,2020-05-25,0,22
Baelen,2020-05-26,0,22
Baelen,2020-05-27,0,22
Baelen,2020-05-28,0,22
Baelen,2020-05-29,1,23
Baelen,2020-05-30,0,23
Baelen,2020-05-31,0,23
Baelen,2020-06-01,0,23
Baelen,2020-06-02,0,23
Baelen,2020-06-03,0,23
Baelen,2020-06-04,0,23
Baelen,2020-06-05,0,23
Baelen,2020-06-06,0,23
Baelen,2020-06-07,0,23
Baelen,2020-06-08,0,23
Baelen,2020-06-09,0,23
Baelen,2020-06-10,0,23
Baelen,2020-06-11,0,23
Baelen,2020-06-12,0,23
Baelen,2020-06-13,0,23
Baelen,2020-06-14,0,23
Baelen,2020-06-15,0,23
Baelen,2020-06-16,0,23
Baelen,2020-06-17,0,23
Baelen,2020-06-18,0,23
Baelen,2020-06-19,0,23
Baelen,2020-06-20,0,23
Baelen,2020-06-23,0,23
Baelen,2020-06-24,0,23
Baelen,2020-06-25,-1,22
Baelen,2020-06-26,0,22
Baelen,2020-06-27,0,22
Baelen,2020-06-30,0,22
Baelen,2020-07-01,0,22
Baelen,2020-07-02,0,22
Baelen,2020-07-03,0,22
Baelen,2020-07-04,0,22
Baelen,2020-07-07,0,22
Baelen,2020-07-08,0,22
Baelen,2020-07-09,0,22
Baelen,2020-07-10,0,22
Baelen,2020-07-11,0,22
Baelen,2020-07-14,0,22
Baelen,2020-07-15,0,22
Baelen,2020-07-16,0,22
Baelen,2020-07-17,0,22
Baelen,2020-07-18,0,22
Baelen,2020-07-20,0,22
Baelen,2020-07-21,0,22
Baelen,2020-07-22,0,22
Baelen,2020-07-23,0,22
Baelen,2020-07-24,0,22
Baelen,2020-07-25,0,22
Baelen,2020-07-26,0,22
Baelen,2020-07-27,0,22
Baelen,2020-07-28,0,22
Baelen,2020-07-29,0,22
Baelen,2020-07-30,0,22
Baelen,2020-07-31,0,22
Büllingen,2020-04-01,1,6
Büllingen,2020-04-02,0,6
Büllingen,2020-04-03,0,6
Büllingen,2020-04-04,2,8
Büllingen,2020-04-05,0,8
Büllingen,2020-04-06,0,8
Büllingen,2020-04-07,1,9
Büllingen,2020-04-08,1,10
Büllingen,2020-04-09,1,11
Büllingen,2020-04-10,1,12
Büllingen,2020-04-11,1,13
Büllingen,2020-04-12,0,13
Büllingen,2020-04-13,0,13
Büllingen,2020-04-14,0,13
Büllingen,2020-04-15,3,16
Büllingen,2020-04-16,0,16
Büllingen,2020-04-17,2,18
Büllingen,2020-04-18,1,19
Büllingen,2020-04-19,0,19
Büllingen,2020-04-20,0,19
Büllingen,2020-04-21,0,19
Büllingen,2020-04-22,0,19
Büllingen,2020-04-23,1,20
Büllingen,2020-04-24,0,20
Büllingen,2020-04-25,0,20
Büllingen,2020-04-26,0,20
Büllingen,2020-04-27,0,20
Büllingen,2020-04-28,0,20
Büllingen,2020-04-29,0,20
Büllingen,2020-04-30,0,20
Büllingen,2020-05-01,0,20
Büllingen,2020-05-02,3,23
Büllingen,2020-05-03,0,23
Büllingen,2020-05-04,0,23
Büllingen,2020-05-05,0,23
Büllingen,2020-05-06,0,23
Büllingen,2020-05-07,0,23
Büllingen,2020-05-08,0,23
Büllingen,2020-05-09,2,25
Büllingen,2020-05-10,1,26
Büllingen,2020-05-11,2,28
Büllingen,2020-05-12,3,31
Büllingen,2020-05-13,0,31
Büllingen,2020-05-14,0,31
Büllingen,2020-05-15,0,31
Büllingen,2020-05-16,4,35
Büllingen,2020-05-17,1,36
Büllingen,2020-05-18,0,36
Büllingen,2020-05-19,0,36
Büllingen,2020-05-20,0,36
Büllingen,2020-05-21,0,36
Büllingen,2020-05-22,0,36
Büllingen,2020-05-23,0,36
Büllingen,2020-05-24,0,36
Büllingen,2020-05-25,0,36
Büllingen,2020-05-26,0,36
Büllingen,2020-05-27,0,36
Büllingen,2020-05-28,0,36
Büllingen,2020-05-29,0,36
Büllingen,2020-05-30,2,38
Büllingen,2020-05-31,0,38
Büllingen,2020-06-01,0,38
Büllingen,2020-06-02,0,38
Büllingen,2020-06-03,0,38
Büllingen,2020-06-04,0,38
Büllingen,2020-06-05,0,38
Büllingen,2020-06-06,0,38
Büllingen,2020-06-07,0,38
Büllingen,2020-06-08,0,38
Büllingen,2020-06-09,0,38
Büllingen,2020-06-10,0,38
Büllingen,2020-06-11,0,38
Büllingen,2020-06-12,0,38
Büllingen,2020-06-13,0,38
Büllingen,2020-06-14,0,38
Büllingen,2020-06-15,0,38
Büllingen,2020-06-16,0,38
Büllingen,2020-06-17,0,38
Büllingen,2020-06-18,0,38
Büllingen,2020-06-19,0,38
Büllingen,2020-06-20,0,38
Büllingen,2020-06-23,0,38
Büllingen,2020-06-24,0,38
Büllingen,2020-06-25,0,38
Büllingen,2020-06-26,0,38
Büllingen,2020-06-27,0,38
Büllingen,2020-06-30,0,38
Büllingen,2020-07-01,0,38
Büllingen,2020-07-02,0,38
Büllingen,2020-07-03,0,38
Büllingen,2020-07-04,0,38
Büllingen,2020-07-07,0,38
Büllingen,2020-07-08,0,38
Büllingen,2020-07-09,0,38
Büllingen,2020-07-10,1,39
Büllingen,2020-07-11,0,39
Büllingen,2020-07-14,0,39
Büllingen,2020-07-15,0,39
Büllingen,2020-07-16,0,39
Büllingen,2020-07-17,0,39
Büllingen,2020-07-18,0,39
Büllingen,2020-07-20,0,39
Büllingen,2020-07-21,0,39
Büllingen,2020-07-22,0,39
Büllingen,2020-07-23,0,39
Büllingen,2020-07-24,0,39
Büllingen,2020-07-25,0,39
Büllingen,2020-07-26,0,39
Büllingen,2020-07-27,0,39
Büllingen,2020-07-28,0,39
Büllingen,2020-07-29,0,39
Büllingen,2020-07-30,0,39
Büllingen,2020-07-31,0,39
Bütgenbach,2020-04-01,0,6
Bütgenbach,2020-04-02,0,6
Bütgenbach,2020-04-03,0,6
Bütgenbach,2020-04-04,1,7
Bütgenbach,2020-04-05,0,7
Bütgenbach,2020-04-06,0,7
Bütgenbach,2020-04-07,0,7
Bütgenbach,2020-04-08,0,7
Bütgenbach,2020-04-09,1,8
Bütgenbach,2020-04-10,1,9
Bütgenbach,2020-04-11,6,15
Bütgenbach,2020-04-12,2,17
Bütgenbach,2020-04-13,3,20
Bütgenbach,2020-04-14,1,21
Bütgenbach,2020-04-15,1,22
Bütgenbach,2020-04-16,0,22
Bütgenbach,2020-04-17,1,23
Bütgenbach,2020-04-18,0,23
Bütgenbach,2020-04-19,2,25
Bütgenbach,2020-04-20,0,25
Bütgenbach,2020-04-21,0,25
Bütgenbach,2020-04-22,0,25
Bütgenbach,2020-04-23,2,27
Bütgenbach,2020-04-24,0,27
Bütgenbach,2020-04-25,1,28
Bütgenbach,2020-04-26,2,30
Bütgenbach,2020-04-27,1,31
Bütgenbach,2020-04-28,0,31
Bütgenbach,2020-04-29,0,31
Bütgenbach,2020-04-30,0,31
Bütgenbach,2020-05-01,3,34
Bütgenbach,2020-05-02,1,35
Bütgenbach,2020-05-03,1,36
Bütgenbach,2020-05-04,0,36
Bütgenbach,2020-05-05,0,36
Bütgenbach,2020-05-06,0,36
Bütgenbach,2020-05-07,0,36
Bütgenbach,2020-05-08,1,37
Bütgenbach,2020-05-09,0,37
Bütgenbach,2020-05-10,0,37
Bütgenbach,2020-05-11,0,37
Bütgenbach,2020-05-12,0,37
Bütgenbach,2020-05-13,1,38
Bütgenbach,2020-05-14,0,38
Bütgenbach,2020-05-15,0,38
Bütgenbach,2020-05-16,0,38
Bütgenbach,2020-05-17,0,38
Bütgenbach,2020-05-18,0,38
Bütgenbach,2020-05-19,0,38
Bütgenbach,2020-05-20,0,38
Bütgenbach,2020-05-21,0,38
Bütgenbach,2020-05-22,0,38
Bütgenbach,2020-05-23,1,39
Bütgenbach,2020-05-24,0,39
Bütgenbach,2020-05-25,0,39
Bütgenbach,2020-05-26,0,39
Bütgenbach,2020-05-27,0,39
Bütgenbach,2020-05-28,0,39
Bütgenbach,2020-05-29,0,39
Bütgenbach,2020-05-30,0,39
Bütgenbach,2020-05-31,0,39
Bütgenbach,2020-06-01,0,39
Bütgenbach,2020-06-02,0,39
Bütgenbach,2020-06-03,0,39
Bütgenbach,2020-06-04,1,40
Bütgenbach,2020-06-05,0,40
Bütgenbach,2020-06-06,0,40
Bütgenbach,2020-06-07,0,40
Bütgenbach,2020-06-08,0,40
Bütgenbach,2020-06-09,1,41
Bütgenbach,2020-06-10,0,41
Bütgenbach,2020-06-11,0,41
Bütgenbach,2020-06-12,0,41
Bütgenbach,2020-06-13,0,41
Bütgenbach,2020-06-14,0,41
Bütgenbach,2020-06-15,0,41
Bütgenbach,2020-06-16,0,41
Bütgenbach,2020-06-17,0,41
Bütgenbach,2020-06-18,0,41
Bütgenbach,2020-06-19,0,41
Bütgenbach,2020-06-20,0,41
Bütgenbach,2020-06-23,0,41
Bütgenbach,2020-06-24,0,41
Bütgenbach,2020-06-25,0,41
Bütgenbach,2020-06-26,0,41
Bütgenbach,2020-06-27,0,41
Bütgenbach,2020-06-30,0,41
Bütgenbach,2020-07-01,0,41
Bütgenbach,2020-07-02,0,41
Bütgenbach,2020-07-03,0,41
Bütgenbach,2020-07-04,0,41
Bütgenbach,2020-07-07,0,41
Bütgenbach,2020-07-08,0,41
Bütgenbach,2020-07-09,0,41
Bütgenbach,2020-07-10,0,41
Bütgenbach,2020-07-11,0,41
Bütgenbach,2020-07-14,0,41
Bütgenbach,2020-07-15,0,41
Bütgenbach,2020-07-16,0,41
Bütgenbach,2020-07-17,0,41
Bütgenbach,2020-07-18,0,41
Bütgenbach,2020-07-20,0,41
Bütgenbach,2020-07-21,0,41
Bütgenbach,2020-07-22,0,41
Bütgenbach,2020-07-23,0,41
Bütgenbach,2020-07-24,0,41
Bütgenbach,2020-07-25,0,41
Bütgenbach,2020-07-26,0,41
Bütgenbach,2020-07-27,0,41
Bütgenbach,2020-07-28,0,41
Bütgenbach,2020-07-29,0,41
Bütgenbach,2020-07-30,0,41
Bütgenbach,2020-07-31,0,41
Dison,2020-04-01,1,8
Dison,2020-04-02,0,8
Dison,2020-04-03,1,9
Dison,2020-04-04,0,9
Dison,2020-04-05,0,9
Dison,2020-04-06,0,9
Dison,2020-04-07,8,17
Dison,2020-04-08,0,17
Dison,2020-04-09,3,20
Dison,2020-04-10,4,24
Dison,2020-04-11,9,33
Dison,2020-04-12,1,34
Dison,2020-04-13,0,34
Dison,2020-04-14,0,34
Dison,2020-04-15,5,39
Dison,2020-04-16,2,41
Dison,2020-04-17,3,44
Dison,2020-04-18,4,48
Dison,2020-04-19,0,48
Dison,2020-04-20,1,49
Dison,2020-04-21,4,53
Dison,2020-04-22,0,53
Dison,2020-04-23,1,54
Dison,2020-04-24,3,57
Dison,2020-04-25,3,60
Dison,2020-04-26,3,63
Dison,2020-04-27,3,66
Dison,2020-04-28,3,69
Dison,2020-04-29,0,69
Dison,2020-04-30,0,69
Dison,2020-05-01,2,71
Dison,2020-05-02,0,71
Dison,2020-05-03,0,71
Dison,2020-05-04,0,71
Dison,2020-05-05,0,71
Dison,2020-05-06,0,71
Dison,2020-05-07,2,73
Dison,2020-05-08,8,81
Dison,2020-05-09,1,82
Dison,2020-05-10,0,82
Dison,2020-05-11,0,82
Dison,2020-05-12,1,83
Dison,2020-05-13,0,83
Dison,2020-05-14,0,83
Dison,2020-05-15,0,83
Dison,2020-05-16,1,84
Dison,2020-05-17,2,86
Dison,2020-05-18,2,88
Dison,2020-05-19,0,88
Dison,2020-05-20,0,88
Dison,2020-05-21,1,89
Dison,2020-05-22,0,89
Dison,2020-05-23,0,89
Dison,2020-05-24,0,89
Dison,2020-05-25,0,89
Dison,2020-05-26,0,89
Dison,2020-05-27,0,89
Dison,2020-05-28,0,89
Dison,2020-05-29,1,90
Dison,2020-05-30,0,90
Dison,2020-05-31,0,90
Dison,2020-06-01,0,90
Dison,2020-06-02,0,90
Dison,2020-06-03,0,90
Dison,2020-06-04,0,90
Dison,2020-06-05,0,90
Dison,2020-06-06,0,90
Dison,2020-06-07,0,90
Dison,2020-06-08,0,90
Dison,2020-06-09,0,90
Dison,2020-06-10,0,90
Dison,2020-06-11,0,90
Dison,2020-06-12,0,90
Dison,2020-06-13,0,90
Dison,2020-06-14,0,90
Dison,2020-06-15,0,90
Dison,2020-06-16,0,90
Dison,2020-06-17,0,90
Dison,2020-06-18,0,90
Dison,2020-06-19,0,90
Dison,2020-06-20,0,90
Dison,2020-06-23,0,90
Dison,2020-06-24,0,90
Dison,2020-06-25,5,95
Dison,2020-06-26,0,95
Dison,2020-06-27,0,95
Dison,2020-06-30,0,95
Dison,2020-07-01,0,95
Dison,2020-07-02,0,95
Dison,2020-07-03,0,95
Dison,2020-07-04,0,95
Dison,2020-07-07,1,96
Dison,2020-07-08,2,98
Dison,2020-07-09,0,98
Dison,2020-07-10,1,99
Dison,2020-07-11,0,99
Dison,2020-07-14,2,101
Dison,2020-07-15,0,101
Dison,2020-07-16,1,102
Dison,2020-07-17,0,102
Dison,2020-07-18,3,105
Dison,2020-07-20,0,105
Dison,2020-07-21,0,105
Dison,2020-07-22,0,105
Dison,2020-07-23,1,106
Dison,2020-07-24,3,109
Dison,2020-07-25,3,112
Dison,2020-07-26,1,113
Dison,2020-07-27,1,114
Dison,2020-07-28,0,114
Dison,2020-07-29,1,115
Dison,2020-07-30,4,119
Dison,2020-07-31,1,120
Eupen,2020-04-01,0,14
Eupen,2020-04-02,0,14
Eupen,2020-04-03,0,14
Eupen,2020-04-04,3,17
Eupen,2020-04-05,0,17
Eupen,2020-04-06,0,17
Eupen,2020-04-07,14,31
Eupen,2020-04-08,0,31
Eupen,2020-04-09,2,33
Eupen,2020-04-10,2,35
Eupen,2020-04-11,2,37
Eupen,2020-04-12,4,41
Eupen,2020-04-13,0,41
Eupen,2020-04-14,0,41
Eupen,2020-04-15,12,53
Eupen,2020-04-16,1,54
Eupen,2020-04-17,3,57
Eupen,2020-04-18,1,58
Eupen,2020-04-19,3,61
Eupen,2020-04-20,3,64
Eupen,2020-04-21,0,64
Eupen,2020-04-22,0,64
Eupen,2020-04-23,0,64
Eupen,2020-04-24,7,71
Eupen,2020-04-25,5,76
Eupen,2020-04-26,1,77
Eupen,2020-04-27,0,77
Eupen,2020-04-28,0,77
Eupen,2020-04-29,0,77
Eupen,2020-04-30,0,77
Eupen,2020-05-01,2,79
Eupen,2020-05-02,0,79
Eupen,2020-05-03,0,79
Eupen,2020-05-04,0,79
Eupen,2020-05-05,0,79
Eupen,2020-05-06,0,79
Eupen,2020-05-07,0,79
Eupen,2020-05-08,1,80
Eupen,2020-05-09,0,80
Eupen,2020-05-10,1,81
Eupen,2020-05-11,0,81
Eupen,2020-05-12,2,83
Eupen,2020-05-13,2,85
Eupen,2020-05-14,0,85
Eupen,2020-05-15,0,85
Eupen,2020-05-16,1,86
Eupen,2020-05-17,0,86
Eupen,2020-05-18,0,86
Eupen,2020-05-19,0,86
Eupen,2020-05-20,0,86
Eupen,2020-05-21,0,86
Eupen,2020-05-22,1,87
Eupen,2020-05-23,0,87
Eupen,2020-05-24,0,87
Eupen,2020-05-25,0,87
Eupen,2020-05-26,0,87
Eupen,2020-05-27,0,87
Eupen,2020-05-28,0,87
Eupen,2020-05-29,0,87
Eupen,2020-05-30,0,87
Eupen,2020-05-31,0,87
Eupen,2020-06-01,0,87
Eupen,2020-06-02,0,87
Eupen,2020-06-03,0,87
Eupen,2020-06-04,0,87
Eupen,2020-06-05,0,87
Eupen,2020-06-06,0,87
Eupen,2020-06-07,0,87
Eupen,2020-06-08,0,87
Eupen,2020-06-09,0,87
Eupen,2020-06-10,0,87
Eupen,2020-06-11,0,87
Eupen,2020-06-12,0,87
Eupen,2020-06-13,0,87
Eupen,2020-06-14,0,87
Eupen,2020-06-15,0,87
Eupen,2020-06-16,0,87
Eupen,2020-06-17,0,87
Eupen,2020-06-18,0,87
Eupen,2020-06-19,0,87
Eupen,2020-06-20,0,87
Eupen,2020-06-23,0,87
Eupen,2020-06-24,0,87
Eupen,2020-06-25,0,87
Eupen,2020-06-26,1,88
Eupen,2020-06-27,0,88
Eupen,2020-06-30,1,89
Eupen,2020-07-01,0,89
Eupen,2020-07-02,0,89
Eupen,2020-07-03,0,89
Eupen,2020-07-04,0,89
Eupen,2020-07-07,0,89
Eupen,2020-07-08,0,89
Eupen,2020-07-09,0,89
Eupen,2020-07-10,2,91
Eupen,2020-07-11,0,91
Eupen,2020-07-14,0,91
Eupen,2020-07-15,0,91
Eupen,2020-07-16,0,91
Eupen,2020-07-17,0,91
Eupen,2020-07-18,0,91
Eupen,2020-07-20,0,91
Eupen,2020-07-21,0,91
Eupen,2020-07-22,0,91
Eupen,2020-07-23,0,91
Eupen,2020-07-24,0,91
Eupen,2020-07-25,0,91
Eupen,2020-07-26,0,91
Eupen,2020-07-27,0,91
Eupen,2020-07-28,0,91
Eupen,2020-07-29,0,91
Eupen,2020-07-30,0,91
Eupen,2020-07-31,0,91
Herve,2020-04-01,3,27
Herve,2020-04-02,0,27
Herve,2020-04-03,1,28
Herve,2020-04-04,2,30
Herve,2020-04-05,0,30
Herve,2020-04-06,0,30
Herve,2020-04-07,10,40
Herve,2020-04-08,1,41
Herve,2020-04-09,3,44
Herve,2020-04-10,6,50
Herve,2020-04-11,3,53
Herve,2020-04-12,2,55
Herve,2020-04-13,2,57
Herve,2020-04-14,0,57
Herve,2020-04-15,3,60
Herve,2020-04-16,1,61
Herve,2020-04-17,5,66
Herve,2020-04-18,1,67
Herve,2020-04-19,3,70
Herve,2020-04-20,4,74
Herve,2020-04-21,0,74
Herve,2020-04-22,2,76
Herve,2020-04-23,15,91
Herve,2020-04-24,25,116
Herve,2020-04-25,11,127
Herve,2020-04-26,0,127
Herve,2020-04-27,1,128
Herve,2020-04-28,1,129
Herve,2020-04-29,0,129
Herve,2020-04-30,0,129
Herve,2020-05-01,1,130
Herve,2020-05-02,1,131
Herve,2020-05-03,0,131
Herve,2020-05-04,1,132
Herve,2020-05-05,0,132
Herve,2020-05-06,0,132
Herve,2020-05-07,1,133
Herve,2020-05-08,3,136
Herve,2020-05-09,1,137
Herve,2020-05-10,1,138
Herve,2020-05-11,0,138
Herve,2020-05-12,0,138
Herve,2020-05-13,0,138
Herve,2020-05-14,1,139
Herve,2020-05-15,2,141
Herve,2020-05-16,0,141
Herve,2020-05-17,1,142
Herve,2020-05-18,0,142
Herve,2020-05-19,1,143
Herve,2020-05-20,0,143
Herve,2020-05-21,0,143
Herve,2020-05-22,0,143
Herve,2020-05-23,0,143
Herve,2020-05-24,0,143
Herve,2020-05-25,0,143
Herve,2020-05-26,1,144
Herve,2020-05-27,0,144
Herve,2020-05-28,0,144
Herve,2020-05-29,0,144
Herve,2020-05-30,0,144
Herve,2020-05-31,0,144
Herve,2020-06-01,0,144
Herve,2020-06-02,0,144
Herve,2020-06-03,0,144
Herve,2020-06-04,1,145
Herve,2020-06-05,0,145
Herve,2020-06-06,0,145
Herve,2020-06-07,0,145
Herve,2020-06-08,0,145
Herve,2020-06-09,0,145
Herve,2020-06-10,0,145
Herve,2020-06-11,0,145
Herve,2020-06-12,0,145
Herve,2020-06-13,0,145
Herve,2020-06-14,0,145
Herve,2020-06-15,0,145
Herve,2020-06-16,0,145
Herve,2020-06-17,0,145
Herve,2020-06-18,0,145
Herve,2020-06-19,0,145
Herve,2020-06-20,0,145
Herve,2020-06-23,0,145
Herve,2020-06-24,0,145
Herve,2020-06-25,4,149
Herve,2020-06-26,0,149
Herve,2020-06-27,0,149
Herve,2020-06-30,0,149
Herve,2020-07-01,0,149
Herve,2020-07-02,0,149
Herve,2020-07-03,0,149
Herve,2020-07-04,0,149
Herve,2020-07-07,0,149
Herve,2020-07-08,0,149
Herve,2020-07-09,0,149
Herve,2020-07-10,0,149
Herve,2020-07-11,0,149
Herve,2020-07-14,0,149
Herve,2020-07-15,0,149
Herve,2020-07-16,0,149
Herve,2020-07-17,0,149
Herve,2020-07-18,0,149
Herve,2020-07-20,0,149
Herve,2020-07-21,0,149
Herve,2020-07-22,0,149
Herve,2020-07-23,2,151
Herve,2020-07-24,6,157
Herve,2020-07-25,3,160
Herve,2020-07-26,0,160
Herve,2020-07-27,1,161
Herve,2020-07-28,1,162
Herve,2020-07-29,1,163
Herve,2020-07-30,3,166
Herve,2020-07-31,0,166
Jalhay,2020-04-01,1,8
Jalhay,2020-04-02,0,8
Jalhay,2020-04-03,0,8
Jalhay,2020-04-04,0,8
Jalhay,2020-04-05,0,8
Jalhay,2020-04-06,0,8
Jalhay,2020-04-07,10,18
Jalhay,2020-04-08,0,18
Jalhay,2020-04-09,0,18
Jalhay,2020-04-10,1,19
Jalhay,2020-04-11,1,20
Jalhay,2020-04-12,1,21
Jalhay,2020-04-13,1,22
Jalhay,2020-04-14,1,23
Jalhay,2020-04-15,3,26
Jalhay,2020-04-16,2,28
Jalhay,2020-04-17,2,30
Jalhay,2020-04-18,1,31
Jalhay,2020-04-19,0,31
Jalhay,2020-04-20,4,35
Jalhay,2020-04-21,0,35
Jalhay,2020-04-22,0,35
Jalhay,2020-04-23,0,35
Jalhay,2020-04-24,1,36
Jalhay,2020-04-25,2,38
Jalhay,2020-04-26,1,39
Jalhay,2020-04-27,0,39
Jalhay,2020-04-28,0,39
Jalhay,2020-04-29,0,39
Jalhay,2020-04-30,0,39
Jalhay,2020-05-01,0,39
Jalhay,2020-05-02,1,40
Jalhay,2020-05-03,0,40
Jalhay,2020-05-04,0,40
Jalhay,2020-05-05,0,40
Jalhay,2020-05-06,1,41
Jalhay,2020-05-07,0,41
Jalhay,2020-05-08,0,41
Jalhay,2020-05-09,5,46
Jalhay,2020-05-10,0,46
Jalhay,2020-05-11,0,46
Jalhay,2020-05-12,0,46
Jalhay,2020-05-13,1,47
Jalhay,2020-05-14,0,47
Jalhay,2020-05-15,0,47
Jalhay,2020-05-16,0,47
Jalhay,2020-05-17,0,47
Jalhay,2020-05-18,0,47
Jalhay,2020-05-19,0,47
Jalhay,2020-05-20,0,47
Jalhay,2020-05-21,0,47
Jalhay,2020-05-22,0,47
Jalhay,2020-05-23,1,48
Jalhay,2020-05-24,0,48
Jalhay,2020-05-25,0,48
Jalhay,2020-05-26,0,48
Jalhay,2020-05-27,0,48
Jalhay,2020-05-28,1,49
Jalhay,2020-05-29,0,49
Jalhay,2020-05-30,0,49
Jalhay,2020-05-31,0,49
Jalhay,2020-06-01,0,49
Jalhay,2020-06-02,0,49
Jalhay,2020-06-03,0,49
Jalhay,2020-06-04,0,49
Jalhay,2020-06-05,0,49
Jalhay,2020-06-06,0,49
Jalhay,2020-06-07,0,49
Jalhay,2020-06-08,0,49
Jalhay,2020-06-09,0,49
Jalhay,2020-06-10,0,49
Jalhay,2020-06-11,0,49
Jalhay,2020-06-12,0,49
Jalhay,2020-06-13,0,49
Jalhay,2020-06-14,0,49
Jalhay,2020-06-15,1,50
Jalhay,2020-06-16,0,50
Jalhay,2020-06-17,0,50
Jalhay,2020-06-18,1,51
Jalhay,2020-06-19,0,51
Jalhay,2020-06-20,0,51
Jalhay,2020-06-23,1,52
Jalhay,2020-06-24,0,52
Jalhay,2020-06-25,4,56
Jalhay,2020-06-26,0,56
Jalhay,2020-06-27,0,56
Jalhay,2020-06-30,0,56
Jalhay,2020-07-01,0,56
Jalhay,2020-07-02,0,56
Jalhay,2020-07-03,0,56
Jalhay,2020-07-04,0,56
Jalhay,2020-07-07,0,56
Jalhay,2020-07-08,0,56
Jalhay,2020-07-09,0,56
Jalhay,2020-07-10,0,56
Jalhay,2020-07-11,0,56
Jalhay,2020-07-14,0,56
Jalhay,2020-07-15,0,56
Jalhay,2020-07-16,0,56
Jalhay,2020-07-17,0,56
Jalhay,2020-07-18,0,56
Jalhay,2020-07-20,0,56
Jalhay,2020-07-21,0,56
Jalhay,2020-07-22,0,56
Jalhay,2020-07-23,0,56
Jalhay,2020-07-24,0,56
Jalhay,2020-07-25,0,56
Jalhay,2020-07-26,0,56
Jalhay,2020-07-27,0,56
Jalhay,2020-07-28,0,56
Jalhay,2020-07-29,0,56
Jalhay,2020-07-30,1,57
Jalhay,2020-07-31,1,58
Kelmis,2020-04-01,4,9
Kelmis,2020-04-02,1,10
Kelmis,2020-04-03,1,11
Kelmis,2020-04-04,0,11
Kelmis,2020-04-05,1,12
Kelmis,2020-04-06,0,12
Kelmis,2020-04-07,0,12
Kelmis,2020-04-08,4,16
Kelmis,2020-04-09,0,16
Kelmis,2020-04-10,1,17
Kelmis,2020-04-11,1,18
Kelmis,2020-04-12,1,19
Kelmis,2020-04-13,0,19
Kelmis,2020-04-14,0,19
Kelmis,2020-04-15,2,21
Kelmis,2020-04-16,1,22
Kelmis,2020-04-17,0,22
Kelmis,2020-04-18,0,22
Kelmis,2020-04-19,2,24
Kelmis,2020-04-20,0,24
Kelmis,2020-04-21,1,25
Kelmis,2020-04-22,1,26
Kelmis,2020-04-23,0,26
Kelmis,2020-04-24,0,26
Kelmis,2020-04-25,4,30
Kelmis,2020-04-26,0,30
Kelmis,2020-04-27,0,30
Kelmis,2020-04-28,2,32
Kelmis,2020-04-29,0,32
Kelmis,2020-04-30,2,34
Kelmis,2020-05-01,0,34
Kelmis,2020-05-02,-1,33
Kelmis,2020-05-03,0,33
Kelmis,2020-05-04,0,33
Kelmis,2020-05-05,0,33
Kelmis,2020-05-06,0,33
Kelmis,2020-05-07,0,33
Kelmis,2020-05-08,0,33
Kelmis,2020-05-09,0,33
Kelmis,2020-05-10,0,33
Kelmis,2020-05-11,0,33
Kelmis,2020-05-12,0,33
Kelmis,2020-05-13,0,33
Kelmis,2020-05-14,0,33
Kelmis,2020-05-15,1,34
Kelmis,2020-05-16,0,34
Kelmis,2020-05-17,0,34
Kelmis,2020-05-18,0,34
Kelmis,2020-05-19,0,34
Kelmis,2020-05-20,0,34
Kelmis,2020-05-21,0,34
Kelmis,2020-05-22,0,34
Kelmis,2020-05-23,0,34
Kelmis,2020-05-24,0,34
Kelmis,2020-05-25,0,34
Kelmis,2020-05-26,0,34
Kelmis,2020-05-27,0,34
Kelmis,2020-05-28,0,34
Kelmis,2020-05-29,0,34
Kelmis,2020-05-30,0,34
Kelmis,2020-05-31,0,34
Kelmis,2020-06-01,0,34
Kelmis,2020-06-02,0,34
Kelmis,2020-06-03,0,34
Kelmis,2020-06-04,0,34
Kelmis,2020-06-05,0,34
Kelmis,2020-06-06,0,34
Kelmis,2020-06-07,0,34
Kelmis,2020-06-08,0,34
Kelmis,2020-06-09,0,34
Kelmis,2020-06-10,0,34
Kelmis,2020-06-11,0,34
Kelmis,2020-06-12,0,34
Kelmis,2020-06-13,0,34
Kelmis,2020-06-14,0,34
Kelmis,2020-06-15,0,34
Kelmis,2020-06-16,0,34
Kelmis,2020-06-17,0,34
Kelmis,2020-06-18,0,34
Kelmis,2020-06-19,0,34
Kelmis,2020-06-20,0,34
Kelmis,2020-06-23,1,35
Kelmis,2020-06-24,1,36
Kelmis,2020-06-25,1,37
Kelmis,2020-06-26,1,38
Kelmis,2020-06-27,0,38
Kelmis,2020-06-30,0,38
Kelmis,2020-07-01,0,38
Kelmis,2020-07-02,0,38
Kelmis,2020-07-03,0,38
Kelmis,2020-07-04,0,38
Kelmis,2020-07-07,0,38
Kelmis,2020-07-08,0,38
Kelmis,2020-07-09,0,38
Kelmis,2020-07-10,0,38
Kelmis,2020-07-11,0,38
Kelmis,2020-07-14,0,38
Kelmis,2020-07-15,0,38
Kelmis,2020-07-16,0,38
Kelmis,2020-07-17,0,38
Kelmis,2020-07-18,0,38
Kelmis,2020-07-20,0,38
Kelmis,2020-07-21,0,38
Kelmis,2020-07-22,0,38
Kelmis,2020-07-23,0,38
Kelmis,2020-07-24,0,38
Kelmis,2020-07-25,0,38
Kelmis,2020-07-26,0,38
Kelmis,2020-07-27,0,38
Kelmis,2020-07-28,0,38
Kelmis,2020-07-29,0,38
Kelmis,2020-07-30,0,38
Kelmis,2020-07-31,0,38
Lierneux,2020-04-01,0,8
Lierneux,2020-04-02,0,8
Lierneux,2020-04-03,0,8
Lierneux,2020-04-04,5,13
Lierneux,2020-04-05,1,14
Lierneux,2020-04-06,1,15
Lierneux,2020-04-07,4,19
Lierneux,2020-04-08,2,21
Lierneux,2020-04-09,0,21
Lierneux,2020-04-10,1,22
Lierneux,2020-04-11,0,22
Lierneux,2020-04-12,2,24
Lierneux,2020-04-13,0,24
Lierneux,2020-04-14,2,26
Lierneux,2020-04-15,3,29
Lierneux,2020-04-16,0,29
Lierneux,2020-04-17,1,30
Lierneux,2020-04-18,0,30
Lierneux,2020-04-19,0,30
Lierneux,2020-04-20,1,31
Lierneux,2020-04-21,0,31
Lierneux,2020-04-22,0,31
Lierneux,2020-04-23,0,31
Lierneux,2020-04-24,0,31
Lierneux,2020-04-25,0,31
Lierneux,2020-04-26,1,32
Lierneux,2020-04-27,0,32
Lierneux,2020-04-28,0,32
Lierneux,2020-04-29,0,32
Lierneux,2020-04-30,0,32
Lierneux,2020-05-01,0,32
Lierneux,2020-05-02,0,32
Lierneux,2020-05-03,0,32
Lierneux,2020-05-04,0,32
Lierneux,2020-05-05,0,32
Lierneux,2020-05-06,0,32
Lierneux,2020-05-07,0,32
Lierneux,2020-05-08,0,32
Lierneux,2020-05-09,1,33
Lierneux,2020-05-10,0,33
Lierneux,2020-05-11,0,33
Lierneux,2020-05-12,0,33
Lierneux,2020-05-13,0,33
Lierneux,2020-05-14,0,33
Lierneux,2020-05-15,0,33
Lierneux,2020-05-16,0,33
Lierneux,2020-05-17,0,33
Lierneux,2020-05-18,0,33
Lierneux,2020-05-19,0,33
Lierneux,2020-05-20,0,33
Lierneux,2020-05-21,0,33
Lierneux,2020-05-22,0,33
Lierneux,2020-05-23,0,33
Lierneux,2020-05-24,0,33
Lierneux,2020-05-25,0,33
Lierneux,2020-05-26,0,33
Lierneux,2020-05-27,0,33
Lierneux,2020-05-28,0,33
Lierneux,2020-05-29,0,33
Lierneux,2020-05-30,0,33
Lierneux,2020-05-31,0,33
Lierneux,2020-06-01,0,33
Lierneux,2020-06-02,0,33
Lierneux,2020-06-03,0,33
Lierneux,2020-06-04,0,33
Lierneux,2020-06-05,0,33
Lierneux,2020-06-06,0,33
Lierneux,2020-06-07,0,33
Lierneux,2020-06-08,0,33
Lierneux,2020-06-09,0,33
Lierneux,2020-06-10,0,33
Lierneux,2020-06-11,0,33
Lierneux,2020-06-12,1,34
Lierneux,2020-06-13,0,34
Lierneux,2020-06-14,0,34
Lierneux,2020-06-15,0,34
Lierneux,2020-06-16,0,34
Lierneux,2020-06-17,0,34
Lierneux,2020-06-18,0,34
Lierneux,2020-06-19,0,34
Lierneux,2020-06-20,0,34
Lierneux,2020-06-23,0,34
Lierneux,2020-06-24,0,34
Lierneux,2020-06-25,0,34
Lierneux,2020-06-26,0,34
Lierneux,2020-06-27,0,34
Lierneux,2020-06-30,0,34
Lierneux,2020-07-01,0,34
Lierneux,2020-07-02,0,34
Lierneux,2020-07-03,0,34
Lierneux,2020-07-04,0,34
Lierneux,2020-07-07,0,34
Lierneux,2020-07-08,0,34
Lierneux,2020-07-09,0,34
Lierneux,2020-07-10,0,34
Lierneux,2020-07-11,0,34
Lierneux,2020-07-14,0,34
Lierneux,2020-07-15,0,34
Lierneux,2020-07-16,0,34
Lierneux,2020-07-17,0,34
Lierneux,2020-07-18,1,35
Lierneux,2020-07-20,1,36
Lierneux,2020-07-21,0,36
Lierneux,2020-07-22,0,36
Lierneux,2020-07-23,0,36
Lierneux,2020-07-24,0,36
Lierneux,2020-07-25,0,36
Lierneux,2020-07-26,1,37
Lierneux,2020-07-27,0,37
Lierneux,2020-07-28,0,37
Lierneux,2020-07-29,0,37
Lierneux,2020-07-30,1,38
Lierneux,2020-07-31,0,38
Limburg,2020-04-01,3,13
Limburg,2020-04-02,0,13
Limburg,2020-04-03,0,13
Limburg,2020-04-04,0,13
Limburg,2020-04-05,0,13
Limburg,2020-04-06,0,13
Limburg,2020-04-07,5,18
Limburg,2020-04-08,0,18
Limburg,2020-04-09,5,23
Limburg,2020-04-10,1,24
Limburg,2020-04-11,2,26
Limburg,2020-04-12,0,26
Limburg,2020-04-13,1,27
Limburg,2020-04-14,1,28
Limburg,2020-04-15,2,30
Limburg,2020-04-16,0,30
Limburg,2020-04-17,2,32
Limburg,2020-04-18,0,32
Limburg,2020-04-19,0,32
Limburg,2020-04-20,0,32
Limburg,2020-04-21,4,36
Limburg,2020-04-22,0,36
Limburg,2020-04-23,0,36
Limburg,2020-04-24,0,36
Limburg,2020-04-25,1,37
Limburg,2020-04-26,1,38
Limburg,2020-04-27,0,38
Limburg,2020-04-28,2,40
Limburg,2020-04-29,0,40
Limburg,2020-04-30,0,40
Limburg,2020-05-01,1,41
Limburg,2020-05-02,0,41
Limburg,2020-05-03,0,41
Limburg,2020-05-04,1,42
Limburg,2020-05-05,0,42
Limburg,2020-05-06,0,42
Limburg,2020-05-07,0,42
Limburg,2020-05-08,0,42
Limburg,2020-05-09,0,42
Limburg,2020-05-10,1,43
Limburg,2020-05-11,0,43
Limburg,2020-05-12,0,43
Limburg,2020-05-13,0,43
Limburg,2020-05-14,1,44
Limburg,2020-05-15,0,44
Limburg,2020-05-16,0,44
Limburg,2020-05-17,0,44
Limburg,2020-05-18,0,44
Limburg,2020-05-19,0,44
Limburg,2020-05-20,0,44
Limburg,2020-05-21,0,44
Limburg,2020-05-22,0,44
Limburg,2020-05-23,0,44
Limburg,2020-05-24,0,44
Limburg,2020-05-25,0,44
Limburg,2020-05-26,0,44
Limburg,2020-05-27,0,44
Limburg,2020-05-28,0,44
Limburg,2020-05-29,0,44
Limburg,2020-05-30,0,44
Limburg,2020-05-31,0,44
Limburg,2020-06-01,0,44
Limburg,2020-06-02,0,44
Limburg,2020-06-03,0,44
Limburg,2020-06-04,0,44
Limburg,2020-06-05,0,44
Limburg,2020-06-06,0,44
Limburg,2020-06-07,0,44
Limburg,2020-06-08,0,44
Limburg,2020-06-09,0,44
Limburg,2020-06-10,0,44
Limburg,2020-06-11,0,44
Limburg,2020-06-12,0,44
Limburg,2020-06-13,0,44
Limburg,2020-06-14,0,44
Limburg,2020-06-15,0,44
Limburg,2020-06-16,1,45
Limburg,2020-06-17,0,45
Limburg,2020-06-18,0,45
Limburg,2020-06-19,0,45
Limburg,2020-06-20,0,45
Limburg,2020-06-23,0,45
Limburg,2020-06-24,0,45
Limburg,2020-06-25,2,47
Limburg,2020-06-26,0,47
Limburg,2020-06-27,0,47
Limburg,2020-06-30,0,47
Limburg,2020-07-01,0,47
Limburg,2020-07-02,0,47
Limburg,2020-07-03,1,48
Limburg,2020-07-04,0,48
Limburg,2020-07-07,0,48
Limburg,2020-07-08,0,48
Limburg,2020-07-09,0,48
Limburg,2020-07-10,0,48
Limburg,2020-07-11,0,48
Limburg,2020-07-14,0,48
Limburg,2020-07-15,0,48
Limburg,2020-07-16,0,48
Limburg,2020-07-17,0,48
Limburg,2020-07-18,0,48
Limburg,2020-07-20,0,48
Limburg,2020-07-21,0,48
Limburg,2020-07-22,0,48
Limburg,2020-07-23,0,48
Limburg,2020-07-24,4,52
Limburg,2020-07-25,1,53
Limburg,2020-07-26,0,53
Limburg,2020-07-27,0,53
Limburg,2020-07-28,0,53
Limburg,2020-07-29,0,53
Limburg,2020-07-30,0,53
Limburg,2020-07-31,0,53
Lontzen,2020-04-01,0,0
Lontzen,2020-04-02,0,0
Lontzen,2020-04-03,0,0
Lontzen,2020-04-04,0,0
Lontzen,2020-04-05,0,0
Lontzen,2020-04-06,0,0
Lontzen,2020-04-07,0,0
Lontzen,2020-04-08,0,0
Lontzen,2020-04-09,0,0
Lontzen,2020-04-10,0,0
Lontzen,2020-04-11,0,0
Lontzen,2020-04-12,0,0
Lontzen,2020-04-13,0,0
Lontzen,2020-04-14,0,0
Lontzen,2020-04-15,0,0
Lontzen,2020-04-16,0,0
Lontzen,2020-04-17,0,0
Lontzen,2020-04-18,0,0
Lontzen,2020-04-19,0,0
Lontzen,2020-04-20,0,0
Lontzen,2020-04-21,0,0
Lontzen,2020-04-22,0,0
Lontzen,2020-04-23,0,0
Lontzen,2020-04-24,0,0
Lontzen,2020-04-25,0,0
Lontzen,2020-04-26,0,0
Lontzen,2020-04-27,0,0
Lontzen,2020-04-28,5,5
Lontzen,2020-04-29,0,5
Lontzen,2020-04-30,0,5
Lontzen,2020-05-01,1,6
Lontzen,2020-05-02,0,6
Lontzen,2020-05-03,0,6
Lontzen,2020-05-04,0,6
Lontzen,2020-05-05,0,6
Lontzen,2020-05-06,0,6
Lontzen,2020-05-07,0,6
Lontzen,2020-05-08,0,6
Lontzen,2020-05-09,0,6
Lontzen,2020-05-10,0,6
Lontzen,2020-05-11,1,7
Lontzen,2020-05-12,0,7
Lontzen,2020-05-13,0,7
Lontzen,2020-05-14,0,7
Lontzen,2020-05-15,0,7
Lontzen,2020-05-16,0,7
Lontzen,2020-05-17,0,7
Lontzen,2020-05-18,0,7
Lontzen,2020-05-19,0,7
Lontzen,2020-05-20,0,7
Lontzen,2020-05-21,0,7
Lontzen,2020-05-22,1,8
Lontzen,2020-05-23,0,8
Lontzen,2020-05-24,0,8
Lontzen,2020-05-25,0,8
Lontzen,2020-05-26,0,8
Lontzen,2020-05-27,0,8
Lontzen,2020-05-28,0,8
Lontzen,2020-05-29,0,8
Lontzen,2020-05-30,0,8
Lontzen,2020-05-31,0,8
Lontzen,2020-06-01,0,8
Lontzen,2020-06-02,0,8
Lontzen,2020-06-03,0,8
Lontzen,2020-06-04,1,9
Lontzen,2020-06-05,0,9
Lontzen,2020-06-06,0,9
Lontzen,2020-06-07,0,9
Lontzen,2020-06-08,0,9
Lontzen,2020-06-09,0,9
Lontzen,2020-06-10,0,9
Lontzen,2020-06-11,0,9
Lontzen,2020-06-12,0,9
Lontzen,2020-06-13,0,9
Lontzen,2020-06-14,0,9
Lontzen,2020-06-15,0,9
Lontzen,2020-06-16,0,9
Lontzen,2020-06-17,0,9
Lontzen,2020-06-18,0,9
Lontzen,2020-06-19,0,9
Lontzen,2020-06-20,0,9
Lontzen,2020-06-23,0,9
Lontzen,2020-06-24,0,9
Lontzen,2020-06-25,0,9
Lontzen,2020-06-26,0,9
Lontzen,2020-06-27,0,9
Lontzen,2020-06-30,0,9
Lontzen,2020-07-01,0,9
Lontzen,2020-07-02,0,9
Lontzen,2020-07-03,0,9
Lontzen,2020-07-04,0,9
Lontzen,2020-07-07,0,9
Lontzen,2020-07-08,0,9
Lontzen,2020-07-09,0,9
Lontzen,2020-07-10,0,9
Lontzen,2020-07-11,0,9
Lontzen,2020-07-14,0,9
Lontzen,2020-07-15,1,10
Lontzen,2020-07-16,0,10
Lontzen,2020-07-17,0,10
Lontzen,2020-07-18,0,10
Lontzen,2020-07-20,0,10
Lontzen,2020-07-21,0,10
Lontzen,2020-07-22,0,10
Lontzen,2020-07-23,2,12
Lontzen,2020-07-24,0,12
Lontzen,2020-07-25,0,12
Lontzen,2020-07-26,0,12
Lontzen,2020-07-27,0,12
Lontzen,2020-07-28,0,12
Lontzen,2020-07-29,0,12
Lontzen,2020-07-30,0,12
Lontzen,2020-07-31,0,12
Malmedy,2020-04-01,1,22
Malmedy,2020-04-02,0,22
Malmedy,2020-04-03,6,28
Malmedy,2020-04-04,9,37
Malmedy,2020-04-05,0,37
Malmedy,2020-04-06,0,37
Malmedy,2020-04-07,3,40
Malmedy,2020-04-08,7,47
Malmedy,2020-04-09,13,60
Malmedy,2020-04-10,0,60
Malmedy,2020-04-11,1,61
Malmedy,2020-04-12,2,63
Malmedy,2020-04-13,0,63
Malmedy,2020-04-14,4,67
Malmedy,2020-04-15,4,71
Malmedy,2020-04-16,1,72
Malmedy,2020-04-17,7,79
Malmedy,2020-04-18,0,79
Malmedy,2020-04-19,0,79
Malmedy,2020-04-20,10,89
Malmedy,2020-04-21,4,93
Malmedy,2020-04-22,14,107
Malmedy,2020-04-23,0,107
Malmedy,2020-04-24,13,120
Malmedy,2020-04-25,9,129
Malmedy,2020-04-26,0,129
Malmedy,2020-04-27,11,140
Malmedy,2020-04-28,4,144
Malmedy,2020-04-29,0,144
Malmedy,2020-04-30,0,144
Malmedy,2020-05-01,4,148
Malmedy,2020-05-02,0,148
Malmedy,2020-05-03,2,150
Malmedy,2020-05-04,0,150
Malmedy,2020-05-05,1,151
Malmedy,2020-05-06,1,152
Malmedy,2020-05-07,1,153
Malmedy,2020-05-08,0,153
Malmedy,2020-05-09,1,154
Malmedy,2020-05-10,2,156
Malmedy,2020-05-11,3,159
Malmedy,2020-05-12,0,159
Malmedy,2020-05-13,0,159
Malmedy,2020-05-14,1,160
Malmedy,2020-05-15,3,163
Malmedy,2020-05-16,0,163
Malmedy,2020-05-17,2,165
Malmedy,2020-05-18,0,165
Malmedy,2020-05-19,0,165
Malmedy,2020-05-20,0,165
Malmedy,2020-05-21,0,165
Malmedy,2020-05-22,0,165
Malmedy,2020-05-23,0,165
Malmedy,2020-05-24,0,165
Malmedy,2020-05-25,1,166
Malmedy,2020-05-26,0,166
Malmedy,2020-05-27,0,166
Malmedy,2020-05-28,0,166
Malmedy,2020-05-29,0,166
Malmedy,2020-05-30,0,166
Malmedy,2020-05-31,0,166
Malmedy,2020-06-01,0,166
Malmedy,2020-06-02,0,166
Malmedy,2020-06-03,1,167
Malmedy,2020-06-04,0,167
Malmedy,2020-06-05,1,168
Malmedy,2020-06-06,0,168
Malmedy,2020-06-07,0,168
Malmedy,2020-06-08,0,168
Malmedy,2020-06-09,0,168
Malmedy,2020-06-10,1,169
Malmedy,2020-06-11,0,169
Malmedy,2020-06-12,0,169
Malmedy,2020-06-13,1,170
Malmedy,2020-06-14,0,170
Malmedy,2020-06-15,0,170
Malmedy,2020-06-16,0,170
Malmedy,2020-06-17,0,170
Malmedy,2020-06-18,0,170
Malmedy,2020-06-19,0,170
Malmedy,2020-06-20,0,170
Malmedy,2020-06-23,1,171
Malmedy,2020-06-24,0,171
Malmedy,2020-06-25,2,173
Malmedy,2020-06-26,0,173
Malmedy,2020-06-27,0,173
Malmedy,2020-06-30,1,174
Malmedy,2020-07-01,0,174
Malmedy,2020-07-02,0,174
Malmedy,2020-07-03,0,174
Malmedy,2020-07-04,0,174
Malmedy,2020-07-07,0,174
Malmedy,2020-07-08,0,174
Malmedy,2020-07-09,0,174
Malmedy,2020-07-10,0,174
Malmedy,2020-07-11,0,174
Malmedy,2020-07-14,0,174
Malmedy,2020-07-15,0,174
Malmedy,2020-07-16,0,174
Malmedy,2020-07-17,0,174
Malmedy,2020-07-18,0,174
Malmedy,2020-07-20,1,175
Malmedy,2020-07-21,0,175
Malmedy,2020-07-22,0,175
Malmedy,2020-07-23,0,175
Malmedy,2020-07-24,0,175
Malmedy,2020-07-25,0,175
Malmedy,2020-07-26,0,175
Malmedy,2020-07-27,0,175
Malmedy,2020-07-28,0,175
Malmedy,2020-07-29,0,175
Malmedy,2020-07-30,0,175
Malmedy,2020-07-31,0,175
Olne,2020-04-01,0,0
Olne,2020-04-02,0,0
Olne,2020-04-03,0,0
Olne,2020-04-04,5,5
Olne,2020-04-05,1,6
Olne,2020-04-06,0,6
Olne,2020-04-07,2,8
Olne,2020-04-08,0,8
Olne,2020-04-09,0,8
Olne,2020-04-10,0,8
Olne,2020-04-11,0,8
Olne,2020-04-12,1,9
Olne,2020-04-13,1,10
Olne,2020-04-14,0,10
Olne,2020-04-15,2,12
Olne,2020-04-16,0,12
Olne,2020-04-17,1,13
Olne,2020-04-18,1,14
Olne,2020-04-19,0,14
Olne,2020-04-20,1,15
Olne,2020-04-21,0,15
Olne,2020-04-22,0,15
Olne,2020-04-23,0,15
Olne,2020-04-24,0,15
Olne,2020-04-25,0,15
Olne,2020-04-26,0,15
Olne,2020-04-27,0,15
Olne,2020-04-28,0,15
Olne,2020-04-29,0,15
Olne,2020-04-30,0,15
Olne,2020-05-01,0,15
Olne,2020-05-02,1,16
Olne,2020-05-03,0,16
Olne,2020-05-04,0,16
Olne,2020-05-05,0,16
Olne,2020-05-06,0,16
Olne,2020-05-07,0,16
Olne,2020-05-08,0,16
Olne,2020-05-09,0,16
Olne,2020-05-10,0,16
Olne,2020-05-11,0,16
Olne,2020-05-12,0,16
Olne,2020-05-13,0,16
Olne,2020-05-14,0,16
Olne,2020-05-15,0,16
Olne,2020-05-16,0,16
Olne,2020-05-17,0,16
Olne,2020-05-18,0,16
Olne,2020-05-19,0,16
Olne,2020-05-20,0,16
Olne,2020-05-21,0,16
Olne,2020-05-22,0,16
Olne,2020-05-23,0,16
Olne,2020-05-24,0,16
Olne,2020-05-25,0,16
Olne,2020-05-26,0,16
Olne,2020-05-27,0,16
Olne,2020-05-28,0,16
Olne,2020-05-29,0,16
Olne,2020-05-30,0,16
Olne,2020-05-31,0,16
Olne,2020-06-01,0,16
Olne,2020-06-02,0,16
Olne,2020-06-03,0,16
Olne,2020-06-04,0,16
Olne,2020-06-05,0,16
Olne,2020-06-06,0,16
Olne,2020-06-07,0,16
Olne,2020-06-08,0,16
Olne,2020-06-09,0,16
Olne,2020-06-10,0,16
Olne,2020-06-11,0,16
Olne,2020-06-12,0,16
Olne,2020-06-13,0,16
Olne,2020-06-14,0,16
Olne,2020-06-15,0,16
Olne,2020-06-16,0,16
Olne,2020-06-17,0,16
Olne,2020-06-18,0,16
Olne,2020-06-19,0,16
Olne,2020-06-20,0,16
Olne,2020-06-23,0,16
Olne,2020-06-24,0,16
Olne,2020-06-25,0,16
Olne,2020-06-26,0,16
Olne,2020-06-27,0,16
Olne,2020-06-30,0,16
Olne,2020-07-01,0,16
Olne,2020-07-02,0,16
Olne,2020-07-03,0,16
Olne,2020-07-04,0,16
Olne,2020-07-07,0,16
Olne,2020-07-08,0,16
Olne,2020-07-09,0,16
Olne,2020-07-10,0,16
Olne,2020-07-11,0,16
Olne,2020-07-14,0,16
Olne,2020-07-15,0,16
Olne,2020-07-16,0,16
Olne,2020-07-17,0,16
Olne,2020-07-18,0,16
Olne,2020-07-20,0,16
Olne,2020-07-21,0,16
Olne,2020-07-22,0,16
Olne,2020-07-23,0,16
Olne,2020-07-24,1,17
Olne,2020-07-25,0,17
Olne,2020-07-26,0,17
Olne,2020-07-27,0,17
Olne,2020-07-28,0,17
Olne,2020-07-29,0,17
Olne,2020-07-30,0,17
Olne,2020-07-31,0,17
Pepinster,2020-04-01,1,8
Pepinster,2020-04-02,0,8
Pepinster,2020-04-03,0,8
Pepinster,2020-04-04,0,8
Pepinster,2020-04-05,0,8
Pepinster,2020-04-06,0,8
Pepinster,2020-04-07,6,14
Pepinster,2020-04-08,2,16
Pepinster,2020-04-09,0,16
Pepinster,2020-04-10,1,17
Pepinster,2020-04-11,1,18
Pepinster,2020-04-12,1,19
Pepinster,2020-04-13,1,20
Pepinster,2020-04-14,0,20
Pepinster,2020-04-15,8,28
Pepinster,2020-04-16,3,31
Pepinster,2020-04-17,2,33
Pepinster,2020-04-18,0,33
Pepinster,2020-04-19,1,34
Pepinster,2020-04-20,0,34
Pepinster,2020-04-21,0,34
Pepinster,2020-04-22,1,35
Pepinster,2020-04-23,0,35
Pepinster,2020-04-24,1,36
Pepinster,2020-04-25,1,37
Pepinster,2020-04-26,1,38
Pepinster,2020-04-27,0,38
Pepinster,2020-04-28,2,40
Pepinster,2020-04-29,0,40
Pepinster,2020-04-30,0,40
Pepinster,2020-05-01,1,41
Pepinster,2020-05-02,0,41
Pepinster,2020-05-03,3,44
Pepinster,2020-05-04,0,44
Pepinster,2020-05-05,0,44
Pepinster,2020-05-06,0,44
Pepinster,2020-05-07,0,44
Pepinster,2020-05-08,0,44
Pepinster,2020-05-09,1,45
Pepinster,2020-05-10,0,45
Pepinster,2020-05-11,0,45
Pepinster,2020-05-12,1,46
Pepinster,2020-05-13,0,46
Pepinster,2020-05-14,0,46
Pepinster,2020-05-15,0,46
Pepinster,2020-05-16,0,46
Pepinster,2020-05-17,0,46
Pepinster,2020-05-18,0,46
Pepinster,2020-05-19,0,46
Pepinster,2020-05-20,0,46
Pepinster,2020-05-21,0,46
Pepinster,2020-05-22,0,46
Pepinster,2020-05-23,1,47
Pepinster,2020-05-24,0,47
Pepinster,2020-05-25,0,47
Pepinster,2020-05-26,0,47
Pepinster,2020-05-27,0,47
Pepinster,2020-05-28,0,47
Pepinster,2020-05-29,0,47
Pepinster,2020-05-30,0,47
Pepinster,2020-05-31,0,47
Pepinster,2020-06-01,0,47
Pepinster,2020-06-02,0,47
Pepinster,2020-06-03,0,47
Pepinster,2020-06-04,0,47
Pepinster,2020-06-05,0,47
Pepinster,2020-06-06,0,47
Pepinster,2020-06-07,0,47
Pepinster,2020-06-08,0,47
Pepinster,2020-06-09,0,47
Pepinster,2020-06-10,1,48
Pepinster,2020-06-11,0,48
Pepinster,2020-06-12,0,48
Pepinster,2020-06-13,0,48
Pepinster,2020-06-14,-1,47
Pepinster,2020-06-15,0,47
Pepinster,2020-06-16,0,47
Pepinster,2020-06-17,0,47
Pepinster,2020-06-18,0,47
Pepinster,2020-06-19,0,47
Pepinster,2020-06-20,0,47
Pepinster,2020-06-23,0,47
Pepinster,2020-06-24,0,47
Pepinster,2020-06-25,2,49
Pepinster,2020-06-26,0,49
Pepinster,2020-06-27,0,49
Pepinster,2020-06-30,0,49
Pepinster,2020-07-01,0,49
Pepinster,2020-07-02,0,49
Pepinster,2020-07-03,0,49
Pepinster,2020-07-04,0,49
Pepinster,2020-07-07,0,49
Pepinster,2020-07-08,0,49
Pepinster,2020-07-09,0,49
Pepinster,2020-07-10,0,49
Pepinster,2020-07-11,0,49
Pepinster,2020-07-14,0,49
Pepinster,2020-07-15,0,49
Pepinster,2020-07-16,1,50
Pepinster,2020-07-17,0,50
Pepinster,2020-07-18,0,50
Pepinster,2020-07-20,0,50
Pepinster,2020-07-21,0,50
Pepinster,2020-07-22,0,50
Pepinster,2020-07-23,0,50
Pepinster,2020-07-24,0,50
Pepinster,2020-07-25,0,50
Pepinster,2020-07-26,0,50
Pepinster,2020-07-27,0,50
Pepinster,2020-07-28,0,50
Pepinster,2020-07-29,0,50
Pepinster,2020-07-30,0,50
Pepinster,2020-07-31,0,50
Raeren,2020-04-01,7,7
Raeren,2020-04-02,0,7
Raeren,2020-04-03,0,7
Raeren,2020-04-04,3,10
Raeren,2020-04-05,0,10
Raeren,2020-04-06,0,10
Raeren,2020-04-07,0,10
Raeren,2020-04-08,0,10
Raeren,2020-04-09,0,10
Raeren,2020-04-10,1,11
Raeren,2020-04-11,1,12
Raeren,2020-04-12,2,14
Raeren,2020-04-13,0,14
Raeren,2020-04-14,0,14
Raeren,2020-04-15,0,14
Raeren,2020-04-16,0,14
Raeren,2020-04-17,0,14
Raeren,2020-04-18,0,14
Raeren,2020-04-19,0,14
Raeren,2020-04-20,0,14
Raeren,2020-04-21,0,14
Raeren,2020-04-22,0,14
Raeren,2020-04-23,0,14
Raeren,2020-04-24,0,14
Raeren,2020-04-25,3,17
Raeren,2020-04-26,0,17
Raeren,2020-04-27,0,17
Raeren,2020-04-28,1,18
Raeren,2020-04-29,0,18
Raeren,2020-04-30,1,19
Raeren,2020-05-01,0,19
Raeren,2020-05-02,0,19
Raeren,2020-05-03,0,19
Raeren,2020-05-04,0,19
Raeren,2020-05-05,0,19
Raeren,2020-05-06,0,19
Raeren,2020-05-07,0,19
Raeren,2020-05-08,0,19
Raeren,2020-05-09,0,19
Raeren,2020-05-10,0,19
Raeren,2020-05-11,0,19
Raeren,2020-05-12,1,20
Raeren,2020-05-13,0,20
Raeren,2020-05-14,0,20
Raeren,2020-05-15,1,21
Raeren,2020-05-16,0,21
Raeren,2020-05-17,0,21
Raeren,2020-05-18,0,21
Raeren,2020-05-19,0,21
Raeren,2020-05-20,0,21
Raeren,2020-05-21,0,21
Raeren,2020-05-22,0,21
Raeren,2020-05-23,0,21
Raeren,2020-05-24,0,21
Raeren,2020-05-25,0,21
Raeren,2020-05-26,0,21
Raeren,2020-05-27,0,21
Raeren,2020-05-28,0,21
Raeren,2020-05-29,0,21
Raeren,2020-05-30,0,21
Raeren,2020-05-31,0,21
Raeren,2020-06-01,0,21
Raeren,2020-06-02,0,21
Raeren,2020-06-03,0,21
Raeren,2020-06-04,0,21
Raeren,2020-06-05,0,21
Raeren,2020-06-06,0,21
Raeren,2020-06-07,0,21
Raeren,2020-06-08,0,21
Raeren,2020-06-09,0,21
Raeren,2020-06-10,0,21
Raeren,2020-06-11,0,21
Raeren,2020-06-12,0,21
Raeren,2020-06-13,0,21
Raeren,2020-06-14,0,21
Raeren,2020-06-15,0,21
Raeren,2020-06-16,0,21
Raeren,2020-06-17,0,21
Raeren,2020-06-18,0,21
Raeren,2020-06-19,0,21
Raeren,2020-06-20,0,21
Raeren,2020-06-23,0,21
Raeren,2020-06-24,0,21
Raeren,2020-06-25,0,21
Raeren,2020-06-26,0,21
Raeren,2020-06-27,0,21
Raeren,2020-06-30,0,21
Raeren,2020-07-01,0,21
Raeren,2020-07-02,0,21
Raeren,2020-07-03,0,21
Raeren,2020-07-04,0,21
Raeren,2020-07-07,0,21
Raeren,2020-07-08,0,21
Raeren,2020-07-09,0,21
Raeren,2020-07-10,0,21
Raeren,2020-07-11,0,21
Raeren,2020-07-14,0,21
Raeren,2020-07-15,0,21
Raeren,2020-07-16,0,21
Raeren,2020-07-17,0,21
Raeren,2020-07-18,0,21
Raeren,2020-07-20,0,21
Raeren,2020-07-21,0,21
Raeren,2020-07-22,0,21
Raeren,2020-07-23,0,21
Raeren,2020-07-24,0,21
Raeren,2020-07-25,0,21
Raeren,2020-07-26,0,21
Raeren,2020-07-27,0,21
Raeren,2020-07-28,0,21
Raeren,2020-07-29,0,21
Raeren,2020-07-30,0,21
Raeren,2020-07-31,0,21
Sankt Vith,2020-04-01,0,11
Sankt Vith,2020-04-02,0,11
Sankt Vith,2020-04-03,1,12
Sankt Vith,2020-04-04,2,14
Sankt Vith,2020-04-05,0,14
Sankt Vith,2020-04-06,0,14
Sankt Vith,2020-04-07,2,16
Sankt Vith,2020-04-08,0,16
Sankt Vith,2020-04-09,0,16
Sankt Vith,2020-04-10,4,20
Sankt Vith,2020-04-11,5,25
Sankt Vith,2020-04-12,0,25
Sankt Vith,2020-04-13,1,26
Sankt Vith,2020-04-14,0,26
Sankt Vith,2020-04-15,2,28
Sankt Vith,2020-04-16,0,28
Sankt Vith,2020-04-17,0,28
Sankt Vith,2020-04-18,0,28
Sankt Vith,2020-04-19,0,28
Sankt Vith,2020-04-20,0,28
Sankt Vith,2020-04-21,0,28
Sankt Vith,2020-04-22,0,28
Sankt Vith,2020-04-23,0,28
Sankt Vith,2020-04-24,0,28
Sankt Vith,2020-04-25,1,29
Sankt Vith,2020-04-26,1,30
Sankt Vith,2020-04-27,1,31
Sankt Vith,2020-04-28,0,31
Sankt Vith,2020-04-29,0,31
Sankt Vith,2020-04-30,1,32
Sankt Vith,2020-05-01,0,32
Sankt Vith,2020-05-02,1,33
Sankt Vith,2020-05-03,1,34
Sankt Vith,2020-05-04,0,34
Sankt Vith,2020-05-05,0,34
Sankt Vith,2020-05-06,0,34
Sankt Vith,2020-05-07,0,34
Sankt Vith,2020-05-08,3,37
Sankt Vith,2020-05-09,0,37
Sankt Vith,2020-05-10,0,37
Sankt Vith,2020-05-11,0,37
Sankt Vith,2020-05-12,0,37
Sankt Vith,2020-05-13,1,38
Sankt Vith,2020-05-14,0,38
Sankt Vith,2020-05-15,0,38
Sankt Vith,2020-05-16,1,39
Sankt Vith,2020-05-17,0,39
Sankt Vith,2020-05-18,0,39
Sankt Vith,2020-05-19,0,39
Sankt Vith,2020-05-20,3,42
Sankt Vith,2020-05-21,1,43
Sankt Vith,2020-05-22,0,43
Sankt Vith,2020-05-23,0,43
Sankt Vith,2020-05-24,0,43
Sankt Vith,2020-05-25,0,43
Sankt Vith,2020-05-26,0,43
Sankt Vith,2020-05-27,0,43
Sankt Vith,2020-05-28,0,43
Sankt Vith,2020-05-29,0,43
Sankt Vith,2020-05-30,0,43
Sankt Vith,2020-05-31,1,44
Sankt Vith,2020-06-01,0,44
Sankt Vith,2020-06-02,0,44
Sankt Vith,2020-06-03,0,44
Sankt Vith,2020-06-04,1,45
Sankt Vith,2020-06-05,0,45
Sankt Vith,2020-06-06,0,45
Sankt Vith,2020-06-07,0,45
Sankt Vith,2020-06-08,0,45
Sankt Vith,2020-06-09,1,46
Sankt Vith,2020-06-10,0,46
Sankt Vith,2020-06-11,0,46
Sankt Vith,2020-06-12,0,46
Sankt Vith,2020-06-13,0,46
Sankt Vith,2020-06-14,0,46
Sankt Vith,2020-06-15,0,46
Sankt Vith,2020-06-16,0,46
Sankt Vith,2020-06-17,0,46
Sankt Vith,2020-06-18,0,46
Sankt Vith,2020-06-19,0,46
Sankt Vith,2020-06-20,0,46
Sankt Vith,2020-06-23,0,46
Sankt Vith,2020-06-24,0,46
Sankt Vith,2020-06-25,0,46
Sankt Vith,2020-06-26,0,46
Sankt Vith,2020-06-27,0,46
Sankt Vith,2020-06-30,0,46
Sankt Vith,2020-07-01,0,46
Sankt Vith,2020-07-02,0,46
Sankt Vith,2020-07-03,0,46
Sankt Vith,2020-07-04,0,46
Sankt Vith,2020-07-07,0,46
Sankt Vith,2020-07-08,0,46
Sankt Vith,2020-07-09,0,46
Sankt Vith,2020-07-10,0,46
Sankt Vith,2020-07-11,0,46
Sankt Vith,2020-07-14,0,46
Sankt Vith,2020-07-15,0,46
Sankt Vith,2020-07-16,0,46
Sankt Vith,2020-07-17,0,46
Sankt Vith,2020-07-18,0,46
Sankt Vith,2020-07-20,0,46
Sankt Vith,2020-07-21,0,46
Sankt Vith,2020-07-22,0,46
Sankt Vith,2020-07-23,0,46
Sankt Vith,2020-07-24,0,46
Sankt Vith,2020-07-25,0,46
Sankt Vith,2020-07-26,0,46
Sankt Vith,2020-07-27,0,46
Sankt Vith,2020-07-28,0,46
Sankt Vith,2020-07-29,0,46
Sankt Vith,2020-07-30,0,46
Sankt Vith,2020-07-31,0,46
Spa,2020-04-01,2,8
Spa,2020-04-02,0,8
Spa,2020-04-03,0,8
Spa,2020-04-04,1,9
Spa,2020-04-05,3,12
Spa,2020-04-06,0,12
Spa,2020-04-07,9,21
Spa,2020-04-08,1,22
Spa,2020-04-09,4,26
Spa,2020-04-10,2,28
Spa,2020-04-11,3,31
Spa,2020-04-12,3,34
Spa,2020-04-13,1,35
Spa,2020-04-14,2,37
Spa,2020-04-15,2,39
Spa,2020-04-16,3,42
Spa,2020-04-17,6,48
Spa,2020-04-18,1,49
Spa,2020-04-19,5,54
Spa,2020-04-20,44,98
Spa,2020-04-21,1,99
Spa,2020-04-22,0,99
Spa,2020-04-23,0,99
Spa,2020-04-24,3,102
Spa,2020-04-25,1,103
Spa,2020-04-26,5,108
Spa,2020-04-27,5,113
Spa,2020-04-28,2,115
Spa,2020-04-29,1,116
Spa,2020-04-30,1,117
Spa,2020-05-01,1,118
Spa,2020-05-02,-1,117
Spa,2020-05-03,0,117
Spa,2020-05-04,0,117
Spa,2020-05-05,1,118
Spa,2020-05-06,0,118
Spa,2020-05-07,0,118
Spa,2020-05-08,2,120
Spa,2020-05-09,1,121
Spa,2020-05-10,0,121
Spa,2020-05-11,0,121
Spa,2020-05-12,0,121
Spa,2020-05-13,1,122
Spa,2020-05-14,0,122
Spa,2020-05-15,0,122
Spa,2020-05-16,0,122
Spa,2020-05-17,0,122
Spa,2020-05-18,0,122
Spa,2020-05-19,0,122
Spa,2020-05-20,0,122
Spa,2020-05-21,0,122
Spa,2020-05-22,0,122
Spa,2020-05-23,1,123
Spa,2020-05-24,0,123
Spa,2020-05-25,2,125
Spa,2020-05-26,0,125
Spa,2020-05-27,0,125
Spa,2020-05-28,0,125
Spa,2020-05-29,0,125
Spa,2020-05-30,0,125
Spa,2020-05-31,0,125
Spa,2020-06-01,0,125
Spa,2020-06-02,0,125
Spa,2020-06-03,0,125
Spa,2020-06-04,0,125
Spa,2020-06-05,0,125
Spa,2020-06-06,0,125
Spa,2020-06-07,1,126
Spa,2020-06-08,0,126
Spa,2020-06-09,0,126
Spa,2020-06-10,0,126
Spa,2020-06-11,2,128
Spa,2020-06-12,0,128
Spa,2020-06-13,0,128
Spa,2020-06-14,0,128
Spa,2020-06-15,0,128
Spa,2020-06-16,0,128
Spa,2020-06-17,0,128
Spa,2020-06-18,0,128
Spa,2020-06-19,0,128
Spa,2020-06-20,0,128
Spa,2020-06-23,0,128
Spa,2020-06-24,0,128
Spa,2020-06-25,1,129
Spa,2020-06-26,0,129
Spa,2020-06-27,0,129
Spa,2020-06-30,1,130
Spa,2020-07-01,0,130
Spa,2020-07-02,0,130
Spa,2020-07-03,0,130
Spa,2020-07-04,1,131
Spa,2020-07-07,0,131
Spa,2020-07-08,0,131
Spa,2020-07-09,0,131
Spa,2020-07-10,0,131
Spa,2020-07-11,0,131
Spa,2020-07-14,0,131
Spa,2020-07-15,0,131
Spa,2020-07-16,0,131
Spa,2020-07-17,0,131
Spa,2020-07-18,0,131
Spa,2020-07-20,0,131
Spa,2020-07-21,0,131
Spa,2020-07-22,0,131
Spa,2020-07-23,0,131
Spa,2020-07-24,0,131
Spa,2020-07-25,0,131
Spa,2020-07-26,0,131
Spa,2020-07-27,0,131
Spa,2020-07-28,0,131
Spa,2020-07-29,0,131
Spa,2020-07-30,0,131
Spa,2020-07-31,0,131
Stavelot,2020-04-01,0,5
Stavelot,2020-04-02,0,5
Stavelot,2020-04-03,2,7
Stavelot,2020-04-04,1,8
Stavelot,2020-04-05,0,8
Stavelot,2020-04-06,0,8
Stavelot,2020-04-07,3,11
Stavelot,2020-04-08,0,11
Stavelot,2020-04-09,1,12
Stavelot,2020-04-10,2,14
Stavelot,2020-04-11,0,14
Stavelot,2020-04-12,0,14
Stavelot,2020-04-13,0,14
Stavelot,2020-04-14,1,15
Stavelot,2020-04-15,1,16
Stavelot,2020-04-16,0,16
Stavelot,2020-04-17,0,16
Stavelot,2020-04-18,0,16
Stavelot,2020-04-19,1,17
Stavelot,2020-04-20,0,17
Stavelot,2020-04-21,0,17
Stavelot,2020-04-22,0,17
Stavelot,2020-04-23,0,17
Stavelot,2020-04-24,0,17
Stavelot,2020-04-25,2,19
Stavelot,2020-04-26,0,19
Stavelot,2020-04-27,2,21
Stavelot,2020-04-28,0,21
Stavelot,2020-04-29,2,23
Stavelot,2020-04-30,0,23
Stavelot,2020-05-01,2,25
Stavelot,2020-05-02,-1,24
Stavelot,2020-05-03,0,24
Stavelot,2020-05-04,1,25
Stavelot,2020-05-05,0,25
Stavelot,2020-05-06,0,25
Stavelot,2020-05-07,0,25
Stavelot,2020-05-08,0,25
Stavelot,2020-05-09,0,25
Stavelot,2020-05-10,1,26
Stavelot,2020-05-11,0,26
Stavelot,2020-05-12,0,26
Stavelot,2020-05-13,0,26
Stavelot,2020-05-14,0,26
Stavelot,2020-05-15,1,27
Stavelot,2020-05-16,0,27
Stavelot,2020-05-17,0,27
Stavelot,2020-05-18,0,27
Stavelot,2020-05-19,0,27
Stavelot,2020-05-20,0,27
Stavelot,2020-05-21,1,28
Stavelot,2020-05-22,0,28
Stavelot,2020-05-23,0,28
Stavelot,2020-05-24,0,28
Stavelot,2020-05-25,0,28
Stavelot,2020-05-26,0,28
Stavelot,2020-05-27,0,28
Stavelot,2020-05-28,0,28
Stavelot,2020-05-29,0,28
Stavelot,2020-05-30,0,28
Stavelot,2020-05-31,0,28
Stavelot,2020-06-01,0,28
Stavelot,2020-06-02,0,28
Stavelot,2020-06-03,0,28
Stavelot,2020-06-04,0,28
Stavelot,2020-06-05,0,28
Stavelot,2020-06-06,0,28
Stavelot,2020-06-07,0,28
Stavelot,2020-06-08,0,28
Stavelot,2020-06-09,0,28
Stavelot,2020-06-10,0,28
Stavelot,2020-06-11,0,28
Stavelot,2020-06-12,0,28
Stavelot,2020-06-13,0,28
Stavelot,2020-06-14,0,28
Stavelot,2020-06-15,0,28
Stavelot,2020-06-16,0,28
Stavelot,2020-06-17,0,28
Stavelot,2020-06-18,0,28
Stavelot,2020-06-19,0,28
Stavelot,2020-06-20,0,28
Stavelot,2020-06-23,0,28
Stavelot,2020-06-24,0,28
Stavelot,2020-06-25,1,29
Stavelot,2020-06-26,0,29
Stavelot,2020-06-27,0,29
Stavelot,2020-06-30,0,29
Stavelot,2020-07-01,0,29
Stavelot,2020-07-02,0,29
Stavelot,2020-07-03,0,29
Stavelot,2020-07-04,0,29
Stavelot,2020-07-07,0,29
Stavelot,2020-07-08,0,29
Stavelot,2020-07-09,0,29
Stavelot,2020-07-10,1,30
Stavelot,2020-07-11,0,30
Stavelot,2020-07-14,0,30
Stavelot,2020-07-15,0,30
Stavelot,2020-07-16,0,30
Stavelot,2020-07-17,0,30
Stavelot,2020-07-18,0,30
Stavelot,2020-07-20,0,30
Stavelot,2020-07-21,0,30
Stavelot,2020-07-22,0,30
Stavelot,2020-07-23,0,30
Stavelot,2020-07-24,0,30
Stavelot,2020-07-25,0,30
Stavelot,2020-07-26,0,30
Stavelot,2020-07-27,0,30
Stavelot,2020-07-28,0,30
Stavelot,2020-07-29,0,30
Stavelot,2020-07-30,0,30
Stavelot,2020-07-31,0,30
Theux,2020-04-01,3,14
Theux,2020-04-02,1,15
Theux,2020-04-03,0,15
Theux,2020-04-04,0,15
Theux,2020-04-05,1,16
Theux,2020-04-06,0,16
Theux,2020-04-07,15,31
Theux,2020-04-08,1,32
Theux,2020-04-09,2,34
Theux,2020-04-10,2,36
Theux,2020-04-11,6,42
Theux,2020-04-12,9,51
Theux,2020-04-13,8,59
Theux,2020-04-14,4,63
Theux,2020-04-15,9,72
Theux,2020-04-16,7,79
Theux,2020-04-17,8,87
Theux,2020-04-18,1,88
Theux,2020-04-19,0,88
Theux,2020-04-20,4,92
Theux,2020-04-21,1,93
Theux,2020-04-22,0,93
Theux,2020-04-23,2,95
Theux,2020-04-24,0,95
Theux,2020-04-25,0,95
Theux,2020-04-26,1,96
Theux,2020-04-27,2,98
Theux,2020-04-28,1,99
Theux,2020-04-29,0,99
Theux,2020-04-30,0,99
Theux,2020-05-01,0,99
Theux,2020-05-02,0,99
Theux,2020-05-03,0,99
Theux,2020-05-04,0,99
Theux,2020-05-05,0,99
Theux,2020-05-06,0,99
Theux,2020-05-07,1,100
Theux,2020-05-08,0,100
Theux,2020-05-09,0,100
Theux,2020-05-10,1,101
Theux,2020-05-11,0,101
Theux,2020-05-12,1,102
Theux,2020-05-13,1,103
Theux,2020-05-14,0,103
Theux,2020-05-15,0,103
Theux,2020-05-16,0,103
Theux,2020-05-17,0,103
Theux,2020-05-18,0,103
Theux,2020-05-19,0,103
Theux,2020-05-20,0,103
Theux,2020-05-21,0,103
Theux,2020-05-22,0,103
Theux,2020-05-23,0,103
Theux,2020-05-24,0,103
Theux,2020-05-25,0,103
Theux,2020-05-26,0,103
Theux,2020-05-27,0,103
Theux,2020-05-28,0,103
Theux,2020-05-29,1,104
Theux,2020-05-30,0,104
Theux,2020-05-31,0,104
Theux,2020-06-01,1,105
Theux,2020-06-02,0,105
Theux,2020-06-03,0,105
Theux,2020-06-04,0,105
Theux,2020-06-05,0,105
Theux,2020-06-06,1,106
Theux,2020-06-07,0,106
Theux,2020-06-08,0,106
Theux,2020-06-09,1,107
Theux,2020-06-10,0,107
Theux,2020-06-11,0,107
Theux,2020-06-12,0,107
Theux,2020-06-13,0,107
Theux,2020-06-14,0,107
Theux,2020-06-15,0,107
Theux,2020-06-16,0,107
Theux,2020-06-17,0,107
Theux,2020-06-18,0,107
Theux,2020-06-19,0,107
Theux,2020-06-20,0,107
Theux,2020-06-23,0,107
Theux,2020-06-24,1,108
Theux,2020-06-25,4,112
Theux,2020-06-26,0,112
Theux,2020-06-27,0,112
Theux,2020-06-30,0,112
Theux,2020-07-01,0,112
Theux,2020-07-02,0,112
Theux,2020-07-03,0,112
Theux,2020-07-04,0,112
Theux,2020-07-07,0,112
Theux,2020-07-08,0,112
Theux,2020-07-09,0,112
Theux,2020-07-10,0,112
Theux,2020-07-11,0,112
Theux,2020-07-14,3,115
Theux,2020-07-15,0,115
Theux,2020-07-16,1,116
Theux,2020-07-17,0,116
Theux,2020-07-18,0,116
Theux,2020-07-20,0,116
Theux,2020-07-21,0,116
Theux,2020-07-22,0,116
Theux,2020-07-23,0,116
Theux,2020-07-24,0,116
Theux,2020-07-25,0,116
Theux,2020-07-26,0,116
Theux,2020-07-27,0,116
Theux,2020-07-28,0,116
Theux,2020-07-29,0,116
Theux,2020-07-30,0,116
Theux,2020-07-31,0,116
Verviers,2020-04-01,2,54
Verviers,2020-04-02,0,54
Verviers,2020-04-03,4,58
Verviers,2020-04-04,1,59
Verviers,2020-04-05,0,59
Verviers,2020-04-06,0,59
Verviers,2020-04-07,38,97
Verviers,2020-04-08,5,102
Verviers,2020-04-09,9,111
Verviers,2020-04-10,2,113
Verviers,2020-04-11,17,130
Verviers,2020-04-12,10,140
Verviers,2020-04-13,14,154
Verviers,2020-04-14,3,157
Verviers,2020-04-15,12,169
Verviers,2020-04-16,7,176
Verviers,2020-04-17,11,187
Verviers,2020-04-18,7,194
Verviers,2020-04-19,4,198
Verviers,2020-04-20,2,200
Verviers,2020-04-21,6,206
Verviers,2020-04-22,1,207
Verviers,2020-04-23,2,209
Verviers,2020-04-24,5,214
Verviers,2020-04-25,14,228
Verviers,2020-04-26,6,234
Verviers,2020-04-27,4,238
Verviers,2020-04-28,12,250
Verviers,2020-04-29,1,251
Verviers,2020-04-30,1,252
Verviers,2020-05-01,1,253
Verviers,2020-05-02,5,258
Verviers,2020-05-03,0,258
Verviers,2020-05-04,1,259
Verviers,2020-05-05,1,260
Verviers,2020-05-06,0,260
Verviers,2020-05-07,1,261
Verviers,2020-05-08,8,269
Verviers,2020-05-09,0,269
Verviers,2020-05-10,0,269
Verviers,2020-05-11,2,271
Verviers,2020-05-12,2,273
Verviers,2020-05-13,0,273
Verviers,2020-05-14,4,277
Verviers,2020-05-15,0,277
Verviers,2020-05-16,2,279
Verviers,2020-05-17,1,280
Verviers,2020-05-18,0,280
Verviers,2020-05-19,0,280
Verviers,2020-05-20,0,280
Verviers,2020-05-21,2,282
Verviers,2020-05-22,0,282
Verviers,2020-05-23,2,284
Verviers,2020-05-24,3,287
Verviers,2020-05-25,5,292
Verviers,2020-05-26,0,292
Verviers,2020-05-27,0,292
Verviers,2020-05-28,0,292
Verviers,2020-05-29,1,293
Verviers,2020-05-30,0,293
Verviers,2020-05-31,2,295
Verviers,2020-06-01,0,295
Verviers,2020-06-02,0,295
Verviers,2020-06-03,0,295
Verviers,2020-06-04,0,295
Verviers,2020-06-05,2,297
Verviers,2020-06-06,0,297
Verviers,2020-06-07,0,297
Verviers,2020-06-08,0,297
Verviers,2020-06-09,1,298
Verviers,2020-06-10,0,298
Verviers,2020-06-11,1,299
Verviers,2020-06-12,1,300
Verviers,2020-06-13,1,301
Verviers,2020-06-14,0,301
Verviers,2020-06-15,1,302
Verviers,2020-06-16,0,302
Verviers,2020-06-17,0,302
Verviers,2020-06-18,0,302
Verviers,2020-06-19,0,302
Verviers,2020-06-20,0,302
Verviers,2020-06-23,4,306
Verviers,2020-06-24,0,306
Verviers,2020-06-25,17,323
Verviers,2020-06-26,0,323
Verviers,2020-06-27,0,323
Verviers,2020-06-30,1,324
Verviers,2020-07-01,1,325
Verviers,2020-07-02,1,326
Verviers,2020-07-03,0,326
Verviers,2020-07-04,0,326
Verviers,2020-07-07,0,326
Verviers,2020-07-08,0,326
Verviers,2020-07-09,1,327
Verviers,2020-07-10,2,329
Verviers,2020-07-11,0,329
Verviers,2020-07-14,6,335
Verviers,2020-07-15,1,336
Verviers,2020-07-16,2,338
Verviers,2020-07-17,0,338
Verviers,2020-07-18,4,342
Verviers,2020-07-20,1,343
Verviers,2020-07-21,0,343
Verviers,2020-07-22,0,343
Verviers,2020-07-23,1,344
Verviers,2020-07-24,9,353
Verviers,2020-07-25,7,360
Verviers,2020-07-26,9,369
Verviers,2020-07-27,8,377
Verviers,2020-07-28,2,379
Verviers,2020-07-29,4,383
Verviers,2020-07-30,16,399
Verviers,2020-07-31,9,408
Weismes,2020-04-01,0,0
Weismes,2020-04-02,0,0
Weismes,2020-04-03,5,5
Weismes,2020-04-04,3,8
Weismes,2020-04-05,0,8
Weismes,2020-04-06,0,8
Weismes,2020-04-07,4,12
Weismes,2020-04-08,0,12
Weismes,2020-04-09,3,15
Weismes,2020-04-10,1,16
Weismes,2020-04-11,0,16
Weismes,2020-04-12,0,16
Weismes,2020-04-13,0,16
Weismes,2020-04-14,1,17
Weismes,2020-04-15,1,18
Weismes,2020-04-16,0,18
Weismes,2020-04-17,2,20
Weismes,2020-04-18,0,20
Weismes,2020-04-19,0,20
Weismes,2020-04-20,0,20
Weismes,2020-04-21,0,20
Weismes,2020-04-22,3,23
Weismes,2020-04-23,0,23
Weismes,2020-04-24,0,23
Weismes,2020-04-25,2,25
Weismes,2020-04-26,0,25
Weismes,2020-04-27,0,25
Weismes,2020-04-28,0,25
Weismes,2020-04-29,0,25
Weismes,2020-04-30,0,25
Weismes,2020-05-01,1,26
Weismes,2020-05-02,0,26
Weismes,2020-05-03,3,29
Weismes,2020-05-04,0,29
Weismes,2020-05-05,0,29
Weismes,2020-05-06,0,29
Weismes,2020-05-07,0,29
Weismes,2020-05-08,0,29
Weismes,2020-05-09,3,32
Weismes,2020-05-10,3,35
Weismes,2020-05-11,1,36
Weismes,2020-05-12,0,36
Weismes,2020-05-13,0,36
Weismes,2020-05-14,2,38
Weismes,2020-05-15,1,39
Weismes,2020-05-16,0,39
Weismes,2020-05-17,8,47
Weismes,2020-05-18,0,47
Weismes,2020-05-19,1,48
Weismes,2020-05-20,0,48
Weismes,2020-05-21,0,48
Weismes,2020-05-22,1,49
Weismes,2020-05-23,1,50
Weismes,2020-05-24,0,50
Weismes,2020-05-25,1,51
Weismes,2020-05-26,1,52
Weismes,2020-05-27,1,53
Weismes,2020-05-28,0,53
Weismes,2020-05-29,0,53
Weismes,2020-05-30,0,53
Weismes,2020-05-31,1,54
Weismes,2020-06-01,0,54
Weismes,2020-06-02,0,54
Weismes,2020-06-03,0,54
Weismes,2020-06-04,0,54
Weismes,2020-06-05,0,54
Weismes,2020-06-06,0,54
Weismes,2020-06-07,0,54
Weismes,2020-06-08,0,54
Weismes,2020-06-09,0,54
Weismes,2020-06-10,0,54
Weismes,2020-06-11,0,54
Weismes,2020-06-12,0,54
Weismes,2020-06-13,0,54
Weismes,2020-06-14,0,54
Weismes,2020-06-15,0,54
Weismes,2020-06-16,0,54
Weismes,2020-06-17,0,54
Weismes,2020-06-18,0,54
Weismes,2020-06-19,0,54
Weismes,2020-06-20,0,54
Weismes,2020-06-23,0,54
Weismes,2020-06-24,0,54
Weismes,2020-06-25,0,54
Weismes,2020-06-26,0,54
Weismes,2020-06-27,0,54
Weismes,2020-06-30,0,54
Weismes,2020-07-01,0,54
Weismes,2020-07-02,0,54
Weismes,2020-07-03,0,54
Weismes,2020-07-04,0,54
Weismes,2020-07-07,0,54
Weismes,2020-07-08,0,54
Weismes,2020-07-09,0,54
Weismes,2020-07-10,0,54
Weismes,2020-07-11,0,54
Weismes,2020-07-14,0,54
Weismes,2020-07-15,0,54
Weismes,2020-07-16,0,54
Weismes,2020-07-17,0,54
Weismes,2020-07-18,0,54
Weismes,2020-07-20,0,54
Weismes,2020-07-21,0,54
Weismes,2020-07-22,0,54
Weismes,2020-07-23,0,54
Weismes,2020-07-24,0,54
Weismes,2020-07-25,0,54
Weismes,2020-07-26,0,54
Weismes,2020-07-27,1,55
Weismes,2020-07-28,0,55
Weismes,2020-07-29,0,55
Weismes,2020-07-30,0,55
Weismes,2020-07-31,0,55
Welkenraedt,2020-04-01,0,0
Welkenraedt,2020-04-02,0,0
Welkenraedt,2020-04-03,0,0
Welkenraedt,2020-04-04,0,0
Welkenraedt,2020-04-05,0,0
Welkenraedt,2020-04-06,0,0
Welkenraedt,2020-04-07,8,8
Welkenraedt,2020-04-08,0,8
Welkenraedt,2020-04-09,0,8
Welkenraedt,2020-04-10,0,8
Welkenraedt,2020-04-11,4,12
Welkenraedt,2020-04-12,2,14
Welkenraedt,2020-04-13,1,15
Welkenraedt,2020-04-14,0,15
Welkenraedt,2020-04-15,5,20
Welkenraedt,2020-04-16,2,22
Welkenraedt,2020-04-17,2,24
Welkenraedt,2020-04-18,2,26
Welkenraedt,2020-04-19,0,26
Welkenraedt,2020-04-20,1,27
Welkenraedt,2020-04-21,10,37
Welkenraedt,2020-04-22,0,37
Welkenraedt,2020-04-23,1,38
Welkenraedt,2020-04-24,0,38
Welkenraedt,2020-04-25,2,40
Welkenraedt,2020-04-26,0,40
Welkenraedt,2020-04-27,0,40
Welkenraedt,2020-04-28,6,46
Welkenraedt,2020-04-29,0,46
Welkenraedt,2020-04-30,0,46
Welkenraedt,2020-05-01,3,49
Welkenraedt,2020-05-02,-1,48
Welkenraedt,2020-05-03,0,48
Welkenraedt,2020-05-04,0,48
Welkenraedt,2020-05-05,1,49
Welkenraedt,2020-05-06,0,49
Welkenraedt,2020-05-07,0,49
Welkenraedt,2020-05-08,0,49
Welkenraedt,2020-05-09,1,50
Welkenraedt,2020-05-10,1,51
Welkenraedt,2020-05-11,0,51
Welkenraedt,2020-05-12,1,52
Welkenraedt,2020-05-13,0,52
Welkenraedt,2020-05-14,1,53
Welkenraedt,2020-05-15,0,53
Welkenraedt,2020-05-16,0,53
Welkenraedt,2020-05-17,1,54
Welkenraedt,2020-05-18,1,55
Welkenraedt,2020-05-19,0,55
Welkenraedt,2020-05-20,0,55
Welkenraedt,2020-05-21,0,55
Welkenraedt,2020-05-22,0,55
Welkenraedt,2020-05-23,0,55
Welkenraedt,2020-05-24,0,55
Welkenraedt,2020-05-25,0,55
Welkenraedt,2020-05-26,0,55
Welkenraedt,2020-05-27,0,55
Welkenraedt,2020-05-28,0,55
Welkenraedt,2020-05-29,0,55
Welkenraedt,2020-05-30,0,55
Welkenraedt,2020-05-31,0,55
Welkenraedt,2020-06-01,0,55
Welkenraedt,2020-06-02,0,55
Welkenraedt,2020-06-03,0,55
Welkenraedt,2020-06-04,0,55
Welkenraedt,2020-06-05,0,55
Welkenraedt,2020-06-06,0,55
Welkenraedt,2020-06-07,0,55
Welkenraedt,2020-06-08,0,55
Welkenraedt,2020-06-09,1,56
Welkenraedt,2020-06-10,0,56
Welkenraedt,2020-06-11,0,56
Welkenraedt,2020-06-12,0,56
Welkenraedt,2020-06-13,0,56
Welkenraedt,2020-06-14,0,56
Welkenraedt,2020-06-15,0,56
Welkenraedt,2020-06-16,0,56
Welkenraedt,2020-06-17,0,56
Welkenraedt,2020-06-18,0,56
Welkenraedt,2020-06-19,0,56
Welkenraedt,2020-06-20,0,56
Welkenraedt,2020-06-23,0,56
Welkenraedt,2020-06-24,0,56
Welkenraedt,2020-06-25,0,56
Welkenraedt,2020-06-26,0,56
Welkenraedt,2020-06-27,0,56
Welkenraedt,2020-06-30,0,56
Welkenraedt,2020-07-01,0,56
Welkenraedt,2020-07-02,0,56
Welkenraedt,2020-07-03,0,56
Welkenraedt,2020-07-04,0,56
Welkenraedt,2020-07-07,0,56
Welkenraedt,2020-07-08,0,56
Welkenraedt,2020-07-09,0,56
Welkenraedt,2020-07-10,0,56
Welkenraedt,2020-07-11,0,56
Welkenraedt,2020-07-14,0,56
Welkenraedt,2020-07-15,0,56
Welkenraedt,2020-07-16,0,56
Welkenraedt,2020-07-17,0,56
Welkenraedt,2020-07-18,0,56
Welkenraedt,2020-07-20,0,56
Welkenraedt,2020-07-21,0,56
Welkenraedt,2020-07-22,0,56
Welkenraedt,2020-07-23,0,56
Welkenraedt,2020-07-24,0,56
Welkenraedt,2020-07-25,0,56
Welkenraedt,2020-07-26,0,56
Welkenraedt,2020-07-27,0,56
Welkenraedt,2020-07-28,0,56
Welkenraedt,2020-07-29,0,56
Welkenraedt,2020-07-30,0,56
Welkenraedt,2020-07-31,1,57
Burg-Reuland,2020-04-01,0,0
Burg-Reuland,2020-04-02,0,0
Burg-Reuland,2020-04-03,0,0
Burg-Reuland,2020-04-04,0,0
Burg-Reuland,2020-04-05,0,0
Burg-Reuland,2020-04-06,0,0
Burg-Reuland,2020-04-07,0,0
Burg-Reuland,2020-04-08,0,0
Burg-Reuland,2020-04-09,0,0
Burg-Reuland,2020-04-10,0,0
Burg-Reuland,2020-04-11,0,0
Burg-Reuland,2020-04-12,0,0
Burg-Reuland,2020-04-13,0,0
Burg-Reuland,2020-04-14,0,0
Burg-Reuland,2020-04-15,0,0
Burg-Reuland,2020-04-16,0,0
Burg-Reuland,2020-04-17,0,0
Burg-Reuland,2020-04-18,0,0
Burg-Reuland,2020-04-19,0,0
Burg-Reuland,2020-04-20,0,0
Burg-Reuland,2020-04-21,5,5
Burg-Reuland,2020-04-22,0,5
Burg-Reuland,2020-04-23,0,5
Burg-Reuland,2020-04-24,0,5
Burg-Reuland,2020-04-25,1,6
Burg-Reuland,2020-04-26,0,6
Burg-Reuland,2020-04-27,0,6
Burg-Reuland,2020-04-28,1,7
Burg-Reuland,2020-04-29,0,7
Burg-Reuland,2020-04-30,0,7
Burg-Reuland,2020-05-01,0,7
Burg-Reuland,2020-05-02,0,7
Burg-Reuland,2020-05-03,0,7
Burg-Reuland,2020-05-04,0,7
Burg-Reuland,2020-05-05,0,7
Burg-Reuland,2020-05-06,0,7
Burg-Reuland,2020-05-07,0,7
Burg-Reuland,2020-05-08,0,7
Burg-Reuland,2020-05-09,0,7
Burg-Reuland,2020-05-10,0,7
Burg-Reuland,2020-05-11,0,7
Burg-Reuland,2020-05-12,2,9
Burg-Reuland,2020-05-13,0,9
Burg-Reuland,2020-05-14,0,9
Burg-Reuland,2020-05-15,0,9
Burg-Reuland,2020-05-16,1,10
Burg-Reuland,2020-05-17,0,10
Burg-Reuland,2020-05-18,0,10
Burg-Reuland,2020-05-19,0,10
Burg-Reuland,2020-05-20,0,10
Burg-Reuland,2020-05-21,0,10
Burg-Reuland,2020-05-22,0,10
Burg-Reuland,2020-05-23,0,10
Burg-Reuland,2020-05-24,0,10
Burg-Reuland,2020-05-25,0,10
Burg-Reuland,2020-05-26,0,10
Burg-Reuland,2020-05-27,0,10
Burg-Reuland,2020-05-28,0,10
Burg-Reuland,2020-05-29,0,10
Burg-Reuland,2020-05-30,0,10
Burg-Reuland,2020-05-31,1,11
Burg-Reuland,2020-06-01,0,11
Burg-Reuland,2020-06-02,0,11
Burg-Reuland,2020-06-03,0,11
Burg-Reuland,2020-06-04,0,11
Burg-Reuland,2020-06-05,1,12
Burg-Reuland,2020-06-06,0,12
Burg-Reuland,2020-06-07,0,12
Burg-Reuland,2020-06-08,0,12
Burg-Reuland,2020-06-09,0,12
Burg-Reuland,2020-06-10,0,12
Burg-Reuland,2020-06-11,0,12
Burg-Reuland,2020-06-12,0,12
Burg-Reuland,2020-06-13,0,12
Burg-Reuland,2020-06-14,0,12
Burg-Reuland,2020-06-15,0,12
Burg-Reuland,2020-06-16,0,12
Burg-Reuland,2020-06-17,0,12
Burg-Reuland,2020-06-18,0,12
Burg-Reuland,2020-06-19,0,12
Burg-Reuland,2020-06-20,0,12
Burg-Reuland,2020-06-23,0,12
Burg-Reuland,2020-06-24,0,12
Burg-Reuland,2020-06-25,0,12
Burg-Reuland,2020-06-26,0,12
Burg-Reuland,2020-06-27,0,12
Burg-Reuland,2020-06-30,0,12
Burg-Reuland,2020-07-01,0,12
Burg-Reuland,2020-07-02,0,12
Burg-Reuland,2020-07-03,0,12
Burg-Reuland,2020-07-04,0,12
Burg-Reuland,2020-07-07,0,12
Burg-Reuland,2020-07-08,0,12
Burg-Reuland,2020-07-09,0,12
Burg-Reuland,2020-07-10,0,12
Burg-Reuland,2020-07-11,0,12
Burg-Reuland,2020-07-14,0,12
Burg-Reuland,2020-07-15,0,12
Burg-Reuland,2020-07-16,0,12
Burg-Reuland,2020-07-17,0,12
Burg-Reuland,2020-07-18,0,12
Burg-Reuland,2020-07-20,0,12
Burg-Reuland,2020-07-21,0,12
Burg-Reuland,2020-07-22,0,12
Burg-Reuland,2020-07-23,0,12
Burg-Reuland,2020-07-24,0,12
Burg-Reuland,2020-07-25,0,12
Burg-Reuland,2020-07-26,0,12
Burg-Reuland,2020-07-27,0,12
Burg-Reuland,2020-07-28,0,12
Burg-Reuland,2020-07-29,0,12
Burg-Reuland,2020-07-30,0,12
Burg-Reuland,2020-07-31,0,12
Plombières,2020-04-01,2,9
Plombières,2020-04-02,1,10
Plombières,2020-04-03,0,10
Plombières,2020-04-04,2,12
Plombières,2020-04-05,0,12
Plombières,2020-04-06,0,12
Plombières,2020-04-07,4,16
Plombières,2020-04-08,0,16
Plombières,2020-04-09,2,18
Plombières,2020-04-10,0,18
Plombières,2020-04-11,4,22
Plombières,2020-04-12,2,24
Plombières,2020-04-13,6,30
Plombières,2020-04-14,0,30
Plombières,2020-04-15,10,40
Plombières,2020-04-16,1,41
Plombières,2020-04-17,4,45
Plombières,2020-04-18,1,46
Plombières,2020-04-19,0,46
Plombières,2020-04-20,0,46
Plombières,2020-04-21,2,48
Plombières,2020-04-22,1,49
Plombières,2020-04-23,0,49
Plombières,2020-04-24,1,50
Plombières,2020-04-25,0,50
Plombières,2020-04-26,0,50
Plombières,2020-04-27,0,50
Plombières,2020-04-28,3,53
Plombières,2020-04-29,0,53
Plombières,2020-04-30,0,53
Plombières,2020-05-01,0,53
Plombières,2020-05-02,0,53
Plombières,2020-05-03,1,54
Plombières,2020-05-04,0,54
Plombières,2020-05-05,0,54
Plombières,2020-05-06,0,54
Plombières,2020-05-07,0,54
Plombières,2020-05-08,1,55
Plombières,2020-05-09,0,55
Plombières,2020-05-10,0,55
Plombières,2020-05-11,1,56
Plombières,2020-05-12,0,56
Plombières,2020-05-13,0,56
Plombières,2020-05-14,0,56
Plombières,2020-05-15,0,56
Plombières,2020-05-16,0,56
Plombières,2020-05-17,0,56
Plombières,2020-05-18,0,56
Plombières,2020-05-19,0,56
Plombières,2020-05-20,0,56
Plombières,2020-05-21,0,56
Plombières,2020-05-22,0,56
Plombières,2020-05-23,0,56
Plombières,2020-05-24,0,56
Plombières,2020-05-25,0,56
Plombières,2020-05-26,0,56
Plombières,2020-05-27,0,56
Plombières,2020-05-28,0,56
Plombières,2020-05-29,0,56
Plombières,2020-05-30,0,56
Plombières,2020-05-31,0,56
Plombières,2020-06-01,0,56
Plombières,2020-06-02,0,56
Plombières,2020-06-03,0,56
Plombières,2020-06-04,0,56
Plombières,2020-06-05,0,56
Plombières,2020-06-06,0,56
Plombières,2020-06-07,0,56
Plombières,2020-06-08,0,56
Plombières,2020-06-09,0,56
Plombières,2020-06-10,0,56
Plombières,2020-06-11,0,56
Plombières,2020-06-12,0,56
Plombières,2020-06-13,0,56
Plombières,2020-06-14,0,56
Plombières,2020-06-15,0,56
Plombières,2020-06-16,0,56
Plombières,2020-06-17,0,56
Plombières,2020-06-18,0,56
Plombières,2020-06-19,0,56
Plombières,2020-06-20,0,56
Plombières,2020-06-23,0,56
Plombières,2020-06-24,0,56
Plombières,2020-06-25,0,56
Plombières,2020-06-26,0,56
Plombières,2020-06-27,0,56
Plombières,2020-06-30,0,56
Plombières,2020-07-01,0,56
Plombières,2020-07-02,0,56
Plombières,2020-07-03,0,56
Plombières,2020-07-04,0,56
Plombières,2020-07-07,0,56
Plombières,2020-07-08,0,56
Plombières,2020-07-09,0,56
Plombières,2020-07-10,0,56
Plombières,2020-07-11,0,56
Plombières,2020-07-14,0,56
Plombières,2020-07-15,0,56
Plombières,2020-07-16,0,56
Plombières,2020-07-17,0,56
Plombières,2020-07-18,0,56
Plombières,2020-07-20,0,56
Plombières,2020-07-21,0,56
Plombières,2020-07-22,0,56
Plombières,2020-07-23,0,56
Plombières,2020-07-24,0,56
Plombières,2020-07-25,0,56
Plombières,2020-07-26,0,56
Plombières,2020-07-27,1,57
Plombières,2020-07-28,0,57
Plombières,2020-07-29,0,57
Plombières,2020-07-30,0,57
Plombières,2020-07-31,0,57
Thimister-Clermont,2020-04-01,0,6
Thimister-Clermont,2020-04-02,0,6
Thimister-Clermont,2020-04-03,1,7
Thimister-Clermont,2020-04-04,0,7
Thimister-Clermont,2020-04-05,0,7
Thimister-Clermont,2020-04-06,0,7
Thimister-Clermont,2020-04-07,1,8
Thimister-Clermont,2020-04-08,0,8
Thimister-Clermont,2020-04-09,0,8
Thimister-Clermont,2020-04-10,0,8
Thimister-Clermont,2020-04-11,3,11
Thimister-Clermont,2020-04-12,1,12
Thimister-Clermont,2020-04-13,1,13
Thimister-Clermont,2020-04-14,0,13
Thimister-Clermont,2020-04-15,3,16
Thimister-Clermont,2020-04-16,0,16
Thimister-Clermont,2020-04-17,0,16
Thimister-Clermont,2020-04-18,1,17
Thimister-Clermont,2020-04-19,0,17
Thimister-Clermont,2020-04-20,0,17
Thimister-Clermont,2020-04-21,1,18
Thimister-Clermont,2020-04-22,0,18
Thimister-Clermont,2020-04-23,0,18
Thimister-Clermont,2020-04-24,0,18
Thimister-Clermont,2020-04-25,0,18
Thimister-Clermont,2020-04-26,0,18
Thimister-Clermont,2020-04-27,0,18
Thimister-Clermont,2020-04-28,0,18
Thimister-Clermont,2020-04-29,0,18
Thimister-Clermont,2020-04-30,0,18
Thimister-Clermont,2020-05-01,0,18
Thimister-Clermont,2020-05-02,9,27
Thimister-Clermont,2020-05-03,1,28
Thimister-Clermont,2020-05-04,0,28
Thimister-Clermont,2020-05-05,0,28
Thimister-Clermont,2020-05-06,0,28
Thimister-Clermont,2020-05-07,0,28
Thimister-Clermont,2020-05-08,0,28
Thimister-Clermont,2020-05-09,0,28
Thimister-Clermont,2020-05-10,0,28
Thimister-Clermont,2020-05-11,0,28
Thimister-Clermont,2020-05-12,0,28
Thimister-Clermont,2020-05-13,0,28
Thimister-Clermont,2020-05-14,0,28
Thimister-Clermont,2020-05-15,0,28
Thimister-Clermont,2020-05-16,0,28
Thimister-Clermont,2020-05-17,1,29
Thimister-Clermont,2020-05-18,0,29
Thimister-Clermont,2020-05-19,0,29
Thimister-Clermont,2020-05-20,0,29
Thimister-Clermont,2020-05-21,1,30
Thimister-Clermont,2020-05-22,0,30
Thimister-Clermont,2020-05-23,0,30
Thimister-Clermont,2020-05-24,0,30
Thimister-Clermont,2020-05-25,0,30
Thimister-Clermont,2020-05-26,0,30
Thimister-Clermont,2020-05-27,0,30
Thimister-Clermont,2020-05-28,0,30
Thimister-Clermont,2020-05-29,0,30
Thimister-Clermont,2020-05-30,0,30
Thimister-Clermont,2020-05-31,1,31
Thimister-Clermont,2020-06-01,0,31
Thimister-Clermont,2020-06-02,0,31
Thimister-Clermont,2020-06-03,0,31
Thimister-Clermont,2020-06-04,0,31
Thimister-Clermont,2020-06-05,0,31
Thimister-Clermont,2020-06-06,0,31
Thimister-Clermont,2020-06-07,0,31
Thimister-Clermont,2020-06-08,0,31
Thimister-Clermont,2020-06-09,0,31
Thimister-Clermont,2020-06-10,0,31
Thimister-Clermont,2020-06-11,0,31
Thimister-Clermont,2020-06-12,0,31
Thimister-Clermont,2020-06-13,0,31
Thimister-Clermont,2020-06-14,0,31
Thimister-Clermont,2020-06-15,0,31
Thimister-Clermont,2020-06-16,0,31
Thimister-Clermont,2020-06-17,0,31
Thimister-Clermont,2020-06-18,0,31
Thimister-Clermont,2020-06-19,0,31
Thimister-Clermont,2020-06-20,0,31
Thimister-Clermont,2020-06-23,0,31
Thimister-Clermont,2020-06-24,0,31
Thimister-Clermont,2020-06-25,2,33
Thimister-Clermont,2020-06-26,0,33
Thimister-Clermont,2020-06-27,0,33
Thimister-Clermont,2020-06-30,0,33
Thimister-Clermont,2020-07-01,0,33
Thimister-Clermont,2020-07-02,0,33
Thimister-Clermont,2020-07-03,0,33
Thimister-Clermont,2020-07-04,0,33
Thimister-Clermont,2020-07-07,0,33
Thimister-Clermont,2020-07-08,0,33
Thimister-Clermont,2020-07-09,0,33
Thimister-Clermont,2020-07-10,1,34
Thimister-Clermont,2020-07-11,0,34
Thimister-Clermont,2020-07-14,0,34
Thimister-Clermont,2020-07-15,0,34
Thimister-Clermont,2020-07-16,0,34
Thimister-Clermont,2020-07-17,0,34
Thimister-Clermont,2020-07-18,0,34
Thimister-Clermont,2020-07-20,0,34
Thimister-Clermont,2020-07-21,0,34
Thimister-Clermont,2020-07-22,0,34
Thimister-Clermont,2020-07-23,0,34
Thimister-Clermont,2020-07-24,1,35
Thimister-Clermont,2020-07-25,0,35
Thimister-Clermont,2020-07-26,0,35
Thimister-Clermont,2020-07-27,0,35
Thimister-Clermont,2020-07-28,0,35
Thimister-Clermont,2020-07-29,0,35
Thimister-Clermont,2020-07-30,0,35
Thimister-Clermont,2020-07-31,0,35
Berloz,2020-04-01,0,0
Berloz,2020-04-02,0,0
Berloz,2020-04-03,0,0
Berloz,2020-04-04,0,0
Berloz,2020-04-05,0,0
Berloz,2020-04-06,0,0
Berloz,2020-04-07,5,5
Berloz,2020-04-08,0,5
Berloz,2020-04-09,0,5
Berloz,2020-04-10,0,5
Berloz,2020-04-11,2,7
Berloz,2020-04-12,0,7
Berloz,2020-04-13,1,8
Berloz,2020-04-14,0,8
Berloz,2020-04-15,0,8
Berloz,2020-04-16,0,8
Berloz,2020-04-17,1,9
Berloz,2020-04-18,0,9
Berloz,2020-04-19,0,9
Berloz,2020-04-20,0,9
Berloz,2020-04-21,0,9
Berloz,2020-04-22,0,9
Berloz,2020-04-23,0,9
Berloz,2020-04-24,0,9
Berloz,2020-04-25,0,9
Berloz,2020-04-26,0,9
Berloz,2020-04-27,0,9
Berloz,2020-04-28,0,9
Berloz,2020-04-29,0,9
Berloz,2020-04-30,0,9
Berloz,2020-05-01,0,9
Berloz,2020-05-02,0,9
Berloz,2020-05-03,0,9
Berloz,2020-05-04,1,10
Berloz,2020-05-05,0,10
Berloz,2020-05-06,0,10
Berloz,2020-05-07,0,10
Berloz,2020-05-08,0,10
Berloz,2020-05-09,0,10
Berloz,2020-05-10,0,10
Berloz,2020-05-11,1,11
Berloz,2020-05-12,0,11
Berloz,2020-05-13,0,11
Berloz,2020-05-14,0,11
Berloz,2020-05-15,0,11
Berloz,2020-05-16,0,11
Berloz,2020-05-17,0,11
Berloz,2020-05-18,0,11
Berloz,2020-05-19,0,11
Berloz,2020-05-20,0,11
Berloz,2020-05-21,0,11
Berloz,2020-05-22,0,11
Berloz,2020-05-23,0,11
Berloz,2020-05-24,0,11
Berloz,2020-05-25,0,11
Berloz,2020-05-26,0,11
Berloz,2020-05-27,0,11
Berloz,2020-05-28,0,11
Berloz,2020-05-29,0,11
Berloz,2020-05-30,0,11
Berloz,2020-05-31,0,11
Berloz,2020-06-01,0,11
Berloz,2020-06-02,0,11
Berloz,2020-06-03,0,11
Berloz,2020-06-04,0,11
Berloz,2020-06-05,0,11
Berloz,2020-06-06,0,11
Berloz,2020-06-07,0,11
Berloz,2020-06-08,0,11
Berloz,2020-06-09,0,11
Berloz,2020-06-10,0,11
Berloz,2020-06-11,0,11
Berloz,2020-06-12,0,11
Berloz,2020-06-13,0,11
Berloz,2020-06-14,0,11
Berloz,2020-06-15,0,11
Berloz,2020-06-16,0,11
Berloz,2020-06-17,0,11
Berloz,2020-06-18,0,11
Berloz,2020-06-19,0,11
Berloz,2020-06-20,0,11
Berloz,2020-06-23,0,11
Berloz,2020-06-24,0,11
Berloz,2020-06-25,0,11
Berloz,2020-06-26,0,11
Berloz,2020-06-27,0,11
Berloz,2020-06-30,0,11
Berloz,2020-07-01,0,11
Berloz,2020-07-02,0,11
Berloz,2020-07-03,1,12
Berloz,2020-07-04,0,12
Berloz,2020-07-07,0,12
Berloz,2020-07-08,0,12
Berloz,2020-07-09,0,12
Berloz,2020-07-10,0,12
Berloz,2020-07-11,0,12
Berloz,2020-07-14,0,12
Berloz,2020-07-15,0,12
Berloz,2020-07-16,0,12
Berloz,2020-07-17,0,12
Berloz,2020-07-18,0,12
Berloz,2020-07-20,0,12
Berloz,2020-07-21,0,12
Berloz,2020-07-22,0,12
Berloz,2020-07-23,0,12
Berloz,2020-07-24,0,12
Berloz,2020-07-25,0,12
Berloz,2020-07-26,0,12
Berloz,2020-07-27,0,12
Berloz,2020-07-28,0,12
Berloz,2020-07-29,0,12
Berloz,2020-07-30,0,12
Berloz,2020-07-31,0,12
Braives,2020-04-01,5,5
Braives,2020-04-02,0,5
Braives,2020-04-03,0,5
Braives,2020-04-04,2,7
Braives,2020-04-05,0,7
Braives,2020-04-06,0,7
Braives,2020-04-07,1,8
Braives,2020-04-08,0,8
Braives,2020-04-09,0,8
Braives,2020-04-10,1,9
Braives,2020-04-11,0,9
Braives,2020-04-12,1,10
Braives,2020-04-13,1,11
Braives,2020-04-14,0,11
Braives,2020-04-15,0,11
Braives,2020-04-16,0,11
Braives,2020-04-17,0,11
Braives,2020-04-18,0,11
Braives,2020-04-19,0,11
Braives,2020-04-20,0,11
Braives,2020-04-21,0,11
Braives,2020-04-22,0,11
Braives,2020-04-23,0,11
Braives,2020-04-24,0,11
Braives,2020-04-25,0,11
Braives,2020-04-26,1,12
Braives,2020-04-27,0,12
Braives,2020-04-28,1,13
Braives,2020-04-29,0,13
Braives,2020-04-30,0,13
Braives,2020-05-01,1,14
Braives,2020-05-02,0,14
Braives,2020-05-03,0,14
Braives,2020-05-04,0,14
Braives,2020-05-05,0,14
Braives,2020-05-06,0,14
Braives,2020-05-07,0,14
Braives,2020-05-08,0,14
Braives,2020-05-09,0,14
Braives,2020-05-10,0,14
Braives,2020-05-11,1,15
Braives,2020-05-12,0,15
Braives,2020-05-13,0,15
Braives,2020-05-14,0,15
Braives,2020-05-15,0,15
Braives,2020-05-16,0,15
Braives,2020-05-17,0,15
Braives,2020-05-18,0,15
Braives,2020-05-19,0,15
Braives,2020-05-20,0,15
Braives,2020-05-21,0,15
Braives,2020-05-22,0,15
Braives,2020-05-23,0,15
Braives,2020-05-24,0,15
Braives,2020-05-25,0,15
Braives,2020-05-26,0,15
Braives,2020-05-27,0,15
Braives,2020-05-28,0,15
Braives,2020-05-29,0,15
Braives,2020-05-30,0,15
Braives,2020-05-31,0,15
Braives,2020-06-01,0,15
Braives,2020-06-02,0,15
Braives,2020-06-03,0,15
Braives,2020-06-04,0,15
Braives,2020-06-05,0,15
Braives,2020-06-06,0,15
Braives,2020-06-07,0,15
Braives,2020-06-08,0,15
Braives,2020-06-09,0,15
Braives,2020-06-10,0,15
Braives,2020-06-11,0,15
Braives,2020-06-12,0,15
Braives,2020-06-13,0,15
Braives,2020-06-14,0,15
Braives,2020-06-15,0,15
Braives,2020-06-16,0,15
Braives,2020-06-17,0,15
Braives,2020-06-18,0,15
Braives,2020-06-19,0,15
Braives,2020-06-20,0,15
Braives,2020-06-23,0,15
Braives,2020-06-24,0,15
Braives,2020-06-25,0,15
Braives,2020-06-26,0,15
Braives,2020-06-27,0,15
Braives,2020-06-30,0,15
Braives,2020-07-01,0,15
Braives,2020-07-02,0,15
Braives,2020-07-03,0,15
Braives,2020-07-04,0,15
Braives,2020-07-07,0,15
Braives,2020-07-08,0,15
Braives,2020-07-09,0,15
Braives,2020-07-10,0,15
Braives,2020-07-11,1,16
Braives,2020-07-14,3,19
Braives,2020-07-15,2,21
Braives,2020-07-16,0,21
Braives,2020-07-17,1,22
Braives,2020-07-18,0,22
Braives,2020-07-20,0,22
Braives,2020-07-21,0,22
Braives,2020-07-22,0,22
Braives,2020-07-23,12,34
Braives,2020-07-24,0,34
Braives,2020-07-25,1,35
Braives,2020-07-26,0,35
Braives,2020-07-27,0,35
Braives,2020-07-28,1,36
Braives,2020-07-29,0,36
Braives,2020-07-30,0,36
Braives,2020-07-31,0,36
Crisnée,2020-04-01,0,0
Crisnée,2020-04-02,0,0
Crisnée,2020-04-03,0,0
Crisnée,2020-04-04,5,5
Crisnée,2020-04-05,1,6
Crisnée,2020-04-06,0,6
Crisnée,2020-04-07,2,8
Crisnée,2020-04-08,1,9
Crisnée,2020-04-09,0,9
Crisnée,2020-04-10,2,11
Crisnée,2020-04-11,0,11
Crisnée,2020-04-12,0,11
Crisnée,2020-04-13,0,11
Crisnée,2020-04-14,0,11
Crisnée,2020-04-15,2,13
Crisnée,2020-04-16,0,13
Crisnée,2020-04-17,0,13
Crisnée,2020-04-18,0,13
Crisnée,2020-04-19,0,13
Crisnée,2020-04-20,0,13
Crisnée,2020-04-21,0,13
Crisnée,2020-04-22,0,13
Crisnée,2020-04-23,0,13
Crisnée,2020-04-24,0,13
Crisnée,2020-04-25,0,13
Crisnée,2020-04-26,14,27
Crisnée,2020-04-27,0,27
Crisnée,2020-04-28,1,28
Crisnée,2020-04-29,0,28
Crisnée,2020-04-30,0,28
Crisnée,2020-05-01,0,28
Crisnée,2020-05-02,0,28
Crisnée,2020-05-03,0,28
Crisnée,2020-05-04,0,28
Crisnée,2020-05-05,0,28
Crisnée,2020-05-06,0,28
Crisnée,2020-05-07,0,28
Crisnée,2020-05-08,0,28
Crisnée,2020-05-09,1,29
Crisnée,2020-05-10,0,29
Crisnée,2020-05-11,0,29
Crisnée,2020-05-12,0,29
Crisnée,2020-05-13,0,29
Crisnée,2020-05-14,0,29
Crisnée,2020-05-15,0,29
Crisnée,2020-05-16,0,29
Crisnée,2020-05-17,0,29
Crisnée,2020-05-18,0,29
Crisnée,2020-05-19,0,29
Crisnée,2020-05-20,0,29
Crisnée,2020-05-21,1,30
Crisnée,2020-05-22,0,30
Crisnée,2020-05-23,0,30
Crisnée,2020-05-24,0,30
Crisnée,2020-05-25,0,30
Crisnée,2020-05-26,0,30
Crisnée,2020-05-27,0,30
Crisnée,2020-05-28,0,30
Crisnée,2020-05-29,0,30
Crisnée,2020-05-30,0,30
Crisnée,2020-05-31,0,30
Crisnée,2020-06-01,0,30
Crisnée,2020-06-02,0,30
Crisnée,2020-06-03,0,30
Crisnée,2020-06-04,0,30
Crisnée,2020-06-05,0,30
Crisnée,2020-06-06,1,31
Crisnée,2020-06-07,0,31
Crisnée,2020-06-08,0,31
Crisnée,2020-06-09,0,31
Crisnée,2020-06-10,0,31
Crisnée,2020-06-11,0,31
Crisnée,2020-06-12,0,31
Crisnée,2020-06-13,0,31
Crisnée,2020-06-14,0,31
Crisnée,2020-06-15,0,31
Crisnée,2020-06-16,0,31
Crisnée,2020-06-17,0,31
Crisnée,2020-06-18,0,31
Crisnée,2020-06-19,0,31
Crisnée,2020-06-20,0,31
Crisnée,2020-06-23,1,32
Crisnée,2020-06-24,0,32
Crisnée,2020-06-25,0,32
Crisnée,2020-06-26,0,32
Crisnée,2020-06-27,0,32
Crisnée,2020-06-30,0,32
Crisnée,2020-07-01,0,32
Crisnée,2020-07-02,0,32
Crisnée,2020-07-03,0,32
Crisnée,2020-07-04,0,32
Crisnée,2020-07-07,0,32
Crisnée,2020-07-08,0,32
Crisnée,2020-07-09,0,32
Crisnée,2020-07-10,0,32
Crisnée,2020-07-11,0,32
Crisnée,2020-07-14,0,32
Crisnée,2020-07-15,0,32
Crisnée,2020-07-16,0,32
Crisnée,2020-07-17,0,32
Crisnée,2020-07-18,0,32
Crisnée,2020-07-20,0,32
Crisnée,2020-07-21,0,32
Crisnée,2020-07-22,0,32
Crisnée,2020-07-23,0,32
Crisnée,2020-07-24,0,32
Crisnée,2020-07-25,0,32
Crisnée,2020-07-26,0,32
Crisnée,2020-07-27,0,32
Crisnée,2020-07-28,0,32
Crisnée,2020-07-29,0,32
Crisnée,2020-07-30,0,32
Crisnée,2020-07-31,0,32
Donceel,2020-04-01,0,0
Donceel,2020-04-02,0,0
Donceel,2020-04-03,0,0
Donceel,2020-04-04,0,0
Donceel,2020-04-05,0,0
Donceel,2020-04-06,0,0
Donceel,2020-04-07,0,0
Donceel,2020-04-08,5,5
Donceel,2020-04-09,0,5
Donceel,2020-04-10,0,5
Donceel,2020-04-11,1,6
Donceel,2020-04-12,0,6
Donceel,2020-04-13,0,6
Donceel,2020-04-14,0,6
Donceel,2020-04-15,1,7
Donceel,2020-04-16,0,7
Donceel,2020-04-17,0,7
Donceel,2020-04-18,0,7
Donceel,2020-04-19,1,8
Donceel,2020-04-20,0,8
Donceel,2020-04-21,0,8
Donceel,2020-04-22,0,8
Donceel,2020-04-23,1,9
Donceel,2020-04-24,0,9
Donceel,2020-04-25,0,9
Donceel,2020-04-26,0,9
Donceel,2020-04-27,0,9
Donceel,2020-04-28,0,9
Donceel,2020-04-29,0,9
Donceel,2020-04-30,0,9
Donceel,2020-05-01,0,9
Donceel,2020-05-02,0,9
Donceel,2020-05-03,0,9
Donceel,2020-05-04,0,9
Donceel,2020-05-05,0,9
Donceel,2020-05-06,0,9
Donceel,2020-05-07,1,10
Donceel,2020-05-08,0,10
Donceel,2020-05-09,0,10
Donceel,2020-05-10,0,10
Donceel,2020-05-11,0,10
Donceel,2020-05-12,0,10
Donceel,2020-05-13,0,10
Donceel,2020-05-14,0,10
Donceel,2020-05-15,0,10
Donceel,2020-05-16,0,10
Donceel,2020-05-17,0,10
Donceel,2020-05-18,2,12
Donceel,2020-05-19,0,12
Donceel,2020-05-20,0,12
Donceel,2020-05-21,0,12
Donceel,2020-05-22,0,12
Donceel,2020-05-23,0,12
Donceel,2020-05-24,0,12
Donceel,2020-05-25,0,12
Donceel,2020-05-26,0,12
Donceel,2020-05-27,0,12
Donceel,2020-05-28,0,12
Donceel,2020-05-29,0,12
Donceel,2020-05-30,0,12
Donceel,2020-05-31,0,12
Donceel,2020-06-01,0,12
Donceel,2020-06-02,0,12
Donceel,2020-06-03,0,12
Donceel,2020-06-04,0,12
Donceel,2020-06-05,0,12
Donceel,2020-06-06,0,12
Donceel,2020-06-07,0,12
Donceel,2020-06-08,0,12
Donceel,2020-06-09,0,12
Donceel,2020-06-10,0,12
Donceel,2020-06-11,0,12
Donceel,2020-06-12,0,12
Donceel,2020-06-13,0,12
Donceel,2020-06-14,0,12
Donceel,2020-06-15,0,12
Donceel,2020-06-16,0,12
Donceel,2020-06-17,0,12
Donceel,2020-06-18,0,12
Donceel,2020-06-19,0,12
Donceel,2020-06-20,0,12
Donceel,2020-06-23,0,12
Donceel,2020-06-24,0,12
Donceel,2020-06-25,0,12
Donceel,2020-06-26,0,12
Donceel,2020-06-27,0,12
Donceel,2020-06-30,0,12
Donceel,2020-07-01,0,12
Donceel,2020-07-02,0,12
Donceel,2020-07-03,0,12
Donceel,2020-07-04,0,12
Donceel,2020-07-07,0,12
Donceel,2020-07-08,0,12
Donceel,2020-07-09,0,12
Donceel,2020-07-10,0,12
Donceel,2020-07-11,0,12
Donceel,2020-07-14,0,12
Donceel,2020-07-15,0,12
Donceel,2020-07-16,0,12
Donceel,2020-07-17,0,12
Donceel,2020-07-18,0,12
Donceel,2020-07-20,0,12
Donceel,2020-07-21,0,12
Donceel,2020-07-22,0,12
Donceel,2020-07-23,0,12
Donceel,2020-07-24,0,12
Donceel,2020-07-25,0,12
Donceel,2020-07-26,0,12
Donceel,2020-07-27,0,12
Donceel,2020-07-28,0,12
Donceel,2020-07-29,0,12
Donceel,2020-07-30,0,12
Donceel,2020-07-31,0,12
Fexhe-le-Haut-Clocher,2020-04-01,0,0
Fexhe-le-Haut-Clocher,2020-04-02,0,0
Fexhe-le-Haut-Clocher,2020-04-03,0,0
Fexhe-le-Haut-Clocher,2020-04-04,0,0
Fexhe-le-Haut-Clocher,2020-04-05,0,0
Fexhe-le-Haut-Clocher,2020-04-06,0,0
Fexhe-le-Haut-Clocher,2020-04-07,0,0
Fexhe-le-Haut-Clocher,2020-04-08,0,0
Fexhe-le-Haut-Clocher,2020-04-09,0,0
Fexhe-le-Haut-Clocher,2020-04-10,0,0
Fexhe-le-Haut-Clocher,2020-04-11,5,5
Fexhe-le-Haut-Clocher,2020-04-12,0,5
Fexhe-le-Haut-Clocher,2020-04-13,0,5
Fexhe-le-Haut-Clocher,2020-04-14,0,5
Fexhe-le-Haut-Clocher,2020-04-15,2,7
Fexhe-le-Haut-Clocher,2020-04-16,0,7
Fexhe-le-Haut-Clocher,2020-04-17,0,7
Fexhe-le-Haut-Clocher,2020-04-18,1,8
Fexhe-le-Haut-Clocher,2020-04-19,1,9
Fexhe-le-Haut-Clocher,2020-04-20,1,10
Fexhe-le-Haut-Clocher,2020-04-21,0,10
Fexhe-le-Haut-Clocher,2020-04-22,0,10
Fexhe-le-Haut-Clocher,2020-04-23,0,10
Fexhe-le-Haut-Clocher,2020-04-24,0,10
Fexhe-le-Haut-Clocher,2020-04-25,1,11
Fexhe-le-Haut-Clocher,2020-04-26,1,12
Fexhe-le-Haut-Clocher,2020-04-27,0,12
Fexhe-le-Haut-Clocher,2020-04-28,1,13
Fexhe-le-Haut-Clocher,2020-04-29,0,13
Fexhe-le-Haut-Clocher,2020-04-30,0,13
Fexhe-le-Haut-Clocher,2020-05-01,0,13
Fexhe-le-Haut-Clocher,2020-05-02,0,13
Fexhe-le-Haut-Clocher,2020-05-03,0,13
Fexhe-le-Haut-Clocher,2020-05-04,0,13
Fexhe-le-Haut-Clocher,2020-05-05,0,13
Fexhe-le-Haut-Clocher,2020-05-06,0,13
Fexhe-le-Haut-Clocher,2020-05-07,0,13
Fexhe-le-Haut-Clocher,2020-05-08,0,13
Fexhe-le-Haut-Clocher,2020-05-09,0,13
Fexhe-le-Haut-Clocher,2020-05-10,1,14
Fexhe-le-Haut-Clocher,2020-05-11,0,14
Fexhe-le-Haut-Clocher,2020-05-12,0,14
Fexhe-le-Haut-Clocher,2020-05-13,0,14
Fexhe-le-Haut-Clocher,2020-05-14,0,14
Fexhe-le-Haut-Clocher,2020-05-15,0,14
Fexhe-le-Haut-Clocher,2020-05-16,0,14
Fexhe-le-Haut-Clocher,2020-05-17,0,14
Fexhe-le-Haut-Clocher,2020-05-18,0,14
Fexhe-le-Haut-Clocher,2020-05-19,0,14
Fexhe-le-Haut-Clocher,2020-05-20,0,14
Fexhe-le-Haut-Clocher,2020-05-21,0,14
Fexhe-le-Haut-Clocher,2020-05-22,0,14
Fexhe-le-Haut-Clocher,2020-05-23,0,14
Fexhe-le-Haut-Clocher,2020-05-24,0,14
Fexhe-le-Haut-Clocher,2020-05-25,0,14
Fexhe-le-Haut-Clocher,2020-05-26,0,14
Fexhe-le-Haut-Clocher,2020-05-27,0,14
Fexhe-le-Haut-Clocher,2020-05-28,0,14
Fexhe-le-Haut-Clocher,2020-05-29,0,14
Fexhe-le-Haut-Clocher,2020-05-30,0,14
Fexhe-le-Haut-Clocher,2020-05-31,0,14
Fexhe-le-Haut-Clocher,2020-06-01,0,14
Fexhe-le-Haut-Clocher,2020-06-02,0,14
Fexhe-le-Haut-Clocher,2020-06-03,0,14
Fexhe-le-Haut-Clocher,2020-06-04,0,14
Fexhe-le-Haut-Clocher,2020-06-05,0,14
Fexhe-le-Haut-Clocher,2020-06-06,0,14
Fexhe-le-Haut-Clocher,2020-06-07,0,14
Fexhe-le-Haut-Clocher,2020-06-08,0,14
Fexhe-le-Haut-Clocher,2020-06-09,1,15
Fexhe-le-Haut-Clocher,2020-06-10,0,15
Fexhe-le-Haut-Clocher,2020-06-11,0,15
Fexhe-le-Haut-Clocher,2020-06-12,0,15
Fexhe-le-Haut-Clocher,2020-06-13,0,15
Fexhe-le-Haut-Clocher,2020-06-14,0,15
Fexhe-le-Haut-Clocher,2020-06-15,0,15
Fexhe-le-Haut-Clocher,2020-06-16,0,15
Fexhe-le-Haut-Clocher,2020-06-17,0,15
Fexhe-le-Haut-Clocher,2020-06-18,0,15
Fexhe-le-Haut-Clocher,2020-06-19,0,15
Fexhe-le-Haut-Clocher,2020-06-20,0,15
Fexhe-le-Haut-Clocher,2020-06-23,0,15
Fexhe-le-Haut-Clocher,2020-06-24,0,15
Fexhe-le-Haut-Clocher,2020-06-25,0,15
Fexhe-le-Haut-Clocher,2020-06-26,0,15
Fexhe-le-Haut-Clocher,2020-06-27,0,15
Fexhe-le-Haut-Clocher,2020-06-30,0,15
Fexhe-le-Haut-Clocher,2020-07-01,0,15
Fexhe-le-Haut-Clocher,2020-07-02,0,15
Fexhe-le-Haut-Clocher,2020-07-03,0,15
Fexhe-le-Haut-Clocher,2020-07-04,0,15
Fexhe-le-Haut-Clocher,2020-07-07,0,15
Fexhe-le-Haut-Clocher,2020-07-08,0,15
Fexhe-le-Haut-Clocher,2020-07-09,0,15
Fexhe-le-Haut-Clocher,2020-07-10,0,15
Fexhe-le-Haut-Clocher,2020-07-11,0,15
Fexhe-le-Haut-Clocher,2020-07-14,0,15
Fexhe-le-Haut-Clocher,2020-07-15,0,15
Fexhe-le-Haut-Clocher,2020-07-16,0,15
Fexhe-le-Haut-Clocher,2020-07-17,0,15
Fexhe-le-Haut-Clocher,2020-07-18,0,15
Fexhe-le-Haut-Clocher,2020-07-20,0,15
Fexhe-le-Haut-Clocher,2020-07-21,0,15
Fexhe-le-Haut-Clocher,2020-07-22,0,15
Fexhe-le-Haut-Clocher,2020-07-23,0,15
Fexhe-le-Haut-Clocher,2020-07-24,0,15
Fexhe-le-Haut-Clocher,2020-07-25,0,15
Fexhe-le-Haut-Clocher,2020-07-26,0,15
Fexhe-le-Haut-Clocher,2020-07-27,0,15
Fexhe-le-Haut-Clocher,2020-07-28,0,15
Fexhe-le-Haut-Clocher,2020-07-29,0,15
Fexhe-le-Haut-Clocher,2020-07-30,0,15
Fexhe-le-Haut-Clocher,2020-07-31,0,15
Geer,2020-04-01,0,0
Geer,2020-04-02,0,0
Geer,2020-04-03,0,0
Geer,2020-04-04,0,0
Geer,2020-04-05,0,0
Geer,2020-04-06,0,0
Geer,2020-04-07,5,5
Geer,2020-04-08,2,7
Geer,2020-04-09,0,7
Geer,2020-04-10,0,7
Geer,2020-04-11,1,8
Geer,2020-04-12,0,8
Geer,2020-04-13,0,8
Geer,2020-04-14,0,8
Geer,2020-04-15,1,9
Geer,2020-04-16,1,10
Geer,2020-04-17,2,12
Geer,2020-04-18,0,12
Geer,2020-04-19,0,12
Geer,2020-04-20,1,13
Geer,2020-04-21,0,13
Geer,2020-04-22,0,13
Geer,2020-04-23,0,13
Geer,2020-04-24,0,13
Geer,2020-04-25,0,13
Geer,2020-04-26,0,13
Geer,2020-04-27,0,13
Geer,2020-04-28,0,13
Geer,2020-04-29,0,13
Geer,2020-04-30,0,13
Geer,2020-05-01,0,13
Geer,2020-05-02,0,13
Geer,2020-05-03,0,13
Geer,2020-05-04,0,13
Geer,2020-05-05,0,13
Geer,2020-05-06,0,13
Geer,2020-05-07,0,13
Geer,2020-05-08,0,13
Geer,2020-05-09,1,14
Geer,2020-05-10,0,14
Geer,2020-05-11,0,14
Geer,2020-05-12,0,14
Geer,2020-05-13,0,14
Geer,2020-05-14,0,14
Geer,2020-05-15,0,14
Geer,2020-05-16,0,14
Geer,2020-05-17,0,14
Geer,2020-05-18,0,14
Geer,2020-05-19,0,14
Geer,2020-05-20,0,14
Geer,2020-05-21,0,14
Geer,2020-05-22,0,14
Geer,2020-05-23,0,14
Geer,2020-05-24,0,14
Geer,2020-05-25,0,14
Geer,2020-05-26,0,14
Geer,2020-05-27,0,14
Geer,2020-05-28,0,14
Geer,2020-05-29,0,14
Geer,2020-05-30,0,14
Geer,2020-05-31,0,14
Geer,2020-06-01,0,14
Geer,2020-06-02,0,14
Geer,2020-06-03,0,14
Geer,2020-06-04,0,14
Geer,2020-06-05,0,14
Geer,2020-06-06,0,14
Geer,2020-06-07,0,14
Geer,2020-06-08,0,14
Geer,2020-06-09,0,14
Geer,2020-06-10,0,14
Geer,2020-06-11,0,14
Geer,2020-06-12,0,14
Geer,2020-06-13,0,14
Geer,2020-06-14,0,14
Geer,2020-06-15,0,14
Geer,2020-06-16,0,14
Geer,2020-06-17,0,14
Geer,2020-06-18,0,14
Geer,2020-06-19,0,14
Geer,2020-06-20,0,14
Geer,2020-06-23,0,14
Geer,2020-06-24,0,14
Geer,2020-06-25,0,14
Geer,2020-06-26,0,14
Geer,2020-06-27,0,14
Geer,2020-06-30,0,14
Geer,2020-07-01,0,14
Geer,2020-07-02,0,14
Geer,2020-07-03,0,14
Geer,2020-07-04,0,14
Geer,2020-07-07,0,14
Geer,2020-07-08,0,14
Geer,2020-07-09,0,14
Geer,2020-07-10,0,14
Geer,2020-07-11,0,14
Geer,2020-07-14,0,14
Geer,2020-07-15,0,14
Geer,2020-07-16,0,14
Geer,2020-07-17,1,15
Geer,2020-07-18,0,15
Geer,2020-07-20,0,15
Geer,2020-07-21,0,15
Geer,2020-07-22,1,16
Geer,2020-07-23,0,16
Geer,2020-07-24,0,16
Geer,2020-07-25,0,16
Geer,2020-07-26,0,16
Geer,2020-07-27,0,16
Geer,2020-07-28,1,17
Geer,2020-07-29,0,17
Geer,2020-07-30,0,17
Geer,2020-07-31,0,17
Hannuit,2020-04-01,0,13
Hannuit,2020-04-02,1,14
Hannuit,2020-04-03,0,14
Hannuit,2020-04-04,1,15
Hannuit,2020-04-05,0,15
Hannuit,2020-04-06,1,16
Hannuit,2020-04-07,6,22
Hannuit,2020-04-08,0,22
Hannuit,2020-04-09,1,23
Hannuit,2020-04-10,1,24
Hannuit,2020-04-11,2,26
Hannuit,2020-04-12,0,26
Hannuit,2020-04-13,1,27
Hannuit,2020-04-14,0,27
Hannuit,2020-04-15,3,30
Hannuit,2020-04-16,1,31
Hannuit,2020-04-17,0,31
Hannuit,2020-04-18,1,32
Hannuit,2020-04-19,0,32
Hannuit,2020-04-20,1,33
Hannuit,2020-04-21,0,33
Hannuit,2020-04-22,0,33
Hannuit,2020-04-23,3,36
Hannuit,2020-04-24,0,36
Hannuit,2020-04-25,-1,35
Hannuit,2020-04-26,1,36
Hannuit,2020-04-27,0,36
Hannuit,2020-04-28,2,38
Hannuit,2020-04-29,0,38
Hannuit,2020-04-30,0,38
Hannuit,2020-05-01,0,38
Hannuit,2020-05-02,0,38
Hannuit,2020-05-03,0,38
Hannuit,2020-05-04,0,38
Hannuit,2020-05-05,1,39
Hannuit,2020-05-06,0,39
Hannuit,2020-05-07,0,39
Hannuit,2020-05-08,0,39
Hannuit,2020-05-09,0,39
Hannuit,2020-05-10,0,39
Hannuit,2020-05-11,0,39
Hannuit,2020-05-12,2,41
Hannuit,2020-05-13,0,41
Hannuit,2020-05-14,0,41
Hannuit,2020-05-15,1,42
Hannuit,2020-05-16,2,44
Hannuit,2020-05-17,0,44
Hannuit,2020-05-18,0,44
Hannuit,2020-05-19,0,44
Hannuit,2020-05-20,0,44
Hannuit,2020-05-21,0,44
Hannuit,2020-05-22,0,44
Hannuit,2020-05-23,0,44
Hannuit,2020-05-24,1,45
Hannuit,2020-05-25,0,45
Hannuit,2020-05-26,0,45
Hannuit,2020-05-27,0,45
Hannuit,2020-05-28,0,45
Hannuit,2020-05-29,0,45
Hannuit,2020-05-30,0,45
Hannuit,2020-05-31,0,45
Hannuit,2020-06-01,0,45
Hannuit,2020-06-02,0,45
Hannuit,2020-06-03,0,45
Hannuit,2020-06-04,0,45
Hannuit,2020-06-05,0,45
Hannuit,2020-06-06,0,45
Hannuit,2020-06-07,0,45
Hannuit,2020-06-08,0,45
Hannuit,2020-06-09,0,45
Hannuit,2020-06-10,0,45
Hannuit,2020-06-11,1,46
Hannuit,2020-06-12,0,46
Hannuit,2020-06-13,0,46
Hannuit,2020-06-14,1,47
Hannuit,2020-06-15,0,47
Hannuit,2020-06-16,1,48
Hannuit,2020-06-17,0,48
Hannuit,2020-06-18,0,48
Hannuit,2020-06-19,0,48
Hannuit,2020-06-20,0,48
Hannuit,2020-06-23,0,48
Hannuit,2020-06-24,0,48
Hannuit,2020-06-25,0,48
Hannuit,2020-06-26,0,48
Hannuit,2020-06-27,0,48
Hannuit,2020-06-30,0,48
Hannuit,2020-07-01,0,48
Hannuit,2020-07-02,0,48
Hannuit,2020-07-03,0,48
Hannuit,2020-07-04,0,48
Hannuit,2020-07-07,0,48
Hannuit,2020-07-08,0,48
Hannuit,2020-07-09,0,48
Hannuit,2020-07-10,0,48
Hannuit,2020-07-11,0,48
Hannuit,2020-07-14,0,48
Hannuit,2020-07-15,0,48
Hannuit,2020-07-16,0,48
Hannuit,2020-07-17,1,49
Hannuit,2020-07-18,0,49
Hannuit,2020-07-20,4,53
Hannuit,2020-07-21,2,55
Hannuit,2020-07-22,1,56
Hannuit,2020-07-23,1,57
Hannuit,2020-07-24,2,59
Hannuit,2020-07-25,0,59
Hannuit,2020-07-26,0,59
Hannuit,2020-07-27,0,59
Hannuit,2020-07-28,0,59
Hannuit,2020-07-29,0,59
Hannuit,2020-07-30,0,59
Hannuit,2020-07-31,0,59
Lijsem,2020-04-01,0,5
Lijsem,2020-04-02,0,5
Lijsem,2020-04-03,1,6
Lijsem,2020-04-04,1,7
Lijsem,2020-04-05,0,7
Lijsem,2020-04-06,0,7
Lijsem,2020-04-07,0,7
Lijsem,2020-04-08,1,8
Lijsem,2020-04-09,0,8
Lijsem,2020-04-10,0,8
Lijsem,2020-04-11,1,9
Lijsem,2020-04-12,1,10
Lijsem,2020-04-13,0,10
Lijsem,2020-04-14,0,10
Lijsem,2020-04-15,1,11
Lijsem,2020-04-16,0,11
Lijsem,2020-04-17,0,11
Lijsem,2020-04-18,0,11
Lijsem,2020-04-19,1,12
Lijsem,2020-04-20,0,12
Lijsem,2020-04-21,12,24
Lijsem,2020-04-22,0,24
Lijsem,2020-04-23,1,25
Lijsem,2020-04-24,0,25
Lijsem,2020-04-25,0,25
Lijsem,2020-04-26,1,26
Lijsem,2020-04-27,0,26
Lijsem,2020-04-28,0,26
Lijsem,2020-04-29,0,26
Lijsem,2020-04-30,0,26
Lijsem,2020-05-01,0,26
Lijsem,2020-05-02,0,26
Lijsem,2020-05-03,0,26
Lijsem,2020-05-04,0,26
Lijsem,2020-05-05,0,26
Lijsem,2020-05-06,0,26
Lijsem,2020-05-07,1,27
Lijsem,2020-05-08,0,27
Lijsem,2020-05-09,0,27
Lijsem,2020-05-10,0,27
Lijsem,2020-05-11,0,27
Lijsem,2020-05-12,0,27
Lijsem,2020-05-13,0,27
Lijsem,2020-05-14,0,27
Lijsem,2020-05-15,0,27
Lijsem,2020-05-16,0,27
Lijsem,2020-05-17,0,27
Lijsem,2020-05-18,0,27
Lijsem,2020-05-19,0,27
Lijsem,2020-05-20,0,27
Lijsem,2020-05-21,0,27
Lijsem,2020-05-22,0,27
Lijsem,2020-05-23,0,27
Lijsem,2020-05-24,0,27
Lijsem,2020-05-25,0,27
Lijsem,2020-05-26,0,27
Lijsem,2020-05-27,0,27
Lijsem,2020-05-28,0,27
Lijsem,2020-05-29,0,27
Lijsem,2020-05-30,0,27
Lijsem,2020-05-31,0,27
Lijsem,2020-06-01,0,27
Lijsem,2020-06-02,0,27
Lijsem,2020-06-03,0,27
Lijsem,2020-06-04,0,27
Lijsem,2020-06-05,0,27
Lijsem,2020-06-06,0,27
Lijsem,2020-06-07,0,27
Lijsem,2020-06-08,0,27
Lijsem,2020-06-09,0,27
Lijsem,2020-06-10,0,27
Lijsem,2020-06-11,0,27
Lijsem,2020-06-12,0,27
Lijsem,2020-06-13,0,27
Lijsem,2020-06-14,0,27
Lijsem,2020-06-15,0,27
Lijsem,2020-06-16,0,27
Lijsem,2020-06-17,0,27
Lijsem,2020-06-18,0,27
Lijsem,2020-06-19,0,27
Lijsem,2020-06-20,0,27
Lijsem,2020-06-23,0,27
Lijsem,2020-06-24,0,27
Lijsem,2020-06-25,0,27
Lijsem,2020-06-26,0,27
Lijsem,2020-06-27,0,27
Lijsem,2020-06-30,0,27
Lijsem,2020-07-01,1,28
Lijsem,2020-07-02,0,28
Lijsem,2020-07-03,0,28
Lijsem,2020-07-04,0,28
Lijsem,2020-07-07,0,28
Lijsem,2020-07-08,0,28
Lijsem,2020-07-09,0,28
Lijsem,2020-07-10,0,28
Lijsem,2020-07-11,0,28
Lijsem,2020-07-14,0,28
Lijsem,2020-07-15,0,28
Lijsem,2020-07-16,0,28
Lijsem,2020-07-17,0,28
Lijsem,2020-07-18,0,28
Lijsem,2020-07-20,0,28
Lijsem,2020-07-21,1,29
Lijsem,2020-07-22,0,29
Lijsem,2020-07-23,0,29
Lijsem,2020-07-24,0,29
Lijsem,2020-07-25,0,29
Lijsem,2020-07-26,0,29
Lijsem,2020-07-27,0,29
Lijsem,2020-07-28,0,29
Lijsem,2020-07-29,0,29
Lijsem,2020-07-30,0,29
Lijsem,2020-07-31,0,29
Oerle,2020-04-01,0,5
Oerle,2020-04-02,0,5
Oerle,2020-04-03,0,5
Oerle,2020-04-04,0,5
Oerle,2020-04-05,0,5
Oerle,2020-04-06,0,5
Oerle,2020-04-07,0,5
Oerle,2020-04-08,0,5
Oerle,2020-04-09,0,5
Oerle,2020-04-10,0,5
Oerle,2020-04-11,1,6
Oerle,2020-04-12,0,6
Oerle,2020-04-13,0,6
Oerle,2020-04-14,0,6
Oerle,2020-04-15,0,6
Oerle,2020-04-16,2,8
Oerle,2020-04-17,3,11
Oerle,2020-04-18,0,11
Oerle,2020-04-19,0,11
Oerle,2020-04-20,0,11
Oerle,2020-04-21,0,11
Oerle,2020-04-22,0,11
Oerle,2020-04-23,0,11
Oerle,2020-04-24,0,11
Oerle,2020-04-25,0,11
Oerle,2020-04-26,3,14
Oerle,2020-04-27,0,14
Oerle,2020-04-28,0,14
Oerle,2020-04-29,0,14
Oerle,2020-04-30,0,14
Oerle,2020-05-01,0,14
Oerle,2020-05-02,0,14
Oerle,2020-05-03,0,14
Oerle,2020-05-04,0,14
Oerle,2020-05-05,0,14
Oerle,2020-05-06,0,14
Oerle,2020-05-07,0,14
Oerle,2020-05-08,0,14
Oerle,2020-05-09,0,14
Oerle,2020-05-10,0,14
Oerle,2020-05-11,0,14
Oerle,2020-05-12,0,14
Oerle,2020-05-13,0,14
Oerle,2020-05-14,0,14
Oerle,2020-05-15,0,14
Oerle,2020-05-16,1,15
Oerle,2020-05-17,0,15
Oerle,2020-05-18,0,15
Oerle,2020-05-19,0,15
Oerle,2020-05-20,0,15
Oerle,2020-05-21,0,15
Oerle,2020-05-22,0,15
Oerle,2020-05-23,0,15
Oerle,2020-05-24,0,15
Oerle,2020-05-25,0,15
Oerle,2020-05-26,0,15
Oerle,2020-05-27,0,15
Oerle,2020-05-28,0,15
Oerle,2020-05-29,0,15
Oerle,2020-05-30,0,15
Oerle,2020-05-31,0,15
Oerle,2020-06-01,0,15
Oerle,2020-06-02,0,15
Oerle,2020-06-03,0,15
Oerle,2020-06-04,0,15
Oerle,2020-06-05,0,15
Oerle,2020-06-06,0,15
Oerle,2020-06-07,0,15
Oerle,2020-06-08,0,15
Oerle,2020-06-09,0,15
Oerle,2020-06-10,0,15
Oerle,2020-06-11,0,15
Oerle,2020-06-12,0,15
Oerle,2020-06-13,0,15
Oerle,2020-06-14,0,15
Oerle,2020-06-15,0,15
Oerle,2020-06-16,0,15
Oerle,2020-06-17,0,15
Oerle,2020-06-18,0,15
Oerle,2020-06-19,0,15
Oerle,2020-06-20,0,15
Oerle,2020-06-23,0,15
Oerle,2020-06-24,0,15
Oerle,2020-06-25,0,15
Oerle,2020-06-26,0,15
Oerle,2020-06-27,0,15
Oerle,2020-06-30,0,15
Oerle,2020-07-01,0,15
Oerle,2020-07-02,0,15
Oerle,2020-07-03,0,15
Oerle,2020-07-04,0,15
Oerle,2020-07-07,0,15
Oerle,2020-07-08,0,15
Oerle,2020-07-09,0,15
Oerle,2020-07-10,0,15
Oerle,2020-07-11,0,15
Oerle,2020-07-14,0,15
Oerle,2020-07-15,0,15
Oerle,2020-07-16,0,15
Oerle,2020-07-17,0,15
Oerle,2020-07-18,0,15
Oerle,2020-07-20,0,15
Oerle,2020-07-21,0,15
Oerle,2020-07-22,0,15
Oerle,2020-07-23,0,15
Oerle,2020-07-24,0,15
Oerle,2020-07-25,0,15
Oerle,2020-07-26,0,15
Oerle,2020-07-27,0,15
Oerle,2020-07-28,0,15
Oerle,2020-07-29,0,15
Oerle,2020-07-30,0,15
Oerle,2020-07-31,0,15
Remicourt,2020-04-01,0,9
Remicourt,2020-04-02,0,9
Remicourt,2020-04-03,0,9
Remicourt,2020-04-04,3,12
Remicourt,2020-04-05,0,12
Remicourt,2020-04-06,0,12
Remicourt,2020-04-07,3,15
Remicourt,2020-04-08,1,16
Remicourt,2020-04-09,1,17
Remicourt,2020-04-10,0,17
Remicourt,2020-04-11,3,20
Remicourt,2020-04-12,1,21
Remicourt,2020-04-13,0,21
Remicourt,2020-04-14,0,21
Remicourt,2020-04-15,0,21
Remicourt,2020-04-16,0,21
Remicourt,2020-04-17,1,22
Remicourt,2020-04-18,0,22
Remicourt,2020-04-19,0,22
Remicourt,2020-04-20,2,24
Remicourt,2020-04-21,3,27
Remicourt,2020-04-22,0,27
Remicourt,2020-04-23,4,31
Remicourt,2020-04-24,1,32
Remicourt,2020-04-25,9,41
Remicourt,2020-04-26,2,43
Remicourt,2020-04-27,0,43
Remicourt,2020-04-28,0,43
Remicourt,2020-04-29,0,43
Remicourt,2020-04-30,0,43
Remicourt,2020-05-01,1,44
Remicourt,2020-05-02,0,44
Remicourt,2020-05-03,0,44
Remicourt,2020-05-04,0,44
Remicourt,2020-05-05,0,44
Remicourt,2020-05-06,0,44
Remicourt,2020-05-07,0,44
Remicourt,2020-05-08,0,44
Remicourt,2020-05-09,0,44
Remicourt,2020-05-10,0,44
Remicourt,2020-05-11,0,44
Remicourt,2020-05-12,1,45
Remicourt,2020-05-13,0,45
Remicourt,2020-05-14,1,46
Remicourt,2020-05-15,0,46
Remicourt,2020-05-16,0,46
Remicourt,2020-05-17,0,46
Remicourt,2020-05-18,1,47
Remicourt,2020-05-19,0,47
Remicourt,2020-05-20,0,47
Remicourt,2020-05-21,0,47
Remicourt,2020-05-22,0,47
Remicourt,2020-05-23,0,47
Remicourt,2020-05-24,0,47
Remicourt,2020-05-25,0,47
Remicourt,2020-05-26,0,47
Remicourt,2020-05-27,0,47
Remicourt,2020-05-28,0,47
Remicourt,2020-05-29,0,47
Remicourt,2020-05-30,0,47
Remicourt,2020-05-31,0,47
Remicourt,2020-06-01,0,47
Remicourt,2020-06-02,0,47
Remicourt,2020-06-03,0,47
Remicourt,2020-06-04,0,47
Remicourt,2020-06-05,0,47
Remicourt,2020-06-06,0,47
Remicourt,2020-06-07,0,47
Remicourt,2020-06-08,0,47
Remicourt,2020-06-09,0,47
Remicourt,2020-06-10,0,47
Remicourt,2020-06-11,0,47
Remicourt,2020-06-12,0,47
Remicourt,2020-06-13,0,47
Remicourt,2020-06-14,0,47
Remicourt,2020-06-15,0,47
Remicourt,2020-06-16,0,47
Remicourt,2020-06-17,1,48
Remicourt,2020-06-18,0,48
Remicourt,2020-06-19,0,48
Remicourt,2020-06-20,0,48
Remicourt,2020-06-23,0,48
Remicourt,2020-06-24,0,48
Remicourt,2020-06-25,0,48
Remicourt,2020-06-26,0,48
Remicourt,2020-06-27,0,48
Remicourt,2020-06-30,0,48
Remicourt,2020-07-01,0,48
Remicourt,2020-07-02,0,48
Remicourt,2020-07-03,0,48
Remicourt,2020-07-04,0,48
Remicourt,2020-07-07,0,48
Remicourt,2020-07-08,0,48
Remicourt,2020-07-09,0,48
Remicourt,2020-07-10,0,48
Remicourt,2020-07-11,0,48
Remicourt,2020-07-14,0,48
Remicourt,2020-07-15,0,48
Remicourt,2020-07-16,0,48
Remicourt,2020-07-17,0,48
Remicourt,2020-07-18,0,48
Remicourt,2020-07-20,0,48
Remicourt,2020-07-21,0,48
Remicourt,2020-07-22,0,48
Remicourt,2020-07-23,0,48
Remicourt,2020-07-24,0,48
Remicourt,2020-07-25,0,48
Remicourt,2020-07-26,0,48
Remicourt,2020-07-27,0,48
Remicourt,2020-07-28,0,48
Remicourt,2020-07-29,0,48
Remicourt,2020-07-30,0,48
Remicourt,2020-07-31,0,48
Saint-Georges-sur-Meuse,2020-04-01,0,6
Saint-Georges-sur-Meuse,2020-04-02,0,6
Saint-Georges-sur-Meuse,2020-04-03,0,6
Saint-Georges-sur-Meuse,2020-04-04,2,8
Saint-Georges-sur-Meuse,2020-04-05,1,9
Saint-Georges-sur-Meuse,2020-04-06,0,9
Saint-Georges-sur-Meuse,2020-04-07,0,9
Saint-Georges-sur-Meuse,2020-04-08,0,9
Saint-Georges-sur-Meuse,2020-04-09,0,9
Saint-Georges-sur-Meuse,2020-04-10,0,9
Saint-Georges-sur-Meuse,2020-04-11,0,9
Saint-Georges-sur-Meuse,2020-04-12,0,9
Saint-Georges-sur-Meuse,2020-04-13,0,9
Saint-Georges-sur-Meuse,2020-04-14,0,9
Saint-Georges-sur-Meuse,2020-04-15,2,11
Saint-Georges-sur-Meuse,2020-04-16,1,12
Saint-Georges-sur-Meuse,2020-04-17,0,12
Saint-Georges-sur-Meuse,2020-04-18,0,12
Saint-Georges-sur-Meuse,2020-04-19,1,13
Saint-Georges-sur-Meuse,2020-04-20,0,13
Saint-Georges-sur-Meuse,2020-04-21,0,13
Saint-Georges-sur-Meuse,2020-04-22,0,13
Saint-Georges-sur-Meuse,2020-04-23,0,13
Saint-Georges-sur-Meuse,2020-04-24,1,14
Saint-Georges-sur-Meuse,2020-04-25,1,15
Saint-Georges-sur-Meuse,2020-04-26,0,15
Saint-Georges-sur-Meuse,2020-04-27,0,15
Saint-Georges-sur-Meuse,2020-04-28,0,15
Saint-Georges-sur-Meuse,2020-04-29,0,15
Saint-Georges-sur-Meuse,2020-04-30,0,15
Saint-Georges-sur-Meuse,2020-05-01,0,15
Saint-Georges-sur-Meuse,2020-05-02,0,15
Saint-Georges-sur-Meuse,2020-05-03,0,15
Saint-Georges-sur-Meuse,2020-05-04,0,15
Saint-Georges-sur-Meuse,2020-05-05,1,16
Saint-Georges-sur-Meuse,2020-05-06,0,16
Saint-Georges-sur-Meuse,2020-05-07,0,16
Saint-Georges-sur-Meuse,2020-05-08,0,16
Saint-Georges-sur-Meuse,2020-05-09,0,16
Saint-Georges-sur-Meuse,2020-05-10,0,16
Saint-Georges-sur-Meuse,2020-05-11,0,16
Saint-Georges-sur-Meuse,2020-05-12,1,17
Saint-Georges-sur-Meuse,2020-05-13,-1,16
Saint-Georges-sur-Meuse,2020-05-14,1,17
Saint-Georges-sur-Meuse,2020-05-15,0,17
Saint-Georges-sur-Meuse,2020-05-16,0,17
Saint-Georges-sur-Meuse,2020-05-17,1,18
Saint-Georges-sur-Meuse,2020-05-18,0,18
Saint-Georges-sur-Meuse,2020-05-19,0,18
Saint-Georges-sur-Meuse,2020-05-20,0,18
Saint-Georges-sur-Meuse,2020-05-21,0,18
Saint-Georges-sur-Meuse,2020-05-22,0,18
Saint-Georges-sur-Meuse,2020-05-23,0,18
Saint-Georges-sur-Meuse,2020-05-24,0,18
Saint-Georges-sur-Meuse,2020-05-25,0,18
Saint-Georges-sur-Meuse,2020-05-26,0,18
Saint-Georges-sur-Meuse,2020-05-27,0,18
Saint-Georges-sur-Meuse,2020-05-28,0,18
Saint-Georges-sur-Meuse,2020-05-29,0,18
Saint-Georges-sur-Meuse,2020-05-30,0,18
Saint-Georges-sur-Meuse,2020-05-31,0,18
Saint-Georges-sur-Meuse,2020-06-01,0,18
Saint-Georges-sur-Meuse,2020-06-02,0,18
Saint-Georges-sur-Meuse,2020-06-03,0,18
Saint-Georges-sur-Meuse,2020-06-04,0,18
Saint-Georges-sur-Meuse,2020-06-05,0,18
Saint-Georges-sur-Meuse,2020-06-06,0,18
Saint-Georges-sur-Meuse,2020-06-07,0,18
Saint-Georges-sur-Meuse,2020-06-08,0,18
Saint-Georges-sur-Meuse,2020-06-09,0,18
Saint-Georges-sur-Meuse,2020-06-10,0,18
Saint-Georges-sur-Meuse,2020-06-11,0,18
Saint-Georges-sur-Meuse,2020-06-12,0,18
Saint-Georges-sur-Meuse,2020-06-13,0,18
Saint-Georges-sur-Meuse,2020-06-14,0,18
Saint-Georges-sur-Meuse,2020-06-15,0,18
Saint-Georges-sur-Meuse,2020-06-16,0,18
Saint-Georges-sur-Meuse,2020-06-17,0,18
Saint-Georges-sur-Meuse,2020-06-18,0,18
Saint-Georges-sur-Meuse,2020-06-19,0,18
Saint-Georges-sur-Meuse,2020-06-20,0,18
Saint-Georges-sur-Meuse,2020-06-23,0,18
Saint-Georges-sur-Meuse,2020-06-24,0,18
Saint-Georges-sur-Meuse,2020-06-25,0,18
Saint-Georges-sur-Meuse,2020-06-26,0,18
Saint-Georges-sur-Meuse,2020-06-27,0,18
Saint-Georges-sur-Meuse,2020-06-30,0,18
Saint-Georges-sur-Meuse,2020-07-01,0,18
Saint-Georges-sur-Meuse,2020-07-02,0,18
Saint-Georges-sur-Meuse,2020-07-03,0,18
Saint-Georges-sur-Meuse,2020-07-04,0,18
Saint-Georges-sur-Meuse,2020-07-07,0,18
Saint-Georges-sur-Meuse,2020-07-08,0,18
Saint-Georges-sur-Meuse,2020-07-09,0,18
Saint-Georges-sur-Meuse,2020-07-10,0,18
Saint-Georges-sur-Meuse,2020-07-11,0,18
Saint-Georges-sur-Meuse,2020-07-14,0,18
Saint-Georges-sur-Meuse,2020-07-15,0,18
Saint-Georges-sur-Meuse,2020-07-16,0,18
Saint-Georges-sur-Meuse,2020-07-17,0,18
Saint-Georges-sur-Meuse,2020-07-18,0,18
Saint-Georges-sur-Meuse,2020-07-20,0,18
Saint-Georges-sur-Meuse,2020-07-21,0,18
Saint-Georges-sur-Meuse,2020-07-22,0,18
Saint-Georges-sur-Meuse,2020-07-23,0,18
Saint-Georges-sur-Meuse,2020-07-24,0,18
Saint-Georges-sur-Meuse,2020-07-25,0,18
Saint-Georges-sur-Meuse,2020-07-26,0,18
Saint-Georges-sur-Meuse,2020-07-27,0,18
Saint-Georges-sur-Meuse,2020-07-28,0,18
Saint-Georges-sur-Meuse,2020-07-29,0,18
Saint-Georges-sur-Meuse,2020-07-30,0,18
Saint-Georges-sur-Meuse,2020-07-31,0,18
Borgworm,2020-04-01,2,12
Borgworm,2020-04-02,0,12
Borgworm,2020-04-03,2,14
Borgworm,2020-04-04,3,17
Borgworm,2020-04-05,0,17
Borgworm,2020-04-06,1,18
Borgworm,2020-04-07,2,20
Borgworm,2020-04-08,1,21
Borgworm,2020-04-09,2,23
Borgworm,2020-04-10,0,23
Borgworm,2020-04-11,5,28
Borgworm,2020-04-12,0,28
Borgworm,2020-04-13,2,30
Borgworm,2020-04-14,0,30
Borgworm,2020-04-15,3,33
Borgworm,2020-04-16,1,34
Borgworm,2020-04-17,3,37
Borgworm,2020-04-18,2,39
Borgworm,2020-04-19,0,39
Borgworm,2020-04-20,2,41
Borgworm,2020-04-21,2,43
Borgworm,2020-04-22,0,43
Borgworm,2020-04-23,1,44
Borgworm,2020-04-24,1,45
Borgworm,2020-04-25,0,45
Borgworm,2020-04-26,2,47
Borgworm,2020-04-27,0,47
Borgworm,2020-04-28,0,47
Borgworm,2020-04-29,0,47
Borgworm,2020-04-30,0,47
Borgworm,2020-05-01,0,47
Borgworm,2020-05-02,0,47
Borgworm,2020-05-03,0,47
Borgworm,2020-05-04,0,47
Borgworm,2020-05-05,1,48
Borgworm,2020-05-06,0,48
Borgworm,2020-05-07,1,49
Borgworm,2020-05-08,1,50
Borgworm,2020-05-09,0,50
Borgworm,2020-05-10,0,50
Borgworm,2020-05-11,1,51
Borgworm,2020-05-12,0,51
Borgworm,2020-05-13,0,51
Borgworm,2020-05-14,0,51
Borgworm,2020-05-15,0,51
Borgworm,2020-05-16,0,51
Borgworm,2020-05-17,1,52
Borgworm,2020-05-18,2,54
Borgworm,2020-05-19,0,54
Borgworm,2020-05-20,0,54
Borgworm,2020-05-21,0,54
Borgworm,2020-05-22,0,54
Borgworm,2020-05-23,0,54
Borgworm,2020-05-24,0,54
Borgworm,2020-05-25,0,54
Borgworm,2020-05-26,0,54
Borgworm,2020-05-27,0,54
Borgworm,2020-05-28,0,54
Borgworm,2020-05-29,0,54
Borgworm,2020-05-30,0,54
Borgworm,2020-05-31,0,54
Borgworm,2020-06-01,0,54
Borgworm,2020-06-02,0,54
Borgworm,2020-06-03,0,54
Borgworm,2020-06-04,0,54
Borgworm,2020-06-05,0,54
Borgworm,2020-06-06,0,54
Borgworm,2020-06-07,0,54
Borgworm,2020-06-08,0,54
Borgworm,2020-06-09,0,54
Borgworm,2020-06-10,1,55
Borgworm,2020-06-11,0,55
Borgworm,2020-06-12,0,55
Borgworm,2020-06-13,0,55
Borgworm,2020-06-14,0,55
Borgworm,2020-06-15,0,55
Borgworm,2020-06-16,0,55
Borgworm,2020-06-17,0,55
Borgworm,2020-06-18,0,55
Borgworm,2020-06-19,1,56
Borgworm,2020-06-20,0,56
Borgworm,2020-06-23,0,56
Borgworm,2020-06-24,0,56
Borgworm,2020-06-25,0,56
Borgworm,2020-06-26,0,56
Borgworm,2020-06-27,0,56
Borgworm,2020-06-30,1,57
Borgworm,2020-07-01,0,57
Borgworm,2020-07-02,0,57
Borgworm,2020-07-03,0,57
Borgworm,2020-07-04,0,57
Borgworm,2020-07-07,0,57
Borgworm,2020-07-08,0,57
Borgworm,2020-07-09,0,57
Borgworm,2020-07-10,0,57
Borgworm,2020-07-11,0,57
Borgworm,2020-07-14,0,57
Borgworm,2020-07-15,0,57
Borgworm,2020-07-16,0,57
Borgworm,2020-07-17,0,57
Borgworm,2020-07-18,0,57
Borgworm,2020-07-20,0,57
Borgworm,2020-07-21,0,57
Borgworm,2020-07-22,0,57
Borgworm,2020-07-23,0,57
Borgworm,2020-07-24,0,57
Borgworm,2020-07-25,0,57
Borgworm,2020-07-26,0,57
Borgworm,2020-07-27,0,57
Borgworm,2020-07-28,0,57
Borgworm,2020-07-29,0,57
Borgworm,2020-07-30,0,57
Borgworm,2020-07-31,0,57
Wasseiges,2020-04-01,0,0
Wasseiges,2020-04-02,0,0
Wasseiges,2020-04-03,0,0
Wasseiges,2020-04-04,0,0
Wasseiges,2020-04-05,0,0
Wasseiges,2020-04-06,0,0
Wasseiges,2020-04-07,0,0
Wasseiges,2020-04-08,0,0
Wasseiges,2020-04-09,0,0
Wasseiges,2020-04-10,0,0
Wasseiges,2020-04-11,0,0
Wasseiges,2020-04-12,0,0
Wasseiges,2020-04-13,0,0
Wasseiges,2020-04-14,0,0
Wasseiges,2020-04-15,0,0
Wasseiges,2020-04-16,5,5
Wasseiges,2020-04-17,0,5
Wasseiges,2020-04-18,0,5
Wasseiges,2020-04-19,0,5
Wasseiges,2020-04-20,0,5
Wasseiges,2020-04-21,0,5
Wasseiges,2020-04-22,0,5
Wasseiges,2020-04-23,1,6
Wasseiges,2020-04-24,0,6
Wasseiges,2020-04-25,-1,5
Wasseiges,2020-04-26,0,5
Wasseiges,2020-04-27,0,5
Wasseiges,2020-04-28,0,5
Wasseiges,2020-04-29,0,5
Wasseiges,2020-04-30,0,5
Wasseiges,2020-05-01,0,5
Wasseiges,2020-05-02,0,5
Wasseiges,2020-05-03,0,5
Wasseiges,2020-05-04,0,5
Wasseiges,2020-05-05,0,5
Wasseiges,2020-05-06,0,5
Wasseiges,2020-05-07,0,5
Wasseiges,2020-05-08,0,5
Wasseiges,2020-05-09,0,5
Wasseiges,2020-05-10,0,5
Wasseiges,2020-05-11,0,5
Wasseiges,2020-05-12,0,5
Wasseiges,2020-05-13,0,5
Wasseiges,2020-05-14,0,5
Wasseiges,2020-05-15,0,5
Wasseiges,2020-05-16,0,5
Wasseiges,2020-05-17,0,5
Wasseiges,2020-05-18,0,5
Wasseiges,2020-05-19,0,5
Wasseiges,2020-05-20,0,5
Wasseiges,2020-05-21,0,5
Wasseiges,2020-05-22,0,5
Wasseiges,2020-05-23,0,5
Wasseiges,2020-05-24,0,5
Wasseiges,2020-05-25,0,5
Wasseiges,2020-05-26,0,5
Wasseiges,2020-05-27,0,5
Wasseiges,2020-05-28,0,5
Wasseiges,2020-05-29,0,5
Wasseiges,2020-05-30,0,5
Wasseiges,2020-05-31,0,5
Wasseiges,2020-06-01,0,5
Wasseiges,2020-06-02,0,5
Wasseiges,2020-06-03,0,5
Wasseiges,2020-06-04,0,5
Wasseiges,2020-06-05,0,5
Wasseiges,2020-06-06,0,5
Wasseiges,2020-06-07,0,5
Wasseiges,2020-06-08,0,5
Wasseiges,2020-06-09,0,5
Wasseiges,2020-06-10,0,5
Wasseiges,2020-06-11,0,5
Wasseiges,2020-06-12,0,5
Wasseiges,2020-06-13,0,5
Wasseiges,2020-06-14,0,5
Wasseiges,2020-06-15,0,5
Wasseiges,2020-06-16,0,5
Wasseiges,2020-06-17,0,5
Wasseiges,2020-06-18,0,5
Wasseiges,2020-06-19,0,5
Wasseiges,2020-06-20,0,5
Wasseiges,2020-06-23,0,5
Wasseiges,2020-06-24,0,5
Wasseiges,2020-06-25,0,5
Wasseiges,2020-06-26,0,5
Wasseiges,2020-06-27,0,5
Wasseiges,2020-06-30,0,5
Wasseiges,2020-07-01,0,5
Wasseiges,2020-07-02,0,5
Wasseiges,2020-07-03,0,5
Wasseiges,2020-07-04,0,5
Wasseiges,2020-07-07,0,5
Wasseiges,2020-07-08,0,5
Wasseiges,2020-07-09,0,5
Wasseiges,2020-07-10,0,5
Wasseiges,2020-07-11,0,5
Wasseiges,2020-07-14,0,5
Wasseiges,2020-07-15,0,5
Wasseiges,2020-07-16,0,5
Wasseiges,2020-07-17,0,5
Wasseiges,2020-07-18,0,5
Wasseiges,2020-07-20,0,5
Wasseiges,2020-07-21,0,5
Wasseiges,2020-07-22,0,5
Wasseiges,2020-07-23,0,5
Wasseiges,2020-07-24,0,5
Wasseiges,2020-07-25,1,6
Wasseiges,2020-07-26,0,6
Wasseiges,2020-07-27,0,6
Wasseiges,2020-07-28,0,6
Wasseiges,2020-07-29,1,7
Wasseiges,2020-07-30,0,7
Wasseiges,2020-07-31,0,7
Faimes,2020-04-01,0,0
Faimes,2020-04-02,0,0
Faimes,2020-04-03,0,0
Faimes,2020-04-04,0,0
Faimes,2020-04-05,0,0
Faimes,2020-04-06,0,0
Faimes,2020-04-07,0,0
Faimes,2020-04-08,0,0
Faimes,2020-04-09,0,0
Faimes,2020-04-10,0,0
Faimes,2020-04-11,0,0
Faimes,2020-04-12,0,0
Faimes,2020-04-13,0,0
Faimes,2020-04-14,0,0
Faimes,2020-04-15,0,0
Faimes,2020-04-16,0,0
Faimes,2020-04-17,0,0
Faimes,2020-04-18,0,0
Faimes,2020-04-19,0,0
Faimes,2020-04-20,7,7
Faimes,2020-04-21,0,7
Faimes,2020-04-22,0,7
Faimes,2020-04-23,1,8
Faimes,2020-04-24,0,8
Faimes,2020-04-25,0,8
Faimes,2020-04-26,0,8
Faimes,2020-04-27,0,8
Faimes,2020-04-28,0,8
Faimes,2020-04-29,0,8
Faimes,2020-04-30,0,8
Faimes,2020-05-01,2,10
Faimes,2020-05-02,0,10
Faimes,2020-05-03,0,10
Faimes,2020-05-04,0,10
Faimes,2020-05-05,0,10
Faimes,2020-05-06,0,10
Faimes,2020-05-07,0,10
Faimes,2020-05-08,0,10
Faimes,2020-05-09,0,10
Faimes,2020-05-10,0,10
Faimes,2020-05-11,0,10
Faimes,2020-05-12,0,10
Faimes,2020-05-13,0,10
Faimes,2020-05-14,0,10
Faimes,2020-05-15,0,10
Faimes,2020-05-16,0,10
Faimes,2020-05-17,0,10
Faimes,2020-05-18,1,11
Faimes,2020-05-19,0,11
Faimes,2020-05-20,0,11
Faimes,2020-05-21,0,11
Faimes,2020-05-22,0,11
Faimes,2020-05-23,0,11
Faimes,2020-05-24,0,11
Faimes,2020-05-25,0,11
Faimes,2020-05-26,0,11
Faimes,2020-05-27,0,11
Faimes,2020-05-28,0,11
Faimes,2020-05-29,0,11
Faimes,2020-05-30,0,11
Faimes,2020-05-31,1,12
Faimes,2020-06-01,0,12
Faimes,2020-06-02,0,12
Faimes,2020-06-03,0,12
Faimes,2020-06-04,0,12
Faimes,2020-06-05,0,12
Faimes,2020-06-06,0,12
Faimes,2020-06-07,0,12
Faimes,2020-06-08,0,12
Faimes,2020-06-09,0,12
Faimes,2020-06-10,0,12
Faimes,2020-06-11,0,12
Faimes,2020-06-12,0,12
Faimes,2020-06-13,0,12
Faimes,2020-06-14,0,12
Faimes,2020-06-15,0,12
Faimes,2020-06-16,1,13
Faimes,2020-06-17,0,13
Faimes,2020-06-18,0,13
Faimes,2020-06-19,0,13
Faimes,2020-06-20,0,13
Faimes,2020-06-23,0,13
Faimes,2020-06-24,0,13
Faimes,2020-06-25,0,13
Faimes,2020-06-26,0,13
Faimes,2020-06-27,0,13
Faimes,2020-06-30,0,13
Faimes,2020-07-01,0,13
Faimes,2020-07-02,0,13
Faimes,2020-07-03,0,13
Faimes,2020-07-04,0,13
Faimes,2020-07-07,0,13
Faimes,2020-07-08,0,13
Faimes,2020-07-09,0,13
Faimes,2020-07-10,0,13
Faimes,2020-07-11,0,13
Faimes,2020-07-14,0,13
Faimes,2020-07-15,0,13
Faimes,2020-07-16,0,13
Faimes,2020-07-17,0,13
Faimes,2020-07-18,0,13
Faimes,2020-07-20,0,13
Faimes,2020-07-21,0,13
Faimes,2020-07-22,0,13
Faimes,2020-07-23,0,13
Faimes,2020-07-24,0,13
Faimes,2020-07-25,0,13
Faimes,2020-07-26,0,13
Faimes,2020-07-27,0,13
Faimes,2020-07-28,0,13
Faimes,2020-07-29,0,13
Faimes,2020-07-30,0,13
Faimes,2020-07-31,0,13
As,2020-04-01,1,11
As,2020-04-02,3,14
As,2020-04-03,1,15
As,2020-04-04,2,17
As,2020-04-05,0,17
As,2020-04-06,0,17
As,2020-04-07,0,17
As,2020-04-08,3,20
As,2020-04-09,1,21
As,2020-04-10,2,23
As,2020-04-11,1,24
As,2020-04-12,3,27
As,2020-04-13,2,29
As,2020-04-14,0,29
As,2020-04-15,0,29
As,2020-04-16,9,38
As,2020-04-17,1,39
As,2020-04-18,1,40
As,2020-04-19,0,40
As,2020-04-20,0,40
As,2020-04-21,0,40
As,2020-04-22,1,41
As,2020-04-23,1,42
As,2020-04-24,1,43
As,2020-04-25,0,43
As,2020-04-26,0,43
As,2020-04-27,1,44
As,2020-04-28,3,47
As,2020-04-29,6,53
As,2020-04-30,2,55
As,2020-05-01,3,58
As,2020-05-02,0,58
As,2020-05-03,1,59
As,2020-05-04,0,59
As,2020-05-05,0,59
As,2020-05-06,0,59
As,2020-05-07,0,59
As,2020-05-08,1,60
As,2020-05-09,1,61
As,2020-05-10,1,62
As,2020-05-11,0,62
As,2020-05-12,0,62
As,2020-05-13,0,62
As,2020-05-14,0,62
As,2020-05-15,0,62
As,2020-05-16,0,62
As,2020-05-17,0,62
As,2020-05-18,1,63
As,2020-05-19,0,63
As,2020-05-20,0,63
As,2020-05-21,0,63
As,2020-05-22,1,64
As,2020-05-23,0,64
As,2020-05-24,0,64
As,2020-05-25,0,64
As,2020-05-26,0,64
As,2020-05-27,0,64
As,2020-05-28,0,64
As,2020-05-29,0,64
As,2020-05-30,0,64
As,2020-05-31,1,65
As,2020-06-01,0,65
As,2020-06-02,0,65
As,2020-06-03,0,65
As,2020-06-04,0,65
As,2020-06-05,0,65
As,2020-06-06,0,65
As,2020-06-07,0,65
As,2020-06-08,1,66
As,2020-06-09,0,66
As,2020-06-10,0,66
As,2020-06-11,0,66
As,2020-06-12,1,67
As,2020-06-13,0,67
As,2020-06-14,0,67
As,2020-06-15,0,67
As,2020-06-16,0,67
As,2020-06-17,0,67
As,2020-06-18,0,67
As,2020-06-19,0,67
As,2020-06-20,0,67
As,2020-06-23,1,68
As,2020-06-24,0,68
As,2020-06-25,0,68
As,2020-06-26,0,68
As,2020-06-27,0,68
As,2020-06-30,0,68
As,2020-07-01,0,68
As,2020-07-02,0,68
As,2020-07-03,0,68
As,2020-07-04,0,68
As,2020-07-07,0,68
As,2020-07-08,0,68
As,2020-07-09,0,68
As,2020-07-10,0,68
As,2020-07-11,1,69
As,2020-07-14,0,69
As,2020-07-15,0,69
As,2020-07-16,0,69
As,2020-07-17,0,69
As,2020-07-18,1,70
As,2020-07-20,0,70
As,2020-07-21,0,70
As,2020-07-22,0,70
As,2020-07-23,0,70
As,2020-07-24,0,70
As,2020-07-25,0,70
As,2020-07-26,0,70
As,2020-07-27,0,70
As,2020-07-28,0,70
As,2020-07-29,0,70
As,2020-07-30,0,70
As,2020-07-31,1,71
Beringen,2020-04-01,6,69
Beringen,2020-04-02,11,80
Beringen,2020-04-03,9,89
Beringen,2020-04-04,2,91
Beringen,2020-04-05,9,100
Beringen,2020-04-06,10,110
Beringen,2020-04-07,4,114
Beringen,2020-04-08,7,121
Beringen,2020-04-09,11,132
Beringen,2020-04-10,6,138
Beringen,2020-04-11,2,140
Beringen,2020-04-12,3,143
Beringen,2020-04-13,4,147
Beringen,2020-04-14,5,152
Beringen,2020-04-15,23,175
Beringen,2020-04-16,5,180
Beringen,2020-04-17,2,182
Beringen,2020-04-18,1,183
Beringen,2020-04-19,14,197
Beringen,2020-04-20,3,200
Beringen,2020-04-21,1,201
Beringen,2020-04-22,3,204
Beringen,2020-04-23,2,206
Beringen,2020-04-24,3,209
Beringen,2020-04-25,0,209
Beringen,2020-04-26,3,212
Beringen,2020-04-27,2,214
Beringen,2020-04-28,5,219
Beringen,2020-04-29,1,220
Beringen,2020-04-30,1,221
Beringen,2020-05-01,2,223
Beringen,2020-05-02,2,225
Beringen,2020-05-03,1,226
Beringen,2020-05-04,1,227
Beringen,2020-05-05,1,228
Beringen,2020-05-06,1,229
Beringen,2020-05-07,0,229
Beringen,2020-05-08,1,230
Beringen,2020-05-09,2,232
Beringen,2020-05-10,2,234
Beringen,2020-05-11,0,234
Beringen,2020-05-12,2,236
Beringen,2020-05-13,1,237
Beringen,2020-05-14,0,237
Beringen,2020-05-15,1,238
Beringen,2020-05-16,0,238
Beringen,2020-05-17,0,238
Beringen,2020-05-18,0,238
Beringen,2020-05-19,1,239
Beringen,2020-05-20,1,240
Beringen,2020-05-21,1,241
Beringen,2020-05-22,4,245
Beringen,2020-05-23,0,245
Beringen,2020-05-24,3,248
Beringen,2020-05-25,0,248
Beringen,2020-05-26,0,248
Beringen,2020-05-27,3,251
Beringen,2020-05-28,1,252
Beringen,2020-05-29,1,253
Beringen,2020-05-30,0,253
Beringen,2020-05-31,0,253
Beringen,2020-06-01,2,255
Beringen,2020-06-02,0,255
Beringen,2020-06-03,0,255
Beringen,2020-06-04,0,255
Beringen,2020-06-05,0,255
Beringen,2020-06-06,1,256
Beringen,2020-06-07,0,256
Beringen,2020-06-08,1,257
Beringen,2020-06-09,3,260
Beringen,2020-06-10,0,260
Beringen,2020-06-11,2,262
Beringen,2020-06-12,2,264
Beringen,2020-06-13,0,264
Beringen,2020-06-14,0,264
Beringen,2020-06-15,0,264
Beringen,2020-06-16,0,264
Beringen,2020-06-17,1,265
Beringen,2020-06-18,0,265
Beringen,2020-06-19,0,265
Beringen,2020-06-20,0,265
Beringen,2020-06-23,1,266
Beringen,2020-06-24,0,266
Beringen,2020-06-25,-4,262
Beringen,2020-06-26,0,262
Beringen,2020-06-27,1,263
Beringen,2020-06-30,0,263
Beringen,2020-07-01,1,264
Beringen,2020-07-02,0,264
Beringen,2020-07-03,0,264
Beringen,2020-07-04,0,264
Beringen,2020-07-07,0,264
Beringen,2020-07-08,0,264
Beringen,2020-07-09,0,264
Beringen,2020-07-10,1,265
Beringen,2020-07-11,0,265
Beringen,2020-07-14,4,269
Beringen,2020-07-15,2,271
Beringen,2020-07-16,1,272
Beringen,2020-07-17,3,275
Beringen,2020-07-18,2,277
Beringen,2020-07-20,5,282
Beringen,2020-07-21,1,283
Beringen,2020-07-22,5,288
Beringen,2020-07-23,0,288
Beringen,2020-07-24,2,290
Beringen,2020-07-25,12,302
Beringen,2020-07-26,5,307
Beringen,2020-07-27,3,310
Beringen,2020-07-28,2,312
Beringen,2020-07-29,2,314
Beringen,2020-07-30,5,319
Beringen,2020-07-31,1,320
Diepenbeek,2020-04-01,6,44
Diepenbeek,2020-04-02,6,50
Diepenbeek,2020-04-03,7,57
Diepenbeek,2020-04-04,8,65
Diepenbeek,2020-04-05,6,71
Diepenbeek,2020-04-06,5,76
Diepenbeek,2020-04-07,1,77
Diepenbeek,2020-04-08,0,77
Diepenbeek,2020-04-09,10,87
Diepenbeek,2020-04-10,8,95
Diepenbeek,2020-04-11,10,105
Diepenbeek,2020-04-12,10,115
Diepenbeek,2020-04-13,0,115
Diepenbeek,2020-04-14,0,115
Diepenbeek,2020-04-15,1,116
Diepenbeek,2020-04-16,2,118
Diepenbeek,2020-04-17,4,122
Diepenbeek,2020-04-18,3,125
Diepenbeek,2020-04-19,6,131
Diepenbeek,2020-04-20,2,133
Diepenbeek,2020-04-21,2,135
Diepenbeek,2020-04-22,1,136
Diepenbeek,2020-04-23,3,139
Diepenbeek,2020-04-24,0,139
Diepenbeek,2020-04-25,2,141
Diepenbeek,2020-04-26,0,141
Diepenbeek,2020-04-27,2,143
Diepenbeek,2020-04-28,1,144
Diepenbeek,2020-04-29,0,144
Diepenbeek,2020-04-30,0,144
Diepenbeek,2020-05-01,1,145
Diepenbeek,2020-05-02,0,145
Diepenbeek,2020-05-03,0,145
Diepenbeek,2020-05-04,1,146
Diepenbeek,2020-05-05,0,146
Diepenbeek,2020-05-06,1,147
Diepenbeek,2020-05-07,1,148
Diepenbeek,2020-05-08,3,151
Diepenbeek,2020-05-09,1,152
Diepenbeek,2020-05-10,1,153
Diepenbeek,2020-05-11,0,153
Diepenbeek,2020-05-12,1,154
Diepenbeek,2020-05-13,0,154
Diepenbeek,2020-05-14,0,154
Diepenbeek,2020-05-15,0,154
Diepenbeek,2020-05-16,1,155
Diepenbeek,2020-05-17,0,155
Diepenbeek,2020-05-18,0,155
Diepenbeek,2020-05-19,3,158
Diepenbeek,2020-05-20,0,158
Diepenbeek,2020-05-21,0,158
Diepenbeek,2020-05-22,1,159
Diepenbeek,2020-05-23,2,161
Diepenbeek,2020-05-24,0,161
Diepenbeek,2020-05-25,0,161
Diepenbeek,2020-05-26,-2,159
Diepenbeek,2020-05-27,0,159
Diepenbeek,2020-05-28,2,161
Diepenbeek,2020-05-29,0,161
Diepenbeek,2020-05-30,0,161
Diepenbeek,2020-05-31,0,161
Diepenbeek,2020-06-01,0,161
Diepenbeek,2020-06-02,0,161
Diepenbeek,2020-06-03,0,161
Diepenbeek,2020-06-04,1,162
Diepenbeek,2020-06-05,0,162
Diepenbeek,2020-06-06,0,162
Diepenbeek,2020-06-07,1,163
Diepenbeek,2020-06-08,1,164
Diepenbeek,2020-06-09,1,165
Diepenbeek,2020-06-10,2,167
Diepenbeek,2020-06-11,0,167
Diepenbeek,2020-06-12,1,168
Diepenbeek,2020-06-13,1,169
Diepenbeek,2020-06-14,0,169
Diepenbeek,2020-06-15,0,169
Diepenbeek,2020-06-16,0,169
Diepenbeek,2020-06-17,0,169
Diepenbeek,2020-06-18,0,169
Diepenbeek,2020-06-19,0,169
Diepenbeek,2020-06-20,0,169
Diepenbeek,2020-06-23,1,170
Diepenbeek,2020-06-24,0,170
Diepenbeek,2020-06-25,-2,168
Diepenbeek,2020-06-26,0,168
Diepenbeek,2020-06-27,0,168
Diepenbeek,2020-06-30,0,168
Diepenbeek,2020-07-01,0,168
Diepenbeek,2020-07-02,0,168
Diepenbeek,2020-07-03,0,168
Diepenbeek,2020-07-04,0,168
Diepenbeek,2020-07-07,1,169
Diepenbeek,2020-07-08,0,169
Diepenbeek,2020-07-09,0,169
Diepenbeek,2020-07-10,0,169
Diepenbeek,2020-07-11,0,169
Diepenbeek,2020-07-14,0,169
Diepenbeek,2020-07-15,0,169
Diepenbeek,2020-07-16,0,169
Diepenbeek,2020-07-17,0,169
Diepenbeek,2020-07-18,0,169
Diepenbeek,2020-07-20,0,169
Diepenbeek,2020-07-21,0,169
Diepenbeek,2020-07-22,0,169
Diepenbeek,2020-07-23,0,169
Diepenbeek,2020-07-24,0,169
Diepenbeek,2020-07-25,0,169
Diepenbeek,2020-07-26,0,169
Diepenbeek,2020-07-27,0,169
Diepenbeek,2020-07-28,0,169
Diepenbeek,2020-07-29,1,170
Diepenbeek,2020-07-30,2,172
Diepenbeek,2020-07-31,0,172
Genk,2020-04-01,17,183
Genk,2020-04-02,27,210
Genk,2020-04-03,10,220
Genk,2020-04-04,21,241
Genk,2020-04-05,22,263
Genk,2020-04-06,15,278
Genk,2020-04-07,7,285
Genk,2020-04-08,13,298
Genk,2020-04-09,1,299
Genk,2020-04-10,27,326
Genk,2020-04-11,13,339
Genk,2020-04-12,8,347
Genk,2020-04-13,13,360
Genk,2020-04-14,6,366
Genk,2020-04-15,8,374
Genk,2020-04-16,12,386
Genk,2020-04-17,28,414
Genk,2020-04-18,12,426
Genk,2020-04-19,10,436
Genk,2020-04-20,4,440
Genk,2020-04-21,2,442
Genk,2020-04-22,4,446
Genk,2020-04-23,12,458
Genk,2020-04-24,7,465
Genk,2020-04-25,4,469
Genk,2020-04-26,0,469
Genk,2020-04-27,2,471
Genk,2020-04-28,6,477
Genk,2020-04-29,1,478
Genk,2020-04-30,3,481
Genk,2020-05-01,0,481
Genk,2020-05-02,1,482
Genk,2020-05-03,8,490
Genk,2020-05-04,1,491
Genk,2020-05-05,2,493
Genk,2020-05-06,1,494
Genk,2020-05-07,0,494
Genk,2020-05-08,5,499
Genk,2020-05-09,1,500
Genk,2020-05-10,3,503
Genk,2020-05-11,2,505
Genk,2020-05-12,0,505
Genk,2020-05-13,0,505
Genk,2020-05-14,2,507
Genk,2020-05-15,7,514
Genk,2020-05-16,1,515
Genk,2020-05-17,1,516
Genk,2020-05-18,0,516
Genk,2020-05-19,2,518
Genk,2020-05-20,1,519
Genk,2020-05-21,3,522
Genk,2020-05-22,3,525
Genk,2020-05-23,1,526
Genk,2020-05-24,1,527
Genk,2020-05-25,0,527
Genk,2020-05-26,0,527
Genk,2020-05-27,0,527
Genk,2020-05-28,0,527
Genk,2020-05-29,0,527
Genk,2020-05-30,2,529
Genk,2020-05-31,0,529
Genk,2020-06-01,2,531
Genk,2020-06-02,0,531
Genk,2020-06-03,0,531
Genk,2020-06-04,0,531
Genk,2020-06-05,1,532
Genk,2020-06-06,0,532
Genk,2020-06-07,1,533
Genk,2020-06-08,1,534
Genk,2020-06-09,0,534
Genk,2020-06-10,2,536
Genk,2020-06-11,2,538
Genk,2020-06-12,3,541
Genk,2020-06-13,0,541
Genk,2020-06-14,0,541
Genk,2020-06-15,0,541
Genk,2020-06-16,1,542
Genk,2020-06-17,1,543
Genk,2020-06-18,1,544
Genk,2020-06-19,2,546
Genk,2020-06-20,0,546
Genk,2020-06-23,6,552
Genk,2020-06-24,0,552
Genk,2020-06-25,3,555
Genk,2020-06-26,0,555
Genk,2020-06-27,0,555
Genk,2020-06-30,5,560
Genk,2020-07-01,0,560
Genk,2020-07-02,0,560
Genk,2020-07-03,0,560
Genk,2020-07-04,1,561
Genk,2020-07-07,0,561
Genk,2020-07-08,0,561
Genk,2020-07-09,0,561
Genk,2020-07-10,1,562
Genk,2020-07-11,1,563
Genk,2020-07-14,1,564
Genk,2020-07-15,1,565
Genk,2020-07-16,2,567
Genk,2020-07-17,0,567
Genk,2020-07-18,0,567
Genk,2020-07-20,2,569
Genk,2020-07-21,1,570
Genk,2020-07-22,0,570
Genk,2020-07-23,3,573
Genk,2020-07-24,1,574
Genk,2020-07-25,1,575
Genk,2020-07-26,2,577
Genk,2020-07-27,6,583
Genk,2020-07-28,1,584
Genk,2020-07-29,5,589
Genk,2020-07-30,1,590
Genk,2020-07-31,8,598
Gingelom,2020-04-01,2,27
Gingelom,2020-04-02,6,33
Gingelom,2020-04-03,3,36
Gingelom,2020-04-04,4,40
Gingelom,2020-04-05,5,45
Gingelom,2020-04-06,1,46
Gingelom,2020-04-07,1,47
Gingelom,2020-04-08,1,48
Gingelom,2020-04-09,41,89
Gingelom,2020-04-10,5,94
Gingelom,2020-04-11,3,97
Gingelom,2020-04-12,0,97
Gingelom,2020-04-13,2,99
Gingelom,2020-04-14,0,99
Gingelom,2020-04-15,5,104
Gingelom,2020-04-16,2,106
Gingelom,2020-04-17,2,108
Gingelom,2020-04-18,1,109
Gingelom,2020-04-19,1,110
Gingelom,2020-04-20,3,113
Gingelom,2020-04-21,0,113
Gingelom,2020-04-22,2,115
Gingelom,2020-04-23,0,115
Gingelom,2020-04-24,0,115
Gingelom,2020-04-25,1,116
Gingelom,2020-04-26,3,119
Gingelom,2020-04-27,0,119
Gingelom,2020-04-28,0,119
Gingelom,2020-04-29,1,120
Gingelom,2020-04-30,0,120
Gingelom,2020-05-01,1,121
Gingelom,2020-05-02,1,122
Gingelom,2020-05-03,0,122
Gingelom,2020-05-04,0,122
Gingelom,2020-05-05,0,122
Gingelom,2020-05-06,0,122
Gingelom,2020-05-07,3,125
Gingelom,2020-05-08,2,127
Gingelom,2020-05-09,1,128
Gingelom,2020-05-10,1,129
Gingelom,2020-05-11,0,129
Gingelom,2020-05-12,0,129
Gingelom,2020-05-13,1,130
Gingelom,2020-05-14,0,130
Gingelom,2020-05-15,0,130
Gingelom,2020-05-16,1,131
Gingelom,2020-05-17,0,131
Gingelom,2020-05-18,0,131
Gingelom,2020-05-19,2,133
Gingelom,2020-05-20,0,133
Gingelom,2020-05-21,0,133
Gingelom,2020-05-22,1,134
Gingelom,2020-05-23,2,136
Gingelom,2020-05-24,0,136
Gingelom,2020-05-25,0,136
Gingelom,2020-05-26,-2,134
Gingelom,2020-05-27,0,134
Gingelom,2020-05-28,1,135
Gingelom,2020-05-29,0,135
Gingelom,2020-05-30,0,135
Gingelom,2020-05-31,0,135
Gingelom,2020-06-01,0,135
Gingelom,2020-06-02,0,135
Gingelom,2020-06-03,0,135
Gingelom,2020-06-04,2,137
Gingelom,2020-06-05,0,137
Gingelom,2020-06-06,0,137
Gingelom,2020-06-07,0,137
Gingelom,2020-06-08,0,137
Gingelom,2020-06-09,0,137
Gingelom,2020-06-10,1,138
Gingelom,2020-06-11,0,138
Gingelom,2020-06-12,0,138
Gingelom,2020-06-13,0,138
Gingelom,2020-06-14,0,138
Gingelom,2020-06-15,0,138
Gingelom,2020-06-16,0,138
Gingelom,2020-06-17,0,138
Gingelom,2020-06-18,0,138
Gingelom,2020-06-19,1,139
Gingelom,2020-06-20,1,140
Gingelom,2020-06-23,1,141
Gingelom,2020-06-24,1,142
Gingelom,2020-06-25,-1,141
Gingelom,2020-06-26,0,141
Gingelom,2020-06-27,0,141
Gingelom,2020-06-30,0,141
Gingelom,2020-07-01,0,141
Gingelom,2020-07-02,0,141
Gingelom,2020-07-03,0,141
Gingelom,2020-07-04,0,141
Gingelom,2020-07-07,0,141
Gingelom,2020-07-08,0,141
Gingelom,2020-07-09,0,141
Gingelom,2020-07-10,0,141
Gingelom,2020-07-11,0,141
Gingelom,2020-07-14,0,141
Gingelom,2020-07-15,0,141
Gingelom,2020-07-16,0,141
Gingelom,2020-07-17,0,141
Gingelom,2020-07-18,0,141
Gingelom,2020-07-20,0,141
Gingelom,2020-07-21,0,141
Gingelom,2020-07-22,0,141
Gingelom,2020-07-23,0,141
Gingelom,2020-07-24,0,141
Gingelom,2020-07-25,0,141
Gingelom,2020-07-26,0,141
Gingelom,2020-07-27,0,141
Gingelom,2020-07-28,0,141
Gingelom,2020-07-29,0,141
Gingelom,2020-07-30,0,141
Gingelom,2020-07-31,1,142
Halen,2020-04-01,1,24
Halen,2020-04-02,3,27
Halen,2020-04-03,4,31
Halen,2020-04-04,2,33
Halen,2020-04-05,2,35
Halen,2020-04-06,9,44
Halen,2020-04-07,2,46
Halen,2020-04-08,0,46
Halen,2020-04-09,0,46
Halen,2020-04-10,1,47
Halen,2020-04-11,3,50
Halen,2020-04-12,0,50
Halen,2020-04-13,1,51
Halen,2020-04-14,1,52
Halen,2020-04-15,4,56
Halen,2020-04-16,3,59
Halen,2020-04-17,1,60
Halen,2020-04-18,2,62
Halen,2020-04-19,1,63
Halen,2020-04-20,0,63
Halen,2020-04-21,0,63
Halen,2020-04-22,1,64
Halen,2020-04-23,1,65
Halen,2020-04-24,0,65
Halen,2020-04-25,0,65
Halen,2020-04-26,0,65
Halen,2020-04-27,1,66
Halen,2020-04-28,0,66
Halen,2020-04-29,0,66
Halen,2020-04-30,0,66
Halen,2020-05-01,0,66
Halen,2020-05-02,1,67
Halen,2020-05-03,3,70
Halen,2020-05-04,0,70
Halen,2020-05-05,0,70
Halen,2020-05-06,0,70
Halen,2020-05-07,0,70
Halen,2020-05-08,0,70
Halen,2020-05-09,1,71
Halen,2020-05-10,0,71
Halen,2020-05-11,0,71
Halen,2020-05-12,0,71
Halen,2020-05-13,0,71
Halen,2020-05-14,0,71
Halen,2020-05-15,0,71
Halen,2020-05-16,0,71
Halen,2020-05-17,2,73
Halen,2020-05-18,0,73
Halen,2020-05-19,0,73
Halen,2020-05-20,0,73
Halen,2020-05-21,0,73
Halen,2020-05-22,0,73
Halen,2020-05-23,1,74
Halen,2020-05-24,1,75
Halen,2020-05-25,1,76
Halen,2020-05-26,-1,75
Halen,2020-05-27,0,75
Halen,2020-05-28,0,75
Halen,2020-05-29,0,75
Halen,2020-05-30,0,75
Halen,2020-05-31,0,75
Halen,2020-06-01,0,75
Halen,2020-06-02,0,75
Halen,2020-06-03,0,75
Halen,2020-06-04,0,75
Halen,2020-06-05,0,75
Halen,2020-06-06,0,75
Halen,2020-06-07,1,76
Halen,2020-06-08,0,76
Halen,2020-06-09,1,77
Halen,2020-06-10,0,77
Halen,2020-06-11,0,77
Halen,2020-06-12,0,77
Halen,2020-06-13,1,78
Halen,2020-06-14,0,78
Halen,2020-06-15,0,78
Halen,2020-06-16,0,78
Halen,2020-06-17,0,78
Halen,2020-06-18,0,78
Halen,2020-06-19,0,78
Halen,2020-06-20,0,78
Halen,2020-06-23,0,78
Halen,2020-06-24,0,78
Halen,2020-06-25,0,78
Halen,2020-06-26,0,78
Halen,2020-06-27,1,79
Halen,2020-06-30,1,80
Halen,2020-07-01,0,80
Halen,2020-07-02,0,80
Halen,2020-07-03,0,80
Halen,2020-07-04,0,80
Halen,2020-07-07,0,80
Halen,2020-07-08,0,80
Halen,2020-07-09,0,80
Halen,2020-07-10,0,80
Halen,2020-07-11,0,80
Halen,2020-07-14,0,80
Halen,2020-07-15,0,80
Halen,2020-07-16,0,80
Halen,2020-07-17,0,80
Halen,2020-07-18,0,80
Halen,2020-07-20,0,80
Halen,2020-07-21,0,80
Halen,2020-07-22,0,80
Halen,2020-07-23,0,80
Halen,2020-07-24,0,80
Halen,2020-07-25,0,80
Halen,2020-07-26,0,80
Halen,2020-07-27,0,80
Halen,2020-07-28,0,80
Halen,2020-07-29,0,80
Halen,2020-07-30,0,80
Halen,2020-07-31,0,80
Hasselt,2020-04-01,8,183
Hasselt,2020-04-02,28,211
Hasselt,2020-04-03,14,225
Hasselt,2020-04-04,13,238
Hasselt,2020-04-05,20,258
Hasselt,2020-04-06,17,275
Hasselt,2020-04-07,10,285
Hasselt,2020-04-08,8,293
Hasselt,2020-04-09,36,329
Hasselt,2020-04-10,9,338
Hasselt,2020-04-11,26,364
Hasselt,2020-04-12,16,380
Hasselt,2020-04-13,8,388
Hasselt,2020-04-14,1,389
Hasselt,2020-04-15,70,459
Hasselt,2020-04-16,8,467
Hasselt,2020-04-17,8,475
Hasselt,2020-04-18,24,499
Hasselt,2020-04-19,7,506
Hasselt,2020-04-20,3,509
Hasselt,2020-04-21,1,510
Hasselt,2020-04-22,6,516
Hasselt,2020-04-23,10,526
Hasselt,2020-04-24,5,531
Hasselt,2020-04-25,3,534
Hasselt,2020-04-26,1,535
Hasselt,2020-04-27,6,541
Hasselt,2020-04-28,2,543
Hasselt,2020-04-29,2,545
Hasselt,2020-04-30,4,549
Hasselt,2020-05-01,0,549
Hasselt,2020-05-02,1,550
Hasselt,2020-05-03,3,553
Hasselt,2020-05-04,1,554
Hasselt,2020-05-05,2,556
Hasselt,2020-05-06,2,558
Hasselt,2020-05-07,3,561
Hasselt,2020-05-08,0,561
Hasselt,2020-05-09,4,565
Hasselt,2020-05-10,2,567
Hasselt,2020-05-11,0,567
Hasselt,2020-05-12,2,569
Hasselt,2020-05-13,0,569
Hasselt,2020-05-14,0,569
Hasselt,2020-05-15,0,569
Hasselt,2020-05-16,1,570
Hasselt,2020-05-17,1,571
Hasselt,2020-05-18,2,573
Hasselt,2020-05-19,11,584
Hasselt,2020-05-20,1,585
Hasselt,2020-05-21,2,587
Hasselt,2020-05-22,4,591
Hasselt,2020-05-23,5,596
Hasselt,2020-05-24,1,597
Hasselt,2020-05-25,2,599
Hasselt,2020-05-26,-4,595
Hasselt,2020-05-27,1,596
Hasselt,2020-05-28,1,597
Hasselt,2020-05-29,3,600
Hasselt,2020-05-30,1,601
Hasselt,2020-05-31,1,602
Hasselt,2020-06-01,1,603
Hasselt,2020-06-02,1,604
Hasselt,2020-06-03,3,607
Hasselt,2020-06-04,1,608
Hasselt,2020-06-05,1,609
Hasselt,2020-06-06,6,615
Hasselt,2020-06-07,1,616
Hasselt,2020-06-08,4,620
Hasselt,2020-06-09,1,621
Hasselt,2020-06-10,6,627
Hasselt,2020-06-11,-1,626
Hasselt,2020-06-12,4,630
Hasselt,2020-06-13,1,631
Hasselt,2020-06-14,1,632
Hasselt,2020-06-15,1,633
Hasselt,2020-06-16,1,634
Hasselt,2020-06-17,0,634
Hasselt,2020-06-18,0,634
Hasselt,2020-06-19,0,634
Hasselt,2020-06-20,0,634
Hasselt,2020-06-23,0,634
Hasselt,2020-06-24,0,634
Hasselt,2020-06-25,-8,626
Hasselt,2020-06-26,0,626
Hasselt,2020-06-27,0,626
Hasselt,2020-06-30,0,626
Hasselt,2020-07-01,0,626
Hasselt,2020-07-02,1,627
Hasselt,2020-07-03,2,629
Hasselt,2020-07-04,0,629
Hasselt,2020-07-07,1,630
Hasselt,2020-07-08,0,630
Hasselt,2020-07-09,0,630
Hasselt,2020-07-10,0,630
Hasselt,2020-07-11,0,630
Hasselt,2020-07-14,1,631
Hasselt,2020-07-15,1,632
Hasselt,2020-07-16,1,633
Hasselt,2020-07-17,2,635
Hasselt,2020-07-18,0,635
Hasselt,2020-07-20,10,645
Hasselt,2020-07-21,0,645
Hasselt,2020-07-22,0,645
Hasselt,2020-07-23,6,651
Hasselt,2020-07-24,3,654
Hasselt,2020-07-25,2,656
Hasselt,2020-07-26,5,661
Hasselt,2020-07-27,1,662
Hasselt,2020-07-28,0,662
Hasselt,2020-07-29,0,662
Hasselt,2020-07-30,8,670
Hasselt,2020-07-31,3,673
Herk-de-Stad,2020-04-01,1,28
Herk-de-Stad,2020-04-02,6,34
Herk-de-Stad,2020-04-03,2,36
Herk-de-Stad,2020-04-04,1,37
Herk-de-Stad,2020-04-05,0,37
Herk-de-Stad,2020-04-06,1,38
Herk-de-Stad,2020-04-07,1,39
Herk-de-Stad,2020-04-08,4,43
Herk-de-Stad,2020-04-09,3,46
Herk-de-Stad,2020-04-10,1,47
Herk-de-Stad,2020-04-11,2,49
Herk-de-Stad,2020-04-12,2,51
Herk-de-Stad,2020-04-13,0,51
Herk-de-Stad,2020-04-14,1,52
Herk-de-Stad,2020-04-15,3,55
Herk-de-Stad,2020-04-16,1,56
Herk-de-Stad,2020-04-17,2,58
Herk-de-Stad,2020-04-18,1,59
Herk-de-Stad,2020-04-19,2,61
Herk-de-Stad,2020-04-20,1,62
Herk-de-Stad,2020-04-21,0,62
Herk-de-Stad,2020-04-22,1,63
Herk-de-Stad,2020-04-23,1,64
Herk-de-Stad,2020-04-24,0,64
Herk-de-Stad,2020-04-25,2,66
Herk-de-Stad,2020-04-26,2,68
Herk-de-Stad,2020-04-27,2,70
Herk-de-Stad,2020-04-28,0,70
Herk-de-Stad,2020-04-29,0,70
Herk-de-Stad,2020-04-30,1,71
Herk-de-Stad,2020-05-01,2,73
Herk-de-Stad,2020-05-02,0,73
Herk-de-Stad,2020-05-03,6,79
Herk-de-Stad,2020-05-04,0,79
Herk-de-Stad,2020-05-05,0,79
Herk-de-Stad,2020-05-06,1,80
Herk-de-Stad,2020-05-07,1,81
Herk-de-Stad,2020-05-08,0,81
Herk-de-Stad,2020-05-09,0,81
Herk-de-Stad,2020-05-10,6,87
Herk-de-Stad,2020-05-11,1,88
Herk-de-Stad,2020-05-12,0,88
Herk-de-Stad,2020-05-13,0,88
Herk-de-Stad,2020-05-14,0,88
Herk-de-Stad,2020-05-15,0,88
Herk-de-Stad,2020-05-16,0,88
Herk-de-Stad,2020-05-17,-1,87
Herk-de-Stad,2020-05-18,0,87
Herk-de-Stad,2020-05-19,3,90
Herk-de-Stad,2020-05-20,0,90
Herk-de-Stad,2020-05-21,0,90
Herk-de-Stad,2020-05-22,0,90
Herk-de-Stad,2020-05-23,3,93
Herk-de-Stad,2020-05-24,0,93
Herk-de-Stad,2020-05-25,1,94
Herk-de-Stad,2020-05-26,-1,93
Herk-de-Stad,2020-05-27,0,93
Herk-de-Stad,2020-05-28,0,93
Herk-de-Stad,2020-05-29,0,93
Herk-de-Stad,2020-05-30,0,93
Herk-de-Stad,2020-05-31,0,93
Herk-de-Stad,2020-06-01,0,93
Herk-de-Stad,2020-06-02,0,93
Herk-de-Stad,2020-06-03,0,93
Herk-de-Stad,2020-06-04,1,94
Herk-de-Stad,2020-06-05,0,94
Herk-de-Stad,2020-06-06,0,94
Herk-de-Stad,2020-06-07,0,94
Herk-de-Stad,2020-06-08,1,95
Herk-de-Stad,2020-06-09,0,95
Herk-de-Stad,2020-06-10,2,97
Herk-de-Stad,2020-06-11,0,97
Herk-de-Stad,2020-06-12,1,98
Herk-de-Stad,2020-06-13,0,98
Herk-de-Stad,2020-06-14,0,98
Herk-de-Stad,2020-06-15,0,98
Herk-de-Stad,2020-06-16,0,98
Herk-de-Stad,2020-06-17,0,98
Herk-de-Stad,2020-06-18,0,98
Herk-de-Stad,2020-06-19,0,98
Herk-de-Stad,2020-06-20,0,98
Herk-de-Stad,2020-06-23,1,99
Herk-de-Stad,2020-06-24,0,99
Herk-de-Stad,2020-06-25,-2,97
Herk-de-Stad,2020-06-26,0,97
Herk-de-Stad,2020-06-27,0,97
Herk-de-Stad,2020-06-30,0,97
Herk-de-Stad,2020-07-01,0,97
Herk-de-Stad,2020-07-02,0,97
Herk-de-Stad,2020-07-03,0,97
Herk-de-Stad,2020-07-04,0,97
Herk-de-Stad,2020-07-07,0,97
Herk-de-Stad,2020-07-08,0,97
Herk-de-Stad,2020-07-09,0,97
Herk-de-Stad,2020-07-10,0,97
Herk-de-Stad,2020-07-11,0,97
Herk-de-Stad,2020-07-14,0,97
Herk-de-Stad,2020-07-15,0,97
Herk-de-Stad,2020-07-16,0,97
Herk-de-Stad,2020-07-17,0,97
Herk-de-Stad,2020-07-18,0,97
Herk-de-Stad,2020-07-20,0,97
Herk-de-Stad,2020-07-21,0,97
Herk-de-Stad,2020-07-22,1,98
Herk-de-Stad,2020-07-23,0,98
Herk-de-Stad,2020-07-24,0,98
Herk-de-Stad,2020-07-25,0,98
Herk-de-Stad,2020-07-26,0,98
Herk-de-Stad,2020-07-27,0,98
Herk-de-Stad,2020-07-28,0,98
Herk-de-Stad,2020-07-29,0,98
Herk-de-Stad,2020-07-30,0,98
Herk-de-Stad,2020-07-31,0,98
Leopoldsburg,2020-04-01,1,8
Leopoldsburg,2020-04-02,2,10
Leopoldsburg,2020-04-03,4,14
Leopoldsburg,2020-04-04,4,18
Leopoldsburg,2020-04-05,2,20
Leopoldsburg,2020-04-06,3,23
Leopoldsburg,2020-04-07,0,23
Leopoldsburg,2020-04-08,1,24
Leopoldsburg,2020-04-09,0,24
Leopoldsburg,2020-04-10,1,25
Leopoldsburg,2020-04-11,4,29
Leopoldsburg,2020-04-12,0,29
Leopoldsburg,2020-04-13,1,30
Leopoldsburg,2020-04-14,1,31
Leopoldsburg,2020-04-15,2,33
Leopoldsburg,2020-04-16,0,33
Leopoldsburg,2020-04-17,1,34
Leopoldsburg,2020-04-18,0,34
Leopoldsburg,2020-04-19,2,36
Leopoldsburg,2020-04-20,0,36
Leopoldsburg,2020-04-21,1,37
Leopoldsburg,2020-04-22,0,37
Leopoldsburg,2020-04-23,0,37
Leopoldsburg,2020-04-24,0,37
Leopoldsburg,2020-04-25,4,41
Leopoldsburg,2020-04-26,1,42
Leopoldsburg,2020-04-27,1,43
Leopoldsburg,2020-04-28,1,44
Leopoldsburg,2020-04-29,0,44
Leopoldsburg,2020-04-30,1,45
Leopoldsburg,2020-05-01,1,46
Leopoldsburg,2020-05-02,2,48
Leopoldsburg,2020-05-03,0,48
Leopoldsburg,2020-05-04,0,48
Leopoldsburg,2020-05-05,1,49
Leopoldsburg,2020-05-06,0,49
Leopoldsburg,2020-05-07,1,50
Leopoldsburg,2020-05-08,2,52
Leopoldsburg,2020-05-09,1,53
Leopoldsburg,2020-05-10,1,54
Leopoldsburg,2020-05-11,1,55
Leopoldsburg,2020-05-12,0,55
Leopoldsburg,2020-05-13,0,55
Leopoldsburg,2020-05-14,0,55
Leopoldsburg,2020-05-15,0,55
Leopoldsburg,2020-05-16,0,55
Leopoldsburg,2020-05-17,0,55
Leopoldsburg,2020-05-18,0,55
Leopoldsburg,2020-05-19,0,55
Leopoldsburg,2020-05-20,0,55
Leopoldsburg,2020-05-21,0,55
Leopoldsburg,2020-05-22,0,55
Leopoldsburg,2020-05-23,0,55
Leopoldsburg,2020-05-24,0,55
Leopoldsburg,2020-05-25,0,55
Leopoldsburg,2020-05-26,3,58
Leopoldsburg,2020-05-27,0,58
Leopoldsburg,2020-05-28,2,60
Leopoldsburg,2020-05-29,0,60
Leopoldsburg,2020-05-30,0,60
Leopoldsburg,2020-05-31,0,60
Leopoldsburg,2020-06-01,1,61
Leopoldsburg,2020-06-02,0,61
Leopoldsburg,2020-06-03,0,61
Leopoldsburg,2020-06-04,0,61
Leopoldsburg,2020-06-05,0,61
Leopoldsburg,2020-06-06,0,61
Leopoldsburg,2020-06-07,0,61
Leopoldsburg,2020-06-08,0,61
Leopoldsburg,2020-06-09,0,61
Leopoldsburg,2020-06-10,0,61
Leopoldsburg,2020-06-11,1,62
Leopoldsburg,2020-06-12,0,62
Leopoldsburg,2020-06-13,0,62
Leopoldsburg,2020-06-14,0,62
Leopoldsburg,2020-06-15,0,62
Leopoldsburg,2020-06-16,0,62
Leopoldsburg,2020-06-17,1,63
Leopoldsburg,2020-06-18,0,63
Leopoldsburg,2020-06-19,0,63
Leopoldsburg,2020-06-20,0,63
Leopoldsburg,2020-06-23,0,63
Leopoldsburg,2020-06-24,0,63
Leopoldsburg,2020-06-25,-1,62
Leopoldsburg,2020-06-26,0,62
Leopoldsburg,2020-06-27,0,62
Leopoldsburg,2020-06-30,0,62
Leopoldsburg,2020-07-01,0,62
Leopoldsburg,2020-07-02,0,62
Leopoldsburg,2020-07-03,0,62
Leopoldsburg,2020-07-04,0,62
Leopoldsburg,2020-07-07,1,63
Leopoldsburg,2020-07-08,0,63
Leopoldsburg,2020-07-09,0,63
Leopoldsburg,2020-07-10,1,64
Leopoldsburg,2020-07-11,1,65
Leopoldsburg,2020-07-14,1,66
Leopoldsburg,2020-07-15,0,66
Leopoldsburg,2020-07-16,0,66
Leopoldsburg,2020-07-17,0,66
Leopoldsburg,2020-07-18,0,66
Leopoldsburg,2020-07-20,1,67
Leopoldsburg,2020-07-21,0,67
Leopoldsburg,2020-07-22,0,67
Leopoldsburg,2020-07-23,0,67
Leopoldsburg,2020-07-24,0,67
Leopoldsburg,2020-07-25,1,68
Leopoldsburg,2020-07-26,0,68
Leopoldsburg,2020-07-27,0,68
Leopoldsburg,2020-07-28,0,68
Leopoldsburg,2020-07-29,0,68
Leopoldsburg,2020-07-30,0,68
Leopoldsburg,2020-07-31,0,68
Lummen,2020-04-01,0,33
Lummen,2020-04-02,2,35
Lummen,2020-04-03,2,37
Lummen,2020-04-04,0,37
Lummen,2020-04-05,1,38
Lummen,2020-04-06,3,41
Lummen,2020-04-07,1,42
Lummen,2020-04-08,3,45
Lummen,2020-04-09,1,46
Lummen,2020-04-10,2,48
Lummen,2020-04-11,0,48
Lummen,2020-04-12,4,52
Lummen,2020-04-13,0,52
Lummen,2020-04-14,1,53
Lummen,2020-04-15,3,56
Lummen,2020-04-16,0,56
Lummen,2020-04-17,0,56
Lummen,2020-04-18,1,57
Lummen,2020-04-19,2,59
Lummen,2020-04-20,1,60
Lummen,2020-04-21,0,60
Lummen,2020-04-22,1,61
Lummen,2020-04-23,1,62
Lummen,2020-04-24,0,62
Lummen,2020-04-25,0,62
Lummen,2020-04-26,0,62
Lummen,2020-04-27,0,62
Lummen,2020-04-28,1,63
Lummen,2020-04-29,1,64
Lummen,2020-04-30,0,64
Lummen,2020-05-01,0,64
Lummen,2020-05-02,1,65
Lummen,2020-05-03,0,65
Lummen,2020-05-04,1,66
Lummen,2020-05-05,0,66
Lummen,2020-05-06,0,66
Lummen,2020-05-07,0,66
Lummen,2020-05-08,2,68
Lummen,2020-05-09,0,68
Lummen,2020-05-10,0,68
Lummen,2020-05-11,0,68
Lummen,2020-05-12,0,68
Lummen,2020-05-13,0,68
Lummen,2020-05-14,0,68
Lummen,2020-05-15,0,68
Lummen,2020-05-16,1,69
Lummen,2020-05-17,0,69
Lummen,2020-05-18,0,69
Lummen,2020-05-19,1,70
Lummen,2020-05-20,0,70
Lummen,2020-05-21,0,70
Lummen,2020-05-22,1,71
Lummen,2020-05-23,0,71
Lummen,2020-05-24,1,72
Lummen,2020-05-25,0,72
Lummen,2020-05-26,1,73
Lummen,2020-05-27,0,73
Lummen,2020-05-28,0,73
Lummen,2020-05-29,0,73
Lummen,2020-05-30,0,73
Lummen,2020-05-31,0,73
Lummen,2020-06-01,1,74
Lummen,2020-06-02,0,74
Lummen,2020-06-03,0,74
Lummen,2020-06-04,1,75
Lummen,2020-06-05,0,75
Lummen,2020-06-06,1,76
Lummen,2020-06-07,0,76
Lummen,2020-06-08,0,76
Lummen,2020-06-09,0,76
Lummen,2020-06-10,0,76
Lummen,2020-06-11,1,77
Lummen,2020-06-12,0,77
Lummen,2020-06-13,0,77
Lummen,2020-06-14,0,77
Lummen,2020-06-15,0,77
Lummen,2020-06-16,1,78
Lummen,2020-06-17,0,78
Lummen,2020-06-18,0,78
Lummen,2020-06-19,0,78
Lummen,2020-06-20,0,78
Lummen,2020-06-23,0,78
Lummen,2020-06-24,0,78
Lummen,2020-06-25,0,78
Lummen,2020-06-26,0,78
Lummen,2020-06-27,1,79
Lummen,2020-06-30,0,79
Lummen,2020-07-01,0,79
Lummen,2020-07-02,0,79
Lummen,2020-07-03,0,79
Lummen,2020-07-04,0,79
Lummen,2020-07-07,1,80
Lummen,2020-07-08,1,81
Lummen,2020-07-09,0,81
Lummen,2020-07-10,0,81
Lummen,2020-07-11,0,81
Lummen,2020-07-14,1,82
Lummen,2020-07-15,0,82
Lummen,2020-07-16,1,83
Lummen,2020-07-17,0,83
Lummen,2020-07-18,0,83
Lummen,2020-07-20,0,83
Lummen,2020-07-21,0,83
Lummen,2020-07-22,0,83
Lummen,2020-07-23,0,83
Lummen,2020-07-24,0,83
Lummen,2020-07-25,2,85
Lummen,2020-07-26,1,86
Lummen,2020-07-27,1,87
Lummen,2020-07-28,0,87
Lummen,2020-07-29,0,87
Lummen,2020-07-30,0,87
Lummen,2020-07-31,0,87
Nieuwerkerken (Hasselt),2020-04-01,0,20
Nieuwerkerken (Hasselt),2020-04-02,4,24
Nieuwerkerken (Hasselt),2020-04-03,0,24
Nieuwerkerken (Hasselt),2020-04-04,4,28
Nieuwerkerken (Hasselt),2020-04-05,3,31
Nieuwerkerken (Hasselt),2020-04-06,1,32
Nieuwerkerken (Hasselt),2020-04-07,3,35
Nieuwerkerken (Hasselt),2020-04-08,0,35
Nieuwerkerken (Hasselt),2020-04-09,9,44
Nieuwerkerken (Hasselt),2020-04-10,4,48
Nieuwerkerken (Hasselt),2020-04-11,5,53
Nieuwerkerken (Hasselt),2020-04-12,4,57
Nieuwerkerken (Hasselt),2020-04-13,4,61
Nieuwerkerken (Hasselt),2020-04-14,0,61
Nieuwerkerken (Hasselt),2020-04-15,6,67
Nieuwerkerken (Hasselt),2020-04-16,3,70
Nieuwerkerken (Hasselt),2020-04-17,4,74
Nieuwerkerken (Hasselt),2020-04-18,3,77
Nieuwerkerken (Hasselt),2020-04-19,7,84
Nieuwerkerken (Hasselt),2020-04-20,5,89
Nieuwerkerken (Hasselt),2020-04-21,0,89
Nieuwerkerken (Hasselt),2020-04-22,6,95
Nieuwerkerken (Hasselt),2020-04-23,3,98
Nieuwerkerken (Hasselt),2020-04-24,3,101
Nieuwerkerken (Hasselt),2020-04-25,8,109
Nieuwerkerken (Hasselt),2020-04-26,0,109
Nieuwerkerken (Hasselt),2020-04-27,1,110
Nieuwerkerken (Hasselt),2020-04-28,1,111
Nieuwerkerken (Hasselt),2020-04-29,1,112
Nieuwerkerken (Hasselt),2020-04-30,0,112
Nieuwerkerken (Hasselt),2020-05-01,1,113
Nieuwerkerken (Hasselt),2020-05-02,0,113
Nieuwerkerken (Hasselt),2020-05-03,0,113
Nieuwerkerken (Hasselt),2020-05-04,0,113
Nieuwerkerken (Hasselt),2020-05-05,0,113
Nieuwerkerken (Hasselt),2020-05-06,0,113
Nieuwerkerken (Hasselt),2020-05-07,0,113
Nieuwerkerken (Hasselt),2020-05-08,0,113
Nieuwerkerken (Hasselt),2020-05-09,0,113
Nieuwerkerken (Hasselt),2020-05-10,0,113
Nieuwerkerken (Hasselt),2020-05-11,0,113
Nieuwerkerken (Hasselt),2020-05-12,0,113
Nieuwerkerken (Hasselt),2020-05-13,0,113
Nieuwerkerken (Hasselt),2020-05-14,0,113
Nieuwerkerken (Hasselt),2020-05-15,0,113
Nieuwerkerken (Hasselt),2020-05-16,0,113
Nieuwerkerken (Hasselt),2020-05-17,0,113
Nieuwerkerken (Hasselt),2020-05-18,0,113
Nieuwerkerken (Hasselt),2020-05-19,1,114
Nieuwerkerken (Hasselt),2020-05-20,0,114
Nieuwerkerken (Hasselt),2020-05-21,1,115
Nieuwerkerken (Hasselt),2020-05-22,0,115
Nieuwerkerken (Hasselt),2020-05-23,7,122
Nieuwerkerken (Hasselt),2020-05-24,0,122
Nieuwerkerken (Hasselt),2020-05-25,0,122
Nieuwerkerken (Hasselt),2020-05-26,-7,115
Nieuwerkerken (Hasselt),2020-05-27,0,115
Nieuwerkerken (Hasselt),2020-05-28,0,115
Nieuwerkerken (Hasselt),2020-05-29,1,116
Nieuwerkerken (Hasselt),2020-05-30,0,116
Nieuwerkerken (Hasselt),2020-05-31,0,116
Nieuwerkerken (Hasselt),2020-06-01,0,116
Nieuwerkerken (Hasselt),2020-06-02,0,116
Nieuwerkerken (Hasselt),2020-06-03,1,117
Nieuwerkerken (Hasselt),2020-06-04,0,117
Nieuwerkerken (Hasselt),2020-06-05,0,117
Nieuwerkerken (Hasselt),2020-06-06,0,117
Nieuwerkerken (Hasselt),2020-06-07,0,117
Nieuwerkerken (Hasselt),2020-06-08,0,117
Nieuwerkerken (Hasselt),2020-06-09,0,117
Nieuwerkerken (Hasselt),2020-06-10,0,117
Nieuwerkerken (Hasselt),2020-06-11,0,117
Nieuwerkerken (Hasselt),2020-06-12,0,117
Nieuwerkerken (Hasselt),2020-06-13,0,117
Nieuwerkerken (Hasselt),2020-06-14,0,117
Nieuwerkerken (Hasselt),2020-06-15,0,117
Nieuwerkerken (Hasselt),2020-06-16,0,117
Nieuwerkerken (Hasselt),2020-06-17,0,117
Nieuwerkerken (Hasselt),2020-06-18,0,117
Nieuwerkerken (Hasselt),2020-06-19,0,117
Nieuwerkerken (Hasselt),2020-06-20,0,117
Nieuwerkerken (Hasselt),2020-06-23,0,117
Nieuwerkerken (Hasselt),2020-06-24,0,117
Nieuwerkerken (Hasselt),2020-06-25,0,117
Nieuwerkerken (Hasselt),2020-06-26,0,117
Nieuwerkerken (Hasselt),2020-06-27,0,117
Nieuwerkerken (Hasselt),2020-06-30,0,117
Nieuwerkerken (Hasselt),2020-07-01,0,117
Nieuwerkerken (Hasselt),2020-07-02,0,117
Nieuwerkerken (Hasselt),2020-07-03,0,117
Nieuwerkerken (Hasselt),2020-07-04,0,117
Nieuwerkerken (Hasselt),2020-07-07,0,117
Nieuwerkerken (Hasselt),2020-07-08,0,117
Nieuwerkerken (Hasselt),2020-07-09,0,117
Nieuwerkerken (Hasselt),2020-07-10,0,117
Nieuwerkerken (Hasselt),2020-07-11,0,117
Nieuwerkerken (Hasselt),2020-07-14,0,117
Nieuwerkerken (Hasselt),2020-07-15,1,118
Nieuwerkerken (Hasselt),2020-07-16,0,118
Nieuwerkerken (Hasselt),2020-07-17,0,118
Nieuwerkerken (Hasselt),2020-07-18,0,118
Nieuwerkerken (Hasselt),2020-07-20,1,119
Nieuwerkerken (Hasselt),2020-07-21,0,119
Nieuwerkerken (Hasselt),2020-07-22,0,119
Nieuwerkerken (Hasselt),2020-07-23,0,119
Nieuwerkerken (Hasselt),2020-07-24,1,120
Nieuwerkerken (Hasselt),2020-07-25,0,120
Nieuwerkerken (Hasselt),2020-07-26,0,120
Nieuwerkerken (Hasselt),2020-07-27,0,120
Nieuwerkerken (Hasselt),2020-07-28,0,120
Nieuwerkerken (Hasselt),2020-07-29,0,120
Nieuwerkerken (Hasselt),2020-07-30,0,120
Nieuwerkerken (Hasselt),2020-07-31,0,120
Sint-Truiden,2020-04-01,18,187
Sint-Truiden,2020-04-02,16,203
Sint-Truiden,2020-04-03,8,211
Sint-Truiden,2020-04-04,20,231
Sint-Truiden,2020-04-05,19,250
Sint-Truiden,2020-04-06,35,285
Sint-Truiden,2020-04-07,14,299
Sint-Truiden,2020-04-08,7,306
Sint-Truiden,2020-04-09,29,335
Sint-Truiden,2020-04-10,65,400
Sint-Truiden,2020-04-11,19,419
Sint-Truiden,2020-04-12,14,433
Sint-Truiden,2020-04-13,15,448
Sint-Truiden,2020-04-14,0,448
Sint-Truiden,2020-04-15,61,509
Sint-Truiden,2020-04-16,6,515
Sint-Truiden,2020-04-17,9,524
Sint-Truiden,2020-04-18,9,533
Sint-Truiden,2020-04-19,9,542
Sint-Truiden,2020-04-20,6,548
Sint-Truiden,2020-04-21,6,554
Sint-Truiden,2020-04-22,8,562
Sint-Truiden,2020-04-23,10,572
Sint-Truiden,2020-04-24,2,574
Sint-Truiden,2020-04-25,7,581
Sint-Truiden,2020-04-26,4,585
Sint-Truiden,2020-04-27,0,585
Sint-Truiden,2020-04-28,1,586
Sint-Truiden,2020-04-29,1,587
Sint-Truiden,2020-04-30,7,594
Sint-Truiden,2020-05-01,8,602
Sint-Truiden,2020-05-02,6,608
Sint-Truiden,2020-05-03,4,612
Sint-Truiden,2020-05-04,9,621
Sint-Truiden,2020-05-05,1,622
Sint-Truiden,2020-05-06,2,624
Sint-Truiden,2020-05-07,1,625
Sint-Truiden,2020-05-08,5,630
Sint-Truiden,2020-05-09,2,632
Sint-Truiden,2020-05-10,2,634
Sint-Truiden,2020-05-11,2,636
Sint-Truiden,2020-05-12,5,641
Sint-Truiden,2020-05-13,1,642
Sint-Truiden,2020-05-14,1,643
Sint-Truiden,2020-05-15,4,647
Sint-Truiden,2020-05-16,1,648
Sint-Truiden,2020-05-17,3,651
Sint-Truiden,2020-05-18,0,651
Sint-Truiden,2020-05-19,8,659
Sint-Truiden,2020-05-20,1,660
Sint-Truiden,2020-05-21,0,660
Sint-Truiden,2020-05-22,7,667
Sint-Truiden,2020-05-23,32,699
Sint-Truiden,2020-05-24,2,701
Sint-Truiden,2020-05-25,0,701
Sint-Truiden,2020-05-26,-29,672
Sint-Truiden,2020-05-27,2,674
Sint-Truiden,2020-05-28,1,675
Sint-Truiden,2020-05-29,2,677
Sint-Truiden,2020-05-30,2,679
Sint-Truiden,2020-05-31,3,682
Sint-Truiden,2020-06-01,2,684
Sint-Truiden,2020-06-02,3,687
Sint-Truiden,2020-06-03,1,688
Sint-Truiden,2020-06-04,1,689
Sint-Truiden,2020-06-05,3,692
Sint-Truiden,2020-06-06,0,692
Sint-Truiden,2020-06-07,1,693
Sint-Truiden,2020-06-08,3,696
Sint-Truiden,2020-06-09,0,696
Sint-Truiden,2020-06-10,3,699
Sint-Truiden,2020-06-11,0,699
Sint-Truiden,2020-06-12,1,700
Sint-Truiden,2020-06-13,0,700
Sint-Truiden,2020-06-14,0,700
Sint-Truiden,2020-06-15,2,702
Sint-Truiden,2020-06-16,0,702
Sint-Truiden,2020-06-17,1,703
Sint-Truiden,2020-06-18,1,704
Sint-Truiden,2020-06-19,0,704
Sint-Truiden,2020-06-20,0,704
Sint-Truiden,2020-06-23,2,706
Sint-Truiden,2020-06-24,0,706
Sint-Truiden,2020-06-25,-1,705
Sint-Truiden,2020-06-26,0,705
Sint-Truiden,2020-06-27,0,705
Sint-Truiden,2020-06-30,2,707
Sint-Truiden,2020-07-01,0,707
Sint-Truiden,2020-07-02,0,707
Sint-Truiden,2020-07-03,1,708
Sint-Truiden,2020-07-04,0,708
Sint-Truiden,2020-07-07,0,708
Sint-Truiden,2020-07-08,0,708
Sint-Truiden,2020-07-09,1,709
Sint-Truiden,2020-07-10,1,710
Sint-Truiden,2020-07-11,1,711
Sint-Truiden,2020-07-14,0,711
Sint-Truiden,2020-07-15,0,711
Sint-Truiden,2020-07-16,1,712
Sint-Truiden,2020-07-17,1,713
Sint-Truiden,2020-07-18,0,713
Sint-Truiden,2020-07-20,0,713
Sint-Truiden,2020-07-21,0,713
Sint-Truiden,2020-07-22,1,714
Sint-Truiden,2020-07-23,0,714
Sint-Truiden,2020-07-24,1,715
Sint-Truiden,2020-07-25,1,716
Sint-Truiden,2020-07-26,1,717
Sint-Truiden,2020-07-27,1,718
Sint-Truiden,2020-07-28,0,718
Sint-Truiden,2020-07-29,0,718
Sint-Truiden,2020-07-30,0,718
Sint-Truiden,2020-07-31,2,720
Tessenderlo,2020-04-01,5,20
Tessenderlo,2020-04-02,2,22
Tessenderlo,2020-04-03,3,25
Tessenderlo,2020-04-04,4,29
Tessenderlo,2020-04-05,1,30
Tessenderlo,2020-04-06,1,31
Tessenderlo,2020-04-07,0,31
Tessenderlo,2020-04-08,0,31
Tessenderlo,2020-04-09,2,33
Tessenderlo,2020-04-10,0,33
Tessenderlo,2020-04-11,1,34
Tessenderlo,2020-04-12,0,34
Tessenderlo,2020-04-13,1,35
Tessenderlo,2020-04-14,1,36
Tessenderlo,2020-04-15,2,38
Tessenderlo,2020-04-16,2,40
Tessenderlo,2020-04-17,2,42
Tessenderlo,2020-04-18,0,42
Tessenderlo,2020-04-19,5,47
Tessenderlo,2020-04-20,1,48
Tessenderlo,2020-04-21,1,49
Tessenderlo,2020-04-22,1,50
Tessenderlo,2020-04-23,1,51
Tessenderlo,2020-04-24,0,51
Tessenderlo,2020-04-25,2,53
Tessenderlo,2020-04-26,0,53
Tessenderlo,2020-04-27,0,53
Tessenderlo,2020-04-28,3,56
Tessenderlo,2020-04-29,0,56
Tessenderlo,2020-04-30,0,56
Tessenderlo,2020-05-01,0,56
Tessenderlo,2020-05-02,1,57
Tessenderlo,2020-05-03,0,57
Tessenderlo,2020-05-04,0,57
Tessenderlo,2020-05-05,0,57
Tessenderlo,2020-05-06,1,58
Tessenderlo,2020-05-07,0,58
Tessenderlo,2020-05-08,0,58
Tessenderlo,2020-05-09,2,60
Tessenderlo,2020-05-10,0,60
Tessenderlo,2020-05-11,0,60
Tessenderlo,2020-05-12,0,60
Tessenderlo,2020-05-13,0,60
Tessenderlo,2020-05-14,0,60
Tessenderlo,2020-05-15,1,61
Tessenderlo,2020-05-16,0,61
Tessenderlo,2020-05-17,0,61
Tessenderlo,2020-05-18,0,61
Tessenderlo,2020-05-19,0,61
Tessenderlo,2020-05-20,0,61
Tessenderlo,2020-05-21,0,61
Tessenderlo,2020-05-22,0,61
Tessenderlo,2020-05-23,0,61
Tessenderlo,2020-05-24,0,61
Tessenderlo,2020-05-25,1,62
Tessenderlo,2020-05-26,0,62
Tessenderlo,2020-05-27,0,62
Tessenderlo,2020-05-28,1,63
Tessenderlo,2020-05-29,0,63
Tessenderlo,2020-05-30,0,63
Tessenderlo,2020-05-31,0,63
Tessenderlo,2020-06-01,0,63
Tessenderlo,2020-06-02,0,63
Tessenderlo,2020-06-03,0,63
Tessenderlo,2020-06-04,0,63
Tessenderlo,2020-06-05,0,63
Tessenderlo,2020-06-06,0,63
Tessenderlo,2020-06-07,0,63
Tessenderlo,2020-06-08,0,63
Tessenderlo,2020-06-09,0,63
Tessenderlo,2020-06-10,0,63
Tessenderlo,2020-06-11,0,63
Tessenderlo,2020-06-12,0,63
Tessenderlo,2020-06-13,0,63
Tessenderlo,2020-06-14,0,63
Tessenderlo,2020-06-15,0,63
Tessenderlo,2020-06-16,0,63
Tessenderlo,2020-06-17,0,63
Tessenderlo,2020-06-18,0,63
Tessenderlo,2020-06-19,0,63
Tessenderlo,2020-06-20,0,63
Tessenderlo,2020-06-23,0,63
Tessenderlo,2020-06-24,0,63
Tessenderlo,2020-06-25,0,63
Tessenderlo,2020-06-26,0,63
Tessenderlo,2020-06-27,1,64
Tessenderlo,2020-06-30,0,64
Tessenderlo,2020-07-01,0,64
Tessenderlo,2020-07-02,0,64
Tessenderlo,2020-07-03,0,64
Tessenderlo,2020-07-04,0,64
Tessenderlo,2020-07-07,0,64
Tessenderlo,2020-07-08,0,64
Tessenderlo,2020-07-09,0,64
Tessenderlo,2020-07-10,0,64
Tessenderlo,2020-07-11,0,64
Tessenderlo,2020-07-14,0,64
Tessenderlo,2020-07-15,0,64
Tessenderlo,2020-07-16,0,64
Tessenderlo,2020-07-17,0,64
Tessenderlo,2020-07-18,0,64
Tessenderlo,2020-07-20,0,64
Tessenderlo,2020-07-21,0,64
Tessenderlo,2020-07-22,0,64
Tessenderlo,2020-07-23,0,64
Tessenderlo,2020-07-24,1,65
Tessenderlo,2020-07-25,0,65
Tessenderlo,2020-07-26,0,65
Tessenderlo,2020-07-27,0,65
Tessenderlo,2020-07-28,0,65
Tessenderlo,2020-07-29,0,65
Tessenderlo,2020-07-30,0,65
Tessenderlo,2020-07-31,3,68
Zonhoven,2020-04-01,5,43
Zonhoven,2020-04-02,4,47
Zonhoven,2020-04-03,6,53
Zonhoven,2020-04-04,3,56
Zonhoven,2020-04-05,7,63
Zonhoven,2020-04-06,7,70
Zonhoven,2020-04-07,5,75
Zonhoven,2020-04-08,1,76
Zonhoven,2020-04-09,8,84
Zonhoven,2020-04-10,9,93
Zonhoven,2020-04-11,5,98
Zonhoven,2020-04-12,4,102
Zonhoven,2020-04-13,3,105
Zonhoven,2020-04-14,1,106
Zonhoven,2020-04-15,7,113
Zonhoven,2020-04-16,6,119
Zonhoven,2020-04-17,12,131
Zonhoven,2020-04-18,4,135
Zonhoven,2020-04-19,2,137
Zonhoven,2020-04-20,6,143
Zonhoven,2020-04-21,3,146
Zonhoven,2020-04-22,2,148
Zonhoven,2020-04-23,1,149
Zonhoven,2020-04-24,18,167
Zonhoven,2020-04-25,4,171
Zonhoven,2020-04-26,0,171
Zonhoven,2020-04-27,2,173
Zonhoven,2020-04-28,1,174
Zonhoven,2020-04-29,1,175
Zonhoven,2020-04-30,0,175
Zonhoven,2020-05-01,2,177
Zonhoven,2020-05-02,0,177
Zonhoven,2020-05-03,1,178
Zonhoven,2020-05-04,0,178
Zonhoven,2020-05-05,0,178
Zonhoven,2020-05-06,0,178
Zonhoven,2020-05-07,0,178
Zonhoven,2020-05-08,1,179
Zonhoven,2020-05-09,0,179
Zonhoven,2020-05-10,0,179
Zonhoven,2020-05-11,0,179
Zonhoven,2020-05-12,0,179
Zonhoven,2020-05-13,0,179
Zonhoven,2020-05-14,0,179
Zonhoven,2020-05-15,0,179
Zonhoven,2020-05-16,0,179
Zonhoven,2020-05-17,0,179
Zonhoven,2020-05-18,1,180
Zonhoven,2020-05-19,1,181
Zonhoven,2020-05-20,0,181
Zonhoven,2020-05-21,1,182
Zonhoven,2020-05-22,6,188
Zonhoven,2020-05-23,1,189
Zonhoven,2020-05-24,2,191
Zonhoven,2020-05-25,1,192
Zonhoven,2020-05-26,3,195
Zonhoven,2020-05-27,0,195
Zonhoven,2020-05-28,0,195
Zonhoven,2020-05-29,1,196
Zonhoven,2020-05-30,0,196
Zonhoven,2020-05-31,2,198
Zonhoven,2020-06-01,0,198
Zonhoven,2020-06-02,0,198
Zonhoven,2020-06-03,0,198
Zonhoven,2020-06-04,0,198
Zonhoven,2020-06-05,0,198
Zonhoven,2020-06-06,0,198
Zonhoven,2020-06-07,0,198
Zonhoven,2020-06-08,0,198
Zonhoven,2020-06-09,1,199
Zonhoven,2020-06-10,1,200
Zonhoven,2020-06-11,-1,199
Zonhoven,2020-06-12,1,200
Zonhoven,2020-06-13,0,200
Zonhoven,2020-06-14,0,200
Zonhoven,2020-06-15,0,200
Zonhoven,2020-06-16,0,200
Zonhoven,2020-06-17,0,200
Zonhoven,2020-06-18,3,203
Zonhoven,2020-06-19,0,203
Zonhoven,2020-06-20,0,203
Zonhoven,2020-06-23,0,203
Zonhoven,2020-06-24,0,203
Zonhoven,2020-06-25,0,203
Zonhoven,2020-06-26,0,203
Zonhoven,2020-06-27,0,203
Zonhoven,2020-06-30,2,205
Zonhoven,2020-07-01,0,205
Zonhoven,2020-07-02,1,206
Zonhoven,2020-07-03,0,206
Zonhoven,2020-07-04,0,206
Zonhoven,2020-07-07,0,206
Zonhoven,2020-07-08,0,206
Zonhoven,2020-07-09,0,206
Zonhoven,2020-07-10,0,206
Zonhoven,2020-07-11,0,206
Zonhoven,2020-07-14,1,207
Zonhoven,2020-07-15,1,208
Zonhoven,2020-07-16,0,208
Zonhoven,2020-07-17,0,208
Zonhoven,2020-07-18,0,208
Zonhoven,2020-07-20,0,208
Zonhoven,2020-07-21,0,208
Zonhoven,2020-07-22,1,209
Zonhoven,2020-07-23,2,211
Zonhoven,2020-07-24,0,211
Zonhoven,2020-07-25,0,211
Zonhoven,2020-07-26,0,211
Zonhoven,2020-07-27,0,211
Zonhoven,2020-07-28,1,212
Zonhoven,2020-07-29,0,212
Zonhoven,2020-07-30,3,215
Zonhoven,2020-07-31,1,216
Zutendaal,2020-04-01,5,5
Zutendaal,2020-04-02,1,6
Zutendaal,2020-04-03,2,8
Zutendaal,2020-04-04,2,10
Zutendaal,2020-04-05,4,14
Zutendaal,2020-04-06,2,16
Zutendaal,2020-04-07,0,16
Zutendaal,2020-04-08,0,16
Zutendaal,2020-04-09,0,16
Zutendaal,2020-04-10,3,19
Zutendaal,2020-04-11,1,20
Zutendaal,2020-04-12,1,21
Zutendaal,2020-04-13,1,22
Zutendaal,2020-04-14,1,23
Zutendaal,2020-04-15,0,23
Zutendaal,2020-04-16,3,26
Zutendaal,2020-04-17,3,29
Zutendaal,2020-04-18,2,31
Zutendaal,2020-04-19,0,31
Zutendaal,2020-04-20,0,31
Zutendaal,2020-04-21,10,41
Zutendaal,2020-04-22,2,43
Zutendaal,2020-04-23,1,44
Zutendaal,2020-04-24,1,45
Zutendaal,2020-04-25,0,45
Zutendaal,2020-04-26,2,47
Zutendaal,2020-04-27,0,47
Zutendaal,2020-04-28,0,47
Zutendaal,2020-04-29,0,47
Zutendaal,2020-04-30,0,47
Zutendaal,2020-05-01,0,47
Zutendaal,2020-05-02,0,47
Zutendaal,2020-05-03,0,47
Zutendaal,2020-05-04,1,48
Zutendaal,2020-05-05,0,48
Zutendaal,2020-05-06,0,48
Zutendaal,2020-05-07,0,48
Zutendaal,2020-05-08,0,48
Zutendaal,2020-05-09,0,48
Zutendaal,2020-05-10,0,48
Zutendaal,2020-05-11,0,48
Zutendaal,2020-05-12,1,49
Zutendaal,2020-05-13,0,49
Zutendaal,2020-05-14,4,53
Zutendaal,2020-05-15,1,54
Zutendaal,2020-05-16,0,54
Zutendaal,2020-05-17,0,54
Zutendaal,2020-05-18,0,54
Zutendaal,2020-05-19,1,55
Zutendaal,2020-05-20,1,56
Zutendaal,2020-05-21,0,56
Zutendaal,2020-05-22,0,56
Zutendaal,2020-05-23,1,57
Zutendaal,2020-05-24,0,57
Zutendaal,2020-05-25,0,57
Zutendaal,2020-05-26,-1,56
Zutendaal,2020-05-27,1,57
Zutendaal,2020-05-28,1,58
Zutendaal,2020-05-29,0,58
Zutendaal,2020-05-30,0,58
Zutendaal,2020-05-31,1,59
Zutendaal,2020-06-01,1,60
Zutendaal,2020-06-02,0,60
Zutendaal,2020-06-03,0,60
Zutendaal,2020-06-04,0,60
Zutendaal,2020-06-05,2,62
Zutendaal,2020-06-06,0,62
Zutendaal,2020-06-07,0,62
Zutendaal,2020-06-08,0,62
Zutendaal,2020-06-09,0,62
Zutendaal,2020-06-10,0,62
Zutendaal,2020-06-11,0,62
Zutendaal,2020-06-12,0,62
Zutendaal,2020-06-13,0,62
Zutendaal,2020-06-14,0,62
Zutendaal,2020-06-15,0,62
Zutendaal,2020-06-16,0,62
Zutendaal,2020-06-17,0,62
Zutendaal,2020-06-18,0,62
Zutendaal,2020-06-19,0,62
Zutendaal,2020-06-20,0,62
Zutendaal,2020-06-23,0,62
Zutendaal,2020-06-24,0,62
Zutendaal,2020-06-25,0,62
Zutendaal,2020-06-26,0,62
Zutendaal,2020-06-27,0,62
Zutendaal,2020-06-30,0,62
Zutendaal,2020-07-01,0,62
Zutendaal,2020-07-02,0,62
Zutendaal,2020-07-03,0,62
Zutendaal,2020-07-04,0,62
Zutendaal,2020-07-07,0,62
Zutendaal,2020-07-08,0,62
Zutendaal,2020-07-09,0,62
Zutendaal,2020-07-10,0,62
Zutendaal,2020-07-11,0,62
Zutendaal,2020-07-14,0,62
Zutendaal,2020-07-15,0,62
Zutendaal,2020-07-16,0,62
Zutendaal,2020-07-17,0,62
Zutendaal,2020-07-18,0,62
Zutendaal,2020-07-20,0,62
Zutendaal,2020-07-21,1,63
Zutendaal,2020-07-22,0,63
Zutendaal,2020-07-23,0,63
Zutendaal,2020-07-24,0,63
Zutendaal,2020-07-25,0,63
Zutendaal,2020-07-26,0,63
Zutendaal,2020-07-27,1,64
Zutendaal,2020-07-28,0,64
Zutendaal,2020-07-29,0,64
Zutendaal,2020-07-30,0,64
Zutendaal,2020-07-31,0,64
Ham,2020-04-01,4,16
Ham,2020-04-02,1,17
Ham,2020-04-03,3,20
Ham,2020-04-04,1,21
Ham,2020-04-05,1,22
Ham,2020-04-06,5,27
Ham,2020-04-07,0,27
Ham,2020-04-08,1,28
Ham,2020-04-09,4,32
Ham,2020-04-10,0,32
Ham,2020-04-11,2,34
Ham,2020-04-12,0,34
Ham,2020-04-13,0,34
Ham,2020-04-14,3,37
Ham,2020-04-15,2,39
Ham,2020-04-16,0,39
Ham,2020-04-17,5,44
Ham,2020-04-18,0,44
Ham,2020-04-19,4,48
Ham,2020-04-20,0,48
Ham,2020-04-21,0,48
Ham,2020-04-22,0,48
Ham,2020-04-23,0,48
Ham,2020-04-24,1,49
Ham,2020-04-25,0,49
Ham,2020-04-26,0,49
Ham,2020-04-27,1,50
Ham,2020-04-28,6,56
Ham,2020-04-29,0,56
Ham,2020-04-30,2,58
Ham,2020-05-01,0,58
Ham,2020-05-02,0,58
Ham,2020-05-03,0,58
Ham,2020-05-04,0,58
Ham,2020-05-05,0,58
Ham,2020-05-06,0,58
Ham,2020-05-07,0,58
Ham,2020-05-08,0,58
Ham,2020-05-09,0,58
Ham,2020-05-10,0,58
Ham,2020-05-11,0,58
Ham,2020-05-12,0,58
Ham,2020-05-13,0,58
Ham,2020-05-14,0,58
Ham,2020-05-15,0,58
Ham,2020-05-16,0,58
Ham,2020-05-17,0,58
Ham,2020-05-18,0,58
Ham,2020-05-19,0,58
Ham,2020-05-20,0,58
Ham,2020-05-21,1,59
Ham,2020-05-22,0,59
Ham,2020-05-23,0,59
Ham,2020-05-24,0,59
Ham,2020-05-25,0,59
Ham,2020-05-26,0,59
Ham,2020-05-27,0,59
Ham,2020-05-28,0,59
Ham,2020-05-29,0,59
Ham,2020-05-30,0,59
Ham,2020-05-31,0,59
Ham,2020-06-01,0,59
Ham,2020-06-02,0,59
Ham,2020-06-03,0,59
Ham,2020-06-04,0,59
Ham,2020-06-05,0,59
Ham,2020-06-06,0,59
Ham,2020-06-07,0,59
Ham,2020-06-08,0,59
Ham,2020-06-09,0,59
Ham,2020-06-10,0,59
Ham,2020-06-11,1,60
Ham,2020-06-12,0,60
Ham,2020-06-13,0,60
Ham,2020-06-14,0,60
Ham,2020-06-15,0,60
Ham,2020-06-16,0,60
Ham,2020-06-17,0,60
Ham,2020-06-18,0,60
Ham,2020-06-19,0,60
Ham,2020-06-20,0,60
Ham,2020-06-23,0,60
Ham,2020-06-24,0,60
Ham,2020-06-25,0,60
Ham,2020-06-26,1,61
Ham,2020-06-27,0,61
Ham,2020-06-30,0,61
Ham,2020-07-01,0,61
Ham,2020-07-02,0,61
Ham,2020-07-03,0,61
Ham,2020-07-04,0,61
Ham,2020-07-07,0,61
Ham,2020-07-08,0,61
Ham,2020-07-09,0,61
Ham,2020-07-10,0,61
Ham,2020-07-11,0,61
Ham,2020-07-14,0,61
Ham,2020-07-15,0,61
Ham,2020-07-16,0,61
Ham,2020-07-17,0,61
Ham,2020-07-18,0,61
Ham,2020-07-20,0,61
Ham,2020-07-21,0,61
Ham,2020-07-22,0,61
Ham,2020-07-23,0,61
Ham,2020-07-24,0,61
Ham,2020-07-25,3,64
Ham,2020-07-26,0,64
Ham,2020-07-27,0,64
Ham,2020-07-28,0,64
Ham,2020-07-29,0,64
Ham,2020-07-30,0,64
Ham,2020-07-31,0,64
Heusden-Zolder,2020-04-01,5,66
Heusden-Zolder,2020-04-02,5,71
Heusden-Zolder,2020-04-03,3,74
Heusden-Zolder,2020-04-04,4,78
Heusden-Zolder,2020-04-05,3,81
Heusden-Zolder,2020-04-06,5,86
Heusden-Zolder,2020-04-07,3,89
Heusden-Zolder,2020-04-08,6,95
Heusden-Zolder,2020-04-09,3,98
Heusden-Zolder,2020-04-10,5,103
Heusden-Zolder,2020-04-11,4,107
Heusden-Zolder,2020-04-12,2,109
Heusden-Zolder,2020-04-13,4,113
Heusden-Zolder,2020-04-14,3,116
Heusden-Zolder,2020-04-15,3,119
Heusden-Zolder,2020-04-16,6,125
Heusden-Zolder,2020-04-17,1,126
Heusden-Zolder,2020-04-18,5,131
Heusden-Zolder,2020-04-19,6,137
Heusden-Zolder,2020-04-20,2,139
Heusden-Zolder,2020-04-21,2,141
Heusden-Zolder,2020-04-22,0,141
Heusden-Zolder,2020-04-23,1,142
Heusden-Zolder,2020-04-24,4,146
Heusden-Zolder,2020-04-25,2,148
Heusden-Zolder,2020-04-26,0,148
Heusden-Zolder,2020-04-27,0,148
Heusden-Zolder,2020-04-28,2,150
Heusden-Zolder,2020-04-29,1,151
Heusden-Zolder,2020-04-30,1,152
Heusden-Zolder,2020-05-01,1,153
Heusden-Zolder,2020-05-02,0,153
Heusden-Zolder,2020-05-03,0,153
Heusden-Zolder,2020-05-04,1,154
Heusden-Zolder,2020-05-05,1,155
Heusden-Zolder,2020-05-06,0,155
Heusden-Zolder,2020-05-07,0,155
Heusden-Zolder,2020-05-08,1,156
Heusden-Zolder,2020-05-09,0,156
Heusden-Zolder,2020-05-10,3,159
Heusden-Zolder,2020-05-11,1,160
Heusden-Zolder,2020-05-12,1,161
Heusden-Zolder,2020-05-13,0,161
Heusden-Zolder,2020-05-14,2,163
Heusden-Zolder,2020-05-15,0,163
Heusden-Zolder,2020-05-16,1,164
Heusden-Zolder,2020-05-17,6,170
Heusden-Zolder,2020-05-18,0,170
Heusden-Zolder,2020-05-19,4,174
Heusden-Zolder,2020-05-20,3,177
Heusden-Zolder,2020-05-21,2,179
Heusden-Zolder,2020-05-22,4,183
Heusden-Zolder,2020-05-23,1,184
Heusden-Zolder,2020-05-24,6,190
Heusden-Zolder,2020-05-25,0,190
Heusden-Zolder,2020-05-26,1,191
Heusden-Zolder,2020-05-27,2,193
Heusden-Zolder,2020-05-28,0,193
Heusden-Zolder,2020-05-29,2,195
Heusden-Zolder,2020-05-30,1,196
Heusden-Zolder,2020-05-31,3,199
Heusden-Zolder,2020-06-01,1,200
Heusden-Zolder,2020-06-02,0,200
Heusden-Zolder,2020-06-03,0,200
Heusden-Zolder,2020-06-04,0,200
Heusden-Zolder,2020-06-05,0,200
Heusden-Zolder,2020-06-06,0,200
Heusden-Zolder,2020-06-07,3,203
Heusden-Zolder,2020-06-08,1,204
Heusden-Zolder,2020-06-09,1,205
Heusden-Zolder,2020-06-10,1,206
Heusden-Zolder,2020-06-11,2,208
Heusden-Zolder,2020-06-12,6,214
Heusden-Zolder,2020-06-13,2,216
Heusden-Zolder,2020-06-14,2,218
Heusden-Zolder,2020-06-15,0,218
Heusden-Zolder,2020-06-16,0,218
Heusden-Zolder,2020-06-17,1,219
Heusden-Zolder,2020-06-18,1,220
Heusden-Zolder,2020-06-19,1,221
Heusden-Zolder,2020-06-20,1,222
Heusden-Zolder,2020-06-23,1,223
Heusden-Zolder,2020-06-24,0,223
Heusden-Zolder,2020-06-25,-2,221
Heusden-Zolder,2020-06-26,0,221
Heusden-Zolder,2020-06-27,0,221
Heusden-Zolder,2020-06-30,3,224
Heusden-Zolder,2020-07-01,0,224
Heusden-Zolder,2020-07-02,0,224
Heusden-Zolder,2020-07-03,2,226
Heusden-Zolder,2020-07-04,1,227
Heusden-Zolder,2020-07-07,1,228
Heusden-Zolder,2020-07-08,0,228
Heusden-Zolder,2020-07-09,4,232
Heusden-Zolder,2020-07-10,2,234
Heusden-Zolder,2020-07-11,3,237
Heusden-Zolder,2020-07-14,11,248
Heusden-Zolder,2020-07-15,0,248
Heusden-Zolder,2020-07-16,5,253
Heusden-Zolder,2020-07-17,0,253
Heusden-Zolder,2020-07-18,6,259
Heusden-Zolder,2020-07-20,9,268
Heusden-Zolder,2020-07-21,4,272
Heusden-Zolder,2020-07-22,3,275
Heusden-Zolder,2020-07-23,1,276
Heusden-Zolder,2020-07-24,2,278
Heusden-Zolder,2020-07-25,8,286
Heusden-Zolder,2020-07-26,5,291
Heusden-Zolder,2020-07-27,2,293
Heusden-Zolder,2020-07-28,1,294
Heusden-Zolder,2020-07-29,1,295
Heusden-Zolder,2020-07-30,1,296
Heusden-Zolder,2020-07-31,7,303
Bocholt,2020-04-01,1,20
Bocholt,2020-04-02,4,24
Bocholt,2020-04-03,1,25
Bocholt,2020-04-04,3,28
Bocholt,2020-04-05,2,30
Bocholt,2020-04-06,1,31
Bocholt,2020-04-07,0,31
Bocholt,2020-04-08,1,32
Bocholt,2020-04-09,3,35
Bocholt,2020-04-10,0,35
Bocholt,2020-04-11,0,35
Bocholt,2020-04-12,2,37
Bocholt,2020-04-13,3,40
Bocholt,2020-04-14,0,40
Bocholt,2020-04-15,2,42
Bocholt,2020-04-16,0,42
Bocholt,2020-04-17,1,43
Bocholt,2020-04-18,0,43
Bocholt,2020-04-19,0,43
Bocholt,2020-04-20,1,44
Bocholt,2020-04-21,0,44
Bocholt,2020-04-22,0,44
Bocholt,2020-04-23,3,47
Bocholt,2020-04-24,0,47
Bocholt,2020-04-25,1,48
Bocholt,2020-04-26,0,48
Bocholt,2020-04-27,0,48
Bocholt,2020-04-28,0,48
Bocholt,2020-04-29,0,48
Bocholt,2020-04-30,2,50
Bocholt,2020-05-01,0,50
Bocholt,2020-05-02,0,50
Bocholt,2020-05-03,0,50
Bocholt,2020-05-04,0,50
Bocholt,2020-05-05,0,50
Bocholt,2020-05-06,0,50
Bocholt,2020-05-07,0,50
Bocholt,2020-05-08,1,51
Bocholt,2020-05-09,0,51
Bocholt,2020-05-10,2,53
Bocholt,2020-05-11,0,53
Bocholt,2020-05-12,0,53
Bocholt,2020-05-13,1,54
Bocholt,2020-05-14,0,54
Bocholt,2020-05-15,1,55
Bocholt,2020-05-16,0,55
Bocholt,2020-05-17,0,55
Bocholt,2020-05-18,0,55
Bocholt,2020-05-19,0,55
Bocholt,2020-05-20,0,55
Bocholt,2020-05-21,0,55
Bocholt,2020-05-22,2,57
Bocholt,2020-05-23,0,57
Bocholt,2020-05-24,0,57
Bocholt,2020-05-25,0,57
Bocholt,2020-05-26,0,57
Bocholt,2020-05-27,0,57
Bocholt,2020-05-28,0,57
Bocholt,2020-05-29,1,58
Bocholt,2020-05-30,0,58
Bocholt,2020-05-31,0,58
Bocholt,2020-06-01,0,58
Bocholt,2020-06-02,0,58
Bocholt,2020-06-03,0,58
Bocholt,2020-06-04,0,58
Bocholt,2020-06-05,0,58
Bocholt,2020-06-06,0,58
Bocholt,2020-06-07,0,58
Bocholt,2020-06-08,0,58
Bocholt,2020-06-09,0,58
Bocholt,2020-06-10,0,58
Bocholt,2020-06-11,0,58
Bocholt,2020-06-12,0,58
Bocholt,2020-06-13,1,59
Bocholt,2020-06-14,0,59
Bocholt,2020-06-15,0,59
Bocholt,2020-06-16,0,59
Bocholt,2020-06-17,0,59
Bocholt,2020-06-18,0,59
Bocholt,2020-06-19,1,60
Bocholt,2020-06-20,0,60
Bocholt,2020-06-23,0,60
Bocholt,2020-06-24,0,60
Bocholt,2020-06-25,0,60
Bocholt,2020-06-26,0,60
Bocholt,2020-06-27,0,60
Bocholt,2020-06-30,0,60
Bocholt,2020-07-01,0,60
Bocholt,2020-07-02,0,60
Bocholt,2020-07-03,0,60
Bocholt,2020-07-04,0,60
Bocholt,2020-07-07,0,60
Bocholt,2020-07-08,0,60
Bocholt,2020-07-09,0,60
Bocholt,2020-07-10,0,60
Bocholt,2020-07-11,0,60
Bocholt,2020-07-14,0,60
Bocholt,2020-07-15,0,60
Bocholt,2020-07-16,0,60
Bocholt,2020-07-17,0,60
Bocholt,2020-07-18,0,60
Bocholt,2020-07-20,0,60
Bocholt,2020-07-21,0,60
Bocholt,2020-07-22,2,62
Bocholt,2020-07-23,0,62
Bocholt,2020-07-24,0,62
Bocholt,2020-07-25,0,62
Bocholt,2020-07-26,0,62
Bocholt,2020-07-27,0,62
Bocholt,2020-07-28,0,62
Bocholt,2020-07-29,1,63
Bocholt,2020-07-30,1,64
Bocholt,2020-07-31,0,64
Bree,2020-04-01,2,29
Bree,2020-04-02,1,30
Bree,2020-04-03,1,31
Bree,2020-04-04,1,32
Bree,2020-04-05,3,35
Bree,2020-04-06,3,38
Bree,2020-04-07,1,39
Bree,2020-04-08,1,40
Bree,2020-04-09,2,42
Bree,2020-04-10,13,55
Bree,2020-04-11,3,58
Bree,2020-04-12,15,73
Bree,2020-04-13,0,73
Bree,2020-04-14,2,75
Bree,2020-04-15,4,79
Bree,2020-04-16,2,81
Bree,2020-04-17,1,82
Bree,2020-04-18,14,96
Bree,2020-04-19,1,97
Bree,2020-04-20,0,97
Bree,2020-04-21,0,97
Bree,2020-04-22,0,97
Bree,2020-04-23,2,99
Bree,2020-04-24,3,102
Bree,2020-04-25,1,103
Bree,2020-04-26,14,117
Bree,2020-04-27,0,117
Bree,2020-04-28,0,117
Bree,2020-04-29,0,117
Bree,2020-04-30,0,117
Bree,2020-05-01,1,118
Bree,2020-05-02,3,121
Bree,2020-05-03,1,122
Bree,2020-05-04,0,122
Bree,2020-05-05,0,122
Bree,2020-05-06,0,122
Bree,2020-05-07,0,122
Bree,2020-05-08,1,123
Bree,2020-05-09,1,124
Bree,2020-05-10,1,125
Bree,2020-05-11,1,126
Bree,2020-05-12,3,129
Bree,2020-05-13,2,131
Bree,2020-05-14,1,132
Bree,2020-05-15,1,133
Bree,2020-05-16,0,133
Bree,2020-05-17,0,133
Bree,2020-05-18,1,134
Bree,2020-05-19,0,134
Bree,2020-05-20,0,134
Bree,2020-05-21,0,134
Bree,2020-05-22,3,137
Bree,2020-05-23,0,137
Bree,2020-05-24,0,137
Bree,2020-05-25,0,137
Bree,2020-05-26,1,138
Bree,2020-05-27,0,138
Bree,2020-05-28,0,138
Bree,2020-05-29,0,138
Bree,2020-05-30,0,138
Bree,2020-05-31,0,138
Bree,2020-06-01,0,138
Bree,2020-06-02,0,138
Bree,2020-06-03,0,138
Bree,2020-06-04,0,138
Bree,2020-06-05,0,138
Bree,2020-06-06,0,138
Bree,2020-06-07,1,139
Bree,2020-06-08,0,139
Bree,2020-06-09,0,139
Bree,2020-06-10,0,139
Bree,2020-06-11,0,139
Bree,2020-06-12,0,139
Bree,2020-06-13,0,139
Bree,2020-06-14,1,140
Bree,2020-06-15,0,140
Bree,2020-06-16,0,140
Bree,2020-06-17,0,140
Bree,2020-06-18,0,140
Bree,2020-06-19,0,140
Bree,2020-06-20,0,140
Bree,2020-06-23,0,140
Bree,2020-06-24,0,140
Bree,2020-06-25,1,141
Bree,2020-06-26,0,141
Bree,2020-06-27,0,141
Bree,2020-06-30,1,142
Bree,2020-07-01,0,142
Bree,2020-07-02,0,142
Bree,2020-07-03,0,142
Bree,2020-07-04,0,142
Bree,2020-07-07,0,142
Bree,2020-07-08,0,142
Bree,2020-07-09,0,142
Bree,2020-07-10,0,142
Bree,2020-07-11,0,142
Bree,2020-07-14,0,142
Bree,2020-07-15,0,142
Bree,2020-07-16,0,142
Bree,2020-07-17,0,142
Bree,2020-07-18,0,142
Bree,2020-07-20,0,142
Bree,2020-07-21,0,142
Bree,2020-07-22,0,142
Bree,2020-07-23,0,142
Bree,2020-07-24,0,142
Bree,2020-07-25,0,142
Bree,2020-07-26,0,142
Bree,2020-07-27,0,142
Bree,2020-07-28,0,142
Bree,2020-07-29,0,142
Bree,2020-07-30,1,143
Bree,2020-07-31,0,143
Kinrooi,2020-04-01,1,18
Kinrooi,2020-04-02,1,19
Kinrooi,2020-04-03,1,20
Kinrooi,2020-04-04,1,21
Kinrooi,2020-04-05,0,21
Kinrooi,2020-04-06,1,22
Kinrooi,2020-04-07,0,22
Kinrooi,2020-04-08,0,22
Kinrooi,2020-04-09,0,22
Kinrooi,2020-04-10,0,22
Kinrooi,2020-04-11,1,23
Kinrooi,2020-04-12,4,27
Kinrooi,2020-04-13,0,27
Kinrooi,2020-04-14,1,28
Kinrooi,2020-04-15,2,30
Kinrooi,2020-04-16,1,31
Kinrooi,2020-04-17,2,33
Kinrooi,2020-04-18,1,34
Kinrooi,2020-04-19,0,34
Kinrooi,2020-04-20,1,35
Kinrooi,2020-04-21,0,35
Kinrooi,2020-04-22,1,36
Kinrooi,2020-04-23,2,38
Kinrooi,2020-04-24,0,38
Kinrooi,2020-04-25,0,38
Kinrooi,2020-04-26,0,38
Kinrooi,2020-04-27,0,38
Kinrooi,2020-04-28,1,39
Kinrooi,2020-04-29,1,40
Kinrooi,2020-04-30,1,41
Kinrooi,2020-05-01,0,41
Kinrooi,2020-05-02,1,42
Kinrooi,2020-05-03,0,42
Kinrooi,2020-05-04,0,42
Kinrooi,2020-05-05,1,43
Kinrooi,2020-05-06,0,43
Kinrooi,2020-05-07,0,43
Kinrooi,2020-05-08,1,44
Kinrooi,2020-05-09,0,44
Kinrooi,2020-05-10,0,44
Kinrooi,2020-05-11,0,44
Kinrooi,2020-05-12,0,44
Kinrooi,2020-05-13,0,44
Kinrooi,2020-05-14,0,44
Kinrooi,2020-05-15,0,44
Kinrooi,2020-05-16,0,44
Kinrooi,2020-05-17,0,44
Kinrooi,2020-05-18,0,44
Kinrooi,2020-05-19,0,44
Kinrooi,2020-05-20,0,44
Kinrooi,2020-05-21,0,44
Kinrooi,2020-05-22,0,44
Kinrooi,2020-05-23,0,44
Kinrooi,2020-05-24,0,44
Kinrooi,2020-05-25,0,44
Kinrooi,2020-05-26,0,44
Kinrooi,2020-05-27,0,44
Kinrooi,2020-05-28,0,44
Kinrooi,2020-05-29,0,44
Kinrooi,2020-05-30,0,44
Kinrooi,2020-05-31,0,44
Kinrooi,2020-06-01,0,44
Kinrooi,2020-06-02,0,44
Kinrooi,2020-06-03,0,44
Kinrooi,2020-06-04,0,44
Kinrooi,2020-06-05,0,44
Kinrooi,2020-06-06,0,44
Kinrooi,2020-06-07,0,44
Kinrooi,2020-06-08,0,44
Kinrooi,2020-06-09,0,44
Kinrooi,2020-06-10,0,44
Kinrooi,2020-06-11,0,44
Kinrooi,2020-06-12,0,44
Kinrooi,2020-06-13,0,44
Kinrooi,2020-06-14,0,44
Kinrooi,2020-06-15,0,44
Kinrooi,2020-06-16,0,44
Kinrooi,2020-06-17,0,44
Kinrooi,2020-06-18,0,44
Kinrooi,2020-06-19,0,44
Kinrooi,2020-06-20,0,44
Kinrooi,2020-06-23,0,44
Kinrooi,2020-06-24,0,44
Kinrooi,2020-06-25,0,44
Kinrooi,2020-06-26,0,44
Kinrooi,2020-06-27,0,44
Kinrooi,2020-06-30,0,44
Kinrooi,2020-07-01,0,44
Kinrooi,2020-07-02,0,44
Kinrooi,2020-07-03,0,44
Kinrooi,2020-07-04,1,45
Kinrooi,2020-07-07,0,45
Kinrooi,2020-07-08,0,45
Kinrooi,2020-07-09,0,45
Kinrooi,2020-07-10,0,45
Kinrooi,2020-07-11,0,45
Kinrooi,2020-07-14,0,45
Kinrooi,2020-07-15,0,45
Kinrooi,2020-07-16,0,45
Kinrooi,2020-07-17,0,45
Kinrooi,2020-07-18,0,45
Kinrooi,2020-07-20,0,45
Kinrooi,2020-07-21,0,45
Kinrooi,2020-07-22,0,45
Kinrooi,2020-07-23,0,45
Kinrooi,2020-07-24,0,45
Kinrooi,2020-07-25,0,45
Kinrooi,2020-07-26,0,45
Kinrooi,2020-07-27,0,45
Kinrooi,2020-07-28,0,45
Kinrooi,2020-07-29,1,46
Kinrooi,2020-07-30,0,46
Kinrooi,2020-07-31,0,46
Lommel,2020-04-01,4,40
Lommel,2020-04-02,2,42
Lommel,2020-04-03,2,44
Lommel,2020-04-04,2,46
Lommel,2020-04-05,3,49
Lommel,2020-04-06,0,49
Lommel,2020-04-07,3,52
Lommel,2020-04-08,3,55
Lommel,2020-04-09,0,55
Lommel,2020-04-10,1,56
Lommel,2020-04-11,21,77
Lommel,2020-04-12,12,89
Lommel,2020-04-13,1,90
Lommel,2020-04-14,0,90
Lommel,2020-04-15,2,92
Lommel,2020-04-16,0,92
Lommel,2020-04-17,0,92
Lommel,2020-04-18,0,92
Lommel,2020-04-19,1,93
Lommel,2020-04-20,0,93
Lommel,2020-04-21,0,93
Lommel,2020-04-22,2,95
Lommel,2020-04-23,1,96
Lommel,2020-04-24,0,96
Lommel,2020-04-25,1,97
Lommel,2020-04-26,0,97
Lommel,2020-04-27,0,97
Lommel,2020-04-28,1,98
Lommel,2020-04-29,2,100
Lommel,2020-04-30,3,103
Lommel,2020-05-01,0,103
Lommel,2020-05-02,0,103
Lommel,2020-05-03,0,103
Lommel,2020-05-04,0,103
Lommel,2020-05-05,1,104
Lommel,2020-05-06,0,104
Lommel,2020-05-07,0,104
Lommel,2020-05-08,0,104
Lommel,2020-05-09,0,104
Lommel,2020-05-10,0,104
Lommel,2020-05-11,1,105
Lommel,2020-05-12,0,105
Lommel,2020-05-13,0,105
Lommel,2020-05-14,1,106
Lommel,2020-05-15,1,107
Lommel,2020-05-16,0,107
Lommel,2020-05-17,0,107
Lommel,2020-05-18,0,107
Lommel,2020-05-19,1,108
Lommel,2020-05-20,2,110
Lommel,2020-05-21,0,110
Lommel,2020-05-22,3,113
Lommel,2020-05-23,0,113
Lommel,2020-05-24,0,113
Lommel,2020-05-25,0,113
Lommel,2020-05-26,0,113
Lommel,2020-05-27,0,113
Lommel,2020-05-28,0,113
Lommel,2020-05-29,0,113
Lommel,2020-05-30,0,113
Lommel,2020-05-31,0,113
Lommel,2020-06-01,0,113
Lommel,2020-06-02,0,113
Lommel,2020-06-03,0,113
Lommel,2020-06-04,1,114
Lommel,2020-06-05,1,115
Lommel,2020-06-06,1,116
Lommel,2020-06-07,0,116
Lommel,2020-06-08,0,116
Lommel,2020-06-09,0,116
Lommel,2020-06-10,0,116
Lommel,2020-06-11,2,118
Lommel,2020-06-12,0,118
Lommel,2020-06-13,0,118
Lommel,2020-06-14,0,118
Lommel,2020-06-15,0,118
Lommel,2020-06-16,0,118
Lommel,2020-06-17,0,118
Lommel,2020-06-18,1,119
Lommel,2020-06-19,0,119
Lommel,2020-06-20,1,120
Lommel,2020-06-23,0,120
Lommel,2020-06-24,0,120
Lommel,2020-06-25,-2,118
Lommel,2020-06-26,0,118
Lommel,2020-06-27,0,118
Lommel,2020-06-30,0,118
Lommel,2020-07-01,0,118
Lommel,2020-07-02,0,118
Lommel,2020-07-03,0,118
Lommel,2020-07-04,0,118
Lommel,2020-07-07,0,118
Lommel,2020-07-08,0,118
Lommel,2020-07-09,0,118
Lommel,2020-07-10,0,118
Lommel,2020-07-11,2,120
Lommel,2020-07-14,0,120
Lommel,2020-07-15,0,120
Lommel,2020-07-16,0,120
Lommel,2020-07-17,0,120
Lommel,2020-07-18,0,120
Lommel,2020-07-20,0,120
Lommel,2020-07-21,0,120
Lommel,2020-07-22,0,120
Lommel,2020-07-23,0,120
Lommel,2020-07-24,0,120
Lommel,2020-07-25,0,120
Lommel,2020-07-26,1,121
Lommel,2020-07-27,0,121
Lommel,2020-07-28,0,121
Lommel,2020-07-29,1,122
Lommel,2020-07-30,1,123
Lommel,2020-07-31,3,126
Maaseik,2020-04-01,3,45
Maaseik,2020-04-02,3,48
Maaseik,2020-04-03,3,51
Maaseik,2020-04-04,10,61
Maaseik,2020-04-05,5,66
Maaseik,2020-04-06,7,73
Maaseik,2020-04-07,0,73
Maaseik,2020-04-08,1,74
Maaseik,2020-04-09,3,77
Maaseik,2020-04-10,12,89
Maaseik,2020-04-11,5,94
Maaseik,2020-04-12,5,99
Maaseik,2020-04-13,0,99
Maaseik,2020-04-14,0,99
Maaseik,2020-04-15,17,116
Maaseik,2020-04-16,3,119
Maaseik,2020-04-17,0,119
Maaseik,2020-04-18,1,120
Maaseik,2020-04-19,3,123
Maaseik,2020-04-20,1,124
Maaseik,2020-04-21,1,125
Maaseik,2020-04-22,1,126
Maaseik,2020-04-23,2,128
Maaseik,2020-04-24,4,132
Maaseik,2020-04-25,1,133
Maaseik,2020-04-26,0,133
Maaseik,2020-04-27,0,133
Maaseik,2020-04-28,1,134
Maaseik,2020-04-29,1,135
Maaseik,2020-04-30,3,138
Maaseik,2020-05-01,2,140
Maaseik,2020-05-02,2,142
Maaseik,2020-05-03,0,142
Maaseik,2020-05-04,0,142
Maaseik,2020-05-05,1,143
Maaseik,2020-05-06,2,145
Maaseik,2020-05-07,0,145
Maaseik,2020-05-08,1,146
Maaseik,2020-05-09,0,146
Maaseik,2020-05-10,1,147
Maaseik,2020-05-11,0,147
Maaseik,2020-05-12,0,147
Maaseik,2020-05-13,2,149
Maaseik,2020-05-14,0,149
Maaseik,2020-05-15,1,150
Maaseik,2020-05-16,0,150
Maaseik,2020-05-17,2,152
Maaseik,2020-05-18,0,152
Maaseik,2020-05-19,1,153
Maaseik,2020-05-20,0,153
Maaseik,2020-05-21,2,155
Maaseik,2020-05-22,1,156
Maaseik,2020-05-23,0,156
Maaseik,2020-05-24,0,156
Maaseik,2020-05-25,0,156
Maaseik,2020-05-26,0,156
Maaseik,2020-05-27,0,156
Maaseik,2020-05-28,0,156
Maaseik,2020-05-29,0,156
Maaseik,2020-05-30,1,157
Maaseik,2020-05-31,0,157
Maaseik,2020-06-01,0,157
Maaseik,2020-06-02,1,158
Maaseik,2020-06-03,0,158
Maaseik,2020-06-04,0,158
Maaseik,2020-06-05,0,158
Maaseik,2020-06-06,0,158
Maaseik,2020-06-07,0,158
Maaseik,2020-06-08,0,158
Maaseik,2020-06-09,0,158
Maaseik,2020-06-10,0,158
Maaseik,2020-06-11,0,158
Maaseik,2020-06-12,0,158
Maaseik,2020-06-13,0,158
Maaseik,2020-06-14,0,158
Maaseik,2020-06-15,0,158
Maaseik,2020-06-16,0,158
Maaseik,2020-06-17,0,158
Maaseik,2020-06-18,0,158
Maaseik,2020-06-19,0,158
Maaseik,2020-06-20,0,158
Maaseik,2020-06-23,0,158
Maaseik,2020-06-24,0,158
Maaseik,2020-06-25,0,158
Maaseik,2020-06-26,0,158
Maaseik,2020-06-27,0,158
Maaseik,2020-06-30,0,158
Maaseik,2020-07-01,0,158
Maaseik,2020-07-02,0,158
Maaseik,2020-07-03,0,158
Maaseik,2020-07-04,0,158
Maaseik,2020-07-07,1,159
Maaseik,2020-07-08,0,159
Maaseik,2020-07-09,0,159
Maaseik,2020-07-10,0,159
Maaseik,2020-07-11,1,160
Maaseik,2020-07-14,0,160
Maaseik,2020-07-15,0,160
Maaseik,2020-07-16,0,160
Maaseik,2020-07-17,0,160
Maaseik,2020-07-18,0,160
Maaseik,2020-07-20,0,160
Maaseik,2020-07-21,0,160
Maaseik,2020-07-22,1,161
Maaseik,2020-07-23,0,161
Maaseik,2020-07-24,0,161
Maaseik,2020-07-25,0,161
Maaseik,2020-07-26,0,161
Maaseik,2020-07-27,0,161
Maaseik,2020-07-28,0,161
Maaseik,2020-07-29,0,161
Maaseik,2020-07-30,0,161
Maaseik,2020-07-31,0,161
Peer,2020-04-01,3,14
Peer,2020-04-02,4,18
Peer,2020-04-03,1,19
Peer,2020-04-04,1,20
Peer,2020-04-05,3,23
Peer,2020-04-06,1,24
Peer,2020-04-07,0,24
Peer,2020-04-08,0,24
Peer,2020-04-09,1,25
Peer,2020-04-10,0,25
Peer,2020-04-11,2,27
Peer,2020-04-12,1,28
Peer,2020-04-13,4,32
Peer,2020-04-14,0,32
Peer,2020-04-15,1,33
Peer,2020-04-16,2,35
Peer,2020-04-17,2,37
Peer,2020-04-18,0,37
Peer,2020-04-19,4,41
Peer,2020-04-20,4,45
Peer,2020-04-21,0,45
Peer,2020-04-22,0,45
Peer,2020-04-23,7,52
Peer,2020-04-24,1,53
Peer,2020-04-25,1,54
Peer,2020-04-26,0,54
Peer,2020-04-27,1,55
Peer,2020-04-28,0,55
Peer,2020-04-29,1,56
Peer,2020-04-30,1,57
Peer,2020-05-01,0,57
Peer,2020-05-02,2,59
Peer,2020-05-03,0,59
Peer,2020-05-04,0,59
Peer,2020-05-05,1,60
Peer,2020-05-06,0,60
Peer,2020-05-07,0,60
Peer,2020-05-08,1,61
Peer,2020-05-09,2,63
Peer,2020-05-10,3,66
Peer,2020-05-11,2,68
Peer,2020-05-12,0,68
Peer,2020-05-13,0,68
Peer,2020-05-14,0,68
Peer,2020-05-15,0,68
Peer,2020-05-16,1,69
Peer,2020-05-17,0,69
Peer,2020-05-18,-1,68
Peer,2020-05-19,0,68
Peer,2020-05-20,1,69
Peer,2020-05-21,0,69
Peer,2020-05-22,0,69
Peer,2020-05-23,0,69
Peer,2020-05-24,0,69
Peer,2020-05-25,0,69
Peer,2020-05-26,0,69
Peer,2020-05-27,0,69
Peer,2020-05-28,0,69
Peer,2020-05-29,2,71
Peer,2020-05-30,0,71
Peer,2020-05-31,0,71
Peer,2020-06-01,0,71
Peer,2020-06-02,0,71
Peer,2020-06-03,0,71
Peer,2020-06-04,0,71
Peer,2020-06-05,1,72
Peer,2020-06-06,0,72
Peer,2020-06-07,0,72
Peer,2020-06-08,0,72
Peer,2020-06-09,0,72
Peer,2020-06-10,0,72
Peer,2020-06-11,1,73
Peer,2020-06-12,1,74
Peer,2020-06-13,0,74
Peer,2020-06-14,0,74
Peer,2020-06-15,0,74
Peer,2020-06-16,0,74
Peer,2020-06-17,0,74
Peer,2020-06-18,0,74
Peer,2020-06-19,0,74
Peer,2020-06-20,2,76
Peer,2020-06-23,1,77
Peer,2020-06-24,0,77
Peer,2020-06-25,-1,76
Peer,2020-06-26,0,76
Peer,2020-06-27,0,76
Peer,2020-06-30,0,76
Peer,2020-07-01,0,76
Peer,2020-07-02,0,76
Peer,2020-07-03,0,76
Peer,2020-07-04,0,76
Peer,2020-07-07,1,77
Peer,2020-07-08,0,77
Peer,2020-07-09,0,77
Peer,2020-07-10,0,77
Peer,2020-07-11,0,77
Peer,2020-07-14,1,78
Peer,2020-07-15,0,78
Peer,2020-07-16,1,79
Peer,2020-07-17,0,79
Peer,2020-07-18,1,80
Peer,2020-07-20,0,80
Peer,2020-07-21,0,80
Peer,2020-07-22,1,81
Peer,2020-07-23,0,81
Peer,2020-07-24,1,82
Peer,2020-07-25,0,82
Peer,2020-07-26,2,84
Peer,2020-07-27,0,84
Peer,2020-07-28,0,84
Peer,2020-07-29,0,84
Peer,2020-07-30,0,84
Peer,2020-07-31,0,84
Hamont-Achel,2020-04-01,1,14
Hamont-Achel,2020-04-02,3,17
Hamont-Achel,2020-04-03,0,17
Hamont-Achel,2020-04-04,3,20
Hamont-Achel,2020-04-05,2,22
Hamont-Achel,2020-04-06,1,23
Hamont-Achel,2020-04-07,3,26
Hamont-Achel,2020-04-08,0,26
Hamont-Achel,2020-04-09,7,33
Hamont-Achel,2020-04-10,0,33
Hamont-Achel,2020-04-11,2,35
Hamont-Achel,2020-04-12,0,35
Hamont-Achel,2020-04-13,1,36
Hamont-Achel,2020-04-14,0,36
Hamont-Achel,2020-04-15,0,36
Hamont-Achel,2020-04-16,1,37
Hamont-Achel,2020-04-17,1,38
Hamont-Achel,2020-04-18,0,38
Hamont-Achel,2020-04-19,1,39
Hamont-Achel,2020-04-20,0,39
Hamont-Achel,2020-04-21,0,39
Hamont-Achel,2020-04-22,1,40
Hamont-Achel,2020-04-23,1,41
Hamont-Achel,2020-04-24,2,43
Hamont-Achel,2020-04-25,0,43
Hamont-Achel,2020-04-26,0,43
Hamont-Achel,2020-04-27,0,43
Hamont-Achel,2020-04-28,0,43
Hamont-Achel,2020-04-29,0,43
Hamont-Achel,2020-04-30,0,43
Hamont-Achel,2020-05-01,2,45
Hamont-Achel,2020-05-02,0,45
Hamont-Achel,2020-05-03,0,45
Hamont-Achel,2020-05-04,0,45
Hamont-Achel,2020-05-05,1,46
Hamont-Achel,2020-05-06,1,47
Hamont-Achel,2020-05-07,3,50
Hamont-Achel,2020-05-08,0,50
Hamont-Achel,2020-05-09,0,50
Hamont-Achel,2020-05-10,0,50
Hamont-Achel,2020-05-11,0,50
Hamont-Achel,2020-05-12,0,50
Hamont-Achel,2020-05-13,0,50
Hamont-Achel,2020-05-14,0,50
Hamont-Achel,2020-05-15,1,51
Hamont-Achel,2020-05-16,0,51
Hamont-Achel,2020-05-17,0,51
Hamont-Achel,2020-05-18,0,51
Hamont-Achel,2020-05-19,0,51
Hamont-Achel,2020-05-20,1,52
Hamont-Achel,2020-05-21,0,52
Hamont-Achel,2020-05-22,2,54
Hamont-Achel,2020-05-23,0,54
Hamont-Achel,2020-05-24,0,54
Hamont-Achel,2020-05-25,0,54
Hamont-Achel,2020-05-26,0,54
Hamont-Achel,2020-05-27,0,54
Hamont-Achel,2020-05-28,0,54
Hamont-Achel,2020-05-29,0,54
Hamont-Achel,2020-05-30,0,54
Hamont-Achel,2020-05-31,0,54
Hamont-Achel,2020-06-01,1,55
Hamont-Achel,2020-06-02,0,55
Hamont-Achel,2020-06-03,0,55
Hamont-Achel,2020-06-04,0,55
Hamont-Achel,2020-06-05,0,55
Hamont-Achel,2020-06-06,0,55
Hamont-Achel,2020-06-07,0,55
Hamont-Achel,2020-06-08,0,55
Hamont-Achel,2020-06-09,0,55
Hamont-Achel,2020-06-10,2,57
Hamont-Achel,2020-06-11,0,57
Hamont-Achel,2020-06-12,0,57
Hamont-Achel,2020-06-13,1,58
Hamont-Achel,2020-06-14,0,58
Hamont-Achel,2020-06-15,0,58
Hamont-Achel,2020-06-16,0,58
Hamont-Achel,2020-06-17,0,58
Hamont-Achel,2020-06-18,2,60
Hamont-Achel,2020-06-19,1,61
Hamont-Achel,2020-06-20,1,62
Hamont-Achel,2020-06-23,0,62
Hamont-Achel,2020-06-24,0,62
Hamont-Achel,2020-06-25,0,62
Hamont-Achel,2020-06-26,0,62
Hamont-Achel,2020-06-27,0,62
Hamont-Achel,2020-06-30,0,62
Hamont-Achel,2020-07-01,0,62
Hamont-Achel,2020-07-02,0,62
Hamont-Achel,2020-07-03,0,62
Hamont-Achel,2020-07-04,0,62
Hamont-Achel,2020-07-07,0,62
Hamont-Achel,2020-07-08,0,62
Hamont-Achel,2020-07-09,0,62
Hamont-Achel,2020-07-10,0,62
Hamont-Achel,2020-07-11,0,62
Hamont-Achel,2020-07-14,0,62
Hamont-Achel,2020-07-15,0,62
Hamont-Achel,2020-07-16,0,62
Hamont-Achel,2020-07-17,1,63
Hamont-Achel,2020-07-18,0,63
Hamont-Achel,2020-07-20,0,63
Hamont-Achel,2020-07-21,0,63
Hamont-Achel,2020-07-22,0,63
Hamont-Achel,2020-07-23,0,63
Hamont-Achel,2020-07-24,0,63
Hamont-Achel,2020-07-25,0,63
Hamont-Achel,2020-07-26,0,63
Hamont-Achel,2020-07-27,0,63
Hamont-Achel,2020-07-28,0,63
Hamont-Achel,2020-07-29,0,63
Hamont-Achel,2020-07-30,0,63
Hamont-Achel,2020-07-31,0,63
Hechtel-Eksel,2020-04-01,0,12
Hechtel-Eksel,2020-04-02,2,14
Hechtel-Eksel,2020-04-03,0,14
Hechtel-Eksel,2020-04-04,0,14
Hechtel-Eksel,2020-04-05,1,15
Hechtel-Eksel,2020-04-06,0,15
Hechtel-Eksel,2020-04-07,1,16
Hechtel-Eksel,2020-04-08,0,16
Hechtel-Eksel,2020-04-09,0,16
Hechtel-Eksel,2020-04-10,0,16
Hechtel-Eksel,2020-04-11,1,17
Hechtel-Eksel,2020-04-12,0,17
Hechtel-Eksel,2020-04-13,0,17
Hechtel-Eksel,2020-04-14,1,18
Hechtel-Eksel,2020-04-15,3,21
Hechtel-Eksel,2020-04-16,0,21
Hechtel-Eksel,2020-04-17,1,22
Hechtel-Eksel,2020-04-18,0,22
Hechtel-Eksel,2020-04-19,0,22
Hechtel-Eksel,2020-04-20,0,22
Hechtel-Eksel,2020-04-21,0,22
Hechtel-Eksel,2020-04-22,0,22
Hechtel-Eksel,2020-04-23,2,24
Hechtel-Eksel,2020-04-24,1,25
Hechtel-Eksel,2020-04-25,1,26
Hechtel-Eksel,2020-04-26,0,26
Hechtel-Eksel,2020-04-27,1,27
Hechtel-Eksel,2020-04-28,0,27
Hechtel-Eksel,2020-04-29,0,27
Hechtel-Eksel,2020-04-30,0,27
Hechtel-Eksel,2020-05-01,0,27
Hechtel-Eksel,2020-05-02,0,27
Hechtel-Eksel,2020-05-03,0,27
Hechtel-Eksel,2020-05-04,0,27
Hechtel-Eksel,2020-05-05,0,27
Hechtel-Eksel,2020-05-06,0,27
Hechtel-Eksel,2020-05-07,0,27
Hechtel-Eksel,2020-05-08,0,27
Hechtel-Eksel,2020-05-09,2,29
Hechtel-Eksel,2020-05-10,1,30
Hechtel-Eksel,2020-05-11,0,30
Hechtel-Eksel,2020-05-12,0,30
Hechtel-Eksel,2020-05-13,2,32
Hechtel-Eksel,2020-05-14,0,32
Hechtel-Eksel,2020-05-15,0,32
Hechtel-Eksel,2020-05-16,0,32
Hechtel-Eksel,2020-05-17,0,32
Hechtel-Eksel,2020-05-18,0,32
Hechtel-Eksel,2020-05-19,0,32
Hechtel-Eksel,2020-05-20,0,32
Hechtel-Eksel,2020-05-21,0,32
Hechtel-Eksel,2020-05-22,0,32
Hechtel-Eksel,2020-05-23,0,32
Hechtel-Eksel,2020-05-24,0,32
Hechtel-Eksel,2020-05-25,0,32
Hechtel-Eksel,2020-05-26,0,32
Hechtel-Eksel,2020-05-27,0,32
Hechtel-Eksel,2020-05-28,0,32
Hechtel-Eksel,2020-05-29,0,32
Hechtel-Eksel,2020-05-30,0,32
Hechtel-Eksel,2020-05-31,0,32
Hechtel-Eksel,2020-06-01,0,32
Hechtel-Eksel,2020-06-02,0,32
Hechtel-Eksel,2020-06-03,0,32
Hechtel-Eksel,2020-06-04,0,32
Hechtel-Eksel,2020-06-05,0,32
Hechtel-Eksel,2020-06-06,0,32
Hechtel-Eksel,2020-06-07,0,32
Hechtel-Eksel,2020-06-08,1,33
Hechtel-Eksel,2020-06-09,0,33
Hechtel-Eksel,2020-06-10,0,33
Hechtel-Eksel,2020-06-11,0,33
Hechtel-Eksel,2020-06-12,0,33
Hechtel-Eksel,2020-06-13,0,33
Hechtel-Eksel,2020-06-14,0,33
Hechtel-Eksel,2020-06-15,0,33
Hechtel-Eksel,2020-06-16,0,33
Hechtel-Eksel,2020-06-17,0,33
Hechtel-Eksel,2020-06-18,0,33
Hechtel-Eksel,2020-06-19,0,33
Hechtel-Eksel,2020-06-20,0,33
Hechtel-Eksel,2020-06-23,0,33
Hechtel-Eksel,2020-06-24,0,33
Hechtel-Eksel,2020-06-25,0,33
Hechtel-Eksel,2020-06-26,0,33
Hechtel-Eksel,2020-06-27,0,33
Hechtel-Eksel,2020-06-30,0,33
Hechtel-Eksel,2020-07-01,0,33
Hechtel-Eksel,2020-07-02,0,33
Hechtel-Eksel,2020-07-03,0,33
Hechtel-Eksel,2020-07-04,0,33
Hechtel-Eksel,2020-07-07,0,33
Hechtel-Eksel,2020-07-08,0,33
Hechtel-Eksel,2020-07-09,0,33
Hechtel-Eksel,2020-07-10,0,33
Hechtel-Eksel,2020-07-11,0,33
Hechtel-Eksel,2020-07-14,0,33
Hechtel-Eksel,2020-07-15,0,33
Hechtel-Eksel,2020-07-16,0,33
Hechtel-Eksel,2020-07-17,0,33
Hechtel-Eksel,2020-07-18,0,33
Hechtel-Eksel,2020-07-20,0,33
Hechtel-Eksel,2020-07-21,0,33
Hechtel-Eksel,2020-07-22,0,33
Hechtel-Eksel,2020-07-23,0,33
Hechtel-Eksel,2020-07-24,0,33
Hechtel-Eksel,2020-07-25,1,34
Hechtel-Eksel,2020-07-26,0,34
Hechtel-Eksel,2020-07-27,1,35
Hechtel-Eksel,2020-07-28,0,35
Hechtel-Eksel,2020-07-29,0,35
Hechtel-Eksel,2020-07-30,0,35
Hechtel-Eksel,2020-07-31,2,37
Houthalen-Helchteren,2020-04-01,2,40
Houthalen-Helchteren,2020-04-02,3,43
Houthalen-Helchteren,2020-04-03,8,51
Houthalen-Helchteren,2020-04-04,4,55
Houthalen-Helchteren,2020-04-05,5,60
Houthalen-Helchteren,2020-04-06,5,65
Houthalen-Helchteren,2020-04-07,4,69
Houthalen-Helchteren,2020-04-08,1,70
Houthalen-Helchteren,2020-04-09,3,73
Houthalen-Helchteren,2020-04-10,7,80
Houthalen-Helchteren,2020-04-11,2,82
Houthalen-Helchteren,2020-04-12,8,90
Houthalen-Helchteren,2020-04-13,5,95
Houthalen-Helchteren,2020-04-14,4,99
Houthalen-Helchteren,2020-04-15,2,101
Houthalen-Helchteren,2020-04-16,3,104
Houthalen-Helchteren,2020-04-17,3,107
Houthalen-Helchteren,2020-04-18,4,111
Houthalen-Helchteren,2020-04-19,3,114
Houthalen-Helchteren,2020-04-20,3,117
Houthalen-Helchteren,2020-04-21,1,118
Houthalen-Helchteren,2020-04-22,2,120
Houthalen-Helchteren,2020-04-23,1,121
Houthalen-Helchteren,2020-04-24,3,124
Houthalen-Helchteren,2020-04-25,4,128
Houthalen-Helchteren,2020-04-26,2,130
Houthalen-Helchteren,2020-04-27,2,132
Houthalen-Helchteren,2020-04-28,4,136
Houthalen-Helchteren,2020-04-29,1,137
Houthalen-Helchteren,2020-04-30,2,139
Houthalen-Helchteren,2020-05-01,1,140
Houthalen-Helchteren,2020-05-02,1,141
Houthalen-Helchteren,2020-05-03,1,142
Houthalen-Helchteren,2020-05-04,5,147
Houthalen-Helchteren,2020-05-05,0,147
Houthalen-Helchteren,2020-05-06,1,148
Houthalen-Helchteren,2020-05-07,0,148
Houthalen-Helchteren,2020-05-08,0,148
Houthalen-Helchteren,2020-05-09,0,148
Houthalen-Helchteren,2020-05-10,1,149
Houthalen-Helchteren,2020-05-11,1,150
Houthalen-Helchteren,2020-05-12,0,150
Houthalen-Helchteren,2020-05-13,0,150
Houthalen-Helchteren,2020-05-14,0,150
Houthalen-Helchteren,2020-05-15,1,151
Houthalen-Helchteren,2020-05-16,1,152
Houthalen-Helchteren,2020-05-17,0,152
Houthalen-Helchteren,2020-05-18,0,152
Houthalen-Helchteren,2020-05-19,2,154
Houthalen-Helchteren,2020-05-20,1,155
Houthalen-Helchteren,2020-05-21,4,159
Houthalen-Helchteren,2020-05-22,1,160
Houthalen-Helchteren,2020-05-23,3,163
Houthalen-Helchteren,2020-05-24,4,167
Houthalen-Helchteren,2020-05-25,0,167
Houthalen-Helchteren,2020-05-26,4,171
Houthalen-Helchteren,2020-05-27,3,174
Houthalen-Helchteren,2020-05-28,4,178
Houthalen-Helchteren,2020-05-29,4,182
Houthalen-Helchteren,2020-05-30,0,182
Houthalen-Helchteren,2020-05-31,1,183
Houthalen-Helchteren,2020-06-01,4,187
Houthalen-Helchteren,2020-06-02,2,189
Houthalen-Helchteren,2020-06-03,1,190
Houthalen-Helchteren,2020-06-04,1,191
Houthalen-Helchteren,2020-06-05,6,197
Houthalen-Helchteren,2020-06-06,2,199
Houthalen-Helchteren,2020-06-07,0,199
Houthalen-Helchteren,2020-06-08,2,201
Houthalen-Helchteren,2020-06-09,0,201
Houthalen-Helchteren,2020-06-10,0,201
Houthalen-Helchteren,2020-06-11,0,201
Houthalen-Helchteren,2020-06-12,0,201
Houthalen-Helchteren,2020-06-13,2,203
Houthalen-Helchteren,2020-06-14,4,207
Houthalen-Helchteren,2020-06-15,0,207
Houthalen-Helchteren,2020-06-16,0,207
Houthalen-Helchteren,2020-06-17,0,207
Houthalen-Helchteren,2020-06-18,3,210
Houthalen-Helchteren,2020-06-19,0,210
Houthalen-Helchteren,2020-06-20,2,212
Houthalen-Helchteren,2020-06-23,6,218
Houthalen-Helchteren,2020-06-24,1,219
Houthalen-Helchteren,2020-06-25,1,220
Houthalen-Helchteren,2020-06-26,1,221
Houthalen-Helchteren,2020-06-27,0,221
Houthalen-Helchteren,2020-06-30,2,223
Houthalen-Helchteren,2020-07-01,0,223
Houthalen-Helchteren,2020-07-02,3,226
Houthalen-Helchteren,2020-07-03,3,229
Houthalen-Helchteren,2020-07-04,1,230
Houthalen-Helchteren,2020-07-07,1,231
Houthalen-Helchteren,2020-07-08,1,232
Houthalen-Helchteren,2020-07-09,0,232
Houthalen-Helchteren,2020-07-10,3,235
Houthalen-Helchteren,2020-07-11,3,238
Houthalen-Helchteren,2020-07-14,5,243
Houthalen-Helchteren,2020-07-15,2,245
Houthalen-Helchteren,2020-07-16,2,247
Houthalen-Helchteren,2020-07-17,5,252
Houthalen-Helchteren,2020-07-18,1,253
Houthalen-Helchteren,2020-07-20,2,255
Houthalen-Helchteren,2020-07-21,1,256
Houthalen-Helchteren,2020-07-22,1,257
Houthalen-Helchteren,2020-07-23,0,257
Houthalen-Helchteren,2020-07-24,2,259
Houthalen-Helchteren,2020-07-25,1,260
Houthalen-Helchteren,2020-07-26,1,261
Houthalen-Helchteren,2020-07-27,4,265
Houthalen-Helchteren,2020-07-28,4,269
Houthalen-Helchteren,2020-07-29,2,271
Houthalen-Helchteren,2020-07-30,2,273
Houthalen-Helchteren,2020-07-31,2,275
Dilsen-Stokkem,2020-04-01,2,24
Dilsen-Stokkem,2020-04-02,5,29
Dilsen-Stokkem,2020-04-03,6,35
Dilsen-Stokkem,2020-04-04,8,43
Dilsen-Stokkem,2020-04-05,6,49
Dilsen-Stokkem,2020-04-06,7,56
Dilsen-Stokkem,2020-04-07,1,57
Dilsen-Stokkem,2020-04-08,0,57
Dilsen-Stokkem,2020-04-09,11,68
Dilsen-Stokkem,2020-04-10,7,75
Dilsen-Stokkem,2020-04-11,3,78
Dilsen-Stokkem,2020-04-12,2,80
Dilsen-Stokkem,2020-04-13,3,83
Dilsen-Stokkem,2020-04-14,2,85
Dilsen-Stokkem,2020-04-15,36,121
Dilsen-Stokkem,2020-04-16,1,122
Dilsen-Stokkem,2020-04-17,4,126
Dilsen-Stokkem,2020-04-18,2,128
Dilsen-Stokkem,2020-04-19,1,129
Dilsen-Stokkem,2020-04-20,1,130
Dilsen-Stokkem,2020-04-21,4,134
Dilsen-Stokkem,2020-04-22,2,136
Dilsen-Stokkem,2020-04-23,1,137
Dilsen-Stokkem,2020-04-24,3,140
Dilsen-Stokkem,2020-04-25,0,140
Dilsen-Stokkem,2020-04-26,0,140
Dilsen-Stokkem,2020-04-27,0,140
Dilsen-Stokkem,2020-04-28,3,143
Dilsen-Stokkem,2020-04-29,0,143
Dilsen-Stokkem,2020-04-30,1,144
Dilsen-Stokkem,2020-05-01,3,147
Dilsen-Stokkem,2020-05-02,0,147
Dilsen-Stokkem,2020-05-03,0,147
Dilsen-Stokkem,2020-05-04,0,147
Dilsen-Stokkem,2020-05-05,3,150
Dilsen-Stokkem,2020-05-06,1,151
Dilsen-Stokkem,2020-05-07,0,151
Dilsen-Stokkem,2020-05-08,0,151
Dilsen-Stokkem,2020-05-09,0,151
Dilsen-Stokkem,2020-05-10,3,154
Dilsen-Stokkem,2020-05-11,1,155
Dilsen-Stokkem,2020-05-12,0,155
Dilsen-Stokkem,2020-05-13,1,156
Dilsen-Stokkem,2020-05-14,0,156
Dilsen-Stokkem,2020-05-15,0,156
Dilsen-Stokkem,2020-05-16,0,156
Dilsen-Stokkem,2020-05-17,0,156
Dilsen-Stokkem,2020-05-18,0,156
Dilsen-Stokkem,2020-05-19,2,158
Dilsen-Stokkem,2020-05-20,1,159
Dilsen-Stokkem,2020-05-21,1,160
Dilsen-Stokkem,2020-05-22,0,160
Dilsen-Stokkem,2020-05-23,0,160
Dilsen-Stokkem,2020-05-24,0,160
Dilsen-Stokkem,2020-05-25,0,160
Dilsen-Stokkem,2020-05-26,0,160
Dilsen-Stokkem,2020-05-27,1,161
Dilsen-Stokkem,2020-05-28,1,162
Dilsen-Stokkem,2020-05-29,1,163
Dilsen-Stokkem,2020-05-30,0,163
Dilsen-Stokkem,2020-05-31,0,163
Dilsen-Stokkem,2020-06-01,0,163
Dilsen-Stokkem,2020-06-02,0,163
Dilsen-Stokkem,2020-06-03,0,163
Dilsen-Stokkem,2020-06-04,0,163
Dilsen-Stokkem,2020-06-05,0,163
Dilsen-Stokkem,2020-06-06,0,163
Dilsen-Stokkem,2020-06-07,0,163
Dilsen-Stokkem,2020-06-08,0,163
Dilsen-Stokkem,2020-06-09,0,163
Dilsen-Stokkem,2020-06-10,0,163
Dilsen-Stokkem,2020-06-11,1,164
Dilsen-Stokkem,2020-06-12,0,164
Dilsen-Stokkem,2020-06-13,0,164
Dilsen-Stokkem,2020-06-14,0,164
Dilsen-Stokkem,2020-06-15,0,164
Dilsen-Stokkem,2020-06-16,0,164
Dilsen-Stokkem,2020-06-17,0,164
Dilsen-Stokkem,2020-06-18,0,164
Dilsen-Stokkem,2020-06-19,1,165
Dilsen-Stokkem,2020-06-20,0,165
Dilsen-Stokkem,2020-06-23,0,165
Dilsen-Stokkem,2020-06-24,0,165
Dilsen-Stokkem,2020-06-25,0,165
Dilsen-Stokkem,2020-06-26,1,166
Dilsen-Stokkem,2020-06-27,0,166
Dilsen-Stokkem,2020-06-30,0,166
Dilsen-Stokkem,2020-07-01,0,166
Dilsen-Stokkem,2020-07-02,0,166
Dilsen-Stokkem,2020-07-03,0,166
Dilsen-Stokkem,2020-07-04,0,166
Dilsen-Stokkem,2020-07-07,0,166
Dilsen-Stokkem,2020-07-08,0,166
Dilsen-Stokkem,2020-07-09,0,166
Dilsen-Stokkem,2020-07-10,1,167
Dilsen-Stokkem,2020-07-11,1,168
Dilsen-Stokkem,2020-07-14,1,169
Dilsen-Stokkem,2020-07-15,0,169
Dilsen-Stokkem,2020-07-16,0,169
Dilsen-Stokkem,2020-07-17,0,169
Dilsen-Stokkem,2020-07-18,0,169
Dilsen-Stokkem,2020-07-20,1,170
Dilsen-Stokkem,2020-07-21,0,170
Dilsen-Stokkem,2020-07-22,1,171
Dilsen-Stokkem,2020-07-23,0,171
Dilsen-Stokkem,2020-07-24,0,171
Dilsen-Stokkem,2020-07-25,0,171
Dilsen-Stokkem,2020-07-26,0,171
Dilsen-Stokkem,2020-07-27,0,171
Dilsen-Stokkem,2020-07-28,0,171
Dilsen-Stokkem,2020-07-29,0,171
Dilsen-Stokkem,2020-07-30,0,171
Dilsen-Stokkem,2020-07-31,0,171
Oudsbergen,2020-04-01,7,25
Oudsbergen,2020-04-02,3,28
Oudsbergen,2020-04-03,3,31
Oudsbergen,2020-04-04,2,33
Oudsbergen,2020-04-05,2,35
Oudsbergen,2020-04-06,1,36
Oudsbergen,2020-04-07,2,38
Oudsbergen,2020-04-08,5,43
Oudsbergen,2020-04-09,0,43
Oudsbergen,2020-04-10,5,48
Oudsbergen,2020-04-11,2,50
Oudsbergen,2020-04-12,4,54
Oudsbergen,2020-04-13,1,55
Oudsbergen,2020-04-14,1,56
Oudsbergen,2020-04-15,7,63
Oudsbergen,2020-04-16,1,64
Oudsbergen,2020-04-17,0,64
Oudsbergen,2020-04-18,2,66
Oudsbergen,2020-04-19,8,74
Oudsbergen,2020-04-20,0,74
Oudsbergen,2020-04-21,1,75
Oudsbergen,2020-04-22,3,78
Oudsbergen,2020-04-23,2,80
Oudsbergen,2020-04-24,2,82
Oudsbergen,2020-04-25,0,82
Oudsbergen,2020-04-26,0,82
Oudsbergen,2020-04-27,0,82
Oudsbergen,2020-04-28,1,83
Oudsbergen,2020-04-29,2,85
Oudsbergen,2020-04-30,2,87
Oudsbergen,2020-05-01,2,89
Oudsbergen,2020-05-02,0,89
Oudsbergen,2020-05-03,1,90
Oudsbergen,2020-05-04,0,90
Oudsbergen,2020-05-05,0,90
Oudsbergen,2020-05-06,2,92
Oudsbergen,2020-05-07,1,93
Oudsbergen,2020-05-08,0,93
Oudsbergen,2020-05-09,0,93
Oudsbergen,2020-05-10,3,96
Oudsbergen,2020-05-11,2,98
Oudsbergen,2020-05-12,0,98
Oudsbergen,2020-05-13,0,98
Oudsbergen,2020-05-14,1,99
Oudsbergen,2020-05-15,0,99
Oudsbergen,2020-05-16,0,99
Oudsbergen,2020-05-17,0,99
Oudsbergen,2020-05-18,0,99
Oudsbergen,2020-05-19,3,102
Oudsbergen,2020-05-20,0,102
Oudsbergen,2020-05-21,0,102
Oudsbergen,2020-05-22,1,103
Oudsbergen,2020-05-23,0,103
Oudsbergen,2020-05-24,0,103
Oudsbergen,2020-05-25,0,103
Oudsbergen,2020-05-26,2,105
Oudsbergen,2020-05-27,1,106
Oudsbergen,2020-05-28,0,106
Oudsbergen,2020-05-29,1,107
Oudsbergen,2020-05-30,0,107
Oudsbergen,2020-05-31,0,107
Oudsbergen,2020-06-01,0,107
Oudsbergen,2020-06-02,0,107
Oudsbergen,2020-06-03,0,107
Oudsbergen,2020-06-04,0,107
Oudsbergen,2020-06-05,0,107
Oudsbergen,2020-06-06,0,107
Oudsbergen,2020-06-07,0,107
Oudsbergen,2020-06-08,1,108
Oudsbergen,2020-06-09,0,108
Oudsbergen,2020-06-10,1,109
Oudsbergen,2020-06-11,0,109
Oudsbergen,2020-06-12,0,109
Oudsbergen,2020-06-13,0,109
Oudsbergen,2020-06-14,0,109
Oudsbergen,2020-06-15,0,109
Oudsbergen,2020-06-16,0,109
Oudsbergen,2020-06-17,0,109
Oudsbergen,2020-06-18,1,110
Oudsbergen,2020-06-19,0,110
Oudsbergen,2020-06-20,1,111
Oudsbergen,2020-06-23,0,111
Oudsbergen,2020-06-24,1,112
Oudsbergen,2020-06-25,0,112
Oudsbergen,2020-06-26,0,112
Oudsbergen,2020-06-27,0,112
Oudsbergen,2020-06-30,3,115
Oudsbergen,2020-07-01,2,117
Oudsbergen,2020-07-02,0,117
Oudsbergen,2020-07-03,0,117
Oudsbergen,2020-07-04,0,117
Oudsbergen,2020-07-07,0,117
Oudsbergen,2020-07-08,0,117
Oudsbergen,2020-07-09,0,117
Oudsbergen,2020-07-10,0,117
Oudsbergen,2020-07-11,0,117
Oudsbergen,2020-07-14,0,117
Oudsbergen,2020-07-15,0,117
Oudsbergen,2020-07-16,0,117
Oudsbergen,2020-07-17,0,117
Oudsbergen,2020-07-18,1,118
Oudsbergen,2020-07-20,0,118
Oudsbergen,2020-07-21,0,118
Oudsbergen,2020-07-22,0,118
Oudsbergen,2020-07-23,1,119
Oudsbergen,2020-07-24,0,119
Oudsbergen,2020-07-25,2,121
Oudsbergen,2020-07-26,1,122
Oudsbergen,2020-07-27,0,122
Oudsbergen,2020-07-28,0,122
Oudsbergen,2020-07-29,0,122
Oudsbergen,2020-07-30,0,122
Oudsbergen,2020-07-31,1,123
Pelt,2020-04-01,5,38
Pelt,2020-04-02,6,44
Pelt,2020-04-03,5,49
Pelt,2020-04-04,2,51
Pelt,2020-04-05,4,55
Pelt,2020-04-06,0,55
Pelt,2020-04-07,1,56
Pelt,2020-04-08,1,57
Pelt,2020-04-09,4,61
Pelt,2020-04-10,2,63
Pelt,2020-04-11,3,66
Pelt,2020-04-12,2,68
Pelt,2020-04-13,0,68
Pelt,2020-04-14,0,68
Pelt,2020-04-15,2,70
Pelt,2020-04-16,0,70
Pelt,2020-04-17,2,72
Pelt,2020-04-18,0,72
Pelt,2020-04-19,3,75
Pelt,2020-04-20,0,75
Pelt,2020-04-21,0,75
Pelt,2020-04-22,2,77
Pelt,2020-04-23,2,79
Pelt,2020-04-24,0,79
Pelt,2020-04-25,1,80
Pelt,2020-04-26,1,81
Pelt,2020-04-27,1,82
Pelt,2020-04-28,1,83
Pelt,2020-04-29,2,85
Pelt,2020-04-30,1,86
Pelt,2020-05-01,1,87
Pelt,2020-05-02,1,88
Pelt,2020-05-03,0,88
Pelt,2020-05-04,0,88
Pelt,2020-05-05,0,88
Pelt,2020-05-06,1,89
Pelt,2020-05-07,1,90
Pelt,2020-05-08,0,90
Pelt,2020-05-09,2,92
Pelt,2020-05-10,1,93
Pelt,2020-05-11,3,96
Pelt,2020-05-12,0,96
Pelt,2020-05-13,1,97
Pelt,2020-05-14,0,97
Pelt,2020-05-15,2,99
Pelt,2020-05-16,3,102
Pelt,2020-05-17,0,102
Pelt,2020-05-18,1,103
Pelt,2020-05-19,0,103
Pelt,2020-05-20,1,104
Pelt,2020-05-21,0,104
Pelt,2020-05-22,2,106
Pelt,2020-05-23,0,106
Pelt,2020-05-24,0,106
Pelt,2020-05-25,0,106
Pelt,2020-05-26,0,106
Pelt,2020-05-27,0,106
Pelt,2020-05-28,1,107
Pelt,2020-05-29,0,107
Pelt,2020-05-30,0,107
Pelt,2020-05-31,0,107
Pelt,2020-06-01,0,107
Pelt,2020-06-02,0,107
Pelt,2020-06-03,0,107
Pelt,2020-06-04,0,107
Pelt,2020-06-05,2,109
Pelt,2020-06-06,0,109
Pelt,2020-06-07,0,109
Pelt,2020-06-08,1,110
Pelt,2020-06-09,0,110
Pelt,2020-06-10,0,110
Pelt,2020-06-11,1,111
Pelt,2020-06-12,0,111
Pelt,2020-06-13,0,111
Pelt,2020-06-14,0,111
Pelt,2020-06-15,0,111
Pelt,2020-06-16,0,111
Pelt,2020-06-17,0,111
Pelt,2020-06-18,0,111
Pelt,2020-06-19,1,112
Pelt,2020-06-20,0,112
Pelt,2020-06-23,0,112
Pelt,2020-06-24,0,112
Pelt,2020-06-25,-1,111
Pelt,2020-06-26,0,111
Pelt,2020-06-27,0,111
Pelt,2020-06-30,0,111
Pelt,2020-07-01,0,111
Pelt,2020-07-02,0,111
Pelt,2020-07-03,0,111
Pelt,2020-07-04,0,111
Pelt,2020-07-07,0,111
Pelt,2020-07-08,0,111
Pelt,2020-07-09,0,111
Pelt,2020-07-10,0,111
Pelt,2020-07-11,0,111
Pelt,2020-07-14,0,111
Pelt,2020-07-15,0,111
Pelt,2020-07-16,0,111
Pelt,2020-07-17,0,111
Pelt,2020-07-18,0,111
Pelt,2020-07-20,0,111
Pelt,2020-07-21,0,111
Pelt,2020-07-22,0,111
Pelt,2020-07-23,1,112
Pelt,2020-07-24,0,112
Pelt,2020-07-25,0,112
Pelt,2020-07-26,0,112
Pelt,2020-07-27,1,113
Pelt,2020-07-28,0,113
Pelt,2020-07-29,0,113
Pelt,2020-07-30,0,113
Pelt,2020-07-31,0,113
Alken,2020-04-01,4,73
Alken,2020-04-02,4,77
Alken,2020-04-03,2,79
Alken,2020-04-04,8,87
Alken,2020-04-05,14,101
Alken,2020-04-06,1,102
Alken,2020-04-07,3,105
Alken,2020-04-08,7,112
Alken,2020-04-09,19,131
Alken,2020-04-10,2,133
Alken,2020-04-11,15,148
Alken,2020-04-12,20,168
Alken,2020-04-13,4,172
Alken,2020-04-14,2,174
Alken,2020-04-15,3,177
Alken,2020-04-16,3,180
Alken,2020-04-17,3,183
Alken,2020-04-18,1,184
Alken,2020-04-19,0,184
Alken,2020-04-20,7,191
Alken,2020-04-21,0,191
Alken,2020-04-22,1,192
Alken,2020-04-23,2,194
Alken,2020-04-24,2,196
Alken,2020-04-25,2,198
Alken,2020-04-26,1,199
Alken,2020-04-27,1,200
Alken,2020-04-28,0,200
Alken,2020-04-29,1,201
Alken,2020-04-30,0,201
Alken,2020-05-01,0,201
Alken,2020-05-02,0,201
Alken,2020-05-03,1,202
Alken,2020-05-04,0,202
Alken,2020-05-05,1,203
Alken,2020-05-06,0,203
Alken,2020-05-07,0,203
Alken,2020-05-08,1,204
Alken,2020-05-09,0,204
Alken,2020-05-10,0,204
Alken,2020-05-11,1,205
Alken,2020-05-12,0,205
Alken,2020-05-13,0,205
Alken,2020-05-14,0,205
Alken,2020-05-15,0,205
Alken,2020-05-16,0,205
Alken,2020-05-17,0,205
Alken,2020-05-18,0,205
Alken,2020-05-19,5,210
Alken,2020-05-20,0,210
Alken,2020-05-21,0,210
Alken,2020-05-22,1,211
Alken,2020-05-23,4,215
Alken,2020-05-24,0,215
Alken,2020-05-25,0,215
Alken,2020-05-26,-3,212
Alken,2020-05-27,0,212
Alken,2020-05-28,0,212
Alken,2020-05-29,0,212
Alken,2020-05-30,0,212
Alken,2020-05-31,0,212
Alken,2020-06-01,0,212
Alken,2020-06-02,0,212
Alken,2020-06-03,0,212
Alken,2020-06-04,0,212
Alken,2020-06-05,0,212
Alken,2020-06-06,0,212
Alken,2020-06-07,0,212
Alken,2020-06-08,0,212
Alken,2020-06-09,0,212
Alken,2020-06-10,2,214
Alken,2020-06-11,-2,212
Alken,2020-06-12,0,212
Alken,2020-06-13,0,212
Alken,2020-06-14,0,212
Alken,2020-06-15,0,212
Alken,2020-06-16,0,212
Alken,2020-06-17,0,212
Alken,2020-06-18,0,212
Alken,2020-06-19,0,212
Alken,2020-06-20,0,212
Alken,2020-06-23,2,214
Alken,2020-06-24,0,214
Alken,2020-06-25,0,214
Alken,2020-06-26,0,214
Alken,2020-06-27,0,214
Alken,2020-06-30,0,214
Alken,2020-07-01,0,214
Alken,2020-07-02,0,214
Alken,2020-07-03,0,214
Alken,2020-07-04,0,214
Alken,2020-07-07,1,215
Alken,2020-07-08,0,215
Alken,2020-07-09,0,215
Alken,2020-07-10,0,215
Alken,2020-07-11,0,215
Alken,2020-07-14,0,215
Alken,2020-07-15,0,215
Alken,2020-07-16,1,216
Alken,2020-07-17,0,216
Alken,2020-07-18,0,216
Alken,2020-07-20,2,218
Alken,2020-07-21,0,218
Alken,2020-07-22,0,218
Alken,2020-07-23,0,218
Alken,2020-07-24,0,218
Alken,2020-07-25,0,218
Alken,2020-07-26,0,218
Alken,2020-07-27,0,218
Alken,2020-07-28,1,219
Alken,2020-07-29,0,219
Alken,2020-07-30,1,220
Alken,2020-07-31,0,220
Bilzen,2020-04-01,8,55
Bilzen,2020-04-02,6,61
Bilzen,2020-04-03,2,63
Bilzen,2020-04-04,8,71
Bilzen,2020-04-05,11,82
Bilzen,2020-04-06,4,86
Bilzen,2020-04-07,5,91
Bilzen,2020-04-08,0,91
Bilzen,2020-04-09,7,98
Bilzen,2020-04-10,7,105
Bilzen,2020-04-11,4,109
Bilzen,2020-04-12,6,115
Bilzen,2020-04-13,0,115
Bilzen,2020-04-14,2,117
Bilzen,2020-04-15,4,121
Bilzen,2020-04-16,6,127
Bilzen,2020-04-17,2,129
Bilzen,2020-04-18,3,132
Bilzen,2020-04-19,5,137
Bilzen,2020-04-20,0,137
Bilzen,2020-04-21,2,139
Bilzen,2020-04-22,3,142
Bilzen,2020-04-23,5,147
Bilzen,2020-04-24,4,151
Bilzen,2020-04-25,7,158
Bilzen,2020-04-26,4,162
Bilzen,2020-04-27,0,162
Bilzen,2020-04-28,5,167
Bilzen,2020-04-29,0,167
Bilzen,2020-04-30,0,167
Bilzen,2020-05-01,3,170
Bilzen,2020-05-02,1,171
Bilzen,2020-05-03,2,173
Bilzen,2020-05-04,0,173
Bilzen,2020-05-05,0,173
Bilzen,2020-05-06,1,174
Bilzen,2020-05-07,1,175
Bilzen,2020-05-08,0,175
Bilzen,2020-05-09,0,175
Bilzen,2020-05-10,5,180
Bilzen,2020-05-11,1,181
Bilzen,2020-05-12,0,181
Bilzen,2020-05-13,1,182
Bilzen,2020-05-14,1,183
Bilzen,2020-05-15,1,184
Bilzen,2020-05-16,1,185
Bilzen,2020-05-17,0,185
Bilzen,2020-05-18,1,186
Bilzen,2020-05-19,0,186
Bilzen,2020-05-20,1,187
Bilzen,2020-05-21,2,189
Bilzen,2020-05-22,3,192
Bilzen,2020-05-23,2,194
Bilzen,2020-05-24,1,195
Bilzen,2020-05-25,0,195
Bilzen,2020-05-26,1,196
Bilzen,2020-05-27,1,197
Bilzen,2020-05-28,0,197
Bilzen,2020-05-29,1,198
Bilzen,2020-05-30,1,199
Bilzen,2020-05-31,1,200
Bilzen,2020-06-01,1,201
Bilzen,2020-06-02,1,202
Bilzen,2020-06-03,0,202
Bilzen,2020-06-04,1,203
Bilzen,2020-06-05,0,203
Bilzen,2020-06-06,1,204
Bilzen,2020-06-07,4,208
Bilzen,2020-06-08,5,213
Bilzen,2020-06-09,2,215
Bilzen,2020-06-10,3,218
Bilzen,2020-06-11,2,220
Bilzen,2020-06-12,1,221
Bilzen,2020-06-13,1,222
Bilzen,2020-06-14,3,225
Bilzen,2020-06-15,1,226
Bilzen,2020-06-16,0,226
Bilzen,2020-06-17,1,227
Bilzen,2020-06-18,1,228
Bilzen,2020-06-19,0,228
Bilzen,2020-06-20,1,229
Bilzen,2020-06-23,1,230
Bilzen,2020-06-24,0,230
Bilzen,2020-06-25,-3,227
Bilzen,2020-06-26,0,227
Bilzen,2020-06-27,1,228
Bilzen,2020-06-30,0,228
Bilzen,2020-07-01,0,228
Bilzen,2020-07-02,0,228
Bilzen,2020-07-03,1,229
Bilzen,2020-07-04,1,230
Bilzen,2020-07-07,0,230
Bilzen,2020-07-08,0,230
Bilzen,2020-07-09,0,230
Bilzen,2020-07-10,0,230
Bilzen,2020-07-11,1,231
Bilzen,2020-07-14,0,231
Bilzen,2020-07-15,0,231
Bilzen,2020-07-16,0,231
Bilzen,2020-07-17,0,231
Bilzen,2020-07-18,0,231
Bilzen,2020-07-20,0,231
Bilzen,2020-07-21,0,231
Bilzen,2020-07-22,1,232
Bilzen,2020-07-23,1,233
Bilzen,2020-07-24,2,235
Bilzen,2020-07-25,0,235
Bilzen,2020-07-26,0,235
Bilzen,2020-07-27,1,236
Bilzen,2020-07-28,3,239
Bilzen,2020-07-29,1,240
Bilzen,2020-07-30,0,240
Bilzen,2020-07-31,1,241
Borgloon,2020-04-01,4,37
Borgloon,2020-04-02,2,39
Borgloon,2020-04-03,0,39
Borgloon,2020-04-04,1,40
Borgloon,2020-04-05,5,45
Borgloon,2020-04-06,1,46
Borgloon,2020-04-07,1,47
Borgloon,2020-04-08,1,48
Borgloon,2020-04-09,3,51
Borgloon,2020-04-10,2,53
Borgloon,2020-04-11,5,58
Borgloon,2020-04-12,3,61
Borgloon,2020-04-13,5,66
Borgloon,2020-04-14,2,68
Borgloon,2020-04-15,10,78
Borgloon,2020-04-16,3,81
Borgloon,2020-04-17,1,82
Borgloon,2020-04-18,1,83
Borgloon,2020-04-19,2,85
Borgloon,2020-04-20,1,86
Borgloon,2020-04-21,0,86
Borgloon,2020-04-22,3,89
Borgloon,2020-04-23,3,92
Borgloon,2020-04-24,1,93
Borgloon,2020-04-25,1,94
Borgloon,2020-04-26,1,95
Borgloon,2020-04-27,0,95
Borgloon,2020-04-28,1,96
Borgloon,2020-04-29,0,96
Borgloon,2020-04-30,2,98
Borgloon,2020-05-01,0,98
Borgloon,2020-05-02,1,99
Borgloon,2020-05-03,0,99
Borgloon,2020-05-04,1,100
Borgloon,2020-05-05,2,102
Borgloon,2020-05-06,1,103
Borgloon,2020-05-07,2,105
Borgloon,2020-05-08,1,106
Borgloon,2020-05-09,1,107
Borgloon,2020-05-10,2,109
Borgloon,2020-05-11,0,109
Borgloon,2020-05-12,0,109
Borgloon,2020-05-13,0,109
Borgloon,2020-05-14,0,109
Borgloon,2020-05-15,0,109
Borgloon,2020-05-16,0,109
Borgloon,2020-05-17,0,109
Borgloon,2020-05-18,0,109
Borgloon,2020-05-19,0,109
Borgloon,2020-05-20,0,109
Borgloon,2020-05-21,1,110
Borgloon,2020-05-22,0,110
Borgloon,2020-05-23,2,112
Borgloon,2020-05-24,0,112
Borgloon,2020-05-25,1,113
Borgloon,2020-05-26,-2,111
Borgloon,2020-05-27,0,111
Borgloon,2020-05-28,0,111
Borgloon,2020-05-29,0,111
Borgloon,2020-05-30,0,111
Borgloon,2020-05-31,0,111
Borgloon,2020-06-01,0,111
Borgloon,2020-06-02,1,112
Borgloon,2020-06-03,0,112
Borgloon,2020-06-04,0,112
Borgloon,2020-06-05,0,112
Borgloon,2020-06-06,0,112
Borgloon,2020-06-07,0,112
Borgloon,2020-06-08,0,112
Borgloon,2020-06-09,2,114
Borgloon,2020-06-10,1,115
Borgloon,2020-06-11,0,115
Borgloon,2020-06-12,1,116
Borgloon,2020-06-13,0,116
Borgloon,2020-06-14,0,116
Borgloon,2020-06-15,0,116
Borgloon,2020-06-16,0,116
Borgloon,2020-06-17,0,116
Borgloon,2020-06-18,2,118
Borgloon,2020-06-19,0,118
Borgloon,2020-06-20,0,118
Borgloon,2020-06-23,0,118
Borgloon,2020-06-24,0,118
Borgloon,2020-06-25,1,119
Borgloon,2020-06-26,0,119
Borgloon,2020-06-27,0,119
Borgloon,2020-06-30,0,119
Borgloon,2020-07-01,0,119
Borgloon,2020-07-02,0,119
Borgloon,2020-07-03,0,119
Borgloon,2020-07-04,1,120
Borgloon,2020-07-07,0,120
Borgloon,2020-07-08,0,120
Borgloon,2020-07-09,0,120
Borgloon,2020-07-10,0,120
Borgloon,2020-07-11,0,120
Borgloon,2020-07-14,0,120
Borgloon,2020-07-15,0,120
Borgloon,2020-07-16,0,120
Borgloon,2020-07-17,0,120
Borgloon,2020-07-18,0,120
Borgloon,2020-07-20,0,120
Borgloon,2020-07-21,0,120
Borgloon,2020-07-22,0,120
Borgloon,2020-07-23,0,120
Borgloon,2020-07-24,0,120
Borgloon,2020-07-25,0,120
Borgloon,2020-07-26,0,120
Borgloon,2020-07-27,0,120
Borgloon,2020-07-28,0,120
Borgloon,2020-07-29,0,120
Borgloon,2020-07-30,0,120
Borgloon,2020-07-31,0,120
Heers,2020-04-01,3,15
Heers,2020-04-02,1,16
Heers,2020-04-03,3,19
Heers,2020-04-04,0,19
Heers,2020-04-05,0,19
Heers,2020-04-06,1,20
Heers,2020-04-07,1,21
Heers,2020-04-08,0,21
Heers,2020-04-09,1,22
Heers,2020-04-10,1,23
Heers,2020-04-11,0,23
Heers,2020-04-12,1,24
Heers,2020-04-13,0,24
Heers,2020-04-14,0,24
Heers,2020-04-15,3,27
Heers,2020-04-16,0,27
Heers,2020-04-17,1,28
Heers,2020-04-18,3,31
Heers,2020-04-19,0,31
Heers,2020-04-20,3,34
Heers,2020-04-21,0,34
Heers,2020-04-22,0,34
Heers,2020-04-23,1,35
Heers,2020-04-24,0,35
Heers,2020-04-25,0,35
Heers,2020-04-26,0,35
Heers,2020-04-27,1,36
Heers,2020-04-28,1,37
Heers,2020-04-29,0,37
Heers,2020-04-30,0,37
Heers,2020-05-01,0,37
Heers,2020-05-02,0,37
Heers,2020-05-03,0,37
Heers,2020-05-04,0,37
Heers,2020-05-05,0,37
Heers,2020-05-06,0,37
Heers,2020-05-07,0,37
Heers,2020-05-08,0,37
Heers,2020-05-09,0,37
Heers,2020-05-10,0,37
Heers,2020-05-11,1,38
Heers,2020-05-12,1,39
Heers,2020-05-13,0,39
Heers,2020-05-14,0,39
Heers,2020-05-15,0,39
Heers,2020-05-16,0,39
Heers,2020-05-17,0,39
Heers,2020-05-18,0,39
Heers,2020-05-19,0,39
Heers,2020-05-20,0,39
Heers,2020-05-21,0,39
Heers,2020-05-22,0,39
Heers,2020-05-23,6,45
Heers,2020-05-24,0,45
Heers,2020-05-25,0,45
Heers,2020-05-26,-3,42
Heers,2020-05-27,0,42
Heers,2020-05-28,0,42
Heers,2020-05-29,0,42
Heers,2020-05-30,0,42
Heers,2020-05-31,0,42
Heers,2020-06-01,0,42
Heers,2020-06-02,0,42
Heers,2020-06-03,0,42
Heers,2020-06-04,0,42
Heers,2020-06-05,0,42
Heers,2020-06-06,0,42
Heers,2020-06-07,0,42
Heers,2020-06-08,0,42
Heers,2020-06-09,0,42
Heers,2020-06-10,1,43
Heers,2020-06-11,-1,42
Heers,2020-06-12,0,42
Heers,2020-06-13,0,42
Heers,2020-06-14,0,42
Heers,2020-06-15,0,42
Heers,2020-06-16,0,42
Heers,2020-06-17,0,42
Heers,2020-06-18,0,42
Heers,2020-06-19,1,43
Heers,2020-06-20,0,43
Heers,2020-06-23,0,43
Heers,2020-06-24,0,43
Heers,2020-06-25,0,43
Heers,2020-06-26,0,43
Heers,2020-06-27,0,43
Heers,2020-06-30,0,43
Heers,2020-07-01,0,43
Heers,2020-07-02,0,43
Heers,2020-07-03,0,43
Heers,2020-07-04,0,43
Heers,2020-07-07,1,44
Heers,2020-07-08,0,44
Heers,2020-07-09,0,44
Heers,2020-07-10,0,44
Heers,2020-07-11,1,45
Heers,2020-07-14,0,45
Heers,2020-07-15,0,45
Heers,2020-07-16,0,45
Heers,2020-07-17,0,45
Heers,2020-07-18,0,45
Heers,2020-07-20,0,45
Heers,2020-07-21,0,45
Heers,2020-07-22,0,45
Heers,2020-07-23,0,45
Heers,2020-07-24,0,45
Heers,2020-07-25,0,45
Heers,2020-07-26,0,45
Heers,2020-07-27,0,45
Heers,2020-07-28,1,46
Heers,2020-07-29,0,46
Heers,2020-07-30,0,46
Heers,2020-07-31,0,46
Hoeselt,2020-04-01,1,7
Hoeselt,2020-04-02,1,8
Hoeselt,2020-04-03,0,8
Hoeselt,2020-04-04,3,11
Hoeselt,2020-04-05,3,14
Hoeselt,2020-04-06,3,17
Hoeselt,2020-04-07,0,17
Hoeselt,2020-04-08,0,17
Hoeselt,2020-04-09,1,18
Hoeselt,2020-04-10,2,20
Hoeselt,2020-04-11,1,21
Hoeselt,2020-04-12,1,22
Hoeselt,2020-04-13,1,23
Hoeselt,2020-04-14,0,23
Hoeselt,2020-04-15,22,45
Hoeselt,2020-04-16,0,45
Hoeselt,2020-04-17,0,45
Hoeselt,2020-04-18,3,48
Hoeselt,2020-04-19,0,48
Hoeselt,2020-04-20,2,50
Hoeselt,2020-04-21,1,51
Hoeselt,2020-04-22,2,53
Hoeselt,2020-04-23,1,54
Hoeselt,2020-04-24,1,55
Hoeselt,2020-04-25,1,56
Hoeselt,2020-04-26,0,56
Hoeselt,2020-04-27,0,56
Hoeselt,2020-04-28,2,58
Hoeselt,2020-04-29,0,58
Hoeselt,2020-04-30,1,59
Hoeselt,2020-05-01,1,60
Hoeselt,2020-05-02,0,60
Hoeselt,2020-05-03,0,60
Hoeselt,2020-05-04,0,60
Hoeselt,2020-05-05,0,60
Hoeselt,2020-05-06,0,60
Hoeselt,2020-05-07,0,60
Hoeselt,2020-05-08,0,60
Hoeselt,2020-05-09,0,60
Hoeselt,2020-05-10,1,61
Hoeselt,2020-05-11,0,61
Hoeselt,2020-05-12,0,61
Hoeselt,2020-05-13,0,61
Hoeselt,2020-05-14,1,62
Hoeselt,2020-05-15,0,62
Hoeselt,2020-05-16,0,62
Hoeselt,2020-05-17,1,63
Hoeselt,2020-05-18,0,63
Hoeselt,2020-05-19,1,64
Hoeselt,2020-05-20,2,66
Hoeselt,2020-05-21,0,66
Hoeselt,2020-05-22,2,68
Hoeselt,2020-05-23,3,71
Hoeselt,2020-05-24,0,71
Hoeselt,2020-05-25,0,71
Hoeselt,2020-05-26,3,74
Hoeselt,2020-05-27,0,74
Hoeselt,2020-05-28,1,75
Hoeselt,2020-05-29,0,75
Hoeselt,2020-05-30,0,75
Hoeselt,2020-05-31,0,75
Hoeselt,2020-06-01,0,75
Hoeselt,2020-06-02,0,75
Hoeselt,2020-06-03,0,75
Hoeselt,2020-06-04,1,76
Hoeselt,2020-06-05,0,76
Hoeselt,2020-06-06,0,76
Hoeselt,2020-06-07,0,76
Hoeselt,2020-06-08,1,77
Hoeselt,2020-06-09,0,77
Hoeselt,2020-06-10,2,79
Hoeselt,2020-06-11,1,80
Hoeselt,2020-06-12,0,80
Hoeselt,2020-06-13,0,80
Hoeselt,2020-06-14,0,80
Hoeselt,2020-06-15,0,80
Hoeselt,2020-06-16,0,80
Hoeselt,2020-06-17,0,80
Hoeselt,2020-06-18,0,80
Hoeselt,2020-06-19,1,81
Hoeselt,2020-06-20,0,81
Hoeselt,2020-06-23,0,81
Hoeselt,2020-06-24,0,81
Hoeselt,2020-06-25,-1,80
Hoeselt,2020-06-26,0,80
Hoeselt,2020-06-27,0,80
Hoeselt,2020-06-30,0,80
Hoeselt,2020-07-01,0,80
Hoeselt,2020-07-02,0,80
Hoeselt,2020-07-03,0,80
Hoeselt,2020-07-04,0,80
Hoeselt,2020-07-07,0,80
Hoeselt,2020-07-08,0,80
Hoeselt,2020-07-09,0,80
Hoeselt,2020-07-10,0,80
Hoeselt,2020-07-11,0,80
Hoeselt,2020-07-14,0,80
Hoeselt,2020-07-15,0,80
Hoeselt,2020-07-16,0,80
Hoeselt,2020-07-17,0,80
Hoeselt,2020-07-18,0,80
Hoeselt,2020-07-20,0,80
Hoeselt,2020-07-21,0,80
Hoeselt,2020-07-22,0,80
Hoeselt,2020-07-23,0,80
Hoeselt,2020-07-24,0,80
Hoeselt,2020-07-25,0,80
Hoeselt,2020-07-26,0,80
Hoeselt,2020-07-27,0,80
Hoeselt,2020-07-28,0,80
Hoeselt,2020-07-29,0,80
Hoeselt,2020-07-30,0,80
Hoeselt,2020-07-31,0,80
Kortessem,2020-04-01,1,10
Kortessem,2020-04-02,1,11
Kortessem,2020-04-03,2,13
Kortessem,2020-04-04,2,15
Kortessem,2020-04-05,2,17
Kortessem,2020-04-06,0,17
Kortessem,2020-04-07,1,18
Kortessem,2020-04-08,1,19
Kortessem,2020-04-09,1,20
Kortessem,2020-04-10,0,20
Kortessem,2020-04-11,1,21
Kortessem,2020-04-12,2,23
Kortessem,2020-04-13,2,25
Kortessem,2020-04-14,0,25
Kortessem,2020-04-15,0,25
Kortessem,2020-04-16,0,25
Kortessem,2020-04-17,0,25
Kortessem,2020-04-18,3,28
Kortessem,2020-04-19,0,28
Kortessem,2020-04-20,1,29
Kortessem,2020-04-21,0,29
Kortessem,2020-04-22,1,30
Kortessem,2020-04-23,2,32
Kortessem,2020-04-24,0,32
Kortessem,2020-04-25,0,32
Kortessem,2020-04-26,0,32
Kortessem,2020-04-27,0,32
Kortessem,2020-04-28,0,32
Kortessem,2020-04-29,0,32
Kortessem,2020-04-30,0,32
Kortessem,2020-05-01,0,32
Kortessem,2020-05-02,0,32
Kortessem,2020-05-03,0,32
Kortessem,2020-05-04,0,32
Kortessem,2020-05-05,0,32
Kortessem,2020-05-06,0,32
Kortessem,2020-05-07,0,32
Kortessem,2020-05-08,1,33
Kortessem,2020-05-09,0,33
Kortessem,2020-05-10,1,34
Kortessem,2020-05-11,2,36
Kortessem,2020-05-12,0,36
Kortessem,2020-05-13,0,36
Kortessem,2020-05-14,0,36
Kortessem,2020-05-15,0,36
Kortessem,2020-05-16,1,37
Kortessem,2020-05-17,0,37
Kortessem,2020-05-18,0,37
Kortessem,2020-05-19,0,37
Kortessem,2020-05-20,0,37
Kortessem,2020-05-21,0,37
Kortessem,2020-05-22,0,37
Kortessem,2020-05-23,1,38
Kortessem,2020-05-24,0,38
Kortessem,2020-05-25,1,39
Kortessem,2020-05-26,-1,38
Kortessem,2020-05-27,0,38
Kortessem,2020-05-28,0,38
Kortessem,2020-05-29,0,38
Kortessem,2020-05-30,0,38
Kortessem,2020-05-31,0,38
Kortessem,2020-06-01,0,38
Kortessem,2020-06-02,0,38
Kortessem,2020-06-03,0,38
Kortessem,2020-06-04,0,38
Kortessem,2020-06-05,0,38
Kortessem,2020-06-06,0,38
Kortessem,2020-06-07,0,38
Kortessem,2020-06-08,1,39
Kortessem,2020-06-09,0,39
Kortessem,2020-06-10,2,41
Kortessem,2020-06-11,-1,40
Kortessem,2020-06-12,0,40
Kortessem,2020-06-13,0,40
Kortessem,2020-06-14,0,40
Kortessem,2020-06-15,0,40
Kortessem,2020-06-16,0,40
Kortessem,2020-06-17,0,40
Kortessem,2020-06-18,0,40
Kortessem,2020-06-19,0,40
Kortessem,2020-06-20,0,40
Kortessem,2020-06-23,0,40
Kortessem,2020-06-24,0,40
Kortessem,2020-06-25,0,40
Kortessem,2020-06-26,0,40
Kortessem,2020-06-27,0,40
Kortessem,2020-06-30,0,40
Kortessem,2020-07-01,0,40
Kortessem,2020-07-02,0,40
Kortessem,2020-07-03,0,40
Kortessem,2020-07-04,0,40
Kortessem,2020-07-07,0,40
Kortessem,2020-07-08,0,40
Kortessem,2020-07-09,0,40
Kortessem,2020-07-10,0,40
Kortessem,2020-07-11,0,40
Kortessem,2020-07-14,0,40
Kortessem,2020-07-15,0,40
Kortessem,2020-07-16,0,40
Kortessem,2020-07-17,0,40
Kortessem,2020-07-18,0,40
Kortessem,2020-07-20,0,40
Kortessem,2020-07-21,0,40
Kortessem,2020-07-22,0,40
Kortessem,2020-07-23,0,40
Kortessem,2020-07-24,1,41
Kortessem,2020-07-25,0,41
Kortessem,2020-07-26,0,41
Kortessem,2020-07-27,1,42
Kortessem,2020-07-28,1,43
Kortessem,2020-07-29,0,43
Kortessem,2020-07-30,0,43
Kortessem,2020-07-31,0,43
Lanaken,2020-04-01,10,72
Lanaken,2020-04-02,10,82
Lanaken,2020-04-03,5,87
Lanaken,2020-04-04,11,98
Lanaken,2020-04-05,7,105
Lanaken,2020-04-06,2,107
Lanaken,2020-04-07,1,108
Lanaken,2020-04-08,6,114
Lanaken,2020-04-09,4,118
Lanaken,2020-04-10,16,134
Lanaken,2020-04-11,6,140
Lanaken,2020-04-12,10,150
Lanaken,2020-04-13,3,153
Lanaken,2020-04-14,1,154
Lanaken,2020-04-15,2,156
Lanaken,2020-04-16,6,162
Lanaken,2020-04-17,6,168
Lanaken,2020-04-18,3,171
Lanaken,2020-04-19,3,174
Lanaken,2020-04-20,4,178
Lanaken,2020-04-21,0,178
Lanaken,2020-04-22,1,179
Lanaken,2020-04-23,2,181
Lanaken,2020-04-24,2,183
Lanaken,2020-04-25,0,183
Lanaken,2020-04-26,3,186
Lanaken,2020-04-27,1,187
Lanaken,2020-04-28,3,190
Lanaken,2020-04-29,1,191
Lanaken,2020-04-30,1,192
Lanaken,2020-05-01,1,193
Lanaken,2020-05-02,2,195
Lanaken,2020-05-03,2,197
Lanaken,2020-05-04,0,197
Lanaken,2020-05-05,0,197
Lanaken,2020-05-06,2,199
Lanaken,2020-05-07,0,199
Lanaken,2020-05-08,4,203
Lanaken,2020-05-09,0,203
Lanaken,2020-05-10,0,203
Lanaken,2020-05-11,1,204
Lanaken,2020-05-12,3,207
Lanaken,2020-05-13,0,207
Lanaken,2020-05-14,2,209
Lanaken,2020-05-15,2,211
Lanaken,2020-05-16,1,212
Lanaken,2020-05-17,0,212
Lanaken,2020-05-18,1,213
Lanaken,2020-05-19,0,213
Lanaken,2020-05-20,0,213
Lanaken,2020-05-21,1,214
Lanaken,2020-05-22,0,214
Lanaken,2020-05-23,0,214
Lanaken,2020-05-24,0,214
Lanaken,2020-05-25,0,214
Lanaken,2020-05-26,0,214
Lanaken,2020-05-27,1,215
Lanaken,2020-05-28,0,215
Lanaken,2020-05-29,1,216
Lanaken,2020-05-30,1,217
Lanaken,2020-05-31,0,217
Lanaken,2020-06-01,0,217
Lanaken,2020-06-02,1,218
Lanaken,2020-06-03,0,218
Lanaken,2020-06-04,0,218
Lanaken,2020-06-05,1,219
Lanaken,2020-06-06,0,219
Lanaken,2020-06-07,1,220
Lanaken,2020-06-08,2,222
Lanaken,2020-06-09,0,222
Lanaken,2020-06-10,0,222
Lanaken,2020-06-11,2,224
Lanaken,2020-06-12,1,225
Lanaken,2020-06-13,0,225
Lanaken,2020-06-14,0,225
Lanaken,2020-06-15,0,225
Lanaken,2020-06-16,0,225
Lanaken,2020-06-17,0,225
Lanaken,2020-06-18,0,225
Lanaken,2020-06-19,1,226
Lanaken,2020-06-20,0,226
Lanaken,2020-06-23,0,226
Lanaken,2020-06-24,1,227
Lanaken,2020-06-25,0,227
Lanaken,2020-06-26,0,227
Lanaken,2020-06-27,1,228
Lanaken,2020-06-30,0,228
Lanaken,2020-07-01,0,228
Lanaken,2020-07-02,2,230
Lanaken,2020-07-03,0,230
Lanaken,2020-07-04,0,230
Lanaken,2020-07-07,0,230
Lanaken,2020-07-08,0,230
Lanaken,2020-07-09,0,230
Lanaken,2020-07-10,1,231
Lanaken,2020-07-11,0,231
Lanaken,2020-07-14,0,231
Lanaken,2020-07-15,1,232
Lanaken,2020-07-16,0,232
Lanaken,2020-07-17,0,232
Lanaken,2020-07-18,0,232
Lanaken,2020-07-20,1,233
Lanaken,2020-07-21,0,233
Lanaken,2020-07-22,0,233
Lanaken,2020-07-23,0,233
Lanaken,2020-07-24,3,236
Lanaken,2020-07-25,0,236
Lanaken,2020-07-26,3,239
Lanaken,2020-07-27,0,239
Lanaken,2020-07-28,0,239
Lanaken,2020-07-29,0,239
Lanaken,2020-07-30,0,239
Lanaken,2020-07-31,0,239
Riemst,2020-04-01,2,27
Riemst,2020-04-02,3,30
Riemst,2020-04-03,2,32
Riemst,2020-04-04,1,33
Riemst,2020-04-05,5,38
Riemst,2020-04-06,4,42
Riemst,2020-04-07,1,43
Riemst,2020-04-08,3,46
Riemst,2020-04-09,6,52
Riemst,2020-04-10,1,53
Riemst,2020-04-11,3,56
Riemst,2020-04-12,4,60
Riemst,2020-04-13,2,62
Riemst,2020-04-14,3,65
Riemst,2020-04-15,2,67
Riemst,2020-04-16,1,68
Riemst,2020-04-17,15,83
Riemst,2020-04-18,1,84
Riemst,2020-04-19,1,85
Riemst,2020-04-20,1,86
Riemst,2020-04-21,7,93
Riemst,2020-04-22,0,93
Riemst,2020-04-23,1,94
Riemst,2020-04-24,1,95
Riemst,2020-04-25,4,99
Riemst,2020-04-26,2,101
Riemst,2020-04-27,1,102
Riemst,2020-04-28,3,105
Riemst,2020-04-29,1,106
Riemst,2020-04-30,5,111
Riemst,2020-05-01,1,112
Riemst,2020-05-02,2,114
Riemst,2020-05-03,5,119
Riemst,2020-05-04,1,120
Riemst,2020-05-05,1,121
Riemst,2020-05-06,0,121
Riemst,2020-05-07,2,123
Riemst,2020-05-08,4,127
Riemst,2020-05-09,3,130
Riemst,2020-05-10,6,136
Riemst,2020-05-11,0,136
Riemst,2020-05-12,0,136
Riemst,2020-05-13,0,136
Riemst,2020-05-14,0,136
Riemst,2020-05-15,0,136
Riemst,2020-05-16,2,138
Riemst,2020-05-17,0,138
Riemst,2020-05-18,0,138
Riemst,2020-05-19,1,139
Riemst,2020-05-20,1,140
Riemst,2020-05-21,1,141
Riemst,2020-05-22,1,142
Riemst,2020-05-23,0,142
Riemst,2020-05-24,0,142
Riemst,2020-05-25,3,145
Riemst,2020-05-26,1,146
Riemst,2020-05-27,0,146
Riemst,2020-05-28,1,147
Riemst,2020-05-29,0,147
Riemst,2020-05-30,0,147
Riemst,2020-05-31,1,148
Riemst,2020-06-01,1,149
Riemst,2020-06-02,0,149
Riemst,2020-06-03,3,152
Riemst,2020-06-04,3,155
Riemst,2020-06-05,2,157
Riemst,2020-06-06,3,160
Riemst,2020-06-07,0,160
Riemst,2020-06-08,1,161
Riemst,2020-06-09,1,162
Riemst,2020-06-10,1,163
Riemst,2020-06-11,0,163
Riemst,2020-06-12,1,164
Riemst,2020-06-13,0,164
Riemst,2020-06-14,0,164
Riemst,2020-06-15,1,165
Riemst,2020-06-16,0,165
Riemst,2020-06-17,0,165
Riemst,2020-06-18,0,165
Riemst,2020-06-19,0,165
Riemst,2020-06-20,0,165
Riemst,2020-06-23,0,165
Riemst,2020-06-24,0,165
Riemst,2020-06-25,0,165
Riemst,2020-06-26,1,166
Riemst,2020-06-27,0,166
Riemst,2020-06-30,0,166
Riemst,2020-07-01,1,167
Riemst,2020-07-02,0,167
Riemst,2020-07-03,0,167
Riemst,2020-07-04,2,169
Riemst,2020-07-07,0,169
Riemst,2020-07-08,0,169
Riemst,2020-07-09,0,169
Riemst,2020-07-10,1,170
Riemst,2020-07-11,0,170
Riemst,2020-07-14,1,171
Riemst,2020-07-15,0,171
Riemst,2020-07-16,0,171
Riemst,2020-07-17,0,171
Riemst,2020-07-18,1,172
Riemst,2020-07-20,1,173
Riemst,2020-07-21,0,173
Riemst,2020-07-22,0,173
Riemst,2020-07-23,0,173
Riemst,2020-07-24,0,173
Riemst,2020-07-25,0,173
Riemst,2020-07-26,0,173
Riemst,2020-07-27,0,173
Riemst,2020-07-28,0,173
Riemst,2020-07-29,1,174
Riemst,2020-07-30,0,174
Riemst,2020-07-31,0,174
Tongeren,2020-04-01,2,43
Tongeren,2020-04-02,7,50
Tongeren,2020-04-03,5,55
Tongeren,2020-04-04,8,63
Tongeren,2020-04-05,4,67
Tongeren,2020-04-06,5,72
Tongeren,2020-04-07,5,77
Tongeren,2020-04-08,1,78
Tongeren,2020-04-09,9,87
Tongeren,2020-04-10,5,92
Tongeren,2020-04-11,5,97
Tongeren,2020-04-12,10,107
Tongeren,2020-04-13,4,111
Tongeren,2020-04-14,1,112
Tongeren,2020-04-15,1,113
Tongeren,2020-04-16,6,119
Tongeren,2020-04-17,5,124
Tongeren,2020-04-18,3,127
Tongeren,2020-04-19,0,127
Tongeren,2020-04-20,5,132
Tongeren,2020-04-21,3,135
Tongeren,2020-04-22,1,136
Tongeren,2020-04-23,5,141
Tongeren,2020-04-24,4,145
Tongeren,2020-04-25,4,149
Tongeren,2020-04-26,0,149
Tongeren,2020-04-27,3,152
Tongeren,2020-04-28,4,156
Tongeren,2020-04-29,2,158
Tongeren,2020-04-30,3,161
Tongeren,2020-05-01,3,164
Tongeren,2020-05-02,1,165
Tongeren,2020-05-03,1,166
Tongeren,2020-05-04,1,167
Tongeren,2020-05-05,0,167
Tongeren,2020-05-06,6,173
Tongeren,2020-05-07,2,175
Tongeren,2020-05-08,2,177
Tongeren,2020-05-09,1,178
Tongeren,2020-05-10,0,178
Tongeren,2020-05-11,1,179
Tongeren,2020-05-12,1,180
Tongeren,2020-05-13,0,180
Tongeren,2020-05-14,2,182
Tongeren,2020-05-15,0,182
Tongeren,2020-05-16,2,184
Tongeren,2020-05-17,1,185
Tongeren,2020-05-18,0,185
Tongeren,2020-05-19,1,186
Tongeren,2020-05-20,0,186
Tongeren,2020-05-21,1,187
Tongeren,2020-05-22,4,191
Tongeren,2020-05-23,4,195
Tongeren,2020-05-24,0,195
Tongeren,2020-05-25,0,195
Tongeren,2020-05-26,1,196
Tongeren,2020-05-27,1,197
Tongeren,2020-05-28,4,201
Tongeren,2020-05-29,6,207
Tongeren,2020-05-30,4,211
Tongeren,2020-05-31,2,213
Tongeren,2020-06-01,0,213
Tongeren,2020-06-02,1,214
Tongeren,2020-06-03,1,215
Tongeren,2020-06-04,0,215
Tongeren,2020-06-05,1,216
Tongeren,2020-06-06,4,220
Tongeren,2020-06-07,2,222
Tongeren,2020-06-08,2,224
Tongeren,2020-06-09,2,226
Tongeren,2020-06-10,1,227
Tongeren,2020-06-11,3,230
Tongeren,2020-06-12,2,232
Tongeren,2020-06-13,0,232
Tongeren,2020-06-14,3,235
Tongeren,2020-06-15,0,235
Tongeren,2020-06-16,0,235
Tongeren,2020-06-17,1,236
Tongeren,2020-06-18,0,236
Tongeren,2020-06-19,2,238
Tongeren,2020-06-20,0,238
Tongeren,2020-06-23,0,238
Tongeren,2020-06-24,0,238
Tongeren,2020-06-25,-5,233
Tongeren,2020-06-26,0,233
Tongeren,2020-06-27,0,233
Tongeren,2020-06-30,1,234
Tongeren,2020-07-01,0,234
Tongeren,2020-07-02,0,234
Tongeren,2020-07-03,0,234
Tongeren,2020-07-04,0,234
Tongeren,2020-07-07,4,238
Tongeren,2020-07-08,2,240
Tongeren,2020-07-09,1,241
Tongeren,2020-07-10,0,241
Tongeren,2020-07-11,2,243
Tongeren,2020-07-14,3,246
Tongeren,2020-07-15,0,246
Tongeren,2020-07-16,1,247
Tongeren,2020-07-17,0,247
Tongeren,2020-07-18,2,249
Tongeren,2020-07-20,0,249
Tongeren,2020-07-21,1,250
Tongeren,2020-07-22,0,250
Tongeren,2020-07-23,2,252
Tongeren,2020-07-24,2,254
Tongeren,2020-07-25,1,255
Tongeren,2020-07-26,0,255
Tongeren,2020-07-27,1,256
Tongeren,2020-07-28,0,256
Tongeren,2020-07-29,0,256
Tongeren,2020-07-30,1,257
Tongeren,2020-07-31,0,257
Wellen,2020-04-01,2,25
Wellen,2020-04-02,1,26
Wellen,2020-04-03,0,26
Wellen,2020-04-04,0,26
Wellen,2020-04-05,1,27
Wellen,2020-04-06,4,31
Wellen,2020-04-07,0,31
Wellen,2020-04-08,1,32
Wellen,2020-04-09,2,34
Wellen,2020-04-10,0,34
Wellen,2020-04-11,1,35
Wellen,2020-04-12,2,37
Wellen,2020-04-13,0,37
Wellen,2020-04-14,0,37
Wellen,2020-04-15,2,39
Wellen,2020-04-16,0,39
Wellen,2020-04-17,1,40
Wellen,2020-04-18,4,44
Wellen,2020-04-19,0,44
Wellen,2020-04-20,1,45
Wellen,2020-04-21,0,45
Wellen,2020-04-22,1,46
Wellen,2020-04-23,1,47
Wellen,2020-04-24,0,47
Wellen,2020-04-25,0,47
Wellen,2020-04-26,2,49
Wellen,2020-04-27,1,50
Wellen,2020-04-28,0,50
Wellen,2020-04-29,0,50
Wellen,2020-04-30,0,50
Wellen,2020-05-01,0,50
Wellen,2020-05-02,1,51
Wellen,2020-05-03,0,51
Wellen,2020-05-04,0,51
Wellen,2020-05-05,0,51
Wellen,2020-05-06,0,51
Wellen,2020-05-07,0,51
Wellen,2020-05-08,0,51
Wellen,2020-05-09,0,51
Wellen,2020-05-10,0,51
Wellen,2020-05-11,0,51
Wellen,2020-05-12,2,53
Wellen,2020-05-13,0,53
Wellen,2020-05-14,0,53
Wellen,2020-05-15,0,53
Wellen,2020-05-16,1,54
Wellen,2020-05-17,0,54
Wellen,2020-05-18,0,54
Wellen,2020-05-19,1,55
Wellen,2020-05-20,0,55
Wellen,2020-05-21,0,55
Wellen,2020-05-22,0,55
Wellen,2020-05-23,2,57
Wellen,2020-05-24,0,57
Wellen,2020-05-25,0,57
Wellen,2020-05-26,-1,56
Wellen,2020-05-27,1,57
Wellen,2020-05-28,0,57
Wellen,2020-05-29,0,57
Wellen,2020-05-30,0,57
Wellen,2020-05-31,1,58
Wellen,2020-06-01,0,58
Wellen,2020-06-02,0,58
Wellen,2020-06-03,0,58
Wellen,2020-06-04,0,58
Wellen,2020-06-05,0,58
Wellen,2020-06-06,0,58
Wellen,2020-06-07,0,58
Wellen,2020-06-08,0,58
Wellen,2020-06-09,0,58
Wellen,2020-06-10,2,60
Wellen,2020-06-11,-1,59
Wellen,2020-06-12,0,59
Wellen,2020-06-13,0,59
Wellen,2020-06-14,0,59
Wellen,2020-06-15,0,59
Wellen,2020-06-16,0,59
Wellen,2020-06-17,0,59
Wellen,2020-06-18,0,59
Wellen,2020-06-19,0,59
Wellen,2020-06-20,0,59
Wellen,2020-06-23,0,59
Wellen,2020-06-24,0,59
Wellen,2020-06-25,0,59
Wellen,2020-06-26,0,59
Wellen,2020-06-27,0,59
Wellen,2020-06-30,1,60
Wellen,2020-07-01,0,60
Wellen,2020-07-02,0,60
Wellen,2020-07-03,0,60
Wellen,2020-07-04,0,60
Wellen,2020-07-07,0,60
Wellen,2020-07-08,0,60
Wellen,2020-07-09,0,60
Wellen,2020-07-10,0,60
Wellen,2020-07-11,0,60
Wellen,2020-07-14,0,60
Wellen,2020-07-15,0,60
Wellen,2020-07-16,0,60
Wellen,2020-07-17,0,60
Wellen,2020-07-18,0,60
Wellen,2020-07-20,0,60
Wellen,2020-07-21,1,61
Wellen,2020-07-22,0,61
Wellen,2020-07-23,2,63
Wellen,2020-07-24,0,63
Wellen,2020-07-25,0,63
Wellen,2020-07-26,0,63
Wellen,2020-07-27,0,63
Wellen,2020-07-28,0,63
Wellen,2020-07-29,0,63
Wellen,2020-07-30,0,63
Wellen,2020-07-31,0,63
Maasmechelen,2020-04-01,3,46
Maasmechelen,2020-04-02,2,48
Maasmechelen,2020-04-03,7,55
Maasmechelen,2020-04-04,13,68
Maasmechelen,2020-04-05,5,73
Maasmechelen,2020-04-06,6,79
Maasmechelen,2020-04-07,1,80
Maasmechelen,2020-04-08,7,87
Maasmechelen,2020-04-09,2,89
Maasmechelen,2020-04-10,11,100
Maasmechelen,2020-04-11,1,101
Maasmechelen,2020-04-12,5,106
Maasmechelen,2020-04-13,0,106
Maasmechelen,2020-04-14,1,107
Maasmechelen,2020-04-15,4,111
Maasmechelen,2020-04-16,5,116
Maasmechelen,2020-04-17,3,119
Maasmechelen,2020-04-18,2,121
Maasmechelen,2020-04-19,5,126
Maasmechelen,2020-04-20,2,128
Maasmechelen,2020-04-21,0,128
Maasmechelen,2020-04-22,3,131
Maasmechelen,2020-04-23,2,133
Maasmechelen,2020-04-24,1,134
Maasmechelen,2020-04-25,2,136
Maasmechelen,2020-04-26,3,139
Maasmechelen,2020-04-27,1,140
Maasmechelen,2020-04-28,4,144
Maasmechelen,2020-04-29,4,148
Maasmechelen,2020-04-30,1,149
Maasmechelen,2020-05-01,0,149
Maasmechelen,2020-05-02,1,150
Maasmechelen,2020-05-03,1,151
Maasmechelen,2020-05-04,3,154
Maasmechelen,2020-05-05,5,159
Maasmechelen,2020-05-06,8,167
Maasmechelen,2020-05-07,0,167
Maasmechelen,2020-05-08,5,172
Maasmechelen,2020-05-09,6,178
Maasmechelen,2020-05-10,2,180
Maasmechelen,2020-05-11,3,183
Maasmechelen,2020-05-12,2,185
Maasmechelen,2020-05-13,11,196
Maasmechelen,2020-05-14,8,204
Maasmechelen,2020-05-15,2,206
Maasmechelen,2020-05-16,2,208
Maasmechelen,2020-05-17,6,214
Maasmechelen,2020-05-18,5,219
Maasmechelen,2020-05-19,0,219
Maasmechelen,2020-05-20,0,219
Maasmechelen,2020-05-21,1,220
Maasmechelen,2020-05-22,2,222
Maasmechelen,2020-05-23,0,222
Maasmechelen,2020-05-24,1,223
Maasmechelen,2020-05-25,3,226
Maasmechelen,2020-05-26,0,226
Maasmechelen,2020-05-27,0,226
Maasmechelen,2020-05-28,1,227
Maasmechelen,2020-05-29,1,228
Maasmechelen,2020-05-30,0,228
Maasmechelen,2020-05-31,0,228
Maasmechelen,2020-06-01,1,229
Maasmechelen,2020-06-02,0,229
Maasmechelen,2020-06-03,0,229
Maasmechelen,2020-06-04,0,229
Maasmechelen,2020-06-05,2,231
Maasmechelen,2020-06-06,0,231
Maasmechelen,2020-06-07,0,231
Maasmechelen,2020-06-08,0,231
Maasmechelen,2020-06-09,1,232
Maasmechelen,2020-06-10,1,233
Maasmechelen,2020-06-11,1,234
Maasmechelen,2020-06-12,0,234
Maasmechelen,2020-06-13,1,235
Maasmechelen,2020-06-14,1,236
Maasmechelen,2020-06-15,0,236
Maasmechelen,2020-06-16,0,236
Maasmechelen,2020-06-17,0,236
Maasmechelen,2020-06-18,3,239
Maasmechelen,2020-06-19,1,240
Maasmechelen,2020-06-20,1,241
Maasmechelen,2020-06-23,2,243
Maasmechelen,2020-06-24,0,243
Maasmechelen,2020-06-25,1,244
Maasmechelen,2020-06-26,3,247
Maasmechelen,2020-06-27,4,251
Maasmechelen,2020-06-30,3,254
Maasmechelen,2020-07-01,0,254
Maasmechelen,2020-07-02,0,254
Maasmechelen,2020-07-03,0,254
Maasmechelen,2020-07-04,0,254
Maasmechelen,2020-07-07,0,254
Maasmechelen,2020-07-08,0,254
Maasmechelen,2020-07-09,1,255
Maasmechelen,2020-07-10,0,255
Maasmechelen,2020-07-11,0,255
Maasmechelen,2020-07-14,0,255
Maasmechelen,2020-07-15,0,255
Maasmechelen,2020-07-16,0,255
Maasmechelen,2020-07-17,0,255
Maasmechelen,2020-07-18,0,255
Maasmechelen,2020-07-20,0,255
Maasmechelen,2020-07-21,0,255
Maasmechelen,2020-07-22,0,255
Maasmechelen,2020-07-23,0,255
Maasmechelen,2020-07-24,0,255
Maasmechelen,2020-07-25,3,258
Maasmechelen,2020-07-26,0,258
Maasmechelen,2020-07-27,0,258
Maasmechelen,2020-07-28,0,258
Maasmechelen,2020-07-29,0,258
Maasmechelen,2020-07-30,1,259
Maasmechelen,2020-07-31,0,259
Voeren,2020-04-01,0,0
Voeren,2020-04-02,0,0
Voeren,2020-04-03,0,0
Voeren,2020-04-04,6,6
Voeren,2020-04-05,0,6
Voeren,2020-04-06,0,6
Voeren,2020-04-07,0,6
Voeren,2020-04-08,0,6
Voeren,2020-04-09,1,7
Voeren,2020-04-10,0,7
Voeren,2020-04-11,2,9
Voeren,2020-04-12,2,11
Voeren,2020-04-13,1,12
Voeren,2020-04-14,0,12
Voeren,2020-04-15,9,21
Voeren,2020-04-16,2,23
Voeren,2020-04-17,0,23
Voeren,2020-04-18,0,23
Voeren,2020-04-19,0,23
Voeren,2020-04-20,0,23
Voeren,2020-04-21,0,23
Voeren,2020-04-22,0,23
Voeren,2020-04-23,0,23
Voeren,2020-04-24,0,23
Voeren,2020-04-25,1,24
Voeren,2020-04-26,1,25
Voeren,2020-04-27,0,25
Voeren,2020-04-28,2,27
Voeren,2020-04-29,0,27
Voeren,2020-04-30,0,27
Voeren,2020-05-01,0,27
Voeren,2020-05-02,0,27
Voeren,2020-05-03,0,27
Voeren,2020-05-04,0,27
Voeren,2020-05-05,0,27
Voeren,2020-05-06,0,27
Voeren,2020-05-07,1,28
Voeren,2020-05-08,1,29
Voeren,2020-05-09,0,29
Voeren,2020-05-10,0,29
Voeren,2020-05-11,0,29
Voeren,2020-05-12,0,29
Voeren,2020-05-13,0,29
Voeren,2020-05-14,0,29
Voeren,2020-05-15,0,29
Voeren,2020-05-16,0,29
Voeren,2020-05-17,0,29
Voeren,2020-05-18,0,29
Voeren,2020-05-19,0,29
Voeren,2020-05-20,0,29
Voeren,2020-05-21,0,29
Voeren,2020-05-22,0,29
Voeren,2020-05-23,0,29
Voeren,2020-05-24,0,29
Voeren,2020-05-25,0,29
Voeren,2020-05-26,1,30
Voeren,2020-05-27,0,30
Voeren,2020-05-28,0,30
Voeren,2020-05-29,0,30
Voeren,2020-05-30,0,30
Voeren,2020-05-31,0,30
Voeren,2020-06-01,0,30
Voeren,2020-06-02,0,30
Voeren,2020-06-03,0,30
Voeren,2020-06-04,0,30
Voeren,2020-06-05,0,30
Voeren,2020-06-06,0,30
Voeren,2020-06-07,1,31
Voeren,2020-06-08,0,31
Voeren,2020-06-09,0,31
Voeren,2020-06-10,0,31
Voeren,2020-06-11,0,31
Voeren,2020-06-12,0,31
Voeren,2020-06-13,0,31
Voeren,2020-06-14,0,31
Voeren,2020-06-15,0,31
Voeren,2020-06-16,0,31
Voeren,2020-06-17,0,31
Voeren,2020-06-18,0,31
Voeren,2020-06-19,0,31
Voeren,2020-06-20,0,31
Voeren,2020-06-23,0,31
Voeren,2020-06-24,0,31
Voeren,2020-06-25,0,31
Voeren,2020-06-26,0,31
Voeren,2020-06-27,0,31
Voeren,2020-06-30,0,31
Voeren,2020-07-01,0,31
Voeren,2020-07-02,0,31
Voeren,2020-07-03,0,31
Voeren,2020-07-04,0,31
Voeren,2020-07-07,0,31
Voeren,2020-07-08,0,31
Voeren,2020-07-09,0,31
Voeren,2020-07-10,1,32
Voeren,2020-07-11,0,32
Voeren,2020-07-14,0,32
Voeren,2020-07-15,0,32
Voeren,2020-07-16,0,32
Voeren,2020-07-17,0,32
Voeren,2020-07-18,0,32
Voeren,2020-07-20,0,32
Voeren,2020-07-21,0,32
Voeren,2020-07-22,0,32
Voeren,2020-07-23,0,32
Voeren,2020-07-24,0,32
Voeren,2020-07-25,0,32
Voeren,2020-07-26,0,32
Voeren,2020-07-27,0,32
Voeren,2020-07-28,0,32
Voeren,2020-07-29,0,32
Voeren,2020-07-30,0,32
Voeren,2020-07-31,0,32
Aarlen,2020-04-01,5,15
Aarlen,2020-04-02,4,19
Aarlen,2020-04-03,1,20
Aarlen,2020-04-04,19,39
Aarlen,2020-04-05,7,46
Aarlen,2020-04-06,0,46
Aarlen,2020-04-07,2,48
Aarlen,2020-04-08,0,48
Aarlen,2020-04-09,3,51
Aarlen,2020-04-10,11,62
Aarlen,2020-04-11,1,63
Aarlen,2020-04-12,0,63
Aarlen,2020-04-13,1,64
Aarlen,2020-04-14,7,71
Aarlen,2020-04-15,0,71
Aarlen,2020-04-16,0,71
Aarlen,2020-04-17,0,71
Aarlen,2020-04-18,1,72
Aarlen,2020-04-19,6,78
Aarlen,2020-04-20,1,79
Aarlen,2020-04-21,0,79
Aarlen,2020-04-22,0,79
Aarlen,2020-04-23,0,79
Aarlen,2020-04-24,0,79
Aarlen,2020-04-25,0,79
Aarlen,2020-04-26,1,80
Aarlen,2020-04-27,0,80
Aarlen,2020-04-28,1,81
Aarlen,2020-04-29,0,81
Aarlen,2020-04-30,0,81
Aarlen,2020-05-01,1,82
Aarlen,2020-05-02,0,82
Aarlen,2020-05-03,2,84
Aarlen,2020-05-04,0,84
Aarlen,2020-05-05,0,84
Aarlen,2020-05-06,0,84
Aarlen,2020-05-07,0,84
Aarlen,2020-05-08,0,84
Aarlen,2020-05-09,0,84
Aarlen,2020-05-10,0,84
Aarlen,2020-05-11,0,84
Aarlen,2020-05-12,1,85
Aarlen,2020-05-13,0,85
Aarlen,2020-05-14,1,86
Aarlen,2020-05-15,0,86
Aarlen,2020-05-16,0,86
Aarlen,2020-05-17,0,86
Aarlen,2020-05-18,1,87
Aarlen,2020-05-19,0,87
Aarlen,2020-05-20,0,87
Aarlen,2020-05-21,0,87
Aarlen,2020-05-22,0,87
Aarlen,2020-05-23,1,88
Aarlen,2020-05-24,0,88
Aarlen,2020-05-25,0,88
Aarlen,2020-05-26,0,88
Aarlen,2020-05-27,0,88
Aarlen,2020-05-28,0,88
Aarlen,2020-05-29,0,88
Aarlen,2020-05-30,0,88
Aarlen,2020-05-31,0,88
Aarlen,2020-06-01,0,88
Aarlen,2020-06-02,0,88
Aarlen,2020-06-03,0,88
Aarlen,2020-06-04,0,88
Aarlen,2020-06-05,0,88
Aarlen,2020-06-06,0,88
Aarlen,2020-06-07,0,88
Aarlen,2020-06-08,0,88
Aarlen,2020-06-09,0,88
Aarlen,2020-06-10,0,88
Aarlen,2020-06-11,0,88
Aarlen,2020-06-12,0,88
Aarlen,2020-06-13,0,88
Aarlen,2020-06-14,0,88
Aarlen,2020-06-15,0,88
Aarlen,2020-06-16,0,88
Aarlen,2020-06-17,0,88
Aarlen,2020-06-18,0,88
Aarlen,2020-06-19,0,88
Aarlen,2020-06-20,0,88
Aarlen,2020-06-23,0,88
Aarlen,2020-06-24,0,88
Aarlen,2020-06-25,0,88
Aarlen,2020-06-26,0,88
Aarlen,2020-06-27,0,88
Aarlen,2020-06-30,0,88
Aarlen,2020-07-01,0,88
Aarlen,2020-07-02,1,89
Aarlen,2020-07-03,0,89
Aarlen,2020-07-04,0,89
Aarlen,2020-07-07,0,89
Aarlen,2020-07-08,0,89
Aarlen,2020-07-09,2,91
Aarlen,2020-07-10,1,92
Aarlen,2020-07-11,1,93
Aarlen,2020-07-14,1,94
Aarlen,2020-07-15,1,95
Aarlen,2020-07-16,1,96
Aarlen,2020-07-17,0,96
Aarlen,2020-07-18,3,99
Aarlen,2020-07-20,0,99
Aarlen,2020-07-21,2,101
Aarlen,2020-07-22,0,101
Aarlen,2020-07-23,1,102
Aarlen,2020-07-24,0,102
Aarlen,2020-07-25,3,105
Aarlen,2020-07-26,0,105
Aarlen,2020-07-27,1,106
Aarlen,2020-07-28,0,106
Aarlen,2020-07-29,1,107
Aarlen,2020-07-30,7,114
Aarlen,2020-07-31,0,114
Attert,2020-04-01,0,0
Attert,2020-04-02,0,0
Attert,2020-04-03,0,0
Attert,2020-04-04,7,7
Attert,2020-04-05,0,7
Attert,2020-04-06,0,7
Attert,2020-04-07,0,7
Attert,2020-04-08,0,7
Attert,2020-04-09,0,7
Attert,2020-04-10,2,9
Attert,2020-04-11,0,9
Attert,2020-04-12,0,9
Attert,2020-04-13,0,9
Attert,2020-04-14,0,9
Attert,2020-04-15,0,9
Attert,2020-04-16,0,9
Attert,2020-04-17,0,9
Attert,2020-04-18,0,9
Attert,2020-04-19,2,11
Attert,2020-04-20,0,11
Attert,2020-04-21,0,11
Attert,2020-04-22,0,11
Attert,2020-04-23,0,11
Attert,2020-04-24,0,11
Attert,2020-04-25,0,11
Attert,2020-04-26,0,11
Attert,2020-04-27,0,11
Attert,2020-04-28,0,11
Attert,2020-04-29,0,11
Attert,2020-04-30,0,11
Attert,2020-05-01,0,11
Attert,2020-05-02,0,11
Attert,2020-05-03,0,11
Attert,2020-05-04,0,11
Attert,2020-05-05,0,11
Attert,2020-05-06,0,11
Attert,2020-05-07,0,11
Attert,2020-05-08,0,11
Attert,2020-05-09,0,11
Attert,2020-05-10,0,11
Attert,2020-05-11,0,11
Attert,2020-05-12,0,11
Attert,2020-05-13,0,11
Attert,2020-05-14,0,11
Attert,2020-05-15,0,11
Attert,2020-05-16,0,11
Attert,2020-05-17,0,11
Attert,2020-05-18,0,11
Attert,2020-05-19,0,11
Attert,2020-05-20,0,11
Attert,2020-05-21,0,11
Attert,2020-05-22,0,11
Attert,2020-05-23,0,11
Attert,2020-05-24,0,11
Attert,2020-05-25,0,11
Attert,2020-05-26,0,11
Attert,2020-05-27,0,11
Attert,2020-05-28,0,11
Attert,2020-05-29,0,11
Attert,2020-05-30,0,11
Attert,2020-05-31,0,11
Attert,2020-06-01,0,11
Attert,2020-06-02,0,11
Attert,2020-06-03,0,11
Attert,2020-06-04,0,11
Attert,2020-06-05,0,11
Attert,2020-06-06,0,11
Attert,2020-06-07,0,11
Attert,2020-06-08,0,11
Attert,2020-06-09,0,11
Attert,2020-06-10,0,11
Attert,2020-06-11,0,11
Attert,2020-06-12,0,11
Attert,2020-06-13,0,11
Attert,2020-06-14,0,11
Attert,2020-06-15,0,11
Attert,2020-06-16,0,11
Attert,2020-06-17,0,11
Attert,2020-06-18,0,11
Attert,2020-06-19,1,12
Attert,2020-06-20,0,12
Attert,2020-06-23,1,13
Attert,2020-06-24,0,13
Attert,2020-06-25,0,13
Attert,2020-06-26,0,13
Attert,2020-06-27,0,13
Attert,2020-06-30,0,13
Attert,2020-07-01,0,13
Attert,2020-07-02,0,13
Attert,2020-07-03,0,13
Attert,2020-07-04,0,13
Attert,2020-07-07,0,13
Attert,2020-07-08,0,13
Attert,2020-07-09,0,13
Attert,2020-07-10,0,13
Attert,2020-07-11,0,13
Attert,2020-07-14,0,13
Attert,2020-07-15,0,13
Attert,2020-07-16,0,13
Attert,2020-07-17,0,13
Attert,2020-07-18,0,13
Attert,2020-07-20,0,13
Attert,2020-07-21,1,14
Attert,2020-07-22,0,14
Attert,2020-07-23,0,14
Attert,2020-07-24,0,14
Attert,2020-07-25,1,15
Attert,2020-07-26,0,15
Attert,2020-07-27,0,15
Attert,2020-07-28,0,15
Attert,2020-07-29,0,15
Attert,2020-07-30,0,15
Attert,2020-07-31,0,15
Aubange,2020-04-01,1,6
Aubange,2020-04-02,2,8
Aubange,2020-04-03,0,8
Aubange,2020-04-04,16,24
Aubange,2020-04-05,3,27
Aubange,2020-04-06,1,28
Aubange,2020-04-07,0,28
Aubange,2020-04-08,0,28
Aubange,2020-04-09,3,31
Aubange,2020-04-10,8,39
Aubange,2020-04-11,0,39
Aubange,2020-04-12,0,39
Aubange,2020-04-13,0,39
Aubange,2020-04-14,1,40
Aubange,2020-04-15,0,40
Aubange,2020-04-16,0,40
Aubange,2020-04-17,1,41
Aubange,2020-04-18,3,44
Aubange,2020-04-19,4,48
Aubange,2020-04-20,2,50
Aubange,2020-04-21,0,50
Aubange,2020-04-22,0,50
Aubange,2020-04-23,0,50
Aubange,2020-04-24,0,50
Aubange,2020-04-25,0,50
Aubange,2020-04-26,0,50
Aubange,2020-04-27,0,50
Aubange,2020-04-28,1,51
Aubange,2020-04-29,0,51
Aubange,2020-04-30,0,51
Aubange,2020-05-01,0,51
Aubange,2020-05-02,0,51
Aubange,2020-05-03,0,51
Aubange,2020-05-04,0,51
Aubange,2020-05-05,0,51
Aubange,2020-05-06,0,51
Aubange,2020-05-07,0,51
Aubange,2020-05-08,0,51
Aubange,2020-05-09,0,51
Aubange,2020-05-10,0,51
Aubange,2020-05-11,0,51
Aubange,2020-05-12,0,51
Aubange,2020-05-13,0,51
Aubange,2020-05-14,0,51
Aubange,2020-05-15,0,51
Aubange,2020-05-16,0,51
Aubange,2020-05-17,0,51
Aubange,2020-05-18,0,51
Aubange,2020-05-19,0,51
Aubange,2020-05-20,0,51
Aubange,2020-05-21,0,51
Aubange,2020-05-22,0,51
Aubange,2020-05-23,0,51
Aubange,2020-05-24,0,51
Aubange,2020-05-25,0,51
Aubange,2020-05-26,0,51
Aubange,2020-05-27,0,51
Aubange,2020-05-28,0,51
Aubange,2020-05-29,1,52
Aubange,2020-05-30,0,52
Aubange,2020-05-31,0,52
Aubange,2020-06-01,0,52
Aubange,2020-06-02,0,52
Aubange,2020-06-03,0,52
Aubange,2020-06-04,0,52
Aubange,2020-06-05,0,52
Aubange,2020-06-06,0,52
Aubange,2020-06-07,0,52
Aubange,2020-06-08,0,52
Aubange,2020-06-09,0,52
Aubange,2020-06-10,1,53
Aubange,2020-06-11,0,53
Aubange,2020-06-12,0,53
Aubange,2020-06-13,0,53
Aubange,2020-06-14,0,53
Aubange,2020-06-15,0,53
Aubange,2020-06-16,0,53
Aubange,2020-06-17,0,53
Aubange,2020-06-18,0,53
Aubange,2020-06-19,1,54
Aubange,2020-06-20,0,54
Aubange,2020-06-23,0,54
Aubange,2020-06-24,0,54
Aubange,2020-06-25,1,55
Aubange,2020-06-26,0,55
Aubange,2020-06-27,0,55
Aubange,2020-06-30,0,55
Aubange,2020-07-01,2,57
Aubange,2020-07-02,0,57
Aubange,2020-07-03,1,58
Aubange,2020-07-04,0,58
Aubange,2020-07-07,0,58
Aubange,2020-07-08,0,58
Aubange,2020-07-09,0,58
Aubange,2020-07-10,0,58
Aubange,2020-07-11,1,59
Aubange,2020-07-14,5,64
Aubange,2020-07-15,11,75
Aubange,2020-07-16,3,78
Aubange,2020-07-17,4,82
Aubange,2020-07-18,6,88
Aubange,2020-07-20,11,99
Aubange,2020-07-21,4,103
Aubange,2020-07-22,2,105
Aubange,2020-07-23,3,108
Aubange,2020-07-24,0,108
Aubange,2020-07-25,4,112
Aubange,2020-07-26,4,116
Aubange,2020-07-27,2,118
Aubange,2020-07-28,0,118
Aubange,2020-07-29,1,119
Aubange,2020-07-30,2,121
Aubange,2020-07-31,5,126
Messancy,2020-04-01,0,7
Messancy,2020-04-02,3,10
Messancy,2020-04-03,2,12
Messancy,2020-04-04,11,23
Messancy,2020-04-05,18,41
Messancy,2020-04-06,0,41
Messancy,2020-04-07,0,41
Messancy,2020-04-08,0,41
Messancy,2020-04-09,3,44
Messancy,2020-04-10,12,56
Messancy,2020-04-11,0,56
Messancy,2020-04-12,0,56
Messancy,2020-04-13,0,56
Messancy,2020-04-14,2,58
Messancy,2020-04-15,1,59
Messancy,2020-04-16,0,59
Messancy,2020-04-17,0,59
Messancy,2020-04-18,0,59
Messancy,2020-04-19,14,73
Messancy,2020-04-20,4,77
Messancy,2020-04-21,1,78
Messancy,2020-04-22,0,78
Messancy,2020-04-23,0,78
Messancy,2020-04-24,0,78
Messancy,2020-04-25,0,78
Messancy,2020-04-26,0,78
Messancy,2020-04-27,0,78
Messancy,2020-04-28,2,80
Messancy,2020-04-29,0,80
Messancy,2020-04-30,0,80
Messancy,2020-05-01,0,80
Messancy,2020-05-02,0,80
Messancy,2020-05-03,0,80
Messancy,2020-05-04,0,80
Messancy,2020-05-05,0,80
Messancy,2020-05-06,0,80
Messancy,2020-05-07,0,80
Messancy,2020-05-08,1,81
Messancy,2020-05-09,0,81
Messancy,2020-05-10,0,81
Messancy,2020-05-11,0,81
Messancy,2020-05-12,0,81
Messancy,2020-05-13,0,81
Messancy,2020-05-14,0,81
Messancy,2020-05-15,0,81
Messancy,2020-05-16,0,81
Messancy,2020-05-17,0,81
Messancy,2020-05-18,0,81
Messancy,2020-05-19,0,81
Messancy,2020-05-20,0,81
Messancy,2020-05-21,0,81
Messancy,2020-05-22,0,81
Messancy,2020-05-23,0,81
Messancy,2020-05-24,0,81
Messancy,2020-05-25,0,81
Messancy,2020-05-26,0,81
Messancy,2020-05-27,0,81
Messancy,2020-05-28,0,81
Messancy,2020-05-29,0,81
Messancy,2020-05-30,0,81
Messancy,2020-05-31,1,82
Messancy,2020-06-01,0,82
Messancy,2020-06-02,0,82
Messancy,2020-06-03,0,82
Messancy,2020-06-04,0,82
Messancy,2020-06-05,0,82
Messancy,2020-06-06,0,82
Messancy,2020-06-07,0,82
Messancy,2020-06-08,0,82
Messancy,2020-06-09,0,82
Messancy,2020-06-10,0,82
Messancy,2020-06-11,0,82
Messancy,2020-06-12,0,82
Messancy,2020-06-13,0,82
Messancy,2020-06-14,0,82
Messancy,2020-06-15,0,82
Messancy,2020-06-16,0,82
Messancy,2020-06-17,0,82
Messancy,2020-06-18,0,82
Messancy,2020-06-19,0,82
Messancy,2020-06-20,0,82
Messancy,2020-06-23,0,82
Messancy,2020-06-24,0,82
Messancy,2020-06-25,1,83
Messancy,2020-06-26,0,83
Messancy,2020-06-27,0,83
Messancy,2020-06-30,0,83
Messancy,2020-07-01,1,84
Messancy,2020-07-02,0,84
Messancy,2020-07-03,0,84
Messancy,2020-07-04,0,84
Messancy,2020-07-07,0,84
Messancy,2020-07-08,0,84
Messancy,2020-07-09,0,84
Messancy,2020-07-10,0,84
Messancy,2020-07-11,0,84
Messancy,2020-07-14,0,84
Messancy,2020-07-15,0,84
Messancy,2020-07-16,1,85
Messancy,2020-07-17,0,85
Messancy,2020-07-18,1,86
Messancy,2020-07-20,2,88
Messancy,2020-07-21,0,88
Messancy,2020-07-22,1,89
Messancy,2020-07-23,0,89
Messancy,2020-07-24,0,89
Messancy,2020-07-25,0,89
Messancy,2020-07-26,0,89
Messancy,2020-07-27,0,89
Messancy,2020-07-28,0,89
Messancy,2020-07-29,0,89
Messancy,2020-07-30,0,89
Messancy,2020-07-31,0,89
Bastenaken,2020-04-01,1,11
Bastenaken,2020-04-02,4,15
Bastenaken,2020-04-03,3,18
Bastenaken,2020-04-04,3,21
Bastenaken,2020-04-05,5,26
Bastenaken,2020-04-06,3,29
Bastenaken,2020-04-07,2,31
Bastenaken,2020-04-08,2,33
Bastenaken,2020-04-09,0,33
Bastenaken,2020-04-10,7,40
Bastenaken,2020-04-11,1,41
Bastenaken,2020-04-12,0,41
Bastenaken,2020-04-13,2,43
Bastenaken,2020-04-14,0,43
Bastenaken,2020-04-15,1,44
Bastenaken,2020-04-16,1,45
Bastenaken,2020-04-17,1,46
Bastenaken,2020-04-18,0,46
Bastenaken,2020-04-19,3,49
Bastenaken,2020-04-20,0,49
Bastenaken,2020-04-21,0,49
Bastenaken,2020-04-22,0,49
Bastenaken,2020-04-23,0,49
Bastenaken,2020-04-24,0,49
Bastenaken,2020-04-25,3,52
Bastenaken,2020-04-26,0,52
Bastenaken,2020-04-27,0,52
Bastenaken,2020-04-28,1,53
Bastenaken,2020-04-29,1,54
Bastenaken,2020-04-30,0,54
Bastenaken,2020-05-01,0,54
Bastenaken,2020-05-02,0,54
Bastenaken,2020-05-03,0,54
Bastenaken,2020-05-04,0,54
Bastenaken,2020-05-05,0,54
Bastenaken,2020-05-06,0,54
Bastenaken,2020-05-07,0,54
Bastenaken,2020-05-08,0,54
Bastenaken,2020-05-09,0,54
Bastenaken,2020-05-10,0,54
Bastenaken,2020-05-11,0,54
Bastenaken,2020-05-12,0,54
Bastenaken,2020-05-13,0,54
Bastenaken,2020-05-14,2,56
Bastenaken,2020-05-15,0,56
Bastenaken,2020-05-16,0,56
Bastenaken,2020-05-17,0,56
Bastenaken,2020-05-18,0,56
Bastenaken,2020-05-19,0,56
Bastenaken,2020-05-20,0,56
Bastenaken,2020-05-21,0,56
Bastenaken,2020-05-22,1,57
Bastenaken,2020-05-23,0,57
Bastenaken,2020-05-24,0,57
Bastenaken,2020-05-25,0,57
Bastenaken,2020-05-26,0,57
Bastenaken,2020-05-27,0,57
Bastenaken,2020-05-28,0,57
Bastenaken,2020-05-29,3,60
Bastenaken,2020-05-30,1,61
Bastenaken,2020-05-31,0,61
Bastenaken,2020-06-01,0,61
Bastenaken,2020-06-02,1,62
Bastenaken,2020-06-03,0,62
Bastenaken,2020-06-04,2,64
Bastenaken,2020-06-05,0,64
Bastenaken,2020-06-06,0,64
Bastenaken,2020-06-07,0,64
Bastenaken,2020-06-08,0,64
Bastenaken,2020-06-09,0,64
Bastenaken,2020-06-10,0,64
Bastenaken,2020-06-11,0,64
Bastenaken,2020-06-12,4,68
Bastenaken,2020-06-13,0,68
Bastenaken,2020-06-14,0,68
Bastenaken,2020-06-15,0,68
Bastenaken,2020-06-16,0,68
Bastenaken,2020-06-17,0,68
Bastenaken,2020-06-18,0,68
Bastenaken,2020-06-19,0,68
Bastenaken,2020-06-20,0,68
Bastenaken,2020-06-23,2,70
Bastenaken,2020-06-24,1,71
Bastenaken,2020-06-25,0,71
Bastenaken,2020-06-26,1,72
Bastenaken,2020-06-27,0,72
Bastenaken,2020-06-30,2,74
Bastenaken,2020-07-01,0,74
Bastenaken,2020-07-02,0,74
Bastenaken,2020-07-03,0,74
Bastenaken,2020-07-04,0,74
Bastenaken,2020-07-07,0,74
Bastenaken,2020-07-08,0,74
Bastenaken,2020-07-09,0,74
Bastenaken,2020-07-10,0,74
Bastenaken,2020-07-11,0,74
Bastenaken,2020-07-14,0,74
Bastenaken,2020-07-15,0,74
Bastenaken,2020-07-16,1,75
Bastenaken,2020-07-17,0,75
Bastenaken,2020-07-18,0,75
Bastenaken,2020-07-20,0,75
Bastenaken,2020-07-21,0,75
Bastenaken,2020-07-22,0,75
Bastenaken,2020-07-23,1,76
Bastenaken,2020-07-24,0,76
Bastenaken,2020-07-25,0,76
Bastenaken,2020-07-26,0,76
Bastenaken,2020-07-27,0,76
Bastenaken,2020-07-28,0,76
Bastenaken,2020-07-29,0,76
Bastenaken,2020-07-30,0,76
Bastenaken,2020-07-31,0,76
Bertogne,2020-04-01,0,0
Bertogne,2020-04-02,0,0
Bertogne,2020-04-03,0,0
Bertogne,2020-04-04,0,0
Bertogne,2020-04-05,0,0
Bertogne,2020-04-06,0,0
Bertogne,2020-04-07,0,0
Bertogne,2020-04-08,0,0
Bertogne,2020-04-09,5,5
Bertogne,2020-04-10,0,5
Bertogne,2020-04-11,0,5
Bertogne,2020-04-12,0,5
Bertogne,2020-04-13,0,5
Bertogne,2020-04-14,0,5
Bertogne,2020-04-15,0,5
Bertogne,2020-04-16,0,5
Bertogne,2020-04-17,0,5
Bertogne,2020-04-18,0,5
Bertogne,2020-04-19,0,5
Bertogne,2020-04-20,0,5
Bertogne,2020-04-21,0,5
Bertogne,2020-04-22,0,5
Bertogne,2020-04-23,0,5
Bertogne,2020-04-24,0,5
Bertogne,2020-04-25,0,5
Bertogne,2020-04-26,0,5
Bertogne,2020-04-27,0,5
Bertogne,2020-04-28,0,5
Bertogne,2020-04-29,0,5
Bertogne,2020-04-30,0,5
Bertogne,2020-05-01,0,5
Bertogne,2020-05-02,0,5
Bertogne,2020-05-03,0,5
Bertogne,2020-05-04,0,5
Bertogne,2020-05-05,0,5
Bertogne,2020-05-06,0,5
Bertogne,2020-05-07,0,5
Bertogne,2020-05-08,0,5
Bertogne,2020-05-09,0,5
Bertogne,2020-05-10,0,5
Bertogne,2020-05-11,0,5
Bertogne,2020-05-12,0,5
Bertogne,2020-05-13,0,5
Bertogne,2020-05-14,0,5
Bertogne,2020-05-15,0,5
Bertogne,2020-05-16,0,5
Bertogne,2020-05-17,0,5
Bertogne,2020-05-18,0,5
Bertogne,2020-05-19,0,5
Bertogne,2020-05-20,0,5
Bertogne,2020-05-21,0,5
Bertogne,2020-05-22,0,5
Bertogne,2020-05-23,0,5
Bertogne,2020-05-24,0,5
Bertogne,2020-05-25,0,5
Bertogne,2020-05-26,0,5
Bertogne,2020-05-27,0,5
Bertogne,2020-05-28,0,5
Bertogne,2020-05-29,1,6
Bertogne,2020-05-30,0,6
Bertogne,2020-05-31,0,6
Bertogne,2020-06-01,0,6
Bertogne,2020-06-02,0,6
Bertogne,2020-06-03,0,6
Bertogne,2020-06-04,1,7
Bertogne,2020-06-05,0,7
Bertogne,2020-06-06,0,7
Bertogne,2020-06-07,0,7
Bertogne,2020-06-08,0,7
Bertogne,2020-06-09,0,7
Bertogne,2020-06-10,0,7
Bertogne,2020-06-11,0,7
Bertogne,2020-06-12,1,8
Bertogne,2020-06-13,0,8
Bertogne,2020-06-14,0,8
Bertogne,2020-06-15,0,8
Bertogne,2020-06-16,0,8
Bertogne,2020-06-17,0,8
Bertogne,2020-06-18,1,9
Bertogne,2020-06-19,0,9
Bertogne,2020-06-20,0,9
Bertogne,2020-06-23,1,10
Bertogne,2020-06-24,0,10
Bertogne,2020-06-25,0,10
Bertogne,2020-06-26,0,10
Bertogne,2020-06-27,0,10
Bertogne,2020-06-30,0,10
Bertogne,2020-07-01,0,10
Bertogne,2020-07-02,0,10
Bertogne,2020-07-03,0,10
Bertogne,2020-07-04,0,10
Bertogne,2020-07-07,0,10
Bertogne,2020-07-08,0,10
Bertogne,2020-07-09,0,10
Bertogne,2020-07-10,0,10
Bertogne,2020-07-11,0,10
Bertogne,2020-07-14,0,10
Bertogne,2020-07-15,0,10
Bertogne,2020-07-16,0,10
Bertogne,2020-07-17,0,10
Bertogne,2020-07-18,0,10
Bertogne,2020-07-20,0,10
Bertogne,2020-07-21,0,10
Bertogne,2020-07-22,0,10
Bertogne,2020-07-23,0,10
Bertogne,2020-07-24,0,10
Bertogne,2020-07-25,0,10
Bertogne,2020-07-26,0,10
Bertogne,2020-07-27,0,10
Bertogne,2020-07-28,0,10
Bertogne,2020-07-29,0,10
Bertogne,2020-07-30,0,10
Bertogne,2020-07-31,0,10
Fauvillers,2020-04-01,0,5
Fauvillers,2020-04-02,0,5
Fauvillers,2020-04-03,0,5
Fauvillers,2020-04-04,0,5
Fauvillers,2020-04-05,0,5
Fauvillers,2020-04-06,0,5
Fauvillers,2020-04-07,0,5
Fauvillers,2020-04-08,1,6
Fauvillers,2020-04-09,0,6
Fauvillers,2020-04-10,0,6
Fauvillers,2020-04-11,1,7
Fauvillers,2020-04-12,0,7
Fauvillers,2020-04-13,0,7
Fauvillers,2020-04-14,0,7
Fauvillers,2020-04-15,0,7
Fauvillers,2020-04-16,0,7
Fauvillers,2020-04-17,2,9
Fauvillers,2020-04-18,0,9
Fauvillers,2020-04-19,0,9
Fauvillers,2020-04-20,0,9
Fauvillers,2020-04-21,0,9
Fauvillers,2020-04-22,0,9
Fauvillers,2020-04-23,0,9
Fauvillers,2020-04-24,0,9
Fauvillers,2020-04-25,0,9
Fauvillers,2020-04-26,1,10
Fauvillers,2020-04-27,0,10
Fauvillers,2020-04-28,0,10
Fauvillers,2020-04-29,0,10
Fauvillers,2020-04-30,0,10
Fauvillers,2020-05-01,1,11
Fauvillers,2020-05-02,0,11
Fauvillers,2020-05-03,0,11
Fauvillers,2020-05-04,0,11
Fauvillers,2020-05-05,0,11
Fauvillers,2020-05-06,0,11
Fauvillers,2020-05-07,0,11
Fauvillers,2020-05-08,0,11
Fauvillers,2020-05-09,0,11
Fauvillers,2020-05-10,0,11
Fauvillers,2020-05-11,0,11
Fauvillers,2020-05-12,0,11
Fauvillers,2020-05-13,0,11
Fauvillers,2020-05-14,0,11
Fauvillers,2020-05-15,0,11
Fauvillers,2020-05-16,0,11
Fauvillers,2020-05-17,0,11
Fauvillers,2020-05-18,0,11
Fauvillers,2020-05-19,0,11
Fauvillers,2020-05-20,0,11
Fauvillers,2020-05-21,0,11
Fauvillers,2020-05-22,0,11
Fauvillers,2020-05-23,0,11
Fauvillers,2020-05-24,0,11
Fauvillers,2020-05-25,0,11
Fauvillers,2020-05-26,0,11
Fauvillers,2020-05-27,0,11
Fauvillers,2020-05-28,0,11
Fauvillers,2020-05-29,0,11
Fauvillers,2020-05-30,0,11
Fauvillers,2020-05-31,0,11
Fauvillers,2020-06-01,0,11
Fauvillers,2020-06-02,0,11
Fauvillers,2020-06-03,0,11
Fauvillers,2020-06-04,0,11
Fauvillers,2020-06-05,0,11
Fauvillers,2020-06-06,0,11
Fauvillers,2020-06-07,0,11
Fauvillers,2020-06-08,0,11
Fauvillers,2020-06-09,0,11
Fauvillers,2020-06-10,0,11
Fauvillers,2020-06-11,0,11
Fauvillers,2020-06-12,0,11
Fauvillers,2020-06-13,0,11
Fauvillers,2020-06-14,0,11
Fauvillers,2020-06-15,0,11
Fauvillers,2020-06-16,0,11
Fauvillers,2020-06-17,0,11
Fauvillers,2020-06-18,0,11
Fauvillers,2020-06-19,0,11
Fauvillers,2020-06-20,0,11
Fauvillers,2020-06-23,0,11
Fauvillers,2020-06-24,0,11
Fauvillers,2020-06-25,0,11
Fauvillers,2020-06-26,1,12
Fauvillers,2020-06-27,0,12
Fauvillers,2020-06-30,0,12
Fauvillers,2020-07-01,0,12
Fauvillers,2020-07-02,0,12
Fauvillers,2020-07-03,0,12
Fauvillers,2020-07-04,0,12
Fauvillers,2020-07-07,0,12
Fauvillers,2020-07-08,0,12
Fauvillers,2020-07-09,0,12
Fauvillers,2020-07-10,0,12
Fauvillers,2020-07-11,0,12
Fauvillers,2020-07-14,0,12
Fauvillers,2020-07-15,0,12
Fauvillers,2020-07-16,0,12
Fauvillers,2020-07-17,0,12
Fauvillers,2020-07-18,0,12
Fauvillers,2020-07-20,0,12
Fauvillers,2020-07-21,0,12
Fauvillers,2020-07-22,0,12
Fauvillers,2020-07-23,0,12
Fauvillers,2020-07-24,0,12
Fauvillers,2020-07-25,0,12
Fauvillers,2020-07-26,0,12
Fauvillers,2020-07-27,0,12
Fauvillers,2020-07-28,0,12
Fauvillers,2020-07-29,0,12
Fauvillers,2020-07-30,0,12
Fauvillers,2020-07-31,0,12
Houffalize,2020-04-01,0,0
Houffalize,2020-04-02,5,5
Houffalize,2020-04-03,1,6
Houffalize,2020-04-04,2,8
Houffalize,2020-04-05,2,10
Houffalize,2020-04-06,0,10
Houffalize,2020-04-07,0,10
Houffalize,2020-04-08,2,12
Houffalize,2020-04-09,1,13
Houffalize,2020-04-10,1,14
Houffalize,2020-04-11,1,15
Houffalize,2020-04-12,1,16
Houffalize,2020-04-13,1,17
Houffalize,2020-04-14,2,19
Houffalize,2020-04-15,0,19
Houffalize,2020-04-16,1,20
Houffalize,2020-04-17,0,20
Houffalize,2020-04-18,1,21
Houffalize,2020-04-19,0,21
Houffalize,2020-04-20,0,21
Houffalize,2020-04-21,0,21
Houffalize,2020-04-22,0,21
Houffalize,2020-04-23,0,21
Houffalize,2020-04-24,0,21
Houffalize,2020-04-25,0,21
Houffalize,2020-04-26,0,21
Houffalize,2020-04-27,0,21
Houffalize,2020-04-28,0,21
Houffalize,2020-04-29,0,21
Houffalize,2020-04-30,0,21
Houffalize,2020-05-01,0,21
Houffalize,2020-05-02,0,21
Houffalize,2020-05-03,1,22
Houffalize,2020-05-04,0,22
Houffalize,2020-05-05,0,22
Houffalize,2020-05-06,0,22
Houffalize,2020-05-07,0,22
Houffalize,2020-05-08,0,22
Houffalize,2020-05-09,0,22
Houffalize,2020-05-10,0,22
Houffalize,2020-05-11,0,22
Houffalize,2020-05-12,0,22
Houffalize,2020-05-13,0,22
Houffalize,2020-05-14,0,22
Houffalize,2020-05-15,0,22
Houffalize,2020-05-16,0,22
Houffalize,2020-05-17,0,22
Houffalize,2020-05-18,0,22
Houffalize,2020-05-19,0,22
Houffalize,2020-05-20,0,22
Houffalize,2020-05-21,1,23
Houffalize,2020-05-22,0,23
Houffalize,2020-05-23,0,23
Houffalize,2020-05-24,0,23
Houffalize,2020-05-25,0,23
Houffalize,2020-05-26,0,23
Houffalize,2020-05-27,0,23
Houffalize,2020-05-28,0,23
Houffalize,2020-05-29,1,24
Houffalize,2020-05-30,0,24
Houffalize,2020-05-31,1,25
Houffalize,2020-06-01,0,25
Houffalize,2020-06-02,1,26
Houffalize,2020-06-03,0,26
Houffalize,2020-06-04,0,26
Houffalize,2020-06-05,0,26
Houffalize,2020-06-06,0,26
Houffalize,2020-06-07,0,26
Houffalize,2020-06-08,0,26
Houffalize,2020-06-09,0,26
Houffalize,2020-06-10,0,26
Houffalize,2020-06-11,0,26
Houffalize,2020-06-12,1,27
Houffalize,2020-06-13,0,27
Houffalize,2020-06-14,0,27
Houffalize,2020-06-15,0,27
Houffalize,2020-06-16,0,27
Houffalize,2020-06-17,0,27
Houffalize,2020-06-18,0,27
Houffalize,2020-06-19,0,27
Houffalize,2020-06-20,0,27
Houffalize,2020-06-23,3,30
Houffalize,2020-06-24,0,30
Houffalize,2020-06-25,0,30
Houffalize,2020-06-26,0,30
Houffalize,2020-06-27,0,30
Houffalize,2020-06-30,0,30
Houffalize,2020-07-01,0,30
Houffalize,2020-07-02,0,30
Houffalize,2020-07-03,0,30
Houffalize,2020-07-04,0,30
Houffalize,2020-07-07,0,30
Houffalize,2020-07-08,0,30
Houffalize,2020-07-09,0,30
Houffalize,2020-07-10,0,30
Houffalize,2020-07-11,0,30
Houffalize,2020-07-14,0,30
Houffalize,2020-07-15,0,30
Houffalize,2020-07-16,0,30
Houffalize,2020-07-17,0,30
Houffalize,2020-07-18,0,30
Houffalize,2020-07-20,0,30
Houffalize,2020-07-21,0,30
Houffalize,2020-07-22,0,30
Houffalize,2020-07-23,0,30
Houffalize,2020-07-24,0,30
Houffalize,2020-07-25,0,30
Houffalize,2020-07-26,0,30
Houffalize,2020-07-27,0,30
Houffalize,2020-07-28,0,30
Houffalize,2020-07-29,0,30
Houffalize,2020-07-30,0,30
Houffalize,2020-07-31,0,30
Vielsalm,2020-04-01,0,20
Vielsalm,2020-04-02,3,23
Vielsalm,2020-04-03,9,32
Vielsalm,2020-04-04,6,38
Vielsalm,2020-04-05,6,44
Vielsalm,2020-04-06,0,44
Vielsalm,2020-04-07,4,48
Vielsalm,2020-04-08,3,51
Vielsalm,2020-04-09,1,52
Vielsalm,2020-04-10,3,55
Vielsalm,2020-04-11,6,61
Vielsalm,2020-04-12,1,62
Vielsalm,2020-04-13,1,63
Vielsalm,2020-04-14,1,64
Vielsalm,2020-04-15,2,66
Vielsalm,2020-04-16,0,66
Vielsalm,2020-04-17,4,70
Vielsalm,2020-04-18,15,85
Vielsalm,2020-04-19,3,88
Vielsalm,2020-04-20,2,90
Vielsalm,2020-04-21,0,90
Vielsalm,2020-04-22,0,90
Vielsalm,2020-04-23,0,90
Vielsalm,2020-04-24,0,90
Vielsalm,2020-04-25,4,94
Vielsalm,2020-04-26,1,95
Vielsalm,2020-04-27,1,96
Vielsalm,2020-04-28,0,96
Vielsalm,2020-04-29,0,96
Vielsalm,2020-04-30,0,96
Vielsalm,2020-05-01,2,98
Vielsalm,2020-05-02,0,98
Vielsalm,2020-05-03,0,98
Vielsalm,2020-05-04,0,98
Vielsalm,2020-05-05,0,98
Vielsalm,2020-05-06,0,98
Vielsalm,2020-05-07,0,98
Vielsalm,2020-05-08,0,98
Vielsalm,2020-05-09,0,98
Vielsalm,2020-05-10,0,98
Vielsalm,2020-05-11,0,98
Vielsalm,2020-05-12,1,99
Vielsalm,2020-05-13,1,100
Vielsalm,2020-05-14,0,100
Vielsalm,2020-05-15,0,100
Vielsalm,2020-05-16,0,100
Vielsalm,2020-05-17,0,100
Vielsalm,2020-05-18,0,100
Vielsalm,2020-05-19,0,100
Vielsalm,2020-05-20,0,100
Vielsalm,2020-05-21,0,100
Vielsalm,2020-05-22,0,100
Vielsalm,2020-05-23,0,100
Vielsalm,2020-05-24,0,100
Vielsalm,2020-05-25,0,100
Vielsalm,2020-05-26,0,100
Vielsalm,2020-05-27,0,100
Vielsalm,2020-05-28,0,100
Vielsalm,2020-05-29,1,101
Vielsalm,2020-05-30,0,101
Vielsalm,2020-05-31,0,101
Vielsalm,2020-06-01,0,101
Vielsalm,2020-06-02,0,101
Vielsalm,2020-06-03,0,101
Vielsalm,2020-06-04,1,102
Vielsalm,2020-06-05,0,102
Vielsalm,2020-06-06,0,102
Vielsalm,2020-06-07,1,103
Vielsalm,2020-06-08,0,103
Vielsalm,2020-06-09,1,104
Vielsalm,2020-06-10,1,105
Vielsalm,2020-06-11,0,105
Vielsalm,2020-06-12,2,107
Vielsalm,2020-06-13,0,107
Vielsalm,2020-06-14,0,107
Vielsalm,2020-06-15,0,107
Vielsalm,2020-06-16,0,107
Vielsalm,2020-06-17,0,107
Vielsalm,2020-06-18,0,107
Vielsalm,2020-06-19,0,107
Vielsalm,2020-06-20,0,107
Vielsalm,2020-06-23,0,107
Vielsalm,2020-06-24,0,107
Vielsalm,2020-06-25,0,107
Vielsalm,2020-06-26,0,107
Vielsalm,2020-06-27,0,107
Vielsalm,2020-06-30,0,107
Vielsalm,2020-07-01,0,107
Vielsalm,2020-07-02,0,107
Vielsalm,2020-07-03,0,107
Vielsalm,2020-07-04,0,107
Vielsalm,2020-07-07,0,107
Vielsalm,2020-07-08,0,107
Vielsalm,2020-07-09,0,107
Vielsalm,2020-07-10,0,107
Vielsalm,2020-07-11,0,107
Vielsalm,2020-07-14,0,107
Vielsalm,2020-07-15,0,107
Vielsalm,2020-07-16,0,107
Vielsalm,2020-07-17,0,107
Vielsalm,2020-07-18,0,107
Vielsalm,2020-07-20,0,107
Vielsalm,2020-07-21,0,107
Vielsalm,2020-07-22,0,107
Vielsalm,2020-07-23,0,107
Vielsalm,2020-07-24,0,107
Vielsalm,2020-07-25,0,107
Vielsalm,2020-07-26,0,107
Vielsalm,2020-07-27,0,107
Vielsalm,2020-07-28,0,107
Vielsalm,2020-07-29,0,107
Vielsalm,2020-07-30,0,107
Vielsalm,2020-07-31,0,107
Vaux-sur-Sûre,2020-04-01,0,8
Vaux-sur-Sûre,2020-04-02,1,9
Vaux-sur-Sûre,2020-04-03,1,10
Vaux-sur-Sûre,2020-04-04,1,11
Vaux-sur-Sûre,2020-04-05,3,14
Vaux-sur-Sûre,2020-04-06,0,14
Vaux-sur-Sûre,2020-04-07,0,14
Vaux-sur-Sûre,2020-04-08,0,14
Vaux-sur-Sûre,2020-04-09,2,16
Vaux-sur-Sûre,2020-04-10,2,18
Vaux-sur-Sûre,2020-04-11,1,19
Vaux-sur-Sûre,2020-04-12,1,20
Vaux-sur-Sûre,2020-04-13,0,20
Vaux-sur-Sûre,2020-04-14,1,21
Vaux-sur-Sûre,2020-04-15,0,21
Vaux-sur-Sûre,2020-04-16,0,21
Vaux-sur-Sûre,2020-04-17,0,21
Vaux-sur-Sûre,2020-04-18,0,21
Vaux-sur-Sûre,2020-04-19,2,23
Vaux-sur-Sûre,2020-04-20,0,23
Vaux-sur-Sûre,2020-04-21,0,23
Vaux-sur-Sûre,2020-04-22,0,23
Vaux-sur-Sûre,2020-04-23,0,23
Vaux-sur-Sûre,2020-04-24,1,24
Vaux-sur-Sûre,2020-04-25,0,24
Vaux-sur-Sûre,2020-04-26,0,24
Vaux-sur-Sûre,2020-04-27,0,24
Vaux-sur-Sûre,2020-04-28,0,24
Vaux-sur-Sûre,2020-04-29,0,24
Vaux-sur-Sûre,2020-04-30,1,25
Vaux-sur-Sûre,2020-05-01,0,25
Vaux-sur-Sûre,2020-05-02,0,25
Vaux-sur-Sûre,2020-05-03,0,25
Vaux-sur-Sûre,2020-05-04,0,25
Vaux-sur-Sûre,2020-05-05,0,25
Vaux-sur-Sûre,2020-05-06,0,25
Vaux-sur-Sûre,2020-05-07,0,25
Vaux-sur-Sûre,2020-05-08,0,25
Vaux-sur-Sûre,2020-05-09,0,25
Vaux-sur-Sûre,2020-05-10,0,25
Vaux-sur-Sûre,2020-05-11,0,25
Vaux-sur-Sûre,2020-05-12,0,25
Vaux-sur-Sûre,2020-05-13,0,25
Vaux-sur-Sûre,2020-05-14,0,25
Vaux-sur-Sûre,2020-05-15,0,25
Vaux-sur-Sûre,2020-05-16,0,25
Vaux-sur-Sûre,2020-05-17,0,25
Vaux-sur-Sûre,2020-05-18,0,25
Vaux-sur-Sûre,2020-05-19,0,25
Vaux-sur-Sûre,2020-05-20,0,25
Vaux-sur-Sûre,2020-05-21,0,25
Vaux-sur-Sûre,2020-05-22,0,25
Vaux-sur-Sûre,2020-05-23,0,25
Vaux-sur-Sûre,2020-05-24,0,25
Vaux-sur-Sûre,2020-05-25,0,25
Vaux-sur-Sûre,2020-05-26,0,25
Vaux-sur-Sûre,2020-05-27,0,25
Vaux-sur-Sûre,2020-05-28,0,25
Vaux-sur-Sûre,2020-05-29,0,25
Vaux-sur-Sûre,2020-05-30,0,25
Vaux-sur-Sûre,2020-05-31,0,25
Vaux-sur-Sûre,2020-06-01,0,25
Vaux-sur-Sûre,2020-06-02,0,25
Vaux-sur-Sûre,2020-06-03,0,25
Vaux-sur-Sûre,2020-06-04,0,25
Vaux-sur-Sûre,2020-06-05,0,25
Vaux-sur-Sûre,2020-06-06,0,25
Vaux-sur-Sûre,2020-06-07,0,25
Vaux-sur-Sûre,2020-06-08,0,25
Vaux-sur-Sûre,2020-06-09,0,25
Vaux-sur-Sûre,2020-06-10,0,25
Vaux-sur-Sûre,2020-06-11,0,25
Vaux-sur-Sûre,2020-06-12,0,25
Vaux-sur-Sûre,2020-06-13,0,25
Vaux-sur-Sûre,2020-06-14,0,25
Vaux-sur-Sûre,2020-06-15,0,25
Vaux-sur-Sûre,2020-06-16,0,25
Vaux-sur-Sûre,2020-06-17,0,25
Vaux-sur-Sûre,2020-06-18,0,25
Vaux-sur-Sûre,2020-06-19,0,25
Vaux-sur-Sûre,2020-06-20,0,25
Vaux-sur-Sûre,2020-06-23,1,26
Vaux-sur-Sûre,2020-06-24,0,26
Vaux-sur-Sûre,2020-06-25,0,26
Vaux-sur-Sûre,2020-06-26,1,27
Vaux-sur-Sûre,2020-06-27,0,27
Vaux-sur-Sûre,2020-06-30,0,27
Vaux-sur-Sûre,2020-07-01,0,27
Vaux-sur-Sûre,2020-07-02,0,27
Vaux-sur-Sûre,2020-07-03,0,27
Vaux-sur-Sûre,2020-07-04,0,27
Vaux-sur-Sûre,2020-07-07,0,27
Vaux-sur-Sûre,2020-07-08,0,27
Vaux-sur-Sûre,2020-07-09,0,27
Vaux-sur-Sûre,2020-07-10,0,27
Vaux-sur-Sûre,2020-07-11,0,27
Vaux-sur-Sûre,2020-07-14,0,27
Vaux-sur-Sûre,2020-07-15,0,27
Vaux-sur-Sûre,2020-07-16,0,27
Vaux-sur-Sûre,2020-07-17,0,27
Vaux-sur-Sûre,2020-07-18,0,27
Vaux-sur-Sûre,2020-07-20,0,27
Vaux-sur-Sûre,2020-07-21,0,27
Vaux-sur-Sûre,2020-07-22,0,27
Vaux-sur-Sûre,2020-07-23,0,27
Vaux-sur-Sûre,2020-07-24,0,27
Vaux-sur-Sûre,2020-07-25,0,27
Vaux-sur-Sûre,2020-07-26,0,27
Vaux-sur-Sûre,2020-07-27,0,27
Vaux-sur-Sûre,2020-07-28,0,27
Vaux-sur-Sûre,2020-07-29,0,27
Vaux-sur-Sûre,2020-07-30,0,27
Vaux-sur-Sûre,2020-07-31,0,27
Gouvy,2020-04-01,0,7
Gouvy,2020-04-02,3,10
Gouvy,2020-04-03,2,12
Gouvy,2020-04-04,3,15
Gouvy,2020-04-05,1,16
Gouvy,2020-04-06,0,16
Gouvy,2020-04-07,0,16
Gouvy,2020-04-08,0,16
Gouvy,2020-04-09,0,16
Gouvy,2020-04-10,4,20
Gouvy,2020-04-11,1,21
Gouvy,2020-04-12,0,21
Gouvy,2020-04-13,0,21
Gouvy,2020-04-14,3,24
Gouvy,2020-04-15,2,26
Gouvy,2020-04-16,1,27
Gouvy,2020-04-17,0,27
Gouvy,2020-04-18,3,30
Gouvy,2020-04-19,0,30
Gouvy,2020-04-20,1,31
Gouvy,2020-04-21,4,35
Gouvy,2020-04-22,0,35
Gouvy,2020-04-23,0,35
Gouvy,2020-04-24,0,35
Gouvy,2020-04-25,0,35
Gouvy,2020-04-26,1,36
Gouvy,2020-04-27,0,36
Gouvy,2020-04-28,0,36
Gouvy,2020-04-29,0,36
Gouvy,2020-04-30,1,37
Gouvy,2020-05-01,0,37
Gouvy,2020-05-02,0,37
Gouvy,2020-05-03,0,37
Gouvy,2020-05-04,0,37
Gouvy,2020-05-05,0,37
Gouvy,2020-05-06,0,37
Gouvy,2020-05-07,0,37
Gouvy,2020-05-08,0,37
Gouvy,2020-05-09,0,37
Gouvy,2020-05-10,0,37
Gouvy,2020-05-11,0,37
Gouvy,2020-05-12,0,37
Gouvy,2020-05-13,0,37
Gouvy,2020-05-14,1,38
Gouvy,2020-05-15,0,38
Gouvy,2020-05-16,0,38
Gouvy,2020-05-17,0,38
Gouvy,2020-05-18,0,38
Gouvy,2020-05-19,0,38
Gouvy,2020-05-20,0,38
Gouvy,2020-05-21,0,38
Gouvy,2020-05-22,0,38
Gouvy,2020-05-23,0,38
Gouvy,2020-05-24,0,38
Gouvy,2020-05-25,0,38
Gouvy,2020-05-26,0,38
Gouvy,2020-05-27,0,38
Gouvy,2020-05-28,0,38
Gouvy,2020-05-29,0,38
Gouvy,2020-05-30,0,38
Gouvy,2020-05-31,0,38
Gouvy,2020-06-01,0,38
Gouvy,2020-06-02,0,38
Gouvy,2020-06-03,0,38
Gouvy,2020-06-04,0,38
Gouvy,2020-06-05,1,39
Gouvy,2020-06-06,0,39
Gouvy,2020-06-07,0,39
Gouvy,2020-06-08,0,39
Gouvy,2020-06-09,0,39
Gouvy,2020-06-10,0,39
Gouvy,2020-06-11,0,39
Gouvy,2020-06-12,0,39
Gouvy,2020-06-13,0,39
Gouvy,2020-06-14,0,39
Gouvy,2020-06-15,0,39
Gouvy,2020-06-16,0,39
Gouvy,2020-06-17,1,40
Gouvy,2020-06-18,0,40
Gouvy,2020-06-19,0,40
Gouvy,2020-06-20,0,40
Gouvy,2020-06-23,0,40
Gouvy,2020-06-24,0,40
Gouvy,2020-06-25,0,40
Gouvy,2020-06-26,1,41
Gouvy,2020-06-27,0,41
Gouvy,2020-06-30,0,41
Gouvy,2020-07-01,0,41
Gouvy,2020-07-02,0,41
Gouvy,2020-07-03,0,41
Gouvy,2020-07-04,0,41
Gouvy,2020-07-07,0,41
Gouvy,2020-07-08,0,41
Gouvy,2020-07-09,0,41
Gouvy,2020-07-10,1,42
Gouvy,2020-07-11,0,42
Gouvy,2020-07-14,0,42
Gouvy,2020-07-15,0,42
Gouvy,2020-07-16,0,42
Gouvy,2020-07-17,0,42
Gouvy,2020-07-18,0,42
Gouvy,2020-07-20,0,42
Gouvy,2020-07-21,0,42
Gouvy,2020-07-22,0,42
Gouvy,2020-07-23,0,42
Gouvy,2020-07-24,1,43
Gouvy,2020-07-25,0,43
Gouvy,2020-07-26,0,43
Gouvy,2020-07-27,0,43
Gouvy,2020-07-28,0,43
Gouvy,2020-07-29,0,43
Gouvy,2020-07-30,0,43
Gouvy,2020-07-31,0,43
Sainte-Ode,2020-04-01,0,5
Sainte-Ode,2020-04-02,0,5
Sainte-Ode,2020-04-03,0,5
Sainte-Ode,2020-04-04,0,5
Sainte-Ode,2020-04-05,1,6
Sainte-Ode,2020-04-06,0,6
Sainte-Ode,2020-04-07,0,6
Sainte-Ode,2020-04-08,0,6
Sainte-Ode,2020-04-09,0,6
Sainte-Ode,2020-04-10,0,6
Sainte-Ode,2020-04-11,0,6
Sainte-Ode,2020-04-12,0,6
Sainte-Ode,2020-04-13,0,6
Sainte-Ode,2020-04-14,0,6
Sainte-Ode,2020-04-15,0,6
Sainte-Ode,2020-04-16,0,6
Sainte-Ode,2020-04-17,0,6
Sainte-Ode,2020-04-18,0,6
Sainte-Ode,2020-04-19,0,6
Sainte-Ode,2020-04-20,0,6
Sainte-Ode,2020-04-21,0,6
Sainte-Ode,2020-04-22,0,6
Sainte-Ode,2020-04-23,0,6
Sainte-Ode,2020-04-24,0,6
Sainte-Ode,2020-04-25,0,6
Sainte-Ode,2020-04-26,0,6
Sainte-Ode,2020-04-27,0,6
Sainte-Ode,2020-04-28,0,6
Sainte-Ode,2020-04-29,0,6
Sainte-Ode,2020-04-30,0,6
Sainte-Ode,2020-05-01,0,6
Sainte-Ode,2020-05-02,0,6
Sainte-Ode,2020-05-03,0,6
Sainte-Ode,2020-05-04,0,6
Sainte-Ode,2020-05-05,0,6
Sainte-Ode,2020-05-06,0,6
Sainte-Ode,2020-05-07,0,6
Sainte-Ode,2020-05-08,1,7
Sainte-Ode,2020-05-09,0,7
Sainte-Ode,2020-05-10,0,7
Sainte-Ode,2020-05-11,0,7
Sainte-Ode,2020-05-12,0,7
Sainte-Ode,2020-05-13,0,7
Sainte-Ode,2020-05-14,0,7
Sainte-Ode,2020-05-15,0,7
Sainte-Ode,2020-05-16,0,7
Sainte-Ode,2020-05-17,0,7
Sainte-Ode,2020-05-18,0,7
Sainte-Ode,2020-05-19,0,7
Sainte-Ode,2020-05-20,0,7
Sainte-Ode,2020-05-21,0,7
Sainte-Ode,2020-05-22,0,7
Sainte-Ode,2020-05-23,0,7
Sainte-Ode,2020-05-24,0,7
Sainte-Ode,2020-05-25,0,7
Sainte-Ode,2020-05-26,0,7
Sainte-Ode,2020-05-27,0,7
Sainte-Ode,2020-05-28,0,7
Sainte-Ode,2020-05-29,0,7
Sainte-Ode,2020-05-30,0,7
Sainte-Ode,2020-05-31,0,7
Sainte-Ode,2020-06-01,0,7
Sainte-Ode,2020-06-02,0,7
Sainte-Ode,2020-06-03,0,7
Sainte-Ode,2020-06-04,0,7
Sainte-Ode,2020-06-05,0,7
Sainte-Ode,2020-06-06,0,7
Sainte-Ode,2020-06-07,0,7
Sainte-Ode,2020-06-08,0,7
Sainte-Ode,2020-06-09,0,7
Sainte-Ode,2020-06-10,0,7
Sainte-Ode,2020-06-11,0,7
Sainte-Ode,2020-06-12,0,7
Sainte-Ode,2020-06-13,0,7
Sainte-Ode,2020-06-14,0,7
Sainte-Ode,2020-06-15,0,7
Sainte-Ode,2020-06-16,0,7
Sainte-Ode,2020-06-17,0,7
Sainte-Ode,2020-06-18,1,8
Sainte-Ode,2020-06-19,0,8
Sainte-Ode,2020-06-20,0,8
Sainte-Ode,2020-06-23,0,8
Sainte-Ode,2020-06-24,0,8
Sainte-Ode,2020-06-25,0,8
Sainte-Ode,2020-06-26,0,8
Sainte-Ode,2020-06-27,0,8
Sainte-Ode,2020-06-30,0,8
Sainte-Ode,2020-07-01,0,8
Sainte-Ode,2020-07-02,0,8
Sainte-Ode,2020-07-03,0,8
Sainte-Ode,2020-07-04,0,8
Sainte-Ode,2020-07-07,0,8
Sainte-Ode,2020-07-08,1,9
Sainte-Ode,2020-07-09,0,9
Sainte-Ode,2020-07-10,0,9
Sainte-Ode,2020-07-11,0,9
Sainte-Ode,2020-07-14,0,9
Sainte-Ode,2020-07-15,0,9
Sainte-Ode,2020-07-16,0,9
Sainte-Ode,2020-07-17,0,9
Sainte-Ode,2020-07-18,0,9
Sainte-Ode,2020-07-20,0,9
Sainte-Ode,2020-07-21,0,9
Sainte-Ode,2020-07-22,0,9
Sainte-Ode,2020-07-23,0,9
Sainte-Ode,2020-07-24,0,9
Sainte-Ode,2020-07-25,0,9
Sainte-Ode,2020-07-26,0,9
Sainte-Ode,2020-07-27,0,9
Sainte-Ode,2020-07-28,0,9
Sainte-Ode,2020-07-29,0,9
Sainte-Ode,2020-07-30,0,9
Sainte-Ode,2020-07-31,0,9
Durbuy,2020-04-01,1,8
Durbuy,2020-04-02,1,9
Durbuy,2020-04-03,0,9
Durbuy,2020-04-04,2,11
Durbuy,2020-04-05,0,11
Durbuy,2020-04-06,2,13
Durbuy,2020-04-07,1,14
Durbuy,2020-04-08,0,14
Durbuy,2020-04-09,3,17
Durbuy,2020-04-10,1,18
Durbuy,2020-04-11,0,18
Durbuy,2020-04-12,1,19
Durbuy,2020-04-13,0,19
Durbuy,2020-04-14,1,20
Durbuy,2020-04-15,0,20
Durbuy,2020-04-16,0,20
Durbuy,2020-04-17,3,23
Durbuy,2020-04-18,0,23
Durbuy,2020-04-19,0,23
Durbuy,2020-04-20,0,23
Durbuy,2020-04-21,0,23
Durbuy,2020-04-22,2,25
Durbuy,2020-04-23,1,26
Durbuy,2020-04-24,1,27
Durbuy,2020-04-25,9,36
Durbuy,2020-04-26,3,39
Durbuy,2020-04-27,1,40
Durbuy,2020-04-28,1,41
Durbuy,2020-04-29,0,41
Durbuy,2020-04-30,0,41
Durbuy,2020-05-01,0,41
Durbuy,2020-05-02,1,42
Durbuy,2020-05-03,0,42
Durbuy,2020-05-04,8,50
Durbuy,2020-05-05,0,50
Durbuy,2020-05-06,0,50
Durbuy,2020-05-07,2,52
Durbuy,2020-05-08,0,52
Durbuy,2020-05-09,1,53
Durbuy,2020-05-10,2,55
Durbuy,2020-05-11,0,55
Durbuy,2020-05-12,0,55
Durbuy,2020-05-13,0,55
Durbuy,2020-05-14,2,57
Durbuy,2020-05-15,1,58
Durbuy,2020-05-16,0,58
Durbuy,2020-05-17,3,61
Durbuy,2020-05-18,0,61
Durbuy,2020-05-19,0,61
Durbuy,2020-05-20,0,61
Durbuy,2020-05-21,0,61
Durbuy,2020-05-22,2,63
Durbuy,2020-05-23,0,63
Durbuy,2020-05-24,0,63
Durbuy,2020-05-25,0,63
Durbuy,2020-05-26,0,63
Durbuy,2020-05-27,0,63
Durbuy,2020-05-28,0,63
Durbuy,2020-05-29,1,64
Durbuy,2020-05-30,0,64
Durbuy,2020-05-31,0,64
Durbuy,2020-06-01,0,64
Durbuy,2020-06-02,0,64
Durbuy,2020-06-03,0,64
Durbuy,2020-06-04,0,64
Durbuy,2020-06-05,0,64
Durbuy,2020-06-06,0,64
Durbuy,2020-06-07,0,64
Durbuy,2020-06-08,0,64
Durbuy,2020-06-09,0,64
Durbuy,2020-06-10,0,64
Durbuy,2020-06-11,0,64
Durbuy,2020-06-12,1,65
Durbuy,2020-06-13,0,65
Durbuy,2020-06-14,0,65
Durbuy,2020-06-15,1,66
Durbuy,2020-06-16,0,66
Durbuy,2020-06-17,0,66
Durbuy,2020-06-18,0,66
Durbuy,2020-06-19,0,66
Durbuy,2020-06-20,0,66
Durbuy,2020-06-23,1,67
Durbuy,2020-06-24,0,67
Durbuy,2020-06-25,0,67
Durbuy,2020-06-26,0,67
Durbuy,2020-06-27,0,67
Durbuy,2020-06-30,0,67
Durbuy,2020-07-01,0,67
Durbuy,2020-07-02,0,67
Durbuy,2020-07-03,0,67
Durbuy,2020-07-04,0,67
Durbuy,2020-07-07,0,67
Durbuy,2020-07-08,0,67
Durbuy,2020-07-09,0,67
Durbuy,2020-07-10,0,67
Durbuy,2020-07-11,0,67
Durbuy,2020-07-14,0,67
Durbuy,2020-07-15,0,67
Durbuy,2020-07-16,0,67
Durbuy,2020-07-17,0,67
Durbuy,2020-07-18,0,67
Durbuy,2020-07-20,0,67
Durbuy,2020-07-21,0,67
Durbuy,2020-07-22,0,67
Durbuy,2020-07-23,0,67
Durbuy,2020-07-24,0,67
Durbuy,2020-07-25,0,67
Durbuy,2020-07-26,0,67
Durbuy,2020-07-27,0,67
Durbuy,2020-07-28,0,67
Durbuy,2020-07-29,0,67
Durbuy,2020-07-30,0,67
Durbuy,2020-07-31,0,67
Erezée,2020-04-01,0,0
Erezée,2020-04-02,0,0
Erezée,2020-04-03,0,0
Erezée,2020-04-04,0,0
Erezée,2020-04-05,0,0
Erezée,2020-04-06,0,0
Erezée,2020-04-07,0,0
Erezée,2020-04-08,0,0
Erezée,2020-04-09,0,0
Erezée,2020-04-10,6,6
Erezée,2020-04-11,0,6
Erezée,2020-04-12,0,6
Erezée,2020-04-13,1,7
Erezée,2020-04-14,0,7
Erezée,2020-04-15,0,7
Erezée,2020-04-16,0,7
Erezée,2020-04-17,1,8
Erezée,2020-04-18,0,8
Erezée,2020-04-19,1,9
Erezée,2020-04-20,0,9
Erezée,2020-04-21,4,13
Erezée,2020-04-22,0,13
Erezée,2020-04-23,0,13
Erezée,2020-04-24,0,13
Erezée,2020-04-25,1,14
Erezée,2020-04-26,0,14
Erezée,2020-04-27,0,14
Erezée,2020-04-28,0,14
Erezée,2020-04-29,0,14
Erezée,2020-04-30,1,15
Erezée,2020-05-01,0,15
Erezée,2020-05-02,0,15
Erezée,2020-05-03,0,15
Erezée,2020-05-04,0,15
Erezée,2020-05-05,0,15
Erezée,2020-05-06,2,17
Erezée,2020-05-07,0,17
Erezée,2020-05-08,1,18
Erezée,2020-05-09,0,18
Erezée,2020-05-10,0,18
Erezée,2020-05-11,1,19
Erezée,2020-05-12,0,19
Erezée,2020-05-13,0,19
Erezée,2020-05-14,1,20
Erezée,2020-05-15,0,20
Erezée,2020-05-16,0,20
Erezée,2020-05-17,0,20
Erezée,2020-05-18,0,20
Erezée,2020-05-19,0,20
Erezée,2020-05-20,1,21
Erezée,2020-05-21,1,22
Erezée,2020-05-22,0,22
Erezée,2020-05-23,1,23
Erezée,2020-05-24,0,23
Erezée,2020-05-25,0,23
Erezée,2020-05-26,0,23
Erezée,2020-05-27,0,23
Erezée,2020-05-28,0,23
Erezée,2020-05-29,0,23
Erezée,2020-05-30,0,23
Erezée,2020-05-31,0,23
Erezée,2020-06-01,0,23
Erezée,2020-06-02,0,23
Erezée,2020-06-03,0,23
Erezée,2020-06-04,0,23
Erezée,2020-06-05,0,23
Erezée,2020-06-06,0,23
Erezée,2020-06-07,0,23
Erezée,2020-06-08,0,23
Erezée,2020-06-09,0,23
Erezée,2020-06-10,0,23
Erezée,2020-06-11,1,24
Erezée,2020-06-12,0,24
Erezée,2020-06-13,0,24
Erezée,2020-06-14,0,24
Erezée,2020-06-15,0,24
Erezée,2020-06-16,0,24
Erezée,2020-06-17,0,24
Erezée,2020-06-18,0,24
Erezée,2020-06-19,0,24
Erezée,2020-06-20,0,24
Erezée,2020-06-23,0,24
Erezée,2020-06-24,0,24
Erezée,2020-06-25,0,24
Erezée,2020-06-26,0,24
Erezée,2020-06-27,0,24
Erezée,2020-06-30,0,24
Erezée,2020-07-01,0,24
Erezée,2020-07-02,0,24
Erezée,2020-07-03,0,24
Erezée,2020-07-04,0,24
Erezée,2020-07-07,0,24
Erezée,2020-07-08,0,24
Erezée,2020-07-09,0,24
Erezée,2020-07-10,0,24
Erezée,2020-07-11,0,24
Erezée,2020-07-14,0,24
Erezée,2020-07-15,0,24
Erezée,2020-07-16,0,24
Erezée,2020-07-17,0,24
Erezée,2020-07-18,0,24
Erezée,2020-07-20,0,24
Erezée,2020-07-21,0,24
Erezée,2020-07-22,0,24
Erezée,2020-07-23,0,24
Erezée,2020-07-24,0,24
Erezée,2020-07-25,0,24
Erezée,2020-07-26,0,24
Erezée,2020-07-27,0,24
Erezée,2020-07-28,0,24
Erezée,2020-07-29,0,24
Erezée,2020-07-30,0,24
Erezée,2020-07-31,0,24
Hotton,2020-04-01,0,11
Hotton,2020-04-02,4,15
Hotton,2020-04-03,2,17
Hotton,2020-04-04,0,17
Hotton,2020-04-05,2,19
Hotton,2020-04-06,0,19
Hotton,2020-04-07,0,19
Hotton,2020-04-08,0,19
Hotton,2020-04-09,1,20
Hotton,2020-04-10,3,23
Hotton,2020-04-11,2,25
Hotton,2020-04-12,0,25
Hotton,2020-04-13,3,28
Hotton,2020-04-14,0,28
Hotton,2020-04-15,0,28
Hotton,2020-04-16,1,29
Hotton,2020-04-17,1,30
Hotton,2020-04-18,0,30
Hotton,2020-04-19,1,31
Hotton,2020-04-20,1,32
Hotton,2020-04-21,0,32
Hotton,2020-04-22,0,32
Hotton,2020-04-23,0,32
Hotton,2020-04-24,0,32
Hotton,2020-04-25,1,33
Hotton,2020-04-26,0,33
Hotton,2020-04-27,0,33
Hotton,2020-04-28,1,34
Hotton,2020-04-29,2,36
Hotton,2020-04-30,1,37
Hotton,2020-05-01,0,37
Hotton,2020-05-02,1,38
Hotton,2020-05-03,0,38
Hotton,2020-05-04,0,38
Hotton,2020-05-05,0,38
Hotton,2020-05-06,0,38
Hotton,2020-05-07,0,38
Hotton,2020-05-08,0,38
Hotton,2020-05-09,0,38
Hotton,2020-05-10,0,38
Hotton,2020-05-11,0,38
Hotton,2020-05-12,0,38
Hotton,2020-05-13,0,38
Hotton,2020-05-14,0,38
Hotton,2020-05-15,0,38
Hotton,2020-05-16,0,38
Hotton,2020-05-17,0,38
Hotton,2020-05-18,0,38
Hotton,2020-05-19,0,38
Hotton,2020-05-20,0,38
Hotton,2020-05-21,1,39
Hotton,2020-05-22,0,39
Hotton,2020-05-23,0,39
Hotton,2020-05-24,0,39
Hotton,2020-05-25,0,39
Hotton,2020-05-26,0,39
Hotton,2020-05-27,0,39
Hotton,2020-05-28,0,39
Hotton,2020-05-29,0,39
Hotton,2020-05-30,0,39
Hotton,2020-05-31,0,39
Hotton,2020-06-01,1,40
Hotton,2020-06-02,4,44
Hotton,2020-06-03,0,44
Hotton,2020-06-04,0,44
Hotton,2020-06-05,0,44
Hotton,2020-06-06,0,44
Hotton,2020-06-07,0,44
Hotton,2020-06-08,0,44
Hotton,2020-06-09,0,44
Hotton,2020-06-10,0,44
Hotton,2020-06-11,0,44
Hotton,2020-06-12,2,46
Hotton,2020-06-13,0,46
Hotton,2020-06-14,0,46
Hotton,2020-06-15,0,46
Hotton,2020-06-16,0,46
Hotton,2020-06-17,0,46
Hotton,2020-06-18,0,46
Hotton,2020-06-19,0,46
Hotton,2020-06-20,0,46
Hotton,2020-06-23,0,46
Hotton,2020-06-24,0,46
Hotton,2020-06-25,0,46
Hotton,2020-06-26,0,46
Hotton,2020-06-27,0,46
Hotton,2020-06-30,0,46
Hotton,2020-07-01,1,47
Hotton,2020-07-02,0,47
Hotton,2020-07-03,0,47
Hotton,2020-07-04,0,47
Hotton,2020-07-07,0,47
Hotton,2020-07-08,0,47
Hotton,2020-07-09,0,47
Hotton,2020-07-10,0,47
Hotton,2020-07-11,0,47
Hotton,2020-07-14,0,47
Hotton,2020-07-15,0,47
Hotton,2020-07-16,0,47
Hotton,2020-07-17,0,47
Hotton,2020-07-18,0,47
Hotton,2020-07-20,0,47
Hotton,2020-07-21,0,47
Hotton,2020-07-22,0,47
Hotton,2020-07-23,0,47
Hotton,2020-07-24,0,47
Hotton,2020-07-25,0,47
Hotton,2020-07-26,0,47
Hotton,2020-07-27,0,47
Hotton,2020-07-28,0,47
Hotton,2020-07-29,0,47
Hotton,2020-07-30,0,47
Hotton,2020-07-31,0,47
La Roche-en-Ardenne,2020-04-01,0,0
La Roche-en-Ardenne,2020-04-02,0,0
La Roche-en-Ardenne,2020-04-03,0,0
La Roche-en-Ardenne,2020-04-04,0,0
La Roche-en-Ardenne,2020-04-05,0,0
La Roche-en-Ardenne,2020-04-06,0,0
La Roche-en-Ardenne,2020-04-07,0,0
La Roche-en-Ardenne,2020-04-08,5,5
La Roche-en-Ardenne,2020-04-09,0,5
La Roche-en-Ardenne,2020-04-10,0,5
La Roche-en-Ardenne,2020-04-11,0,5
La Roche-en-Ardenne,2020-04-12,0,5
La Roche-en-Ardenne,2020-04-13,1,6
La Roche-en-Ardenne,2020-04-14,0,6
La Roche-en-Ardenne,2020-04-15,0,6
La Roche-en-Ardenne,2020-04-16,0,6
La Roche-en-Ardenne,2020-04-17,2,8
La Roche-en-Ardenne,2020-04-18,0,8
La Roche-en-Ardenne,2020-04-19,0,8
La Roche-en-Ardenne,2020-04-20,1,9
La Roche-en-Ardenne,2020-04-21,0,9
La Roche-en-Ardenne,2020-04-22,0,9
La Roche-en-Ardenne,2020-04-23,1,10
La Roche-en-Ardenne,2020-04-24,0,10
La Roche-en-Ardenne,2020-04-25,0,10
La Roche-en-Ardenne,2020-04-26,0,10
La Roche-en-Ardenne,2020-04-27,0,10
La Roche-en-Ardenne,2020-04-28,0,10
La Roche-en-Ardenne,2020-04-29,0,10
La Roche-en-Ardenne,2020-04-30,0,10
La Roche-en-Ardenne,2020-05-01,0,10
La Roche-en-Ardenne,2020-05-02,0,10
La Roche-en-Ardenne,2020-05-03,0,10
La Roche-en-Ardenne,2020-05-04,0,10
La Roche-en-Ardenne,2020-05-05,0,10
La Roche-en-Ardenne,2020-05-06,0,10
La Roche-en-Ardenne,2020-05-07,0,10
La Roche-en-Ardenne,2020-05-08,0,10
La Roche-en-Ardenne,2020-05-09,0,10
La Roche-en-Ardenne,2020-05-10,0,10
La Roche-en-Ardenne,2020-05-11,0,10
La Roche-en-Ardenne,2020-05-12,0,10
La Roche-en-Ardenne,2020-05-13,0,10
La Roche-en-Ardenne,2020-05-14,0,10
La Roche-en-Ardenne,2020-05-15,0,10
La Roche-en-Ardenne,2020-05-16,0,10
La Roche-en-Ardenne,2020-05-17,0,10
La Roche-en-Ardenne,2020-05-18,0,10
La Roche-en-Ardenne,2020-05-19,0,10
La Roche-en-Ardenne,2020-05-20,0,10
La Roche-en-Ardenne,2020-05-21,0,10
La Roche-en-Ardenne,2020-05-22,0,10
La Roche-en-Ardenne,2020-05-23,0,10
La Roche-en-Ardenne,2020-05-24,0,10
La Roche-en-Ardenne,2020-05-25,0,10
La Roche-en-Ardenne,2020-05-26,0,10
La Roche-en-Ardenne,2020-05-27,0,10
La Roche-en-Ardenne,2020-05-28,0,10
La Roche-en-Ardenne,2020-05-29,0,10
La Roche-en-Ardenne,2020-05-30,0,10
La Roche-en-Ardenne,2020-05-31,0,10
La Roche-en-Ardenne,2020-06-01,0,10
La Roche-en-Ardenne,2020-06-02,1,11
La Roche-en-Ardenne,2020-06-03,0,11
La Roche-en-Ardenne,2020-06-04,0,11
La Roche-en-Ardenne,2020-06-05,0,11
La Roche-en-Ardenne,2020-06-06,0,11
La Roche-en-Ardenne,2020-06-07,0,11
La Roche-en-Ardenne,2020-06-08,0,11
La Roche-en-Ardenne,2020-06-09,0,11
La Roche-en-Ardenne,2020-06-10,0,11
La Roche-en-Ardenne,2020-06-11,0,11
La Roche-en-Ardenne,2020-06-12,0,11
La Roche-en-Ardenne,2020-06-13,0,11
La Roche-en-Ardenne,2020-06-14,0,11
La Roche-en-Ardenne,2020-06-15,0,11
La Roche-en-Ardenne,2020-06-16,0,11
La Roche-en-Ardenne,2020-06-17,0,11
La Roche-en-Ardenne,2020-06-18,0,11
La Roche-en-Ardenne,2020-06-19,0,11
La Roche-en-Ardenne,2020-06-20,0,11
La Roche-en-Ardenne,2020-06-23,0,11
La Roche-en-Ardenne,2020-06-24,0,11
La Roche-en-Ardenne,2020-06-25,0,11
La Roche-en-Ardenne,2020-06-26,1,12
La Roche-en-Ardenne,2020-06-27,0,12
La Roche-en-Ardenne,2020-06-30,1,13
La Roche-en-Ardenne,2020-07-01,0,13
La Roche-en-Ardenne,2020-07-02,0,13
La Roche-en-Ardenne,2020-07-03,0,13
La Roche-en-Ardenne,2020-07-04,0,13
La Roche-en-Ardenne,2020-07-07,0,13
La Roche-en-Ardenne,2020-07-08,0,13
La Roche-en-Ardenne,2020-07-09,0,13
La Roche-en-Ardenne,2020-07-10,0,13
La Roche-en-Ardenne,2020-07-11,0,13
La Roche-en-Ardenne,2020-07-14,0,13
La Roche-en-Ardenne,2020-07-15,0,13
La Roche-en-Ardenne,2020-07-16,0,13
La Roche-en-Ardenne,2020-07-17,0,13
La Roche-en-Ardenne,2020-07-18,0,13
La Roche-en-Ardenne,2020-07-20,0,13
La Roche-en-Ardenne,2020-07-21,0,13
La Roche-en-Ardenne,2020-07-22,0,13
La Roche-en-Ardenne,2020-07-23,0,13
La Roche-en-Ardenne,2020-07-24,0,13
La Roche-en-Ardenne,2020-07-25,0,13
La Roche-en-Ardenne,2020-07-26,0,13
La Roche-en-Ardenne,2020-07-27,0,13
La Roche-en-Ardenne,2020-07-28,0,13
La Roche-en-Ardenne,2020-07-29,0,13
La Roche-en-Ardenne,2020-07-30,0,13
La Roche-en-Ardenne,2020-07-31,0,13
Marche-en-Famenne,2020-04-01,0,23
Marche-en-Famenne,2020-04-02,9,32
Marche-en-Famenne,2020-04-03,4,36
Marche-en-Famenne,2020-04-04,8,44
Marche-en-Famenne,2020-04-05,1,45
Marche-en-Famenne,2020-04-06,2,47
Marche-en-Famenne,2020-04-07,1,48
Marche-en-Famenne,2020-04-08,4,52
Marche-en-Famenne,2020-04-09,5,57
Marche-en-Famenne,2020-04-10,6,63
Marche-en-Famenne,2020-04-11,0,63
Marche-en-Famenne,2020-04-12,1,64
Marche-en-Famenne,2020-04-13,3,67
Marche-en-Famenne,2020-04-14,1,68
Marche-en-Famenne,2020-04-15,2,70
Marche-en-Famenne,2020-04-16,1,71
Marche-en-Famenne,2020-04-17,1,72
Marche-en-Famenne,2020-04-18,0,72
Marche-en-Famenne,2020-04-19,3,75
Marche-en-Famenne,2020-04-20,6,81
Marche-en-Famenne,2020-04-21,1,82
Marche-en-Famenne,2020-04-22,1,83
Marche-en-Famenne,2020-04-23,2,85
Marche-en-Famenne,2020-04-24,0,85
Marche-en-Famenne,2020-04-25,0,85
Marche-en-Famenne,2020-04-26,1,86
Marche-en-Famenne,2020-04-27,0,86
Marche-en-Famenne,2020-04-28,0,86
Marche-en-Famenne,2020-04-29,0,86
Marche-en-Famenne,2020-04-30,2,88
Marche-en-Famenne,2020-05-01,0,88
Marche-en-Famenne,2020-05-02,0,88
Marche-en-Famenne,2020-05-03,1,89
Marche-en-Famenne,2020-05-04,0,89
Marche-en-Famenne,2020-05-05,0,89
Marche-en-Famenne,2020-05-06,0,89
Marche-en-Famenne,2020-05-07,2,91
Marche-en-Famenne,2020-05-08,0,91
Marche-en-Famenne,2020-05-09,2,93
Marche-en-Famenne,2020-05-10,1,94
Marche-en-Famenne,2020-05-11,0,94
Marche-en-Famenne,2020-05-12,0,94
Marche-en-Famenne,2020-05-13,0,94
Marche-en-Famenne,2020-05-14,1,95
Marche-en-Famenne,2020-05-15,2,97
Marche-en-Famenne,2020-05-16,0,97
Marche-en-Famenne,2020-05-17,0,97
Marche-en-Famenne,2020-05-18,0,97
Marche-en-Famenne,2020-05-19,0,97
Marche-en-Famenne,2020-05-20,0,97
Marche-en-Famenne,2020-05-21,2,99
Marche-en-Famenne,2020-05-22,0,99
Marche-en-Famenne,2020-05-23,3,102
Marche-en-Famenne,2020-05-24,0,102
Marche-en-Famenne,2020-05-25,0,102
Marche-en-Famenne,2020-05-26,0,102
Marche-en-Famenne,2020-05-27,0,102
Marche-en-Famenne,2020-05-28,0,102
Marche-en-Famenne,2020-05-29,0,102
Marche-en-Famenne,2020-05-30,0,102
Marche-en-Famenne,2020-05-31,0,102
Marche-en-Famenne,2020-06-01,0,102
Marche-en-Famenne,2020-06-02,0,102
Marche-en-Famenne,2020-06-03,0,102
Marche-en-Famenne,2020-06-04,0,102
Marche-en-Famenne,2020-06-05,1,103
Marche-en-Famenne,2020-06-06,0,103
Marche-en-Famenne,2020-06-07,0,103
Marche-en-Famenne,2020-06-08,0,103
Marche-en-Famenne,2020-06-09,0,103
Marche-en-Famenne,2020-06-10,0,103
Marche-en-Famenne,2020-06-11,0,103
Marche-en-Famenne,2020-06-12,1,104
Marche-en-Famenne,2020-06-13,0,104
Marche-en-Famenne,2020-06-14,0,104
Marche-en-Famenne,2020-06-15,0,104
Marche-en-Famenne,2020-06-16,0,104
Marche-en-Famenne,2020-06-17,0,104
Marche-en-Famenne,2020-06-18,0,104
Marche-en-Famenne,2020-06-19,0,104
Marche-en-Famenne,2020-06-20,0,104
Marche-en-Famenne,2020-06-23,1,105
Marche-en-Famenne,2020-06-24,0,105
Marche-en-Famenne,2020-06-25,0,105
Marche-en-Famenne,2020-06-26,2,107
Marche-en-Famenne,2020-06-27,0,107
Marche-en-Famenne,2020-06-30,0,107
Marche-en-Famenne,2020-07-01,0,107
Marche-en-Famenne,2020-07-02,0,107
Marche-en-Famenne,2020-07-03,0,107
Marche-en-Famenne,2020-07-04,0,107
Marche-en-Famenne,2020-07-07,1,108
Marche-en-Famenne,2020-07-08,0,108
Marche-en-Famenne,2020-07-09,0,108
Marche-en-Famenne,2020-07-10,0,108
Marche-en-Famenne,2020-07-11,0,108
Marche-en-Famenne,2020-07-14,0,108
Marche-en-Famenne,2020-07-15,0,108
Marche-en-Famenne,2020-07-16,0,108
Marche-en-Famenne,2020-07-17,0,108
Marche-en-Famenne,2020-07-18,0,108
Marche-en-Famenne,2020-07-20,0,108
Marche-en-Famenne,2020-07-21,0,108
Marche-en-Famenne,2020-07-22,0,108
Marche-en-Famenne,2020-07-23,0,108
Marche-en-Famenne,2020-07-24,0,108
Marche-en-Famenne,2020-07-25,0,108
Marche-en-Famenne,2020-07-26,0,108
Marche-en-Famenne,2020-07-27,0,108
Marche-en-Famenne,2020-07-28,1,109
Marche-en-Famenne,2020-07-29,0,109
Marche-en-Famenne,2020-07-30,1,110
Marche-en-Famenne,2020-07-31,0,110
Nassogne,2020-04-01,0,0
Nassogne,2020-04-02,5,5
Nassogne,2020-04-03,0,5
Nassogne,2020-04-04,4,9
Nassogne,2020-04-05,1,10
Nassogne,2020-04-06,2,12
Nassogne,2020-04-07,0,12
Nassogne,2020-04-08,0,12
Nassogne,2020-04-09,0,12
Nassogne,2020-04-10,0,12
Nassogne,2020-04-11,0,12
Nassogne,2020-04-12,0,12
Nassogne,2020-04-13,1,13
Nassogne,2020-04-14,0,13
Nassogne,2020-04-15,0,13
Nassogne,2020-04-16,0,13
Nassogne,2020-04-17,0,13
Nassogne,2020-04-18,0,13
Nassogne,2020-04-19,1,14
Nassogne,2020-04-20,0,14
Nassogne,2020-04-21,1,15
Nassogne,2020-04-22,0,15
Nassogne,2020-04-23,1,16
Nassogne,2020-04-24,0,16
Nassogne,2020-04-25,0,16
Nassogne,2020-04-26,1,17
Nassogne,2020-04-27,1,18
Nassogne,2020-04-28,0,18
Nassogne,2020-04-29,0,18
Nassogne,2020-04-30,0,18
Nassogne,2020-05-01,0,18
Nassogne,2020-05-02,0,18
Nassogne,2020-05-03,0,18
Nassogne,2020-05-04,0,18
Nassogne,2020-05-05,0,18
Nassogne,2020-05-06,1,19
Nassogne,2020-05-07,0,19
Nassogne,2020-05-08,0,19
Nassogne,2020-05-09,0,19
Nassogne,2020-05-10,0,19
Nassogne,2020-05-11,0,19
Nassogne,2020-05-12,0,19
Nassogne,2020-05-13,0,19
Nassogne,2020-05-14,0,19
Nassogne,2020-05-15,0,19
Nassogne,2020-05-16,0,19
Nassogne,2020-05-17,1,20
Nassogne,2020-05-18,0,20
Nassogne,2020-05-19,0,20
Nassogne,2020-05-20,0,20
Nassogne,2020-05-21,0,20
Nassogne,2020-05-22,0,20
Nassogne,2020-05-23,0,20
Nassogne,2020-05-24,0,20
Nassogne,2020-05-25,0,20
Nassogne,2020-05-26,0,20
Nassogne,2020-05-27,0,20
Nassogne,2020-05-28,0,20
Nassogne,2020-05-29,0,20
Nassogne,2020-05-30,0,20
Nassogne,2020-05-31,0,20
Nassogne,2020-06-01,0,20
Nassogne,2020-06-02,0,20
Nassogne,2020-06-03,0,20
Nassogne,2020-06-04,0,20
Nassogne,2020-06-05,0,20
Nassogne,2020-06-06,0,20
Nassogne,2020-06-07,0,20
Nassogne,2020-06-08,0,20
Nassogne,2020-06-09,0,20
Nassogne,2020-06-10,0,20
Nassogne,2020-06-11,0,20
Nassogne,2020-06-12,0,20
Nassogne,2020-06-13,0,20
Nassogne,2020-06-14,0,20
Nassogne,2020-06-15,0,20
Nassogne,2020-06-16,0,20
Nassogne,2020-06-17,0,20
Nassogne,2020-06-18,0,20
Nassogne,2020-06-19,0,20
Nassogne,2020-06-20,0,20
Nassogne,2020-06-23,1,21
Nassogne,2020-06-24,0,21
Nassogne,2020-06-25,0,21
Nassogne,2020-06-26,1,22
Nassogne,2020-06-27,0,22
Nassogne,2020-06-30,1,23
Nassogne,2020-07-01,1,24
Nassogne,2020-07-02,0,24
Nassogne,2020-07-03,0,24
Nassogne,2020-07-04,0,24
Nassogne,2020-07-07,0,24
Nassogne,2020-07-08,0,24
Nassogne,2020-07-09,0,24
Nassogne,2020-07-10,0,24
Nassogne,2020-07-11,0,24
Nassogne,2020-07-14,0,24
Nassogne,2020-07-15,0,24
Nassogne,2020-07-16,0,24
Nassogne,2020-07-17,0,24
Nassogne,2020-07-18,0,24
Nassogne,2020-07-20,1,25
Nassogne,2020-07-21,0,25
Nassogne,2020-07-22,0,25
Nassogne,2020-07-23,0,25
Nassogne,2020-07-24,2,27
Nassogne,2020-07-25,0,27
Nassogne,2020-07-26,0,27
Nassogne,2020-07-27,0,27
Nassogne,2020-07-28,0,27
Nassogne,2020-07-29,0,27
Nassogne,2020-07-30,0,27
Nassogne,2020-07-31,0,27
Rendeux,2020-04-01,0,0
Rendeux,2020-04-02,0,0
Rendeux,2020-04-03,0,0
Rendeux,2020-04-04,0,0
Rendeux,2020-04-05,0,0
Rendeux,2020-04-06,0,0
Rendeux,2020-04-07,0,0
Rendeux,2020-04-08,0,0
Rendeux,2020-04-09,5,5
Rendeux,2020-04-10,0,5
Rendeux,2020-04-11,0,5
Rendeux,2020-04-12,0,5
Rendeux,2020-04-13,2,7
Rendeux,2020-04-14,1,8
Rendeux,2020-04-15,0,8
Rendeux,2020-04-16,0,8
Rendeux,2020-04-17,1,9
Rendeux,2020-04-18,1,10
Rendeux,2020-04-19,0,10
Rendeux,2020-04-20,0,10
Rendeux,2020-04-21,0,10
Rendeux,2020-04-22,0,10
Rendeux,2020-04-23,0,10
Rendeux,2020-04-24,0,10
Rendeux,2020-04-25,0,10
Rendeux,2020-04-26,0,10
Rendeux,2020-04-27,0,10
Rendeux,2020-04-28,0,10
Rendeux,2020-04-29,0,10
Rendeux,2020-04-30,1,11
Rendeux,2020-05-01,0,11
Rendeux,2020-05-02,1,12
Rendeux,2020-05-03,0,12
Rendeux,2020-05-04,0,12
Rendeux,2020-05-05,0,12
Rendeux,2020-05-06,0,12
Rendeux,2020-05-07,0,12
Rendeux,2020-05-08,1,13
Rendeux,2020-05-09,1,14
Rendeux,2020-05-10,1,15
Rendeux,2020-05-11,0,15
Rendeux,2020-05-12,0,15
Rendeux,2020-05-13,0,15
Rendeux,2020-05-14,1,16
Rendeux,2020-05-15,0,16
Rendeux,2020-05-16,0,16
Rendeux,2020-05-17,0,16
Rendeux,2020-05-18,0,16
Rendeux,2020-05-19,0,16
Rendeux,2020-05-20,0,16
Rendeux,2020-05-21,0,16
Rendeux,2020-05-22,0,16
Rendeux,2020-05-23,0,16
Rendeux,2020-05-24,0,16
Rendeux,2020-05-25,0,16
Rendeux,2020-05-26,0,16
Rendeux,2020-05-27,0,16
Rendeux,2020-05-28,0,16
Rendeux,2020-05-29,0,16
Rendeux,2020-05-30,0,16
Rendeux,2020-05-31,0,16
Rendeux,2020-06-01,0,16
Rendeux,2020-06-02,0,16
Rendeux,2020-06-03,0,16
Rendeux,2020-06-04,0,16
Rendeux,2020-06-05,0,16
Rendeux,2020-06-06,0,16
Rendeux,2020-06-07,0,16
Rendeux,2020-06-08,0,16
Rendeux,2020-06-09,0,16
Rendeux,2020-06-10,0,16
Rendeux,2020-06-11,0,16
Rendeux,2020-06-12,0,16
Rendeux,2020-06-13,0,16
Rendeux,2020-06-14,0,16
Rendeux,2020-06-15,1,17
Rendeux,2020-06-16,0,17
Rendeux,2020-06-17,0,17
Rendeux,2020-06-18,0,17
Rendeux,2020-06-19,0,17
Rendeux,2020-06-20,0,17
Rendeux,2020-06-23,0,17
Rendeux,2020-06-24,0,17
Rendeux,2020-06-25,0,17
Rendeux,2020-06-26,0,17
Rendeux,2020-06-27,0,17
Rendeux,2020-06-30,0,17
Rendeux,2020-07-01,0,17
Rendeux,2020-07-02,0,17
Rendeux,2020-07-03,0,17
Rendeux,2020-07-04,0,17
Rendeux,2020-07-07,0,17
Rendeux,2020-07-08,0,17
Rendeux,2020-07-09,0,17
Rendeux,2020-07-10,0,17
Rendeux,2020-07-11,0,17
Rendeux,2020-07-14,0,17
Rendeux,2020-07-15,0,17
Rendeux,2020-07-16,0,17
Rendeux,2020-07-17,0,17
Rendeux,2020-07-18,0,17
Rendeux,2020-07-20,0,17
Rendeux,2020-07-21,0,17
Rendeux,2020-07-22,0,17
Rendeux,2020-07-23,0,17
Rendeux,2020-07-24,0,17
Rendeux,2020-07-25,0,17
Rendeux,2020-07-26,0,17
Rendeux,2020-07-27,0,17
Rendeux,2020-07-28,0,17
Rendeux,2020-07-29,0,17
Rendeux,2020-07-30,0,17
Rendeux,2020-07-31,0,17
Tenneville,2020-04-01,0,0
Tenneville,2020-04-02,0,0
Tenneville,2020-04-03,5,5
Tenneville,2020-04-04,0,5
Tenneville,2020-04-05,0,5
Tenneville,2020-04-06,0,5
Tenneville,2020-04-07,0,5
Tenneville,2020-04-08,0,5
Tenneville,2020-04-09,1,6
Tenneville,2020-04-10,0,6
Tenneville,2020-04-11,0,6
Tenneville,2020-04-12,0,6
Tenneville,2020-04-13,0,6
Tenneville,2020-04-14,0,6
Tenneville,2020-04-15,0,6
Tenneville,2020-04-16,0,6
Tenneville,2020-04-17,0,6
Tenneville,2020-04-18,0,6
Tenneville,2020-04-19,0,6
Tenneville,2020-04-20,0,6
Tenneville,2020-04-21,0,6
Tenneville,2020-04-22,0,6
Tenneville,2020-04-23,0,6
Tenneville,2020-04-24,0,6
Tenneville,2020-04-25,0,6
Tenneville,2020-04-26,0,6
Tenneville,2020-04-27,0,6
Tenneville,2020-04-28,0,6
Tenneville,2020-04-29,0,6
Tenneville,2020-04-30,0,6
Tenneville,2020-05-01,0,6
Tenneville,2020-05-02,0,6
Tenneville,2020-05-03,0,6
Tenneville,2020-05-04,0,6
Tenneville,2020-05-05,0,6
Tenneville,2020-05-06,1,7
Tenneville,2020-05-07,0,7
Tenneville,2020-05-08,0,7
Tenneville,2020-05-09,0,7
Tenneville,2020-05-10,0,7
Tenneville,2020-05-11,0,7
Tenneville,2020-05-12,0,7
Tenneville,2020-05-13,0,7
Tenneville,2020-05-14,0,7
Tenneville,2020-05-15,0,7
Tenneville,2020-05-16,0,7
Tenneville,2020-05-17,0,7
Tenneville,2020-05-18,0,7
Tenneville,2020-05-19,0,7
Tenneville,2020-05-20,0,7
Tenneville,2020-05-21,0,7
Tenneville,2020-05-22,0,7
Tenneville,2020-05-23,0,7
Tenneville,2020-05-24,0,7
Tenneville,2020-05-25,0,7
Tenneville,2020-05-26,0,7
Tenneville,2020-05-27,0,7
Tenneville,2020-05-28,0,7
Tenneville,2020-05-29,0,7
Tenneville,2020-05-30,0,7
Tenneville,2020-05-31,0,7
Tenneville,2020-06-01,0,7
Tenneville,2020-06-02,0,7
Tenneville,2020-06-03,0,7
Tenneville,2020-06-04,0,7
Tenneville,2020-06-05,0,7
Tenneville,2020-06-06,0,7
Tenneville,2020-06-07,0,7
Tenneville,2020-06-08,0,7
Tenneville,2020-06-09,0,7
Tenneville,2020-06-10,0,7
Tenneville,2020-06-11,0,7
Tenneville,2020-06-12,0,7
Tenneville,2020-06-13,0,7
Tenneville,2020-06-14,0,7
Tenneville,2020-06-15,0,7
Tenneville,2020-06-16,0,7
Tenneville,2020-06-17,0,7
Tenneville,2020-06-18,0,7
Tenneville,2020-06-19,0,7
Tenneville,2020-06-20,0,7
Tenneville,2020-06-23,0,7
Tenneville,2020-06-24,0,7
Tenneville,2020-06-25,0,7
Tenneville,2020-06-26,0,7
Tenneville,2020-06-27,0,7
Tenneville,2020-06-30,0,7
Tenneville,2020-07-01,0,7
Tenneville,2020-07-02,0,7
Tenneville,2020-07-03,0,7
Tenneville,2020-07-04,0,7
Tenneville,2020-07-07,0,7
Tenneville,2020-07-08,0,7
Tenneville,2020-07-09,0,7
Tenneville,2020-07-10,0,7
Tenneville,2020-07-11,0,7
Tenneville,2020-07-14,0,7
Tenneville,2020-07-15,0,7
Tenneville,2020-07-16,0,7
Tenneville,2020-07-17,0,7
Tenneville,2020-07-18,1,8
Tenneville,2020-07-20,0,8
Tenneville,2020-07-21,0,8
Tenneville,2020-07-22,0,8
Tenneville,2020-07-23,0,8
Tenneville,2020-07-24,0,8
Tenneville,2020-07-25,0,8
Tenneville,2020-07-26,0,8
Tenneville,2020-07-27,0,8
Tenneville,2020-07-28,0,8
Tenneville,2020-07-29,0,8
Tenneville,2020-07-30,0,8
Tenneville,2020-07-31,0,8
Manhay,2020-04-01,0,8
Manhay,2020-04-02,1,9
Manhay,2020-04-03,1,10
Manhay,2020-04-04,0,10
Manhay,2020-04-05,0,10
Manhay,2020-04-06,1,11
Manhay,2020-04-07,0,11
Manhay,2020-04-08,0,11
Manhay,2020-04-09,0,11
Manhay,2020-04-10,0,11
Manhay,2020-04-11,0,11
Manhay,2020-04-12,0,11
Manhay,2020-04-13,0,11
Manhay,2020-04-14,0,11
Manhay,2020-04-15,0,11
Manhay,2020-04-16,1,12
Manhay,2020-04-17,3,15
Manhay,2020-04-18,0,15
Manhay,2020-04-19,1,16
Manhay,2020-04-20,0,16
Manhay,2020-04-21,0,16
Manhay,2020-04-22,0,16
Manhay,2020-04-23,0,16
Manhay,2020-04-24,0,16
Manhay,2020-04-25,0,16
Manhay,2020-04-26,0,16
Manhay,2020-04-27,0,16
Manhay,2020-04-28,0,16
Manhay,2020-04-29,0,16
Manhay,2020-04-30,0,16
Manhay,2020-05-01,1,17
Manhay,2020-05-02,1,18
Manhay,2020-05-03,0,18
Manhay,2020-05-04,0,18
Manhay,2020-05-05,0,18
Manhay,2020-05-06,0,18
Manhay,2020-05-07,0,18
Manhay,2020-05-08,0,18
Manhay,2020-05-09,0,18
Manhay,2020-05-10,0,18
Manhay,2020-05-11,0,18
Manhay,2020-05-12,0,18
Manhay,2020-05-13,0,18
Manhay,2020-05-14,0,18
Manhay,2020-05-15,0,18
Manhay,2020-05-16,0,18
Manhay,2020-05-17,0,18
Manhay,2020-05-18,0,18
Manhay,2020-05-19,0,18
Manhay,2020-05-20,0,18
Manhay,2020-05-21,0,18
Manhay,2020-05-22,0,18
Manhay,2020-05-23,0,18
Manhay,2020-05-24,0,18
Manhay,2020-05-25,0,18
Manhay,2020-05-26,0,18
Manhay,2020-05-27,0,18
Manhay,2020-05-28,0,18
Manhay,2020-05-29,0,18
Manhay,2020-05-30,0,18
Manhay,2020-05-31,0,18
Manhay,2020-06-01,0,18
Manhay,2020-06-02,0,18
Manhay,2020-06-03,0,18
Manhay,2020-06-04,0,18
Manhay,2020-06-05,0,18
Manhay,2020-06-06,0,18
Manhay,2020-06-07,0,18
Manhay,2020-06-08,0,18
Manhay,2020-06-09,0,18
Manhay,2020-06-10,0,18
Manhay,2020-06-11,0,18
Manhay,2020-06-12,0,18
Manhay,2020-06-13,0,18
Manhay,2020-06-14,0,18
Manhay,2020-06-15,0,18
Manhay,2020-06-16,0,18
Manhay,2020-06-17,0,18
Manhay,2020-06-18,0,18
Manhay,2020-06-19,0,18
Manhay,2020-06-20,0,18
Manhay,2020-06-23,1,19
Manhay,2020-06-24,0,19
Manhay,2020-06-25,0,19
Manhay,2020-06-26,0,19
Manhay,2020-06-27,0,19
Manhay,2020-06-30,0,19
Manhay,2020-07-01,0,19
Manhay,2020-07-02,0,19
Manhay,2020-07-03,1,20
Manhay,2020-07-04,0,20
Manhay,2020-07-07,0,20
Manhay,2020-07-08,0,20
Manhay,2020-07-09,0,20
Manhay,2020-07-10,0,20
Manhay,2020-07-11,0,20
Manhay,2020-07-14,0,20
Manhay,2020-07-15,0,20
Manhay,2020-07-16,0,20
Manhay,2020-07-17,0,20
Manhay,2020-07-18,0,20
Manhay,2020-07-20,0,20
Manhay,2020-07-21,0,20
Manhay,2020-07-22,0,20
Manhay,2020-07-23,1,21
Manhay,2020-07-24,0,21
Manhay,2020-07-25,0,21
Manhay,2020-07-26,0,21
Manhay,2020-07-27,0,21
Manhay,2020-07-28,0,21
Manhay,2020-07-29,0,21
Manhay,2020-07-30,0,21
Manhay,2020-07-31,0,21
Bertrix,2020-04-01,1,21
Bertrix,2020-04-02,3,24
Bertrix,2020-04-03,0,24
Bertrix,2020-04-04,2,26
Bertrix,2020-04-05,7,33
Bertrix,2020-04-06,2,35
Bertrix,2020-04-07,1,36
Bertrix,2020-04-08,1,37
Bertrix,2020-04-09,1,38
Bertrix,2020-04-10,3,41
Bertrix,2020-04-11,0,41
Bertrix,2020-04-12,0,41
Bertrix,2020-04-13,2,43
Bertrix,2020-04-14,2,45
Bertrix,2020-04-15,0,45
Bertrix,2020-04-16,0,45
Bertrix,2020-04-17,2,47
Bertrix,2020-04-18,1,48
Bertrix,2020-04-19,4,52
Bertrix,2020-04-20,0,52
Bertrix,2020-04-21,0,52
Bertrix,2020-04-22,0,52
Bertrix,2020-04-23,0,52
Bertrix,2020-04-24,2,54
Bertrix,2020-04-25,0,54
Bertrix,2020-04-26,0,54
Bertrix,2020-04-27,0,54
Bertrix,2020-04-28,2,56
Bertrix,2020-04-29,0,56
Bertrix,2020-04-30,1,57
Bertrix,2020-05-01,0,57
Bertrix,2020-05-02,0,57
Bertrix,2020-05-03,0,57
Bertrix,2020-05-04,0,57
Bertrix,2020-05-05,0,57
Bertrix,2020-05-06,0,57
Bertrix,2020-05-07,0,57
Bertrix,2020-05-08,0,57
Bertrix,2020-05-09,1,58
Bertrix,2020-05-10,0,58
Bertrix,2020-05-11,0,58
Bertrix,2020-05-12,0,58
Bertrix,2020-05-13,0,58
Bertrix,2020-05-14,0,58
Bertrix,2020-05-15,0,58
Bertrix,2020-05-16,0,58
Bertrix,2020-05-17,0,58
Bertrix,2020-05-18,0,58
Bertrix,2020-05-19,0,58
Bertrix,2020-05-20,0,58
Bertrix,2020-05-21,0,58
Bertrix,2020-05-22,0,58
Bertrix,2020-05-23,0,58
Bertrix,2020-05-24,0,58
Bertrix,2020-05-25,0,58
Bertrix,2020-05-26,1,59
Bertrix,2020-05-27,0,59
Bertrix,2020-05-28,0,59
Bertrix,2020-05-29,0,59
Bertrix,2020-05-30,0,59
Bertrix,2020-05-31,0,59
Bertrix,2020-06-01,0,59
Bertrix,2020-06-02,0,59
Bertrix,2020-06-03,0,59
Bertrix,2020-06-04,0,59
Bertrix,2020-06-05,0,59
Bertrix,2020-06-06,0,59
Bertrix,2020-06-07,0,59
Bertrix,2020-06-08,0,59
Bertrix,2020-06-09,0,59
Bertrix,2020-06-10,0,59
Bertrix,2020-06-11,0,59
Bertrix,2020-06-12,0,59
Bertrix,2020-06-13,0,59
Bertrix,2020-06-14,0,59
Bertrix,2020-06-15,0,59
Bertrix,2020-06-16,0,59
Bertrix,2020-06-17,0,59
Bertrix,2020-06-18,0,59
Bertrix,2020-06-19,0,59
Bertrix,2020-06-20,0,59
Bertrix,2020-06-23,0,59
Bertrix,2020-06-24,0,59
Bertrix,2020-06-25,0,59
Bertrix,2020-06-26,0,59
Bertrix,2020-06-27,0,59
Bertrix,2020-06-30,0,59
Bertrix,2020-07-01,0,59
Bertrix,2020-07-02,0,59
Bertrix,2020-07-03,0,59
Bertrix,2020-07-04,0,59
Bertrix,2020-07-07,0,59
Bertrix,2020-07-08,0,59
Bertrix,2020-07-09,0,59
Bertrix,2020-07-10,0,59
Bertrix,2020-07-11,0,59
Bertrix,2020-07-14,0,59
Bertrix,2020-07-15,0,59
Bertrix,2020-07-16,0,59
Bertrix,2020-07-17,0,59
Bertrix,2020-07-18,0,59
Bertrix,2020-07-20,0,59
Bertrix,2020-07-21,0,59
Bertrix,2020-07-22,0,59
Bertrix,2020-07-23,0,59
Bertrix,2020-07-24,0,59
Bertrix,2020-07-25,0,59
Bertrix,2020-07-26,0,59
Bertrix,2020-07-27,0,59
Bertrix,2020-07-28,0,59
Bertrix,2020-07-29,0,59
Bertrix,2020-07-30,0,59
Bertrix,2020-07-31,0,59
Bouillon,2020-04-01,0,7
Bouillon,2020-04-02,8,15
Bouillon,2020-04-03,10,25
Bouillon,2020-04-04,4,29
Bouillon,2020-04-05,10,39
Bouillon,2020-04-06,0,39
Bouillon,2020-04-07,0,39
Bouillon,2020-04-08,1,40
Bouillon,2020-04-09,1,41
Bouillon,2020-04-10,1,42
Bouillon,2020-04-11,2,44
Bouillon,2020-04-12,0,44
Bouillon,2020-04-13,4,48
Bouillon,2020-04-14,1,49
Bouillon,2020-04-15,0,49
Bouillon,2020-04-16,0,49
Bouillon,2020-04-17,0,49
Bouillon,2020-04-18,0,49
Bouillon,2020-04-19,2,51
Bouillon,2020-04-20,16,67
Bouillon,2020-04-21,27,94
Bouillon,2020-04-22,0,94
Bouillon,2020-04-23,0,94
Bouillon,2020-04-24,0,94
Bouillon,2020-04-25,0,94
Bouillon,2020-04-26,0,94
Bouillon,2020-04-27,0,94
Bouillon,2020-04-28,1,95
Bouillon,2020-04-29,0,95
Bouillon,2020-04-30,0,95
Bouillon,2020-05-01,2,97
Bouillon,2020-05-02,0,97
Bouillon,2020-05-03,0,97
Bouillon,2020-05-04,0,97
Bouillon,2020-05-05,0,97
Bouillon,2020-05-06,0,97
Bouillon,2020-05-07,0,97
Bouillon,2020-05-08,0,97
Bouillon,2020-05-09,0,97
Bouillon,2020-05-10,0,97
Bouillon,2020-05-11,0,97
Bouillon,2020-05-12,0,97
Bouillon,2020-05-13,0,97
Bouillon,2020-05-14,0,97
Bouillon,2020-05-15,0,97
Bouillon,2020-05-16,0,97
Bouillon,2020-05-17,0,97
Bouillon,2020-05-18,0,97
Bouillon,2020-05-19,0,97
Bouillon,2020-05-20,1,98
Bouillon,2020-05-21,0,98
Bouillon,2020-05-22,0,98
Bouillon,2020-05-23,0,98
Bouillon,2020-05-24,0,98
Bouillon,2020-05-25,0,98
Bouillon,2020-05-26,0,98
Bouillon,2020-05-27,0,98
Bouillon,2020-05-28,0,98
Bouillon,2020-05-29,0,98
Bouillon,2020-05-30,0,98
Bouillon,2020-05-31,0,98
Bouillon,2020-06-01,0,98
Bouillon,2020-06-02,0,98
Bouillon,2020-06-03,0,98
Bouillon,2020-06-04,0,98
Bouillon,2020-06-05,0,98
Bouillon,2020-06-06,0,98
Bouillon,2020-06-07,0,98
Bouillon,2020-06-08,0,98
Bouillon,2020-06-09,0,98
Bouillon,2020-06-10,0,98
Bouillon,2020-06-11,0,98
Bouillon,2020-06-12,0,98
Bouillon,2020-06-13,0,98
Bouillon,2020-06-14,0,98
Bouillon,2020-06-15,0,98
Bouillon,2020-06-16,0,98
Bouillon,2020-06-17,0,98
Bouillon,2020-06-18,0,98
Bouillon,2020-06-19,0,98
Bouillon,2020-06-20,0,98
Bouillon,2020-06-23,0,98
Bouillon,2020-06-24,0,98
Bouillon,2020-06-25,0,98
Bouillon,2020-06-26,0,98
Bouillon,2020-06-27,0,98
Bouillon,2020-06-30,0,98
Bouillon,2020-07-01,0,98
Bouillon,2020-07-02,0,98
Bouillon,2020-07-03,0,98
Bouillon,2020-07-04,0,98
Bouillon,2020-07-07,0,98
Bouillon,2020-07-08,0,98
Bouillon,2020-07-09,0,98
Bouillon,2020-07-10,0,98
Bouillon,2020-07-11,0,98
Bouillon,2020-07-14,0,98
Bouillon,2020-07-15,0,98
Bouillon,2020-07-16,0,98
Bouillon,2020-07-17,0,98
Bouillon,2020-07-18,0,98
Bouillon,2020-07-20,0,98
Bouillon,2020-07-21,0,98
Bouillon,2020-07-22,0,98
Bouillon,2020-07-23,0,98
Bouillon,2020-07-24,0,98
Bouillon,2020-07-25,0,98
Bouillon,2020-07-26,0,98
Bouillon,2020-07-27,0,98
Bouillon,2020-07-28,0,98
Bouillon,2020-07-29,0,98
Bouillon,2020-07-30,0,98
Bouillon,2020-07-31,0,98
Daverdisse,2020-04-01,0,0
Daverdisse,2020-04-02,0,0
Daverdisse,2020-04-03,0,0
Daverdisse,2020-04-04,0,0
Daverdisse,2020-04-05,5,5
Daverdisse,2020-04-06,0,5
Daverdisse,2020-04-07,0,5
Daverdisse,2020-04-08,1,6
Daverdisse,2020-04-09,0,6
Daverdisse,2020-04-10,0,6
Daverdisse,2020-04-11,0,6
Daverdisse,2020-04-12,0,6
Daverdisse,2020-04-13,0,6
Daverdisse,2020-04-14,0,6
Daverdisse,2020-04-15,0,6
Daverdisse,2020-04-16,0,6
Daverdisse,2020-04-17,1,7
Daverdisse,2020-04-18,0,7
Daverdisse,2020-04-19,0,7
Daverdisse,2020-04-20,0,7
Daverdisse,2020-04-21,0,7
Daverdisse,2020-04-22,0,7
Daverdisse,2020-04-23,0,7
Daverdisse,2020-04-24,0,7
Daverdisse,2020-04-25,0,7
Daverdisse,2020-04-26,0,7
Daverdisse,2020-04-27,0,7
Daverdisse,2020-04-28,0,7
Daverdisse,2020-04-29,0,7
Daverdisse,2020-04-30,0,7
Daverdisse,2020-05-01,0,7
Daverdisse,2020-05-02,0,7
Daverdisse,2020-05-03,0,7
Daverdisse,2020-05-04,0,7
Daverdisse,2020-05-05,0,7
Daverdisse,2020-05-06,0,7
Daverdisse,2020-05-07,1,8
Daverdisse,2020-05-08,0,8
Daverdisse,2020-05-09,0,8
Daverdisse,2020-05-10,0,8
Daverdisse,2020-05-11,0,8
Daverdisse,2020-05-12,0,8
Daverdisse,2020-05-13,0,8
Daverdisse,2020-05-14,0,8
Daverdisse,2020-05-15,0,8
Daverdisse,2020-05-16,0,8
Daverdisse,2020-05-17,0,8
Daverdisse,2020-05-18,0,8
Daverdisse,2020-05-19,0,8
Daverdisse,2020-05-20,0,8
Daverdisse,2020-05-21,0,8
Daverdisse,2020-05-22,0,8
Daverdisse,2020-05-23,0,8
Daverdisse,2020-05-24,0,8
Daverdisse,2020-05-25,0,8
Daverdisse,2020-05-26,0,8
Daverdisse,2020-05-27,0,8
Daverdisse,2020-05-28,0,8
Daverdisse,2020-05-29,0,8
Daverdisse,2020-05-30,0,8
Daverdisse,2020-05-31,0,8
Daverdisse,2020-06-01,0,8
Daverdisse,2020-06-02,0,8
Daverdisse,2020-06-03,0,8
Daverdisse,2020-06-04,0,8
Daverdisse,2020-06-05,0,8
Daverdisse,2020-06-06,0,8
Daverdisse,2020-06-07,0,8
Daverdisse,2020-06-08,0,8
Daverdisse,2020-06-09,0,8
Daverdisse,2020-06-10,0,8
Daverdisse,2020-06-11,0,8
Daverdisse,2020-06-12,0,8
Daverdisse,2020-06-13,0,8
Daverdisse,2020-06-14,0,8
Daverdisse,2020-06-15,0,8
Daverdisse,2020-06-16,0,8
Daverdisse,2020-06-17,0,8
Daverdisse,2020-06-18,0,8
Daverdisse,2020-06-19,0,8
Daverdisse,2020-06-20,0,8
Daverdisse,2020-06-23,0,8
Daverdisse,2020-06-24,0,8
Daverdisse,2020-06-25,0,8
Daverdisse,2020-06-26,0,8
Daverdisse,2020-06-27,0,8
Daverdisse,2020-06-30,0,8
Daverdisse,2020-07-01,0,8
Daverdisse,2020-07-02,0,8
Daverdisse,2020-07-03,0,8
Daverdisse,2020-07-04,0,8
Daverdisse,2020-07-07,0,8
Daverdisse,2020-07-08,0,8
Daverdisse,2020-07-09,0,8
Daverdisse,2020-07-10,0,8
Daverdisse,2020-07-11,0,8
Daverdisse,2020-07-14,0,8
Daverdisse,2020-07-15,0,8
Daverdisse,2020-07-16,0,8
Daverdisse,2020-07-17,0,8
Daverdisse,2020-07-18,0,8
Daverdisse,2020-07-20,0,8
Daverdisse,2020-07-21,0,8
Daverdisse,2020-07-22,0,8
Daverdisse,2020-07-23,0,8
Daverdisse,2020-07-24,0,8
Daverdisse,2020-07-25,0,8
Daverdisse,2020-07-26,0,8
Daverdisse,2020-07-27,0,8
Daverdisse,2020-07-28,0,8
Daverdisse,2020-07-29,0,8
Daverdisse,2020-07-30,0,8
Daverdisse,2020-07-31,0,8
Léglise,2020-04-01,1,8
Léglise,2020-04-02,1,9
Léglise,2020-04-03,0,9
Léglise,2020-04-04,0,9
Léglise,2020-04-05,2,11
Léglise,2020-04-06,0,11
Léglise,2020-04-07,0,11
Léglise,2020-04-08,0,11
Léglise,2020-04-09,0,11
Léglise,2020-04-10,1,12
Léglise,2020-04-11,0,12
Léglise,2020-04-12,0,12
Léglise,2020-04-13,1,13
Léglise,2020-04-14,1,14
Léglise,2020-04-15,0,14
Léglise,2020-04-16,1,15
Léglise,2020-04-17,2,17
Léglise,2020-04-18,0,17
Léglise,2020-04-19,0,17
Léglise,2020-04-20,1,18
Léglise,2020-04-21,0,18
Léglise,2020-04-22,0,18
Léglise,2020-04-23,0,18
Léglise,2020-04-24,0,18
Léglise,2020-04-25,0,18
Léglise,2020-04-26,0,18
Léglise,2020-04-27,0,18
Léglise,2020-04-28,0,18
Léglise,2020-04-29,0,18
Léglise,2020-04-30,0,18
Léglise,2020-05-01,0,18
Léglise,2020-05-02,0,18
Léglise,2020-05-03,0,18
Léglise,2020-05-04,0,18
Léglise,2020-05-05,0,18
Léglise,2020-05-06,0,18
Léglise,2020-05-07,0,18
Léglise,2020-05-08,0,18
Léglise,2020-05-09,0,18
Léglise,2020-05-10,0,18
Léglise,2020-05-11,0,18
Léglise,2020-05-12,0,18
Léglise,2020-05-13,0,18
Léglise,2020-05-14,0,18
Léglise,2020-05-15,0,18
Léglise,2020-05-16,0,18
Léglise,2020-05-17,0,18
Léglise,2020-05-18,0,18
Léglise,2020-05-19,0,18
Léglise,2020-05-20,0,18
Léglise,2020-05-21,0,18
Léglise,2020-05-22,0,18
Léglise,2020-05-23,0,18
Léglise,2020-05-24,0,18
Léglise,2020-05-25,1,19
Léglise,2020-05-26,0,19
Léglise,2020-05-27,0,19
Léglise,2020-05-28,0,19
Léglise,2020-05-29,0,19
Léglise,2020-05-30,0,19
Léglise,2020-05-31,0,19
Léglise,2020-06-01,0,19
Léglise,2020-06-02,0,19
Léglise,2020-06-03,0,19
Léglise,2020-06-04,0,19
Léglise,2020-06-05,0,19
Léglise,2020-06-06,0,19
Léglise,2020-06-07,0,19
Léglise,2020-06-08,0,19
Léglise,2020-06-09,0,19
Léglise,2020-06-10,0,19
Léglise,2020-06-11,0,19
Léglise,2020-06-12,0,19
Léglise,2020-06-13,0,19
Léglise,2020-06-14,0,19
Léglise,2020-06-15,0,19
Léglise,2020-06-16,0,19
Léglise,2020-06-17,0,19
Léglise,2020-06-18,0,19
Léglise,2020-06-19,0,19
Léglise,2020-06-20,0,19
Léglise,2020-06-23,0,19
Léglise,2020-06-24,0,19
Léglise,2020-06-25,0,19
Léglise,2020-06-26,1,20
Léglise,2020-06-27,0,20
Léglise,2020-06-30,0,20
Léglise,2020-07-01,0,20
Léglise,2020-07-02,0,20
Léglise,2020-07-03,0,20
Léglise,2020-07-04,0,20
Léglise,2020-07-07,0,20
Léglise,2020-07-08,0,20
Léglise,2020-07-09,0,20
Léglise,2020-07-10,0,20
Léglise,2020-07-11,0,20
Léglise,2020-07-14,1,21
Léglise,2020-07-15,0,21
Léglise,2020-07-16,0,21
Léglise,2020-07-17,1,22
Léglise,2020-07-18,0,22
Léglise,2020-07-20,0,22
Léglise,2020-07-21,0,22
Léglise,2020-07-22,0,22
Léglise,2020-07-23,0,22
Léglise,2020-07-24,0,22
Léglise,2020-07-25,0,22
Léglise,2020-07-26,0,22
Léglise,2020-07-27,0,22
Léglise,2020-07-28,0,22
Léglise,2020-07-29,0,22
Léglise,2020-07-30,0,22
Léglise,2020-07-31,0,22
Libin,2020-04-01,0,0
Libin,2020-04-02,0,0
Libin,2020-04-03,0,0
Libin,2020-04-04,0,0
Libin,2020-04-05,0,0
Libin,2020-04-06,0,0
Libin,2020-04-07,0,0
Libin,2020-04-08,0,0
Libin,2020-04-09,5,5
Libin,2020-04-10,1,6
Libin,2020-04-11,0,6
Libin,2020-04-12,0,6
Libin,2020-04-13,0,6
Libin,2020-04-14,1,7
Libin,2020-04-15,0,7
Libin,2020-04-16,0,7
Libin,2020-04-17,0,7
Libin,2020-04-18,0,7
Libin,2020-04-19,1,8
Libin,2020-04-20,1,9
Libin,2020-04-21,0,9
Libin,2020-04-22,1,10
Libin,2020-04-23,2,12
Libin,2020-04-24,0,12
Libin,2020-04-25,0,12
Libin,2020-04-26,0,12
Libin,2020-04-27,0,12
Libin,2020-04-28,0,12
Libin,2020-04-29,0,12
Libin,2020-04-30,0,12
Libin,2020-05-01,0,12
Libin,2020-05-02,0,12
Libin,2020-05-03,0,12
Libin,2020-05-04,0,12
Libin,2020-05-05,0,12
Libin,2020-05-06,0,12
Libin,2020-05-07,0,12
Libin,2020-05-08,0,12
Libin,2020-05-09,0,12
Libin,2020-05-10,1,13
Libin,2020-05-11,0,13
Libin,2020-05-12,0,13
Libin,2020-05-13,0,13
Libin,2020-05-14,0,13
Libin,2020-05-15,0,13
Libin,2020-05-16,0,13
Libin,2020-05-17,0,13
Libin,2020-05-18,0,13
Libin,2020-05-19,0,13
Libin,2020-05-20,0,13
Libin,2020-05-21,0,13
Libin,2020-05-22,1,14
Libin,2020-05-23,0,14
Libin,2020-05-24,0,14
Libin,2020-05-25,0,14
Libin,2020-05-26,0,14
Libin,2020-05-27,0,14
Libin,2020-05-28,0,14
Libin,2020-05-29,0,14
Libin,2020-05-30,0,14
Libin,2020-05-31,0,14
Libin,2020-06-01,0,14
Libin,2020-06-02,0,14
Libin,2020-06-03,0,14
Libin,2020-06-04,0,14
Libin,2020-06-05,0,14
Libin,2020-06-06,0,14
Libin,2020-06-07,0,14
Libin,2020-06-08,0,14
Libin,2020-06-09,0,14
Libin,2020-06-10,0,14
Libin,2020-06-11,0,14
Libin,2020-06-12,0,14
Libin,2020-06-13,0,14
Libin,2020-06-14,0,14
Libin,2020-06-15,0,14
Libin,2020-06-16,0,14
Libin,2020-06-17,0,14
Libin,2020-06-18,0,14
Libin,2020-06-19,0,14
Libin,2020-06-20,0,14
Libin,2020-06-23,0,14
Libin,2020-06-24,0,14
Libin,2020-06-25,0,14
Libin,2020-06-26,0,14
Libin,2020-06-27,0,14
Libin,2020-06-30,0,14
Libin,2020-07-01,0,14
Libin,2020-07-02,0,14
Libin,2020-07-03,0,14
Libin,2020-07-04,0,14
Libin,2020-07-07,0,14
Libin,2020-07-08,0,14
Libin,2020-07-09,0,14
Libin,2020-07-10,0,14
Libin,2020-07-11,0,14
Libin,2020-07-14,0,14
Libin,2020-07-15,0,14
Libin,2020-07-16,0,14
Libin,2020-07-17,0,14
Libin,2020-07-18,0,14
Libin,2020-07-20,0,14
Libin,2020-07-21,0,14
Libin,2020-07-22,0,14
Libin,2020-07-23,0,14
Libin,2020-07-24,0,14
Libin,2020-07-25,0,14
Libin,2020-07-26,0,14
Libin,2020-07-27,0,14
Libin,2020-07-28,0,14
Libin,2020-07-29,0,14
Libin,2020-07-30,0,14
Libin,2020-07-31,0,14
Neufchâteau (Neufchâteau),2020-04-01,1,14
Neufchâteau (Neufchâteau),2020-04-02,5,19
Neufchâteau (Neufchâteau),2020-04-03,2,21
Neufchâteau (Neufchâteau),2020-04-04,6,27
Neufchâteau (Neufchâteau),2020-04-05,1,28
Neufchâteau (Neufchâteau),2020-04-06,1,29
Neufchâteau (Neufchâteau),2020-04-07,0,29
Neufchâteau (Neufchâteau),2020-04-08,0,29
Neufchâteau (Neufchâteau),2020-04-09,3,32
Neufchâteau (Neufchâteau),2020-04-10,1,33
Neufchâteau (Neufchâteau),2020-04-11,0,33
Neufchâteau (Neufchâteau),2020-04-12,1,34
Neufchâteau (Neufchâteau),2020-04-13,2,36
Neufchâteau (Neufchâteau),2020-04-14,4,40
Neufchâteau (Neufchâteau),2020-04-15,0,40
Neufchâteau (Neufchâteau),2020-04-16,0,40
Neufchâteau (Neufchâteau),2020-04-17,0,40
Neufchâteau (Neufchâteau),2020-04-18,1,41
Neufchâteau (Neufchâteau),2020-04-19,6,47
Neufchâteau (Neufchâteau),2020-04-20,2,49
Neufchâteau (Neufchâteau),2020-04-21,0,49
Neufchâteau (Neufchâteau),2020-04-22,3,52
Neufchâteau (Neufchâteau),2020-04-23,2,54
Neufchâteau (Neufchâteau),2020-04-24,1,55
Neufchâteau (Neufchâteau),2020-04-25,1,56
Neufchâteau (Neufchâteau),2020-04-26,0,56
Neufchâteau (Neufchâteau),2020-04-27,0,56
Neufchâteau (Neufchâteau),2020-04-28,2,58
Neufchâteau (Neufchâteau),2020-04-29,0,58
Neufchâteau (Neufchâteau),2020-04-30,0,58
Neufchâteau (Neufchâteau),2020-05-01,1,59
Neufchâteau (Neufchâteau),2020-05-02,0,59
Neufchâteau (Neufchâteau),2020-05-03,0,59
Neufchâteau (Neufchâteau),2020-05-04,0,59
Neufchâteau (Neufchâteau),2020-05-05,0,59
Neufchâteau (Neufchâteau),2020-05-06,0,59
Neufchâteau (Neufchâteau),2020-05-07,1,60
Neufchâteau (Neufchâteau),2020-05-08,1,61
Neufchâteau (Neufchâteau),2020-05-09,0,61
Neufchâteau (Neufchâteau),2020-05-10,2,63
Neufchâteau (Neufchâteau),2020-05-11,1,64
Neufchâteau (Neufchâteau),2020-05-12,0,64
Neufchâteau (Neufchâteau),2020-05-13,0,64
Neufchâteau (Neufchâteau),2020-05-14,1,65
Neufchâteau (Neufchâteau),2020-05-15,3,68
Neufchâteau (Neufchâteau),2020-05-16,0,68
Neufchâteau (Neufchâteau),2020-05-17,1,69
Neufchâteau (Neufchâteau),2020-05-18,0,69
Neufchâteau (Neufchâteau),2020-05-19,0,69
Neufchâteau (Neufchâteau),2020-05-20,0,69
Neufchâteau (Neufchâteau),2020-05-21,0,69
Neufchâteau (Neufchâteau),2020-05-22,1,70
Neufchâteau (Neufchâteau),2020-05-23,2,72
Neufchâteau (Neufchâteau),2020-05-24,1,73
Neufchâteau (Neufchâteau),2020-05-25,0,73
Neufchâteau (Neufchâteau),2020-05-26,0,73
Neufchâteau (Neufchâteau),2020-05-27,0,73
Neufchâteau (Neufchâteau),2020-05-28,0,73
Neufchâteau (Neufchâteau),2020-05-29,0,73
Neufchâteau (Neufchâteau),2020-05-30,0,73
Neufchâteau (Neufchâteau),2020-05-31,0,73
Neufchâteau (Neufchâteau),2020-06-01,0,73
Neufchâteau (Neufchâteau),2020-06-02,0,73
Neufchâteau (Neufchâteau),2020-06-03,0,73
Neufchâteau (Neufchâteau),2020-06-04,0,73
Neufchâteau (Neufchâteau),2020-06-05,0,73
Neufchâteau (Neufchâteau),2020-06-06,0,73
Neufchâteau (Neufchâteau),2020-06-07,0,73
Neufchâteau (Neufchâteau),2020-06-08,0,73
Neufchâteau (Neufchâteau),2020-06-09,0,73
Neufchâteau (Neufchâteau),2020-06-10,0,73
Neufchâteau (Neufchâteau),2020-06-11,0,73
Neufchâteau (Neufchâteau),2020-06-12,0,73
Neufchâteau (Neufchâteau),2020-06-13,0,73
Neufchâteau (Neufchâteau),2020-06-14,0,73
Neufchâteau (Neufchâteau),2020-06-15,0,73
Neufchâteau (Neufchâteau),2020-06-16,0,73
Neufchâteau (Neufchâteau),2020-06-17,0,73
Neufchâteau (Neufchâteau),2020-06-18,0,73
Neufchâteau (Neufchâteau),2020-06-19,0,73
Neufchâteau (Neufchâteau),2020-06-20,0,73
Neufchâteau (Neufchâteau),2020-06-23,0,73
Neufchâteau (Neufchâteau),2020-06-24,0,73
Neufchâteau (Neufchâteau),2020-06-25,0,73
Neufchâteau (Neufchâteau),2020-06-26,0,73
Neufchâteau (Neufchâteau),2020-06-27,0,73
Neufchâteau (Neufchâteau),2020-06-30,0,73
Neufchâteau (Neufchâteau),2020-07-01,0,73
Neufchâteau (Neufchâteau),2020-07-02,0,73
Neufchâteau (Neufchâteau),2020-07-03,0,73
Neufchâteau (Neufchâteau),2020-07-04,0,73
Neufchâteau (Neufchâteau),2020-07-07,0,73
Neufchâteau (Neufchâteau),2020-07-08,0,73
Neufchâteau (Neufchâteau),2020-07-09,0,73
Neufchâteau (Neufchâteau),2020-07-10,0,73
Neufchâteau (Neufchâteau),2020-07-11,0,73
Neufchâteau (Neufchâteau),2020-07-14,0,73
Neufchâteau (Neufchâteau),2020-07-15,0,73
Neufchâteau (Neufchâteau),2020-07-16,0,73
Neufchâteau (Neufchâteau),2020-07-17,0,73
Neufchâteau (Neufchâteau),2020-07-18,1,74
Neufchâteau (Neufchâteau),2020-07-20,0,74
Neufchâteau (Neufchâteau),2020-07-21,0,74
Neufchâteau (Neufchâteau),2020-07-22,0,74
Neufchâteau (Neufchâteau),2020-07-23,2,76
Neufchâteau (Neufchâteau),2020-07-24,0,76
Neufchâteau (Neufchâteau),2020-07-25,0,76
Neufchâteau (Neufchâteau),2020-07-26,0,76
Neufchâteau (Neufchâteau),2020-07-27,0,76
Neufchâteau (Neufchâteau),2020-07-28,0,76
Neufchâteau (Neufchâteau),2020-07-29,0,76
Neufchâteau (Neufchâteau),2020-07-30,0,76
Neufchâteau (Neufchâteau),2020-07-31,0,76
Paliseul,2020-04-01,0,10
Paliseul,2020-04-02,2,12
Paliseul,2020-04-03,1,13
Paliseul,2020-04-04,2,15
Paliseul,2020-04-05,1,16
Paliseul,2020-04-06,1,17
Paliseul,2020-04-07,0,17
Paliseul,2020-04-08,1,18
Paliseul,2020-04-09,2,20
Paliseul,2020-04-10,4,24
Paliseul,2020-04-11,1,25
Paliseul,2020-04-12,0,25
Paliseul,2020-04-13,1,26
Paliseul,2020-04-14,0,26
Paliseul,2020-04-15,0,26
Paliseul,2020-04-16,0,26
Paliseul,2020-04-17,0,26
Paliseul,2020-04-18,1,27
Paliseul,2020-04-19,1,28
Paliseul,2020-04-20,0,28
Paliseul,2020-04-21,1,29
Paliseul,2020-04-22,0,29
Paliseul,2020-04-23,0,29
Paliseul,2020-04-24,0,29
Paliseul,2020-04-25,0,29
Paliseul,2020-04-26,0,29
Paliseul,2020-04-27,0,29
Paliseul,2020-04-28,0,29
Paliseul,2020-04-29,0,29
Paliseul,2020-04-30,0,29
Paliseul,2020-05-01,0,29
Paliseul,2020-05-02,0,29
Paliseul,2020-05-03,0,29
Paliseul,2020-05-04,0,29
Paliseul,2020-05-05,0,29
Paliseul,2020-05-06,0,29
Paliseul,2020-05-07,0,29
Paliseul,2020-05-08,0,29
Paliseul,2020-05-09,0,29
Paliseul,2020-05-10,0,29
Paliseul,2020-05-11,0,29
Paliseul,2020-05-12,0,29
Paliseul,2020-05-13,0,29
Paliseul,2020-05-14,0,29
Paliseul,2020-05-15,0,29
Paliseul,2020-05-16,0,29
Paliseul,2020-05-17,1,30
Paliseul,2020-05-18,0,30
Paliseul,2020-05-19,0,30
Paliseul,2020-05-20,0,30
Paliseul,2020-05-21,0,30
Paliseul,2020-05-22,1,31
Paliseul,2020-05-23,0,31
Paliseul,2020-05-24,0,31
Paliseul,2020-05-25,0,31
Paliseul,2020-05-26,0,31
Paliseul,2020-05-27,0,31
Paliseul,2020-05-28,0,31
Paliseul,2020-05-29,0,31
Paliseul,2020-05-30,0,31
Paliseul,2020-05-31,0,31
Paliseul,2020-06-01,1,32
Paliseul,2020-06-02,0,32
Paliseul,2020-06-03,0,32
Paliseul,2020-06-04,0,32
Paliseul,2020-06-05,0,32
Paliseul,2020-06-06,0,32
Paliseul,2020-06-07,0,32
Paliseul,2020-06-08,0,32
Paliseul,2020-06-09,0,32
Paliseul,2020-06-10,0,32
Paliseul,2020-06-11,0,32
Paliseul,2020-06-12,0,32
Paliseul,2020-06-13,0,32
Paliseul,2020-06-14,0,32
Paliseul,2020-06-15,0,32
Paliseul,2020-06-16,0,32
Paliseul,2020-06-17,0,32
Paliseul,2020-06-18,0,32
Paliseul,2020-06-19,0,32
Paliseul,2020-06-20,0,32
Paliseul,2020-06-23,0,32
Paliseul,2020-06-24,0,32
Paliseul,2020-06-25,0,32
Paliseul,2020-06-26,0,32
Paliseul,2020-06-27,0,32
Paliseul,2020-06-30,0,32
Paliseul,2020-07-01,0,32
Paliseul,2020-07-02,0,32
Paliseul,2020-07-03,0,32
Paliseul,2020-07-04,0,32
Paliseul,2020-07-07,0,32
Paliseul,2020-07-08,0,32
Paliseul,2020-07-09,0,32
Paliseul,2020-07-10,0,32
Paliseul,2020-07-11,0,32
Paliseul,2020-07-14,0,32
Paliseul,2020-07-15,0,32
Paliseul,2020-07-16,0,32
Paliseul,2020-07-17,0,32
Paliseul,2020-07-18,0,32
Paliseul,2020-07-20,0,32
Paliseul,2020-07-21,0,32
Paliseul,2020-07-22,0,32
Paliseul,2020-07-23,0,32
Paliseul,2020-07-24,0,32
Paliseul,2020-07-25,0,32
Paliseul,2020-07-26,0,32
Paliseul,2020-07-27,0,32
Paliseul,2020-07-28,0,32
Paliseul,2020-07-29,0,32
Paliseul,2020-07-30,0,32
Paliseul,2020-07-31,0,32
Saint-Hubert,2020-04-01,0,8
Saint-Hubert,2020-04-02,4,12
Saint-Hubert,2020-04-03,0,12
Saint-Hubert,2020-04-04,0,12
Saint-Hubert,2020-04-05,1,13
Saint-Hubert,2020-04-06,0,13
Saint-Hubert,2020-04-07,0,13
Saint-Hubert,2020-04-08,0,13
Saint-Hubert,2020-04-09,0,13
Saint-Hubert,2020-04-10,0,13
Saint-Hubert,2020-04-11,1,14
Saint-Hubert,2020-04-12,1,15
Saint-Hubert,2020-04-13,1,16
Saint-Hubert,2020-04-14,2,18
Saint-Hubert,2020-04-15,0,18
Saint-Hubert,2020-04-16,0,18
Saint-Hubert,2020-04-17,0,18
Saint-Hubert,2020-04-18,0,18
Saint-Hubert,2020-04-19,1,19
Saint-Hubert,2020-04-20,0,19
Saint-Hubert,2020-04-21,0,19
Saint-Hubert,2020-04-22,1,20
Saint-Hubert,2020-04-23,1,21
Saint-Hubert,2020-04-24,0,21
Saint-Hubert,2020-04-25,0,21
Saint-Hubert,2020-04-26,0,21
Saint-Hubert,2020-04-27,0,21
Saint-Hubert,2020-04-28,0,21
Saint-Hubert,2020-04-29,0,21
Saint-Hubert,2020-04-30,0,21
Saint-Hubert,2020-05-01,0,21
Saint-Hubert,2020-05-02,0,21
Saint-Hubert,2020-05-03,0,21
Saint-Hubert,2020-05-04,0,21
Saint-Hubert,2020-05-05,0,21
Saint-Hubert,2020-05-06,0,21
Saint-Hubert,2020-05-07,0,21
Saint-Hubert,2020-05-08,0,21
Saint-Hubert,2020-05-09,0,21
Saint-Hubert,2020-05-10,0,21
Saint-Hubert,2020-05-11,0,21
Saint-Hubert,2020-05-12,0,21
Saint-Hubert,2020-05-13,0,21
Saint-Hubert,2020-05-14,0,21
Saint-Hubert,2020-05-15,0,21
Saint-Hubert,2020-05-16,0,21
Saint-Hubert,2020-05-17,0,21
Saint-Hubert,2020-05-18,0,21
Saint-Hubert,2020-05-19,0,21
Saint-Hubert,2020-05-20,0,21
Saint-Hubert,2020-05-21,0,21
Saint-Hubert,2020-05-22,0,21
Saint-Hubert,2020-05-23,0,21
Saint-Hubert,2020-05-24,0,21
Saint-Hubert,2020-05-25,0,21
Saint-Hubert,2020-05-26,0,21
Saint-Hubert,2020-05-27,0,21
Saint-Hubert,2020-05-28,0,21
Saint-Hubert,2020-05-29,0,21
Saint-Hubert,2020-05-30,0,21
Saint-Hubert,2020-05-31,0,21
Saint-Hubert,2020-06-01,0,21
Saint-Hubert,2020-06-02,0,21
Saint-Hubert,2020-06-03,0,21
Saint-Hubert,2020-06-04,0,21
Saint-Hubert,2020-06-05,0,21
Saint-Hubert,2020-06-06,0,21
Saint-Hubert,2020-06-07,0,21
Saint-Hubert,2020-06-08,0,21
Saint-Hubert,2020-06-09,0,21
Saint-Hubert,2020-06-10,0,21
Saint-Hubert,2020-06-11,0,21
Saint-Hubert,2020-06-12,0,21
Saint-Hubert,2020-06-13,0,21
Saint-Hubert,2020-06-14,0,21
Saint-Hubert,2020-06-15,0,21
Saint-Hubert,2020-06-16,0,21
Saint-Hubert,2020-06-17,0,21
Saint-Hubert,2020-06-18,0,21
Saint-Hubert,2020-06-19,0,21
Saint-Hubert,2020-06-20,0,21
Saint-Hubert,2020-06-23,0,21
Saint-Hubert,2020-06-24,0,21
Saint-Hubert,2020-06-25,0,21
Saint-Hubert,2020-06-26,0,21
Saint-Hubert,2020-06-27,0,21
Saint-Hubert,2020-06-30,0,21
Saint-Hubert,2020-07-01,0,21
Saint-Hubert,2020-07-02,0,21
Saint-Hubert,2020-07-03,0,21
Saint-Hubert,2020-07-04,0,21
Saint-Hubert,2020-07-07,0,21
Saint-Hubert,2020-07-08,0,21
Saint-Hubert,2020-07-09,0,21
Saint-Hubert,2020-07-10,0,21
Saint-Hubert,2020-07-11,0,21
Saint-Hubert,2020-07-14,0,21
Saint-Hubert,2020-07-15,0,21
Saint-Hubert,2020-07-16,0,21
Saint-Hubert,2020-07-17,0,21
Saint-Hubert,2020-07-18,0,21
Saint-Hubert,2020-07-20,0,21
Saint-Hubert,2020-07-21,0,21
Saint-Hubert,2020-07-22,0,21
Saint-Hubert,2020-07-23,0,21
Saint-Hubert,2020-07-24,0,21
Saint-Hubert,2020-07-25,0,21
Saint-Hubert,2020-07-26,0,21
Saint-Hubert,2020-07-27,0,21
Saint-Hubert,2020-07-28,0,21
Saint-Hubert,2020-07-29,0,21
Saint-Hubert,2020-07-30,0,21
Saint-Hubert,2020-07-31,0,21
Wellin,2020-04-01,0,0
Wellin,2020-04-02,5,5
Wellin,2020-04-03,0,5
Wellin,2020-04-04,1,6
Wellin,2020-04-05,0,6
Wellin,2020-04-06,0,6
Wellin,2020-04-07,0,6
Wellin,2020-04-08,1,7
Wellin,2020-04-09,3,10
Wellin,2020-04-10,1,11
Wellin,2020-04-11,0,11
Wellin,2020-04-12,0,11
Wellin,2020-04-13,0,11
Wellin,2020-04-14,0,11
Wellin,2020-04-15,0,11
Wellin,2020-04-16,0,11
Wellin,2020-04-17,0,11
Wellin,2020-04-18,0,11
Wellin,2020-04-19,0,11
Wellin,2020-04-20,0,11
Wellin,2020-04-21,0,11
Wellin,2020-04-22,1,12
Wellin,2020-04-23,0,12
Wellin,2020-04-24,0,12
Wellin,2020-04-25,0,12
Wellin,2020-04-26,0,12
Wellin,2020-04-27,0,12
Wellin,2020-04-28,0,12
Wellin,2020-04-29,0,12
Wellin,2020-04-30,0,12
Wellin,2020-05-01,0,12
Wellin,2020-05-02,0,12
Wellin,2020-05-03,0,12
Wellin,2020-05-04,0,12
Wellin,2020-05-05,0,12
Wellin,2020-05-06,1,13
Wellin,2020-05-07,0,13
Wellin,2020-05-08,0,13
Wellin,2020-05-09,0,13
Wellin,2020-05-10,0,13
Wellin,2020-05-11,0,13
Wellin,2020-05-12,0,13
Wellin,2020-05-13,0,13
Wellin,2020-05-14,0,13
Wellin,2020-05-15,0,13
Wellin,2020-05-16,0,13
Wellin,2020-05-17,0,13
Wellin,2020-05-18,0,13
Wellin,2020-05-19,0,13
Wellin,2020-05-20,0,13
Wellin,2020-05-21,0,13
Wellin,2020-05-22,0,13
Wellin,2020-05-23,0,13
Wellin,2020-05-24,0,13
Wellin,2020-05-25,0,13
Wellin,2020-05-26,0,13
Wellin,2020-05-27,0,13
Wellin,2020-05-28,0,13
Wellin,2020-05-29,0,13
Wellin,2020-05-30,0,13
Wellin,2020-05-31,0,13
Wellin,2020-06-01,0,13
Wellin,2020-06-02,0,13
Wellin,2020-06-03,0,13
Wellin,2020-06-04,0,13
Wellin,2020-06-05,0,13
Wellin,2020-06-06,0,13
Wellin,2020-06-07,0,13
Wellin,2020-06-08,0,13
Wellin,2020-06-09,0,13
Wellin,2020-06-10,0,13
Wellin,2020-06-11,0,13
Wellin,2020-06-12,0,13
Wellin,2020-06-13,0,13
Wellin,2020-06-14,0,13
Wellin,2020-06-15,0,13
Wellin,2020-06-16,0,13
Wellin,2020-06-17,0,13
Wellin,2020-06-18,0,13
Wellin,2020-06-19,0,13
Wellin,2020-06-20,0,13
Wellin,2020-06-23,0,13
Wellin,2020-06-24,0,13
Wellin,2020-06-25,0,13
Wellin,2020-06-26,0,13
Wellin,2020-06-27,0,13
Wellin,2020-06-30,0,13
Wellin,2020-07-01,0,13
Wellin,2020-07-02,0,13
Wellin,2020-07-03,0,13
Wellin,2020-07-04,0,13
Wellin,2020-07-07,0,13
Wellin,2020-07-08,0,13
Wellin,2020-07-09,0,13
Wellin,2020-07-10,0,13
Wellin,2020-07-11,1,14
Wellin,2020-07-14,0,14
Wellin,2020-07-15,0,14
Wellin,2020-07-16,0,14
Wellin,2020-07-17,0,14
Wellin,2020-07-18,0,14
Wellin,2020-07-20,0,14
Wellin,2020-07-21,0,14
Wellin,2020-07-22,0,14
Wellin,2020-07-23,0,14
Wellin,2020-07-24,0,14
Wellin,2020-07-25,0,14
Wellin,2020-07-26,0,14
Wellin,2020-07-27,0,14
Wellin,2020-07-28,0,14
Wellin,2020-07-29,0,14
Wellin,2020-07-30,0,14
Wellin,2020-07-31,0,14
Libramont-Chevigny,2020-04-01,1,16
Libramont-Chevigny,2020-04-02,2,18
Libramont-Chevigny,2020-04-03,4,22
Libramont-Chevigny,2020-04-04,1,23
Libramont-Chevigny,2020-04-05,5,28
Libramont-Chevigny,2020-04-06,4,32
Libramont-Chevigny,2020-04-07,1,33
Libramont-Chevigny,2020-04-08,3,36
Libramont-Chevigny,2020-04-09,5,41
Libramont-Chevigny,2020-04-10,1,42
Libramont-Chevigny,2020-04-11,1,43
Libramont-Chevigny,2020-04-12,1,44
Libramont-Chevigny,2020-04-13,0,44
Libramont-Chevigny,2020-04-14,3,47
Libramont-Chevigny,2020-04-15,0,47
Libramont-Chevigny,2020-04-16,0,47
Libramont-Chevigny,2020-04-17,3,50
Libramont-Chevigny,2020-04-18,0,50
Libramont-Chevigny,2020-04-19,4,54
Libramont-Chevigny,2020-04-20,0,54
Libramont-Chevigny,2020-04-21,0,54
Libramont-Chevigny,2020-04-22,5,59
Libramont-Chevigny,2020-04-23,5,64
Libramont-Chevigny,2020-04-24,2,66
Libramont-Chevigny,2020-04-25,1,67
Libramont-Chevigny,2020-04-26,0,67
Libramont-Chevigny,2020-04-27,0,67
Libramont-Chevigny,2020-04-28,1,68
Libramont-Chevigny,2020-04-29,0,68
Libramont-Chevigny,2020-04-30,2,70
Libramont-Chevigny,2020-05-01,1,71
Libramont-Chevigny,2020-05-02,1,72
Libramont-Chevigny,2020-05-03,1,73
Libramont-Chevigny,2020-05-04,1,74
Libramont-Chevigny,2020-05-05,0,74
Libramont-Chevigny,2020-05-06,0,74
Libramont-Chevigny,2020-05-07,0,74
Libramont-Chevigny,2020-05-08,2,76
Libramont-Chevigny,2020-05-09,0,76
Libramont-Chevigny,2020-05-10,3,79
Libramont-Chevigny,2020-05-11,0,79
Libramont-Chevigny,2020-05-12,0,79
Libramont-Chevigny,2020-05-13,0,79
Libramont-Chevigny,2020-05-14,0,79
Libramont-Chevigny,2020-05-15,0,79
Libramont-Chevigny,2020-05-16,0,79
Libramont-Chevigny,2020-05-17,0,79
Libramont-Chevigny,2020-05-18,0,79
Libramont-Chevigny,2020-05-19,1,80
Libramont-Chevigny,2020-05-20,0,80
Libramont-Chevigny,2020-05-21,0,80
Libramont-Chevigny,2020-05-22,1,81
Libramont-Chevigny,2020-05-23,0,81
Libramont-Chevigny,2020-05-24,0,81
Libramont-Chevigny,2020-05-25,0,81
Libramont-Chevigny,2020-05-26,0,81
Libramont-Chevigny,2020-05-27,0,81
Libramont-Chevigny,2020-05-28,0,81
Libramont-Chevigny,2020-05-29,0,81
Libramont-Chevigny,2020-05-30,0,81
Libramont-Chevigny,2020-05-31,0,81
Libramont-Chevigny,2020-06-01,0,81
Libramont-Chevigny,2020-06-02,0,81
Libramont-Chevigny,2020-06-03,0,81
Libramont-Chevigny,2020-06-04,0,81
Libramont-Chevigny,2020-06-05,0,81
Libramont-Chevigny,2020-06-06,0,81
Libramont-Chevigny,2020-06-07,0,81
Libramont-Chevigny,2020-06-08,0,81
Libramont-Chevigny,2020-06-09,0,81
Libramont-Chevigny,2020-06-10,0,81
Libramont-Chevigny,2020-06-11,0,81
Libramont-Chevigny,2020-06-12,0,81
Libramont-Chevigny,2020-06-13,0,81
Libramont-Chevigny,2020-06-14,0,81
Libramont-Chevigny,2020-06-15,0,81
Libramont-Chevigny,2020-06-16,0,81
Libramont-Chevigny,2020-06-17,0,81
Libramont-Chevigny,2020-06-18,0,81
Libramont-Chevigny,2020-06-19,0,81
Libramont-Chevigny,2020-06-20,0,81
Libramont-Chevigny,2020-06-23,0,81
Libramont-Chevigny,2020-06-24,0,81
Libramont-Chevigny,2020-06-25,0,81
Libramont-Chevigny,2020-06-26,1,82
Libramont-Chevigny,2020-06-27,0,82
Libramont-Chevigny,2020-06-30,0,82
Libramont-Chevigny,2020-07-01,0,82
Libramont-Chevigny,2020-07-02,0,82
Libramont-Chevigny,2020-07-03,0,82
Libramont-Chevigny,2020-07-04,0,82
Libramont-Chevigny,2020-07-07,0,82
Libramont-Chevigny,2020-07-08,0,82
Libramont-Chevigny,2020-07-09,2,84
Libramont-Chevigny,2020-07-10,0,84
Libramont-Chevigny,2020-07-11,0,84
Libramont-Chevigny,2020-07-14,0,84
Libramont-Chevigny,2020-07-15,0,84
Libramont-Chevigny,2020-07-16,0,84
Libramont-Chevigny,2020-07-17,0,84
Libramont-Chevigny,2020-07-18,1,85
Libramont-Chevigny,2020-07-20,0,85
Libramont-Chevigny,2020-07-21,1,86
Libramont-Chevigny,2020-07-22,0,86
Libramont-Chevigny,2020-07-23,0,86
Libramont-Chevigny,2020-07-24,0,86
Libramont-Chevigny,2020-07-25,0,86
Libramont-Chevigny,2020-07-26,0,86
Libramont-Chevigny,2020-07-27,0,86
Libramont-Chevigny,2020-07-28,1,87
Libramont-Chevigny,2020-07-29,0,87
Libramont-Chevigny,2020-07-30,0,87
Libramont-Chevigny,2020-07-31,2,89
Chiny,2020-04-01,0,0
Chiny,2020-04-02,0,0
Chiny,2020-04-03,0,0
Chiny,2020-04-04,0,0
Chiny,2020-04-05,0,0
Chiny,2020-04-06,0,0
Chiny,2020-04-07,0,0
Chiny,2020-04-08,0,0
Chiny,2020-04-09,5,5
Chiny,2020-04-10,1,6
Chiny,2020-04-11,0,6
Chiny,2020-04-12,0,6
Chiny,2020-04-13,0,6
Chiny,2020-04-14,0,6
Chiny,2020-04-15,0,6
Chiny,2020-04-16,0,6
Chiny,2020-04-17,0,6
Chiny,2020-04-18,0,6
Chiny,2020-04-19,0,6
Chiny,2020-04-20,0,6
Chiny,2020-04-21,0,6
Chiny,2020-04-22,0,6
Chiny,2020-04-23,0,6
Chiny,2020-04-24,0,6
Chiny,2020-04-25,0,6
Chiny,2020-04-26,0,6
Chiny,2020-04-27,0,6
Chiny,2020-04-28,0,6
Chiny,2020-04-29,0,6
Chiny,2020-04-30,0,6
Chiny,2020-05-01,0,6
Chiny,2020-05-02,0,6
Chiny,2020-05-03,0,6
Chiny,2020-05-04,0,6
Chiny,2020-05-05,0,6
Chiny,2020-05-06,0,6
Chiny,2020-05-07,0,6
Chiny,2020-05-08,0,6
Chiny,2020-05-09,0,6
Chiny,2020-05-10,0,6
Chiny,2020-05-11,0,6
Chiny,2020-05-12,0,6
Chiny,2020-05-13,0,6
Chiny,2020-05-14,1,7
Chiny,2020-05-15,0,7
Chiny,2020-05-16,0,7
Chiny,2020-05-17,0,7
Chiny,2020-05-18,0,7
Chiny,2020-05-19,0,7
Chiny,2020-05-20,0,7
Chiny,2020-05-21,0,7
Chiny,2020-05-22,0,7
Chiny,2020-05-23,0,7
Chiny,2020-05-24,0,7
Chiny,2020-05-25,0,7
Chiny,2020-05-26,0,7
Chiny,2020-05-27,0,7
Chiny,2020-05-28,0,7
Chiny,2020-05-29,0,7
Chiny,2020-05-30,0,7
Chiny,2020-05-31,0,7
Chiny,2020-06-01,0,7
Chiny,2020-06-02,0,7
Chiny,2020-06-03,0,7
Chiny,2020-06-04,0,7
Chiny,2020-06-05,0,7
Chiny,2020-06-06,0,7
Chiny,2020-06-07,0,7
Chiny,2020-06-08,0,7
Chiny,2020-06-09,0,7
Chiny,2020-06-10,0,7
Chiny,2020-06-11,0,7
Chiny,2020-06-12,0,7
Chiny,2020-06-13,0,7
Chiny,2020-06-14,0,7
Chiny,2020-06-15,0,7
Chiny,2020-06-16,0,7
Chiny,2020-06-17,0,7
Chiny,2020-06-18,0,7
Chiny,2020-06-19,0,7
Chiny,2020-06-20,0,7
Chiny,2020-06-23,0,7
Chiny,2020-06-24,0,7
Chiny,2020-06-25,0,7
Chiny,2020-06-26,0,7
Chiny,2020-06-27,0,7
Chiny,2020-06-30,0,7
Chiny,2020-07-01,0,7
Chiny,2020-07-02,0,7
Chiny,2020-07-03,0,7
Chiny,2020-07-04,0,7
Chiny,2020-07-07,0,7
Chiny,2020-07-08,0,7
Chiny,2020-07-09,0,7
Chiny,2020-07-10,0,7
Chiny,2020-07-11,0,7
Chiny,2020-07-14,0,7
Chiny,2020-07-15,0,7
Chiny,2020-07-16,0,7
Chiny,2020-07-17,0,7
Chiny,2020-07-18,0,7
Chiny,2020-07-20,0,7
Chiny,2020-07-21,0,7
Chiny,2020-07-22,0,7
Chiny,2020-07-23,0,7
Chiny,2020-07-24,0,7
Chiny,2020-07-25,0,7
Chiny,2020-07-26,0,7
Chiny,2020-07-27,0,7
Chiny,2020-07-28,0,7
Chiny,2020-07-29,0,7
Chiny,2020-07-30,0,7
Chiny,2020-07-31,0,7
Etalle,2020-04-01,0,0
Etalle,2020-04-02,0,0
Etalle,2020-04-03,0,0
Etalle,2020-04-04,5,5
Etalle,2020-04-05,0,5
Etalle,2020-04-06,0,5
Etalle,2020-04-07,0,5
Etalle,2020-04-08,0,5
Etalle,2020-04-09,1,6
Etalle,2020-04-10,2,8
Etalle,2020-04-11,0,8
Etalle,2020-04-12,0,8
Etalle,2020-04-13,0,8
Etalle,2020-04-14,0,8
Etalle,2020-04-15,0,8
Etalle,2020-04-16,0,8
Etalle,2020-04-17,0,8
Etalle,2020-04-18,2,10
Etalle,2020-04-19,0,10
Etalle,2020-04-20,0,10
Etalle,2020-04-21,0,10
Etalle,2020-04-22,0,10
Etalle,2020-04-23,0,10
Etalle,2020-04-24,0,10
Etalle,2020-04-25,0,10
Etalle,2020-04-26,0,10
Etalle,2020-04-27,0,10
Etalle,2020-04-28,2,12
Etalle,2020-04-29,0,12
Etalle,2020-04-30,0,12
Etalle,2020-05-01,0,12
Etalle,2020-05-02,0,12
Etalle,2020-05-03,0,12
Etalle,2020-05-04,0,12
Etalle,2020-05-05,0,12
Etalle,2020-05-06,0,12
Etalle,2020-05-07,0,12
Etalle,2020-05-08,0,12
Etalle,2020-05-09,0,12
Etalle,2020-05-10,0,12
Etalle,2020-05-11,0,12
Etalle,2020-05-12,0,12
Etalle,2020-05-13,0,12
Etalle,2020-05-14,0,12
Etalle,2020-05-15,0,12
Etalle,2020-05-16,0,12
Etalle,2020-05-17,0,12
Etalle,2020-05-18,0,12
Etalle,2020-05-19,0,12
Etalle,2020-05-20,0,12
Etalle,2020-05-21,0,12
Etalle,2020-05-22,0,12
Etalle,2020-05-23,0,12
Etalle,2020-05-24,0,12
Etalle,2020-05-25,0,12
Etalle,2020-05-26,0,12
Etalle,2020-05-27,0,12
Etalle,2020-05-28,0,12
Etalle,2020-05-29,0,12
Etalle,2020-05-30,0,12
Etalle,2020-05-31,0,12
Etalle,2020-06-01,0,12
Etalle,2020-06-02,0,12
Etalle,2020-06-03,0,12
Etalle,2020-06-04,0,12
Etalle,2020-06-05,0,12
Etalle,2020-06-06,0,12
Etalle,2020-06-07,0,12
Etalle,2020-06-08,0,12
Etalle,2020-06-09,0,12
Etalle,2020-06-10,0,12
Etalle,2020-06-11,0,12
Etalle,2020-06-12,0,12
Etalle,2020-06-13,0,12
Etalle,2020-06-14,0,12
Etalle,2020-06-15,0,12
Etalle,2020-06-16,0,12
Etalle,2020-06-17,0,12
Etalle,2020-06-18,0,12
Etalle,2020-06-19,0,12
Etalle,2020-06-20,0,12
Etalle,2020-06-23,0,12
Etalle,2020-06-24,0,12
Etalle,2020-06-25,0,12
Etalle,2020-06-26,0,12
Etalle,2020-06-27,0,12
Etalle,2020-06-30,0,12
Etalle,2020-07-01,0,12
Etalle,2020-07-02,0,12
Etalle,2020-07-03,0,12
Etalle,2020-07-04,0,12
Etalle,2020-07-07,0,12
Etalle,2020-07-08,0,12
Etalle,2020-07-09,0,12
Etalle,2020-07-10,0,12
Etalle,2020-07-11,0,12
Etalle,2020-07-14,0,12
Etalle,2020-07-15,0,12
Etalle,2020-07-16,0,12
Etalle,2020-07-17,0,12
Etalle,2020-07-18,0,12
Etalle,2020-07-20,0,12
Etalle,2020-07-21,0,12
Etalle,2020-07-22,0,12
Etalle,2020-07-23,0,12
Etalle,2020-07-24,1,13
Etalle,2020-07-25,0,13
Etalle,2020-07-26,0,13
Etalle,2020-07-27,0,13
Etalle,2020-07-28,0,13
Etalle,2020-07-29,0,13
Etalle,2020-07-30,0,13
Etalle,2020-07-31,0,13
Musson,2020-04-01,0,0
Musson,2020-04-02,5,5
Musson,2020-04-03,1,6
Musson,2020-04-04,0,6
Musson,2020-04-05,2,8
Musson,2020-04-06,1,9
Musson,2020-04-07,0,9
Musson,2020-04-08,0,9
Musson,2020-04-09,0,9
Musson,2020-04-10,1,10
Musson,2020-04-11,0,10
Musson,2020-04-12,0,10
Musson,2020-04-13,0,10
Musson,2020-04-14,0,10
Musson,2020-04-15,0,10
Musson,2020-04-16,0,10
Musson,2020-04-17,0,10
Musson,2020-04-18,0,10
Musson,2020-04-19,4,14
Musson,2020-04-20,0,14
Musson,2020-04-21,0,14
Musson,2020-04-22,0,14
Musson,2020-04-23,0,14
Musson,2020-04-24,0,14
Musson,2020-04-25,0,14
Musson,2020-04-26,0,14
Musson,2020-04-27,0,14
Musson,2020-04-28,0,14
Musson,2020-04-29,0,14
Musson,2020-04-30,0,14
Musson,2020-05-01,0,14
Musson,2020-05-02,0,14
Musson,2020-05-03,0,14
Musson,2020-05-04,0,14
Musson,2020-05-05,0,14
Musson,2020-05-06,0,14
Musson,2020-05-07,0,14
Musson,2020-05-08,0,14
Musson,2020-05-09,0,14
Musson,2020-05-10,0,14
Musson,2020-05-11,0,14
Musson,2020-05-12,0,14
Musson,2020-05-13,0,14
Musson,2020-05-14,0,14
Musson,2020-05-15,0,14
Musson,2020-05-16,0,14
Musson,2020-05-17,0,14
Musson,2020-05-18,0,14
Musson,2020-05-19,0,14
Musson,2020-05-20,0,14
Musson,2020-05-21,0,14
Musson,2020-05-22,0,14
Musson,2020-05-23,0,14
Musson,2020-05-24,0,14
Musson,2020-05-25,0,14
Musson,2020-05-26,0,14
Musson,2020-05-27,0,14
Musson,2020-05-28,0,14
Musson,2020-05-29,0,14
Musson,2020-05-30,0,14
Musson,2020-05-31,0,14
Musson,2020-06-01,0,14
Musson,2020-06-02,0,14
Musson,2020-06-03,0,14
Musson,2020-06-04,0,14
Musson,2020-06-05,0,14
Musson,2020-06-06,0,14
Musson,2020-06-07,0,14
Musson,2020-06-08,0,14
Musson,2020-06-09,0,14
Musson,2020-06-10,0,14
Musson,2020-06-11,0,14
Musson,2020-06-12,0,14
Musson,2020-06-13,0,14
Musson,2020-06-14,0,14
Musson,2020-06-15,0,14
Musson,2020-06-16,0,14
Musson,2020-06-17,0,14
Musson,2020-06-18,0,14
Musson,2020-06-19,0,14
Musson,2020-06-20,0,14
Musson,2020-06-23,0,14
Musson,2020-06-24,0,14
Musson,2020-06-25,0,14
Musson,2020-06-26,0,14
Musson,2020-06-27,0,14
Musson,2020-06-30,0,14
Musson,2020-07-01,0,14
Musson,2020-07-02,0,14
Musson,2020-07-03,0,14
Musson,2020-07-04,0,14
Musson,2020-07-07,0,14
Musson,2020-07-08,0,14
Musson,2020-07-09,0,14
Musson,2020-07-10,0,14
Musson,2020-07-11,0,14
Musson,2020-07-14,0,14
Musson,2020-07-15,1,15
Musson,2020-07-16,0,15
Musson,2020-07-17,0,15
Musson,2020-07-18,1,16
Musson,2020-07-20,0,16
Musson,2020-07-21,0,16
Musson,2020-07-22,0,16
Musson,2020-07-23,0,16
Musson,2020-07-24,0,16
Musson,2020-07-25,0,16
Musson,2020-07-26,1,17
Musson,2020-07-27,0,17
Musson,2020-07-28,0,17
Musson,2020-07-29,0,17
Musson,2020-07-30,0,17
Musson,2020-07-31,0,17
Saint-Léger (Virton),2020-04-01,0,0
Saint-Léger (Virton),2020-04-02,0,0
Saint-Léger (Virton),2020-04-03,0,0
Saint-Léger (Virton),2020-04-04,0,0
Saint-Léger (Virton),2020-04-05,5,5
Saint-Léger (Virton),2020-04-06,0,5
Saint-Léger (Virton),2020-04-07,0,5
Saint-Léger (Virton),2020-04-08,0,5
Saint-Léger (Virton),2020-04-09,1,6
Saint-Léger (Virton),2020-04-10,0,6
Saint-Léger (Virton),2020-04-11,0,6
Saint-Léger (Virton),2020-04-12,0,6
Saint-Léger (Virton),2020-04-13,0,6
Saint-Léger (Virton),2020-04-14,0,6
Saint-Léger (Virton),2020-04-15,0,6
Saint-Léger (Virton),2020-04-16,0,6
Saint-Léger (Virton),2020-04-17,0,6
Saint-Léger (Virton),2020-04-18,0,6
Saint-Léger (Virton),2020-04-19,0,6
Saint-Léger (Virton),2020-04-20,1,7
Saint-Léger (Virton),2020-04-21,0,7
Saint-Léger (Virton),2020-04-22,0,7
Saint-Léger (Virton),2020-04-23,0,7
Saint-Léger (Virton),2020-04-24,0,7
Saint-Léger (Virton),2020-04-25,0,7
Saint-Léger (Virton),2020-04-26,0,7
Saint-Léger (Virton),2020-04-27,0,7
Saint-Léger (Virton),2020-04-28,0,7
Saint-Léger (Virton),2020-04-29,0,7
Saint-Léger (Virton),2020-04-30,0,7
Saint-Léger (Virton),2020-05-01,0,7
Saint-Léger (Virton),2020-05-02,0,7
Saint-Léger (Virton),2020-05-03,0,7
Saint-Léger (Virton),2020-05-04,0,7
Saint-Léger (Virton),2020-05-05,0,7
Saint-Léger (Virton),2020-05-06,0,7
Saint-Léger (Virton),2020-05-07,0,7
Saint-Léger (Virton),2020-05-08,0,7
Saint-Léger (Virton),2020-05-09,0,7
Saint-Léger (Virton),2020-05-10,0,7
Saint-Léger (Virton),2020-05-11,0,7
Saint-Léger (Virton),2020-05-12,0,7
Saint-Léger (Virton),2020-05-13,0,7
Saint-Léger (Virton),2020-05-14,0,7
Saint-Léger (Virton),2020-05-15,0,7
Saint-Léger (Virton),2020-05-16,0,7
Saint-Léger (Virton),2020-05-17,0,7
Saint-Léger (Virton),2020-05-18,0,7
Saint-Léger (Virton),2020-05-19,0,7
Saint-Léger (Virton),2020-05-20,0,7
Saint-Léger (Virton),2020-05-21,0,7
Saint-Léger (Virton),2020-05-22,0,7
Saint-Léger (Virton),2020-05-23,0,7
Saint-Léger (Virton),2020-05-24,0,7
Saint-Léger (Virton),2020-05-25,0,7
Saint-Léger (Virton),2020-05-26,0,7
Saint-Léger (Virton),2020-05-27,0,7
Saint-Léger (Virton),2020-05-28,0,7
Saint-Léger (Virton),2020-05-29,0,7
Saint-Léger (Virton),2020-05-30,0,7
Saint-Léger (Virton),2020-05-31,0,7
Saint-Léger (Virton),2020-06-01,0,7
Saint-Léger (Virton),2020-06-02,0,7
Saint-Léger (Virton),2020-06-03,0,7
Saint-Léger (Virton),2020-06-04,0,7
Saint-Léger (Virton),2020-06-05,0,7
Saint-Léger (Virton),2020-06-06,0,7
Saint-Léger (Virton),2020-06-07,0,7
Saint-Léger (Virton),2020-06-08,0,7
Saint-Léger (Virton),2020-06-09,0,7
Saint-Léger (Virton),2020-06-10,0,7
Saint-Léger (Virton),2020-06-11,0,7
Saint-Léger (Virton),2020-06-12,0,7
Saint-Léger (Virton),2020-06-13,0,7
Saint-Léger (Virton),2020-06-14,0,7
Saint-Léger (Virton),2020-06-15,0,7
Saint-Léger (Virton),2020-06-16,0,7
Saint-Léger (Virton),2020-06-17,0,7
Saint-Léger (Virton),2020-06-18,0,7
Saint-Léger (Virton),2020-06-19,0,7
Saint-Léger (Virton),2020-06-20,0,7
Saint-Léger (Virton),2020-06-23,0,7
Saint-Léger (Virton),2020-06-24,0,7
Saint-Léger (Virton),2020-06-25,0,7
Saint-Léger (Virton),2020-06-26,0,7
Saint-Léger (Virton),2020-06-27,0,7
Saint-Léger (Virton),2020-06-30,0,7
Saint-Léger (Virton),2020-07-01,0,7
Saint-Léger (Virton),2020-07-02,0,7
Saint-Léger (Virton),2020-07-03,0,7
Saint-Léger (Virton),2020-07-04,0,7
Saint-Léger (Virton),2020-07-07,0,7
Saint-Léger (Virton),2020-07-08,0,7
Saint-Léger (Virton),2020-07-09,0,7
Saint-Léger (Virton),2020-07-10,0,7
Saint-Léger (Virton),2020-07-11,0,7
Saint-Léger (Virton),2020-07-14,0,7
Saint-Léger (Virton),2020-07-15,0,7
Saint-Léger (Virton),2020-07-16,0,7
Saint-Léger (Virton),2020-07-17,0,7
Saint-Léger (Virton),2020-07-18,0,7
Saint-Léger (Virton),2020-07-20,0,7
Saint-Léger (Virton),2020-07-21,0,7
Saint-Léger (Virton),2020-07-22,0,7
Saint-Léger (Virton),2020-07-23,0,7
Saint-Léger (Virton),2020-07-24,0,7
Saint-Léger (Virton),2020-07-25,0,7
Saint-Léger (Virton),2020-07-26,0,7
Saint-Léger (Virton),2020-07-27,0,7
Saint-Léger (Virton),2020-07-28,0,7
Saint-Léger (Virton),2020-07-29,0,7
Saint-Léger (Virton),2020-07-30,0,7
Saint-Léger (Virton),2020-07-31,0,7
Tintigny,2020-04-01,0,0
Tintigny,2020-04-02,0,0
Tintigny,2020-04-03,0,0
Tintigny,2020-04-04,0,0
Tintigny,2020-04-05,0,0
Tintigny,2020-04-06,0,0
Tintigny,2020-04-07,0,0
Tintigny,2020-04-08,0,0
Tintigny,2020-04-09,0,0
Tintigny,2020-04-10,6,6
Tintigny,2020-04-11,0,6
Tintigny,2020-04-12,0,6
Tintigny,2020-04-13,0,6
Tintigny,2020-04-14,0,6
Tintigny,2020-04-15,0,6
Tintigny,2020-04-16,0,6
Tintigny,2020-04-17,0,6
Tintigny,2020-04-18,1,7
Tintigny,2020-04-19,1,8
Tintigny,2020-04-20,0,8
Tintigny,2020-04-21,5,13
Tintigny,2020-04-22,0,13
Tintigny,2020-04-23,0,13
Tintigny,2020-04-24,0,13
Tintigny,2020-04-25,0,13
Tintigny,2020-04-26,0,13
Tintigny,2020-04-27,0,13
Tintigny,2020-04-28,1,14
Tintigny,2020-04-29,0,14
Tintigny,2020-04-30,0,14
Tintigny,2020-05-01,0,14
Tintigny,2020-05-02,0,14
Tintigny,2020-05-03,0,14
Tintigny,2020-05-04,0,14
Tintigny,2020-05-05,0,14
Tintigny,2020-05-06,0,14
Tintigny,2020-05-07,0,14
Tintigny,2020-05-08,0,14
Tintigny,2020-05-09,0,14
Tintigny,2020-05-10,0,14
Tintigny,2020-05-11,0,14
Tintigny,2020-05-12,0,14
Tintigny,2020-05-13,0,14
Tintigny,2020-05-14,0,14
Tintigny,2020-05-15,0,14
Tintigny,2020-05-16,0,14
Tintigny,2020-05-17,0,14
Tintigny,2020-05-18,0,14
Tintigny,2020-05-19,0,14
Tintigny,2020-05-20,0,14
Tintigny,2020-05-21,0,14
Tintigny,2020-05-22,0,14
Tintigny,2020-05-23,0,14
Tintigny,2020-05-24,0,14
Tintigny,2020-05-25,0,14
Tintigny,2020-05-26,0,14
Tintigny,2020-05-27,0,14
Tintigny,2020-05-28,0,14
Tintigny,2020-05-29,0,14
Tintigny,2020-05-30,0,14
Tintigny,2020-05-31,0,14
Tintigny,2020-06-01,0,14
Tintigny,2020-06-02,0,14
Tintigny,2020-06-03,0,14
Tintigny,2020-06-04,0,14
Tintigny,2020-06-05,0,14
Tintigny,2020-06-06,0,14
Tintigny,2020-06-07,0,14
Tintigny,2020-06-08,0,14
Tintigny,2020-06-09,0,14
Tintigny,2020-06-10,0,14
Tintigny,2020-06-11,0,14
Tintigny,2020-06-12,0,14
Tintigny,2020-06-13,0,14
Tintigny,2020-06-14,0,14
Tintigny,2020-06-15,0,14
Tintigny,2020-06-16,0,14
Tintigny,2020-06-17,0,14
Tintigny,2020-06-18,0,14
Tintigny,2020-06-19,0,14
Tintigny,2020-06-20,0,14
Tintigny,2020-06-23,0,14
Tintigny,2020-06-24,0,14
Tintigny,2020-06-25,0,14
Tintigny,2020-06-26,0,14
Tintigny,2020-06-27,0,14
Tintigny,2020-06-30,0,14
Tintigny,2020-07-01,0,14
Tintigny,2020-07-02,0,14
Tintigny,2020-07-03,0,14
Tintigny,2020-07-04,0,14
Tintigny,2020-07-07,0,14
Tintigny,2020-07-08,0,14
Tintigny,2020-07-09,0,14
Tintigny,2020-07-10,0,14
Tintigny,2020-07-11,0,14
Tintigny,2020-07-14,0,14
Tintigny,2020-07-15,0,14
Tintigny,2020-07-16,0,14
Tintigny,2020-07-17,0,14
Tintigny,2020-07-18,0,14
Tintigny,2020-07-20,0,14
Tintigny,2020-07-21,0,14
Tintigny,2020-07-22,0,14
Tintigny,2020-07-23,0,14
Tintigny,2020-07-24,0,14
Tintigny,2020-07-25,0,14
Tintigny,2020-07-26,0,14
Tintigny,2020-07-27,0,14
Tintigny,2020-07-28,0,14
Tintigny,2020-07-29,1,15
Tintigny,2020-07-30,0,15
Tintigny,2020-07-31,0,15
Virton,2020-04-01,0,8
Virton,2020-04-02,3,11
Virton,2020-04-03,5,16
Virton,2020-04-04,2,18
Virton,2020-04-05,3,21
Virton,2020-04-06,0,21
Virton,2020-04-07,0,21
Virton,2020-04-08,0,21
Virton,2020-04-09,3,24
Virton,2020-04-10,2,26
Virton,2020-04-11,0,26
Virton,2020-04-12,0,26
Virton,2020-04-13,0,26
Virton,2020-04-14,0,26
Virton,2020-04-15,0,26
Virton,2020-04-16,2,28
Virton,2020-04-17,0,28
Virton,2020-04-18,4,32
Virton,2020-04-19,2,34
Virton,2020-04-20,0,34
Virton,2020-04-21,1,35
Virton,2020-04-22,0,35
Virton,2020-04-23,0,35
Virton,2020-04-24,0,35
Virton,2020-04-25,0,35
Virton,2020-04-26,1,36
Virton,2020-04-27,0,36
Virton,2020-04-28,1,37
Virton,2020-04-29,0,37
Virton,2020-04-30,0,37
Virton,2020-05-01,0,37
Virton,2020-05-02,0,37
Virton,2020-05-03,0,37
Virton,2020-05-04,0,37
Virton,2020-05-05,0,37
Virton,2020-05-06,0,37
Virton,2020-05-07,0,37
Virton,2020-05-08,0,37
Virton,2020-05-09,0,37
Virton,2020-05-10,1,38
Virton,2020-05-11,0,38
Virton,2020-05-12,0,38
Virton,2020-05-13,0,38
Virton,2020-05-14,0,38
Virton,2020-05-15,0,38
Virton,2020-05-16,0,38
Virton,2020-05-17,0,38
Virton,2020-05-18,0,38
Virton,2020-05-19,0,38
Virton,2020-05-20,0,38
Virton,2020-05-21,0,38
Virton,2020-05-22,0,38
Virton,2020-05-23,0,38
Virton,2020-05-24,0,38
Virton,2020-05-25,0,38
Virton,2020-05-26,0,38
Virton,2020-05-27,0,38
Virton,2020-05-28,0,38
Virton,2020-05-29,0,38
Virton,2020-05-30,0,38
Virton,2020-05-31,0,38
Virton,2020-06-01,0,38
Virton,2020-06-02,0,38
Virton,2020-06-03,0,38
Virton,2020-06-04,0,38
Virton,2020-06-05,0,38
Virton,2020-06-06,0,38
Virton,2020-06-07,0,38
Virton,2020-06-08,0,38
Virton,2020-06-09,0,38
Virton,2020-06-10,0,38
Virton,2020-06-11,0,38
Virton,2020-06-12,0,38
Virton,2020-06-13,0,38
Virton,2020-06-14,0,38
Virton,2020-06-15,0,38
Virton,2020-06-16,0,38
Virton,2020-06-17,0,38
Virton,2020-06-18,0,38
Virton,2020-06-19,0,38
Virton,2020-06-20,0,38
Virton,2020-06-23,0,38
Virton,2020-06-24,0,38
Virton,2020-06-25,0,38
Virton,2020-06-26,0,38
Virton,2020-06-27,0,38
Virton,2020-06-30,0,38
Virton,2020-07-01,0,38
Virton,2020-07-02,0,38
Virton,2020-07-03,0,38
Virton,2020-07-04,0,38
Virton,2020-07-07,0,38
Virton,2020-07-08,0,38
Virton,2020-07-09,0,38
Virton,2020-07-10,0,38
Virton,2020-07-11,0,38
Virton,2020-07-14,0,38
Virton,2020-07-15,0,38
Virton,2020-07-16,0,38
Virton,2020-07-17,0,38
Virton,2020-07-18,0,38
Virton,2020-07-20,0,38
Virton,2020-07-21,0,38
Virton,2020-07-22,0,38
Virton,2020-07-23,0,38
Virton,2020-07-24,0,38
Virton,2020-07-25,0,38
Virton,2020-07-26,0,38
Virton,2020-07-27,0,38
Virton,2020-07-28,0,38
Virton,2020-07-29,1,39
Virton,2020-07-30,0,39
Virton,2020-07-31,0,39
Habay,2020-04-01,0,0
Habay,2020-04-02,0,0
Habay,2020-04-03,5,5
Habay,2020-04-04,4,9
Habay,2020-04-05,2,11
Habay,2020-04-06,0,11
Habay,2020-04-07,0,11
Habay,2020-04-08,0,11
Habay,2020-04-09,0,11
Habay,2020-04-10,1,12
Habay,2020-04-11,0,12
Habay,2020-04-12,1,13
Habay,2020-04-13,0,13
Habay,2020-04-14,1,14
Habay,2020-04-15,0,14
Habay,2020-04-16,0,14
Habay,2020-04-17,0,14
Habay,2020-04-18,0,14
Habay,2020-04-19,1,15
Habay,2020-04-20,0,15
Habay,2020-04-21,0,15
Habay,2020-04-22,0,15
Habay,2020-04-23,0,15
Habay,2020-04-24,0,15
Habay,2020-04-25,1,16
Habay,2020-04-26,0,16
Habay,2020-04-27,0,16
Habay,2020-04-28,0,16
Habay,2020-04-29,0,16
Habay,2020-04-30,0,16
Habay,2020-05-01,0,16
Habay,2020-05-02,0,16
Habay,2020-05-03,0,16
Habay,2020-05-04,0,16
Habay,2020-05-05,0,16
Habay,2020-05-06,0,16
Habay,2020-05-07,0,16
Habay,2020-05-08,0,16
Habay,2020-05-09,0,16
Habay,2020-05-10,0,16
Habay,2020-05-11,0,16
Habay,2020-05-12,0,16
Habay,2020-05-13,0,16
Habay,2020-05-14,0,16
Habay,2020-05-15,0,16
Habay,2020-05-16,1,17
Habay,2020-05-17,0,17
Habay,2020-05-18,0,17
Habay,2020-05-19,1,18
Habay,2020-05-20,0,18
Habay,2020-05-21,0,18
Habay,2020-05-22,0,18
Habay,2020-05-23,0,18
Habay,2020-05-24,0,18
Habay,2020-05-25,0,18
Habay,2020-05-26,0,18
Habay,2020-05-27,0,18
Habay,2020-05-28,0,18
Habay,2020-05-29,0,18
Habay,2020-05-30,0,18
Habay,2020-05-31,0,18
Habay,2020-06-01,0,18
Habay,2020-06-02,0,18
Habay,2020-06-03,0,18
Habay,2020-06-04,0,18
Habay,2020-06-05,0,18
Habay,2020-06-06,0,18
Habay,2020-06-07,0,18
Habay,2020-06-08,0,18
Habay,2020-06-09,0,18
Habay,2020-06-10,0,18
Habay,2020-06-11,0,18
Habay,2020-06-12,0,18
Habay,2020-06-13,0,18
Habay,2020-06-14,0,18
Habay,2020-06-15,0,18
Habay,2020-06-16,0,18
Habay,2020-06-17,0,18
Habay,2020-06-18,0,18
Habay,2020-06-19,0,18
Habay,2020-06-20,0,18
Habay,2020-06-23,0,18
Habay,2020-06-24,0,18
Habay,2020-06-25,0,18
Habay,2020-06-26,0,18
Habay,2020-06-27,0,18
Habay,2020-06-30,0,18
Habay,2020-07-01,0,18
Habay,2020-07-02,0,18
Habay,2020-07-03,0,18
Habay,2020-07-04,0,18
Habay,2020-07-07,0,18
Habay,2020-07-08,0,18
Habay,2020-07-09,0,18
Habay,2020-07-10,0,18
Habay,2020-07-11,0,18
Habay,2020-07-14,0,18
Habay,2020-07-15,0,18
Habay,2020-07-16,0,18
Habay,2020-07-17,0,18
Habay,2020-07-18,0,18
Habay,2020-07-20,0,18
Habay,2020-07-21,0,18
Habay,2020-07-22,1,19
Habay,2020-07-23,0,19
Habay,2020-07-24,0,19
Habay,2020-07-25,0,19
Habay,2020-07-26,0,19
Habay,2020-07-27,0,19
Habay,2020-07-28,0,19
Habay,2020-07-29,0,19
Habay,2020-07-30,0,19
Habay,2020-07-31,0,19
Rouvroy,2020-04-01,0,0
Rouvroy,2020-04-02,0,0
Rouvroy,2020-04-03,9,9
Rouvroy,2020-04-04,1,10
Rouvroy,2020-04-05,3,13
Rouvroy,2020-04-06,0,13
Rouvroy,2020-04-07,0,13
Rouvroy,2020-04-08,0,13
Rouvroy,2020-04-09,0,13
Rouvroy,2020-04-10,0,13
Rouvroy,2020-04-11,0,13
Rouvroy,2020-04-12,0,13
Rouvroy,2020-04-13,0,13
Rouvroy,2020-04-14,1,14
Rouvroy,2020-04-15,0,14
Rouvroy,2020-04-16,0,14
Rouvroy,2020-04-17,0,14
Rouvroy,2020-04-18,2,16
Rouvroy,2020-04-19,2,18
Rouvroy,2020-04-20,0,18
Rouvroy,2020-04-21,0,18
Rouvroy,2020-04-22,0,18
Rouvroy,2020-04-23,0,18
Rouvroy,2020-04-24,0,18
Rouvroy,2020-04-25,0,18
Rouvroy,2020-04-26,5,23
Rouvroy,2020-04-27,0,23
Rouvroy,2020-04-28,0,23
Rouvroy,2020-04-29,0,23
Rouvroy,2020-04-30,0,23
Rouvroy,2020-05-01,0,23
Rouvroy,2020-05-02,0,23
Rouvroy,2020-05-03,0,23
Rouvroy,2020-05-04,0,23
Rouvroy,2020-05-05,0,23
Rouvroy,2020-05-06,0,23
Rouvroy,2020-05-07,0,23
Rouvroy,2020-05-08,0,23
Rouvroy,2020-05-09,0,23
Rouvroy,2020-05-10,0,23
Rouvroy,2020-05-11,0,23
Rouvroy,2020-05-12,0,23
Rouvroy,2020-05-13,0,23
Rouvroy,2020-05-14,0,23
Rouvroy,2020-05-15,0,23
Rouvroy,2020-05-16,0,23
Rouvroy,2020-05-17,0,23
Rouvroy,2020-05-18,0,23
Rouvroy,2020-05-19,0,23
Rouvroy,2020-05-20,0,23
Rouvroy,2020-05-21,0,23
Rouvroy,2020-05-22,0,23
Rouvroy,2020-05-23,0,23
Rouvroy,2020-05-24,0,23
Rouvroy,2020-05-25,0,23
Rouvroy,2020-05-26,0,23
Rouvroy,2020-05-27,0,23
Rouvroy,2020-05-28,0,23
Rouvroy,2020-05-29,0,23
Rouvroy,2020-05-30,0,23
Rouvroy,2020-05-31,0,23
Rouvroy,2020-06-01,0,23
Rouvroy,2020-06-02,2,25
Rouvroy,2020-06-03,0,25
Rouvroy,2020-06-04,0,25
Rouvroy,2020-06-05,0,25
Rouvroy,2020-06-06,0,25
Rouvroy,2020-06-07,0,25
Rouvroy,2020-06-08,0,25
Rouvroy,2020-06-09,0,25
Rouvroy,2020-06-10,0,25
Rouvroy,2020-06-11,0,25
Rouvroy,2020-06-12,0,25
Rouvroy,2020-06-13,0,25
Rouvroy,2020-06-14,0,25
Rouvroy,2020-06-15,0,25
Rouvroy,2020-06-16,0,25
Rouvroy,2020-06-17,0,25
Rouvroy,2020-06-18,1,26
Rouvroy,2020-06-19,0,26
Rouvroy,2020-06-20,0,26
Rouvroy,2020-06-23,0,26
Rouvroy,2020-06-24,0,26
Rouvroy,2020-06-25,0,26
Rouvroy,2020-06-26,0,26
Rouvroy,2020-06-27,0,26
Rouvroy,2020-06-30,0,26
Rouvroy,2020-07-01,0,26
Rouvroy,2020-07-02,0,26
Rouvroy,2020-07-03,0,26
Rouvroy,2020-07-04,0,26
Rouvroy,2020-07-07,0,26
Rouvroy,2020-07-08,0,26
Rouvroy,2020-07-09,0,26
Rouvroy,2020-07-10,0,26
Rouvroy,2020-07-11,0,26
Rouvroy,2020-07-14,0,26
Rouvroy,2020-07-15,0,26
Rouvroy,2020-07-16,0,26
Rouvroy,2020-07-17,0,26
Rouvroy,2020-07-18,0,26
Rouvroy,2020-07-20,0,26
Rouvroy,2020-07-21,0,26
Rouvroy,2020-07-22,0,26
Rouvroy,2020-07-23,0,26
Rouvroy,2020-07-24,0,26
Rouvroy,2020-07-25,0,26
Rouvroy,2020-07-26,0,26
Rouvroy,2020-07-27,0,26
Rouvroy,2020-07-28,0,26
Rouvroy,2020-07-29,0,26
Rouvroy,2020-07-30,0,26
Rouvroy,2020-07-31,0,26
Anhée,2020-04-01,0,6
Anhée,2020-04-02,1,7
Anhée,2020-04-03,0,7
Anhée,2020-04-04,3,10
Anhée,2020-04-05,0,10
Anhée,2020-04-06,0,10
Anhée,2020-04-07,0,10
Anhée,2020-04-08,1,11
Anhée,2020-04-09,0,11
Anhée,2020-04-10,3,14
Anhée,2020-04-11,0,14
Anhée,2020-04-12,0,14
Anhée,2020-04-13,0,14
Anhée,2020-04-14,0,14
Anhée,2020-04-15,0,14
Anhée,2020-04-16,3,17
Anhée,2020-04-17,0,17
Anhée,2020-04-18,1,18
Anhée,2020-04-19,0,18
Anhée,2020-04-20,0,18
Anhée,2020-04-21,0,18
Anhée,2020-04-22,1,19
Anhée,2020-04-23,0,19
Anhée,2020-04-24,1,20
Anhée,2020-04-25,1,21
Anhée,2020-04-26,0,21
Anhée,2020-04-27,0,21
Anhée,2020-04-28,0,21
Anhée,2020-04-29,0,21
Anhée,2020-04-30,0,21
Anhée,2020-05-01,0,21
Anhée,2020-05-02,0,21
Anhée,2020-05-03,0,21
Anhée,2020-05-04,0,21
Anhée,2020-05-05,0,21
Anhée,2020-05-06,0,21
Anhée,2020-05-07,0,21
Anhée,2020-05-08,1,22
Anhée,2020-05-09,0,22
Anhée,2020-05-10,0,22
Anhée,2020-05-11,0,22
Anhée,2020-05-12,0,22
Anhée,2020-05-13,0,22
Anhée,2020-05-14,0,22
Anhée,2020-05-15,1,23
Anhée,2020-05-16,1,24
Anhée,2020-05-17,0,24
Anhée,2020-05-18,1,25
Anhée,2020-05-19,0,25
Anhée,2020-05-20,0,25
Anhée,2020-05-21,0,25
Anhée,2020-05-22,0,25
Anhée,2020-05-23,0,25
Anhée,2020-05-24,0,25
Anhée,2020-05-25,0,25
Anhée,2020-05-26,0,25
Anhée,2020-05-27,0,25
Anhée,2020-05-28,0,25
Anhée,2020-05-29,0,25
Anhée,2020-05-30,0,25
Anhée,2020-05-31,0,25
Anhée,2020-06-01,0,25
Anhée,2020-06-02,0,25
Anhée,2020-06-03,0,25
Anhée,2020-06-04,0,25
Anhée,2020-06-05,0,25
Anhée,2020-06-06,0,25
Anhée,2020-06-07,1,26
Anhée,2020-06-08,1,27
Anhée,2020-06-09,0,27
Anhée,2020-06-10,0,27
Anhée,2020-06-11,0,27
Anhée,2020-06-12,0,27
Anhée,2020-06-13,0,27
Anhée,2020-06-14,0,27
Anhée,2020-06-15,0,27
Anhée,2020-06-16,0,27
Anhée,2020-06-17,0,27
Anhée,2020-06-18,0,27
Anhée,2020-06-19,0,27
Anhée,2020-06-20,0,27
Anhée,2020-06-23,0,27
Anhée,2020-06-24,0,27
Anhée,2020-06-25,0,27
Anhée,2020-06-26,0,27
Anhée,2020-06-27,0,27
Anhée,2020-06-30,0,27
Anhée,2020-07-01,0,27
Anhée,2020-07-02,1,28
Anhée,2020-07-03,0,28
Anhée,2020-07-04,0,28
Anhée,2020-07-07,0,28
Anhée,2020-07-08,0,28
Anhée,2020-07-09,0,28
Anhée,2020-07-10,0,28
Anhée,2020-07-11,0,28
Anhée,2020-07-14,0,28
Anhée,2020-07-15,0,28
Anhée,2020-07-16,0,28
Anhée,2020-07-17,0,28
Anhée,2020-07-18,0,28
Anhée,2020-07-20,0,28
Anhée,2020-07-21,0,28
Anhée,2020-07-22,0,28
Anhée,2020-07-23,0,28
Anhée,2020-07-24,0,28
Anhée,2020-07-25,0,28
Anhée,2020-07-26,0,28
Anhée,2020-07-27,0,28
Anhée,2020-07-28,0,28
Anhée,2020-07-29,0,28
Anhée,2020-07-30,0,28
Anhée,2020-07-31,0,28
Beauraing,2020-04-01,0,7
Beauraing,2020-04-02,0,7
Beauraing,2020-04-03,1,8
Beauraing,2020-04-04,0,8
Beauraing,2020-04-05,0,8
Beauraing,2020-04-06,1,9
Beauraing,2020-04-07,0,9
Beauraing,2020-04-08,0,9
Beauraing,2020-04-09,1,10
Beauraing,2020-04-10,2,12
Beauraing,2020-04-11,0,12
Beauraing,2020-04-12,0,12
Beauraing,2020-04-13,1,13
Beauraing,2020-04-14,0,13
Beauraing,2020-04-15,0,13
Beauraing,2020-04-16,0,13
Beauraing,2020-04-17,0,13
Beauraing,2020-04-18,0,13
Beauraing,2020-04-19,0,13
Beauraing,2020-04-20,0,13
Beauraing,2020-04-21,0,13
Beauraing,2020-04-22,1,14
Beauraing,2020-04-23,0,14
Beauraing,2020-04-24,0,14
Beauraing,2020-04-25,0,14
Beauraing,2020-04-26,0,14
Beauraing,2020-04-27,0,14
Beauraing,2020-04-28,0,14
Beauraing,2020-04-29,0,14
Beauraing,2020-04-30,0,14
Beauraing,2020-05-01,0,14
Beauraing,2020-05-02,0,14
Beauraing,2020-05-03,0,14
Beauraing,2020-05-04,0,14
Beauraing,2020-05-05,0,14
Beauraing,2020-05-06,1,15
Beauraing,2020-05-07,1,16
Beauraing,2020-05-08,0,16
Beauraing,2020-05-09,0,16
Beauraing,2020-05-10,2,18
Beauraing,2020-05-11,0,18
Beauraing,2020-05-12,1,19
Beauraing,2020-05-13,-1,18
Beauraing,2020-05-14,2,20
Beauraing,2020-05-15,0,20
Beauraing,2020-05-16,5,25
Beauraing,2020-05-17,0,25
Beauraing,2020-05-18,0,25
Beauraing,2020-05-19,0,25
Beauraing,2020-05-20,0,25
Beauraing,2020-05-21,0,25
Beauraing,2020-05-22,1,26
Beauraing,2020-05-23,0,26
Beauraing,2020-05-24,0,26
Beauraing,2020-05-25,0,26
Beauraing,2020-05-26,0,26
Beauraing,2020-05-27,0,26
Beauraing,2020-05-28,1,27
Beauraing,2020-05-29,0,27
Beauraing,2020-05-30,0,27
Beauraing,2020-05-31,0,27
Beauraing,2020-06-01,0,27
Beauraing,2020-06-02,0,27
Beauraing,2020-06-03,0,27
Beauraing,2020-06-04,0,27
Beauraing,2020-06-05,0,27
Beauraing,2020-06-06,0,27
Beauraing,2020-06-07,0,27
Beauraing,2020-06-08,0,27
Beauraing,2020-06-09,0,27
Beauraing,2020-06-10,0,27
Beauraing,2020-06-11,0,27
Beauraing,2020-06-12,0,27
Beauraing,2020-06-13,0,27
Beauraing,2020-06-14,0,27
Beauraing,2020-06-15,0,27
Beauraing,2020-06-16,0,27
Beauraing,2020-06-17,0,27
Beauraing,2020-06-18,0,27
Beauraing,2020-06-19,0,27
Beauraing,2020-06-20,1,28
Beauraing,2020-06-23,3,31
Beauraing,2020-06-24,0,31
Beauraing,2020-06-25,0,31
Beauraing,2020-06-26,0,31
Beauraing,2020-06-27,0,31
Beauraing,2020-06-30,0,31
Beauraing,2020-07-01,0,31
Beauraing,2020-07-02,0,31
Beauraing,2020-07-03,0,31
Beauraing,2020-07-04,0,31
Beauraing,2020-07-07,0,31
Beauraing,2020-07-08,0,31
Beauraing,2020-07-09,0,31
Beauraing,2020-07-10,0,31
Beauraing,2020-07-11,0,31
Beauraing,2020-07-14,0,31
Beauraing,2020-07-15,0,31
Beauraing,2020-07-16,0,31
Beauraing,2020-07-17,0,31
Beauraing,2020-07-18,0,31
Beauraing,2020-07-20,0,31
Beauraing,2020-07-21,0,31
Beauraing,2020-07-22,0,31
Beauraing,2020-07-23,0,31
Beauraing,2020-07-24,0,31
Beauraing,2020-07-25,0,31
Beauraing,2020-07-26,0,31
Beauraing,2020-07-27,0,31
Beauraing,2020-07-28,0,31
Beauraing,2020-07-29,0,31
Beauraing,2020-07-30,0,31
Beauraing,2020-07-31,0,31
Bièvre,2020-04-01,0,0
Bièvre,2020-04-02,5,5
Bièvre,2020-04-03,0,5
Bièvre,2020-04-04,2,7
Bièvre,2020-04-05,0,7
Bièvre,2020-04-06,0,7
Bièvre,2020-04-07,0,7
Bièvre,2020-04-08,1,8
Bièvre,2020-04-09,0,8
Bièvre,2020-04-10,0,8
Bièvre,2020-04-11,0,8
Bièvre,2020-04-12,0,8
Bièvre,2020-04-13,1,9
Bièvre,2020-04-14,0,9
Bièvre,2020-04-15,0,9
Bièvre,2020-04-16,0,9
Bièvre,2020-04-17,0,9
Bièvre,2020-04-18,0,9
Bièvre,2020-04-19,0,9
Bièvre,2020-04-20,0,9
Bièvre,2020-04-21,0,9
Bièvre,2020-04-22,0,9
Bièvre,2020-04-23,0,9
Bièvre,2020-04-24,0,9
Bièvre,2020-04-25,0,9
Bièvre,2020-04-26,0,9
Bièvre,2020-04-27,0,9
Bièvre,2020-04-28,0,9
Bièvre,2020-04-29,0,9
Bièvre,2020-04-30,0,9
Bièvre,2020-05-01,0,9
Bièvre,2020-05-02,0,9
Bièvre,2020-05-03,0,9
Bièvre,2020-05-04,0,9
Bièvre,2020-05-05,0,9
Bièvre,2020-05-06,0,9
Bièvre,2020-05-07,0,9
Bièvre,2020-05-08,0,9
Bièvre,2020-05-09,0,9
Bièvre,2020-05-10,0,9
Bièvre,2020-05-11,0,9
Bièvre,2020-05-12,0,9
Bièvre,2020-05-13,0,9
Bièvre,2020-05-14,0,9
Bièvre,2020-05-15,0,9
Bièvre,2020-05-16,1,10
Bièvre,2020-05-17,0,10
Bièvre,2020-05-18,0,10
Bièvre,2020-05-19,0,10
Bièvre,2020-05-20,0,10
Bièvre,2020-05-21,0,10
Bièvre,2020-05-22,1,11
Bièvre,2020-05-23,0,11
Bièvre,2020-05-24,0,11
Bièvre,2020-05-25,0,11
Bièvre,2020-05-26,0,11
Bièvre,2020-05-27,0,11
Bièvre,2020-05-28,0,11
Bièvre,2020-05-29,0,11
Bièvre,2020-05-30,0,11
Bièvre,2020-05-31,0,11
Bièvre,2020-06-01,1,12
Bièvre,2020-06-02,0,12
Bièvre,2020-06-03,0,12
Bièvre,2020-06-04,0,12
Bièvre,2020-06-05,0,12
Bièvre,2020-06-06,0,12
Bièvre,2020-06-07,0,12
Bièvre,2020-06-08,0,12
Bièvre,2020-06-09,0,12
Bièvre,2020-06-10,0,12
Bièvre,2020-06-11,0,12
Bièvre,2020-06-12,0,12
Bièvre,2020-06-13,0,12
Bièvre,2020-06-14,0,12
Bièvre,2020-06-15,0,12
Bièvre,2020-06-16,0,12
Bièvre,2020-06-17,0,12
Bièvre,2020-06-18,0,12
Bièvre,2020-06-19,0,12
Bièvre,2020-06-20,0,12
Bièvre,2020-06-23,0,12
Bièvre,2020-06-24,0,12
Bièvre,2020-06-25,0,12
Bièvre,2020-06-26,0,12
Bièvre,2020-06-27,0,12
Bièvre,2020-06-30,0,12
Bièvre,2020-07-01,0,12
Bièvre,2020-07-02,0,12
Bièvre,2020-07-03,0,12
Bièvre,2020-07-04,0,12
Bièvre,2020-07-07,0,12
Bièvre,2020-07-08,0,12
Bièvre,2020-07-09,0,12
Bièvre,2020-07-10,0,12
Bièvre,2020-07-11,0,12
Bièvre,2020-07-14,0,12
Bièvre,2020-07-15,0,12
Bièvre,2020-07-16,0,12
Bièvre,2020-07-17,0,12
Bièvre,2020-07-18,0,12
Bièvre,2020-07-20,0,12
Bièvre,2020-07-21,1,13
Bièvre,2020-07-22,0,13
Bièvre,2020-07-23,0,13
Bièvre,2020-07-24,0,13
Bièvre,2020-07-25,0,13
Bièvre,2020-07-26,1,14
Bièvre,2020-07-27,0,14
Bièvre,2020-07-28,0,14
Bièvre,2020-07-29,0,14
Bièvre,2020-07-30,0,14
Bièvre,2020-07-31,0,14
Ciney,2020-04-01,4,12
Ciney,2020-04-02,7,19
Ciney,2020-04-03,2,21
Ciney,2020-04-04,2,23
Ciney,2020-04-05,1,24
Ciney,2020-04-06,4,28
Ciney,2020-04-07,0,28
Ciney,2020-04-08,1,29
Ciney,2020-04-09,1,30
Ciney,2020-04-10,8,38
Ciney,2020-04-11,1,39
Ciney,2020-04-12,4,43
Ciney,2020-04-13,0,43
Ciney,2020-04-14,1,44
Ciney,2020-04-15,3,47
Ciney,2020-04-16,4,51
Ciney,2020-04-17,0,51
Ciney,2020-04-18,4,55
Ciney,2020-04-19,0,55
Ciney,2020-04-20,5,60
Ciney,2020-04-21,1,61
Ciney,2020-04-22,0,61
Ciney,2020-04-23,5,66
Ciney,2020-04-24,0,66
Ciney,2020-04-25,1,67
Ciney,2020-04-26,1,68
Ciney,2020-04-27,0,68
Ciney,2020-04-28,1,69
Ciney,2020-04-29,0,69
Ciney,2020-04-30,0,69
Ciney,2020-05-01,1,70
Ciney,2020-05-02,2,72
Ciney,2020-05-03,1,73
Ciney,2020-05-04,1,74
Ciney,2020-05-05,2,76
Ciney,2020-05-06,1,77
Ciney,2020-05-07,5,82
Ciney,2020-05-08,0,82
Ciney,2020-05-09,0,82
Ciney,2020-05-10,2,84
Ciney,2020-05-11,0,84
Ciney,2020-05-12,3,87
Ciney,2020-05-13,-2,85
Ciney,2020-05-14,0,85
Ciney,2020-05-15,0,85
Ciney,2020-05-16,0,85
Ciney,2020-05-17,0,85
Ciney,2020-05-18,0,85
Ciney,2020-05-19,0,85
Ciney,2020-05-20,0,85
Ciney,2020-05-21,0,85
Ciney,2020-05-22,0,85
Ciney,2020-05-23,0,85
Ciney,2020-05-24,0,85
Ciney,2020-05-25,0,85
Ciney,2020-05-26,0,85
Ciney,2020-05-27,0,85
Ciney,2020-05-28,0,85
Ciney,2020-05-29,0,85
Ciney,2020-05-30,0,85
Ciney,2020-05-31,0,85
Ciney,2020-06-01,0,85
Ciney,2020-06-02,0,85
Ciney,2020-06-03,0,85
Ciney,2020-06-04,0,85
Ciney,2020-06-05,0,85
Ciney,2020-06-06,0,85
Ciney,2020-06-07,0,85
Ciney,2020-06-08,0,85
Ciney,2020-06-09,0,85
Ciney,2020-06-10,0,85
Ciney,2020-06-11,0,85
Ciney,2020-06-12,1,86
Ciney,2020-06-13,0,86
Ciney,2020-06-14,0,86
Ciney,2020-06-15,0,86
Ciney,2020-06-16,0,86
Ciney,2020-06-17,0,86
Ciney,2020-06-18,0,86
Ciney,2020-06-19,0,86
Ciney,2020-06-20,0,86
Ciney,2020-06-23,0,86
Ciney,2020-06-24,0,86
Ciney,2020-06-25,0,86
Ciney,2020-06-26,0,86
Ciney,2020-06-27,0,86
Ciney,2020-06-30,0,86
Ciney,2020-07-01,0,86
Ciney,2020-07-02,0,86
Ciney,2020-07-03,0,86
Ciney,2020-07-04,0,86
Ciney,2020-07-07,0,86
Ciney,2020-07-08,0,86
Ciney,2020-07-09,0,86
Ciney,2020-07-10,0,86
Ciney,2020-07-11,0,86
Ciney,2020-07-14,0,86
Ciney,2020-07-15,0,86
Ciney,2020-07-16,0,86
Ciney,2020-07-17,1,87
Ciney,2020-07-18,0,87
Ciney,2020-07-20,2,89
Ciney,2020-07-21,0,89
Ciney,2020-07-22,0,89
Ciney,2020-07-23,1,90
Ciney,2020-07-24,0,90
Ciney,2020-07-25,0,90
Ciney,2020-07-26,0,90
Ciney,2020-07-27,0,90
Ciney,2020-07-28,0,90
Ciney,2020-07-29,0,90
Ciney,2020-07-30,0,90
Ciney,2020-07-31,0,90
Dinant,2020-04-01,0,0
Dinant,2020-04-02,0,0
Dinant,2020-04-03,0,0
Dinant,2020-04-04,0,0
Dinant,2020-04-05,0,0
Dinant,2020-04-06,5,5
Dinant,2020-04-07,0,5
Dinant,2020-04-08,2,7
Dinant,2020-04-09,0,7
Dinant,2020-04-10,3,10
Dinant,2020-04-11,0,10
Dinant,2020-04-12,3,13
Dinant,2020-04-13,0,13
Dinant,2020-04-14,0,13
Dinant,2020-04-15,1,14
Dinant,2020-04-16,4,18
Dinant,2020-04-17,0,18
Dinant,2020-04-18,1,19
Dinant,2020-04-19,0,19
Dinant,2020-04-20,0,19
Dinant,2020-04-21,0,19
Dinant,2020-04-22,2,21
Dinant,2020-04-23,0,21
Dinant,2020-04-24,1,22
Dinant,2020-04-25,0,22
Dinant,2020-04-26,0,22
Dinant,2020-04-27,0,22
Dinant,2020-04-28,0,22
Dinant,2020-04-29,1,23
Dinant,2020-04-30,1,24
Dinant,2020-05-01,2,26
Dinant,2020-05-02,1,27
Dinant,2020-05-03,0,27
Dinant,2020-05-04,0,27
Dinant,2020-05-05,1,28
Dinant,2020-05-06,3,31
Dinant,2020-05-07,0,31
Dinant,2020-05-08,0,31
Dinant,2020-05-09,0,31
Dinant,2020-05-10,1,32
Dinant,2020-05-11,0,32
Dinant,2020-05-12,1,33
Dinant,2020-05-13,-1,32
Dinant,2020-05-14,0,32
Dinant,2020-05-15,0,32
Dinant,2020-05-16,0,32
Dinant,2020-05-17,0,32
Dinant,2020-05-18,1,33
Dinant,2020-05-19,0,33
Dinant,2020-05-20,0,33
Dinant,2020-05-21,0,33
Dinant,2020-05-22,0,33
Dinant,2020-05-23,0,33
Dinant,2020-05-24,0,33
Dinant,2020-05-25,0,33
Dinant,2020-05-26,0,33
Dinant,2020-05-27,0,33
Dinant,2020-05-28,2,35
Dinant,2020-05-29,0,35
Dinant,2020-05-30,1,36
Dinant,2020-05-31,0,36
Dinant,2020-06-01,0,36
Dinant,2020-06-02,0,36
Dinant,2020-06-03,0,36
Dinant,2020-06-04,0,36
Dinant,2020-06-05,1,37
Dinant,2020-06-06,0,37
Dinant,2020-06-07,0,37
Dinant,2020-06-08,0,37
Dinant,2020-06-09,0,37
Dinant,2020-06-10,0,37
Dinant,2020-06-11,0,37
Dinant,2020-06-12,0,37
Dinant,2020-06-13,0,37
Dinant,2020-06-14,0,37
Dinant,2020-06-15,0,37
Dinant,2020-06-16,0,37
Dinant,2020-06-17,0,37
Dinant,2020-06-18,0,37
Dinant,2020-06-19,0,37
Dinant,2020-06-20,0,37
Dinant,2020-06-23,0,37
Dinant,2020-06-24,0,37
Dinant,2020-06-25,0,37
Dinant,2020-06-26,0,37
Dinant,2020-06-27,1,38
Dinant,2020-06-30,0,38
Dinant,2020-07-01,0,38
Dinant,2020-07-02,0,38
Dinant,2020-07-03,0,38
Dinant,2020-07-04,0,38
Dinant,2020-07-07,0,38
Dinant,2020-07-08,0,38
Dinant,2020-07-09,0,38
Dinant,2020-07-10,0,38
Dinant,2020-07-11,0,38
Dinant,2020-07-14,0,38
Dinant,2020-07-15,0,38
Dinant,2020-07-16,0,38
Dinant,2020-07-17,0,38
Dinant,2020-07-18,0,38
Dinant,2020-07-20,0,38
Dinant,2020-07-21,0,38
Dinant,2020-07-22,0,38
Dinant,2020-07-23,0,38
Dinant,2020-07-24,0,38
Dinant,2020-07-25,0,38
Dinant,2020-07-26,0,38
Dinant,2020-07-27,0,38
Dinant,2020-07-28,0,38
Dinant,2020-07-29,0,38
Dinant,2020-07-30,1,39
Dinant,2020-07-31,1,40
Gedinne,2020-04-01,0,0
Gedinne,2020-04-02,0,0
Gedinne,2020-04-03,0,0
Gedinne,2020-04-04,0,0
Gedinne,2020-04-05,0,0
Gedinne,2020-04-06,0,0
Gedinne,2020-04-07,0,0
Gedinne,2020-04-08,0,0
Gedinne,2020-04-09,0,0
Gedinne,2020-04-10,0,0
Gedinne,2020-04-11,0,0
Gedinne,2020-04-12,0,0
Gedinne,2020-04-13,0,0
Gedinne,2020-04-14,0,0
Gedinne,2020-04-15,0,0
Gedinne,2020-04-16,0,0
Gedinne,2020-04-17,0,0
Gedinne,2020-04-18,0,0
Gedinne,2020-04-19,0,0
Gedinne,2020-04-20,0,0
Gedinne,2020-04-21,0,0
Gedinne,2020-04-22,0,0
Gedinne,2020-04-23,0,0
Gedinne,2020-04-24,0,0
Gedinne,2020-04-25,0,0
Gedinne,2020-04-26,0,0
Gedinne,2020-04-27,0,0
Gedinne,2020-04-28,0,0
Gedinne,2020-04-29,0,0
Gedinne,2020-04-30,0,0
Gedinne,2020-05-01,0,0
Gedinne,2020-05-02,0,0
Gedinne,2020-05-03,0,0
Gedinne,2020-05-04,0,0
Gedinne,2020-05-05,0,0
Gedinne,2020-05-06,0,0
Gedinne,2020-05-07,0,0
Gedinne,2020-05-08,0,0
Gedinne,2020-05-09,0,0
Gedinne,2020-05-10,0,0
Gedinne,2020-05-11,0,0
Gedinne,2020-05-12,0,0
Gedinne,2020-05-13,0,0
Gedinne,2020-05-14,0,0
Gedinne,2020-05-15,0,0
Gedinne,2020-05-16,0,0
Gedinne,2020-05-17,0,0
Gedinne,2020-05-18,0,0
Gedinne,2020-05-19,0,0
Gedinne,2020-05-20,0,0
Gedinne,2020-05-21,0,0
Gedinne,2020-05-22,0,0
Gedinne,2020-05-23,0,0
Gedinne,2020-05-24,0,0
Gedinne,2020-05-25,0,0
Gedinne,2020-05-26,0,0
Gedinne,2020-05-27,0,0
Gedinne,2020-05-28,0,0
Gedinne,2020-05-29,0,0
Gedinne,2020-05-30,0,0
Gedinne,2020-05-31,0,0
Gedinne,2020-06-01,0,0
Gedinne,2020-06-02,0,0
Gedinne,2020-06-03,0,0
Gedinne,2020-06-04,0,0
Gedinne,2020-06-05,0,0
Gedinne,2020-06-06,0,0
Gedinne,2020-06-07,0,0
Gedinne,2020-06-08,0,0
Gedinne,2020-06-09,0,0
Gedinne,2020-06-10,0,0
Gedinne,2020-06-11,0,0
Gedinne,2020-06-12,0,0
Gedinne,2020-06-13,0,0
Gedinne,2020-06-14,0,0
Gedinne,2020-06-15,0,0
Gedinne,2020-06-16,0,0
Gedinne,2020-06-17,0,0
Gedinne,2020-06-18,0,0
Gedinne,2020-06-19,0,0
Gedinne,2020-06-20,0,0
Gedinne,2020-06-23,0,0
Gedinne,2020-06-24,0,0
Gedinne,2020-06-25,0,0
Gedinne,2020-06-26,0,0
Gedinne,2020-06-27,0,0
Gedinne,2020-06-30,0,0
Gedinne,2020-07-01,0,0
Gedinne,2020-07-02,0,0
Gedinne,2020-07-03,0,0
Gedinne,2020-07-04,0,0
Gedinne,2020-07-07,0,0
Gedinne,2020-07-08,0,0
Gedinne,2020-07-09,5,5
Gedinne,2020-07-10,0,5
Gedinne,2020-07-11,0,5
Gedinne,2020-07-14,0,5
Gedinne,2020-07-15,0,5
Gedinne,2020-07-16,0,5
Gedinne,2020-07-17,0,5
Gedinne,2020-07-18,0,5
Gedinne,2020-07-20,0,5
Gedinne,2020-07-21,0,5
Gedinne,2020-07-22,0,5
Gedinne,2020-07-23,0,5
Gedinne,2020-07-24,0,5
Gedinne,2020-07-25,0,5
Gedinne,2020-07-26,0,5
Gedinne,2020-07-27,0,5
Gedinne,2020-07-28,0,5
Gedinne,2020-07-29,0,5
Gedinne,2020-07-30,0,5
Gedinne,2020-07-31,0,5
Hamois,2020-04-01,0,5
Hamois,2020-04-02,2,7
Hamois,2020-04-03,2,9
Hamois,2020-04-04,2,11
Hamois,2020-04-05,0,11
Hamois,2020-04-06,0,11
Hamois,2020-04-07,0,11
Hamois,2020-04-08,2,13
Hamois,2020-04-09,0,13
Hamois,2020-04-10,0,13
Hamois,2020-04-11,0,13
Hamois,2020-04-12,3,16
Hamois,2020-04-13,0,16
Hamois,2020-04-14,0,16
Hamois,2020-04-15,0,16
Hamois,2020-04-16,4,20
Hamois,2020-04-17,1,21
Hamois,2020-04-18,0,21
Hamois,2020-04-19,0,21
Hamois,2020-04-20,1,22
Hamois,2020-04-21,2,24
Hamois,2020-04-22,1,25
Hamois,2020-04-23,6,31
Hamois,2020-04-24,0,31
Hamois,2020-04-25,-2,29
Hamois,2020-04-26,0,29
Hamois,2020-04-27,0,29
Hamois,2020-04-28,0,29
Hamois,2020-04-29,0,29
Hamois,2020-04-30,1,30
Hamois,2020-05-01,0,30
Hamois,2020-05-02,0,30
Hamois,2020-05-03,1,31
Hamois,2020-05-04,0,31
Hamois,2020-05-05,0,31
Hamois,2020-05-06,0,31
Hamois,2020-05-07,0,31
Hamois,2020-05-08,0,31
Hamois,2020-05-09,0,31
Hamois,2020-05-10,0,31
Hamois,2020-05-11,0,31
Hamois,2020-05-12,0,31
Hamois,2020-05-13,0,31
Hamois,2020-05-14,0,31
Hamois,2020-05-15,1,32
Hamois,2020-05-16,0,32
Hamois,2020-05-17,0,32
Hamois,2020-05-18,0,32
Hamois,2020-05-19,0,32
Hamois,2020-05-20,0,32
Hamois,2020-05-21,0,32
Hamois,2020-05-22,1,33
Hamois,2020-05-23,0,33
Hamois,2020-05-24,0,33
Hamois,2020-05-25,0,33
Hamois,2020-05-26,0,33
Hamois,2020-05-27,1,34
Hamois,2020-05-28,0,34
Hamois,2020-05-29,0,34
Hamois,2020-05-30,0,34
Hamois,2020-05-31,0,34
Hamois,2020-06-01,0,34
Hamois,2020-06-02,0,34
Hamois,2020-06-03,0,34
Hamois,2020-06-04,0,34
Hamois,2020-06-05,0,34
Hamois,2020-06-06,0,34
Hamois,2020-06-07,1,35
Hamois,2020-06-08,0,35
Hamois,2020-06-09,0,35
Hamois,2020-06-10,0,35
Hamois,2020-06-11,0,35
Hamois,2020-06-12,0,35
Hamois,2020-06-13,0,35
Hamois,2020-06-14,0,35
Hamois,2020-06-15,0,35
Hamois,2020-06-16,0,35
Hamois,2020-06-17,0,35
Hamois,2020-06-18,0,35
Hamois,2020-06-19,0,35
Hamois,2020-06-20,0,35
Hamois,2020-06-23,0,35
Hamois,2020-06-24,0,35
Hamois,2020-06-25,0,35
Hamois,2020-06-26,0,35
Hamois,2020-06-27,0,35
Hamois,2020-06-30,0,35
Hamois,2020-07-01,0,35
Hamois,2020-07-02,0,35
Hamois,2020-07-03,0,35
Hamois,2020-07-04,0,35
Hamois,2020-07-07,0,35
Hamois,2020-07-08,0,35
Hamois,2020-07-09,0,35
Hamois,2020-07-10,0,35
Hamois,2020-07-11,0,35
Hamois,2020-07-14,0,35
Hamois,2020-07-15,0,35
Hamois,2020-07-16,0,35
Hamois,2020-07-17,0,35
Hamois,2020-07-18,0,35
Hamois,2020-07-20,0,35
Hamois,2020-07-21,0,35
Hamois,2020-07-22,0,35
Hamois,2020-07-23,0,35
Hamois,2020-07-24,0,35
Hamois,2020-07-25,0,35
Hamois,2020-07-26,0,35
Hamois,2020-07-27,0,35
Hamois,2020-07-28,1,36
Hamois,2020-07-29,0,36
Hamois,2020-07-30,0,36
Hamois,2020-07-31,0,36
Havelange,2020-04-01,0,9
Havelange,2020-04-02,0,9
Havelange,2020-04-03,0,9
Havelange,2020-04-04,2,11
Havelange,2020-04-05,0,11
Havelange,2020-04-06,2,13
Havelange,2020-04-07,2,15
Havelange,2020-04-08,1,16
Havelange,2020-04-09,0,16
Havelange,2020-04-10,0,16
Havelange,2020-04-11,1,17
Havelange,2020-04-12,0,17
Havelange,2020-04-13,1,18
Havelange,2020-04-14,0,18
Havelange,2020-04-15,3,21
Havelange,2020-04-16,0,21
Havelange,2020-04-17,1,22
Havelange,2020-04-18,0,22
Havelange,2020-04-19,1,23
Havelange,2020-04-20,0,23
Havelange,2020-04-21,0,23
Havelange,2020-04-22,2,25
Havelange,2020-04-23,0,25
Havelange,2020-04-24,0,25
Havelange,2020-04-25,0,25
Havelange,2020-04-26,0,25
Havelange,2020-04-27,0,25
Havelange,2020-04-28,0,25
Havelange,2020-04-29,0,25
Havelange,2020-04-30,0,25
Havelange,2020-05-01,0,25
Havelange,2020-05-02,0,25
Havelange,2020-05-03,0,25
Havelange,2020-05-04,1,26
Havelange,2020-05-05,0,26
Havelange,2020-05-06,0,26
Havelange,2020-05-07,0,26
Havelange,2020-05-08,0,26
Havelange,2020-05-09,1,27
Havelange,2020-05-10,0,27
Havelange,2020-05-11,1,28
Havelange,2020-05-12,0,28
Havelange,2020-05-13,0,28
Havelange,2020-05-14,0,28
Havelange,2020-05-15,0,28
Havelange,2020-05-16,0,28
Havelange,2020-05-17,0,28
Havelange,2020-05-18,0,28
Havelange,2020-05-19,0,28
Havelange,2020-05-20,0,28
Havelange,2020-05-21,0,28
Havelange,2020-05-22,0,28
Havelange,2020-05-23,0,28
Havelange,2020-05-24,0,28
Havelange,2020-05-25,0,28
Havelange,2020-05-26,0,28
Havelange,2020-05-27,0,28
Havelange,2020-05-28,0,28
Havelange,2020-05-29,0,28
Havelange,2020-05-30,0,28
Havelange,2020-05-31,0,28
Havelange,2020-06-01,0,28
Havelange,2020-06-02,0,28
Havelange,2020-06-03,0,28
Havelange,2020-06-04,0,28
Havelange,2020-06-05,0,28
Havelange,2020-06-06,0,28
Havelange,2020-06-07,0,28
Havelange,2020-06-08,0,28
Havelange,2020-06-09,0,28
Havelange,2020-06-10,0,28
Havelange,2020-06-11,0,28
Havelange,2020-06-12,0,28
Havelange,2020-06-13,0,28
Havelange,2020-06-14,0,28
Havelange,2020-06-15,0,28
Havelange,2020-06-16,0,28
Havelange,2020-06-17,0,28
Havelange,2020-06-18,0,28
Havelange,2020-06-19,0,28
Havelange,2020-06-20,0,28
Havelange,2020-06-23,0,28
Havelange,2020-06-24,0,28
Havelange,2020-06-25,0,28
Havelange,2020-06-26,0,28
Havelange,2020-06-27,0,28
Havelange,2020-06-30,0,28
Havelange,2020-07-01,0,28
Havelange,2020-07-02,0,28
Havelange,2020-07-03,0,28
Havelange,2020-07-04,0,28
Havelange,2020-07-07,0,28
Havelange,2020-07-08,0,28
Havelange,2020-07-09,0,28
Havelange,2020-07-10,0,28
Havelange,2020-07-11,0,28
Havelange,2020-07-14,0,28
Havelange,2020-07-15,0,28
Havelange,2020-07-16,0,28
Havelange,2020-07-17,0,28
Havelange,2020-07-18,0,28
Havelange,2020-07-20,0,28
Havelange,2020-07-21,0,28
Havelange,2020-07-22,0,28
Havelange,2020-07-23,1,29
Havelange,2020-07-24,0,29
Havelange,2020-07-25,0,29
Havelange,2020-07-26,0,29
Havelange,2020-07-27,0,29
Havelange,2020-07-28,0,29
Havelange,2020-07-29,0,29
Havelange,2020-07-30,0,29
Havelange,2020-07-31,0,29
Houyet,2020-04-01,0,0
Houyet,2020-04-02,0,0
Houyet,2020-04-03,0,0
Houyet,2020-04-04,0,0
Houyet,2020-04-05,0,0
Houyet,2020-04-06,0,0
Houyet,2020-04-07,0,0
Houyet,2020-04-08,6,6
Houyet,2020-04-09,0,6
Houyet,2020-04-10,1,7
Houyet,2020-04-11,0,7
Houyet,2020-04-12,2,9
Houyet,2020-04-13,0,9
Houyet,2020-04-14,0,9
Houyet,2020-04-15,0,9
Houyet,2020-04-16,0,9
Houyet,2020-04-17,0,9
Houyet,2020-04-18,0,9
Houyet,2020-04-19,0,9
Houyet,2020-04-20,0,9
Houyet,2020-04-21,0,9
Houyet,2020-04-22,1,10
Houyet,2020-04-23,0,10
Houyet,2020-04-24,0,10
Houyet,2020-04-25,0,10
Houyet,2020-04-26,0,10
Houyet,2020-04-27,0,10
Houyet,2020-04-28,0,10
Houyet,2020-04-29,0,10
Houyet,2020-04-30,0,10
Houyet,2020-05-01,0,10
Houyet,2020-05-02,0,10
Houyet,2020-05-03,0,10
Houyet,2020-05-04,0,10
Houyet,2020-05-05,0,10
Houyet,2020-05-06,0,10
Houyet,2020-05-07,0,10
Houyet,2020-05-08,0,10
Houyet,2020-05-09,0,10
Houyet,2020-05-10,0,10
Houyet,2020-05-11,0,10
Houyet,2020-05-12,0,10
Houyet,2020-05-13,0,10
Houyet,2020-05-14,0,10
Houyet,2020-05-15,0,10
Houyet,2020-05-16,0,10
Houyet,2020-05-17,0,10
Houyet,2020-05-18,0,10
Houyet,2020-05-19,0,10
Houyet,2020-05-20,0,10
Houyet,2020-05-21,0,10
Houyet,2020-05-22,0,10
Houyet,2020-05-23,0,10
Houyet,2020-05-24,0,10
Houyet,2020-05-25,0,10
Houyet,2020-05-26,0,10
Houyet,2020-05-27,0,10
Houyet,2020-05-28,0,10
Houyet,2020-05-29,0,10
Houyet,2020-05-30,0,10
Houyet,2020-05-31,0,10
Houyet,2020-06-01,0,10
Houyet,2020-06-02,0,10
Houyet,2020-06-03,0,10
Houyet,2020-06-04,0,10
Houyet,2020-06-05,0,10
Houyet,2020-06-06,0,10
Houyet,2020-06-07,0,10
Houyet,2020-06-08,0,10
Houyet,2020-06-09,0,10
Houyet,2020-06-10,0,10
Houyet,2020-06-11,0,10
Houyet,2020-06-12,0,10
Houyet,2020-06-13,0,10
Houyet,2020-06-14,0,10
Houyet,2020-06-15,0,10
Houyet,2020-06-16,0,10
Houyet,2020-06-17,0,10
Houyet,2020-06-18,0,10
Houyet,2020-06-19,0,10
Houyet,2020-06-20,0,10
Houyet,2020-06-23,0,10
Houyet,2020-06-24,0,10
Houyet,2020-06-25,0,10
Houyet,2020-06-26,0,10
Houyet,2020-06-27,0,10
Houyet,2020-06-30,0,10
Houyet,2020-07-01,0,10
Houyet,2020-07-02,0,10
Houyet,2020-07-03,0,10
Houyet,2020-07-04,0,10
Houyet,2020-07-07,0,10
Houyet,2020-07-08,0,10
Houyet,2020-07-09,0,10
Houyet,2020-07-10,0,10
Houyet,2020-07-11,0,10
Houyet,2020-07-14,0,10
Houyet,2020-07-15,0,10
Houyet,2020-07-16,0,10
Houyet,2020-07-17,0,10
Houyet,2020-07-18,0,10
Houyet,2020-07-20,0,10
Houyet,2020-07-21,0,10
Houyet,2020-07-22,0,10
Houyet,2020-07-23,0,10
Houyet,2020-07-24,0,10
Houyet,2020-07-25,0,10
Houyet,2020-07-26,0,10
Houyet,2020-07-27,0,10
Houyet,2020-07-28,0,10
Houyet,2020-07-29,0,10
Houyet,2020-07-30,0,10
Houyet,2020-07-31,1,11
Onhaye,2020-04-01,1,6
Onhaye,2020-04-02,1,7
Onhaye,2020-04-03,0,7
Onhaye,2020-04-04,0,7
Onhaye,2020-04-05,0,7
Onhaye,2020-04-06,4,11
Onhaye,2020-04-07,0,11
Onhaye,2020-04-08,1,12
Onhaye,2020-04-09,0,12
Onhaye,2020-04-10,2,14
Onhaye,2020-04-11,0,14
Onhaye,2020-04-12,0,14
Onhaye,2020-04-13,0,14
Onhaye,2020-04-14,0,14
Onhaye,2020-04-15,0,14
Onhaye,2020-04-16,0,14
Onhaye,2020-04-17,0,14
Onhaye,2020-04-18,0,14
Onhaye,2020-04-19,0,14
Onhaye,2020-04-20,1,15
Onhaye,2020-04-21,1,16
Onhaye,2020-04-22,1,17
Onhaye,2020-04-23,0,17
Onhaye,2020-04-24,0,17
Onhaye,2020-04-25,1,18
Onhaye,2020-04-26,0,18
Onhaye,2020-04-27,0,18
Onhaye,2020-04-28,0,18
Onhaye,2020-04-29,0,18
Onhaye,2020-04-30,0,18
Onhaye,2020-05-01,0,18
Onhaye,2020-05-02,0,18
Onhaye,2020-05-03,0,18
Onhaye,2020-05-04,0,18
Onhaye,2020-05-05,0,18
Onhaye,2020-05-06,0,18
Onhaye,2020-05-07,2,20
Onhaye,2020-05-08,0,20
Onhaye,2020-05-09,0,20
Onhaye,2020-05-10,1,21
Onhaye,2020-05-11,0,21
Onhaye,2020-05-12,0,21
Onhaye,2020-05-13,0,21
Onhaye,2020-05-14,0,21
Onhaye,2020-05-15,0,21
Onhaye,2020-05-16,0,21
Onhaye,2020-05-17,0,21
Onhaye,2020-05-18,0,21
Onhaye,2020-05-19,0,21
Onhaye,2020-05-20,0,21
Onhaye,2020-05-21,0,21
Onhaye,2020-05-22,0,21
Onhaye,2020-05-23,0,21
Onhaye,2020-05-24,0,21
Onhaye,2020-05-25,0,21
Onhaye,2020-05-26,0,21
Onhaye,2020-05-27,0,21
Onhaye,2020-05-28,0,21
Onhaye,2020-05-29,0,21
Onhaye,2020-05-30,0,21
Onhaye,2020-05-31,0,21
Onhaye,2020-06-01,0,21
Onhaye,2020-06-02,0,21
Onhaye,2020-06-03,0,21
Onhaye,2020-06-04,1,22
Onhaye,2020-06-05,0,22
Onhaye,2020-06-06,0,22
Onhaye,2020-06-07,0,22
Onhaye,2020-06-08,0,22
Onhaye,2020-06-09,0,22
Onhaye,2020-06-10,0,22
Onhaye,2020-06-11,0,22
Onhaye,2020-06-12,0,22
Onhaye,2020-06-13,0,22
Onhaye,2020-06-14,0,22
Onhaye,2020-06-15,0,22
Onhaye,2020-06-16,0,22
Onhaye,2020-06-17,0,22
Onhaye,2020-06-18,0,22
Onhaye,2020-06-19,0,22
Onhaye,2020-06-20,0,22
Onhaye,2020-06-23,0,22
Onhaye,2020-06-24,0,22
Onhaye,2020-06-25,0,22
Onhaye,2020-06-26,0,22
Onhaye,2020-06-27,0,22
Onhaye,2020-06-30,0,22
Onhaye,2020-07-01,0,22
Onhaye,2020-07-02,0,22
Onhaye,2020-07-03,0,22
Onhaye,2020-07-04,0,22
Onhaye,2020-07-07,0,22
Onhaye,2020-07-08,0,22
Onhaye,2020-07-09,0,22
Onhaye,2020-07-10,0,22
Onhaye,2020-07-11,0,22
Onhaye,2020-07-14,0,22
Onhaye,2020-07-15,0,22
Onhaye,2020-07-16,0,22
Onhaye,2020-07-17,0,22
Onhaye,2020-07-18,0,22
Onhaye,2020-07-20,0,22
Onhaye,2020-07-21,0,22
Onhaye,2020-07-22,0,22
Onhaye,2020-07-23,0,22
Onhaye,2020-07-24,0,22
Onhaye,2020-07-25,0,22
Onhaye,2020-07-26,0,22
Onhaye,2020-07-27,0,22
Onhaye,2020-07-28,0,22
Onhaye,2020-07-29,0,22
Onhaye,2020-07-30,0,22
Onhaye,2020-07-31,0,22
Rochefort,2020-04-01,2,11
Rochefort,2020-04-02,0,11
Rochefort,2020-04-03,0,11
Rochefort,2020-04-04,0,11
Rochefort,2020-04-05,1,12
Rochefort,2020-04-06,0,12
Rochefort,2020-04-07,0,12
Rochefort,2020-04-08,0,12
Rochefort,2020-04-09,3,15
Rochefort,2020-04-10,2,17
Rochefort,2020-04-11,2,19
Rochefort,2020-04-12,2,21
Rochefort,2020-04-13,0,21
Rochefort,2020-04-14,1,22
Rochefort,2020-04-15,2,24
Rochefort,2020-04-16,0,24
Rochefort,2020-04-17,1,25
Rochefort,2020-04-18,0,25
Rochefort,2020-04-19,0,25
Rochefort,2020-04-20,0,25
Rochefort,2020-04-21,0,25
Rochefort,2020-04-22,3,28
Rochefort,2020-04-23,1,29
Rochefort,2020-04-24,2,31
Rochefort,2020-04-25,1,32
Rochefort,2020-04-26,0,32
Rochefort,2020-04-27,0,32
Rochefort,2020-04-28,0,32
Rochefort,2020-04-29,0,32
Rochefort,2020-04-30,2,34
Rochefort,2020-05-01,0,34
Rochefort,2020-05-02,1,35
Rochefort,2020-05-03,0,35
Rochefort,2020-05-04,0,35
Rochefort,2020-05-05,0,35
Rochefort,2020-05-06,0,35
Rochefort,2020-05-07,0,35
Rochefort,2020-05-08,0,35
Rochefort,2020-05-09,0,35
Rochefort,2020-05-10,2,37
Rochefort,2020-05-11,0,37
Rochefort,2020-05-12,1,38
Rochefort,2020-05-13,1,39
Rochefort,2020-05-14,0,39
Rochefort,2020-05-15,0,39
Rochefort,2020-05-16,0,39
Rochefort,2020-05-17,0,39
Rochefort,2020-05-18,0,39
Rochefort,2020-05-19,0,39
Rochefort,2020-05-20,0,39
Rochefort,2020-05-21,0,39
Rochefort,2020-05-22,0,39
Rochefort,2020-05-23,2,41
Rochefort,2020-05-24,0,41
Rochefort,2020-05-25,0,41
Rochefort,2020-05-26,0,41
Rochefort,2020-05-27,0,41
Rochefort,2020-05-28,0,41
Rochefort,2020-05-29,1,42
Rochefort,2020-05-30,0,42
Rochefort,2020-05-31,0,42
Rochefort,2020-06-01,0,42
Rochefort,2020-06-02,0,42
Rochefort,2020-06-03,0,42
Rochefort,2020-06-04,0,42
Rochefort,2020-06-05,1,43
Rochefort,2020-06-06,0,43
Rochefort,2020-06-07,0,43
Rochefort,2020-06-08,0,43
Rochefort,2020-06-09,0,43
Rochefort,2020-06-10,0,43
Rochefort,2020-06-11,0,43
Rochefort,2020-06-12,0,43
Rochefort,2020-06-13,0,43
Rochefort,2020-06-14,0,43
Rochefort,2020-06-15,1,44
Rochefort,2020-06-16,0,44
Rochefort,2020-06-17,0,44
Rochefort,2020-06-18,0,44
Rochefort,2020-06-19,0,44
Rochefort,2020-06-20,0,44
Rochefort,2020-06-23,1,45
Rochefort,2020-06-24,0,45
Rochefort,2020-06-25,0,45
Rochefort,2020-06-26,0,45
Rochefort,2020-06-27,0,45
Rochefort,2020-06-30,0,45
Rochefort,2020-07-01,0,45
Rochefort,2020-07-02,0,45
Rochefort,2020-07-03,0,45
Rochefort,2020-07-04,0,45
Rochefort,2020-07-07,0,45
Rochefort,2020-07-08,0,45
Rochefort,2020-07-09,0,45
Rochefort,2020-07-10,0,45
Rochefort,2020-07-11,0,45
Rochefort,2020-07-14,0,45
Rochefort,2020-07-15,0,45
Rochefort,2020-07-16,0,45
Rochefort,2020-07-17,0,45
Rochefort,2020-07-18,0,45
Rochefort,2020-07-20,0,45
Rochefort,2020-07-21,0,45
Rochefort,2020-07-22,0,45
Rochefort,2020-07-23,0,45
Rochefort,2020-07-24,0,45
Rochefort,2020-07-25,0,45
Rochefort,2020-07-26,0,45
Rochefort,2020-07-27,0,45
Rochefort,2020-07-28,0,45
Rochefort,2020-07-29,0,45
Rochefort,2020-07-30,0,45
Rochefort,2020-07-31,0,45
Somme-Leuze,2020-04-01,0,0
Somme-Leuze,2020-04-02,6,6
Somme-Leuze,2020-04-03,1,7
Somme-Leuze,2020-04-04,2,9
Somme-Leuze,2020-04-05,1,10
Somme-Leuze,2020-04-06,1,11
Somme-Leuze,2020-04-07,0,11
Somme-Leuze,2020-04-08,0,11
Somme-Leuze,2020-04-09,0,11
Somme-Leuze,2020-04-10,0,11
Somme-Leuze,2020-04-11,0,11
Somme-Leuze,2020-04-12,0,11
Somme-Leuze,2020-04-13,0,11
Somme-Leuze,2020-04-14,0,11
Somme-Leuze,2020-04-15,1,12
Somme-Leuze,2020-04-16,0,12
Somme-Leuze,2020-04-17,0,12
Somme-Leuze,2020-04-18,0,12
Somme-Leuze,2020-04-19,0,12
Somme-Leuze,2020-04-20,0,12
Somme-Leuze,2020-04-21,0,12
Somme-Leuze,2020-04-22,0,12
Somme-Leuze,2020-04-23,1,13
Somme-Leuze,2020-04-24,0,13
Somme-Leuze,2020-04-25,1,14
Somme-Leuze,2020-04-26,0,14
Somme-Leuze,2020-04-27,0,14
Somme-Leuze,2020-04-28,0,14
Somme-Leuze,2020-04-29,0,14
Somme-Leuze,2020-04-30,0,14
Somme-Leuze,2020-05-01,1,15
Somme-Leuze,2020-05-02,0,15
Somme-Leuze,2020-05-03,0,15
Somme-Leuze,2020-05-04,0,15
Somme-Leuze,2020-05-05,0,15
Somme-Leuze,2020-05-06,0,15
Somme-Leuze,2020-05-07,0,15
Somme-Leuze,2020-05-08,0,15
Somme-Leuze,2020-05-09,0,15
Somme-Leuze,2020-05-10,0,15
Somme-Leuze,2020-05-11,0,15
Somme-Leuze,2020-05-12,0,15
Somme-Leuze,2020-05-13,0,15
Somme-Leuze,2020-05-14,0,15
Somme-Leuze,2020-05-15,0,15
Somme-Leuze,2020-05-16,0,15
Somme-Leuze,2020-05-17,0,15
Somme-Leuze,2020-05-18,0,15
Somme-Leuze,2020-05-19,0,15
Somme-Leuze,2020-05-20,0,15
Somme-Leuze,2020-05-21,0,15
Somme-Leuze,2020-05-22,0,15
Somme-Leuze,2020-05-23,0,15
Somme-Leuze,2020-05-24,0,15
Somme-Leuze,2020-05-25,0,15
Somme-Leuze,2020-05-26,0,15
Somme-Leuze,2020-05-27,0,15
Somme-Leuze,2020-05-28,0,15
Somme-Leuze,2020-05-29,0,15
Somme-Leuze,2020-05-30,0,15
Somme-Leuze,2020-05-31,0,15
Somme-Leuze,2020-06-01,1,16
Somme-Leuze,2020-06-02,0,16
Somme-Leuze,2020-06-03,0,16
Somme-Leuze,2020-06-04,0,16
Somme-Leuze,2020-06-05,0,16
Somme-Leuze,2020-06-06,0,16
Somme-Leuze,2020-06-07,0,16
Somme-Leuze,2020-06-08,0,16
Somme-Leuze,2020-06-09,0,16
Somme-Leuze,2020-06-10,0,16
Somme-Leuze,2020-06-11,0,16
Somme-Leuze,2020-06-12,0,16
Somme-Leuze,2020-06-13,0,16
Somme-Leuze,2020-06-14,0,16
Somme-Leuze,2020-06-15,0,16
Somme-Leuze,2020-06-16,0,16
Somme-Leuze,2020-06-17,0,16
Somme-Leuze,2020-06-18,0,16
Somme-Leuze,2020-06-19,0,16
Somme-Leuze,2020-06-20,0,16
Somme-Leuze,2020-06-23,0,16
Somme-Leuze,2020-06-24,0,16
Somme-Leuze,2020-06-25,1,17
Somme-Leuze,2020-06-26,0,17
Somme-Leuze,2020-06-27,0,17
Somme-Leuze,2020-06-30,0,17
Somme-Leuze,2020-07-01,0,17
Somme-Leuze,2020-07-02,0,17
Somme-Leuze,2020-07-03,0,17
Somme-Leuze,2020-07-04,0,17
Somme-Leuze,2020-07-07,0,17
Somme-Leuze,2020-07-08,0,17
Somme-Leuze,2020-07-09,0,17
Somme-Leuze,2020-07-10,0,17
Somme-Leuze,2020-07-11,0,17
Somme-Leuze,2020-07-14,0,17
Somme-Leuze,2020-07-15,0,17
Somme-Leuze,2020-07-16,0,17
Somme-Leuze,2020-07-17,0,17
Somme-Leuze,2020-07-18,0,17
Somme-Leuze,2020-07-20,0,17
Somme-Leuze,2020-07-21,0,17
Somme-Leuze,2020-07-22,0,17
Somme-Leuze,2020-07-23,0,17
Somme-Leuze,2020-07-24,0,17
Somme-Leuze,2020-07-25,0,17
Somme-Leuze,2020-07-26,0,17
Somme-Leuze,2020-07-27,0,17
Somme-Leuze,2020-07-28,0,17
Somme-Leuze,2020-07-29,0,17
Somme-Leuze,2020-07-30,0,17
Somme-Leuze,2020-07-31,0,17
Yvoir,2020-04-01,0,13
Yvoir,2020-04-02,3,16
Yvoir,2020-04-03,1,17
Yvoir,2020-04-04,4,21
Yvoir,2020-04-05,1,22
Yvoir,2020-04-06,2,24
Yvoir,2020-04-07,0,24
Yvoir,2020-04-08,0,24
Yvoir,2020-04-09,0,24
Yvoir,2020-04-10,4,28
Yvoir,2020-04-11,0,28
Yvoir,2020-04-12,7,35
Yvoir,2020-04-13,0,35
Yvoir,2020-04-14,1,36
Yvoir,2020-04-15,2,38
Yvoir,2020-04-16,4,42
Yvoir,2020-04-17,0,42
Yvoir,2020-04-18,1,43
Yvoir,2020-04-19,0,43
Yvoir,2020-04-20,1,44
Yvoir,2020-04-21,1,45
Yvoir,2020-04-22,0,45
Yvoir,2020-04-23,0,45
Yvoir,2020-04-24,2,47
Yvoir,2020-04-25,0,47
Yvoir,2020-04-26,0,47
Yvoir,2020-04-27,0,47
Yvoir,2020-04-28,0,47
Yvoir,2020-04-29,0,47
Yvoir,2020-04-30,1,48
Yvoir,2020-05-01,0,48
Yvoir,2020-05-02,0,48
Yvoir,2020-05-03,0,48
Yvoir,2020-05-04,1,49
Yvoir,2020-05-05,0,49
Yvoir,2020-05-06,0,49
Yvoir,2020-05-07,0,49
Yvoir,2020-05-08,1,50
Yvoir,2020-05-09,0,50
Yvoir,2020-05-10,1,51
Yvoir,2020-05-11,0,51
Yvoir,2020-05-12,1,52
Yvoir,2020-05-13,-1,51
Yvoir,2020-05-14,0,51
Yvoir,2020-05-15,0,51
Yvoir,2020-05-16,1,52
Yvoir,2020-05-17,0,52
Yvoir,2020-05-18,0,52
Yvoir,2020-05-19,0,52
Yvoir,2020-05-20,0,52
Yvoir,2020-05-21,0,52
Yvoir,2020-05-22,0,52
Yvoir,2020-05-23,0,52
Yvoir,2020-05-24,0,52
Yvoir,2020-05-25,0,52
Yvoir,2020-05-26,0,52
Yvoir,2020-05-27,1,53
Yvoir,2020-05-28,0,53
Yvoir,2020-05-29,0,53
Yvoir,2020-05-30,0,53
Yvoir,2020-05-31,0,53
Yvoir,2020-06-01,0,53
Yvoir,2020-06-02,0,53
Yvoir,2020-06-03,0,53
Yvoir,2020-06-04,0,53
Yvoir,2020-06-05,0,53
Yvoir,2020-06-06,0,53
Yvoir,2020-06-07,0,53
Yvoir,2020-06-08,1,54
Yvoir,2020-06-09,0,54
Yvoir,2020-06-10,0,54
Yvoir,2020-06-11,0,54
Yvoir,2020-06-12,0,54
Yvoir,2020-06-13,0,54
Yvoir,2020-06-14,0,54
Yvoir,2020-06-15,0,54
Yvoir,2020-06-16,0,54
Yvoir,2020-06-17,0,54
Yvoir,2020-06-18,0,54
Yvoir,2020-06-19,1,55
Yvoir,2020-06-20,0,55
Yvoir,2020-06-23,0,55
Yvoir,2020-06-24,0,55
Yvoir,2020-06-25,0,55
Yvoir,2020-06-26,0,55
Yvoir,2020-06-27,0,55
Yvoir,2020-06-30,1,56
Yvoir,2020-07-01,0,56
Yvoir,2020-07-02,0,56
Yvoir,2020-07-03,0,56
Yvoir,2020-07-04,0,56
Yvoir,2020-07-07,0,56
Yvoir,2020-07-08,0,56
Yvoir,2020-07-09,0,56
Yvoir,2020-07-10,0,56
Yvoir,2020-07-11,0,56
Yvoir,2020-07-14,0,56
Yvoir,2020-07-15,0,56
Yvoir,2020-07-16,0,56
Yvoir,2020-07-17,0,56
Yvoir,2020-07-18,0,56
Yvoir,2020-07-20,0,56
Yvoir,2020-07-21,0,56
Yvoir,2020-07-22,0,56
Yvoir,2020-07-23,0,56
Yvoir,2020-07-24,0,56
Yvoir,2020-07-25,1,57
Yvoir,2020-07-26,0,57
Yvoir,2020-07-27,0,57
Yvoir,2020-07-28,1,58
Yvoir,2020-07-29,0,58
Yvoir,2020-07-30,0,58
Yvoir,2020-07-31,2,60
Hastière,2020-04-01,0,0
Hastière,2020-04-02,0,0
Hastière,2020-04-03,0,0
Hastière,2020-04-04,0,0
Hastière,2020-04-05,0,0
Hastière,2020-04-06,7,7
Hastière,2020-04-07,0,7
Hastière,2020-04-08,0,7
Hastière,2020-04-09,0,7
Hastière,2020-04-10,3,10
Hastière,2020-04-11,0,10
Hastière,2020-04-12,0,10
Hastière,2020-04-13,0,10
Hastière,2020-04-14,0,10
Hastière,2020-04-15,0,10
Hastière,2020-04-16,0,10
Hastière,2020-04-17,0,10
Hastière,2020-04-18,0,10
Hastière,2020-04-19,1,11
Hastière,2020-04-20,0,11
Hastière,2020-04-21,0,11
Hastière,2020-04-22,0,11
Hastière,2020-04-23,0,11
Hastière,2020-04-24,1,12
Hastière,2020-04-25,0,12
Hastière,2020-04-26,0,12
Hastière,2020-04-27,0,12
Hastière,2020-04-28,0,12
Hastière,2020-04-29,0,12
Hastière,2020-04-30,0,12
Hastière,2020-05-01,0,12
Hastière,2020-05-02,0,12
Hastière,2020-05-03,0,12
Hastière,2020-05-04,0,12
Hastière,2020-05-05,1,13
Hastière,2020-05-06,0,13
Hastière,2020-05-07,0,13
Hastière,2020-05-08,0,13
Hastière,2020-05-09,0,13
Hastière,2020-05-10,0,13
Hastière,2020-05-11,0,13
Hastière,2020-05-12,0,13
Hastière,2020-05-13,0,13
Hastière,2020-05-14,0,13
Hastière,2020-05-15,1,14
Hastière,2020-05-16,0,14
Hastière,2020-05-17,0,14
Hastière,2020-05-18,0,14
Hastière,2020-05-19,0,14
Hastière,2020-05-20,0,14
Hastière,2020-05-21,1,15
Hastière,2020-05-22,0,15
Hastière,2020-05-23,0,15
Hastière,2020-05-24,0,15
Hastière,2020-05-25,0,15
Hastière,2020-05-26,0,15
Hastière,2020-05-27,0,15
Hastière,2020-05-28,0,15
Hastière,2020-05-29,0,15
Hastière,2020-05-30,0,15
Hastière,2020-05-31,0,15
Hastière,2020-06-01,0,15
Hastière,2020-06-02,0,15
Hastière,2020-06-03,0,15
Hastière,2020-06-04,0,15
Hastière,2020-06-05,0,15
Hastière,2020-06-06,0,15
Hastière,2020-06-07,0,15
Hastière,2020-06-08,0,15
Hastière,2020-06-09,0,15
Hastière,2020-06-10,0,15
Hastière,2020-06-11,0,15
Hastière,2020-06-12,0,15
Hastière,2020-06-13,0,15
Hastière,2020-06-14,0,15
Hastière,2020-06-15,0,15
Hastière,2020-06-16,0,15
Hastière,2020-06-17,0,15
Hastière,2020-06-18,0,15
Hastière,2020-06-19,0,15
Hastière,2020-06-20,0,15
Hastière,2020-06-23,0,15
Hastière,2020-06-24,0,15
Hastière,2020-06-25,0,15
Hastière,2020-06-26,0,15
Hastière,2020-06-27,0,15
Hastière,2020-06-30,0,15
Hastière,2020-07-01,0,15
Hastière,2020-07-02,0,15
Hastière,2020-07-03,0,15
Hastière,2020-07-04,0,15
Hastière,2020-07-07,0,15
Hastière,2020-07-08,0,15
Hastière,2020-07-09,0,15
Hastière,2020-07-10,0,15
Hastière,2020-07-11,0,15
Hastière,2020-07-14,0,15
Hastière,2020-07-15,0,15
Hastière,2020-07-16,0,15
Hastière,2020-07-17,0,15
Hastière,2020-07-18,0,15
Hastière,2020-07-20,0,15
Hastière,2020-07-21,0,15
Hastière,2020-07-22,0,15
Hastière,2020-07-23,0,15
Hastière,2020-07-24,0,15
Hastière,2020-07-25,0,15
Hastière,2020-07-26,0,15
Hastière,2020-07-27,0,15
Hastière,2020-07-28,0,15
Hastière,2020-07-29,0,15
Hastière,2020-07-30,0,15
Hastière,2020-07-31,0,15
Andenne,2020-04-01,0,28
Andenne,2020-04-02,3,31
Andenne,2020-04-03,3,34
Andenne,2020-04-04,4,38
Andenne,2020-04-05,2,40
Andenne,2020-04-06,1,41
Andenne,2020-04-07,0,41
Andenne,2020-04-08,5,46
Andenne,2020-04-09,4,50
Andenne,2020-04-10,4,54
Andenne,2020-04-11,0,54
Andenne,2020-04-12,3,57
Andenne,2020-04-13,0,57
Andenne,2020-04-14,3,60
Andenne,2020-04-15,3,63
Andenne,2020-04-16,1,64
Andenne,2020-04-17,3,67
Andenne,2020-04-18,3,70
Andenne,2020-04-19,3,73
Andenne,2020-04-20,9,82
Andenne,2020-04-21,0,82
Andenne,2020-04-22,1,83
Andenne,2020-04-23,8,91
Andenne,2020-04-24,1,92
Andenne,2020-04-25,0,92
Andenne,2020-04-26,0,92
Andenne,2020-04-27,1,93
Andenne,2020-04-28,4,97
Andenne,2020-04-29,0,97
Andenne,2020-04-30,4,101
Andenne,2020-05-01,1,102
Andenne,2020-05-02,1,103
Andenne,2020-05-03,1,104
Andenne,2020-05-04,0,104
Andenne,2020-05-05,0,104
Andenne,2020-05-06,2,106
Andenne,2020-05-07,3,109
Andenne,2020-05-08,4,113
Andenne,2020-05-09,0,113
Andenne,2020-05-10,2,115
Andenne,2020-05-11,0,115
Andenne,2020-05-12,1,116
Andenne,2020-05-13,0,116
Andenne,2020-05-14,2,118
Andenne,2020-05-15,1,119
Andenne,2020-05-16,0,119
Andenne,2020-05-17,0,119
Andenne,2020-05-18,1,120
Andenne,2020-05-19,0,120
Andenne,2020-05-20,1,121
Andenne,2020-05-21,0,121
Andenne,2020-05-22,0,121
Andenne,2020-05-23,0,121
Andenne,2020-05-24,0,121
Andenne,2020-05-25,0,121
Andenne,2020-05-26,0,121
Andenne,2020-05-27,0,121
Andenne,2020-05-28,0,121
Andenne,2020-05-29,0,121
Andenne,2020-05-30,0,121
Andenne,2020-05-31,0,121
Andenne,2020-06-01,0,121
Andenne,2020-06-02,0,121
Andenne,2020-06-03,0,121
Andenne,2020-06-04,0,121
Andenne,2020-06-05,1,122
Andenne,2020-06-06,0,122
Andenne,2020-06-07,1,123
Andenne,2020-06-08,0,123
Andenne,2020-06-09,1,124
Andenne,2020-06-10,0,124
Andenne,2020-06-11,0,124
Andenne,2020-06-12,0,124
Andenne,2020-06-13,1,125
Andenne,2020-06-14,0,125
Andenne,2020-06-15,0,125
Andenne,2020-06-16,0,125
Andenne,2020-06-17,1,126
Andenne,2020-06-18,0,126
Andenne,2020-06-19,0,126
Andenne,2020-06-20,0,126
Andenne,2020-06-23,0,126
Andenne,2020-06-24,0,126
Andenne,2020-06-25,0,126
Andenne,2020-06-26,0,126
Andenne,2020-06-27,0,126
Andenne,2020-06-30,1,127
Andenne,2020-07-01,0,127
Andenne,2020-07-02,1,128
Andenne,2020-07-03,1,129
Andenne,2020-07-04,0,129
Andenne,2020-07-07,0,129
Andenne,2020-07-08,0,129
Andenne,2020-07-09,0,129
Andenne,2020-07-10,1,130
Andenne,2020-07-11,0,130
Andenne,2020-07-14,0,130
Andenne,2020-07-15,0,130
Andenne,2020-07-16,0,130
Andenne,2020-07-17,0,130
Andenne,2020-07-18,0,130
Andenne,2020-07-20,0,130
Andenne,2020-07-21,0,130
Andenne,2020-07-22,0,130
Andenne,2020-07-23,0,130
Andenne,2020-07-24,0,130
Andenne,2020-07-25,0,130
Andenne,2020-07-26,0,130
Andenne,2020-07-27,0,130
Andenne,2020-07-28,0,130
Andenne,2020-07-29,0,130
Andenne,2020-07-30,0,130
Andenne,2020-07-31,0,130
Assesse,2020-04-01,0,8
Assesse,2020-04-02,0,8
Assesse,2020-04-03,1,9
Assesse,2020-04-04,0,9
Assesse,2020-04-05,2,11
Assesse,2020-04-06,0,11
Assesse,2020-04-07,1,12
Assesse,2020-04-08,0,12
Assesse,2020-04-09,0,12
Assesse,2020-04-10,3,15
Assesse,2020-04-11,1,16
Assesse,2020-04-12,1,17
Assesse,2020-04-13,0,17
Assesse,2020-04-14,0,17
Assesse,2020-04-15,0,17
Assesse,2020-04-16,1,18
Assesse,2020-04-17,0,18
Assesse,2020-04-18,0,18
Assesse,2020-04-19,1,19
Assesse,2020-04-20,2,21
Assesse,2020-04-21,0,21
Assesse,2020-04-22,0,21
Assesse,2020-04-23,1,22
Assesse,2020-04-24,2,24
Assesse,2020-04-25,0,24
Assesse,2020-04-26,0,24
Assesse,2020-04-27,0,24
Assesse,2020-04-28,0,24
Assesse,2020-04-29,0,24
Assesse,2020-04-30,2,26
Assesse,2020-05-01,1,27
Assesse,2020-05-02,0,27
Assesse,2020-05-03,0,27
Assesse,2020-05-04,0,27
Assesse,2020-05-05,1,28
Assesse,2020-05-06,0,28
Assesse,2020-05-07,1,29
Assesse,2020-05-08,0,29
Assesse,2020-05-09,0,29
Assesse,2020-05-10,0,29
Assesse,2020-05-11,2,31
Assesse,2020-05-12,0,31
Assesse,2020-05-13,1,32
Assesse,2020-05-14,0,32
Assesse,2020-05-15,0,32
Assesse,2020-05-16,0,32
Assesse,2020-05-17,0,32
Assesse,2020-05-18,0,32
Assesse,2020-05-19,0,32
Assesse,2020-05-20,0,32
Assesse,2020-05-21,0,32
Assesse,2020-05-22,0,32
Assesse,2020-05-23,0,32
Assesse,2020-05-24,0,32
Assesse,2020-05-25,0,32
Assesse,2020-05-26,0,32
Assesse,2020-05-27,0,32
Assesse,2020-05-28,0,32
Assesse,2020-05-29,0,32
Assesse,2020-05-30,0,32
Assesse,2020-05-31,0,32
Assesse,2020-06-01,0,32
Assesse,2020-06-02,0,32
Assesse,2020-06-03,0,32
Assesse,2020-06-04,0,32
Assesse,2020-06-05,0,32
Assesse,2020-06-06,0,32
Assesse,2020-06-07,0,32
Assesse,2020-06-08,0,32
Assesse,2020-06-09,0,32
Assesse,2020-06-10,0,32
Assesse,2020-06-11,0,32
Assesse,2020-06-12,0,32
Assesse,2020-06-13,0,32
Assesse,2020-06-14,0,32
Assesse,2020-06-15,0,32
Assesse,2020-06-16,0,32
Assesse,2020-06-17,0,32
Assesse,2020-06-18,0,32
Assesse,2020-06-19,0,32
Assesse,2020-06-20,0,32
Assesse,2020-06-23,0,32
Assesse,2020-06-24,0,32
Assesse,2020-06-25,0,32
Assesse,2020-06-26,0,32
Assesse,2020-06-27,0,32
Assesse,2020-06-30,0,32
Assesse,2020-07-01,0,32
Assesse,2020-07-02,0,32
Assesse,2020-07-03,2,34
Assesse,2020-07-04,0,34
Assesse,2020-07-07,0,34
Assesse,2020-07-08,0,34
Assesse,2020-07-09,0,34
Assesse,2020-07-10,0,34
Assesse,2020-07-11,0,34
Assesse,2020-07-14,0,34
Assesse,2020-07-15,0,34
Assesse,2020-07-16,0,34
Assesse,2020-07-17,0,34
Assesse,2020-07-18,0,34
Assesse,2020-07-20,0,34
Assesse,2020-07-21,0,34
Assesse,2020-07-22,0,34
Assesse,2020-07-23,1,35
Assesse,2020-07-24,0,35
Assesse,2020-07-25,0,35
Assesse,2020-07-26,0,35
Assesse,2020-07-27,0,35
Assesse,2020-07-28,0,35
Assesse,2020-07-29,0,35
Assesse,2020-07-30,0,35
Assesse,2020-07-31,0,35
Eghezée,2020-04-01,2,25
Eghezée,2020-04-02,4,29
Eghezée,2020-04-03,1,30
Eghezée,2020-04-04,4,34
Eghezée,2020-04-05,1,35
Eghezée,2020-04-06,1,36
Eghezée,2020-04-07,0,36
Eghezée,2020-04-08,2,38
Eghezée,2020-04-09,8,46
Eghezée,2020-04-10,2,48
Eghezée,2020-04-11,2,50
Eghezée,2020-04-12,3,53
Eghezée,2020-04-13,0,53
Eghezée,2020-04-14,0,53
Eghezée,2020-04-15,4,57
Eghezée,2020-04-16,1,58
Eghezée,2020-04-17,3,61
Eghezée,2020-04-18,7,68
Eghezée,2020-04-19,0,68
Eghezée,2020-04-20,2,70
Eghezée,2020-04-21,1,71
Eghezée,2020-04-22,7,78
Eghezée,2020-04-23,3,81
Eghezée,2020-04-24,0,81
Eghezée,2020-04-25,0,81
Eghezée,2020-04-26,0,81
Eghezée,2020-04-27,0,81
Eghezée,2020-04-28,5,86
Eghezée,2020-04-29,0,86
Eghezée,2020-04-30,2,88
Eghezée,2020-05-01,1,89
Eghezée,2020-05-02,0,89
Eghezée,2020-05-03,4,93
Eghezée,2020-05-04,0,93
Eghezée,2020-05-05,0,93
Eghezée,2020-05-06,1,94
Eghezée,2020-05-07,0,94
Eghezée,2020-05-08,1,95
Eghezée,2020-05-09,0,95
Eghezée,2020-05-10,1,96
Eghezée,2020-05-11,0,96
Eghezée,2020-05-12,0,96
Eghezée,2020-05-13,1,97
Eghezée,2020-05-14,0,97
Eghezée,2020-05-15,0,97
Eghezée,2020-05-16,0,97
Eghezée,2020-05-17,0,97
Eghezée,2020-05-18,0,97
Eghezée,2020-05-19,0,97
Eghezée,2020-05-20,0,97
Eghezée,2020-05-21,0,97
Eghezée,2020-05-22,1,98
Eghezée,2020-05-23,0,98
Eghezée,2020-05-24,1,99
Eghezée,2020-05-25,0,99
Eghezée,2020-05-26,1,100
Eghezée,2020-05-27,1,101
Eghezée,2020-05-28,-1,100
Eghezée,2020-05-29,0,100
Eghezée,2020-05-30,0,100
Eghezée,2020-05-31,0,100
Eghezée,2020-06-01,0,100
Eghezée,2020-06-02,0,100
Eghezée,2020-06-03,0,100
Eghezée,2020-06-04,0,100
Eghezée,2020-06-05,0,100
Eghezée,2020-06-06,0,100
Eghezée,2020-06-07,1,101
Eghezée,2020-06-08,1,102
Eghezée,2020-06-09,0,102
Eghezée,2020-06-10,0,102
Eghezée,2020-06-11,0,102
Eghezée,2020-06-12,0,102
Eghezée,2020-06-13,0,102
Eghezée,2020-06-14,0,102
Eghezée,2020-06-15,0,102
Eghezée,2020-06-16,0,102
Eghezée,2020-06-17,0,102
Eghezée,2020-06-18,0,102
Eghezée,2020-06-19,0,102
Eghezée,2020-06-20,0,102
Eghezée,2020-06-23,0,102
Eghezée,2020-06-24,0,102
Eghezée,2020-06-25,0,102
Eghezée,2020-06-26,0,102
Eghezée,2020-06-27,0,102
Eghezée,2020-06-30,0,102
Eghezée,2020-07-01,0,102
Eghezée,2020-07-02,0,102
Eghezée,2020-07-03,0,102
Eghezée,2020-07-04,0,102
Eghezée,2020-07-07,0,102
Eghezée,2020-07-08,0,102
Eghezée,2020-07-09,0,102
Eghezée,2020-07-10,1,103
Eghezée,2020-07-11,0,103
Eghezée,2020-07-14,0,103
Eghezée,2020-07-15,0,103
Eghezée,2020-07-16,3,106
Eghezée,2020-07-17,0,106
Eghezée,2020-07-18,0,106
Eghezée,2020-07-20,0,106
Eghezée,2020-07-21,0,106
Eghezée,2020-07-22,0,106
Eghezée,2020-07-23,1,107
Eghezée,2020-07-24,0,107
Eghezée,2020-07-25,0,107
Eghezée,2020-07-26,0,107
Eghezée,2020-07-27,0,107
Eghezée,2020-07-28,1,108
Eghezée,2020-07-29,0,108
Eghezée,2020-07-30,0,108
Eghezée,2020-07-31,1,109
Floreffe,2020-04-01,0,0
Floreffe,2020-04-02,7,7
Floreffe,2020-04-03,0,7
Floreffe,2020-04-04,3,10
Floreffe,2020-04-05,0,10
Floreffe,2020-04-06,1,11
Floreffe,2020-04-07,1,12
Floreffe,2020-04-08,1,13
Floreffe,2020-04-09,1,14
Floreffe,2020-04-10,1,15
Floreffe,2020-04-11,0,15
Floreffe,2020-04-12,2,17
Floreffe,2020-04-13,0,17
Floreffe,2020-04-14,0,17
Floreffe,2020-04-15,0,17
Floreffe,2020-04-16,1,18
Floreffe,2020-04-17,0,18
Floreffe,2020-04-18,1,19
Floreffe,2020-04-19,0,19
Floreffe,2020-04-20,0,19
Floreffe,2020-04-21,2,21
Floreffe,2020-04-22,0,21
Floreffe,2020-04-23,2,23
Floreffe,2020-04-24,0,23
Floreffe,2020-04-25,-2,21
Floreffe,2020-04-26,0,21
Floreffe,2020-04-27,0,21
Floreffe,2020-04-28,0,21
Floreffe,2020-04-29,0,21
Floreffe,2020-04-30,0,21
Floreffe,2020-05-01,0,21
Floreffe,2020-05-02,0,21
Floreffe,2020-05-03,1,22
Floreffe,2020-05-04,0,22
Floreffe,2020-05-05,1,23
Floreffe,2020-05-06,0,23
Floreffe,2020-05-07,1,24
Floreffe,2020-05-08,0,24
Floreffe,2020-05-09,0,24
Floreffe,2020-05-10,1,25
Floreffe,2020-05-11,1,26
Floreffe,2020-05-12,1,27
Floreffe,2020-05-13,-1,26
Floreffe,2020-05-14,1,27
Floreffe,2020-05-15,0,27
Floreffe,2020-05-16,0,27
Floreffe,2020-05-17,0,27
Floreffe,2020-05-18,1,28
Floreffe,2020-05-19,0,28
Floreffe,2020-05-20,0,28
Floreffe,2020-05-21,0,28
Floreffe,2020-05-22,0,28
Floreffe,2020-05-23,0,28
Floreffe,2020-05-24,0,28
Floreffe,2020-05-25,0,28
Floreffe,2020-05-26,0,28
Floreffe,2020-05-27,0,28
Floreffe,2020-05-28,0,28
Floreffe,2020-05-29,0,28
Floreffe,2020-05-30,0,28
Floreffe,2020-05-31,0,28
Floreffe,2020-06-01,0,28
Floreffe,2020-06-02,0,28
Floreffe,2020-06-03,0,28
Floreffe,2020-06-04,0,28
Floreffe,2020-06-05,0,28
Floreffe,2020-06-06,0,28
Floreffe,2020-06-07,0,28
Floreffe,2020-06-08,0,28
Floreffe,2020-06-09,0,28
Floreffe,2020-06-10,0,28
Floreffe,2020-06-11,0,28
Floreffe,2020-06-12,0,28
Floreffe,2020-06-13,0,28
Floreffe,2020-06-14,0,28
Floreffe,2020-06-15,0,28
Floreffe,2020-06-16,0,28
Floreffe,2020-06-17,0,28
Floreffe,2020-06-18,0,28
Floreffe,2020-06-19,0,28
Floreffe,2020-06-20,0,28
Floreffe,2020-06-23,0,28
Floreffe,2020-06-24,0,28
Floreffe,2020-06-25,0,28
Floreffe,2020-06-26,0,28
Floreffe,2020-06-27,0,28
Floreffe,2020-06-30,0,28
Floreffe,2020-07-01,0,28
Floreffe,2020-07-02,0,28
Floreffe,2020-07-03,0,28
Floreffe,2020-07-04,0,28
Floreffe,2020-07-07,0,28
Floreffe,2020-07-08,0,28
Floreffe,2020-07-09,0,28
Floreffe,2020-07-10,0,28
Floreffe,2020-07-11,0,28
Floreffe,2020-07-14,0,28
Floreffe,2020-07-15,0,28
Floreffe,2020-07-16,1,29
Floreffe,2020-07-17,0,29
Floreffe,2020-07-18,0,29
Floreffe,2020-07-20,0,29
Floreffe,2020-07-21,0,29
Floreffe,2020-07-22,0,29
Floreffe,2020-07-23,0,29
Floreffe,2020-07-24,0,29
Floreffe,2020-07-25,0,29
Floreffe,2020-07-26,0,29
Floreffe,2020-07-27,0,29
Floreffe,2020-07-28,0,29
Floreffe,2020-07-29,0,29
Floreffe,2020-07-30,1,30
Floreffe,2020-07-31,0,30
Fosses-la-Ville,2020-04-01,1,7
Fosses-la-Ville,2020-04-02,0,7
Fosses-la-Ville,2020-04-03,0,7
Fosses-la-Ville,2020-04-04,1,8
Fosses-la-Ville,2020-04-05,3,11
Fosses-la-Ville,2020-04-06,0,11
Fosses-la-Ville,2020-04-07,0,11
Fosses-la-Ville,2020-04-08,3,14
Fosses-la-Ville,2020-04-09,0,14
Fosses-la-Ville,2020-04-10,3,17
Fosses-la-Ville,2020-04-11,1,18
Fosses-la-Ville,2020-04-12,1,19
Fosses-la-Ville,2020-04-13,0,19
Fosses-la-Ville,2020-04-14,0,19
Fosses-la-Ville,2020-04-15,2,21
Fosses-la-Ville,2020-04-16,0,21
Fosses-la-Ville,2020-04-17,1,22
Fosses-la-Ville,2020-04-18,0,22
Fosses-la-Ville,2020-04-19,1,23
Fosses-la-Ville,2020-04-20,2,25
Fosses-la-Ville,2020-04-21,0,25
Fosses-la-Ville,2020-04-22,3,28
Fosses-la-Ville,2020-04-23,1,29
Fosses-la-Ville,2020-04-24,2,31
Fosses-la-Ville,2020-04-25,-1,30
Fosses-la-Ville,2020-04-26,0,30
Fosses-la-Ville,2020-04-27,0,30
Fosses-la-Ville,2020-04-28,0,30
Fosses-la-Ville,2020-04-29,0,30
Fosses-la-Ville,2020-04-30,2,32
Fosses-la-Ville,2020-05-01,0,32
Fosses-la-Ville,2020-05-02,1,33
Fosses-la-Ville,2020-05-03,0,33
Fosses-la-Ville,2020-05-04,0,33
Fosses-la-Ville,2020-05-05,1,34
Fosses-la-Ville,2020-05-06,0,34
Fosses-la-Ville,2020-05-07,1,35
Fosses-la-Ville,2020-05-08,2,37
Fosses-la-Ville,2020-05-09,0,37
Fosses-la-Ville,2020-05-10,1,38
Fosses-la-Ville,2020-05-11,0,38
Fosses-la-Ville,2020-05-12,2,40
Fosses-la-Ville,2020-05-13,-1,39
Fosses-la-Ville,2020-05-14,0,39
Fosses-la-Ville,2020-05-15,0,39
Fosses-la-Ville,2020-05-16,0,39
Fosses-la-Ville,2020-05-17,0,39
Fosses-la-Ville,2020-05-18,0,39
Fosses-la-Ville,2020-05-19,0,39
Fosses-la-Ville,2020-05-20,0,39
Fosses-la-Ville,2020-05-21,1,40
Fosses-la-Ville,2020-05-22,0,40
Fosses-la-Ville,2020-05-23,0,40
Fosses-la-Ville,2020-05-24,1,41
Fosses-la-Ville,2020-05-25,0,41
Fosses-la-Ville,2020-05-26,0,41
Fosses-la-Ville,2020-05-27,0,41
Fosses-la-Ville,2020-05-28,0,41
Fosses-la-Ville,2020-05-29,0,41
Fosses-la-Ville,2020-05-30,1,42
Fosses-la-Ville,2020-05-31,0,42
Fosses-la-Ville,2020-06-01,1,43
Fosses-la-Ville,2020-06-02,0,43
Fosses-la-Ville,2020-06-03,0,43
Fosses-la-Ville,2020-06-04,0,43
Fosses-la-Ville,2020-06-05,0,43
Fosses-la-Ville,2020-06-06,0,43
Fosses-la-Ville,2020-06-07,0,43
Fosses-la-Ville,2020-06-08,0,43
Fosses-la-Ville,2020-06-09,0,43
Fosses-la-Ville,2020-06-10,0,43
Fosses-la-Ville,2020-06-11,0,43
Fosses-la-Ville,2020-06-12,0,43
Fosses-la-Ville,2020-06-13,0,43
Fosses-la-Ville,2020-06-14,0,43
Fosses-la-Ville,2020-06-15,0,43
Fosses-la-Ville,2020-06-16,0,43
Fosses-la-Ville,2020-06-17,0,43
Fosses-la-Ville,2020-06-18,0,43
Fosses-la-Ville,2020-06-19,0,43
Fosses-la-Ville,2020-06-20,0,43
Fosses-la-Ville,2020-06-23,0,43
Fosses-la-Ville,2020-06-24,0,43
Fosses-la-Ville,2020-06-25,0,43
Fosses-la-Ville,2020-06-26,0,43
Fosses-la-Ville,2020-06-27,0,43
Fosses-la-Ville,2020-06-30,0,43
Fosses-la-Ville,2020-07-01,0,43
Fosses-la-Ville,2020-07-02,0,43
Fosses-la-Ville,2020-07-03,0,43
Fosses-la-Ville,2020-07-04,0,43
Fosses-la-Ville,2020-07-07,0,43
Fosses-la-Ville,2020-07-08,0,43
Fosses-la-Ville,2020-07-09,0,43
Fosses-la-Ville,2020-07-10,0,43
Fosses-la-Ville,2020-07-11,0,43
Fosses-la-Ville,2020-07-14,0,43
Fosses-la-Ville,2020-07-15,0,43
Fosses-la-Ville,2020-07-16,0,43
Fosses-la-Ville,2020-07-17,0,43
Fosses-la-Ville,2020-07-18,0,43
Fosses-la-Ville,2020-07-20,0,43
Fosses-la-Ville,2020-07-21,0,43
Fosses-la-Ville,2020-07-22,0,43
Fosses-la-Ville,2020-07-23,0,43
Fosses-la-Ville,2020-07-24,0,43
Fosses-la-Ville,2020-07-25,0,43
Fosses-la-Ville,2020-07-26,0,43
Fosses-la-Ville,2020-07-27,0,43
Fosses-la-Ville,2020-07-28,0,43
Fosses-la-Ville,2020-07-29,0,43
Fosses-la-Ville,2020-07-30,0,43
Fosses-la-Ville,2020-07-31,0,43
Gesves,2020-04-01,0,0
Gesves,2020-04-02,5,5
Gesves,2020-04-03,0,5
Gesves,2020-04-04,0,5
Gesves,2020-04-05,1,6
Gesves,2020-04-06,0,6
Gesves,2020-04-07,1,7
Gesves,2020-04-08,2,9
Gesves,2020-04-09,2,11
Gesves,2020-04-10,0,11
Gesves,2020-04-11,0,11
Gesves,2020-04-12,2,13
Gesves,2020-04-13,0,13
Gesves,2020-04-14,1,14
Gesves,2020-04-15,0,14
Gesves,2020-04-16,0,14
Gesves,2020-04-17,0,14
Gesves,2020-04-18,0,14
Gesves,2020-04-19,0,14
Gesves,2020-04-20,1,15
Gesves,2020-04-21,0,15
Gesves,2020-04-22,1,16
Gesves,2020-04-23,3,19
Gesves,2020-04-24,0,19
Gesves,2020-04-25,0,19
Gesves,2020-04-26,0,19
Gesves,2020-04-27,0,19
Gesves,2020-04-28,3,22
Gesves,2020-04-29,12,34
Gesves,2020-04-30,1,35
Gesves,2020-05-01,0,35
Gesves,2020-05-02,0,35
Gesves,2020-05-03,0,35
Gesves,2020-05-04,0,35
Gesves,2020-05-05,0,35
Gesves,2020-05-06,0,35
Gesves,2020-05-07,0,35
Gesves,2020-05-08,1,36
Gesves,2020-05-09,0,36
Gesves,2020-05-10,0,36
Gesves,2020-05-11,0,36
Gesves,2020-05-12,0,36
Gesves,2020-05-13,0,36
Gesves,2020-05-14,0,36
Gesves,2020-05-15,0,36
Gesves,2020-05-16,0,36
Gesves,2020-05-17,0,36
Gesves,2020-05-18,0,36
Gesves,2020-05-19,0,36
Gesves,2020-05-20,1,37
Gesves,2020-05-21,0,37
Gesves,2020-05-22,0,37
Gesves,2020-05-23,0,37
Gesves,2020-05-24,0,37
Gesves,2020-05-25,0,37
Gesves,2020-05-26,0,37
Gesves,2020-05-27,0,37
Gesves,2020-05-28,0,37
Gesves,2020-05-29,0,37
Gesves,2020-05-30,0,37
Gesves,2020-05-31,0,37
Gesves,2020-06-01,0,37
Gesves,2020-06-02,0,37
Gesves,2020-06-03,0,37
Gesves,2020-06-04,0,37
Gesves,2020-06-05,1,38
Gesves,2020-06-06,0,38
Gesves,2020-06-07,0,38
Gesves,2020-06-08,0,38
Gesves,2020-06-09,0,38
Gesves,2020-06-10,0,38
Gesves,2020-06-11,0,38
Gesves,2020-06-12,0,38
Gesves,2020-06-13,0,38
Gesves,2020-06-14,0,38
Gesves,2020-06-15,0,38
Gesves,2020-06-16,0,38
Gesves,2020-06-17,0,38
Gesves,2020-06-18,0,38
Gesves,2020-06-19,0,38
Gesves,2020-06-20,0,38
Gesves,2020-06-23,0,38
Gesves,2020-06-24,0,38
Gesves,2020-06-25,0,38
Gesves,2020-06-26,0,38
Gesves,2020-06-27,0,38
Gesves,2020-06-30,0,38
Gesves,2020-07-01,0,38
Gesves,2020-07-02,0,38
Gesves,2020-07-03,1,39
Gesves,2020-07-04,0,39
Gesves,2020-07-07,0,39
Gesves,2020-07-08,0,39
Gesves,2020-07-09,0,39
Gesves,2020-07-10,0,39
Gesves,2020-07-11,0,39
Gesves,2020-07-14,0,39
Gesves,2020-07-15,0,39
Gesves,2020-07-16,0,39
Gesves,2020-07-17,0,39
Gesves,2020-07-18,0,39
Gesves,2020-07-20,0,39
Gesves,2020-07-21,0,39
Gesves,2020-07-22,0,39
Gesves,2020-07-23,0,39
Gesves,2020-07-24,0,39
Gesves,2020-07-25,0,39
Gesves,2020-07-26,0,39
Gesves,2020-07-27,0,39
Gesves,2020-07-28,0,39
Gesves,2020-07-29,0,39
Gesves,2020-07-30,0,39
Gesves,2020-07-31,0,39
Mettet,2020-04-01,0,8
Mettet,2020-04-02,2,10
Mettet,2020-04-03,0,10
Mettet,2020-04-04,0,10
Mettet,2020-04-05,0,10
Mettet,2020-04-06,3,13
Mettet,2020-04-07,0,13
Mettet,2020-04-08,1,14
Mettet,2020-04-09,0,14
Mettet,2020-04-10,4,18
Mettet,2020-04-11,1,19
Mettet,2020-04-12,3,22
Mettet,2020-04-13,1,23
Mettet,2020-04-14,0,23
Mettet,2020-04-15,0,23
Mettet,2020-04-16,3,26
Mettet,2020-04-17,1,27
Mettet,2020-04-18,2,29
Mettet,2020-04-19,1,30
Mettet,2020-04-20,3,33
Mettet,2020-04-21,1,34
Mettet,2020-04-22,0,34
Mettet,2020-04-23,0,34
Mettet,2020-04-24,3,37
Mettet,2020-04-25,0,37
Mettet,2020-04-26,1,38
Mettet,2020-04-27,0,38
Mettet,2020-04-28,1,39
Mettet,2020-04-29,4,43
Mettet,2020-04-30,2,45
Mettet,2020-05-01,1,46
Mettet,2020-05-02,1,47
Mettet,2020-05-03,0,47
Mettet,2020-05-04,0,47
Mettet,2020-05-05,0,47
Mettet,2020-05-06,0,47
Mettet,2020-05-07,4,51
Mettet,2020-05-08,2,53
Mettet,2020-05-09,0,53
Mettet,2020-05-10,2,55
Mettet,2020-05-11,0,55
Mettet,2020-05-12,0,55
Mettet,2020-05-13,0,55
Mettet,2020-05-14,0,55
Mettet,2020-05-15,0,55
Mettet,2020-05-16,0,55
Mettet,2020-05-17,0,55
Mettet,2020-05-18,0,55
Mettet,2020-05-19,0,55
Mettet,2020-05-20,0,55
Mettet,2020-05-21,1,56
Mettet,2020-05-22,0,56
Mettet,2020-05-23,0,56
Mettet,2020-05-24,1,57
Mettet,2020-05-25,0,57
Mettet,2020-05-26,0,57
Mettet,2020-05-27,0,57
Mettet,2020-05-28,0,57
Mettet,2020-05-29,0,57
Mettet,2020-05-30,0,57
Mettet,2020-05-31,0,57
Mettet,2020-06-01,0,57
Mettet,2020-06-02,0,57
Mettet,2020-06-03,1,58
Mettet,2020-06-04,0,58
Mettet,2020-06-05,0,58
Mettet,2020-06-06,0,58
Mettet,2020-06-07,0,58
Mettet,2020-06-08,0,58
Mettet,2020-06-09,0,58
Mettet,2020-06-10,0,58
Mettet,2020-06-11,0,58
Mettet,2020-06-12,0,58
Mettet,2020-06-13,0,58
Mettet,2020-06-14,0,58
Mettet,2020-06-15,0,58
Mettet,2020-06-16,0,58
Mettet,2020-06-17,0,58
Mettet,2020-06-18,0,58
Mettet,2020-06-19,0,58
Mettet,2020-06-20,0,58
Mettet,2020-06-23,0,58
Mettet,2020-06-24,0,58
Mettet,2020-06-25,0,58
Mettet,2020-06-26,0,58
Mettet,2020-06-27,0,58
Mettet,2020-06-30,0,58
Mettet,2020-07-01,0,58
Mettet,2020-07-02,0,58
Mettet,2020-07-03,0,58
Mettet,2020-07-04,0,58
Mettet,2020-07-07,0,58
Mettet,2020-07-08,0,58
Mettet,2020-07-09,0,58
Mettet,2020-07-10,0,58
Mettet,2020-07-11,0,58
Mettet,2020-07-14,0,58
Mettet,2020-07-15,0,58
Mettet,2020-07-16,1,59
Mettet,2020-07-17,0,59
Mettet,2020-07-18,0,59
Mettet,2020-07-20,0,59
Mettet,2020-07-21,0,59
Mettet,2020-07-22,0,59
Mettet,2020-07-23,0,59
Mettet,2020-07-24,0,59
Mettet,2020-07-25,0,59
Mettet,2020-07-26,0,59
Mettet,2020-07-27,0,59
Mettet,2020-07-28,0,59
Mettet,2020-07-29,2,61
Mettet,2020-07-30,1,62
Mettet,2020-07-31,0,62
Namen,2020-04-01,6,76
Namen,2020-04-02,13,89
Namen,2020-04-03,8,97
Namen,2020-04-04,20,117
Namen,2020-04-05,11,128
Namen,2020-04-06,18,146
Namen,2020-04-07,3,149
Namen,2020-04-08,20,169
Namen,2020-04-09,7,176
Namen,2020-04-10,30,206
Namen,2020-04-11,7,213
Namen,2020-04-12,8,221
Namen,2020-04-13,2,223
Namen,2020-04-14,4,227
Namen,2020-04-15,15,242
Namen,2020-04-16,24,266
Namen,2020-04-17,9,275
Namen,2020-04-18,15,290
Namen,2020-04-19,25,315
Namen,2020-04-20,64,379
Namen,2020-04-21,7,386
Namen,2020-04-22,4,390
Namen,2020-04-23,23,413
Namen,2020-04-24,10,423
Namen,2020-04-25,10,433
Namen,2020-04-26,13,446
Namen,2020-04-27,9,455
Namen,2020-04-28,32,487
Namen,2020-04-29,4,491
Namen,2020-04-30,14,505
Namen,2020-05-01,15,520
Namen,2020-05-02,9,529
Namen,2020-05-03,1,530
Namen,2020-05-04,12,542
Namen,2020-05-05,5,547
Namen,2020-05-06,2,549
Namen,2020-05-07,9,558
Namen,2020-05-08,15,573
Namen,2020-05-09,2,575
Namen,2020-05-10,14,589
Namen,2020-05-11,2,591
Namen,2020-05-12,3,594
Namen,2020-05-13,6,600
Namen,2020-05-14,13,613
Namen,2020-05-15,7,620
Namen,2020-05-16,14,634
Namen,2020-05-17,1,635
Namen,2020-05-18,4,639
Namen,2020-05-19,1,640
Namen,2020-05-20,6,646
Namen,2020-05-21,1,647
Namen,2020-05-22,5,652
Namen,2020-05-23,1,653
Namen,2020-05-24,4,657
Namen,2020-05-25,0,657
Namen,2020-05-26,2,659
Namen,2020-05-27,2,661
Namen,2020-05-28,2,663
Namen,2020-05-29,1,664
Namen,2020-05-30,1,665
Namen,2020-05-31,0,665
Namen,2020-06-01,3,668
Namen,2020-06-02,1,669
Namen,2020-06-03,3,672
Namen,2020-06-04,0,672
Namen,2020-06-05,0,672
Namen,2020-06-06,0,672
Namen,2020-06-07,1,673
Namen,2020-06-08,0,673
Namen,2020-06-09,0,673
Namen,2020-06-10,1,674
Namen,2020-06-11,1,675
Namen,2020-06-12,3,678
Namen,2020-06-13,0,678
Namen,2020-06-14,1,679
Namen,2020-06-15,0,679
Namen,2020-06-16,1,680
Namen,2020-06-17,1,681
Namen,2020-06-18,0,681
Namen,2020-06-19,1,682
Namen,2020-06-20,0,682
Namen,2020-06-23,0,682
Namen,2020-06-24,0,682
Namen,2020-06-25,1,683
Namen,2020-06-26,0,683
Namen,2020-06-27,1,684
Namen,2020-06-30,0,684
Namen,2020-07-01,0,684
Namen,2020-07-02,0,684
Namen,2020-07-03,0,684
Namen,2020-07-04,0,684
Namen,2020-07-07,0,684
Namen,2020-07-08,0,684
Namen,2020-07-09,1,685
Namen,2020-07-10,0,685
Namen,2020-07-11,0,685
Namen,2020-07-14,0,685
Namen,2020-07-15,0,685
Namen,2020-07-16,0,685
Namen,2020-07-17,0,685
Namen,2020-07-18,2,687
Namen,2020-07-20,4,691
Namen,2020-07-21,2,693
Namen,2020-07-22,0,693
Namen,2020-07-23,9,702
Namen,2020-07-24,3,705
Namen,2020-07-25,0,705
Namen,2020-07-26,0,705
Namen,2020-07-27,0,705
Namen,2020-07-28,6,711
Namen,2020-07-29,2,713
Namen,2020-07-30,7,720
Namen,2020-07-31,10,730
Ohey,2020-04-01,0,0
Ohey,2020-04-02,0,0
Ohey,2020-04-03,0,0
Ohey,2020-04-04,0,0
Ohey,2020-04-05,0,0
Ohey,2020-04-06,0,0
Ohey,2020-04-07,0,0
Ohey,2020-04-08,5,5
Ohey,2020-04-09,0,5
Ohey,2020-04-10,0,5
Ohey,2020-04-11,0,5
Ohey,2020-04-12,1,6
Ohey,2020-04-13,0,6
Ohey,2020-04-14,0,6
Ohey,2020-04-15,0,6
Ohey,2020-04-16,0,6
Ohey,2020-04-17,1,7
Ohey,2020-04-18,0,7
Ohey,2020-04-19,0,7
Ohey,2020-04-20,0,7
Ohey,2020-04-21,1,8
Ohey,2020-04-22,0,8
Ohey,2020-04-23,0,8
Ohey,2020-04-24,1,9
Ohey,2020-04-25,1,10
Ohey,2020-04-26,0,10
Ohey,2020-04-27,0,10
Ohey,2020-04-28,1,11
Ohey,2020-04-29,0,11
Ohey,2020-04-30,0,11
Ohey,2020-05-01,2,13
Ohey,2020-05-02,0,13
Ohey,2020-05-03,0,13
Ohey,2020-05-04,1,14
Ohey,2020-05-05,0,14
Ohey,2020-05-06,0,14
Ohey,2020-05-07,0,14
Ohey,2020-05-08,1,15
Ohey,2020-05-09,0,15
Ohey,2020-05-10,0,15
Ohey,2020-05-11,0,15
Ohey,2020-05-12,0,15
Ohey,2020-05-13,0,15
Ohey,2020-05-14,1,16
Ohey,2020-05-15,0,16
Ohey,2020-05-16,0,16
Ohey,2020-05-17,0,16
Ohey,2020-05-18,0,16
Ohey,2020-05-19,0,16
Ohey,2020-05-20,0,16
Ohey,2020-05-21,0,16
Ohey,2020-05-22,0,16
Ohey,2020-05-23,0,16
Ohey,2020-05-24,0,16
Ohey,2020-05-25,0,16
Ohey,2020-05-26,0,16
Ohey,2020-05-27,0,16
Ohey,2020-05-28,0,16
Ohey,2020-05-29,0,16
Ohey,2020-05-30,0,16
Ohey,2020-05-31,0,16
Ohey,2020-06-01,0,16
Ohey,2020-06-02,0,16
Ohey,2020-06-03,0,16
Ohey,2020-06-04,0,16
Ohey,2020-06-05,0,16
Ohey,2020-06-06,0,16
Ohey,2020-06-07,0,16
Ohey,2020-06-08,0,16
Ohey,2020-06-09,0,16
Ohey,2020-06-10,0,16
Ohey,2020-06-11,0,16
Ohey,2020-06-12,0,16
Ohey,2020-06-13,0,16
Ohey,2020-06-14,0,16
Ohey,2020-06-15,0,16
Ohey,2020-06-16,0,16
Ohey,2020-06-17,0,16
Ohey,2020-06-18,0,16
Ohey,2020-06-19,0,16
Ohey,2020-06-20,0,16
Ohey,2020-06-23,0,16
Ohey,2020-06-24,0,16
Ohey,2020-06-25,0,16
Ohey,2020-06-26,0,16
Ohey,2020-06-27,0,16
Ohey,2020-06-30,0,16
Ohey,2020-07-01,0,16
Ohey,2020-07-02,0,16
Ohey,2020-07-03,0,16
Ohey,2020-07-04,0,16
Ohey,2020-07-07,0,16
Ohey,2020-07-08,0,16
Ohey,2020-07-09,0,16
Ohey,2020-07-10,0,16
Ohey,2020-07-11,0,16
Ohey,2020-07-14,0,16
Ohey,2020-07-15,0,16
Ohey,2020-07-16,0,16
Ohey,2020-07-17,0,16
Ohey,2020-07-18,0,16
Ohey,2020-07-20,0,16
Ohey,2020-07-21,0,16
Ohey,2020-07-22,0,16
Ohey,2020-07-23,0,16
Ohey,2020-07-24,0,16
Ohey,2020-07-25,0,16
Ohey,2020-07-26,0,16
Ohey,2020-07-27,0,16
Ohey,2020-07-28,1,17
Ohey,2020-07-29,2,19
Ohey,2020-07-30,0,19
Ohey,2020-07-31,2,21
Profondeville,2020-04-01,0,13
Profondeville,2020-04-02,1,14
Profondeville,2020-04-03,0,14
Profondeville,2020-04-04,2,16
Profondeville,2020-04-05,1,17
Profondeville,2020-04-06,1,18
Profondeville,2020-04-07,0,18
Profondeville,2020-04-08,3,21
Profondeville,2020-04-09,1,22
Profondeville,2020-04-10,6,28
Profondeville,2020-04-11,0,28
Profondeville,2020-04-12,3,31
Profondeville,2020-04-13,0,31
Profondeville,2020-04-14,0,31
Profondeville,2020-04-15,0,31
Profondeville,2020-04-16,1,32
Profondeville,2020-04-17,0,32
Profondeville,2020-04-18,1,33
Profondeville,2020-04-19,0,33
Profondeville,2020-04-20,1,34
Profondeville,2020-04-21,9,43
Profondeville,2020-04-22,3,46
Profondeville,2020-04-23,0,46
Profondeville,2020-04-24,1,47
Profondeville,2020-04-25,-1,46
Profondeville,2020-04-26,1,47
Profondeville,2020-04-27,0,47
Profondeville,2020-04-28,1,48
Profondeville,2020-04-29,0,48
Profondeville,2020-04-30,3,51
Profondeville,2020-05-01,0,51
Profondeville,2020-05-02,2,53
Profondeville,2020-05-03,0,53
Profondeville,2020-05-04,0,53
Profondeville,2020-05-05,0,53
Profondeville,2020-05-06,0,53
Profondeville,2020-05-07,0,53
Profondeville,2020-05-08,0,53
Profondeville,2020-05-09,1,54
Profondeville,2020-05-10,1,55
Profondeville,2020-05-11,0,55
Profondeville,2020-05-12,1,56
Profondeville,2020-05-13,-1,55
Profondeville,2020-05-14,0,55
Profondeville,2020-05-15,0,55
Profondeville,2020-05-16,0,55
Profondeville,2020-05-17,0,55
Profondeville,2020-05-18,0,55
Profondeville,2020-05-19,1,56
Profondeville,2020-05-20,0,56
Profondeville,2020-05-21,0,56
Profondeville,2020-05-22,0,56
Profondeville,2020-05-23,0,56
Profondeville,2020-05-24,0,56
Profondeville,2020-05-25,0,56
Profondeville,2020-05-26,0,56
Profondeville,2020-05-27,0,56
Profondeville,2020-05-28,0,56
Profondeville,2020-05-29,0,56
Profondeville,2020-05-30,0,56
Profondeville,2020-05-31,0,56
Profondeville,2020-06-01,0,56
Profondeville,2020-06-02,0,56
Profondeville,2020-06-03,0,56
Profondeville,2020-06-04,0,56
Profondeville,2020-06-05,0,56
Profondeville,2020-06-06,0,56
Profondeville,2020-06-07,0,56
Profondeville,2020-06-08,0,56
Profondeville,2020-06-09,0,56
Profondeville,2020-06-10,0,56
Profondeville,2020-06-11,0,56
Profondeville,2020-06-12,0,56
Profondeville,2020-06-13,0,56
Profondeville,2020-06-14,0,56
Profondeville,2020-06-15,0,56
Profondeville,2020-06-16,0,56
Profondeville,2020-06-17,0,56
Profondeville,2020-06-18,0,56
Profondeville,2020-06-19,1,57
Profondeville,2020-06-20,0,57
Profondeville,2020-06-23,1,58
Profondeville,2020-06-24,0,58
Profondeville,2020-06-25,0,58
Profondeville,2020-06-26,0,58
Profondeville,2020-06-27,0,58
Profondeville,2020-06-30,0,58
Profondeville,2020-07-01,0,58
Profondeville,2020-07-02,0,58
Profondeville,2020-07-03,0,58
Profondeville,2020-07-04,0,58
Profondeville,2020-07-07,0,58
Profondeville,2020-07-08,0,58
Profondeville,2020-07-09,0,58
Profondeville,2020-07-10,0,58
Profondeville,2020-07-11,0,58
Profondeville,2020-07-14,0,58
Profondeville,2020-07-15,0,58
Profondeville,2020-07-16,0,58
Profondeville,2020-07-17,0,58
Profondeville,2020-07-18,0,58
Profondeville,2020-07-20,1,59
Profondeville,2020-07-21,0,59
Profondeville,2020-07-22,0,59
Profondeville,2020-07-23,1,60
Profondeville,2020-07-24,0,60
Profondeville,2020-07-25,0,60
Profondeville,2020-07-26,0,60
Profondeville,2020-07-27,0,60
Profondeville,2020-07-28,0,60
Profondeville,2020-07-29,0,60
Profondeville,2020-07-30,0,60
Profondeville,2020-07-31,1,61
Sombreffe,2020-04-01,0,5
Sombreffe,2020-04-02,0,5
Sombreffe,2020-04-03,1,6
Sombreffe,2020-04-04,2,8
Sombreffe,2020-04-05,0,8
Sombreffe,2020-04-06,1,9
Sombreffe,2020-04-07,0,9
Sombreffe,2020-04-08,0,9
Sombreffe,2020-04-09,0,9
Sombreffe,2020-04-10,1,10
Sombreffe,2020-04-11,0,10
Sombreffe,2020-04-12,1,11
Sombreffe,2020-04-13,0,11
Sombreffe,2020-04-14,0,11
Sombreffe,2020-04-15,0,11
Sombreffe,2020-04-16,0,11
Sombreffe,2020-04-17,1,12
Sombreffe,2020-04-18,0,12
Sombreffe,2020-04-19,1,13
Sombreffe,2020-04-20,3,16
Sombreffe,2020-04-21,4,20
Sombreffe,2020-04-22,0,20
Sombreffe,2020-04-23,0,20
Sombreffe,2020-04-24,0,20
Sombreffe,2020-04-25,2,22
Sombreffe,2020-04-26,1,23
Sombreffe,2020-04-27,1,24
Sombreffe,2020-04-28,0,24
Sombreffe,2020-04-29,0,24
Sombreffe,2020-04-30,1,25
Sombreffe,2020-05-01,1,26
Sombreffe,2020-05-02,0,26
Sombreffe,2020-05-03,0,26
Sombreffe,2020-05-04,0,26
Sombreffe,2020-05-05,0,26
Sombreffe,2020-05-06,0,26
Sombreffe,2020-05-07,0,26
Sombreffe,2020-05-08,0,26
Sombreffe,2020-05-09,0,26
Sombreffe,2020-05-10,2,28
Sombreffe,2020-05-11,0,28
Sombreffe,2020-05-12,0,28
Sombreffe,2020-05-13,0,28
Sombreffe,2020-05-14,0,28
Sombreffe,2020-05-15,1,29
Sombreffe,2020-05-16,0,29
Sombreffe,2020-05-17,0,29
Sombreffe,2020-05-18,0,29
Sombreffe,2020-05-19,0,29
Sombreffe,2020-05-20,0,29
Sombreffe,2020-05-21,0,29
Sombreffe,2020-05-22,0,29
Sombreffe,2020-05-23,0,29
Sombreffe,2020-05-24,0,29
Sombreffe,2020-05-25,0,29
Sombreffe,2020-05-26,0,29
Sombreffe,2020-05-27,0,29
Sombreffe,2020-05-28,0,29
Sombreffe,2020-05-29,0,29
Sombreffe,2020-05-30,0,29
Sombreffe,2020-05-31,0,29
Sombreffe,2020-06-01,0,29
Sombreffe,2020-06-02,0,29
Sombreffe,2020-06-03,0,29
Sombreffe,2020-06-04,0,29
Sombreffe,2020-06-05,0,29
Sombreffe,2020-06-06,0,29
Sombreffe,2020-06-07,0,29
Sombreffe,2020-06-08,0,29
Sombreffe,2020-06-09,0,29
Sombreffe,2020-06-10,0,29
Sombreffe,2020-06-11,0,29
Sombreffe,2020-06-12,0,29
Sombreffe,2020-06-13,0,29
Sombreffe,2020-06-14,0,29
Sombreffe,2020-06-15,0,29
Sombreffe,2020-06-16,0,29
Sombreffe,2020-06-17,0,29
Sombreffe,2020-06-18,0,29
Sombreffe,2020-06-19,0,29
Sombreffe,2020-06-20,0,29
Sombreffe,2020-06-23,0,29
Sombreffe,2020-06-24,0,29
Sombreffe,2020-06-25,0,29
Sombreffe,2020-06-26,0,29
Sombreffe,2020-06-27,0,29
Sombreffe,2020-06-30,1,30
Sombreffe,2020-07-01,0,30
Sombreffe,2020-07-02,0,30
Sombreffe,2020-07-03,0,30
Sombreffe,2020-07-04,0,30
Sombreffe,2020-07-07,0,30
Sombreffe,2020-07-08,1,31
Sombreffe,2020-07-09,0,31
Sombreffe,2020-07-10,0,31
Sombreffe,2020-07-11,0,31
Sombreffe,2020-07-14,0,31
Sombreffe,2020-07-15,0,31
Sombreffe,2020-07-16,0,31
Sombreffe,2020-07-17,0,31
Sombreffe,2020-07-18,0,31
Sombreffe,2020-07-20,0,31
Sombreffe,2020-07-21,0,31
Sombreffe,2020-07-22,0,31
Sombreffe,2020-07-23,0,31
Sombreffe,2020-07-24,0,31
Sombreffe,2020-07-25,1,32
Sombreffe,2020-07-26,0,32
Sombreffe,2020-07-27,0,32
Sombreffe,2020-07-28,0,32
Sombreffe,2020-07-29,0,32
Sombreffe,2020-07-30,0,32
Sombreffe,2020-07-31,0,32
Sambreville,2020-04-01,0,14
Sambreville,2020-04-02,4,18
Sambreville,2020-04-03,0,18
Sambreville,2020-04-04,6,24
Sambreville,2020-04-05,2,26
Sambreville,2020-04-06,5,31
Sambreville,2020-04-07,1,32
Sambreville,2020-04-08,3,35
Sambreville,2020-04-09,4,39
Sambreville,2020-04-10,6,45
Sambreville,2020-04-11,5,50
Sambreville,2020-04-12,4,54
Sambreville,2020-04-13,2,56
Sambreville,2020-04-14,0,56
Sambreville,2020-04-15,3,59
Sambreville,2020-04-16,3,62
Sambreville,2020-04-17,1,63
Sambreville,2020-04-18,5,68
Sambreville,2020-04-19,0,68
Sambreville,2020-04-20,3,71
Sambreville,2020-04-21,2,73
Sambreville,2020-04-22,33,106
Sambreville,2020-04-23,1,107
Sambreville,2020-04-24,15,122
Sambreville,2020-04-25,1,123
Sambreville,2020-04-26,7,130
Sambreville,2020-04-27,0,130
Sambreville,2020-04-28,5,135
Sambreville,2020-04-29,2,137
Sambreville,2020-04-30,2,139
Sambreville,2020-05-01,0,139
Sambreville,2020-05-02,5,144
Sambreville,2020-05-03,3,147
Sambreville,2020-05-04,1,148
Sambreville,2020-05-05,5,153
Sambreville,2020-05-06,0,153
Sambreville,2020-05-07,5,158
Sambreville,2020-05-08,1,159
Sambreville,2020-05-09,3,162
Sambreville,2020-05-10,3,165
Sambreville,2020-05-11,0,165
Sambreville,2020-05-12,5,170
Sambreville,2020-05-13,-2,168
Sambreville,2020-05-14,2,170
Sambreville,2020-05-15,1,171
Sambreville,2020-05-16,3,174
Sambreville,2020-05-17,0,174
Sambreville,2020-05-18,1,175
Sambreville,2020-05-19,0,175
Sambreville,2020-05-20,0,175
Sambreville,2020-05-21,1,176
Sambreville,2020-05-22,2,178
Sambreville,2020-05-23,0,178
Sambreville,2020-05-24,3,181
Sambreville,2020-05-25,0,181
Sambreville,2020-05-26,1,182
Sambreville,2020-05-27,0,182
Sambreville,2020-05-28,1,183
Sambreville,2020-05-29,0,183
Sambreville,2020-05-30,0,183
Sambreville,2020-05-31,2,185
Sambreville,2020-06-01,0,185
Sambreville,2020-06-02,0,185
Sambreville,2020-06-03,0,185
Sambreville,2020-06-04,2,187
Sambreville,2020-06-05,1,188
Sambreville,2020-06-06,0,188
Sambreville,2020-06-07,0,188
Sambreville,2020-06-08,0,188
Sambreville,2020-06-09,0,188
Sambreville,2020-06-10,0,188
Sambreville,2020-06-11,1,189
Sambreville,2020-06-12,0,189
Sambreville,2020-06-13,0,189
Sambreville,2020-06-14,0,189
Sambreville,2020-06-15,0,189
Sambreville,2020-06-16,0,189
Sambreville,2020-06-17,0,189
Sambreville,2020-06-18,0,189
Sambreville,2020-06-19,0,189
Sambreville,2020-06-20,0,189
Sambreville,2020-06-23,0,189
Sambreville,2020-06-24,0,189
Sambreville,2020-06-25,0,189
Sambreville,2020-06-26,0,189
Sambreville,2020-06-27,0,189
Sambreville,2020-06-30,0,189
Sambreville,2020-07-01,0,189
Sambreville,2020-07-02,0,189
Sambreville,2020-07-03,0,189
Sambreville,2020-07-04,0,189
Sambreville,2020-07-07,0,189
Sambreville,2020-07-08,0,189
Sambreville,2020-07-09,0,189
Sambreville,2020-07-10,0,189
Sambreville,2020-07-11,0,189
Sambreville,2020-07-14,0,189
Sambreville,2020-07-15,0,189
Sambreville,2020-07-16,0,189
Sambreville,2020-07-17,0,189
Sambreville,2020-07-18,0,189
Sambreville,2020-07-20,1,190
Sambreville,2020-07-21,0,190
Sambreville,2020-07-22,0,190
Sambreville,2020-07-23,0,190
Sambreville,2020-07-24,0,190
Sambreville,2020-07-25,1,191
Sambreville,2020-07-26,0,191
Sambreville,2020-07-27,0,191
Sambreville,2020-07-28,0,191
Sambreville,2020-07-29,3,194
Sambreville,2020-07-30,0,194
Sambreville,2020-07-31,1,195
Fernelmont,2020-04-01,0,0
Fernelmont,2020-04-02,0,0
Fernelmont,2020-04-03,0,0
Fernelmont,2020-04-04,0,0
Fernelmont,2020-04-05,0,0
Fernelmont,2020-04-06,7,7
Fernelmont,2020-04-07,1,8
Fernelmont,2020-04-08,1,9
Fernelmont,2020-04-09,2,11
Fernelmont,2020-04-10,0,11
Fernelmont,2020-04-11,1,12
Fernelmont,2020-04-12,0,12
Fernelmont,2020-04-13,0,12
Fernelmont,2020-04-14,0,12
Fernelmont,2020-04-15,2,14
Fernelmont,2020-04-16,0,14
Fernelmont,2020-04-17,1,15
Fernelmont,2020-04-18,0,15
Fernelmont,2020-04-19,0,15
Fernelmont,2020-04-20,0,15
Fernelmont,2020-04-21,0,15
Fernelmont,2020-04-22,1,16
Fernelmont,2020-04-23,1,17
Fernelmont,2020-04-24,1,18
Fernelmont,2020-04-25,-1,17
Fernelmont,2020-04-26,0,17
Fernelmont,2020-04-27,0,17
Fernelmont,2020-04-28,0,17
Fernelmont,2020-04-29,0,17
Fernelmont,2020-04-30,0,17
Fernelmont,2020-05-01,1,18
Fernelmont,2020-05-02,1,19
Fernelmont,2020-05-03,0,19
Fernelmont,2020-05-04,0,19
Fernelmont,2020-05-05,1,20
Fernelmont,2020-05-06,1,21
Fernelmont,2020-05-07,0,21
Fernelmont,2020-05-08,0,21
Fernelmont,2020-05-09,0,21
Fernelmont,2020-05-10,0,21
Fernelmont,2020-05-11,0,21
Fernelmont,2020-05-12,0,21
Fernelmont,2020-05-13,0,21
Fernelmont,2020-05-14,1,22
Fernelmont,2020-05-15,0,22
Fernelmont,2020-05-16,0,22
Fernelmont,2020-05-17,0,22
Fernelmont,2020-05-18,0,22
Fernelmont,2020-05-19,0,22
Fernelmont,2020-05-20,0,22
Fernelmont,2020-05-21,0,22
Fernelmont,2020-05-22,0,22
Fernelmont,2020-05-23,0,22
Fernelmont,2020-05-24,3,25
Fernelmont,2020-05-25,0,25
Fernelmont,2020-05-26,0,25
Fernelmont,2020-05-27,0,25
Fernelmont,2020-05-28,1,26
Fernelmont,2020-05-29,0,26
Fernelmont,2020-05-30,0,26
Fernelmont,2020-05-31,0,26
Fernelmont,2020-06-01,0,26
Fernelmont,2020-06-02,0,26
Fernelmont,2020-06-03,0,26
Fernelmont,2020-06-04,0,26
Fernelmont,2020-06-05,0,26
Fernelmont,2020-06-06,0,26
Fernelmont,2020-06-07,1,27
Fernelmont,2020-06-08,0,27
Fernelmont,2020-06-09,0,27
Fernelmont,2020-06-10,0,27
Fernelmont,2020-06-11,0,27
Fernelmont,2020-06-12,0,27
Fernelmont,2020-06-13,0,27
Fernelmont,2020-06-14,0,27
Fernelmont,2020-06-15,0,27
Fernelmont,2020-06-16,0,27
Fernelmont,2020-06-17,0,27
Fernelmont,2020-06-18,0,27
Fernelmont,2020-06-19,0,27
Fernelmont,2020-06-20,0,27
Fernelmont,2020-06-23,0,27
Fernelmont,2020-06-24,0,27
Fernelmont,2020-06-25,0,27
Fernelmont,2020-06-26,0,27
Fernelmont,2020-06-27,0,27
Fernelmont,2020-06-30,0,27
Fernelmont,2020-07-01,0,27
Fernelmont,2020-07-02,0,27
Fernelmont,2020-07-03,0,27
Fernelmont,2020-07-04,0,27
Fernelmont,2020-07-07,0,27
Fernelmont,2020-07-08,0,27
Fernelmont,2020-07-09,0,27
Fernelmont,2020-07-10,0,27
Fernelmont,2020-07-11,0,27
Fernelmont,2020-07-14,0,27
Fernelmont,2020-07-15,0,27
Fernelmont,2020-07-16,0,27
Fernelmont,2020-07-17,0,27
Fernelmont,2020-07-18,0,27
Fernelmont,2020-07-20,0,27
Fernelmont,2020-07-21,0,27
Fernelmont,2020-07-22,0,27
Fernelmont,2020-07-23,2,29
Fernelmont,2020-07-24,0,29
Fernelmont,2020-07-25,0,29
Fernelmont,2020-07-26,0,29
Fernelmont,2020-07-27,0,29
Fernelmont,2020-07-28,0,29
Fernelmont,2020-07-29,0,29
Fernelmont,2020-07-30,0,29
Fernelmont,2020-07-31,0,29
Jemeppe-sur-Sambre,2020-04-01,0,11
Jemeppe-sur-Sambre,2020-04-02,1,12
Jemeppe-sur-Sambre,2020-04-03,0,12
Jemeppe-sur-Sambre,2020-04-04,1,13
Jemeppe-sur-Sambre,2020-04-05,0,13
Jemeppe-sur-Sambre,2020-04-06,1,14
Jemeppe-sur-Sambre,2020-04-07,0,14
Jemeppe-sur-Sambre,2020-04-08,1,15
Jemeppe-sur-Sambre,2020-04-09,1,16
Jemeppe-sur-Sambre,2020-04-10,6,22
Jemeppe-sur-Sambre,2020-04-11,1,23
Jemeppe-sur-Sambre,2020-04-12,1,24
Jemeppe-sur-Sambre,2020-04-13,0,24
Jemeppe-sur-Sambre,2020-04-14,1,25
Jemeppe-sur-Sambre,2020-04-15,2,27
Jemeppe-sur-Sambre,2020-04-16,1,28
Jemeppe-sur-Sambre,2020-04-17,1,29
Jemeppe-sur-Sambre,2020-04-18,1,30
Jemeppe-sur-Sambre,2020-04-19,2,32
Jemeppe-sur-Sambre,2020-04-20,3,35
Jemeppe-sur-Sambre,2020-04-21,0,35
Jemeppe-sur-Sambre,2020-04-22,4,39
Jemeppe-sur-Sambre,2020-04-23,4,43
Jemeppe-sur-Sambre,2020-04-24,4,47
Jemeppe-sur-Sambre,2020-04-25,-2,45
Jemeppe-sur-Sambre,2020-04-26,2,47
Jemeppe-sur-Sambre,2020-04-27,1,48
Jemeppe-sur-Sambre,2020-04-28,2,50
Jemeppe-sur-Sambre,2020-04-29,8,58
Jemeppe-sur-Sambre,2020-04-30,0,58
Jemeppe-sur-Sambre,2020-05-01,2,60
Jemeppe-sur-Sambre,2020-05-02,3,63
Jemeppe-sur-Sambre,2020-05-03,0,63
Jemeppe-sur-Sambre,2020-05-04,0,63
Jemeppe-sur-Sambre,2020-05-05,1,64
Jemeppe-sur-Sambre,2020-05-06,0,64
Jemeppe-sur-Sambre,2020-05-07,5,69
Jemeppe-sur-Sambre,2020-05-08,1,70
Jemeppe-sur-Sambre,2020-05-09,2,72
Jemeppe-sur-Sambre,2020-05-10,2,74
Jemeppe-sur-Sambre,2020-05-11,0,74
Jemeppe-sur-Sambre,2020-05-12,4,78
Jemeppe-sur-Sambre,2020-05-13,-1,77
Jemeppe-sur-Sambre,2020-05-14,1,78
Jemeppe-sur-Sambre,2020-05-15,0,78
Jemeppe-sur-Sambre,2020-05-16,0,78
Jemeppe-sur-Sambre,2020-05-17,0,78
Jemeppe-sur-Sambre,2020-05-18,0,78
Jemeppe-sur-Sambre,2020-05-19,1,79
Jemeppe-sur-Sambre,2020-05-20,0,79
Jemeppe-sur-Sambre,2020-05-21,0,79
Jemeppe-sur-Sambre,2020-05-22,0,79
Jemeppe-sur-Sambre,2020-05-23,0,79
Jemeppe-sur-Sambre,2020-05-24,2,81
Jemeppe-sur-Sambre,2020-05-25,0,81
Jemeppe-sur-Sambre,2020-05-26,0,81
Jemeppe-sur-Sambre,2020-05-27,0,81
Jemeppe-sur-Sambre,2020-05-28,0,81
Jemeppe-sur-Sambre,2020-05-29,0,81
Jemeppe-sur-Sambre,2020-05-30,0,81
Jemeppe-sur-Sambre,2020-05-31,0,81
Jemeppe-sur-Sambre,2020-06-01,0,81
Jemeppe-sur-Sambre,2020-06-02,1,82
Jemeppe-sur-Sambre,2020-06-03,0,82
Jemeppe-sur-Sambre,2020-06-04,0,82
Jemeppe-sur-Sambre,2020-06-05,1,83
Jemeppe-sur-Sambre,2020-06-06,0,83
Jemeppe-sur-Sambre,2020-06-07,0,83
Jemeppe-sur-Sambre,2020-06-08,0,83
Jemeppe-sur-Sambre,2020-06-09,0,83
Jemeppe-sur-Sambre,2020-06-10,0,83
Jemeppe-sur-Sambre,2020-06-11,0,83
Jemeppe-sur-Sambre,2020-06-12,1,84
Jemeppe-sur-Sambre,2020-06-13,0,84
Jemeppe-sur-Sambre,2020-06-14,0,84
Jemeppe-sur-Sambre,2020-06-15,1,85
Jemeppe-sur-Sambre,2020-06-16,0,85
Jemeppe-sur-Sambre,2020-06-17,0,85
Jemeppe-sur-Sambre,2020-06-18,0,85
Jemeppe-sur-Sambre,2020-06-19,0,85
Jemeppe-sur-Sambre,2020-06-20,0,85
Jemeppe-sur-Sambre,2020-06-23,0,85
Jemeppe-sur-Sambre,2020-06-24,0,85
Jemeppe-sur-Sambre,2020-06-25,0,85
Jemeppe-sur-Sambre,2020-06-26,0,85
Jemeppe-sur-Sambre,2020-06-27,0,85
Jemeppe-sur-Sambre,2020-06-30,0,85
Jemeppe-sur-Sambre,2020-07-01,0,85
Jemeppe-sur-Sambre,2020-07-02,0,85
Jemeppe-sur-Sambre,2020-07-03,0,85
Jemeppe-sur-Sambre,2020-07-04,0,85
Jemeppe-sur-Sambre,2020-07-07,0,85
Jemeppe-sur-Sambre,2020-07-08,0,85
Jemeppe-sur-Sambre,2020-07-09,0,85
Jemeppe-sur-Sambre,2020-07-10,0,85
Jemeppe-sur-Sambre,2020-07-11,0,85
Jemeppe-sur-Sambre,2020-07-14,0,85
Jemeppe-sur-Sambre,2020-07-15,0,85
Jemeppe-sur-Sambre,2020-07-16,0,85
Jemeppe-sur-Sambre,2020-07-17,0,85
Jemeppe-sur-Sambre,2020-07-18,0,85
Jemeppe-sur-Sambre,2020-07-20,0,85
Jemeppe-sur-Sambre,2020-07-21,0,85
Jemeppe-sur-Sambre,2020-07-22,0,85
Jemeppe-sur-Sambre,2020-07-23,3,88
Jemeppe-sur-Sambre,2020-07-24,0,88
Jemeppe-sur-Sambre,2020-07-25,0,88
Jemeppe-sur-Sambre,2020-07-26,0,88
Jemeppe-sur-Sambre,2020-07-27,0,88
Jemeppe-sur-Sambre,2020-07-28,0,88
Jemeppe-sur-Sambre,2020-07-29,0,88
Jemeppe-sur-Sambre,2020-07-30,2,90
Jemeppe-sur-Sambre,2020-07-31,0,90
La Bruyère,2020-04-01,5,5
La Bruyère,2020-04-02,3,8
La Bruyère,2020-04-03,0,8
La Bruyère,2020-04-04,2,10
La Bruyère,2020-04-05,1,11
La Bruyère,2020-04-06,0,11
La Bruyère,2020-04-07,0,11
La Bruyère,2020-04-08,1,12
La Bruyère,2020-04-09,1,13
La Bruyère,2020-04-10,1,14
La Bruyère,2020-04-11,0,14
La Bruyère,2020-04-12,1,15
La Bruyère,2020-04-13,0,15
La Bruyère,2020-04-14,1,16
La Bruyère,2020-04-15,1,17
La Bruyère,2020-04-16,2,19
La Bruyère,2020-04-17,1,20
La Bruyère,2020-04-18,1,21
La Bruyère,2020-04-19,0,21
La Bruyère,2020-04-20,4,25
La Bruyère,2020-04-21,0,25
La Bruyère,2020-04-22,2,27
La Bruyère,2020-04-23,1,28
La Bruyère,2020-04-24,0,28
La Bruyère,2020-04-25,0,28
La Bruyère,2020-04-26,1,29
La Bruyère,2020-04-27,0,29
La Bruyère,2020-04-28,2,31
La Bruyère,2020-04-29,0,31
La Bruyère,2020-04-30,0,31
La Bruyère,2020-05-01,0,31
La Bruyère,2020-05-02,0,31
La Bruyère,2020-05-03,1,32
La Bruyère,2020-05-04,0,32
La Bruyère,2020-05-05,0,32
La Bruyère,2020-05-06,0,32
La Bruyère,2020-05-07,0,32
La Bruyère,2020-05-08,0,32
La Bruyère,2020-05-09,0,32
La Bruyère,2020-05-10,1,33
La Bruyère,2020-05-11,0,33
La Bruyère,2020-05-12,0,33
La Bruyère,2020-05-13,0,33
La Bruyère,2020-05-14,0,33
La Bruyère,2020-05-15,0,33
La Bruyère,2020-05-16,1,34
La Bruyère,2020-05-17,0,34
La Bruyère,2020-05-18,0,34
La Bruyère,2020-05-19,0,34
La Bruyère,2020-05-20,0,34
La Bruyère,2020-05-21,0,34
La Bruyère,2020-05-22,0,34
La Bruyère,2020-05-23,0,34
La Bruyère,2020-05-24,0,34
La Bruyère,2020-05-25,0,34
La Bruyère,2020-05-26,0,34
La Bruyère,2020-05-27,0,34
La Bruyère,2020-05-28,0,34
La Bruyère,2020-05-29,0,34
La Bruyère,2020-05-30,0,34
La Bruyère,2020-05-31,0,34
La Bruyère,2020-06-01,0,34
La Bruyère,2020-06-02,0,34
La Bruyère,2020-06-03,0,34
La Bruyère,2020-06-04,0,34
La Bruyère,2020-06-05,0,34
La Bruyère,2020-06-06,0,34
La Bruyère,2020-06-07,0,34
La Bruyère,2020-06-08,0,34
La Bruyère,2020-06-09,0,34
La Bruyère,2020-06-10,0,34
La Bruyère,2020-06-11,0,34
La Bruyère,2020-06-12,0,34
La Bruyère,2020-06-13,0,34
La Bruyère,2020-06-14,0,34
La Bruyère,2020-06-15,0,34
La Bruyère,2020-06-16,0,34
La Bruyère,2020-06-17,0,34
La Bruyère,2020-06-18,0,34
La Bruyère,2020-06-19,0,34
La Bruyère,2020-06-20,0,34
La Bruyère,2020-06-23,0,34
La Bruyère,2020-06-24,0,34
La Bruyère,2020-06-25,0,34
La Bruyère,2020-06-26,0,34
La Bruyère,2020-06-27,0,34
La Bruyère,2020-06-30,0,34
La Bruyère,2020-07-01,0,34
La Bruyère,2020-07-02,1,35
La Bruyère,2020-07-03,0,35
La Bruyère,2020-07-04,0,35
La Bruyère,2020-07-07,0,35
La Bruyère,2020-07-08,0,35
La Bruyère,2020-07-09,0,35
La Bruyère,2020-07-10,0,35
La Bruyère,2020-07-11,0,35
La Bruyère,2020-07-14,0,35
La Bruyère,2020-07-15,0,35
La Bruyère,2020-07-16,0,35
La Bruyère,2020-07-17,0,35
La Bruyère,2020-07-18,0,35
La Bruyère,2020-07-20,0,35
La Bruyère,2020-07-21,0,35
La Bruyère,2020-07-22,0,35
La Bruyère,2020-07-23,0,35
La Bruyère,2020-07-24,0,35
La Bruyère,2020-07-25,0,35
La Bruyère,2020-07-26,0,35
La Bruyère,2020-07-27,0,35
La Bruyère,2020-07-28,0,35
La Bruyère,2020-07-29,0,35
La Bruyère,2020-07-30,1,36
La Bruyère,2020-07-31,0,36
Gembloux,2020-04-01,0,20
Gembloux,2020-04-02,5,25
Gembloux,2020-04-03,11,36
Gembloux,2020-04-04,4,40
Gembloux,2020-04-05,2,42
Gembloux,2020-04-06,0,42
Gembloux,2020-04-07,2,44
Gembloux,2020-04-08,3,47
Gembloux,2020-04-09,4,51
Gembloux,2020-04-10,13,64
Gembloux,2020-04-11,5,69
Gembloux,2020-04-12,2,71
Gembloux,2020-04-13,2,73
Gembloux,2020-04-14,0,73
Gembloux,2020-04-15,7,80
Gembloux,2020-04-16,2,82
Gembloux,2020-04-17,3,85
Gembloux,2020-04-18,2,87
Gembloux,2020-04-19,0,87
Gembloux,2020-04-20,2,89
Gembloux,2020-04-21,1,90
Gembloux,2020-04-22,2,92
Gembloux,2020-04-23,26,118
Gembloux,2020-04-24,1,119
Gembloux,2020-04-25,1,120
Gembloux,2020-04-26,0,120
Gembloux,2020-04-27,0,120
Gembloux,2020-04-28,0,120
Gembloux,2020-04-29,0,120
Gembloux,2020-04-30,0,120
Gembloux,2020-05-01,2,122
Gembloux,2020-05-02,1,123
Gembloux,2020-05-03,1,124
Gembloux,2020-05-04,1,125
Gembloux,2020-05-05,0,125
Gembloux,2020-05-06,0,125
Gembloux,2020-05-07,0,125
Gembloux,2020-05-08,2,127
Gembloux,2020-05-09,1,128
Gembloux,2020-05-10,1,129
Gembloux,2020-05-11,0,129
Gembloux,2020-05-12,0,129
Gembloux,2020-05-13,0,129
Gembloux,2020-05-14,0,129
Gembloux,2020-05-15,1,130
Gembloux,2020-05-16,0,130
Gembloux,2020-05-17,0,130
Gembloux,2020-05-18,0,130
Gembloux,2020-05-19,0,130
Gembloux,2020-05-20,1,131
Gembloux,2020-05-21,1,132
Gembloux,2020-05-22,0,132
Gembloux,2020-05-23,0,132
Gembloux,2020-05-24,2,134
Gembloux,2020-05-25,0,134
Gembloux,2020-05-26,0,134
Gembloux,2020-05-27,0,134
Gembloux,2020-05-28,0,134
Gembloux,2020-05-29,1,135
Gembloux,2020-05-30,0,135
Gembloux,2020-05-31,0,135
Gembloux,2020-06-01,0,135
Gembloux,2020-06-02,0,135
Gembloux,2020-06-03,1,136
Gembloux,2020-06-04,0,136
Gembloux,2020-06-05,0,136
Gembloux,2020-06-06,3,139
Gembloux,2020-06-07,2,141
Gembloux,2020-06-08,0,141
Gembloux,2020-06-09,0,141
Gembloux,2020-06-10,0,141
Gembloux,2020-06-11,0,141
Gembloux,2020-06-12,0,141
Gembloux,2020-06-13,0,141
Gembloux,2020-06-14,0,141
Gembloux,2020-06-15,0,141
Gembloux,2020-06-16,0,141
Gembloux,2020-06-17,0,141
Gembloux,2020-06-18,0,141
Gembloux,2020-06-19,0,141
Gembloux,2020-06-20,1,142
Gembloux,2020-06-23,0,142
Gembloux,2020-06-24,0,142
Gembloux,2020-06-25,0,142
Gembloux,2020-06-26,1,143
Gembloux,2020-06-27,0,143
Gembloux,2020-06-30,0,143
Gembloux,2020-07-01,0,143
Gembloux,2020-07-02,0,143
Gembloux,2020-07-03,0,143
Gembloux,2020-07-04,0,143
Gembloux,2020-07-07,0,143
Gembloux,2020-07-08,0,143
Gembloux,2020-07-09,0,143
Gembloux,2020-07-10,0,143
Gembloux,2020-07-11,0,143
Gembloux,2020-07-14,0,143
Gembloux,2020-07-15,0,143
Gembloux,2020-07-16,1,144
Gembloux,2020-07-17,0,144
Gembloux,2020-07-18,0,144
Gembloux,2020-07-20,1,145
Gembloux,2020-07-21,0,145
Gembloux,2020-07-22,1,146
Gembloux,2020-07-23,0,146
Gembloux,2020-07-24,0,146
Gembloux,2020-07-25,0,146
Gembloux,2020-07-26,1,147
Gembloux,2020-07-27,0,147
Gembloux,2020-07-28,0,147
Gembloux,2020-07-29,0,147
Gembloux,2020-07-30,1,148
Gembloux,2020-07-31,1,149
Cerfontaine,2020-04-01,0,0
Cerfontaine,2020-04-02,0,0
Cerfontaine,2020-04-03,0,0
Cerfontaine,2020-04-04,0,0
Cerfontaine,2020-04-05,0,0
Cerfontaine,2020-04-06,0,0
Cerfontaine,2020-04-07,0,0
Cerfontaine,2020-04-08,0,0
Cerfontaine,2020-04-09,0,0
Cerfontaine,2020-04-10,0,0
Cerfontaine,2020-04-11,0,0
Cerfontaine,2020-04-12,6,6
Cerfontaine,2020-04-13,0,6
Cerfontaine,2020-04-14,0,6
Cerfontaine,2020-04-15,0,6
Cerfontaine,2020-04-16,1,7
Cerfontaine,2020-04-17,0,7
Cerfontaine,2020-04-18,0,7
Cerfontaine,2020-04-19,1,8
Cerfontaine,2020-04-20,0,8
Cerfontaine,2020-04-21,0,8
Cerfontaine,2020-04-22,0,8
Cerfontaine,2020-04-23,1,9
Cerfontaine,2020-04-24,0,9
Cerfontaine,2020-04-25,0,9
Cerfontaine,2020-04-26,0,9
Cerfontaine,2020-04-27,0,9
Cerfontaine,2020-04-28,2,11
Cerfontaine,2020-04-29,0,11
Cerfontaine,2020-04-30,0,11
Cerfontaine,2020-05-01,0,11
Cerfontaine,2020-05-02,0,11
Cerfontaine,2020-05-03,0,11
Cerfontaine,2020-05-04,0,11
Cerfontaine,2020-05-05,0,11
Cerfontaine,2020-05-06,0,11
Cerfontaine,2020-05-07,1,12
Cerfontaine,2020-05-08,0,12
Cerfontaine,2020-05-09,0,12
Cerfontaine,2020-05-10,0,12
Cerfontaine,2020-05-11,0,12
Cerfontaine,2020-05-12,0,12
Cerfontaine,2020-05-13,0,12
Cerfontaine,2020-05-14,0,12
Cerfontaine,2020-05-15,0,12
Cerfontaine,2020-05-16,0,12
Cerfontaine,2020-05-17,0,12
Cerfontaine,2020-05-18,0,12
Cerfontaine,2020-05-19,0,12
Cerfontaine,2020-05-20,0,12
Cerfontaine,2020-05-21,0,12
Cerfontaine,2020-05-22,0,12
Cerfontaine,2020-05-23,0,12
Cerfontaine,2020-05-24,0,12
Cerfontaine,2020-05-25,0,12
Cerfontaine,2020-05-26,0,12
Cerfontaine,2020-05-27,0,12
Cerfontaine,2020-05-28,0,12
Cerfontaine,2020-05-29,0,12
Cerfontaine,2020-05-30,0,12
Cerfontaine,2020-05-31,0,12
Cerfontaine,2020-06-01,0,12
Cerfontaine,2020-06-02,0,12
Cerfontaine,2020-06-03,0,12
Cerfontaine,2020-06-04,0,12
Cerfontaine,2020-06-05,0,12
Cerfontaine,2020-06-06,0,12
Cerfontaine,2020-06-07,0,12
Cerfontaine,2020-06-08,0,12
Cerfontaine,2020-06-09,0,12
Cerfontaine,2020-06-10,0,12
Cerfontaine,2020-06-11,0,12
Cerfontaine,2020-06-12,0,12
Cerfontaine,2020-06-13,0,12
Cerfontaine,2020-06-14,0,12
Cerfontaine,2020-06-15,0,12
Cerfontaine,2020-06-16,0,12
Cerfontaine,2020-06-17,0,12
Cerfontaine,2020-06-18,0,12
Cerfontaine,2020-06-19,1,13
Cerfontaine,2020-06-20,0,13
Cerfontaine,2020-06-23,0,13
Cerfontaine,2020-06-24,0,13
Cerfontaine,2020-06-25,0,13
Cerfontaine,2020-06-26,0,13
Cerfontaine,2020-06-27,0,13
Cerfontaine,2020-06-30,0,13
Cerfontaine,2020-07-01,0,13
Cerfontaine,2020-07-02,0,13
Cerfontaine,2020-07-03,0,13
Cerfontaine,2020-07-04,0,13
Cerfontaine,2020-07-07,0,13
Cerfontaine,2020-07-08,0,13
Cerfontaine,2020-07-09,0,13
Cerfontaine,2020-07-10,0,13
Cerfontaine,2020-07-11,0,13
Cerfontaine,2020-07-14,0,13
Cerfontaine,2020-07-15,0,13
Cerfontaine,2020-07-16,0,13
Cerfontaine,2020-07-17,0,13
Cerfontaine,2020-07-18,0,13
Cerfontaine,2020-07-20,0,13
Cerfontaine,2020-07-21,0,13
Cerfontaine,2020-07-22,0,13
Cerfontaine,2020-07-23,0,13
Cerfontaine,2020-07-24,0,13
Cerfontaine,2020-07-25,1,14
Cerfontaine,2020-07-26,0,14
Cerfontaine,2020-07-27,0,14
Cerfontaine,2020-07-28,0,14
Cerfontaine,2020-07-29,0,14
Cerfontaine,2020-07-30,0,14
Cerfontaine,2020-07-31,0,14
Couvin,2020-04-01,0,9
Couvin,2020-04-02,2,11
Couvin,2020-04-03,0,11
Couvin,2020-04-04,2,13
Couvin,2020-04-05,0,13
Couvin,2020-04-06,2,15
Couvin,2020-04-07,0,15
Couvin,2020-04-08,18,33
Couvin,2020-04-09,0,33
Couvin,2020-04-10,4,37
Couvin,2020-04-11,1,38
Couvin,2020-04-12,4,42
Couvin,2020-04-13,0,42
Couvin,2020-04-14,0,42
Couvin,2020-04-15,0,42
Couvin,2020-04-16,6,48
Couvin,2020-04-17,0,48
Couvin,2020-04-18,1,49
Couvin,2020-04-19,0,49
Couvin,2020-04-20,2,51
Couvin,2020-04-21,0,51
Couvin,2020-04-22,1,52
Couvin,2020-04-23,1,53
Couvin,2020-04-24,1,54
Couvin,2020-04-25,0,54
Couvin,2020-04-26,1,55
Couvin,2020-04-27,0,55
Couvin,2020-04-28,1,56
Couvin,2020-04-29,1,57
Couvin,2020-04-30,1,58
Couvin,2020-05-01,0,58
Couvin,2020-05-02,1,59
Couvin,2020-05-03,0,59
Couvin,2020-05-04,0,59
Couvin,2020-05-05,0,59
Couvin,2020-05-06,0,59
Couvin,2020-05-07,0,59
Couvin,2020-05-08,0,59
Couvin,2020-05-09,3,62
Couvin,2020-05-10,0,62
Couvin,2020-05-11,0,62
Couvin,2020-05-12,0,62
Couvin,2020-05-13,3,65
Couvin,2020-05-14,0,65
Couvin,2020-05-15,0,65
Couvin,2020-05-16,0,65
Couvin,2020-05-17,0,65
Couvin,2020-05-18,1,66
Couvin,2020-05-19,0,66
Couvin,2020-05-20,0,66
Couvin,2020-05-21,0,66
Couvin,2020-05-22,0,66
Couvin,2020-05-23,0,66
Couvin,2020-05-24,0,66
Couvin,2020-05-25,0,66
Couvin,2020-05-26,0,66
Couvin,2020-05-27,0,66
Couvin,2020-05-28,1,67
Couvin,2020-05-29,0,67
Couvin,2020-05-30,0,67
Couvin,2020-05-31,0,67
Couvin,2020-06-01,0,67
Couvin,2020-06-02,1,68
Couvin,2020-06-03,0,68
Couvin,2020-06-04,0,68
Couvin,2020-06-05,0,68
Couvin,2020-06-06,0,68
Couvin,2020-06-07,0,68
Couvin,2020-06-08,0,68
Couvin,2020-06-09,0,68
Couvin,2020-06-10,0,68
Couvin,2020-06-11,1,69
Couvin,2020-06-12,0,69
Couvin,2020-06-13,0,69
Couvin,2020-06-14,0,69
Couvin,2020-06-15,0,69
Couvin,2020-06-16,0,69
Couvin,2020-06-17,0,69
Couvin,2020-06-18,0,69
Couvin,2020-06-19,0,69
Couvin,2020-06-20,0,69
Couvin,2020-06-23,0,69
Couvin,2020-06-24,0,69
Couvin,2020-06-25,0,69
Couvin,2020-06-26,0,69
Couvin,2020-06-27,0,69
Couvin,2020-06-30,0,69
Couvin,2020-07-01,0,69
Couvin,2020-07-02,0,69
Couvin,2020-07-03,0,69
Couvin,2020-07-04,0,69
Couvin,2020-07-07,0,69
Couvin,2020-07-08,0,69
Couvin,2020-07-09,0,69
Couvin,2020-07-10,0,69
Couvin,2020-07-11,0,69
Couvin,2020-07-14,0,69
Couvin,2020-07-15,0,69
Couvin,2020-07-16,0,69
Couvin,2020-07-17,0,69
Couvin,2020-07-18,0,69
Couvin,2020-07-20,0,69
Couvin,2020-07-21,1,70
Couvin,2020-07-22,0,70
Couvin,2020-07-23,0,70
Couvin,2020-07-24,0,70
Couvin,2020-07-25,0,70
Couvin,2020-07-26,0,70
Couvin,2020-07-27,0,70
Couvin,2020-07-28,0,70
Couvin,2020-07-29,0,70
Couvin,2020-07-30,0,70
Couvin,2020-07-31,0,70
Florennes,2020-04-01,0,9
Florennes,2020-04-02,0,9
Florennes,2020-04-03,0,9
Florennes,2020-04-04,2,11
Florennes,2020-04-05,1,12
Florennes,2020-04-06,0,12
Florennes,2020-04-07,0,12
Florennes,2020-04-08,1,13
Florennes,2020-04-09,1,14
Florennes,2020-04-10,0,14
Florennes,2020-04-11,0,14
Florennes,2020-04-12,0,14
Florennes,2020-04-13,2,16
Florennes,2020-04-14,0,16
Florennes,2020-04-15,2,18
Florennes,2020-04-16,1,19
Florennes,2020-04-17,0,19
Florennes,2020-04-18,1,20
Florennes,2020-04-19,0,20
Florennes,2020-04-20,0,20
Florennes,2020-04-21,0,20
Florennes,2020-04-22,2,22
Florennes,2020-04-23,0,22
Florennes,2020-04-24,0,22
Florennes,2020-04-25,1,23
Florennes,2020-04-26,0,23
Florennes,2020-04-27,1,24
Florennes,2020-04-28,0,24
Florennes,2020-04-29,1,25
Florennes,2020-04-30,1,26
Florennes,2020-05-01,2,28
Florennes,2020-05-02,0,28
Florennes,2020-05-03,0,28
Florennes,2020-05-04,0,28
Florennes,2020-05-05,0,28
Florennes,2020-05-06,0,28
Florennes,2020-05-07,1,29
Florennes,2020-05-08,0,29
Florennes,2020-05-09,0,29
Florennes,2020-05-10,1,30
Florennes,2020-05-11,0,30
Florennes,2020-05-12,0,30
Florennes,2020-05-13,0,30
Florennes,2020-05-14,0,30
Florennes,2020-05-15,0,30
Florennes,2020-05-16,1,31
Florennes,2020-05-17,0,31
Florennes,2020-05-18,0,31
Florennes,2020-05-19,0,31
Florennes,2020-05-20,0,31
Florennes,2020-05-21,0,31
Florennes,2020-05-22,0,31
Florennes,2020-05-23,0,31
Florennes,2020-05-24,0,31
Florennes,2020-05-25,0,31
Florennes,2020-05-26,0,31
Florennes,2020-05-27,0,31
Florennes,2020-05-28,0,31
Florennes,2020-05-29,0,31
Florennes,2020-05-30,0,31
Florennes,2020-05-31,0,31
Florennes,2020-06-01,0,31
Florennes,2020-06-02,0,31
Florennes,2020-06-03,0,31
Florennes,2020-06-04,0,31
Florennes,2020-06-05,0,31
Florennes,2020-06-06,0,31
Florennes,2020-06-07,0,31
Florennes,2020-06-08,0,31
Florennes,2020-06-09,0,31
Florennes,2020-06-10,0,31
Florennes,2020-06-11,0,31
Florennes,2020-06-12,0,31
Florennes,2020-06-13,0,31
Florennes,2020-06-14,0,31
Florennes,2020-06-15,0,31
Florennes,2020-06-16,0,31
Florennes,2020-06-17,0,31
Florennes,2020-06-18,0,31
Florennes,2020-06-19,1,32
Florennes,2020-06-20,0,32
Florennes,2020-06-23,0,32
Florennes,2020-06-24,0,32
Florennes,2020-06-25,0,32
Florennes,2020-06-26,0,32
Florennes,2020-06-27,0,32
Florennes,2020-06-30,0,32
Florennes,2020-07-01,0,32
Florennes,2020-07-02,0,32
Florennes,2020-07-03,0,32
Florennes,2020-07-04,0,32
Florennes,2020-07-07,0,32
Florennes,2020-07-08,0,32
Florennes,2020-07-09,0,32
Florennes,2020-07-10,0,32
Florennes,2020-07-11,0,32
Florennes,2020-07-14,0,32
Florennes,2020-07-15,1,33
Florennes,2020-07-16,0,33
Florennes,2020-07-17,1,34
Florennes,2020-07-18,1,35
Florennes,2020-07-20,0,35
Florennes,2020-07-21,0,35
Florennes,2020-07-22,0,35
Florennes,2020-07-23,0,35
Florennes,2020-07-24,0,35
Florennes,2020-07-25,1,36
Florennes,2020-07-26,2,38
Florennes,2020-07-27,0,38
Florennes,2020-07-28,0,38
Florennes,2020-07-29,0,38
Florennes,2020-07-30,0,38
Florennes,2020-07-31,0,38
Philippeville,2020-04-01,0,0
Philippeville,2020-04-02,0,0
Philippeville,2020-04-03,0,0
Philippeville,2020-04-04,6,6
Philippeville,2020-04-05,0,6
Philippeville,2020-04-06,0,6
Philippeville,2020-04-07,0,6
Philippeville,2020-04-08,2,8
Philippeville,2020-04-09,0,8
Philippeville,2020-04-10,0,8
Philippeville,2020-04-11,0,8
Philippeville,2020-04-12,0,8
Philippeville,2020-04-13,0,8
Philippeville,2020-04-14,0,8
Philippeville,2020-04-15,0,8
Philippeville,2020-04-16,0,8
Philippeville,2020-04-17,0,8
Philippeville,2020-04-18,1,9
Philippeville,2020-04-19,0,9
Philippeville,2020-04-20,0,9
Philippeville,2020-04-21,1,10
Philippeville,2020-04-22,0,10
Philippeville,2020-04-23,0,10
Philippeville,2020-04-24,3,13
Philippeville,2020-04-25,0,13
Philippeville,2020-04-26,1,14
Philippeville,2020-04-27,0,14
Philippeville,2020-04-28,1,15
Philippeville,2020-04-29,0,15
Philippeville,2020-04-30,0,15
Philippeville,2020-05-01,0,15
Philippeville,2020-05-02,0,15
Philippeville,2020-05-03,0,15
Philippeville,2020-05-04,0,15
Philippeville,2020-05-05,0,15
Philippeville,2020-05-06,0,15
Philippeville,2020-05-07,0,15
Philippeville,2020-05-08,0,15
Philippeville,2020-05-09,0,15
Philippeville,2020-05-10,0,15
Philippeville,2020-05-11,0,15
Philippeville,2020-05-12,0,15
Philippeville,2020-05-13,0,15
Philippeville,2020-05-14,0,15
Philippeville,2020-05-15,0,15
Philippeville,2020-05-16,0,15
Philippeville,2020-05-17,0,15
Philippeville,2020-05-18,0,15
Philippeville,2020-05-19,0,15
Philippeville,2020-05-20,0,15
Philippeville,2020-05-21,0,15
Philippeville,2020-05-22,0,15
Philippeville,2020-05-23,0,15
Philippeville,2020-05-24,0,15
Philippeville,2020-05-25,0,15
Philippeville,2020-05-26,0,15
Philippeville,2020-05-27,0,15
Philippeville,2020-05-28,0,15
Philippeville,2020-05-29,0,15
Philippeville,2020-05-30,1,16
Philippeville,2020-05-31,0,16
Philippeville,2020-06-01,0,16
Philippeville,2020-06-02,0,16
Philippeville,2020-06-03,0,16
Philippeville,2020-06-04,0,16
Philippeville,2020-06-05,0,16
Philippeville,2020-06-06,0,16
Philippeville,2020-06-07,0,16
Philippeville,2020-06-08,0,16
Philippeville,2020-06-09,0,16
Philippeville,2020-06-10,0,16
Philippeville,2020-06-11,0,16
Philippeville,2020-06-12,0,16
Philippeville,2020-06-13,0,16
Philippeville,2020-06-14,0,16
Philippeville,2020-06-15,0,16
Philippeville,2020-06-16,0,16
Philippeville,2020-06-17,0,16
Philippeville,2020-06-18,0,16
Philippeville,2020-06-19,0,16
Philippeville,2020-06-20,0,16
Philippeville,2020-06-23,0,16
Philippeville,2020-06-24,0,16
Philippeville,2020-06-25,0,16
Philippeville,2020-06-26,0,16
Philippeville,2020-06-27,0,16
Philippeville,2020-06-30,0,16
Philippeville,2020-07-01,0,16
Philippeville,2020-07-02,0,16
Philippeville,2020-07-03,0,16
Philippeville,2020-07-04,0,16
Philippeville,2020-07-07,0,16
Philippeville,2020-07-08,0,16
Philippeville,2020-07-09,0,16
Philippeville,2020-07-10,0,16
Philippeville,2020-07-11,0,16
Philippeville,2020-07-14,0,16
Philippeville,2020-07-15,0,16
Philippeville,2020-07-16,0,16
Philippeville,2020-07-17,0,16
Philippeville,2020-07-18,0,16
Philippeville,2020-07-20,0,16
Philippeville,2020-07-21,0,16
Philippeville,2020-07-22,0,16
Philippeville,2020-07-23,0,16
Philippeville,2020-07-24,0,16
Philippeville,2020-07-25,0,16
Philippeville,2020-07-26,2,18
Philippeville,2020-07-27,0,18
Philippeville,2020-07-28,0,18
Philippeville,2020-07-29,1,19
Philippeville,2020-07-30,0,19
Philippeville,2020-07-31,0,19
Walcourt,2020-04-01,0,0
Walcourt,2020-04-02,6,6
Walcourt,2020-04-03,0,6
Walcourt,2020-04-04,6,12
Walcourt,2020-04-05,0,12
Walcourt,2020-04-06,4,16
Walcourt,2020-04-07,0,16
Walcourt,2020-04-08,2,18
Walcourt,2020-04-09,1,19
Walcourt,2020-04-10,3,22
Walcourt,2020-04-11,2,24
Walcourt,2020-04-12,2,26
Walcourt,2020-04-13,0,26
Walcourt,2020-04-14,0,26
Walcourt,2020-04-15,3,29
Walcourt,2020-04-16,0,29
Walcourt,2020-04-17,2,31
Walcourt,2020-04-18,2,33
Walcourt,2020-04-19,1,34
Walcourt,2020-04-20,0,34
Walcourt,2020-04-21,2,36
Walcourt,2020-04-22,7,43
Walcourt,2020-04-23,1,44
Walcourt,2020-04-24,13,57
Walcourt,2020-04-25,0,57
Walcourt,2020-04-26,0,57
Walcourt,2020-04-27,0,57
Walcourt,2020-04-28,0,57
Walcourt,2020-04-29,0,57
Walcourt,2020-04-30,0,57
Walcourt,2020-05-01,0,57
Walcourt,2020-05-02,1,58
Walcourt,2020-05-03,1,59
Walcourt,2020-05-04,0,59
Walcourt,2020-05-05,0,59
Walcourt,2020-05-06,0,59
Walcourt,2020-05-07,1,60
Walcourt,2020-05-08,0,60
Walcourt,2020-05-09,0,60
Walcourt,2020-05-10,1,61
Walcourt,2020-05-11,0,61
Walcourt,2020-05-12,1,62
Walcourt,2020-05-13,0,62
Walcourt,2020-05-14,0,62
Walcourt,2020-05-15,1,63
Walcourt,2020-05-16,0,63
Walcourt,2020-05-17,0,63
Walcourt,2020-05-18,0,63
Walcourt,2020-05-19,0,63
Walcourt,2020-05-20,0,63
Walcourt,2020-05-21,0,63
Walcourt,2020-05-22,2,65
Walcourt,2020-05-23,0,65
Walcourt,2020-05-24,0,65
Walcourt,2020-05-25,0,65
Walcourt,2020-05-26,0,65
Walcourt,2020-05-27,0,65
Walcourt,2020-05-28,0,65
Walcourt,2020-05-29,0,65
Walcourt,2020-05-30,0,65
Walcourt,2020-05-31,0,65
Walcourt,2020-06-01,0,65
Walcourt,2020-06-02,0,65
Walcourt,2020-06-03,0,65
Walcourt,2020-06-04,0,65
Walcourt,2020-06-05,0,65
Walcourt,2020-06-06,0,65
Walcourt,2020-06-07,0,65
Walcourt,2020-06-08,0,65
Walcourt,2020-06-09,0,65
Walcourt,2020-06-10,0,65
Walcourt,2020-06-11,0,65
Walcourt,2020-06-12,0,65
Walcourt,2020-06-13,0,65
Walcourt,2020-06-14,0,65
Walcourt,2020-06-15,0,65
Walcourt,2020-06-16,0,65
Walcourt,2020-06-17,0,65
Walcourt,2020-06-18,0,65
Walcourt,2020-06-19,0,65
Walcourt,2020-06-20,0,65
Walcourt,2020-06-23,0,65
Walcourt,2020-06-24,0,65
Walcourt,2020-06-25,0,65
Walcourt,2020-06-26,0,65
Walcourt,2020-06-27,0,65
Walcourt,2020-06-30,0,65
Walcourt,2020-07-01,0,65
Walcourt,2020-07-02,0,65
Walcourt,2020-07-03,0,65
Walcourt,2020-07-04,0,65
Walcourt,2020-07-07,0,65
Walcourt,2020-07-08,0,65
Walcourt,2020-07-09,0,65
Walcourt,2020-07-10,0,65
Walcourt,2020-07-11,0,65
Walcourt,2020-07-14,0,65
Walcourt,2020-07-15,0,65
Walcourt,2020-07-16,0,65
Walcourt,2020-07-17,0,65
Walcourt,2020-07-18,0,65
Walcourt,2020-07-20,0,65
Walcourt,2020-07-21,0,65
Walcourt,2020-07-22,0,65
Walcourt,2020-07-23,0,65
Walcourt,2020-07-24,0,65
Walcourt,2020-07-25,3,68
Walcourt,2020-07-26,0,68
Walcourt,2020-07-27,0,68
Walcourt,2020-07-28,0,68
Walcourt,2020-07-29,0,68
Walcourt,2020-07-30,0,68
Walcourt,2020-07-31,1,69
Viroinval,2020-04-01,5,5
Viroinval,2020-04-02,0,5
Viroinval,2020-04-03,0,5
Viroinval,2020-04-04,2,7
Viroinval,2020-04-05,0,7
Viroinval,2020-04-06,3,10
Viroinval,2020-04-07,0,10
Viroinval,2020-04-08,0,10
Viroinval,2020-04-09,0,10
Viroinval,2020-04-10,0,10
Viroinval,2020-04-11,0,10
Viroinval,2020-04-12,0,10
Viroinval,2020-04-13,0,10
Viroinval,2020-04-14,0,10
Viroinval,2020-04-15,0,10
Viroinval,2020-04-16,1,11
Viroinval,2020-04-17,0,11
Viroinval,2020-04-18,0,11
Viroinval,2020-04-19,0,11
Viroinval,2020-04-20,1,12
Viroinval,2020-04-21,0,12
Viroinval,2020-04-22,0,12
Viroinval,2020-04-23,0,12
Viroinval,2020-04-24,0,12
Viroinval,2020-04-25,0,12
Viroinval,2020-04-26,0,12
Viroinval,2020-04-27,0,12
Viroinval,2020-04-28,0,12
Viroinval,2020-04-29,0,12
Viroinval,2020-04-30,0,12
Viroinval,2020-05-01,0,12
Viroinval,2020-05-02,0,12
Viroinval,2020-05-03,0,12
Viroinval,2020-05-04,0,12
Viroinval,2020-05-05,0,12
Viroinval,2020-05-06,0,12
Viroinval,2020-05-07,0,12
Viroinval,2020-05-08,0,12
Viroinval,2020-05-09,0,12
Viroinval,2020-05-10,0,12
Viroinval,2020-05-11,0,12
Viroinval,2020-05-12,0,12
Viroinval,2020-05-13,0,12
Viroinval,2020-05-14,0,12
Viroinval,2020-05-15,0,12
Viroinval,2020-05-16,0,12
Viroinval,2020-05-17,0,12
Viroinval,2020-05-18,0,12
Viroinval,2020-05-19,0,12
Viroinval,2020-05-20,0,12
Viroinval,2020-05-21,0,12
Viroinval,2020-05-22,0,12
Viroinval,2020-05-23,0,12
Viroinval,2020-05-24,0,12
Viroinval,2020-05-25,0,12
Viroinval,2020-05-26,0,12
Viroinval,2020-05-27,0,12
Viroinval,2020-05-28,0,12
Viroinval,2020-05-29,2,14
Viroinval,2020-05-30,0,14
Viroinval,2020-05-31,0,14
Viroinval,2020-06-01,0,14
Viroinval,2020-06-02,1,15
Viroinval,2020-06-03,0,15
Viroinval,2020-06-04,0,15
Viroinval,2020-06-05,0,15
Viroinval,2020-06-06,0,15
Viroinval,2020-06-07,0,15
Viroinval,2020-06-08,0,15
Viroinval,2020-06-09,0,15
Viroinval,2020-06-10,0,15
Viroinval,2020-06-11,0,15
Viroinval,2020-06-12,0,15
Viroinval,2020-06-13,0,15
Viroinval,2020-06-14,0,15
Viroinval,2020-06-15,0,15
Viroinval,2020-06-16,0,15
Viroinval,2020-06-17,0,15
Viroinval,2020-06-18,0,15
Viroinval,2020-06-19,0,15
Viroinval,2020-06-20,0,15
Viroinval,2020-06-23,0,15
Viroinval,2020-06-24,0,15
Viroinval,2020-06-25,0,15
Viroinval,2020-06-26,0,15
Viroinval,2020-06-27,0,15
Viroinval,2020-06-30,0,15
Viroinval,2020-07-01,0,15
Viroinval,2020-07-02,0,15
Viroinval,2020-07-03,0,15
Viroinval,2020-07-04,0,15
Viroinval,2020-07-07,0,15
Viroinval,2020-07-08,0,15
Viroinval,2020-07-09,0,15
Viroinval,2020-07-10,0,15
Viroinval,2020-07-11,0,15
Viroinval,2020-07-14,0,15
Viroinval,2020-07-15,0,15
Viroinval,2020-07-16,0,15
Viroinval,2020-07-17,0,15
Viroinval,2020-07-18,0,15
Viroinval,2020-07-20,0,15
Viroinval,2020-07-21,0,15
Viroinval,2020-07-22,0,15
Viroinval,2020-07-23,0,15
Viroinval,2020-07-24,0,15
Viroinval,2020-07-25,0,15
Viroinval,2020-07-26,0,15
Viroinval,2020-07-27,0,15
Viroinval,2020-07-28,1,16
Viroinval,2020-07-29,0,16
Viroinval,2020-07-30,0,16
Viroinval,2020-07-31,0,16
NA,2020-04-01,24,262
NA,2020-04-02,18,280
NA,2020-04-03,16,296
NA,2020-04-04,16,312
NA,2020-04-05,14,326
NA,2020-04-06,38,364
NA,2020-04-07,-3,361
NA,2020-04-08,16,377
NA,2020-04-09,12,389
NA,2020-04-10,21,410
NA,2020-04-11,9,419
NA,2020-04-12,22,441
NA,2020-04-13,3,444
NA,2020-04-14,7,451
NA,2020-04-15,53,504
NA,2020-04-16,9,513
NA,2020-04-17,20,533
NA,2020-04-18,11,544
NA,2020-04-19,15,559
NA,2020-04-20,6,565
NA,2020-04-21,13,578
NA,2020-04-22,19,597
NA,2020-04-23,64,661
NA,2020-04-24,142,803
NA,2020-04-25,118,921
NA,2020-04-26,11,932
NA,2020-04-27,8,940
NA,2020-04-28,12,952
NA,2020-04-29,15,967
NA,2020-04-30,13,980
NA,2020-05-01,11,991
NA,2020-05-02,8,999
NA,2020-05-03,26,1025
NA,2020-05-04,11,1036
NA,2020-05-05,6,1042
NA,2020-05-06,6,1048
NA,2020-05-07,11,1059
NA,2020-05-08,42,1101
NA,2020-05-09,7,1108
NA,2020-05-10,16,1124
NA,2020-05-11,20,1144
NA,2020-05-12,20,1164
NA,2020-05-13,9,1173
NA,2020-05-14,3,1176
NA,2020-05-15,3,1179
NA,2020-05-16,9,1188
NA,2020-05-17,9,1197
NA,2020-05-18,7,1204
NA,2020-05-19,5,1209
NA,2020-05-20,3,1212
NA,2020-05-21,6,1218
NA,2020-05-22,8,1226
NA,2020-05-23,9,1235
NA,2020-05-24,9,1244
NA,2020-05-25,3,1247
NA,2020-05-26,30,1277
NA,2020-05-27,3,1280
NA,2020-05-28,4,1284
NA,2020-05-29,1,1285
NA,2020-05-30,3,1288
NA,2020-05-31,7,1295
NA,2020-06-01,2,1297
NA,2020-06-02,0,1297
NA,2020-06-03,1,1298
NA,2020-06-04,1,1299
NA,2020-06-05,10,1309
NA,2020-06-06,4,1313
NA,2020-06-07,5,1318
NA,2020-06-08,4,1322
NA,2020-06-09,0,1322
NA,2020-06-10,6,1328
NA,2020-06-11,8,1336
NA,2020-06-12,-8,1328
NA,2020-06-13,2,1330
NA,2020-06-14,26,1356
NA,2020-06-15,2,1358
NA,2020-06-16,7,1365
NA,2020-06-17,1,1366
NA,2020-06-18,2,1368
NA,2020-06-19,5,1373
NA,2020-06-20,1,1374
NA,2020-06-23,6,1380
NA,2020-06-24,1,1381
NA,2020-06-25,6,1387
NA,2020-06-26,7,1394
NA,2020-06-27,4,1398
NA,2020-06-30,9,1407
NA,2020-07-01,3,1410
NA,2020-07-02,3,1413
NA,2020-07-03,4,1417
NA,2020-07-04,7,1424
NA,2020-07-07,8,1432
NA,2020-07-08,7,1439
NA,2020-07-09,3,1442
NA,2020-07-10,2,1444
NA,2020-07-11,3,1447
NA,2020-07-14,7,1454
NA,2020-07-15,0,1454
NA,2020-07-16,6,1460
NA,2020-07-17,5,1465
NA,2020-07-18,5,1470
NA,2020-07-20,3,1473
NA,2020-07-21,4,1477
NA,2020-07-22,2,1479
NA,2020-07-23,3,1482
NA,2020-07-24,6,1488
NA,2020-07-25,8,1496
NA,2020-07-26,8,1504
NA,2020-07-27,3,1507
NA,2020-07-28,7,1514
NA,2020-07-29,6,1520
NA,2020-07-30,44,1564
NA,2020-07-31,17,1581
Wortegem-Petegem,2020-04-02,0,0
Wortegem-Petegem,2020-04-03,5,5
Wortegem-Petegem,2020-04-04,2,7
Wortegem-Petegem,2020-04-05,0,7
Wortegem-Petegem,2020-04-06,0,7
Wortegem-Petegem,2020-04-07,0,7
Wortegem-Petegem,2020-04-08,1,8
Wortegem-Petegem,2020-04-09,2,10
Wortegem-Petegem,2020-04-10,0,10
Wortegem-Petegem,2020-04-11,0,10
Wortegem-Petegem,2020-04-12,0,10
Wortegem-Petegem,2020-04-13,0,10
Wortegem-Petegem,2020-04-14,1,11
Wortegem-Petegem,2020-04-15,0,11
Wortegem-Petegem,2020-04-16,1,12
Wortegem-Petegem,2020-04-17,0,12
Wortegem-Petegem,2020-04-18,1,13
Wortegem-Petegem,2020-04-19,2,15
Wortegem-Petegem,2020-04-20,0,15
Wortegem-Petegem,2020-04-21,0,15
Wortegem-Petegem,2020-04-22,0,15
Wortegem-Petegem,2020-04-23,0,15
Wortegem-Petegem,2020-04-24,0,15
Wortegem-Petegem,2020-04-25,0,15
Wortegem-Petegem,2020-04-26,0,15
Wortegem-Petegem,2020-04-27,0,15
Wortegem-Petegem,2020-04-28,0,15
Wortegem-Petegem,2020-04-29,2,17
Wortegem-Petegem,2020-04-30,0,17
Wortegem-Petegem,2020-05-01,0,17
Wortegem-Petegem,2020-05-02,0,17
Wortegem-Petegem,2020-05-03,1,18
Wortegem-Petegem,2020-05-04,0,18
Wortegem-Petegem,2020-05-05,3,21
Wortegem-Petegem,2020-05-06,0,21
Wortegem-Petegem,2020-05-07,3,24
Wortegem-Petegem,2020-05-08,2,26
Wortegem-Petegem,2020-05-09,1,27
Wortegem-Petegem,2020-05-10,1,28
Wortegem-Petegem,2020-05-11,0,28
Wortegem-Petegem,2020-05-12,0,28
Wortegem-Petegem,2020-05-13,2,30
Wortegem-Petegem,2020-05-14,0,30
Wortegem-Petegem,2020-05-15,0,30
Wortegem-Petegem,2020-05-16,0,30
Wortegem-Petegem,2020-05-17,1,31
Wortegem-Petegem,2020-05-18,0,31
Wortegem-Petegem,2020-05-19,1,32
Wortegem-Petegem,2020-05-20,0,32
Wortegem-Petegem,2020-05-21,0,32
Wortegem-Petegem,2020-05-22,0,32
Wortegem-Petegem,2020-05-23,0,32
Wortegem-Petegem,2020-05-24,0,32
Wortegem-Petegem,2020-05-25,1,33
Wortegem-Petegem,2020-05-26,0,33
Wortegem-Petegem,2020-05-27,0,33
Wortegem-Petegem,2020-05-28,0,33
Wortegem-Petegem,2020-05-29,0,33
Wortegem-Petegem,2020-05-30,0,33
Wortegem-Petegem,2020-05-31,0,33
Wortegem-Petegem,2020-06-01,0,33
Wortegem-Petegem,2020-06-02,0,33
Wortegem-Petegem,2020-06-03,0,33
Wortegem-Petegem,2020-06-04,0,33
Wortegem-Petegem,2020-06-05,0,33
Wortegem-Petegem,2020-06-06,0,33
Wortegem-Petegem,2020-06-07,0,33
Wortegem-Petegem,2020-06-08,0,33
Wortegem-Petegem,2020-06-09,0,33
Wortegem-Petegem,2020-06-10,0,33
Wortegem-Petegem,2020-06-11,0,33
Wortegem-Petegem,2020-06-12,0,33
Wortegem-Petegem,2020-06-13,0,33
Wortegem-Petegem,2020-06-14,0,33
Wortegem-Petegem,2020-06-15,0,33
Wortegem-Petegem,2020-06-16,0,33
Wortegem-Petegem,2020-06-17,0,33
Wortegem-Petegem,2020-06-18,0,33
Wortegem-Petegem,2020-06-19,0,33
Wortegem-Petegem,2020-06-20,0,33
Wortegem-Petegem,2020-06-23,0,33
Wortegem-Petegem,2020-06-24,0,33
Wortegem-Petegem,2020-06-25,0,33
Wortegem-Petegem,2020-06-26,0,33
Wortegem-Petegem,2020-06-27,0,33
Wortegem-Petegem,2020-06-30,0,33
Wortegem-Petegem,2020-07-01,0,33
Wortegem-Petegem,2020-07-02,0,33
Wortegem-Petegem,2020-07-03,0,33
Wortegem-Petegem,2020-07-04,0,33
Wortegem-Petegem,2020-07-07,0,33
Wortegem-Petegem,2020-07-08,1,34
Wortegem-Petegem,2020-07-09,0,34
Wortegem-Petegem,2020-07-10,0,34
Wortegem-Petegem,2020-07-11,0,34
Wortegem-Petegem,2020-07-14,0,34
Wortegem-Petegem,2020-07-15,0,34
Wortegem-Petegem,2020-07-16,0,34
Wortegem-Petegem,2020-07-17,0,34
Wortegem-Petegem,2020-07-18,0,34
Wortegem-Petegem,2020-07-20,0,34
Wortegem-Petegem,2020-07-21,0,34
Wortegem-Petegem,2020-07-22,0,34
Wortegem-Petegem,2020-07-23,0,34
Wortegem-Petegem,2020-07-24,0,34
Wortegem-Petegem,2020-07-25,0,34
Wortegem-Petegem,2020-07-26,0,34
Wortegem-Petegem,2020-07-27,0,34
Wortegem-Petegem,2020-07-28,0,34
Wortegem-Petegem,2020-07-29,0,34
Wortegem-Petegem,2020-07-30,0,34
Wortegem-Petegem,2020-07-31,0,34
Antoing,2020-04-02,0,0
Antoing,2020-04-03,0,0
Antoing,2020-04-04,0,0
Antoing,2020-04-05,0,0
Antoing,2020-04-06,0,0
Antoing,2020-04-07,0,0
Antoing,2020-04-08,0,0
Antoing,2020-04-09,0,0
Antoing,2020-04-10,0,0
Antoing,2020-04-11,0,0
Antoing,2020-04-12,0,0
Antoing,2020-04-13,0,0
Antoing,2020-04-14,0,0
Antoing,2020-04-15,0,0
Antoing,2020-04-16,0,0
Antoing,2020-04-17,0,0
Antoing,2020-04-18,0,0
Antoing,2020-04-19,0,0
Antoing,2020-04-20,0,0
Antoing,2020-04-21,0,0
Antoing,2020-04-22,0,0
Antoing,2020-04-23,0,0
Antoing,2020-04-24,5,5
Antoing,2020-04-25,0,5
Antoing,2020-04-26,2,7
Antoing,2020-04-27,1,8
Antoing,2020-04-28,2,10
Antoing,2020-04-29,1,11
Antoing,2020-04-30,0,11
Antoing,2020-05-01,0,11
Antoing,2020-05-02,0,11
Antoing,2020-05-03,0,11
Antoing,2020-05-04,0,11
Antoing,2020-05-05,0,11
Antoing,2020-05-06,0,11
Antoing,2020-05-07,0,11
Antoing,2020-05-08,1,12
Antoing,2020-05-09,1,13
Antoing,2020-05-10,0,13
Antoing,2020-05-11,0,13
Antoing,2020-05-12,1,14
Antoing,2020-05-13,0,14
Antoing,2020-05-14,0,14
Antoing,2020-05-15,0,14
Antoing,2020-05-16,0,14
Antoing,2020-05-17,0,14
Antoing,2020-05-18,0,14
Antoing,2020-05-19,0,14
Antoing,2020-05-20,0,14
Antoing,2020-05-21,0,14
Antoing,2020-05-22,0,14
Antoing,2020-05-23,0,14
Antoing,2020-05-24,0,14
Antoing,2020-05-25,0,14
Antoing,2020-05-26,1,15
Antoing,2020-05-27,0,15
Antoing,2020-05-28,1,16
Antoing,2020-05-29,0,16
Antoing,2020-05-30,1,17
Antoing,2020-05-31,0,17
Antoing,2020-06-01,0,17
Antoing,2020-06-02,0,17
Antoing,2020-06-03,0,17
Antoing,2020-06-04,0,17
Antoing,2020-06-05,0,17
Antoing,2020-06-06,0,17
Antoing,2020-06-07,0,17
Antoing,2020-06-08,0,17
Antoing,2020-06-09,0,17
Antoing,2020-06-10,0,17
Antoing,2020-06-11,0,17
Antoing,2020-06-12,0,17
Antoing,2020-06-13,0,17
Antoing,2020-06-14,0,17
Antoing,2020-06-15,0,17
Antoing,2020-06-16,0,17
Antoing,2020-06-17,0,17
Antoing,2020-06-18,0,17
Antoing,2020-06-19,0,17
Antoing,2020-06-20,0,17
Antoing,2020-06-23,0,17
Antoing,2020-06-24,0,17
Antoing,2020-06-25,0,17
Antoing,2020-06-26,0,17
Antoing,2020-06-27,0,17
Antoing,2020-06-30,0,17
Antoing,2020-07-01,0,17
Antoing,2020-07-02,0,17
Antoing,2020-07-03,0,17
Antoing,2020-07-04,0,17
Antoing,2020-07-07,0,17
Antoing,2020-07-08,0,17
Antoing,2020-07-09,0,17
Antoing,2020-07-10,0,17
Antoing,2020-07-11,0,17
Antoing,2020-07-14,0,17
Antoing,2020-07-15,0,17
Antoing,2020-07-16,0,17
Antoing,2020-07-17,0,17
Antoing,2020-07-18,0,17
Antoing,2020-07-20,0,17
Antoing,2020-07-21,0,17
Antoing,2020-07-22,0,17
Antoing,2020-07-23,0,17
Antoing,2020-07-24,0,17
Antoing,2020-07-25,0,17
Antoing,2020-07-26,0,17
Antoing,2020-07-27,0,17
Antoing,2020-07-28,0,17
Antoing,2020-07-29,0,17
Antoing,2020-07-30,0,17
Antoing,2020-07-31,0,17
Sivry-Rance,2020-04-03,0,0
Sivry-Rance,2020-04-04,0,0
Sivry-Rance,2020-04-05,0,0
Sivry-Rance,2020-04-06,0,0
Sivry-Rance,2020-04-07,0,0
Sivry-Rance,2020-04-08,0,0
Sivry-Rance,2020-04-09,0,0
Sivry-Rance,2020-04-10,0,0
Sivry-Rance,2020-04-11,0,0
Sivry-Rance,2020-04-12,0,0
Sivry-Rance,2020-04-13,0,0
Sivry-Rance,2020-04-14,0,0
Sivry-Rance,2020-04-15,0,0
Sivry-Rance,2020-04-16,0,0
Sivry-Rance,2020-04-17,5,5
Sivry-Rance,2020-04-18,0,5
Sivry-Rance,2020-04-19,0,5
Sivry-Rance,2020-04-20,1,6
Sivry-Rance,2020-04-21,0,6
Sivry-Rance,2020-04-22,0,6
Sivry-Rance,2020-04-23,0,6
Sivry-Rance,2020-04-24,1,7
Sivry-Rance,2020-04-25,1,8
Sivry-Rance,2020-04-26,0,8
Sivry-Rance,2020-04-27,0,8
Sivry-Rance,2020-04-28,0,8
Sivry-Rance,2020-04-29,0,8
Sivry-Rance,2020-04-30,0,8
Sivry-Rance,2020-05-01,0,8
Sivry-Rance,2020-05-02,1,9
Sivry-Rance,2020-05-03,0,9
Sivry-Rance,2020-05-04,0,9
Sivry-Rance,2020-05-05,0,9
Sivry-Rance,2020-05-06,0,9
Sivry-Rance,2020-05-07,0,9
Sivry-Rance,2020-05-08,0,9
Sivry-Rance,2020-05-09,0,9
Sivry-Rance,2020-05-10,0,9
Sivry-Rance,2020-05-11,1,10
Sivry-Rance,2020-05-12,0,10
Sivry-Rance,2020-05-13,0,10
Sivry-Rance,2020-05-14,0,10
Sivry-Rance,2020-05-15,0,10
Sivry-Rance,2020-05-16,0,10
Sivry-Rance,2020-05-17,0,10
Sivry-Rance,2020-05-18,0,10
Sivry-Rance,2020-05-19,0,10
Sivry-Rance,2020-05-20,0,10
Sivry-Rance,2020-05-21,0,10
Sivry-Rance,2020-05-22,0,10
Sivry-Rance,2020-05-23,0,10
Sivry-Rance,2020-05-24,0,10
Sivry-Rance,2020-05-25,0,10
Sivry-Rance,2020-05-26,0,10
Sivry-Rance,2020-05-27,0,10
Sivry-Rance,2020-05-28,0,10
Sivry-Rance,2020-05-29,0,10
Sivry-Rance,2020-05-30,0,10
Sivry-Rance,2020-05-31,0,10
Sivry-Rance,2020-06-01,1,11
Sivry-Rance,2020-06-02,0,11
Sivry-Rance,2020-06-03,0,11
Sivry-Rance,2020-06-04,0,11
Sivry-Rance,2020-06-05,0,11
Sivry-Rance,2020-06-06,0,11
Sivry-Rance,2020-06-07,0,11
Sivry-Rance,2020-06-08,0,11
Sivry-Rance,2020-06-09,0,11
Sivry-Rance,2020-06-10,0,11
Sivry-Rance,2020-06-11,0,11
Sivry-Rance,2020-06-12,0,11
Sivry-Rance,2020-06-13,0,11
Sivry-Rance,2020-06-14,0,11
Sivry-Rance,2020-06-15,0,11
Sivry-Rance,2020-06-16,0,11
Sivry-Rance,2020-06-17,0,11
Sivry-Rance,2020-06-18,0,11
Sivry-Rance,2020-06-19,0,11
Sivry-Rance,2020-06-20,0,11
Sivry-Rance,2020-06-23,0,11
Sivry-Rance,2020-06-24,0,11
Sivry-Rance,2020-06-25,0,11
Sivry-Rance,2020-06-26,0,11
Sivry-Rance,2020-06-27,0,11
Sivry-Rance,2020-06-30,0,11
Sivry-Rance,2020-07-01,0,11
Sivry-Rance,2020-07-02,0,11
Sivry-Rance,2020-07-03,0,11
Sivry-Rance,2020-07-04,0,11
Sivry-Rance,2020-07-07,0,11
Sivry-Rance,2020-07-08,0,11
Sivry-Rance,2020-07-09,0,11
Sivry-Rance,2020-07-10,0,11
Sivry-Rance,2020-07-11,0,11
Sivry-Rance,2020-07-14,0,11
Sivry-Rance,2020-07-15,0,11
Sivry-Rance,2020-07-16,0,11
Sivry-Rance,2020-07-17,0,11
Sivry-Rance,2020-07-18,0,11
Sivry-Rance,2020-07-20,0,11
Sivry-Rance,2020-07-21,0,11
Sivry-Rance,2020-07-22,0,11
Sivry-Rance,2020-07-23,1,12
Sivry-Rance,2020-07-24,0,12
Sivry-Rance,2020-07-25,0,12
Sivry-Rance,2020-07-26,0,12
Sivry-Rance,2020-07-27,0,12
Sivry-Rance,2020-07-28,0,12
Sivry-Rance,2020-07-29,0,12
Sivry-Rance,2020-07-30,0,12
Sivry-Rance,2020-07-31,0,12
Brunehaut,2020-04-03,0,0
Brunehaut,2020-04-04,0,0
Brunehaut,2020-04-05,0,0
Brunehaut,2020-04-06,0,0
Brunehaut,2020-04-07,0,0
Brunehaut,2020-04-08,0,0
Brunehaut,2020-04-09,0,0
Brunehaut,2020-04-10,5,5
Brunehaut,2020-04-11,0,5
Brunehaut,2020-04-12,1,6
Brunehaut,2020-04-13,4,10
Brunehaut,2020-04-14,0,10
Brunehaut,2020-04-15,0,10
Brunehaut,2020-04-16,0,10
Brunehaut,2020-04-17,0,10
Brunehaut,2020-04-18,0,10
Brunehaut,2020-04-19,0,10
Brunehaut,2020-04-20,0,10
Brunehaut,2020-04-21,20,30
Brunehaut,2020-04-22,3,33
Brunehaut,2020-04-23,1,34
Brunehaut,2020-04-24,0,34
Brunehaut,2020-04-25,0,34
Brunehaut,2020-04-26,1,35
Brunehaut,2020-04-27,0,35
Brunehaut,2020-04-28,0,35
Brunehaut,2020-04-29,0,35
Brunehaut,2020-04-30,1,36
Brunehaut,2020-05-01,0,36
Brunehaut,2020-05-02,0,36
Brunehaut,2020-05-03,0,36
Brunehaut,2020-05-04,0,36
Brunehaut,2020-05-05,0,36
Brunehaut,2020-05-06,0,36
Brunehaut,2020-05-07,0,36
Brunehaut,2020-05-08,1,37
Brunehaut,2020-05-09,0,37
Brunehaut,2020-05-10,0,37
Brunehaut,2020-05-11,0,37
Brunehaut,2020-05-12,0,37
Brunehaut,2020-05-13,1,38
Brunehaut,2020-05-14,0,38
Brunehaut,2020-05-15,0,38
Brunehaut,2020-05-16,1,39
Brunehaut,2020-05-17,0,39
Brunehaut,2020-05-18,0,39
Brunehaut,2020-05-19,0,39
Brunehaut,2020-05-20,1,40
Brunehaut,2020-05-21,0,40
Brunehaut,2020-05-22,0,40
Brunehaut,2020-05-23,0,40
Brunehaut,2020-05-24,0,40
Brunehaut,2020-05-25,0,40
Brunehaut,2020-05-26,0,40
Brunehaut,2020-05-27,0,40
Brunehaut,2020-05-28,0,40
Brunehaut,2020-05-29,0,40
Brunehaut,2020-05-30,1,41
Brunehaut,2020-05-31,0,41
Brunehaut,2020-06-01,0,41
Brunehaut,2020-06-02,0,41
Brunehaut,2020-06-03,0,41
Brunehaut,2020-06-04,0,41
Brunehaut,2020-06-05,1,42
Brunehaut,2020-06-06,0,42
Brunehaut,2020-06-07,0,42
Brunehaut,2020-06-08,0,42
Brunehaut,2020-06-09,0,42
Brunehaut,2020-06-10,0,42
Brunehaut,2020-06-11,0,42
Brunehaut,2020-06-12,0,42
Brunehaut,2020-06-13,0,42
Brunehaut,2020-06-14,0,42
Brunehaut,2020-06-15,1,43
Brunehaut,2020-06-16,0,43
Brunehaut,2020-06-17,0,43
Brunehaut,2020-06-18,0,43
Brunehaut,2020-06-19,0,43
Brunehaut,2020-06-20,0,43
Brunehaut,2020-06-23,0,43
Brunehaut,2020-06-24,0,43
Brunehaut,2020-06-25,0,43
Brunehaut,2020-06-26,0,43
Brunehaut,2020-06-27,0,43
Brunehaut,2020-06-30,0,43
Brunehaut,2020-07-01,0,43
Brunehaut,2020-07-02,1,44
Brunehaut,2020-07-03,0,44
Brunehaut,2020-07-04,0,44
Brunehaut,2020-07-07,0,44
Brunehaut,2020-07-08,0,44
Brunehaut,2020-07-09,0,44
Brunehaut,2020-07-10,0,44
Brunehaut,2020-07-11,0,44
Brunehaut,2020-07-14,0,44
Brunehaut,2020-07-15,0,44
Brunehaut,2020-07-16,0,44
Brunehaut,2020-07-17,0,44
Brunehaut,2020-07-18,0,44
Brunehaut,2020-07-20,0,44
Brunehaut,2020-07-21,0,44
Brunehaut,2020-07-22,0,44
Brunehaut,2020-07-23,0,44
Brunehaut,2020-07-24,0,44
Brunehaut,2020-07-25,1,45
Brunehaut,2020-07-26,0,45
Brunehaut,2020-07-27,0,45
Brunehaut,2020-07-28,0,45
Brunehaut,2020-07-29,0,45
Brunehaut,2020-07-30,0,45
Brunehaut,2020-07-31,0,45
Mont-de-l’Enclus,2020-04-03,0,0
Mont-de-l’Enclus,2020-04-04,0,0
Mont-de-l’Enclus,2020-04-05,0,0
Mont-de-l’Enclus,2020-04-06,0,0
Mont-de-l’Enclus,2020-04-07,0,0
Mont-de-l’Enclus,2020-04-08,0,0
Mont-de-l’Enclus,2020-04-09,5,5
Mont-de-l’Enclus,2020-04-10,0,5
Mont-de-l’Enclus,2020-04-11,0,5
Mont-de-l’Enclus,2020-04-12,0,5
Mont-de-l’Enclus,2020-04-13,0,5
Mont-de-l’Enclus,2020-04-14,0,5
Mont-de-l’Enclus,2020-04-15,0,5
Mont-de-l’Enclus,2020-04-16,1,6
Mont-de-l’Enclus,2020-04-17,0,6
Mont-de-l’Enclus,2020-04-18,0,6
Mont-de-l’Enclus,2020-04-19,0,6
Mont-de-l’Enclus,2020-04-20,0,6
Mont-de-l’Enclus,2020-04-21,0,6
Mont-de-l’Enclus,2020-04-22,1,7
Mont-de-l’Enclus,2020-04-23,0,7
Mont-de-l’Enclus,2020-04-24,0,7
Mont-de-l’Enclus,2020-04-25,0,7
Mont-de-l’Enclus,2020-04-26,0,7
Mont-de-l’Enclus,2020-04-27,0,7
Mont-de-l’Enclus,2020-04-28,0,7
Mont-de-l’Enclus,2020-04-29,0,7
Mont-de-l’Enclus,2020-04-30,1,8
Mont-de-l’Enclus,2020-05-01,0,8
Mont-de-l’Enclus,2020-05-02,0,8
Mont-de-l’Enclus,2020-05-03,0,8
Mont-de-l’Enclus,2020-05-04,0,8
Mont-de-l’Enclus,2020-05-05,0,8
Mont-de-l’Enclus,2020-05-06,1,9
Mont-de-l’Enclus,2020-05-07,0,9
Mont-de-l’Enclus,2020-05-08,0,9
Mont-de-l’Enclus,2020-05-09,0,9
Mont-de-l’Enclus,2020-05-10,0,9
Mont-de-l’Enclus,2020-05-11,0,9
Mont-de-l’Enclus,2020-05-12,0,9
Mont-de-l’Enclus,2020-05-13,0,9
Mont-de-l’Enclus,2020-05-14,0,9
Mont-de-l’Enclus,2020-05-15,0,9
Mont-de-l’Enclus,2020-05-16,0,9
Mont-de-l’Enclus,2020-05-17,0,9
Mont-de-l’Enclus,2020-05-18,0,9
Mont-de-l’Enclus,2020-05-19,0,9
Mont-de-l’Enclus,2020-05-20,1,10
Mont-de-l’Enclus,2020-05-21,0,10
Mont-de-l’Enclus,2020-05-22,0,10
Mont-de-l’Enclus,2020-05-23,0,10
Mont-de-l’Enclus,2020-05-24,0,10
Mont-de-l’Enclus,2020-05-25,0,10
Mont-de-l’Enclus,2020-05-26,0,10
Mont-de-l’Enclus,2020-05-27,0,10
Mont-de-l’Enclus,2020-05-28,0,10
Mont-de-l’Enclus,2020-05-29,0,10
Mont-de-l’Enclus,2020-05-30,0,10
Mont-de-l’Enclus,2020-05-31,0,10
Mont-de-l’Enclus,2020-06-01,0,10
Mont-de-l’Enclus,2020-06-02,0,10
Mont-de-l’Enclus,2020-06-03,0,10
Mont-de-l’Enclus,2020-06-04,0,10
Mont-de-l’Enclus,2020-06-05,0,10
Mont-de-l’Enclus,2020-06-06,0,10
Mont-de-l’Enclus,2020-06-07,0,10
Mont-de-l’Enclus,2020-06-08,0,10
Mont-de-l’Enclus,2020-06-09,0,10
Mont-de-l’Enclus,2020-06-10,0,10
Mont-de-l’Enclus,2020-06-11,0,10
Mont-de-l’Enclus,2020-06-12,0,10
Mont-de-l’Enclus,2020-06-13,0,10
Mont-de-l’Enclus,2020-06-14,0,10
Mont-de-l’Enclus,2020-06-15,0,10
Mont-de-l’Enclus,2020-06-16,0,10
Mont-de-l’Enclus,2020-06-17,0,10
Mont-de-l’Enclus,2020-06-18,0,10
Mont-de-l’Enclus,2020-06-19,0,10
Mont-de-l’Enclus,2020-06-20,0,10
Mont-de-l’Enclus,2020-06-23,0,10
Mont-de-l’Enclus,2020-06-24,0,10
Mont-de-l’Enclus,2020-06-25,0,10
Mont-de-l’Enclus,2020-06-26,0,10
Mont-de-l’Enclus,2020-06-27,0,10
Mont-de-l’Enclus,2020-06-30,0,10
Mont-de-l’Enclus,2020-07-01,0,10
Mont-de-l’Enclus,2020-07-02,0,10
Mont-de-l’Enclus,2020-07-03,0,10
Mont-de-l’Enclus,2020-07-04,0,10
Mont-de-l’Enclus,2020-07-07,0,10
Mont-de-l’Enclus,2020-07-08,0,10
Mont-de-l’Enclus,2020-07-09,0,10
Mont-de-l’Enclus,2020-07-10,0,10
Mont-de-l’Enclus,2020-07-11,0,10
Mont-de-l’Enclus,2020-07-14,0,10
Mont-de-l’Enclus,2020-07-15,0,10
Mont-de-l’Enclus,2020-07-16,0,10
Mont-de-l’Enclus,2020-07-17,0,10
Mont-de-l’Enclus,2020-07-18,0,10
Mont-de-l’Enclus,2020-07-20,0,10
Mont-de-l’Enclus,2020-07-21,0,10
Mont-de-l’Enclus,2020-07-22,0,10
Mont-de-l’Enclus,2020-07-23,0,10
Mont-de-l’Enclus,2020-07-24,0,10
Mont-de-l’Enclus,2020-07-25,0,10
Mont-de-l’Enclus,2020-07-26,0,10
Mont-de-l’Enclus,2020-07-27,0,10
Mont-de-l’Enclus,2020-07-28,0,10
Mont-de-l’Enclus,2020-07-29,0,10
Mont-de-l’Enclus,2020-07-30,0,10
Mont-de-l’Enclus,2020-07-31,0,10
Stoumont,2020-04-03,0,0
Stoumont,2020-04-04,0,0
Stoumont,2020-04-05,0,0
Stoumont,2020-04-06,0,0
Stoumont,2020-04-07,0,0
Stoumont,2020-04-08,0,0
Stoumont,2020-04-09,0,0
Stoumont,2020-04-10,0,0
Stoumont,2020-04-11,0,0
Stoumont,2020-04-12,0,0
Stoumont,2020-04-13,0,0
Stoumont,2020-04-14,0,0
Stoumont,2020-04-15,0,0
Stoumont,2020-04-16,0,0
Stoumont,2020-04-17,0,0
Stoumont,2020-04-18,6,6
Stoumont,2020-04-19,0,6
Stoumont,2020-04-20,0,6
Stoumont,2020-04-21,0,6
Stoumont,2020-04-22,1,7
Stoumont,2020-04-23,0,7
Stoumont,2020-04-24,1,8
Stoumont,2020-04-25,0,8
Stoumont,2020-04-26,0,8
Stoumont,2020-04-27,0,8
Stoumont,2020-04-28,0,8
Stoumont,2020-04-29,0,8
Stoumont,2020-04-30,0,8
Stoumont,2020-05-01,0,8
Stoumont,2020-05-02,0,8
Stoumont,2020-05-03,0,8
Stoumont,2020-05-04,1,9
Stoumont,2020-05-05,0,9
Stoumont,2020-05-06,0,9
Stoumont,2020-05-07,0,9
Stoumont,2020-05-08,0,9
Stoumont,2020-05-09,0,9
Stoumont,2020-05-10,0,9
Stoumont,2020-05-11,0,9
Stoumont,2020-05-12,0,9
Stoumont,2020-05-13,0,9
Stoumont,2020-05-14,0,9
Stoumont,2020-05-15,0,9
Stoumont,2020-05-16,0,9
Stoumont,2020-05-17,0,9
Stoumont,2020-05-18,0,9
Stoumont,2020-05-19,0,9
Stoumont,2020-05-20,0,9
Stoumont,2020-05-21,0,9
Stoumont,2020-05-22,0,9
Stoumont,2020-05-23,0,9
Stoumont,2020-05-24,0,9
Stoumont,2020-05-25,0,9
Stoumont,2020-05-26,0,9
Stoumont,2020-05-27,0,9
Stoumont,2020-05-28,0,9
Stoumont,2020-05-29,1,10
Stoumont,2020-05-30,0,10
Stoumont,2020-05-31,0,10
Stoumont,2020-06-01,0,10
Stoumont,2020-06-02,0,10
Stoumont,2020-06-03,0,10
Stoumont,2020-06-04,0,10
Stoumont,2020-06-05,0,10
Stoumont,2020-06-06,0,10
Stoumont,2020-06-07,0,10
Stoumont,2020-06-08,1,11
Stoumont,2020-06-09,0,11
Stoumont,2020-06-10,0,11
Stoumont,2020-06-11,0,11
Stoumont,2020-06-12,0,11
Stoumont,2020-06-13,0,11
Stoumont,2020-06-14,0,11
Stoumont,2020-06-15,1,12
Stoumont,2020-06-16,0,12
Stoumont,2020-06-17,0,12
Stoumont,2020-06-18,0,12
Stoumont,2020-06-19,1,13
Stoumont,2020-06-20,0,13
Stoumont,2020-06-23,1,14
Stoumont,2020-06-24,0,14
Stoumont,2020-06-25,0,14
Stoumont,2020-06-26,1,15
Stoumont,2020-06-27,0,15
Stoumont,2020-06-30,1,16
Stoumont,2020-07-01,0,16
Stoumont,2020-07-02,0,16
Stoumont,2020-07-03,0,16
Stoumont,2020-07-04,0,16
Stoumont,2020-07-07,0,16
Stoumont,2020-07-08,0,16
Stoumont,2020-07-09,0,16
Stoumont,2020-07-10,0,16
Stoumont,2020-07-11,0,16
Stoumont,2020-07-14,0,16
Stoumont,2020-07-15,0,16
Stoumont,2020-07-16,0,16
Stoumont,2020-07-17,0,16
Stoumont,2020-07-18,0,16
Stoumont,2020-07-20,0,16
Stoumont,2020-07-21,0,16
Stoumont,2020-07-22,0,16
Stoumont,2020-07-23,0,16
Stoumont,2020-07-24,0,16
Stoumont,2020-07-25,0,16
Stoumont,2020-07-26,0,16
Stoumont,2020-07-27,0,16
Stoumont,2020-07-28,0,16
Stoumont,2020-07-29,0,16
Stoumont,2020-07-30,0,16
Stoumont,2020-07-31,0,16
Tellin,2020-04-03,0,0
Tellin,2020-04-04,0,0
Tellin,2020-04-05,0,0
Tellin,2020-04-06,0,0
Tellin,2020-04-07,0,0
Tellin,2020-04-08,0,0
Tellin,2020-04-09,0,0
Tellin,2020-04-10,0,0
Tellin,2020-04-11,0,0
Tellin,2020-04-12,0,0
Tellin,2020-04-13,0,0
Tellin,2020-04-14,0,0
Tellin,2020-04-15,0,0
Tellin,2020-04-16,0,0
Tellin,2020-04-17,0,0
Tellin,2020-04-18,0,0
Tellin,2020-04-19,0,0
Tellin,2020-04-20,0,0
Tellin,2020-04-21,0,0
Tellin,2020-04-22,0,0
Tellin,2020-04-23,0,0
Tellin,2020-04-24,0,0
Tellin,2020-04-25,0,0
Tellin,2020-04-26,0,0
Tellin,2020-04-27,0,0
Tellin,2020-04-28,0,0
Tellin,2020-04-29,0,0
Tellin,2020-04-30,0,0
Tellin,2020-05-01,0,0
Tellin,2020-05-02,0,0
Tellin,2020-05-03,0,0
Tellin,2020-05-04,0,0
Tellin,2020-05-05,0,0
Tellin,2020-05-06,0,0
Tellin,2020-05-07,0,0
Tellin,2020-05-08,0,0
Tellin,2020-05-09,0,0
Tellin,2020-05-10,0,0
Tellin,2020-05-11,0,0
Tellin,2020-05-12,0,0
Tellin,2020-05-13,0,0
Tellin,2020-05-14,0,0
Tellin,2020-05-15,0,0
Tellin,2020-05-16,0,0
Tellin,2020-05-17,0,0
Tellin,2020-05-18,0,0
Tellin,2020-05-19,0,0
Tellin,2020-05-20,0,0
Tellin,2020-05-21,0,0
Tellin,2020-05-22,0,0
Tellin,2020-05-23,0,0
Tellin,2020-05-24,0,0
Tellin,2020-05-25,0,0
Tellin,2020-05-26,0,0
Tellin,2020-05-27,0,0
Tellin,2020-05-28,0,0
Tellin,2020-05-29,0,0
Tellin,2020-05-30,0,0
Tellin,2020-05-31,0,0
Tellin,2020-06-01,0,0
Tellin,2020-06-02,0,0
Tellin,2020-06-03,0,0
Tellin,2020-06-04,0,0
Tellin,2020-06-05,0,0
Tellin,2020-06-06,0,0
Tellin,2020-06-07,0,0
Tellin,2020-06-08,0,0
Tellin,2020-06-09,0,0
Tellin,2020-06-10,0,0
Tellin,2020-06-11,0,0
Tellin,2020-06-12,0,0
Tellin,2020-06-13,0,0
Tellin,2020-06-14,0,0
Tellin,2020-06-15,0,0
Tellin,2020-06-16,0,0
Tellin,2020-06-17,0,0
Tellin,2020-06-18,0,0
Tellin,2020-06-19,0,0
Tellin,2020-06-20,0,0
Tellin,2020-06-23,0,0
Tellin,2020-06-24,0,0
Tellin,2020-06-25,0,0
Tellin,2020-06-26,0,0
Tellin,2020-06-27,0,0
Tellin,2020-06-30,0,0
Tellin,2020-07-01,0,0
Tellin,2020-07-02,0,0
Tellin,2020-07-03,0,0
Tellin,2020-07-04,0,0
Tellin,2020-07-07,0,0
Tellin,2020-07-08,0,0
Tellin,2020-07-09,0,0
Tellin,2020-07-10,0,0
Tellin,2020-07-11,0,0
Tellin,2020-07-14,0,0
Tellin,2020-07-15,0,0
Tellin,2020-07-16,0,0
Tellin,2020-07-17,0,0
Tellin,2020-07-18,0,0
Tellin,2020-07-20,0,0
Tellin,2020-07-21,0,0
Tellin,2020-07-22,0,0
Tellin,2020-07-23,0,0
Tellin,2020-07-24,0,0
Tellin,2020-07-25,0,0
Tellin,2020-07-26,0,0
Tellin,2020-07-27,0,0
Tellin,2020-07-28,0,0
Tellin,2020-07-29,0,0
Tellin,2020-07-30,0,0
Tellin,2020-07-31,0,0
Doische,2020-04-03,0,0
Doische,2020-04-04,0,0
Doische,2020-04-05,0,0
Doische,2020-04-06,0,0
Doische,2020-04-07,0,0
Doische,2020-04-08,0,0
Doische,2020-04-09,0,0
Doische,2020-04-10,0,0
Doische,2020-04-11,0,0
Doische,2020-04-12,0,0
Doische,2020-04-13,0,0
Doische,2020-04-14,0,0
Doische,2020-04-15,0,0
Doische,2020-04-16,0,0
Doische,2020-04-17,0,0
Doische,2020-04-18,0,0
Doische,2020-04-19,0,0
Doische,2020-04-20,0,0
Doische,2020-04-21,0,0
Doische,2020-04-22,0,0
Doische,2020-04-23,0,0
Doische,2020-04-24,0,0
Doische,2020-04-25,0,0
Doische,2020-04-26,0,0
Doische,2020-04-27,0,0
Doische,2020-04-28,0,0
Doische,2020-04-29,0,0
Doische,2020-04-30,5,5
Doische,2020-05-01,0,5
Doische,2020-05-02,1,6
Doische,2020-05-03,0,6
Doische,2020-05-04,0,6
Doische,2020-05-05,0,6
Doische,2020-05-06,0,6
Doische,2020-05-07,0,6
Doische,2020-05-08,0,6
Doische,2020-05-09,0,6
Doische,2020-05-10,0,6
Doische,2020-05-11,0,6
Doische,2020-05-12,0,6
Doische,2020-05-13,0,6
Doische,2020-05-14,0,6
Doische,2020-05-15,0,6
Doische,2020-05-16,0,6
Doische,2020-05-17,0,6
Doische,2020-05-18,0,6
Doische,2020-05-19,0,6
Doische,2020-05-20,0,6
Doische,2020-05-21,0,6
Doische,2020-05-22,0,6
Doische,2020-05-23,0,6
Doische,2020-05-24,0,6
Doische,2020-05-25,0,6
Doische,2020-05-26,0,6
Doische,2020-05-27,0,6
Doische,2020-05-28,0,6
Doische,2020-05-29,0,6
Doische,2020-05-30,0,6
Doische,2020-05-31,0,6
Doische,2020-06-01,0,6
Doische,2020-06-02,0,6
Doische,2020-06-03,0,6
Doische,2020-06-04,0,6
Doische,2020-06-05,0,6
Doische,2020-06-06,0,6
Doische,2020-06-07,0,6
Doische,2020-06-08,0,6
Doische,2020-06-09,0,6
Doische,2020-06-10,0,6
Doische,2020-06-11,0,6
Doische,2020-06-12,0,6
Doische,2020-06-13,0,6
Doische,2020-06-14,0,6
Doische,2020-06-15,0,6
Doische,2020-06-16,0,6
Doische,2020-06-17,0,6
Doische,2020-06-18,0,6
Doische,2020-06-19,0,6
Doische,2020-06-20,0,6
Doische,2020-06-23,0,6
Doische,2020-06-24,0,6
Doische,2020-06-25,0,6
Doische,2020-06-26,0,6
Doische,2020-06-27,0,6
Doische,2020-06-30,0,6
Doische,2020-07-01,0,6
Doische,2020-07-02,0,6
Doische,2020-07-03,0,6
Doische,2020-07-04,0,6
Doische,2020-07-07,0,6
Doische,2020-07-08,0,6
Doische,2020-07-09,0,6
Doische,2020-07-10,0,6
Doische,2020-07-11,0,6
Doische,2020-07-14,0,6
Doische,2020-07-15,0,6
Doische,2020-07-16,0,6
Doische,2020-07-17,0,6
Doische,2020-07-18,0,6
Doische,2020-07-20,0,6
Doische,2020-07-21,0,6
Doische,2020-07-22,0,6
Doische,2020-07-23,0,6
Doische,2020-07-24,0,6
Doische,2020-07-25,0,6
Doische,2020-07-26,0,6
Doische,2020-07-27,0,6
Doische,2020-07-28,0,6
Doische,2020-07-29,0,6
Doische,2020-07-30,0,6
Doische,2020-07-31,0,6
Bever,2020-04-04,0,0
Bever,2020-04-05,0,0
Bever,2020-04-06,0,0
Bever,2020-04-07,0,0
Bever,2020-04-08,0,0
Bever,2020-04-09,0,0
Bever,2020-04-10,0,0
Bever,2020-04-11,0,0
Bever,2020-04-12,0,0
Bever,2020-04-13,0,0
Bever,2020-04-14,0,0
Bever,2020-04-15,0,0
Bever,2020-04-16,0,0
Bever,2020-04-17,0,0
Bever,2020-04-18,0,0
Bever,2020-04-19,0,0
Bever,2020-04-20,0,0
Bever,2020-04-21,0,0
Bever,2020-04-22,0,0
Bever,2020-04-23,0,0
Bever,2020-04-24,0,0
Bever,2020-04-25,0,0
Bever,2020-04-26,0,0
Bever,2020-04-27,0,0
Bever,2020-04-28,0,0
Bever,2020-04-29,0,0
Bever,2020-04-30,0,0
Bever,2020-05-01,0,0
Bever,2020-05-02,0,0
Bever,2020-05-03,0,0
Bever,2020-05-04,0,0
Bever,2020-05-05,0,0
Bever,2020-05-06,0,0
Bever,2020-05-07,0,0
Bever,2020-05-08,0,0
Bever,2020-05-09,0,0
Bever,2020-05-10,0,0
Bever,2020-05-11,0,0
Bever,2020-05-12,0,0
Bever,2020-05-13,0,0
Bever,2020-05-14,0,0
Bever,2020-05-15,0,0
Bever,2020-05-16,0,0
Bever,2020-05-17,0,0
Bever,2020-05-18,0,0
Bever,2020-05-19,0,0
Bever,2020-05-20,0,0
Bever,2020-05-21,0,0
Bever,2020-05-22,0,0
Bever,2020-05-23,0,0
Bever,2020-05-24,0,0
Bever,2020-05-25,0,0
Bever,2020-05-26,0,0
Bever,2020-05-27,0,0
Bever,2020-05-28,0,0
Bever,2020-05-29,0,0
Bever,2020-05-30,0,0
Bever,2020-05-31,0,0
Bever,2020-06-01,0,0
Bever,2020-06-02,0,0
Bever,2020-06-03,0,0
Bever,2020-06-04,0,0
Bever,2020-06-05,0,0
Bever,2020-06-06,0,0
Bever,2020-06-07,0,0
Bever,2020-06-08,0,0
Bever,2020-06-09,0,0
Bever,2020-06-10,0,0
Bever,2020-06-11,0,0
Bever,2020-06-12,0,0
Bever,2020-06-13,0,0
Bever,2020-06-14,0,0
Bever,2020-06-15,0,0
Bever,2020-06-16,0,0
Bever,2020-06-17,0,0
Bever,2020-06-18,0,0
Bever,2020-06-19,0,0
Bever,2020-06-20,0,0
Bever,2020-06-23,0,0
Bever,2020-06-24,0,0
Bever,2020-06-25,0,0
Bever,2020-06-26,0,0
Bever,2020-06-27,0,0
Bever,2020-06-30,0,0
Bever,2020-07-01,0,0
Bever,2020-07-02,0,0
Bever,2020-07-03,0,0
Bever,2020-07-04,0,0
Bever,2020-07-07,0,0
Bever,2020-07-08,0,0
Bever,2020-07-09,0,0
Bever,2020-07-10,0,0
Bever,2020-07-11,0,0
Bever,2020-07-14,0,0
Bever,2020-07-15,0,0
Bever,2020-07-16,0,0
Bever,2020-07-17,0,0
Bever,2020-07-18,0,0
Bever,2020-07-20,0,0
Bever,2020-07-21,0,0
Bever,2020-07-22,0,0
Bever,2020-07-23,0,0
Bever,2020-07-24,0,0
Bever,2020-07-25,0,0
Bever,2020-07-26,0,0
Bever,2020-07-27,0,0
Bever,2020-07-28,0,0
Bever,2020-07-29,0,0
Bever,2020-07-30,0,0
Bever,2020-07-31,0,0
Zuienkerke,2020-04-04,0,0
Zuienkerke,2020-04-05,0,0
Zuienkerke,2020-04-06,0,0
Zuienkerke,2020-04-07,0,0
Zuienkerke,2020-04-08,0,0
Zuienkerke,2020-04-09,0,0
Zuienkerke,2020-04-10,0,0
Zuienkerke,2020-04-11,0,0
Zuienkerke,2020-04-12,0,0
Zuienkerke,2020-04-13,0,0
Zuienkerke,2020-04-14,0,0
Zuienkerke,2020-04-15,0,0
Zuienkerke,2020-04-16,0,0
Zuienkerke,2020-04-17,0,0
Zuienkerke,2020-04-18,0,0
Zuienkerke,2020-04-19,0,0
Zuienkerke,2020-04-20,0,0
Zuienkerke,2020-04-21,0,0
Zuienkerke,2020-04-22,0,0
Zuienkerke,2020-04-23,0,0
Zuienkerke,2020-04-24,0,0
Zuienkerke,2020-04-25,0,0
Zuienkerke,2020-04-26,0,0
Zuienkerke,2020-04-27,0,0
Zuienkerke,2020-04-28,0,0
Zuienkerke,2020-04-29,0,0
Zuienkerke,2020-04-30,0,0
Zuienkerke,2020-05-01,0,0
Zuienkerke,2020-05-02,0,0
Zuienkerke,2020-05-03,0,0
Zuienkerke,2020-05-04,0,0
Zuienkerke,2020-05-05,0,0
Zuienkerke,2020-05-06,0,0
Zuienkerke,2020-05-07,0,0
Zuienkerke,2020-05-08,0,0
Zuienkerke,2020-05-09,0,0
Zuienkerke,2020-05-10,0,0
Zuienkerke,2020-05-11,0,0
Zuienkerke,2020-05-12,0,0
Zuienkerke,2020-05-13,5,5
Zuienkerke,2020-05-14,0,5
Zuienkerke,2020-05-15,0,5
Zuienkerke,2020-05-16,0,5
Zuienkerke,2020-05-17,0,5
Zuienkerke,2020-05-18,0,5
Zuienkerke,2020-05-19,0,5
Zuienkerke,2020-05-20,0,5
Zuienkerke,2020-05-21,1,6
Zuienkerke,2020-05-22,0,6
Zuienkerke,2020-05-23,0,6
Zuienkerke,2020-05-24,0,6
Zuienkerke,2020-05-25,0,6
Zuienkerke,2020-05-26,0,6
Zuienkerke,2020-05-27,0,6
Zuienkerke,2020-05-28,0,6
Zuienkerke,2020-05-29,0,6
Zuienkerke,2020-05-30,0,6
Zuienkerke,2020-05-31,0,6
Zuienkerke,2020-06-01,0,6
Zuienkerke,2020-06-02,0,6
Zuienkerke,2020-06-03,0,6
Zuienkerke,2020-06-04,0,6
Zuienkerke,2020-06-05,0,6
Zuienkerke,2020-06-06,0,6
Zuienkerke,2020-06-07,0,6
Zuienkerke,2020-06-08,0,6
Zuienkerke,2020-06-09,0,6
Zuienkerke,2020-06-10,1,7
Zuienkerke,2020-06-11,0,7
Zuienkerke,2020-06-12,1,8
Zuienkerke,2020-06-13,0,8
Zuienkerke,2020-06-14,0,8
Zuienkerke,2020-06-15,0,8
Zuienkerke,2020-06-16,0,8
Zuienkerke,2020-06-17,0,8
Zuienkerke,2020-06-18,0,8
Zuienkerke,2020-06-19,0,8
Zuienkerke,2020-06-20,0,8
Zuienkerke,2020-06-23,1,9
Zuienkerke,2020-06-24,0,9
Zuienkerke,2020-06-25,0,9
Zuienkerke,2020-06-26,0,9
Zuienkerke,2020-06-27,0,9
Zuienkerke,2020-06-30,0,9
Zuienkerke,2020-07-01,0,9
Zuienkerke,2020-07-02,0,9
Zuienkerke,2020-07-03,0,9
Zuienkerke,2020-07-04,0,9
Zuienkerke,2020-07-07,0,9
Zuienkerke,2020-07-08,0,9
Zuienkerke,2020-07-09,0,9
Zuienkerke,2020-07-10,0,9
Zuienkerke,2020-07-11,0,9
Zuienkerke,2020-07-14,0,9
Zuienkerke,2020-07-15,0,9
Zuienkerke,2020-07-16,0,9
Zuienkerke,2020-07-17,0,9
Zuienkerke,2020-07-18,0,9
Zuienkerke,2020-07-20,0,9
Zuienkerke,2020-07-21,0,9
Zuienkerke,2020-07-22,0,9
Zuienkerke,2020-07-23,0,9
Zuienkerke,2020-07-24,0,9
Zuienkerke,2020-07-25,0,9
Zuienkerke,2020-07-26,0,9
Zuienkerke,2020-07-27,0,9
Zuienkerke,2020-07-28,0,9
Zuienkerke,2020-07-29,0,9
Zuienkerke,2020-07-30,0,9
Zuienkerke,2020-07-31,0,9
Trois-Ponts,2020-04-04,0,0
Trois-Ponts,2020-04-05,0,0
Trois-Ponts,2020-04-06,0,0
Trois-Ponts,2020-04-07,0,0
Trois-Ponts,2020-04-08,0,0
Trois-Ponts,2020-04-09,0,0
Trois-Ponts,2020-04-10,0,0
Trois-Ponts,2020-04-11,0,0
Trois-Ponts,2020-04-12,0,0
Trois-Ponts,2020-04-13,0,0
Trois-Ponts,2020-04-14,0,0
Trois-Ponts,2020-04-15,0,0
Trois-Ponts,2020-04-16,0,0
Trois-Ponts,2020-04-17,0,0
Trois-Ponts,2020-04-18,0,0
Trois-Ponts,2020-04-19,0,0
Trois-Ponts,2020-04-20,0,0
Trois-Ponts,2020-04-21,0,0
Trois-Ponts,2020-04-22,0,0
Trois-Ponts,2020-04-23,0,0
Trois-Ponts,2020-04-24,0,0
Trois-Ponts,2020-04-25,0,0
Trois-Ponts,2020-04-26,0,0
Trois-Ponts,2020-04-27,0,0
Trois-Ponts,2020-04-28,0,0
Trois-Ponts,2020-04-29,0,0
Trois-Ponts,2020-04-30,0,0
Trois-Ponts,2020-05-01,0,0
Trois-Ponts,2020-05-02,0,0
Trois-Ponts,2020-05-03,0,0
Trois-Ponts,2020-05-04,0,0
Trois-Ponts,2020-05-05,0,0
Trois-Ponts,2020-05-06,0,0
Trois-Ponts,2020-05-07,0,0
Trois-Ponts,2020-05-08,0,0
Trois-Ponts,2020-05-09,0,0
Trois-Ponts,2020-05-10,0,0
Trois-Ponts,2020-05-11,0,0
Trois-Ponts,2020-05-12,0,0
Trois-Ponts,2020-05-13,0,0
Trois-Ponts,2020-05-14,0,0
Trois-Ponts,2020-05-15,0,0
Trois-Ponts,2020-05-16,0,0
Trois-Ponts,2020-05-17,5,5
Trois-Ponts,2020-05-18,0,5
Trois-Ponts,2020-05-19,0,5
Trois-Ponts,2020-05-20,0,5
Trois-Ponts,2020-05-21,0,5
Trois-Ponts,2020-05-22,0,5
Trois-Ponts,2020-05-23,0,5
Trois-Ponts,2020-05-24,0,5
Trois-Ponts,2020-05-25,0,5
Trois-Ponts,2020-05-26,0,5
Trois-Ponts,2020-05-27,0,5
Trois-Ponts,2020-05-28,0,5
Trois-Ponts,2020-05-29,0,5
Trois-Ponts,2020-05-30,0,5
Trois-Ponts,2020-05-31,0,5
Trois-Ponts,2020-06-01,0,5
Trois-Ponts,2020-06-02,0,5
Trois-Ponts,2020-06-03,0,5
Trois-Ponts,2020-06-04,0,5
Trois-Ponts,2020-06-05,0,5
Trois-Ponts,2020-06-06,0,5
Trois-Ponts,2020-06-07,0,5
Trois-Ponts,2020-06-08,0,5
Trois-Ponts,2020-06-09,0,5
Trois-Ponts,2020-06-10,0,5
Trois-Ponts,2020-06-11,0,5
Trois-Ponts,2020-06-12,0,5
Trois-Ponts,2020-06-13,0,5
Trois-Ponts,2020-06-14,0,5
Trois-Ponts,2020-06-15,0,5
Trois-Ponts,2020-06-16,0,5
Trois-Ponts,2020-06-17,0,5
Trois-Ponts,2020-06-18,0,5
Trois-Ponts,2020-06-19,0,5
Trois-Ponts,2020-06-20,0,5
Trois-Ponts,2020-06-23,0,5
Trois-Ponts,2020-06-24,0,5
Trois-Ponts,2020-06-25,0,5
Trois-Ponts,2020-06-26,0,5
Trois-Ponts,2020-06-27,0,5
Trois-Ponts,2020-06-30,0,5
Trois-Ponts,2020-07-01,0,5
Trois-Ponts,2020-07-02,0,5
Trois-Ponts,2020-07-03,0,5
Trois-Ponts,2020-07-04,0,5
Trois-Ponts,2020-07-07,0,5
Trois-Ponts,2020-07-08,0,5
Trois-Ponts,2020-07-09,0,5
Trois-Ponts,2020-07-10,0,5
Trois-Ponts,2020-07-11,0,5
Trois-Ponts,2020-07-14,0,5
Trois-Ponts,2020-07-15,0,5
Trois-Ponts,2020-07-16,0,5
Trois-Ponts,2020-07-17,0,5
Trois-Ponts,2020-07-18,0,5
Trois-Ponts,2020-07-20,0,5
Trois-Ponts,2020-07-21,0,5
Trois-Ponts,2020-07-22,0,5
Trois-Ponts,2020-07-23,1,6
Trois-Ponts,2020-07-24,0,6
Trois-Ponts,2020-07-25,0,6
Trois-Ponts,2020-07-26,0,6
Trois-Ponts,2020-07-27,0,6
Trois-Ponts,2020-07-28,0,6
Trois-Ponts,2020-07-29,0,6
Trois-Ponts,2020-07-30,0,6
Trois-Ponts,2020-07-31,0,6
Herstappe,2020-04-04,0,0
Herstappe,2020-04-05,0,0
Herstappe,2020-04-06,0,0
Herstappe,2020-04-07,0,0
Herstappe,2020-04-08,0,0
Herstappe,2020-04-09,0,0
Herstappe,2020-04-10,0,0
Herstappe,2020-04-11,0,0
Herstappe,2020-04-12,0,0
Herstappe,2020-04-13,0,0
Herstappe,2020-04-14,0,0
Herstappe,2020-04-15,0,0
Herstappe,2020-04-16,0,0
Herstappe,2020-04-17,0,0
Herstappe,2020-04-18,0,0
Herstappe,2020-04-19,0,0
Herstappe,2020-04-20,0,0
Herstappe,2020-04-21,0,0
Herstappe,2020-04-22,0,0
Herstappe,2020-04-23,0,0
Herstappe,2020-04-24,0,0
Herstappe,2020-04-25,0,0
Herstappe,2020-04-26,0,0
Herstappe,2020-04-27,0,0
Herstappe,2020-04-28,0,0
Herstappe,2020-04-29,0,0
Herstappe,2020-04-30,0,0
Herstappe,2020-05-01,0,0
Herstappe,2020-05-02,0,0
Herstappe,2020-05-03,0,0
Herstappe,2020-05-04,0,0
Herstappe,2020-05-05,0,0
Herstappe,2020-05-06,0,0
Herstappe,2020-05-07,0,0
Herstappe,2020-05-08,0,0
Herstappe,2020-05-09,0,0
Herstappe,2020-05-10,0,0
Herstappe,2020-05-11,0,0
Herstappe,2020-05-12,0,0
Herstappe,2020-05-13,0,0
Herstappe,2020-05-14,0,0
Herstappe,2020-05-15,0,0
Herstappe,2020-05-16,0,0
Herstappe,2020-05-17,0,0
Herstappe,2020-05-18,0,0
Herstappe,2020-05-19,0,0
Herstappe,2020-05-20,0,0
Herstappe,2020-05-21,0,0
Herstappe,2020-05-22,0,0
Herstappe,2020-05-23,0,0
Herstappe,2020-05-24,0,0
Herstappe,2020-05-25,0,0
Herstappe,2020-05-26,0,0
Herstappe,2020-05-27,0,0
Herstappe,2020-05-28,0,0
Herstappe,2020-05-29,0,0
Herstappe,2020-05-30,0,0
Herstappe,2020-05-31,0,0
Herstappe,2020-06-01,0,0
Herstappe,2020-06-02,0,0
Herstappe,2020-06-03,0,0
Herstappe,2020-06-04,0,0
Herstappe,2020-06-05,0,0
Herstappe,2020-06-06,0,0
Herstappe,2020-06-07,0,0
Herstappe,2020-06-08,0,0
Herstappe,2020-06-09,0,0
Herstappe,2020-06-10,0,0
Herstappe,2020-06-11,0,0
Herstappe,2020-06-12,0,0
Herstappe,2020-06-13,0,0
Herstappe,2020-06-14,0,0
Herstappe,2020-06-15,0,0
Herstappe,2020-06-16,0,0
Herstappe,2020-06-17,0,0
Herstappe,2020-06-18,0,0
Herstappe,2020-06-19,0,0
Herstappe,2020-06-20,0,0
Herstappe,2020-06-23,0,0
Herstappe,2020-06-24,0,0
Herstappe,2020-06-25,0,0
Herstappe,2020-06-26,0,0
Herstappe,2020-06-27,0,0
Herstappe,2020-06-30,0,0
Herstappe,2020-07-01,0,0
Herstappe,2020-07-02,0,0
Herstappe,2020-07-03,0,0
Herstappe,2020-07-04,0,0
Herstappe,2020-07-07,0,0
Herstappe,2020-07-08,0,0
Herstappe,2020-07-09,0,0
Herstappe,2020-07-10,0,0
Herstappe,2020-07-11,0,0
Herstappe,2020-07-14,0,0
Herstappe,2020-07-15,0,0
Herstappe,2020-07-16,0,0
Herstappe,2020-07-17,0,0
Herstappe,2020-07-18,0,0
Herstappe,2020-07-20,0,0
Herstappe,2020-07-21,0,0
Herstappe,2020-07-22,0,0
Herstappe,2020-07-23,0,0
Herstappe,2020-07-24,0,0
Herstappe,2020-07-25,0,0
Herstappe,2020-07-26,0,0
Herstappe,2020-07-27,0,0
Herstappe,2020-07-28,0,0
Herstappe,2020-07-29,0,0
Herstappe,2020-07-30,0,0
Herstappe,2020-07-31,0,0
Martelange,2020-04-04,0,0
Martelange,2020-04-05,0,0
Martelange,2020-04-06,0,0
Martelange,2020-04-07,0,0
Martelange,2020-04-08,0,0
Martelange,2020-04-09,0,0
Martelange,2020-04-10,0,0
Martelange,2020-04-11,0,0
Martelange,2020-04-12,0,0
Martelange,2020-04-13,0,0
Martelange,2020-04-14,0,0
Martelange,2020-04-15,0,0
Martelange,2020-04-16,0,0
Martelange,2020-04-17,0,0
Martelange,2020-04-18,0,0
Martelange,2020-04-19,0,0
Martelange,2020-04-20,0,0
Martelange,2020-04-21,0,0
Martelange,2020-04-22,0,0
Martelange,2020-04-23,0,0
Martelange,2020-04-24,0,0
Martelange,2020-04-25,0,0
Martelange,2020-04-26,0,0
Martelange,2020-04-27,0,0
Martelange,2020-04-28,0,0
Martelange,2020-04-29,0,0
Martelange,2020-04-30,0,0
Martelange,2020-05-01,0,0
Martelange,2020-05-02,0,0
Martelange,2020-05-03,0,0
Martelange,2020-05-04,0,0
Martelange,2020-05-05,0,0
Martelange,2020-05-06,0,0
Martelange,2020-05-07,0,0
Martelange,2020-05-08,0,0
Martelange,2020-05-09,0,0
Martelange,2020-05-10,0,0
Martelange,2020-05-11,0,0
Martelange,2020-05-12,0,0
Martelange,2020-05-13,0,0
Martelange,2020-05-14,0,0
Martelange,2020-05-15,0,0
Martelange,2020-05-16,0,0
Martelange,2020-05-17,0,0
Martelange,2020-05-18,0,0
Martelange,2020-05-19,0,0
Martelange,2020-05-20,0,0
Martelange,2020-05-21,0,0
Martelange,2020-05-22,0,0
Martelange,2020-05-23,0,0
Martelange,2020-05-24,0,0
Martelange,2020-05-25,0,0
Martelange,2020-05-26,0,0
Martelange,2020-05-27,0,0
Martelange,2020-05-28,0,0
Martelange,2020-05-29,0,0
Martelange,2020-05-30,0,0
Martelange,2020-05-31,0,0
Martelange,2020-06-01,0,0
Martelange,2020-06-02,0,0
Martelange,2020-06-03,0,0
Martelange,2020-06-04,0,0
Martelange,2020-06-05,0,0
Martelange,2020-06-06,0,0
Martelange,2020-06-07,0,0
Martelange,2020-06-08,0,0
Martelange,2020-06-09,0,0
Martelange,2020-06-10,0,0
Martelange,2020-06-11,0,0
Martelange,2020-06-12,0,0
Martelange,2020-06-13,0,0
Martelange,2020-06-14,0,0
Martelange,2020-06-15,0,0
Martelange,2020-06-16,0,0
Martelange,2020-06-17,0,0
Martelange,2020-06-18,0,0
Martelange,2020-06-19,0,0
Martelange,2020-06-20,0,0
Martelange,2020-06-23,0,0
Martelange,2020-06-24,0,0
Martelange,2020-06-25,0,0
Martelange,2020-06-26,0,0
Martelange,2020-06-27,0,0
Martelange,2020-06-30,0,0
Martelange,2020-07-01,0,0
Martelange,2020-07-02,0,0
Martelange,2020-07-03,0,0
Martelange,2020-07-04,0,0
Martelange,2020-07-07,0,0
Martelange,2020-07-08,0,0
Martelange,2020-07-09,0,0
Martelange,2020-07-10,0,0
Martelange,2020-07-11,0,0
Martelange,2020-07-14,0,0
Martelange,2020-07-15,0,0
Martelange,2020-07-16,0,0
Martelange,2020-07-17,0,0
Martelange,2020-07-18,0,0
Martelange,2020-07-20,0,0
Martelange,2020-07-21,0,0
Martelange,2020-07-22,0,0
Martelange,2020-07-23,0,0
Martelange,2020-07-24,0,0
Martelange,2020-07-25,0,0
Martelange,2020-07-26,0,0
Martelange,2020-07-27,0,0
Martelange,2020-07-28,0,0
Martelange,2020-07-29,0,0
Martelange,2020-07-30,0,0
Martelange,2020-07-31,0,0
Herbeumont,2020-04-04,0,0
Herbeumont,2020-04-05,0,0
Herbeumont,2020-04-06,0,0
Herbeumont,2020-04-07,0,0
Herbeumont,2020-04-08,0,0
Herbeumont,2020-04-09,0,0
Herbeumont,2020-04-10,0,0
Herbeumont,2020-04-11,0,0
Herbeumont,2020-04-12,0,0
Herbeumont,2020-04-13,0,0
Herbeumont,2020-04-14,0,0
Herbeumont,2020-04-15,0,0
Herbeumont,2020-04-16,0,0
Herbeumont,2020-04-17,0,0
Herbeumont,2020-04-18,0,0
Herbeumont,2020-04-19,0,0
Herbeumont,2020-04-20,0,0
Herbeumont,2020-04-21,0,0
Herbeumont,2020-04-22,0,0
Herbeumont,2020-04-23,0,0
Herbeumont,2020-04-24,0,0
Herbeumont,2020-04-25,0,0
Herbeumont,2020-04-26,0,0
Herbeumont,2020-04-27,0,0
Herbeumont,2020-04-28,0,0
Herbeumont,2020-04-29,0,0
Herbeumont,2020-04-30,0,0
Herbeumont,2020-05-01,0,0
Herbeumont,2020-05-02,0,0
Herbeumont,2020-05-03,0,0
Herbeumont,2020-05-04,0,0
Herbeumont,2020-05-05,0,0
Herbeumont,2020-05-06,0,0
Herbeumont,2020-05-07,0,0
Herbeumont,2020-05-08,0,0
Herbeumont,2020-05-09,0,0
Herbeumont,2020-05-10,0,0
Herbeumont,2020-05-11,0,0
Herbeumont,2020-05-12,0,0
Herbeumont,2020-05-13,0,0
Herbeumont,2020-05-14,0,0
Herbeumont,2020-05-15,0,0
Herbeumont,2020-05-16,0,0
Herbeumont,2020-05-17,0,0
Herbeumont,2020-05-18,0,0
Herbeumont,2020-05-19,0,0
Herbeumont,2020-05-20,0,0
Herbeumont,2020-05-21,0,0
Herbeumont,2020-05-22,0,0
Herbeumont,2020-05-23,0,0
Herbeumont,2020-05-24,0,0
Herbeumont,2020-05-25,0,0
Herbeumont,2020-05-26,0,0
Herbeumont,2020-05-27,0,0
Herbeumont,2020-05-28,0,0
Herbeumont,2020-05-29,0,0
Herbeumont,2020-05-30,0,0
Herbeumont,2020-05-31,0,0
Herbeumont,2020-06-01,0,0
Herbeumont,2020-06-02,0,0
Herbeumont,2020-06-03,0,0
Herbeumont,2020-06-04,0,0
Herbeumont,2020-06-05,0,0
Herbeumont,2020-06-06,0,0
Herbeumont,2020-06-07,0,0
Herbeumont,2020-06-08,0,0
Herbeumont,2020-06-09,0,0
Herbeumont,2020-06-10,0,0
Herbeumont,2020-06-11,0,0
Herbeumont,2020-06-12,0,0
Herbeumont,2020-06-13,0,0
Herbeumont,2020-06-14,0,0
Herbeumont,2020-06-15,0,0
Herbeumont,2020-06-16,0,0
Herbeumont,2020-06-17,0,0
Herbeumont,2020-06-18,0,0
Herbeumont,2020-06-19,0,0
Herbeumont,2020-06-20,0,0
Herbeumont,2020-06-23,0,0
Herbeumont,2020-06-24,0,0
Herbeumont,2020-06-25,0,0
Herbeumont,2020-06-26,0,0
Herbeumont,2020-06-27,0,0
Herbeumont,2020-06-30,0,0
Herbeumont,2020-07-01,0,0
Herbeumont,2020-07-02,0,0
Herbeumont,2020-07-03,0,0
Herbeumont,2020-07-04,0,0
Herbeumont,2020-07-07,0,0
Herbeumont,2020-07-08,0,0
Herbeumont,2020-07-09,0,0
Herbeumont,2020-07-10,0,0
Herbeumont,2020-07-11,0,0
Herbeumont,2020-07-14,0,0
Herbeumont,2020-07-15,0,0
Herbeumont,2020-07-16,0,0
Herbeumont,2020-07-17,0,0
Herbeumont,2020-07-18,0,0
Herbeumont,2020-07-20,0,0
Herbeumont,2020-07-21,0,0
Herbeumont,2020-07-22,0,0
Herbeumont,2020-07-23,0,0
Herbeumont,2020-07-24,0,0
Herbeumont,2020-07-25,0,0
Herbeumont,2020-07-26,0,0
Herbeumont,2020-07-27,0,0
Herbeumont,2020-07-28,0,0
Herbeumont,2020-07-29,0,0
Herbeumont,2020-07-30,0,0
Herbeumont,2020-07-31,0,0
Florenville,2020-04-04,0,0
Florenville,2020-04-05,0,0
Florenville,2020-04-06,0,0
Florenville,2020-04-07,0,0
Florenville,2020-04-08,0,0
Florenville,2020-04-09,5,5
Florenville,2020-04-10,5,10
Florenville,2020-04-11,0,10
Florenville,2020-04-12,0,10
Florenville,2020-04-13,1,11
Florenville,2020-04-14,0,11
Florenville,2020-04-15,0,11
Florenville,2020-04-16,0,11
Florenville,2020-04-17,0,11
Florenville,2020-04-18,0,11
Florenville,2020-04-19,1,12
Florenville,2020-04-20,0,12
Florenville,2020-04-21,0,12
Florenville,2020-04-22,0,12
Florenville,2020-04-23,0,12
Florenville,2020-04-24,0,12
Florenville,2020-04-25,0,12
Florenville,2020-04-26,0,12
Florenville,2020-04-27,0,12
Florenville,2020-04-28,0,12
Florenville,2020-04-29,0,12
Florenville,2020-04-30,0,12
Florenville,2020-05-01,0,12
Florenville,2020-05-02,0,12
Florenville,2020-05-03,0,12
Florenville,2020-05-04,0,12
Florenville,2020-05-05,0,12
Florenville,2020-05-06,0,12
Florenville,2020-05-07,0,12
Florenville,2020-05-08,0,12
Florenville,2020-05-09,0,12
Florenville,2020-05-10,0,12
Florenville,2020-05-11,0,12
Florenville,2020-05-12,0,12
Florenville,2020-05-13,0,12
Florenville,2020-05-14,0,12
Florenville,2020-05-15,0,12
Florenville,2020-05-16,0,12
Florenville,2020-05-17,1,13
Florenville,2020-05-18,0,13
Florenville,2020-05-19,0,13
Florenville,2020-05-20,0,13
Florenville,2020-05-21,0,13
Florenville,2020-05-22,0,13
Florenville,2020-05-23,1,14
Florenville,2020-05-24,1,15
Florenville,2020-05-25,0,15
Florenville,2020-05-26,0,15
Florenville,2020-05-27,0,15
Florenville,2020-05-28,0,15
Florenville,2020-05-29,0,15
Florenville,2020-05-30,0,15
Florenville,2020-05-31,0,15
Florenville,2020-06-01,0,15
Florenville,2020-06-02,0,15
Florenville,2020-06-03,0,15
Florenville,2020-06-04,0,15
Florenville,2020-06-05,0,15
Florenville,2020-06-06,0,15
Florenville,2020-06-07,0,15
Florenville,2020-06-08,0,15
Florenville,2020-06-09,0,15
Florenville,2020-06-10,0,15
Florenville,2020-06-11,0,15
Florenville,2020-06-12,0,15
Florenville,2020-06-13,0,15
Florenville,2020-06-14,0,15
Florenville,2020-06-15,0,15
Florenville,2020-06-16,0,15
Florenville,2020-06-17,0,15
Florenville,2020-06-18,0,15
Florenville,2020-06-19,0,15
Florenville,2020-06-20,0,15
Florenville,2020-06-23,0,15
Florenville,2020-06-24,0,15
Florenville,2020-06-25,0,15
Florenville,2020-06-26,0,15
Florenville,2020-06-27,0,15
Florenville,2020-06-30,0,15
Florenville,2020-07-01,0,15
Florenville,2020-07-02,0,15
Florenville,2020-07-03,0,15
Florenville,2020-07-04,0,15
Florenville,2020-07-07,0,15
Florenville,2020-07-08,0,15
Florenville,2020-07-09,0,15
Florenville,2020-07-10,0,15
Florenville,2020-07-11,0,15
Florenville,2020-07-14,0,15
Florenville,2020-07-15,0,15
Florenville,2020-07-16,0,15
Florenville,2020-07-17,0,15
Florenville,2020-07-18,0,15
Florenville,2020-07-20,0,15
Florenville,2020-07-21,0,15
Florenville,2020-07-22,0,15
Florenville,2020-07-23,0,15
Florenville,2020-07-24,0,15
Florenville,2020-07-25,0,15
Florenville,2020-07-26,0,15
Florenville,2020-07-27,0,15
Florenville,2020-07-28,0,15
Florenville,2020-07-29,0,15
Florenville,2020-07-30,0,15
Florenville,2020-07-31,0,15
Meix-devant-Virton,2020-04-04,0,0
Meix-devant-Virton,2020-04-05,0,0
Meix-devant-Virton,2020-04-06,0,0
Meix-devant-Virton,2020-04-07,0,0
Meix-devant-Virton,2020-04-08,0,0
Meix-devant-Virton,2020-04-09,0,0
Meix-devant-Virton,2020-04-10,0,0
Meix-devant-Virton,2020-04-11,0,0
Meix-devant-Virton,2020-04-12,0,0
Meix-devant-Virton,2020-04-13,0,0
Meix-devant-Virton,2020-04-14,0,0
Meix-devant-Virton,2020-04-15,0,0
Meix-devant-Virton,2020-04-16,0,0
Meix-devant-Virton,2020-04-17,0,0
Meix-devant-Virton,2020-04-18,0,0
Meix-devant-Virton,2020-04-19,0,0
Meix-devant-Virton,2020-04-20,0,0
Meix-devant-Virton,2020-04-21,0,0
Meix-devant-Virton,2020-04-22,0,0
Meix-devant-Virton,2020-04-23,5,5
Meix-devant-Virton,2020-04-24,0,5
Meix-devant-Virton,2020-04-25,-5,0
Meix-devant-Virton,2020-04-26,0,0
Meix-devant-Virton,2020-04-27,0,0
Meix-devant-Virton,2020-04-28,0,0
Meix-devant-Virton,2020-04-29,0,0
Meix-devant-Virton,2020-04-30,0,0
Meix-devant-Virton,2020-05-01,0,0
Meix-devant-Virton,2020-05-02,0,0
Meix-devant-Virton,2020-05-03,0,0
Meix-devant-Virton,2020-05-04,0,0
Meix-devant-Virton,2020-05-05,0,0
Meix-devant-Virton,2020-05-06,0,0
Meix-devant-Virton,2020-05-07,0,0
Meix-devant-Virton,2020-05-08,0,0
Meix-devant-Virton,2020-05-09,0,0
Meix-devant-Virton,2020-05-10,0,0
Meix-devant-Virton,2020-05-11,0,0
Meix-devant-Virton,2020-05-12,0,0
Meix-devant-Virton,2020-05-13,0,0
Meix-devant-Virton,2020-05-14,0,0
Meix-devant-Virton,2020-05-15,0,0
Meix-devant-Virton,2020-05-16,0,0
Meix-devant-Virton,2020-05-17,0,0
Meix-devant-Virton,2020-05-18,0,0
Meix-devant-Virton,2020-05-19,0,0
Meix-devant-Virton,2020-05-20,0,0
Meix-devant-Virton,2020-05-21,0,0
Meix-devant-Virton,2020-05-22,0,0
Meix-devant-Virton,2020-05-23,0,0
Meix-devant-Virton,2020-05-24,0,0
Meix-devant-Virton,2020-05-25,0,0
Meix-devant-Virton,2020-05-26,0,0
Meix-devant-Virton,2020-05-27,0,0
Meix-devant-Virton,2020-05-28,0,0
Meix-devant-Virton,2020-05-29,0,0
Meix-devant-Virton,2020-05-30,0,0
Meix-devant-Virton,2020-05-31,0,0
Meix-devant-Virton,2020-06-01,0,0
Meix-devant-Virton,2020-06-02,0,0
Meix-devant-Virton,2020-06-03,0,0
Meix-devant-Virton,2020-06-04,0,0
Meix-devant-Virton,2020-06-05,0,0
Meix-devant-Virton,2020-06-06,0,0
Meix-devant-Virton,2020-06-07,0,0
Meix-devant-Virton,2020-06-08,0,0
Meix-devant-Virton,2020-06-09,0,0
Meix-devant-Virton,2020-06-10,0,0
Meix-devant-Virton,2020-06-11,0,0
Meix-devant-Virton,2020-06-12,0,0
Meix-devant-Virton,2020-06-13,0,0
Meix-devant-Virton,2020-06-14,0,0
Meix-devant-Virton,2020-06-15,0,0
Meix-devant-Virton,2020-06-16,0,0
Meix-devant-Virton,2020-06-17,0,0
Meix-devant-Virton,2020-06-18,0,0
Meix-devant-Virton,2020-06-19,0,0
Meix-devant-Virton,2020-06-20,0,0
Meix-devant-Virton,2020-06-23,0,0
Meix-devant-Virton,2020-06-24,0,0
Meix-devant-Virton,2020-06-25,0,0
Meix-devant-Virton,2020-06-26,0,0
Meix-devant-Virton,2020-06-27,0,0
Meix-devant-Virton,2020-06-30,0,0
Meix-devant-Virton,2020-07-01,0,0
Meix-devant-Virton,2020-07-02,0,0
Meix-devant-Virton,2020-07-03,0,0
Meix-devant-Virton,2020-07-04,0,0
Meix-devant-Virton,2020-07-07,0,0
Meix-devant-Virton,2020-07-08,0,0
Meix-devant-Virton,2020-07-09,5,5
Meix-devant-Virton,2020-07-10,0,5
Meix-devant-Virton,2020-07-11,0,5
Meix-devant-Virton,2020-07-14,0,5
Meix-devant-Virton,2020-07-15,0,5
Meix-devant-Virton,2020-07-16,0,5
Meix-devant-Virton,2020-07-17,0,5
Meix-devant-Virton,2020-07-18,0,5
Meix-devant-Virton,2020-07-20,0,5
Meix-devant-Virton,2020-07-21,0,5
Meix-devant-Virton,2020-07-22,0,5
Meix-devant-Virton,2020-07-23,0,5
Meix-devant-Virton,2020-07-24,0,5
Meix-devant-Virton,2020-07-25,0,5
Meix-devant-Virton,2020-07-26,0,5
Meix-devant-Virton,2020-07-27,0,5
Meix-devant-Virton,2020-07-28,0,5
Meix-devant-Virton,2020-07-29,0,5
Meix-devant-Virton,2020-07-30,0,5
Meix-devant-Virton,2020-07-31,0,5
Vresse-sur-Semois,2020-04-04,0,0
Vresse-sur-Semois,2020-04-05,0,0
Vresse-sur-Semois,2020-04-06,0,0
Vresse-sur-Semois,2020-04-07,0,0
Vresse-sur-Semois,2020-04-08,0,0
Vresse-sur-Semois,2020-04-09,0,0
Vresse-sur-Semois,2020-04-10,0,0
Vresse-sur-Semois,2020-04-11,0,0
Vresse-sur-Semois,2020-04-12,0,0
Vresse-sur-Semois,2020-04-13,0,0
Vresse-sur-Semois,2020-04-14,0,0
Vresse-sur-Semois,2020-04-15,0,0
Vresse-sur-Semois,2020-04-16,0,0
Vresse-sur-Semois,2020-04-17,0,0
Vresse-sur-Semois,2020-04-18,0,0
Vresse-sur-Semois,2020-04-19,0,0
Vresse-sur-Semois,2020-04-20,0,0
Vresse-sur-Semois,2020-04-21,0,0
Vresse-sur-Semois,2020-04-22,0,0
Vresse-sur-Semois,2020-04-23,0,0
Vresse-sur-Semois,2020-04-24,0,0
Vresse-sur-Semois,2020-04-25,0,0
Vresse-sur-Semois,2020-04-26,0,0
Vresse-sur-Semois,2020-04-27,0,0
Vresse-sur-Semois,2020-04-28,0,0
Vresse-sur-Semois,2020-04-29,0,0
Vresse-sur-Semois,2020-04-30,0,0
Vresse-sur-Semois,2020-05-01,0,0
Vresse-sur-Semois,2020-05-02,0,0
Vresse-sur-Semois,2020-05-03,0,0
Vresse-sur-Semois,2020-05-04,0,0
Vresse-sur-Semois,2020-05-05,0,0
Vresse-sur-Semois,2020-05-06,0,0
Vresse-sur-Semois,2020-05-07,0,0
Vresse-sur-Semois,2020-05-08,0,0
Vresse-sur-Semois,2020-05-09,5,5
Vresse-sur-Semois,2020-05-10,0,5
Vresse-sur-Semois,2020-05-11,5,10
Vresse-sur-Semois,2020-05-12,0,10
Vresse-sur-Semois,2020-05-13,0,10
Vresse-sur-Semois,2020-05-14,0,10
Vresse-sur-Semois,2020-05-15,0,10
Vresse-sur-Semois,2020-05-16,0,10
Vresse-sur-Semois,2020-05-17,0,10
Vresse-sur-Semois,2020-05-18,0,10
Vresse-sur-Semois,2020-05-19,0,10
Vresse-sur-Semois,2020-05-20,0,10
Vresse-sur-Semois,2020-05-21,0,10
Vresse-sur-Semois,2020-05-22,0,10
Vresse-sur-Semois,2020-05-23,0,10
Vresse-sur-Semois,2020-05-24,0,10
Vresse-sur-Semois,2020-05-25,1,11
Vresse-sur-Semois,2020-05-26,0,11
Vresse-sur-Semois,2020-05-27,0,11
Vresse-sur-Semois,2020-05-28,0,11
Vresse-sur-Semois,2020-05-29,0,11
Vresse-sur-Semois,2020-05-30,0,11
Vresse-sur-Semois,2020-05-31,0,11
Vresse-sur-Semois,2020-06-01,0,11
Vresse-sur-Semois,2020-06-02,0,11
Vresse-sur-Semois,2020-06-03,0,11
Vresse-sur-Semois,2020-06-04,0,11
Vresse-sur-Semois,2020-06-05,0,11
Vresse-sur-Semois,2020-06-06,0,11
Vresse-sur-Semois,2020-06-07,0,11
Vresse-sur-Semois,2020-06-08,0,11
Vresse-sur-Semois,2020-06-09,0,11
Vresse-sur-Semois,2020-06-10,0,11
Vresse-sur-Semois,2020-06-11,0,11
Vresse-sur-Semois,2020-06-12,0,11
Vresse-sur-Semois,2020-06-13,0,11
Vresse-sur-Semois,2020-06-14,0,11
Vresse-sur-Semois,2020-06-15,0,11
Vresse-sur-Semois,2020-06-16,0,11
Vresse-sur-Semois,2020-06-17,0,11
Vresse-sur-Semois,2020-06-18,0,11
Vresse-sur-Semois,2020-06-19,0,11
Vresse-sur-Semois,2020-06-20,0,11
Vresse-sur-Semois,2020-06-23,0,11
Vresse-sur-Semois,2020-06-24,0,11
Vresse-sur-Semois,2020-06-25,0,11
Vresse-sur-Semois,2020-06-26,0,11
Vresse-sur-Semois,2020-06-27,0,11
Vresse-sur-Semois,2020-06-30,0,11
Vresse-sur-Semois,2020-07-01,0,11
Vresse-sur-Semois,2020-07-02,0,11
Vresse-sur-Semois,2020-07-03,0,11
Vresse-sur-Semois,2020-07-04,0,11
Vresse-sur-Semois,2020-07-07,0,11
Vresse-sur-Semois,2020-07-08,0,11
Vresse-sur-Semois,2020-07-09,0,11
Vresse-sur-Semois,2020-07-10,0,11
Vresse-sur-Semois,2020-07-11,0,11
Vresse-sur-Semois,2020-07-14,0,11
Vresse-sur-Semois,2020-07-15,0,11
Vresse-sur-Semois,2020-07-16,0,11
Vresse-sur-Semois,2020-07-17,0,11
Vresse-sur-Semois,2020-07-18,0,11
Vresse-sur-Semois,2020-07-20,0,11
Vresse-sur-Semois,2020-07-21,0,11
Vresse-sur-Semois,2020-07-22,0,11
Vresse-sur-Semois,2020-07-23,0,11
Vresse-sur-Semois,2020-07-24,0,11
Vresse-sur-Semois,2020-07-25,0,11
Vresse-sur-Semois,2020-07-26,0,11
Vresse-sur-Semois,2020-07-27,0,11
Vresse-sur-Semois,2020-07-28,0,11
Vresse-sur-Semois,2020-07-29,0,11
Vresse-sur-Semois,2020-07-30,0,11
Vresse-sur-Semois,2020-07-31,0,11
